Clusters/NGC_2367/NGC_2367_stars_in_region.tsv
# %ECSV 1.0
# ---
# datatype:
# - name: RA_ICRS_1
#   unit: deg
#   datatype: float64
#   format: '{:15.11f}'
#   description: Right ascension (ICRS) at Ep=2016.0 (ra)
#   meta: !!omap
#   - {ucd: POS_EQ_RA_MAIN}
#   - {width: 15}
#   - {precision: '11'}
# - name: DE_ICRS_1
#   unit: deg
#   datatype: float64
#   format: '{:15.11f}'
#   description: Declination (ICRS) at Ep=2016.0 (dec)
#   meta: !!omap
#   - {ucd: POS_EQ_DEC_MAIN}
#   - {width: 15}
#   - {precision: '11'}
# - name: e_RA_ICRS
#   unit: mas
#   datatype: float64
#   format: '{:7.4f}'
#   description: Standard error of right ascension (ra_error)
#   meta: !!omap
#   - {ucd: ERROR}
#   - {width: 7}
#   - {precision: '4'}
# - name: e_DE_ICRS
#   unit: mas
#   datatype: float64
#   format: '{:7.4f}'
#   description: Standard error of declination (dec_error)
#   meta: !!omap
#   - {ucd: ERROR}
#   - {width: 7}
#   - {precision: '4'}
# - name: _r_1
#   unit: ''
#   datatype: float64
#   format: '{:7.4f}'
#   description: Distance from center (110.02690617000-21.86440606000)[ICRS], at Epoch=J2016.0
#   meta: !!omap
#   - {ucd: POS_ANG_DIST_GENERAL}
#   - {width: 7}
#   - {precision: '4'}
# - name: HIP
#   datatype: int32
#   description: '? HIP cross-id number, van Leeuwen, Cat. I/311 (hip_original_ext_source_id)'
#   meta: !!omap
#   - {ucd: ID_NUMBER}
#   - {width: 6}
#   - values: {'null': -2147483648}
# - name: TYC2
#   datatype: string
#   description: Tycho-2 cross-id name, Hog et al., Cat. I/259 (tyc2_original_ext_source_id)
#   meta: !!omap
#   - {ucd: ID_CROSSID}
#   - {_votable_string_dtype: char}
# - name: Source
#   datatype: int64
#   description: Source identifier, identical to the Gaia-EDR3 source_id (id)
#   meta: !!omap
#   - {ucd: ID_MAIN}
#   - {width: 19}
# - name: rgeo
#   unit: pc
#   datatype: float64
#   format: '{:15.8f}'
#   description: '? Median of the geometric distance posterior (r_med_geo)'
#   meta: !!omap
#   - {ucd: PHYS_DISTANCE_TRUE}
#   - {width: 15}
#   - {precision: '8'}
#   - values: {'null': .nan}
# - name: Plx
#   unit: mas
#   datatype: float64
#   format: '{:9.4f}'
#   description: '? Parallax (parallax)'
#   meta: !!omap
#   - {ucd: POS_PARLX_TRIG}
#   - {width: 9}
#   - {precision: '4'}
#   - values: {'null': .nan}
# - name: e_Plx
#   unit: mas
#   datatype: float32
#   format: '{:7.4f}'
#   description: '? Standard error of parallax (parallax_error)'
#   meta: !!omap
#   - {ucd: ERROR}
#   - {width: 7}
#   - {precision: '4'}
#   - values: {'null': .nan}
# - name: pmRA
#   unit: mas / yr
#   datatype: float64
#   format: '{:9.3f}'
#   description: '? Proper motion in right ascension direction, pmRA*cosDE (pmra)'
#   meta: !!omap
#   - {ucd: POS_EQ_PMRA}
#   - {width: 9}
#   - {precision: '3'}
#   - values: {'null': .nan}
# - name: pmDE
#   unit: mas / yr
#   datatype: float64
#   format: '{:9.3f}'
#   description: '? Proper motion in declination direction (pmdec)'
#   meta: !!omap
#   - {ucd: POS_EQ_PMDEC}
#   - {width: 9}
#   - {precision: '3'}
#   - values: {'null': .nan}
# - name: e_pmRA
#   unit: mas / yr
#   datatype: float32
#   format: '{:6.3f}'
#   description: '? Standard error of proper motion in right ascension direction (pmra_error)'
#   meta: !!omap
#   - {ucd: ERROR}
#   - {width: 6}
#   - {precision: '3'}
#   - values: {'null': .nan}
# - name: e_pmDE
[...]
#         value: !astropy.table.SerializedColumn {name: SkyCoord.dec}
#       distance: !astropy.table.SerializedColumn
#         __class__: astropy.coordinates.distances.Distance
#         unit: !astropy.units.Unit {unit: pc}
#         value: !astropy.table.SerializedColumn {name: SkyCoord.distance}
#       frame: icrs
#       obstime: !astropy.time.Time {format: jyear_str, in_subfmt: '*', jd1: 367701545.0, jd2: 0.0, out_subfmt: '*', precision: 3, scale: tt}
#       pm_dec: !astropy.table.SerializedColumn
#         __class__: astropy.units.quantity.Quantity
#         unit: !astropy.units.Unit {unit: mas / yr}
#         value: !astropy.table.SerializedColumn {name: SkyCoord.pm_dec}
#       pm_ra_cosdec: !astropy.table.SerializedColumn
#         __class__: astropy.units.quantity.Quantity
#         unit: !astropy.units.Unit {unit: mas / yr}
#         value: !astropy.table.SerializedColumn {name: SkyCoord.pm_ra_cosdec}
#       ra: !astropy.table.SerializedColumn
#         __class__: astropy.coordinates.angles.Longitude
#         unit: *id001
#         value: !astropy.table.SerializedColumn {name: SkyCoord.ra}
#         wrap_angle: !astropy.coordinates.Angle
#           unit: *id001
#           value: 360.0
#       representation_type: spherical
# schema: astropy-2.0
RA_ICRS_1 DE_ICRS_1 e_RA_ICRS e_DE_ICRS _r_1 HIP TYC2 Source rgeo Plx e_Plx pmRA pmDE e_pmRA e_pmDE RUWE Teff logg Gmag BP-RP BPmag RPmag RV e_RV b_rgeo B_rgeo FG e_FG FBP e_FBP FRP e_FRP RAVE5 RAVE6 e_Gmag e_BPmag e_RPmag e_BP-RP SkyCoord.ra SkyCoord.dec SkyCoord.distance SkyCoord.pm_ra_cosdec SkyCoord.pm_dec rmRA rmDE e_rmRA e_rmDE rRV e_rRV v_pec v_pec3d e_vpec e_vpec3d
[from data line 793]
110.1936105519 -22.05131367974 0.0324 0.0409 14.5541 "" "" 5619729106395829888 1899.64758 0.5132 0.0581 -4.423 1.969 0.05 0.053 1.007 5423.6 4.7215 16.836294 1.261208 17.388266 16.127058 "" "" 1731.53528 2132.81787 3470.79692 1.7323 1513.9 7.6823 2807.6 7.6169 "" "" 0.0028081032271496864 0.0061757998 0.004791662 0.010967461 110.1936105519 -22.05131367974 1899.64758 -4.4229999999999965 1.9689999999999999 -2.714000008583069 -0.5293332157135009 0.13598062 0.13898061 "" "" 24.898216254429176 "" 3.3884412113071765 ""
110.04559610549 -21.82982862796 0.0315 0.0439 2.3211 "" "" 5619751367201438848 1993.25085 0.4823 0.0628 -1.305 0.842 0.051 0.06 0.999 5405.5 4.7198 16.83689 1.09502 17.299192 16.204172 "" "" 1799.7926 2219.82031 3468.89403 1.8615 1643.4 8.0897 2615.1 6.6689 "" "" 0.002816247956617636 0.00602906 0.0046850755 0.010714136 110.04559610549 -21.82982862796 1993.25085 -1.3050000000000013 0.8419999999999994 0.4039999914169312 -1.656333215713501 0.13698062 0.14598061 "" "" 16.107832191170854 "" 2.3435284040591124 ""
110.32234245011 -21.68302330274 0.0329 0.0423 19.7337 "" "" 5619774942288090624 1516.52954 0.6433 0.0579 -3.843 2.825 0.05 0.058 1.056 5091.1 4.6785 16.841448 1.210876 17.36131 16.150433 "" "" 1394.84595 1641.17102 3454.35869 8.7813 1552.0 15.397 2747.8 13.823 "" "" 0.003899951411139555 0.011126826 0.00664197 0.017768797 110.32234245011 -21.68302330274 1516.52954 -3.8430000000000017 2.825000000000002 -2.134000008583069 0.3266667842864992 0.13598062 0.14398062 "" "" 15.518625881816432 "" 2.1131565048018817 ""
110.10882984536 -21.77615468961 0.0337 0.0434 6.9901 "" "" 5619752058701006720 2051.2168 0.4781 0.0647 -2.254 2.798 0.054 0.058 0.975 5515.2 4.743 16.841679 1.263615 17.396955 16.13334 "" "" 1806.85706 2312.26392 3453.62555 2.0088 1501.9 6.4259 2791.4 5.9154 "" "" 0.002826765726935065 0.005418875 0.004424657 0.009843532 110.10882984536 -21.77615468961 2051.2168 -2.254 2.798 -0.5450000085830689 0.29966678428649907 0.13998061 0.14398062 "" "" 6.047101814081821 "" 0.8521534919066276 ""
110.05684204759 -21.99616568897 0.0327 0.0418 8.0793 "" "" 5619744808796341504 1904.23364 0.5152 0.0611 -3.219 5.492 0.052 0.056 1.048 5128.3 4.6693 16.844599 1.311357 17.426256 16.114899 "" "" 1709.48145 2151.63452 3444.34846 1.9121 1461.9 7.8368 2839.2 9.5192 "" "" 0.0028204753495177327 0.0064545292 0.00524738 0.01170191 110.05684204759 -21.99616568897 1904.23364 -3.2190000000000003 5.492000000000004 -1.5100000085830687 2.993666784286499 0.13798061 0.14198062 "" "" 30.263774038257328 "" 4.272594520320536 ""
110.02363983705 -21.70771652782 0.0327 0.045 9.4031 "" "" 2929603274277440384 1800.73401 0.5348 0.06 -9.728 -0.565 0.053 0.061 0.963 5311.9 4.6444 16.846 1.350641 17.444866 16.094225 "" "" 1671.85986 2040.55017 3439.90575 2.9796 1437.0 11.8 2893.8 9.4416 "" "" 0.002911397547917794 0.00934198 0.005180014 0.014521994 110.02363983705 -21.70771652782 1800.73401 -9.728000000000007 -0.5650000000000013 -8.019000008583069 -3.063333215713501 0.13898061 0.14698061 "" "" 73.2702018913939 "" 10.259644570625444 ""
110.139866159 -22.21016991596 0.041 0.0513 21.6762 "" "" 5619720924475550592 1765.82153 0.5864 0.0805 -2.871 2.377 0.066 0.07 1.312 5527.2 4.7479 16.848793 1.247076 17.361881 16.114805 "" "" 1487.75977 2122.51196 3431.06749 2.3719 1551.2 5.8545 2839.5 8.0219 "" "" 0.00285572151387094 0.004957486 0.004867464 0.00982495 110.139866159 -22.21016991596 1765.82153 -2.8709999999999987 2.376999999999999 -1.1620000085830688 -0.1213332157135012 0.15198061 0.15598062 "" "" 9.778810484443818 "" 1.4866169358187225 ""
109.91743415932 -21.8408111257 0.0319 0.0459 6.2586 "" "" 5619750615592162560 1933.88281 0.5078 0.0697 -0.875 0.534 0.052 0.064 0.995 5505.5 4.7312 16.849272 1.181459 17.356688 16.175228 "" "" 1683.92212 2272.87036 3429.55421 2.0427 1558.6 7.3323 2685.8 7.1289 "" "" 0.002830192198932003 0.0058201533 0.0047527733 0.010572927 109.91743415932 -21.8408111257 1933.88281 -0.875 0.534 0.8339999914169312 -1.964333215713501 0.13798061 0.14998062 "" "" 19.561974259912677 "" 2.8992946363660197 ""
110.20120104443 -22.0686983626 0.0324 0.0408 15.6303 "" "" 5619729033374462720 1569.66858 0.6093 0.0581 0.364 3.016 0.049 0.052 1.013 5090.6 4.6508 16.852766 1.396675 17.492813 16.096138 "" "" 1423.26562 1748.63794 3418.53883 1.8151 1375.0 6.7968 2888.7 7.5141 "" "" 0.0028149811260608074 0.0060488847 0.0047180457 0.010766931 110.20120104443 -22.0686983626 1569.66858 0.36399999999999955 3.016 2.072999991416931 0.517666784286499 0.13498062 0.13798061 "" "" 15.89722575474198 "" 2.1486460613141367 ""
109.81104320176 -21.99286195013 0.0327 0.0411 14.2743 "" "" 5619741338462936448 1659.13208 0.5863 0.0573 -4.173 7.816 0.052 0.057 0.993 4663.4 4.5376 16.853376 1.29351 17.42205 16.12854 "" "" 1521.87781 1832.36194 3416.61805 1.8295 1467.6 8.1677 2803.8 9.0552 "" "" 0.0028159887058318137 0.0066555846 0.0051555163 0.011811101 109.81104320176 -21.99286195013 1659.13208 -4.173 7.816 -2.464000008583069 5.317666784286499 0.13798061 0.14298062 "" "" 46.09094026169835 "" 6.549967348392813 ""
109.92179394866 -21.57646761499 0.0316 0.0441 18.2428 "" "" 2929631487926273536 2042.34912 0.4785 0.0587 -0.04 -5.617 0.05 0.055 0.973 5520.0 4.6845 16.85433 1.323685 17.436268 16.112583 "" "" 1790.79077 2313.76465 3413.61558 1.632 1448.5 8.5188 2845.3 8.0784 "" "" 0.0028037881379119572 0.0069683325 0.0048771244 0.011845456 109.92179394866 -21.57646761499 2042.34912 -0.0399999999999997 -5.617 1.6689999914169311 -8.115333215713502 0.13598062 0.14098062 "" "" 80.20662272586789 "" 11.291582574114846 ""
110.06986843771 -21.85121603303 0.0329 0.0442 2.5199 "" "" 5619748450928534912 1564.1438 0.6133 0.0633 -1.306 0.677 0.052 0.059 1.019 5094.0 4.6868 16.854523 1.239224 17.39654 16.157316 "" "" 1426.48792 1725.44836 3413.01353 1.9299 1502.5 8.8155 2730.4 8.9226 "" "" 0.0028228891815329036 0.0069545084 0.005183857 0.012138365 110.06986843771 -21.85121603303 1564.1438 -1.306 0.677 0.4029999914169311 -1.821333215713501 0.13798061 0.14498061 "" "" 13.830046935893819 "" 2.0006743540489973 ""
110.08583763631 -21.71203718581 0.0332 0.0443 9.7138 "" "" 5619776660275140480 1966.50366 0.4923 0.0597 -1.156 0.647 0.054 0.06 1.01 5298.8 4.6764 16.861076 1.283424 17.421719 16.138294 "" "" 1748.47729 2243.12231 3392.46896 1.7776 1468.0 7.1488 2778.7 7.6297 "" "" 0.002813440303740157 0.0059783156 0.0048136516 0.010791967 110.08583763631 -21.71203718581 1966.50366 -1.156 0.647 0.5529999914169312 -1.851333215713501 0.13998061 0.14598061 "" "" 18.01010601169397 "" 2.6204420629402896 ""
110.00792417692 -21.93377108586 0.0317 0.0438 4.294 "" "" 5619746011387192704 2040.26233 0.486 0.0616 -1.622 2.649 0.048 0.058 1.004 "" "" 16.864456 1.577822 17.58725 16.009428 "" "" 1847.87878 2345.34106 3381.92695 3.7542 1260.4 7.3465 3128.9 10.042 "" "" 0.0030073941111583213 0.006916224 0.005140638 0.012056862 110.00792417692 -21.93377108586 2040.26233 -1.6219999999999994 2.649 0.08699999141693104 0.15066678428649904 0.13398062 0.14398062 "" "" 1.6825455155278992 "" 0.2381581606545556 ""
109.96170454423 -22.01263132775 0.0326 0.0437 9.6054 "" "" 5619739757914876672 1975.63403 0.516 0.0626 -0.733 0.997 0.053 0.059 1.017 5229.8 4.74 16.866362 1.163134 17.36562 16.202486 "" "" 1754.91345 2223.40552 3375.99795 1.9222 1545.9 7.1952 2619.2 6.7103 "" "" 0.0028238176347433674 0.005772534 0.0046926676 0.010465201 109.96170454423 -22.01263132775 1975.63403 -0.733 0.997 0.9759999914169312 -1.501333215713501 0.13898061 0.14498061 "" "" 16.768943601604704 "" 2.401722557294923 ""
109.92412265716 -21.7790430156 0.0331 0.0433 7.6818 "" "" 2929601113916238208 1967.1145 0.4916 0.058 0.276 4.953 0.055 0.057 0.988 4949.9 4.6301 16.867891 1.20627 17.390661 16.184391 "" "" 1782.5282 2233.2373 3371.24145 1.8573 1510.6 6.0397 2663.2 6.8166 "" "" 0.0028195005609006137 0.0051603653 0.004691115 0.00985148 109.92412265716 -21.7790430156 1967.1145 0.2759999999999987 4.953000000000005 1.9849999914169312 2.4546667842864993 0.14098062 0.14298062 "" "" 29.434726977251604 "" 4.185418520356498 ""
110.32220732281 -21.66108690499 0.0313 0.0402 20.484 "" "" 5619775114086772992 1494.23315 0.6466 0.0555 -3.602 3.312 0.052 0.055 0.977 5235.4 4.7007 16.868315 1.175608 17.380095 16.204487 "" "" 1385.8241 1621.33887 3369.93171 1.7683 1525.4 7.4883 2614.3 5.2908 "" "" 0.002813603889470899 0.006016103 0.004371713 0.010387816 110.32220732281 -21.66108690499 1494.23315 -3.6020000000000016 3.3120000000000003 -1.8930000085830687 0.8136667842864989 0.13798061 0.14098062 "" "" 14.593560668055673 "" 2.0205181143653026 ""
109.68554675821 -21.98892368397 0.0326 0.0397 20.4161 "" "" 2929591660685336576 1710.94495 0.5721 0.0539 -2.857 5.448 0.05 0.053 0.962 4991.4 4.7255 16.870668 1.191885 17.390862 16.198977 "" "" 1539.64441 1838.47595 3362.63274 1.8118 1510.3 10.22 2627.7 7.4505 "" "" 0.002816738045555029 0.007859004 0.004874491 0.012733495 109.68554675821 -21.98892368397 1710.94495 -2.857 5.448000000000001 -1.148000008583069 2.9496667842864994 0.13598062 0.13898061 "" "" 25.669321462995896 "" 3.5575030282802036 ""
109.81678078351 -21.6583051006 0.034 0.0455 17.03 "" "" 2929608050281226752 1499.83057 0.6418 0.0593 1.204 0.981 0.054 0.061 1.066 5180.9 4.7022 16.879745 1.16547 17.365694 16.200224 "" "" 1374.18811 1643.45044 3334.63918 1.7547 1545.8 7.2342 2624.6 7.2811 "" "" 0.0028139286156215883 0.0057968157 0.004832805 0.01062962 109.81678078351 -21.6583051006 1499.83057 1.204000000000001 0.9810000000000008 2.912999991416931 -1.517333215713501 0.13998061 0.14698061 "" "" 23.35008015522988 "" 3.3041202050864578 ""
110.21837651375 -21.76562029069 0.0344 0.0421 12.2018 "" "" 5619772743264934912 1482.71631 0.6539 0.0604 0.904 -5.698 0.058 0.057 1.04 4819.9 4.6752 16.881268 1.244636 17.436771 16.192135 "" "" 1368.5426 1632.40381 3329.96653 1.7297 1447.8 6.0452 2644.3 7.1686 "" "" 0.0028124456244985494 0.0053232494 0.0047903312 0.01011358 110.21837651375 -21.76562029069 1482.71631 0.9039999999999997 -5.698 2.612999991416931 -8.196333215713501 0.14398062 0.14298062 "" "" 60.460913577105195 "" 8.650334611105999 ""
109.8684622671 -22.16472445337 0.0549 0.0697 20.059 "" "" 5619735909626253440 1852.26331 0.556 0.1019 -2.571 3.285 0.093 0.098 1.397 "" "" 16.881702 1.414097 16.950146 15.536049 "" "" 1593.22595 2192.21924 3328.63058 4.1478 2266.5 27.358 4838.8 54.986 "" "" 0.003069563331022165 0.013399203 0.012903711 0.026302915 109.8684622671 -22.16472445337 1852.26331 -2.5710000000000033 3.2850000000000024 -0.862000008583069 0.7866667842864992 0.17898062 0.18398061 "" "" 10.245941342293406 "" 1.8572789425164742 ""
110.31716988684 -21.97740841749 0.0344 0.0454 17.5216 "" "" 5619731133620310144 1994.17505 0.4863 0.0613 -1.063 1.537 0.053 0.059 1.068 5418.1 4.6024 16.882788 1.426367 17.52136 16.094994 "" "" 1775.55115 2265.09082 3325.30727 2.0168 1339.3 7.7389 2891.8 8.1382 "" "" 0.0028329155897244174 0.0068662004 0.0048600305 0.01172623 110.31716988684 -21.97740841749 1994.17505 -1.0629999999999988 1.537 0.6459999914169312 -0.961333215713501 0.13898061 0.14498061 "" "" 10.947963049780784 "" 1.567102833950307 ""
109.93235203249 -21.79677376471 0.035 0.0464 6.6484 "" "" 2929601045197089152 1648.17151 0.58 0.065 -1.956 1.443 0.056 0.061 1.063 5056.1 4.6844 16.884087 1.364359 17.479979 16.11562 "" "" 1500.04541 1813.63916 3321.33254 1.9016 1391.3 8.4031 2837.3 9.9518 "" "" 0.0028245728493083806 0.007126485 0.0053652753 0.012491761 109.93235203249 -21.79677376471 1648.17151 -1.9559999999999977 1.4430000000000007 -0.2470000085830688 -1.055333215713501 0.14198062 0.14698061 "" "" 8.46742006172996 "" 1.2423833734377612 ""
109.80044124466 -21.93013029831 0.0317 0.0411 13.2099 "" "" 5619743949803033600 1701.75439 0.5824 0.0569 -1.602 4.065 0.049 0.057 1.011 4975.2 4.5633 16.892391 1.259254 17.457676 16.198421 "" "" 1548.88037 1900.95374 3296.02158 1.7008 1420.2 8.5933 2629.0 7.5647 "" "" 0.002811703679797471 0.007137497 0.0049034427 0.012040939 109.80044124466 -21.93013029831 1701.75439 -1.6019999999999999 4.064999999999996 0.10699999141693106 1.5666667842864994 0.13498062 0.14298062 "" "" 12.666668554128933 "" 1.8106307462243456 ""
109.78716196203 -22.15622791151 0.0325 0.0431 22.0098 "" "" 5618235621707051904 2049.7749 0.4794 0.0586 -2.191 -1.26 0.053 0.059 0.991 5244.6 4.7121 16.895336 1.17627 17.398111 16.221842 "" "" 1846.53699 2303.77637 3287.09369 1.836 1500.3 10.102 2572.9 8.7021 "" "" 0.0028212681326096633 0.007824964 0.005269604 0.013094568 109.78716196203 -22.15622791151 2049.7749 -2.191 -1.26 -0.4820000085830687 -3.7583332157135008 0.13898061 0.14498061 "" "" 36.814787677282105 "" 5.33392885837114 ""
110.07521746383 -21.98508624696 0.0318 0.0408 7.724 "" "" 5619744843156062080 1802.11121 0.5319 0.06 -2.442 0.372 0.049 0.054 1.004 5398.5 4.6394 16.896486 1.182041 17.402903 16.220861 "" "" 1639.86108 1997.73828 3283.61348 1.7124 1493.7 7.1382 2575.2 7.1692 "" "" 0.0028128958538143145 0.005891226 0.0048394194 0.010730646 110.07521746383 -21.98508624696 1802.11121 -2.442 0.3719999999999999 -0.733000008583069 -2.126333215713501 0.13498062 0.13998061 "" "" 19.212077292265914 "" 2.6792789725545174 ""
110.33833097088 -21.94665662325 0.033 0.0441 18.0251 "" "" 5619754871898307072 1530.5448 0.6329 0.0576 -0.293 -0.031 0.05 0.058 0.973 5082.5 4.6911 16.89783 1.413311 17.542336 16.129025 "" "" 1418.1958 1677.51453 3279.55434 1.7151 1313.7 8.1062 2802.5 8.3397 "" "" 0.0028132172867679646 0.0072573395 0.004972194 0.012229534 110.33833097088 -21.94665662325 1530.5448 -0.293 -0.03099999999999991 1.4159999914169312 -2.529333215713501 0.13598062 0.14398062 "" "" 21.029588772826536 "" 2.9885684389582305 ""
109.81128447721 -21.7959134865 0.0343 0.0423 12.6932 "" "" 2929601526233196928 1945.05212 0.4915 0.0588 -2.192 5.384 0.052 0.053 1.021 5018.6 4.6375 16.898531 1.121086 17.371822 16.250736 "" "" 1768.33447 2197.10181 3277.43925 1.8387 1537.1 8.0795 2505.3 6.6223 "" "" 0.0028218456046563206 0.0063525364 0.004745556 0.011098092 109.81128447721 -21.7959134865 1945.05212 -2.192 5.384 -0.483000008583069 2.8856667842864994 0.13798061 0.13898061 "" "" 26.974639235889367 "" 3.7482193261389205 ""
109.92034875456 -21.97311424022 0.0543 0.0803 8.8161 "" "" 5619740101506400000 1528.95911 0.6754 0.0908 -4.649 3.942 0.076 0.116 1.102 "" "" 16.900705 "" "" "" "" "" 1354.27563 1736.15942 3270.88237 2.3315 "" "" "" "" "" "" 0.0028619465624632016 "" "" "" 109.92034875456 -21.97311424022 1528.95911 -4.649 3.942 -2.940000008583069 1.4436667842864992 0.16198061 0.20198062 "" "" 23.737174209096167 "" 4.046900057784976 ""
110.1160242964 -21.82124978598 0.0336 0.0435 5.5981 "" "" 5619748824580824448 2059.31885 0.4718 0.0621 -0.547 0.066 0.054 0.057 0.986 5506.9 4.6481 16.904032 1.300879 17.481878 16.181 "" "" 1821.49951 2458.27002 3260.87564 1.8217 1388.9 6.9598 2671.5 8.5062 "" "" 0.0028212927559764533 0.006114378 0.0051219985 0.011236377 110.1160242964 -21.82124978598 2059.31885 -0.547 0.06599999999999984 1.161999991416931 -2.432333215713501 0.13998061 0.14298062 "" "" 26.312628998108753 "" 3.7476536863554406 ""
110.34924521922 -21.76350006625 0.034 0.0459 18.9487 "" "" 5619761610709620096 1713.11072 0.5546 0.0599 -1.534 3.218 0.052 0.066 1.01 5003.0 4.5747 16.90412 1.344391 17.49065 16.14626 "" "" 1549.67896 1894.59436 3260.61108 1.9654 1377.7 7.0279 2758.4 5.7077 "" "" 0.002831977011218718 0.0062016505 0.0043967026 0.010598353 110.34924521922 -21.76350006625 1713.11072 -1.534 3.218 0.17499999141693112 0.719666784286499 0.13798061 0.15198061 "" "" 6.014091269390264 "" 0.9095300150373504 ""
