Clusters/NGC_2367/NGC_2367_stars_in_region.tsv
# %ECSV 1.0
# ---
# datatype:
# - name: RA_ICRS_1
#   unit: deg
#   datatype: float64
#   format: '{:15.11f}'
#   description: Right ascension (ICRS) at Ep=2016.0 (ra)
#   meta: !!omap
#   - {ucd: POS_EQ_RA_MAIN}
#   - {width: 15}
#   - {precision: '11'}
# - name: DE_ICRS_1
#   unit: deg
#   datatype: float64
#   format: '{:15.11f}'
#   description: Declination (ICRS) at Ep=2016.0 (dec)
#   meta: !!omap
#   - {ucd: POS_EQ_DEC_MAIN}
#   - {width: 15}
#   - {precision: '11'}
# - name: e_RA_ICRS
#   unit: mas
#   datatype: float64
#   format: '{:7.4f}'
#   description: Standard error of right ascension (ra_error)
#   meta: !!omap
#   - {ucd: ERROR}
#   - {width: 7}
#   - {precision: '4'}
# - name: e_DE_ICRS
#   unit: mas
#   datatype: float64
#   format: '{:7.4f}'
#   description: Standard error of declination (dec_error)
#   meta: !!omap
#   - {ucd: ERROR}
#   - {width: 7}
#   - {precision: '4'}
# - name: _r_1
#   unit: ''
#   datatype: float64
#   format: '{:7.4f}'
#   description: Distance from center (110.02690617000-21.86440606000)[ICRS], at Epoch=J2016.0
#   meta: !!omap
#   - {ucd: POS_ANG_DIST_GENERAL}
#   - {width: 7}
#   - {precision: '4'}
# - name: HIP
#   datatype: int32
#   description: '? HIP cross-id number, van Leeuwen, Cat. I/311 (hip_original_ext_source_id)'
#   meta: !!omap
#   - {ucd: ID_NUMBER}
#   - {width: 6}
#   - values: {'null': -2147483648}
# - name: TYC2
#   datatype: string
#   description: Tycho-2 cross-id name, Hog et al., Cat. I/259 (tyc2_original_ext_source_id)
#   meta: !!omap
#   - {ucd: ID_CROSSID}
#   - {_votable_string_dtype: char}
# - name: Source
#   datatype: int64
#   description: Source identifier, identical to the Gaia-EDR3 source_id (id)
#   meta: !!omap
#   - {ucd: ID_MAIN}
#   - {width: 19}
# - name: rgeo
#   unit: pc
#   datatype: float64
#   format: '{:15.8f}'
#   description: '? Median of the geometric distance posterior (r_med_geo)'
#   meta: !!omap
#   - {ucd: PHYS_DISTANCE_TRUE}
#   - {width: 15}
#   - {precision: '8'}
#   - values: {'null': .nan}
# - name: Plx
#   unit: mas
#   datatype: float64
#   format: '{:9.4f}'
#   description: '? Parallax (parallax)'
#   meta: !!omap
#   - {ucd: POS_PARLX_TRIG}
#   - {width: 9}
#   - {precision: '4'}
#   - values: {'null': .nan}
# - name: e_Plx
#   unit: mas
#   datatype: float32
#   format: '{:7.4f}'
#   description: '? Standard error of parallax (parallax_error)'
#   meta: !!omap
#   - {ucd: ERROR}
#   - {width: 7}
#   - {precision: '4'}
#   - values: {'null': .nan}
# - name: pmRA
#   unit: mas / yr
#   datatype: float64
#   format: '{:9.3f}'
#   description: '? Proper motion in right ascension direction, pmRA*cosDE (pmra)'
#   meta: !!omap
#   - {ucd: POS_EQ_PMRA}
#   - {width: 9}
#   - {precision: '3'}
#   - values: {'null': .nan}
# - name: pmDE
#   unit: mas / yr
#   datatype: float64
#   format: '{:9.3f}'
#   description: '? Proper motion in declination direction (pmdec)'
#   meta: !!omap
#   - {ucd: POS_EQ_PMDEC}
#   - {width: 9}
#   - {precision: '3'}
#   - values: {'null': .nan}
# - name: e_pmRA
#   unit: mas / yr
#   datatype: float32
#   format: '{:6.3f}'
#   description: '? Standard error of proper motion in right ascension direction (pmra_error)'
#   meta: !!omap
#   - {ucd: ERROR}
#   - {width: 6}
#   - {precision: '3'}
#   - values: {'null': .nan}
# - name: e_pmDE
[...]
#         value: !astropy.table.SerializedColumn {name: SkyCoord.dec}
#       distance: !astropy.table.SerializedColumn
#         __class__: astropy.coordinates.distances.Distance
#         unit: !astropy.units.Unit {unit: pc}
#         value: !astropy.table.SerializedColumn {name: SkyCoord.distance}
#       frame: icrs
#       obstime: !astropy.time.Time {format: jyear_str, in_subfmt: '*', jd1: 367701545.0, jd2: 0.0, out_subfmt: '*', precision: 3, scale: tt}
#       pm_dec: !astropy.table.SerializedColumn
#         __class__: astropy.units.quantity.Quantity
#         unit: !astropy.units.Unit {unit: mas / yr}
#         value: !astropy.table.SerializedColumn {name: SkyCoord.pm_dec}
#       pm_ra_cosdec: !astropy.table.SerializedColumn
#         __class__: astropy.units.quantity.Quantity
#         unit: !astropy.units.Unit {unit: mas / yr}
#         value: !astropy.table.SerializedColumn {name: SkyCoord.pm_ra_cosdec}
#       ra: !astropy.table.SerializedColumn
#         __class__: astropy.coordinates.angles.Longitude
#         unit: *id001
#         value: !astropy.table.SerializedColumn {name: SkyCoord.ra}
#         wrap_angle: !astropy.coordinates.Angle
#           unit: *id001
#           value: 360.0
#       representation_type: spherical
# schema: astropy-2.0
RA_ICRS_1 DE_ICRS_1 e_RA_ICRS e_DE_ICRS _r_1 HIP TYC2 Source rgeo Plx e_Plx pmRA pmDE e_pmRA e_pmDE RUWE Teff logg Gmag BP-RP BPmag RPmag RV e_RV b_rgeo B_rgeo FG e_FG FBP e_FBP FRP e_FRP RAVE5 RAVE6 e_Gmag e_BPmag e_RPmag e_BP-RP SkyCoord.ra SkyCoord.dec SkyCoord.distance SkyCoord.pm_ra_cosdec SkyCoord.pm_dec rmRA rmDE e_rmRA e_rmDE rRV e_rRV v_pec v_pec3d e_vpec e_vpec3d
[from data line 602]
110.17036942747 -22.1042536847 0.0265 0.0338 16.4562 "" "" 5619728590999791360 1646.23877 0.5897 0.0483 1.157 -0.845 0.042 0.043 1.075 5065.5 4.4704 16.36371 1.18165 16.87249 15.69084 "" "" 1544.74255 1757.42297 5363.6801 2.1131 2434.6 8.2267 4195.9 10.201 "" "" 0.0027883242776336275 0.0046092337 0.0046099173 0.009219151 110.17036942747 -22.1042536847 1646.23877 1.157000000000001 -0.8449999999999996 2.865999991416931 -3.3433332157135007 0.12798062 0.12898062 "" "" 34.36217122928556 "" 4.417531745798382 ""
109.84442372026 -21.65174356997 0.0254 0.0366 16.3162 "" "" 2929607333028888576 1957.9613 0.4859 0.0455 1.637 2.875 0.039 0.045 0.954 5846.5 4.6592 16.373577 1.198914 16.891485 15.692572 "" "" 1818.08472 2171.17773 5315.15252 2.2869 2392.3 6.3407 4189.2 8.451 "" "" 0.002794640927154275 0.004008269 0.0043681907 0.00837646 109.84442372026 -21.65174356997 1957.9613 1.637 2.875 3.345999991416931 0.376666784286499 0.12498061 0.13098061 "" "" 31.249486978701437 "" 3.9079819612864033 ""
110.05807808544 -21.74670329033 0.0281 0.0362 7.2725 "" "" 5619753055133441152 2036.94617 0.4665 0.0523 -1.2 -4.683 0.046 0.048 0.968 "" "" 16.374659 1.525592 17.077122 15.55153 "" "" 1840.38428 2245.6604 5309.86168 2.5701 2016.4 8.4317 4770.3 9.1239 "" "" 0.0028049889594570616 0.0053289114 0.004312322 0.009641234 110.05807808544 -21.74670329033 2036.94617 -1.2 -4.683 0.5089999914169312 -7.181333215713501 0.13198061 0.13398062 "" "" 69.510614558565 "" 9.31238526864718 ""
110.42304245767 -21.81177001993 0.0253 0.0355 22.2874 "" "" 5619760682996651520 1450.24487 0.6738 0.0449 -0.92 -1.259 0.039 0.047 0.969 5262.8 4.6533 16.376383 1.063621 16.825895 15.762274 "" "" 1358.21619 1565.45166 5301.43615 2.7311 2541.3 9.6365 3928.7 7.7817 "" "" 0.0028115191321452762 0.0049734563 0.004348402 0.009321858 110.42304245767 -21.81177001993 1450.24487 -0.9199999999999995 -1.2590000000000001 0.7889999914169311 -3.757333215713501 0.12498061 0.13298061 "" "" 26.39183028176705 "" 3.500942452853127 ""
109.90503874067 -21.95849919583 0.0245 0.034 8.8257 "" "" 5619743125169253888 1558.31543 0.6149 0.0481 -0.426 5.51 0.037 0.045 1.016 5247.4 4.6799 16.377068 1.033088 16.811243 15.778155 "" "" 1455.03918 1670.56262 5298.09208 2.0862 2575.8 8.1344 3871.6 7.4364 "" "" 0.0027882909431026378 0.0044205743 0.0043165684 0.008737143 109.90503874067 -21.95849919583 1558.31543 -0.42600000000000043 5.5100000000000025 1.2829999914169312 3.011666784286499 0.12298062 0.13098061 "" "" 24.17990780232782 "" 3.138160673859885 ""
109.75837006423 -22.1468534855 0.0246 0.0344 22.5909 "" "" 5618235900890931712 1769.82361 0.5413 0.0465 1.017 -3.864 0.042 0.051 0.966 5470.1 4.3303 16.379726 1.071117 16.82606 15.754942 "" "" 1612.25867 1940.37573 5285.13535 2.1669 2540.9 10.742 3955.3 8.9877 "" "" 0.0027910479285538884 0.0053715953 0.0045133685 0.009884964 109.75837006423 -22.1468534855 1769.82361 1.017 -3.864 2.725999991416931 -6.362333215713501 0.12798062 0.13698062 "" "" 58.06615148137726 "" 7.875153721039498 ""
110.01143449049 -21.88001935431 0.0257 0.0345 1.2727 "" "" 5619749653519435520 1836.18384 0.5131 0.0514 1.331 -3.186 0.039 0.046 1.006 5426.6 4.6103 16.382679 1.202533 16.887482 15.684949 "" "" 1673.9342 2048.60864 5270.77864 2.2796 2401.2 14.566 4218.7 17.34 "" "" 0.0027950479988665578 0.0071528563 0.0058480036 0.01300086 110.01143449049 -21.88001935431 1836.18384 1.331 -3.1859999999999986 3.039999991416931 -5.684333215713501 0.12498061 0.13198061 "" "" 56.10440616475013 "" 7.319171502065046 ""
109.98616223496 -22.21062508633 0.025 0.033 20.8964 "" "" 5619723299600258944 1963.93982 0.4911 0.0487 -3.91 3.75 0.04 0.042 0.985 5874.7 4.6008 16.385262 0.98239 16.79023 15.807839 "" "" 1807.24133 2153.93042 5258.26538 2.1629 2626.2 8.9359 3767.2 7.3121 "" "" 0.002791279366775647 0.004629586 0.004327225 0.00895681 109.98616223496 -22.21062508633 1963.93982 -3.9099999999999997 3.7499999999999982 -2.201000008583069 1.251666784286499 0.12598062 0.12798062 "" "" 23.570663247584754 "" 2.9810354177492036 ""
110.05884633334 -22.16341725618 0.0273 0.0341 18.0284 "" "" 5619724914507894912 1996.52856 0.4831 0.0497 -1.308 1.419 0.047 0.045 1.037 5593.5 4.5749 16.38595 1.289329 16.941008 15.651679 "" "" 1823.37378 2200.69189 5254.92613 2.3263 2285.7 12.006 4350.0 11.422 "" "" 0.0027969283028249745 0.006348958 0.004734045 0.011083003 110.05884633334 -22.16341725618 1996.52856 -1.3079999999999998 1.4189999999999996 0.4009999914169311 -1.079333215713501 0.13298061 0.13098061 "" "" 10.896487335733234 "" 1.4298895330709713 ""
110.09487960398 -21.85080925295 0.0279 0.0377 3.8721 "" "" 5619748416568780032 1514.0719 0.6409 0.0543 -1.427 0.614 0.043 0.049 1.061 5137.8 4.6178 16.38704 1.305183 16.967142 15.661959 "" "" 1416.13647 1688.88586 5249.65691 2.5659 2231.3 7.5224 4309.0 7.7829 "" "" 0.002805959943182165 0.004602523 0.00425787 0.0088603925 110.09487960398 -21.85080925295 1514.0719 -1.427 0.6139999999999995 0.2819999914169311 -1.884333215713501 0.12898062 0.13498062 "" "" 13.67389530881913 "" 1.8439527168987857 ""
110.11490728674 -21.58239159396 0.0241 0.0333 17.6175 "" "" 2929629254543116288 1619.46899 0.5895 0.0412 0.316 -2.508 0.037 0.043 1.029 5103.1 4.5422 16.3913 1.14754 16.879824 15.732284 "" "" 1520.37402 1724.38879 5229.10082 2.0768 2418.2 8.6532 4038.7 8.2024 "" "" 0.0027888589404485085 0.004783253 0.0043756245 0.009158878 110.11490728674 -21.58239159396 1619.46899 0.316 -2.508 2.024999991416931 -5.006333215713501 0.12298062 0.12898062 "" "" 41.45476927105855 "" 5.312592840891242 ""
109.65490495998 -21.95657540967 0.0266 0.032 21.4336 "" "" 2929592695785064064 1539.25757 0.6388 0.0443 3.199 2.587 0.04 0.042 1.01 5391.9 4.6435 16.395046 1.024342 16.822598 15.798255 "" "" 1446.69421 1667.78601 5211.08849 2.4757 2549.0 7.4539 3800.6 5.9683 "" "" 0.002803186465521522 0.0042267493 0.004146171 0.00837292 109.65490495998 -21.95657540967 1539.25757 3.199 2.587 4.907999991416931 0.08866678428649921 0.12598062 0.12798062 "" "" 35.81500798179879 "" 4.5120203097275695 ""
109.97446874555 -22.17343934596 0.0248 0.0317 18.77 "" "" 5619723604531996928 1586.30444 0.6103 0.0458 -2.464 5.537 0.041 0.042 1.024 5189.5 4.4526 16.397045 1.052349 16.839314 15.786964 "" "" 1487.40613 1712.5719 5201.50189 2.2652 2510.1 7.4348 3840.4 9.5718 "" "" 0.002795595568740224 0.0042575886 0.0046482924 0.008905881 109.97446874555 -22.17343934596 1586.30444 -2.4640000000000004 5.537 -0.7550000085830688 3.038666784286499 0.12698062 0.12798062 "" "" 23.542681087578497 "" 3.011643063358619 ""
110.0574553081 -21.55565372901 0.0239 0.0323 18.6032 "" "" 2929630319695041792 1572.45447 0.608 0.0418 -2.568 9.439 0.037 0.04 1.011 5703.3 4.6824 16.397861 1.166957 16.896147 15.72919 "" "" 1461.92456 1691.94104 5197.594 1.9601 2382.1 7.1432 4050.3 7.8486 "" "" 0.002785576809929388 0.004287803 0.00432553 0.008613333 110.0574553081 -21.55565372901 1572.45447 -2.568 9.439 -0.8590000085830689 6.940666784286499 0.12298062 0.12598062 "" "" 52.126494781707336 "" 6.56459639498562 ""
109.75192851859 -21.80007184671 0.0269 0.0341 15.7943 "" "" 2929598846173651968 1683.47876 0.5677 0.0475 -1.147 -0.074 0.044 0.044 0.99 5298.5 4.6253 16.399185 1.068147 16.845598 15.777451 "" "" 1586.31519 1824.89807 5191.26251 2.1957 2495.6 10.107 3874.2 9.4872 "" "" 0.002793327012592261 0.0052076867 0.004620906 0.009828593 109.75192851859 -21.80007184671 1683.47876 -1.1469999999999996 -0.07400000000000027 0.5619999914169311 -2.572333215713501 0.12998062 0.12998062 "" "" 21.01060254484893 "" 2.7309712235561094 ""
110.00241670504 -21.79194922037 0.0273 0.0354 4.5564 "" "" 5619752471017946240 1679.56335 0.5748 0.0506 -4.696 7.056 0.044 0.048 0.971 5428.4 4.6505 16.39947 1.107655 16.874949 15.767293 "" "" 1549.84216 1812.09888 5189.90411 2.4314 2429.1 8.1205 3910.6 8.8763 "" "" 0.0028018774094203773 0.004578124 0.004511878 0.009090002 110.00241670504 -21.79194922037 1679.56335 -4.696000000000005 7.056000000000002 -2.9870000085830686 4.557666784286499 0.12998062 0.13398062 "" "" 43.38231335808746 "" 5.760799014359866 ""
110.05884588422 -22.14345031688 0.0273 0.0355 16.8367 "" "" 5619725086306578304 1545.27673 0.6308 0.0487 -2.045 0.243 0.046 0.046 1.041 5445.6 4.6837 16.403584 1.13057 16.889063 15.758492 "" "" 1455.7478 1637.85425 5170.27584 2.286 2397.7 9.8465 3942.4 8.0607 "" "" 0.002796826377593427 0.005259785 0.004383121 0.0096429065 110.05884588422 -22.14345031688 1545.27673 -2.0449999999999995 0.24299999999999977 -0.3360000085830688 -2.255333215713501 0.13198061 0.13198061 "" "" 16.70175929152475 "" 2.204308427369979 ""
109.86481270304 -22.01293884964 0.0381 0.0516 12.681 "" "" 5619742472334271744 1467.14832 0.6791 0.0719 -8.395 4.823 0.065 0.071 1.619 4997.7 4.689 16.403994 1.294879 16.94696 15.652081 "" "" 1329.36621 1627.68835 5168.32025 4.29 2273.2 10.383 4348.4 9.8219 "" "" 0.0028989639579231575 0.005690209 0.0045053265 0.010195536 109.86481270304 -22.01293884964 1467.14832 -8.395 4.8229999999999995 -6.686000008583068 2.3246667842864994 0.15098062 0.15698062 "" "" 49.22663398685296 "" 7.464685020935206 ""
109.76742704767 -21.75420373663 0.0248 0.032 15.895 "" "" 2929604859127834240 1409.13477 0.6701 0.0453 -0.472 9.19 0.039 0.04 0.978 5400.0 4.6282 16.409035 1.101463 16.876467 15.775003 "" "" 1332.82239 1528.18384 5144.38011 2.0776 2425.7 7.0051 3882.9 7.0285 "" "" 0.0027899923143319605 0.004197162 0.0042598317 0.008456994 109.76742704767 -21.75420373663 1409.13477 -0.47200000000000086 9.19 1.2369999914169312 6.6916667842864985 0.12498061 0.12598062 "" "" 45.45289750088552 "" 5.724687876050941 ""
109.68142762481 -21.98702895899 0.0265 0.0316 20.5888 "" "" 2929591866843767040 2054.94189 0.4651 0.0429 -1.001 3.264 0.04 0.042 0.948 5612.7 4.6502 16.409513 1.101429 16.861792 15.760363 "" "" 1889.99731 2230.54175 5142.11266 2.2044 2458.7 10.624 3935.6 9.7485 "" "" 0.0027943573859811415 0.005458454 0.004638584 0.010097038 109.68142762481 -21.98702895899 2054.94189 -1.0010000000000008 3.2640000000000025 0.7079999914169313 0.7656667842864988 0.12598062 0.12798062 "" "" 10.157677945429825 "" 1.2906617036706143 ""
109.7606914473 -21.82759195543 0.026 0.0352 14.9895 "" "" 2929595719437465472 1886.31311 0.5151 0.049 -0.384 -2.662 0.042 0.047 1.005 5381.0 4.5557 16.412481 1.115105 16.887493 15.772388 "" "" 1722.48096 2049.43359 5128.07774 2.1979 2401.2 8.4279 3892.3 6.9066 "" "" 0.002794340346850019 0.0047230492 0.0042420933 0.008965142 109.7606914473 -21.82759195543 1886.31311 -0.38400000000000006 -2.6619999999999995 1.3249999914169313 -5.160333215713501 0.12798062 0.13298061 "" "" 47.63585917420458 "" 6.32017460913472 ""
110.17477478955 -21.90634403553 0.0292 0.0365 8.6087 "" "" 5619735669105810688 1645.95154 0.5872 0.0516 -2.583 -7.876 0.044 0.048 1.12 4776.0 4.5356 16.41554 1.148896 16.90035 15.751454 "" "" 1527.02673 1783.7771 5113.6453 2.4422 2372.9 5.3991 3968.0 6.1909 "" "" 0.0028036875818324867 0.0037266465 0.0041416506 0.007868297 110.17477478955 -21.90634403553 1645.95154 -2.5830000000000006 -7.875999999999994 -0.874000008583069 -10.374333215713502 0.12998062 0.13398062 "" "" 81.22530074404168 "" 10.880360133985489 ""
109.74936447049 -22.11534151298 0.0337 0.0475 21.5665 "" "" 5618239027621080832 1620.16956 0.5996 0.0617 -1.32 -0.512 0.059 0.071 1.036 "" "" 16.422592 1.264288 16.728619 15.464331 "" "" 1467.7207 1857.50171 5080.53832 4.0996 2779.5 76.514 5169.2 240.4 "" "" 0.0028912538637899123 0.030018067 0.050634734 0.0806528 109.74936447049 -22.11534151298 1620.16956 -1.3199999999999996 -0.512 0.3889999914169311 -3.010333215713501 0.14498061 0.15698062 "" "" 23.310383098613705 "" 3.6548570988063607 ""
109.88496078135 -21.57442589155 0.0257 0.0371 19.1133 "" "" 2929608840555501184 1917.50183 0.507 0.0466 -1.526 1.102 0.04 0.047 1.008 5325.3 4.3864 16.423279 1.157023 16.910181 15.753159 "" "" 1753.9939 2106.52124 5077.32604 2.7201 2351.5 7.3102 3961.8 9.4105 "" "" 0.0028160478301260668 0.0043792124 0.0045754514 0.008954664 109.88496078135 -21.57442589155 1917.50183 -1.526 1.102 0.18299999141693113 -1.3963332157135009 0.12598062 0.13298061 "" "" 12.799743500884514 "" 1.7006439849094157 ""
110.25167093792 -21.78314965652 0.0261 0.0329 13.4352 "" "" 5619771918631202688 1705.57068 0.5571 0.0444 -0.285 3.855 0.041 0.043 0.988 5853.6 4.5112 16.424627 1.411658 17.05688 15.645223 "" "" 1570.81226 1833.42346 5071.02309 2.1432 2054.3 10.405 4375.9 7.5547 "" "" 0.0027932691871801747 0.006166577 0.004218684 0.010385261 110.25167093792 -21.78314965652 1705.57068 -0.28499999999999936 3.855 1.4239999914169312 1.356666784286499 0.12698062 0.12898062 "" "" 15.900445819350933 "" 2.0342413051354526 ""
110.00431177275 -21.8487837466 0.0249 0.0346 1.569 "" "" 5619750065836286464 2002.48621 0.4866 0.0505 0.333 4.66 0.041 0.049 0.989 5395.6 4.6075 16.424688 1.208695 16.947319 15.738624 "" "" 1827.47156 2197.43262 5070.73975 2.0248 2272.4 7.9065 4015.2 10.623 "" "" 0.002789220586391946 0.004696363 0.0047471197 0.009443482 110.00431177275 -21.8487837466 2002.48621 0.3329999999999994 4.66 2.0419999914169313 2.161666784286499 0.12698062 0.13498062 "" "" 28.225202175767308 "" 3.7050921534052534 ""
109.78780216069 -21.60223866925 0.0262 0.0331 20.6162 "" "" 2929620183571057408 1749.27576 0.5455 0.0486 -2.01 -1.27 0.043 0.042 1.053 5583.8 4.605 16.42482 1.205012 16.946241 15.741229 "" "" 1616.56873 1883.67639 5070.1289 2.0435 2274.7 9.4778 4005.6 8.7829 "" "" 0.0027898540254449222 0.0053150943 0.004466676 0.00978177 109.78780216069 -21.60223866925 1749.27576 -2.009999999999997 -1.27 -0.30100000858306863 -3.768333215713501 0.12898062 0.12798062 "" "" 31.344905179691633 "" 4.011739879125997 ""
109.99262979199 -21.86868749938 0.0263 0.0365 1.9258 "" "" 5619749722238919936 1579.25854 0.6103 0.0521 1.219 -2.141 0.041 0.047 0.974 5095.4 4.686 16.426271 1.153277 16.92267 15.769393 "" "" 1481.36926 1684.35583 5063.35389 2.8172 2324.6 8.3094 3903.0 8.3955 "" "" 0.0028207654223132506 0.00477989 0.004442758 0.009222648 109.99262979199 -21.86868749938 1579.25854 1.2189999999999988 -2.141 2.9279999914169315 -4.639333215713501 0.12698062 0.13298061 "" "" 41.06674387560127 "" 5.392039336288815 ""
109.68997819953 -21.99053919941 0.0266 0.0326 20.2227 "" "" 2929591664988556416 1464.06885 0.6646 0.0452 1.192 -7.573 0.041 0.043 0.996 5348.7 4.7046 16.428335 1.096607 16.893118 15.796511 "" "" 1367.86462 1554.76538 5053.73434 2.0915 2388.7 9.8509 3806.7 11.458 "" "" 0.0027917182724788397 0.005275731 0.0049963654 0.010272097 109.68997819953 -21.99053919941 1464.06885 1.1920000000000002 -7.572999999999999 2.9009999914169313 -10.071333215713501 0.12698062 0.12898062 "" "" 72.73359216440166 "" 9.370159050235326 ""
109.73307522858 -21.62793019285 0.0264 0.0322 21.6671 "" "" 2929618603023148416 1641.23694 0.5852 0.0452 -2.463 1.008 0.044 0.04 0.985 5266.6 4.6745 16.429396 1.12079 16.909662 15.788873 "" "" 1555.80945 1745.875 5048.80573 2.1981 2352.6 7.5628 3833.6 9.1827 "" "" 0.002795573662482345 0.004468447 0.0045877327 0.00905618 109.73307522858 -21.62793019285 1641.23694 -2.4630000000000027 1.008 -0.7540000085830689 -1.490333215713501 0.12998062 0.12598062 "" "" 12.993354902462855 "" 1.6476359550128628 ""
110.04747139477 -21.89150597503 0.0263 0.0372 1.9887 "" "" 5619746728635836800 1951.16492 0.5049 0.054 -1.884 1.089 0.043 0.053 1.016 5434.8 4.6429 16.431913 1.205387 16.937336 15.731949 "" "" 1761.04614 2163.81006 5037.10957 2.4447 2293.4 15.237 4040.0 19.27 "" "" 0.002805256588860837 0.0077342833 0.0064111734 0.014145456 110.04747139477 -21.89150597503 1951.16492 -1.8839999999999983 1.0889999999999989 -0.17500000858306874 -1.409333215713501 0.12898062 0.13898061 "" "" 13.134350293208374 "" 1.8234963835917886 ""
