Clusters/NGC_2367/NGC_2367_stars_in_region.tsv
# %ECSV 1.0
# ---
# datatype:
# - name: RA_ICRS_1
#   unit: deg
#   datatype: float64
#   format: '{:15.11f}'
#   description: Right ascension (ICRS) at Ep=2016.0 (ra)
#   meta: !!omap
#   - {ucd: POS_EQ_RA_MAIN}
#   - {width: 15}
#   - {precision: '11'}
# - name: DE_ICRS_1
#   unit: deg
#   datatype: float64
#   format: '{:15.11f}'
#   description: Declination (ICRS) at Ep=2016.0 (dec)
#   meta: !!omap
#   - {ucd: POS_EQ_DEC_MAIN}
#   - {width: 15}
#   - {precision: '11'}
# - name: e_RA_ICRS
#   unit: mas
#   datatype: float64
#   format: '{:7.4f}'
#   description: Standard error of right ascension (ra_error)
#   meta: !!omap
#   - {ucd: ERROR}
#   - {width: 7}
#   - {precision: '4'}
# - name: e_DE_ICRS
#   unit: mas
#   datatype: float64
#   format: '{:7.4f}'
#   description: Standard error of declination (dec_error)
#   meta: !!omap
#   - {ucd: ERROR}
#   - {width: 7}
#   - {precision: '4'}
# - name: _r_1
#   unit: ''
#   datatype: float64
#   format: '{:7.4f}'
#   description: Distance from center (110.02690617000-21.86440606000)[ICRS], at Epoch=J2016.0
#   meta: !!omap
#   - {ucd: POS_ANG_DIST_GENERAL}
#   - {width: 7}
#   - {precision: '4'}
# - name: HIP
#   datatype: int32
#   description: '? HIP cross-id number, van Leeuwen, Cat. I/311 (hip_original_ext_source_id)'
#   meta: !!omap
#   - {ucd: ID_NUMBER}
#   - {width: 6}
#   - values: {'null': -2147483648}
# - name: TYC2
#   datatype: string
#   description: Tycho-2 cross-id name, Hog et al., Cat. I/259 (tyc2_original_ext_source_id)
#   meta: !!omap
#   - {ucd: ID_CROSSID}
#   - {_votable_string_dtype: char}
# - name: Source
#   datatype: int64
#   description: Source identifier, identical to the Gaia-EDR3 source_id (id)
#   meta: !!omap
#   - {ucd: ID_MAIN}
#   - {width: 19}
# - name: rgeo
#   unit: pc
#   datatype: float64
#   format: '{:15.8f}'
#   description: '? Median of the geometric distance posterior (r_med_geo)'
#   meta: !!omap
#   - {ucd: PHYS_DISTANCE_TRUE}
#   - {width: 15}
#   - {precision: '8'}
#   - values: {'null': .nan}
# - name: Plx
#   unit: mas
#   datatype: float64
#   format: '{:9.4f}'
#   description: '? Parallax (parallax)'
#   meta: !!omap
#   - {ucd: POS_PARLX_TRIG}
#   - {width: 9}
#   - {precision: '4'}
#   - values: {'null': .nan}
# - name: e_Plx
#   unit: mas
#   datatype: float32
#   format: '{:7.4f}'
#   description: '? Standard error of parallax (parallax_error)'
#   meta: !!omap
#   - {ucd: ERROR}
#   - {width: 7}
#   - {precision: '4'}
#   - values: {'null': .nan}
# - name: pmRA
#   unit: mas / yr
#   datatype: float64
#   format: '{:9.3f}'
#   description: '? Proper motion in right ascension direction, pmRA*cosDE (pmra)'
#   meta: !!omap
#   - {ucd: POS_EQ_PMRA}
#   - {width: 9}
#   - {precision: '3'}
#   - values: {'null': .nan}
# - name: pmDE
#   unit: mas / yr
#   datatype: float64
#   format: '{:9.3f}'
#   description: '? Proper motion in declination direction (pmdec)'
#   meta: !!omap
#   - {ucd: POS_EQ_PMDEC}
#   - {width: 9}
#   - {precision: '3'}
#   - values: {'null': .nan}
# - name: e_pmRA
#   unit: mas / yr
#   datatype: float32
#   format: '{:6.3f}'
#   description: '? Standard error of proper motion in right ascension direction (pmra_error)'
#   meta: !!omap
#   - {ucd: ERROR}
#   - {width: 6}
#   - {precision: '3'}
#   - values: {'null': .nan}
# - name: e_pmDE
[...]
#         value: !astropy.table.SerializedColumn {name: SkyCoord.dec}
#       distance: !astropy.table.SerializedColumn
#         __class__: astropy.coordinates.distances.Distance
#         unit: !astropy.units.Unit {unit: pc}
#         value: !astropy.table.SerializedColumn {name: SkyCoord.distance}
#       frame: icrs
#       obstime: !astropy.time.Time {format: jyear_str, in_subfmt: '*', jd1: 367701545.0, jd2: 0.0, out_subfmt: '*', precision: 3, scale: tt}
#       pm_dec: !astropy.table.SerializedColumn
#         __class__: astropy.units.quantity.Quantity
#         unit: !astropy.units.Unit {unit: mas / yr}
#         value: !astropy.table.SerializedColumn {name: SkyCoord.pm_dec}
#       pm_ra_cosdec: !astropy.table.SerializedColumn
#         __class__: astropy.units.quantity.Quantity
#         unit: !astropy.units.Unit {unit: mas / yr}
#         value: !astropy.table.SerializedColumn {name: SkyCoord.pm_ra_cosdec}
#       ra: !astropy.table.SerializedColumn
#         __class__: astropy.coordinates.angles.Longitude
#         unit: *id001
#         value: !astropy.table.SerializedColumn {name: SkyCoord.ra}
#         wrap_angle: !astropy.coordinates.Angle
#           unit: *id001
#           value: 360.0
#       representation_type: spherical
# schema: astropy-2.0
RA_ICRS_1 DE_ICRS_1 e_RA_ICRS e_DE_ICRS _r_1 HIP TYC2 Source rgeo Plx e_Plx pmRA pmDE e_pmRA e_pmDE RUWE Teff logg Gmag BP-RP BPmag RPmag RV e_RV b_rgeo B_rgeo FG e_FG FBP e_FBP FRP e_FRP RAVE5 RAVE6 e_Gmag e_BPmag e_RPmag e_BP-RP SkyCoord.ra SkyCoord.dec SkyCoord.distance SkyCoord.pm_ra_cosdec SkyCoord.pm_dec rmRA rmDE e_rmRA e_rmDE rRV e_rRV v_pec v_pec3d e_vpec e_vpec3d
[from data line 538]
110.39358944828 -21.82302404628 0.0235 0.0303 20.5718 "" "" 5619760270679816448 1427.8418 0.6855 0.0417 -2.038 2.115 0.036 0.043 0.999 4992.3 4.5176 16.168945 1.112168 16.64022 15.528052 "" "" 1347.66919 1528.9071 6417.53734 2.9664 3015.3 8.4304 4874.6 9.7514 "" "" 0.002800652846464965 0.004123082 0.0043590306 0.008482113 110.39358944828 -21.82302404628 1427.8418 -2.038 2.115 -0.32900000858306866 -0.38333321571350076 0.121980615 0.12898062 "" "" 3.41889931326449 "" 0.43098280678310263 ""
110.08232442425 -21.75211486322 0.0271 0.0365 7.4111 "" "" 5619752333578921216 1785.89282 0.5446 0.0504 -2.465 2.384 0.043 0.047 1.104 "" "" 16.174055 1.226115 16.701408 15.475293 "" "" 1650.13281 1944.13916 6387.40645 3.4415 2850.1 14.256 5117.3 10.49 "" "" 0.002816735916810029 0.006105602 0.004386034 0.010491636 110.08232442425 -21.75211486322 1785.89282 -2.4649999999999994 2.384 -0.7560000085830687 -0.11433321571350108 0.12898062 0.13298061 "" "" 6.472411875774049 "" 0.8354033798054998 ""
109.69326163155 -21.83579091608 0.022 0.0284 18.6597 "" "" 2929598257755317120 1729.3092 0.5474 0.0393 2.791 -7.527 0.035 0.036 1.016 5085.2 4.3814 16.179916 1.079262 16.628693 15.549431 "" "" 1617.56201 1854.86072 6353.01491 2.3578 3047.5 12.59 4779.5 14.189 "" "" 0.0027846289295134483 0.0052824556 0.0049671973 0.010249653 109.69326163155 -21.83579091608 1729.3092 2.7910000000000004 -7.527 4.4999999914169315 -10.025333215713502 0.12098062 0.121980615 "" "" 90.07571154629859 "" 10.97243742157964 ""
109.81608190096 -21.84221563902 0.023 0.0297 11.8157 "" "" 2929594791724718592 1970.26257 0.4912 0.0418 -0.527 2.139 0.035 0.038 0.949 6924.0 4.4699 16.180555 1.04546 16.615759 15.570299 "" "" 1813.79932 2200.72559 6349.28409 2.4908 3084.0 7.405 4688.5 7.8795 "" "" 0.002788046965858713 0.0038185478 0.0041968105 0.008015359 109.81608190096 -21.84221563902 1970.26257 -0.5270000000000001 2.138999999999997 1.181999991416931 -0.3593332157135012 0.12098062 0.12398061 "" "" 11.537573527423104 "" 1.3987841972505488 ""
110.00278039409 -21.73212542438 0.0238 0.0321 8.0498 "" "" 2929603106781003904 1768.71301 0.5402 0.0425 -0.819 2.474 0.039 0.041 1.001 5511.8 3.9745 16.184666 1.251876 16.73331 15.481435 "" "" 1648.40308 1888.48657 6325.28863 2.2991 2767.5 8.1373 5088.4 10.322 "" "" 0.002783438632823561 0.004239864 0.0043743034 0.008614168 110.00278039409 -21.73212542438 1768.71301 -0.819 2.474 0.8899999914169312 -0.024333215713500778 0.12498061 0.12698062 "" "" 7.4642808940841165 "" 0.9329016462873551 ""
109.99750160831 -21.98361640046 0.0228 0.0313 7.3375 "" "" 5619745014954810368 1887.82666 0.5043 0.0455 1.314 -1.707 0.036 0.041 1.03 5548.9 4.5939 16.191334 1.200316 16.708536 15.508221 "" "" 1761.11768 2078.677 6286.56133 2.5507 2831.4 10.411 4964.4 13.577 "" "" 0.0027903138988767677 0.004870621 0.004806326 0.009676946 109.99750160831 -21.98361640046 1887.82666 1.314 -1.707 3.022999991416931 -4.205333215713501 0.121980615 0.12698062 "" "" 46.344373615728905 "" 5.806929730690073 ""
109.69782803861 -21.77252816808 0.0231 0.0289 19.1413 "" "" 2929599803943674752 1872.245 0.5061 0.041 -2.657 2.451 0.038 0.038 1.021 5693.7 4.559 16.192383 1.029134 16.623129 15.593995 "" "" 1745.29565 2006.84717 6280.49607 2.4043 3063.1 9.6534 4587.3 7.645 "" "" 0.002786493737811778 0.004415106 0.0041902037 0.00860531 109.69782803861 -21.77252816808 1872.245 -2.657 2.4510000000000023 -0.9480000085830689 -0.04733321571350091 0.12398061 0.12398061 "" "" 8.423450501095038 "" 1.044344544594138 ""
110.40462000734 -21.84275592851 0.0243 0.0343 21.0743 "" "" 5619760098881125120 1735.02893 0.5502 0.0438 1.209 -1.56 0.038 0.052 1.059 "" "" 16.204397 1.138718 16.661392 15.522675 "" "" 1589.16553 1885.60693 6211.37342 2.4554 2957.1 10.926 4898.8 12.939 "" "" 0.0027885482512467726 0.0048865243 0.004744206 0.00963073 110.40462000734 -21.84275592851 1735.02893 1.209 -1.5599999999999998 2.9179999914169312 -4.0583332157135015 0.12398061 0.13798061 "" "" 41.107676984373015 "" 5.4827214065694925 ""
110.08897026452 -22.0145497776 0.0224 0.0287 9.6481 "" "" 5619732989046327552 1589.05237 0.5963 0.0418 -0.004 0.528 0.035 0.038 0.955 5760.4 4.5383 16.208403 1.24887 16.75652 15.507649 "" "" 1498.92651 1711.57751 6188.50388 2.2568 2709.0 9.4282 4967.0 9.0159 "" "" 0.0027836234577571133 0.0046972046 0.0042623607 0.008959565 110.08897026452 -22.0145497776 1589.05237 -0.0040000000000000036 0.528 1.7049999914169311 -1.970333215713501 0.12098062 0.12398061 "" "" 19.625786370535458 "" 2.408183113174374 ""
110.12356341368 -21.84870983527 0.0235 0.0308 5.4643 "" "" 5619748519647971328 1683.13611 0.5636 0.0441 -0.734 0.051 0.037 0.041 0.976 5601.0 4.4979 16.209625 1.224305 16.744282 15.519977 "" "" 1565.0011 1794.25623 6181.54327 2.7026 2739.7 8.8349 4911.0 6.6774 "" "" 0.0027959111264719704 0.0044770287 0.00405747 0.0085344985 110.12356341368 -21.84870983527 1683.13611 -0.7340000000000001 0.051000000000000066 0.9749999914169312 -2.447333215713501 0.12298062 0.12698062 "" "" 21.017417120388455 "" 2.657446250881929 ""
110.237754595 -22.01476807931 0.0268 0.0338 14.8018 "" "" 5619730755665359360 1573.76147 0.6143 0.0464 -0.979 -0.163 0.041 0.043 1.09 6203.3 4.5773 16.21167 1.325722 16.79616 15.470438 "" "" 1477.07288 1671.7605 6169.90547 2.7119 2611.9 8.1586 5140.2 8.3535 "" "" 0.002796342111970205 0.0043916823 0.0041709784 0.008562661 110.237754595 -22.01476807931 1573.76147 -0.979 -0.163 0.7299999914169312 -2.661333215713501 0.12698062 0.12898062 "" "" 20.58586664273029 "" 2.6523176826705113 ""
109.84906964004 -21.61776458939 0.024 0.0323 17.8109 "" "" 2929608226382064512 1432.41016 0.6735 0.0438 -3.238 3.856 0.039 0.041 1.03 5177.8 4.4519 16.214859 1.372811 16.83127 15.458459 "" "" 1352.15784 1531.88647 6151.81445 2.3586 2528.8 7.5424 5197.3 10.857 "" "" 0.002786587574863484 0.004274546 0.0044077053 0.008682251 109.84906964004 -21.61776458939 1432.41016 -3.238 3.856 -1.5290000085830688 1.357666784286499 0.12498061 0.12698062 "" "" 13.883245973189071 "" 1.7474320034587014 ""
110.31745342093 -21.72567912217 0.0232 0.0295 18.2014 "" "" 5619773705337533312 1773.78857 0.545 0.0394 -0.291 -0.071 0.037 0.043 1.03 6007.4 4.5504 16.219332 1.133325 16.700176 15.566852 "" "" 1656.42175 1869.63342 6126.52776 2.2038 2853.3 7.565 4703.5 8.1318 "" "" 0.002782862287549166 0.004008935 0.0042198664 0.008228801 110.31745342093 -21.72567912217 1773.78857 -0.291 -0.07099999999999991 1.4179999914169312 -2.569333215713501 0.12298062 0.12898062 "" "" 24.67386449090097 "" 3.1485090687284107 ""
110.15709480463 -21.88549053215 0.0246 0.0308 7.3585 "" "" 5619747488855812992 1937.88953 0.4924 0.0452 0.601 4.65 0.039 0.041 1.005 5764.3 4.4713 16.22119 1.346954 16.817327 15.470373 "" "" 1786.45459 2121.62183 6116.05287 2.8845 2561.5 9.3522 5140.5 9.5125 "" "" 0.002802498559205264 0.004847584 0.0042802375 0.009127822 110.15709480463 -21.88549053215 1937.88953 0.6010000000000002 4.65 2.309999991416931 2.1516667842864994 0.12498061 0.12698062 "" "" 28.997648821588218 "" 3.65120070138816 ""
109.79721420573 -21.81999534285 0.0246 0.0307 13.0667 "" "" 2929595650717958144 1578.27478 0.6063 0.0442 -1.496 5.383 0.038 0.039 0.989 5338.9 4.5302 16.223793 1.070306 16.667019 15.596713 "" "" 1478.43835 1703.29956 6101.40475 2.9026 2941.8 10.22 4575.9 12.245 "" "" 0.002803315104875222 0.0046917377 0.004767085 0.009458823 109.79721420573 -21.81999534285 1578.27478 -1.4960000000000009 5.382999999999998 0.21299999141693116 2.884666784286499 0.12398061 0.12498061 "" "" 21.639006434303134 "" 2.704339428915264 ""
110.03630882045 -21.5945246008 0.0239 0.0336 16.2014 "" "" 2929628498628945408 1571.97168 0.6124 0.0415 0.485 -3.044 0.036 0.041 1.124 4885.7 4.4242 16.2247 1.089608 16.645988 15.55638 "" "" 1492.02112 1711.64844 6096.29777 3.1926 2999.3 7.6537 4749.0 10.663 "" "" 0.00281337681115074 0.003932091 0.0044974093 0.0084295 110.03630882045 -21.5945246008 1571.97168 0.4849999999999999 -3.044000000000001 2.193999991416931 -5.5423332157135015 0.121980615 0.12698062 "" "" 44.414762662457775 "" 5.610242954982051 ""
109.89273401229 -21.54249031682 0.0231 0.0317 20.7126 "" "" 2929632553078169984 1426.70483 0.6765 0.041 2.416 0.026 0.037 0.04 0.999 4955.4 4.5155 16.224903 1.187703 16.74352 15.555818 "" "" 1339.21582 1525.81323 6095.16307 2.1593 2741.6 7.6445 4751.5 7.3949 "" "" 0.0027820380395711885 0.004117059 0.004139931 0.00825699 109.89273401229 -21.54249031682 1426.70483 2.416000000000003 0.02600000000000028 4.1249999914169315 -2.472333215713501 0.12298062 0.12598062 "" "" 32.522359233404686 "" 4.025635346871604 ""
109.71091028874 -21.65664323658 0.0263 0.0338 21.5746 "" "" 2929618190710848384 1700.1759 0.5685 0.0457 -0.736 -0.798 0.041 0.041 1.15 5679.0 4.641 16.225512 1.021319 16.599672 15.578353 "" "" 1579.90442 1884.58167 6091.7549 2.8892 3130.0 26.098 4653.9 23.465 "" "" 0.0028030262350061856 0.0094731115 0.006652186 0.016125297 109.71091028874 -21.65664323658 1700.1759 -0.7360000000000001 -0.798 0.9729999914169312 -3.296333215713501 0.12698062 0.12698062 "" "" 27.69771064194193 "" 3.517072404594335 ""
110.39981811633 -21.99595580465 0.0241 0.0309 22.2058 "" "" 5619753501811425792 1392.93347 0.6838 0.0394 -1.597 1.676 0.036 0.042 0.963 5168.9 4.6448 16.227074 1.040309 16.666636 15.626327 "" "" 1317.45581 1493.69287 6082.99594 2.8854 2942.8 9.0566 4452.7 9.8117 "" "" 0.0028030378560575044 0.0043531614 0.004472986 0.008826148 110.39981811633 -21.99595580465 1392.93347 -1.597000000000001 1.6760000000000002 0.11199999141693118 -0.822333215713501 0.121980615 0.12798062 "" "" 5.479585301181417 "" 0.7006957478706239 ""
109.92885268336 -21.77713749755 0.0247 0.0323 7.5662 "" "" 2929601148275971584 1460.16138 0.6619 0.044 1.286 -8.442 0.04 0.042 1.029 4914.5 4.4772 16.22775 1.232023 16.766457 15.534433 "" "" 1359.56567 1563.20959 6079.2002 2.3555 2684.3 8.8489 4846.0 8.8855 "" "" 0.002787251061139451 0.0045382287 0.004271642 0.00880987 109.92885268336 -21.77713749755 1460.16138 1.2859999999999987 -8.442 2.994999991416931 -10.940333215713501 0.12598062 0.12798062 "" "" 78.50594007041056 "" 10.036371885590073 ""
109.95865306388 -22.17769150485 0.0232 0.0304 19.1767 "" "" 5619724330392415616 1743.38928 0.5526 0.0431 -2.092 3.133 0.038 0.043 0.958 5600.1 4.5553 16.232544 1.064423 16.677473 15.61305 "" "" 1629.63684 1871.84583 6052.41772 2.3468 2913.6 8.3144 4507.5 8.0694 "" "" 0.0027872964990549066 0.004169483 0.0042499066 0.00841939 109.95865306388 -22.17769150485 1743.38928 -2.0919999999999996 3.133 -0.38300000858306893 0.634666784286499 0.12398061 0.12898062 "" "" 6.125661276459529 "" 0.782032602737441 ""
110.13526354652 -21.84325377775 0.0245 0.0311 6.1662 "" "" 5619748554007700992 1822.62915 0.5199 0.0435 -2.094 4.273 0.038 0.04 0.964 6257.4 4.4544 16.240185 1.239186 16.778418 15.539231 "" "" 1703.71753 1973.80603 6009.97411 2.2953 2654.9 9.1727 4824.6 6.7703 "" "" 0.00278634734768796 0.0046751206 0.0040749335 0.008750054 110.13526354652 -21.84325377775 1822.62915 -2.094 4.273 -0.3850000085830687 1.7746667842864987 0.12398061 0.12598062 "" "" 15.688451011130537 "" 1.9750410700625387 ""
109.95673565596 -21.72417115092 0.0242 0.0335 9.2779 "" "" 2929603003701803392 1585.13818 0.6077 0.0442 2.649 -7.674 0.039 0.043 0.993 5164.5 4.4189 16.24213 1.315979 16.826956 15.510977 "" "" 1472.35449 1703.77637 5999.21754 2.37 2538.8 7.9965 4951.9 7.2058 "" "" 0.002788505552713348 0.004413594 0.0040963236 0.008509917 109.95673565596 -21.72417115092 1585.13818 2.649 -7.673999999999996 4.357999991416931 -10.1723332157135 0.12498061 0.12898062 "" "" 83.14913113491174 "" 10.673727149557795 ""
109.96302983149 -21.96195142117 0.0236 0.0313 6.8482 "" "" 5619740170231715968 1620.7085 0.5882 0.0453 -11.33 5.222 0.035 0.042 0.992 5804.0 4.6611 16.24744 1.200128 16.762564 15.562436 "" "" 1517.22253 1780.02258 5969.95303 2.3058 2694.0 9.4184 4722.6 7.2967 "" "" 0.002787049068953979 0.0047109635 0.0041349516 0.008845915 109.96302983149 -21.96195142117 1620.7085 -11.329999999999998 5.221999999999999 -9.621000008583069 2.7236667842864994 0.12098062 0.12798062 "" "" 76.81466938277742 "" 9.334046189916313 ""
110.2203656283 -22.06613793654 0.0232 0.0296 16.1984 "" "" 5619728934597126144 1955.92834 0.4794 0.0414 -1.817 3.952 0.035 0.038 0.976 6144.1 4.4385 16.24749 1.251759 16.78623 15.534472 "" "" 1825.27026 2124.84009 5969.67566 2.332 2635.9 7.0768 4845.8 6.3992 "" "" 0.0027877729883307224 0.0040350994 0.004042211 0.00807731 110.2203656283 -22.06613793654 1955.92834 -1.8169999999999993 3.952 -0.1080000085830688 1.453666784286499 0.12098062 0.12398061 "" "" 13.514234372108204 "" 1.6752831647723574 ""
110.27798636626 -21.8701774097 0.025 0.0307 13.9852 "" "" 5619759102448803072 1416.30298 0.6878 0.0418 -0.08 3.359 0.038 0.041 1.023 5238.7 4.606 16.248682 1.055789 16.69089 15.6351 "" "" 1340.20178 1488.43799 5963.12127 2.42 2877.8 8.8309 4416.9 7.268 "" "" 0.00279032919376755 0.004345735 0.004180381 0.008526117 110.27798636626 -21.8701774097 1416.30298 -0.07999999999999996 3.359 1.628999991416931 0.860666784286499 0.12398061 0.12698062 "" "" 12.368449796168626 "" 1.541621561408758 ""
109.94467319118 -21.69873356341 0.0377 0.0508 10.9454 "" "" 2929603828335522048 1875.06152 0.5115 0.0673 -4.778 4.595 0.061 0.064 1.625 5522.5 4.5915 16.249495 1.307921 16.800817 15.492897 "" "" 1659.41016 2166.22583 5958.66592 5.8473 2600.7 6.899 5035.0 9.888 "" "" 0.002954142928144077 0.0040100506 0.004339368 0.008349419 109.94467319118 -21.69873356341 1875.06152 -4.778 4.595 -3.0690000085830684 2.0966667842864988 0.14698061 0.14998062 "" "" 33.034347590787014 "" 4.887162413088328 ""
109.78149191729 -22.07866751581 0.0238 0.0322 18.7547 "" "" 5619740376390298496 1426.16345 0.6808 0.0423 13.311 -14.834 0.038 0.047 1.01 5706.4 4.5405 16.249964 0.943163 16.632719 15.689556 "" "" 1345.09167 1503.91406 5956.0854 2.4952 3036.2 8.3867 4200.8 9.1104 "" "" 0.002792611403011572 0.0040962673 0.0044528856 0.008549153 109.78149191729 -22.07866751581 1426.16345 13.311 -14.834000000000007 15.019999991416931 -17.3323332157135 0.12398061 0.13298061 "" "" 155.04034141477734 "" 20.03081078079662 ""
109.7916637503 -22.015145761 0.0236 0.0302 15.9126 "" "" 5619741196718367360 1776.27551 0.534 0.04 0.116 -2.577 0.039 0.043 1.02 5657.4 4.5911 16.255186 1.019422 16.676954 15.657533 "" "" 1639.0321 1910.33289 5927.50724 2.3685 2915.0 8.0376 4326.6 7.5947 "" "" 0.0027892656901492814 0.0040923646 0.0042327275 0.0083250925 109.7916637503 -22.015145761 1776.27551 0.11599999999999958 -2.577 1.8249999914169313 -5.075333215713501 0.12498061 0.12898062 "" "" 45.410656970465325 "" 5.8365840803766025 ""
109.90982602519 -21.54736222969 0.032 0.0412 20.1111 "" "" 2929632346911868544 1588.13147 0.6216 0.0537 -1.481 3.813 0.05 0.052 1.146 "" "" 16.255527 1.182401 16.485369 15.302968 "" "" 1465.9469 1736.82373 5925.64526 4.2174 3477.5 23.54 5997.5 21.448 "" "" 0.002861628327666084 0.007861403 0.0054184473 0.01327985 109.90982602519 -21.54736222969 1588.13147 -1.4809999999999999 3.8129999999999993 0.22799999141693106 1.3146667842864992 0.13598062 0.13798061 "" "" 10.04420074080413 "" 1.3853225163908205 ""
110.18605858357 -21.71336717595 0.0565 0.0733 12.6787 "" "" 5619776144879033856 1741.41504 0.583 0.1008 -6.543 5.804 0.09 0.094 2.716 "" "" 16.264723 "" "" "" "" "" 1444.96191 2099.27686 5875.67358 9.5614 "" "" "" "" "" "" 0.003273130358801462 "" "" "" 110.18605858357 -21.71336717595 1741.41504 -6.543 5.804 -4.834000008583069 3.3056667842864993 0.17598063 0.1799806 "" "" 48.33881129659186 "" 8.568776541252713 ""
