Clusters/UBC_548/UBC_548_stars_in_region.tsv
# %ECSV 1.0
# ---
# datatype:
# - name: RA_ICRS_1
#   unit: deg
#   datatype: float64
#   format: '{:15.11f}'
#   description: Right ascension (ICRS) at Ep=2016.0 (ra)
#   meta: !!omap
#   - {ucd: POS_EQ_RA_MAIN}
#   - {width: 15}
#   - {precision: '11'}
# - name: DE_ICRS_1
#   unit: deg
#   datatype: float64
#   format: '{:15.11f}'
#   description: Declination (ICRS) at Ep=2016.0 (dec)
#   meta: !!omap
#   - {ucd: POS_EQ_DEC_MAIN}
#   - {width: 15}
#   - {precision: '11'}
# - name: e_RA_ICRS
#   unit: mas
#   datatype: float64
#   format: '{:7.4f}'
#   description: Standard error of right ascension (ra_error)
#   meta: !!omap
#   - {ucd: ERROR}
#   - {width: 7}
#   - {precision: '4'}
# - name: e_DE_ICRS
#   unit: mas
#   datatype: float64
#   format: '{:7.4f}'
#   description: Standard error of declination (dec_error)
#   meta: !!omap
#   - {ucd: ERROR}
#   - {width: 7}
#   - {precision: '4'}
# - name: _r_1
#   unit: ''
#   datatype: float64
#   format: '{:7.4f}'
#   description: Distance from center (250.39531076000-46.09969564000)[ICRS], at Epoch=J2016.0
#   meta: !!omap
#   - {ucd: POS_ANG_DIST_GENERAL}
#   - {width: 7}
#   - {precision: '4'}
# - name: HIP
#   datatype: int32
#   description: '? HIP cross-id number, van Leeuwen, Cat. I/311 (hip_original_ext_source_id)'
#   meta: !!omap
#   - {ucd: ID_NUMBER}
#   - {width: 6}
#   - values: {'null': -2147483648}
# - name: TYC2
#   datatype: string
#   description: Tycho-2 cross-id name, Hog et al., Cat. I/259 (tyc2_original_ext_source_id)
#   meta: !!omap
#   - {ucd: ID_CROSSID}
#   - {_votable_string_dtype: char}
# - name: Source
#   datatype: int64
#   description: Source identifier, identical to the Gaia-EDR3 source_id (id)
#   meta: !!omap
#   - {ucd: ID_MAIN}
#   - {width: 19}
# - name: rgeo
#   unit: pc
#   datatype: float64
#   format: '{:15.8f}'
#   description: '? Median of the geometric distance posterior (r_med_geo)'
#   meta: !!omap
#   - {ucd: PHYS_DISTANCE_TRUE}
#   - {width: 15}
#   - {precision: '8'}
#   - values: {'null': .nan}
# - name: Plx
#   unit: mas
#   datatype: float64
#   format: '{:9.4f}'
#   description: '? Parallax (parallax)'
#   meta: !!omap
#   - {ucd: POS_PARLX_TRIG}
#   - {width: 9}
#   - {precision: '4'}
#   - values: {'null': .nan}
# - name: e_Plx
#   unit: mas
#   datatype: float32
#   format: '{:7.4f}'
#   description: '? Standard error of parallax (parallax_error)'
#   meta: !!omap
#   - {ucd: ERROR}
#   - {width: 7}
#   - {precision: '4'}
#   - values: {'null': .nan}
# - name: pmRA
#   unit: mas / yr
#   datatype: float64
#   format: '{:9.3f}'
#   description: '? Proper motion in right ascension direction, pmRA*cosDE (pmra)'
#   meta: !!omap
#   - {ucd: POS_EQ_PMRA}
#   - {width: 9}
#   - {precision: '3'}
#   - values: {'null': .nan}
# - name: pmDE
#   unit: mas / yr
#   datatype: float64
#   format: '{:9.3f}'
#   description: '? Proper motion in declination direction (pmdec)'
#   meta: !!omap
#   - {ucd: POS_EQ_PMDEC}
#   - {width: 9}
#   - {precision: '3'}
#   - values: {'null': .nan}
# - name: e_pmRA
#   unit: mas / yr
#   datatype: float32
#   format: '{:6.3f}'
#   description: '? Standard error of proper motion in right ascension direction (pmra_error)'
#   meta: !!omap
#   - {ucd: ERROR}
#   - {width: 6}
#   - {precision: '3'}
#   - values: {'null': .nan}
# - name: e_pmDE
[...]
#         unit: &id001 !astropy.units.Unit {unit: deg}
#         value: !astropy.table.SerializedColumn {name: SkyCoord.dec}
#       distance: !astropy.table.SerializedColumn
#         __class__: astropy.coordinates.distances.Distance
#         unit: !astropy.units.Unit {unit: pc}
#         value: !astropy.table.SerializedColumn {name: SkyCoord.distance}
#       frame: icrs
#       obstime: !astropy.time.Time {format: jyear_str, in_subfmt: '*', jd1: 367701545.0, jd2: 0.0, out_subfmt: '*', precision: 3, scale: tt}
#       pm_dec: !astropy.table.SerializedColumn
#         __class__: astropy.units.quantity.Quantity
#         unit: !astropy.units.Unit {unit: mas / yr}
#         value: !astropy.table.SerializedColumn {name: SkyCoord.pm_dec}
#       pm_ra_cosdec: !astropy.table.SerializedColumn
#         __class__: astropy.units.quantity.Quantity
#         unit: !astropy.units.Unit {unit: mas / yr}
#         value: !astropy.table.SerializedColumn {name: SkyCoord.pm_ra_cosdec}
#       ra: !astropy.table.SerializedColumn
#         __class__: astropy.coordinates.angles.Longitude
#         unit: *id001
#         value: !astropy.table.SerializedColumn {name: SkyCoord.ra}
#         wrap_angle: !astropy.coordinates.Angle
#           unit: *id001
#           value: 360.0
#       representation_type: spherical
# schema: astropy-2.0
RA_ICRS_1 DE_ICRS_1 e_RA_ICRS e_DE_ICRS _r_1 HIP TYC2 Source rgeo Plx e_Plx pmRA pmDE e_pmRA e_pmDE RUWE Teff logg Gmag BP-RP BPmag RPmag RV e_RV b_rgeo B_rgeo FG e_FG FBP e_FBP FRP e_FRP RAVE5 RAVE6 e_Gmag e_BPmag e_RPmag e_BP-RP SkyCoord.ra SkyCoord.dec SkyCoord.distance SkyCoord.pm_ra_cosdec SkyCoord.pm_dec
[from data line 762]
250.54600378596 -46.30006768837 0.0299 0.0223 13.5536 "" "" 5942750332574363136 2670.59229 0.3463 0.0347 1.484 0.147 0.044 0.037 1.127 4718.2 2.2302 15.28462 2.421732 16.584852 14.16312 -93.43 7.09 2409.84082 2960.76367 14491.00477 5.4963 3173.0 9.2967 17136.0 23.225 "" "" 0.002785924688407966 0.0042313957 0.0040557543 0.00828715 250.54600378596 -46.30006768837 2670.59229 1.484 0.14699999999999994
250.7483988061 -45.96040939645 0.0314 0.0202 16.9169 "" "" 5943136913986689664 2632.03296 0.3398 0.0336 -5.528 -6.146 0.044 0.032 0.97 4774.1 2.6635 15.285981 2.935391 16.987343 14.051951 -42.07 6.86 2419.55273 2873.57104 14472.8571 7.5559 2190.2 11.926 18984.0 21.439 "" "" 0.0028130216365552453 0.00653735 0.003973305 0.010510655 250.7483988061 -45.96040939645 2632.03296 -5.527999999999999 -6.146000000000001
250.75979365617 -46.07958692226 0.0313 0.0211 15.2147 "" "" 5943133886015798016 2253.80176 0.4139 0.0358 -1.142 -1.553 0.044 0.035 1.012 6657.1 3.8985 15.286036 1.519772 15.981919 14.462147 "" "" 2127.74365 2414.69556 14472.12858 5.9201 5529.0 19.196 13011.0 23.441 "" "" 0.002790887080134638 0.004689828 0.004255588 0.008945417 250.75979365617 -46.07958692226 2253.80176 -1.1419999999999997 -1.5529999999999995
250.55975879814 -45.84761922757 0.0306 0.0203 16.6065 "" "" 5943141548233359744 2549.03613 0.3589 0.0338 -0.786 -2.993 0.041 0.033 0.987 "" "" 15.287482 1.743501 16.118061 14.37456 "" "" 2288.04297 2846.875 14452.86756 4.7974 4877.4 10.273 14104.0 14.471 "" "" 0.0027787897433563208 0.0036075786 0.003940139 0.0075477175 250.55975879814 -45.84761922757 2549.03613 -0.786 -2.993
250.48700012191 -46.41065823066 0.0299 0.0224 19.0416 "" "" 5942748030459901056 2218.9104 0.4183 0.0356 -1.812 -3.33 0.044 0.039 1.131 11589.8 4.228 15.28749 1.401246 15.777068 14.375822 "" "" 2051.5542 2453.09546 14452.76569 5.3668 6677.1 14.965 14087.0 22.065 "" "" 0.0027846608138162197 0.0037022254 0.004144378 0.007846603 250.48700012191 -46.41065823066 2218.9104 -1.8120000000000003 -3.33
250.84057015019 -46.17283838745 0.0276 0.0195 19.0255 "" "" 5943085992859704960 2154.21582 0.421 0.0327 -1.759 -3.641 0.039 0.03 1.03 7951.1 4.0408 15.288138 1.179676 15.785296 14.60562 "" "" 2015.83008 2325.3125 14444.13503 5.6155 6626.7 11.572 11400.0 16.866 "" "" 0.002787465266562962 0.0033733982 0.0041065784 0.007479977 250.84057015019 -46.17283838745 2154.21582 -1.759 -3.641
250.46600310159 -45.80966430299 0.0362 0.0254 17.65 "" "" 5943153299262174848 2276.30615 0.3897 0.0397 -3.905 -4.992 0.052 0.042 1.011 4495.9 2.2835 15.288378 3.55757 17.484756 13.927187 -40.1 3.89 2074.84595 2496.2771 14440.94795 8.1374 1385.2 12.557 21295.0 28.15 "" "" 0.0028224274733038806 0.010230172 0.0040427274 0.0142729 250.46600310159 -45.80966430299 2276.30615 -3.9050000000000002 -4.992000000000001
250.55870004537 -45.87946935812 0.0291 0.0208 14.8658 "" "" 5943140929757850880 2083.04639 0.4477 0.0329 -2.398 -6.352 0.04 0.033 0.997 "" "" 15.291757 1.69196 16.054132 14.362172 "" "" 1954.52112 2222.7627 14396.07464 6.4281 5173.3 25.362 14266.0 98.438 "" "" 0.002797645564750147 0.0060097626 0.008391094 0.014400857 250.55870004537 -45.87946935812 2083.04639 -2.398 -6.352
250.38733538505 -45.85826438797 0.0316 0.0224 14.4897 "" "" 5943152337191106560 2290.6936 0.3968 0.035 -3.856 -4.851 0.044 0.036 1.088 "" "" 15.292486 2.806821 16.867388 14.060567 -75.02 4.48 2110.52734 2468.99976 14386.4007 6.5044 2446.0 16.376 18834.0 34.754 "" "" 0.0027987063159151497 0.007786119 0.0042775795 0.012063699 250.38733538505 -45.85826438797 2290.6936 -3.856 -4.851
250.4459571641 -46.2308114923 0.0305 0.0206 8.1436 "" "" 5942754421383268096 2163.76929 0.4316 0.0338 -2.486 -4.124 0.045 0.035 0.948 8971.0 3.4835 15.292594 1.491061 15.939294 14.448233 "" "" 2035.79895 2353.35352 14384.97638 5.3868 5750.4 32.089 13178.0 56.491 "" "" 0.00278515649087711 0.0066703376 0.0059955157 0.012665853 250.4459571641 -46.2308114923 2163.76929 -2.4860000000000007 -4.124
250.3463777839 -46.08080541128 0.0302 0.0211 2.3304 "" "" 5942773284879382912 2249.89917 0.3959 0.0341 -1.954 -3.985 0.044 0.035 0.996 8746.7 3.4432 15.29664 1.495416 15.978455 14.483039 "" "" 2116.46924 2416.57983 14331.46611 4.4099 5546.7 11.49 12763.0 13.212 "" "" 0.002775500856518643 0.0035837856 0.0039429623 0.007526748 250.3463777839 -46.08080541128 2249.89917 -1.9539999999999997 -3.9850000000000003
250.81234948718 -45.99365156694 0.0306 0.0198 18.4961 "" "" 5943135878875666048 2513.98071 0.3616 0.0339 -2.685 -2.377 0.044 0.033 0.918 6359.2 3.6205 15.297902 1.553 16.009855 14.456856 "" "" 2313.75757 2779.02441 14314.82016 4.3194 5388.6 12.548 13074.0 17.066 "" "" 0.00277472882068297 0.0037652596 0.0040363767 0.007801636 250.81234948718 -45.99365156694 2513.98071 -2.685 -2.377
250.56490857791 -46.19695629979 0.0321 0.0208 9.1517 "" "" 5942759884568586624 2515.27197 0.3483 0.036 -3.135 -3.035 0.044 0.034 1.021 4799.6 2.7396 15.299341 2.65176 16.769753 14.117992 -24.73 4.5 2308.76855 2760.19043 14295.85978 6.5493 2676.2 13.897 17863.0 22.364 "" "" 0.0027998570946603774 0.0062906556 0.0040163985 0.010307054 250.56490857791 -46.19695629979 2515.27197 -3.135 -3.035
250.66637152785 -45.91911933939 0.0286 0.0199 15.6519 "" "" 5943140178161972864 2148.77881 0.4318 0.033 -0.893 -4.392 0.04 0.033 1.053 "" "" 15.299373 2.431339 16.599915 14.168575 -34.7 4.9 1993.95667 2317.4104 14295.44691 5.5901 3129.3 10.934 17050.0 32.21 "" "" 0.0027878390302926003 0.00470922 0.0043000947 0.009009315 250.66637152785 -45.91911933939 2148.77881 -0.8930000000000003 -4.392000000000001
250.68003477045 -46.01142806809 0.03 0.0213 12.9844 "" "" 5943135088601583488 2045.8479 0.4524 0.0346 -1.702 -3.057 0.044 0.035 0.939 "" "" 15.299381 1.353663 15.897621 14.543958 "" "" 1896.3761 2191.74365 14295.329 5.2401 5975.4 11.491 12066.0 17.71 "" "" 0.0027839151667897436 0.0034848938 0.0041016205 0.0075865146 250.68003477045 -46.01142806809 2045.8479 -1.702 -3.0569999999999995
250.84038287541 -46.00272203866 0.0338 0.0212 19.425 "" "" 5943135913235369856 2477.65161 0.3583 0.0401 1.763 -3.67 0.052 0.037 1.012 4883.8 2.8834 15.301361 2.81999 16.909727 14.089737 "" "" 2292.0957 2815.67627 14269.28692 7.5155 2352.5 9.0304 18334.0 16.185 "" "" 0.0028140359792253335 0.005015495 0.003899025 0.00891452 250.84038287541 -46.00272203866 2477.65161 1.7630000000000003 -3.67
250.63914466356 -46.12120752505 0.0293 0.0195 10.2244 "" "" 5942759059947219968 2377.22852 0.3774 0.0322 -2.362 -2.943 0.042 0.033 0.953 9249.9 3.5738 15.303218 1.241832 15.830327 14.588495 "" "" 2227.75952 2543.9751 14244.90009 4.7216 6357.5 10.36 11581.0 11.969 "" "" 0.0027787228828936097 0.0033038484 0.0039424435 0.007246292 250.63914466356 -46.12120752505 2377.22852 -2.362 -2.9430000000000005
250.5870901434 -46.13435138516 0.0312 0.0211 8.2429 "" "" 5942761568208129024 2372.02344 0.3787 0.0349 -3.315 -5.811 0.045 0.036 0.969 4675.7 1.8907 15.304374 2.378095 16.581526 14.203431 -78.77 4.75 2193.55566 2550.79907 14229.74318 5.8503 3182.8 7.742 16511.0 15.427 "" "" 0.002791244361820576 0.0038418642 0.0039131627 0.007755027 250.5870901434 -46.13435138516 2372.02344 -3.3149999999999995 -5.811
250.16936938682 -46.35415042258 0.0631 0.0324 17.9177 "" "" 5942740746204787456 2318.64453 0.3924 0.0539 -1.106 -0.81 0.167 0.113 1.146 "" "" 15.30495 2.440981 16.568926 14.127945 "" "" 2064.97388 2631.85791 14222.20125 9.822 3219.9 89.867 17700.0 111.07 "" "" 0.002855524533211579 0.03043094 0.007791194 0.038222134 250.16936938682 -46.35415042258 2318.64453 -1.106 -0.81
250.6161756559 -46.14482102076 0.0343 0.0229 9.5759 "" "" 5942758544551934336 2313.05664 0.3983 0.037 -2.431 -3.906 0.051 0.039 0.936 "" "" 15.306857 1.394688 15.927664 14.532976 "" "" 2127.90308 2519.58813 14197.2438 4.4714 5812.3 19.258 12189.0 15.886 "" "" 0.002776458146540288 0.00455261 0.0040356023 0.008588213 250.6161756559 -46.14482102076 2313.05664 -2.4309999999999996 -3.9059999999999997
250.16962410905 -46.37132316647 0.0306 0.0215 18.7974 "" "" 5942740707527255936 2088.9917 0.4441 0.0346 -0.815 -1.044 0.046 0.038 0.953 "" "" 15.308352 1.191304 15.817147 14.625843 "" "" 1978.23279 2207.52783 14177.69371 4.2226 6435.1 11.722 11190.0 11.775 "" "" 0.002774230892860695 0.0034200193 0.003948294 0.007368313 250.16962410905 -46.37132316647 2088.9917 -0.8150000000000002 -1.044
250.44823892878 -46.29952129497 0.0284 0.0205 12.1894 "" "" 5942753081353061248 2241.16187 0.4023 0.0338 0.736 -2.75 0.045 0.035 1.032 4873.3 3.2628 15.310187 2.346023 16.561802 14.215779 30.12 8.95 2086.86475 2412.74316 14153.76418 5.2513 3241.1 9.0125 16325.0 16.22 "" "" 0.002784611183009305 0.0041109608 0.0039303224 0.008041283 250.44823892878 -46.29952129497 2241.16187 0.7360000000000001 -2.75
250.58997916456 -46.32661704652 0.0265 0.02 15.8335 "" "" 5942750023326161024 2119.9209 0.4314 0.0308 2.066 -0.555 0.039 0.034 0.972 8801.1 3.7257 15.310493 1.306332 15.872653 14.566321 "" "" 1973.875 2255.1582 14149.78009 3.9692 6114.4 11.116 11820.0 13.952 "" "" 0.002772101769729441 0.00341778 0.0039907587 0.007408539 250.58997916456 -46.32661704652 2119.9209 2.0660000000000003 -0.5550000000000003
250.41149878441 -46.10397897225 0.0297 0.0201 0.7208 "" "" 5942772971322759808 2635.55151 0.3515 0.0344 -2.567 -5.213 0.04 0.033 0.977 4988.9 2.7007 15.31184 2.476741 16.656181 14.179441 -56.29 5.55 2361.40039 3110.00854 14132.23571 5.9177 2971.3 8.2641 16880.0 13.834 "" "" 0.0027925768957120676 0.004111452 0.0038827178 0.007994169 250.41149878441 -46.10397897225 2635.55151 -2.567 -5.212999999999999
250.32123402994 -46.39431730366 0.0269 0.0192 17.9425 "" "" 5942728307979412480 2935.98169 0.301 0.0325 -0.518 -3.261 0.041 0.032 1.001 4715.0 2.8163 15.314719 2.441493 16.637142 14.195649 -20.25 3.34 2674.36084 3197.74121 14094.80729 4.7226 3023.9 9.6654 16630.0 13.344 "" "" 0.002779231884962216 0.004452928 0.003878494 0.008331422 250.32123402994 -46.39431730366 2935.98169 -0.5180000000000001 -3.261
250.27156545909 -46.12153886038 0.0286 0.0199 5.3116 "" "" 5942767645563252608 2354.41455 0.3869 0.0347 -2.046 -3.941 0.043 0.035 0.954 7399.6 3.306 15.314972 1.507959 15.999205 14.491245 "" "" 2186.86768 2551.69141 14091.519 3.9838 5441.7 10.626 12667.0 19.466 "" "" 0.002772364717851208 0.0035042744 0.004131299 0.0076355734 250.27156545909 -46.12153886038 2354.41455 -2.0459999999999994 -3.941
250.19041097326 -46.08665257599 0.0292 0.0204 8.5616 "" "" 5942770841019016704 2621.81812 0.3371 0.0344 -3.933 -4.897 0.043 0.035 1.018 "" "" 15.315945 2.980529 17.048159 14.06763 -54.87 4.33 2395.26465 2919.00171 14078.90482 5.6654 2070.9 8.0533 18711.0 23.682 "" "" 0.0027897445228884793 0.0050608343 0.004021457 0.009082291 250.19041097326 -46.08665257599 2621.81812 -3.9329999999999994 -4.897
250.16858057938 -46.26664103477 0.0415 0.029 13.7494 "" "" 5942765072888469376 2099.00269 0.4471 0.0487 -1.829 -2.62 0.062 0.05 1.143 7019.5 3.5854 15.316413 1.613873 15.811246 14.197372 22.39 11.12 1914.26062 2310.47314 14072.83621 15.956 6470.2 206.14 16604.0 401.82 "" "" 0.003017815580393081 0.0347038 0.026545445 0.06124924 250.16858057938 -46.26664103477 2099.00269 -1.8289999999999995 -2.6199999999999997
250.52658503704 -46.0565882915 0.0334 0.0211 6.045 "" "" 5942763080036691840 2088.08154 0.4515 0.0334 -4.138 -2.978 0.046 0.035 1.034 4825.8 3.3848 15.316622 2.090899 16.391409 14.300509 -80.34 4.74 1933.3501 2247.26099 14070.12164 5.1897 3791.9 9.1055 15099.0 18.505 "" "" 0.0027842709420751637 0.0038186964 0.00400679 0.007825486 250.52658503704 -46.0565882915 2088.08154 -4.138 -2.9779999999999998
250.71565355138 -46.11960239804 0.0314 0.0206 13.3787 "" "" 5943133404974116992 2233.19189 0.4114 0.0334 -1.658 -3.447 0.043 0.033 0.897 9275.9 4.1421 15.317605 1.114756 15.783132 14.668376 "" "" 2055.0957 2389.45361 14057.38944 4.5565 6639.9 14.343 10760.0 18.876 "" "" 0.0027777042890186785 0.0036449404 0.0042322017 0.007877142 250.71565355138 -46.11960239804 2233.19189 -1.658 -3.4469999999999996
250.5876546138 -46.23515519241 0.0293 0.0202 11.399 "" "" 5942756723484948480 2314.58081 0.3969 0.0354 -2.606 -4.255 0.045 0.034 1.006 "" "" 15.318068 1.339795 15.908518 14.568723 "" "" 2121.83032 2525.91064 14051.40014 4.354 5915.7 13.308 11794.0 10.114 "" "" 0.0027757834440338774 0.003708201 0.0038923814 0.007600582 250.5876546138 -46.23515519241 2314.58081 -2.6059999999999994 -4.254999999999999
250.85432536321 -46.0288195532 0.0308 0.0199 19.5767 "" "" 5943088879047330688 2409.4834 0.3729 0.0342 -0.617 -2.555 0.044 0.033 0.93 7911.4 3.9769 15.324397 1.327479 15.8915 14.56402 "" "" 2225.45117 2643.02344 13969.72873 4.4661 6009.2 24.609 11845.0 23.083 "" "" 0.0027770980303556967 0.005249275 0.004331337 0.009580612 250.85432536321 -46.0288195532 2409.4834 -0.617 -2.5549999999999997
250.38342835451 -46.3269008004 0.0318 0.0227 13.6412 "" "" 5942752256719335680 2859.15112 0.3102 0.0378 -1.39 3.563 0.049 0.039 1.07 6099.7 2.6025 15.326229 2.944511 17.029507 14.084995 -53.25 4.09 2535.22925 3261.91064 13946.17339 7.2068 2106.8 7.8639 18414.0 15.882 "" "" 0.0028118643636909136 0.0049202656 0.0038936683 0.008813934 250.38342835451 -46.3269008004 2859.15112 -1.3900000000000003 3.5629999999999997
250.53903161689 -46.21768271375 0.0296 0.0201 9.2624 "" "" 5942759364861263616 2257.46191 0.4106 0.0342 -0.679 0.088 0.042 0.034 0.987 "" "" 15.328457 1.519392 16.021515 14.502123 "" "" 2095.93433 2495.89111 13917.59444 4.1903 5331.0 13.075 12540.0 15.628 "" "" 0.0027746438048881408 0.0038569632 0.0040143006 0.007871264 250.53903161689 -46.21768271375 2257.46191 -0.679 0.08800000000000001
250.04560952726 -45.99147443434 0.0313 0.0211 15.9453 "" "" 5942959961319988608 2097.3855 0.4479 0.0353 -2.493 -5.685 0.048 0.037 1.0 "" "" 15.330204 1.448443 15.983961 14.535519 "" "" 1914.95215 2271.38867 13895.20958 4.0552 5518.6 11.555 12160.0 14.063 "" "" 0.0027734800421509447 0.003599048 0.00398251 0.007581558 250.04560952726 -45.99147443434 2097.3855 -2.493 -5.6850000000000005
250.328623752 -46.22910743208 0.0313 0.0206 8.2444 "" "" 5942765996295507072 2035.53345 0.4582 0.034 -1.801 -3.433 0.046 0.035 1.031 "" "" 15.33234 1.783111 16.186113 14.403003 "" "" 1911.84021 2201.68408 13867.89303 4.5513 4581.1 14.258 13739.0 13.663 "" "" 0.0027782654059893153 0.004382237 0.003930591 0.008312828 250.328623752 -46.22910743208 2035.53345 -1.801 -3.433
250.49766207775 -46.02588000149 0.0285 0.0209 6.1459 "" "" 5942763251835414400 2564.43091 0.3496 0.0335 -2.517 -8.52 0.042 0.035 1.056 5011.1 2.8436 15.332786 2.703037 16.847769 14.144732 -96.86 3.72 2378.4458 2891.04761 13862.2081 5.4174 2490.6 9.2064 17429.0 13.171 "" "" 0.002787799845287314 0.0048879706 0.003867418 0.008755389 250.49766207775 -46.02588000149 2564.43091 -2.5169999999999995 -8.52
250.3866850876 -45.79144949177 0.0312 0.0221 18.4983 "" "" 5943154196935632640 2151.43018 0.4131 0.036 -0.855 -1.763 0.045 0.036 1.014 15009.3 3.5454 15.333434 3.157606 17.209852 14.052246 -73.22 3.94 1977.36438 2304.96094 13853.93766 5.6082 1784.3 8.337 18978.0 17.444 "" "" 0.0027901547639260656 0.0057896925 0.0039089234 0.009698616 250.3866850876 -45.79144949177 2151.43018 -0.855 -1.7629999999999997
250.59767918165 -46.3239700844 0.0286 0.0211 15.8642 "" "" 5942750023336699776 2123.229 0.4217 0.032 -8.284 -5.781 0.042 0.035 1.058 5110.7 3.2003 15.334043 2.50468 16.698135 14.193456 -84.57 3.91 1969.36951 2323.56519 13846.16303 5.3112 2858.7 7.9557 16664.0 23.692 "" "" 0.0027866179683311925 0.0041127843 0.0040824697 0.008195254 250.59767918165 -46.3239700844 2123.229 -8.284 -5.781000000000001
