Clusters/UBC_548/UBC_548_stars_in_region.tsv
# %ECSV 1.0
# ---
# datatype:
# - name: RA_ICRS_1
#   unit: deg
#   datatype: float64
#   format: '{:15.11f}'
#   description: Right ascension (ICRS) at Ep=2016.0 (ra)
#   meta: !!omap
#   - {ucd: POS_EQ_RA_MAIN}
#   - {width: 15}
#   - {precision: '11'}
# - name: DE_ICRS_1
#   unit: deg
#   datatype: float64
#   format: '{:15.11f}'
#   description: Declination (ICRS) at Ep=2016.0 (dec)
#   meta: !!omap
#   - {ucd: POS_EQ_DEC_MAIN}
#   - {width: 15}
#   - {precision: '11'}
# - name: e_RA_ICRS
#   unit: mas
#   datatype: float64
#   format: '{:7.4f}'
#   description: Standard error of right ascension (ra_error)
#   meta: !!omap
#   - {ucd: ERROR}
#   - {width: 7}
#   - {precision: '4'}
# - name: e_DE_ICRS
#   unit: mas
#   datatype: float64
#   format: '{:7.4f}'
#   description: Standard error of declination (dec_error)
#   meta: !!omap
#   - {ucd: ERROR}
#   - {width: 7}
#   - {precision: '4'}
# - name: _r_1
#   unit: ''
#   datatype: float64
#   format: '{:7.4f}'
#   description: Distance from center (250.39531076000-46.09969564000)[ICRS], at Epoch=J2016.0
#   meta: !!omap
#   - {ucd: POS_ANG_DIST_GENERAL}
#   - {width: 7}
#   - {precision: '4'}
# - name: HIP
#   datatype: int32
#   description: '? HIP cross-id number, van Leeuwen, Cat. I/311 (hip_original_ext_source_id)'
#   meta: !!omap
#   - {ucd: ID_NUMBER}
#   - {width: 6}
#   - values: {'null': -2147483648}
# - name: TYC2
#   datatype: string
#   description: Tycho-2 cross-id name, Hog et al., Cat. I/259 (tyc2_original_ext_source_id)
#   meta: !!omap
#   - {ucd: ID_CROSSID}
#   - {_votable_string_dtype: char}
# - name: Source
#   datatype: int64
#   description: Source identifier, identical to the Gaia-EDR3 source_id (id)
#   meta: !!omap
#   - {ucd: ID_MAIN}
#   - {width: 19}
# - name: rgeo
#   unit: pc
#   datatype: float64
#   format: '{:15.8f}'
#   description: '? Median of the geometric distance posterior (r_med_geo)'
#   meta: !!omap
#   - {ucd: PHYS_DISTANCE_TRUE}
#   - {width: 15}
#   - {precision: '8'}
#   - values: {'null': .nan}
# - name: Plx
#   unit: mas
#   datatype: float64
#   format: '{:9.4f}'
#   description: '? Parallax (parallax)'
#   meta: !!omap
#   - {ucd: POS_PARLX_TRIG}
#   - {width: 9}
#   - {precision: '4'}
#   - values: {'null': .nan}
# - name: e_Plx
#   unit: mas
#   datatype: float32
#   format: '{:7.4f}'
#   description: '? Standard error of parallax (parallax_error)'
#   meta: !!omap
#   - {ucd: ERROR}
#   - {width: 7}
#   - {precision: '4'}
#   - values: {'null': .nan}
# - name: pmRA
#   unit: mas / yr
#   datatype: float64
#   format: '{:9.3f}'
#   description: '? Proper motion in right ascension direction, pmRA*cosDE (pmra)'
#   meta: !!omap
#   - {ucd: POS_EQ_PMRA}
#   - {width: 9}
#   - {precision: '3'}
#   - values: {'null': .nan}
# - name: pmDE
#   unit: mas / yr
#   datatype: float64
#   format: '{:9.3f}'
#   description: '? Proper motion in declination direction (pmdec)'
#   meta: !!omap
#   - {ucd: POS_EQ_PMDEC}
#   - {width: 9}
#   - {precision: '3'}
#   - values: {'null': .nan}
# - name: e_pmRA
#   unit: mas / yr
#   datatype: float32
#   format: '{:6.3f}'
#   description: '? Standard error of proper motion in right ascension direction (pmra_error)'
#   meta: !!omap
#   - {ucd: ERROR}
#   - {width: 6}
#   - {precision: '3'}
#   - values: {'null': .nan}
# - name: e_pmDE
[...]
#         unit: &id001 !astropy.units.Unit {unit: deg}
#         value: !astropy.table.SerializedColumn {name: SkyCoord.dec}
#       distance: !astropy.table.SerializedColumn
#         __class__: astropy.coordinates.distances.Distance
#         unit: !astropy.units.Unit {unit: pc}
#         value: !astropy.table.SerializedColumn {name: SkyCoord.distance}
#       frame: icrs
#       obstime: !astropy.time.Time {format: jyear_str, in_subfmt: '*', jd1: 367701545.0, jd2: 0.0, out_subfmt: '*', precision: 3, scale: tt}
#       pm_dec: !astropy.table.SerializedColumn
#         __class__: astropy.units.quantity.Quantity
#         unit: !astropy.units.Unit {unit: mas / yr}
#         value: !astropy.table.SerializedColumn {name: SkyCoord.pm_dec}
#       pm_ra_cosdec: !astropy.table.SerializedColumn
#         __class__: astropy.units.quantity.Quantity
#         unit: !astropy.units.Unit {unit: mas / yr}
#         value: !astropy.table.SerializedColumn {name: SkyCoord.pm_ra_cosdec}
#       ra: !astropy.table.SerializedColumn
#         __class__: astropy.coordinates.angles.Longitude
#         unit: *id001
#         value: !astropy.table.SerializedColumn {name: SkyCoord.ra}
#         wrap_angle: !astropy.coordinates.Angle
#           unit: *id001
#           value: 360.0
#       representation_type: spherical
# schema: astropy-2.0
RA_ICRS_1 DE_ICRS_1 e_RA_ICRS e_DE_ICRS _r_1 HIP TYC2 Source rgeo Plx e_Plx pmRA pmDE e_pmRA e_pmDE RUWE Teff logg Gmag BP-RP BPmag RPmag RV e_RV b_rgeo B_rgeo FG e_FG FBP e_FBP FRP e_FRP RAVE5 RAVE6 e_Gmag e_BPmag e_RPmag e_BP-RP SkyCoord.ra SkyCoord.dec SkyCoord.distance SkyCoord.pm_ra_cosdec SkyCoord.pm_dec
250.53198167595 -46.22293717321 0.0263 0.0184 9.3241 "" "" 5942759437904311168 2128.99414 0.4279 0.031 -1.383 -2.705 0.038 0.03 0.753 "" "" 9.082323 3.419726 11.176532 7.756806 -54.25 0.2 1987.6012 2287.54663 4385483.77307 4469.7 462170.0 3019.8 6258000.0 27616.0 "" "" 0.0029692291973899975 0.007623129 0.0061024483 0.013725577 250.53198167595 -46.22293717321 2128.99414 -1.3830000000000002 -2.705
250.38757949472 -46.11696385537 0.0176 0.0126 1.0849 "" "" 5942772941281957376 2089.20825 0.444 0.0207 -1.16 -2.476 0.025 0.021 0.879 4597.8 1.8708 10.951855 2.249682 12.134997 9.885315 -53.8 0.15 2000.38879 2169.42065 783799.14882 247.8 191170.0 146.2 881110.0 281.02 "" "" 0.0027766194429294103 0.0029110995 0.0037952126 0.0067063123 250.38757949472 -46.11696385537 2089.20825 -1.16 -2.476
250.81037165982 -46.03203997943 0.0174 0.0117 17.7493 "" 8326-2698-1 5943135402158109824 2078.02124 0.4475 0.0195 -1.462 -2.633 0.024 0.019 0.794 "" "" 11.077579 0.781796 11.376179 10.594382 "" "" 2008.04358 2156.4856 698096.36988 189.28 384540.0 269.79 458570.0 134.51 "" "" 0.0027710018255618515 0.002892283 0.0037927763 0.0066850595 250.81037165982 -46.03203997943 2078.02124 -1.4619999999999997 -2.6329999999999996
250.71162875774 -46.00477900342 0.0213 0.0143 14.35 "" "" 5943136394269261696 2093.61157 0.4563 0.0238 -2.746 -3.793 0.03 0.022 1.103 "" "" 11.285927 1.824236 12.179601 10.355365 -14.79 0.56 2007.81836 2204.05664 576203.61023 224.72 183470.0 110.47 571490.0 246.09 "" "" 0.0027876673642955605 0.0028657322 0.00380819 0.0066739223 250.71162875774 -46.00477900342 2093.61157 -2.7460000000000004 -3.793
249.98259594478 -46.05342213096 0.0316 0.0197 17.4008 "" "" 5942958101594818944 2548.81226 0.3812 0.0344 -3.469 -5.377 0.042 0.034 0.965 3676.6 0.9491 11.286395 3.081248 13.098291 10.017043 -95.79 0.19 2321.70801 2828.48828 575955.3625 367.56 78723.0 217.27 780440.0 1373.3 "" "" 0.0028411062425561452 0.004094435 0.004234831 0.008329266 249.98259594478 -46.05342213096 2548.81226 -3.4689999999999994 -5.377
250.39851946033 -46.14762565958 0.0194 0.013 2.8789 "" "" 5942760777934550784 2066.6731 0.4679 0.0212 -1.159 -2.533 0.028 0.021 0.911 "" "" 11.362958 2.165741 12.486845 10.321104 -53.34 0.28 1979.2229 2176.21094 536739.43042 206.33 138250.0 94.538 589820.0 260.21 "" "" 0.0027867523549423338 0.0028872609 0.0038096143 0.006696875 250.39851946033 -46.14762565958 2066.6731 -1.159 -2.5330000000000004
250.7899047596 -46.04001612531 0.0216 0.0143 16.8115 "" "" 5943135333438634496 2137.68262 0.4564 0.0246 -2.988 -3.956 0.03 0.024 1.065 4685.8 1.9103 11.365331 1.98882 12.36956 10.38074 -18.37 0.2 2046.7002 2245.8728 535568.00777 280.09 154030.0 156.02 558290.0 316.18 "" "" 0.002813219482461716 0.0029990878 0.0038290755 0.0068281633 250.7899047596 -46.04001612531 2137.68262 -2.9880000000000004 -3.955999999999999
250.81818195265 -46.01179799144 0.0838 0.0564 18.3801 "" "" 5943135780115239680 2437.17676 0.4758 0.096 -4.225 -4.116 0.125 0.095 1.072 "" "" 11.366298 5.338061 15.225127 9.887066 "" "" 1959.1593 3178.21021 535090.99406 1971.5 11101.0 117.96 879690.0 13207.0 "" "" 0.004857391672815264 0.011869705 0.016732827 0.028602533 250.81818195265 -46.01179799144 2437.17676 -4.225 -4.116
250.65305962138 -45.95535796587 0.0415 0.0301 13.7947 "" "" 5943139658447076352 2961.7561 0.3386 0.05 -2.288 -3.951 0.06 0.05 0.857 "" "" 11.375159 3.984601 13.97005 9.985449 -53.56 2.48 2508.43652 3580.39429 530741.47177 297.3 35269.0 98.774 803490.0 824.18 "" "" 0.0028216447626978514 0.004126853 0.003940056 0.008066909 250.65305962138 -45.95535796587 2961.7561 -2.2880000000000003 -3.9510000000000014
250.24211029898 -46.12539168262 0.0197 0.014 6.5562 "" "" 5942767748641618944 2051.46094 0.471 0.0234 -1.071 -2.479 0.031 0.025 0.991 4810.8 2.2934 11.390573 2.093536 12.464575 10.371038 -53.83 0.27 1964.22534 2153.28979 523260.13274 181.98 141120.0 111.18 563300.0 160.13 "" "" 0.002781073544336239 0.0029183445 0.0037919634 0.0067103077 250.24211029898 -46.12539168262 2051.46094 -1.0710000000000002 -2.479
250.66861516546 -46.21413603518 0.0657 0.0467 13.2729 "" "" 5942757371993705216 2041.01538 0.5082 0.0788 -3.232 -7.429 0.093 0.078 0.998 3326.0 0.1252 11.418942 5.046915 14.945658 9.898743 -38.2 0.61 1757.83093 2577.17798 509764.77696 2665.0 14360.0 429.11 870280.0 12663.0 "" "" 0.0063095280980463775 0.03256406 0.016243778 0.048807837 250.66861516546 -46.21413603518 2041.01538 -3.232 -7.429
250.3855897503 -46.16995712299 0.0248 0.0169 4.235 "" "" 5942772387207007488 2177.15918 0.4401 0.0279 -1.18 -2.459 0.036 0.028 0.907 "" "" 11.463045 2.728746 13.002003 10.273257 -53.26 0.22 2043.23315 2331.8645 489472.8746 162.05 86023.0 84.375 616390.0 191.3 "" "" 0.002778668279026145 0.0029864924 0.0037943737 0.006780866 250.3855897503 -46.16995712299 2177.15918 -1.18 -2.459
250.70079239681 -46.28553747921 0.032 0.0243 16.8913 "" "" 5942755486534298624 2022.23547 0.4866 0.0393 1.072 -5.719 0.045 0.041 0.834 "" "" 11.46371 3.774859 13.862989 10.08813 -33.53 0.47 1871.65027 2153.13867 489173.31869 556.33 38924.0 272.75 730980.0 2224.2 "" "" 0.0030193545897291845 0.008103518 0.005019737 0.013123255 250.70079239681 -46.28553747921 2022.23547 1.0719999999999994 -5.719
250.46317107499 -46.33043782889 0.0186 0.0131 14.1283 "" "" 5942752905234616064 2191.36694 0.4437 0.0218 0.37 0.068 0.027 0.023 0.728 "" "" 11.493842 2.743715 13.046266 10.30255 -61.24 0.21 2086.92993 2339.14331 475784.00856 159.4 82587.0 102.96 599980.0 314.12 "" "" 0.0027792271064622184 0.0031011617 0.0038218908 0.0069230525 250.46317107499 -46.33043782889 2191.36694 0.37 0.068
250.42179940039 -46.23089083107 0.0265 0.0172 7.9483 "" "" 5942754455742637440 2123.76392 0.4434 0.0298 -1.255 -2.446 0.036 0.028 0.845 "" "" 11.506762 2.787354 13.091776 10.304422 -53.84 0.2 2001.922 2289.146 470156.10738 144.09 79197.0 95.495 598950.0 327.03 "" "" 0.002775339789843778 0.0030820407 0.0038255928 0.0069076335 250.42179940039 -46.23089083107 2123.76392 -1.255 -2.4460000000000006
250.2486058239 -46.24075418947 0.0305 0.0201 10.4302 "" "" 5942765382138860544 2319.12573 0.4222 0.0347 -1.784 -7.327 0.044 0.034 0.786 3670.1 0.5822 11.585349 3.502857 13.745829 10.242971 74.4 0.45 2146.32227 2597.8772 437327.77187 427.14 43360.0 202.35 633830.0 1127.8 "" "" 0.0029523430736892904 0.0057842927 0.00424452 0.010028813 250.2486058239 -46.24075418947 2319.12573 -1.784 -7.327000000000001
250.1300977647 -46.1532106434 0.0594 0.0431 11.4866 "" "" 5942769019952672896 2466.0769 0.437 0.0715 -2.531 -3.548 0.087 0.08 0.917 "" "" 11.588807 5.074077 15.15326 10.079184 -56.79 0.23 2051.62134 3008.80835 435937.14837 370.67 11861.0 61.544 737030.0 1314.5 "" "" 0.002905865882980288 0.006286723 0.0042465813 0.010533305 250.1300977647 -46.1532106434 2466.0769 -2.5309999999999997 -3.547999999999999
250.47349930941 -46.18342813235 0.0233 0.0175 5.9838 "" "" 5942760464377102592 2443.729 0.3975 0.026 -1.276 -2.619 0.034 0.031 0.859 "" "" 11.611168 2.701088 13.125944 10.424856 -53.71 0.27 2282.13818 2658.32544 427050.83608 131.83 76743.0 62.62 536060.0 236.83 "" "" 0.0027756305855066604 0.002927442 0.0038097003 0.0067371423 250.47349930941 -46.18342813235 2443.729 -1.2760000000000002 -2.619
249.99366469738 -46.1796139179 0.0388 0.0286 17.3729 "" "" 5942933641807249792 2792.57568 0.3586 0.0473 0.347 -6.137 0.057 0.051 0.959 "" "" 11.683329 3.940906 14.207481 10.266576 22.42 0.53 2464.05469 3074.8916 399590.47058 1070.2 28342.0 471.36 620190.0 4441.4 "" "" 0.004005928575823655 0.018271334 0.00864521 0.026916545 249.99366469738 -46.1796139179 2792.57568 0.3470000000000002 -6.137
250.50246962138 -46.23535659737 0.0169 0.0135 9.278 "" "" 5942759502299110272 2073.34497 0.4663 0.0197 -1.241 -2.598 0.026 0.025 0.768 "" "" 11.689398 2.364272 12.953124 10.588852 -53.97 0.31 2003.88782 2160.61792 397363.09027 96.372 89984.0 67.953 460910.0 176.36 "" "" 0.002767874282555336 0.0029081446 0.0038021463 0.006710291 250.50246962138 -46.23535659737 2073.34497 -1.2410000000000003 -2.5980000000000003
250.62413166059 -46.11814107401 0.0225 0.0151 9.5825 "" "" 5942759021268085632 2385.12354 0.4017 0.0253 -2.253 -3.178 0.033 0.025 1.227 4646.1 1.8736 11.689901 2.222585 12.850296 10.627711 -25.31 0.4 2277.19702 2509.05151 397179.02574 156.6 98923.0 139.53 444710.0 318.6 "" "" 0.002788376942363011 0.003182813 0.003858597 0.00704141 250.62413166059 -46.11814107401 2385.12354 -2.253 -3.178
250.43602797068 -46.23894805299 0.0159 0.011 8.5247 "" "" 5942754382703414144 2053.60669 0.4733 0.0178 -1.224 -2.4 0.023 0.018 0.749 "" "" 11.750936 2.414314 13.050738 10.636424 -52.06 0.29 1990.54773 2119.37378 375467.78819 115.07 82247.0 55.172 441150.0 197.85 "" "" 0.002775339575614062 0.0028836608 0.0038106216 0.0066942824 250.43602797068 -46.23894805299 2053.60669 -1.2240000000000002 -2.4000000000000004
250.15383463771 -45.82811412867 0.0191 0.0118 19.156 "" "" 5942780977142190976 2045.24158 0.4785 0.0211 -1.246 -2.508 0.027 0.021 0.916 "" "" 11.803081 2.442942 13.123496 10.680554 -53.62 0.25 1952.39087 2143.37964 357861.24616 94.04 76916.0 63.911 423580.0 124.69 "" "" 0.00277005291924562 0.0029323949 0.003792872 0.0067252666 250.15383463771 -45.82811412867 2045.24158 -1.246 -2.5079999999999996
250.6600824601 -45.94638496438 0.034 0.0239 14.363 "" "" 5943139761526352384 2629.40601 0.3865 0.0401 -3.99 -4.726 0.05 0.039 0.888 "" "" 11.81484 3.85958 14.284429 10.424849 -37.0 0.2 2409.62256 2922.90869 354005.91242 239.57 26403.0 104.5 536070.0 803.96 "" "" 0.0028516071826479947 0.005123585 0.0041152304 0.009238815 250.6600824601 -45.94638496438 2629.40601 -3.99 -4.726000000000001
250.51740503792 -46.12154346109 0.0211 0.0137 5.2451 "" "" 5942761770048011648 2117.99512 0.4611 0.0231 -3.832 -4.047 0.028 0.022 0.834 "" "" 11.848384 2.776523 13.42352 10.646997 -28.03 0.26 2035.91492 2211.56665 343236.41549 110.97 58346.0 73.356 436880.0 323.97 "" "" 0.002777590161090746 0.0031061894 0.0038641898 0.0069703795 250.51740503792 -46.12154346109 2117.99512 -3.832 -4.046999999999999
250.26890657657 -46.41488535147 0.0166 0.0122 19.625 "" "" 5942739951612790656 2156.05884 0.4593 0.0201 -0.742 -1.572 0.024 0.02 0.896 4582.5 1.7963 11.92501 2.486708 13.281481 10.794773 -45.95 0.29 2064.92188 2258.63428 319847.29623 69.543 66500.0 47.163 381280.0 146.84 "" "" 0.002765414429854001 0.002894475 0.0038024427 0.0066969176 250.26890657657 -46.41488535147 2156.05884 -0.7420000000000002 -1.572
250.19936506481 -46.39020191135 0.016 0.0109 19.2334 "" "" 5942739882888462848 2534.57983 0.3891 0.0187 -0.738 -1.343 0.023 0.019 0.95 4596.3 1.5859 11.941037 2.18109 13.074684 10.893594 -13.94 0.3 2429.5083 2661.47998 315160.57756 61.824 80453.0 57.955 348110.0 108.54 "" "" 0.002763539779904516 0.0028977161 0.0037945132 0.0066922293 250.19936506481 -46.39020191135 2534.57983 -0.738 -1.3429999999999995
250.60903940386 -46.14055028285 0.0214 0.0139 9.2205 "" "" 5942758608951226368 2404.76953 0.3887 0.024 -0.926 -2.498 0.032 0.025 1.237 "" "" 11.951233 0.939637 12.326167 11.38653 -64.11 7.28 2295.77661 2563.71484 312214.8275 75.435 160310.0 97.438 221080.0 55.684 "" "" 0.002767779808685194 0.0028671492 0.0037892626 0.006656412 250.60903940386 -46.14055028285 2404.76953 -0.9259999999999999 -2.4980000000000007
250.38865978286 -46.37489117116 0.0245 0.018 16.514 "" "" 5942751668283806720 2234.10669 0.4414 0.0295 -1.246 -3.645 0.038 0.032 0.825 "" "" 12.044064 3.300208 14.03301 10.732802 -12.28 0.39 2081.26343 2396.02466 286629.80258 142.79 33282.0 88.865 403680.0 359.87 "" "" 0.0028079067492898916 0.0040235743 0.0039013545 0.007924929 250.38865978286 -46.37489117116 2234.10669 -1.2460000000000002 -3.6450000000000005
250.4278135694 -46.02710956493 0.0136 0.01 4.5605 "" "" 5942774758028252928 2080.83496 0.4804 0.0155 -0.995 -2.464 0.019 0.016 0.884 4688.7 2.0693 12.053089 2.183431 13.189137 11.005706 -52.64 0.26 2013.91162 2144.31348 284256.99248 49.559 72404.0 50.126 313960.0 103.68 "" "" 0.0027618148789268025 0.0028896453 0.0037963511 0.0066859964 250.4278135694 -46.02710956493 2080.83496 -0.9949999999999999 -2.4639999999999995
250.74466454549 -45.95357544714 0.0155 0.0109 16.9905 "" "" 5943136913986703232 2109.86182 0.4798 0.0178 -2.821 -6.977 0.022 0.017 0.879 4679.4 1.4045 12.095062 2.470822 13.435923 10.9651 -25.02 0.34 2025.90576 2205.53687 273477.62794 66.563 57683.0 66.998 325930.0 145.95 "" "" 0.002767963878062853 0.0030619176 0.0038105256 0.0068724435 250.74466454549 -45.95357544714 2109.86182 -2.821 -6.9769999999999985
250.40423163392 -45.92688375967 0.0309 0.0202 10.3754 "" "" 5943150962798319104 2307.53784 0.423 0.0326 -0.552 -2.698 0.045 0.034 2.195 7000.0 2.5247 12.124971 1.089478 12.576901 11.487424 -24.93 11.44 2139.72827 2501.698 266046.90372 49.624 127250.0 86.334 201460.0 85.29 "" "" 0.0027627525865269414 0.00288577 0.0038072316 0.006693002 250.40423163392 -45.92688375967 2307.53784 -0.552 -2.6980000000000004
250.65679296262 -46.18065277396 0.0163 0.012 11.9067 "" "" 5942758269673186944 2217.21899 0.4547 0.019 -1.013 -3.28 0.024 0.019 0.854 "" "" 12.137397 2.643507 13.599854 10.956347 -62.84 0.34 2134.33887 2305.78125 263019.64617 80.783 49599.0 90.793 328560.0 214.72 "" "" 0.0027754263263963 0.0034256594 0.0038454111 0.0072710705 250.65679296262 -46.18065277396 2217.21899 -1.013 -3.2799999999999994
250.46956245902 -46.17595325313 0.0395 0.0295 5.5195 "" "" 5942760464377779328 2928.43091 0.3477 0.0447 -0.869 -1.777 0.059 0.053 0.828 "" "" 12.153377 3.946072 14.697742 10.751671 -47.41 0.2 2618.58643 3385.26172 259176.73201 131.69 18043.0 44.206 396730.0 329.93 "" "" 0.0028100056210771775 0.0038550152 0.003885743 0.0077407584 250.46956245902 -46.17595325313 2928.43091 -0.869 -1.7770000000000001
250.56777979469 -46.01086444406 0.0115 0.0084 8.943 "" "" 5943137906097751040 2334.76221 0.4142 0.0137 -0.651 -2.803 0.017 0.013 0.842 6036.3 2.8032 12.164766 1.118113 12.630576 11.512464 "" "" 2264.23804 2423.65308 256472.17238 131.58 121110.0 203.95 196870.0 272.38 "" "" 0.002811061216430717 0.0033358724 0.0040669707 0.007402843 250.56777979469 -46.01086444406 2334.76221 -0.6510000000000001 -2.803
250.53539309394 -46.27210047301 0.0116 0.0084 11.8686 "" "" 5942759193061467648 2884.78784 0.3304 0.0134 -1.278 -1.88 0.017 0.014 0.799 "" "" 12.172486 1.108213 12.633904 11.525691 "" "" 2771.48755 2968.09595 254654.90943 52.998 120740.0 83.066 194480.0 60.727 "" "" 0.0027645700151256035 0.0028884243 0.0037945572 0.0066829817 250.53539309394 -46.27210047301 2884.78784 -1.278 -1.8800000000000003
250.5579429986 -46.10621387548 0.0162 0.0102 6.7771 "" "" 5942761843086068864 2424.7207 0.4175 0.0165 0.413 -0.882 0.023 0.017 0.899 4707.0 1.9939 12.225344 2.281304 13.430035 11.14873 -36.36 0.4 2321.61963 2525.03662 242554.52054 43.559 57997.0 55.3 275210.0 102.51 "" "" 0.00276221054323062 0.002976035 0.0038009575 0.006776992 250.5579429986 -46.10621387548 2424.7207 0.41300000000000003 -0.8820000000000001
250.49439738151 -46.03716177033 0.0138 0.0103 5.576 "" "" 5942763144437757568 2177.2915 0.4594 0.0163 -1.918 -2.92 0.022 0.018 0.858 "" "" 12.257542 2.44693 13.582841 11.135911 -11.61 0.27 2100.55542 2264.27026 235467.069 52.955 50383.0 39.251 278480.0 84.524 "" "" 0.0027661183650354378 0.0029155621 0.0037937218 0.006709284 250.49439738151 -46.03716177033 2177.2915 -1.9180000000000001 -2.92
250.3774244649 -46.43404661798 0.0278 0.0207 20.0748 "" "" 5942727272869232640 2515.65112 0.4032 0.0316 -5.71 -4.026 0.039 0.035 0.848 3703.5 0.5533 12.311502 3.529764 14.494476 10.964712 -43.64 0.29 2336.46899 2816.86743 224050.44139 95.283 21758.0 44.055 326040.0 326.71 "" "" 0.00279374116579862 0.0035521646 0.0039328616 0.0074850265 250.3774244649 -46.43404661798 2515.65112 -5.71 -4.026000000000001
