Clusters/UBC_548/UBC_548_stars_in_region.tsv
# %ECSV 1.0
# ---
# datatype:
# - name: RA_ICRS_1
#   unit: deg
#   datatype: float64
#   format: '{:15.11f}'
#   description: Right ascension (ICRS) at Ep=2016.0 (ra)
#   meta: !!omap
#   - {ucd: POS_EQ_RA_MAIN}
#   - {width: 15}
#   - {precision: '11'}
# - name: DE_ICRS_1
#   unit: deg
#   datatype: float64
#   format: '{:15.11f}'
#   description: Declination (ICRS) at Ep=2016.0 (dec)
#   meta: !!omap
#   - {ucd: POS_EQ_DEC_MAIN}
#   - {width: 15}
#   - {precision: '11'}
# - name: e_RA_ICRS
#   unit: mas
#   datatype: float64
#   format: '{:7.4f}'
#   description: Standard error of right ascension (ra_error)
#   meta: !!omap
#   - {ucd: ERROR}
#   - {width: 7}
#   - {precision: '4'}
# - name: e_DE_ICRS
#   unit: mas
#   datatype: float64
#   format: '{:7.4f}'
#   description: Standard error of declination (dec_error)
#   meta: !!omap
#   - {ucd: ERROR}
#   - {width: 7}
#   - {precision: '4'}
# - name: _r_1
#   unit: ''
#   datatype: float64
#   format: '{:7.4f}'
#   description: Distance from center (250.39531076000-46.09969564000)[ICRS], at Epoch=J2016.0
#   meta: !!omap
#   - {ucd: POS_ANG_DIST_GENERAL}
#   - {width: 7}
#   - {precision: '4'}
# - name: HIP
#   datatype: int32
#   description: '? HIP cross-id number, van Leeuwen, Cat. I/311 (hip_original_ext_source_id)'
#   meta: !!omap
#   - {ucd: ID_NUMBER}
#   - {width: 6}
#   - values: {'null': -2147483648}
# - name: TYC2
#   datatype: string
#   description: Tycho-2 cross-id name, Hog et al., Cat. I/259 (tyc2_original_ext_source_id)
#   meta: !!omap
#   - {ucd: ID_CROSSID}
#   - {_votable_string_dtype: char}
# - name: Source
#   datatype: int64
#   description: Source identifier, identical to the Gaia-EDR3 source_id (id)
#   meta: !!omap
#   - {ucd: ID_MAIN}
#   - {width: 19}
# - name: rgeo
#   unit: pc
#   datatype: float64
#   format: '{:15.8f}'
#   description: '? Median of the geometric distance posterior (r_med_geo)'
#   meta: !!omap
#   - {ucd: PHYS_DISTANCE_TRUE}
#   - {width: 15}
#   - {precision: '8'}
#   - values: {'null': .nan}
# - name: Plx
#   unit: mas
#   datatype: float64
#   format: '{:9.4f}'
#   description: '? Parallax (parallax)'
#   meta: !!omap
#   - {ucd: POS_PARLX_TRIG}
#   - {width: 9}
#   - {precision: '4'}
#   - values: {'null': .nan}
# - name: e_Plx
#   unit: mas
#   datatype: float32
#   format: '{:7.4f}'
#   description: '? Standard error of parallax (parallax_error)'
#   meta: !!omap
#   - {ucd: ERROR}
#   - {width: 7}
#   - {precision: '4'}
#   - values: {'null': .nan}
# - name: pmRA
#   unit: mas / yr
#   datatype: float64
#   format: '{:9.3f}'
#   description: '? Proper motion in right ascension direction, pmRA*cosDE (pmra)'
#   meta: !!omap
#   - {ucd: POS_EQ_PMRA}
#   - {width: 9}
#   - {precision: '3'}
#   - values: {'null': .nan}
# - name: pmDE
#   unit: mas / yr
#   datatype: float64
#   format: '{:9.3f}'
#   description: '? Proper motion in declination direction (pmdec)'
#   meta: !!omap
#   - {ucd: POS_EQ_PMDEC}
#   - {width: 9}
#   - {precision: '3'}
#   - values: {'null': .nan}
# - name: e_pmRA
#   unit: mas / yr
#   datatype: float32
#   format: '{:6.3f}'
#   description: '? Standard error of proper motion in right ascension direction (pmra_error)'
#   meta: !!omap
#   - {ucd: ERROR}
#   - {width: 6}
#   - {precision: '3'}
#   - values: {'null': .nan}
# - name: e_pmDE
[...]
#         value: !astropy.table.SerializedColumn {name: SkyCoord.dec}
#       distance: !astropy.table.SerializedColumn
#         __class__: astropy.coordinates.distances.Distance
#         unit: !astropy.units.Unit {unit: pc}
#         value: !astropy.table.SerializedColumn {name: SkyCoord.distance}
#       frame: icrs
#       obstime: !astropy.time.Time {format: jyear_str, in_subfmt: '*', jd1: 367701545.0, jd2: 0.0, out_subfmt: '*', precision: 3, scale: tt}
#       pm_dec: !astropy.table.SerializedColumn
#         __class__: astropy.units.quantity.Quantity
#         unit: !astropy.units.Unit {unit: mas / yr}
#         value: !astropy.table.SerializedColumn {name: SkyCoord.pm_dec}
#       pm_ra_cosdec: !astropy.table.SerializedColumn
#         __class__: astropy.units.quantity.Quantity
#         unit: !astropy.units.Unit {unit: mas / yr}
#         value: !astropy.table.SerializedColumn {name: SkyCoord.pm_ra_cosdec}
#       ra: !astropy.table.SerializedColumn
#         __class__: astropy.coordinates.angles.Longitude
#         unit: *id001
#         value: !astropy.table.SerializedColumn {name: SkyCoord.ra}
#         wrap_angle: !astropy.coordinates.Angle
#           unit: *id001
#           value: 360.0
#       representation_type: spherical
# schema: astropy-2.0
RA_ICRS_1 DE_ICRS_1 e_RA_ICRS e_DE_ICRS _r_1 HIP TYC2 Source rgeo Plx e_Plx pmRA pmDE e_pmRA e_pmDE RUWE Teff logg Gmag BP-RP BPmag RPmag RV e_RV b_rgeo B_rgeo FG e_FG FBP e_FBP FRP e_FRP RAVE5 RAVE6 e_Gmag e_BPmag e_RPmag e_BP-RP SkyCoord.ra SkyCoord.dec SkyCoord.distance SkyCoord.pm_ra_cosdec SkyCoord.pm_dec rmRA rmDE e_rmRA e_rmDE rRV e_rRV v_pec v_pec3d e_vpec e_vpec3d
[from data line 1325]
250.19327409737 -45.94680560809 0.0427 0.03 12.4499 "" "" 5942778576279187456 2917.92261 0.3074 0.0472 -2.295 -5.763 0.061 0.05 1.015 "" "" 15.97313 3.001481 17.72573 14.72425 "" "" 2530.19019 3489.84473 7685.89569 3.8919 1109.5 8.1034 10220.0 11.575 "" "" 0.0028096353824005643 0.008406389 0.0039744 0.012380788 250.19327409737 -45.94680560809 2917.92261 -2.295000000000002 -5.763000000000008 -0.17675988197326653 -1.857680070877075 0.23177174 0.22077173 "" "" 25.80953440651994 "" 5.700625748201891 ""
250.76865887357 -46.15874762008 0.0372 0.0276 15.9237 "" "" 5943133065695870208 2408.04028 0.3888 0.0456 -2.637 -2.021 0.053 0.047 0.956 7106.1 3.9687 15.976706 1.419681 16.618334 15.198653 "" "" 2189.35034 2642.90869 7660.62867 3.1008 3076.7 6.2869 6602.3 15.478 "" "" 0.0027901482443104123 0.0035647103 0.0045565804 0.008121291 250.76865887357 -46.15874762008 2408.04028 -2.6370000000000005 -2.0209999999999995 -0.5187598819732666 1.884319929122925 0.22377174 0.21777174 "" "" 22.30801303168223 "" 4.867605204441351 ""
250.3611965538 -46.01484308038 0.0587 0.04 5.2856 "" "" 5942774968494421632 2767.80688 0.3522 0.0668 -2.457 -3.573 0.086 0.066 1.692 9935.4 4.0435 15.977584 1.517184 16.578705 15.061521 "" "" 2328.05762 3336.46704 7654.43359 5.2506 3191.1 39.214 7491.2 36.499 "" "" 0.0028542015725055913 0.013630751 0.0065013533 0.020132104 250.3611965538 -46.01484308038 2767.80688 -2.4570000000000007 -3.5730000000000013 -0.33875988197326645 0.33231992912292485 0.25677174 0.23677173 "" "" 6.2257732390991825 "" 1.5387991582412266 ""
250.01617283576 -46.19518734996 0.0427 0.0279 16.7693 "" "" 5942745968885076864 2846.521 0.3165 0.0468 -2.145 -1.282 0.062 0.049 1.037 6884.2 3.493 15.980619 2.465835 17.319159 14.853324 "" "" 2478.35669 3501.43994 7633.06446 3.5236 1613.4 7.0106 9074.6 13.33 "" "" 0.0028005342192418347 0.005481101 0.004102116 0.009583217 250.01617283576 -46.19518734996 2846.521 -2.145 -1.282 -0.02675988197326662 2.6233199291229248 0.23277172 0.21977173 "" "" 35.39701065679108 "" 7.7793114884969885 ""
250.67278752477 -45.91099390301 0.0382 0.0259 16.1838 "" "" 5943140208203148032 2362.51318 0.3944 0.0432 -0.464 -2.132 0.052 0.045 1.021 "" "" 15.981858 1.620636 16.741426 15.120791 "" "" 2131.81152 2728.95898 7624.36109 3.0115 2746.9 8.8421 7093.2 9.9992 "" "" 0.002788494266270187 0.0044720797 0.004077537 0.008549617 250.67278752477 -45.91099390301 2362.51318 -0.4639999999999998 -2.1320000000000006 1.6542401180267334 1.7733199291229247 0.22277173 0.21577173 "" "" 27.15717518014389 "" 5.948960156162246 ""
250.25406501968 -46.03752394697 0.0943 0.0647 6.9632 "" "" 5942774002115068160 2294.34521 0.4779 0.1102 -2.1 -2.225 0.139 0.112 1.001 "" "" 15.981964 5.517448 19.88659 14.369141 -81.56 5.19 1825.06274 3076.06372 7623.61872 8.8412 151.63 6.7034 14174.0 18.896 "" "" 0.0030293935712769836 0.04808026 0.0040470758 0.05212734 250.25406501968 -46.03752394697 2294.34521 -2.1000000000000005 -2.2250000000000005 0.01824011802673331 1.6803199291229247 0.30977172 0.28277174 -39.72500000000001 5.320625 18.27488567634229 43.72696046472223 5.167682065094017 5.294229258134828
250.71287051008 -46.09958499963 0.0505 0.0347 13.2119 "" "" 5943133512372491264 2442.20044 0.401 0.0585 -1.26 -2.699 0.071 0.054 1.277 8825.1 4.2435 15.982298 1.383592 16.5891 15.205508 "" "" 2148.27344 2855.18872 7621.27336 4.3779 3160.7 12.852 6560.8 12.445 "" "" 0.002825025231661918 0.0052226023 0.0043041003 0.009526703 250.71287051008 -46.09958499963 2442.20044 -1.26 -2.699 0.8582401180267334 1.206319929122925 0.24177173 0.22477174 "" "" 17.137935746174563 "" 3.952430226774961 ""
249.99553065268 -46.01250754491 0.0399 0.0288 17.4484 "" "" 5942959785223888128 2150.53442 0.4481 0.0477 -3.467 -4.322 0.061 0.05 1.099 7935.9 4.2744 15.982338 1.599488 16.720922 15.121434 "" "" 1970.38342 2376.73413 7620.99413 3.0693 2799.3 9.342 7089.0 11.111 "" "" 0.0027898022333456354 0.0045731803 0.0041448325 0.008718013 249.99553065268 -46.01250754491 2150.53442 -3.4669999999999996 -4.322 -1.3487598819732667 -0.41668007087707526 0.23177174 0.22077173 "" "" 14.38977248135214 "" 3.3216516006885493 ""
250.37670480812 -46.26800754144 0.0408 0.0281 10.1282 "" "" 5942754004739214720 2005.39038 0.4799 0.0459 -1.1 -2.451 0.061 0.047 0.997 9018.3 3.6224 15.982736 1.559791 16.700474 15.140683 "" "" 1855.73303 2231.67896 7618.20043 3.0385 2852.5 7.7611 6964.4 9.1898 "" "" 0.002789142476258489 0.00406345 0.0040418156 0.008105265 250.37670480812 -46.26800754144 2005.39038 -1.0999999999999996 -2.4510000000000005 1.0182401180267333 1.4543199291229247 0.23177174 0.21777174 "" "" 16.875656876848897 "" 3.7544005559072158 ""
250.87334115143 -46.05494193986 0.0423 0.0273 20.0766 "" "" 5943088565515684096 2621.0083 0.3718 0.0484 -2.988 -3.205 0.063 0.047 0.962 5849.1 3.9301 15.983792 1.505558 16.662159 15.156601 "" "" 2346.54639 3026.62158 7610.78868 3.4308 2955.0 15.602 6863.1 12.988 "" "" 0.002798451452024305 0.006375505 0.0043017995 0.010677304 250.87334115143 -46.05494193986 2621.0083 -2.988 -3.205 -0.8697598819732666 0.7003199291229247 0.23377174 0.21777174 "" "" 13.872918000999508 "" 3.1576534458019596 ""
250.08335964366 -45.99521920512 0.0395 0.0272 14.4241 "" "" 5942772357166533888 2457.78809 0.3645 0.0443 -2.049 -3.403 0.06 0.05 0.915 11053.8 3.7276 15.984909 3.041391 17.760784 14.719393 "" "" 2223.78882 2763.69824 7602.96648 3.7156 1074.2 6.3335 10266.0 10.518 "" "" 0.0028059453921644296 0.006983157 0.003939687 0.010922844 250.08335964366 -45.99521920512 2457.78809 -2.049 -3.4030000000000014 0.06924011802673347 0.5023199291229248 0.23077174 0.22077173 "" "" 5.907317164959072 "" 1.305294555655204 ""
250.45158648232 -46.36716940179 0.0475 0.0366 16.2175 "" "" 5942751152887771648 2331.19238 0.3692 0.0567 -3.626 -3.648 0.071 0.063 0.927 4502.1 1.8176 15.986782 4.267747 18.761438 14.493691 -63.86 3.56 2046.453 2634.08643 7589.86327 8.8974 427.41 10.767 12638.0 26.987 "" "" 0.003035088003721966 0.02749302 0.004433848 0.03192687 250.45158648232 -46.36716940179 2331.19238 -3.6259999999999986 -3.647999999999999 -1.5077598819732665 0.2573199291229247 0.24177173 0.23377174 -22.025000000000006 3.690625 16.901410049179905 27.76253386581491 4.0825179717580795 3.8405347431596626
250.51251705824 -46.03149509276 0.0367 0.0264 6.3681 "" "" 5942763251835406208 2401.3916 0.3835 0.0422 -3.209 -5.519 0.054 0.044 0.992 5044.0 3.4852 15.98697 2.120884 17.072002 14.951118 "" "" 2203.79565 2728.5896 7588.5462 3.7374 2025.9 7.9249 8293.0 24.568 "" "" 0.0028067288018889234 0.0050816867 0.0049628164 0.010044503 250.51251705824 -46.03149509276 2401.3916 -3.2090000000000005 -5.519 -1.0907598819732667 -1.6136800708770753 0.22477174 0.21477173 "" "" 22.17042375036366 "" 4.832204445858811 ""
250.42639126043 -45.9955242498 0.0444 0.0315 6.3829 "" "" 5942775239065743104 2479.65112 0.3768 0.0517 -0.455 -2.707 0.064 0.053 1.188 7945.4 3.8877 15.987084 1.618164 16.736332 15.118168 "" "" 2202.8208 2878.96411 7587.74712 3.8664 2759.8 8.4078 7110.4 16.556 "" "" 0.002810315013259016 0.004327364 0.004546951 0.008874315 250.42639126043 -45.9955242498 2479.65112 -0.4549999999999995 -2.7070000000000007 1.6632401180267333 1.198319929122925 0.23477173 0.22377174 "" "" 24.094306502726642 "" 5.567516005505253 ""
250.20313659747 -46.02548207979 0.0428 0.0309 9.1563 "" "" 5942777197570759424 2041.05005 0.4436 0.05 -1.569 -2.522 0.066 0.052 1.029 7684.0 3.5426 15.987899 3.115544 17.824268 14.708724 "" "" 1821.35425 2354.55591 7582.05834 3.6383 1013.2 6.1795 10367.0 10.263 "" "" 0.002804144759989548 0.0071857204 0.003929252 0.011114972 250.20313659747 -46.02548207979 2041.05005 -1.5690000000000004 -2.5220000000000002 0.5492401180267334 1.383319929122925 0.23677173 0.22277173 "" "" 14.399329320981328 "" 3.2359543071080195 ""
250.25398735413 -46.32198871542 0.0408 0.0271 14.5713 "" "" 5942763904670086912 2801.70386 0.3171 0.0461 -3.265 -3.587 0.06 0.047 0.99 6796.5 3.8669 15.988054 1.872876 16.906925 15.034049 "" "" 2476.06689 3116.7146 7580.97553 3.1038 2358.6 8.6785 7683.1 11.382 "" "" 0.002790947673127336 0.0048728758 0.004107411 0.008980287 250.25398735413 -46.32198871542 2801.70386 -3.2650000000000006 -3.587 -1.1467598819732667 0.3183199291229246 0.23077174 0.21777174 "" "" 15.804885460712265 "" 3.633008011899991 ""
250.66640776858 -46.1258978786 0.0722 0.0493 11.3852 "" "" 5942758888148515200 2097.62598 0.504 0.0795 -3.326 -3.327 0.101 0.077 1.892 "" "" 15.988949 1.544747 16.680748 15.136001 "" "" 1799.97644 2483.19312 7574.73013 8.6374 2904.8 9.1041 6994.5 11.57 "" "" 0.003020690510218591 0.0044005183 0.004184407 0.008584926 250.66640776858 -46.1258978786 2097.62598 -3.3260000000000005 -3.327 -1.2077598819732667 0.5783199291229248 0.27177173 0.24777174 "" "" 13.31414359824089 "" 3.560983698677208 ""
250.45281570135 -46.15745766238 0.0457 0.0292 4.2106 "" "" 5942760915360969088 2263.24609 0.4182 0.0486 2.06 -1.243 0.066 0.049 0.953 9268.2 3.6725 15.990241 1.780759 16.819208 15.038449 "" "" 2017.18237 2642.24097 7565.72162 4.1182 2557.0 7.3515 7652.1 22.599 "" "" 0.002817988749398167 0.0041867755 0.0049563544 0.00914313 250.45281570135 -46.15745766238 2263.24609 2.06 -1.243 4.178240118026734 2.6623199291229245 0.23677173 0.21977173 "" "" 53.1492673082043 "" 12.330134055373245 ""
250.18798865686 -46.33548684266 0.0441 0.0293 16.5599 "" "" 5942741158521816320 2254.87695 0.4266 0.0494 -0.379 -1.157 0.066 0.051 0.966 "" "" 15.993243 1.414313 16.621237 15.206924 "" "" 2004.34692 2562.87427 7544.82766 3.1575 3068.5 10.405 6552.2 13.069 "" "" 0.0027925346483230066 0.0046194647 0.004355867 0.008975332 250.18798865686 -46.33548684266 2254.87695 -0.379 -1.157 1.7392401180267334 2.7483199291229248 0.23677173 0.22177173 "" "" 34.76221633768055 "" 7.861917962378146 ""
250.54229248975 -45.92500224894 0.05 0.0339 12.1399 "" "" 5943139280490111616 2922.64941 0.3123 0.0572 -10.251 -11.86 0.069 0.058 1.246 7593.3 3.9033 15.994156 2.220372 17.062572 14.8422 "" "" 2508.00098 3420.23071 7538.48767 5.6285 2043.6 12.449 9168.1 35.505 "" "" 0.0028720969440270833 0.0071784244 0.0056535993 0.012832023 250.54229248975 -45.92500224894 2922.64941 -10.250999999999998 -11.86 -8.132759881973266 -7.954680070877075 0.23977172 0.22877173 "" "" 157.59905575316645 "" 36.95035383413718 ""
250.44398375313 -46.08843999595 0.0395 0.0277 2.1348 "" "" 5942762839518531840 2114.6853 0.4617 0.047 -0.613 -0.939 0.056 0.047 0.976 9264.4 3.8703 15.997078 1.768359 16.838112 15.069753 "" "" 1915.26428 2329.35815 7518.22958 3.1621 2512.9 8.2607 7434.6 11.506 "" "" 0.002792905199054471 0.0045303362 0.0041360836 0.00866642 250.44398375313 -46.08843999595 2114.6853 -0.613 -0.9390000000000001 1.5052401180267334 2.9663199291229247 0.22677174 0.21777174 "" "" 33.34232698127582 "" 7.323465544659567 ""
250.3323310568 -46.0453049216 0.0379 0.0261 4.186 "" "" 5942774178232265344 2887.88135 0.3147 0.0461 -1.58 -3.857 0.056 0.043 1.012 "" "" 15.997085 1.733302 16.821495 15.088193 "" "" 2549.59863 3442.0752 7518.18271 5.6387 2551.6 11.332 7309.4 25.972 "" "" 0.002873132809320017 0.005570976 0.00540064 0.010971616 250.3323310568 -46.0453049216 2887.88135 -1.58 -3.857000000000002 0.5382401180267333 0.0483199291229246 0.22677174 0.21377173 "" "" 7.39736086806228 "" 1.676765444020423 ""
250.4628592551 -46.29578904829 0.0502 0.0355 12.0954 "" "" 5942753046993324160 2819.33374 0.3442 0.0575 -1.453 -2.556 0.074 0.06 1.306 9047.5 4.0089 15.998316 1.602316 16.731907 15.129591 "" "" 2376.11865 3323.21216 7509.66168 3.5209 2771.1 9.7666 7035.9 14.078 "" "" 0.002801948954031789 0.0047358293 0.004359263 0.009095092 250.4628592551 -46.29578904829 2819.33374 -1.4530000000000007 -2.556 0.6652401180267333 1.3493199291229248 0.24477173 0.23077174 "" "" 20.10421550598963 "" 4.695847809085221 ""
250.13781562283 -46.2124040853 0.0383 0.0271 12.6595 "" "" 5942768233997169664 2195.63062 0.4274 0.0464 -2.428 -4.377 0.057 0.048 0.931 7335.8 3.274 15.998651 1.738689 16.834093 15.095405 "" "" 1989.60315 2463.39697 7507.33777 2.7703 2522.2 7.2609 7261.0 9.6826 "" "" 0.0027842970078165623 0.00418981 0.0040472164 0.008237027 250.13781562283 -46.2124040853 2195.63062 -2.428000000000001 -4.377000000000001 -0.30975988197326654 -0.471680070877075 0.22777173 0.21877173 "" "" 5.8728220454005875 "" 1.3009600177264713 ""
250.6246710064 -46.36734345732 0.0766 0.0583 18.6682 "" "" 5942749061264003584 2733.76123 0.3549 0.0932 -4.153 -0.832 0.112 0.102 0.916 4332.1 1.8446 16.000889 4.621732 19.123238 14.501506 77.96 6.74 2234.29126 3479.46875 7491.8842 7.568 306.28 7.9559 12547.0 13.034 "" "" 0.0029655837908457955 0.028340662 0.0039440887 0.03228475 250.6246710064 -46.36734345732 2733.76123 -4.153 -0.8320000000000003 -2.034759881973266 3.073319929122925 0.28277174 0.27277172 119.79499999999999 6.8706245 47.761441413204565 128.96510113541171 13.175359857099465 8.033661496087245
250.59063670192 -46.17978557393 0.042 0.0278 9.4358 "" "" 5942758437153219712 2382.3894 0.3925 0.0473 -2.457 -3.866 0.06 0.047 0.979 9097.3 4.1712 16.000896 1.594213 16.68399 15.089777 "" "" 2157.62256 2727.94849 7491.83836 3.9425 2896.1 18.203 7298.7 65.033 "" "" 0.002813936440494737 0.007372596 0.010386181 0.017758777 250.59063670192 -46.17978557393 2382.3894 -2.457 -3.8660000000000005 -0.33875988197326645 0.0393199291229247 0.23077174 0.21777174 "" "" 3.8511373032551743 "" 0.8880866270215415 ""
250.82485637722 -45.94395312889 0.0433 0.0279 20.1889 "" "" 5943141930508462080 2096.90967 0.4558 0.0455 -1.177 -3.41 0.06 0.044 1.05 7223.1 3.9546 16.001537 1.431822 16.643103 15.211281 "" "" 1885.46863 2287.08228 7487.41867 3.456 3007.3 11.994 6526.0 13.938 "" "" 0.002800524708928224 0.00515131 0.004434063 0.009585373 250.82485637722 -45.94395312889 2096.90967 -1.1769999999999998 -3.41 0.9412401180267334 0.49531992912292466 0.23077174 0.21477173 "" "" 10.571634001652509 "" 2.403962121885468 ""
250.30354200304 -46.32889859108 0.0404 0.0268 14.2702 "" "" 5942763762911924480 2404.90894 0.3929 0.0458 -3.168 -3.688 0.059 0.046 0.971 "" "" 16.001554 1.684712 16.79404 15.109328 "" "" 2167.25781 2665.53687 7487.30019 3.1379 2617.0 12.09 7168.5 14.124 "" "" 0.0027926403160604715 0.0057396926 0.0043428047 0.010082497 250.30354200304 -46.32889859108 2404.90894 -3.167999999999999 -3.688000000000002 -1.0497598819732668 0.21731992912292464 0.22977173 0.21677174 "" "" 12.220227101108966 "" 2.8015117109691166 ""
250.15402297567 -46.10745916623 0.0388 0.0264 10.0487 "" "" 5942770600500786048 2838.9165 0.3171 0.0447 -3.13 -4.799 0.058 0.048 1.031 9261.2 3.9434 16.001667 1.730222 16.830744 15.100522 "" "" 2552.10791 3184.66235 7486.51669 3.5273 2530.0 7.1564 7226.9 10.912 "" "" 0.0028024045649911525 0.0041493247 0.0041196183 0.008268943 250.15402297567 -46.10745916623 2838.9165 -3.13 -4.799 -1.0117598819732665 -0.8936800708770756 0.22877173 0.21877173 "" "" 18.16534016921177 "" 4.077099930620152 ""
250.21159837009 -45.81525494205 0.0428 0.0272 18.7078 "" "" 5942780878381350272 2606.29639 0.3366 0.0488 -3.769 -5.711 0.063 0.048 1.05 15018.9 4.006 16.00172 2.805607 17.597345 14.791738 "" "" 2354.22485 2998.42017 7486.14605 3.4867 1248.8 6.0852 9604.2 13.159 "" "" 0.0028013402780235324 0.0059812767 0.0040616104 0.010042887 250.21159837009 -45.81525494205 2606.29639 -3.769000000000002 -5.711000000000007 -1.6507598819732667 -1.8056800708770755 0.23377174 0.21877173 "" "" 30.22400079508817 "" 6.822294611963654 ""
250.23819664715 -46.04856909534 0.0394 0.0281 7.2234 "" "" 5942776927011699072 2604.15503 0.3642 0.0468 -4.878 -5.696 0.059 0.049 1.027 "" "" 16.001774 1.634672 16.764555 15.129883 "" "" 2306.9187 2928.96826 7485.78823 3.0482 2689.0 6.8947 7034.0 10.967 "" "" 0.0027905645537018497 0.0039414437 0.004141178 0.008082622 250.23819664715 -46.04856909534 2604.15503 -4.878 -5.696 -2.7597598819732667 -1.790680070877075 0.22977173 0.21977173 "" "" 40.6083354734217 "" 9.212201241800068 ""
