Clusters/UBC_548/UBC_548_stars_in_region.tsv
# %ECSV 1.0
# ---
# datatype:
# - name: RA_ICRS_1
#   unit: deg
#   datatype: float64
#   format: '{:15.11f}'
#   description: Right ascension (ICRS) at Ep=2016.0 (ra)
#   meta: !!omap
#   - {ucd: POS_EQ_RA_MAIN}
#   - {width: 15}
#   - {precision: '11'}
# - name: DE_ICRS_1
#   unit: deg
#   datatype: float64
#   format: '{:15.11f}'
#   description: Declination (ICRS) at Ep=2016.0 (dec)
#   meta: !!omap
#   - {ucd: POS_EQ_DEC_MAIN}
#   - {width: 15}
#   - {precision: '11'}
# - name: e_RA_ICRS
#   unit: mas
#   datatype: float64
#   format: '{:7.4f}'
#   description: Standard error of right ascension (ra_error)
#   meta: !!omap
#   - {ucd: ERROR}
#   - {width: 7}
#   - {precision: '4'}
# - name: e_DE_ICRS
#   unit: mas
#   datatype: float64
#   format: '{:7.4f}'
#   description: Standard error of declination (dec_error)
#   meta: !!omap
#   - {ucd: ERROR}
#   - {width: 7}
#   - {precision: '4'}
# - name: _r_1
#   unit: ''
#   datatype: float64
#   format: '{:7.4f}'
#   description: Distance from center (250.39531076000-46.09969564000)[ICRS], at Epoch=J2016.0
#   meta: !!omap
#   - {ucd: POS_ANG_DIST_GENERAL}
#   - {width: 7}
#   - {precision: '4'}
# - name: HIP
#   datatype: int32
#   description: '? HIP cross-id number, van Leeuwen, Cat. I/311 (hip_original_ext_source_id)'
#   meta: !!omap
#   - {ucd: ID_NUMBER}
#   - {width: 6}
#   - values: {'null': -2147483648}
# - name: TYC2
#   datatype: string
#   description: Tycho-2 cross-id name, Hog et al., Cat. I/259 (tyc2_original_ext_source_id)
#   meta: !!omap
#   - {ucd: ID_CROSSID}
#   - {_votable_string_dtype: char}
# - name: Source
#   datatype: int64
#   description: Source identifier, identical to the Gaia-EDR3 source_id (id)
#   meta: !!omap
#   - {ucd: ID_MAIN}
#   - {width: 19}
# - name: rgeo
#   unit: pc
#   datatype: float64
#   format: '{:15.8f}'
#   description: '? Median of the geometric distance posterior (r_med_geo)'
#   meta: !!omap
#   - {ucd: PHYS_DISTANCE_TRUE}
#   - {width: 15}
#   - {precision: '8'}
#   - values: {'null': .nan}
# - name: Plx
#   unit: mas
#   datatype: float64
#   format: '{:9.4f}'
#   description: '? Parallax (parallax)'
#   meta: !!omap
#   - {ucd: POS_PARLX_TRIG}
#   - {width: 9}
#   - {precision: '4'}
#   - values: {'null': .nan}
# - name: e_Plx
#   unit: mas
#   datatype: float32
#   format: '{:7.4f}'
#   description: '? Standard error of parallax (parallax_error)'
#   meta: !!omap
#   - {ucd: ERROR}
#   - {width: 7}
#   - {precision: '4'}
#   - values: {'null': .nan}
# - name: pmRA
#   unit: mas / yr
#   datatype: float64
#   format: '{:9.3f}'
#   description: '? Proper motion in right ascension direction, pmRA*cosDE (pmra)'
#   meta: !!omap
#   - {ucd: POS_EQ_PMRA}
#   - {width: 9}
#   - {precision: '3'}
#   - values: {'null': .nan}
# - name: pmDE
#   unit: mas / yr
#   datatype: float64
#   format: '{:9.3f}'
#   description: '? Proper motion in declination direction (pmdec)'
#   meta: !!omap
#   - {ucd: POS_EQ_PMDEC}
#   - {width: 9}
#   - {precision: '3'}
#   - values: {'null': .nan}
# - name: e_pmRA
#   unit: mas / yr
#   datatype: float32
#   format: '{:6.3f}'
#   description: '? Standard error of proper motion in right ascension direction (pmra_error)'
#   meta: !!omap
#   - {ucd: ERROR}
#   - {width: 6}
#   - {precision: '3'}
#   - values: {'null': .nan}
# - name: e_pmDE
[...]
#         value: !astropy.table.SerializedColumn {name: SkyCoord.dec}
#       distance: !astropy.table.SerializedColumn
#         __class__: astropy.coordinates.distances.Distance
#         unit: !astropy.units.Unit {unit: pc}
#         value: !astropy.table.SerializedColumn {name: SkyCoord.distance}
#       frame: icrs
#       obstime: !astropy.time.Time {format: jyear_str, in_subfmt: '*', jd1: 367701545.0, jd2: 0.0, out_subfmt: '*', precision: 3, scale: tt}
#       pm_dec: !astropy.table.SerializedColumn
#         __class__: astropy.units.quantity.Quantity
#         unit: !astropy.units.Unit {unit: mas / yr}
#         value: !astropy.table.SerializedColumn {name: SkyCoord.pm_dec}
#       pm_ra_cosdec: !astropy.table.SerializedColumn
#         __class__: astropy.units.quantity.Quantity
#         unit: !astropy.units.Unit {unit: mas / yr}
#         value: !astropy.table.SerializedColumn {name: SkyCoord.pm_ra_cosdec}
#       ra: !astropy.table.SerializedColumn
#         __class__: astropy.coordinates.angles.Longitude
#         unit: *id001
#         value: !astropy.table.SerializedColumn {name: SkyCoord.ra}
#         wrap_angle: !astropy.coordinates.Angle
#           unit: *id001
#           value: 360.0
#       representation_type: spherical
# schema: astropy-2.0
RA_ICRS_1 DE_ICRS_1 e_RA_ICRS e_DE_ICRS _r_1 HIP TYC2 Source rgeo Plx e_Plx pmRA pmDE e_pmRA e_pmDE RUWE Teff logg Gmag BP-RP BPmag RPmag RV e_RV b_rgeo B_rgeo FG e_FG FBP e_FBP FRP e_FRP RAVE5 RAVE6 e_Gmag e_BPmag e_RPmag e_BP-RP SkyCoord.ra SkyCoord.dec SkyCoord.distance SkyCoord.pm_ra_cosdec SkyCoord.pm_dec rmRA rmDE e_rmRA e_rmDE rRV e_rRV v_pec v_pec3d e_vpec e_vpec3d
[from data line 263]
250.11511283259 -45.93901738143 0.0188 0.0132 15.1405 "" "" 5942778404480503552 2115.62524 0.4353 0.0207 -1.738 -2.69 0.028 0.022 1.032 "" "" 14.226888 1.125565 14.694213 13.568648 "" "" 2010.89551 2220.95703 38387.66849 6.7124 18102.0 19.594 29628.0 12.868 "" "" 0.0027618530719110295 0.0030275735 0.0038086865 0.0068362597 250.11511283259 -45.93901738143 2115.62524 -1.7379999999999989 -2.6900000000000013 0.3802401180267334 1.2153199291229249 0.19877173 0.19277173 "" "" 12.769883960913374 "" 2.468600693768933 ""
250.49436465648 -45.87091161217 0.0206 0.0137 14.3348 "" "" 5943152818227377792 2570.8562 0.3453 0.0231 -2.263 -3.691 0.03 0.024 1.109 "" "" 14.227351 1.431403 14.859457 13.428054 "" "" 2440.46509 2683.08594 38371.28917 9.3949 15547.0 21.511 33724.0 55.695 "" "" 0.0027681143365394555 0.003168874 0.004183167 0.007352041 250.49436465648 -45.87091161217 2570.8562 -2.263 -3.690999999999993 -0.1447598819732665 0.21431992912292497 0.20077173 0.19477174 "" "" 3.151604490945983 "" 0.6198297166379051 ""
250.32633030215 -46.10712847141 0.0182 0.0135 2.9041 "" "" 5942772872562499200 2650.5896 0.3379 0.0212 -0.902 -2.52 0.027 0.022 0.951 8513.0 3.263 14.22929 1.4874 14.905833 13.418433 "" "" 2540.65942 2832.90088 38302.81179 7.6063 14896.0 12.32 34024.0 16.768 "" "" 0.0027637432394928864 0.002931111 0.0038170721 0.006748183 250.32633030215 -46.10712847141 2650.5896 -0.9019999999999995 -2.5199999999999996 1.2162401180267333 1.3853199291229248 0.19777173 0.19277173 "" "" 23.16087533632984 "" 4.515534576727816 ""
250.32639107366 -46.33660676852 0.0539 0.0354 14.4998 "" "" 5942752016200591232 2699.18457 0.3242 0.0611 -3.321 -4.791 0.08 0.061 0.92 "" "" 14.230844 5.355368 18.035194 12.679827 -89.39 0.82 2345.99634 3310.36108 38248.03215 35.604 834.33 8.6155 67178.0 168.29 "" "" 0.002934836462978038 0.011553556 0.004656358 0.016209913 250.32639107366 -46.33660676852 2699.18457 -3.3209999999999966 -4.791 -1.2027598819732668 -0.8856800708770756 0.25077173 0.23177174 -47.55500000000001 0.950625 19.110260185780913 51.25114700539144 4.667871341182656 1.9512798394847402
250.57240241132 -46.14318096547 0.0229 0.0139 7.8134 "" "" 5942761533848389760 2608.00659 0.3426 0.0237 -2.511 -3.537 0.032 0.023 0.985 8286.9 3.5311 14.230971 1.80253 15.101363 13.298833 "" "" 2477.62939 2758.0061 38243.54439 15.953 12441.0 22.456 37986.0 37.125 "" "" 0.002792295415807278 0.0034096453 0.003925521 0.0073351664 250.57240241132 -46.14318096547 2608.00659 -2.511 -3.537 -0.3927598819732667 0.3683199291229249 0.20277174 0.19377173 "" "" 6.6561949842121475 "" 1.321995035896164 ""
250.6567807809 -46.32516657949 0.0199 0.015 17.3455 "" "" 5942755104250664832 2723.69922 0.3244 0.0252 -1.785 -2.589 0.028 0.026 1.245 6998.6 2.8042 14.233482 1.891308 15.166255 13.274947 -27.79 2.42 2560.33472 2873.80542 38155.20534 9.0318 11720.0 17.856 38831.0 23.375 "" "" 0.0027672806089543774 0.0032436608 0.0038354779 0.0070791384 250.6567807809 -46.32516657949 2723.69922 -1.7849999999999993 -2.5889999999999977 0.3332401180267335 1.3163199291229248 0.19877173 0.19677174 14.044999999999995 2.550625 17.530252315849985 22.462675069042056 3.451580030263241 3.130377181616403
250.73960520541 -46.29702573098 0.0171 0.013 18.5641 "" "" 5942708585487133056 2015.89807 0.4576 0.0204 -2.39 -2.031 0.024 0.021 0.959 "" "" 14.233892 1.283556 14.786109 13.502553 "" "" 1927.73108 2121.23242 38140.8379 11.142 16633.0 27.572 31487.0 21.804 "" "" 0.0027735155663900094 0.0033202854 0.00385344 0.0071737254 250.73960520541 -46.29702573098 2015.89807 -2.390000000000002 -2.0310000000000006 -0.2717598819732667 1.8743199291229247 0.19477174 0.19177173 "" "" 18.097070509978767 "" 3.4716329311872482 ""
250.82289107021 -46.09802336037 0.0464 0.0319 17.7897 "" "" 5943086817484414848 2646.72827 0.3465 0.055 -2.506 -1.91 0.065 0.051 2.486 7522.4 3.8559 14.239429 1.109878 14.701798 13.591921 -53.17 11.9 2279.13647 3131.74805 37946.77339 15.173 17976.0 17.923 28999.0 19.394 "" "" 0.002789311604969087 0.002992813 0.0038485033 0.0068413164 250.82289107021 -46.09802336037 2646.72827 -2.506 -1.9099999999999997 -0.3877598819732664 1.9953199291229249 0.23577173 0.22177173 -11.335000000000008 12.030624 25.50057370858193 27.906298293876603 5.6686927318442475 7.12119663140785
250.02162718385 -45.91916202832 0.0218 0.0148 18.9691 "" "" 5942966283555035008 2033.83423 0.4489 0.0233 -3.482 0.599 0.031 0.026 1.048 "" "" 14.241434 2.158834 15.359566 13.200732 -39.93 2.25 1942.52747 2118.31665 37876.77185 11.348 9808.2 14.983 41578.0 33.144 "" "" 0.0027744554345263436 0.0032459053 0.0038772172 0.0071231225 250.02162718385 -45.91916202832 2033.83423 -3.482 0.5989999999999995 -1.3637598819732668 4.504319929122925 0.20177174 0.19677174 1.904999999999994 2.380625 45.36996008100609 45.40993616767245 8.946795924437433 8.93947760214063
250.6944650838 -46.03609826029 0.0234 0.0146 13.0248 "" "" 5943134783682859264 2377.41113 0.3847 0.0256 1.173 -5.682 0.032 0.024 0.976 4781.0 2.5615 14.243096 2.221714 15.406537 13.184823 -74.85 2.3 2240.79956 2525.24072 37818.82938 11.109 9393.0 12.62 42192.0 25.292 "" "" 0.0027737166030829207 0.0031484892 0.0038350131 0.0069835023 250.6944650838 -46.03609826029 2377.41113 1.1730000000000005 -5.681999999999997 3.2912401180267334 -1.7766800708770756 0.20277174 0.19477174 -33.015 2.430625 42.14768208908815 53.53893284781498 8.471446156268131 6.8353708750455615
250.71633184083 -45.99278450988 0.0221 0.0137 14.8281 "" "" 5943136432950334208 2261.96362 0.3982 0.0231 -1.922 -2.273 0.032 0.023 0.995 "" "" 14.244684 1.220931 14.769421 13.54849 "" "" 2131.62817 2387.21973 37763.56561 17.582 16891.0 23.72 30183.0 44.551 "" "" 0.002801306452154803 0.0031795832 0.004105117 0.0072847004 250.71633184083 -45.99278450988 2261.96362 -1.922000000000001 -2.2729999999999997 0.19624011802673347 1.6323199291229247 0.20277174 0.19377173 "" "" 17.627278081384656 "" 3.417980235692444 ""
250.29914999252 -45.99498236626 0.0184 0.0128 7.4505 "" "" 5942775964938699008 2435.26929 0.3669 0.0222 -3.185 -4.669 0.027 0.022 0.891 5814.9 2.6749 14.246825 2.124453 15.340379 13.215925 -55.27 2.27 2320.47021 2578.35718 37689.183 9.5366 9983.1 16.08 41000.0 29.444 "" "" 0.0027689825325800076 0.0032929345 0.0038589747 0.007151909 250.29914999252 -45.99498236626 2435.26929 -3.185 -4.6690000000000005 -1.0667598819732667 -0.7636800708770748 0.19777173 0.19277173 -13.43500000000001 2.400625 15.143943158038109 20.244461943304138 2.969603181460082 2.7336484504319682
250.32762747606 -46.27612881767 0.0207 0.0138 10.953 "" "" 5942764316987532544 2169.30493 0.4187 0.0235 -4.008 -5.176 0.03 0.024 1.014 "" "" 14.248212 2.666962 15.739102 13.072141 24.5 1.52 2029.96619 2276.64258 37641.05837 13.25 6914.7 16.769 46806.0 25.697 "" "" 0.002781700551443241 0.0038364003 0.0038260997 0.0076625003 250.32762747606 -46.27612881767 2169.30493 -4.007999999999997 -5.176000000000002 -1.8897598819732666 -1.2706800708770754 0.20077173 0.19477174 66.335 1.650625 23.415728543145335 70.34648938082319 4.657927232664034 2.1969490052869816
250.59734340717 -46.0687891575 0.0206 0.0143 8.6099 "" "" 5942762186683463680 2145.66675 0.4258 0.0222 -1.845 -3.992 0.029 0.023 0.925 8933.8 3.5016 14.248511 1.170794 14.741738 13.570945 "" "" 2054.94043 2263.27344 37630.70046 9.1722 17327.0 16.345 29565.0 21.214 "" "" 0.0027679999544742585 0.0029722112 0.0038588413 0.0068310527 250.59734340717 -46.0687891575 2145.66675 -1.8449999999999998 -3.992 0.2732401180267334 -0.08668007087707519 0.19977173 0.19377173 "" "" 2.915457811620535 "" 0.5808485136493478 ""
250.83076272669 -45.99887575877 0.0226 0.0146 19.1156 "" "" 5943135913235377920 2371.04639 0.3825 0.0242 -2.141 -3.948 0.032 0.025 1.002 7574.5 2.9833 14.249753 0.897146 14.600676 13.703529 "" "" 2241.53418 2521.20044 37587.69783 9.8289 19731.0 45.591 26167.0 28.473 "" "" 0.0027699089048829405 0.0037521708 0.0039597317 0.0077119023 250.83076272669 -45.99887575877 2371.04639 -2.141 -3.9479999999999986 -0.022759881973266616 -0.04268007087707515 0.20277174 0.19577174 "" "" 0.5436122841300577 "" 0.10727808738019057 ""
250.82549210038 -46.14987028266 0.0174 0.013 18.1408 "" "" 5943086576966180480 2316.77173 0.3951 0.0217 -1.695 -3.089 0.026 0.02 0.939 "" "" 14.252075 1.143126 14.735882 13.592756 "" "" 2187.80322 2464.24146 37507.38846 7.9576 17421.0 16.737 28977.0 17.555 "" "" 0.002764932343620946 0.0029787784 0.0038361938 0.0068149725 250.82549210038 -46.14987028266 2316.77173 -1.6949999999999998 -3.0889999999999995 0.42324011802673334 0.8163199291229248 0.19677174 0.19077173 "" "" 10.097667593270188 "" 1.939343478012171 ""
250.4006539634 -46.04504405807 0.0197 0.0137 3.2866 "" "" 5942774693628310144 2402.18408 0.3733 0.0222 -0.883 -2.574 0.027 0.022 1.039 4926.9 2.8479 14.252392 2.184272 15.389508 13.205236 -49.13 1.68 2269.32202 2527.55054 37496.44847 10.333 9541.4 11.974 41406.0 21.744 "" "" 0.002771517570113264 0.0031050898 0.0038221478 0.006927238 250.4006539634 -46.04504405807 2402.18408 -0.883 -2.574 1.2352401180267334 1.331319929122925 0.19777173 0.19277173 -7.295000000000009 1.810625 20.678791501619084 21.92782348906142 4.034447622578506 3.8520301147780365
250.31847992293 -45.96527700974 0.0194 0.0133 8.6769 "" "" 5942776102377663488 2247.26685 0.3977 0.0232 -1.057 -7.081 0.027 0.023 1.068 4677.0 2.2716 14.254612 2.348472 15.496761 13.14829 -50.44 1.86 2142.11694 2350.74658 37419.85703 10.155 8643.9 14.067 43636.0 88.111 "" "" 0.0027710298232504565 0.0033025811 0.004369224 0.007671805 250.31847992293 -45.96527700974 2247.26685 -1.056999999999999 -7.0809999999999995 1.0612401180267335 -3.1756800708770756 0.19777173 0.19377173 -8.605000000000004 1.990625 35.66633983666096 36.68969640572389 6.925592908755376 6.748591349899897
250.46367522762 -46.02642959444 0.0189 0.0131 5.2369 "" "" 5942763389274375552 2143.92139 0.4308 0.0222 0.781 -1.035 0.027 0.022 0.927 5277.4 2.8703 14.257013 2.112078 15.344274 13.232196 -15.37 2.76 2052.69531 2220.15332 37337.17336 9.722 9947.3 15.851 40391.0 33.318 "" "" 0.002769785796051576 0.0032830406 0.0038840498 0.0071670907 250.46367522762 -46.02642959444 2143.92139 0.781 -1.035 2.8992401180267335 2.8703199291229247 0.19777173 0.19277173 26.464999999999996 2.890625 41.45914625548617 49.18594345169962 8.097501588181812 7.000401937596173
250.34021169001 -46.06424445178 0.0188 0.0138 3.1277 "" "" 5942773314920255872 2444.00195 0.37 0.0217 -0.764 -3.207 0.027 0.023 0.904 4713.1 2.2196 14.259273 2.213199 15.416536 13.203338 -27.52 1.55 2325.72437 2577.84717 37259.54866 9.4341 9306.8 14.279 41479.0 24.345 "" "" 0.0027690004966477487 0.0032496036 0.0038327284 0.007082332 250.34021169001 -46.06424445178 2444.00195 -0.7639999999999993 -3.207 1.3542401180267334 0.698319929122925 0.19777173 0.19377173 14.314999999999994 1.680625 17.6512383461211 22.726316026834965 3.476204490644944 2.9000391463408643
250.69526366722 -45.92134223004 0.0435 0.0321 16.4546 "" "" 5943137257584181504 2844.56372 0.3116 0.0519 -1.679 -2.489 0.064 0.051 1.086 "" "" 14.266669 4.553838 17.340538 12.7867 -75.56 1.09 2418.67529 3436.26685 37006.59325 20.024 1582.0 9.4207 60881.0 57.421 "" "" 0.002817255200733671 0.007041841 0.003915657 0.010957498 250.69526366722 -45.92134223004 2844.56372 -1.6789999999999996 -2.489 0.43924011802673335 1.416319929122925 0.23477173 0.22177173 -33.72500000000001 1.220625 19.9938374853517 39.20623881974214 4.457480047986096 2.5039395744680575
250.43810608147 -46.30091953754 0.019 0.0136 12.2035 "" "" 5942753081353061888 2064.89795 0.4406 0.0231 -1.374 -4.464 0.03 0.024 1.061 4753.4 2.5623 14.267858 2.265282 15.460731 13.195449 -31.38 1.96 1964.39709 2167.80371 36966.09214 10.452 8935.6 11.746 41781.0 19.213 "" "" 0.002772369112128087 0.0031340073 0.0038122176 0.0069462247 250.43810608147 -46.30091953754 2064.89795 -1.374 -4.464 0.7442401180267333 -0.5586800708770756 0.20077173 0.19477174 10.454999999999995 2.090625 9.10835789469378 13.866117284150976 1.8091944912618438 1.9741177510309935
250.13978848105 -45.90968288027 0.0197 0.0132 15.6007 "" "" 5942778851157107072 2367.0022 0.3745 0.0214 -0.456 -2.839 0.029 0.023 1.067 "" "" 14.2734 2.755472 15.830214 13.074741 -10.75 1.59 2242.48242 2491.2876 36777.87138 12.349 6358.2 10.805 46694.0 31.153 "" "" 0.002779333318751275 0.0033450506 0.0038481744 0.007193225 250.13978848105 -45.90968288027 2367.0022 -0.4560000000000003 -2.8389999999999995 1.6622401180267334 1.0663199291229248 0.19977173 0.19377173 31.084999999999994 1.720625 22.157144161496966 38.173502097572324 4.38802859798373 2.906907923782577
250.30799554891 -45.96130385237 0.0198 0.0131 9.0652 "" "" 5942776171097143424 2188.89185 0.4105 0.023 -3.371 -4.06 0.028 0.022 1.073 8404.6 3.2265 14.273675 1.717665 15.08806 13.370396 -79.1 3.83 2083.68872 2314.01099 36768.55566 7.8518 12595.0 12.9 35563.0 22.194 "" "" 0.0027650580953807423 0.003003607 0.003839641 0.0068432484 250.30799554891 -45.96130385237 2188.89185 -3.370999999999997 -4.059999999999999 -1.2527598819732666 -0.1546800708770748 0.19877173 0.19277173 -37.265 3.960625 13.096521341365838 39.49935564341336 2.6020557892032876 3.8348917221964847
250.48551152471 -46.364961421 0.0371 0.028 16.3503 "" "" 5942752600316695808 2025.22571 0.4573 0.0441 -2.169 -3.001 0.056 0.048 2.289 8553.5 3.2457 14.273743 1.477745 14.895939 13.418194 -15.72 7.77 1861.87158 2213.03613 36766.26815 14.315 15033.0 12.261 34031.0 22.837 "" "" 0.0027875603209537073 0.0029273224 0.0038489718 0.006776294 250.48551152471 -46.364961421 2025.22571 -2.168999999999999 -3.0009999999999994 -0.05075988197326664 0.9043199291229249 0.22677174 0.21877173 26.114999999999995 7.9006248 8.69474701230121 27.52438647105364 1.9023872548398284 7.520123266156476
250.28027628103 -46.12771044485 0.0184 0.0134 5.0714 "" "" 5942767649882257024 2502.28101 0.3637 0.0216 -3.042 -3.383 0.027 0.022 1.007 4745.2 2.0795 14.275994 2.325825 15.512813 13.186988 -67.49 2.01 2337.59937 2640.34644 36690.11619 9.7669 8517.1 12.257 42108.0 18.028 "" "" 0.0027704374255687714 0.003197877 0.0038078611 0.007005738 250.28027628103 -46.12771044485 2502.28101 -3.042 -3.3829999999999982 -0.9237598819732664 0.5223199291229248 0.19777173 0.19277173 -25.655 2.140625 12.586721555371689 28.576294100398293 2.474198494290935 2.2092812639282955
250.4730040508 -46.16482482582 0.0202 0.0133 5.0702 "" "" 5942760842334927488 2039.94604 0.4502 0.023 -1.085 -2.774 0.029 0.022 1.119 "" "" 14.280061 1.525762 14.972347 13.446586 -57.77 9.53 1948.92029 2136.52197 36552.96093 8.5417 14011.0 15.649 33153.0 18.254 "" "" 0.002766976812248664 0.0030423035 0.0038263686 0.006868672 250.4730040508 -46.16482482582 2039.94604 -1.085 -2.774 1.0332401180267334 1.1313199291229248 0.19977173 0.19277173 -15.93500000000001 9.6606245 14.814842534463915 21.75784420205645 2.9035046886067573 7.3462609543376125
250.67509421717 -46.19372684803 0.0189 0.0136 12.9265 "" "" 5942757509432681216 2628.51587 0.3373 0.022 -2.946 0.027 0.027 0.022 1.008 4724.0 2.1267 14.281634 2.298614 15.425977 13.127362 -6.73 3.56 2489.47852 2780.81323 36500.00256 13.39 9226.3 18.375 44485.0 371.34 "" "" 0.0027839600450347383 0.0035299808 0.009819657 0.013349637 250.67509421717 -46.19372684803 2628.51587 -2.946 0.027000000000000267 -0.8277598819732668 3.932319929122925 0.19777173 0.19277173 35.10499999999999 3.690625 50.06713095389678 61.148005911514794 9.662281284554593 8.190149813812516
250.32487513805 -46.38668160198 0.0217 0.0151 17.4655 "" "" 5942751775682406144 2435.49414 0.3704 0.0256 -2.118 -1.692 0.033 0.027 1.228 9291.7 3.6412 14.285258 1.193999 14.774371 13.580372 "" "" 2272.4668 2612.50635 36378.37476 9.2729 16814.0 84.769 29310.0 120.64 "" "" 0.0027691845590938715 0.0061439173 0.0058527533 0.011996671 250.32487513805 -46.38668160198 2435.49414 -2.1179999999999986 -1.6919999999999997 0.00024011802673351568 2.2133199291229246 0.20377174 0.19777173 "" "" 25.55110153047915 "" 5.053285504809107 ""
