Clusters/UBC_548/UBC_548_stars_in_region.tsv
# %ECSV 1.0
# ---
# datatype:
# - name: RA_ICRS_1
#   unit: deg
#   datatype: float64
#   format: '{:15.11f}'
#   description: Right ascension (ICRS) at Ep=2016.0 (ra)
#   meta: !!omap
#   - {ucd: POS_EQ_RA_MAIN}
#   - {width: 15}
#   - {precision: '11'}
# - name: DE_ICRS_1
#   unit: deg
#   datatype: float64
#   format: '{:15.11f}'
#   description: Declination (ICRS) at Ep=2016.0 (dec)
#   meta: !!omap
#   - {ucd: POS_EQ_DEC_MAIN}
#   - {width: 15}
#   - {precision: '11'}
# - name: e_RA_ICRS
#   unit: mas
#   datatype: float64
#   format: '{:7.4f}'
#   description: Standard error of right ascension (ra_error)
#   meta: !!omap
#   - {ucd: ERROR}
#   - {width: 7}
#   - {precision: '4'}
# - name: e_DE_ICRS
#   unit: mas
#   datatype: float64
#   format: '{:7.4f}'
#   description: Standard error of declination (dec_error)
#   meta: !!omap
#   - {ucd: ERROR}
#   - {width: 7}
#   - {precision: '4'}
# - name: _r_1
#   unit: ''
#   datatype: float64
#   format: '{:7.4f}'
#   description: Distance from center (250.39531076000-46.09969564000)[ICRS], at Epoch=J2016.0
#   meta: !!omap
#   - {ucd: POS_ANG_DIST_GENERAL}
#   - {width: 7}
#   - {precision: '4'}
# - name: HIP
#   datatype: int32
#   description: '? HIP cross-id number, van Leeuwen, Cat. I/311 (hip_original_ext_source_id)'
#   meta: !!omap
#   - {ucd: ID_NUMBER}
#   - {width: 6}
#   - values: {'null': -2147483648}
# - name: TYC2
#   datatype: string
#   description: Tycho-2 cross-id name, Hog et al., Cat. I/259 (tyc2_original_ext_source_id)
#   meta: !!omap
#   - {ucd: ID_CROSSID}
#   - {_votable_string_dtype: char}
# - name: Source
#   datatype: int64
#   description: Source identifier, identical to the Gaia-EDR3 source_id (id)
#   meta: !!omap
#   - {ucd: ID_MAIN}
#   - {width: 19}
# - name: rgeo
#   unit: pc
#   datatype: float64
#   format: '{:15.8f}'
#   description: '? Median of the geometric distance posterior (r_med_geo)'
#   meta: !!omap
#   - {ucd: PHYS_DISTANCE_TRUE}
#   - {width: 15}
#   - {precision: '8'}
#   - values: {'null': .nan}
# - name: Plx
#   unit: mas
#   datatype: float64
#   format: '{:9.4f}'
#   description: '? Parallax (parallax)'
#   meta: !!omap
#   - {ucd: POS_PARLX_TRIG}
#   - {width: 9}
#   - {precision: '4'}
#   - values: {'null': .nan}
# - name: e_Plx
#   unit: mas
#   datatype: float32
#   format: '{:7.4f}'
#   description: '? Standard error of parallax (parallax_error)'
#   meta: !!omap
#   - {ucd: ERROR}
#   - {width: 7}
#   - {precision: '4'}
#   - values: {'null': .nan}
# - name: pmRA
#   unit: mas / yr
#   datatype: float64
#   format: '{:9.3f}'
#   description: '? Proper motion in right ascension direction, pmRA*cosDE (pmra)'
#   meta: !!omap
#   - {ucd: POS_EQ_PMRA}
#   - {width: 9}
#   - {precision: '3'}
#   - values: {'null': .nan}
# - name: pmDE
#   unit: mas / yr
#   datatype: float64
#   format: '{:9.3f}'
#   description: '? Proper motion in declination direction (pmdec)'
#   meta: !!omap
#   - {ucd: POS_EQ_PMDEC}
#   - {width: 9}
#   - {precision: '3'}
#   - values: {'null': .nan}
# - name: e_pmRA
#   unit: mas / yr
#   datatype: float32
#   format: '{:6.3f}'
#   description: '? Standard error of proper motion in right ascension direction (pmra_error)'
#   meta: !!omap
#   - {ucd: ERROR}
#   - {width: 6}
#   - {precision: '3'}
#   - values: {'null': .nan}
# - name: e_pmDE
[...]
#         unit: &id001 !astropy.units.Unit {unit: deg}
#         value: !astropy.table.SerializedColumn {name: SkyCoord.dec}
#       distance: !astropy.table.SerializedColumn
#         __class__: astropy.coordinates.distances.Distance
#         unit: !astropy.units.Unit {unit: pc}
#         value: !astropy.table.SerializedColumn {name: SkyCoord.distance}
#       frame: icrs
#       obstime: !astropy.time.Time {format: jyear_str, in_subfmt: '*', jd1: 367701545.0, jd2: 0.0, out_subfmt: '*', precision: 3, scale: tt}
#       pm_dec: !astropy.table.SerializedColumn
#         __class__: astropy.units.quantity.Quantity
#         unit: !astropy.units.Unit {unit: mas / yr}
#         value: !astropy.table.SerializedColumn {name: SkyCoord.pm_dec}
#       pm_ra_cosdec: !astropy.table.SerializedColumn
#         __class__: astropy.units.quantity.Quantity
#         unit: !astropy.units.Unit {unit: mas / yr}
#         value: !astropy.table.SerializedColumn {name: SkyCoord.pm_ra_cosdec}
#       ra: !astropy.table.SerializedColumn
#         __class__: astropy.coordinates.angles.Longitude
#         unit: *id001
#         value: !astropy.table.SerializedColumn {name: SkyCoord.ra}
#         wrap_angle: !astropy.coordinates.Angle
#           unit: *id001
#           value: 360.0
#       representation_type: spherical
# schema: astropy-2.0
RA_ICRS_1 DE_ICRS_1 e_RA_ICRS e_DE_ICRS _r_1 HIP TYC2 Source rgeo Plx e_Plx pmRA pmDE e_pmRA e_pmDE RUWE Teff logg Gmag BP-RP BPmag RPmag RV e_RV b_rgeo B_rgeo FG e_FG FBP e_FBP FRP e_FRP RAVE5 RAVE6 e_Gmag e_BPmag e_RPmag e_BP-RP SkyCoord.ra SkyCoord.dec SkyCoord.distance SkyCoord.pm_ra_cosdec SkyCoord.pm_dec
[from data line 1493]
250.74138538506 -46.15440473963 0.0422 0.0293 14.7607 "" "" 5943133095736446208 2122.4187 0.4477 0.048 1.998 -3.837 0.059 0.048 0.981 7589.6 4.2446 16.114794 1.497827 16.805296 15.307469 "" "" 1953.07202 2349.80518 6745.73276 2.9369 2590.0 10.873 5972.7 11.815 "" "" 0.0027955738858722228 0.00534419 0.004347026 0.009691216 250.74138538506 -46.15440473963 2122.4187 1.998 -3.8370000000000006
250.76280262612 -46.01365144226 0.0447 0.0288 16.1486 "" "" 5943135707076870016 2225.04639 0.4242 0.049 -2.507 -4.77 0.064 0.048 0.906 "" "" 16.115236 1.583027 16.8465 15.263473 "" "" 2029.14832 2513.51025 6742.98077 3.1637 2493.5 7.6953 6219.7 14.247 "" "" 0.0028020150304619187 0.0043603317 0.0045242645 0.008884596 250.76280262612 -46.01365144226 2225.04639 -2.507 -4.77
250.35003939156 -46.14162329945 0.0421 0.0302 3.1422 "" "" 5942772666404037504 2476.15649 0.4 0.0489 -2.071 -2.357 0.062 0.051 1.055 9229.6 3.6333 16.116411 1.51337 16.797037 15.283667 "" "" 2213.65259 2755.36646 6735.69597 3.0073 2609.8 8.182 6105.1 11.155 "" "" 0.002797637000996151 0.0044013145 0.004268401 0.008669715 250.35003939156 -46.14162329945 2476.15649 -2.0709999999999997 -2.357
250.17275212548 -46.34775611852 0.0433 0.0297 17.5178 "" "" 5942741124161913216 2178.17285 0.4438 0.0497 -1.359 -5.763 0.064 0.051 0.974 "" "" 16.12005 1.502082 16.808033 15.305951 "" "" 1985.62732 2373.38159 6713.15523 2.8056 2583.5 7.0145 5981.1 9.448 "" "" 0.0027924334992512206 0.00405896 0.0041503264 0.008209286 250.17275212548 -46.34775611852 2178.17285 -1.359 -5.763
250.28646011722 -46.38080540056 0.0495 0.032 17.461 "" "" 5942740127729435392 2420.58154 0.3966 0.0542 -2.301 -4.248 0.07 0.055 1.02 "" "" 16.120134 1.603604 16.855103 15.251498 "" "" 2191.91064 2736.12671 6712.63706 3.1999 2473.9 9.8492 6288.7 27.217 "" "" 0.002803509616324363 0.0051448764 0.006030269 0.011175145 250.28646011722 -46.38080540056 2420.58154 -2.301 -4.247999999999999
250.81497406143 -45.92806209931 0.0755 0.0499 20.2939 "" "" 5943142132348403968 2627.67529 0.3731 0.0802 -2.846 -4.774 0.108 0.083 0.804 4685.1 2.5427 16.120293 4.303907 18.963306 14.659399 "" "" 2106.12134 3674.7561 6711.65249 7.3579 354.89 7.5052 10849.0 18.082 "" "" 0.003001425188796537 0.02313001 0.0041902694 0.02732028 250.81497406143 -45.92806209931 2627.67529 -2.846 -4.773999999999999
250.57280334536 -46.41410197007 0.0381 0.0285 20.2505 "" "" 5942749301782322944 2609.07959 0.3679 0.0464 -0.815 -1.319 0.055 0.051 0.985 9882.9 4.0263 16.120504 1.560976 16.689428 15.128452 "" "" 2326.42603 2953.75977 6710.35127 4.5854 2881.7 38.848 7043.3 83.33 "" "" 0.00285345977283556 0.014900303 0.013389901 0.028290205 250.57280334536 -46.41410197007 2609.07959 -0.815 -1.319
250.48365979491 -45.83080049292 0.0419 0.0287 16.5491 "" "" 5943153028704443520 2233.82617 0.4375 0.0457 -0.474 -1.392 0.059 0.048 0.929 "" "" 16.12085 1.717838 16.937418 15.21958 "" "" 2046.23535 2456.2373 6708.21247 2.898 2293.2 9.5063 6476.3 11.614 "" "" 0.002794958675483296 0.0052955304 0.004251443 0.009546973 250.48365979491 -45.83080049292 2233.82617 -0.4740000000000001 -1.3920000000000003
250.70045776317 -46.25433762202 0.0398 0.0303 15.7103 "" "" 5942757067082275840 2071.39795 0.4569 0.0486 -0.874 -0.606 0.057 0.051 1.024 7368.8 4.3193 16.121042 1.527246 16.782433 15.255187 "" "" 1877.59021 2318.57178 6707.02318 3.7532 2645.1 10.6 6267.3 9.4641 "" "" 0.0028215120981294603 0.0051687676 0.0041196886 0.009288456 250.70045776317 -46.25433762202 2071.39795 -0.8740000000000001 -0.606
250.53285480107 -46.12777597381 0.0463 0.03 5.9639 "" "" 5942761705647108352 2296.51196 0.4258 0.0491 -0.843 -1.801 0.065 0.05 0.985 9111.9 4.1951 16.121866 1.475252 16.790407 15.315155 "" "" 2067.24048 2535.18042 6701.93811 3.0749 2625.8 9.0843 5930.6 11.231 "" "" 0.002799988717903906 0.0046791495 0.004302473 0.008981623 250.53285480107 -46.12777597381 2296.51196 -0.843 -1.801
250.28449173363 -46.23729528114 0.0479 0.0306 9.4533 "" "" 5942766138053692544 2818.47729 0.3244 0.0531 -4.462 -6.005 0.072 0.055 0.992 4671.3 2.6734 16.122387 3.27737 18.091791 14.814421 "" "" 2463.97583 3302.00391 6698.72635 4.0732 791.96 8.98 9405.7 13.931 "" "" 0.0028333086734119357 0.012623334 0.004107279 0.016730614 250.28449173363 -46.23729528114 2818.47729 -4.462 -6.004999999999999
250.45946644636 -46.17774060226 0.0462 0.031 5.3891 "" "" 5942760468697235328 2946.38867 0.3084 0.0521 -1.196 -6.132 0.072 0.054 0.924 "" "" 16.122667 3.076652 17.939137 14.862485 "" "" 2512.62109 3380.41064 6696.99013 4.5836 911.51 6.9129 8998.4 12.208 "" "" 0.0028537689807408696 0.008694115 0.004056287 0.012750402 250.45946644636 -46.17774060226 2946.38867 -1.1959999999999997 -6.132
250.28182236168 -46.254244843 0.0571 0.037 10.4028 "" "" 5942764557505719040 2302.54077 0.4132 0.0628 -1.527 -4.085 0.089 0.064 1.269 8340.1 3.8764 16.122807 1.836808 17.007286 15.170478 "" "" 2010.58594 2694.06519 6696.12906 4.1387 2150.3 7.8241 6775.9 15.29 "" "" 0.002835862719366175 0.0048365323 0.0045040194 0.009340552 250.28182236168 -46.254244843 2302.54077 -1.527 -4.085000000000001
250.66228693324 -46.13247333954 0.0784 0.0527 11.2769 "" "" 5942758853788774016 2555.62402 0.4553 0.0873 -2.817 -4.344 0.116 0.083 2.092 "" "" 16.122915 1.482163 16.776524 15.294361 "" "" 2011.00439 3486.76172 6695.4654 5.9394 2659.5 12.625 6045.2 15.698 "" "" 0.0029188035264062283 0.0058609 0.0047151656 0.010576066 250.66228693324 -46.13247333954 2555.62402 -2.817 -4.344
250.27316828295 -46.0103241485 0.0427 0.0297 7.3905 "" "" 5942774521830030208 2371.53345 0.4111 0.0503 -2.215 -6.506 0.063 0.051 1.032 5060.8 3.5327 16.1242 1.973774 17.11497 15.141195 "" "" 2110.87476 2635.54346 6687.53525 3.1771 1947.3 7.5847 6961.1 11.876 "" "" 0.0028031854267414613 0.0050664432 0.0042088986 0.009275341 250.27316828295 -46.0103241485 2371.53345 -2.2150000000000007 -6.506
250.07987690368 -46.27395112968 0.0413 0.0274 16.7628 "" "" 5942744658897900416 2295.69385 0.4422 0.0482 -1.046 -1.88 0.059 0.05 1.012 8697.3 4.1852 16.124567 1.779662 16.983051 15.203389 "" "" 1995.51111 2663.80493 6685.28174 2.8444 2198.9 7.4274 6573.6 8.5751 "" "" 0.0027937765605137773 0.0046081133 0.0040360475 0.008644161 250.07987690368 -46.27395112968 2295.69385 -1.0459999999999998 -1.88
250.53938406236 -46.07427072268 0.0462 0.0309 6.1865 "" "" 5942762319803956864 2167.04077 0.4471 0.05 -2.181 -4.328 0.069 0.053 1.02 8102.2 4.1854 16.125858 1.587171 16.849897 15.262727 "" "" 1956.51721 2401.73193 6677.34413 3.84 2485.8 9.8406 6224.0 20.936 "" "" 0.002825180480658446 0.005124352 0.0052556554 0.010380007 250.53938406236 -46.07427072268 2167.04077 -2.1809999999999996 -4.327999999999999
250.53801276423 -45.93091453392 0.0699 0.0478 11.7435 "" "" 5943139284808884480 2019.52258 0.5153 0.0807 0.487 -2.393 0.094 0.079 1.784 "" "" 16.126629 1.541233 16.81192 15.270687 "" "" 1779.67712 2435.79077 6672.60625 9.5388 2574.2 7.8715 6178.5 13.398 "" "" 0.0031624097295818625 0.004336764 0.0044527464 0.0087895105 250.53801276423 -45.93091453392 2019.52258 0.48700000000000004 -2.393
250.3776511097 -46.05227600226 0.0417 0.0295 2.9386 "" "" 5942773387958256384 2046.56665 0.4893 0.0482 -1.575 -2.289 0.058 0.048 0.94 "" "" 16.128157 1.506337 16.805876 15.299539 "" "" 1829.13696 2288.2251 6663.21382 2.9949 2588.6 9.1736 6016.5 13.246 "" "" 0.0027982024174641406 0.0047528627 0.004471867 0.00922473 250.3776511097 -46.05227600226 2046.56665 -1.5750000000000002 -2.289
250.34258447192 -46.10088980379 0.0404 0.0298 2.1948 "" "" 5942772906922241792 2259.18359 0.4122 0.0485 0.279 -2.205 0.066 0.055 0.965 4829.2 3.5057 16.128498 2.356073 17.35871 15.002636 "" "" 2071.95215 2489.60645 6661.12108 18.33 1555.7 20.983 7908.7 73.255 "" "" 0.004064264037928632 0.01490765 0.010743435 0.025651084 250.34258447192 -46.10088980379 2259.18359 0.2789999999999999 -2.205
250.3142333612 -46.11732083502 0.0455 0.0322 3.5345 "" "" 5942773491037783552 2953.59424 0.3072 0.0517 -3.988 -4.463 0.066 0.054 1.036 4613.9 2.7434 16.128721 3.064929 17.91709 14.85216 "" "" 2553.50684 3293.70532 6659.74961 3.7453 930.21 8.9988 9084.4 14.907 "" "" 0.0028221649965052974 0.010867633 0.00417827 0.015045904 250.3142333612 -46.11732083502 2953.59424 -3.9879999999999995 -4.463
250.7091017506 -45.97327014469 0.045 0.0303 15.1118 "" "" 5943136742188009984 2545.12671 0.3547 0.0494 -3.466 -3.972 0.063 0.048 0.952 4777.6 3.1573 16.129025 2.813228 17.73322 14.919992 "" "" 2306.66943 2869.13159 6657.89478 3.3987 1101.9 8.3628 8534.2 15.147 "" "" 0.00281051146118347 0.0086996965 0.0042423066 0.012942003 250.7091017506 -45.97327014469 2545.12671 -3.466 -3.9719999999999995
250.26282459758 -46.23168178759 0.0875 0.0568 9.6448 "" "" 5942765416499192960 2149.88062 0.4843 0.0986 -1.852 -4.057 0.13 0.099 1.972 9249.5 4.0781 16.129665 1.672753 16.88859 15.215837 "" "" 1832.94702 2573.00146 6653.96195 9.0468 2398.7 8.2974 6498.7 14.842 "" "" 0.0031258427871158558 0.004678707 0.0045202198 0.009198926 250.26282459758 -46.23168178759 2149.88062 -1.8520000000000003 -4.057000000000001
250.63159910856 -45.99948460061 0.0444 0.0292 11.5312 "" "" 5943138009179397376 2113.31958 0.4516 0.0501 -1.413 -4.792 0.069 0.052 0.992 5384.9 4.2395 16.130085 1.578494 16.758394 15.1799 "" "" 1891.6781 2408.89453 6651.39618 3.0328 2704.3 66.554 6717.4 53.934 "" "" 0.0027994411709796295 0.02686572 0.009501387 0.036367107 250.63159910856 -45.99948460061 2113.31958 -1.4129999999999996 -4.791999999999999
250.40766863323 -45.89806159578 0.0438 0.0303 12.109 "" "" 5943151104559059712 2655.84717 0.361 0.0478 -3.065 -4.146 0.06 0.048 0.954 "" "" 16.130774 1.602039 16.877966 15.275927 "" "" 2383.58618 3055.74268 6647.18232 2.9421 2422.3 9.7351 6148.8 11.622 "" "" 0.002796913228700742 0.0051793186 0.0043005995 0.009479918 250.40766863323 -45.89806159578 2655.84717 -3.065 -4.146
250.62670946027 -46.14592404937 0.0439 0.0289 10.0149 "" "" 5942758922508254464 2512.78491 0.3763 0.048 -0.717 -3.076 0.063 0.05 0.951 9464.4 3.9219 16.131662 1.996102 17.108625 15.112523 "" "" 2262.83032 2817.72461 6641.7391 3.2586 1958.7 14.885 7147.4 17.465 "" "" 0.002806340451855183 0.008709973 0.004617616 0.013327589 250.62670946027 -46.14592404937 2512.78491 -0.717 -3.0760000000000005
249.91298241736 -46.15924603454 0.0442 0.0312 20.3719 "" "" 5942933847965829120 2202.20044 0.4215 0.0508 -1.589 -2.693 0.07 0.058 1.052 7909.9 4.1828 16.132309 1.303079 16.678844 15.375766 "" "" 2001.45312 2427.2959 6637.78384 2.9852 2909.9 10.409 5608.6 15.066 "" "" 0.002798251773684758 0.0047821375 0.0047738794 0.009556017 249.91298241736 -46.15924603454 2202.20044 -1.5889999999999997 -2.6929999999999996
250.77869410999 -45.89802235093 0.045 0.0313 20.0441 "" "" 5943143064379927296 2546.82178 0.3369 0.0514 -1.069 -2.526 0.065 0.05 0.91 4575.4 2.3472 16.133005 3.934105 18.651533 14.717428 "" "" 2257.17847 2877.20288 6633.5324 4.3144 472.94 11.12 10285.0 20.373 "" "" 0.0028443705696373895 0.025680393 0.0043484634 0.030028857 250.77869410999 -45.89802235093 2546.82178 -1.0690000000000002 -2.5259999999999994
250.08511167482 -45.99211276976 0.0431 0.0294 14.4411 "" "" 5942772352857909888 2496.65161 0.388 0.0479 -1.009 -3.822 0.067 0.056 1.03 9238.4 3.5651 16.136175 1.846683 17.022808 15.176126 "" "" 2208.79224 2835.23877 6614.19034 3.1319 2119.8 7.1164 6740.7 17.089 "" "" 0.0028028731379060833 0.004590272 0.004675498 0.00926577 250.08511167482 -45.99211276976 2496.65161 -1.0089999999999997 -3.821999999999999
250.28386302665 -46.07665662694 0.0499 0.0309 4.8393 "" "" 5942773697196258944 2161.28882 0.4269 0.051 -1.333 -2.616 0.071 0.051 0.982 6866.0 4.0294 16.136316 1.835592 17.029324 15.193731 "" "" 1962.4679 2403.78784 6613.33016 2.8237 2107.1 10.667 6632.3 19.339 "" "" 0.002794046130603912 0.006164081 0.0049301633 0.011094244 250.28386302665 -46.07665662694 2161.28882 -1.3329999999999997 -2.6160000000000005
250.62052491605 -46.17607393168 0.1463 0.1014 10.4247 "" "" 5942758407112160000 2552.25391 0.5656 0.1748 -1.738 -4.493 0.204 0.169 3.223 "" "" 16.137545 1.509834 16.715477 15.205643 "" "" 1755.14783 3940.37158 6605.85269 6.6733 2813.4 13.337 6560.0 13.166 "" "" 0.0029656040434256 0.0058545936 0.004362584 0.010217178 250.62052491605 -46.17607393168 2552.25391 -1.738 -4.493
250.16647395122 -46.39724768035 0.044 0.0307 20.2209 "" "" 5942740604447897984 2231.02393 0.4298 0.051 -2.99 -4.87 0.065 0.052 1.006 8880.9 4.4436 16.137888 1.52593 16.848974 15.323044 "" "" 1987.92151 2616.16357 6603.76445 2.9112 2487.9 7.951 5887.6 10.379 "" "" 0.0027965838477901806 0.0044525326 0.0042364034 0.008688936 250.16647395122 -46.39724768035 2231.02393 -2.99 -4.87
250.51849309495 -46.08566428581 0.0472 0.0312 5.1943 "" "" 5942762663401307904 2512.3833 0.3743 0.0523 -4.057 -2.85 0.072 0.055 0.968 7544.6 3.5838 16.138794 2.035364 17.166325 15.13096 "" "" 2180.71436 2786.91821 6598.25375 4.8021 1857.3 7.4737 7027.1 19.61 "" "" 0.002866387131256691 0.0051839026 0.004843957 0.010027859 250.51849309495 -46.08566428581 2512.3833 -4.057 -2.8499999999999996
250.25128155146 -46.31135214874 0.0433 0.0289 14.0372 "" "" 5942764072142400640 2097.87085 0.46 0.0495 -2.27 -5.283 0.064 0.05 1.014 "" "" 16.139902 1.517636 16.833952 15.316316 "" "" 1921.07739 2251.92285 6591.51938 3.1178 2522.5 8.708 5924.2 8.0579 "" "" 0.002802771524766896 0.0046726144 0.004057661 0.008730276 250.25128155146 -46.31135214874 2097.87085 -2.2699999999999996 -5.283
250.15931355974 -46.06657198925 0.0428 0.0288 10.0205 "" "" 5942771115896973696 2666.28955 0.3443 0.049 -0.962 -2.412 0.063 0.051 0.947 7299.2 3.3257 16.140005 2.881557 17.791468 14.90991 "" "" 2316.13159 3070.27856 6590.89853 3.6677 1044.3 7.3707 8613.8 13.002 "" "" 0.002820786218745198 0.008155306 0.004119413 0.012274719 250.15931355974 -46.06657198925 2666.28955 -0.9620000000000001 -2.412
250.75168337021 -45.8783214153 0.0479 0.0328 19.9282 "" "" 5943143133099464320 2788.33228 0.3259 0.0535 -2.93 -5.077 0.063 0.051 1.169 5101.1 3.2636 16.1401 2.589149 17.52239 14.933241 "" "" 2501.63818 3157.59277 6590.3261 3.8515 1338.0 16.602 8430.7 39.115 "" "" 0.0028274385362638595 0.013757794 0.0062975264 0.02005532 250.75168337021 -45.8783214153 2788.33228 -2.9300000000000006 -5.077
250.04450855565 -45.97738820812 0.0468 0.034 16.3504 "" "" 5942960064441775488 2783.18506 0.3518 0.0547 -2.979 -4.669 0.073 0.062 1.061 "" "" 16.140532 2.951081 17.826157 14.875075 "" "" 2278.97412 3473.65454 6587.71 3.6744 1011.5 13.345 8894.6 28.574 "" "" 0.0028210857045369215 0.014593629 0.0051429025 0.019736532 250.04450855565 -45.97738820812 2783.18506 -2.979 -4.6690000000000005
250.71638711259 -46.15770365276 0.0431 0.0294 13.7973 "" "" 5942757994795274752 2632.71069 0.3442 0.0504 -1.251 -0.42 0.062 0.05 0.956 4652.5 2.8154 16.141172 3.234942 18.06232 14.827379 "" "" 2297.01172 3055.62573 6583.81843 3.7962 813.74 16.503 9294.1 20.83 "" "" 0.002825544848842256 0.022195276 0.0044949935 0.026690269 250.71638711259 -46.15770365276 2632.71069 -1.2510000000000001 -0.4200000000000001
250.72867200588 -46.29991736365 0.0409 0.0302 18.3297 "" "" 5942708546805282176 2591.57837 0.3363 0.0498 -3.25 -4.715 0.058 0.051 1.045 4696.9 2.9431 16.143356 3.063449 17.932325 14.868876 "" "" 2264.10645 2916.31006 6570.59272 4.0198 917.25 10.556 8945.6 14.507 "" "" 0.0028342551988704084 0.012802728 0.0041693994 0.016972128 250.72867200588 -46.29991736365 2591.57837 -3.25 -4.715
250.84564331816 -46.19662252796 0.0399 0.0285 19.6019 "" "" 5943085885452370304 2389.39185 0.3998 0.0492 -3.824 -6.018 0.059 0.045 0.989 5065.0 3.0557 16.14392 1.795251 17.006418 15.211167 "" "" 2108.49414 2691.58984 6567.17737 2.8786 2152.0 9.5556 6526.7 17.508 "" "" 0.0027961190713029498 0.005570224 0.004771418 0.010341642 250.84564331816 -46.19662252796 2389.39185 -3.824 -6.017999999999999
