Clusters/UBC_548/UBC_548_stars_in_region.tsv
# %ECSV 1.0
# ---
# datatype:
# - name: RA_ICRS_1
#   unit: deg
#   datatype: float64
#   format: '{:15.11f}'
#   description: Right ascension (ICRS) at Ep=2016.0 (ra)
#   meta: !!omap
#   - {ucd: POS_EQ_RA_MAIN}
#   - {width: 15}
#   - {precision: '11'}
# - name: DE_ICRS_1
#   unit: deg
#   datatype: float64
#   format: '{:15.11f}'
#   description: Declination (ICRS) at Ep=2016.0 (dec)
#   meta: !!omap
#   - {ucd: POS_EQ_DEC_MAIN}
#   - {width: 15}
#   - {precision: '11'}
# - name: e_RA_ICRS
#   unit: mas
#   datatype: float64
#   format: '{:7.4f}'
#   description: Standard error of right ascension (ra_error)
#   meta: !!omap
#   - {ucd: ERROR}
#   - {width: 7}
#   - {precision: '4'}
# - name: e_DE_ICRS
#   unit: mas
#   datatype: float64
#   format: '{:7.4f}'
#   description: Standard error of declination (dec_error)
#   meta: !!omap
#   - {ucd: ERROR}
#   - {width: 7}
#   - {precision: '4'}
# - name: _r_1
#   unit: ''
#   datatype: float64
#   format: '{:7.4f}'
#   description: Distance from center (250.39531076000-46.09969564000)[ICRS], at Epoch=J2016.0
#   meta: !!omap
#   - {ucd: POS_ANG_DIST_GENERAL}
#   - {width: 7}
#   - {precision: '4'}
# - name: HIP
#   datatype: int32
#   description: '? HIP cross-id number, van Leeuwen, Cat. I/311 (hip_original_ext_source_id)'
#   meta: !!omap
#   - {ucd: ID_NUMBER}
#   - {width: 6}
#   - values: {'null': -2147483648}
# - name: TYC2
#   datatype: string
#   description: Tycho-2 cross-id name, Hog et al., Cat. I/259 (tyc2_original_ext_source_id)
#   meta: !!omap
#   - {ucd: ID_CROSSID}
#   - {_votable_string_dtype: char}
# - name: Source
#   datatype: int64
#   description: Source identifier, identical to the Gaia-EDR3 source_id (id)
#   meta: !!omap
#   - {ucd: ID_MAIN}
#   - {width: 19}
# - name: rgeo
#   unit: pc
#   datatype: float64
#   format: '{:15.8f}'
#   description: '? Median of the geometric distance posterior (r_med_geo)'
#   meta: !!omap
#   - {ucd: PHYS_DISTANCE_TRUE}
#   - {width: 15}
#   - {precision: '8'}
#   - values: {'null': .nan}
# - name: Plx
#   unit: mas
#   datatype: float64
#   format: '{:9.4f}'
#   description: '? Parallax (parallax)'
#   meta: !!omap
#   - {ucd: POS_PARLX_TRIG}
#   - {width: 9}
#   - {precision: '4'}
#   - values: {'null': .nan}
# - name: e_Plx
#   unit: mas
#   datatype: float32
#   format: '{:7.4f}'
#   description: '? Standard error of parallax (parallax_error)'
#   meta: !!omap
#   - {ucd: ERROR}
#   - {width: 7}
#   - {precision: '4'}
#   - values: {'null': .nan}
# - name: pmRA
#   unit: mas / yr
#   datatype: float64
#   format: '{:9.3f}'
#   description: '? Proper motion in right ascension direction, pmRA*cosDE (pmra)'
#   meta: !!omap
#   - {ucd: POS_EQ_PMRA}
#   - {width: 9}
#   - {precision: '3'}
#   - values: {'null': .nan}
# - name: pmDE
#   unit: mas / yr
#   datatype: float64
#   format: '{:9.3f}'
#   description: '? Proper motion in declination direction (pmdec)'
#   meta: !!omap
#   - {ucd: POS_EQ_PMDEC}
#   - {width: 9}
#   - {precision: '3'}
#   - values: {'null': .nan}
# - name: e_pmRA
#   unit: mas / yr
#   datatype: float32
#   format: '{:6.3f}'
#   description: '? Standard error of proper motion in right ascension direction (pmra_error)'
#   meta: !!omap
#   - {ucd: ERROR}
#   - {width: 6}
#   - {precision: '3'}
#   - values: {'null': .nan}
# - name: e_pmDE
[...]
#         value: !astropy.table.SerializedColumn {name: SkyCoord.dec}
#       distance: !astropy.table.SerializedColumn
#         __class__: astropy.coordinates.distances.Distance
#         unit: !astropy.units.Unit {unit: pc}
#         value: !astropy.table.SerializedColumn {name: SkyCoord.distance}
#       frame: icrs
#       obstime: !astropy.time.Time {format: jyear_str, in_subfmt: '*', jd1: 367701545.0, jd2: 0.0, out_subfmt: '*', precision: 3, scale: tt}
#       pm_dec: !astropy.table.SerializedColumn
#         __class__: astropy.units.quantity.Quantity
#         unit: !astropy.units.Unit {unit: mas / yr}
#         value: !astropy.table.SerializedColumn {name: SkyCoord.pm_dec}
#       pm_ra_cosdec: !astropy.table.SerializedColumn
#         __class__: astropy.units.quantity.Quantity
#         unit: !astropy.units.Unit {unit: mas / yr}
#         value: !astropy.table.SerializedColumn {name: SkyCoord.pm_ra_cosdec}
#       ra: !astropy.table.SerializedColumn
#         __class__: astropy.coordinates.angles.Longitude
#         unit: *id001
#         value: !astropy.table.SerializedColumn {name: SkyCoord.ra}
#         wrap_angle: !astropy.coordinates.Angle
#           unit: *id001
#           value: 360.0
#       representation_type: spherical
# schema: astropy-2.0
RA_ICRS_1 DE_ICRS_1 e_RA_ICRS e_DE_ICRS _r_1 HIP TYC2 Source rgeo Plx e_Plx pmRA pmDE e_pmRA e_pmDE RUWE Teff logg Gmag BP-RP BPmag RPmag RV e_RV b_rgeo B_rgeo FG e_FG FBP e_FBP FRP e_FRP RAVE5 RAVE6 e_Gmag e_BPmag e_RPmag e_BP-RP SkyCoord.ra SkyCoord.dec SkyCoord.distance SkyCoord.pm_ra_cosdec SkyCoord.pm_dec rmRA rmDE e_rmRA e_rmDE rRV e_rRV v_pec v_pec3d e_vpec e_vpec3d
[from data line 2661]
250.44234263512 -45.94787948751 0.0652 0.0461 9.3173 "" "" 5943150726601824896 2529.78198 0.3836 0.071 -1.509 -1.145 0.092 0.072 1.048 "" "" 16.838003 1.872641 17.763424 15.890783 "" "" 2175.698 3140.16846 3465.33654 2.5317 1071.6 5.8616 3490.2 6.5687 "" "" 0.0028672251340058318 0.0065616975 0.0042964183 0.010858116 250.44234263512 -45.94787948751 2529.78198 -1.5089999999999997 -1.145 0.6092401180267335 2.760319929122925 0.26277173 0.24277173 "" "" 33.896081197598 "" 8.261732883766902 ""
250.49506878281 -46.00199730694 0.061 0.043 7.1846 "" "" 5942763488035213312 2706.2522 0.3239 0.0664 -5.236 -1.33 0.082 0.072 1.014 4765.8 3.4976 16.839392 2.735206 18.39138 15.656175 "" "" 2328.05884 3193.98975 3460.90966 2.5532 600.99 6.6323 4332.0 15.35 "" "" 0.0028693814900867245 0.012302359 0.0053930175 0.017695377 250.49506878281 -46.00199730694 2706.2522 -5.236000000000001 -1.3299999999999974 -3.1177598819732664 2.5753199291229247 0.25277174 0.24277173 "" "" 51.87299640594931 "" 12.904156269667416 ""
250.37379946472 -46.17851718376 0.0741 0.0494 4.8131 "" "" 5942766516010839936 2113.31299 0.4752 0.0752 -0.482 -1.171 0.102 0.079 1.054 9408.8 4.1275 16.83951 1.927812 17.796608 15.868796 "" "" 1786.02344 2394.16113 3460.52892 2.4801 1039.4 11.592 3561.6 10.056 "" "" 0.002863087930239171 0.012426073 0.004866328 0.0172924 250.37379946472 -46.17851718376 2113.31299 -0.48199999999999976 -1.1710000000000007 1.6362401180267334 2.7343199291229245 0.27277172 0.24977174 "" "" 31.91950831237685 "" 8.172570869295866 ""
250.27932378419 -46.3825890229 0.0659 0.0502 17.6428 "" "" 5942740089046338176 2532.23389 0.3876 0.0757 -4.985 -5.805 0.095 0.081 0.957 4609.0 4.193 16.839676 1.9663 17.780684 15.814383 "" "" 2161.10181 3031.31543 3460.00134 2.4859 1054.7 13.139 3744.6 33.502 "" "" 0.0028636154153649646 0.013810426 0.01042314 0.024233565 250.27932378419 -46.3825890229 2532.23389 -4.985 -5.805000000000003 -2.866759881973267 -1.899680070877075 0.26577175 0.25177175 "" "" 41.278245569050746 "" 10.797538485635028 ""
250.59727440165 -45.83525021416 0.0653 0.041 17.9637 "" "" 5943141479513980160 2483.3147 0.392 0.0674 -0.803 -2.727 0.085 0.069 0.956 "" "" 16.839712 2.206621 17.98099 15.774368 "" "" 2135.71338 2920.84668 3459.88706 2.5875 877.04 6.6426 3885.2 12.942 "" "" 0.002872471598034138 0.008683706 0.005231084 0.01391479 250.59727440165 -45.83525021416 2483.3147 -0.8029999999999994 -2.7270000000000003 1.3152401180267335 1.178319929122925 0.25577173 0.23977172 "" "" 20.785891694350475 "" 5.171005166908327 ""
250.31147574088 -46.13401773583 0.0642 0.044 4.0495 "" "" 5942766855289233024 2096.73022 0.5005 0.0683 -0.84 -2.517 0.091 0.072 0.982 7115.9 4.3112 16.840307 1.603422 17.599537 15.996115 "" "" 1807.57336 2435.1936 3457.99156 2.1497 1246.2 7.3806 3167.5 10.003 "" "" 0.0028367870580424835 0.00700951 0.0051029567 0.012112467 250.31147574088 -46.13401773583 2096.73022 -0.84 -2.5169999999999995 1.2782401180267335 1.388319929122925 0.26177174 0.24277173 "" "" 18.75542919741192 "" 4.720120120367569 ""
249.96732992345 -46.09292769433 0.0701 0.0484 17.8116 "" "" 5942957934092215424 2416.35962 0.4061 0.0814 -2.553 -2.775 0.107 0.081 1.071 9086.8 3.7993 16.840336 2.683917 18.290861 15.606944 "" "" 2063.07446 2845.28491 3457.90149 2.6538 659.28 7.4083 4532.9 16.995 "" "" 0.0028785603259366493 0.012515351 0.0055546686 0.01807002 249.96732992345 -46.09292769433 2416.35962 -2.5529999999999995 -2.7750000000000004 -0.43475988197326654 1.130319929122925 0.27777174 0.25177175 "" "" 13.87080192050659 "" 3.54081688310089 ""
250.73475188659 -46.1170694766 0.067 0.0428 14.1584 "" "" 5943133443653003904 2294.73218 0.4366 0.0705 -0.876 -1.848 0.09 0.07 0.985 5637.1 4.5919 16.841799 1.597028 17.590805 15.993777 "" "" 1972.18713 2723.42456 3453.24293 2.572 1256.3 12.393 3174.3 16.369 "" "" 0.0028715373809513837 0.011067909 0.0067550573 0.017822966 250.73475188659 -46.1170694766 2294.73218 -0.8759999999999999 -1.8479999999999994 1.2422401180267335 2.057319929122925 0.26077175 0.24077174 "" "" 26.140484411805332 "" 6.437732320466294 ""
250.3830987341 -46.07415251529 0.059 0.0424 1.6146 "" "" 5942773143121532288 2560.60132 0.3863 0.0678 -0.916 -2.525 0.085 0.069 1.002 5773.5 4.5887 16.842415 1.559732 17.538483 15.978751 "" "" 2196.55347 3312.23755 3451.28562 2.3978 1318.3 15.322 3218.5 25.355 "" "" 0.0028567096355038408 0.012923799 0.0093510905 0.022274889 250.3830987341 -46.07415251529 2560.60132 -0.9160000000000001 -2.5249999999999995 1.2022401180267335 1.380319929122925 0.25577173 0.23977172 "" "" 22.21701830957183 "" 5.483180535965345 ""
250.29887785131 -45.98866890249 0.0667 0.0435 7.7785 "" "" 5942775960620256512 2367.47314 0.4183 0.0743 0.962 -1.192 0.091 0.07 0.976 "" "" 16.842909 1.742971 17.682238 15.939266 "" "" 2001.4325 2721.94849 3449.71708 2.3458 1154.8 7.1382 3337.7 11.614 "" "" 0.002852520569424992 0.0072681843 0.0053438568 0.012612041 250.29887785131 -45.98866890249 2367.47314 0.9620000000000004 -1.1919999999999997 3.080240118026733 2.7133199291229246 0.26177174 0.24077174 "" "" 46.06415950945908 "" 11.645529726953889 ""
250.15947874797 -46.18244369855 0.0685 0.0458 10.9897 "" "" 5942768745074680192 2791.18262 0.3597 0.0762 2.84 -0.898 0.098 0.081 1.034 4778.4 4.1615 16.843546 2.26311 18.042429 15.779319 "" "" 2338.34888 3542.32373 3447.68903 2.3711 828.79 6.3585 3867.5 8.9074 "" "" 0.002854706659805616 0.008784679 0.004531749 0.013316428 250.15947874797 -46.18244369855 2791.18262 2.84 -0.8979999999999997 4.958240118026733 3.0073199291229247 0.26877174 0.25177175 "" "" 76.72163981133654 "" 20.278086295533104 ""
250.56681563482 -46.08815185581 0.0704 0.0454 7.1696 "" "" 5942762255390786688 2239.14185 0.4361 0.0694 -2.658 -6.03 0.095 0.074 0.948 5402.9 4.467 16.844301 1.873018 17.769789 15.896771 "" "" 1978.47034 2658.52856 3445.29259 2.3737 1065.4 7.0726 3471.0 12.387 "" "" 0.0028550571196551662 0.007728813 0.005412658 0.013141472 250.56681563482 -46.08815185581 2239.14185 -2.6580000000000004 -6.030000000000005 -0.5397598819732665 -2.1246800708770754 0.26577175 0.24477173 "" "" 23.266659567051192 "" 5.725829416865448 ""
250.74465065591 -45.95114038464 0.0648 0.0418 17.0662 "" "" 5943136913986706176 2630.78101 0.3664 0.0662 -0.507 -4.605 0.088 0.066 1.049 7092.3 4.3158 16.844358 1.757407 17.683573 15.926166 "" "" 2241.13013 3070.93604 3445.1118 2.3598 1153.4 7.3708 3378.3 15.248 "" "" 0.002853922741789281 0.0074783927 0.0061885756 0.013666969 250.74465065591 -45.95114038464 2630.78101 -0.5070000000000001 -4.605 1.6112401180267333 -0.6996800708770756 0.25877172 0.23677173 "" "" 21.904641755492026 "" 5.594616909125534 ""
250.34113033398 -46.11417514695 0.0613 0.0428 2.4155 "" "" 5942772799524038656 2018.84619 0.5089 0.0676 -2.572 -0.407 0.089 0.071 0.974 4848.4 4.273 16.844793 1.870963 17.679144 15.808181 "" "" 1745.21643 2341.94189 3443.72985 2.3714 1158.1 9.8584 3766.0 28.834 "" "" 0.0028549561098695853 0.009654377 0.009131641 0.018786017 250.34113033398 -46.11417514695 2018.84619 -2.572 -0.4069999999999999 -0.45375988197326667 3.4983199291229248 0.25977173 0.24177173 "" "" 33.757014065478536 "" 8.171912867170214 ""
250.40366103187 -46.13647831975 0.0707 0.047 2.2341 "" "" 5942760812294296704 2537.92773 0.4192 0.0722 -1.168 -2.508 0.099 0.076 1.019 6048.2 4.4416 16.845095 1.680049 17.629074 15.949025 "" "" 2150.88574 3031.76221 3442.7764 2.3871 1212.8 8.6501 3307.9 12.749 "" "" 0.0028563112947773777 0.008231164 0.0056386283 0.013869792 250.40366103187 -46.13647831975 2537.92773 -1.168 -2.508 0.9502401180267335 1.3973199291229248 0.26977172 0.24677172 "" "" 20.32804330678548 "" 5.168808152882367 ""
250.61957474896 -46.35899901005 0.0564 0.0445 18.1302 "" "" 5942749233062699520 2469.30249 0.3979 0.0677 -6.411 -4.372 0.078 0.073 0.966 7787.8 4.3097 16.845158 1.75855 17.697483 15.938933 "" "" 2178.18237 3129.98267 3442.57776 2.282 1138.7 6.9201 3338.8 10.165 "" "" 0.002847765556336619 0.007163915 0.005020982 0.012184897 250.61957474896 -46.35899901005 2469.30249 -6.410999999999996 -4.371999999999997 -4.292759881973266 -0.4666800708770751 0.24877173 0.24377173 "" "" 50.54061913224473 "" 12.570154728527061 ""
250.49979825465 -46.29086590184 0.0644 0.0446 12.2637 "" "" 5942753248824904704 2166.54443 0.4508 0.0722 -1.01 -4.542 0.089 0.073 0.968 5119.6 3.7819 16.846258 2.253869 18.008675 15.754806 "" "" 1859.37854 2682.57861 3439.09238 6.564 854.96 8.4654 3955.8 23.719 "" "" 0.0034476290273582396 0.011106613 0.007527607 0.01863422 250.49979825465 -46.29086590184 2166.54443 -1.01 -4.542 1.1082401180267334 -0.636680070877075 0.25977173 0.24377173 "" "" 13.12541902906735 "" 3.3587255741364026 ""
250.50412246048 -46.28188260264 0.0766 0.0525 11.8287 "" "" 5942753356231352704 2820.92847 0.3301 0.0846 -1.887 -2.828 0.108 0.088 0.978 4841.4 3.4363 16.846355 3.344587 18.872597 15.528009 "" "" 2193.18018 3908.58252 3438.78159 3.1163 385.81 7.5517 4874.8 10.235 "" "" 0.002925727997620863 0.021434171 0.0044136406 0.025847811 250.50412246048 -46.28188260264 2820.92847 -1.8870000000000018 -2.828000000000001 0.2312401180267334 1.077319929122925 0.27877173 0.25877172 "" "" 14.73315969607592 "" 3.825980624668835 ""
250.46594612991 -45.92705809808 0.0665 0.0432 10.7683 "" "" 5943150864040792832 2161.25269 0.4616 0.0693 -0.487 -1.247 0.085 0.068 0.976 8492.9 4.2921 16.847755 1.696002 17.659378 15.963376 "" "" 1835.12427 2568.27759 3434.34924 2.5553 1179.4 7.0888 3264.4 16.073 "" "" 0.0028713035411122583 0.007097291 0.0065469067 0.013644198 250.46594612991 -45.92705809808 2161.25269 -0.487 -1.2470000000000017 1.6312401180267333 2.658319929122925 0.25577173 0.23877174 "" "" 31.951183187118453 "" 7.78138932383654 ""
250.65689287783 -46.38752197385 0.057 0.0417 20.3975 "" "" 5942748850785216896 2233.97607 0.4472 0.0675 -1.839 -1.067 0.079 0.072 0.984 "" "" 16.84859 1.708595 17.670725 15.96213 "" "" 1903.09106 2575.59692 3431.71037 2.1555 1167.2 9.1428 3268.2 11.807 "" "" 0.002838461692704709 0.008950683 0.005446943 0.014397627 250.65689287783 -46.38752197385 2233.97607 -1.8390000000000013 -1.0670000000000004 0.27924011802673343 2.8383199291229246 0.24977174 0.24277173 "" "" 30.200204131447627 "" 7.333811281505102 ""
250.76689256604 -46.29049806836 0.1192 0.1065 19.2152 "" "" 5942709994217571456 2104.61084 0.527 0.1254 0.275 -6.739 0.192 0.201 1.366 "" "" 16.848866 "" "" "" "" "" 1742.12415 2583.72095 3430.83831 4.2847 "" "" "" "" "" "" 0.0030708950854573145 "" "" "" 250.76689256604 -46.29049806836 2104.61084 0.2749999999999988 -6.738999999999999 2.3932401180267333 -2.833680070877075 0.36277175 0.37177175 "" "" 37.00133518808521 "" 13.618397617293661 ""
250.54227823644 -46.28194756512 0.0679 0.0434 12.5236 "" "" 5942750362606916608 2927.49341 0.3585 0.0731 -4.394 -3.609 0.089 0.072 1.003 "" "" 16.849329 1.700184 17.631968 15.931784 "" "" 2342.14258 4180.42139 3429.37712 2.2458 1209.6 8.0087 3360.8 9.8651 "" "" 0.002845581658378181 0.007711101 0.0049437582 0.01265486 250.54227823644 -46.28194756512 2927.49341 -4.393999999999998 -3.609000000000001 -2.2757598819732667 0.2963199291229248 0.25977173 0.24277173 "" "" 31.84573902089189 "" 8.263888140017789 ""
250.01136611794 -46.13049712388 0.0673 0.042 16.0759 "" "" 5942957281321969280 2129.61938 0.4536 0.0707 -0.453 -2.66 0.09 0.07 1.002 8147.9 4.1024 16.849663 1.882769 17.710314 15.827545 "" "" 1839.92346 2589.98218 3428.32314 2.5959 1125.4 12.926 3699.5 28.988 "" "" 0.0028753532155915886 0.012778761 0.0093091605 0.02208792 250.01136611794 -46.13049712388 2129.61938 -0.4530000000000001 -2.6599999999999975 1.6652401180267333 1.2453199291229247 0.26077175 0.24077174 "" "" 20.990146013711183 "" 5.326873976066731 ""
250.48650272602 -46.28888232005 0.0668 0.0431 11.9664 "" "" 5942753248824911232 2556.76221 0.3996 0.0719 -2.765 -1.737 0.088 0.071 0.947 6296.5 4.2281 16.849888 1.838844 17.751055 15.91221 "" "" 2176.97656 2999.07568 3427.6098 2.1964 1083.9 9.4532 3422.0 9.3867 "" "" 0.0028418018376658496 0.009871731 0.0048118127 0.014683543 250.48650272602 -46.28888232005 2556.76221 -2.7650000000000015 -1.737 -0.6467598819732667 2.1683199291229247 0.25877172 0.24177173 "" "" 27.42204437534823 "" 6.6691841416972775 ""
249.99608748372 -45.99596506272 0.0622 0.0446 17.7518 "" "" 5942959819583637120 2353.03247 0.4202 0.0716 -1.05 -2.958 0.091 0.078 0.948 9009.7 4.4874 16.849922 1.755649 17.706196 15.950547 "" "" 2055.50244 2667.44922 3427.50258 2.3528 1129.6 9.7597 3303.2 8.6196 "" "" 0.0028543409851486366 0.009786876 0.004723423 0.014510299 249.99608748372 -45.99596506272 2353.03247 -1.0499999999999996 -2.958 1.0682401180267334 0.9473199291229246 0.26177174 0.24877173 "" "" 15.924549627221607 "" 4.07875747115674 ""
250.65736749482 -46.21011437796 0.0641 0.0442 12.7484 "" "" 5942758127907952256 2075.86865 0.4658 0.0725 -0.626 0.339 0.088 0.069 0.983 5390.4 4.4857 16.85031 1.660871 17.62687 15.965999 "" "" 1796.04883 2404.09546 3426.28232 2.1725 1215.3 11.617 3256.6 13.825 "" "" 0.0028400224965573415 0.010747018 0.00596057 0.016707588 250.65736749482 -46.21011437796 2075.86865 -0.6259999999999999 0.33899999999999997 1.4922401180267335 4.244319929122925 0.25877172 0.23977172 "" "" 44.26847283880178 "" 10.710094412367127 ""
250.30974721512 -46.35155454208 0.0758 0.0503 15.5233 "" "" 5942763629779292544 2367.81885 0.4382 0.0818 0.53 1.616 0.103 0.083 1.101 6897.9 4.3254 16.85064 1.951889 17.76587 15.81398 "" "" 1966.32874 2882.33252 3425.24021 2.3777 1069.2 14.441 3746.0 64.328 "" "" 0.0028565419096603433 0.014927425 0.019023946 0.033951372 250.30974721512 -46.35155454208 2367.81885 0.53 1.616 2.6482401180267336 5.5213199291229245 0.27377173 0.25377172 "" "" 68.72768781225703 "" 17.706337049802897 ""
250.54593289239 -46.23793037014 0.0657 0.0424 10.3905 "" "" 5942759330498742656 2428.57568 0.4191 0.0752 -1.575 -4.55 0.094 0.069 0.937 4936.2 4.2765 16.850983 1.890763 17.78418 15.893416 "" "" 2083.48096 2954.37695 3424.15502 2.3748 1051.3 9.6025 3481.7 11.174 "" "" 0.0028563623793495673 0.0103020705 0.005140577 0.015442647 250.54593289239 -46.23793037014 2428.57568 -1.5749999999999984 -4.5500000000000025 0.5432401180267334 -0.644680070877075 0.26477173 0.23977172 "" "" 9.704651180056848 "" 2.430583323195073 ""
250.7509249414 -46.08610689809 0.0681 0.0424 14.8193 "" "" 5943133886010507136 2353.34741 0.4418 0.0707 -2.703 -7.148 0.092 0.069 0.917 5203.6 4.6584 16.851374 1.458923 17.518759 16.059835 "" "" 2008.1333 2865.44189 3422.92248 2.2667 1342.5 8.6196 2986.9 10.018 "" "" 0.002847583585566704 0.0075086853 0.0052482868 0.012756972 250.7509249414 -46.08610689809 2353.34741 -2.703 -7.148 -0.5847598819732664 -3.242680070877075 0.26277173 0.23977172 "" "" 36.75510500827306 "" 8.840693137987403 ""
250.16717930244 -46.39329228079 0.0697 0.0439 19.998 "" "" 5942740608765809024 2086.23755 0.5067 0.0723 -2.74 -3.382 0.094 0.07 1.008 6348.7 4.053 16.851406 1.959325 17.82717 15.867845 "" "" 1853.021 2362.33618 3422.81948 3.2262 1010.5 8.6914 3564.7 14.139 "" "" 0.0029392295582966895 0.009746428 0.005729685 0.015476113 250.16717930244 -46.39329228079 2086.23755 -2.7399999999999975 -3.3820000000000006 -0.6217598819732668 0.5233199291229247 0.26477173 0.24077174 "" "" 8.036404268819972 "" 2.0500384983392186 ""
250.30940664804 -46.04073498673 0.0738 0.0467 5.0301 "" "" 5942774139554015616 2496.99463 0.4096 0.0745 -0.953 -2.658 0.101 0.073 0.986 5604.3 4.6084 16.85165 1.552692 17.574667 16.021975 "" "" 2116.4519 2950.93237 3422.05056 2.2155 1275.1 8.7417 3092.9 8.4162 "" "" 0.002843570733289651 0.0079492405 0.0047971257 0.012746366 250.30940664804 -46.04073498673 2496.99463 -0.9529999999999994 -2.6579999999999995 1.1652401180267336 1.2473199291229249 0.27177173 0.24377173 "" "" 20.202740414745776 "" 5.196140110038069 ""
