Clusters/UPK_169/UPK_169_stars_in_region.tsv
# %ECSV 1.0
# ---
# datatype:
# - name: RA_ICRS_1
#   unit: deg
#   datatype: float64
#   format: '{:15.11f}'
#   description: Right ascension (ICRS) at Ep=2016.0 (ra)
#   meta: !!omap
#   - {ucd: POS_EQ_RA_MAIN}
#   - {width: 15}
#   - {precision: '11'}
# - name: DE_ICRS_1
#   unit: deg
#   datatype: float64
#   format: '{:15.11f}'
#   description: Declination (ICRS) at Ep=2016.0 (dec)
#   meta: !!omap
#   - {ucd: POS_EQ_DEC_MAIN}
#   - {width: 15}
#   - {precision: '11'}
# - name: e_RA_ICRS
#   unit: mas
#   datatype: float64
#   format: '{:7.4f}'
#   description: Standard error of right ascension (ra_error)
#   meta: !!omap
#   - {ucd: ERROR}
#   - {width: 7}
#   - {precision: '4'}
# - name: e_DE_ICRS
#   unit: mas
#   datatype: float64
#   format: '{:7.4f}'
#   description: Standard error of declination (dec_error)
#   meta: !!omap
#   - {ucd: ERROR}
#   - {width: 7}
#   - {precision: '4'}
# - name: _r_1
#   unit: ''
#   datatype: float64
#   format: '{:7.4f}'
#   description: Distance from center (326.75191192000+59.79620514000)[ICRS], at Epoch=J2016.0
#   meta: !!omap
#   - {ucd: POS_ANG_DIST_GENERAL}
#   - {width: 7}
#   - {precision: '4'}
# - name: HIP
#   datatype: int32
#   description: '? HIP cross-id number, van Leeuwen, Cat. I/311 (hip_original_ext_source_id)'
#   meta: !!omap
#   - {ucd: ID_NUMBER}
#   - {width: 6}
#   - values: {'null': -2147483648}
# - name: TYC2
#   datatype: string
#   description: Tycho-2 cross-id name, Hog et al., Cat. I/259 (tyc2_original_ext_source_id)
#   meta: !!omap
#   - {ucd: ID_CROSSID}
#   - {_votable_string_dtype: char}
# - name: Source
#   datatype: int64
#   description: Source identifier, identical to the Gaia-EDR3 source_id (id)
#   meta: !!omap
#   - {ucd: ID_MAIN}
#   - {width: 19}
# - name: rgeo
#   unit: pc
#   datatype: float64
#   format: '{:15.8f}'
#   description: '? Median of the geometric distance posterior (r_med_geo)'
#   meta: !!omap
#   - {ucd: PHYS_DISTANCE_TRUE}
#   - {width: 15}
#   - {precision: '8'}
#   - values: {'null': .nan}
# - name: Plx
#   unit: mas
#   datatype: float64
#   format: '{:9.4f}'
#   description: '? Parallax (parallax)'
#   meta: !!omap
#   - {ucd: POS_PARLX_TRIG}
#   - {width: 9}
#   - {precision: '4'}
#   - values: {'null': .nan}
# - name: e_Plx
#   unit: mas
#   datatype: float32
#   format: '{:7.4f}'
#   description: '? Standard error of parallax (parallax_error)'
#   meta: !!omap
#   - {ucd: ERROR}
#   - {width: 7}
#   - {precision: '4'}
#   - values: {'null': .nan}
# - name: pmRA
#   unit: mas / yr
#   datatype: float64
#   format: '{:9.3f}'
#   description: '? Proper motion in right ascension direction, pmRA*cosDE (pmra)'
#   meta: !!omap
#   - {ucd: POS_EQ_PMRA}
#   - {width: 9}
#   - {precision: '3'}
#   - values: {'null': .nan}
# - name: pmDE
#   unit: mas / yr
#   datatype: float64
#   format: '{:9.3f}'
#   description: '? Proper motion in declination direction (pmdec)'
#   meta: !!omap
#   - {ucd: POS_EQ_PMDEC}
#   - {width: 9}
#   - {precision: '3'}
#   - values: {'null': .nan}
# - name: e_pmRA
#   unit: mas / yr
#   datatype: float32
#   format: '{:6.3f}'
#   description: '? Standard error of proper motion in right ascension direction (pmra_error)'
#   meta: !!omap
#   - {ucd: ERROR}
#   - {width: 6}
#   - {precision: '3'}
#   - values: {'null': .nan}
# - name: e_pmDE
[...]
#         value: !astropy.table.SerializedColumn {name: SkyCoord.dec}
#       distance: !astropy.table.SerializedColumn
#         __class__: astropy.coordinates.distances.Distance
#         unit: !astropy.units.Unit {unit: pc}
#         value: !astropy.table.SerializedColumn {name: SkyCoord.distance}
#       frame: icrs
#       obstime: !astropy.time.Time {format: jyear_str, in_subfmt: '*', jd1: 367701545.0, jd2: 0.0, out_subfmt: '*', precision: 3, scale: tt}
#       pm_dec: !astropy.table.SerializedColumn
#         __class__: astropy.units.quantity.Quantity
#         unit: !astropy.units.Unit {unit: mas / yr}
#         value: !astropy.table.SerializedColumn {name: SkyCoord.pm_dec}
#       pm_ra_cosdec: !astropy.table.SerializedColumn
#         __class__: astropy.units.quantity.Quantity
#         unit: !astropy.units.Unit {unit: mas / yr}
#         value: !astropy.table.SerializedColumn {name: SkyCoord.pm_ra_cosdec}
#       ra: !astropy.table.SerializedColumn
#         __class__: astropy.coordinates.angles.Longitude
#         unit: *id001
#         value: !astropy.table.SerializedColumn {name: SkyCoord.ra}
#         wrap_angle: !astropy.coordinates.Angle
#           unit: *id001
#           value: 360.0
#       representation_type: spherical
# schema: astropy-2.0
RA_ICRS_1 DE_ICRS_1 e_RA_ICRS e_DE_ICRS _r_1 HIP TYC2 Source rgeo Plx e_Plx pmRA pmDE e_pmRA e_pmDE RUWE Teff logg Gmag BP-RP BPmag RPmag RV e_RV b_rgeo B_rgeo FG e_FG FBP e_FBP FRP e_FRP RAVE5 RAVE6 e_Gmag e_BPmag e_RPmag e_BP-RP SkyCoord.ra SkyCoord.dec SkyCoord.distance SkyCoord.pm_ra_cosdec SkyCoord.pm_dec rmRA rmDE e_rmRA e_rmDE rRV e_rRV v_pec v_pec3d e_vpec e_vpec3d
[from data line 2601]
326.79357943667 59.02492234474 0.0357 0.0393 46.2944 "" "" 2202648590220319616 981.967651 0.997 0.0405 -1.965 -7.307 0.05 0.051 0.981 4840.7 4.4896 16.567604 1.599204 17.319653 15.720448 "" "" 951.107483 1023.22137 4445.34369 2.1866 1612.7 7.7614 4083.0 8.15 "" "" 0.0028066006448815794 0.005923576 0.0043566683 0.010280244 326.79357943667 59.02492234474 981.967651 -1.9650000000000003 -7.307 0.040142927169799725 -4.832799989700318 0.1476042 0.1486042 "" "" 22.49517241432921 "" 3.342875537788993 ""
326.03386564319 58.68494519645 0.0343 0.0341 70.221 "" "" 2202616876180936960 792.091064 1.2407 0.0402 -10.952 -12.114 0.052 0.042 0.954 4542.0 4.4896 16.567913 1.618732 17.329191 15.710459 "" "" 769.159302 816.794556 4444.07286 2.1668 1598.6 7.5903 4120.7 11.441 "" "" 0.002805712994901271 0.0058618155 0.004834358 0.010696174 326.03386564319 58.68494519645 792.091064 -10.952000000000002 -12.114 -8.9468570728302 -9.639799989700318 0.1496042 0.1396042 "" "" 49.37889341327079 "" 7.126266020835649 ""
325.55463940131 59.65202866827 0.0435 0.0439 37.2355 "" "" 2203470097197854336 755.637817 1.289 0.0487 4.316 -8.796 0.057 0.051 1.103 5367.8 4.4997 16.568798 2.097172 17.645668 15.548496 "" "" 724.40509 784.048279 4440.45618 2.0885 1194.4 7.8331 4783.7 8.7337 "" "" 0.002802242364633786 0.0076476154 0.0042676744 0.01191529 325.55463940131 59.65202866827 755.637817 4.316 -8.796 6.3211429271698 -6.321799989700317 0.1546042 0.1486042 "" "" 32.02028596838123 "" 4.85535013865235 ""
327.50681394926 60.61744872051 0.0959 0.1803 54.1699 "" "" 2203636020375636608 677.082886 1.4482 0.0899 4.805 7.81 0.201 0.31 1.134 "" "" 16.571764 "" "" "" "" "" 643.797607 716.422913 4428.33864 7.066 "" "" "" "" "" "" 0.003254707754761694 "" "" "" 327.50681394926 60.61744872051 677.082886 4.805000000000005 7.810000000000004 6.8101429271697995 10.284200010299681 0.2986042 0.40760422 "" "" 39.586390484866506 "" 14.95277071556048 ""
325.9208419956 59.07981212404 0.0417 0.036 49.9034 "" "" 2203388767695730048 916.539185 1.0813 0.0443 -4.28 -3.031 0.056 0.043 0.968 5347.9 4.5362 16.57242 1.74266 17.416521 15.673861 "" "" 881.324219 954.301453 4425.66794 2.3664 1475.1 6.6706 4262.0 9.8838 "" "" 0.0028158157638376647 0.0056472667 0.004541304 0.01018857 325.9208419956 59.07981212404 916.539185 -4.28 -3.0310000000000006 -2.2748570728302004 -0.5567999897003175 0.15360421 0.1406042 "" "" 10.174609068536201 "" 1.5556864355595597 ""
328.35392693907 59.93882820788 0.0393 0.0398 49.0045 "" "" 2202795168862870144 961.310791 1.0231 0.0433 -16.973 -13.06 0.058 0.051 1.069 4832.1 4.3897 16.575455 1.61597 17.33705 15.72108 "" "" 921.201965 1007.50806 4413.31305 2.1966 1587.1 7.0553 4080.6 8.6198 "" "" 0.0028078132244155557 0.005574988 0.004420841 0.009995829 328.35392693907 59.93882820788 961.310791 -16.973 -13.060000000000011 -14.9678570728302 -10.585799989700318 0.1556042 0.1486042 "" "" 83.53601825436017 "" 12.80655787550162 ""
327.83521769938 59.83832551585 0.0403 0.0453 32.7757 "" "" 2202781837283918336 664.703552 1.4707 0.0466 -4.092 -4.525 0.055 0.054 1.094 3714.5 4.0718 16.575642 2.101013 17.66045 15.559437 "" "" 646.587585 686.271851 4412.55805 2.2844 1178.2 9.2711 4735.7 7.9385 "" "" 0.002812069485102572 0.008987585 0.004194787 0.013182372 327.83521769938 59.83832551585 664.703552 -4.091999999999999 -4.525 -2.0868570728302 -2.0507999897003177 0.15260419 0.1516042 "" "" 9.218543844467256 "" 1.4022671263706339 ""
328.09361487691 59.76704923549 0.0386 0.0387 40.5536 "" "" 2202789430786390144 879.317627 1.1219 0.043 -0.113 0.577 0.054 0.047 0.992 5287.9 4.6195 16.578482 1.705927 17.39007 15.684143 "" "" 847.146851 919.825684 4401.02385 7.1721 1511.4 10.709 4221.8 29.666 "" "" 0.0032745128564305613 0.008183322 0.008514118 0.01669744 328.09361487691 59.76704923549 879.317627 -0.11299999999999982 0.577 1.8921429271697998 3.0512000102996826 0.1516042 0.1446042 "" "" 14.964114535067447 "" 2.193469675704291 ""
328.49231921606 59.59928512569 0.047 0.0415 53.9953 "" "" 2202736207549957632 900.725037 1.1019 0.0491 -6.638 -9.472 0.06 0.057 0.939 4683.9 4.4662 16.579256 1.539056 17.303715 15.764659 "" "" 860.904541 945.986877 4397.89249 2.1076 1636.6 8.0299 3920.1 8.1491 "" "" 0.0028040183652920402 0.0060135825 0.0044020335 0.0104156155 328.49231921606 59.59928512569 900.725037 -6.637999999999998 -9.472000000000003 -4.6328570728302 -6.997799989700317 0.1576042 0.1546042 "" "" 35.83086908867983 "" 5.572579361161945 ""
326.05353500503 60.26482192231 0.044 0.0411 35.0526 "" "" 2203524110707164032 697.064148 1.4071 0.0504 -7.291 1.406 0.062 0.048 1.103 4681.2 4.4783 16.580263 2.000897 17.600142 15.599245 "" "" 674.455017 718.467651 4393.81606 2.4047 1245.5 7.3399 4565.2 8.1942 "" "" 0.0028186664325726097 0.0069802897 0.004252248 0.011232538 326.05353500503 60.26482192231 697.064148 -7.2909999999999995 1.4060000000000024 -5.285857072830201 3.8802000102996823 0.15960419 0.1456042 "" "" 21.66538009278179 "" 3.354795416110884 ""
325.51881537756 60.14933576309 0.0493 0.0404 42.6564 "" "" 2203703983928365824 871.314697 1.1318 0.0488 -1.286 -2.652 0.068 0.054 1.12 4590.6 4.403 16.580793 2.031727 17.567146 15.535419 "" "" 840.119873 912.441284 4391.66615 6.0868 1284.0 11.714 4841.6 22.727 "" "" 0.0031394692183064786 0.010290705 0.0063449736 0.016635679 325.51881537756 60.14933576309 871.314697 -1.2860000000000005 -2.652 0.7191429271697998 -0.17779998970031752 0.1656042 0.1516042 "" "" 3.05951281081378 "" 0.50429950762588 ""
326.56626541034 59.3241880056 0.0497 0.0422 28.8778 "" "" 2202671027129655936 789.588928 1.2527 0.0541 -5.342 -0.807 0.066 0.051 0.976 4825.4 4.688 16.580847 1.537951 17.293112 15.75516 "" "" 756.976501 824.917969 4391.44809 2.3603 1652.6 7.7349 3954.5 6.4154 "" "" 0.002816439049993542 0.005797326 0.0041696806 0.009967007 326.56626541034 59.3241880056 789.588928 -5.3420000000000005 -0.8069999999999993 -3.3368570728302 1.6672000102996827 0.1636042 0.1486042 "" "" 13.960727805188057 "" 2.243763568185422 ""
328.09571024098 60.05220029077 0.0389 0.0431 43.2262 "" "" 2202809187636205312 930.003967 1.0372 0.0426 9.119 7.994 0.05 0.054 1.002 5209.6 4.3478 16.580914 1.938348 17.548435 15.610087 "" "" 901.858765 976.463013 4391.18353 2.2475 1306.3 8.6295 4519.8 8.4732 "" "" 0.002810799664449761 0.007696036 0.0042926255 0.011988661 328.09571024098 60.05220029077 930.003967 9.119 7.994000000000001 11.1241429271698 10.468200010299682 0.1476042 0.1516042 "" "" 67.33613993894716 "" 10.066492245701767 ""
326.31091664273 59.2861998285 0.0856 0.0733 33.4107 "" "" 2203397769947484672 828.549255 1.1974 0.093 1.471 -1.201 0.114 0.092 2.057 5191.5 4.7228 16.581339 1.611524 17.287724 15.6762 "" "" 775.42334 889.013611 4389.46445 9.2855 1660.8 7.3446 4252.8 7.6774 "" "" 0.0035870538352891614 0.0055533107 0.0042574005 0.009810711 326.31091664273 59.2861998285 828.549255 1.4710000000000005 -1.2010000000000003 3.4761429271698 1.2732000102996825 0.21160421 0.1896042 "" "" 14.53884747157644 "" 3.0404027274889587 ""
328.92078277921 59.49173430215 0.3663 0.4063 68.2517 "" "" 2202538742133413760 730.379395 1.7227 0.4362 0.64 -2.55 0.515 0.521 9.491 "" "" 16.583677 1.757523 17.230785 15.473263 "" "" 528.798889 1063.79016 4380.0139 23.469 1750.3 8.0522 5126.9 9.9834 "" "" 0.006437094679868692 0.005721366 0.0043305433 0.01005191 328.92078277921 59.49173430215 730.379395 0.6399999999999999 -2.55 2.6451429271698 -0.0757999897003172 0.6126042 0.61860424 "" "" 9.16123961506407 "" 5.612259195387052 ""
326.94240352947 59.0695830497 0.05 0.0593 43.983 "" "" 2202649827164603648 773.135254 1.2652 0.0575 -2.779 -1.269 0.072 0.083 1.335 4845.6 4.7028 16.583912 1.463653 16.944906 15.481254 "" "" 737.511597 802.827576 4379.0727 6.2193 2277.5 59.417 5089.3 57.656 "" "" 0.003157458683989962 0.028462527 0.012867698 0.041330226 326.94240352947 59.0695830497 773.135254 -2.779 -1.268999999999999 -0.7738570728302001 1.2052000102996827 0.1696042 0.18060419 "" "" 5.248738719154811 "" 0.9314592366798082 ""
326.72309498914 59.75678332767 0.0449 0.0423 2.5204 "" "" 2203438073921241216 968.014221 1.0049 0.0472 -3.301 6.574 0.058 0.055 1.139 5465.9 4.5263 16.584555 1.864854 17.506184 15.64133 "" "" 914.348572 1018.16669 4376.48088 2.4956 1358.1 7.2268 4391.6 7.0906 "" "" 0.002824021582171152 0.0064159445 0.0041661463 0.010582091 326.72309498914 59.75678332767 968.014221 -3.301000000000002 6.574 -1.2958570728302004 9.048200010299682 0.1556042 0.15260419 "" "" 41.940262706241164 "" 6.4028131344931545 ""
326.32712425652 58.88826435715 0.052 0.0494 56.0049 "" "" 2202626393828664192 764.06665 1.294 0.0542 -9.037 -12.926 0.076 0.066 1.285 4549.7 4.442 16.585503 1.611339 17.336487 15.725148 "" "" 735.185791 797.261292 4372.66109 2.9181 1587.9 6.1634 4065.4 7.1817 "" "" 0.0028489975484602944 0.0050542112 0.0042382125 0.009292424 326.32712425652 58.88826435715 764.06665 -9.037 -12.926 -7.031857072830201 -10.451799989700318 0.17360419 0.1636042 "" "" 45.62264371743973 "" 7.609150818182502 ""
327.17882136191 60.78152361225 0.04 0.0388 60.4665 "" "" 2203654986951253504 800.349792 1.2294 0.0448 -5.039 0.286 0.049 0.048 0.984 5095.2 4.566 16.58652 1.842013 17.499132 15.657119 "" "" 774.836548 832.372803 4368.5696 2.9636 1367.0 6.7885 4328.2 10.84 "" "" 0.0028520696458440567 0.0060709137 0.004655958 0.010726872 327.17882136191 60.78152361225 800.349792 -5.039 0.2859999999999999 -3.0338570728302 2.7602000102996826 0.1466042 0.1456042 "" "" 15.56000771781608 "" 2.2741288546295864 ""
326.44639943096 59.80874543529 0.0417 0.0382 9.2507 "" "" 2203452195773545984 737.515747 1.3327 0.0434 -10.473 1.551 0.059 0.049 1.071 4536.0 4.4544 16.587069 1.843645 17.494667 15.651022 "" "" 718.462097 764.851379 4366.35895 2.0346 1372.6 8.8739 4352.6 10.071 "" "" 0.002801383027065575 0.0075535327 0.0045381384 0.012091671 326.44639943096 59.80874543529 737.515747 -10.472999999999999 1.5509999999999973 -8.467857072830201 4.025200010299683 0.1566042 0.1466042 "" "" 32.77637878276552 "" 5.074099715205626 ""
327.901033047 59.75311433634 0.0383 0.042 34.8039 "" "" 2202768673197485696 689.756775 1.4346 0.0466 -4.763 -8.675 0.057 0.052 1.018 4701.1 4.4952 16.58743 1.752139 17.439587 15.687448 "" "" 664.260498 720.783264 4364.90962 2.2922 1444.0 6.7 4209.0 7.4304 "" "" 0.002813694908994477 0.0057587693 0.004237632 0.009996401 327.901033047 59.75311433634 689.756775 -4.763 -8.674999999999997 -2.7578570728302 -6.200799989700318 0.1546042 0.1496042 "" "" 22.187889391230538 "" 3.337976509535387 ""
329.0503448446 59.63557096091 0.0446 0.0407 70.2054 "" "" 2202729713559656576 728.551758 1.3447 0.0499 7.518 1.846 0.063 0.048 1.036 4280.0 4.4454 16.589619 2.027634 17.621698 15.594065 "" "" 701.845032 756.948425 4356.11163 2.234 1221.1 6.0739 4587.0 8.5142 "" "" 0.0028110191778327282 0.006078763 0.0042831246 0.0103618875 329.0503448446 59.63557096091 728.551758 7.517999999999999 1.8460000000000016 9.5231429271698 4.320200010299683 0.16060421 0.1456042 "" "" 36.11244073872782 "" 5.710994555588146 ""
327.70563958319 59.02752180865 0.1818 0.1159 54.5429 "" "" 2202593236669011968 864.782288 1.1952 0.1417 -2.646 2.325 0.307 0.129 2.276 "" "" 16.590233 "" "" "" "" "" 773.502014 970.733643 4353.65056 9.892 "" "" "" "" "" "" 0.0036983073276065656 "" "" "" 327.70563958319 59.02752180865 864.782288 -2.6459999999999986 2.325000000000001 -0.6408570728302001 4.799200010299683 0.4046042 0.2266042 "" "" 19.84686397250342 "" 4.582769701939236 ""
325.65660736006 60.70220693734 0.0394 0.039 63.3898 "" "" 2203735663615543680 977.030762 0.9982 0.0438 -1.156 -4.367 0.055 0.05 1.001 4747.3 4.4089 16.5915 1.968134 17.577997 15.609863 "" "" 932.485657 1026.58862 4348.57255 2.4473 1271.2 6.5951 4520.8 8.4778 "" "" 0.0028222599025646182 0.0062860628 0.004292936 0.010578999 325.65660736006 60.70220693734 977.030762 -1.156000000000001 -4.366999999999996 0.8491429271697999 -1.8927999897003174 0.15260419 0.1476042 "" "" 9.607477284245888 "" 1.4262649321929484 ""
326.86764115209 58.77825265102 0.0364 0.0383 61.18 "" "" 2202572345958609664 679.64209 1.4509 0.0405 -5.9 -8.904 0.051 0.049 0.98 4449.0 4.5549 16.59212 1.743887 17.438322 15.694435 "" "" 660.618774 695.614014 4346.09502 2.2356 1445.7 6.9851 4182.0 10.538 "" "" 0.0028113530447583116 0.005941747 0.0046657063 0.010607453 326.86764115209 58.77825265102 679.64209 -5.8999999999999995 -8.904 -3.8948570728302006 -6.429799989700317 0.1486042 0.1466042 "" "" 24.21753118019687 "" 3.5634580455596288 ""
325.3115251446 59.2924389554 0.042 0.0418 53.2197 "" "" 2203409551033072256 815.038147 1.2183 0.0475 4.825 13.198 0.053 0.054 1.017 5028.6 4.6323 16.593771 1.719621 17.427319 15.707698 "" "" 786.056885 846.798401 4339.48288 2.4052 1460.5 7.5508 4131.2 8.196 "" "" 0.0028202709376577706 0.006268478 0.0043501193 0.010618597 325.3115251446 59.2924389554 815.038147 4.825000000000008 13.198000000000004 6.8301429271698 15.672200010299683 0.1506042 0.1516042 "" "" 66.0461392177033 "" 10.002359641019499 ""
328.2473227177 60.57737151698 0.0384 0.0365 64.7019 "" "" 2203579459943832832 916.312866 1.0655 0.043 11.464 3.505 0.05 0.042 0.959 4714.0 4.4532 16.594006 1.698589 17.410385 15.711796 "" "" 890.604126 950.878784 4338.546 2.2464 1483.4 10.082 4115.7 9.5969 "" "" 0.002812085315964949 0.007889139 0.004548979 0.0124381175 328.2473227177 60.57737151698 916.312866 11.463999999999999 3.5050000000000003 13.4691429271698 5.9792000102996825 0.1476042 0.1396042 "" "" 64.00599982600247 "" 9.365184887897476 ""
327.44949648543 60.33887224483 0.1734 0.1711 38.6819 "" "" 2203560566388420736 870.175842 1.2407 0.2031 0.326 -3.125 0.241 0.212 4.186 5367.4 4.7666 16.595276 1.654887 17.323082 15.668195 "" "" 707.334961 1666.20728 4333.47843 7.5872 1607.6 13.018 4284.3 8.3034 "" "" 0.003347443135975579 0.009224172 0.0043256977 0.01354987 327.44949648543 60.33887224483 870.175842 0.32600000000000007 -3.125 2.3311429271698 -0.6507999897003174 0.3386042 0.3096042 "" "" 9.982778763249332 "" 3.360115484441559 ""
327.18561951169 60.06722497561 0.0455 0.0463 20.8426 "" "" 2203547440968089088 746.935486 1.3149 0.0516 -13.642 -12.311 0.064 0.056 1.345 "" "" 16.59613 2.074601 17.641003 15.566401 "" "" 719.664124 774.12738 4330.07045 3.3942 1199.5 7.9719 4705.4 7.0429 "" "" 0.0028837674175011332 0.007736482 0.00411396 0.011850443 327.18561951169 60.06722497561 746.935486 -13.64199999999999 -12.310999999999988 -11.6368570728302 -9.836799989700317 0.1616042 0.15360421 "" "" 53.94770502366961 "" 8.540961287036017 ""
327.87837511771 58.86109726544 0.04 0.0418 65.851 "" "" 2202400547265447808 797.67041 1.2244 0.0466 -4.291 -5.835 0.053 0.052 1.088 4773.5 4.666 16.598646 1.537512 17.31269 15.775179 "" "" 764.646057 825.2099 4320.04559 2.4968 1623.1 5.8299 3882.3 10.366 "" "" 0.0028258726988066897 0.0047951364 0.004763177 0.0095583135 327.87837511771 58.86109726544 797.67041 -4.291 -5.835 -2.2858570728302006 -3.3607999897003173 0.1506042 0.1496042 "" "" 15.367683621469162 "" 2.303941766731671 ""
326.72946530631 58.67672913654 0.0379 0.0397 67.1721 "" "" 2202569872057349120 832.255005 1.1859 0.0417 6.176 3.087 0.053 0.051 0.972 4742.5 4.593 16.602331 1.654532 17.39511 15.740578 "" "" 806.39325 859.873779 4305.40551 2.149 1504.4 6.3776 4008.0 8.8971 "" "" 0.002808110075540574 0.0053824196 0.0044824746 0.009864895 326.72946530631 58.67672913654 832.255005 6.176000000000002 3.0870000000000024 8.1811429271698 5.561200010299682 0.1506042 0.1486042 "" "" 39.024111622090835 "" 5.852641412213199 ""
