Clusters/UPK_169/UPK_169_members.tsv
# %ECSV 1.0
# ---
# datatype:
# - name: RA_ICRS_1
#   unit: deg
#   datatype: float64
#   format: '{:15.11f}'
#   description: Right ascension (ICRS) at Ep=2016.0 (ra)
#   meta: !!omap
#   - {ucd: POS_EQ_RA_MAIN}
#   - {width: 15}
#   - {precision: '11'}
# - name: DE_ICRS_1
#   unit: deg
#   datatype: float64
#   format: '{:15.11f}'
#   description: Declination (ICRS) at Ep=2016.0 (dec)
#   meta: !!omap
#   - {ucd: POS_EQ_DEC_MAIN}
#   - {width: 15}
#   - {precision: '11'}
# - name: e_RA_ICRS
#   unit: mas
#   datatype: float64
#   format: '{:7.4f}'
#   description: Standard error of right ascension (ra_error)
#   meta: !!omap
#   - {ucd: ERROR}
#   - {width: 7}
#   - {precision: '4'}
# - name: e_DE_ICRS
#   unit: mas
#   datatype: float64
#   format: '{:7.4f}'
#   description: Standard error of declination (dec_error)
#   meta: !!omap
#   - {ucd: ERROR}
#   - {width: 7}
#   - {precision: '4'}
# - name: _r_1
#   unit: ''
#   datatype: float64
#   format: '{:7.4f}'
#   description: Distance from center (326.75191192000+59.79620514000)[ICRS], at Epoch=J2016.0
#   meta: !!omap
#   - {ucd: POS_ANG_DIST_GENERAL}
#   - {width: 7}
#   - {precision: '4'}
# - name: HIP
#   datatype: int32
#   description: '? HIP cross-id number, van Leeuwen, Cat. I/311 (hip_original_ext_source_id)'
#   meta: !!omap
#   - {ucd: ID_NUMBER}
#   - {width: 6}
#   - values: {'null': -2147483648}
# - name: TYC2
#   datatype: string
#   description: Tycho-2 cross-id name, Hog et al., Cat. I/259 (tyc2_original_ext_source_id)
#   meta: !!omap
#   - {ucd: ID_CROSSID}
#   - {_votable_string_dtype: char}
# - name: Source
#   datatype: int64
#   description: Source identifier, identical to the Gaia-EDR3 source_id (id)
#   meta: !!omap
#   - {ucd: ID_MAIN}
#   - {width: 19}
# - name: rgeo
#   unit: pc
#   datatype: float64
#   format: '{:15.8f}'
#   description: '? Median of the geometric distance posterior (r_med_geo)'
#   meta: !!omap
#   - {ucd: PHYS_DISTANCE_TRUE}
#   - {width: 15}
#   - {precision: '8'}
#   - values: {'null': .nan}
# - name: Plx
#   unit: mas
#   datatype: float64
#   format: '{:9.4f}'
#   description: '? Parallax (parallax)'
#   meta: !!omap
#   - {ucd: POS_PARLX_TRIG}
#   - {width: 9}
#   - {precision: '4'}
#   - values: {'null': .nan}
# - name: e_Plx
#   unit: mas
#   datatype: float32
#   format: '{:7.4f}'
#   description: '? Standard error of parallax (parallax_error)'
#   meta: !!omap
#   - {ucd: ERROR}
#   - {width: 7}
#   - {precision: '4'}
#   - values: {'null': .nan}
# - name: pmRA
#   unit: mas / yr
#   datatype: float64
#   format: '{:9.3f}'
#   description: '? Proper motion in right ascension direction, pmRA*cosDE (pmra)'
#   meta: !!omap
#   - {ucd: POS_EQ_PMRA}
#   - {width: 9}
#   - {precision: '3'}
#   - values: {'null': .nan}
# - name: pmDE
#   unit: mas / yr
#   datatype: float64
#   format: '{:9.3f}'
#   description: '? Proper motion in declination direction (pmdec)'
#   meta: !!omap
#   - {ucd: POS_EQ_PMDEC}
#   - {width: 9}
#   - {precision: '3'}
#   - values: {'null': .nan}
# - name: e_pmRA
#   unit: mas / yr
#   datatype: float32
#   format: '{:6.3f}'
#   description: '? Standard error of proper motion in right ascension direction (pmra_error)'
#   meta: !!omap
#   - {ucd: ERROR}
#   - {width: 6}
#   - {precision: '3'}
#   - values: {'null': .nan}
# - name: e_pmDE
[...]
#       distance: !astropy.table.SerializedColumn
#         __class__: astropy.coordinates.distances.Distance
#         unit: !astropy.units.Unit {unit: pc}
#         value: !astropy.table.SerializedColumn {name: SkyCoord.distance}
#       frame: icrs
#       obstime: !astropy.time.Time {format: jyear_str, in_subfmt: '*', jd1: 367701545.0, jd2: 0.0, out_subfmt: '*', precision: 3, scale: tt}
#       pm_dec: !astropy.table.SerializedColumn
#         __class__: astropy.units.quantity.Quantity
#         unit: !astropy.units.Unit {unit: mas / yr}
#         value: !astropy.table.SerializedColumn {name: SkyCoord.pm_dec}
#       pm_ra_cosdec: !astropy.table.SerializedColumn
#         __class__: astropy.units.quantity.Quantity
#         unit: !astropy.units.Unit {unit: mas / yr}
#         value: !astropy.table.SerializedColumn {name: SkyCoord.pm_ra_cosdec}
#       ra: !astropy.table.SerializedColumn
#         __class__: astropy.coordinates.angles.Longitude
#         unit: *id001
#         value: !astropy.table.SerializedColumn {name: SkyCoord.ra}
#         wrap_angle: !astropy.coordinates.Angle
#           unit: *id001
#           value: 360.0
#       representation_type: spherical
# schema: astropy-2.0
RA_ICRS_1 DE_ICRS_1 e_RA_ICRS e_DE_ICRS _r_1 HIP TYC2 Source rgeo Plx e_Plx pmRA pmDE e_pmRA e_pmDE RUWE Teff logg Gmag BP-RP BPmag RPmag RV e_RV b_rgeo B_rgeo FG e_FG FBP e_FBP FRP e_FRP RAVE5 RAVE6 e_Gmag e_BPmag e_RPmag e_BP-RP SkyCoord.ra SkyCoord.dec SkyCoord.distance SkyCoord.pm_ra_cosdec SkyCoord.pm_dec rmRA rmDE e_rmRA e_rmDE rRV e_rRV v_pec v_pec3d e_vpec e_vpec3d Pmemb
326.67399697896 60.10348292719 0.0092 0.01 18.5847 "" 4262-1240-1 2203597537467999616 825.152649 1.1908 0.0105 -2.167 -2.343 0.013 0.013 0.974 "" "" 10.066052 1.225617 10.590697 9.36508 "" "" 818.083984 832.869812 1772253.39797 433.88 792750.0 608.91 1422700.0 473.81 "" "" 0.0027681118700508605 0.002912134 0.0037966399 0.006708774 326.67399697896 60.10348292719 825.152649 -2.167 -2.343 -0.1618570728302 0.13120001029968265 0.1106042 0.1106042 "" "" 0.8149168709918759 "" 0.09013322596413435 "" 0.8
326.54029250843 59.66023655121 0.0099 0.0096 10.3693 "" 3979-1352-1 2203429999382499712 868.151672 1.1281 0.0108 -2.023 -2.595 0.013 0.012 0.857 "" "" 10.937724 0.81645 11.257074 10.440624 "" "" 859.671875 876.922363 794066.98042 128.35 429130.0 205.6 528330.0 114.6 "" "" 0.0027609034141620574 0.0028382463 0.0037867124 0.0066249585 326.54029250843 59.66023655121 868.151672 -2.023 -2.5949999999999998 -0.017857072830200327 -0.12079998970031758 0.1106042 0.1096042 "" "" 0.5024985316375811 "" 0.055086744249618375 "" 1.0
326.69856052389 59.67188698503 0.0093 0.0094 7.6316 "" 3980-251-1 2203435325142051840 860.499451 1.1176 0.0103 -1.981 -2.709 0.014 0.012 0.855 "" "" 11.651739 0.843851 11.984521 11.14067 -37.23 9.94 852.207703 868.208923 411387.60973 60.221 219590.0 116.3 277260.0 100.24 "" "" 0.002759900345019756 0.0028488084 0.003799712 0.0066485205 326.69856052389 59.67188698503 860.499451 -1.981 -2.709 0.02414292716979971 -0.23479998970031746 0.1116042 0.1096042 -17.32930232558139 14.212282 0.9627439145761301 17.35602474463706 0.10554110501207303 14.190401271659457 0.9
326.818466031 59.75202386148 0.0107 0.011 3.3269 "" 3980-1271-1 2203437180568011264 834.745056 1.1549 0.0121 -1.886 -2.559 0.015 0.014 0.912 "" "" 11.744405 0.838296 12.073896 11.2356 "" "" 826.782654 843.134644 377732.8732 45.308 202240.0 100.39 254050.0 49.228 "" "" 0.0027583961860315953 0.002841745 0.003785233 0.006626978 326.818466031 59.75202386148 834.745056 -1.8859999999999997 -2.559 0.1191429271697999 -0.08479998970031755 0.1126042 0.1116042 "" "" 0.5786257323763505 "" 0.06496170082879218 "" 0.9
326.36536485791 59.27889035285 0.0272 0.0235 33.1912 "" 3979-1425-1 2202647181470703488 853.767029 1.1192 0.0303 -1.996 -2.309 0.036 0.03 2.228 "" "" 11.830647 0.57764 12.041203 11.463563 -26.39 21.65 833.53241 877.556702 348889.50681 62.11 208420.0 152.73 205940.0 92.253 "" "" 0.002762091319554602 0.0029013911 0.0038105485 0.0067119393 326.36536485791 59.27889035285 853.767029 -1.996 -2.309 0.009142927169799808 0.16520001029968245 0.1336042 0.1276042 -6.489302325581395 25.922283 0.6695637012791908 6.523753537869651 0.08545169666254726 25.785391987932282 1.0
325.57407742437 58.76155798456 0.0106 0.0114 71.8109 "" "" 2178612956796955648 851.152832 1.1601 0.0122 -2.327 -2.349 0.014 0.014 1.25 "" "" 12.378538 0.812942 12.69591 11.882968 -30.31 18.86 841.772278 860.736145 210635.50501 32.089 114040.0 59.897 139950.0 92.148 "" "" 0.0027602804662044686 0.002847849 0.0038463997 0.006694249 325.57407742437 58.76155798456 851.152832 -2.3269999999999986 -2.349 -0.32185707283020015 0.12520001029968242 0.1116042 0.1116042 -10.409302325581393 23.132282 1.3933045983540722 10.502136573533445 0.1554986434023858 22.92781238175769 0.9
326.63226029875 59.29587931442 0.0178 0.0163 30.2393 "" "" 2202669961977785088 839.547485 1.1728 0.0198 -1.854 -2.861 0.023 0.022 1.484 9354.2 4.2372 12.538945 0.608803 12.755864 12.147061 "" "" 826.210876 855.366272 181705.80018 37.735 107910.0 63.557 109730.0 67.541 "" "" 0.0027645304704198423 0.002862513 0.0038380127 0.006700526 326.63226029875 59.29587931442 839.547485 -1.854 -2.8609999999999998 0.1511429271697997 -0.3867999897003176 0.1206042 0.1196042 "" "" 1.6525925997053295 "" 0.19787671519154787 "" 0.8
326.68020494193 59.56445311082 0.0099 0.0096 14.0737 "" "" 2203431270692844544 823.032532 1.2016 0.0109 -2.004 -2.605 0.013 0.012 0.984 8703.8 4.1101 12.645217 0.852965 12.985266 12.1323 "" "" 814.962219 828.834412 164763.07402 23.422 87360.0 59.218 111230.0 48.746 "" "" 0.0027596397095902545 0.0028856045 0.0038092164 0.0066948207 326.68020494193 59.56445311082 823.032532 -2.004 -2.605 0.0011429271697998011 -0.13079998970031737 0.1106042 0.1096042 "" "" 0.5102930252871944 "" 0.05593029906692324 "" 1.0
326.83403020218 60.04232992758 0.009 0.0098 14.9726 "" "" 2203549674350971648 844.208618 1.1705 0.0105 -2.03 -2.441 0.013 0.012 0.99 10082.7 4.1491 12.807014 1.228839 13.327774 12.098935 17.25 24.81 836.486267 851.876831 141951.9968 19.147 63725.0 40.069 114710.0 30.579 "" "" 0.0027592093846518675 0.002872475 0.0037904482 0.006662923 326.83403020218 60.04232992758 844.208618 -2.030000000000002 -2.4410000000000007 -0.0248570728302 0.03320001029968278 0.1106042 0.1096042 37.15069767441861 29.082283 0.165961302032528 37.1510683675426 0.018249843630841346 29.081992837298717 1.0
327.38039685174 60.10811510727 0.0113 0.0122 26.5847 "" "" 2203542115208747648 811.984802 1.2156 0.0126 -1.994 -2.345 0.016 0.016 1.012 "" "" 12.929814 1.011282 13.343184 12.331902 "" "" 804.17926 821.836731 126771.37349 21.89 62827.0 38.324 92555.0 35.829 "" "" 0.0027616909980611943 0.0028676954 0.0038026804 0.006670376 327.38039685174 60.10811510727 811.984802 -1.9940000000000002 -2.3450000000000006 0.01114292716979981 0.12920001029968242 0.1136042 0.1136042 "" "" 0.4991120079735655 "" 0.056701221806962174 "" 0.9
326.706825941 58.93947855231 0.009 0.0098 51.4221 "" "" 2202624091726517888 829.069153 1.1785 0.0104 -2.042 -2.6 0.012 0.012 1.01 "" "" 13.062389 0.773703 13.365475 12.591772 "" "" 823.645813 836.379333 112199.55413 29.073 61550.0 49.506 72853.0 35.233 "" "" 0.002769645918432525 0.0029236395 0.003815683 0.0067393226 326.706825941 58.93947855231 829.069153 -2.0420000000000016 -2.599999999999999 -0.03685707283020001 -0.12579998970031747 0.1096042 0.1096042 "" "" 0.5151482832318233 "" 0.05646241660394039 "" 1.0
325.41058271569 60.37286071527 0.0103 0.0104 52.9896 "" "" 2203722160238127104 816.436768 1.1984 0.0112 -2.074 -2.514 0.014 0.014 1.01 7646.8 4.0746 13.418929 1.25509 13.9672 12.71211 "" "" 809.856567 824.439636 80793.22791 14.374 35362.0 33.171 65210.0 24.683 "" "" 0.002762082885902172 0.002970239 0.0038016604 0.0067718993 325.41058271569 60.37286071527 816.436768 -2.073999999999999 -2.5140000000000002 -0.06885707283020004 -0.03979998970031717 0.1116042 0.1116042 "" "" 0.3077816225437164 "" 0.03434972139349158 "" 1.0
324.93682504941 60.16480925078 0.0117 0.0106 58.7998 "" "" 2203695462720941056 838.254211 1.1677 0.0129 -1.828 -2.514 0.016 0.013 1.104 6031.7 3.7677 13.428072 1.342552 14.025022 12.682469 -47.1 9.83 829.335449 845.923584 80115.74505 33.316 33528.0 50.892 67015.0 74.283 "" "" 0.002792067887627509 0.0032405346 0.0039663725 0.007206907 324.93682504941 60.16480925078 838.254211 -1.8279999999999998 -2.5140000000000002 0.17714292716979974 -0.03979998970031717 0.1136042 0.1106042 -27.199302325581396 14.102283 0.7213927460841956 27.20886720340412 0.081850558827916 14.097325240749393 0.9
326.83833141312 59.9279990622 0.0101 0.0107 8.3252 "" "" 2203545551182306176 846.827576 1.152 0.0114 -2.104 -2.218 0.014 0.013 1.079 6385.7 3.8523 13.651631 1.602319 14.402001 12.799683 -14.55 4.2 838.993408 856.340515 65207.02315 11.865 23693.0 21.388 60157.0 27.717 "" "" 0.002762393729176654 0.0029573066 0.003812345 0.0067696515 326.83833141312 59.9279990622 846.827576 -2.103999999999999 -2.2179999999999995 -0.09885707283020029 0.25620001029968265 0.1116042 0.1106042 5.350697674418605 8.472282 1.102278056601539 5.463056151742716 0.12205998774984056 8.298069832245718 0.9
328.25232566937 59.15685229711 0.0107 0.0108 59.6813 "" "" 2202691436810061440 836.416016 1.1696 0.0118 -1.944 -2.397 0.014 0.014 0.954 5773.2 4.0426 13.773752 1.241067 14.313023 13.071956 -18.63 4.27 826.188232 845.273987 58270.09569 11.724 25716.0 20.535 46814.0 22.82 "" "" 0.0027639664107673534 0.0029217673 0.0038162596 0.0067380266 328.25232566937 59.15685229711 836.416016 -1.9440000000000004 -2.397 0.061142927169799854 0.07720001029968282 0.1116042 0.1116042 1.2706976744186065 8.542282 0.39043475468145383 1.3293276035033734 0.04357415798514502 8.16553519855095 1.0
327.46227574378 59.94267072071 0.0119 0.0119 23.1293 "" "" 2203536102254472192 848.656189 1.1523 0.0132 -1.91 -2.314 0.016 0.015 0.988 6074.4 4.0867 14.215148 1.211969 14.73787 13.525901 -12.35 11.41 839.026672 861.511475 38804.97326 7.4924 17389.0 17.103 30818.0 15.067 "" "" 0.002763283379795859 0.0029875431 0.0038164768 0.00680402 327.46227574378 59.94267072071 848.656189 -1.9100000000000006 -2.3140000000000005 0.09514292716979988 0.16020001029968256 0.1136042 0.1126042 7.550697674418606 15.682282 0.7495081155432682 7.587805861099489 0.08459383536292915 15.605590436903622 1.0
326.26233794756 60.48934159092 0.0135 0.0136 44.0841 "" "" 2203808746778694272 794.264832 1.2305 0.0156 -2.001 -2.499 0.018 0.015 0.971 8523.2 4.2522 14.224401 1.541843 14.934776 13.392934 -10.21 5.34 786.116211 803.760254 38475.65956 9.3493 14505.0 16.647 34832.0 21.7 "" "" 0.002767922231227311 0.0030557716 0.0038394334 0.006895205 326.26233794756 60.48934159092 794.264832 -2.001 -2.499 0.004142927169799915 -0.024799989700317493 0.1156042 0.1126042 9.690697674418605 9.612283 0.09466121323475636 9.69116000086023 0.010667060048759105 9.611824190031518 0.9
328.25613513024 59.12931111426 0.0132 0.0128 60.858 "" "" 2202503695199329664 850.028748 1.1477 0.0142 -1.962 -2.447 0.018 0.017 1.026 6716.7 4.0308 14.314284 1.382161 14.931726 13.549565 -24.65 6.79 839.989929 860.109924 35418.73642 7.8207 14545.0 18.408 30153.0 18.085 "" "" 0.002765730230541641 0.003110175 0.003835073 0.0069452478 328.25613513024 59.12931111426 850.028748 -1.9619999999999997 -2.447 0.04314292716979984 0.027200010299682553 0.1156042 0.114604205 -4.749302325581393 11.062283 0.2054919822977136 4.753745842444826 0.023697470097252173 11.051942250622753 1.0
326.62219197096 59.62281195127 0.013 0.0123 11.1196 "" "" 2203434809745881984 849.970093 1.1462 0.0139 -1.998 -2.518 0.018 0.015 1.016 5765.2 4.0443 14.315872 1.525174 15.020388 13.495214 -9.41 6.7 841.678833 862.855225 35366.96996 7.9835 13405.0 11.759 31701.0 20.899 "" "" 0.002766198999021992 0.002948245 0.003846565 0.0067948103 326.62219197096 59.62281195127 849.970093 -1.9979999999999984 -2.518 0.0071429271697998065 -0.04379998970031718 0.1156042 0.1126042 10.490697674418605 10.972282 0.17879510504575075 10.49222118455574 0.020147155847711807 10.970689198200171 1.0
326.96824337225 59.83348771895 0.0166 0.0162 6.899 "" "" 2203531635488280832 836.871155 1.1699 0.0177 -2.089 -2.488 0.025 0.021 1.057 5928.7 4.0405 14.636729 1.485762 15.316708 13.830946 -3.91 6.38 824.060486 847.041077 26318.13186 7.8115 10203.0 15.372 23269.0 19.558 "" "" 0.0027741015855363934 0.0032343233 0.0038879982 0.0071223215 326.96824337225 59.83348771895 836.871155 -2.0889999999999995 -2.4879999999999995 -0.08385707283020016 -0.013799989700317372 0.1226042 0.1186042 15.990697674418605 10.652283 0.3371158437371567 15.994250817301673 0.041296827157977105 10.649916332446196 1.0
326.72858676392 59.77214216812 0.0156 0.0155 1.6064 "" "" 2203438142640674432 842.529907 1.1632 0.0174 -2.006 -2.436 0.022 0.02 1.055 5574.4 3.9287 14.649337 1.636501 15.420342 13.783841 -48.37 6.08 829.944885 857.631653 26014.28374 10.31 9274.3 19.778 24301.0 30.969 "" "" 0.00278871785803343 0.0036257568 0.0040247017 0.0076504583 326.72858676392 59.77214216812 842.529907 -2.0060000000000007 -2.436 -0.0008570728301999786 0.038200010299682674 0.1196042 0.117604196 -28.469302325581392 10.352283 0.15259363924090394 28.469711268716633 0.017945807126199212 10.352133822841411 1.0
325.88022097088 60.11728537514 0.0204 0.0159 32.5078 "" "" 2203516104888063872 831.721069 1.1742 0.0196 -1.988 -2.561 0.033 0.02 1.038 6198.5 4.1913 14.727702 1.476278 15.402503 13.926225 -22.95 6.33 818.595947 844.89624 24202.80913 12.412 9427.9 18.031 21314.0 40.485 "" "" 0.0028110171052275874 0.0034780519 0.0043054433 0.007783495 325.88022097088 60.11728537514 831.721069 -1.9879999999999995 -2.5609999999999986 0.017142927169799815 -0.08679998970031733 0.13060421 0.117604196 -3.049302325581394 10.602283 0.3488066298487695 3.069187309015622 0.04120037235040609 10.533592347498793 1.0
326.43263115122 59.95973721152 0.0166 0.0166 13.7367 "" "" 2203501227121393792 874.091919 1.1149 0.0178 -1.982 -2.287 0.024 0.021 0.984 7686.2 4.1525 14.916675 1.838167 15.813767 13.9756 -23.75 25.8 862.37085 889.99353 20336.52348 5.7637 6455.2 13.12 20367.0 13.385 "" "" 0.00277244982764407 0.0035573428 0.0038461487 0.0074034915 326.43263115122 59.95973721152 874.091919 -1.9819999999999993 -2.2870000000000013 0.02314292716979982 0.1872000102996827 0.121604204 0.1186042 -3.8493023255813945 30.07228 0.7815108187308861 3.9278349702501187 0.09272619692486678 29.47102520881218 1.0
326.26099056538 60.17281333693 0.0183 0.0177 26.9759 "" "" 2203520331135964672 803.251709 1.2152 0.0209 -1.955 -2.464 0.026 0.022 1.045 6243.0 4.1416 14.989306 1.83872 15.890612 14.051891 -11.83 9.24 789.055908 817.00415 19020.61688 6.0511 6014.1 10.462 18985.0 16.589 "" "" 0.002776886201805966 0.0033693209 0.003896637 0.007265958 326.26099056538 60.17281333693 803.251709 -1.9549999999999996 -2.464 0.050142927169799734 0.01020001029968265 0.1236042 0.1196042 8.070697674418605 13.512282 0.194824750040482 8.073048843844203 0.024050673835741807 13.508347109251096 0.8
327.05953449527 60.04621359821 0.0167 0.018 17.6235 "" "" 2203547922004416384 833.896729 1.1677 0.0197 -1.898 -2.483 0.024 0.022 1.011 5871.7 4.0101 15.116427 1.816674 15.994944 14.178269 -52.37 8.46 819.642761 846.151306 16919.0351 15.876 5463.1 18.203 16899.0 42.594 "" "" 0.0029376431197153255 0.0045686467 0.004666125 0.009234771 327.05953449527 60.04621359821 833.896729 -1.8980000000000001 -2.482999999999999 0.1071429271697999 -0.008799989700317479 0.121604204 0.1196042 -32.469302325581396 12.732283 0.4249267242391824 32.47208272086929 0.05166722806634389 12.731192465308297 1.0
327.20666629138 58.84696146784 0.0195 0.0224 58.631 "" "" 2202585059062343552 833.584167 1.17 0.0224 -2.1 -2.553 0.027 0.029 1.059 4834.0 4.176 15.292351 1.463075 15.960801 14.497726 "" "" 818.549683 848.430481 14388.19693 15.503 5637.6 26.499 12591.0 35.069 "" "" 0.0029933861440757208 0.005816333 0.0048403037 0.010656636 327.20666629138 58.84696146784 833.584167 -2.0999999999999996 -2.553 -0.09485707283020028 -0.07879998970031732 0.1246042 0.1266042 "" "" 0.48725229489146155 "" 0.06111346945827878 "" 0.9
326.16397891744 60.0106166419 0.024 0.0238 21.8726 "" "" 2203505968765274240 802.621216 1.2193 0.0255 -1.984 -2.473 0.034 0.029 1.202 5574.8 4.1585 15.333542 1.877854 16.257149 14.379294 -12.86 10.26 785.399475 814.662537 13852.55797 8.2663 4291.0 15.789 14042.0 28.917 "" "" 0.002830469757636207 0.0048729186 0.004391229 0.009264147 326.16397891744 60.0106166419 802.621216 -1.9840000000000018 -2.4729999999999994 0.02114292716979982 0.0012000102996827522 0.1316042 0.1266042 7.040697674418606 14.532283 0.08056612518035786 7.041158615106618 0.010601571019681693 14.53133149197687 1.0
327.15055659308 58.92835458802 0.0214 0.0229 53.4784 "" "" 2202598012683673856 849.491394 1.15 0.0235 -1.953 -2.626 0.03 0.029 0.965 5803.2 4.3814 15.371068 1.386622 15.985052 14.59843 "" "" 833.510559 872.978638 13381.94925 19.949 5513.1 29.352 11476.0 62.414 "" "" 0.0031955425852817783 0.006418671 0.0070108552 0.013429526 327.15055659308 58.92835458802 849.491394 -1.9530000000000003 -2.6260000000000003 0.052142927169799735 -0.15179998970031727 0.1276042 0.1266042 "" "" 0.64629104612566 "" 0.08189160968105134 "" 1.0
