Clusters/UPK_169/UPK_169_stars_in_region.tsv
# %ECSV 1.0
# ---
# datatype:
# - name: RA_ICRS_1
#   unit: deg
#   datatype: float64
#   format: '{:15.11f}'
#   description: Right ascension (ICRS) at Ep=2016.0 (ra)
#   meta: !!omap
#   - {ucd: POS_EQ_RA_MAIN}
#   - {width: 15}
#   - {precision: '11'}
# - name: DE_ICRS_1
#   unit: deg
#   datatype: float64
#   format: '{:15.11f}'
#   description: Declination (ICRS) at Ep=2016.0 (dec)
#   meta: !!omap
#   - {ucd: POS_EQ_DEC_MAIN}
#   - {width: 15}
#   - {precision: '11'}
# - name: e_RA_ICRS
#   unit: mas
#   datatype: float64
#   format: '{:7.4f}'
#   description: Standard error of right ascension (ra_error)
#   meta: !!omap
#   - {ucd: ERROR}
#   - {width: 7}
#   - {precision: '4'}
# - name: e_DE_ICRS
#   unit: mas
#   datatype: float64
#   format: '{:7.4f}'
#   description: Standard error of declination (dec_error)
#   meta: !!omap
#   - {ucd: ERROR}
#   - {width: 7}
#   - {precision: '4'}
# - name: _r_1
#   unit: ''
#   datatype: float64
#   format: '{:7.4f}'
#   description: Distance from center (326.75191192000+59.79620514000)[ICRS], at Epoch=J2016.0
#   meta: !!omap
#   - {ucd: POS_ANG_DIST_GENERAL}
#   - {width: 7}
#   - {precision: '4'}
# - name: HIP
#   datatype: int32
#   description: '? HIP cross-id number, van Leeuwen, Cat. I/311 (hip_original_ext_source_id)'
#   meta: !!omap
#   - {ucd: ID_NUMBER}
#   - {width: 6}
#   - values: {'null': -2147483648}
# - name: TYC2
#   datatype: string
#   description: Tycho-2 cross-id name, Hog et al., Cat. I/259 (tyc2_original_ext_source_id)
#   meta: !!omap
#   - {ucd: ID_CROSSID}
#   - {_votable_string_dtype: char}
# - name: Source
#   datatype: int64
#   description: Source identifier, identical to the Gaia-EDR3 source_id (id)
#   meta: !!omap
#   - {ucd: ID_MAIN}
#   - {width: 19}
# - name: rgeo
#   unit: pc
#   datatype: float64
#   format: '{:15.8f}'
#   description: '? Median of the geometric distance posterior (r_med_geo)'
#   meta: !!omap
#   - {ucd: PHYS_DISTANCE_TRUE}
#   - {width: 15}
#   - {precision: '8'}
#   - values: {'null': .nan}
# - name: Plx
#   unit: mas
#   datatype: float64
#   format: '{:9.4f}'
#   description: '? Parallax (parallax)'
#   meta: !!omap
#   - {ucd: POS_PARLX_TRIG}
#   - {width: 9}
#   - {precision: '4'}
#   - values: {'null': .nan}
# - name: e_Plx
#   unit: mas
#   datatype: float32
#   format: '{:7.4f}'
#   description: '? Standard error of parallax (parallax_error)'
#   meta: !!omap
#   - {ucd: ERROR}
#   - {width: 7}
#   - {precision: '4'}
#   - values: {'null': .nan}
# - name: pmRA
#   unit: mas / yr
#   datatype: float64
#   format: '{:9.3f}'
#   description: '? Proper motion in right ascension direction, pmRA*cosDE (pmra)'
#   meta: !!omap
#   - {ucd: POS_EQ_PMRA}
#   - {width: 9}
#   - {precision: '3'}
#   - values: {'null': .nan}
# - name: pmDE
#   unit: mas / yr
#   datatype: float64
#   format: '{:9.3f}'
#   description: '? Proper motion in declination direction (pmdec)'
#   meta: !!omap
#   - {ucd: POS_EQ_PMDEC}
#   - {width: 9}
#   - {precision: '3'}
#   - values: {'null': .nan}
# - name: e_pmRA
#   unit: mas / yr
#   datatype: float32
#   format: '{:6.3f}'
#   description: '? Standard error of proper motion in right ascension direction (pmra_error)'
#   meta: !!omap
#   - {ucd: ERROR}
#   - {width: 6}
#   - {precision: '3'}
#   - values: {'null': .nan}
# - name: e_pmDE
[...]
#         value: !astropy.table.SerializedColumn {name: SkyCoord.dec}
#       distance: !astropy.table.SerializedColumn
#         __class__: astropy.coordinates.distances.Distance
#         unit: !astropy.units.Unit {unit: pc}
#         value: !astropy.table.SerializedColumn {name: SkyCoord.distance}
#       frame: icrs
#       obstime: !astropy.time.Time {format: jyear_str, in_subfmt: '*', jd1: 367701545.0, jd2: 0.0, out_subfmt: '*', precision: 3, scale: tt}
#       pm_dec: !astropy.table.SerializedColumn
#         __class__: astropy.units.quantity.Quantity
#         unit: !astropy.units.Unit {unit: mas / yr}
#         value: !astropy.table.SerializedColumn {name: SkyCoord.pm_dec}
#       pm_ra_cosdec: !astropy.table.SerializedColumn
#         __class__: astropy.units.quantity.Quantity
#         unit: !astropy.units.Unit {unit: mas / yr}
#         value: !astropy.table.SerializedColumn {name: SkyCoord.pm_ra_cosdec}
#       ra: !astropy.table.SerializedColumn
#         __class__: astropy.coordinates.angles.Longitude
#         unit: *id001
#         value: !astropy.table.SerializedColumn {name: SkyCoord.ra}
#         wrap_angle: !astropy.coordinates.Angle
#           unit: *id001
#           value: 360.0
#       representation_type: spherical
# schema: astropy-2.0
RA_ICRS_1 DE_ICRS_1 e_RA_ICRS e_DE_ICRS _r_1 HIP TYC2 Source rgeo Plx e_Plx pmRA pmDE e_pmRA e_pmDE RUWE Teff logg Gmag BP-RP BPmag RPmag RV e_RV b_rgeo B_rgeo FG e_FG FBP e_FBP FRP e_FRP RAVE5 RAVE6 e_Gmag e_BPmag e_RPmag e_BP-RP SkyCoord.ra SkyCoord.dec SkyCoord.distance SkyCoord.pm_ra_cosdec SkyCoord.pm_dec rmRA rmDE e_rmRA e_rmDE rRV e_rRV v_pec v_pec3d e_vpec e_vpec3d
[from data line 551]
325.95260597341 58.95933708135 0.013 0.0116 55.8383 "" "" 2202636529951301632 718.875122 1.3632 0.014 8.574 6.837 0.018 0.014 0.949 5901.0 4.065 13.956116 1.244252 14.498685 13.254433 -49.22 2.89 712.668762 726.130371 49260.70022 7.3612 21674.0 15.95 39572.0 18.952 "" "" 0.0027600929273814837 0.0029023176 0.0038149853 0.006717303 325.95260597341 58.95933708135 718.875122 8.573999999999996 6.836999999999994 10.5791429271698 9.311200010299682 0.1156042 0.1116042 -29.319302325581393 7.162283 48.02193865325433 56.264803215471794 5.468519155366902 5.976112153681392
327.23349840552 60.3037850096 0.0135 0.0137 33.6984 "" "" 2203559466879788288 946.884399 1.0311 0.016 -1.256 -5.535 0.02 0.017 1.145 8478.8 4.3014 13.956696 1.230733 14.489797 13.259064 1.59 4.28 933.450256 962.999023 49234.35163 8.6029 21852.0 15.151 39403.0 21.575 "" "" 0.0027618437793445433 0.0028899382 0.0038258526 0.006715791 327.23349840552 60.3037850096 946.884399 -1.256000000000001 -5.5350000000000055 0.7491429271697998 -3.0607999897003175 0.117604196 0.114604205 21.490697674418605 8.552282 14.143067773245606 25.726959644930446 1.6232826451301774 7.199562140570935
326.75386706973 59.13316737638 0.227 0.2471 39.7823 "" "" 2202653331864305280 711.570435 1.5228 0.2685 -3.666 -7.014 0.333 0.343 22.999 5575.3 4.3865 13.956945 1.159953 14.396854 13.236901 -8.28 5.77 578.869751 877.913574 49223.06258 65.207 23805.0 42.781 40216.0 159.16 "" "" 0.003108134540218196 0.0034047498 0.0057225367 0.009127286 326.75386706973 59.13316737638 711.570435 -3.6660000000000004 -7.013999999999998 -1.6608570728302001 -4.539799989700318 0.43060422 0.4406042 11.620697674418606 10.042282 16.304562419740375 20.02197218406439 7.164805675999181 8.24702577668585
326.01882647962 60.77764471247 0.0116 0.0118 62.7916 "" "" 2203830874450231552 701.572937 1.3954 0.0128 -0.485 -0.077 0.017 0.015 1.003 5641.5 4.055 13.957398 1.544571 14.674105 13.129534 -32.46 2.27 696.325623 707.219055 49202.505 8.6771 18441.0 17.086 44396.0 20.766 "" "" 0.0027619652453772844 0.002965974 0.0038133496 0.0067793233 326.01882647962 60.77764471247 701.572937 -0.4849999999999998 -0.07699999999999978 1.5201429271698 2.3972000102996827 0.114604205 0.1126042 -12.559302325581395 6.5422826 9.439493604686874 15.711146184103775 1.0683751906938446 5.269067575548092
326.79264963357 59.75531703787 0.0123 0.0119 2.7445 "" "" 2203437936482252800 839.559814 1.1612 0.0133 5.811 -10.745 0.016 0.014 1.036 "" "" 13.958933 1.829796 14.856113 13.026318 -128.86 1.83 830.204773 850.523438 49133.04891 10.923 15595.0 17.161 48824.0 17.811 "" "" 0.002765872621504642 0.0030352108 0.0038000795 0.00683529 326.79264963357 59.75531703787 839.559814 5.811000000000001 -10.745000000000003 7.8161429271698 -8.270799989700317 0.1136042 0.1116042 -108.9593023255814 6.1022825 45.28578374964513 117.99547352800053 5.0970122882830715 5.964858649367007
328.42635135707 59.24904184969 0.0112 0.0116 60.6137 "" "" 2202693635833490432 931.630432 1.0453 0.013 0.374 -2.343 0.016 0.015 0.943 6133.4 3.8185 13.959414 1.306455 14.534306 13.227851 -22.14 3.34 920.577576 940.72876 49111.25906 8.9157 20975.0 22.504 40553.0 21.766 "" "" 0.0027623613031374453 0.003023574 0.003824045 0.006847619 328.42635135707 59.24904184969 931.630432 0.37399999999999967 -2.3430000000000017 2.3791429271698 0.13120001029968265 0.1136042 0.1126042 -2.239302325581395 7.6122828 10.52208726989195 10.757731890160512 1.1953215753000215 1.9691863089042598
326.57367415889 59.65842651584 0.0118 0.0116 9.8693 "" "" 2203435668739333120 810.97876 1.2087 0.0129 -1.627 -4.365 0.016 0.015 0.941 6212.4 3.8986 13.963878 1.490666 14.647853 13.157186 -29.37 3.7 802.91925 819.856934 48909.77604 7.762 18892.0 16.911 43280.0 21.113 "" "" 0.002760702631639143 0.0029545918 0.003816314 0.006770906 326.57367415889 59.65842651584 810.97876 -1.627 -4.365 0.3781429271697998 -1.8907999897003176 0.1136042 0.1126042 -9.469302325581396 7.9722824 7.412237536688578 12.02534622510123 0.8349353628199033 6.298795798279506
325.20877101058 59.19585819831 0.0116 0.0119 59.2114 "" "" 2179389383801404800 952.812134 1.025 0.0135 -6.627 -5.194 0.015 0.015 1.069 6827.4 3.9087 13.966158 1.520003 14.665778 13.145775 -50.28 2.81 940.926086 962.043579 48807.16585 8.5473 18583.0 13.718 43737.0 20.062 "" "" 0.0027618729135726727 0.0029030049 0.003812054 0.006715059 325.20877101058 59.19585819831 952.812134 -6.627 -5.193999999999999 -4.6218570728302 -2.7197999897003173 0.1126042 0.1126042 -30.379302325581396 7.0822825 24.219856510466517 38.85232887712991 2.727257586820465 5.792856665276935
327.9321704199 59.65304414346 0.1238 0.0915 36.7203 "" "" 2202764966653833984 726.057495 1.3659 0.1173 -7.104 -8.357 0.171 0.115 5.081 "" "" 13.968402 1.309562 14.277055 12.967493 -33.75 5.52 674.652466 796.710938 48706.41281 30.161 26582.0 54.274 51542.0 45.917 "" "" 0.0028361628873267153 0.0035636069 0.0039011908 0.0074647977 327.9321704199 59.65304414346 726.057495 -7.103999999999997 -8.357 -5.0988570728302 -5.882799989700317 0.26860422 0.2126042 -13.849302325581395 9.792282 26.792054369075764 30.159863265951092 6.383059259579607 7.236813455401976
326.65662174328 59.78467438265 0.028 0.0257 2.9588 "" "" 2203448484921965696 746.390259 1.3176 0.0287 5.91 1.105 0.04 0.033 2.776 6988.7 4.0508 13.96853 1.758105 14.810541 13.052436 -27.06 3.57 727.944153 761.970764 48700.64788 12.436 16263.0 16.434 47663.0 26.787 "" "" 0.0027692339210323488 0.0029981313 0.0038283237 0.006826455 326.65662174328 59.78467438265 746.390259 5.91 1.1050000000000018 7.9151429271698 3.5792000102996826 0.1376042 0.13060421 -7.159302325581393 7.8422823 30.732873346793546 31.555746131871583 4.193228480261834 4.454637367340572
328.03501614876 59.73623574789 0.0124 0.0125 38.9309 "" "" 2202765825645728512 717.356506 1.367 0.0138 1.503 -1.875 0.018 0.016 1.007 5274.1 4.0871 13.970995 1.503528 14.666662 13.163135 -16.51 3.31 711.118347 724.603149 48590.20743 8.14 18567.0 15.285 43043.0 16.139 "" "" 0.0027613170819036138 0.0029298386 0.0038012438 0.0067310827 328.03501614876 59.73623574789 717.356506 1.5030000000000008 -1.8750000000000004 3.5081429271698 0.5992000102996826 0.1156042 0.1136042 3.390697674418604 7.5822825 12.1013819086942 12.567429125297625 1.3982902731218074 2.4490389898413683
325.39341616602 59.25750503757 0.0229 0.0242 52.4712 "" "" 2203408485881161600 946.82135 1.0353 0.0269 -4.247 -4.956 0.029 0.029 2.297 6683.9 4.1102 13.971099 1.24454 14.479957 13.235416 -17.26 4.13 925.610107 969.954041 48585.56767 16.504 22051.0 30.231 40271.0 66.368 "" "" 0.0027798943211428642 0.0031623847 0.0041815587 0.007343943 325.39341616602 59.25750503757 946.82135 -4.246999999999998 -4.955999999999999 -2.2418570728302 -2.481799989700318 0.1266042 0.1266042 2.640697674418604 8.402283 15.009606809471492 15.24013060254448 1.9002792535642905 2.371128020358715
328.50069040285 59.49160841449 0.0144 0.0147 56.0861 "" "" 2202723666245347584 753.891785 1.3002 0.0162 -4.153 -3.062 0.022 0.021 1.189 5809.0 4.2226 13.971427 1.168238 14.470944 13.302707 -2.79 4.54 745.740845 765.007507 48570.86249 10.389 22235.0 22.935 37851.0 18.7 "" "" 0.002765089717519816 0.0030065365 0.0038172572 0.006823794 328.50069040285 59.49160841449 753.891785 -4.1530000000000005 -3.0619999999999994 -2.1478570728301998 -0.5877999897003172 0.1196042 0.1186042 17.110697674418606 8.812283 7.957480769767198 18.870545172478963 0.9511958342252678 8.000519357012267
326.5718281846 58.95437139268 0.0631 0.0648 50.809 "" "" 2202627592109110016 812.334839 1.211 0.0708 12.925 19.64 0.087 0.089 5.798 5827.4 3.7564 13.972255 1.176336 14.465348 13.289012 -68.12 3.04 766.939148 858.523987 48533.84643 19.216 22350.0 14.548 38331.0 17.623 "" "" 0.0027886524089959005 0.002878282 0.0038122046 0.0066904863 326.5718281846 58.95437139268 812.334839 12.924999999999994 19.64 14.9301429271698 22.114200010299683 0.1846042 0.1866042 -48.219302325581396 7.3122826 102.7394546921243 113.49227580413074 19.10751639276844 17.573964641616207
325.06391256023 59.12527800707 0.0122 0.0114 65.3341 "" "" 2179387528375366912 746.71344 1.3126 0.0134 2.326 0.374 0.016 0.014 1.017 6540.7 4.1345 13.973851 1.323151 14.559515 13.236364 -20.49 5.25 737.367371 753.557373 48462.54827 9.1139 20493.0 20.083 40236.0 19.317 "" "" 0.0027628754281532925 0.0029861638 0.0038151583 0.006801322 325.06391256023 59.12527800707 746.71344 2.326 0.37399999999999994 4.3311429271698 2.8482000102996827 0.1136042 0.1116042 -0.589302325581393 9.522283 18.347401575964465 18.356863071359413 2.073332354861225 2.094689257609377
327.06356995583 60.79169269464 0.0306 0.0322 60.4436 "" "" 2203655639786200064 723.162842 1.3638 0.0355 -6.512 -1.532 0.04 0.041 2.821 5652.2 4.0981 13.977765 1.493816 14.65661 13.162794 -7.76 3.81 701.091553 746.569153 48288.1482 16.14 18740.0 17.34 43057.0 22.535 "" "" 0.0027791160451670744 0.0029655218 0.0038218626 0.0067873844 327.06356995583 60.79169269464 723.162842 -6.5120000000000005 -1.5320000000000003 -4.5068570728302 0.9422000102996826 0.1376042 0.1386042 12.140697674418606 8.082283 15.782553466153773 19.91194450408186 2.1724089457893387 5.22009001329895
326.06195037112 60.3520806149 0.0534 0.0475 39.2285 "" "" 2203713845181667456 954.567383 1.0333 0.0587 2.828 0.642 0.071 0.056 4.06 6995.1 3.4579 13.991307 1.507122 14.683173 13.176051 -8.01 3.87 906.342041 1012.34363 47689.6171 9.527 18287.0 13.204 42534.0 21.295 "" "" 0.0027638441324558537 0.0028982102 0.003818273 0.0067164833 326.06195037112 60.3520806149 954.567383 2.828 0.6420000000000001 4.833142927169799 3.1162000102996825 0.1686042 0.15360421 11.890697674418606 8.1422825 26.019674115822934 28.607903318454674 4.2761156776386615 5.155544396166987
327.61545595511 59.43222497292 0.0127 0.0128 34.1138 "" "" 2202755277205618944 744.744934 1.3172 0.0147 5.77 -0.026 0.017 0.015 0.942 5945.2 4.1165 13.991785 1.156385 14.487027 13.330642 10.92 4.61 735.426208 752.381653 47668.64809 8.1135 21908.0 15.813 36889.0 22.482 "" "" 0.0027615104721788837 0.0028981364 0.0038368707 0.0067350073 327.61545595511 59.43222497292 744.744934 5.77 -0.025999999999999735 7.775142927169799 2.448200010299683 0.114604205 0.1126042 30.820697674418604 8.882282 28.7754454311982 42.165645553006506 3.2926370408987577 6.870294505409975
328.25306997234 59.0431259126 0.0117 0.0122 64.3505 "" "" 2202496514013893120 933.656982 1.0389 0.013 -4.883 -1.693 0.016 0.016 0.994 7826.1 4.2223 13.994039 1.132123 14.47323 13.341107 "" "" 922.207458 947.699829 47569.78103 8.8157 22188.0 16.71 36536.0 22.663 "" "" 0.002762657223855137 0.0029075155 0.0038389184 0.0067464337 328.25306997234 59.0431259126 933.656982 -4.883 -1.693 -2.8778570728302 0.7812000102996826 0.1136042 0.1136042 "" "" 13.196950675274895 "" 1.4992290617338393 ""
327.80589824935 59.51109209888 0.016 0.0138 36.241 "" "" 2202761668117090816 932.567993 1.0437 0.0171 -3.988 -1.676 0.022 0.016 1.207 5828.4 3.9921 13.995987 1.195437 14.512637 13.3172 -27.78 3.38 918.184875 945.260254 47484.50073 7.6549 21397.0 17.02 37349.0 16.044 "" "" 0.0027608739252038173 0.002920773 0.0038080513 0.006728824 327.80589824935 59.51109209888 932.567993 -3.9879999999999995 -1.6760000000000004 -1.9828570728302002 0.7982000102996827 0.1196042 0.1136042 -7.879302325581396 7.6522827 9.44848287230884 12.302732774722285 1.1223445511817018 4.976137312232123
329.05886138058 60.02235868843 0.0118 0.0121 70.7084 "" "" 2203126877772958464 864.832458 1.128 0.0139 -2.134 -3.538 0.017 0.015 0.968 7087.3 4.1504 13.996551 1.202125 14.511941 13.309816 "" "" 853.523376 875.637756 47459.85407 8.5732 21411.0 16.271 37604.0 16.759 "" "" 0.0027622917695429325 0.0029096087 0.003810232 0.0067198407 329.05886138058 60.02235868843 864.832458 -2.1339999999999986 -3.538 -0.1288570728302001 -1.0637999897003172 0.114604205 0.1126042 "" "" 4.392716694466088 "" 0.49476650283491425 ""
327.13885901034 60.05836957105 0.0109 0.0114 19.5646 "" "" 2203547509687562112 737.719788 1.3237 0.0125 -2.821 -4.275 0.016 0.014 1.004 "" "" 13.997706 1.755453 14.846108 13.090655 -47.92 2.05 730.993408 745.329468 47409.37793 8.5354 15739.0 11.504 46015.0 20.74 "" "" 0.002762245209867314 0.0029008333 0.0038109324 0.0067117657 327.13885901034 60.05836957105 737.719788 -2.8210000000000033 -4.275000000000002 -0.8158570728302004 -1.8007999897003177 0.1136042 0.1116042 -28.019302325581396 6.322283 6.9131347091906274 28.859534547870783 0.7739069470101321 6.141011242589633
326.27414958548 58.73261112928 0.0112 0.0118 65.4753 "" "" 2202615570510976896 931.632812 1.0453 0.0128 10.188 16.048 0.015 0.015 1.042 5924.8 3.9441 14.005931 1.183828 14.513616 13.329787 -20.37 4.99 919.400757 941.734253 47051.59515 7.3543 21378.0 15.913 36918.0 21.952 "" "" 0.0027605413867048093 0.0029048591 0.0038341258 0.006738985 326.27414958548 58.73261112928 931.632812 10.187999999999999 16.047999999999995 12.1931429271698 18.52220001029968 0.1126042 0.1126042 -0.4693023255813955 9.262282 97.92485329140297 97.92597784457192 11.026749847252315 11.026712564515568
325.12054103438 59.33279768446 0.0121 0.0129 56.8455 "" "" 2179438174631019648 712.291748 1.3773 0.0143 -13.94 -22.253 0.017 0.016 0.946 5549.9 4.1462 14.006365 1.322685 14.592927 13.270242 -44.06 4.91 705.45166 719.362305 47032.79848 8.3403 19872.0 19.101 39000.0 25.575 "" "" 0.0027620388033023904 0.002978955 0.0038458628 0.0068248175 325.12054103438 59.33279768446 712.291748 -13.940000000000008 -22.252999999999986 -11.9348570728302 -19.778799989700317 0.114604205 0.1136042 -24.159302325581397 9.182282 77.99399233150028 81.6500748846256 8.881330707256849 8.90808511853185
328.25242222436 60.75531773879 0.0135 0.0123 72.8269 "" "" 2203971199622316800 948.506592 1.0282 0.0149 -8.886 -10.196 0.02 0.014 1.068 5849.8 4.0291 14.007345 1.260848 14.55613 13.295282 "" "" 935.324463 959.257812 46990.34665 35.256 20557.0 47.067 38111.0 76.359 "" "" 0.002873216947982653 0.003736934 0.004360732 0.008097666 328.25242222436 60.75531773879 948.506592 -8.886 -10.195999999999998 -6.880857072830199 -7.721799989700317 0.117604196 0.1116042 "" "" 46.500170249058044 "" 5.314907517326487 ""
326.33044603467 59.67691930453 0.0137 0.0138 14.6167 "" "" 2203442403248033408 701.494324 1.3965 0.0151 -0.811 -0.355 0.02 0.018 1.193 5995.4 4.0084 14.008709 1.407335 14.508654 13.101318 -21.42 3.3 694.24469 709.841919 46931.35492 20.337 21476.0 153.97 45565.0 782.17 "" "" 0.0027952008684850507 0.008269031 0.019017108 0.027286138 326.33044603467 59.67691930453 701.494324 -0.811 -0.35500000000000004 1.1941429271697999 2.1192000102996826 0.117604196 0.1156042 -1.5193023255813962 7.572283 8.088216626184485 8.229673611304653 0.9389557662856038 1.6750597831744933
326.88301542209 60.36491294776 0.014 0.013 34.3473 "" "" 2203604821732721664 702.997498 1.4015 0.016 -0.935 -4.516 0.018 0.016 1.08 5599.1 3.9377 14.0092 1.512775 14.70755 13.194775 -27.85 3.23 696.250427 710.293884 46910.14893 9.7597 17881.0 26.121 41807.0 20.669 "" "" 0.002764564157779808 0.003209465 0.0038173103 0.0070267753 326.88301542209 60.36491294776 702.997498 -0.9349999999999994 -4.516 1.0701429271697998 -2.0417999897003174 0.1156042 0.1136042 -7.949302325581396 7.5022826 7.681555123165045 11.05430669801218 0.8759904840871353 5.429225900094912
