Clusters/UPK_169/UPK_169_stars_in_region.tsv
# %ECSV 1.0
# ---
# datatype:
# - name: RA_ICRS_1
#   unit: deg
#   datatype: float64
#   format: '{:15.11f}'
#   description: Right ascension (ICRS) at Ep=2016.0 (ra)
#   meta: !!omap
#   - {ucd: POS_EQ_RA_MAIN}
#   - {width: 15}
#   - {precision: '11'}
# - name: DE_ICRS_1
#   unit: deg
#   datatype: float64
#   format: '{:15.11f}'
#   description: Declination (ICRS) at Ep=2016.0 (dec)
#   meta: !!omap
#   - {ucd: POS_EQ_DEC_MAIN}
#   - {width: 15}
#   - {precision: '11'}
# - name: e_RA_ICRS
#   unit: mas
#   datatype: float64
#   format: '{:7.4f}'
#   description: Standard error of right ascension (ra_error)
#   meta: !!omap
#   - {ucd: ERROR}
#   - {width: 7}
#   - {precision: '4'}
# - name: e_DE_ICRS
#   unit: mas
#   datatype: float64
#   format: '{:7.4f}'
#   description: Standard error of declination (dec_error)
#   meta: !!omap
#   - {ucd: ERROR}
#   - {width: 7}
#   - {precision: '4'}
# - name: _r_1
#   unit: ''
#   datatype: float64
#   format: '{:7.4f}'
#   description: Distance from center (326.75191192000+59.79620514000)[ICRS], at Epoch=J2016.0
#   meta: !!omap
#   - {ucd: POS_ANG_DIST_GENERAL}
#   - {width: 7}
#   - {precision: '4'}
# - name: HIP
#   datatype: int32
#   description: '? HIP cross-id number, van Leeuwen, Cat. I/311 (hip_original_ext_source_id)'
#   meta: !!omap
#   - {ucd: ID_NUMBER}
#   - {width: 6}
#   - values: {'null': -2147483648}
# - name: TYC2
#   datatype: string
#   description: Tycho-2 cross-id name, Hog et al., Cat. I/259 (tyc2_original_ext_source_id)
#   meta: !!omap
#   - {ucd: ID_CROSSID}
#   - {_votable_string_dtype: char}
# - name: Source
#   datatype: int64
#   description: Source identifier, identical to the Gaia-EDR3 source_id (id)
#   meta: !!omap
#   - {ucd: ID_MAIN}
#   - {width: 19}
# - name: rgeo
#   unit: pc
#   datatype: float64
#   format: '{:15.8f}'
#   description: '? Median of the geometric distance posterior (r_med_geo)'
#   meta: !!omap
#   - {ucd: PHYS_DISTANCE_TRUE}
#   - {width: 15}
#   - {precision: '8'}
#   - values: {'null': .nan}
# - name: Plx
#   unit: mas
#   datatype: float64
#   format: '{:9.4f}'
#   description: '? Parallax (parallax)'
#   meta: !!omap
#   - {ucd: POS_PARLX_TRIG}
#   - {width: 9}
#   - {precision: '4'}
#   - values: {'null': .nan}
# - name: e_Plx
#   unit: mas
#   datatype: float32
#   format: '{:7.4f}'
#   description: '? Standard error of parallax (parallax_error)'
#   meta: !!omap
#   - {ucd: ERROR}
#   - {width: 7}
#   - {precision: '4'}
#   - values: {'null': .nan}
# - name: pmRA
#   unit: mas / yr
#   datatype: float64
#   format: '{:9.3f}'
#   description: '? Proper motion in right ascension direction, pmRA*cosDE (pmra)'
#   meta: !!omap
#   - {ucd: POS_EQ_PMRA}
#   - {width: 9}
#   - {precision: '3'}
#   - values: {'null': .nan}
# - name: pmDE
#   unit: mas / yr
#   datatype: float64
#   format: '{:9.3f}'
#   description: '? Proper motion in declination direction (pmdec)'
#   meta: !!omap
#   - {ucd: POS_EQ_PMDEC}
#   - {width: 9}
#   - {precision: '3'}
#   - values: {'null': .nan}
# - name: e_pmRA
#   unit: mas / yr
#   datatype: float32
#   format: '{:6.3f}'
#   description: '? Standard error of proper motion in right ascension direction (pmra_error)'
#   meta: !!omap
#   - {ucd: ERROR}
#   - {width: 6}
#   - {precision: '3'}
#   - values: {'null': .nan}
# - name: e_pmDE
[...]
#         value: !astropy.table.SerializedColumn {name: SkyCoord.dec}
#       distance: !astropy.table.SerializedColumn
#         __class__: astropy.coordinates.distances.Distance
#         unit: !astropy.units.Unit {unit: pc}
#         value: !astropy.table.SerializedColumn {name: SkyCoord.distance}
#       frame: icrs
#       obstime: !astropy.time.Time {format: jyear_str, in_subfmt: '*', jd1: 367701545.0, jd2: 0.0, out_subfmt: '*', precision: 3, scale: tt}
#       pm_dec: !astropy.table.SerializedColumn
#         __class__: astropy.units.quantity.Quantity
#         unit: !astropy.units.Unit {unit: mas / yr}
#         value: !astropy.table.SerializedColumn {name: SkyCoord.pm_dec}
#       pm_ra_cosdec: !astropy.table.SerializedColumn
#         __class__: astropy.units.quantity.Quantity
#         unit: !astropy.units.Unit {unit: mas / yr}
#         value: !astropy.table.SerializedColumn {name: SkyCoord.pm_ra_cosdec}
#       ra: !astropy.table.SerializedColumn
#         __class__: astropy.coordinates.angles.Longitude
#         unit: *id001
#         value: !astropy.table.SerializedColumn {name: SkyCoord.ra}
#         wrap_angle: !astropy.coordinates.Angle
#           unit: *id001
#           value: 360.0
#       representation_type: spherical
# schema: astropy-2.0
RA_ICRS_1 DE_ICRS_1 e_RA_ICRS e_DE_ICRS _r_1 HIP TYC2 Source rgeo Plx e_Plx pmRA pmDE e_pmRA e_pmDE RUWE Teff logg Gmag BP-RP BPmag RPmag RV e_RV b_rgeo B_rgeo FG e_FG FBP e_FBP FRP e_FRP RAVE5 RAVE6 e_Gmag e_BPmag e_RPmag e_BP-RP SkyCoord.ra SkyCoord.dec SkyCoord.distance SkyCoord.pm_ra_cosdec SkyCoord.pm_dec rmRA rmDE e_rmRA e_rmDE rRV e_rRV v_pec v_pec3d e_vpec e_vpec3d
[from data line 29]
326.29002726683 58.9486816088 0.0183 0.018 52.7747 "" 3979-1595-1 2202638591535773440 728.651123 1.3567 0.0195 3.202 1.308 0.024 0.022 1.554 9218.5 3.8849 10.640646 0.500953 10.823131 10.322178 -22.25 2.65 718.59259 740.535095 1043970.70067 208.95 639980.0 246.24 589230.0 131.71 "" "" 0.002763876398295697 0.0028212697 0.003787166 0.006608436 326.29002726683 58.9486816088 728.651123 3.202000000000002 1.3079999999999998 5.2071429271698 3.7822000102996824 0.121604204 0.1196042 -2.3493023255813945 6.9222827 22.22796722023152 22.351772819189737 2.687743582386937 2.770112341757292
325.61004083096 60.12025538658 0.0155 0.0129 39.4261 "" 4249-540-1 2203703021866073472 945.889587 1.0405 0.0153 -3.53 -2.349 0.021 0.017 0.868 "" "" 10.662236 0.708812 10.933995 10.225183 "" "" 932.969238 960.015015 1023415.93188 179.29 577850.0 268.81 644300.0 201.49 "" "" 0.0027618776919013243 0.0028355154 0.0037946033 0.006630119 325.61004083096 60.12025538658 945.889587 -3.53 -2.349 -1.5248570728302 0.12520001029968242 0.1186042 0.114604205 "" "" 6.859727913391851 "" 0.8134118687482791 ""
326.93917666361 59.03211734915 0.0153 0.0182 46.2003 "" 3980-586-1 2202649517934290176 727.889404 1.3594 0.018 2.725 -3.913 0.023 0.026 0.847 "" "" 10.662418 0.410886 10.806812 10.395926 -18.44 3.14 717.587646 740.428528 1023244.72369 233.3 649670.0 273.58 550540.0 132.59 "" "" 0.0027664181618945335 0.002827382 0.0037884167 0.006615799 326.93917666361 59.03211734915 727.889404 2.7250000000000005 -3.9130000000000003 4.7301429271697994 -1.4387999897003172 0.1206042 0.1236042 1.4606976744186042 7.412283 17.058208085459967 17.120633772816465 2.06167468007776 2.149300661738727
327.16966867437 58.98363302007 0.0206 0.0214 50.397 "" 3980-1202-1 2202598699878430464 803.451416 1.236 0.0234 -4.394 -6.22 0.029 0.026 1.635 7593.8 3.6239 10.663432 0.300776 10.763403 10.462626 "" "" 788.260925 816.103455 1022289.56754 175.62 676170.0 330.09 517730.0 101.52 "" "" 0.002761626140564076 0.002840067 0.0037853734 0.0066254404 327.16966867437 58.98363302007 803.451416 -4.394 -6.219999999999992 -2.3888570728302003 -3.745799989700317 0.1266042 0.1236042 "" "" 16.919430717567888 "" 2.106113882961018 ""
326.80313724538 59.69928628435 0.019 0.0176 6.0178 "" 3980-791-1 2203436768252953984 698.415283 1.4115 0.0198 -13.122 -16.461 0.028 0.023 0.958 5029.5 2.5684 10.666915 2.066101 11.723739 9.657638 -23.39 0.14 688.231873 708.187134 1019015.02334 404.88 279200.0 384.32 1086700.0 784.27 "" "" 0.002788886285719618 0.0031652234 0.003859756 0.007024979 326.80313724538 59.69928628435 698.415283 -13.121999999999995 -16.461 -11.1168570728302 -13.986799989700316 0.1256042 0.1206042 -3.489302325581395 4.4122825 59.147144027765144 59.24997786801698 7.249319836603304 7.241401497562488
327.9141343042 59.37165147455 0.011 0.0109 43.5338 "" 3980-1499-1 2202704321698896384 849.470398 1.1623 0.0124 -0.949 -3.699 0.015 0.012 1.041 "" "" 10.679623 0.548566 10.879307 10.330741 -2.99 3.88 839.68335 858.297424 1007157.88825 174.2 607710.0 221.53 584600.0 128.7 "" "" 0.0027617123100482223 0.0028181013 0.003786933 0.006605034 327.9141343042 59.37165147455 849.470398 -0.9490000000000007 -3.6990000000000025 1.0561429271698 -1.2247999897003172 0.1126042 0.1096042 16.910697674418607 8.152283 6.511934225996231 18.121174994996544 0.7221312317116229 7.612142501220693
328.85053309385 59.97099415964 0.0299 0.032 64.0417 "" 3980-51-1 2202752253548233088 922.480713 1.077 0.0366 -2.068 -3.04 0.042 0.038 2.369 "" "" 10.711314 0.586721 10.89065 10.303928 "" "" 886.961182 957.385254 978184.80589 204.46 601390.0 401.17 599220.0 178.58 "" "" 0.0027646503100945885 0.0028826387 0.003793208 0.006675847 328.85053309385 59.97099415964 922.480713 -2.068 -3.04 -0.06285707283020026 -0.5657999897003174 0.1396042 0.1356042 "" "" 2.489213687349386 "" 0.3376709936526395 ""
327.21015897228 59.53289073909 0.0153 0.013 21.0342 "" "" 2202677658560138752 703.288635 1.3979 0.0163 12.632 5.817 0.021 0.016 0.968 "" "" 10.753674 1.674065 11.551439 9.877375 -7.54 0.2 695.048523 712.960144 940756.9774 160.21 327220.0 219.63 887580.0 243.89 "" "" 0.0027615172188360576 0.0028837682 0.0037911388 0.006674907 327.21015897228 59.53289073909 703.288635 12.632000000000005 5.817000000000002 14.6371429271698 8.291200010299683 0.1186042 0.1136042 12.360697674418606 4.4722824 56.078636777631566 57.42473639326444 6.584146730955244 6.501471656019474
328.85312831736 59.51907058309 0.0192 0.0201 65.8195 "" 3980-1700-1 2202720883106711424 867.15979 1.1339 0.0221 -8.453 -11.915 0.025 0.024 1.834 4850.2 2.3303 10.761516 1.638628 11.538781 9.900153 -23.92 4.51 849.45929 883.678223 933986.3368 143.26 331060.0 139.05 869150.0 200.57 "" "" 0.0027603484776496825 0.0028271906 0.0037876777 0.0066148685 328.85312831736 59.51907058309 867.15979 -8.453000000000003 -11.915000000000003 -6.4478570728302 -9.440799989700317 0.1226042 0.121604204 -4.019302325581396 8.782283 46.99170364828091 47.16328023952831 5.7293778062082374 5.757388635006726
329.14235218328 59.90186108651 0.0089 0.0088 72.3146 "" 3980-499-1 2203122376647140992 738.116455 1.3331 0.01 -12.614 4.752 0.014 0.011 0.837 "" "" 10.792967 1.64027 11.56921 9.92894 27.88 0.23 733.300049 744.358826 907318.86529 164.97 321910.0 204.3 846410.0 161.74 "" "" 0.0027623830554442032 0.0028739963 0.0037850721 0.006659068 329.14235218328 59.90186108651 738.116455 -12.614 4.752000000000001 -10.608857072830201 7.226200010299682 0.1116042 0.1086042 47.780697674418604 4.5022826 44.90935155699681 65.57320281581588 4.969769246981208 4.727318163103758
328.57426298206 59.46556787221 0.0098 0.0091 58.729 "" 3980-1673-1 2202722601093477504 776.923523 1.2619 0.0107 -0.146 19.738 0.014 0.012 0.933 "" "" 10.793439 1.642708 11.574914 9.932206 -49.45 0.25 770.575317 783.040222 906924.20887 264.42 320220.0 310.06 843870.0 474.92 "" "" 0.002773444744943502 0.002981653 0.0038284587 0.006810112 328.57426298206 59.46556787221 776.923523 -0.14600000000000168 19.737999999999996 1.8591429271698 22.212200010299682 0.1116042 0.1096042 -29.549302325581397 4.5222826 82.0850601172292 87.24172374717124 8.99801997341352 8.60361351361413
327.81789083497 60.3852927819 0.0116 0.012 47.6051 "" 4262-685-1 2203582006867943040 691.175964 1.4259 0.013 4.333 -1.322 0.015 0.014 0.852 10647.8 3.8183 10.846578 0.740938 11.129564 10.388626 -15.09 5.61 685.281982 696.815796 863605.89991 155.65 482600.0 241.35 554250.0 133.42 "" "" 0.002762260319399426 0.0028425124 0.0037884081 0.006630921 327.81789083497 60.3852927819 691.175964 4.333 -1.3220000000000014 6.3381429271698 1.1522000102996826 0.1126042 0.1116042 4.810697674418606 9.882282 21.105178610938502 21.646509564229348 2.375859521931944 3.192073504433448
325.53449936675 58.83981354906 0.0253 0.0291 68.4235 "" "" 2179366259697301248 768.254639 1.2841 0.0304 -8.486 -4.045 0.037 0.035 2.433 "" "" 10.860324 1.784325 11.732244 9.947919 -33.19 1.27 750.99115 790.943115 852741.13177 157.74 277030.0 138.67 831750.0 277.48 "" "" 0.0027626302452088605 0.002842607 0.0037966992 0.0066393064 325.53449936675 58.83981354906 768.254639 -8.486 -4.045 -6.480857072830201 -1.5707999897003173 0.1346042 0.1326042 -13.289302325581392 5.5422826 24.283530576759873 27.682041354877256 3.2659893405421165 3.9099349833607726
328.69214771646 59.30610361208 0.0091 0.0095 65.9142 "" 3980-1181-1 2202530152198447488 814.563538 1.2032 0.0106 -0.542 -5.996 0.014 0.012 0.937 4878.9 2.5874 10.89104 1.691699 11.701305 10.009606 -36.34 0.19 807.320374 821.224487 828954.3581 129.35 285030.0 139.88 785810.0 199.77 "" "" 0.00276052385206908 0.002840591 0.0037894475 0.0066300384 328.69214771646 59.30610361208 814.563538 -0.5419999999999998 -5.996 1.4631429271697998 -3.521799989700318 0.1116042 0.1096042 -16.439302325581398 4.4622827 14.724589159898034 22.069530735374794 1.6182452561694411 3.4948514652560903
325.82209767235 60.26103186243 0.011 0.0109 39.4275 "" 4262-373-1 2203706011161229184 701.055908 1.4019 0.0126 -11.73 -13.467 0.014 0.014 0.927 4951.8 2.7056 10.90298 1.936077 11.872924 9.936847 -38.22 0.24 696.047791 706.651123 819888.5772 222.77 243360.0 175.26 840270.0 342.67 "" "" 0.0027710676770537723 0.0028976602 0.00380523 0.00670289 325.82209767235 60.26103186243 701.055908 -11.73 -13.467 -9.7248570728302 -10.992799989700318 0.1116042 0.1116042 -18.319302325581393 4.5122824 48.77176342698554 52.09876913588166 5.443133581987279 5.33684546939401
327.90468059041 60.31026597795 0.0208 0.0206 46.2964 "" 4262-934-1 2203569087606263424 919.951477 1.061 0.0227 -3.535 -2.237 0.027 0.025 1.163 5770.2 2.6529 10.924342 1.880639 11.855913 9.975274 -24.27 0.48 902.853149 940.992859 803914.67221 281.43 247200.0 185.92 811050.0 307.1 "" "" 0.002781412710588352 0.0029072084 0.0038016755 0.0067088837 327.90468059041 60.31026597795 919.951477 -3.5350000000000006 -2.237 -1.5298570728302003 0.23720001029968252 0.1246042 0.1226042 -4.369302325581394 4.7522826 6.750757418128406 8.041363598964212 0.8408582787374288 2.6769192976037703
326.54029250843 59.66023655121 0.0099 0.0096 10.3693 "" 3979-1352-1 2203429999382499712 868.151672 1.1281 0.0108 -2.023 -2.595 0.013 0.012 0.857 "" "" 10.937724 0.81645 11.257074 10.440624 "" "" 859.671875 876.922363 794066.98042 128.35 429130.0 205.6 528330.0 114.6 "" "" 0.0027609034141620574 0.0028382463 0.0037867124 0.0066249585 326.54029250843 59.66023655121 868.151672 -2.023 -2.5949999999999998 -0.017857072830200327 -0.12079998970031758 0.1106042 0.1096042 "" "" 0.5024985316375811 "" 0.055086744249618375 ""
328.64948969858 60.51266193021 0.0097 0.0106 71.1181 "" 4262-2049-1 2203949759145545984 831.554382 1.1789 0.0113 -3.26 -2.428 0.013 0.013 0.817 13626.0 4.0925 10.949402 0.556018 11.149312 10.593294 "" "" 823.594238 840.425049 785572.096 387.59 473910.0 809.97 459030.0 705.71 "" "" 0.0028069110361969066 0.003350896 0.004131582 0.0074824784 328.64948969858 60.51266193021 831.554382 -3.2600000000000002 -2.428 -1.2548570728302 0.04620001029968268 0.1106042 0.1106042 "" "" 4.949455251875671 "" 0.5474305226663159 ""
325.88995697039 59.37333413284 0.0186 0.0183 36.4587 "" "" 2203412956953880192 837.902039 1.1676 0.0205 3.178 0.894 0.025 0.022 1.023 "" "" 10.950831 1.999296 11.964127 9.96483 -21.41 0.17 824.92395 852.58551 784538.12222 208.91 223750.0 148.99 818890.0 229.48 "" "" 0.0027704469774329807 0.0028823132 0.0037916093 0.0066739228 325.88995697039 59.37333413284 837.902039 3.177999999999998 0.8939999999999999 5.1831429271698 3.3682000102996827 0.1226042 0.1196042 -1.5093023255813947 4.4422827 24.55040387692569 24.596754339346752 2.988304460597594 2.9951032143623455
327.34217902082 59.21520304819 0.0098 0.0103 39.2198 "" 3980-1575-1 2202611344262718208 913.70343 1.0726 0.0111 0.402 3.682 0.014 0.013 0.96 "" "" 10.954822 1.639277 11.734912 10.095634 -27.15 0.22 904.807678 922.440491 781660.18392 134.45 276350.0 126.55 725950.0 172.14 "" "" 0.002761641904440125 0.0028341226 0.0037881406 0.006622263 327.34217902082 59.21520304819 913.70343 0.4019999999999999 3.682 2.4071429271698 6.156200010299683 0.1116042 0.1106042 -7.249302325581393 4.4922824 28.62794692635314 29.53153787776336 3.170182428559552 3.2650437708601774
327.83103483088 60.81011922742 0.0096 0.0097 68.7713 "" 4262-1931-1 2203644850828644224 858.30719 1.1393 0.0112 -7.064 -6.528 0.014 0.012 0.774 "" "" 10.967067 1.89928 11.911139 10.011859 -23.38 0.23 850.683655 865.870239 772894.29245 129.31 234940.0 117.23 784180.0 207.59 "" "" 0.0027613015530218994 0.0028422792 0.003790295 0.006632574 327.83103483088 60.81011922742 858.30719 -7.063999999999998 -6.528 -5.0588570728302 -4.053799989700317 0.1116042 0.1096042 -3.4793023255813935 4.5022826 26.374039636848735 26.60254708554924 2.922940692243213 2.957055781535393
327.86929035282 59.36917484929 0.0184 0.019 42.527 "" 3980-687-1 2202707207929846784 814.743103 1.2055 0.0207 -13.337 -8.569 0.026 0.023 1.575 "" "" 10.967672 1.477591 11.64345 10.165858 -17.38 0.59 796.482788 828.738647 772462.9426 137.65 300630.0 161.44 680480.0 182.33 "" "" 0.002762104565344233 0.002850437 0.0037905618 0.0066409986 327.86929035282 59.36917484929 814.743103 -13.336999999999996 -8.569 -11.3318570728302 -6.094799989700318 0.1236042 0.1206042 2.5206976744186065 4.8622828 49.69052190722977 49.75441572542784 6.108826228678586 6.105952467878984
328.77445863227 59.76036483691 0.0106 0.0105 61.1181 "" 3980-83-1 2202744831834129792 805.044739 1.2152 0.0125 5.784 0.962 0.015 0.014 0.779 "" "" 10.974935 0.845314 11.31157 10.466256 "" "" 798.397949 813.431641 767313.90357 144.75 408120.0 188.64 516010.0 158.8 "" "" 0.0027629223918099557 0.0028349422 0.0037941232 0.0066290656 328.77445863227 59.76036483691 805.044739 5.784 0.9619999999999997 7.7891429271698 3.4362000102996824 0.1126042 0.1116042 "" "" 32.48643920455386 "" 3.6528368285886996 ""
327.25260388536 60.7839429343 0.012 0.0117 61.1054 "" 4262-1715-1 2203652100733237248 729.897644 1.3449 0.0132 7.303 -1.429 0.016 0.015 1.022 5239.2 2.7593 11.004526 1.921472 11.963655 10.042182 -20.02 0.28 723.966125 736.386047 746683.26146 126.14 223850.0 127.7 762580.0 228.52 "" "" 0.0027614183627792254 0.0028580904 0.0037933607 0.006651451 327.25260388536 60.7839429343 729.897644 7.3029999999999955 -1.4289999999999972 9.3081429271698 1.0452000102996826 0.1136042 0.1126042 -0.11930232558139409 4.552283 32.40590757302019 32.40612717798929 3.681045540357208 3.681058745815292
328.53200441446 59.27334822971 0.0115 0.0124 62.5799 "" 3980-1299-1 2202506443971638144 981.732971 0.988 0.0131 -3.205 -3.325 0.017 0.016 0.881 12266.4 3.9303 11.006407 0.468646 11.068588 10.599942 "" "" 970.935852 991.93042 745390.68383 332.93 510480.0 2500.9 456230.0 2940.9 "" "" 0.0027976707963960463 0.0060065263 0.00795401 0.013960537 328.53200441446 59.27334822971 981.732971 -3.2050000000000005 -3.325000000000001 -1.1998570728302003 -0.8507999897003176 0.114604205 0.1136042 "" "" 6.844660890899156 "" 0.7821435245028673 ""
327.45350238239 59.4085250504 0.0267 0.0251 31.5395 "" 3980-1353-1 2202754315132828160 963.371826 1.0121 0.0281 -5.786 -4.3 0.035 0.032 1.781 10206.4 3.6829 11.032167 0.612121 11.256316 10.644196 -25.46 5.0 940.204712 988.181641 727913.74627 133.84 429430.0 181.07 438010.0 110.53 "" "" 0.0027625427357621433 0.0028274779 0.0037892996 0.0066167777 327.45350238239 59.4085250504 963.371826 -5.785999999999994 -4.299999999999996 -3.7808570728302 -1.8257999897003172 0.1326042 0.1296042 -5.559302325581395 9.272283 19.172513352286707 19.962242123339422 2.531579357538801 3.5468060813253532
327.18263409078 60.5891325064 0.0146 0.0132 49.2792 "" 4262-1869-1 2203614511179087488 724.988403 1.3426 0.0156 -2.462 -2.334 0.02 0.017 0.976 "" "" 11.098468 0.855089 11.436587 10.581498 -11.28 3.46 716.791626 732.626953 684793.70224 143.3 363730.0 200.83 464040.0 122.51 "" "" 0.0027646717384560153 0.0028538436 0.0037902363 0.00664408 327.18263409078 60.5891325064 724.988403 -2.461999999999999 -2.333999999999997 -0.4568570728302004 0.14020001029968254 0.117604196 0.114604205 8.620697674418606 7.7322826 1.6422268084294152 8.77572431677583 0.19271368226051663 7.595774416559911
326.70086069414 58.813299245 0.0165 0.017 58.9951 "" 3980-262-1 2202575919371376384 973.04071 1.0051 0.0181 -2.903 -1.833 0.023 0.022 1.352 4784.5 2.5223 11.105329 1.738536 11.944011 10.205475 -23.87 1.19 957.581238 988.498413 680479.41491 110.72 227940.0 88.687 656100.0 142.2 "" "" 0.0027609776804717345 0.002821968 0.0037867005 0.0066086687 326.70086069414 58.813299245 973.04071 -2.903 -1.833 -0.8978570728302002 0.6412000102996827 0.1206042 0.1196042 -3.9693023255813955 5.4622827 5.088683589938263 6.453685894926468 0.6120026520428484 3.394025565971552
