Clusters/Markarian_38/Markarian_38_stars_in_region.tsv
# %ECSV 1.0
# ---
# datatype:
# - name: RA_ICRS_1
#   unit: deg
#   datatype: float64
#   format: '{:15.11f}'
#   description: Right ascension (ICRS) at Ep=2016.0 (ra)
#   meta: !!omap
#   - {ucd: POS_EQ_RA_MAIN}
#   - {width: 15}
#   - {precision: '11'}
# - name: DE_ICRS_1
#   unit: deg
#   datatype: float64
#   format: '{:15.11f}'
#   description: Declination (ICRS) at Ep=2016.0 (dec)
#   meta: !!omap
#   - {ucd: POS_EQ_DEC_MAIN}
#   - {width: 15}
#   - {precision: '11'}
# - name: e_RA_ICRS
#   unit: mas
#   datatype: float64
#   format: '{:7.4f}'
#   description: Standard error of right ascension (ra_error)
#   meta: !!omap
#   - {ucd: ERROR}
#   - {width: 7}
#   - {precision: '4'}
# - name: e_DE_ICRS
#   unit: mas
#   datatype: float64
#   format: '{:7.4f}'
#   description: Standard error of declination (dec_error)
#   meta: !!omap
#   - {ucd: ERROR}
#   - {width: 7}
#   - {precision: '4'}
# - name: _r_1
#   unit: ''
#   datatype: float64
#   format: '{:7.4f}'
#   description: Distance from center (273.81620710000-19.00549432000)[ICRS], at Epoch=J2016.0
#   meta: !!omap
#   - {ucd: POS_ANG_DIST_GENERAL}
#   - {width: 7}
#   - {precision: '4'}
# - name: HIP
#   datatype: int32
#   description: '? HIP cross-id number, van Leeuwen, Cat. I/311 (hip_original_ext_source_id)'
#   meta: !!omap
#   - {ucd: ID_NUMBER}
#   - {width: 6}
#   - values: {'null': -2147483648}
# - name: TYC2
#   datatype: string
#   description: Tycho-2 cross-id name, Hog et al., Cat. I/259 (tyc2_original_ext_source_id)
#   meta: !!omap
#   - {ucd: ID_CROSSID}
#   - {_votable_string_dtype: char}
# - name: Source
#   datatype: int64
#   description: Source identifier, identical to the Gaia-EDR3 source_id (id)
#   meta: !!omap
#   - {ucd: ID_MAIN}
#   - {width: 19}
# - name: rgeo
#   unit: pc
#   datatype: float64
#   format: '{:15.8f}'
#   description: '? Median of the geometric distance posterior (r_med_geo)'
#   meta: !!omap
#   - {ucd: PHYS_DISTANCE_TRUE}
#   - {width: 15}
#   - {precision: '8'}
#   - values: {'null': .nan}
# - name: Plx
#   unit: mas
#   datatype: float64
#   format: '{:9.4f}'
#   description: '? Parallax (parallax)'
#   meta: !!omap
#   - {ucd: POS_PARLX_TRIG}
#   - {width: 9}
#   - {precision: '4'}
#   - values: {'null': .nan}
# - name: e_Plx
#   unit: mas
#   datatype: float32
#   format: '{:7.4f}'
#   description: '? Standard error of parallax (parallax_error)'
#   meta: !!omap
#   - {ucd: ERROR}
#   - {width: 7}
#   - {precision: '4'}
#   - values: {'null': .nan}
# - name: pmRA
#   unit: mas / yr
#   datatype: float64
#   format: '{:9.3f}'
#   description: '? Proper motion in right ascension direction, pmRA*cosDE (pmra)'
#   meta: !!omap
#   - {ucd: POS_EQ_PMRA}
#   - {width: 9}
#   - {precision: '3'}
#   - values: {'null': .nan}
# - name: pmDE
#   unit: mas / yr
#   datatype: float64
#   format: '{:9.3f}'
#   description: '? Proper motion in declination direction (pmdec)'
#   meta: !!omap
#   - {ucd: POS_EQ_PMDEC}
#   - {width: 9}
#   - {precision: '3'}
#   - values: {'null': .nan}
# - name: e_pmRA
#   unit: mas / yr
#   datatype: float32
#   format: '{:6.3f}'
#   description: '? Standard error of proper motion in right ascension direction (pmra_error)'
#   meta: !!omap
#   - {ucd: ERROR}
#   - {width: 6}
#   - {precision: '3'}
#   - values: {'null': .nan}
# - name: e_pmDE
[...]
#         unit: &id001 !astropy.units.Unit {unit: deg}
#         value: !astropy.table.SerializedColumn {name: SkyCoord.dec}
#       distance: !astropy.table.SerializedColumn
#         __class__: astropy.coordinates.distances.Distance
#         unit: !astropy.units.Unit {unit: pc}
#         value: !astropy.table.SerializedColumn {name: SkyCoord.distance}
#       frame: icrs
#       obstime: !astropy.time.Time {format: jyear_str, in_subfmt: '*', jd1: 367701545.0, jd2: 0.0, out_subfmt: '*', precision: 3, scale: tt}
#       pm_dec: !astropy.table.SerializedColumn
#         __class__: astropy.units.quantity.Quantity
#         unit: !astropy.units.Unit {unit: mas / yr}
#         value: !astropy.table.SerializedColumn {name: SkyCoord.pm_dec}
#       pm_ra_cosdec: !astropy.table.SerializedColumn
#         __class__: astropy.units.quantity.Quantity
#         unit: !astropy.units.Unit {unit: mas / yr}
#         value: !astropy.table.SerializedColumn {name: SkyCoord.pm_ra_cosdec}
#       ra: !astropy.table.SerializedColumn
#         __class__: astropy.coordinates.angles.Longitude
#         unit: *id001
#         value: !astropy.table.SerializedColumn {name: SkyCoord.ra}
#         wrap_angle: !astropy.coordinates.Angle
#           unit: *id001
#           value: 360.0
#       representation_type: spherical
# schema: astropy-2.0
RA_ICRS_1 DE_ICRS_1 e_RA_ICRS e_DE_ICRS _r_1 HIP TYC2 Source rgeo Plx e_Plx pmRA pmDE e_pmRA e_pmDE RUWE Teff logg Gmag BP-RP BPmag RPmag RV e_RV b_rgeo B_rgeo FG e_FG FBP e_FBP FRP e_FRP RAVE5 RAVE6 e_Gmag e_BPmag e_RPmag e_BP-RP SkyCoord.ra SkyCoord.dec SkyCoord.distance SkyCoord.pm_ra_cosdec SkyCoord.pm_dec
[from data line 3437]
273.72040906216 -18.82437341986 0.1517 0.1367 12.1517 "" "" 4094848968544854656 1871.55859 0.7118 0.1886 -4.519 -3.502 0.201 0.188 3.256 "" "" 16.147215 1.185233 16.410053 15.22482 "" "" 1318.12866 2891.99487 6547.27833 7.5494 3727.3 20.159 6445.1 24.602 "" "" 0.0030263985735532522 0.0065013445 0.0056089256 0.012110271 273.72040906216 -18.82437341986 1871.55859 -4.518999999999999 -3.502
273.68032913165 -18.85606132058 0.0507 0.0466 11.8262 "" "" 4094847314932980608 1686.1344 0.5819 0.0609 0.703 -1.277 0.067 0.053 1.016 5594.7 4.6059 16.1484 1.051476 16.579054 15.527577 "" "" 1502.7063 1865.62048 6540.13993 4.3265 3190.0 26.683 4876.7 23.071 "" "" 0.0028473967875047657 0.009500672 0.0063770716 0.015877744 273.68032913165 -18.85606132058 1686.1344 0.703 -1.277
273.53474875398 -19.12609519024 0.0415 0.0372 17.5248 "" "" 4094748565046015232 1942.47742 0.4978 0.0451 0.205 -0.817 0.055 0.046 1.007 4906.5 4.3147 16.148767 1.26236 16.69783 15.435471 "" "" 1799.62537 2098.65796 6537.9241 3.3268 2859.5 10.041 5308.5 19.804 "" "" 0.0028101629714696783 0.004724436 0.0055398587 0.010264294 273.53474875398 -19.12609519024 1942.47742 0.20500000000000002 -0.8169999999999998
273.65877092817 -19.28497924721 0.0468 0.0409 18.9957 "" "" 4094725239105907712 1569.43469 0.6287 0.0485 -1.593 -1.829 0.057 0.044 1.058 6688.0 4.2124 16.149221 1.310102 16.717783 15.407681 "" "" 1423.20471 1691.39087 6535.18658 3.7056 2807.4 13.877 5446.1 12.731 "" "" 0.0028232602731495565 0.0060487697 0.0045525217 0.010601291 273.65877092817 -19.28497924721 1569.43469 -1.5930000000000002 -1.8290000000000002
274.04891613413 -18.93774649035 0.0563 0.0564 13.8156 "" "" 4094836839529961728 2057.98071 0.4955 0.0684 -3.628 -0.784 0.064 0.052 0.956 "" "" 16.149223 1.324969 16.731955 15.406985 "" "" 1829.01587 2342.54395 6535.18296 4.0841 2771.0 11.248 5449.6 21.717 "" "" 0.00283763621231045 0.0052161757 0.005744936 0.010961112 274.04891613413 -18.93774649035 2057.98071 -3.628 -0.784
273.56913100762 -19.27710612009 0.0412 0.0355 21.4877 "" "" 4094726235538455296 1487.86157 0.6521 0.0466 0.776 -6.671 0.054 0.047 0.908 4921.6 4.3961 16.149378 1.205579 16.65501 15.449431 "" "" 1389.31018 1597.19165 6534.25099 3.7167 2974.5 16.949 5240.7 29.507 "" "" 0.0028236823061677774 0.006786714 0.0071870345 0.013973748 273.56913100762 -19.27710612009 1487.86157 0.776 -6.671000000000001
273.80234111543 -18.64600467879 0.0579 0.0536 21.5837 "" "" 4094860169819764224 2064.53223 0.499 0.0658 1.423 -2.653 0.074 0.057 1.157 5413.2 4.5657 16.149664 1.278371 16.716957 15.438586 "" "" 1757.21741 2333.08984 6532.5212 3.9733 2809.5 11.093 5293.3 11.057 "" "" 0.002833353659511396 0.005114943 0.0044076485 0.009522591 273.80234111543 -18.64600467879 2064.53223 1.4229999999999998 -2.653
274.18330574901 -19.04237409559 0.0502 0.0453 20.9402 "" "" 4094785604846967808 1808.50537 0.5522 0.0561 -1.898 -4.72 0.062 0.049 0.885 4857.2 4.3655 16.150879 1.257207 16.706354 15.449147 "" "" 1657.62268 2077.32349 6525.21572 4.0691 2837.1 15.782 5242.0 16.984 "" "" 0.002837287601503007 0.006653 0.0051631792 0.011816179 274.18330574901 -19.04237409559 1808.50537 -1.898 -4.72
273.71656639789 -19.13259851195 0.043 0.037 9.4914 "" "" 4094734619314632832 1520.62891 0.6368 0.0473 -1.05 -1.03 0.053 0.04 1.0 5638.4 4.6331 16.151289 1.185283 16.661076 15.475793 "" "" 1428.76709 1624.02637 6522.75832 5.0507 2957.9 17.368 5114.9 13.833 "" "" 0.0028807251687044005 0.006958996 0.004785991 0.011744987 273.71656639789 -19.13259851195 1520.62891 -1.05 -1.0300000000000002
273.50356458042 -18.78956433925 0.0509 0.0453 21.9733 "" "" 4095602030901855360 1549.11328 0.6277 0.0522 -0.188 -3.363 0.06 0.046 0.863 5760.8 4.4806 16.152267 1.326754 16.739145 15.412392 "" "" 1434.76086 1668.91199 6516.87565 5.9569 2752.7 14.167 5422.5 13.68 "" "" 0.002928605596683624 0.0062457114 0.004667601 0.010913312 273.50356458042 -18.78956433925 1549.11328 -0.188 -3.3630000000000004
273.52176298347 -18.96713480838 0.0484 0.0435 16.8633 "" "" 4094755132078887808 1885.6908 0.5112 0.0479 -3.937 -3.842 0.057 0.046 0.971 5675.3 4.408 16.152431 1.350671 16.73701 15.386338 "" "" 1729.91797 2020.85742 6515.89404 3.5642 2758.1 14.149 5554.2 24.712 "" "" 0.0028185998350489508 0.006229589 0.0061334698 0.012363059 273.52176298347 -18.96713480838 1885.6908 -3.9370000000000003 -3.8420000000000005
273.57713411113 -18.80352876058 0.0516 0.0456 18.1936 "" "" 4094851579862692864 1632.20056 0.5877 0.053 -0.291 0.002 0.061 0.048 0.873 4912.2 4.3075 16.152617 1.381792 16.756948 15.375156 "" "" 1509.13086 1764.02881 6514.78588 6.3592 2707.9 19.052 5611.7 30.891 "" "" 0.0029521144088183455 0.008132542 0.007071402 0.0152039435 273.57713411113 -18.80352876058 1632.20056 -0.291 0.002
273.71623211603 -19.20457452087 0.0523 0.047 13.2214 "" "" 4094732622127031936 1817.58435 0.5308 0.0524 2.498 -1.14 0.058 0.044 1.032 5527.3 4.5764 16.152912 1.16249 16.656643 15.494153 "" "" 1680.76367 2016.84985 6513.01311 3.4286 2970.0 9.9934 5029.2 14.824 "" "" 0.002813976948968204 0.004596889 0.004952338 0.009549227 273.71623211603 -19.20457452087 1817.58435 2.498 -1.14
273.77346624527 -18.77338086566 0.0447 0.0405 14.1366 "" "" 4094849552660412928 1651.27515 0.5799 0.0491 -1.676 -4.268 0.054 0.042 0.989 5462.7 4.5716 16.152964 1.090746 16.615692 15.524946 "" "" 1545.59839 1778.57312 6512.7058 3.556 3084.2 18.439 4888.5 10.744 "" "" 0.00281837325042369 0.0070653795 0.0044696624 0.011535042 273.77346624527 -18.77338086566 1651.27515 -1.676 -4.267999999999999
274.02991656008 -19.19502077594 0.0463 0.041 16.617 "" "" 4094776778729474432 1763.36023 0.5474 0.0568 0.557 -1.874 0.057 0.042 0.966 5651.5 4.5877 16.153173 1.22675 16.61455 15.387799 "" "" 1614.43018 1962.07532 6511.45015 5.1526 3087.4 28.054 5546.7 51.435 "" "" 0.0028861638315870516 0.010252626 0.010754105 0.02100673 274.02991656008 -19.19502077594 1763.36023 0.557 -1.874
273.99548586819 -18.71467270917 0.0543 0.0487 20.2013 "" "" 4094856729502080768 1647.10132 0.5932 0.0594 -0.216 2.234 0.071 0.055 1.183 5351.9 4.5979 16.153229 1.211196 16.667604 15.456409 "" "" 1517.97021 1780.44006 6511.11248 3.7202 2940.2 9.6018 5207.1 14.427 "" "" 0.0028242912425032736 0.0045118653 0.004830414 0.009342279 273.99548586819 -18.71467270917 1647.10132 -0.21599999999999997 2.2339999999999995
273.74321805708 -19.10290684064 0.0428 0.0367 7.1621 "" "" 4094737982246697728 1701.36279 0.57 0.0505 -0.264 0.241 0.051 0.039 0.883 5023.7 4.3702 16.15402 1.105533 16.618168 15.512635 "" "" 1548.10962 1852.78271 6506.36229 3.417 3077.2 16.007 4944.3 9.9371 "" "" 0.0028137027513644905 0.0062994114 0.004364102 0.010663513 273.74321805708 -19.10290684064 1701.36279 -0.26399999999999996 0.24100000000000002
274.00293204077 -18.80638298592 0.048 0.0437 15.9707 "" "" 4094841851734838528 1563.22461 0.6376 0.0598 4.229 -0.197 0.068 0.046 0.938 5360.9 4.6056 16.15471 1.111535 16.62933 15.517795 "" "" 1467.90417 1713.83606 6502.23155 3.7891 3045.7 23.558 4920.9 12.956 "" "" 0.0028270300387891033 0.008849371 0.004738694 0.013588065 274.00293204077 -18.80638298592 1563.22461 4.229 -0.197
273.66093024641 -18.69090427148 0.0544 0.0469 20.8332 "" "" 4095604534853406720 1935.4635 0.4788 0.0609 0.449 -3.451 0.073 0.053 1.029 5596.6 4.4798 16.154871 1.389444 16.766476 15.377031 "" "" 1726.93933 2182.42383 6501.27366 3.9935 2684.3 13.28 5602.0 17.073 "" "" 0.0028348868744980655 0.0060528913 0.005023238 0.011076129 273.66093024641 -18.69090427148 1935.4635 0.44900000000000007 -3.450999999999999
273.94377351409 -19.30626000374 0.0459 0.0402 19.4405 "" "" 4094681529199680896 1650.78247 0.5865 0.0509 0.718 -0.171 0.053 0.041 0.915 5737.0 4.5525 16.155909 1.154399 16.639229 15.48483 "" "" 1521.19495 1755.44897 6495.0654 3.8913 3018.0 16.13 5072.5 20.569 "" "" 0.002831062807385403 0.006438775 0.0058023417 0.012241117 273.94377351409 -19.30626000374 1650.78247 0.718 -0.17100000000000004
273.48140495128 -19.01177820801 0.0484 0.0439 18.9965 "" "" 4094753409769570432 1940.35693 0.5166 0.0473 -1.01 -1.736 0.058 0.046 0.95 6046.0 4.4735 16.156858 1.289918 16.72494 15.435021 "" "" 1756.92261 2146.74194 6489.37749 3.4171 2789.0 12.381 5310.7 19.92 "" "" 0.0028140089684982003 0.005569182 0.0055559915 0.011125173 273.48140495128 -19.01177820801 1940.35693 -1.0099999999999998 -1.736
273.83666604858 -18.98197455898 0.0461 0.0395 1.8272 "" "" 4094832991240921216 1471.6969 0.6864 0.056 -0.776 -3.04 0.058 0.044 0.98 4999.9 4.4481 16.156927 1.138378 16.635374 15.496996 "" "" 1327.44873 1586.3252 6488.9675 6.0811 3028.8 15.799 5016.0 23.808 "" "" 0.0029371888873065467 0.006313481 0.006390677 0.012704158 273.83666604858 -18.98197455898 1471.6969 -0.776 -3.04
273.81150383986 -19.12167383523 0.0472 0.0405 6.9759 "" "" 4094734855510420352 2097.34912 0.4722 0.0514 -1.985 0.388 0.059 0.045 1.068 5448.9 4.4366 16.157097 1.288889 16.69825 15.409361 "" "" 1858.41565 2381.63623 6487.95306 4.1297 2858.4 41.391 5437.7 31.285 "" "" 0.0028406682125252996 0.015967645 0.007300959 0.023268603 273.81150383986 -19.12167383523 2097.34912 -1.9850000000000003 0.388
273.88348824854 -18.66719619995 0.0516 0.0479 20.6543 "" "" 4094860616472888192 2067.146 0.4645 0.0619 0.217 0.763 0.072 0.049 0.968 "" "" 16.157188 "" "" "" "" "" 1881.99268 2379.15674 6487.40535 8.0879 "" "" "" "" "" "" 0.003069855255343141 "" "" "" 273.88348824854 -18.66719619995 2067.146 0.21699999999999997 0.763
273.7301122414 -19.33460695589 0.0466 0.043 20.3406 "" "" 4094683629460338432 1991.60156 0.4914 0.0485 1.55 -0.683 0.053 0.042 1.005 5703.1 4.4342 16.157366 1.213779 16.68482 15.471041 "" "" 1808.00769 2225.10571 6486.3545 3.515 2893.9 21.469 5137.4 14.914 "" "" 0.0028174396465410023 0.00852433 0.0049212114 0.013445541 273.7301122414 -19.33460695589 1991.60156 1.55 -0.6829999999999999
274.04797698579 -19.06556481161 0.0486 0.0429 13.6309 "" "" 4094783066561866880 2064.65234 0.469 0.0608 -1.434 0.715 0.055 0.041 1.01 5681.2 4.5615 16.157778 1.179471 16.645683 15.466212 "" "" 1890.50085 2349.87549 6483.88667 3.6004 3000.2 10.718 5160.3 15.632 "" "" 0.0028205085248719517 0.0047780205 0.0050101145 0.009788135 274.04797698579 -19.06556481161 2064.65234 -1.434 0.7150000000000001
273.91777346713 -18.73643277369 0.1222 0.1075 17.1426 "" "" 4094854977155291776 1906.84888 0.6252 0.1445 -0.607 -1.014 0.16 0.123 3.03 5171.5 4.7888 16.158134 1.148476 16.527811 15.379335 "" "" 1520.68274 2483.28516 6481.75816 10.954 3344.2 21.298 5590.2 22.811 "" "" 0.003310365636524849 0.0074563785 0.0058234027 0.013279781 273.91777346713 -18.73643277369 1906.84888 -0.607 -1.014
273.97598955456 -19.25286680184 0.0433 0.0383 17.3878 "" "" 4094682358149790336 1606.79724 0.6009 0.0501 -0.78 -2.468 0.052 0.039 0.952 5516.4 4.5736 16.158669 1.246694 16.696127 15.449433 "" "" 1504.98804 1713.68604 6478.56887 3.3177 2864.0 12.435 5240.6 16.357 "" "" 0.0028108603849660075 0.0054779206 0.0050761937 0.010554114 273.97598955456 -19.25286680184 1606.79724 -0.7800000000000001 -2.4679999999999995
274.11287694 -19.02732713705 0.0472 0.0424 16.8797 "" "" 4094788387985857408 2025.09021 0.4745 0.0552 0.816 -0.789 0.058 0.046 1.075 6007.2 4.4754 16.158945 1.128291 16.623634 15.495343 "" "" 1843.42725 2344.9353 6476.91761 3.9111 3061.7 15.371 5023.7 29.177 "" "" 0.0028322486228328342 0.0061234594 0.0073516686 0.0134751275 274.11287694 -19.02732713705 2025.09021 0.8160000000000001 -0.7889999999999999
273.96995638106 -19.01951621378 0.0584 0.054 8.7622 "" "" 4094830242486435968 1807.26587 0.532 0.0686 0.746 -1.11 0.062 0.053 0.916 5397.1 4.639 16.15934 1.274274 16.650526 15.376252 "" "" 1595.52405 2044.24341 6474.57035 4.2134 2986.8 10.521 5606.1 97.785 "" "" 0.002844469990126389 0.004734119 0.019311504 0.024045624 273.96995638106 -19.01951621378 1807.26587 0.7459999999999999 -1.11
273.60954752268 -18.9730592349 0.0411 0.0355 11.8852 "" "" 4094752310258048000 1672.59277 0.5817 0.0463 0.396 1.207 0.053 0.041 0.915 5354.5 4.4308 16.159348 1.092094 16.620266 15.528172 "" "" 1550.09973 1811.17627 6474.51869 3.8786 3071.2 15.643 4874.0 9.6025 "" "" 0.002831047781555957 0.006194152 0.0043427306 0.010536883 273.60954752268 -18.9730592349 1672.59277 0.39599999999999996 1.207
273.53542359678 -19.00798886218 0.0473 0.0428 15.9292 "" "" 4094752001020310400 1515.70239 0.6367 0.0483 3.048 -5.845 0.06 0.048 0.929 5621.2 4.5901 16.159409 1.175855 16.673422 15.497567 "" "" 1409.51379 1643.66467 6474.15708 3.4049 2924.5 16.224 5013.4 11.937 "" "" 0.0028138664529738576 0.006638113 0.0045789485 0.011217061 273.53542359678 -19.00798886218 1515.70239 3.048 -5.845
273.93491469203 -18.91876226372 0.0504 0.042 8.512 "" "" 4094834915386012544 1991.74182 0.4991 0.053 -3.59 -2.568 0.069 0.05 1.114 "" "" 16.161299 "" "" "" "" "" 1794.1908 2258.74829 6462.9028 6.2871 "" "" "" "" "" "" 0.0029508223230645127 "" "" "" 273.93491469203 -18.91876226372 1991.74182 -3.59 -2.5680000000000005
273.60157953623 -19.13749631432 0.0384 0.034 14.5209 "" "" 4094736887047344128 2001.70544 0.4841 0.0431 -1.65 -2.082 0.051 0.043 0.969 5826.1 4.4862 16.161394 1.168282 16.627226 15.458944 "" "" 1836.49158 2155.43481 6462.33299 3.4096 3051.6 17.929 5194.9 17.504 "" "" 0.0028142392795133617 0.0069625224 0.005259962 0.012222484 273.60157953623 -19.13749631432 2001.70544 -1.65 -2.082
273.50113724937 -19.04296781452 0.0466 0.043 18.0125 "" "" 4094750386112491648 1898.80322 0.512 0.0491 0.441 -1.649 0.059 0.047 0.985 6370.1 4.42 16.161716 1.17402 16.675217 15.501197 "" "" 1729.67444 2072.12231 6460.41187 8.4248 2919.6 17.382 4996.7 21.559 "" "" 0.0030978186144334694 0.0070404704 0.006019045 0.0130595155 273.50113724937 -19.04296781452 1898.80322 0.44100000000000006 -1.649
274.05928493167 -18.72573742177 0.0469 0.0411 21.7307 "" "" 4094844841032527360 1576.13599 0.6131 0.0468 0.088 0.085 0.063 0.046 0.934 5489.9 4.549 16.162113 1.162818 16.67413 15.511312 "" "" 1484.45386 1695.41064 6458.0484 6.1315 2922.6 17.205 4950.3 14.108 "" "" 0.002941838355187312 0.006974066 0.0048844893 0.0118585555 274.05928493167 -18.72573742177 1576.13599 0.088 0.08499999999999999
273.97693365211 -19.00185315418 0.0517 0.0453 9.1206 "" "" 4094830620444932096 2079.73608 0.4596 0.059 0.116 1.994 0.063 0.046 0.966 "" "" 16.162374 1.358202 16.72871 15.370508 "" "" 1875.80298 2345.51294 6456.497 5.1786 2779.3 12.825 5635.8 50.586 "" "" 0.0028896637031284953 0.005734643 0.010452573 0.016187217 273.97693365211 -19.00185315418 2079.73608 0.11600000000000002 1.9939999999999998
273.8882140815 -18.88616196021 0.0435 0.0379 8.244 "" "" 4094835976219179264 1891.93506 0.5068 0.0476 4.285 2.271 0.055 0.043 1.018 5830.1 4.4948 16.162567 1.089171 16.623201 15.534031 "" "" 1761.17224 2045.96179 6455.35688 3.3106 3062.9 12.1 4847.8 13.448 "" "" 0.002811019760870044 0.0051168674 0.004832715 0.009949582 273.8882140815 -18.88616196021 1891.93506 4.284999999999999 2.2710000000000004
273.77781457585 -19.17049797067 0.0462 0.0411 10.1367 "" "" 4094733554162601088 1719.47058 0.5667 0.0533 0.382 0.255 0.056 0.044 1.025 7063.0 4.5933 16.16274 0.460953 16.317764 15.856812 "" "" 1551.07849 1900.6748 6454.3155 26.494 4058.0 55.924 3601.1 54.795 "" "" 0.0052397249586219 0.015220643 0.016947545 0.032168187 273.77781457585 -19.17049797067 1719.47058 0.382 0.25499999999999995
273.92133187354 -19.110283351 0.052 0.0453 8.6645 "" "" 4094781211097703040 2011.42847 0.4633 0.0557 0.042 -2.065 0.062 0.047 1.005 5011.9 4.3087 16.163137 1.349132 16.752766 15.403634 "" "" 1822.04883 2254.01929 6451.9668 4.0903 2718.4 11.592 5466.4 17.292 "" "" 0.0028399942217545073 0.0054056263 0.0051068356 0.010512462 273.92133187354 -19.110283351 2011.42847 0.042 -2.065
