Clusters/Markarian_38/Markarian_38_stars_in_region.tsv
# %ECSV 1.0
# ---
# datatype:
# - name: RA_ICRS_1
#   unit: deg
#   datatype: float64
#   format: '{:15.11f}'
#   description: Right ascension (ICRS) at Ep=2016.0 (ra)
#   meta: !!omap
#   - {ucd: POS_EQ_RA_MAIN}
#   - {width: 15}
#   - {precision: '11'}
# - name: DE_ICRS_1
#   unit: deg
#   datatype: float64
#   format: '{:15.11f}'
#   description: Declination (ICRS) at Ep=2016.0 (dec)
#   meta: !!omap
#   - {ucd: POS_EQ_DEC_MAIN}
#   - {width: 15}
#   - {precision: '11'}
# - name: e_RA_ICRS
#   unit: mas
#   datatype: float64
#   format: '{:7.4f}'
#   description: Standard error of right ascension (ra_error)
#   meta: !!omap
#   - {ucd: ERROR}
#   - {width: 7}
#   - {precision: '4'}
# - name: e_DE_ICRS
#   unit: mas
#   datatype: float64
#   format: '{:7.4f}'
#   description: Standard error of declination (dec_error)
#   meta: !!omap
#   - {ucd: ERROR}
#   - {width: 7}
#   - {precision: '4'}
# - name: _r_1
#   unit: ''
#   datatype: float64
#   format: '{:7.4f}'
#   description: Distance from center (273.81620710000-19.00549432000)[ICRS], at Epoch=J2016.0
#   meta: !!omap
#   - {ucd: POS_ANG_DIST_GENERAL}
#   - {width: 7}
#   - {precision: '4'}
# - name: HIP
#   datatype: int32
#   description: '? HIP cross-id number, van Leeuwen, Cat. I/311 (hip_original_ext_source_id)'
#   meta: !!omap
#   - {ucd: ID_NUMBER}
#   - {width: 6}
#   - values: {'null': -2147483648}
# - name: TYC2
#   datatype: string
#   description: Tycho-2 cross-id name, Hog et al., Cat. I/259 (tyc2_original_ext_source_id)
#   meta: !!omap
#   - {ucd: ID_CROSSID}
#   - {_votable_string_dtype: char}
# - name: Source
#   datatype: int64
#   description: Source identifier, identical to the Gaia-EDR3 source_id (id)
#   meta: !!omap
#   - {ucd: ID_MAIN}
#   - {width: 19}
# - name: rgeo
#   unit: pc
#   datatype: float64
#   format: '{:15.8f}'
#   description: '? Median of the geometric distance posterior (r_med_geo)'
#   meta: !!omap
#   - {ucd: PHYS_DISTANCE_TRUE}
#   - {width: 15}
#   - {precision: '8'}
#   - values: {'null': .nan}
# - name: Plx
#   unit: mas
#   datatype: float64
#   format: '{:9.4f}'
#   description: '? Parallax (parallax)'
#   meta: !!omap
#   - {ucd: POS_PARLX_TRIG}
#   - {width: 9}
#   - {precision: '4'}
#   - values: {'null': .nan}
# - name: e_Plx
#   unit: mas
#   datatype: float32
#   format: '{:7.4f}'
#   description: '? Standard error of parallax (parallax_error)'
#   meta: !!omap
#   - {ucd: ERROR}
#   - {width: 7}
#   - {precision: '4'}
#   - values: {'null': .nan}
# - name: pmRA
#   unit: mas / yr
#   datatype: float64
#   format: '{:9.3f}'
#   description: '? Proper motion in right ascension direction, pmRA*cosDE (pmra)'
#   meta: !!omap
#   - {ucd: POS_EQ_PMRA}
#   - {width: 9}
#   - {precision: '3'}
#   - values: {'null': .nan}
# - name: pmDE
#   unit: mas / yr
#   datatype: float64
#   format: '{:9.3f}'
#   description: '? Proper motion in declination direction (pmdec)'
#   meta: !!omap
#   - {ucd: POS_EQ_PMDEC}
#   - {width: 9}
#   - {precision: '3'}
#   - values: {'null': .nan}
# - name: e_pmRA
#   unit: mas / yr
#   datatype: float32
#   format: '{:6.3f}'
#   description: '? Standard error of proper motion in right ascension direction (pmra_error)'
#   meta: !!omap
#   - {ucd: ERROR}
#   - {width: 6}
#   - {precision: '3'}
#   - values: {'null': .nan}
# - name: e_pmDE
[...]
#         unit: &id001 !astropy.units.Unit {unit: deg}
#         value: !astropy.table.SerializedColumn {name: SkyCoord.dec}
#       distance: !astropy.table.SerializedColumn
#         __class__: astropy.coordinates.distances.Distance
#         unit: !astropy.units.Unit {unit: pc}
#         value: !astropy.table.SerializedColumn {name: SkyCoord.distance}
#       frame: icrs
#       obstime: !astropy.time.Time {format: jyear_str, in_subfmt: '*', jd1: 367701545.0, jd2: 0.0, out_subfmt: '*', precision: 3, scale: tt}
#       pm_dec: !astropy.table.SerializedColumn
#         __class__: astropy.units.quantity.Quantity
#         unit: !astropy.units.Unit {unit: mas / yr}
#         value: !astropy.table.SerializedColumn {name: SkyCoord.pm_dec}
#       pm_ra_cosdec: !astropy.table.SerializedColumn
#         __class__: astropy.units.quantity.Quantity
#         unit: !astropy.units.Unit {unit: mas / yr}
#         value: !astropy.table.SerializedColumn {name: SkyCoord.pm_ra_cosdec}
#       ra: !astropy.table.SerializedColumn
#         __class__: astropy.coordinates.angles.Longitude
#         unit: *id001
#         value: !astropy.table.SerializedColumn {name: SkyCoord.ra}
#         wrap_angle: !astropy.coordinates.Angle
#           unit: *id001
#           value: 360.0
#       representation_type: spherical
# schema: astropy-2.0
RA_ICRS_1 DE_ICRS_1 e_RA_ICRS e_DE_ICRS _r_1 HIP TYC2 Source rgeo Plx e_Plx pmRA pmDE e_pmRA e_pmDE RUWE Teff logg Gmag BP-RP BPmag RPmag RV e_RV b_rgeo B_rgeo FG e_FG FBP e_FBP FRP e_FRP RAVE5 RAVE6 e_Gmag e_BPmag e_RPmag e_BP-RP SkyCoord.ra SkyCoord.dec SkyCoord.distance SkyCoord.pm_ra_cosdec SkyCoord.pm_dec
[from data line 5527]
274.14698947129 -19.02321844276 0.0741 0.0685 18.7941 "" "" 4094788250546924928 1909.90356 0.5531 0.0842 1.967 -1.324 0.095 0.073 1.001 5217.5 4.7259 16.983923 1.402308 17.618137 16.21583 "" "" 1621.83301 2278.03125 3029.54504 2.3988 1225.1 8.2301 2587.2 14.581 "" "" 0.0028863217131427287 0.0078093247 0.0071920855 0.015001411 274.14698947129 -19.02321844276 1909.90356 1.967 -1.3240000000000003
273.80149006528 -18.85635340695 0.0727 0.0615 8.9874 "" "" 4094848208286175744 1896.90979 0.5196 0.0815 -0.543 -0.864 0.094 0.064 1.01 4918.1 4.7878 16.98397 1.192221 17.515224 16.323004 "" "" 1654.92493 2303.50244 3029.4157 2.7643 1346.9 10.045 2344.0 19.841 "" "" 0.0029280222194116947 0.008564514 0.00993708 0.018501595 273.80149006528 -18.85635340695 1896.90979 -0.543 -0.864
273.7982749166 -19.02593295832 0.0738 0.0616 1.5933 "" "" 4094832235351675520 1576.79419 0.6266 0.0786 0.019 -6.743 0.094 0.065 1.021 5041.3 4.7131 16.984081 1.388721 17.554937 16.166216 "" "" 1383.41418 1834.19397 3029.10692 3.0409 1298.5 6.9625 2708.1 17.752 "" "" 0.0029630742701024044 0.006455764 0.008058395 0.014514159 273.7982749166 -19.02593295832 1576.79419 0.01899999999999999 -6.743
273.67389880422 -19.19047310649 0.0836 0.0739 13.7216 "" "" 4094732862645267712 1629.1106 0.611 0.0753 -2.213 -5.286 0.109 0.081 0.98 4436.6 4.3891 16.984455 1.455122 17.65987 16.204748 "" "" 1426.18909 1881.19983 3028.0606 2.9702 1178.9 9.8321 2613.7 9.1701 "" "" 0.0029539791099725196 0.009475231 0.0053660343 0.014841266 273.67389880422 -19.19047310649 1629.1106 -2.213 -5.285999999999998
273.85644665811 -19.31120818159 0.072 0.065 18.4841 "" "" 4094683182783840640 2105.28613 0.4654 0.0761 -2.984 -7.333 0.085 0.069 1.073 5351.6 4.6596 16.984806 1.73393 17.647057 15.913127 "" "" 1794.98401 2515.62793 3027.08531 4.9606 1192.9 13.074 3419.1 101.36 "" "" 0.003279858918425441 0.012222241 0.03240802 0.044630263 273.85644665811 -19.31120818159 2105.28613 -2.9840000000000004 -7.333
273.90927407747 -19.24432180144 0.071 0.0643 15.27 "" "" 4094685313068568448 1701.26062 0.5692 0.0756 -2.627 1.623 0.081 0.062 1.015 "" "" 16.984838 1.397175 17.576725 16.17955 "" "" 1496.42773 1999.92615 3026.99052 2.4085 1272.7 11.076 2675.1 55.284 "" "" 0.0028875768851844594 0.009852245 0.022754045 0.03260629 273.90927407747 -19.24432180144 1701.26062 -2.627 1.6229999999999996
273.90509990569 -19.04246793836 0.0795 0.0701 5.5087 "" "" 4094828657599148544 1833.57593 0.587 0.0892 2.894 -2.011 0.103 0.083 1.006 5016.4 4.762 16.984928 1.386782 17.57455 16.187769 "" "" 1550.37146 2326.72656 3026.74029 3.3307 1275.3 12.788 2654.9 21.76 "" "" 0.003003209437675696 0.011239006 0.009668179 0.020907186 273.90509990569 -19.04246793836 1833.57593 2.8939999999999992 -2.0109999999999997
273.5231743367 -19.10868811959 0.0637 0.0565 17.7343 "" "" 4094748844236770432 1775.64514 0.549 0.0669 -5.863 -9.91 0.082 0.065 0.994 5335.9 4.7212 16.985096 1.203979 17.405003 16.201023 "" "" 1582.48792 2074.79736 3026.27469 2.7433 1490.8 20.498 2622.7 13.581 "" "" 0.002925827281809299 0.015187013 0.0067744395 0.021961452 273.5231743367 -19.10868811959 1775.64514 -5.863000000000001 -9.91
274.04496673664 -19.24625102771 0.073 0.0641 19.4123 "" "" 4094775335577876480 2067.08228 0.4815 0.0782 -0.841 -3.313 0.086 0.067 0.925 "" "" 16.98579 1.40251 17.619883 16.217373 "" "" 1793.8573 2368.37671 3024.33812 2.6418 1223.1 14.25 2583.5 18.435 "" "" 0.0029139769324463003 0.012953675 0.008620136 0.021573812 274.04496673664 -19.24625102771 2067.08228 -0.8410000000000001 -3.3130000000000006
273.45323051677 -18.93650456442 0.0742 0.0656 21.0075 "" "" 4094756197230883328 1707.28223 0.5975 0.0831 -3.987 -7.056 0.084 0.063 0.95 5261.1 4.6964 16.985886 1.634344 17.760624 16.12628 "" "" 1529.96362 2030.13379 3024.07287 2.3977 1074.4 9.3788 2809.6 12.783 "" "" 0.0028866676469815715 0.009879925 0.0062197843 0.01609971 273.45323051677 -18.93650456442 1707.28223 -3.9870000000000005 -7.056000000000001
273.50732806604 -19.02282820185 0.0815 0.0765 17.5524 "" "" 4094750562233631104 1770.58582 0.5605 0.0883 -2.604 -0.808 0.114 0.104 1.124 4746.8 4.584 16.986444 1.357269 17.583668 16.226398 "" "" 1526.30884 2028.83728 3022.52082 2.8445 1264.6 10.515 2562.1 22.911 "" "" 0.002938680113597745 0.009449109 0.01041861 0.019867718 273.50732806604 -19.02282820185 1770.58582 -2.6039999999999996 -0.8080000000000002
273.97330341149 -19.33143458132 0.0694 0.0631 21.4877 "" "" 4094680704578402816 1895.91431 0.5358 0.0775 -0.594 -0.828 0.081 0.062 0.949 5095.2 4.7381 16.98645 1.364878 17.584637 16.219759 "" "" 1657.61499 2198.82861 3022.50204 2.6721 1263.5 8.7735 2577.8 12.568 "" "" 0.0029177270938026204 0.008038888 0.0065042027 0.01454309 273.97330341149 -19.33143458132 1895.91431 -0.5940000000000001 -0.8280000000000001
273.7844443789 -19.0340531154 0.0686 0.0583 2.4864 "" "" 4094832200991948800 1761.10718 0.5648 0.0733 -2.879 -4.408 0.084 0.062 1.026 4693.9 4.6433 16.986578 1.472937 17.604288 16.131351 "" "" 1578.64001 1945.87939 3022.14811 2.7613 1240.8 18.889 2796.5 27.475 "" "" 0.0029284639177232963 0.016762277 0.011316854 0.02807913 273.7844443789 -19.0340531154 1761.10718 -2.8790000000000004 -4.4079999999999995
274.03810499554 -18.98892455521 0.079 0.0726 12.6279 "" "" 4094836388540563968 1872.86658 0.5351 0.0822 0.987 -0.649 0.092 0.072 0.941 4970.8 4.7221 16.986715 1.358868 17.590694 16.231827 "" "" 1631.91223 2209.30493 3021.76636 2.7194 1256.4 8.5974 2549.3 13.827 "" "" 0.002923440234742016 0.007936215 0.0069973143 0.014933529 274.03810499554 -18.98892455521 1872.86658 0.9870000000000001 -0.649
273.79864636077 -18.97113584653 0.0706 0.0607 2.2896 "" "" 4094833781519186560 1657.74475 0.6058 0.0813 -1.626 -8.958 0.093 0.064 1.003 4677.8 4.3909 16.987118 1.325632 17.552807 16.227175 "" "" 1467.37122 1910.20129 3020.6457 2.8775 1301.1 9.8322 2560.3 16.719 "" "" 0.0029430482513613234 0.008666178 0.008034379 0.016700558 273.79864636077 -18.97113584653 1657.74475 -1.626 -8.958
273.73324631753 -19.02295030517 0.0856 0.0754 4.8212 "" "" 4094833090000754560 1550.09802 0.6734 0.1007 -3.848 -4.362 0.108 0.077 1.256 4861.2 4.8282 16.987345 1.334558 17.568228 16.23367 "" "" 1332.46973 1905.02234 3020.01359 4.4328 1282.7 9.6581 2545.0 10.448 "" "" 0.0031830042994226387 0.008638093 0.0058438894 0.014481982 273.73324631753 -19.02295030517 1550.09802 -3.848 -4.362000000000001
273.69360893413 -18.71602948565 0.0846 0.0758 18.7109 "" "" 4094853847627963648 1834.88977 0.5424 0.089 -3.556 -5.612 0.104 0.083 1.083 4688.2 4.7702 16.987549 1.390766 17.628872 16.238106 "" "" 1556.56152 2215.08667 3019.44566 3.208 1213.0 8.5075 2534.6 11.401 "" "" 0.002987044765582713 0.008109999 0.0061753723 0.014285371 273.69360893413 -18.71602948565 1834.88977 -3.556 -5.612
273.79521220934 -19.02348943986 0.068 0.0575 1.6075 "" "" 4094832235351689728 1806.17627 0.5564 0.0726 -1.094 0.986 0.085 0.062 1.023 5071.9 4.7645 16.987679 1.220589 17.508425 16.287836 "" "" 1555.02478 2062.54199 3019.08572 2.5323 1355.3 10.273 2421.2 9.2262 "" "" 0.0029019167191866417 0.00868986 0.005603654 0.014293514 273.79521220934 -19.02348943986 1806.17627 -1.094 0.986
273.96599007763 -18.91666090708 0.0863 0.0746 10.0323 "" "" 4094837831644930688 1948.42969 0.4996 0.0901 -1.716 -4.613 0.118 0.103 1.073 4713.8 3.3387 16.987764 3.221647 18.85667 15.635023 "" "" 1652.56665 2426.20996 3018.84603 4.3377 391.52 10.487 4417.2 14.334 "" "" 0.0031663218119364536 0.029215366 0.0051669218 0.034382287 273.96599007763 -18.91666090708 1948.42969 -1.716 -4.613
274.16325739927 -18.9436473636 0.0749 0.0699 20.0381 "" "" 4094791381618599424 1986.3103 0.5031 0.0886 1.086 1.244 0.092 0.072 0.914 4905.2 4.6988 16.987858 1.372858 17.602386 16.229528 "" "" 1704.18445 2358.46118 3018.58803 3.0008 1243.0 8.5818 2554.7 15.17 "" "" 0.002959182323249459 0.007998473 0.0074732783 0.015471751 274.16325739927 -18.9436473636 1986.3103 1.0859999999999999 1.2439999999999998
273.97011968054 -18.92495980546 0.09 0.0777 9.9811 "" "" 4094837762925423232 1880.02954 0.5502 0.0922 -0.152 -2.627 0.107 0.081 1.098 "" "" 16.988129 1.267492 17.561655 16.294163 "" "" 1595.23352 2330.93066 3017.83122 2.7245 1290.5 18.078 2407.1 17.576 "" "" 0.0029244807982122 0.015463368 0.00878254 0.024245908 273.97011968054 -18.92495980546 1880.02954 -0.15199999999999997 -2.627
273.78204175985 -18.85990842223 0.0823 0.0737 8.9478 "" "" 4094847834649376000 1691.81641 0.6234 0.1109 1.195 -0.57 0.108 0.078 1.264 "" "" 16.988201 "" "" "" "" "" 1416.50037 2048.42041 3017.63212 3.3638 "" "" "" "" "" "" 0.003009415673768425 "" "" "" 273.78204175985 -18.85990842223 1691.81641 1.195 -0.5699999999999998
273.4611084872 -18.97960664452 0.0776 0.0719 20.2058 "" "" 4094753860768618752 1647.54614 0.5905 0.0818 -4.039 -4.164 0.089 0.069 1.02 5002.6 4.7182 16.989923 1.491016 17.688164 16.197147 "" "" 1489.47681 1930.43005 3012.85065 2.4983 1148.6 9.6507 2632.1 18.562 "" "" 0.0028986797922708777 0.009539665 0.0085387435 0.01807841 273.4611084872 -18.97960664452 1647.54614 -4.038999999999999 -4.164
273.79894434948 -18.64460270127 0.0882 0.0783 21.6757 "" "" 4094860169819773184 1655.38745 0.6409 0.09 2.657 -1.691 0.101 0.078 0.992 4771.4 4.6354 16.989958 1.339849 17.595503 16.255653 "" "" 1414.02734 1943.21667 3012.75243 2.7848 1250.9 10.851 2494.0 19.782 "" "" 0.0029324009928342874 0.009822881 0.009404693 0.019227574 273.79894434948 -18.64460270127 1655.38745 2.6570000000000005 -1.691
273.89280513104 -18.69256220022 0.0762 0.066 19.2731 "" "" 4094857558455925120 2013.72961 0.5374 0.0857 1.567 2.795 0.095 0.067 1.042 4760.2 4.8216 16.99049 1.167744 17.495337 16.327593 "" "" 1671.78113 3553.0083 3011.27827 2.7447 1371.8 12.114 2334.1 9.7891 "" "" 0.0029276503188670412 0.009985581 0.0059176264 0.015903208 273.89280513104 -18.69256220022 2013.72961 1.5669999999999997 2.795
274.195449106 -18.97794654702 0.075 0.0686 21.5793 "" "" 4094789010796478080 1894.60571 0.5445 0.0848 0.418 -1.885 0.093 0.072 0.904 4940.3 4.7392 16.991856 1.370247 17.610765 16.240519 "" "" 1621.73218 2283.20508 3007.49222 3.5086 1233.4 11.973 2529.0 19.115 "" "" 0.003032518694651541 0.010902651 0.009034812 0.019937463 274.195449106 -18.97794654702 1894.60571 0.418 -1.885
273.56237364152 -18.92680902361 0.0778 0.0706 15.1572 "" "" 4094755677512499584 1866.80688 0.551 0.078 4.171 1.782 0.088 0.071 0.924 4825.8 4.7178 16.992027 1.397932 17.636469 16.238537 "" "" 1645.84705 2264.01221 3007.01466 2.8026 1204.6 10.983 2533.6 15.027 "" "" 0.0029352664070056377 0.010284953 0.0074667335 0.017751686 273.56237364152 -18.92680902361 1866.80688 4.171000000000002 1.7819999999999998
273.91314026298 -19.32949468937 0.0688 0.0621 20.2013 "" "" 4094681464796557824 1498.31824 0.6524 0.074 -2.665 -3.412 0.08 0.066 0.994 4819.2 4.7169 16.992468 1.339043 17.59849 16.259447 "" "" 1353.64758 1654.1449 3005.79589 2.3349 1247.4 10.662 2485.3 15.49 "" "" 0.002881511973182944 0.009690568 0.0077508814 0.01744145 273.91314026298 -19.32949468937 1498.31824 -2.6649999999999996 -3.412
273.8594123708 -19.24912942894 0.085 0.0775 14.8219 "" "" 4094685136979777024 1675.30164 0.616 0.0902 0.045 -1.71 0.099 0.08 1.104 5147.0 4.6319 16.992628 1.899227 17.90731 16.008083 "" "" 1495.23413 1859.78552 3005.35078 2.8246 938.63 6.3848 3132.7 17.251 "" "" 0.0029382104280531443 0.007894933 0.00707324 0.014968174 273.8594123708 -19.24912942894 1675.30164 0.045 -1.7100000000000002
273.94250424586 -18.83745760086 0.072 0.0654 12.3708 "" "" 4094842062236986368 1829.4519 0.5454 0.0841 1.249 -1.139 0.093 0.072 0.927 4848.7 4.7878 16.993086 1.21492 17.533241 16.318321 "" "" 1588.02905 2252.13599 3004.08865 2.9007 1324.7 11.651 2354.1 15.948 "" "" 0.0029480278262000222 0.009948544 0.008269551 0.018218096 273.94250424586 -18.83745760086 1829.4519 1.2490000000000003 -1.139
273.90198602097 -19.07644378013 0.1123 0.099 6.4646 "" "" 4094828455780056576 1883.61682 0.5913 0.1142 0.434 0.065 0.146 0.111 1.164 5235.2 4.7562 16.99326 1.302595 17.513548 16.210953 "" "" 1526.22144 2573.1228 3003.60367 4.6833 1349.0 13.914 2598.8 13.063 "" "" 0.0032338415338702504 0.011540972 0.006638382 0.018179353 273.90198602097 -19.07644378013 1883.61682 0.43400000000000005 0.06500000000000002
274.10219900146 -19.06775386665 0.0778 0.0702 16.6456 "" "" 4094782203232726784 1998.10022 0.4832 0.0867 -0.069 -3.835 0.092 0.074 1.086 5045.2 4.7439 16.993822 1.281515 17.522291 16.240776 "" "" 1766.58862 2356.16479 3002.05031 2.9879 1338.1 9.7827 2528.4 12.928 "" "" 0.0029596495870044875 0.008413802 0.006715863 0.015129665 274.10219900146 -19.06775386665 1998.10022 -0.06900000000000002 -3.8350000000000004
273.91304813322 -18.65359408217 0.0729 0.0643 21.8185 "" "" 4094857794654307968 2028.84253 0.4994 0.0769 1.56 0.526 0.099 0.075 1.014 5028.1 4.6939 16.994457 1.227945 17.552816 16.324871 "" "" 1750.38257 2398.323 3000.2945 2.7074 1301.0 10.912 2340.0 12.125 "" "" 0.002924327074916099 0.009524354 0.0067774784 0.016301833 273.91304813322 -18.65359408217 2028.84253 1.56 0.526
274.10253901991 -18.85619403159 0.0937 0.0861 18.5561 "" "" 4094839725774351744 1571.87854 0.676 0.0986 -0.681 -11.927 0.118 0.087 1.116 4969.4 4.7925 16.99467 1.27245 17.567204 16.294754 "" "" 1317.28223 1934.01123 2999.70214 2.7112 1283.9 10.235 2405.8 23.092 "" "" 0.0029248530500566848 0.009093891 0.01108555 0.020179441 274.10253901991 -18.85619403159 1571.87854 -0.6809999999999998 -11.927
273.84990616372 -19.03407060847 0.0896 0.0735 2.5678 "" "" 4094829550947683200 2103.94531 0.4463 0.0917 -1.175 -2.966 0.111 0.081 1.036 4698.9 3.1307 16.995052 3.54944 19.196966 15.647526 "" "" 1784.22742 2603.08838 2998.6507 4.4456 286.17 9.9813 4366.6 15.848 "" "" 0.003191039191773697 0.037971955 0.005459996 0.043431953 273.84990616372 -19.03407060847 2103.94531 -1.175 -2.9659999999999997
273.94371151971 -19.27831169077 0.0706 0.0644 17.8935 "" "" 4094682220691546880 1662.39001 0.5957 0.075 1.999 0.32 0.08 0.064 0.9 4741.8 4.3913 16.995575 1.270515 17.54877 16.278255 "" "" 1480.18909 1936.59827 2997.20914 2.3334 1305.9 12.937 2442.6 16.158 "" "" 0.002882060732746686 0.011111934 0.008115923 0.019227857 273.94371151971 -19.27831169077 1662.39001 1.9990000000000006 0.32000000000000006
274.10873719806 -19.24588634381 0.0787 0.0721 21.978 "" "" 4094775507418855552 1474.81116 0.6797 0.1 0.323 -1.169 0.092 0.071 1.052 5879.9 4.6088 16.99581 1.693728 17.803326 16.109598 "" "" 1278.46277 1712.11035 2996.56127 2.5697 1033.0 8.2847 2853.1 12.161 "" "" 0.0029083819628285 0.009143749 0.005974986 0.015118735 274.10873719806 -19.24588634381 1474.81116 0.323 -1.169
273.91349881654 -18.97960118438 0.0907 0.0714 5.7342 "" "" 4094831303294447232 2061.48169 0.5172 0.1048 1.754 -1.259 0.117 0.078 0.926 4780.9 4.8072 16.995953 1.312302 17.568544 16.256243 "" "" 1706.93127 2595.00317 2996.16445 3.2462 1282.3 9.5058 2492.6 22.618 "" "" 0.002995925909732885 0.008518563 0.010552076 0.019070638 273.91349881654 -18.97960118438 2061.48169 1.7539999999999998 -1.2590000000000001
274.04126010565 -19.27123381771 0.0697 0.0644 20.4196 "" "" 4094775232541036160 1860.75891 0.5544 0.0789 2.145 -5.146 0.084 0.068 0.941 5021.5 4.6615 16.996225 1.563215 17.694294 16.131079 "" "" 1630.23267 2155.7937 2995.41074 2.493 1142.1 12.04 2797.2 24.295 "" "" 0.0028997129161441194 0.011780989 0.010159285 0.021940274 274.04126010565 -19.27123381771 1860.75891 2.145 -5.145999999999999
273.83474509828 -18.80258013408 0.3364 0.334 12.2202 "" "" 4094854324319889408 2017.70886 0.9999 0.4772 -0.518 -2.556 0.467 0.344 3.863 "" "" 16.99655 1.329449 17.382694 16.053246 "" "" 1204.12622 3229.34595 2994.51689 28.727 1521.7 20.978 3005.1 34.318 "" "" 0.010773962169731439 0.015225685 0.0129622305 0.028187916 273.83474509828 -18.80258013408 2017.70886 -0.5180000000000001 -2.556
