Clusters/Markarian_38/Markarian_38_stars_in_region.tsv
# %ECSV 1.0
# ---
# datatype:
# - name: RA_ICRS_1
#   unit: deg
#   datatype: float64
#   format: '{:15.11f}'
#   description: Right ascension (ICRS) at Ep=2016.0 (ra)
#   meta: !!omap
#   - {ucd: POS_EQ_RA_MAIN}
#   - {width: 15}
#   - {precision: '11'}
# - name: DE_ICRS_1
#   unit: deg
#   datatype: float64
#   format: '{:15.11f}'
#   description: Declination (ICRS) at Ep=2016.0 (dec)
#   meta: !!omap
#   - {ucd: POS_EQ_DEC_MAIN}
#   - {width: 15}
#   - {precision: '11'}
# - name: e_RA_ICRS
#   unit: mas
#   datatype: float64
#   format: '{:7.4f}'
#   description: Standard error of right ascension (ra_error)
#   meta: !!omap
#   - {ucd: ERROR}
#   - {width: 7}
#   - {precision: '4'}
# - name: e_DE_ICRS
#   unit: mas
#   datatype: float64
#   format: '{:7.4f}'
#   description: Standard error of declination (dec_error)
#   meta: !!omap
#   - {ucd: ERROR}
#   - {width: 7}
#   - {precision: '4'}
# - name: _r_1
#   unit: ''
#   datatype: float64
#   format: '{:7.4f}'
#   description: Distance from center (273.81620710000-19.00549432000)[ICRS], at Epoch=J2016.0
#   meta: !!omap
#   - {ucd: POS_ANG_DIST_GENERAL}
#   - {width: 7}
#   - {precision: '4'}
# - name: HIP
#   datatype: int32
#   description: '? HIP cross-id number, van Leeuwen, Cat. I/311 (hip_original_ext_source_id)'
#   meta: !!omap
#   - {ucd: ID_NUMBER}
#   - {width: 6}
#   - values: {'null': -2147483648}
# - name: TYC2
#   datatype: string
#   description: Tycho-2 cross-id name, Hog et al., Cat. I/259 (tyc2_original_ext_source_id)
#   meta: !!omap
#   - {ucd: ID_CROSSID}
#   - {_votable_string_dtype: char}
# - name: Source
#   datatype: int64
#   description: Source identifier, identical to the Gaia-EDR3 source_id (id)
#   meta: !!omap
#   - {ucd: ID_MAIN}
#   - {width: 19}
# - name: rgeo
#   unit: pc
#   datatype: float64
#   format: '{:15.8f}'
#   description: '? Median of the geometric distance posterior (r_med_geo)'
#   meta: !!omap
#   - {ucd: PHYS_DISTANCE_TRUE}
#   - {width: 15}
#   - {precision: '8'}
#   - values: {'null': .nan}
# - name: Plx
#   unit: mas
#   datatype: float64
#   format: '{:9.4f}'
#   description: '? Parallax (parallax)'
#   meta: !!omap
#   - {ucd: POS_PARLX_TRIG}
#   - {width: 9}
#   - {precision: '4'}
#   - values: {'null': .nan}
# - name: e_Plx
#   unit: mas
#   datatype: float32
#   format: '{:7.4f}'
#   description: '? Standard error of parallax (parallax_error)'
#   meta: !!omap
#   - {ucd: ERROR}
#   - {width: 7}
#   - {precision: '4'}
#   - values: {'null': .nan}
# - name: pmRA
#   unit: mas / yr
#   datatype: float64
#   format: '{:9.3f}'
#   description: '? Proper motion in right ascension direction, pmRA*cosDE (pmra)'
#   meta: !!omap
#   - {ucd: POS_EQ_PMRA}
#   - {width: 9}
#   - {precision: '3'}
#   - values: {'null': .nan}
# - name: pmDE
#   unit: mas / yr
#   datatype: float64
#   format: '{:9.3f}'
#   description: '? Proper motion in declination direction (pmdec)'
#   meta: !!omap
#   - {ucd: POS_EQ_PMDEC}
#   - {width: 9}
#   - {precision: '3'}
#   - values: {'null': .nan}
# - name: e_pmRA
#   unit: mas / yr
#   datatype: float32
#   format: '{:6.3f}'
#   description: '? Standard error of proper motion in right ascension direction (pmra_error)'
#   meta: !!omap
#   - {ucd: ERROR}
#   - {width: 6}
#   - {precision: '3'}
#   - values: {'null': .nan}
# - name: e_pmDE
[...]
#         unit: &id001 !astropy.units.Unit {unit: deg}
#         value: !astropy.table.SerializedColumn {name: SkyCoord.dec}
#       distance: !astropy.table.SerializedColumn
#         __class__: astropy.coordinates.distances.Distance
#         unit: !astropy.units.Unit {unit: pc}
#         value: !astropy.table.SerializedColumn {name: SkyCoord.distance}
#       frame: icrs
#       obstime: !astropy.time.Time {format: jyear_str, in_subfmt: '*', jd1: 367701545.0, jd2: 0.0, out_subfmt: '*', precision: 3, scale: tt}
#       pm_dec: !astropy.table.SerializedColumn
#         __class__: astropy.units.quantity.Quantity
#         unit: !astropy.units.Unit {unit: mas / yr}
#         value: !astropy.table.SerializedColumn {name: SkyCoord.pm_dec}
#       pm_ra_cosdec: !astropy.table.SerializedColumn
#         __class__: astropy.units.quantity.Quantity
#         unit: !astropy.units.Unit {unit: mas / yr}
#         value: !astropy.table.SerializedColumn {name: SkyCoord.pm_ra_cosdec}
#       ra: !astropy.table.SerializedColumn
#         __class__: astropy.coordinates.angles.Longitude
#         unit: *id001
#         value: !astropy.table.SerializedColumn {name: SkyCoord.ra}
#         wrap_angle: !astropy.coordinates.Angle
#           unit: *id001
#           value: 360.0
#       representation_type: spherical
# schema: astropy-2.0
RA_ICRS_1 DE_ICRS_1 e_RA_ICRS e_DE_ICRS _r_1 HIP TYC2 Source rgeo Plx e_Plx pmRA pmDE e_pmRA e_pmDE RUWE Teff logg Gmag BP-RP BPmag RPmag RV e_RV b_rgeo B_rgeo FG e_FG FBP e_FBP FRP e_FRP RAVE5 RAVE6 e_Gmag e_BPmag e_RPmag e_BP-RP SkyCoord.ra SkyCoord.dec SkyCoord.distance SkyCoord.pm_ra_cosdec SkyCoord.pm_dec
[from data line 4459]
273.94349779738 -18.66873179165 0.0607 0.057 21.4598 "" "" 4094857902077440256 1850.56934 0.5318 0.0691 -0.801 -1.262 0.083 0.059 1.017 5221.1 4.6206 16.587652 1.295812 17.169285 15.873473 "" "" 1616.2887 2105.10449 4364.01243 3.0916 1852.3 12.447 3546.2 12.816 "" "" 0.0028606659895575714 0.0078112036 0.005447973 0.013259176 273.94349779738 -18.66873179165 1850.56934 -0.801 -1.262
273.80011538013 -19.08071585438 0.0563 0.0492 4.6046 "" "" 4094828971150905728 1917.95312 0.4952 0.0645 0.748 -2.257 0.072 0.053 0.971 4678.2 4.3484 16.588564 1.150454 17.097265 15.946812 "" "" 1716.18457 2238.54175 4360.34727 2.918 1979.3 9.5259 3314.6 15.612 "" "" 0.002849512277432977 0.00592366 0.0063589024 0.012282562 273.80011538013 -19.08071585438 1917.95312 0.7479999999999999 -2.2569999999999992
273.97849452387 -18.72797422379 0.0622 0.0609 19.0306 "" "" 4094856321504359040 1839.62329 0.5524 0.0823 -1.203 -4.339 0.083 0.058 0.987 4924.6 4.7101 16.588808 1.184541 17.08969 15.905148 "" "" 1569.67273 2141.69995 4359.37137 5.3078 1993.2 8.4823 3444.3 25.847 "" "" 0.0030560335076985027 0.0053975806 0.008981551 0.014379132 273.97849452387 -18.72797422379 1839.62329 -1.203 -4.339
273.57156556429 -18.76210856782 0.0719 0.0619 20.1529 "" "" 4095602408858925952 1665.26941 0.5916 0.085 1.513 -2.358 0.091 0.063 0.986 4903.9 4.3682 16.589073 1.448335 17.24634 15.798005 "" "" 1477.82117 1932.04089 4358.30579 3.7176 1725.4 13.725 3801.5 11.983 "" "" 0.0029068016276087394 0.009076195 0.0050987024 0.014174897 273.57156556429 -18.76210856782 1665.26941 1.5130000000000001 -2.3579999999999997
273.69583985022 -18.95034096624 0.0541 0.0477 7.589 "" "" 4094845601290275712 1911.77344 0.5154 0.0631 -2.732 -2.189 0.071 0.053 0.947 5338.1 4.6114 16.590017 1.173186 17.072739 15.899552 "" "" 1711.3728 2211.15649 4354.51832 2.9993 2024.5 13.723 3462.1 25.933 "" "" 0.00285500301741387 0.007870775 0.008968019 0.016838793 273.69583985022 -18.95034096624 1911.77344 -2.732 -2.189
273.42838360706 -19.0161011308 0.0575 0.0532 22.0094 "" "" 4094753345372535168 2107.9834 0.4666 0.0641 -0.168 -1.032 0.065 0.05 0.91 "" "" 16.590605 1.379954 17.217188 15.837234 "" "" 1878.5481 2422.28369 4352.16006 3.1696 1772.3 12.932 3666.6 18.325 "" "" 0.0028665363925234263 0.008399305 0.006612759 0.015012064 273.42838360706 -19.0161011308 2107.9834 -0.16799999999999998 -1.0319999999999998
273.7050679721 -18.75521894912 0.081 0.0768 16.2882 "" "" 4094852679396766848 1570.93848 0.6422 0.102 1.358 -3.675 0.101 0.077 1.379 "" "" 16.590818 1.236898 16.949898 15.712999 "" "" 1390.55664 1820.21069 4351.3067 4.8644 2267.0 30.33 4111.1 60.91 "" "" 0.003010815505083992 0.014791514 0.01652426 0.031315774 273.7050679721 -18.75521894912 1570.93848 1.3580000000000003 -3.6750000000000003
273.73021048143 -18.72989600278 0.0617 0.0596 17.2417 "" "" 4094852851195463296 1542.04468 0.6499 0.074 -0.291 -3.808 0.073 0.057 0.972 5002.8 4.6914 16.590965 1.238823 17.129894 15.891071 "" "" 1395.33362 1747.03491 4350.7157 5.6266 1920.7 12.859 3489.2 15.422 "" "" 0.0030924733169697097 0.0077860616 0.006108428 0.013894489 273.73021048143 -18.72989600278 1542.04468 -0.291 -3.808
273.69478526126 -19.15840448638 0.0576 0.052 11.4707 "" "" 4094733000084382848 1528.4104 0.6477 0.0679 -13.966 1.016 0.067 0.049 0.942 5264.2 4.667 16.591558 1.194843 17.109615 15.914772 "" "" 1377.99207 1684.32581 4348.33634 2.7512 1956.9 9.8727 3413.9 8.2982 "" "" 0.0028396629703463143 0.006147302 0.004609623 0.010756925 273.69478526126 -19.15840448638 1528.4104 -13.966 1.016
273.4974153216 -18.91438078017 0.0616 0.0552 18.8978 "" "" 4094756369029556992 1939.62366 0.5091 0.0708 0.243 -2.102 0.074 0.054 0.977 5496.7 4.6011 16.593077 1.434417 17.218708 15.784291 "" "" 1698.45569 2268.69214 4342.26557 3.5894 1769.8 14.73 3849.8 34.991 "" "" 0.0028978057797524742 0.0094575025 0.010567267 0.020024769 273.4974153216 -18.91438078017 1939.62366 0.24300000000000002 -2.1020000000000003
273.76423058124 -18.77979211761 0.0614 0.0562 13.8598 "" "" 4094849513956644224 2072.09863 0.5109 0.0704 -1.636 -10.232 0.077 0.058 0.979 4867.7 4.4629 16.594227 1.176162 17.105185 15.929023 "" "" 1795.66699 2416.46606 4337.66776 3.2626 1964.9 17.583 3369.4 12.307 "" "" 0.0028737943424091304 0.010108464 0.005478211 0.015586676 273.76423058124 -18.77979211761 2072.09863 -1.6359999999999995 -10.232000000000001
273.52564876264 -19.22839519686 0.0602 0.0532 21.2178 "" "" 4094729534073461248 1951.60852 0.5123 0.0679 -0.749 2.89 0.081 0.062 1.278 "" "" 16.595293 1.272614 16.881853 15.609239 "" "" 1713.60669 2233.1626 4333.40765 4.3538 2413.7 39.367 4523.4 78.476 "" "" 0.002963398922116573 0.017926624 0.019211737 0.03713836 273.52564876264 -19.22839519686 1951.60852 -0.7490000000000001 2.89
273.92160141565 -19.01810253707 0.0717 0.0581 6.0264 "" "" 4094830929681339520 2011.52734 0.5036 0.0861 2.693 -1.516 0.095 0.064 1.171 4997.2 4.6312 16.596539 1.437023 17.240206 15.803183 "" "" 1711.67639 2423.44629 4328.44278 4.1784 1735.1 16.75 3783.4 18.638 "" "" 0.0029479319311090674 0.010846309 0.0065491535 0.017395463 273.92160141565 -19.01810253707 2011.52734 2.6929999999999996 -1.516
273.49553151848 -19.04500258725 0.0594 0.0554 18.3433 "" "" 4094750356075184640 1437.46216 0.6815 0.0646 -1.646 -5.241 0.074 0.057 1.008 5210.1 4.6406 16.59739 1.202026 17.121946 15.91992 "" "" 1318.79431 1569.61829 4325.05037 2.8047 1934.8 8.8893 3397.7 9.9855 "" "" 0.0028438552002626985 0.005715641 0.004946249 0.010661891 273.49553151848 -19.04500258725 1437.46216 -1.646 -5.240999999999998
273.95187255013 -19.17621455265 0.0705 0.0618 12.8099 "" "" 4094779694971181696 1524.21118 0.6607 0.0773 2.724 -2.892 0.085 0.068 0.896 5369.4 4.7158 16.598478 1.248021 16.859625 15.611604 "" "" 1368.36841 1686.51453 4320.71162 6.9578 2463.6 52.661 4513.5 79.209 "" "" 0.0032632337226241306 0.023375412 0.019425172 0.042800583 273.95187255013 -19.17621455265 1524.21118 2.724 -2.892
273.49948097894 -19.19138691305 0.0538 0.048 21.1394 "" "" 4094730599225428224 2060.81592 0.5033 0.0609 -3.215 -4.028 0.071 0.053 1.066 5235.9 4.6885 16.598719 1.242877 17.137167 15.89429 "" "" 1797.97449 2408.33813 4319.75845 2.9297 1907.9 10.587 3478.9 14.584 "" "" 0.0028520185648113756 0.00663951 0.0059161056 0.012555616 273.49948097894 -19.19138691305 2060.81592 -3.2149999999999994 -4.028
274.12466084564 -19.11971634815 0.0599 0.0553 18.7869 "" "" 4094778977752703616 1618.56189 0.6092 0.0684 1.342 -2.65 0.07 0.056 0.995 "" "" 16.598808 1.234476 16.95272 15.718245 "" "" 1472.68518 1811.73694 4319.39961 5.7322 2261.1 25.283 4091.3 68.536 "" "" 0.0031093201218795217 0.012456903 0.018576387 0.03103329 274.12466084564 -19.11971634815 1618.56189 1.342 -2.65
273.88247686612 -19.17743272575 0.0613 0.0557 10.9793 "" "" 4094686756178161152 1961.29358 0.4925 0.073 -0.531 -1.089 0.066 0.05 0.96 5400.4 4.6878 16.598858 1.189632 17.094763 15.90513 "" "" 1705.06311 2295.73706 4319.20146 2.8744 1983.9 10.86 3444.3 13.137 "" "" 0.002848485243272767 0.0065657403 0.005606491 0.012172231 273.88247686612 -19.17743272575 1961.29358 -0.531 -1.0890000000000002
273.63183399252 -19.22864683615 0.0535 0.048 16.9859 "" "" 4094732248492656000 1745.93518 0.5578 0.0601 0.423 -1.396 0.068 0.053 1.009 5569.6 4.6059 16.59892 1.380815 17.21924 15.838425 "" "" 1574.94458 1950.76904 4318.95008 3.9875 1769.0 11.635 3662.6 15.172 "" "" 0.002931999620246773 0.0076668006 0.0058746776 0.013541479 273.63183399252 -19.22864683615 1745.93518 0.423 -1.396
273.9493789011 -18.9731484903 0.0711 0.0616 7.8007 "" "" 4094831513777673856 1561.42639 0.6464 0.0841 0.258 -1.119 0.107 0.078 1.045 "" "" 16.59981 0.602345 16.00917 15.406825 "" "" 1393.65686 1771.34229 4315.42042 14.09 5392.0 617.73 5450.4 328.88 "" "" 0.004489830650417305 0.124417745 0.065622814 0.19004056 273.9493789011 -18.9731484903 1561.42639 0.258 -1.1189999999999998
273.97766934951 -19.06633285145 0.0631 0.0599 9.8586 "" "" 4094782894763360000 1691.68066 0.5998 0.0866 -1.716 -4.335 0.073 0.052 1.027 5311.2 4.5995 16.599813 1.235853 17.134262 15.898409 "" "" 1501.26428 2055.36816 4315.40215 3.1877 1913.0 10.89 3465.7 13.222 "" "" 0.0028696709709160302 0.0067812996 0.005607272 0.012388572 273.97766934951 -19.06633285145 1691.68066 -1.7159999999999997 -4.335
273.62218157583 -18.74456658749 0.0805 0.0826 19.1427 "" "" 4094853259168334592 1597.2843 0.6614 0.1147 -3.02 -4.619 0.078 0.063 1.0 4957.5 4.7184 16.59995 1.342937 17.13823 15.795292 "" "" 1376.54102 1896.0238 4314.85718 3.6047 1906.0 38.107 3811.0 31.897 "" "" 0.0029007780264036992 0.0218859 0.009841893 0.03172779 273.62218157583 -18.74456658749 1597.2843 -3.019999999999999 -4.619000000000001
274.09530172012 -18.90042267188 0.0647 0.0665 17.0464 "" "" 4094837384973403648 1940.92664 0.5403 0.0912 -0.782 -7.94 0.081 0.056 1.004 5035.9 4.7235 16.600534 1.227687 17.137033 15.909347 "" "" 1667.57495 2412.85107 4312.53765 3.1957 1908.1 12.93 3431.0 21.544 "" "" 0.002870383789443103 0.007868654 0.007795066 0.01566372 274.09530172012 -18.90042267188 1940.92664 -0.782 -7.940000000000001
273.67498139823 -19.23426960133 0.0643 0.0562 15.8907 "" "" 4094732111053635072 2010.85645 0.4953 0.0667 -0.307 -2.687 0.073 0.055 1.071 5275.9 4.6277 16.60092 1.28692 17.169497 15.882576 "" "" 1772.31726 2250.63062 4311.00697 3.3048 1851.9 12.606 3516.6 10.722 "" "" 0.0028782889698079667 0.007899817 0.005024172 0.012923989 273.67498139823 -19.23426960133 2010.85645 -0.30699999999999994 -2.687
273.98922189036 -19.01997088375 0.0709 0.0618 9.8529 "" "" 4094830414285072256 1856.83496 0.5343 0.0895 -0.535 -2.802 0.078 0.055 1.111 5180.5 4.7206 16.601068 1.244614 17.136158 15.891544 "" "" 1596.42322 2152.00024 4310.41404 3.2309 1909.7 12.603 3487.7 12.984 "" "" 0.0028729938829748134 0.0076893605 0.0055336514 0.013223012 273.98922189036 -19.01997088375 1856.83496 -0.5350000000000001 -2.802
273.64400773633 -19.01774532141 0.0591 0.0549 9.796 "" "" 4094751245106039168 1893.96765 0.524 0.0722 -0.269 -1.362 0.076 0.059 1.065 4630.2 4.3471 16.60204 1.472973 17.265308 15.792336 "" "" 1687.33899 2169.30054 4306.56621 10.575 1695.5 12.363 3821.4 29.424 "" "" 0.003834029755267948 0.0083941035 0.009174554 0.017568657 273.64400773633 -19.01774532141 1893.96765 -0.269 -1.3619999999999999
273.47190378601 -18.95857273511 0.0667 0.0599 19.7366 "" "" 4094753890806045824 1797.63977 0.5368 0.0693 2.594 -5.024 0.079 0.061 0.965 5431.9 4.6204 16.603497 1.437666 17.261494 15.823828 "" "" 1621.89209 2047.27502 4300.78919 3.2476 1701.5 10.548 3712.2 11.113 "" "" 0.0028747098401443855 0.0072861398 0.004984799 0.012270939 273.47190378601 -18.95857273511 1797.63977 2.594 -5.024
273.71960229565 -18.79418604915 0.0676 0.0606 13.8136 "" "" 4094852026561637504 1544.41809 0.6302 0.0824 2.215 2.591 0.088 0.067 1.042 5147.9 4.7695 16.603647 1.251439 17.095638 15.844199 "" "" 1388.53259 1728.89746 4300.19475 3.5298 1982.3 8.4535 3643.2 27.464 "" "" 0.0028958707436394187 0.0054058284 0.009015196 0.014421024 273.71960229565 -18.79418604915 1544.41809 2.215 2.591
273.75803533898 -18.97970516054 0.0669 0.0556 3.645 "" "" 4094833330519014272 1512.44385 0.6689 0.0797 0.314 -3.858 0.089 0.056 1.089 5177.2 4.6273 16.603863 1.233478 17.024172 15.790694 "" "" 1368.19238 1688.5072 4299.33943 5.3199 2117.1 30.717 3827.2 38.947 "" "" 0.003065401256607906 0.01599813 0.011677365 0.027675495 273.75803533898 -18.97970516054 1512.44385 0.314 -3.8579999999999997
273.6238610666 -18.80807739569 0.0642 0.0592 16.1093 "" "" 4094851373726743296 2066.74854 0.4748 0.0803 -2.791 0.648 0.075 0.055 0.952 5694.0 4.1469 16.604118 1.446806 17.266678 15.819872 "" "" 1802.59253 2451.25391 4298.3297 3.3335 1693.3 10.692 3725.7 14.628 "" "" 0.0028811101340393665 0.0074016983 0.005696993 0.013098691 273.6238610666 -18.80807739569 2066.74854 -2.7909999999999995 0.648
273.8078824602 -18.91259892359 0.0604 0.0528 5.5937 "" "" 4094835602606280064 2085.9624 0.4675 0.0761 0.442 -3.696 0.084 0.058 0.923 "" "" 16.604773 1.193365 17.11628 15.922914 "" "" 1769.62268 2440.51318 4295.74083 3.1573 1944.9 22.762 3388.4 26.519 "" "" 0.0028685520749285815 0.013009562 0.009299988 0.02230955 273.8078824602 -18.91259892359 2085.9624 0.44200000000000006 -3.6959999999999997
274.05482643418 -19.03933046312 0.0703 0.0692 13.6867 "" "" 4094783268384776576 1795.51013 0.5525 0.0875 -2.52 -3.576 0.085 0.061 0.919 4663.9 4.3681 16.60494 1.348924 17.21491 15.865987 "" "" 1541.90259 2141.99854 4295.07173 2.9374 1776.0 8.2044 3570.8 11.862 "" "" 0.00285362011174933 0.0057395035 0.005224214 0.0109637175 274.05482643418 -19.03933046312 1795.51013 -2.52 -3.576
273.6832067439 -18.84421548226 0.0669 0.0639 12.2728 "" "" 4094850304239360768 1853.91125 0.5111 0.0887 -1.98 -3.472 0.088 0.065 1.039 5132.5 4.6555 16.605797 1.322082 17.17816 15.856078 "" "" 1572.94763 2151.85693 4291.6882 3.4978 1837.2 13.534 3603.5 36.864 "" "" 0.002893929219848424 0.008470937 0.011732529 0.020203466 273.6832067439 -18.84421548226 1853.91125 -1.9799999999999998 -3.472
273.89937608184 -18.84979255436 0.0921 0.0826 10.4669 "" "" 4094842160972256256 1438.83496 0.705 0.1115 -0.567 -1.378 0.128 0.09 1.503 5038.6 4.7381 16.605816 1.276054 17.11854 15.842485 "" "" 1260.48694 1668.65845 4291.60967 6.9865 1940.9 13.21 3648.9 19.055 "" "" 0.0032735161135316023 0.007898861 0.006814021 0.014712881 273.89937608184 -18.84979255436 1438.83496 -0.567 -1.378
274.11507245063 -18.80723654485 0.066 0.0651 20.7194 "" "" 4094840516049633408 1692.12695 0.5976 0.0772 -0.34 0.571 0.09 0.061 1.018 4933.4 4.6526 16.606014 1.235558 17.162222 15.926664 "" "" 1490.18835 1915.03149 4290.82603 3.1732 1864.4 9.9387 3376.7 19.035 "" "" 0.0028699294991435423 0.0064252526 0.0071933214 0.013618574 274.11507245063 -18.80723654485 1692.12695 -0.33999999999999997 0.5710000000000001
273.92608518755 -19.22726438764 0.0649 0.0587 14.6921 "" "" 4094685450526366720 1966.23621 0.5103 0.0745 -5.082 0.169 0.071 0.055 1.179 5487.3 4.5906 16.606241 1.585161 17.28471 15.699549 "" "" 1730.38135 2309.26196 4289.92762 4.0657 1665.5 9.0314 4162.4 13.491 "" "" 0.0029411906765957414 0.006515237 0.005164048 0.011679285 273.92608518755 -19.22726438764 1966.23621 -5.082 0.16899999999999998
274.04052341157 -19.03991108899 0.0649 0.0603 12.8905 "" "" 4094783169641173376 2024.73706 0.484 0.0766 -0.722 -4.766 0.077 0.057 1.0 5189.1 4.6606 16.606333 1.263527 17.162514 15.898987 "" "" 1739.86316 2494.84033 4289.57101 3.3498 1863.9 11.854 3463.9 11.779 "" "" 0.002882823817373345 0.007447464 0.00528346 0.012730924 274.04052341157 -19.03991108899 2024.73706 -0.722 -4.765999999999999
273.61655985962 -18.72254300519 0.076 0.0744 20.4135 "" "" 4095604053812021120 1818.90308 0.5694 0.0966 -1.628 -2.354 0.084 0.065 0.941 5067.8 4.6919 16.608128 1.384775 17.230137 15.845362 "" "" 1548.25488 2553.50854 4282.4846 3.3786 1751.3 13.75 3639.3 10.824 "" "" 0.0028853959213139416 0.008969466 0.004971059 0.013940525 273.61655985962 -18.72254300519 1818.90308 -1.628 -2.354
273.84935970693 -18.64843639211 0.0644 0.0639 21.506 "" "" 4094860857014451200 1736.61523 0.5769 0.084 0.522 -1.534 0.084 0.058 0.915 4934.2 4.7656 16.608704 1.152008 17.086388 15.93438 "" "" 1514.31616 2060.85669 4280.21549 3.3917 1999.2 12.31 3352.8 14.727 "" "" 0.002886519479443862 0.0072442642 0.00608502 0.013329284 273.84935970693 -18.64843639211 1736.61523 0.5220000000000001 -1.5340000000000003
273.94452466231 -19.29943768804 0.0578 0.0522 19.0773 "" "" 4094681980192635776 1643.66382 0.5893 0.0674 -7.212 1.662 0.067 0.05 0.922 5418.5 4.6922 16.608837 1.236361 17.14283 15.906468 "" "" 1478.88794 1832.61487 4279.68259 2.8008 1898.0 11.003 3440.1 12.095 "" "" 0.002845465028396722 0.0068848934 0.00537175 0.012256643 273.94452466231 -19.29943768804 1643.66382 -7.212 1.6620000000000001
