Clusters/Berkeley_62/Berkeley_62_members.tsv
# %ECSV 1.0
# ---
# datatype:
# - name: RA_ICRS_1
#   unit: deg
#   datatype: float64
#   format: '{:15.11f}'
#   description: Right ascension (ICRS) at Ep=2016.0 (ra)
#   meta: !!omap
#   - {ucd: POS_EQ_RA_MAIN}
#   - {width: 15}
#   - {precision: '11'}
# - name: DE_ICRS_1
#   unit: deg
#   datatype: float64
#   format: '{:15.11f}'
#   description: Declination (ICRS) at Ep=2016.0 (dec)
#   meta: !!omap
#   - {ucd: POS_EQ_DEC_MAIN}
#   - {width: 15}
#   - {precision: '11'}
# - name: e_RA_ICRS
#   unit: mas
#   datatype: float64
#   format: '{:7.4f}'
#   description: Standard error of right ascension (ra_error)
#   meta: !!omap
#   - {ucd: ERROR}
#   - {width: 7}
#   - {precision: '4'}
# - name: e_DE_ICRS
#   unit: mas
#   datatype: float64
#   format: '{:7.4f}'
#   description: Standard error of declination (dec_error)
#   meta: !!omap
#   - {ucd: ERROR}
#   - {width: 7}
#   - {precision: '4'}
# - name: _r_1
#   unit: ''
#   datatype: float64
#   format: '{:7.4f}'
#   description: Distance from center (015.31061862000+63.91560098000)[ICRS], at Epoch=J2016.0
#   meta: !!omap
#   - {ucd: POS_ANG_DIST_GENERAL}
#   - {width: 7}
#   - {precision: '4'}
# - name: HIP
#   datatype: int32
#   description: '? HIP cross-id number, van Leeuwen, Cat. I/311 (hip_original_ext_source_id)'
#   meta: !!omap
#   - {ucd: ID_NUMBER}
#   - {width: 6}
#   - values: {'null': -2147483648}
# - name: TYC2
#   datatype: string
#   description: Tycho-2 cross-id name, Hog et al., Cat. I/259 (tyc2_original_ext_source_id)
#   meta: !!omap
#   - {ucd: ID_CROSSID}
#   - {_votable_string_dtype: char}
# - name: Source
#   datatype: int64
#   description: Source identifier, identical to the Gaia-EDR3 source_id (id)
#   meta: !!omap
#   - {ucd: ID_MAIN}
#   - {width: 19}
# - name: rgeo
#   unit: pc
#   datatype: float64
#   format: '{:15.8f}'
#   description: '? Median of the geometric distance posterior (r_med_geo)'
#   meta: !!omap
#   - {ucd: PHYS_DISTANCE_TRUE}
#   - {width: 15}
#   - {precision: '8'}
#   - values: {'null': .nan}
# - name: Plx
#   unit: mas
#   datatype: float64
#   format: '{:9.4f}'
#   description: '? Parallax (parallax)'
#   meta: !!omap
#   - {ucd: POS_PARLX_TRIG}
#   - {width: 9}
#   - {precision: '4'}
#   - values: {'null': .nan}
# - name: e_Plx
#   unit: mas
#   datatype: float32
#   format: '{:7.4f}'
#   description: '? Standard error of parallax (parallax_error)'
#   meta: !!omap
#   - {ucd: ERROR}
#   - {width: 7}
#   - {precision: '4'}
#   - values: {'null': .nan}
# - name: pmRA
#   unit: mas / yr
#   datatype: float64
#   format: '{:9.3f}'
#   description: '? Proper motion in right ascension direction, pmRA*cosDE (pmra)'
#   meta: !!omap
#   - {ucd: POS_EQ_PMRA}
#   - {width: 9}
#   - {precision: '3'}
#   - values: {'null': .nan}
# - name: pmDE
#   unit: mas / yr
#   datatype: float64
#   format: '{:9.3f}'
#   description: '? Proper motion in declination direction (pmdec)'
#   meta: !!omap
#   - {ucd: POS_EQ_PMDEC}
#   - {width: 9}
#   - {precision: '3'}
#   - values: {'null': .nan}
# - name: e_pmRA
#   unit: mas / yr
#   datatype: float32
#   format: '{:6.3f}'
#   description: '? Standard error of proper motion in right ascension direction (pmra_error)'
#   meta: !!omap
#   - {ucd: ERROR}
#   - {width: 6}
#   - {precision: '3'}
#   - values: {'null': .nan}
# - name: e_pmDE
[...]
#         unit: &id001 !astropy.units.Unit {unit: deg}
#         value: !astropy.table.SerializedColumn {name: SkyCoord.dec}
#       distance: !astropy.table.SerializedColumn
#         __class__: astropy.coordinates.distances.Distance
#         unit: !astropy.units.Unit {unit: pc}
#         value: !astropy.table.SerializedColumn {name: SkyCoord.distance}
#       frame: icrs
#       obstime: !astropy.time.Time {format: jyear_str, in_subfmt: '*', jd1: 367701545.0, jd2: 0.0, out_subfmt: '*', precision: 3, scale: tt}
#       pm_dec: !astropy.table.SerializedColumn
#         __class__: astropy.units.quantity.Quantity
#         unit: !astropy.units.Unit {unit: mas / yr}
#         value: !astropy.table.SerializedColumn {name: SkyCoord.pm_dec}
#       pm_ra_cosdec: !astropy.table.SerializedColumn
#         __class__: astropy.units.quantity.Quantity
#         unit: !astropy.units.Unit {unit: mas / yr}
#         value: !astropy.table.SerializedColumn {name: SkyCoord.pm_ra_cosdec}
#       ra: !astropy.table.SerializedColumn
#         __class__: astropy.coordinates.angles.Longitude
#         unit: *id001
#         value: !astropy.table.SerializedColumn {name: SkyCoord.ra}
#         wrap_angle: !astropy.coordinates.Angle
#           unit: *id001
#           value: 360.0
#       representation_type: spherical
# schema: astropy-2.0
RA_ICRS_1 DE_ICRS_1 e_RA_ICRS e_DE_ICRS _r_1 HIP TYC2 Source rgeo Plx e_Plx pmRA pmDE e_pmRA e_pmDE RUWE Teff logg Gmag BP-RP BPmag RPmag RV e_RV b_rgeo B_rgeo FG e_FG FBP e_FBP FRP e_FRP RAVE5 RAVE6 e_Gmag e_BPmag e_RPmag e_BP-RP SkyCoord.ra SkyCoord.dec SkyCoord.distance SkyCoord.pm_ra_cosdec SkyCoord.pm_dec Pmemb
15.32868728331 63.93492348924 0.0146 0.0161 1.2535 "" 4025-964-1 523393235907409536 2645.55542 0.3438 0.0206 -2.224 -0.595 0.018 0.023 1.321 16330.7 3.5655 11.152009 0.948194 11.463612 10.515418 "" "" 2524.35425 2800.12476 651842.92827 280.91 354790.0 2144.7 493160.0 2823.4 "" "" 0.0027947656914439935 0.0071317186 0.0072747506 0.014406469 15.32868728331 63.93492348924 2645.55542 -2.224 -0.595 0.9
15.48251785764 63.76511098037 0.0079 0.0091 10.1097 "" 4025-2093-1 523389662494629760 2623.46411 0.3338 0.0118 -2.279 -0.511 0.01 0.013 0.863 16887.7 3.6627 11.703902 0.798183 12.012308 11.214126 "" "" 2544.50171 2696.18579 392090.21435 74.535 214040.0 96.552 259120.0 101.01 "" "" 0.0027630396633326194 0.0028328293 0.0038030068 0.0066358363 15.48251785764 63.76511098037 2623.46411 -2.279 -0.5109999999999999 1.0
15.36104814928 63.94346346597 0.0079 0.0097 2.1361 "" 4025-1676-1 523393442065838976 2651.85449 0.3387 0.0117 -2.147 -0.504 0.01 0.014 0.904 17636.9 3.5598 11.85115 0.880642 12.200626 11.319984 "" "" 2574.08594 2721.97559 342363.11768 70.791 179960.0 97.888 235050.0 70.005 "" "" 0.002764451018508568 0.0028519873 0.0037931902 0.0066451775 15.36104814928 63.94346346597 2651.85449 -2.1470000000000002 -0.5039999999999998 1.0
15.26121108416 63.95272666231 0.0064 0.0074 2.5804 "" "" 524143927472040704 2399.5686 0.3994 0.0092 -2.232 -0.523 0.007 0.01 0.806 16759.9 3.7652 12.355956 0.941289 12.734054 11.792765 "" "" 2349.7356 2459.83691 215062.39517 37.426 110100.0 74.479 152070.0 59.576 "" "" 0.0027617909518705456 0.0028852185 0.0038032427 0.006688461 15.26121108416 63.95272666231 2399.5686 -2.232 -0.523 0.9
15.32508271228 63.74672154208 0.0074 0.0086 10.14 "" "" 523367019427012224 2420.34424 0.3939 0.0107 -2.194 -0.442 0.009 0.012 0.972 15301.1 3.7181 12.464758 0.792755 12.772598 11.979843 "" "" 2364.21606 2490.50757 194555.61281 29.82 106260.0 55.422 128000.0 36.473 "" "" 0.002760341067404294 0.0028470564 0.0037920233 0.0066390797 15.32508271228 63.74672154208 2420.34424 -2.194 -0.44200000000000006 1.0
15.41601917591 63.82769042654 0.0072 0.0092 5.9647 "" "" 523390384049131392 2504.93408 0.3826 0.0108 -2.165 -0.414 0.009 0.013 0.952 13804.0 3.688 12.633383 1.02843 13.055296 12.026866 "" "" 2448.03174 2575.17944 166568.85512 29.963 81903.0 48.295 122580.0 62.38 "" "" 0.0027622334928354216 0.002862678 0.003819556 0.006682234 15.41601917591 63.82769042654 2504.93408 -2.165 -0.41399999999999987 1.0
15.3987248375 63.7462595676 0.0108 0.0121 10.4245 "" "" 523366332232244992 2445.21777 0.3909 0.0157 -2.173 -0.427 0.013 0.017 1.078 16043.1 3.8416 12.932449 0.826572 13.255106 12.428534 "" "" 2340.50635 2554.15479 126464.01298 60.794 68136.0 97.948 84673.0 112.58 "" "" 0.0028043194506349486 0.0031970455 0.004045695 0.0072427406 15.3987248375 63.7462595676 2445.21777 -2.173 -0.4269999999999999 0.9
15.22956987665 63.91166573816 0.0077 0.009 2.1513 "" "" 524142282507196160 2592.62207 0.3564 0.0111 -2.163 -0.472 0.009 0.013 0.93 16214.6 3.8482 13.35773 1.127924 13.829782 12.701858 "" "" 2510.04712 2676.74829 85478.05548 17.06 40133.0 28.181 65829.0 19.617 "" "" 0.0027638281563211174 0.0028924542 0.0037932058 0.00668566 15.22956987665 63.91166573816 2592.62207 -2.1630000000000003 -0.472 1.0
15.76886998624 63.96435164337 0.0092 0.0107 12.428 "" "" 523395748472372608 2685.27026 0.3427 0.0135 -2.13 -0.432 0.011 0.014 0.953 15851.9 4.2487 13.990033 0.947282 14.370981 13.423699 "" "" 2586.9624 2796.18506 47745.62341 9.7476 24379.0 21.069 33859.0 21.232 "" "" 0.002764221917269235 0.0029437218 0.0038402164 0.006783938 15.76886998624 63.96435164337 2685.27026 -2.13 -0.43200000000000016 0.9
15.27769732659 63.95610121017 0.0109 0.0122 2.5803 "" "" 524143966134367744 2510.61621 0.3675 0.0154 -2.125 -0.376 0.013 0.018 0.966 15002.6 3.8451 14.204432 1.041375 14.63185 13.590475 "" "" 2412.00586 2607.75146 39189.91269 10.536 19172.0 17.326 29038.0 17.177 "" "" 0.002770738485618968 0.0029576665 0.0038335642 0.0067912308 15.27769732659 63.95610121017 2510.61621 -2.1250000000000004 -0.37600000000000006 0.9
15.2867497736 63.95943941784 0.0121 0.0138 2.7045 "" "" 524143966134421248 2524.51855 0.3623 0.0174 -2.17 -0.437 0.014 0.02 0.976 9888.9 3.8532 14.466595 1.159968 14.957432 13.797463 "" "" 2420.9353 2636.17529 30782.85548 6.7593 14205.0 11.789 23998.0 16.159 "" "" 0.002765615087636016 0.0029320607 0.003849442 0.0067815026 15.2867497736 63.95943941784 2524.51855 -2.17 -0.43699999999999994 0.9
15.31600170149 63.88533656002 0.0116 0.0137 1.8214 "" "" 523391625303813504 2889.46289 0.3208 0.017 -2.177 -0.357 0.014 0.019 0.968 10653.6 3.8642 14.485086 1.130096 14.95783 13.827734 "" "" 2723.75513 3043.91748 30263.0367 6.2034 14200.0 12.694 23338.0 14.613 "" "" 0.0027642939599817245 0.0029541645 0.0038400383 0.006794203 15.31600170149 63.88533656002 2889.46289 -2.1770000000000005 -0.3569999999999998 0.9
15.26700899114 63.9782868304 0.0121 0.0141 3.9328 "" "" 524144344091486464 2621.96118 0.3535 0.0173 -2.197 -0.629 0.014 0.02 1.103 11674.4 3.9269 14.506332 1.084181 14.956506 13.872325 "" "" 2481.06519 2727.22485 29676.5886 13.268 14217.0 29.646 22399.0 29.162 "" "" 0.0027977526581941027 0.003593172 0.0040350794 0.0076282513 15.26700899114 63.9782868304 2621.96118 -2.197 -0.6290000000000002 0.9
15.23163839802 63.93348654546 0.0127 0.0155 2.3432 "" "" 524143863055156224 2659.96313 0.3448 0.0182 -2.243 -0.511 0.015 0.021 1.079 9756.0 3.9951 14.686953 1.243218 15.219928 13.976709 "" "" 2529.59814 2791.86011 25128.43956 5.4353 11154.0 10.536 20346.0 13.351 "" "" 0.0027653104385330207 0.002972686 0.003845949 0.006818635 15.23163839802 63.93348654546 2659.96313 -2.2429999999999994 -0.511 1.0
14.98846093724 63.92837950043 0.0136 0.0142 8.5316 "" "" 524143072781072768 2426.70239 0.3841 0.0187 -2.182 -0.468 0.016 0.019 0.982 10375.1 3.9308 14.770534 1.026582 15.191443 14.164862 "" "" 2314.48022 2519.91919 23266.62904 4.7709 11451.0 11.209 17109.0 11.261 "" "" 0.0027643001318215467 0.0029857282 0.0038463506 0.006832079 14.98846093724 63.92837950043 2426.70239 -2.1820000000000004 -0.468 1.0
15.27794619408 63.92966177093 0.0133 0.0154 1.206 "" "" 523393205851740288 2942.09766 0.3125 0.0189 -2.124 -0.38 0.016 0.022 0.971 12421.9 4.1179 14.811368 1.102563 15.269107 14.166544 "" "" 2789.38379 3124.86035 22407.82602 12.497 10660.0 17.057 17082.0 33.737 "" "" 0.002821071955715297 0.0032868206 0.0043453295 0.0076321503 15.27794619408 63.92966177093 2942.09766 -2.124 -0.3799999999999999 0.8
15.11267264115 64.09984349457 0.0147 0.0162 12.2186 "" "" 524151800154681088 2711.46875 0.3366 0.0204 -2.157 -0.411 0.018 0.024 1.079 9228.5 3.5566 14.891392 1.189204 15.395947 14.206743 "" "" 2559.04297 2857.73999 20815.65987 4.2177 9485.0 12.874 16461.0 13.039 "" "" 0.002764088735186738 0.0031554324 0.0038759997 0.0070314324 15.11267264115 64.09984349457 2711.46875 -2.1570000000000005 -0.411 0.9
15.31473086815 63.93869761298 0.0139 0.0163 1.39 "" "" 523393308930949888 2448.4397 0.3799 0.0202 -2.194 -0.456 0.017 0.023 1.013 10328.4 3.9239 14.919047 1.152934 15.394849 14.241915 "" "" 2303.61719 2584.36084 20292.14534 5.1671 9494.6 13.28 15936.0 16.32 "" "" 0.002769155715374982 0.003176668 0.003939549 0.007116217 15.31473086815 63.93869761298 2448.4397 -2.194 -0.456 1.0
15.1941540831 63.96411806227 0.0141 0.0164 4.2306 "" "" 524144103573318912 2724.68042 0.3468 0.02 -2.197 -0.376 0.017 0.023 1.072 10388.6 4.2373 14.938478 1.274455 15.490308 14.215853 "" "" 2557.29248 2898.0752 19932.20014 4.7369 8695.5 11.829 16324.0 11.338 "" "" 0.0027673754280043714 0.0031569845 0.0038538822 0.007010867 15.1941540831 63.96411806227 2724.68042 -2.197 -0.37599999999999995 0.9
15.68995231817 63.84619473639 0.0145 0.0161 10.8507 "" "" 523389013963747968 2576.58325 0.3618 0.0204 -2.237 -0.341 0.017 0.021 1.009 9946.9 3.8692 14.980504 0.896359 15.33739 14.441031 "" "" 2429.86938 2724.62109 19175.42442 4.1282 10011.0 10.04 13266.0 12.744 "" "" 0.0027652170910690936 0.0029951145 0.0039206636 0.006915778 15.68995231817 63.84619473639 2576.58325 -2.2369999999999997 -0.3410000000000001 0.8
15.24053850661 63.90348622667 0.0217 0.0243 1.987 "" "" 524142282507196928 2485.50098 0.3851 0.0311 -2.173 -0.359 0.027 0.035 1.367 9864.9 4.1922 15.260451 1.256729 15.793656 14.536927 "" "" 2320.09351 2670.5498 14817.20596 6.4671 6575.9 13.127 12145.0 15.778 "" "" 0.0027957737430805746 0.0035330686 0.0040340163 0.007567085 15.24053850661 63.90348622667 2485.50098 -2.173 -0.3589999999999999 0.9
15.27404776607 63.92611021477 0.0166 0.0191 1.1524 "" "" 523393167187481728 2496.93628 0.3694 0.0236 -2.067 -0.382 0.02 0.027 1.019 10076.7 4.0861 15.312417 1.133815 15.787876 14.654061 "" "" 2371.72998 2645.42065 14124.72826 3.2195 6611.0 9.5776 10903.0 9.3704 "" "" 0.002766411690958832 0.0032029997 0.00389287 0.0070958696 15.27404776607 63.92611021477 2496.93628 -2.0669999999999997 -0.3820000000000002 0.9
15.11987632171 64.12239217589 0.0167 0.0192 13.3821 "" "" 524151903233889664 2621.22339 0.3582 0.024 -2.119 -0.35 0.02 0.028 1.046 8992.6 3.7287 15.33851 1.207339 15.854598 14.647259 "" "" 2464.64526 2802.64673 13789.31015 3.02 6217.0 10.922 10971.0 9.3963 "" "" 0.0027655618271646733 0.0033798353 0.0038920993 0.0072719343 15.11987632171 64.12239217589 2621.22339 -2.1189999999999998 -0.3500000000000001 0.8
15.3854003337 63.99842859907 0.0167 0.0189 5.3459 "" "" 523399699842246912 2608.20605 0.3554 0.0239 -2.091 -0.383 0.021 0.027 1.004 9531.5 4.0884 15.446654 1.042691 15.876034 14.833343 "" "" 2460.21899 2748.44409 12482.02608 3.1366 6095.4 11.468 9243.2 11.935 "" "" 0.002768795360115119 0.0034580012 0.0040310193 0.0074890205 15.3854003337 63.99842859907 2608.20605 -2.091 -0.3829999999999998 1.0
15.24952438496 63.95952720187 0.0195 0.0208 3.0887 "" "" 524143931774628736 2573.02124 0.368 0.0269 -2.136 -0.402 0.024 0.031 1.007 8862.3 3.667 15.501949 1.16051 15.993265 14.832755 "" "" 2411.33154 2763.10913 11862.24352 5.9367 5471.6 12.79 9248.2 16.612 "" "" 0.002808389172505021 0.0037717586 0.004252902 0.008024661 15.24952438496 63.95952720187 2573.02124 -2.1360000000000006 -0.40200000000000014 1.0
15.40693392261 63.90191140926 0.018 0.0214 2.671 "" "" 523392965333600896 2279.6626 0.4065 0.0262 -2.1 -0.394 0.022 0.029 0.99 8683.0 3.6155 15.518563 1.320596 16.095963 14.775367 "" "" 2150.32666 2424.15063 11682.1181 3.3808 4977.7 12.114 9750.2 10.741 "" "" 0.0027731783802556393 0.0038427634 0.003964127 0.0078068906 15.40693392261 63.90191140926 2279.6626 -2.1 -0.3940000000000002 1.0
15.36040358129 63.91718168242 0.0189 0.0221 1.3168 "" "" 523393034053060352 2594.30933 0.3594 0.0269 -2.099 -0.42 0.023 0.034 1.002 9326.6 3.9007 15.532403 1.08116 15.981901 14.900741 "" "" 2446.16699 2754.69849 11534.15282 3.1092 5529.1 11.935 8686.8 10.817 "" "" 0.002770820943538546 0.0036438622 0.004013924 0.007657786 15.36040358129 63.91718168242 2594.30933 -2.099 -0.4199999999999999 0.8
15.20868176459 63.87273734257 0.0182 0.0211 3.7226 "" "" 524141767111125376 2763.3689 0.3321 0.0267 -2.202 -0.463 0.023 0.031 0.991 9455.7 4.0083 15.558525 1.276754 16.113798 14.837044 "" "" 2591.22632 2971.90063 11259.95293 2.7718 4896.6 8.1602 9211.7 10.218 "" "" 0.0027682526009886388 0.0033254947 0.0039666323 0.0072921272 15.20868176459 63.87273734257 2763.3689 -2.2020000000000004 -0.46300000000000013 0.9
15.33867662712 63.95107626296 0.0196 0.0211 2.2534 "" "" 523393652528326144 2724.72705 0.343 0.0274 -2.239 -0.395 0.023 0.03 0.968 8732.3 3.6575 15.57231 1.291726 16.133385 14.841659 "" "" 2537.18628 2978.04688 11117.89969 3.2751 4809.1 11.111 9172.6 11.15 "" "" 0.0027738211703562795 0.0037520137 0.004003197 0.0077552106 15.33867662712 63.95107626296 2724.72705 -2.239 -0.395 0.8
15.05527428272 63.82415268539 0.019 0.0202 8.6967 "" "" 524118299408907264 2765.63794 0.3414 0.0273 -2.145 -0.384 0.023 0.027 1.008 9300.3 3.9534 15.574901 1.030632 16.000957 14.970325 "" "" 2555.61792 3006.28784 11091.4049 2.691 5432.9 11.225 8147.6 12.473 "" "" 0.0027678837331958574 0.0035801185 0.00412873 0.0077088485 15.05527428272 63.82415268539 2765.63794 -2.145 -0.38400000000000006 0.8
15.23737657154 63.8849558745 0.0188 0.0215 2.6681 "" "" 524142179427984256 2429.27979 0.3864 0.0268 -2.124 -0.416 0.023 0.031 0.98 9272.7 3.8591 15.627312 1.180759 16.128271 14.947512 "" "" 2291.77856 2565.28125 10568.70874 2.8677 4831.8 10.606 8320.6 8.7291 "" "" 0.0027710250643864518 0.0036694498 0.0039472952 0.0076167453 15.23737657154 63.8849558745 2429.27979 -2.1239999999999997 -0.4159999999999999 0.9
15.17573235702 64.03957058624 0.0186 0.0217 8.2422 "" "" 524145581042051712 2764.98462 0.3336 0.0269 -2.146 -0.477 0.024 0.032 1.033 9043.4 3.5715 15.641361 1.073528 16.087337 15.013809 "" "" 2590.10767 2995.20825 10432.83073 2.7452 5017.4 7.3709 7827.7 8.5749 "" "" 0.002770091799760172 0.0032138973 0.0039621135 0.007176011 15.17573235702 64.03957058624 2764.98462 -2.1460000000000004 -0.4770000000000001 0.8
15.47643663841 63.81923633138 0.0224 0.0245 7.2548 "" "" 523390285274082432 2331.87354 0.405 0.0317 -2.26 -0.404 0.027 0.035 1.03 9407.7 4.1805 15.811138 1.460417 16.464668 15.004252 "" "" 2183.28271 2535.10791 8922.59779 3.0432 3544.5 7.1004 7896.9 8.9989 "" "" 0.002780093102083031 0.0035377278 0.0039767465 0.007514474 15.47643663841 63.81923633138 2331.87354 -2.2599999999999993 -0.404 0.9
14.77242743678 63.74747032416 0.0223 0.0242 17.4518 "" "" 524114004441662976 2466.93188 0.3823 0.0317 -2.199 -0.451 0.029 0.031 0.974 9284.1 4.1602 15.848125 1.062717 16.288383 15.225667 "" "" 2311.93677 2655.4436 8623.75613 2.6644 4169.3 9.3545 6440.1 10.046 "" "" 0.0027756649373309873 0.0037039528 0.0041415207 0.0078454735 14.77242743678 63.74747032416 2466.93188 -2.1989999999999994 -0.45100000000000007 0.9
15.76790473469 63.88583472776 0.0214 0.025 12.2018 "" "" 523394339723165952 2792.72803 0.3347 0.0315 -2.153 -0.452 0.026 0.032 1.031 9295.6 4.1863 15.872079 1.121196 16.33003 15.208835 "" "" 2587.97632 3048.44824 8435.58588 2.56 4012.4 14.703 6540.7 19.957 "" "" 0.002774951611952855 0.0048594237 0.005025771 0.009885195 15.76790473469 63.88583472776 2792.72803 -2.153 -0.452 0.8
15.3693208863 64.01107389769 0.0211 0.0239 5.9333 "" "" 523399734201978368 2528.23145 0.3644 0.0301 -2.162 -0.516 0.026 0.034 1.013 9251.5 4.1693 15.900038 1.220624 16.425787 15.205163 "" "" 2357.70459 2716.81934 8221.13289 2.4848 3673.7 7.8443 6562.9 9.4928 "" "" 0.002774793257599255 0.0036276288 0.0040926794 0.0077203084 15.3693208863 64.01107389769 2528.23145 -2.162 -0.5160000000000001 0.8
15.21686144112 63.88066982368 0.0259 0.0305 3.2432 "" "" 524142140764097792 2586.37256 0.3737 0.037 -2.157 -0.45 0.031 0.042 1.081 7659.1 4.1136 16.195623 1.564673 16.921423 15.35675 "" "" 2347.88696 2816.67432 6261.77437 2.4977 2327.3 8.0287 5707.7 8.6787 "" "" 0.0027891480530958905 0.004670577 0.0041242163 0.008794794 15.21686144112 63.88066982368 2586.37256 -2.157 -0.45000000000000007 0.8
