Clusters/Berkeley_62/Berkeley_62_stars_in_region.tsv
# %ECSV 1.0
# ---
# datatype:
# - name: RA_ICRS_1
#   unit: deg
#   datatype: float64
#   format: '{:15.11f}'
#   description: Right ascension (ICRS) at Ep=2016.0 (ra)
#   meta: !!omap
#   - {ucd: POS_EQ_RA_MAIN}
#   - {width: 15}
#   - {precision: '11'}
# - name: DE_ICRS_1
#   unit: deg
#   datatype: float64
#   format: '{:15.11f}'
#   description: Declination (ICRS) at Ep=2016.0 (dec)
#   meta: !!omap
#   - {ucd: POS_EQ_DEC_MAIN}
#   - {width: 15}
#   - {precision: '11'}
# - name: e_RA_ICRS
#   unit: mas
#   datatype: float64
#   format: '{:7.4f}'
#   description: Standard error of right ascension (ra_error)
#   meta: !!omap
#   - {ucd: ERROR}
#   - {width: 7}
#   - {precision: '4'}
# - name: e_DE_ICRS
#   unit: mas
#   datatype: float64
#   format: '{:7.4f}'
#   description: Standard error of declination (dec_error)
#   meta: !!omap
#   - {ucd: ERROR}
#   - {width: 7}
#   - {precision: '4'}
# - name: _r_1
#   unit: ''
#   datatype: float64
#   format: '{:7.4f}'
#   description: Distance from center (015.31061862000+63.91560098000)[ICRS], at Epoch=J2016.0
#   meta: !!omap
#   - {ucd: POS_ANG_DIST_GENERAL}
#   - {width: 7}
#   - {precision: '4'}
# - name: HIP
#   datatype: int32
#   description: '? HIP cross-id number, van Leeuwen, Cat. I/311 (hip_original_ext_source_id)'
#   meta: !!omap
#   - {ucd: ID_NUMBER}
#   - {width: 6}
#   - values: {'null': -2147483648}
# - name: TYC2
#   datatype: string
#   description: Tycho-2 cross-id name, Hog et al., Cat. I/259 (tyc2_original_ext_source_id)
#   meta: !!omap
#   - {ucd: ID_CROSSID}
#   - {_votable_string_dtype: char}
# - name: Source
#   datatype: int64
#   description: Source identifier, identical to the Gaia-EDR3 source_id (id)
#   meta: !!omap
#   - {ucd: ID_MAIN}
#   - {width: 19}
# - name: rgeo
#   unit: pc
#   datatype: float64
#   format: '{:15.8f}'
#   description: '? Median of the geometric distance posterior (r_med_geo)'
#   meta: !!omap
#   - {ucd: PHYS_DISTANCE_TRUE}
#   - {width: 15}
#   - {precision: '8'}
#   - values: {'null': .nan}
# - name: Plx
#   unit: mas
#   datatype: float64
#   format: '{:9.4f}'
#   description: '? Parallax (parallax)'
#   meta: !!omap
#   - {ucd: POS_PARLX_TRIG}
#   - {width: 9}
#   - {precision: '4'}
#   - values: {'null': .nan}
# - name: e_Plx
#   unit: mas
#   datatype: float32
#   format: '{:7.4f}'
#   description: '? Standard error of parallax (parallax_error)'
#   meta: !!omap
#   - {ucd: ERROR}
#   - {width: 7}
#   - {precision: '4'}
#   - values: {'null': .nan}
# - name: pmRA
#   unit: mas / yr
#   datatype: float64
#   format: '{:9.3f}'
#   description: '? Proper motion in right ascension direction, pmRA*cosDE (pmra)'
#   meta: !!omap
#   - {ucd: POS_EQ_PMRA}
#   - {width: 9}
#   - {precision: '3'}
#   - values: {'null': .nan}
# - name: pmDE
#   unit: mas / yr
#   datatype: float64
#   format: '{:9.3f}'
#   description: '? Proper motion in declination direction (pmdec)'
#   meta: !!omap
#   - {ucd: POS_EQ_PMDEC}
#   - {width: 9}
#   - {precision: '3'}
#   - values: {'null': .nan}
# - name: e_pmRA
#   unit: mas / yr
#   datatype: float32
#   format: '{:6.3f}'
#   description: '? Standard error of proper motion in right ascension direction (pmra_error)'
#   meta: !!omap
#   - {ucd: ERROR}
#   - {width: 6}
#   - {precision: '3'}
#   - values: {'null': .nan}
# - name: e_pmDE
[...]
#         unit: &id001 !astropy.units.Unit {unit: deg}
#         value: !astropy.table.SerializedColumn {name: SkyCoord.dec}
#       distance: !astropy.table.SerializedColumn
#         __class__: astropy.coordinates.distances.Distance
#         unit: !astropy.units.Unit {unit: pc}
#         value: !astropy.table.SerializedColumn {name: SkyCoord.distance}
#       frame: icrs
#       obstime: !astropy.time.Time {format: jyear_str, in_subfmt: '*', jd1: 367701545.0, jd2: 0.0, out_subfmt: '*', precision: 3, scale: tt}
#       pm_dec: !astropy.table.SerializedColumn
#         __class__: astropy.units.quantity.Quantity
#         unit: !astropy.units.Unit {unit: mas / yr}
#         value: !astropy.table.SerializedColumn {name: SkyCoord.pm_dec}
#       pm_ra_cosdec: !astropy.table.SerializedColumn
#         __class__: astropy.units.quantity.Quantity
#         unit: !astropy.units.Unit {unit: mas / yr}
#         value: !astropy.table.SerializedColumn {name: SkyCoord.pm_ra_cosdec}
#       ra: !astropy.table.SerializedColumn
#         __class__: astropy.coordinates.angles.Longitude
#         unit: *id001
#         value: !astropy.table.SerializedColumn {name: SkyCoord.ra}
#         wrap_angle: !astropy.coordinates.Angle
#           unit: *id001
#           value: 360.0
#       representation_type: spherical
# schema: astropy-2.0
RA_ICRS_1 DE_ICRS_1 e_RA_ICRS e_DE_ICRS _r_1 HIP TYC2 Source rgeo Plx e_Plx pmRA pmDE e_pmRA e_pmDE RUWE Teff logg Gmag BP-RP BPmag RPmag RV e_RV b_rgeo B_rgeo FG e_FG FBP e_FBP FRP e_FRP RAVE5 RAVE6 e_Gmag e_BPmag e_RPmag e_BP-RP SkyCoord.ra SkyCoord.dec SkyCoord.distance SkyCoord.pm_ra_cosdec SkyCoord.pm_dec
[from data line 122]
15.73374330737 63.98749847402 0.0132 0.015 11.9539 "" "" 523397294660944768 2291.64087 0.4142 0.0186 -2.173 -0.614 0.016 0.021 1.018 9874.7 4.0323 14.875148 0.964484 15.264715 14.300231 "" "" 2188.39062 2376.84961 21129.421 4.0374 10704.0 15.745 15103.0 10.314 "" "" 0.0027631195902266246 0.0032149097 0.0038514272 0.007066337 15.73374330737 63.98749847402 2291.64087 -2.1730000000000005 -0.6139999999999997
15.34191758667 63.97344827052 0.0137 0.0161 3.5675 "" "" 523393686888048384 2573.69971 0.3622 0.0196 -2.274 -0.133 0.017 0.024 1.081 "" "" 14.877611 1.013279 15.289279 14.276 "" "" 2449.23486 2701.90552 21081.54638 4.3383 10464.0 12.888 15444.0 13.374 "" "" 0.0027643643680193685 0.003094072 0.0038945766 0.0069886483 15.34191758667 63.97344827052 2573.69971 -2.2740000000000005 -0.1330000000000001
14.94126250572 63.95512617515 0.0383 0.0427 10.022 "" "" 524146130797783040 2568.87817 0.382 0.0555 -1.921 -0.4 0.047 0.053 3.26 9080.5 3.5372 14.879386 1.077222 15.314858 14.237636 "" "" 2159.66016 3383.43799 21047.11424 7.1968 10221.0 10.905 15999.0 11.638 "" "" 0.002780219229294911 0.0030210803 0.003861022 0.006882102 14.94126250572 63.95512617515 2568.87817 -1.921 -0.40000000000000013
15.11267264115 64.09984349457 0.0147 0.0162 12.2186 "" "" 524151800154681088 2711.46875 0.3366 0.0204 -2.157 -0.411 0.018 0.024 1.079 9228.5 3.5566 14.891392 1.189204 15.395947 14.206743 "" "" 2559.04297 2857.73999 20815.65987 4.2177 9485.0 12.874 16461.0 13.039 "" "" 0.002764088735186738 0.0031554324 0.0038759997 0.0070314324 15.11267264115 64.09984349457 2711.46875 -2.1570000000000005 -0.411
15.68596739502 63.99104099005 0.0133 0.0152 10.8757 "" "" 523396023350257664 2009.36548 0.468 0.0192 0.026 1.01 0.017 0.021 0.999 7873.3 3.8019 14.915026 1.136181 15.394624 14.258443 "" "" 1944.02893 2083.27124 20367.44068 3.976 9496.6 12.197 15696.0 11.082 "" "" 0.0027634602169022988 0.0031192298 0.0038563404 0.00697557 15.68596739502 63.99104099005 2009.36548 0.025999999999999968 1.01
15.31473086815 63.93869761298 0.0139 0.0163 1.39 "" "" 523393308930949888 2448.4397 0.3799 0.0202 -2.194 -0.456 0.017 0.023 1.013 10328.4 3.9239 14.919047 1.152934 15.394849 14.241915 "" "" 2303.61719 2584.36084 20292.14534 5.1671 9494.6 13.28 15936.0 16.32 "" "" 0.002769155715374982 0.003176668 0.003939549 0.007116217 15.31473086815 63.93869761298 2448.4397 -2.194 -0.456
15.98709201129 63.86963576974 0.0141 0.0166 18.0727 "" "" 523382588692904320 2900.98657 0.3165 0.0213 -3.308 -0.079 0.018 0.022 0.984 9513.6 3.4642 14.936131 1.052492 15.369263 14.316771 "" "" 2753.74731 3107.27588 19975.35121 4.3889 9721.0 10.407 14875.0 9.6802 "" "" 0.0027656277972362762 0.0030226011 0.0038448614 0.006867463 15.98709201129 63.86963576974 2900.98657 -3.308 -0.07900000000000017
15.1941540831 63.96411806227 0.0141 0.0164 4.2306 "" "" 524144103573318912 2724.68042 0.3468 0.02 -2.197 -0.376 0.017 0.023 1.072 10388.6 4.2373 14.938478 1.274455 15.490308 14.215853 "" "" 2557.29248 2898.0752 19932.20014 4.7369 8695.5 11.829 16324.0 11.338 "" "" 0.0027673754280043714 0.0031569845 0.0038538822 0.007010867 15.1941540831 63.96411806227 2724.68042 -2.197 -0.37599999999999995
15.42622243656 63.9127812286 0.0144 0.0171 3.0547 "" "" 523392243779085696 2802.55493 0.3347 0.0207 -2.22 -0.323 0.017 0.023 1.04 9891.3 3.9235 14.950742 1.077257 15.395617 14.318359 "" "" 2635.93555 2953.77515 19708.33469 4.2843 9487.9 13.394 14853.0 14.3 "" "" 0.0027654106821297913 0.003183441 0.003921276 0.007104717 15.42622243656 63.9127812286 2802.55493 -2.22 -0.32299999999999984
15.49117090621 64.0315882697 0.0158 0.0186 8.4277 "" "" 523399253166025088 2807.2832 0.3248 0.0233 -2.577 -0.323 0.02 0.029 1.172 10659.3 4.0122 14.965491 1.013469 15.374623 14.361155 "" "" 2620.75684 3021.67847 19442.41846 4.3435 9673.1 10.095 14279.0 10.025 "" "" 0.0027659760148620034 0.0030114688 0.003855488 0.006866957 15.49117090621 64.0315882697 2807.2832 -2.577 -0.32300000000000006
15.25484773817 63.78868637268 0.015 0.0167 7.7563 "" "" 523367401687368960 2933.43433 0.3073 0.0221 0.418 -0.107 0.019 0.024 1.0 5874.2 2.7571 14.97404 2.031255 16.000227 13.968972 -47.54 4.18 2742.07715 3123.18774 19289.93307 4.7396 5436.6 8.2333 20491.0 15.543 "" "" 0.002768204305016292 0.0032386177 0.0038680718 0.0071066897 15.25484773817 63.78868637268 2933.43433 0.4179999999999999 -0.10699999999999997
15.68995231817 63.84619473639 0.0145 0.0161 10.8507 "" "" 523389013963747968 2576.58325 0.3618 0.0204 -2.237 -0.341 0.017 0.021 1.009 9946.9 3.8692 14.980504 0.896359 15.33739 14.441031 "" "" 2429.86938 2724.62109 19175.42442 4.1282 10011.0 10.04 13266.0 12.744 "" "" 0.0027652170910690936 0.0029951145 0.0039206636 0.006915778 15.68995231817 63.84619473639 2576.58325 -2.2369999999999997 -0.3410000000000001
15.46324992562 63.84237541484 0.015 0.0166 5.9632 "" "" 523390319633798272 2608.40723 0.3533 0.0211 -2.295 -0.372 0.018 0.023 0.988 9814.0 3.662 14.999383 1.048658 15.429515 14.380857 "" "" 2489.59497 2797.75781 18844.89419 3.8767 9196.3 11.679 14022.0 10.358 "" "" 0.0027643581877727906 0.003112278 0.0038635447 0.0069758226 15.46324992562 63.84237541484 2608.40723 -2.295 -0.37200000000000005
15.79660502882 63.69148810064 0.0151 0.0167 18.6148 "" "" 523373964398481408 2518.58252 0.37 0.022 -2.643 -0.31 0.019 0.022 1.058 10127.8 4.0262 15.002441 0.897156 15.358588 14.461432 "" "" 2387.07739 2643.57959 18791.88255 4.7841 9817.1 12.041 13019.0 12.624 "" "" 0.00276915006447547 0.0030916745 0.003923277 0.0070149517 15.79660502882 63.69148810064 2518.58252 -2.6429999999999993 -0.31000000000000005
14.85974946059 63.87387653621 0.0147 0.0166 12.1639 "" "" 524122010260589312 2637.30981 0.3579 0.0212 -2.468 -0.604 0.018 0.022 1.018 9747.4 3.6515 15.014073 1.038085 15.438592 14.400507 "" "" 2444.45996 2812.60254 18591.6189 5.445 9119.7 17.417 13771.0 14.297 "" "" 0.0027736083188298157 0.0034763068 0.003943897 0.0074202036 14.85974946059 63.87387653621 2637.30981 -2.4679999999999995 -0.604
15.15001657733 64.19849336621 0.0141 0.0163 17.4892 "" "" 524153999177905152 2343.427 0.3976 0.0204 -1.046 -0.025 0.018 0.024 1.019 "" "" 15.024566 1.296709 15.589024 14.292315 "" "" 2239.87085 2455.33862 18412.82505 4.0367 7939.8 10.439 15214.0 10.984 "" "" 0.0027655826386325864 0.0031341317 0.003859815 0.0069939466 15.15001657733 64.19849336621 2343.427 -1.046 -0.025000000000000015
15.21912340932 64.19785414979 0.014 0.0162 17.1046 "" "" 524153896098791424 2896.74561 0.3124 0.0202 -2.965 -0.419 0.017 0.024 0.953 "" "" 15.031568 1.167345 15.523695 14.35635 "" "" 2773.44067 3061.20557 18294.46277 3.9359 8432.2 10.316 14342.0 11.212 "" "" 0.0027652038432092693 0.003090213 0.0038735208 0.0069637336 15.21912340932 64.19785414979 2896.74561 -2.965 -0.41899999999999993
15.48146911738 63.94683848436 0.2511 0.2925 4.8792 "" "" 523392720510947968 2910.23877 0.5542 0.3649 0.789 -1.451 0.318 0.405 17.0 "" "" 15.045013 1.445246 15.575565 14.13032 -31.37 6.55 1722.3822 4481.51807 18069.30038 46.916 8038.8 10.294 17662.0 10.478 "" "" 0.0039419379115556985 0.0031173804 0.0038338767 0.006951257 15.48146911738 63.94683848436 2910.23877 0.7890000000000001 -1.4510000000000003
15.06841694447 63.6657236828 0.0156 0.0164 16.3086 "" "" 524115310111794048 2603.71826 0.3626 0.0224 -2.506 -0.522 0.019 0.022 1.033 9821.0 4.139 15.049389 1.102612 15.509549 14.406937 "" "" 2461.56152 2777.07349 17996.63394 3.9911 8542.7 9.2353 13689.0 10.725 "" "" 0.0027658210000447354 0.003027006 0.0038739294 0.0069009354 15.06841694447 63.6657236828 2603.71826 -2.5059999999999993 -0.5219999999999999
15.31060357024 63.95328121966 0.0183 0.0198 2.2608 "" "" 523393343290678784 2588.91406 0.3631 0.0263 -2.228 -0.434 0.022 0.028 1.101 6985.4 3.846 15.05177 1.45927 15.452113 13.992843 -20.65 12.63 2438.87085 2749.56982 17957.20357 12.604 9006.8 111.02 20046.0 716.28 "" "" 0.0028587650800553496 0.013670808 0.038978983 0.05264979 15.31060357024 63.95328121966 2588.91406 -2.228 -0.4339999999999998
14.89679630711 63.70744848129 0.0155 0.0174 16.6148 "" "" 524110705906817280 2405.52832 0.3906 0.0237 -1.936 -1.889 0.02 0.024 1.008 6757.9 3.6722 15.059105 1.546989 15.773419 14.226431 -29.67 7.29 2264.49219 2523.0188 17836.30581 4.7359 6699.6 12.698 16165.0 12.277 "" "" 0.0027703605525627516 0.003466949 0.003868292 0.007335241 14.89679630711 63.70744848129 2405.52832 -1.936 -1.8890000000000002
15.22128692024 63.67766510195 0.0149 0.0168 14.471 "" "" 523364893426497792 2680.89941 0.3493 0.022 -2.708 -0.346 0.02 0.025 0.951 9272.2 3.7702 15.061611 1.091397 15.510934 14.419537 "" "" 2551.25464 2811.4751 17795.1683 3.7282 8531.9 10.758 13531.0 15.332 "" "" 0.0027646937183839404 0.0031079361 0.003974574 0.0070825103 15.22128692024 63.67766510195 2680.89941 -2.708 -0.3459999999999999
15.62327165065 63.77882686699 0.0157 0.0185 11.6495 "" "" 523386952379504000 2190.77026 0.4227 0.0238 -1.063 0.624 0.019 0.028 1.022 7536.8 3.8291 15.067363 1.529543 15.771915 14.242373 29.67 7.95 2094.46631 2318.92749 17701.15015 4.2966 6708.9 10.379 15930.0 12.456 "" "" 0.002767895068832336 0.0032567466 0.003873559 0.0071303053 15.62327165065 63.77882686699 2190.77026 -1.063 0.6240000000000001
15.13072228898 63.80731453252 0.0151 0.0163 8.0514 "" "" 524118024531194752 2714.37402 0.3481 0.022 -2.99 -0.872 0.018 0.022 1.013 7621.4 3.4971 15.073493 1.424286 15.712918 14.288632 "" "" 2568.20898 2888.85278 17601.49335 4.072 7083.5 12.394 15265.0 13.755 "" "" 0.002766745393844899 0.0033754935 0.0039039555 0.007279449 15.13072228898 63.80731453252 2714.37402 -2.99 -0.8720000000000002
15.27192771502 63.64749343285 0.0157 0.0181 16.1191 "" "" 523364068792791040 2130.63818 0.4458 0.0229 -1.624 -1.891 0.02 0.026 1.014 "" "" 15.085152 1.210587 15.600311 14.389725 "" "" 2023.51099 2236.22314 17413.49497 3.7802 7857.6 13.375 13908.0 13.407 "" "" 0.0027653828397145707 0.0033467244 0.003921626 0.0072683506 15.27192771502 63.64749343285 2130.63818 -1.6239999999999999 -1.8909999999999996
14.79471146204 63.81247136037 0.0151 0.0174 14.9738 "" "" 524120425411008768 2683.96191 0.3451 0.0222 -2.755 -0.382 0.02 0.022 0.985 10889.5 4.1004 15.096139 0.890228 15.447536 14.557307 "" "" 2543.22217 2836.79224 17238.17303 3.9471 9044.9 14.442 11919.0 22.01 "" "" 0.0027665130089159816 0.0032848748 0.0042782673 0.007563142 14.79471146204 63.81247136037 2683.96191 -2.755 -0.382
15.64285422548 64.10154316364 0.0182 0.0211 14.1698 "" "" 523401280390176128 2120.5354 0.4424 0.0262 -1.189 -0.061 0.023 0.028 1.301 7170.1 3.7754 15.119054 1.486905 15.792328 14.305423 "" "" 2024.74365 2214.92236 16878.16969 4.4834 6583.9 14.044 15031.0 11.971 "" "" 0.002770373303512069 0.003626119 0.0038770398 0.007503159 15.64285422548 64.10154316364 2120.5354 -1.1889999999999998 -0.06100000000000001
15.55176333664 64.00069086586 0.0149 0.0182 8.1495 "" "" 523399184446176128 2918.68262 0.312 0.0222 0.891 -1.408 0.018 0.025 0.946 "" "" 15.126396 1.028809 15.549203 14.520394 "" "" 2724.13965 3134.50952 16764.41451 5.8659 8236.4 13.093 12331.0 18.872 "" "" 0.002781387110668215 0.0032808415 0.0041285427 0.0074093845 15.55176333664 64.00069086586 2918.68262 0.8909999999999999 -1.4079999999999997
15.75987244946 63.98479784429 0.0153 0.0166 12.5444 "" "" 523397260300845440 2290.67749 0.4041 0.0214 1.028 -2.98 0.019 0.022 1.066 5522.5 3.4038 15.138 1.884986 16.067846 14.18286 -23.49 4.4 2188.85938 2404.5354 16586.19927 6.0804 5108.3 9.9625 16827.0 18.827 "" "" 0.0027839203915088376 0.0035026714 0.003969814 0.0074724853 15.75987244946 63.98479784429 2290.67749 1.028 -2.9799999999999995
15.21876208646 63.86333149329 0.016 0.0178 3.9647 "" "" 524141767111126784 2313.59302 0.3944 0.0235 -4.816 0.736 0.02 0.027 1.014 "" "" 15.144076 2.198189 16.29093 14.092741 -57.88 4.02 2196.36865 2428.26318 16493.62374 5.0499 4159.5 7.8536 18284.0 12.199 "" "" 0.002775300781038195 0.0034622985 0.0038481788 0.007310477 15.21876208646 63.86333149329 2313.59302 -4.816000000000001 0.7360000000000004
15.73527637872 63.73260781092 0.0152 0.018 15.7124 "" "" 523385887227657344 2027.28088 0.468 0.0234 -2.026 -2.737 0.019 0.023 1.037 6773.6 3.845 15.157322 1.391939 15.71583 14.323891 "" "" 1949.35876 2121.66699 16293.63144 4.7169 7064.6 38.324 14778.0 127.64 "" "" 0.0027731899320547516 0.006517355 0.010110619 0.016627973 15.73527637872 63.73260781092 2027.28088 -2.026 -2.737
15.02162856725 63.84874346044 0.0175 0.0182 8.623 "" "" 524119124042600192 2522.23999 0.375 0.0246 -1.134 -2.161 0.022 0.025 1.104 7663.2 3.2132 15.159371 1.295514 15.718783 14.423269 "" "" 2368.30298 2658.93506 16262.90915 4.2548 7045.4 11.986 13485.0 16.102 "" "" 0.0027699237653308153 0.0033461717 0.0039955587 0.0073417304 15.02162856725 63.84874346044 2522.23999 -1.134 -2.161
15.53797345049 63.91864003554 0.0197 0.0236 6.0004 "" "" 523392484298354176 2722.32178 0.3372 0.0289 -2.825 -0.532 0.025 0.033 1.055 5207.4 2.9296 15.164331 1.945607 16.097466 14.151858 -21.42 4.56 2526.08862 2987.02051 16188.80176 5.2356 4970.9 32.899 17315.0 66.75 "" "" 0.0027776044156047814 0.0077084377 0.0056393794 0.013347818 15.53797345049 63.91864003554 2722.32178 -2.8249999999999997 -0.5320000000000001
15.61691661042 63.95062463644 0.0149 0.0181 8.3445 "" "" 523395542313946240 2656.7439 0.3468 0.0219 -2.19 -0.341 0.019 0.026 0.94 10125.4 4.0046 15.167613 0.979782 15.562895 14.583113 "" "" 2528.10059 2831.27783 16139.92588 3.5508 8133.2 11.509 11639.0 8.952 "" "" 0.002765654527139737 0.0031852052 0.003870541 0.0070557464 15.61691661042 63.95062463644 2656.7439 -2.190000000000001 -0.34099999999999986
14.89735746863 63.78698070523 0.0156 0.0175 13.3778 "" "" 524117234257213440 2900.80762 0.3157 0.0221 -0.629 -0.446 0.02 0.023 0.966 9368.5 3.5702 15.170177 0.840959 15.500248 14.659289 "" "" 2675.93555 3085.46289 16101.85983 3.7905 8616.2 11.104 10850.0 12.873 "" "" 0.0027671494215147376 0.003121359 0.0039928835 0.0071142428 14.89735746863 63.78698070523 2900.80762 -0.629 -0.44600000000000006
14.96552791893 64.07696256051 0.0149 0.0168 13.2719 "" "" 524148432900217600 2583.375 0.3575 0.0212 1.214 1.518 0.018 0.022 1.001 5828.9 2.9619 15.182609 2.238521 16.35756 14.119039 -17.83 3.06 2447.02637 2722.68481 15918.5402 5.1191 3912.0 11.247 17846.0 13.105 "" "" 0.002777354245332602 0.004186736 0.0038625652 0.008049301 14.96552791893 64.07696256051 2583.375 1.2140000000000002 1.5180000000000005
15.38626706485 63.61954258483 0.0171 0.0202 17.8764 "" "" 523363725195423104 2069.42773 0.4585 0.0256 3.128 -0.174 0.022 0.028 0.975 7932.6 4.1262 15.197616 1.350367 15.795518 14.44515 "" "" 1964.08289 2180.375 15700.03699 4.1687 6564.6 14.593 13216.0 11.759 "" "" 0.0027703607186863113 0.003689226 0.003900892 0.007590118 15.38626706485 63.61954258483 2069.42773 3.128 -0.17400000000000004
14.63853867305 63.93574612948 0.0158 0.0192 17.7653 "" "" 524135032601369600 2457.77271 0.3779 0.0238 -3.355 0.599 0.021 0.024 1.037 7486.7 3.6252 15.205128 1.502323 15.871496 14.369173 "" "" 2311.84473 2602.0 15591.77831 6.2367 6120.9 20.029 14174.0 36.211 "" "" 0.0027893369129679078 0.004517443 0.004688027 0.00920547 14.63853867305 63.93574612948 2457.77271 -3.355 0.599
15.58184635284 63.69966208264 0.0163 0.0194 14.8142 "" "" 523386230825205632 2593.49414 0.3603 0.0246 -2.515 -0.322 0.021 0.028 0.981 9004.6 3.6932 15.230993 1.108129 15.69414 14.586011 "" "" 2449.17041 2715.87964 15224.7278 3.7455 7207.1 9.5496 11608.0 10.445 "" "" 0.0027682368608799397 0.00313922 0.0039036102 0.00704283 15.58184635284 63.69966208264 2593.49414 -2.5149999999999997 -0.32200000000000006
