Clusters/Berkeley_62/Berkeley_62_stars_in_region.tsv
# %ECSV 1.0
# ---
# datatype:
# - name: RA_ICRS_1
#   unit: deg
#   datatype: float64
#   format: '{:15.11f}'
#   description: Right ascension (ICRS) at Ep=2016.0 (ra)
#   meta: !!omap
#   - {ucd: POS_EQ_RA_MAIN}
#   - {width: 15}
#   - {precision: '11'}
# - name: DE_ICRS_1
#   unit: deg
#   datatype: float64
#   format: '{:15.11f}'
#   description: Declination (ICRS) at Ep=2016.0 (dec)
#   meta: !!omap
#   - {ucd: POS_EQ_DEC_MAIN}
#   - {width: 15}
#   - {precision: '11'}
# - name: e_RA_ICRS
#   unit: mas
#   datatype: float64
#   format: '{:7.4f}'
#   description: Standard error of right ascension (ra_error)
#   meta: !!omap
#   - {ucd: ERROR}
#   - {width: 7}
#   - {precision: '4'}
# - name: e_DE_ICRS
#   unit: mas
#   datatype: float64
#   format: '{:7.4f}'
#   description: Standard error of declination (dec_error)
#   meta: !!omap
#   - {ucd: ERROR}
#   - {width: 7}
#   - {precision: '4'}
# - name: _r_1
#   unit: ''
#   datatype: float64
#   format: '{:7.4f}'
#   description: Distance from center (015.31061862000+63.91560098000)[ICRS], at Epoch=J2016.0
#   meta: !!omap
#   - {ucd: POS_ANG_DIST_GENERAL}
#   - {width: 7}
#   - {precision: '4'}
# - name: HIP
#   datatype: int32
#   description: '? HIP cross-id number, van Leeuwen, Cat. I/311 (hip_original_ext_source_id)'
#   meta: !!omap
#   - {ucd: ID_NUMBER}
#   - {width: 6}
#   - values: {'null': -2147483648}
# - name: TYC2
#   datatype: string
#   description: Tycho-2 cross-id name, Hog et al., Cat. I/259 (tyc2_original_ext_source_id)
#   meta: !!omap
#   - {ucd: ID_CROSSID}
#   - {_votable_string_dtype: char}
# - name: Source
#   datatype: int64
#   description: Source identifier, identical to the Gaia-EDR3 source_id (id)
#   meta: !!omap
#   - {ucd: ID_MAIN}
#   - {width: 19}
# - name: rgeo
#   unit: pc
#   datatype: float64
#   format: '{:15.8f}'
#   description: '? Median of the geometric distance posterior (r_med_geo)'
#   meta: !!omap
#   - {ucd: PHYS_DISTANCE_TRUE}
#   - {width: 15}
#   - {precision: '8'}
#   - values: {'null': .nan}
# - name: Plx
#   unit: mas
#   datatype: float64
#   format: '{:9.4f}'
#   description: '? Parallax (parallax)'
#   meta: !!omap
#   - {ucd: POS_PARLX_TRIG}
#   - {width: 9}
#   - {precision: '4'}
#   - values: {'null': .nan}
# - name: e_Plx
#   unit: mas
#   datatype: float32
#   format: '{:7.4f}'
#   description: '? Standard error of parallax (parallax_error)'
#   meta: !!omap
#   - {ucd: ERROR}
#   - {width: 7}
#   - {precision: '4'}
#   - values: {'null': .nan}
# - name: pmRA
#   unit: mas / yr
#   datatype: float64
#   format: '{:9.3f}'
#   description: '? Proper motion in right ascension direction, pmRA*cosDE (pmra)'
#   meta: !!omap
#   - {ucd: POS_EQ_PMRA}
#   - {width: 9}
#   - {precision: '3'}
#   - values: {'null': .nan}
# - name: pmDE
#   unit: mas / yr
#   datatype: float64
#   format: '{:9.3f}'
#   description: '? Proper motion in declination direction (pmdec)'
#   meta: !!omap
#   - {ucd: POS_EQ_PMDEC}
#   - {width: 9}
#   - {precision: '3'}
#   - values: {'null': .nan}
# - name: e_pmRA
#   unit: mas / yr
#   datatype: float32
#   format: '{:6.3f}'
#   description: '? Standard error of proper motion in right ascension direction (pmra_error)'
#   meta: !!omap
#   - {ucd: ERROR}
#   - {width: 6}
#   - {precision: '3'}
#   - values: {'null': .nan}
# - name: e_pmDE
[...]
#         unit: &id001 !astropy.units.Unit {unit: deg}
#         value: !astropy.table.SerializedColumn {name: SkyCoord.dec}
#       distance: !astropy.table.SerializedColumn
#         __class__: astropy.coordinates.distances.Distance
#         unit: !astropy.units.Unit {unit: pc}
#         value: !astropy.table.SerializedColumn {name: SkyCoord.distance}
#       frame: icrs
#       obstime: !astropy.time.Time {format: jyear_str, in_subfmt: '*', jd1: 367701545.0, jd2: 0.0, out_subfmt: '*', precision: 3, scale: tt}
#       pm_dec: !astropy.table.SerializedColumn
#         __class__: astropy.units.quantity.Quantity
#         unit: !astropy.units.Unit {unit: mas / yr}
#         value: !astropy.table.SerializedColumn {name: SkyCoord.pm_dec}
#       pm_ra_cosdec: !astropy.table.SerializedColumn
#         __class__: astropy.units.quantity.Quantity
#         unit: !astropy.units.Unit {unit: mas / yr}
#         value: !astropy.table.SerializedColumn {name: SkyCoord.pm_ra_cosdec}
#       ra: !astropy.table.SerializedColumn
#         __class__: astropy.coordinates.angles.Longitude
#         unit: *id001
#         value: !astropy.table.SerializedColumn {name: SkyCoord.ra}
#         wrap_angle: !astropy.coordinates.Angle
#           unit: *id001
#           value: 360.0
#       representation_type: spherical
# schema: astropy-2.0
RA_ICRS_1 DE_ICRS_1 e_RA_ICRS e_DE_ICRS _r_1 HIP TYC2 Source rgeo Plx e_Plx pmRA pmDE e_pmRA e_pmDE RUWE Teff logg Gmag BP-RP BPmag RPmag RV e_RV b_rgeo B_rgeo FG e_FG FBP e_FBP FRP e_FRP RAVE5 RAVE6 e_Gmag e_BPmag e_RPmag e_BP-RP SkyCoord.ra SkyCoord.dec SkyCoord.distance SkyCoord.pm_ra_cosdec SkyCoord.pm_dec
[from data line 570]
15.847577936 63.89467876262 0.0336 0.0397 14.2266 "" "" 523394580241330560 2029.94592 0.4717 0.0476 -6.2 0.617 0.043 0.055 0.916 5252.9 4.265 16.785257 1.784014 17.65082 15.866806 "" "" 1871.02332 2239.01953 3637.84168 1.8812 1188.7 5.8472 3568.1 8.0173 "" "" 0.0028119427261185975 0.006025642 0.004498365 0.010524007 15.847577936 63.89467876262 2029.94592 -6.2 0.6169999999999995
15.61892347322 64.09985732467 0.0342 0.0414 13.7092 "" "" 523401177310961408 2087.12207 0.4555 0.0491 -1.315 2.042 0.04 0.061 0.975 6099.8 4.325 16.786928 1.698478 17.593088 15.89461 "" "" 1876.29248 2327.83643 3632.24924 1.9579 1253.7 8.7624 3477.9 10.738 "" "" 0.002816789563560473 0.008085159 0.005051832 0.01313699 15.61892347322 64.09985732467 2087.12207 -1.315 2.042
15.27069844699 63.83050509729 0.0348 0.0404 5.2136 "" "" 523390938109090432 2986.14478 0.3166 0.0509 -2.568 -0.295 0.042 0.065 1.007 8472.6 4.2533 16.78931 1.440658 17.43837 15.997712 "" "" 2579.08545 3549.0271 3624.28801 1.8772 1445.7 8.2204 3162.8 11.044 "" "" 0.0028121228358063154 0.0067748423 0.00535323 0.012128072 15.27069844699 63.83050509729 2986.14478 -2.5680000000000005 -0.2949999999999999
15.08165297717 63.62415078805 0.0369 0.0387 18.5111 "" "" 524109297157604864 2886.41406 0.3269 0.053 -3.922 -1.094 0.049 0.056 0.992 6029.7 4.4159 16.79233 1.471124 17.46594 15.994817 "" "" 2428.71851 3338.8645 3614.2213 1.9342 1409.4 6.8361 3171.3 7.2407 "" "" 0.002815919836230983 0.005959702 0.0045198356 0.010479538 15.08165297717 63.62415078805 2886.41406 -3.922 -1.0940000000000005
15.30515860978 63.62866527257 0.0389 0.0443 17.2168 "" "" 523363961408892288 2627.70093 0.3671 0.0577 -2.598 -0.531 0.048 0.069 1.001 8894.7 4.3923 16.793358 1.267771 17.34621 16.07844 "" "" 2281.24683 3183.97461 3610.80024 2.0911 1573.7 8.9661 2936.2 9.303 "" "" 0.002826154293003408 0.0067860847 0.005110529 0.011896614 15.30515860978 63.62866527257 2627.70093 -2.598 -0.5309999999999998
15.563508166 63.65995588768 0.0365 0.0418 16.7389 "" "" 523362621379201792 2869.70239 0.3285 0.0527 -1.989 -0.324 0.045 0.066 0.966 9149.6 4.3516 16.794783 1.270752 17.356852 16.0861 "" "" 2529.01831 3472.10693 3606.06433 1.9394 1558.4 8.5335 2915.5 8.7865 "" "" 0.002816515507393331 0.006567453 0.004999039 0.011566492 15.563508166 63.65995588768 2869.70239 -1.9889999999999999 -0.32399999999999984
15.95000795811 63.94771502592 0.0347 0.0412 16.9682 "" "" 523384547197682560 2049.60352 0.4722 0.048 -2.148 0.672 0.042 0.055 1.002 7317.8 4.4206 16.79488 1.64906 17.572176 15.923116 "" "" 1868.06775 2232.99756 3605.74445 1.8914 1278.0 8.7386 3387.8 9.334 "" "" 0.0028135650125734007 0.007930961 0.0048199785 0.01275094 15.95000795811 63.94771502592 2049.60352 -2.1480000000000006 0.6720000000000003
15.48789467883 63.62745013198 0.088 0.0985 17.9167 "" "" 523362346501204352 2896.39453 0.4172 0.1258 -5.152 0.918 0.113 0.155 2.332 5635.4 4.6564 16.795841 1.575644 17.48216 15.906516 "" "" 2037.07202 4121.59082 3602.55306 7.2168 1388.5 9.1171 3439.9 7.5086 "" "" 0.0035103275848550755 0.0076556653 0.00446098 0.012116645 15.48789467883 63.62745013198 2896.39453 -5.152 0.9179999999999997
15.79884714395 63.85545185419 0.0352 0.0414 13.3896 "" "" 523394030485545984 2493.02344 0.3791 0.0491 -4.723 0.846 0.042 0.058 0.975 4981.5 4.2673 16.796734 1.665825 17.599203 15.933378 "" "" 2253.87549 2850.69946 3599.59402 1.7724 1246.6 8.5232 3355.9 10.035 "" "" 0.002806704701591178 0.007930394 0.0049824016 0.012912796 15.79884714395 63.85545185419 2493.02344 -4.723000000000001 0.8459999999999996
15.3203252992 63.94772675686 0.0364 0.0408 1.9445 "" "" 523393343290683008 2770.73926 0.3444 0.0497 -2.193 -0.43 0.042 0.063 0.945 8563.8 4.2549 16.802876 1.506304 17.495369 15.989065 "" "" 2488.42749 3191.60693 3579.28997 1.954 1371.7 7.0375 3188.1 5.8579 "" "" 0.0028183524010902284 0.006230089 0.004273593 0.010503681 15.3203252992 63.94772675686 2770.73926 -2.193 -0.43000000000000005
14.72325254688 63.90657260209 0.036 0.0425 15.5076 "" "" 524123002389877632 2173.27026 0.4478 0.0515 -4.776 -0.102 0.044 0.056 1.039 6309.0 4.2875 16.802876 1.703093 17.595657 15.892565 "" "" 1945.36157 2414.54517 3579.28564 1.9777 1250.7 5.6174 3484.4 6.8353 "" "" 0.002819873252477053 0.005618284 0.004338213 0.009956497 14.72325254688 63.90657260209 2173.27026 -4.776000000000001 -0.10199999999999954
15.30124758913 63.83641853923 0.0357 0.0404 4.7574 "" "" 523390865084750336 2386.8313 0.4051 0.0518 -2.268 -0.526 0.043 0.063 1.012 8920.1 4.4953 16.804216 1.362505 17.41269 16.050184 "" "" 2158.01025 2779.38745 3574.86938 1.7515 1480.3 5.5584 3013.6 8.5938 "" "" 0.0028062011162323106 0.004940215 0.004885689 0.009825904 15.30124758913 63.83641853923 2386.8313 -2.268 -0.526
15.34016559782 64.09935943289 0.0348 0.0405 11.0528 "" "" 524151078600178432 2176.16211 0.4412 0.0492 -3.862 1.904 0.042 0.062 0.999 7197.7 4.3549 16.805813 1.583464 17.54323 15.959766 "" "" 1956.68176 2435.64429 3569.6174 1.7702 1312.6 7.7282 3275.3 7.9774 "" "" 0.002807434869664433 0.0069748843 0.00461268 0.011587564 15.34016559782 64.09935943289 2176.16211 -3.862 1.9039999999999995
15.77574291238 63.84409632123 0.0358 0.0415 13.0139 "" "" 523388326768987264 2548.37646 0.3804 0.0503 -0.117 -1.245 0.042 0.058 1.018 6169.5 4.4344 16.805943 1.457202 17.455744 15.998542 "" "" 2228.47412 2977.2207 3569.18828 1.893 1422.7 8.0506 3160.4 16.509 "" "" 0.002814851089514808 0.0067477184 0.006815453 0.013563171 15.77574291238 63.84409632123 2548.37646 -0.11700000000000002 -1.2450000000000003
15.28809515566 63.78589741137 0.0372 0.0426 7.805 "" "" 523367225584574848 2924.72144 0.342 0.0554 -3.447 -0.891 0.046 0.069 1.01 5938.7 4.4684 16.809053 1.570565 17.533432 15.962867 "" "" 2504.90869 3468.65283 3558.98097 1.8992 1324.5 7.1487 3266.0 5.9397 "" "" 0.00281557802273235 0.0064903726 0.0042641126 0.010754485 15.28809515566 63.78589741137 2924.72144 -3.447 -0.8909999999999997
15.04211468463 63.88111150207 0.0361 0.0384 7.3838 "" "" 524119295841260544 2727.0564 0.3425 0.0499 -4.315 -0.223 0.044 0.056 0.996 6238.7 4.4547 16.812172 1.46501 17.457 15.991991 "" "" 2360.2207 3124.36035 3548.76997 1.962 1421.1 10.343 3179.5 19.052 "" "" 0.0028199488559368558 0.008380292 0.0075239753 0.015904266 15.04211468463 63.88111150207 2727.0564 -4.315000000000001 -0.22299999999999975
15.91215869408 64.06104324559 0.0341 0.0387 18.0746 "" "" 523490890585693056 2770.42432 0.3401 0.0476 -4.132 0.914 0.042 0.054 0.992 7380.2 3.9266 16.814178 2.689011 18.316168 15.627157 "" "" 2441.54248 3183.58789 3542.21585 2.0314 644.1 6.17 4449.3 7.6077 "" "" 0.0028247980039146393 0.010768307 0.0042107217 0.014979029 15.91215869408 64.06104324559 2770.42432 -4.132000000000001 0.9140000000000001
15.63353166447 63.73195044657 0.038 0.0432 13.9451 "" "" 523386024666607616 2944.05713 0.3363 0.0549 0.082 -1.442 0.047 0.065 0.997 6021.0 4.4213 16.81777 1.517302 17.49686 15.979558 "" "" 2538.60059 3777.82764 3530.51829 1.8589 1369.8 7.3424 3216.1 11.595 "" "" 0.002813999043254721 0.0064540426 0.005441165 0.011895208 15.63353166447 63.73195044657 2944.05713 0.08199999999999996 -1.4419999999999997
14.97905774922 63.87694584069 0.0364 0.039 9.0552 "" "" 524119364560737920 2864.27979 0.3332 0.051 -3.521 1.536 0.044 0.055 0.985 5584.3 4.3981 16.819174 1.560033 17.539114 15.979081 "" "" 2501.05273 3216.47925 3525.96179 1.8662 1317.6 7.1331 3217.6 9.2816 "" "" 0.0028146072999397195 0.006506478 0.0049084467 0.011414925 14.97905774922 63.87694584069 2864.27979 -3.521 1.536
15.54859418321 63.92894153877 0.0355 0.0422 6.3275 "" "" 523392518656982912 2481.52222 0.3937 0.051 -2.113 -0.383 0.044 0.064 0.998 8277.1 4.3226 16.819674 1.500389 17.507936 16.007547 "" "" 2157.26221 2945.52808 3524.33372 1.8083 1355.9 7.3687 3134.3 8.0939 "" "" 0.0028110723591382703 0.0065269247 0.0047058286 0.011232753 15.54859418321 63.92894153877 2481.52222 -2.1130000000000004 -0.383
15.26679006469 63.62335455333 0.0368 0.0436 17.5733 "" "" 523363652171229056 2237.26733 0.4434 0.0548 -1.691 -2.216 0.047 0.073 0.998 "" "" 16.821878 1.567482 17.547913 15.980431 "" "" 1980.1969 2545.0896 3517.18867 1.9847 1306.9 7.0536 3213.6 8.3973 "" "" 0.0028226137777534904 0.0064902916 0.004725756 0.011216048 15.26679006469 63.62335455333 2237.26733 -1.6910000000000003 -2.216
15.27348519343 64.15570935238 0.0351 0.0426 14.4395 "" "" 524152964082614528 2930.8894 0.3246 0.0498 -4.351 1.062 0.044 0.067 0.965 5372.7 4.2312 16.825686 1.833309 17.722485 15.889175 "" "" 2508.96509 3701.11255 3504.87416 1.7984 1112.8 7.6247 3495.3 6.918 "" "" 0.0028110775494136447 0.007945294 0.004347596 0.01229289 15.27348519343 64.15570935238 2930.8894 -4.351 1.0620000000000003
15.28365487806 63.90191177684 0.0361 0.042 1.0867 "" "" 523391694023275136 2472.8064 0.3704 0.0515 -2.159 -0.307 0.043 0.065 1.059 9022.8 4.4922 16.825912 1.537628 17.51475 15.977121 "" "" 2219.92432 2856.74609 3504.14068 1.871 1347.5 6.9343 3223.4 11.128 "" "" 0.002815645931594974 0.0062451917 0.0053228773 0.011568069 15.28365487806 63.90191177684 2472.8064 -2.159 -0.30699999999999994
15.61456334943 64.07139662653 0.0341 0.0423 12.3012 "" "" 523400760689953152 2108.74365 0.4526 0.0501 2.161 3.457 0.043 0.062 0.97 5066.1 4.1902 16.826696 1.725636 17.658768 15.933132 "" "" 1903.22095 2411.07349 3501.61146 1.8822 1180.1 9.8126 3356.6 9.9146 "" "" 0.002816449733851555 0.00944929 0.0049566743 0.014405964 15.61456334943 64.07139662653 2108.74365 2.1609999999999996 3.457
15.09414240446 64.1773781804 0.0359 0.0412 16.7036 "" "" 524155472343576704 2675.19727 0.3544 0.0518 -2.264 -0.58 0.043 0.065 1.04 7252.9 4.3338 16.827374 1.595508 17.574942 15.979434 "" "" 2391.44556 3074.4104 3499.43178 1.8035 1274.8 5.7257 3216.5 7.367 "" "" 0.0028115638746598307 0.0056183254 0.004524117 0.010142442 15.09414240446 64.1773781804 2675.19727 -2.264 -0.5799999999999998
15.76492475296 63.82765113979 0.0385 0.0415 13.1128 "" "" 523388292409264640 2241.34668 0.4356 0.0545 -6.383 1.383 0.047 0.056 1.01 7371.3 4.3618 16.82807 1.526686 17.536991 16.010305 "" "" 2005.90845 2486.81299 3497.18953 1.9172 1320.1 6.1534 3126.3 6.6734 "" "" 0.0028188771019732614 0.005779129 0.004433402 0.010212531 15.76492475296 63.82765113979 2241.34668 -6.383000000000001 1.383
14.92853705583 63.94623072871 0.0341 0.0399 10.2407 "" "" 524146027718569600 2601.66577 0.3778 0.0485 -2.18 -0.553 0.039 0.053 1.0 7579.5 4.3725 16.828966 1.480385 17.499144 16.018759 "" "" 2327.42529 2920.50562 3494.30145 1.7884 1367.0 6.8361 3102.1 9.0909 "" "" 0.0028107961743638753 0.006104516 0.0049404143 0.011044931 14.92853705583 63.94623072871 2601.66577 -2.1800000000000006 -0.5530000000000002
15.63631125185 63.73103123082 0.0385 0.046 14.0339 "" "" 523386020361278720 2842.35205 0.3387 0.0563 -2.244 -0.353 0.048 0.078 1.008 "" "" 16.830002 1.339333 17.417274 16.077942 "" "" 2489.18579 3308.28638 3490.97119 2.1295 1474.0 7.9593 2937.5 8.7136 "" "" 0.0028338017857568033 0.0064928373 0.004965515 0.011458352 15.63631125185 63.73103123082 2842.35205 -2.244 -0.35300000000000004
15.22274606907 63.99135270652 0.0343 0.0404 5.1007 "" "" 524144618969389696 2911.39844 0.3333 0.048 -2.271 -0.345 0.04 0.062 0.996 8502.0 4.4914 16.83039 1.494675 17.5107 16.016026 "" "" 2585.63208 3314.68286 3489.71791 1.8426 1352.5 8.4651 3109.9 6.8583 "" "" 0.0028143270462845163 0.0073459777 0.0044740154 0.011819993 15.22274606907 63.99135270652 2911.39844 -2.271 -0.34499999999999975
15.93173975196 64.03048255792 0.0357 0.0397 17.7459 "" "" 523490684427273600 2539.17798 0.3873 0.0493 -3.223 -0.894 0.043 0.054 0.94 6710.8 4.0473 16.830654 1.769579 17.691597 15.922018 "" "" 2276.02026 2863.44653 3488.87038 1.9019 1144.9 5.7567 3391.2 7.846 "" "" 0.00281817331706646 0.0061309133 0.0045380457 0.0106689595 15.93173975196 64.03048255792 2539.17798 -3.2230000000000003 -0.8940000000000002
15.38676888989 63.84212185209 0.0364 0.0455 4.846 "" "" 523390457072748928 2282.2168 0.4226 0.0542 -3.375 -1.641 0.044 0.071 0.981 7645.4 4.4085 16.83264 1.586375 17.582676 15.996301 "" "" 2067.77612 2595.11353 3482.49876 1.965 1265.7 8.0029 3166.9 8.4346 "" "" 0.0028226053205687427 0.007410355 0.00475875 0.012169105 15.38676888989 63.84212185209 2282.2168 -3.375 -1.641
15.92322121128 64.02806588535 0.0344 0.039 17.4837 "" "" 523490748843579008 2870.23193 0.3281 0.0476 -2.075 -0.387 0.041 0.054 0.949 "" "" 16.837166 1.283152 17.397045 16.113894 "" "" 2471.66284 3317.3501 3468.01338 1.6293 1501.8 8.5774 2841.8 6.8625 "" "" 0.002802138211784865 0.0067998925 0.0045997817 0.011399674 15.92322121128 64.02806588535 2870.23193 -2.075 -0.3870000000000001
14.95773734785 63.90044425979 0.0356 0.0388 9.3564 "" "" 524119566416036096 2349.55542 0.4098 0.0506 1.103 -3.808 0.043 0.053 0.982 6048.8 4.3693 16.837181 1.699833 17.613834 15.914001 "" "" 2071.83643 2654.82227 3467.96421 24.732 1229.9 26.151 3416.3 79.313 "" "" 0.008218621997439642 0.023253687 0.02548827 0.04874196 14.95773734785 63.90044425979 2349.55542 1.1029999999999998 -3.807999999999999
15.35797349998 63.82182724906 0.0371 0.0466 5.7639 "" "" 523390800670150784 2593.70776 0.3705 0.0566 -1.364 -0.161 0.045 0.068 0.979 "" "" 16.838158 1.492676 17.503164 16.010489 "" "" 2217.8811 3033.16284 3464.84561 2.1953 1361.9 6.5775 3125.8 56.317 "" "" 0.0028398970874414548 0.0059398403 0.019923273 0.025863115 15.35797349998 63.82182724906 2593.70776 -1.364 -0.1610000000000001
14.65612529994 63.90694504222 0.0373 0.0465 17.277 "" "" 524121765443296896 2598.73145 0.3955 0.0551 -5.026 -0.456 0.046 0.063 1.004 7419.1 4.3524 16.83925 1.629168 17.594938 15.965771 "" "" 2218.68823 2985.12305 3461.35651 2.1273 1251.5 11.431 3257.2 10.193 "" "" 0.00283496899172062 0.010301977 0.0050821183 0.015384096 14.65612529994 63.90694504222 2598.73145 -5.026 -0.4560000000000003
14.88385193368 63.83669295896 0.0366 0.0425 12.2283 "" "" 524121804102411136 2703.95386 0.3695 0.0516 -0.308 1.118 0.046 0.06 1.008 7290.3 4.3432 16.83941 1.477242 17.515572 16.03833 "" "" 2380.85791 3050.74634 3460.84829 1.7206 1346.4 5.1946 3046.7 8.8594 "" "" 0.002807696280518243 0.005033102 0.0049245805 0.009957682 14.88385193368 63.83669295896 2703.95386 -0.30799999999999994 1.1179999999999999
15.80147892963 63.88667886893 0.036 0.0424 13.0721 "" "" 523394374082905344 2549.41382 0.3745 0.052 -1.871 -0.476 0.044 0.06 1.052 7213.0 4.3471 16.843563 1.462271 17.507082 16.044811 "" "" 2261.63354 2912.02856 3447.63858 1.8273 1357.0 6.5712 3028.5 7.5754 "" "" 0.0028147716525480444 0.005952109 0.0046539716 0.01060608 15.80147892963 63.88667886893 2549.41382 -1.8710000000000002 -0.4760000000000001
15.47011717663 64.05501071359 0.0346 0.0402 9.3586 "" "" 523400107854896384 2516.4707 0.3718 0.0492 -3.503 0.385 0.044 0.063 1.0 7186.0 4.3435 16.846039 1.556475 17.570518 16.014044 "" "" 2246.64087 3020.61743 3439.78379 1.8753 1280.0 7.2906 3115.6 7.7655 "" "" 0.0028181838398566497 0.0067844186 0.004648331 0.01143275 15.47011717663 64.05501071359 2516.4707 -3.5030000000000006 0.385
14.99321997302 63.69932618459 0.041 0.0424 15.4611 "" "" 524115584989675520 2316.98584 0.4249 0.0571 -2.71 -0.462 0.052 0.06 1.044 8134.6 4.4039 16.848738 1.329252 17.444784 16.115532 "" "" 2025.28552 2630.05688 3431.24519 1.8549 1437.2 7.6097 2837.6 7.1748 "" "" 0.002817141622375808 0.006390099 0.0046712053 0.011061304 14.99321997302 63.69932618459 2316.98584 -2.7099999999999995 -0.4620000000000001
15.17737426714 64.03015723328 0.0455 0.0546 7.7168 "" "" 524144722048594432 2876.85571 0.3445 0.0642 -0.391 -0.658 0.055 0.083 1.342 8138.0 4.4254 16.850016 1.589775 17.559383 15.969608 "" "" 2428.96631 3408.11328 3427.20555 2.263 1293.2 8.9601 3245.7 9.8912 "" "" 0.0028470614681005077 0.008023433 0.005023107 0.01304654 15.17737426714 64.03015723328 2876.85571 -0.391 -0.658
