Clusters/Berkeley_62/Berkeley_62_stars_in_region.tsv
# %ECSV 1.0
# ---
# datatype:
# - name: RA_ICRS_1
#   unit: deg
#   datatype: float64
#   format: '{:15.11f}'
#   description: Right ascension (ICRS) at Ep=2016.0 (ra)
#   meta: !!omap
#   - {ucd: POS_EQ_RA_MAIN}
#   - {width: 15}
#   - {precision: '11'}
# - name: DE_ICRS_1
#   unit: deg
#   datatype: float64
#   format: '{:15.11f}'
#   description: Declination (ICRS) at Ep=2016.0 (dec)
#   meta: !!omap
#   - {ucd: POS_EQ_DEC_MAIN}
#   - {width: 15}
#   - {precision: '11'}
# - name: e_RA_ICRS
#   unit: mas
#   datatype: float64
#   format: '{:7.4f}'
#   description: Standard error of right ascension (ra_error)
#   meta: !!omap
#   - {ucd: ERROR}
#   - {width: 7}
#   - {precision: '4'}
# - name: e_DE_ICRS
#   unit: mas
#   datatype: float64
#   format: '{:7.4f}'
#   description: Standard error of declination (dec_error)
#   meta: !!omap
#   - {ucd: ERROR}
#   - {width: 7}
#   - {precision: '4'}
# - name: _r_1
#   unit: ''
#   datatype: float64
#   format: '{:7.4f}'
#   description: Distance from center (015.31061862000+63.91560098000)[ICRS], at Epoch=J2016.0
#   meta: !!omap
#   - {ucd: POS_ANG_DIST_GENERAL}
#   - {width: 7}
#   - {precision: '4'}
# - name: HIP
#   datatype: int32
#   description: '? HIP cross-id number, van Leeuwen, Cat. I/311 (hip_original_ext_source_id)'
#   meta: !!omap
#   - {ucd: ID_NUMBER}
#   - {width: 6}
#   - values: {'null': -2147483648}
# - name: TYC2
#   datatype: string
#   description: Tycho-2 cross-id name, Hog et al., Cat. I/259 (tyc2_original_ext_source_id)
#   meta: !!omap
#   - {ucd: ID_CROSSID}
#   - {_votable_string_dtype: char}
# - name: Source
#   datatype: int64
#   description: Source identifier, identical to the Gaia-EDR3 source_id (id)
#   meta: !!omap
#   - {ucd: ID_MAIN}
#   - {width: 19}
# - name: rgeo
#   unit: pc
#   datatype: float64
#   format: '{:15.8f}'
#   description: '? Median of the geometric distance posterior (r_med_geo)'
#   meta: !!omap
#   - {ucd: PHYS_DISTANCE_TRUE}
#   - {width: 15}
#   - {precision: '8'}
#   - values: {'null': .nan}
# - name: Plx
#   unit: mas
#   datatype: float64
#   format: '{:9.4f}'
#   description: '? Parallax (parallax)'
#   meta: !!omap
#   - {ucd: POS_PARLX_TRIG}
#   - {width: 9}
#   - {precision: '4'}
#   - values: {'null': .nan}
# - name: e_Plx
#   unit: mas
#   datatype: float32
#   format: '{:7.4f}'
#   description: '? Standard error of parallax (parallax_error)'
#   meta: !!omap
#   - {ucd: ERROR}
#   - {width: 7}
#   - {precision: '4'}
#   - values: {'null': .nan}
# - name: pmRA
#   unit: mas / yr
#   datatype: float64
#   format: '{:9.3f}'
#   description: '? Proper motion in right ascension direction, pmRA*cosDE (pmra)'
#   meta: !!omap
#   - {ucd: POS_EQ_PMRA}
#   - {width: 9}
#   - {precision: '3'}
#   - values: {'null': .nan}
# - name: pmDE
#   unit: mas / yr
#   datatype: float64
#   format: '{:9.3f}'
#   description: '? Proper motion in declination direction (pmdec)'
#   meta: !!omap
#   - {ucd: POS_EQ_PMDEC}
#   - {width: 9}
#   - {precision: '3'}
#   - values: {'null': .nan}
# - name: e_pmRA
#   unit: mas / yr
#   datatype: float32
#   format: '{:6.3f}'
#   description: '? Standard error of proper motion in right ascension direction (pmra_error)'
#   meta: !!omap
#   - {ucd: ERROR}
#   - {width: 6}
#   - {precision: '3'}
#   - values: {'null': .nan}
# - name: e_pmDE
[...]
#         unit: &id001 !astropy.units.Unit {unit: deg}
#         value: !astropy.table.SerializedColumn {name: SkyCoord.dec}
#       distance: !astropy.table.SerializedColumn
#         __class__: astropy.coordinates.distances.Distance
#         unit: !astropy.units.Unit {unit: pc}
#         value: !astropy.table.SerializedColumn {name: SkyCoord.distance}
#       frame: icrs
#       obstime: !astropy.time.Time {format: jyear_str, in_subfmt: '*', jd1: 367701545.0, jd2: 0.0, out_subfmt: '*', precision: 3, scale: tt}
#       pm_dec: !astropy.table.SerializedColumn
#         __class__: astropy.units.quantity.Quantity
#         unit: !astropy.units.Unit {unit: mas / yr}
#         value: !astropy.table.SerializedColumn {name: SkyCoord.pm_dec}
#       pm_ra_cosdec: !astropy.table.SerializedColumn
#         __class__: astropy.units.quantity.Quantity
#         unit: !astropy.units.Unit {unit: mas / yr}
#         value: !astropy.table.SerializedColumn {name: SkyCoord.pm_ra_cosdec}
#       ra: !astropy.table.SerializedColumn
#         __class__: astropy.coordinates.angles.Longitude
#         unit: *id001
#         value: !astropy.table.SerializedColumn {name: SkyCoord.ra}
#         wrap_angle: !astropy.coordinates.Angle
#           unit: *id001
#           value: 360.0
#       representation_type: spherical
# schema: astropy-2.0
RA_ICRS_1 DE_ICRS_1 e_RA_ICRS e_DE_ICRS _r_1 HIP TYC2 Source rgeo Plx e_Plx pmRA pmDE e_pmRA e_pmDE RUWE Teff logg Gmag BP-RP BPmag RPmag RV e_RV b_rgeo B_rgeo FG e_FG FBP e_FBP FRP e_FRP RAVE5 RAVE6 e_Gmag e_BPmag e_RPmag e_BP-RP SkyCoord.ra SkyCoord.dec SkyCoord.distance SkyCoord.pm_ra_cosdec SkyCoord.pm_dec
[from data line 81]
16.00374708632 63.86310971347 0.0112 0.0128 18.5719 "" "" 523382519973194752 2530.61304 0.3608 0.0164 -1.611 -2.053 0.014 0.017 1.098 5943.8 2.8028 14.325066 2.051032 15.369096 13.318064 -25.01 1.89 2438.6001 2625.98022 35068.76501 7.8796 9722.5 12.573 37319.0 15.43 "" "" 0.0027660988718794426 0.0031235283 0.0038059491 0.0069294777 16.00374708632 63.86310971347 2530.61304 -1.6109999999999995 -2.053
15.32751448716 64.13141650433 0.0104 0.0124 12.9565 "" "" 524152659148134656 2925.6145 0.3061 0.0151 -3.131 -1.505 0.013 0.018 0.984 "" "" 14.332473 2.074051 15.390534 13.316484 -49.35 1.41 2803.6792 3080.11157 34830.33633 7.8661 9532.4 9.514 37374.0 14.271 "" "" 0.002766209320341596 0.0029932132 0.0038020527 0.0067952657 15.32751448716 64.13141650433 2925.6145 -3.1310000000000002 -1.505
15.81558888883 64.10377185382 0.0107 0.0124 17.4285 "" "" 523491917074750208 2601.86816 0.3529 0.0156 0.138 0.614 0.013 0.016 1.029 4893.3 2.7332 14.343124 2.135403 15.446788 13.311385 -26.0 1.93 2497.46777 2706.3999 34490.31462 7.428 9051.1 11.945 37549.0 17.477 "" "" 0.0027652243255780265 0.0031365883 0.0038130179 0.0069496064 15.81558888883 64.10377185382 2601.86816 0.13800000000000004 0.6140000000000001
15.24427285566 63.68355417359 0.0112 0.013 14.0333 "" "" 523364996505710208 2955.67139 0.3079 0.0164 -2.7 -0.454 0.015 0.02 0.991 15373.9 4.0104 14.350406 1.021605 14.765052 13.743447 "" "" 2835.61108 3073.93896 34259.76389 29.796 16959.0 54.785 25222.0 66.613 "" "" 0.0029126349240231543 0.004481844 0.0047440804 0.0092259245 15.24427285566 63.68355417359 2955.67139 -2.7 -0.45399999999999985
14.7079455583 63.78994008368 0.0117 0.0138 17.6287 "" "" 524120704590607104 2594.55737 0.3545 0.0172 -2.333 -0.369 0.015 0.018 1.024 11798.6 3.7492 14.35407 0.835829 14.681479 13.84565 "" "" 2489.64355 2722.34692 34144.33697 7.1473 18316.0 17.748 22956.0 18.219 "" "" 0.002764677624263118 0.0029819275 0.0038763697 0.006858297 14.7079455583 63.78994008368 2594.55737 -2.3329999999999997 -0.3690000000000002
14.85385661353 64.12821546234 0.0111 0.0129 17.5169 "" "" 524149906066506240 2639.99414 0.3454 0.0164 -1.682 -0.26 0.014 0.017 1.051 5181.8 2.4988 14.375587 2.126553 15.471044 13.34449 -35.47 1.96 2535.61182 2769.125 33474.32207 8.4179 8851.1 10.719 36422.0 21.812 "" "" 0.002768815057015446 0.0030844642 0.003834906 0.00691937 14.85385661353 64.12821546234 2639.99414 -1.6820000000000002 -0.26
15.77738540597 63.98977064554 0.0113 0.0124 13.0782 "" "" 523397255996518784 2824.18921 0.3205 0.0163 -2.37 -0.286 0.014 0.016 1.006 15005.1 4.0426 14.395494 0.94373 14.772413 13.828683 "" "" 2708.12695 2977.3728 32866.1882 25.047 16844.0 48.761 23318.0 54.035 "" "" 0.0028768781774694417 0.0042028357 0.0045402544 0.008743091 15.77738540597 63.98977064554 2824.18921 -2.3699999999999997 -0.28600000000000025
15.05056132055 64.13408917327 0.0107 0.0131 14.7837 "" "" 524154823811646080 2431.3479 0.38 0.0158 -2.531 -1.18 0.013 0.019 0.99 6094.4 2.9858 14.406047 1.67392 15.199859 13.525939 -38.49 7.13 2345.70068 2533.83374 32548.28311 6.4097 11362.0 12.709 30816.0 14.817 "" "" 0.0027636036910135427 0.003043016 0.0038152665 0.0068582827 15.05056132055 64.13408917327 2431.3479 -2.5310000000000006 -1.1800000000000002
15.2498112078 63.63447136966 0.0121 0.0144 16.9446 "" "" 523364412390179712 2194.71948 0.423 0.0183 -5.747 -0.306 0.015 0.021 1.004 5425.0 2.7895 14.418992 2.039138 15.457769 13.418632 -49.43 1.72 2117.74707 2264.04956 32162.50358 7.851 8960.0 15.815 34018.0 26.284 "" "" 0.0027680375227713576 0.0033849115 0.0038713652 0.007256277 15.2498112078 63.63447136966 2194.71948 -5.746999999999999 -0.3059999999999998
15.35683163297 63.97366229668 0.0131 0.0232 3.6904 "" "" 523393789967263872 2938.88843 0.3087 0.0214 -2.028 -0.504 0.016 0.034 1.135 "" "" 14.419468 "" "" "" "" "" 2767.92041 3120.68091 32148.4273 17.685 "" "" "" "" "" "" 0.0028193118037733557 "" "" "" 15.35683163297 63.97366229668 2938.88843 -2.028 -0.504
15.16803164208 63.92235084413 0.0114 0.0132 3.783 "" "" 524142454305885696 2180.3374 0.4217 0.0163 -2.738 -1.502 0.014 0.018 0.997 "" "" 14.424986 2.02427 15.450963 13.426693 -73.74 2.1 2116.92358 2245.54419 31985.45275 7.1503 9016.4 9.8615 33766.0 16.813 "" "" 0.0027659898449095065 0.0030323602 0.0038178521 0.0068502123 15.16803164208 63.92235084413 2180.3374 -2.738 -1.5019999999999998
15.14300526101 64.15541383871 0.0123 0.0135 15.0474 "" "" 524152349910479104 2769.29321 0.3309 0.0169 -1.435 0.446 0.015 0.02 1.055 7215.7 3.0956 14.454269 1.578644 15.185735 13.607091 -59.55 7.6 2633.73096 2927.78394 31134.3042 14.719 11511.0 20.754 28597.0 35.755 "" "" 0.0028027231041665547 0.00340838 0.004015786 0.0074241664 15.14300526101 64.15541383871 2769.29321 -1.435 0.446
15.2867497736 63.95943941784 0.0121 0.0138 2.7045 "" "" 524143966134421248 2524.51855 0.3623 0.0174 -2.17 -0.437 0.014 0.02 0.976 9888.9 3.8532 14.466595 1.159968 14.957432 13.797463 "" "" 2420.9353 2636.17529 30782.85548 6.7593 14205.0 11.789 23998.0 16.159 "" "" 0.002765615087636016 0.0029320607 0.003849442 0.0067815026 15.2867497736 63.95943941784 2524.51855 -2.17 -0.43699999999999994
15.31600170149 63.88533656002 0.0116 0.0137 1.8214 "" "" 523391625303813504 2889.46289 0.3208 0.017 -2.177 -0.357 0.014 0.019 0.968 10653.6 3.8642 14.485086 1.130096 14.95783 13.827734 "" "" 2723.75513 3043.91748 30263.0367 6.2034 14200.0 12.694 23338.0 14.613 "" "" 0.0027642939599817245 0.0029541645 0.0038400383 0.006794203 15.31600170149 63.88533656002 2889.46289 -2.1770000000000005 -0.3569999999999998
15.20749922309 64.14935977388 0.0113 0.0136 14.2848 "" "" 524152178111789696 2203.3584 0.4292 0.0165 -2.129 -0.59 0.014 0.019 0.962 9323.1 3.6027 14.501701 1.05847 14.937142 13.878673 "" "" 2121.48145 2278.3269 29803.4238 7.4759 14473.0 19.262 22268.0 17.201 "" "" 0.002768747362394171 0.0031421436 0.0038713193 0.007013463 15.20749922309 64.14935977388 2203.3584 -2.1290000000000004 -0.5900000000000001
14.79561031891 63.94647608347 0.017 0.0204 13.705 "" "" 524123590808492032 2474.57446 0.3858 0.0254 -2.086 -1.438 0.021 0.026 1.607 9168.2 3.3981 14.503532 1.095248 14.95724 13.861992 "" "" 2300.78735 2655.94067 29753.21898 6.296 14208.0 15.354 22613.0 12.081 "" "" 0.0027648823405052488 0.003026831 0.0038236359 0.006850467 14.79561031891 63.94647608347 2474.57446 -2.086 -1.4379999999999997
15.26700899114 63.9782868304 0.0121 0.0141 3.9328 "" "" 524144344091486464 2621.96118 0.3535 0.0173 -2.197 -0.629 0.014 0.02 1.103 11674.4 3.9269 14.506332 1.084181 14.956506 13.872325 "" "" 2481.06519 2727.22485 29676.5886 13.268 14217.0 29.646 22399.0 29.162 "" "" 0.0027977526581941027 0.003593172 0.0040350794 0.0076282513 15.26700899114 63.9782868304 2621.96118 -2.197 -0.6290000000000002
15.29419968273 63.83326678678 0.0119 0.0138 4.9591 "" "" 523391041188304256 2322.61426 0.3959 0.0178 -3.541 -0.62 0.014 0.02 1.005 "" "" 14.555918 1.155722 15.0432 13.887479 "" "" 2215.2041 2430.7229 28351.72599 5.0717 13126.0 12.626 22089.0 19.376 "" "" 0.002762157052433497 0.0029792236 0.003897533 0.0068767564 15.29419968273 63.83326678678 2322.61426 -3.5410000000000004 -0.6200000000000001
14.70911511477 63.84345412175 0.0121 0.0147 16.4681 "" "" 524121254346365696 2842.26221 0.3195 0.0179 -2.783 -0.396 0.015 0.018 0.972 11840.7 4.1916 14.561902 0.913522 14.924134 14.010613 "" "" 2730.25195 2990.04248 28195.90841 19.474 14647.0 41.551 19720.0 33.812 "" "" 0.002855540866559053 0.004155927 0.004212993 0.008368921 14.70911511477 63.84345412175 2842.26221 -2.7830000000000004 -0.3960000000000002
15.64518504741 64.01926098804 0.0119 0.0136 10.7843 "" "" 523397569538463616 2650.62866 0.346 0.0177 -2.254 -0.341 0.016 0.019 1.043 10569.0 3.8684 14.582856 1.161089 15.071821 13.910732 "" "" 2550.87378 2772.3772 27656.95467 5.5073 12785.0 12.289 21620.0 17.35 "" "" 0.002763789515263216 0.002978956 0.0038785168 0.006857473 15.64518504741 64.01926098804 2650.62866 -2.2540000000000004 -0.3410000000000002
14.80725506904 63.87187089305 0.0127 0.0143 13.5464 "" "" 524122113339803776 2780.6394 0.3226 0.0186 -4.668 -0.466 0.015 0.018 0.982 "" "" 14.592567 2.13109 15.691507 13.560417 -77.68 2.62 2656.69092 2966.37695 27410.70989 6.729 7224.6 10.356 29853.0 15.833 "" "" 0.002768181787848723 0.0031948742 0.0038229981 0.0070178723 14.80725506904 63.87187089305 2780.6394 -4.668 -0.46599999999999997
15.24667157455 63.76641601606 0.0128 0.0146 9.1095 "" "" 523367264248820096 2304.24512 0.3978 0.0191 -2.985 2.517 0.017 0.022 1.101 "" "" 14.611495 2.084754 15.681024 13.59627 -40.88 2.16 2196.45825 2435.47754 26936.97681 6.6924 7294.7 9.8295 28884.0 17.889 "" "" 0.0027684929267569143 0.0031504692 0.003838737 0.006989206 15.24667157455 63.76641601606 2304.24512 -2.9850000000000003 2.517
15.35113960019 64.18927750007 0.012 0.0145 16.455 "" "" 524153243263668096 2699.14844 0.3318 0.0178 -0.708 -0.542 0.015 0.021 0.983 4672.9 2.4884 14.62802 2.29749 15.846755 13.549265 -49.44 1.85 2582.85229 2834.2561 26530.08545 6.72 6262.0 10.307 30161.0 17.816 "" "" 0.0027690110409938707 0.0033134115 0.0038334117 0.007146823 15.35113960019 64.18927750007 2699.14844 -0.7080000000000001 -0.5419999999999999
15.20585805091 63.89610444423 0.0127 0.0144 3.002 "" "" 524142213787721216 2228.75488 0.4232 0.0181 -1.037 -0.054 0.016 0.021 0.94 7856.8 3.5529 14.634335 1.19834 15.143069 13.944729 "" "" 2156.44653 2337.09741 26376.2321 5.036 11973.0 13.203 20954.0 16.18 "" "" 0.0027631073614574285 0.0030362008 0.003871252 0.006907453 15.20585805091 63.89610444423 2228.75488 -1.0370000000000001 -0.05399999999999998
15.92522784791 63.92303028411 0.0123 0.0138 16.2183 "" "" 523384375399012736 2688.82251 0.3385 0.0178 -1.912 0.987 0.015 0.018 1.041 4945.1 2.2543 14.636053 2.116387 15.724897 13.60851 -62.68 2.37 2564.50024 2785.74634 26334.52047 6.0653 7005.8 8.7966 28560.0 15.202 "" "" 0.002766644431797422 0.0031054064 0.0038233122 0.0069287186 15.92522784791 63.92303028411 2688.82251 -1.912 0.9869999999999999
15.9390733982 64.01230750416 0.0115 0.0134 17.5386 "" "" 523396847983971328 2816.13086 0.3303 0.0171 -2.589 -0.272 0.014 0.018 0.982 11224.2 3.5971 14.642259 0.991828 15.043473 14.051645 "" "" 2659.43164 2949.27539 26184.43393 4.9361 13123.0 11.096 18989.0 12.182 "" "" 0.002762911744430319 0.002937317 0.0038430304 0.0067803473 15.9390733982 64.01230750416 2816.13086 -2.5889999999999995 -0.27199999999999996
15.03716281945 64.10673171658 0.0123 0.0147 13.5352 "" "" 524148913936656128 2942.69434 0.3063 0.0179 -0.566 0.47 0.015 0.021 1.045 5236.3 3.1128 14.643292 2.090527 15.715658 13.625131 -75.52 2.45 2807.71924 3136.96313 26159.52389 6.7424 7065.7 9.9612 28126.0 13.336 "" "" 0.0027694944551599505 0.0031824503 0.0038142824 0.0069967327 15.03716281945 64.10673171658 2942.69434 -0.566 0.46999999999999986
14.86705951554 64.05383166684 0.0121 0.0149 14.3194 "" "" 524147058510689792 2673.53809 0.3365 0.0182 0.366 -0.494 0.015 0.019 1.022 5479.2 2.5937 14.656636 2.177721 15.789493 13.611772 -20.45 2.57 2552.75928 2813.49878 25839.99143 6.7097 6601.2 11.027 28474.0 18.667 "" "" 0.0027697060574689114 0.0033278305 0.0038458249 0.0071736556 14.86705951554 64.05383166684 2673.53809 0.366 -0.494
15.67079075252 63.7169770245 0.0136 0.0149 15.2627 "" "" 523385955947145472 2162.87573 0.439 0.0198 -0.664 -1.845 0.017 0.021 1.023 8907.6 3.9328 14.673468 1.170432 15.169961 13.999529 "" "" 2078.89844 2260.5752 25442.50576 5.073 11680.0 15.256 19923.0 15.788 "" "" 0.002763811765338848 0.0031298876 0.003876081 0.0070059686 15.67079075252 63.7169770245 2162.87573 -0.6640000000000001 -1.8450000000000004
15.60324885894 63.95077847017 0.0124 0.0153 7.9987 "" "" 523395507954206720 2120.59277 0.4387 0.018 -1.923 -1.279 0.016 0.022 1.08 9755.6 3.9215 14.676705 1.034467 15.100591 14.066124 "" "" 2038.56824 2203.53271 25366.73522 4.7551 12450.0 11.204 18737.0 13.329 "" "" 0.0027628268372131047 0.0029563024 0.0038574957 0.006813798 15.60324885894 63.95077847017 2120.59277 -1.9229999999999998 -1.279
15.23163839802 63.93348654546 0.0127 0.0155 2.3432 "" "" 524143863055156224 2659.96313 0.3448 0.0182 -2.243 -0.511 0.015 0.021 1.079 9756.0 3.9951 14.686953 1.243218 15.219928 13.976709 "" "" 2529.59814 2791.86011 25128.43956 5.4353 11154.0 10.536 20346.0 13.351 "" "" 0.0027653104385330207 0.002972686 0.003845949 0.006818635 15.23163839802 63.93348654546 2659.96313 -2.2429999999999994 -0.511
15.53547062305 63.89534747195 0.0961 0.1087 6.0573 "" "" 523392312498581760 2747.93311 0.4079 0.1355 -1.282 -0.553 0.118 0.15 7.035 10363.7 3.4592 14.707502 1.025836 15.10362 14.077784 "" "" 2036.51111 4105.19482 24657.31851 24.316 12416.0 14.078 18537.0 13.305 "" "" 0.0029560451001841444 0.0030496866 0.0038588888 0.006908575 15.53547062305 63.89534747195 2747.93311 -1.282 -0.5530000000000002
15.19905573661 64.15245457462 0.0132 0.0147 14.5103 "" "" 524152281191004032 2749.32227 0.3293 0.0188 -1.036 0.273 0.016 0.021 1.034 5827.5 2.7745 14.710417 2.019494 15.732231 13.712737 -58.44 3.9 2619.60645 2907.19458 24591.22224 5.5288 6958.6 8.7158 25946.0 18.537 "" "" 0.002766112111768182 0.0031039328 0.003858165 0.0069620977 15.19905573661 64.15245457462 2749.32227 -1.0359999999999998 0.273
15.46094157339 63.8907258948 0.0134 0.0157 4.239 "" "" 523392175059629440 2774.95728 0.3254 0.0193 2.649 -0.85 0.016 0.022 1.055 "" "" 14.761338 2.152945 15.871017 13.718072 -21.25 2.52 2629.04272 2955.37988 23464.5176 6.0907 6123.6 12.817 25818.0 24.186 "" "" 0.002769695809487009 0.003598514 0.003913851 0.007512365 15.46094157339 63.8907258948 2774.95728 2.649 -0.8500000000000001
15.65808314715 63.99182587957 0.0126 0.0147 10.2331 "" "" 523396092069732736 2488.05908 0.3694 0.0183 -2.209 -0.257 0.015 0.02 0.998 11654.2 3.9934 14.762243 1.024733 15.183016 14.158283 "" "" 2380.25171 2620.35278 23444.9555 4.7925 11540.0 12.073 17213.0 14.471 "" "" 0.0027642443982566632 0.0030125205 0.0038880452 0.0069005657 15.65808314715 63.99182587957 2488.05908 -2.2090000000000005 -0.25699999999999995
14.98846093724 63.92837950043 0.0136 0.0142 8.5316 "" "" 524143072781072768 2426.70239 0.3841 0.0187 -2.182 -0.468 0.016 0.019 0.982 10375.1 3.9308 14.770534 1.026582 15.191443 14.164862 "" "" 2314.48022 2519.91919 23266.62904 4.7709 11451.0 11.209 17109.0 11.261 "" "" 0.0027643001318215467 0.0029857282 0.0038463506 0.006832079 14.98846093724 63.92837950043 2426.70239 -2.1820000000000004 -0.468
15.08081524251 63.94681523888 0.0131 0.0149 6.3421 "" "" 524143347659076736 2477.93359 0.3714 0.0191 0.698 -2.806 0.015 0.02 1.053 4811.4 3.0515 14.785242 2.192441 15.930626 13.738185 -18.3 2.27 2369.55688 2634.10083 22953.56227 5.9536 5796.5 8.4592 25345.0 12.132 "" "" 0.0027696742969569484 0.0032086815 0.0038149483 0.0070236297 15.08081524251 63.94681523888 2477.93359 0.698 -2.806
15.27794619408 63.92966177093 0.0133 0.0154 1.206 "" "" 523393205851740288 2942.09766 0.3125 0.0189 -2.124 -0.38 0.016 0.022 0.971 12421.9 4.1179 14.811368 1.102563 15.269107 14.166544 "" "" 2789.38379 3124.86035 22407.82602 12.497 10660.0 17.057 17082.0 33.737 "" "" 0.002821071955715297 0.0032868206 0.0043453295 0.0076321503 15.27794619408 63.92966177093 2942.09766 -2.124 -0.3799999999999999
15.90477164707 63.90924874577 0.0143 0.0163 15.6811 "" "" 523382897930274688 2343.35864 0.4011 0.0207 -0.92 -1.272 0.017 0.02 1.057 "" "" 14.84106 1.266851 15.392576 14.125725 "" "" 2224.5769 2459.75879 21803.32486 4.8051 9514.5 13.38 17737.0 15.9 "" "" 0.0027656904538586077 0.003180613 0.0039026935 0.0070833066 15.90477164707 63.90924874577 2343.35864 -0.92 -1.2719999999999998
15.70272884376 63.96591564758 0.0137 0.0152 10.7671 "" "" 523395782832107904 2520.88574 0.3683 0.019 -0.767 -1.142 0.017 0.02 1.061 9478.3 4.116 14.862284 1.275495 15.413232 14.137737 "" "" 2417.9834 2636.27295 21381.26199 4.1376 9335.2 13.903 17541.0 11.85 "" "" 0.0027633194066870163 0.0032248609 0.0038498987 0.0070747593 15.70272884376 63.96591564758 2520.88574 -0.7670000000000001 -1.1420000000000001
