Clusters/IC_1805/IC_1805_stars_in_region.tsv
# %ECSV 1.0
# ---
# datatype:
# - name: RA_ICRS_1
#   unit: deg
#   datatype: float64
#   format: '{:15.11f}'
#   description: Right ascension (ICRS) at Ep=2016.0 (ra)
#   meta: !!omap
#   - {ucd: POS_EQ_RA_MAIN}
#   - {width: 15}
#   - {precision: '11'}
# - name: DE_ICRS_1
#   unit: deg
#   datatype: float64
#   format: '{:15.11f}'
#   description: Declination (ICRS) at Ep=2016.0 (dec)
#   meta: !!omap
#   - {ucd: POS_EQ_DEC_MAIN}
#   - {width: 15}
#   - {precision: '11'}
# - name: e_RA_ICRS
#   unit: mas
#   datatype: float64
#   format: '{:7.4f}'
#   description: Standard error of right ascension (ra_error)
#   meta: !!omap
#   - {ucd: ERROR}
#   - {width: 7}
#   - {precision: '4'}
# - name: e_DE_ICRS
#   unit: mas
#   datatype: float64
#   format: '{:7.4f}'
#   description: Standard error of declination (dec_error)
#   meta: !!omap
#   - {ucd: ERROR}
#   - {width: 7}
#   - {precision: '4'}
# - name: _r_1
#   unit: ''
#   datatype: float64
#   format: '{:7.4f}'
#   description: Distance from center (038.25481723000+61.48419856000)[ICRS], at Epoch=J2016.0
#   meta: !!omap
#   - {ucd: POS_ANG_DIST_GENERAL}
#   - {width: 7}
#   - {precision: '4'}
# - name: HIP
#   datatype: int32
#   description: '? HIP cross-id number, van Leeuwen, Cat. I/311 (hip_original_ext_source_id)'
#   meta: !!omap
#   - {ucd: ID_NUMBER}
#   - {width: 6}
#   - values: {'null': -2147483648}
# - name: TYC2
#   datatype: string
#   description: Tycho-2 cross-id name, Hog et al., Cat. I/259 (tyc2_original_ext_source_id)
#   meta: !!omap
#   - {ucd: ID_CROSSID}
#   - {_votable_string_dtype: char}
# - name: Source
#   datatype: int64
#   description: Source identifier, identical to the Gaia-EDR3 source_id (id)
#   meta: !!omap
#   - {ucd: ID_MAIN}
#   - {width: 19}
# - name: rgeo
#   unit: pc
#   datatype: float64
#   format: '{:15.8f}'
#   description: '? Median of the geometric distance posterior (r_med_geo)'
#   meta: !!omap
#   - {ucd: PHYS_DISTANCE_TRUE}
#   - {width: 15}
#   - {precision: '8'}
#   - values: {'null': .nan}
# - name: Plx
#   unit: mas
#   datatype: float64
#   format: '{:9.4f}'
#   description: '? Parallax (parallax)'
#   meta: !!omap
#   - {ucd: POS_PARLX_TRIG}
#   - {width: 9}
#   - {precision: '4'}
#   - values: {'null': .nan}
# - name: e_Plx
#   unit: mas
#   datatype: float32
#   format: '{:7.4f}'
#   description: '? Standard error of parallax (parallax_error)'
#   meta: !!omap
#   - {ucd: ERROR}
#   - {width: 7}
#   - {precision: '4'}
#   - values: {'null': .nan}
# - name: pmRA
#   unit: mas / yr
#   datatype: float64
#   format: '{:9.3f}'
#   description: '? Proper motion in right ascension direction, pmRA*cosDE (pmra)'
#   meta: !!omap
#   - {ucd: POS_EQ_PMRA}
#   - {width: 9}
#   - {precision: '3'}
#   - values: {'null': .nan}
# - name: pmDE
#   unit: mas / yr
#   datatype: float64
#   format: '{:9.3f}'
#   description: '? Proper motion in declination direction (pmdec)'
#   meta: !!omap
#   - {ucd: POS_EQ_PMDEC}
#   - {width: 9}
#   - {precision: '3'}
#   - values: {'null': .nan}
# - name: e_pmRA
#   unit: mas / yr
#   datatype: float32
#   format: '{:6.3f}'
#   description: '? Standard error of proper motion in right ascension direction (pmra_error)'
#   meta: !!omap
#   - {ucd: ERROR}
#   - {width: 6}
#   - {precision: '3'}
#   - values: {'null': .nan}
# - name: e_pmDE
[...]
#         value: !astropy.table.SerializedColumn {name: SkyCoord.dec}
#       distance: !astropy.table.SerializedColumn
#         __class__: astropy.coordinates.distances.Distance
#         unit: !astropy.units.Unit {unit: pc}
#         value: !astropy.table.SerializedColumn {name: SkyCoord.distance}
#       frame: icrs
#       obstime: !astropy.time.Time {format: jyear_str, in_subfmt: '*', jd1: 367701545.0, jd2: 0.0, out_subfmt: '*', precision: 3, scale: tt}
#       pm_dec: !astropy.table.SerializedColumn
#         __class__: astropy.units.quantity.Quantity
#         unit: !astropy.units.Unit {unit: mas / yr}
#         value: !astropy.table.SerializedColumn {name: SkyCoord.pm_dec}
#       pm_ra_cosdec: !astropy.table.SerializedColumn
#         __class__: astropy.units.quantity.Quantity
#         unit: !astropy.units.Unit {unit: mas / yr}
#         value: !astropy.table.SerializedColumn {name: SkyCoord.pm_ra_cosdec}
#       ra: !astropy.table.SerializedColumn
#         __class__: astropy.coordinates.angles.Longitude
#         unit: *id001
#         value: !astropy.table.SerializedColumn {name: SkyCoord.ra}
#         wrap_angle: !astropy.coordinates.Angle
#           unit: *id001
#           value: 360.0
#       representation_type: spherical
# schema: astropy-2.0
RA_ICRS_1 DE_ICRS_1 e_RA_ICRS e_DE_ICRS _r_1 HIP TYC2 Source rgeo Plx e_Plx pmRA pmDE e_pmRA e_pmDE RUWE Teff logg Gmag BP-RP BPmag RPmag RV e_RV b_rgeo B_rgeo FG e_FG FBP e_FBP FRP e_FRP RAVE5 RAVE6 e_Gmag e_BPmag e_RPmag e_BP-RP SkyCoord.ra SkyCoord.dec SkyCoord.distance SkyCoord.pm_ra_cosdec SkyCoord.pm_dec rmRA rmDE e_rmRA e_rmDE rRV e_rRV v_pec v_pec3d e_vpec e_vpec3d
[from data line 658]
37.80945983173 61.41878114729 0.03 0.0409 13.3598 "" "" 465530444366366464 2270.75366 0.4023 0.0533 2.345 -2.222 0.05 0.061 0.964 "" "" 16.711826 2.304038 17.931591 15.627553 "" "" 1996.48267 2619.85449 3892.38842 1.8572 917.87 6.8969 4447.7 8.2806 "" "" 0.0028035975427845266 0.008622187 0.004285995 0.012908182 37.80945983173 61.41878114729 2270.75366 2.3449999999999998 -2.2219999999999995 3.058486135005951 -1.4649860830307007 0.16854335 0.17954336 "" "" 36.50119935220043 "" 6.22892807157461 ""
38.37997355738 61.49016596495 0.0335 0.0452 3.6025 "" "" 465534223928385152 2190.43213 0.4261 0.0574 -0.296 -0.588 0.061 0.064 1.073 8213.0 3.993 16.717764 2.365422 17.972345 15.606923 "" "" 1882.80896 2484.72192 3871.15891 5.0332 884.05 6.7109 4533.0 17.322 "" "" 0.0030958922948819277 0.008701393 0.005612253 0.014313647 38.37997355738 61.49016596495 2190.43213 -0.29600000000000015 -0.5880000000000007 0.41748613500595094 0.16901391696929935 0.17954336 0.18254337 "" "" 4.676347294350167 "" 0.8415967556834194 ""
38.21598606453 61.36919382072 0.0304 0.039 6.9897 "" "" 465527455069130624 2152.97485 0.441 0.0531 -2.512 -0.102 0.053 0.055 0.976 8783.8 4.127 16.71777 1.975312 17.701935 15.726623 "" "" 1951.99939 2451.5813 3871.1397 1.9233 1134.1 9.2815 4059.8 9.3098 "" "" 0.002807627221500153 0.009313459 0.004525782 0.013839241 38.21598606453 61.36919382072 2152.97485 -2.5120000000000005 -0.10200000000000264 -1.798513864994049 0.6550139169692993 0.17154336 0.17354336 "" "" 19.533360944453335 "" 3.3554168616839446 ""
38.91870630708 61.50633086624 0.0302 0.0395 19.056 "" "" 465860469651283456 2441.1228 0.3852 0.0518 -4.877 3.418 0.049 0.053 0.963 9462.3 4.0897 16.720213 1.954738 17.69441 15.739673 "" "" 2131.15308 2737.9043 3862.43574 1.8727 1142.0 8.6442 4011.3 8.7029 "" "" 0.002805157024544678 0.008679045 0.004453383 0.013132429 38.91870630708 61.50633086624 2441.1228 -4.876999999999999 3.418000000000003 -4.163513864994049 4.1750139169692995 0.16754335 0.17154336 "" "" 68.22487740625067 "" 11.568255776778797 ""
37.7052280539 61.7117093567 0.0285 0.0365 20.7931 "" "" 465550441733883392 2455.35083 0.3848 0.0557 0.181 -1.464 0.055 0.058 0.981 9358.2 4.1976 16.720676 1.541488 17.429018 15.88753 "" "" 2156.16187 2830.8313 3860.79169 1.5819 1458.2 6.5805 3500.6 7.8345 "" "" 0.002791002170652223 0.005638416 0.0044931355 0.010131551 37.7052280539 61.7117093567 2455.35083 0.18099999999999994 -1.464 0.894486135005951 -0.7069860830307007 0.17354336 0.17654335 "" "" 13.26944246983948 "" 2.3182109640001483 ""
37.90150670338 61.59950866057 0.0303 0.0406 12.2436 "" "" 465545287773205376 1968.8678 0.4788 0.0549 -0.886 -0.597 0.054 0.068 1.035 "" "" 16.722036 2.100443 17.789398 15.688955 "" "" 1742.54553 2153.09375 3855.95839 2.4125 1046.3 7.2378 4203.2 7.9807 "" "" 0.0028378218531278213 0.008012125 0.0043050605 0.012317186 37.90150670338 61.59950866057 1968.8678 -0.8859999999999999 -0.5969999999999998 -0.17251386499404908 0.16001391696929934 0.17254336 0.18654336 "" "" 2.1959096190916454 "" 0.3934057039734114 ""
37.7510454368 61.31855334353 0.0336 0.0429 17.5531 "" "" 465506392548828288 2009.27185 0.4861 0.0586 -1.176 0.001 0.056 0.063 0.935 9431.8 4.1552 16.722105 1.573585 17.447374 15.87379 "" "" 1803.33203 2348.19556 3855.71268 1.9399 1433.7 7.3029 3545.2 8.383 "" "" 0.0028089479886946036 0.0061944374 0.0045689116 0.010763349 37.7510454368 61.31855334353 2009.27185 -1.1759999999999997 0.0010000000000001906 -0.462513864994049 0.7580139169692993 0.17454335 0.18154335 "" "" 8.457052754339184 "" 1.5194890610112053 ""
38.61344752193 61.52398905849 0.0308 0.0434 10.54 "" "" 465488937800744320 2588.85083 0.3703 0.0539 -0.58 -0.447 0.053 0.059 1.0 6658.9 3.6913 16.724834 2.05441 17.76474 15.71033 "" "" 2237.36401 3067.32593 3846.0295 7.4955 1070.3 9.9923 4121.2 20.77 "" "" 0.0034740720515559487 0.010513415 0.0066502085 0.017163623 38.61344752193 61.52398905849 2588.85083 -0.58 -0.447 0.13348613500595097 0.3100139169692993 0.17154336 0.17754336 "" "" 4.141894539074481 "" 0.731534732129361 ""
38.25329845251 61.62715384673 0.0296 0.0415 8.5774 "" "" 465540236891607040 2086.62646 0.4581 0.0538 -0.659 -0.31 0.051 0.06 0.998 7154.1 4.2842 16.72563 1.932622 17.683578 15.750957 "" "" 1836.00623 2331.23779 3843.21333 4.0794 1153.4 11.473 3969.9 14.675 "" "" 0.0029866293513009868 0.01115454 0.005512883 0.016667422 38.25329845251 61.62715384673 2086.62646 -0.659 -0.3099999999999997 0.0544861350059509 0.4470139169692993 0.16954336 0.17854336 "" "" 4.453962059411349 "" 0.7946530991009815 ""
38.60695262568 61.74776233927 0.0305 0.0389 18.7338 "" "" 465914861118710784 1880.77991 0.4985 0.0543 1.891 -2.86 0.053 0.054 0.979 "" "" 16.726809 1.649344 17.506973 15.857629 "" "" 1714.05139 2091.40527 3839.04622 1.7191 1357.1 7.2095 3598.4 8.7422 "" "" 0.002797885962311623 0.0064073163 0.004608852 0.011016168 38.60695262568 61.74776233927 1880.77991 1.891 -2.86 2.604486135005951 -2.1029860830307006 0.17154336 0.17254336 "" "" 29.842806355436114 "" 5.131133866999888 ""
38.92294880712 61.35899961765 0.0325 0.0414 20.5952 "" "" 465471547471674368 2035.09033 0.4751 0.0553 1.116 0.886 0.053 0.059 1.032 8140.9 4.2871 16.727232 1.86956 17.630054 15.760494 "" "" 1822.16797 2271.89966 3837.55014 2.0275 1211.7 8.9335 3935.1 8.1772 "" "" 0.0028143986219891248 0.008477145 0.0044015977 0.012878742 38.92294880712 61.35899961765 2035.09033 1.1159999999999985 0.8859999999999987 1.829486135005951 1.6430139169692994 0.17154336 0.17754336 "" "" 23.71999388362298 "" 4.133152427208036 ""
37.60939394734 61.31684151968 0.0317 0.0414 21.0821 "" "" 465517937420657664 2348.66748 0.4077 0.0581 -1.352 -1.367 0.052 0.057 0.978 9245.9 4.0537 16.727976 1.568343 17.448488 15.880145 "" "" 2093.80591 2654.29785 3834.92199 1.8327 1432.3 8.4435 3524.5 7.7984 "" "" 0.002803750384920396 0.0069822087 0.0044782707 0.011460479 37.60939394734 61.31684151968 2348.66748 -1.3519999999999999 -1.3669999999999998 -0.6385138649940492 -0.6099860830307007 0.17054336 0.17554335 "" "" 9.830752249482872 "" 1.7002010670901628 ""
38.37655224236 61.45236720679 0.0373 0.0467 3.9773 "" "" 465533880340142208 1765.74829 0.5501 0.0638 -1.134 -0.061 0.07 0.068 1.073 "" "" 16.728529 1.699067 17.521812 15.822745 "" "" 1591.22644 1977.90808 3832.96801 1.9892 1338.7 9.2524 3715.9 13.198 "" "" 0.0028123447724032603 0.008005982 0.005399501 0.013405483 38.37655224236 61.45236720679 1765.74829 -1.1339999999999997 -0.06100000000000044 -0.42051386499404897 0.6960139169692994 0.18854335 0.18654336 "" "" 6.806058130737395 "" 1.273279254709355 ""
38.14803055668 61.11798897664 0.0348 0.0436 22.1869 "" "" 465452894434262528 2163.32227 0.439 0.0596 -1.111 -0.461 0.057 0.055 1.019 9310.2 4.1831 16.730778 1.631558 17.493793 15.862235 "" "" 1943.4707 2467.75513 3825.03553 1.8506 1373.7 6.6851 3583.1 7.6491 "" "" 0.002804945959383672 0.0059751836 0.0044334996 0.010408683 38.14803055668 61.11798897664 2163.32227 -1.1110000000000002 -0.4610000000000004 -0.39751386499404906 0.2960139169692993 0.17554335 0.17354336 "" "" 5.082184690998759 "" 0.8885313090757071 ""
38.17054301294 61.62617154513 0.0318 0.044 8.8523 "" "" 465539515337111552 2148.89087 0.4382 0.0608 -0.738 0.823 0.059 0.069 1.145 "" "" 16.731802 1.563696 17.414904 15.851208 "" "" 1888.255 2518.81763 3821.4321 2.3854 1477.3 19.477 3619.7 18.069 "" "" 0.0028374483225227136 0.014583941 0.006607443 0.021191385 38.17054301294 61.62617154513 2148.89087 -0.738 0.8229999999999998 -0.02451386499404906 1.5800139169692993 0.17754336 0.18754336 "" "" 16.095552122782873 "" 3.0185762619331773 ""
38.52926034006 61.5662046788 0.0314 0.0436 9.2653 "" "" 465536182442752896 1880.95203 0.5318 0.0579 2.238 -2.901 0.053 0.058 0.974 7850.0 4.2988 16.732632 1.646018 17.490139 15.844121 "" "" 1696.2627 2036.84485 3818.51195 2.2102 1378.4 11.845 3643.4 7.2163 "" "" 0.0028260789923127234 0.009738323 0.004348358 0.014086681 38.52926034006 61.5662046788 1880.95203 2.2380000000000004 -2.900999999999999 2.951486135005951 -2.1439860830307005 0.17154336 0.17654335 "" "" 32.52457186102732 "" 5.63607606905786 ""
38.08848897754 61.33388925317 0.0327 0.0402 10.205 "" "" 465526252478308608 1773.91736 0.5451 0.0562 -1.325 1.473 0.055 0.052 0.976 7660.0 4.1919 16.733498 1.977144 17.720528 15.743383 "" "" 1625.06055 1976.95471 3815.46857 1.7435 1114.8 7.4347 3997.7 10.139 "" "" 0.0027996316963529635 0.0077598486 0.004676145 0.012435993 38.08848897754 61.33388925317 1773.91736 -1.325 1.473 -0.611513864994049 2.230013916969299 0.17354336 0.17054336 "" "" 19.442997235081908 "" 3.319986750026166 ""
38.3472088596 61.1316617752 0.0362 0.0464 21.319 "" "" 465473578997883264 2055.0752 0.4685 0.0607 -4.964 -2.434 0.057 0.062 1.073 7160.8 4.1289 16.734713 2.371982 18.00089 15.628909 "" "" 1839.37854 2360.80176 3811.19919 1.9723 861.11 8.6637 4442.2 7.1576 "" "" 0.002812025427131599 0.011274391 0.0041646357 0.015439026 38.3472088596 61.1316617752 2055.0752 -4.9639999999999995 -2.4339999999999975 -4.2505138649940495 -1.6769860830307008 0.17554335 0.18054336 "" "" 44.510499887315085 "" 7.843866777758302 ""
37.68915701476 61.24459485494 0.0309 0.0415 21.7077 "" "" 465504262244821248 1785.01819 0.5467 0.0539 3.249 -3.451 0.049 0.059 0.986 6013.4 4.4084 16.736534 1.651661 17.515215 15.863554 "" "" 1635.43665 2004.95007 3804.81145 1.698 1346.9 8.0152 3578.8 8.7919 "" "" 0.0027976003175938713 0.007037773 0.0046258126 0.011663586 37.68915701476 61.24459485494 1785.01819 3.248999999999997 -3.4509999999999956 3.962486135005951 -2.6939860830307008 0.16754335 0.17754336 "" "" 40.54115551711879 "" 6.923123088111147 ""
38.31742363867 61.34675651191 0.0369 0.046 8.4401 "" "" 465480313506382336 1768.88232 0.553 0.0632 -0.759 -0.741 0.062 0.064 1.166 "" "" 16.739426 2.200808 17.875648 15.67484 "" "" 1573.16626 1992.20996 3794.6892 4.5327 966.4 8.1071 4258.2 15.807 "" "" 0.0030452796076736394 0.009525989 0.0055251983 0.015051188 38.31742363867 61.34675651191 1768.88232 -0.7590000000000001 -0.7410000000000003 -0.04551386499404908 0.016013916969299324 0.18054336 0.18254337 "" "" 0.4045431029410569 "" 0.07312713940428188 ""
38.17883374561 61.50581904366 0.032 0.0423 2.5331 "" "" 465537762990552064 2049.35938 0.4638 0.0569 -0.712 0.288 0.062 0.061 1.064 9436.5 4.2943 16.74101 1.525374 17.42509 15.899716 "" "" 1862.6709 2338.76025 3789.15915 1.9816 1463.5 8.4204 3461.6 6.2465 "" "" 0.0028132168942820324 0.0068416926 0.004257028 0.01109872 38.17883374561 61.50581904366 2049.35938 -0.712 0.2879999999999999 0.0014861350059509615 1.0450139169692994 0.18054336 0.17954336 "" "" 10.151237270926643 "" 1.8225872792058928 ""
38.58828621926 61.16652461095 0.031 0.0417 21.3417 "" "" 465474437991314176 1812.56836 0.5337 0.057 -0.651 -1.011 0.053 0.058 0.981 8959.2 4.2514 16.741013 1.719255 17.560972 15.841717 "" "" 1630.25061 2077.84741 3789.14863 2.0499 1291.3 8.2357 3651.5 9.256 "" "" 0.0028172324363770007 0.0074656405 0.0046752756 0.012140917 38.58828621926 61.16652461095 1812.56836 -0.651 -1.011 0.062486135005950905 -0.2539860830307006 0.17154336 0.17654335 "" "" 2.247209044924927 "" 0.39609713348365244 ""
38.01099944088 61.6441019849 0.0282 0.0404 11.8564 "" "" 465551644324755840 2202.02319 0.4355 0.0523 2.658 0.287 0.049 0.07 0.958 7469.6 4.2007 16.741598 1.809965 17.622086 15.81212 "" "" 1948.0116 2504.20435 3787.10415 1.7255 1220.6 7.9218 3752.4 9.9688 "" "" 0.0027993760642902065 0.007578821 0.004754323 0.0123331435 38.01099944088 61.6441019849 2202.02319 2.6579999999999986 0.28700000000000014 3.371486135005951 1.0440139169692992 0.16754335 0.18854335 "" "" 36.838754367929006 "" 6.243606648056413 ""
37.64871442002 61.55466767297 0.0306 0.0386 17.8495 "" "" 465547108840427264 1961.45801 0.4782 0.0579 -0.076 2.013 0.054 0.058 0.987 9262.0 3.8693 16.754272 2.403921 18.04112 15.637199 "" "" 1780.48938 2195.31885 3743.15158 1.8269 829.79 8.0462 4408.4 10.889 "" "" 0.002805814216700367 0.010891481 0.004634214 0.015525695 37.64871442002 61.55466767297 1961.45801 -0.07599999999999996 2.013 0.637486135005951 2.770013916969299 0.17254336 0.17654335 "" "" 26.42688588981262 "" 4.660231332449503 ""
37.86669749129 61.28248864503 0.037 0.0453 16.4581 "" "" 465505396116155776 2542.8728 0.3886 0.0658 -0.016 -0.332 0.06 0.062 1.084 9374.9 4.1921 16.765001 1.415523 17.394314 15.978791 "" "" 2192.48315 3153.96777 3706.34957 1.9082 1505.5 8.9706 3218.4 9.527 "" "" 0.002811450871350555 0.0070454516 0.004961176 0.012006627 37.86669749129 61.28248864503 2542.8728 -0.015999999999999986 -0.33199999999999996 0.6974861350059509 0.4250139169692993 0.17854336 0.18054336 "" "" 9.844783621443058 "" 1.7630737929700762 ""
38.59571916668 61.29808585794 0.0352 0.0459 14.8532 "" "" 465481786673488640 1861.73047 0.5263 0.0613 -1.083 -1.499 0.058 0.068 0.99 "" "" 16.768715 1.634951 17.51962 15.88467 "" "" 1662.69165 2095.7373 3693.6922 2.0858 1341.4 11.15 3509.9 10.611 "" "" 0.0028227096120068936 0.009446338 0.0050057564 0.014452094 38.59571916668 61.29808585794 1861.73047 -1.0830000000000004 -1.499 -0.36951386499404903 -0.7419860830307008 0.17654335 0.18654336 "" "" 7.314758910850671 "" 1.3502989890520363 ""
38.53951275333 61.14498883611 0.0331 0.0423 21.942 "" "" 465474060034205056 1877.26392 0.5167 0.0584 -5.1 -2.993 0.055 0.06 0.991 7870.8 3.9095 16.773588 1.94235 17.737144 15.794794 "" "" 1684.18787 2109.21899 3677.15008 1.7798 1097.9 7.3494 3812.8 8.0079 "" "" 0.0028049873824843173 0.007785146 0.00441403 0.0121991765 38.53951275333 61.14498883611 1877.26392 -5.1 -2.9930000000000003 -4.386513864994049 -2.2359860830307006 0.17354336 0.17854336 "" "" 43.81069813578089 "" 7.648748282101867 ""
37.95156789604 61.15609607592 0.034 0.0423 21.5358 "" "" 465500654472327424 1768.83789 0.5562 0.0597 -3.333 -0.246 0.053 0.054 1.026 9475.8 4.1452 16.777357 1.593409 17.51588 15.922471 "" "" 1616.93982 1949.31226 3664.4096 1.8585 1346.1 8.29 3389.8 14.533 "" "" 0.0028098069130207005 0.007245335 0.005995943 0.013241278 37.95156789604 61.15609607592 1768.83789 -3.3329999999999993 -0.24599999999999822 -2.6195138649940493 0.5110139169692993 0.17154336 0.17254336 "" "" 22.376774435023776 "" 3.8394097246157384 ""
38.87700695212 61.39319060845 0.0376 0.043 18.6646 "" "" 465483440242632192 2084.93604 0.4514 0.0597 -0.794 -0.322 0.064 0.062 0.954 8126.6 4.4059 16.778946 1.674819 17.56853 15.89371 "" "" 1845.67761 2310.66479 3659.05219 3.029 1282.3 8.4617 3480.8 10.914 "" "" 0.002898206471995554 0.0076887333 0.0050865565 0.01277529 38.87700695212 61.39319060845 2084.93604 -0.794 -0.3219999999999999 -0.08051386499404911 0.4350139169692993 0.18254337 0.18054336 "" "" 4.372081281802372 "" 0.7896414271917632 ""
37.771217518 61.52539668048 0.0305 0.0422 14.062 "" "" 465545322133015040 2487.1582 0.3841 0.0564 -1.897 -0.157 0.055 0.067 1.009 9396.3 3.8659 16.779097 2.115959 17.854944 15.738985 "" "" 2231.37939 2897.78979 3658.54148 1.9228 985.01 8.9412 4013.9 6.9499 "" "" 0.002813787789298531 0.010242866 0.0042211106 0.014463977 37.771217518 61.52539668048 2487.1582 -1.897 -0.15699999999999975 -1.183513864994049 0.6000139169692993 0.17354336 0.18554336 "" "" 15.643254783663123 "" 2.7542069408179786 ""
38.55733663286 61.53013399654 0.0302 0.044 9.087 "" "" 465489075239697920 2204.18628 0.4505 0.055 -2.482 -0.01 0.051 0.059 1.001 8197.1 4.291 16.783373 1.464342 17.453348 15.989006 "" "" 1950.95007 2473.64673 3644.16205 1.8338 1425.9 5.2842 3188.3 8.2812 "" "" 0.002808967465881334 0.004896364 0.004715556 0.0096119195 38.55733663286 61.53013399654 2204.18628 -2.482000000000002 -0.009999999999999926 -1.7685138649940493 0.7470139169692993 0.16954336 0.17754336 "" "" 20.05787516663064 "" 3.425457319677519 ""
