Clusters/IC_1805/IC_1805_members.tsv
# %ECSV 1.0
# ---
# datatype:
# - name: RA_ICRS_1
#   unit: deg
#   datatype: float64
#   format: '{:15.11f}'
#   description: Right ascension (ICRS) at Ep=2016.0 (ra)
#   meta: !!omap
#   - {ucd: POS_EQ_RA_MAIN}
#   - {width: 15}
#   - {precision: '11'}
# - name: DE_ICRS_1
#   unit: deg
#   datatype: float64
#   format: '{:15.11f}'
#   description: Declination (ICRS) at Ep=2016.0 (dec)
#   meta: !!omap
#   - {ucd: POS_EQ_DEC_MAIN}
#   - {width: 15}
#   - {precision: '11'}
# - name: e_RA_ICRS
#   unit: mas
#   datatype: float64
#   format: '{:7.4f}'
#   description: Standard error of right ascension (ra_error)
#   meta: !!omap
#   - {ucd: ERROR}
#   - {width: 7}
#   - {precision: '4'}
# - name: e_DE_ICRS
#   unit: mas
#   datatype: float64
#   format: '{:7.4f}'
#   description: Standard error of declination (dec_error)
#   meta: !!omap
#   - {ucd: ERROR}
#   - {width: 7}
#   - {precision: '4'}
# - name: _r_1
#   unit: ''
#   datatype: float64
#   format: '{:7.4f}'
#   description: Distance from center (038.25481723000+61.48419856000)[ICRS], at Epoch=J2016.0
#   meta: !!omap
#   - {ucd: POS_ANG_DIST_GENERAL}
#   - {width: 7}
#   - {precision: '4'}
# - name: HIP
#   datatype: int32
#   description: '? HIP cross-id number, van Leeuwen, Cat. I/311 (hip_original_ext_source_id)'
#   meta: !!omap
#   - {ucd: ID_NUMBER}
#   - {width: 6}
#   - values: {'null': -2147483648}
# - name: TYC2
#   datatype: string
#   description: Tycho-2 cross-id name, Hog et al., Cat. I/259 (tyc2_original_ext_source_id)
#   meta: !!omap
#   - {ucd: ID_CROSSID}
#   - {_votable_string_dtype: char}
# - name: Source
#   datatype: int64
#   description: Source identifier, identical to the Gaia-EDR3 source_id (id)
#   meta: !!omap
#   - {ucd: ID_MAIN}
#   - {width: 19}
# - name: rgeo
#   unit: pc
#   datatype: float64
#   format: '{:15.8f}'
#   description: '? Median of the geometric distance posterior (r_med_geo)'
#   meta: !!omap
#   - {ucd: PHYS_DISTANCE_TRUE}
#   - {width: 15}
#   - {precision: '8'}
#   - values: {'null': .nan}
# - name: Plx
#   unit: mas
#   datatype: float64
#   format: '{:9.4f}'
#   description: '? Parallax (parallax)'
#   meta: !!omap
#   - {ucd: POS_PARLX_TRIG}
#   - {width: 9}
#   - {precision: '4'}
#   - values: {'null': .nan}
# - name: e_Plx
#   unit: mas
#   datatype: float32
#   format: '{:7.4f}'
#   description: '? Standard error of parallax (parallax_error)'
#   meta: !!omap
#   - {ucd: ERROR}
#   - {width: 7}
#   - {precision: '4'}
#   - values: {'null': .nan}
# - name: pmRA
#   unit: mas / yr
#   datatype: float64
#   format: '{:9.3f}'
#   description: '? Proper motion in right ascension direction, pmRA*cosDE (pmra)'
#   meta: !!omap
#   - {ucd: POS_EQ_PMRA}
#   - {width: 9}
#   - {precision: '3'}
#   - values: {'null': .nan}
# - name: pmDE
#   unit: mas / yr
#   datatype: float64
#   format: '{:9.3f}'
#   description: '? Proper motion in declination direction (pmdec)'
#   meta: !!omap
#   - {ucd: POS_EQ_PMDEC}
#   - {width: 9}
#   - {precision: '3'}
#   - values: {'null': .nan}
# - name: e_pmRA
#   unit: mas / yr
#   datatype: float32
#   format: '{:6.3f}'
#   description: '? Standard error of proper motion in right ascension direction (pmra_error)'
#   meta: !!omap
#   - {ucd: ERROR}
#   - {width: 6}
#   - {precision: '3'}
#   - values: {'null': .nan}
# - name: e_pmDE
[...]
#       distance: !astropy.table.SerializedColumn
#         __class__: astropy.coordinates.distances.Distance
#         unit: !astropy.units.Unit {unit: pc}
#         value: !astropy.table.SerializedColumn {name: SkyCoord.distance}
#       frame: icrs
#       obstime: !astropy.time.Time {format: jyear_str, in_subfmt: '*', jd1: 367701545.0, jd2: 0.0, out_subfmt: '*', precision: 3, scale: tt}
#       pm_dec: !astropy.table.SerializedColumn
#         __class__: astropy.units.quantity.Quantity
#         unit: !astropy.units.Unit {unit: mas / yr}
#         value: !astropy.table.SerializedColumn {name: SkyCoord.pm_dec}
#       pm_ra_cosdec: !astropy.table.SerializedColumn
#         __class__: astropy.units.quantity.Quantity
#         unit: !astropy.units.Unit {unit: mas / yr}
#         value: !astropy.table.SerializedColumn {name: SkyCoord.pm_ra_cosdec}
#       ra: !astropy.table.SerializedColumn
#         __class__: astropy.coordinates.angles.Longitude
#         unit: *id001
#         value: !astropy.table.SerializedColumn {name: SkyCoord.ra}
#         wrap_angle: !astropy.coordinates.Angle
#           unit: *id001
#           value: 360.0
#       representation_type: spherical
# schema: astropy-2.0
RA_ICRS_1 DE_ICRS_1 e_RA_ICRS e_DE_ICRS _r_1 HIP TYC2 Source rgeo Plx e_Plx pmRA pmDE e_pmRA e_pmDE RUWE Teff logg Gmag BP-RP BPmag RPmag RV e_RV b_rgeo B_rgeo FG e_FG FBP e_FBP FRP e_FRP RAVE5 RAVE6 e_Gmag e_BPmag e_RPmag e_BP-RP SkyCoord.ra SkyCoord.dec SkyCoord.distance SkyCoord.pm_ra_cosdec SkyCoord.pm_dec rmRA rmDE e_rmRA e_rmDE rRV e_rRV v_pec v_pec3d e_vpec e_vpec3d Pmemb
38.3357745548 61.52171617815 0.0098 0.0144 3.2308 11891 4046-1192-1 465535048571192704 1960.12268 0.4848 0.0178 -0.673 -0.658 0.016 0.021 0.91 "" "" 8.298526 0.660896 8.534809 7.873913 38.91 9.47 1892.07202 2024.98193 9026850.77608 2914.1 5266100.0 2815.7 5618100.0 2407.1 "" "" 0.0027775244715571054 0.0028499225 0.0038079033 0.006657826 38.3357745548 61.52171617815 1960.12268 -0.6730000000000002 -0.6579999999999999 0.040486135005950885 0.09901391696929929 0.13454336 0.13954335 44.607142857142854 10.5523615 0.9938694057488919 44.6182134365915 0.1379870231270139 10.549743705843282 0.8
38.51053549237 61.3863511991 0.0081 0.0117 9.3962 "" 4046-228-1 465485776704859520 2005.1842 0.4734 0.0153 -0.539 -0.84 0.014 0.017 0.898 "" "" 9.256442 0.746791 9.535947 8.789156 "" "" 1939.49817 2072.90723 3735683.57338 1095.6 2094300.0 1450.2 2418200.0 806.2 "" "" 0.0027736588555246334 0.002889685 0.0037966762 0.0066863615 38.51053549237 61.3863511991 2005.1842 -0.5390000000000001 -0.8399999999999999 0.1744861350059509 -0.08298608303070065 0.13254336 0.13554336 "" "" 1.8364276932942103 "" 0.24443193381512957 "" 0.8
38.1511510437 61.47377091979 0.0077 0.01 3.0351 "" 4046-118-1 465531750036366080 1892.57593 0.506 0.0134 -0.867 -0.68 0.013 0.014 0.959 20363.9 3.4644 9.468973 0.703402 9.72735 9.023949 "" "" 1838.05078 1947.50317 3071549.49654 683.77 1755800.0 862.71 1948000.0 390.76 "" "" 0.0027659010013136713 0.0028407117 0.0037856519 0.006626364 38.1511510437 61.47377091979 1892.57593 -0.8670000000000002 -0.6799999999999994 -0.15351386499404907 0.07701391696929927 0.13154335 0.13254336 "" "" 1.5407258328682125 "" 0.20298297878614485 "" 1.0
38.06979124873 61.55416338138 0.0076 0.0103 6.7563 11807 4046-144-1 465538828142411392 1965.17395 0.4872 0.0145 -0.861 -0.516 0.013 0.015 0.972 18885.4 3.4647 10.130684 0.799731 10.436564 9.636832 "" "" 1914.10046 2019.31152 1669833.18777 406.41 913670.0 443.58 1107700.0 179.7 "" "" 0.0027679627272783956 0.0028395248 0.003783484 0.0066230088 38.06979124873 61.55416338138 1965.17395 -0.861 -0.516 -0.14751386499404906 0.2410139169692993 0.13154335 0.13354336 "" "" 2.6321552029914668 "" 0.35008004711741564 "" 0.9
38.18293797887 61.45566111089 0.0114 0.015 2.6786 "" 4046-44-2 465528726379401344 1851.39355 0.5184 0.0217 -0.955 -0.679 0.021 0.02 1.505 "" "" 10.534283 0.7733 10.828278 10.054977 "" "" 1774.62305 1922.354 1151419.33339 311.3 636950.0 470.16 753650.0 202.56 "" "" 0.0027709125153677 0.0029029872 0.003790631 0.0066936184 38.18293797887 61.45566111089 1851.39355 -0.955 -0.679 -0.24151386499404903 0.07801391696929927 0.13954335 0.13854335 "" "" 2.2272603827894137 "" 0.31058962846479654 "" 0.8
38.29772696121 61.45086072648 0.0116 0.014 2.3481 "" 4046-78-1 465533708541456768 2039.66821 0.4614 0.0194 -0.781 -0.794 0.019 0.019 1.183 17185.9 3.379 10.993168 0.815458 11.307713 10.492254 "" "" 1950.01147 2137.07739 754535.36786 189.26 409570.0 208.89 503800.0 123.92 "" "" 0.0027687462466981206 0.002844589 0.0037888056 0.0066333944 38.29772696121 61.45086072648 2039.66821 -0.7810000000000001 -0.794 -0.0675138649940491 -0.03698608303070072 0.13754335 0.13754335 "" "" 0.7442555375191201 "" 0.10236740022740752 "" 0.9
38.17798462779 61.49290796677 0.01 0.0134 2.2617 "" 4046-440-1 465537659902267904 2059.71118 0.4445 0.0178 -0.59 -0.846 0.017 0.019 1.029 15805.4 3.3682 11.084784 0.720575 11.356574 10.635999 "" "" 1981.05444 2132.69409 693478.87548 188.87 391550.0 193.69 441330.0 100.65 "" "" 0.0027711421815223972 0.0028413923 0.0037874847 0.006628877 38.17798462779 61.49290796677 2059.71118 -0.5899999999999997 -0.8459999999999992 0.12348613500595096 -0.08898608303070066 0.13554336 0.13754335 "" "" 1.4860137705684515 "" 0.20244003310405081 "" 1.0
38.17012122791 61.46661447155 0.0139 0.0173 2.6461 "" 4046-850-1 465534670614129536 2126.26074 0.4324 0.0236 -0.814 -0.717 0.023 0.024 1.325 17178.3 3.3509 11.254159 0.742664 11.533875 10.791211 "" "" 2022.81616 2227.98462 593312.22111 300.82 332560.0 306.02 382540.0 250.94 "" "" 0.002809773341938474 0.002963651 0.003845906 0.006809557 38.17012122791 61.46661447155 2126.26074 -0.814 -0.7170000000000004 -0.10051386499404902 0.040013916969299346 0.14154336 0.14254336 "" "" 1.0903472002974477 "" 0.15448101758502364 "" 0.9
38.07653846067 61.46463722084 0.0109 0.0144 5.2413 "" "" 465531681316903296 2078.92163 0.4405 0.0195 -0.879 -0.789 0.019 0.02 1.101 15741.6 3.3742 11.412465 0.982915 11.808554 10.825639 "" "" 2003.49634 2159.27417 512814.881 165.3 258220.0 149.79 370600.0 117.65 "" "" 0.00277745776307863 0.002860371 0.0037950664 0.0066554374 38.07653846067 61.46463722084 2078.92163 -0.8790000000000003 -0.7890000000000006 -0.16551386499404908 -0.03198608303070072 0.13754335 0.13854335 "" "" 1.6611652017377394 "" 0.2285422428080008 "" 0.9
38.26968354004 61.47250988095 0.0137 0.0176 0.8205 "" 4046-1204-1 465534498815425664 1892.16479 0.4858 0.0234 -0.748 -0.75 0.023 0.024 1.21 15319.5 3.4154 11.452291 0.801212 11.759901 10.958689 -31.29 32.15 1809.70776 1972.67517 494345.48396 155.13 270060.0 170.59 327860.0 77.593 "" "" 0.002776306033724312 0.0028732235 0.0037881068 0.0066613303 38.26968354004 61.47250988095 1892.16479 -0.7479999999999991 -0.7499999999999998 -0.03451386499404907 0.007013916969299316 0.14154336 0.14254336 -25.592857142857138 33.23236 0.31587736840663716 25.594806411586024 0.044722914004314766 33.229829909021056 1.0
38.1917927312 61.4657868967 0.0088 0.0111 2.1169 "" "" 465534601894652032 2005.28467 0.4608 0.0154 -0.726 -0.733 0.015 0.016 1.086 "" "" 11.874849 0.880602 12.22035 11.339748 "" "" 1939.05127 2074.21948 334970.7713 75.43 176720.0 102.54 230810.0 64.912 "" "" 0.0027661462135931806 0.0028604078 0.0037916966 0.0066521047 38.1917927312 61.4657868967 2005.28467 -0.7259999999999998 -0.7330000000000003 -0.012513864994049051 0.02401391696929933 0.13354336 0.13454336 "" "" 0.2573859645625774 "" 0.03457476549180583 "" 0.9
38.22774668274 61.38144320221 0.0073 0.0095 6.2141 "" "" 465527485126949504 2000.48682 0.4726 0.0129 -0.84 -0.848 0.012 0.014 0.982 "" "" 12.022815 1.020059 12.438161 11.418102 "" "" 1941.66199 2069.55029 292294.60457 91.239 144590.0 130.22 214740.0 140.25 "" "" 0.0027760852276908343 0.0029565522 0.0038453303 0.0068018828 38.22774668274 61.38144320221 2000.48682 -0.8399999999999999 -0.848 -0.12651386499404904 -0.09098608303070066 0.13054335 0.13254336 "" "" 1.4776656003462776 "" 0.19391195091831512 "" 1.0
38.22888434511 61.49740948057 0.0065 0.0082 1.0862 "" 4046-488-1 465534769391474048 1945.03735 0.4946 0.0112 -0.809 -0.831 0.011 0.011 0.908 "" "" 12.346672 0.758233 12.63791 11.879677 "" "" 1906.22754 1995.80884 216909.11251 56.857 120300.0 88.875 140370.0 54.482 "" "" 0.002769979222791526 0.0029031779 0.003802803 0.0067059807 38.22888434511 61.49740948057 1945.03735 -0.8090000000000003 -0.8309999999999998 -0.09551386499404912 -0.07398608303070064 0.12954336 0.12954336 "" "" 1.1138730447309237 "" 0.14429486133683683 "" 1.0
38.23990398719 61.49515613264 0.0063 0.0084 0.784 "" "" 465534773693316864 2028.72083 0.4729 0.0115 -0.812 -0.725 0.01 0.011 0.897 5979.9 2.9612 12.628222 0.826224 12.951014 12.124789 "" "" 1979.39392 2082.08105 167362.55534 28.493 90159.0 50.133 112010.0 34.366 "" "" 0.0027615134481621464 0.0028547384 0.003794034 0.0066487724 38.23990398719 61.49515613264 2028.72083 -0.812 -0.7249999999999996 -0.09851386499404913 0.03201391696929934 0.12854336 0.12954336 "" "" 0.996088463585104 "" 0.12813603856679248 "" 1.0
38.18136614614 61.44219663878 0.0209 0.0257 3.2838 "" "" 465528722077526144 1801.53259 0.5371 0.0356 -0.774 -0.955 0.033 0.036 2.639 6215.2 2.7911 12.670455 1.052492 13.101166 12.048674 "" "" 1705.50574 1939.86108 160977.28054 31.289 78515.0 48.883 120140.0 58.554 "" "" 0.0027633900456403345 0.0028708864 0.0038162475 0.0066871336 38.18136614614 61.44219663878 1801.53259 -0.7740000000000002 -0.9550000000000001 -0.060513864994049094 -0.19798608303070064 0.15154335 0.15454336 "" "" 1.7678632193484847 "" 0.2727624108515933 "" 0.8
38.28764427901 61.46279002808 0.0077 0.0095 1.5921 "" "" 465534498815432704 2011.88367 0.4784 0.0138 -0.809 -0.771 0.013 0.014 0.918 "" "" 12.732481 0.949879 13.113607 12.163729 "" "" 1962.22986 2062.2019 152038.77303 26.95 77620.0 57.171 108060.0 39.376 "" "" 0.0027620333541370718 0.0029025103 0.0038000331 0.0067025432 38.28764427901 61.46279002808 2011.88367 -0.8089999999999994 -0.7709999999999987 -0.09551386499404912 -0.013986083030700702 0.13154335 0.13254336 "" "" 0.9205649174544297 "" 0.1211135921589473 "" 1.0
38.27197687093 61.45198263812 0.0087 0.0116 1.9945 "" "" 465534460153832448 2076.47046 0.4638 0.0167 -0.566 -0.945 0.015 0.016 1.033 "" "" 12.84325 0.961437 13.226112 12.264675 "" "" 2003.0199 2164.60767 137292.45263 41.544 69980.0 80.116 98466.0 95.945 "" "" 0.002774838152873811 0.003054519 0.0039246604 0.0069791796 38.27197687093 61.45198263812 2076.47046 -0.5660000000000005 -0.945000000000001 0.14748613500595098 -0.18798608303070063 0.13354336 0.13454336 "" "" 2.3517310213130505 "" 0.31551582614235857 "" 0.8
38.43469235405 61.43840740243 0.0111 0.015 5.8425 "" "" 465486974995328000 1927.86353 0.4931 0.0192 -0.572 -0.866 0.02 0.022 1.103 6619.5 3.2142 12.986349 0.881235 13.333537 12.452302 "" "" 1864.05237 2001.14209 120339.23431 24.119 63387.0 31.319 82839.0 52.147 "" "" 0.002763899957198727 0.0028412726 0.0038406844 0.0066819573 38.43469235405 61.43840740243 1927.86353 -0.5719999999999994 -0.8659999999999992 0.14148613500595097 -0.10898608303070068 0.13854335 0.14054336 "" "" 1.6320172069605074 "" 0.22732611903237512 "" 0.9
38.28805629306 61.68106701127 0.0087 0.0109 11.8502 "" "" 465540747987772160 2077.1272 0.4521 0.0156 -0.729 -0.599 0.014 0.015 1.05 "" "" 12.993883 0.806623 13.306803 12.50018 "" "" 2011.47351 2148.46899 119507.03448 20.87 64967.0 41.913 79266.0 33.046 "" "" 0.002761836353568216 0.002876749 0.003806391 0.00668314 38.28805629306 61.68106701127 2077.1272 -0.7289999999999999 -0.5989999999999998 -0.015513864994049054 0.15801391696929934 0.13254336 0.13354336 "" "" 1.563219324776991 "" 0.2087426874640495 "" 0.9
38.1728560758 61.4625451018 0.0077 0.0097 2.6839 "" "" 465528795098872448 2024.40845 0.4606 0.0128 -0.751 -0.737 0.012 0.013 1.056 "" "" 13.114546 0.978574 13.507983 12.529409 "" "" 1966.17346 2086.78149 106937.14674 19.071 53979.0 47.371 77160.0 62.1 "" "" 0.002762115381445539 0.0029483757 0.0038790843 0.0068274597 38.1728560758 61.4625451018 2024.40845 -0.751 -0.737 -0.03751386499404907 0.020013916969299328 0.13054335 0.13154335 "" "" 0.4079973217596999 "" 0.053352005115136936 "" 1.0
38.12464395426 61.45211408746 0.0073 0.0093 4.198 "" "" 465531715676646528 1966.9729 0.4729 0.0125 -0.771 -0.786 0.012 0.013 1.063 "" "" 13.118419 1.043044 13.540912 12.497868 "" "" 1912.25793 2012.08447 106556.36321 23.578 52366.0 38.284 79435.0 54.08 "" "" 0.0027657741044443593 0.0029008812 0.0038509883 0.00675187 38.12464395426 61.45211408746 1966.9729 -0.7709999999999999 -0.7859999999999999 -0.05751386499404909 -0.028986083030700716 0.13054335 0.13154335 "" "" 0.6004793325237584 "" 0.0785105837876054 "" 1.0
38.28953890866 61.53275743361 0.007 0.0098 3.0784 "" "" 465535289089355392 1957.4613 0.4782 0.0125 -0.694 -0.687 0.012 0.014 0.946 "" "" 13.18241 0.889876 13.533671 12.643795 "" "" 1907.33093 2005.20874 100457.59026 18.433 52717.0 34.591 69445.0 21.274 "" "" 0.00276251314178329 0.002879686 0.0037939893 0.006673675 38.28953890866 61.53275743361 1957.4613 -0.6940000000000002 -0.6870000000000002 0.019486135005950977 0.07001391696929926 0.13054335 0.13254336 "" "" 0.6743054432148501 "" 0.08927843087491416 "" 1.0
38.26321802106 61.47965959664 0.0074 0.0092 0.3634 "" "" 465534567534897152 2080.45776 0.4453 0.0125 -0.745 -0.808 0.012 0.013 0.989 "" "" 13.21297 0.854794 13.546616 12.691822 "" "" 2030.25171 2125.49243 97669.48258 15.727 52092.0 32.3 66440.0 22.19 "" "" 0.0027608611479912545 0.0028702389 0.003796738 0.006666977 38.26321802106 61.47965959664 2080.45776 -0.7450000000000001 -0.8080000000000007 -0.03151386499404907 -0.050986083030700735 0.13054335 0.13154335 "" "" 0.5910823403351427 "" 0.07759001141484144 "" 1.0
38.19581242503 61.52558302224 0.0072 0.0092 3.0031 "" "" 465537797350273536 2025.63916 0.4598 0.0126 -0.735 -0.682 0.012 0.013 0.978 "" "" 13.263139 0.960916 13.647039 12.686123 "" "" 1986.22461 2070.41211 93259.14118 16.747 47490.0 34.956 66790.0 32.597 "" "" 0.0027622098173667726 0.0029023672 0.0038163485 0.0067187157 38.19581242503 61.52558302224 2025.63916 -0.7350000000000002 -0.6820000000000002 -0.02151386499404906 0.07501391696929927 0.13054335 0.13154335 "" "" 0.7492844563929426 "" 0.09850664288094968 "" 1.0
38.56183552324 61.70325406351 0.0075 0.0093 15.7969 "" "" 465913310627212672 2113.67993 0.4404 0.0135 -0.734 -0.405 0.013 0.014 1.032 "" "" 13.330357 0.874855 13.673564 12.798709 "" "" 2061.80884 2171.45264 87660.52018 13.269 46344.0 30.585 60211.0 25.766 "" "" 0.002760217188552644 0.0028807074 0.0038078337 0.006688541 38.56183552324 61.70325406351 2113.67993 -0.734 -0.4050000000000001 -0.020513864994049058 0.3520139169692993 0.13154335 0.13254336 "" "" 3.5327556101376416 "" 0.46823136984991237 "" 0.8
38.172033752 61.51614511657 0.0074 0.0094 3.0481 "" "" 465537827408188416 2116.70581 0.4385 0.0133 -0.786 -0.651 0.013 0.013 0.964 "" "" 13.332075 0.869929 13.672704 12.802774 "" "" 2066.44604 2171.45923 87521.88506 16.546 46380.0 41.018 59986.0 20.044 "" "" 0.0027629550048671675 0.0029507726 0.0037967546 0.006747527 38.172033752 61.51614511657 2116.70581 -0.7860000000000003 -0.651 -0.0725138649940491 0.1060139169692993 0.13154335 0.13154335 "" "" 1.28867709914253 "" 0.16951690681320417 "" 1.0
38.45235351059 61.53777404213 0.0073 0.0097 6.5034 "" "" 465535873204891520 1993.75427 0.4675 0.0127 -0.698 -0.637 0.012 0.013 1.009 "" "" 13.372087 0.896646 13.725431 12.828786 "" "" 1948.04785 2040.05908 84355.21785 20.718 44182.0 39.497 58566.0 57.493 "" "" 0.002768193944590616 0.0029541708 0.003926799 0.0068809697 38.45235351059 61.53777404213 1993.75427 -0.698 -0.6370000000000001 0.015486135005950974 0.1200139169692993 0.13054335 0.13154335 "" "" 1.143582196676984 "" 0.15041197763118114 "" 0.9
38.2456326223 61.42922029976 0.0081 0.0097 3.3092 "" "" 465533571102525312 2173.78613 0.4247 0.013 -0.736 -0.798 0.013 0.013 1.012 "" "" 13.385414 1.222897 13.900517 12.67762 "" "" 2118.98096 2238.88989 83326.12173 14.455 37602.0 23.416 67315.0 30.989 "" "" 0.0027617502435402556 0.0028709217 0.0038122898 0.006683212 38.2456326223 61.42922029976 2173.78613 -0.736 -0.7979999999999998 -0.02251386499404906 -0.040986083030700726 0.13154335 0.13154335 "" "" 0.48182912301966235 "" 0.06338141851140185 "" 1.0
38.32767590395 61.43705347678 0.0083 0.0107 3.5162 "" "" 465533433663559424 2104.5061 0.443 0.0142 -0.673 -0.761 0.014 0.015 0.952 "" "" 13.55253 0.985203 13.949207 12.964004 "" "" 2043.52014 2175.08716 71438.90075 12.952 35953.0 23.399 51708.0 23.151 "" "" 0.002762342793749032 0.0028782566 0.0038105159 0.0066887727 38.32767590395 61.43705347678 2104.5061 -0.6730000000000002 -0.7610000000000003 0.040486135005950885 -0.003986083030700693 0.13254336 0.13354336 "" "" 0.4058164309609289 "" 0.05379218193900349 "" 1.0
38.02699390163 61.49841482917 0.0075 0.01 6.5798 "" "" 465532712109031808 2041.04248 0.4554 0.0138 -0.89 -0.741 0.013 0.015 1.027 5904.9 3.1856 13.590352 1.319297 14.162097 12.8428 "" "" 1984.76465 2101.23462 68993.13271 15.958 29551.0 33.48 57815.0 26.75 "" "" 0.002766740896380832 0.0030492907 0.0038126216 0.006861912 38.02699390163 61.49841482917 2041.04248 -0.8899999999999999 -0.7410000000000007 -0.17651386499404909 0.016013916969299324 0.13154335 0.13354336 "" "" 1.714704041569045 "" 0.22558612654359625 "" 1.0
