Clusters/IC_1805/IC_1805_stars_in_region.tsv
# %ECSV 1.0
# ---
# datatype:
# - name: RA_ICRS_1
#   unit: deg
#   datatype: float64
#   format: '{:15.11f}'
#   description: Right ascension (ICRS) at Ep=2016.0 (ra)
#   meta: !!omap
#   - {ucd: POS_EQ_RA_MAIN}
#   - {width: 15}
#   - {precision: '11'}
# - name: DE_ICRS_1
#   unit: deg
#   datatype: float64
#   format: '{:15.11f}'
#   description: Declination (ICRS) at Ep=2016.0 (dec)
#   meta: !!omap
#   - {ucd: POS_EQ_DEC_MAIN}
#   - {width: 15}
#   - {precision: '11'}
# - name: e_RA_ICRS
#   unit: mas
#   datatype: float64
#   format: '{:7.4f}'
#   description: Standard error of right ascension (ra_error)
#   meta: !!omap
#   - {ucd: ERROR}
#   - {width: 7}
#   - {precision: '4'}
# - name: e_DE_ICRS
#   unit: mas
#   datatype: float64
#   format: '{:7.4f}'
#   description: Standard error of declination (dec_error)
#   meta: !!omap
#   - {ucd: ERROR}
#   - {width: 7}
#   - {precision: '4'}
# - name: _r_1
#   unit: ''
#   datatype: float64
#   format: '{:7.4f}'
#   description: Distance from center (038.25481723000+61.48419856000)[ICRS], at Epoch=J2016.0
#   meta: !!omap
#   - {ucd: POS_ANG_DIST_GENERAL}
#   - {width: 7}
#   - {precision: '4'}
# - name: HIP
#   datatype: int32
#   description: '? HIP cross-id number, van Leeuwen, Cat. I/311 (hip_original_ext_source_id)'
#   meta: !!omap
#   - {ucd: ID_NUMBER}
#   - {width: 6}
#   - values: {'null': -2147483648}
# - name: TYC2
#   datatype: string
#   description: Tycho-2 cross-id name, Hog et al., Cat. I/259 (tyc2_original_ext_source_id)
#   meta: !!omap
#   - {ucd: ID_CROSSID}
#   - {_votable_string_dtype: char}
# - name: Source
#   datatype: int64
#   description: Source identifier, identical to the Gaia-EDR3 source_id (id)
#   meta: !!omap
#   - {ucd: ID_MAIN}
#   - {width: 19}
# - name: rgeo
#   unit: pc
#   datatype: float64
#   format: '{:15.8f}'
#   description: '? Median of the geometric distance posterior (r_med_geo)'
#   meta: !!omap
#   - {ucd: PHYS_DISTANCE_TRUE}
#   - {width: 15}
#   - {precision: '8'}
#   - values: {'null': .nan}
# - name: Plx
#   unit: mas
#   datatype: float64
#   format: '{:9.4f}'
#   description: '? Parallax (parallax)'
#   meta: !!omap
#   - {ucd: POS_PARLX_TRIG}
#   - {width: 9}
#   - {precision: '4'}
#   - values: {'null': .nan}
# - name: e_Plx
#   unit: mas
#   datatype: float32
#   format: '{:7.4f}'
#   description: '? Standard error of parallax (parallax_error)'
#   meta: !!omap
#   - {ucd: ERROR}
#   - {width: 7}
#   - {precision: '4'}
#   - values: {'null': .nan}
# - name: pmRA
#   unit: mas / yr
#   datatype: float64
#   format: '{:9.3f}'
#   description: '? Proper motion in right ascension direction, pmRA*cosDE (pmra)'
#   meta: !!omap
#   - {ucd: POS_EQ_PMRA}
#   - {width: 9}
#   - {precision: '3'}
#   - values: {'null': .nan}
# - name: pmDE
#   unit: mas / yr
#   datatype: float64
#   format: '{:9.3f}'
#   description: '? Proper motion in declination direction (pmdec)'
#   meta: !!omap
#   - {ucd: POS_EQ_PMDEC}
#   - {width: 9}
#   - {precision: '3'}
#   - values: {'null': .nan}
# - name: e_pmRA
#   unit: mas / yr
#   datatype: float32
#   format: '{:6.3f}'
#   description: '? Standard error of proper motion in right ascension direction (pmra_error)'
#   meta: !!omap
#   - {ucd: ERROR}
#   - {width: 6}
#   - {precision: '3'}
#   - values: {'null': .nan}
# - name: e_pmDE
[...]
#         value: !astropy.table.SerializedColumn {name: SkyCoord.dec}
#       distance: !astropy.table.SerializedColumn
#         __class__: astropy.coordinates.distances.Distance
#         unit: !astropy.units.Unit {unit: pc}
#         value: !astropy.table.SerializedColumn {name: SkyCoord.distance}
#       frame: icrs
#       obstime: !astropy.time.Time {format: jyear_str, in_subfmt: '*', jd1: 367701545.0, jd2: 0.0, out_subfmt: '*', precision: 3, scale: tt}
#       pm_dec: !astropy.table.SerializedColumn
#         __class__: astropy.units.quantity.Quantity
#         unit: !astropy.units.Unit {unit: mas / yr}
#         value: !astropy.table.SerializedColumn {name: SkyCoord.pm_dec}
#       pm_ra_cosdec: !astropy.table.SerializedColumn
#         __class__: astropy.units.quantity.Quantity
#         unit: !astropy.units.Unit {unit: mas / yr}
#         value: !astropy.table.SerializedColumn {name: SkyCoord.pm_ra_cosdec}
#       ra: !astropy.table.SerializedColumn
#         __class__: astropy.coordinates.angles.Longitude
#         unit: *id001
#         value: !astropy.table.SerializedColumn {name: SkyCoord.ra}
#         wrap_angle: !astropy.coordinates.Angle
#           unit: *id001
#           value: 360.0
#       representation_type: spherical
# schema: astropy-2.0
RA_ICRS_1 DE_ICRS_1 e_RA_ICRS e_DE_ICRS _r_1 HIP TYC2 Source rgeo Plx e_Plx pmRA pmDE e_pmRA e_pmDE RUWE Teff logg Gmag BP-RP BPmag RPmag RV e_RV b_rgeo B_rgeo FG e_FG FBP e_FBP FRP e_FRP RAVE5 RAVE6 e_Gmag e_BPmag e_RPmag e_BP-RP SkyCoord.ra SkyCoord.dec SkyCoord.distance SkyCoord.pm_ra_cosdec SkyCoord.pm_dec rmRA rmDE e_rmRA e_rmDE rRV e_rRV v_pec v_pec3d e_vpec e_vpec3d
[from data line 722]
37.8587543082 61.4735287502 0.0311 0.0415 11.3648 "" "" 465542745143673472 2131.4397 0.4528 0.0552 -1.182 -0.203 0.054 0.065 1.004 9797.9 4.0369 16.845127 1.723768 17.532907 15.809139 "" "" 1892.27502 2400.02051 3442.6762 1.8669 1325.1 23.241 3762.7 64.338 "" "" 0.0028175246443096777 0.019246109 0.018945675 0.038191784 37.8587543082 61.4735287502 2131.4397 -1.182 -0.20299999999999982 -0.468513864994049 0.5540139169692992 0.17254336 0.18354335 "" "" 7.330345685217909 "" 1.3124171664697075 ""
38.21395348071 61.73848293171 0.0316 0.0393 15.3015 "" "" 465541954878451456 2027.24695 0.4838 0.0573 -0.969 -1.983 0.056 0.058 0.936 7469.3 4.3314 16.849045 1.66859 17.634281 15.965692 "" "" 1823.65881 2299.71509 3430.27582 1.6979 1207.0 8.6764 3257.5 7.1248 "" "" 0.002807240834974863 0.008288456 0.0044635218 0.012751978 38.21395348071 61.73848293171 2027.24695 -0.9690000000000007 -1.982999999999999 -0.25551386499404904 -1.2259860830307008 0.17454335 0.17654335 "" "" 12.033822826988418 "" 2.123494992442506 ""
37.98130952247 61.59853536126 0.0316 0.042 10.4026 "" "" 465550918469505152 2536.22827 0.3761 0.056 -0.358 -0.948 0.057 0.069 0.996 9406.0 4.3526 16.850222 1.667211 17.632572 15.965362 "" "" 2221.36963 2994.5083 3426.55746 1.6413 1208.9 10.084 3258.5 8.4314 "" "" 0.002803970894302228 0.00947669 0.00470916 0.01418585 37.98130952247 61.59853536126 2536.22827 -0.3580000000000002 -0.9480000000000001 0.35548613500595094 -0.19098608303070064 0.17554335 0.18754336 "" "" 4.851268701474064 "" 0.8649881132136064 ""
38.67883092659 61.31541514883 0.0342 0.0478 15.8388 "" "" 465481481737795840 2610.67188 0.3708 0.0606 -1.828 -0.06 0.058 0.071 1.016 9238.6 4.2539 16.850233 1.405584 17.484716 16.079132 "" "" 2176.33301 3170.08203 3426.52092 1.8591 1385.3 7.7799 2934.3 10.466 "" "" 0.002817588265365825 0.006705595 0.005411156 0.012116751 38.67883092659 61.31541514883 2610.67188 -1.8280000000000007 -0.05999999999999943 -1.1145138649940491 0.6970139169692993 0.17654335 0.18954337 "" "" 16.266670749799218 "" 2.932768992550039 ""
37.52153334001 61.38845437722 0.0323 0.0405 21.8067 "" "" 465519346169903872 2470.45825 0.3803 0.0594 -1.494 -0.782 0.054 0.056 0.954 9478.2 4.2699 16.850494 1.780958 17.706984 15.926025 "" "" 2170.69019 2782.94482 3425.69493 1.692 1128.8 7.9815 3378.7 9.3856 "" "" 0.002807020653293124 0.008168319 0.0048353085 0.013003628 37.52153334001 61.38845437722 2470.45825 -1.494 -0.782 -0.7805138649940491 -0.024986083030700712 0.17254336 0.17454335 "" "" 9.144477575525052 "" 1.5778377340894225 ""
37.84542484457 61.61771631067 0.0302 0.0423 14.181 "" "" 465546078047178752 2106.51685 0.4426 0.0579 3.945 -6.11 0.054 0.071 1.001 7635.5 4.1316 16.850964 2.340705 18.090876 15.750171 "" "" 1890.76953 2367.33032 3424.21579 1.722 792.62 4.6236 3972.7 8.2747 "" "" 0.0028088984387415407 0.006920801 0.004404313 0.0113251135 37.84542484457 61.61771631067 2106.51685 3.9449999999999985 -6.1099999999999985 4.658486135005951 -5.352986083030701 0.17254336 0.18954337 "" "" 70.85470417436755 "" 12.924704572235987 ""
38.83866909371 61.68896801633 0.0364 0.0442 20.7074 "" "" 465867032361191552 2366.69897 0.4348 0.0624 0.558 -0.37 0.058 0.06 0.982 8284.7 4.4737 16.851168 1.493231 17.532299 16.039068 "" "" 2061.03955 2793.09399 3423.57545 1.9127 1325.9 10.123 3044.6 7.9316 "" "" 0.0028213000689959826 0.008746376 0.0047206027 0.013466978 38.83866909371 61.68896801633 2366.69897 0.5580000000000002 -0.37 1.271486135005951 0.3870139169692993 0.17654335 0.17854336 "" "" 14.9098361005517 "" 2.634774029770834 ""
37.67899645467 61.69007495918 0.0301 0.039 20.5629 "" "" 465550304294951168 1887.18591 0.5173 0.0586 0.307 0.203 0.057 0.063 0.987 8358.7 4.4682 16.854359 1.884351 17.78126 15.896909 "" "" 1717.15674 2110.37378 3413.526 1.5781 1054.2 8.3557 3470.5 9.7498 "" "" 0.0028006673456047906 0.00904668 0.0048566894 0.01390337 37.67899645467 61.69007495918 1887.18591 0.307 0.203 1.0204861350059509 0.9600139169692994 0.17554335 0.18154335 "" "" 12.533005850593282 "" 2.2357059331302467 ""
38.77711085817 61.39013167387 0.035 0.0457 16.0109 "" "" 465483577681592448 2269.39355 0.4238 0.0598 0.031 -0.43 0.059 0.066 1.019 9262.9 4.2829 16.854366 1.47706 17.520437 16.043377 "" "" 2009.5033 2609.68188 3413.50473 1.6772 1340.4 7.9813 3032.5 10.971 "" "" 0.0028064885276132107 0.0070413286 0.0054509435 0.012492272 38.77711085817 61.39013167387 2269.39355 0.031000000000000305 -0.43000000000000016 0.744486135005951 0.3270139169692993 0.17754336 0.18454336 "" "" 8.746893270380985 "" 1.5630180774855216 ""
38.62813900305 61.53426258529 0.0318 0.0452 11.099 "" "" 465488933499663360 1774.87708 0.5412 0.0572 -0.314 -1.193 0.051 0.06 0.94 4940.5 4.3596 16.854712 1.658825 17.647417 15.988592 "" "" 1571.35547 1954.52246 3412.41816 1.7406 1192.5 7.4954 3189.5 6.878 "" "" 0.0028104261723021534 0.0073726987 0.0044458504 0.011818549 38.62813900305 61.53426258529 1774.87708 -0.3140000000000001 -1.193000000000001 0.3994861350059509 -0.43598608303070074 0.16954336 0.17854336 "" "" 4.974823708401063 "" 0.8680738640185751 ""
37.91061744007 61.57556538441 0.032 0.0438 11.2682 "" "" 465545184694006016 2359.07886 0.4153 0.0566 -1.854 0.602 0.057 0.072 1.022 8323.0 4.2501 16.85574 1.721989 17.673899 15.95191 "" "" 2088.7854 2697.9729 3409.18622 1.6314 1163.7 8.275 3299.1 8.9481 "" "" 0.002803877654720265 0.0082093105 0.0047912137 0.013000524 37.91061744007 61.57556538441 2359.07886 -1.853999999999999 0.6020000000000016 -1.1405138649940492 1.3590139169692992 0.17554335 0.19054335 "" "" 19.838865184639097 "" 3.6601232701762565 ""
38.40601864918 61.36484476907 0.0347 0.0473 8.3733 "" "" 465486051582687488 1984.1283 0.4857 0.0596 1.192 -1.278 0.057 0.064 1.014 9162.4 3.6254 16.855856 2.051051 17.894663 15.843612 "" "" 1778.43713 2319.86572 3408.82125 1.8958 949.62 7.2617 3645.1 15.207 "" "" 0.0028207085224283062 0.008758869 0.0058992254 0.014658094 38.40601864918 61.36484476907 1984.1283 1.1920000000000008 -1.277999999999999 1.9054861350059509 -0.5209860830307007 0.17554335 0.18254337 "" "" 18.578414056413063 "" 3.270530063950059 ""
37.97281969946 61.19832877593 0.0335 0.0428 18.9748 "" "" 465501169868377728 2363.90918 0.4046 0.0589 -2.302 0.375 0.053 0.054 1.033 7995.7 4.0458 16.85592 1.424946 17.502066 16.07712 "" "" 1998.58887 2745.87866 3408.61921 1.6142 1363.3 7.7865 2939.7 9.7279 "" "" 0.00280288348651007 0.006799987 0.0052146306 0.012014618 37.97281969946 61.19832877593 2363.90918 -2.302 0.37499999999999994 -1.5885138649940491 1.1320139169692993 0.17154336 0.17254336 "" "" 21.856310944129284 "" 3.7566803652231844 ""
38.05013869359 61.20492974709 0.0343 0.0438 17.7609 "" "" 465501032429413376 2400.46313 0.4024 0.0587 -3.437 2.087 0.054 0.056 0.991 8363.1 4.4256 16.856216 1.809831 17.732294 15.922463 "" "" 2119.56006 2813.77686 3407.69327 1.7591 1102.8 6.7353 3389.8 8.2347 "" "" 0.0028117465831605185 0.007194186 0.004608721 0.011802907 38.05013869359 61.20492974709 2400.46313 -3.4369999999999994 2.0870000000000006 -2.723513864994049 2.8440139169692995 0.17254336 0.17454335 "" "" 44.80458634732793 "" 7.7776056320470115 ""
38.7176377076 61.3875155825 0.035 0.0464 14.4895 "" "" 465483989998708608 2411.71191 0.3926 0.0616 -5.475 1.251 0.059 0.069 1.024 7227.2 4.3491 16.86192 1.600164 17.60735 16.007185 "" "" 2075.73999 2817.08887 3389.83617 1.9531 1237.3 6.7414 3135.3 9.2288 "" "" 0.0028254409785775 0.0065406007 0.004949482 0.011490082 38.7176377076 61.3875155825 2411.71191 -5.475 1.251 -4.761513864994049 2.008013916969299 0.17754336 0.18754336 "" "" 59.07354321823947 "" 10.579426234545506 ""
38.41881647006 61.22304231527 0.036 0.0469 16.364 "" "" 465475468783581952 2509.55957 0.3917 0.0613 -0.725 -0.425 0.061 0.067 1.024 "" "" 16.866293 1.761025 17.698732 15.937707 "" "" 2191.35352 3067.08179 3376.21337 1.892 1137.4 5.935 3342.5 10.764 "" "" 0.0028216989332926225 0.0063152183 0.0051486744 0.011463893 38.41881647006 61.22304231527 2509.55957 -0.7249999999999999 -0.4249999999999999 -0.01151386499404905 0.3320139169692993 0.17954336 0.18554336 "" "" 3.951783363442656 "" 0.733199135811406 ""
38.25795571238 61.17110267448 0.0354 0.0456 18.786 "" "" 465476877532566016 1966.01233 0.4858 0.0604 0.627 -3.394 0.059 0.059 1.038 8271.2 4.3052 16.867176 1.77054 17.719099 15.948559 "" "" 1781.70056 2248.33594 3373.46762 1.7321 1116.3 6.6897 3309.3 8.6293 "" "" 0.002811149421100572 0.0070795547 0.0047221994 0.011801754 38.25795571238 61.17110267448 1966.01233 0.6270000000000004 -3.394 1.340486135005951 -2.636986083030701 0.17754336 0.17754336 "" "" 27.566616357055192 "" 4.894269609566708 ""
37.7854111582 61.27491720224 0.0347 0.0428 18.4303 "" "" 465505533555116800 2317.92749 0.4137 0.0623 -1.362 1.477 0.06 0.058 1.025 8943.8 4.2316 16.868011 1.677984 17.66452 15.986536 "" "" 2041.41699 2707.49707 3370.87094 1.9608 1173.8 6.129 3195.5 7.9358 "" "" 0.0028267753763880007 0.0063185906 0.0046426314 0.0109612215 37.7854111582 61.27491720224 2317.92749 -1.3620000000000005 1.4770000000000003 -0.6485138649940492 2.2340139169692996 0.17854336 0.17654335 "" "" 25.558334016861906 "" 4.5161475394664015 ""
38.39215818733 61.58912349123 0.0316 0.0421 7.4201 "" "" 465537144515174912 2061.25293 0.46 0.0553 -3.074 0.091 0.053 0.058 1.0 7259.5 4.3385 16.869131 1.461128 17.534977 16.073849 "" "" 1855.6001 2333.95435 3367.39428 1.5989 1322.6 6.7814 2948.6 7.6714 "" "" 0.0028031335578809096 0.006227012 0.004718374 0.010945385 38.39215818733 61.58912349123 2061.25293 -3.074 0.09099999999999961 -2.360513864994049 0.8480139169692993 0.17154336 0.17654335 "" "" 24.50613163596981 "" 4.218050529797366 ""
38.64727489225 61.30694971529 0.0355 0.047 15.4982 "" "" 465482134572622848 1774.29138 0.5554 0.0615 -0.281 -3.745 0.064 0.074 0.944 8227.4 4.39 16.869156 1.67282 17.664824 15.992003 "" "" 1573.17578 2087.09448 3367.32184 1.6807 1173.5 7.9155 3179.5 8.0653 "" "" 0.002808106032393236 0.007837023 0.004676432 0.012513455 38.64727489225 61.30694971529 1774.29138 -0.2810000000000006 -3.7449999999999974 0.4324861350059509 -2.987986083030701 0.18254337 0.19254336 "" "" 25.39125250289812 "" 4.883839332866472 ""
38.44911948118 61.5231518728 0.0336 0.0475 6.0332 "" "" 465535632686733056 2039.39062 0.4877 0.0587 -3.409 -4.721 0.057 0.065 0.989 7643.3 4.4312 16.87071 1.625988 17.63087 16.004883 "" "" 1788.74658 2349.29834 3362.50168 1.7477 1210.8 10.468 3142.0 7.6286 "" "" 0.0028125168797780093 0.009792664 0.0046079047 0.014400569 38.44911948118 61.5231518728 2039.39062 -3.4089999999999994 -4.721 -2.695513864994049 -3.9639860830307008 0.17554335 0.18354335 "" "" 46.3387312827156 "" 8.389721274920952 ""
37.9887792403 61.1871376939 0.0347 0.0449 19.3986 "" "" 465501101148906240 2307.99634 0.434 0.0595 -1.719 1.382 0.055 0.057 1.019 7870.5 4.2829 16.877632 1.682995 17.667294 15.984299 "" "" 1927.19312 2776.99023 3341.13293 1.6015 1170.8 7.8327 3202.1 7.9351 "" "" 0.002804038296685271 0.0077810804 0.0046392684 0.012420349 37.9887792403 61.1871376939 2307.99634 -1.7189999999999999 1.3819999999999997 -1.0055138649940492 2.139013916969299 0.17354336 0.17554335 "" "" 25.857169067795 "" 4.529738476849978 ""
38.32315442314 61.54655663423 0.0331 0.0454 4.2217 "" "" 465536800917831168 2068.80981 0.4731 0.0572 -2.022 0.955 0.058 0.066 0.909 8524.6 4.4439 16.87817 1.57089 17.606665 16.035774 "" "" 1866.57336 2331.19653 3339.47787 1.9683 1238.1 7.1465 3053.9 8.9215 "" "" 0.002828658406880116 0.006860084 0.0049339756 0.01179406 38.32315442314 61.54655663423 2068.80981 -2.0220000000000002 0.9549999999999986 -1.3085138649940489 1.7120139169692994 0.17654335 0.18454336 "" "" 21.13039485893317 "" 3.8380049288612303 ""
37.65189323883 61.32963263726 0.0365 0.0477 19.6404 "" "" 465518006140125056 1795.90723 0.5361 0.066 -1.043 -0.166 0.06 0.067 1.103 "" "" 16.879011 1.684358 17.672016 15.987659 "" "" 1593.97485 2039.74231 3336.89592 1.9214 1165.8 11.233 3192.2 11.068 "" "" 0.002825354717239217 0.010827237 0.0053343163 0.016161554 37.65189323883 61.32963263726 1795.90723 -1.043 -0.16600000000000023 -0.329513864994049 0.5910139169692993 0.17854336 0.18554336 "" "" 5.760186933641818 "" 1.0593415964932862 ""
38.76197147859 61.44352570584 0.0364 0.048 14.7398 "" "" 465484745912676352 2156.33325 0.4503 0.0623 -1.264 0.088 0.066 0.077 0.967 7684.2 4.3014 16.87904 1.579281 17.609467 16.030186 "" "" 1868.16663 2551.11694 3336.80585 1.8005 1234.9 8.8895 3069.6 10.82 "" "" 0.0028169149286845995 0.008298841 0.0053787003 0.013677541 38.76197147859 61.44352570584 2156.33325 -1.264 0.08800000000000034 -0.5505138649940491 0.8450139169692993 0.18454336 0.19554335 "" "" 10.308110014446598 "" 1.9825746277017853 ""
38.26797503105 61.36925202892 0.0334 0.0432 6.9071 "" "" 465527386349650688 2136.72925 0.4415 0.0574 -0.507 -0.547 0.057 0.062 0.999 9340.0 4.138 16.87999 2.015405 17.89169 15.876285 "" "" 1938.76831 2432.73682 3333.88852 1.8205 952.23 6.9722 3537.1 8.541 "" "" 0.002818384539315793 0.008425155 0.004599687 0.013024842 38.26797503105 61.36925202892 2136.72925 -0.507 -0.5470000000000002 0.20648613500595092 0.21001391696929927 0.17554335 0.18054336 "" "" 2.9829328505010033 "" 0.5312700271431569 ""
38.32968328131 61.63522032965 0.032 0.0441 9.3104 "" "" 465540438749368832 1983.61853 0.501 0.0594 -0.474 -0.327 0.055 0.061 1.023 7112.1 4.3226 16.882717 1.847671 17.790232 15.942561 "" "" 1786.06702 2299.84399 3325.52357 3.5485 1045.5 9.0664 3327.6 9.9352 "" "" 0.002988978471206443 0.009820046 0.0049791764 0.014799222 38.32968328131 61.63522032965 1983.61853 -0.47399999999999987 -0.3270000000000001 0.23948613500595095 0.4300139169692993 0.17354336 0.17954336 "" "" 4.627882822529719 "" 0.8244165487524473 ""
38.1304171803 61.50277776272 0.0337 0.0447 3.7326 "" "" 465537694271083648 1856.35132 0.5321 0.0604 0.78 -0.249 0.06 0.062 1.059 4912.8 4.3346 16.887379 1.626877 17.644888 16.018011 "" "" 1690.13892 2040.60608 3311.27288 1.7915 1195.3 6.7611 3104.2 11.345 "" "" 0.0028172411191944254 0.006745471 0.005479899 0.01222537 38.1304171803 61.50277776272 1856.35132 0.78 -0.24900000000000005 1.493486135005951 0.5080139169692993 0.17854336 0.18054336 "" "" 13.880791367578839 "" 2.4812165743505936 ""
38.96272875278 61.43490337439 0.0371 0.0444 20.5078 "" "" 465859232700734336 1923.98328 0.5176 0.0614 -0.685 -0.31 0.062 0.059 0.982 8824.6 4.4481 16.893522 1.988057 17.88752 15.899463 "" "" 1692.71985 2158.17017 3292.58916 6.2985 955.89 8.9734 3462.4 22.06 "" "" 0.0034504300959484297 0.010567337 0.007882657 0.018449996 38.96272875278 61.43490337439 1923.98328 -0.6849999999999993 -0.3100000000000001 0.028486135005950874 0.4470139169692993 0.18054336 0.17754336 "" "" 4.084893258400059 "" 0.7252956433311272 ""
38.55542499012 61.61391085028 0.0353 0.0481 11.5933 "" "" 465911768742276992 2195.64038 0.4311 0.0614 2.62 -2.238 0.055 0.062 1.065 7130.1 4.3199 16.894737 1.627727 17.667288 16.03956 "" "" 1931.35376 2515.46533 3288.90671 1.7018 1170.9 8.1583 3043.2 7.0424 "" "" 0.0028120113687699288 0.008063065 0.0045383507 0.012601416 38.55542499012 61.61391085028 2195.64038 2.62 -2.238 3.333486135005951 -1.4809860830307007 0.17354336 0.18054336 "" "" 37.96245830430555 "" 6.632670727012394 ""
