Clusters/IC_1805/IC_1805_members.tsv
# %ECSV 1.0
# ---
# datatype:
# - name: RA_ICRS_1
#   unit: deg
#   datatype: float64
#   format: '{:15.11f}'
#   description: Right ascension (ICRS) at Ep=2016.0 (ra)
#   meta: !!omap
#   - {ucd: POS_EQ_RA_MAIN}
#   - {width: 15}
#   - {precision: '11'}
# - name: DE_ICRS_1
#   unit: deg
#   datatype: float64
#   format: '{:15.11f}'
#   description: Declination (ICRS) at Ep=2016.0 (dec)
#   meta: !!omap
#   - {ucd: POS_EQ_DEC_MAIN}
#   - {width: 15}
#   - {precision: '11'}
# - name: e_RA_ICRS
#   unit: mas
#   datatype: float64
#   format: '{:7.4f}'
#   description: Standard error of right ascension (ra_error)
#   meta: !!omap
#   - {ucd: ERROR}
#   - {width: 7}
#   - {precision: '4'}
# - name: e_DE_ICRS
#   unit: mas
#   datatype: float64
#   format: '{:7.4f}'
#   description: Standard error of declination (dec_error)
#   meta: !!omap
#   - {ucd: ERROR}
#   - {width: 7}
#   - {precision: '4'}
# - name: _r_1
#   unit: ''
#   datatype: float64
#   format: '{:7.4f}'
#   description: Distance from center (038.25481723000+61.48419856000)[ICRS], at Epoch=J2016.0
#   meta: !!omap
#   - {ucd: POS_ANG_DIST_GENERAL}
#   - {width: 7}
#   - {precision: '4'}
# - name: HIP
#   datatype: int32
#   description: '? HIP cross-id number, van Leeuwen, Cat. I/311 (hip_original_ext_source_id)'
#   meta: !!omap
#   - {ucd: ID_NUMBER}
#   - {width: 6}
#   - values: {'null': -2147483648}
# - name: TYC2
#   datatype: string
#   description: Tycho-2 cross-id name, Hog et al., Cat. I/259 (tyc2_original_ext_source_id)
#   meta: !!omap
#   - {ucd: ID_CROSSID}
#   - {_votable_string_dtype: char}
# - name: Source
#   datatype: int64
#   description: Source identifier, identical to the Gaia-EDR3 source_id (id)
#   meta: !!omap
#   - {ucd: ID_MAIN}
#   - {width: 19}
# - name: rgeo
#   unit: pc
#   datatype: float64
#   format: '{:15.8f}'
#   description: '? Median of the geometric distance posterior (r_med_geo)'
#   meta: !!omap
#   - {ucd: PHYS_DISTANCE_TRUE}
#   - {width: 15}
#   - {precision: '8'}
#   - values: {'null': .nan}
# - name: Plx
#   unit: mas
#   datatype: float64
#   format: '{:9.4f}'
#   description: '? Parallax (parallax)'
#   meta: !!omap
#   - {ucd: POS_PARLX_TRIG}
#   - {width: 9}
#   - {precision: '4'}
#   - values: {'null': .nan}
# - name: e_Plx
#   unit: mas
#   datatype: float32
#   format: '{:7.4f}'
#   description: '? Standard error of parallax (parallax_error)'
#   meta: !!omap
#   - {ucd: ERROR}
#   - {width: 7}
#   - {precision: '4'}
#   - values: {'null': .nan}
# - name: pmRA
#   unit: mas / yr
#   datatype: float64
#   format: '{:9.3f}'
#   description: '? Proper motion in right ascension direction, pmRA*cosDE (pmra)'
#   meta: !!omap
#   - {ucd: POS_EQ_PMRA}
#   - {width: 9}
#   - {precision: '3'}
#   - values: {'null': .nan}
# - name: pmDE
#   unit: mas / yr
#   datatype: float64
#   format: '{:9.3f}'
#   description: '? Proper motion in declination direction (pmdec)'
#   meta: !!omap
#   - {ucd: POS_EQ_PMDEC}
#   - {width: 9}
#   - {precision: '3'}
#   - values: {'null': .nan}
# - name: e_pmRA
#   unit: mas / yr
#   datatype: float32
#   format: '{:6.3f}'
#   description: '? Standard error of proper motion in right ascension direction (pmra_error)'
#   meta: !!omap
#   - {ucd: ERROR}
#   - {width: 6}
#   - {precision: '3'}
#   - values: {'null': .nan}
# - name: e_pmDE
[...]
#       distance: !astropy.table.SerializedColumn
#         __class__: astropy.coordinates.distances.Distance
#         unit: !astropy.units.Unit {unit: pc}
#         value: !astropy.table.SerializedColumn {name: SkyCoord.distance}
#       frame: icrs
#       obstime: !astropy.time.Time {format: jyear_str, in_subfmt: '*', jd1: 367701545.0, jd2: 0.0, out_subfmt: '*', precision: 3, scale: tt}
#       pm_dec: !astropy.table.SerializedColumn
#         __class__: astropy.units.quantity.Quantity
#         unit: !astropy.units.Unit {unit: mas / yr}
#         value: !astropy.table.SerializedColumn {name: SkyCoord.pm_dec}
#       pm_ra_cosdec: !astropy.table.SerializedColumn
#         __class__: astropy.units.quantity.Quantity
#         unit: !astropy.units.Unit {unit: mas / yr}
#         value: !astropy.table.SerializedColumn {name: SkyCoord.pm_ra_cosdec}
#       ra: !astropy.table.SerializedColumn
#         __class__: astropy.coordinates.angles.Longitude
#         unit: *id001
#         value: !astropy.table.SerializedColumn {name: SkyCoord.ra}
#         wrap_angle: !astropy.coordinates.Angle
#           unit: *id001
#           value: 360.0
#       representation_type: spherical
# schema: astropy-2.0
RA_ICRS_1 DE_ICRS_1 e_RA_ICRS e_DE_ICRS _r_1 HIP TYC2 Source rgeo Plx e_Plx pmRA pmDE e_pmRA e_pmDE RUWE Teff logg Gmag BP-RP BPmag RPmag RV e_RV b_rgeo B_rgeo FG e_FG FBP e_FBP FRP e_FRP RAVE5 RAVE6 e_Gmag e_BPmag e_RPmag e_BP-RP SkyCoord.ra SkyCoord.dec SkyCoord.distance SkyCoord.pm_ra_cosdec SkyCoord.pm_dec rmRA rmDE e_rmRA e_rmDE rRV e_rRV v_pec v_pec3d e_vpec e_vpec3d Pmemb
[from data line 31]
38.58181706729 61.35291149981 0.0087 0.0123 12.2537 "" "" 465482478169985792 1927.54236 0.4831 0.0163 -0.529 -0.97 0.015 0.018 1.017 12789.1 3.7496 13.70877 1.146049 14.184984 13.038935 "" "" 1864.50647 1998.78015 61864.13 16.617 28935.0 31.154 48260.0 34.178 "" "" 0.0027707110524019625 0.003025163 0.0038568084 0.0068819714 38.58181706729 61.35291149981 1927.54236 -0.5289999999999999 -0.97 0.1844861350059509 -0.21298608303070066 0.13354336 0.13654336 "" "" 2.5744687011381444 "" 0.34823684083706874 "" 1.0
38.18000480195 61.46789395471 0.0089 0.0114 2.3562 "" "" 465534670614128512 1980.96497 0.4737 0.0167 -0.556 -0.997 0.016 0.015 0.975 "" "" 13.733232 1.103027 14.187017 13.083989 "" "" 1906.36926 2042.48035 60485.81831 15.508 28881.0 31.921 46298.0 44.957 "" "" 0.0027693466252768323 0.0030372844 0.0039236783 0.006960963 38.18000480195 61.46789395471 1980.96497 -0.5560000000000002 -0.9969999999999988 0.15748613500595088 -0.23998608303070068 0.13454336 0.13354336 "" "" 2.6952937295475397 "" 0.3607520073017833 "" 0.8
38.17018642774 61.45558841843 0.0089 0.0107 2.9713 "" "" 465528722079282688 2084.74878 0.4428 0.015 -0.725 -0.852 0.015 0.015 1.069 "" "" 13.80305 1.32351 14.377134 13.053624 "" "" 2026.60999 2143.55737 56718.78241 9.9252 24242.0 41.091 47611.0 52.896 "" "" 0.002761862884291312 0.0033424497 0.0039672134 0.007309663 38.17018642774 61.45558841843 2084.74878 -0.725 -0.852 -0.01151386499404905 -0.09498608303070066 0.13354336 0.13354336 "" "" 0.9454955012257455 "" 0.12626464350136463 "" 1.0
38.18224003621 61.46935508995 0.0089 0.0112 2.2621 "" "" 465534670614128000 1941.05554 0.4852 0.0164 -0.659 -0.844 0.016 0.017 0.967 "" "" 13.82337 1.148602 14.305145 13.156544 "" "" 1881.46997 1998.55994 55667.11202 8.7753 25904.0 19.038 43305.0 20.389 "" "" 0.0027606309363679797 0.0029020307 0.0038137962 0.0067158267 38.18224003621 61.46935508995 1941.05554 -0.6589999999999997 -0.8439999999999998 0.0544861350059509 -0.08698608303070066 0.13454336 0.13554336 "" "" 0.9443655134282072 "" 0.12773706993220862 "" 1.0
38.11434996854 61.4502583801 0.0087 0.0107 4.5115 "" "" 465531612597433728 1922.57056 0.4868 0.0144 -0.773 -0.716 0.014 0.015 0.969 6797.4 3.2875 13.848604 1.003094 14.255904 13.252811 "" "" 1866.28101 1978.73816 54388.22812 8.4533 27105.0 20.746 39631.0 21.48 "" "" 0.002760482968156481 0.0029112946 0.0038249213 0.006736216 38.11434996854 61.4502583801 1922.57056 -0.773 -0.716 -0.05951386499404909 0.04101391696929935 0.13254336 0.13354336 "" "" 0.6586640179334496 "" 0.08751417028796118 "" 1.0
38.54278007104 61.41122008778 0.0092 0.0129 9.3471 "" "" 465485914143803136 2010.94482 0.4634 0.0166 -0.489 -0.752 0.016 0.019 1.014 6330.9 3.4371 13.854919 1.317651 14.415732 13.098082 "" "" 1951.2699 2066.76709 54072.8831 98.166 23395.0 118.38 45701.0 289.91 "" "" 0.0033877683882271564 0.006161804 0.007856298 0.014018102 38.54278007104 61.41122008778 2010.94482 -0.489 -0.752 0.22448613500595094 0.005013916969299315 0.13454336 0.13754335 "" "" 2.140308205046676 "" 0.28796749298599045 "" 1.0
38.18620568559 61.41080340625 0.0143 0.0195 4.8233 "" "" 465528314062570880 1874.38123 0.5073 0.0255 -0.378 -0.637 0.023 0.026 1.762 7978.9 3.6868 13.865582 1.051407 14.296164 13.244757 "" "" 1800.28296 1961.63806 53544.36503 10.37 26119.0 22.167 39926.0 17.609 "" "" 0.0027633322842365413 0.0029383888 0.0038095969 0.0067479857 38.18620568559 61.41080340625 1874.38123 -0.3779999999999999 -0.637 0.3354861350059509 0.1200139169692993 0.14154336 0.14454335 "" "" 3.1656285474930357 "" 0.4491612415869532 "" 0.8
37.98250918945 61.53722254448 0.0119 0.0177 8.4177 "" "" 465533158776491520 2137.17896 0.4335 0.0233 -0.895 -0.835 0.021 0.029 1.271 "" "" 14.113274 0.818891 14.047048 13.228157 "" "" 2041.90247 2225.65747 42622.3286 26.302 32855.0 2395.3 40541.0 1860.5 "" "" 0.002835611336458829 0.07920496 0.049969528 0.12917449 37.98250918945 61.53722254448 2137.17896 -0.8950000000000001 -0.835 -0.1815138649940491 -0.07798608303070065 0.13954335 0.14754336 "" "" 2.001306328241734 "" 0.2818237060713088 "" 0.9
38.21008087245 61.42832775009 0.0102 0.0124 3.5892 "" "" 465528451501511168 2135.37891 0.4385 0.0169 -0.79 -0.658 0.016 0.017 0.967 6448.8 3.4329 14.150551 1.266122 14.69243 13.426308 "" "" 2065.0874 2214.32837 41183.81205 8.8299 18132.0 19.552 33778.0 17.977 "" "" 0.0027651361448135132 0.0030258452 0.0038233004 0.0068491455 38.21008087245 61.42832775009 2135.37891 -0.7899999999999994 -0.6580000000000006 -0.07651386499404911 0.09901391696929929 0.13454336 0.13554336 "" "" 1.266552511469583 "" 0.1712003328429377 "" 1.0
38.30730060539 61.56948069983 0.0094 0.0125 5.3326 "" "" 465536869637292416 1997.45764 0.4667 0.0163 -0.684 -0.645 0.016 0.018 0.949 "" "" 14.157423 0.943151 14.535164 13.592013 "" "" 1926.93213 2067.20264 40923.95766 6.8824 20958.0 16.224 28997.0 19.237 "" "" 0.0027613637913099093 0.0029140129 0.0038474079 0.0067614205 38.30730060539 61.56948069983 1997.45764 -0.6839999999999998 -0.6450000000000004 0.029486135005950875 0.1120139169692993 0.13454336 0.13654336 "" "" 1.0966709574466262 "" 0.14960198007998535 "" 1.0
38.41090530726 61.62628124572 0.0094 0.0123 9.6215 "" "" 465537488112522240 2014.02502 0.4682 0.0162 -0.625 -0.675 0.015 0.017 0.999 "" "" 14.158477 0.830844 14.481929 13.651085 "" "" 1951.4502 2079.21509 40884.26029 7.4214 22011.0 21.531 27461.0 13.433 "" "" 0.0027623598561750144 0.002985468 0.0038165168 0.0068019847 38.41090530726 61.62628124572 2014.02502 -0.625 -0.675 0.08848613500595093 0.08201391696929927 0.13354336 0.13554336 "" "" 1.1517690393402062 "" 0.15487981656646937 "" 0.8
38.19615417118 61.3794445298 0.0101 0.0126 6.5067 "" "" 465527523788603392 2017.63574 0.4621 0.0174 -0.806 -0.897 0.017 0.017 1.035 "" "" 14.286553 1.602487 15.025894 13.423408 "" "" 1949.39685 2120.1853 36335.01352 7.6087 13337.0 16.813 33868.0 22.254 "" "" 0.0027646845883419545 0.003107799 0.0038461266 0.006953926 38.19615417118 61.3794445298 2017.63574 -0.8060000000000003 -0.897 -0.09251386499404912 -0.1399860830307007 0.13554336 0.13554336 "" "" 1.6047162203888847 "" 0.21750863045407504 "" 1.0
38.30256153892 61.46691115971 0.0114 0.015 1.7167 "" "" 465533742901182720 1920.2334 0.4863 0.0203 -0.595 -0.758 0.021 0.02 0.941 "" "" 14.392159 1.000883 14.795907 13.795024 "" "" 1848.47485 2002.63147 32967.30069 5.6865 16484.0 13.588 24052.0 17.388 "" "" 0.002761677447852628 0.0029301965 0.0038600282 0.0067902245 38.30256153892 61.46691115971 1920.2334 -0.5950000000000002 -0.7579999999999995 0.11848613500595095 -0.0009860830307006907 0.13954335 0.13854335 "" "" 1.078487047445369 "" 0.15049562597247607 "" 1.0
38.1777586624 61.47002916613 0.0124 0.0159 2.3658 "" "" 465534670614127872 2120.75024 0.4481 0.0226 -0.701 -0.683 0.022 0.023 1.041 7725.8 3.2655 14.480656 1.409164 15.10758 13.698417 "" "" 1996.91272 2258.42676 30386.75262 12.219 12370.0 26.611 26290.0 31.532 "" "" 0.002789695663347199 0.0036387513 0.003997438 0.0076361895 38.1777586624 61.47002916613 2120.75024 -0.701 -0.6829999999999999 0.012486135005950971 0.07401391696929926 0.14054336 0.14154336 "" "" 0.7545271646619688 "" 0.10677750135461085 "" 1.0
38.21020145346 61.48260935788 0.0116 0.0148 1.2816 "" "" 465534636254376832 2068.84619 0.4489 0.0202 -0.727 -0.747 0.02 0.021 1.097 "" "" 14.489256 1.691999 15.288362 13.596362 -53.61 5.4 1980.5907 2134.10205 30147.02695 11.699 10473.0 17.117 28881.0 31.924 "" "" 0.002787348815184861 0.0033066552 0.003965356 0.007272011 38.21020145346 61.48260935788 2068.84619 -0.727 -0.747 -0.013513864994049052 0.010013916969299319 0.13854335 0.13954335 -47.91285714285714 6.4823613 0.16493976958583934 47.91314104417939 0.022909909578238578 6.482322907010367 1.0
38.26235619457 61.47846264502 0.0119 0.015 0.4063 "" "" 465534567534898560 2076.03638 0.4506 0.0197 -0.623 -0.696 0.021 0.022 1.039 9771.9 3.8585 14.514944 0.993167 14.905405 13.912238 "" "" 2001.47266 2180.98828 29442.11836 6.2229 14902.0 24.785 21591.0 17.204 "" "" 0.002764860078528574 0.0033235443 0.003877135 0.0072006793 38.26235619457 61.47846264502 2076.03638 -0.6229999999999999 -0.696 0.09048613500595093 0.061013916969299364 0.13954335 0.14054336 "" "" 1.0739329819990082 "" 0.15019670237865887 "" 0.9
38.48833721657 61.44106520676 0.0129 0.0164 7.1765 "" "" 465486738777514368 2217.13599 0.4216 0.022 -0.425 -0.827 0.023 0.023 0.939 6997.1 3.2358 14.604448 1.040636 15.028939 13.988303 "" "" 2112.81665 2323.98608 27112.36006 10.657 13300.0 16.761 20130.0 32.912 "" "" 0.002788175103599086 0.0031076064 0.00417551 0.007283116 38.48833721657 61.44106520676 2217.13599 -0.4249999999999997 -0.8269999999999995 0.28848613500595094 -0.06998608303070064 0.14154336 0.14154336 "" "" 3.119705438506205 "" 0.4415735854977202 "" 0.9
38.27320971272 61.36920630366 0.0118 0.0153 6.9197 "" "" 465527386349650560 2069.39258 0.4495 0.0205 -0.661 -0.89 0.02 0.022 0.964 "" "" 14.663468 1.242443 15.192717 13.950273 "" "" 1992.86035 2153.34937 25677.88537 5.0693 11437.0 11.9 20847.0 15.451 "" "" 0.0027636448973817293 0.0030101906 0.0038641014 0.006874292 38.27320971272 61.36920630366 2069.39258 -0.6610000000000001 -0.8900000000000008 0.052486135005950896 -0.1329860830307007 0.13854335 0.14054336 "" "" 1.402370150498747 "" 0.19671813262708418 "" 0.9
38.34104810229 61.54107859031 0.0117 0.0165 4.2115 "" "" 465536594759402624 1969.57886 0.4701 0.021 -0.555 -0.98 0.02 0.023 1.009 4752.5 2.8171 14.668969 2.283892 15.876532 13.59264 -40.36 1.92 1884.95764 2058.26855 25548.13767 6.2116 6092.6 10.662 28980.0 15.704 "" "" 0.002767936785130492 0.0033756716 0.0038249032 0.0072005745 38.34104810229 61.54107859031 1969.57886 -0.5550000000000003 -0.9800000000000004 0.15848613500595088 -0.22298608303070067 0.13854335 0.14154336 -34.66285714285714 3.002361 2.5539976074271467 34.756820468576606 0.3589481272590165 2.994360497471505 0.8
38.14135489917 61.49172359343 0.0118 0.016 3.2808 "" "" 465537694271090816 1975.09814 0.4734 0.0209 -0.758 -0.654 0.021 0.022 1.013 "" "" 14.718992 0.983187 15.114615 14.131429 "" "" 1915.93311 2034.927 24397.74621 4.5954 12291.0 11.699 17644.0 14.196 "" "" 0.0027628989373574457 0.0029754073 0.003879025 0.0068544326 38.14135489917 61.49172359343 1975.09814 -0.758 -0.654 -0.04451386499404908 0.10301391696929929 0.13954335 0.14054336 "" "" 1.0506006867051323 "" 0.1474901372994299 "" 1.0
38.30018216258 61.35494134844 0.0125 0.0165 7.864 "" "" 465480382225858304 2211.4082 0.4207 0.0218 -0.624 -0.924 0.021 0.022 0.963 "" "" 14.732199 1.173054 15.226102 14.053048 "" "" 2112.82202 2316.60596 24102.78834 4.7195 11091.0 14.501 18964.0 11.433 "" "" 0.0027635097300053825 0.0031305237 0.0038356467 0.0069661704 38.30018216258 61.35494134844 2211.4082 -0.6239999999999996 -0.9239999999999985 0.08948613500595093 -0.16698608303070073 0.13954335 0.14054336 "" "" 1.9858517071967954 "" 0.27865643353671254 "" 1.0
38.45891673304 61.47767146135 0.0138 0.018 5.86 "" "" 465488491124107904 2049.62109 0.4564 0.0235 -0.683 -0.697 0.025 0.025 1.036 8965.5 3.7629 14.758322 0.977465 15.152709 14.175244 "" "" 1940.06274 2150.78564 23529.78985 5.1417 11867.0 11.833 16946.0 12.63 "" "" 0.0027655159951660894 0.0029928458 0.0038650413 0.006857887 38.45891673304 61.47767146135 2049.62109 -0.6830000000000003 -0.6970000000000001 0.030486135005950876 0.060013916969299363 0.14354336 0.14354336 "" "" 0.6539620278807489 "" 0.09387190850615719 "" 1.0
38.19741146431 61.60487416689 0.012 0.0165 7.4242 "" "" 465538690703408256 2031.57166 0.4614 0.0218 -0.796 -0.517 0.021 0.025 1.018 "" "" 14.832729 1.084646 15.278752 14.194106 "" "" 1948.30005 2128.93604 21971.25449 4.3734 10566.0 11.617 16654.0 12.975 "" "" 0.0027637828976888592 0.0030348063 0.0038728872 0.0069076936 38.19741146431 61.60487416689 2031.57166 -0.796 -0.517 -0.08251386499404911 0.2400139169692993 0.13954335 0.14354336 "" "" 2.444019850028868 "" 0.34980243002190975 "" 1.0
38.21383786447 61.3792718139 0.013 0.0168 6.4045 "" "" 465527558148340480 1998.64722 0.4669 0.0227 -0.744 -0.885 0.023 0.024 0.976 7197.8 3.604 14.972612 1.59445 15.695006 14.100556 "" "" 1917.52258 2085.60059 19315.31727 6.2526 7201.4 39.332 18152.0 45.372 "" "" 0.002777646059013393 0.0065536047 0.0046528243 0.011206429 38.21383786447 61.3792718139 1998.64722 -0.7439999999999999 -0.8849999999999995 -0.030513864994049067 -0.1279860830307007 0.14154336 0.14254336 "" "" 1.2464712174927217 "" 0.17760937757856038 "" 1.0
38.17277885855 61.43159550933 0.0147 0.0188 3.9361 "" "" 465528692019680512 1889.24963 0.4956 0.0251 -0.627 -0.79 0.024 0.026 1.024 7182.3 3.7053 15.098789 1.951048 16.067438 14.11639 -87.13 9.01 1811.71606 1979.92163 17196.13958 5.8341 5110.2 9.8166 17890.0 19.996 "" "" 0.0027798336625725383 0.0034835478 0.0039694365 0.0074529843 38.17277885855 61.43159550933 1889.24963 -0.627 -0.79 0.08648613500595093 -0.03298608303070072 0.14254336 0.14454335 -81.43285714285713 10.092361 0.8289068411789464 81.43707576405436 0.11836698617919707 10.09183871539814 1.0
38.26157007865 61.3871465947 0.0144 0.0188 5.8263 "" "" 465527386349642880 1970.19897 0.4758 0.0249 -0.771 -0.791 0.024 0.026 0.995 9200.1 3.7927 15.112493 1.458041 15.765546 14.307505 "" "" 1877.81372 2059.8606 16980.4728 4.2787 6748.4 11.745 15002.0 11.491 "" "" 0.0027688691039581196 0.0033698287 0.0038697992 0.0072396277 38.26157007865 61.3871465947 1970.19897 -0.7710000000000001 -0.7910000000000001 -0.05751386499404909 -0.03398608303070072 0.14254336 0.14454335 "" "" 0.6238740686712311 "" 0.08925371042995757 "" 1.0
38.1797811555 61.51632913937 0.0142 0.0181 2.8864 "" "" 465537762990544128 2265.74854 0.4005 0.0246 -0.735 -0.743 0.025 0.026 1.037 5304.9 3.3894 15.200162 2.016553 16.19723 14.180676 146.45 12.86 2133.24194 2387.79688 15663.24684 127.3 4534.5 170.8 16861.0 350.43 "" "" 0.009244279983049582 0.04099125 0.022879668 0.06387092 38.1797811555 61.51632913937 2265.74854 -0.7350000000000001 -0.743 -0.02151386499404906 0.014013916969299323 0.14354336 0.14454335 152.14714285714285 13.942361 0.2757468706801526 152.14739273457343 0.03966397887534346 13.942337980108254 1.0
38.22086437013 61.48800029496 0.0154 0.0195 0.9989 "" "" 465534739333586944 2089.38037 0.4436 0.027 -0.854 -0.657 0.026 0.027 1.029 "" "" 15.320706 1.181669 15.819014 14.637344 "" "" 1982.55176 2221.3772 14017.29113 3.1592 6424.1 10.268 11072.0 10.207 "" "" 0.0027661649292436033 0.0032858236 0.0039096745 0.007195498 38.22086437013 61.48800029496 2089.38037 -0.8539999999999999 -0.6569999999999998 -0.14051386499404905 0.10001391696929929 0.14454335 0.14554335 "" "" 1.7081142916422793 "" 0.24747225347705548 "" 1.0
37.77763630072 61.68222246959 0.0146 0.019 18.0777 "" "" 465549410941749760 1835.58081 0.5184 0.0291 -0.867 -0.437 0.028 0.031 1.056 6345.2 3.7122 15.338152 1.880554 16.262497 14.381943 -12.85 7.12 1734.64929 1920.90344 13793.86161 8.4898 4269.9 12.709 14008.0 23.925 "" "" 0.00283519684527605 0.0042694616 0.0042098067 0.008479268 37.77763630072 61.68222246959 1835.58081 -0.8669999999999991 -0.43700000000000017 -0.15351386499404907 0.3200139169692993 0.14654335 0.14954336 -7.1528571428571395 8.202361 3.088124118038956 7.7910125063778635 0.46008953064124575 7.532720364211919 0.8
38.06423810181 61.61110872023 0.0142 0.0197 9.3627 "" "" 465539618416351488 2077.1394 0.4499 0.0264 -0.719 -0.492 0.025 0.032 0.964 7343.1 3.9518 15.3613 1.613365 16.11431 14.500944 "" "" 1951.52979 2207.97241 13502.88087 3.4034 4894.3 10.248 12554.0 11.492 "" "" 0.0027688768557315884 0.0035990726 0.003907882 0.0075069545 38.06423810181 61.61110872023 2077.1394 -0.7189999999999999 -0.4919999999999999 -0.005513864994049045 0.2650139169692993 0.14354336 0.15054336 "" "" 2.6097965124386 "" 0.39287981975469 "" 0.8
