Clusters/IC_1805/IC_1805_members.tsv
# %ECSV 1.0
# ---
# datatype:
# - name: RA_ICRS_1
#   unit: deg
#   datatype: float64
#   format: '{:15.11f}'
#   description: Right ascension (ICRS) at Ep=2016.0 (ra)
#   meta: !!omap
#   - {ucd: POS_EQ_RA_MAIN}
#   - {width: 15}
#   - {precision: '11'}
# - name: DE_ICRS_1
#   unit: deg
#   datatype: float64
#   format: '{:15.11f}'
#   description: Declination (ICRS) at Ep=2016.0 (dec)
#   meta: !!omap
#   - {ucd: POS_EQ_DEC_MAIN}
#   - {width: 15}
#   - {precision: '11'}
# - name: e_RA_ICRS
#   unit: mas
#   datatype: float64
#   format: '{:7.4f}'
#   description: Standard error of right ascension (ra_error)
#   meta: !!omap
#   - {ucd: ERROR}
#   - {width: 7}
#   - {precision: '4'}
# - name: e_DE_ICRS
#   unit: mas
#   datatype: float64
#   format: '{:7.4f}'
#   description: Standard error of declination (dec_error)
#   meta: !!omap
#   - {ucd: ERROR}
#   - {width: 7}
#   - {precision: '4'}
# - name: _r_1
#   unit: ''
#   datatype: float64
#   format: '{:7.4f}'
#   description: Distance from center (038.25481723000+61.48419856000)[ICRS], at Epoch=J2016.0
#   meta: !!omap
#   - {ucd: POS_ANG_DIST_GENERAL}
#   - {width: 7}
#   - {precision: '4'}
# - name: HIP
#   datatype: int32
#   description: '? HIP cross-id number, van Leeuwen, Cat. I/311 (hip_original_ext_source_id)'
#   meta: !!omap
#   - {ucd: ID_NUMBER}
#   - {width: 6}
#   - values: {'null': -2147483648}
# - name: TYC2
#   datatype: string
#   description: Tycho-2 cross-id name, Hog et al., Cat. I/259 (tyc2_original_ext_source_id)
#   meta: !!omap
#   - {ucd: ID_CROSSID}
#   - {_votable_string_dtype: char}
# - name: Source
#   datatype: int64
#   description: Source identifier, identical to the Gaia-EDR3 source_id (id)
#   meta: !!omap
#   - {ucd: ID_MAIN}
#   - {width: 19}
# - name: rgeo
#   unit: pc
#   datatype: float64
#   format: '{:15.8f}'
#   description: '? Median of the geometric distance posterior (r_med_geo)'
#   meta: !!omap
#   - {ucd: PHYS_DISTANCE_TRUE}
#   - {width: 15}
#   - {precision: '8'}
#   - values: {'null': .nan}
# - name: Plx
#   unit: mas
#   datatype: float64
#   format: '{:9.4f}'
#   description: '? Parallax (parallax)'
#   meta: !!omap
#   - {ucd: POS_PARLX_TRIG}
#   - {width: 9}
#   - {precision: '4'}
#   - values: {'null': .nan}
# - name: e_Plx
#   unit: mas
#   datatype: float32
#   format: '{:7.4f}'
#   description: '? Standard error of parallax (parallax_error)'
#   meta: !!omap
#   - {ucd: ERROR}
#   - {width: 7}
#   - {precision: '4'}
#   - values: {'null': .nan}
# - name: pmRA
#   unit: mas / yr
#   datatype: float64
#   format: '{:9.3f}'
#   description: '? Proper motion in right ascension direction, pmRA*cosDE (pmra)'
#   meta: !!omap
#   - {ucd: POS_EQ_PMRA}
#   - {width: 9}
#   - {precision: '3'}
#   - values: {'null': .nan}
# - name: pmDE
#   unit: mas / yr
#   datatype: float64
#   format: '{:9.3f}'
#   description: '? Proper motion in declination direction (pmdec)'
#   meta: !!omap
#   - {ucd: POS_EQ_PMDEC}
#   - {width: 9}
#   - {precision: '3'}
#   - values: {'null': .nan}
# - name: e_pmRA
#   unit: mas / yr
#   datatype: float32
#   format: '{:6.3f}'
#   description: '? Standard error of proper motion in right ascension direction (pmra_error)'
#   meta: !!omap
#   - {ucd: ERROR}
#   - {width: 6}
#   - {precision: '3'}
#   - values: {'null': .nan}
# - name: e_pmDE
[...]
#       distance: !astropy.table.SerializedColumn
#         __class__: astropy.coordinates.distances.Distance
#         unit: !astropy.units.Unit {unit: pc}
#         value: !astropy.table.SerializedColumn {name: SkyCoord.distance}
#       frame: icrs
#       obstime: !astropy.time.Time {format: jyear_str, in_subfmt: '*', jd1: 367701545.0, jd2: 0.0, out_subfmt: '*', precision: 3, scale: tt}
#       pm_dec: !astropy.table.SerializedColumn
#         __class__: astropy.units.quantity.Quantity
#         unit: !astropy.units.Unit {unit: mas / yr}
#         value: !astropy.table.SerializedColumn {name: SkyCoord.pm_dec}
#       pm_ra_cosdec: !astropy.table.SerializedColumn
#         __class__: astropy.units.quantity.Quantity
#         unit: !astropy.units.Unit {unit: mas / yr}
#         value: !astropy.table.SerializedColumn {name: SkyCoord.pm_ra_cosdec}
#       ra: !astropy.table.SerializedColumn
#         __class__: astropy.coordinates.angles.Longitude
#         unit: *id001
#         value: !astropy.table.SerializedColumn {name: SkyCoord.ra}
#         wrap_angle: !astropy.coordinates.Angle
#           unit: *id001
#           value: 360.0
#       representation_type: spherical
# schema: astropy-2.0
RA_ICRS_1 DE_ICRS_1 e_RA_ICRS e_DE_ICRS _r_1 HIP TYC2 Source rgeo Plx e_Plx pmRA pmDE e_pmRA e_pmDE RUWE Teff logg Gmag BP-RP BPmag RPmag RV e_RV b_rgeo B_rgeo FG e_FG FBP e_FBP FRP e_FRP RAVE5 RAVE6 e_Gmag e_BPmag e_RPmag e_BP-RP SkyCoord.ra SkyCoord.dec SkyCoord.distance SkyCoord.pm_ra_cosdec SkyCoord.pm_dec rmRA rmDE e_rmRA e_rmDE rRV e_rRV v_pec v_pec3d e_vpec e_vpec3d Pmemb
[from data line 62]
38.05060667888 61.60478548905 0.0152 0.0214 9.2969 "" "" 465539240459235584 1874.03528 0.5 0.0276 -0.712 -0.64 0.027 0.034 1.046 9268.7 3.8542 15.416074 1.174755 15.901963 14.727208 "" "" 1799.21924 1967.19556 12838.58266 3.6223 5951.6 9.3653 10192.0 9.479 "" "" 0.0027722965896405266 0.0032716943 0.0039119544 0.0071836486 38.05060667888 61.60478548905 1874.03528 -0.7120000000000001 -0.64 0.0014861350059509615 0.1170139169692993 0.14554335 0.15254337 "" "" 1.0395099367188723 "" 0.1585691980701469 "" 1.0
37.82474426541 61.28094640335 0.0183 0.0222 17.3629 "" "" 465505499195374720 2110.84912 0.4454 0.0313 -0.751 -0.745 0.029 0.03 1.049 9507.8 3.6305 15.419951 1.277254 15.958708 14.681454 "" "" 1981.99854 2244.57397 12792.81983 3.9697 5648.5 10.716 10631.0 9.7263 "" "" 0.0027758419825969307 0.0034681119 0.0039077424 0.007375854 37.82474426541 61.28094640335 2110.84912 -0.7509999999999997 -0.7450000000000001 -0.03751386499404907 0.01201391696929932 0.14754336 0.14854336 "" "" 0.39412030949492277 "" 0.058186607355022145 "" 1.0
38.03293784519 61.4142482654 0.0179 0.0219 7.6222 "" "" 465531131561124736 1982.92737 0.4707 0.0293 -0.806 -0.979 0.029 0.031 1.075 7487.4 3.5882 15.480252 1.855568 16.382196 14.526628 "" "" 1878.5127 2101.75928 12101.68813 44.146 3824.2 55.07 12260.0 124.3 "" "" 0.004824807931831349 0.015882041 0.011638636 0.027520677 38.03293784519 61.4142482654 1982.92737 -0.806 -0.9790000000000001 -0.09251386499404912 -0.22198608303070066 0.14754336 0.14954336 "" "" 2.2604070981758553 "" 0.33736368816379986 "" 0.9
38.59564612629 61.37912913518 0.0188 0.0289 11.6351 "" "" 465485570546428544 1897.24255 0.4909 0.0357 -0.413 -0.913 0.032 0.042 1.055 7450.6 3.8201 15.674413 1.608245 16.422825 14.81458 "" "" 1770.72473 2044.82605 10120.02789 3.4611 3683.7 9.6839 9404.3 12.73 "" "" 0.002780228999839387 0.0039914567 0.0040550856 0.008046542 38.59564612629 61.37912913518 1897.24255 -0.413 -0.913 0.30048613500595095 -0.15598608303070072 0.15054336 0.16054335 "" "" 3.04465559592426 "" 0.4649824186302173 "" 1.0
38.70687196344 61.4903135947 0.0195 0.0279 12.9526 "" "" 465863149710895872 1772.48157 0.5336 0.037 -0.548 -1.089 0.033 0.041 1.008 5362.4 3.5327 15.676402 1.756209 16.520687 14.764478 "" "" 1690.90613 1872.9967 10101.50051 3.1512 3366.2 8.4435 9848.4 8.7306 "" "" 0.0027760595586185624 0.0038989487 0.0039000183 0.007798967 38.70687196344 61.4903135947 1772.48157 -0.548 -1.089 0.16548613500595089 -0.33198608303070065 0.15154335 0.15954337 "" "" 3.1165202268734475 "" 0.49235868056463883 "" 0.9
38.14683948659 61.64872022138 0.0172 0.0232 10.3421 "" "" 465541198964271744 2005.20728 0.4619 0.0317 -0.771 -0.415 0.03 0.036 0.971 9317.1 4.2538 15.77704 1.282214 16.33439 15.052176 "" "" 1893.58728 2156.83838 9207.27285 2.877 3996.3 10.498 7555.9 9.0698 "" "" 0.002776128061633749 0.0039899657 0.003997781 0.007987747 38.14683948659 61.64872022138 2005.20728 -0.7709999999999999 -0.41500000000000004 -0.05751386499404909 0.34201391696929934 0.14854336 0.15454336 "" "" 3.296376327583705 "" 0.5088994169720791 "" 0.8
38.08726431414 61.45533444899 0.023 0.0288 5.1044 "" "" 465531681316909056 1982.16638 0.4853 0.0397 -0.741 -0.824 0.039 0.04 1.035 6515.7 3.7753 16.10086 2.070017 17.151546 15.08153 "" "" 1858.63599 2150.47607 6832.86153 5.8472 1882.8 9.736 7354.4 20.548 "" "" 0.002907755959450256 0.0062694615 0.0048462315 0.011115693 38.08726431414 61.45533444899 1982.16638 -0.7410000000000002 -0.824 -0.027513864994049064 -0.06698608303070064 0.15754336 0.15854335 "" "" 0.6803868649738051 "" 0.10777286181525664 "" 0.9
38.32280885755 61.46898618538 0.0265 0.0323 2.1513 "" "" 465534120858301568 2023.65222 0.4768 0.0447 -0.789 -0.635 0.049 0.046 1.029 6788.5 3.9604 16.16755 2.02059 17.183653 15.163063 "" "" 1844.37354 2248.98828 6425.79534 6.7903 1827.9 10.511 6822.3 24.117 "" "" 0.002984651327070269 0.0068384316 0.0053865365 0.0122249685 38.32280885755 61.46898618538 2023.65222 -0.7889999999999999 -0.635 -0.0755138649940491 0.12201391696929931 0.16754335 0.16454336 "" "" 1.3763841030944697 "" 0.2276259337985718 "" 0.9
38.1703649649 61.46342784835 0.0266 0.0336 2.7219 "" "" 465528795098871808 2069.99072 0.4622 0.0445 -0.91 -0.805 0.044 0.046 1.015 "" "" 16.335543 2.020641 17.321865 15.301224 "" "" 1894.29321 2250.85986 5504.64667 8.2896 1609.4 15.531 6007.2 25.871 "" "" 0.0032039266254887564 0.010842698 0.0060123033 0.016855001 38.1703649649 61.46342784835 2069.99072 -0.9100000000000004 -0.8050000000000006 -0.1965138649940491 -0.04798608303070073 0.16254336 0.16454336 "" "" 1.9847987627985502 "" 0.32284052576459815 "" 0.8
38.15420530624 61.46996514726 0.0262 0.0328 3.0064 "" "" 465528795098867968 2017.27539 0.472 0.045 -0.698 -0.821 0.047 0.046 1.0 "" "" 16.354162 2.084312 17.419811 15.3355 "" "" 1851.18286 2196.10596 5411.0498 13.895 1470.6 16.435 5820.5 47.573 "" "" 0.003919826566133788 0.012450538 0.009645386 0.022095922 38.15420530624 61.46996514726 2017.27539 -0.698 -0.8209999999999998 0.015486135005950974 -0.06398608303070064 0.16554335 0.16454336 "" "" 0.6294916148824597 "" 0.10361359758934746 "" 0.9
