Clusters/IC_1805/IC_1805_stars_in_region.tsv
# %ECSV 1.0
# ---
# datatype:
# - name: RA_ICRS_1
#   unit: deg
#   datatype: float64
#   format: '{:15.11f}'
#   description: Right ascension (ICRS) at Ep=2016.0 (ra)
#   meta: !!omap
#   - {ucd: POS_EQ_RA_MAIN}
#   - {width: 15}
#   - {precision: '11'}
# - name: DE_ICRS_1
#   unit: deg
#   datatype: float64
#   format: '{:15.11f}'
#   description: Declination (ICRS) at Ep=2016.0 (dec)
#   meta: !!omap
#   - {ucd: POS_EQ_DEC_MAIN}
#   - {width: 15}
#   - {precision: '11'}
# - name: e_RA_ICRS
#   unit: mas
#   datatype: float64
#   format: '{:7.4f}'
#   description: Standard error of right ascension (ra_error)
#   meta: !!omap
#   - {ucd: ERROR}
#   - {width: 7}
#   - {precision: '4'}
# - name: e_DE_ICRS
#   unit: mas
#   datatype: float64
#   format: '{:7.4f}'
#   description: Standard error of declination (dec_error)
#   meta: !!omap
#   - {ucd: ERROR}
#   - {width: 7}
#   - {precision: '4'}
# - name: _r_1
#   unit: ''
#   datatype: float64
#   format: '{:7.4f}'
#   description: Distance from center (038.25481723000+61.48419856000)[ICRS], at Epoch=J2016.0
#   meta: !!omap
#   - {ucd: POS_ANG_DIST_GENERAL}
#   - {width: 7}
#   - {precision: '4'}
# - name: HIP
#   datatype: int32
#   description: '? HIP cross-id number, van Leeuwen, Cat. I/311 (hip_original_ext_source_id)'
#   meta: !!omap
#   - {ucd: ID_NUMBER}
#   - {width: 6}
#   - values: {'null': -2147483648}
# - name: TYC2
#   datatype: string
#   description: Tycho-2 cross-id name, Hog et al., Cat. I/259 (tyc2_original_ext_source_id)
#   meta: !!omap
#   - {ucd: ID_CROSSID}
#   - {_votable_string_dtype: char}
# - name: Source
#   datatype: int64
#   description: Source identifier, identical to the Gaia-EDR3 source_id (id)
#   meta: !!omap
#   - {ucd: ID_MAIN}
#   - {width: 19}
# - name: rgeo
#   unit: pc
#   datatype: float64
#   format: '{:15.8f}'
#   description: '? Median of the geometric distance posterior (r_med_geo)'
#   meta: !!omap
#   - {ucd: PHYS_DISTANCE_TRUE}
#   - {width: 15}
#   - {precision: '8'}
#   - values: {'null': .nan}
# - name: Plx
#   unit: mas
#   datatype: float64
#   format: '{:9.4f}'
#   description: '? Parallax (parallax)'
#   meta: !!omap
#   - {ucd: POS_PARLX_TRIG}
#   - {width: 9}
#   - {precision: '4'}
#   - values: {'null': .nan}
# - name: e_Plx
#   unit: mas
#   datatype: float32
#   format: '{:7.4f}'
#   description: '? Standard error of parallax (parallax_error)'
#   meta: !!omap
#   - {ucd: ERROR}
#   - {width: 7}
#   - {precision: '4'}
#   - values: {'null': .nan}
# - name: pmRA
#   unit: mas / yr
#   datatype: float64
#   format: '{:9.3f}'
#   description: '? Proper motion in right ascension direction, pmRA*cosDE (pmra)'
#   meta: !!omap
#   - {ucd: POS_EQ_PMRA}
#   - {width: 9}
#   - {precision: '3'}
#   - values: {'null': .nan}
# - name: pmDE
#   unit: mas / yr
#   datatype: float64
#   format: '{:9.3f}'
#   description: '? Proper motion in declination direction (pmdec)'
#   meta: !!omap
#   - {ucd: POS_EQ_PMDEC}
#   - {width: 9}
#   - {precision: '3'}
#   - values: {'null': .nan}
# - name: e_pmRA
#   unit: mas / yr
#   datatype: float32
#   format: '{:6.3f}'
#   description: '? Standard error of proper motion in right ascension direction (pmra_error)'
#   meta: !!omap
#   - {ucd: ERROR}
#   - {width: 6}
#   - {precision: '3'}
#   - values: {'null': .nan}
# - name: e_pmDE
[...]
#         value: !astropy.table.SerializedColumn {name: SkyCoord.dec}
#       distance: !astropy.table.SerializedColumn
#         __class__: astropy.coordinates.distances.Distance
#         unit: !astropy.units.Unit {unit: pc}
#         value: !astropy.table.SerializedColumn {name: SkyCoord.distance}
#       frame: icrs
#       obstime: !astropy.time.Time {format: jyear_str, in_subfmt: '*', jd1: 367701545.0, jd2: 0.0, out_subfmt: '*', precision: 3, scale: tt}
#       pm_dec: !astropy.table.SerializedColumn
#         __class__: astropy.units.quantity.Quantity
#         unit: !astropy.units.Unit {unit: mas / yr}
#         value: !astropy.table.SerializedColumn {name: SkyCoord.pm_dec}
#       pm_ra_cosdec: !astropy.table.SerializedColumn
#         __class__: astropy.units.quantity.Quantity
#         unit: !astropy.units.Unit {unit: mas / yr}
#         value: !astropy.table.SerializedColumn {name: SkyCoord.pm_ra_cosdec}
#       ra: !astropy.table.SerializedColumn
#         __class__: astropy.coordinates.angles.Longitude
#         unit: *id001
#         value: !astropy.table.SerializedColumn {name: SkyCoord.ra}
#         wrap_angle: !astropy.coordinates.Angle
#           unit: *id001
#           value: 360.0
#       representation_type: spherical
# schema: astropy-2.0
RA_ICRS_1 DE_ICRS_1 e_RA_ICRS e_DE_ICRS _r_1 HIP TYC2 Source rgeo Plx e_Plx pmRA pmDE e_pmRA e_pmDE RUWE Teff logg Gmag BP-RP BPmag RPmag RV e_RV b_rgeo B_rgeo FG e_FG FBP e_FBP FRP e_FRP RAVE5 RAVE6 e_Gmag e_BPmag e_RPmag e_BP-RP SkyCoord.ra SkyCoord.dec SkyCoord.distance SkyCoord.pm_ra_cosdec SkyCoord.pm_dec rmRA rmDE e_rmRA e_rmDE rRV e_rRV v_pec v_pec3d e_vpec e_vpec3d
[from data line 123]
38.09877425801 61.17057636265 0.3416 0.4581 19.3461 "" "" 465453959589394560 1941.43774 1.0172 0.6068 -0.288 0.719 0.551 0.581 6.243 "" "" 14.140001 1.407085 14.600025 13.19294 -26.93 5.63 1165.52173 3106.14893 41585.89765 276.89 19743.0 22.451 41878.0 40.848 "" "" 0.007736406133629994 0.0030511357 0.0039249556 0.0069760913 38.09877425801 61.17057636265 1941.43774 -0.28800000000000014 0.719 0.42548613500595095 1.4760139169692992 0.6695434 0.69954336 -21.23285714285714 6.7123613 14.135986238887842 25.508044405540105 9.856845132465065 7.813889086529098
38.73502033669 61.5154653536 0.0093 0.0133 13.8754 "" "" 465863184070620800 2219.05933 0.4242 0.017 -0.655 -0.637 0.015 0.019 1.04 7451.0 3.5306 14.143866 0.805947 14.453338 13.64739 "" "" 2144.4187 2315.40063 41438.17025 8.3818 22599.0 16.789 27555.0 19.023 "" "" 0.0027640585976454776 0.0029044203 0.0038529935 0.006757414 38.73502033669 61.5154653536 2219.05933 -0.655 -0.637 0.0584861350059509 0.1200139169692993 0.13354336 0.13754335 "" "" 1.4042662416288334 "" 0.19208224239889216 ""
38.09276757788 61.64549290427 0.0089 0.0126 10.7281 "" "" 465539755855270016 2011.9209 0.4623 0.0169 -1.03 -0.98 0.016 0.022 1.062 8999.7 3.7087 14.149713 1.151804 14.636143 13.484339 "" "" 1958.20996 2098.18384 41215.62151 6.2123 19097.0 14.477 32020.0 14.565 "" "" 0.0027601758246865947 0.0029090368 0.0038115135 0.0067205504 38.09276757788 61.64549290427 2011.9209 -1.0300000000000002 -0.9799999999999999 -0.3165138649940491 -0.22298608303070067 0.13454336 0.14054336 "" "" 3.692288212487575 "" 0.504229097313629 ""
38.21008087245 61.42832775009 0.0102 0.0124 3.5892 "" "" 465528451501511168 2135.37891 0.4385 0.0169 -0.79 -0.658 0.016 0.017 0.967 6448.8 3.4329 14.150551 1.266122 14.69243 13.426308 "" "" 2065.0874 2214.32837 41183.81205 8.8299 18132.0 19.552 33778.0 17.977 "" "" 0.0027651361448135132 0.0030258452 0.0038233004 0.0068491455 38.21008087245 61.42832775009 2135.37891 -0.7899999999999994 -0.6580000000000006 -0.07651386499404911 0.09901391696929929 0.13454336 0.13554336 "" "" 1.266552511469583 "" 0.1712003328429377 ""
39.02420487058 61.54732261778 0.0094 0.0124 22.3393 "" "" 465861328644706944 2424.94434 0.378 0.0168 -0.393 1.031 0.016 0.017 1.075 "" "" 14.15145 2.016365 15.169928 13.153563 -51.02 1.9 2339.20361 2497.63477 41149.70315 8.6203 11680.0 15.302 43424.0 19.566 "" "" 0.0027646919346954245 0.0031318276 0.0038109126 0.00694274 39.02420487058 61.54732261778 2424.94434 -0.393 1.031 0.3204861350059509 1.7880139169692992 0.13454336 0.13554336 -45.322857142857146 2.982361 20.87938403258278 49.901002566801296 2.8294142941389553 2.9561558471744043
38.30730060539 61.56948069983 0.0094 0.0125 5.3326 "" "" 465536869637292416 1997.45764 0.4667 0.0163 -0.684 -0.645 0.016 0.018 0.949 "" "" 14.157423 0.943151 14.535164 13.592013 "" "" 1926.93213 2067.20264 40923.95766 6.8824 20958.0 16.224 28997.0 19.237 "" "" 0.0027613637913099093 0.0029140129 0.0038474079 0.0067614205 38.30730060539 61.56948069983 1997.45764 -0.6839999999999998 -0.6450000000000004 0.029486135005950875 0.1120139169692993 0.13454336 0.13654336 "" "" 1.0966709574466262 "" 0.14960198007998535 ""
38.41090530726 61.62628124572 0.0094 0.0123 9.6215 "" "" 465537488112522240 2014.02502 0.4682 0.0162 -0.625 -0.675 0.015 0.017 0.999 "" "" 14.158477 0.830844 14.481929 13.651085 "" "" 1951.4502 2079.21509 40884.26029 7.4214 22011.0 21.531 27461.0 13.433 "" "" 0.0027623598561750144 0.002985468 0.0038165168 0.0068019847 38.41090530726 61.62628124572 2014.02502 -0.625 -0.675 0.08848613500595093 0.08201391696929927 0.13354336 0.13554336 "" "" 1.1517690393402062 "" 0.15487981656646937 ""
38.39541089854 61.59236518315 0.0093 0.0122 7.6343 "" "" 465537144515172096 1989.66357 0.4683 0.0162 -1.258 -0.019 0.015 0.017 0.93 "" "" 14.176968 0.9042 14.532146 13.627947 "" "" 1929.64893 2054.6731 40193.85569 6.5347 21016.0 14.995 28053.0 15.781 "" "" 0.0027609687051500984 0.0028957163 0.003828416 0.006724132 38.39541089854 61.59236518315 1989.66357 -1.2580000000000005 -0.01899999999999988 -0.5445138649940491 0.7380139169692993 0.13354336 0.13554336 "" "" 8.649624773744186 "" 1.1663307778843257 ""
38.59983358594 61.16570210859 0.0157 0.0209 21.5372 "" "" 465474437991434240 2544.0061 0.3541 0.0286 3.063 0.35 0.026 0.029 1.666 6072.1 2.0563 14.22549 2.441871 15.544153 13.102283 -26.4 1.17 2355.32153 2748.99146 38437.12584 10.817 8274.8 11.862 45525.0 25.814 "" "" 0.002772210188556192 0.0031949128 0.0038291963 0.0070241094 38.59983358594 61.16570210859 2544.0061 3.062999999999999 0.35 3.776486135005951 1.1070139169692994 0.14454335 0.14754336 -20.702857142857138 2.252361 47.455300613209246 51.77464485795734 6.870720729073489 6.36160142028716
38.4290531754 61.30866020516 0.0105 0.0132 11.661 "" "" 465479248354614272 2067.23389 0.4543 0.0186 -0.595 -1.754 0.018 0.018 1.023 "" "" 14.229631 1.621891 14.977858 13.355967 "" "" 1979.36194 2143.09424 38290.76267 8.4731 13940.0 14.971 36039.0 13.972 "" "" 0.0027657751016241304 0.0030240188 0.0038027503 0.006826769 38.4290531754 61.30866020516 2067.23389 -0.5949999999999989 -1.753999999999998 0.11848613500595095 -0.9969860830307007 0.13654336 0.13654336 "" "" 9.837903956449821 "" 1.3433004943582112 ""
38.56032871352 61.407497815 0.0115 0.0155 9.8969 "" "" 465485845424327040 2019.33789 0.462 0.0204 -1.173 -0.013 0.02 0.022 1.033 "" "" 14.258515 0.999843 14.660549 13.660706 "" "" 1950.14111 2094.49927 37285.54239 7.0651 18672.0 26.728 27219.0 23.467 "" "" 0.0027629902495700373 0.0031938236 0.0038935794 0.007087403 38.56032871352 61.407497815 2019.33789 -1.1729999999999994 -0.012999999999999826 -0.4595138649940491 0.7440139169692993 0.13854335 0.14054336 "" "" 8.37019615334269 "" 1.1717769679290224 ""
38.30267012364 61.44676415056 0.0108 0.0136 2.6317 "" "" 465533708541459968 2042.59241 0.4641 0.0185 -0.456 -0.651 0.018 0.018 0.945 11467.1 3.9023 14.282763 1.019445 14.696889 13.677444 "" "" 1971.30103 2105.21558 36462.07027 8.7904 18058.0 21.31 26803.0 22.348 "" "" 0.002767725423331139 0.0030702902 0.0038862894 0.0069565796 38.30267012364 61.44676415056 2042.59241 -0.456 -0.6509999999999999 0.2574861350059509 0.1060139169692993 0.13654336 0.13654336 "" "" 2.6959853116105217 "" 0.36811890194298846 ""
38.17460394321 61.45583736166 0.0147 0.0172 2.86 "" "" 465528726370386560 2084.84814 0.4453 0.0237 -0.488 -0.973 0.025 0.024 1.301 "" "" 14.285757 0.949542 14.02031 13.070768 "" "" 1983.65808 2181.08032 36361.67047 37.811 33674.0 2767.1 46865.0 3090.7 "" "" 0.0029776598421251237 0.08926203 0.07170289 0.16096492 38.17460394321 61.45583736166 2084.84814 -0.488 -0.9730000000000001 0.22548613500595094 -0.21598608303070066 0.14354336 0.14254336 "" "" 3.085614591834088 "" 0.44144574365785355 ""
38.19615417118 61.3794445298 0.0101 0.0126 6.5067 "" "" 465527523788603392 2017.63574 0.4621 0.0174 -0.806 -0.897 0.017 0.017 1.035 "" "" 14.286553 1.602487 15.025894 13.423408 "" "" 1949.39685 2120.1853 36335.01352 7.6087 13337.0 16.813 33868.0 22.254 "" "" 0.0027646845883419545 0.003107799 0.0038461266 0.006953926 38.19615417118 61.3794445298 2017.63574 -0.8060000000000003 -0.897 -0.09251386499404912 -0.1399860830307007 0.13554336 0.13554336 "" "" 1.6047162203888847 "" 0.21750863045407504 ""
38.00548363275 61.63748343099 0.0095 0.0136 11.6337 "" "" 465551266367639936 2135.61914 0.4438 0.0176 -1.184 -0.295 0.017 0.023 0.999 "" "" 14.307359 0.99196 14.708308 13.716349 "" "" 2055.3916 2203.29102 35645.38938 5.7849 17869.0 16.593 25859.0 16.194 "" "" 0.0027609486417890282 0.0029667367 0.003840057 0.0068067936 38.00548363275 61.63748343099 2135.61914 -1.1839999999999997 -0.29500000000000065 -0.470513864994049 0.46201391696929933 0.13554336 0.14154336 "" "" 6.675241276565106 "" 0.9246621233572297 ""
38.54790798255 61.82399263317 0.0097 0.012 22.031 "" "" 465918297092401920 2012.38367 0.4686 0.0174 0.289 -0.527 0.017 0.017 0.991 9463.8 3.8218 14.319283 0.966103 14.707406 13.741303 "" "" 1951.0697 2081.83911 35256.06247 6.1031 17884.0 13.25 25272.0 15.308 "" "" 0.0027617230826215097 0.002903811 0.0038361761 0.006739987 38.54790798255 61.82399263317 2012.38367 0.289 -0.527 1.0024861350059509 0.2300139169692993 0.13554336 0.13554336 "" "" 9.810888173303264 "" 1.3298007604086752 ""
38.62247545325 61.52627142988 0.0157 0.0222 10.8226 "" "" 465488937800744192 2248.50366 0.4055 0.0275 0.722 1.268 0.027 0.03 1.678 6619.5 2.8612 14.322451 1.938361 15.235113 13.296752 -76.47 2.16 2152.04517 2393.02197 35153.34544 15.246 10999.0 18.094 38059.0 26.734 "" "" 0.0027952675626351942 0.003312884 0.0038555644 0.0071684485 38.62247545325 61.52627142988 2248.50366 0.7220000000000003 1.268000000000002 1.435486135005951 2.025013916969299 0.14554335 0.14854336 -70.77285714285713 3.242361 26.455025347856868 75.55571238707907 3.9033545429911887 3.3304604413094068
38.55904797681 61.15850827021 0.0105 0.0137 21.415 "" "" 465474094393935488 2010.30542 0.4629 0.0185 -1.117 -0.465 0.017 0.019 1.04 "" "" 14.325303 1.485141 14.993156 13.508016 "" "" 1939.73181 2073.08423 35061.09697 6.5211 13745.0 17.878 31329.0 15.146 "" "" 0.002762710383325675 0.0031271998 0.003815658 0.006942858 38.55904797681 61.15850827021 2010.30542 -1.117 -0.46500000000000014 -0.40351386499404907 0.2920139169692993 0.13554336 0.13754335 "" "" 4.746242100782372 "" 0.6465999387666302 ""
37.87948576783 61.5413614272 0.0097 0.0137 11.2754 "" "" 465544669297963264 1962.07727 0.4726 0.0181 3.083 -1.244 0.017 0.022 1.038 4907.7 2.7149 14.326 2.152569 15.440512 13.287943 -30.61 1.5 1891.80493 2038.97864 35038.60756 7.8147 9103.6 15.694 38369.0 18.601 "" "" 0.0027659406093940944 0.0033598284 0.0038158589 0.0071756872 37.87948576783 61.5413614272 1962.07727 3.083 -1.244 3.796486135005951 -0.4869860830307007 0.13554336 0.14054336 -24.91285714285714 2.5823612 35.59755049021243 43.4492353433709 4.827945084548313 4.2235395686217805
37.86763491299 61.78454156679 0.0094 0.0122 21.1318 "" "" 465556282889347968 2105.77637 0.4355 0.0194 2.621 0.398 0.019 0.021 1.012 5717.6 2.8064 14.332032 2.125936 15.426621 13.300686 -18.86 1.74 2020.50659 2189.59204 34844.45768 6.7421 9220.8 12.434 37921.0 17.278 "" "" 0.0027633174308622447 0.0031509674 0.0038116206 0.006962588 37.86763491299 61.78454156679 2105.77637 2.6210000000000004 0.39800000000000035 3.334486135005951 1.1550139169692994 0.13754335 0.13954335 -13.162857142857138 2.822361 35.22289548057146 37.60203683576897 4.852270746839738 4.651398207041011
38.66652601968 61.75640171634 0.0098 0.0123 20.1146 "" "" 465914929838184064 2031.9314 0.4566 0.0172 -0.631 -0.275 0.016 0.017 0.994 7193.2 3.3614 14.344117 1.367839 14.948395 13.580556 "" "" 1972.72498 2088.24268 34458.78935 16.95 14324.0 27.692 29305.0 47.3 "" "" 0.0028066019822834917 0.003491545 0.004165907 0.007657452 38.66652601968 61.75640171634 2031.9314 -0.631 -0.27500000000000024 0.08248613500595092 0.4820139169692993 0.13454336 0.13554336 "" "" 4.709933199406922 "" 0.6382666521826347 ""
38.76227585421 61.2603608374 0.0115 0.0142 19.8286 "" "" 465469387109708544 2362.4646 0.3851 0.0204 -2.379 1.19 0.019 0.02 1.026 "" "" 14.352311 2.080752 15.413838 13.333086 -40.97 2.12 2248.61719 2475.59155 34199.6848 8.6446 9330.0 11.255 36806.0 15.986 "" "" 0.002768954063759026 0.0030822866 0.0038086881 0.006890975 38.76227585421 61.2603608374 2362.4646 -2.379000000000001 1.189999999999998 -1.665513864994049 1.9470139169692993 0.13754335 0.13854335 -35.27285714285714 3.202361 28.691574975941787 45.46846077909936 3.962928764489839 3.5249280051610827
37.72121909499 61.75282695388 0.0096 0.0131 22.167 "" "" 465556420328328576 2408.32959 0.373 0.0197 -2.495 0.651 0.018 0.022 1.02 5013.4 2.6811 14.352429 2.485704 15.708768 13.223063 -90.21 1.18 2299.31885 2542.41504 34195.97468 9.6337 7110.7 8.5838 40732.0 17.47 "" "" 0.00277224606727624 0.0030826759 0.0038079626 0.0068906387 37.72121909499 61.75282695388 2408.32959 -2.495 0.6509999999999997 -1.7815138649940492 1.4080139169692993 0.13654336 0.14054336 -84.51285714285713 2.262361 25.9216793860445 88.39884888753848 3.579654303852332 2.4041637919571155
38.50713447395 61.20247675681 0.011 0.0147 18.3964 "" "" 465475503143191168 2118.18286 0.4391 0.0195 0.133 -1.818 0.018 0.021 1.027 "" "" 14.362671 1.335388 14.94713 13.611742 "" "" 2031.38916 2222.43921 33874.93592 5.5592 14341.0 15.831 28475.0 17.443 "" "" 0.0027610754051580417 0.0030367007 0.0038374567 0.006874157 38.50713447395 61.20247675681 2118.18286 0.13299999999999956 -1.8179999999999987 0.8464861350059509 -1.0609860830307007 0.13654336 0.13954335 "" "" 13.627423264601696 "" 1.8858204922035575 ""
38.14063199029 61.7079678187 0.01 0.0137 13.816 "" "" 465553190512920960 2476.72925 0.3628 0.0194 0.765 -0.417 0.018 0.023 1.021 "" "" 14.363144 2.104706 15.443112 13.338407 -74.09 1.56 2347.73608 2616.35132 33860.1696 7.4431 9081.8 14.2 36627.0 15.728 "" "" 0.002765637441861996 0.003266032 0.0038080302 0.0070740622 38.14063199029 61.7079678187 2476.72925 0.765 -0.41700000000000004 1.478486135005951 0.34001391696929933 0.13654336 0.14154336 -68.39285714285714 2.6423612 17.810055073444925 70.67376436756716 2.4363955916607103 2.629760870388983
38.69008610702 61.43729807804 0.0115 0.0147 12.7906 "" "" 465487597770964864 1920.31702 0.4965 0.0201 -0.425 -1.135 0.019 0.021 1.031 "" "" 14.369029 0.924513 14.730971 13.806458 "" "" 1836.03516 2021.83911 33677.12865 6.311 17500.0 20.237 23800.0 12.079 "" "" 0.002762822284157579 0.0030596473 0.003819341 0.0068789884 38.69008610702 61.43729807804 1920.31702 -0.42499999999999943 -1.1349999999999993 0.28848613500595094 -0.3779860830307007 0.13754335 0.13954335 "" "" 4.328120793094268 "" 0.6007887193663087 ""
38.06148707359 61.35976566967 0.0127 0.0157 9.3022 "" "" 465526527357191808 1982.95129 0.4691 0.0218 -0.969 -1.07 0.022 0.021 1.044 "" "" 14.389681 1.450431 15.04021 13.589779 "" "" 1915.84167 2056.02759 33042.60331 8.6402 13162.0 20.797 29057.0 23.396 "" "" 0.0027699082568725464 0.0032753863 0.003879171 0.0071545574 38.06148707359 61.35976566967 1982.95129 -0.9690000000000005 -1.07 -0.25551386499404904 -0.31298608303070075 0.14054336 0.13954335 "" "" 3.7976402484456524 "" 0.5314575024132965 ""
38.30256153892 61.46691115971 0.0114 0.015 1.7167 "" "" 465533742901182720 1920.2334 0.4863 0.0203 -0.595 -0.758 0.021 0.02 0.941 "" "" 14.392159 1.000883 14.795907 13.795024 "" "" 1848.47485 2002.63147 32967.30069 5.6865 16484.0 13.588 24052.0 17.388 "" "" 0.002761677447852628 0.0029301965 0.0038600282 0.0067902245 38.30256153892 61.46691115971 1920.2334 -0.5950000000000002 -0.7579999999999995 0.11848613500595095 -0.0009860830307006907 0.13954335 0.13854335 "" "" 1.078487047445369 "" 0.15049562597247607 ""
38.26769493391 61.69869255868 0.0125 0.0164 12.8749 "" "" 465541675700078208 1959.49683 0.4813 0.0232 0.276 -1.786 0.021 0.023 1.248 7124.0 3.4999 14.396695 0.94208 14.772084 13.830004 "" "" 1870.49292 2045.11267 32829.83042 5.7799 16849.0 14.332 23289.0 15.851 "" "" 0.0027619427963574577 0.002939044 0.0038509495 0.0067899935 38.26769493391 61.69869255868 1959.49683 0.2759999999999999 -1.7859999999999998 0.989486135005951 -1.0289860830307007 0.13954335 0.14154336 "" "" 13.259093310218896 "" 1.8640433064844564 ""
38.43562284958 61.44903923677 0.0121 0.0156 5.5949 "" "" 465486979295620736 2060.99341 0.4563 0.0213 -0.468 -0.781 0.021 0.022 1.005 9830.2 4.0572 14.399779 1.419966 15.034447 13.614481 "" "" 1961.20117 2169.52832 32736.69776 10.484 13232.0 20.31 28403.0 25.634 "" "" 0.0027771732475849447 0.0032499714 0.0039043447 0.007154316 38.43562284958 61.44903923677 2060.99341 -0.46800000000000025 -0.7809999999999995 0.2454861350059509 -0.02398608303070071 0.13954335 0.14054336 "" "" 2.409601217867951 "" 0.33626670469448827 ""
