Clusters/NGC_2244/NGC_2244_stars_in_region.tsv
# %ECSV 1.0
# ---
# datatype:
# - name: RA_ICRS_1
#   unit: deg
#   datatype: float64
#   format: '{:15.11f}'
#   description: Right ascension (ICRS) at Ep=2016.0 (ra)
#   meta: !!omap
#   - {ucd: POS_EQ_RA_MAIN}
#   - {width: 15}
#   - {precision: '11'}
# - name: DE_ICRS_1
#   unit: deg
#   datatype: float64
#   format: '{:15.11f}'
#   description: Declination (ICRS) at Ep=2016.0 (dec)
#   meta: !!omap
#   - {ucd: POS_EQ_DEC_MAIN}
#   - {width: 15}
#   - {precision: '11'}
# - name: e_RA_ICRS
#   unit: mas
#   datatype: float64
#   format: '{:7.4f}'
#   description: Standard error of right ascension (ra_error)
#   meta: !!omap
#   - {ucd: ERROR}
#   - {width: 7}
#   - {precision: '4'}
# - name: e_DE_ICRS
#   unit: mas
#   datatype: float64
#   format: '{:7.4f}'
#   description: Standard error of declination (dec_error)
#   meta: !!omap
#   - {ucd: ERROR}
#   - {width: 7}
#   - {precision: '4'}
# - name: _r_1
#   unit: ''
#   datatype: float64
#   format: '{:7.4f}'
#   description: Distance from center (098.08820651000+04.91669417000)[ICRS], at Epoch=J2016.0
#   meta: !!omap
#   - {ucd: POS_ANG_DIST_GENERAL}
#   - {width: 7}
#   - {precision: '4'}
# - name: HIP
#   datatype: int32
#   description: '? HIP cross-id number, van Leeuwen, Cat. I/311 (hip_original_ext_source_id)'
#   meta: !!omap
#   - {ucd: ID_NUMBER}
#   - {width: 6}
#   - values: {'null': -2147483648}
# - name: TYC2
#   datatype: string
#   description: Tycho-2 cross-id name, Hog et al., Cat. I/259 (tyc2_original_ext_source_id)
#   meta: !!omap
#   - {ucd: ID_CROSSID}
#   - {_votable_string_dtype: char}
# - name: Source
#   datatype: int64
#   description: Source identifier, identical to the Gaia-EDR3 source_id (id)
#   meta: !!omap
#   - {ucd: ID_MAIN}
#   - {width: 19}
# - name: rgeo
#   unit: pc
#   datatype: float64
#   format: '{:15.8f}'
#   description: '? Median of the geometric distance posterior (r_med_geo)'
#   meta: !!omap
#   - {ucd: PHYS_DISTANCE_TRUE}
#   - {width: 15}
#   - {precision: '8'}
#   - values: {'null': .nan}
# - name: Plx
#   unit: mas
#   datatype: float64
#   format: '{:9.4f}'
#   description: '? Parallax (parallax)'
#   meta: !!omap
#   - {ucd: POS_PARLX_TRIG}
#   - {width: 9}
#   - {precision: '4'}
#   - values: {'null': .nan}
# - name: e_Plx
#   unit: mas
#   datatype: float32
#   format: '{:7.4f}'
#   description: '? Standard error of parallax (parallax_error)'
#   meta: !!omap
#   - {ucd: ERROR}
#   - {width: 7}
#   - {precision: '4'}
#   - values: {'null': .nan}
# - name: pmRA
#   unit: mas / yr
#   datatype: float64
#   format: '{:9.3f}'
#   description: '? Proper motion in right ascension direction, pmRA*cosDE (pmra)'
#   meta: !!omap
#   - {ucd: POS_EQ_PMRA}
#   - {width: 9}
#   - {precision: '3'}
#   - values: {'null': .nan}
# - name: pmDE
#   unit: mas / yr
#   datatype: float64
#   format: '{:9.3f}'
#   description: '? Proper motion in declination direction (pmdec)'
#   meta: !!omap
#   - {ucd: POS_EQ_PMDEC}
#   - {width: 9}
#   - {precision: '3'}
#   - values: {'null': .nan}
# - name: e_pmRA
#   unit: mas / yr
#   datatype: float32
#   format: '{:6.3f}'
#   description: '? Standard error of proper motion in right ascension direction (pmra_error)'
#   meta: !!omap
#   - {ucd: ERROR}
#   - {width: 6}
#   - {precision: '3'}
#   - values: {'null': .nan}
# - name: e_pmDE
[...]
#         value: !astropy.table.SerializedColumn {name: SkyCoord.dec}
#       distance: !astropy.table.SerializedColumn
#         __class__: astropy.coordinates.distances.Distance
#         unit: !astropy.units.Unit {unit: pc}
#         value: !astropy.table.SerializedColumn {name: SkyCoord.distance}
#       frame: icrs
#       obstime: !astropy.time.Time {format: jyear_str, in_subfmt: '*', jd1: 367701545.0, jd2: 0.0, out_subfmt: '*', precision: 3, scale: tt}
#       pm_dec: !astropy.table.SerializedColumn
#         __class__: astropy.units.quantity.Quantity
#         unit: !astropy.units.Unit {unit: mas / yr}
#         value: !astropy.table.SerializedColumn {name: SkyCoord.pm_dec}
#       pm_ra_cosdec: !astropy.table.SerializedColumn
#         __class__: astropy.units.quantity.Quantity
#         unit: !astropy.units.Unit {unit: mas / yr}
#         value: !astropy.table.SerializedColumn {name: SkyCoord.pm_ra_cosdec}
#       ra: !astropy.table.SerializedColumn
#         __class__: astropy.coordinates.angles.Longitude
#         unit: *id001
#         value: !astropy.table.SerializedColumn {name: SkyCoord.ra}
#         wrap_angle: !astropy.coordinates.Angle
#           unit: *id001
#           value: 360.0
#       representation_type: spherical
# schema: astropy-2.0
RA_ICRS_1 DE_ICRS_1 e_RA_ICRS e_DE_ICRS _r_1 HIP TYC2 Source rgeo Plx e_Plx pmRA pmDE e_pmRA e_pmDE RUWE Teff logg Gmag BP-RP BPmag RPmag RV e_RV b_rgeo B_rgeo FG e_FG FBP e_FBP FRP e_FRP RAVE5 RAVE6 e_Gmag e_BPmag e_RPmag e_BP-RP SkyCoord.ra SkyCoord.dec SkyCoord.distance SkyCoord.pm_ra_cosdec SkyCoord.pm_dec rmRA rmDE e_rmRA e_rmDE rRV e_rRV v_pec v_pec3d e_vpec e_vpec3d
[from data line 451]
97.48598489331 5.13832472414 0.0193 0.0179 38.3721 "" "" 3131398022009261312 1095.89832 0.8751 0.0232 0.175 -1.535 0.027 0.02 1.055 5526.9 4.1705 14.425339 1.081451 14.876753 13.795302 "" "" 1065.99304 1124.37366 31975.06428 9.9361 15301.0 25.563 24046.0 31.476 "" "" 0.002775899789982443 0.0033279613 0.0040377704 0.0073657315 97.48598489331 5.13832472414 1095.89832 0.17499999999999988 -1.535 1.8971895456314087 -1.7388758099079131 0.2358866 0.2288866 "" "" 13.368311174171582 "" 3.1110323136379865 ""
97.96760273802 5.2874864652 0.0738 0.0727 23.3859 "" "" 3131779140229333632 1433.86841 0.6853 0.0838 -0.966 -3.087 0.088 0.08 3.862 8252.3 4.041 14.428378 0.999306 14.814495 13.815189 "" "" 1297.4928 1718.81653 31885.6579 48.855 16204.0 11.462 23609.0 28.371 "" "" 0.003218573364721456 0.0028939378 0.0039982563 0.006892194 97.96760273802 5.2874864652 1433.86841 -0.9659999999999994 -3.087 0.7561895456314087 -3.2908758099079134 0.29688662 0.2888866 "" "" 22.94944467057108 "" 6.6391159146809535 ""
98.14031933488 4.80108997163 0.0198 0.02 7.6038 "" "" 3131318307416876032 1210.68567 0.7824 0.0241 -0.99 1.348 0.023 0.022 0.935 6588.0 4.1856 14.429586 0.847343 14.761187 13.913843 "" "" 1171.18604 1259.53333 31850.19096 11.395 17019.0 29.93 21559.0 20.123 "" "" 0.0027825666027404923 0.003380955 0.0039128945 0.0072938493 98.14031933488 4.80108997163 1210.68567 -0.9899999999999993 1.348 0.7321895456314087 1.1441241900920869 0.23188661 0.23088661 "" "" 7.795110054839917 "" 1.8020548774971465 ""
98.0301409506 5.25491485496 0.0196 0.0195 20.5878 "" "" 3131766392766387584 1222.67932 0.7784 0.0231 -7.654 1.3 0.025 0.023 0.964 5361.7 4.1235 14.429695 1.152566 14.927728 13.775162 19.03 6.58 1190.18701 1260.34351 31847.00192 12.807 14599.0 23.872 24496.0 24.635 "" "" 0.00278969998996074 0.003307114 0.0039339503 0.007241064 98.0301409506 5.25491485496 1222.67932 -7.654 1.2999999999999985 -5.931810454368591 1.0961241900920868 0.23388661 0.23188661 -19.421764705882353 7.9518642 34.95981992170695 39.992423698106066 8.17433479446594 8.122415897978842
97.56988177464 5.03159522445 0.0203 0.0172 31.7401 "" "" 3131393211646260608 1412.00317 0.6604 0.0203 0.852 -1.94 0.025 0.02 1.034 9021.3 4.1634 14.430149 1.063314 14.869565 13.806251 "" "" 1376.80737 1458.58008 31833.70661 8.0242 15402.0 28.782 23804.0 23.959 "" "" 0.002768878600360572 0.003449873 0.0039342027 0.007384076 97.56988177464 5.03159522445 1412.00317 0.852 -1.94 2.5741895456314086 -2.143875809907913 0.23388661 0.2288866 "" "" 22.421353476347218 "" 5.1984337095022 ""
97.82070479723 5.41146478333 0.0212 0.0206 33.7163 "" "" 3131784706506322560 1301.61438 0.7252 0.0257 -4.432 4.916 0.028 0.021 1.048 6630.7 4.213 14.430432 0.85559 14.771318 13.915729 49.92 13.01 1256.62195 1359.49475 31825.3889 9.9207 16861.0 27.425 21521.0 19.821 "" "" 0.0027760289914851126 0.003302084 0.0039094333 0.0072115175 97.82070479723 5.41146478333 1301.61438 -4.432 4.916 -2.7098104543685917 4.712124190092087 0.2368866 0.2298866 11.468235294117648 14.381865 33.536578351991935 35.443229372061175 7.768614255094846 8.699874268741315
98.46050008204 4.56313084704 0.0206 0.0205 30.7504 "" "" 3130556826892791168 1038.21741 0.9226 0.024 0.368 -5.309 0.022 0.02 1.046 5191.3 4.1187 14.431014 1.373003 15.049517 13.676514 123.21 8.05 1015.42261 1063.66541 31808.3506 7.8501 13050.0 20.507 26826.0 25.647 "" "" 0.002768318644185122 0.0032704708 0.003919338 0.0071898084 98.46050008204 4.56313084704 1038.21741 0.3680000000000002 -5.309000000000004 2.0901895456314086 -5.512875809907913 0.23088661 0.2288866 84.75823529411764 9.4218645 29.014217077788487 89.58673586424523 6.648286762268499 9.170408448583087
98.35034400369 4.93750822693 0.0193 0.0199 15.7198 "" "" 3131696642498001152 1072.09937 0.8902 0.0237 -0.937 -4.521 0.024 0.02 0.954 5868.5 4.255 14.434006 0.953404 14.822956 13.869552 34.83 11.55 1048.61511 1101.00513 31720.81654 10.016 16078.0 37.082 22456.0 38.798 "" "" 0.0027765661053006825 0.0037490898 0.0042193118 0.007968402 98.35034400369 4.93750822693 1072.09937 -0.9370000000000007 -4.520999999999996 0.7851895456314086 -4.724875809907913 0.23288661 0.2288866 -3.621764705882356 12.9218645 24.339929121941413 24.607911923727027 5.573722443201829 5.831841364124578
98.3901061777 4.95912241375 0.0198 0.0202 18.2254 "" "" 3131696058382352640 1160.13257 0.8229 0.0261 0.533 -0.629 0.026 0.022 1.107 5498.3 4.1536 14.437119 1.092308 14.899793 13.807485 66.41 5.85 1125.70862 1192.00305 31629.99592 7.972 14980.0 16.735 23777.0 18.819 "" "" 0.0027688757102751317 0.0030424108 0.0038758467 0.0069182576 98.3901061777 4.95912241375 1160.13257 0.533 -0.6289999999999996 2.2551895456314086 -0.8328758099079132 0.23488662 0.23088661 27.958235294117642 7.221864 13.220059954336303 30.926249464774934 3.0989159311858248 6.661812332800376
98.36793322146 4.73682116834 0.0198 0.0206 19.904 "" "" 3131314699644310144 1013.48224 0.939 0.0227 0.444 -6.018 0.024 0.022 1.006 5217.5 4.1011 14.43802 1.359411 15.049767 13.690356 92.19 5.02 988.19751 1039.61365 31603.78011 7.9918 13047.0 20.004 26486.0 38.305 "" "" 0.0027689655152122426 0.0032490313 0.004092597 0.007341628 98.36793322146 4.73682116834 1013.48224 0.44399999999999995 -6.018 2.1661895456314086 -6.221875809907913 0.23288661 0.23088661 53.73823529411764 6.3918643 31.64899624001271 62.36551046472954 7.314198908246799 6.641651720604691
98.66816421158 4.96584509566 0.0509 0.0563 34.7933 "" "" 3130949313889929984 1080.96252 0.9007 0.0616 0.369 4.825 0.061 0.056 2.513 5643.3 4.2628 14.438702 1.066548 14.885746 13.819198 37.49 7.37 1008.30646 1173.87427 31583.92718 9.5646 15175.0 19.906 23522.0 22.757 "" "" 0.0027748685460277493 0.0031326464 0.003922642 0.0070552886 98.66816421158 4.96584509566 1080.96252 0.36899999999999983 4.824999999999997 2.0911895456314085 4.621124190092087 0.2698866 0.26488662 -0.9617647058823522 8.741864 25.989075493325753 26.006865177242453 6.906418120249957 6.909261256794017
97.82511799186 4.54330221611 0.0182 0.0172 27.3751 "" "" 3131283741520184448 1184.11987 0.8034 0.02 -3.608 -2.987 0.023 0.02 1.045 5596.9 4.055 14.446582 1.425018 15.091991 13.666973 -11.5 8.8 1163.00659 1215.62317 31355.52998 7.8282 12549.0 20.545 27063.0 37.711 "" "" 0.0027686215302908483 0.0033082813 0.004070953 0.0073792343 97.82511799186 4.54330221611 1184.11987 -3.6079999999999997 -2.987 -1.8858104543685914 -3.1908758099079133 0.23188661 0.2288866 -49.951764705882354 10.1718645 20.803446218833223 54.11064749022802 4.777864258607723 9.56804918134735
97.42793158914 5.0451970648 0.0206 0.0197 40.2129 "" "" 3131397025576855936 1258.74463 0.7527 0.0243 -3.096 2.637 0.026 0.022 1.108 6248.9 4.0051 14.447077 1.18207 14.953094 13.771024 "" "" 1222.73108 1290.86487 31341.24131 8.892 14262.0 22.307 24589.0 39.19 "" "" 0.0027724859337647442 0.0032663252 0.004156703 0.0074230283 97.42793158914 5.0451970648 1258.74463 -3.0959999999999996 2.6370000000000005 -1.3738104543685914 2.433124190092087 0.23488662 0.23088661 "" "" 16.671341057196308 "" 3.8654152375345765 ""
98.66699050257 4.98713524926 0.0187 0.0179 34.8546 "" "" 3131699975392469632 1194.66492 0.7882 0.0216 4.092 -6.138 0.024 0.021 1.151 "" "" 14.454685 1.552551 15.174807 13.622255 -4.75 5.11 1163.18921 1227.11792 31122.36605 9.0598 11628.0 27.7 28200.0 48.766 "" "" 0.0027733884844579008 0.0038045521 0.0042200633 0.008024615 98.66699050257 4.98713524926 1194.66492 4.092 -6.138 5.814189545631408 -6.341875809907913 0.23288661 0.2298866 -43.201764705882354 6.4818645 48.720448949070196 65.11585536181936 11.267161878998492 9.463751759552927
98.47576824207 5.26404603493 0.0182 0.0169 31.1581 "" "" 3131723752331392512 1451.53003 0.6458 0.0204 -1.234 0.905 0.021 0.019 1.064 9478.0 4.1864 14.455194 0.849473 14.790906 13.941433 "" "" 1407.55591 1496.41357 31107.76819 9.7856 16560.0 17.093 21018.0 25.444 "" "" 0.0027764076943046015 0.0030068215 0.0040014125 0.007008234 98.47576824207 5.26404603493 1451.53003 -1.2340000000000009 0.9049999999999999 0.4881895456314087 0.7011241900920868 0.2298866 0.2278866 "" "" 5.8781042883875045 "" 1.3433911828672025 ""
98.36624242166 5.45186181182 0.0184 0.0172 36.1535 "" "" 3131797591408540160 1109.03674 0.8565 0.021 -5.977 3.498 0.024 0.02 1.069 5333.9 4.1701 14.457305 1.076644 14.913898 13.837255 -3.23 5.06 1085.52332 1134.59607 31047.35937 7.9049 14786.0 28.639 23134.0 22.934 "" "" 0.0027691527162703707 0.003493923 0.0039296634 0.007423586 98.36624242166 5.45186181182 1109.03674 -5.977 3.498 -4.254810454368592 3.294124190092087 0.23288661 0.2288866 -41.68176470588235 6.4318643 28.286782847305407 50.37371926756204 6.545438289257789 6.467892333404585
98.21620298246 5.15667120709 0.0227 0.0239 16.3047 "" "" 3131716296267807232 1360.4635 0.6936 0.0299 -0.14 -3.194 0.027 0.023 1.248 6646.2 3.8662 14.458051 1.314134 15.010869 13.696735 9.32 11.04 1313.71558 1417.92542 31026.06081 10.231 13523.0 24.896 26331.0 19.841 "" "" 0.0027784838886124306 0.0034322676 0.0038669184 0.0072991857 98.21620298246 5.15667120709 1360.4635 -0.14 -3.194 1.5821895456314086 -3.397875809907913 0.2358866 0.23188661 -29.131764705882354 12.411864 24.170528473282072 37.853324313151575 5.622171086647326 10.204440820315162
98.10218943817 5.39711669044 0.0199 0.0193 28.8375 "" "" 3131787386566412928 1410.2616 0.6722 0.0239 0.695 -3.331 0.028 0.027 1.069 7245.2 4.2488 14.458397 1.037081 14.887297 13.850216 "" "" 1364.56201 1458.93494 31016.14741 8.8219 15153.0 26.844 22860.0 36.414 "" "" 0.002772572128765598 0.0033888894 0.0041563013 0.007545191 98.10218943817 5.39711669044 1410.2616 0.695 -3.3310000000000004 2.4171895456314085 -3.534875809907913 0.2368866 0.2358866 "" "" 28.625679853503687 "" 6.761548132890888 ""
98.52518702296 5.43750478608 0.0184 0.0168 40.7223 "" "" 3131749934451340672 1381.32654 0.6825 0.0212 1.435 -3.799 0.023 0.02 1.027 7773.0 4.2381 14.464877 1.012446 14.882925 13.870479 "" "" 1348.1897 1418.92041 30831.59361 10.672 15214.0 23.76 22437.0 23.579 "" "" 0.0027808319502962598 0.00326499 0.0039478606 0.0072128503 98.52518702296 5.43750478608 1381.32654 1.435 -3.799 3.1571895456314087 -4.002875809907913 0.23188661 0.2288866 "" "" 33.37989971884262 "" 7.678771286463642 ""
97.5277602874 4.67194406072 0.0185 0.0187 36.5856 "" "" 3131347891151474432 1207.29944 0.7836 0.0241 1.847 -2.762 0.025 0.02 1.033 6724.1 4.288 14.473759 0.94505 14.860026 13.914976 15.05 13.31 1173.13818 1236.24268 30580.41903 9.1443 15538.0 20.982 21536.0 21.841 "" "" 0.0027743818728079447 0.0031519234 0.0039365184 0.007088442 97.5277602874 4.67194406072 1207.29944 1.8470000000000002 -2.762 3.5691895456314087 -2.965875809907913 0.23388661 0.2288866 -23.401764705882353 14.681865 26.55651955682985 35.39620491411144 6.157323811797197 10.74995778218366
98.72254015254 5.15382621155 0.0205 0.0188 40.4949 "" "" 3131727153945461504 1213.2384 0.7796 0.0236 3.285 -2.465 0.027 0.022 1.087 5700.3 3.8923 14.476721 1.08498 14.933164 13.848184 46.01 6.2 1185.23657 1257.03821 30497.10174 7.6545 14526.0 22.112 22903.0 27.32 "" "" 0.00276876346768517 0.0032429337 0.003995132 0.007238066 98.72254015254 5.15382621155 1213.2384 3.284999999999997 -2.465 5.007189545631409 -2.668875809907913 0.2358866 0.23088661 7.558235294117644 7.571864 32.63004405671365 33.49397999498297 7.661193702348303 7.656670026726152
98.40728972317 4.85627570238 0.0316 0.0331 19.4168 "" "" 3131691900854026624 1350.85168 0.689 0.0415 -1.796 1.204 0.041 0.034 1.746 8601.6 4.1914 14.478526 0.935687 14.852566 13.916879 "" "" 1283.15979 1456.8114 30446.42032 10.626 15646.0 25.193 21498.0 15.183 "" "" 0.002781254506207481 0.0032926265 0.003856386 0.0071490128 98.40728972317 4.85627570238 1350.85168 -1.7960000000000014 1.204 -0.07381045436859135 1.0001241900920868 0.2498866 0.2428866 "" "" 6.42124812755271 "" 1.5598821260317088 ""
98.04694305164 5.39367322781 0.0194 0.0187 28.7248 "" "" 3131781717209609600 1239.00073 0.7629 0.0229 -7.398 1.223 0.025 0.022 0.964 5613.2 3.9896 14.484886 1.237628 15.023002 13.785374 65.13 6.98 1205.01599 1274.02942 30268.6006 7.5573 13373.0 29.598 24267.0 17.43 "" "" 0.0027686231511101322 0.0036823316 0.0038589996 0.0075413315 98.04694305164 5.39367322781 1239.00073 -7.398 1.2230000000000008 -5.675810454368591 1.0191241900920869 0.23388661 0.23088661 26.67823529411764 8.351865 33.866333678892865 43.112142086173556 7.917728574400924 8.086724754849829
98.65995559955 4.78504427442 0.0189 0.0195 35.0829 "" "" 3130937842033978496 1306.6825 0.7231 0.0219 -1.394 3.537 0.022 0.021 0.989 7309.6 4.2925 14.490625 0.972801 14.887255 13.914454 "" "" 1261.16174 1345.91553 30109.0096 9.9132 15154.0 32.54 21547.0 31.315 "" "" 0.0027784123957802238 0.0036359893 0.0040955604 0.0077315494 98.65995559955 4.78504427442 1306.6825 -1.3940000000000001 3.5369999999999973 0.3281895456314088 3.3331241900920867 0.23088661 0.2298866 "" "" 20.74411963526343 "" 4.768994876378044 ""
98.11131634927 4.33783604446 0.0187 0.0175 34.759 "" "" 3130524391299689216 1314.19385 0.7195 0.0204 -1.957 0.542 0.023 0.021 1.055 9255.5 4.1914 14.493826 1.04631 14.926946 13.880635 "" "" 1276.65405 1352.0719 30020.40307 7.9809 14610.0 29.748 22228.0 21.66 "" "" 0.0027703977431221 0.0035598157 0.003924675 0.0074844905 98.11131634927 4.33783604446 1314.19385 -1.957 0.542 -0.23481045436859138 0.33812419009208683 0.23188661 0.2298866 "" "" 2.564344642003296 "" 0.5911820189386461 ""
98.57440328765 5.14584947409 0.0198 0.0186 32.148 "" "" 3131707186639848320 1023.79431 0.9372 0.0228 0.298 0.0 0.026 0.022 1.162 6155.6 4.1637 14.495294 1.167379 14.993405 13.826026 "" "" 999.26947 1046.68018 29979.83213 7.3734 13742.0 15.456 23375.0 20.317 "" "" 0.00276822964530797 0.0030456972 0.0038954192 0.0069411164 98.57440328765 5.14584947409 1023.79431 0.29799999999999977 1.720824565410403e-18 2.0201895456314087 -0.2038758099079132 0.23488662 0.23088661 "" "" 9.85334207560799 "" 2.314024164882578 ""
98.22486476907 4.89079011474 0.0222 0.0224 8.316 "" "" 3131320948817740928 1197.31091 0.7922 0.0256 -0.971 -1.127 0.026 0.025 1.257 6389.5 4.004 14.495426 1.066337 14.935005 13.868669 7.31 12.31 1165.41541 1236.17297 29976.16972 12.788 14502.0 25.624 22475.0 40.041 "" "" 0.002793980330518502 0.0033860563 0.0042456263 0.007631683 98.22486476907 4.89079011474 1197.31091 -0.9710000000000001 -1.127 0.7511895456314087 -1.3308758099079132 0.23488662 0.23388661 -31.141764705882355 13.681865 8.67314724178185 32.32697004165667 2.0306319684381546 13.191500878713116
98.34151385535 5.2746798173 0.0203 0.0193 26.2778 "" "" 3131723443093264000 1279.06396 0.7403 0.0236 -1.501 -2.486 0.026 0.021 0.976 6246.6 4.222 14.49706 0.947985 14.884957 13.936973 30.96 12.05 1243.35339 1320.6228 29931.11576 9.3051 15186.0 23.372 21104.0 20.898 "" "" 0.002775918082526225 0.003252275 0.003929332 0.007181607 98.34151385535 5.2746798173 1279.06396 -1.501 -2.486 0.2211895456314088 -2.6898758099079134 0.23488662 0.2298866 -7.491764705882353 13.4218645 16.363123395412774 17.996620395557866 3.762218350641654 6.551329562733965
98.36520716162 4.49973008415 0.0188 0.0193 30.0043 "" "" 3130550985737298304 1334.66724 0.709 0.0222 -0.04 -2.26 0.021 0.019 1.032 7177.0 3.9278 14.49908 1.054126 14.938984 13.884858 "" "" 1297.03796 1388.99731 29875.48563 7.5728 14449.0 29.959 22142.0 24.513 "" "" 0.0027690306090007097 0.0035851002 0.003965921 0.007551021 98.36520716162 4.49973008415 1334.66724 -0.03999999999999999 -2.259999999999998 1.6821895456314087 -2.463875809907913 0.2298866 0.2278866 "" "" 18.873707456681558 "" 4.313102126702978 ""
