Clusters/NGC_2244/NGC_2244_members.tsv
# %ECSV 1.0
# ---
# datatype:
# - name: RA_ICRS_1
#   unit: deg
#   datatype: float64
#   format: '{:15.11f}'
#   description: Right ascension (ICRS) at Ep=2016.0 (ra)
#   meta: !!omap
#   - {ucd: POS_EQ_RA_MAIN}
#   - {width: 15}
#   - {precision: '11'}
# - name: DE_ICRS_1
#   unit: deg
#   datatype: float64
#   format: '{:15.11f}'
#   description: Declination (ICRS) at Ep=2016.0 (dec)
#   meta: !!omap
#   - {ucd: POS_EQ_DEC_MAIN}
#   - {width: 15}
#   - {precision: '11'}
# - name: e_RA_ICRS
#   unit: mas
#   datatype: float64
#   format: '{:7.4f}'
#   description: Standard error of right ascension (ra_error)
#   meta: !!omap
#   - {ucd: ERROR}
#   - {width: 7}
#   - {precision: '4'}
# - name: e_DE_ICRS
#   unit: mas
#   datatype: float64
#   format: '{:7.4f}'
#   description: Standard error of declination (dec_error)
#   meta: !!omap
#   - {ucd: ERROR}
#   - {width: 7}
#   - {precision: '4'}
# - name: _r_1
#   unit: ''
#   datatype: float64
#   format: '{:7.4f}'
#   description: Distance from center (098.08820651000+04.91669417000)[ICRS], at Epoch=J2016.0
#   meta: !!omap
#   - {ucd: POS_ANG_DIST_GENERAL}
#   - {width: 7}
#   - {precision: '4'}
# - name: HIP
#   datatype: int32
#   description: '? HIP cross-id number, van Leeuwen, Cat. I/311 (hip_original_ext_source_id)'
#   meta: !!omap
#   - {ucd: ID_NUMBER}
#   - {width: 6}
#   - values: {'null': -2147483648}
# - name: TYC2
#   datatype: string
#   description: Tycho-2 cross-id name, Hog et al., Cat. I/259 (tyc2_original_ext_source_id)
#   meta: !!omap
#   - {ucd: ID_CROSSID}
#   - {_votable_string_dtype: char}
# - name: Source
#   datatype: int64
#   description: Source identifier, identical to the Gaia-EDR3 source_id (id)
#   meta: !!omap
#   - {ucd: ID_MAIN}
#   - {width: 19}
# - name: rgeo
#   unit: pc
#   datatype: float64
#   format: '{:15.8f}'
#   description: '? Median of the geometric distance posterior (r_med_geo)'
#   meta: !!omap
#   - {ucd: PHYS_DISTANCE_TRUE}
#   - {width: 15}
#   - {precision: '8'}
#   - values: {'null': .nan}
# - name: Plx
#   unit: mas
#   datatype: float64
#   format: '{:9.4f}'
#   description: '? Parallax (parallax)'
#   meta: !!omap
#   - {ucd: POS_PARLX_TRIG}
#   - {width: 9}
#   - {precision: '4'}
#   - values: {'null': .nan}
# - name: e_Plx
#   unit: mas
#   datatype: float32
#   format: '{:7.4f}'
#   description: '? Standard error of parallax (parallax_error)'
#   meta: !!omap
#   - {ucd: ERROR}
#   - {width: 7}
#   - {precision: '4'}
#   - values: {'null': .nan}
# - name: pmRA
#   unit: mas / yr
#   datatype: float64
#   format: '{:9.3f}'
#   description: '? Proper motion in right ascension direction, pmRA*cosDE (pmra)'
#   meta: !!omap
#   - {ucd: POS_EQ_PMRA}
#   - {width: 9}
#   - {precision: '3'}
#   - values: {'null': .nan}
# - name: pmDE
#   unit: mas / yr
#   datatype: float64
#   format: '{:9.3f}'
#   description: '? Proper motion in declination direction (pmdec)'
#   meta: !!omap
#   - {ucd: POS_EQ_PMDEC}
#   - {width: 9}
#   - {precision: '3'}
#   - values: {'null': .nan}
# - name: e_pmRA
#   unit: mas / yr
#   datatype: float32
#   format: '{:6.3f}'
#   description: '? Standard error of proper motion in right ascension direction (pmra_error)'
#   meta: !!omap
#   - {ucd: ERROR}
#   - {width: 6}
#   - {precision: '3'}
#   - values: {'null': .nan}
# - name: e_pmDE
[...]
#       distance: !astropy.table.SerializedColumn
#         __class__: astropy.coordinates.distances.Distance
#         unit: !astropy.units.Unit {unit: pc}
#         value: !astropy.table.SerializedColumn {name: SkyCoord.distance}
#       frame: icrs
#       obstime: !astropy.time.Time {format: jyear_str, in_subfmt: '*', jd1: 367701545.0, jd2: 0.0, out_subfmt: '*', precision: 3, scale: tt}
#       pm_dec: !astropy.table.SerializedColumn
#         __class__: astropy.units.quantity.Quantity
#         unit: !astropy.units.Unit {unit: mas / yr}
#         value: !astropy.table.SerializedColumn {name: SkyCoord.pm_dec}
#       pm_ra_cosdec: !astropy.table.SerializedColumn
#         __class__: astropy.units.quantity.Quantity
#         unit: !astropy.units.Unit {unit: mas / yr}
#         value: !astropy.table.SerializedColumn {name: SkyCoord.pm_ra_cosdec}
#       ra: !astropy.table.SerializedColumn
#         __class__: astropy.coordinates.angles.Longitude
#         unit: *id001
#         value: !astropy.table.SerializedColumn {name: SkyCoord.ra}
#         wrap_angle: !astropy.coordinates.Angle
#           unit: *id001
#           value: 360.0
#       representation_type: spherical
# schema: astropy-2.0
RA_ICRS_1 DE_ICRS_1 e_RA_ICRS e_DE_ICRS _r_1 HIP TYC2 Source rgeo Plx e_Plx pmRA pmDE e_pmRA e_pmDE RUWE Teff logg Gmag BP-RP BPmag RPmag RV e_RV b_rgeo B_rgeo FG e_FG FBP e_FBP FRP e_FRP RAVE5 RAVE6 e_Gmag e_BPmag e_RPmag e_BP-RP SkyCoord.ra SkyCoord.dec SkyCoord.distance SkyCoord.pm_ra_cosdec SkyCoord.pm_dec rmRA rmDE e_rmRA e_rmDE rRV e_rRV v_pec v_pec3d e_vpec e_vpec3d Pmemb
[from data line 31]
98.29001239349 4.77343979724 0.0208 0.0207 14.8137 "" "" 3131315936594899840 1488.78552 0.657 0.0252 -1.267 -0.02 0.026 0.022 1.872 5555.3 3.1089 12.556705 1.585068 13.292154 11.707087 24.64 5.31 1442.74023 1545.50757 178757.60212 407.6 65850.0 499.95 164560.0 927.19 "" "" 0.0037041551122387684 0.008702595 0.0071907328 0.015893327 98.29001239349 4.77343979724 1488.78552 -1.2669999999999995 -0.020000000000000018 0.4551895456314088 -0.2238758099079132 0.23488662 0.23088661 -13.811764705882354 6.6818643 3.579690487540026 14.268112288499905 0.8380515582733252 6.4715697024317995 1.0
98.03078615866 4.91552665353 0.0136 0.0137 3.4333 "" "" 3131334967590689536 1470.03967 0.6494 0.0171 -1.852 0.191 0.015 0.013 1.064 7885.9 3.7641 12.571813 0.546831 12.769762 12.222931 "" "" 1430.79907 1519.2417 176287.58769 50.527 106540.0 82.259 102330.0 83.111 "" "" 0.00277283768292916 0.0029133796 0.0038808933 0.006794273 98.03078615866 4.91552665353 1470.03967 -1.8519999999999999 0.191 -0.1298104543685914 -0.012875809907913205 0.22388661 0.2218866 "" "" 0.9089563599094509 "" 0.2034855242109485 "" 0.8
98.32741423982 5.02675187498 0.0138 0.014 15.7497 "" "" 3131710661271156224 1466.40125 0.6523 0.0176 -1.59 0.691 0.016 0.014 1.041 11739.3 3.9742 12.628278 0.583868 12.84129 12.257422 "" "" 1428.60803 1506.87207 167353.83009 41.405 99747.0 55.295 99126.0 54.288 "" "" 0.002768383486072144 0.002854349 0.0038258727 0.0066802218 98.32741423982 5.02675187498 1466.40125 -1.59 0.6909999999999993 0.1321895456314086 0.48712419009208674 0.22488661 0.2228866 "" "" 3.5083283923096427 "" 0.7824426899171443 "" 0.9
98.15068736653 4.7476697818 0.0183 0.0216 10.8076 "" "" 3131317139185784192 1371.18726 0.6985 0.0247 -1.381 0.141 0.02 0.018 1.178 7345.0 3.8047 12.655581 0.522208 12.843697 12.321488 "" "" 1333.2207 1412.80103 163197.72579 48.295 99526.0 62.196 93446.0 44.786 "" "" 0.002773990604334153 0.0028714824 0.0038150365 0.006686519 98.15068736653 4.7476697818 1371.18726 -1.3810000000000002 0.141 0.3411895456314087 -0.06287580990791322 0.2288866 0.2268866 "" "" 2.254876851377661 "" 0.5159636077140992 "" 0.8
98.54857963976 4.68433536794 0.0131 0.0137 30.8548 "" "" 3130559987988680576 1378.34692 0.699 0.0155 -2.053 0.2 0.018 0.016 0.991 7152.5 3.6315 12.694812 0.698575 12.958123 12.259548 "" "" 1345.50537 1405.58911 157406.27984 30.748 89571.0 50.927 98932.0 65.743 "" "" 0.002763470888715587 0.002857643 0.0038476344 0.0067052776 98.54857963976 4.68433536794 1378.34692 -2.053000000000004 0.20000000000000018 -0.33081045436859124 -0.003875809907913197 0.2268866 0.22488661 "" "" 2.1614535789549856 "" 0.4904042634465109 "" 1.0
98.17394645465 4.89400162728 0.0138 0.0135 5.3033 "" "" 3131332566708264704 1487.02905 0.6368 0.0161 -1.349 0.21 0.016 0.015 1.086 "" "" 12.711026 0.496627 12.888966 12.392339 "" "" 1452.47449 1516.55676 155072.99939 45.13 95462.0 82.642 87543.0 57.363 "" "" 0.0027733787964117408 0.0029442338 0.0038457594 0.0067899935 98.17394645465 4.89400162728 1487.02905 -1.349 0.21000000000000024 0.3731895456314087 0.006124190092086784 0.22488661 0.22388661 "" "" 2.6307872823532104 "" 0.5916281297532612 "" 0.8
98.09804025417 4.84606151634 0.0146 0.0144 4.2785 "" "" 3131330775702613504 1429.47839 0.6708 0.0166 -1.497 0.238 0.017 0.016 1.094 "" "" 12.824474 0.840578 13.15044 12.309862 "" "" 1387.401 1462.88086 139687.32242 34.108 75031.0 87.029 94452.0 66.041 "" "" 0.002768044779610509 0.003061212 0.0038548715 0.0069160834 98.09804025417 4.84606151634 1429.47839 -1.4969999999999977 0.238 0.22518954563140858 0.03412419009208678 0.22588661 0.22488661 "" "" 1.5432423023619395 "" 0.3485632098564538 "" 0.9
98.14124925058 4.96488756291 0.016 0.0157 4.2913 "" "" 3131334147255713792 1397.80225 0.6801 0.0184 -1.537 0.366 0.017 0.016 1.025 7489.8 4.021 12.885838 0.50318 13.067301 12.564121 "" "" 1361.09814 1433.70593 132011.45129 35.475 81002.0 56.186 74733.0 33.331 "" "" 0.002770724987017492 0.0028900204 0.0038102774 0.006700298 98.14124925058 4.96488756291 1397.80225 -1.5369999999999997 0.3659999999999999 0.18518954563140877 0.16212419009208678 0.22588661 0.22488661 "" "" 1.6307471768064246 "" 0.3676572935140333 "" 0.9
98.07028972662 4.84302043187 0.0152 0.0147 4.5483 "" "" 3131331192318335104 1453.06067 0.6595 0.0177 -1.665 0.215 0.017 0.015 1.041 8840.7 3.8069 12.900243 0.574164 13.112234 12.53807 "" "" 1415.67847 1489.56836 130271.51546 36.321 77718.0 49.762 76547.0 34.885 "" "" 0.0027718992066378795 0.0028754706 0.0038116348 0.0066871056 98.07028972662 4.84302043187 1453.06067 -1.6649999999999998 0.21499999999999997 0.057189545631408656 0.011124190092086789 0.22588661 0.22388661 "" "" 0.40127589326743635 "" 0.09061371902617803 "" 1.0
97.98057426127 5.22948418405 0.015 0.0157 19.8392 "" "" 3131766633284595712 1336.53052 0.7115 0.0189 -1.898 0.65 0.019 0.016 0.983 10478.7 4.011 12.922483 0.578163 13.136428 12.558265 "" "" 1308.55005 1366.1947 127630.14928 40.24 76006.0 44.859 75137.0 46.105 "" "" 0.0027765033100700174 0.0028628097 0.0038376527 0.0067004627 97.98057426127 5.22948418405 1336.53052 -1.8979999999999997 0.6499999999999999 -0.17581045436859122 0.4461241900920868 0.2278866 0.22488661 "" "" 3.037811423543263 "" 0.684395252275756 "" 0.8
98.4132321635 4.96650958203 0.0218 0.0209 19.6576 "" "" 3131697535851095424 1485.85718 0.6488 0.0261 -1.698 0.339 0.032 0.025 1.198 "" "" 12.953196 0.660043 13.197818 12.537775 "" "" 1424.54602 1541.01831 124070.48626 53.259 71827.0 54.338 76568.0 41.564 "" "" 0.0027944602920860814 0.0029085565 0.0038250613 0.0067336177 98.4132321635 4.96650958203 1485.85718 -1.698 0.339 0.024189545631408738 0.13512419009208682 0.24088661 0.23388661 "" "" 0.9668036450732539 "" 0.22633562397919488 "" 1.0
98.23052361542 4.97232734316 0.0297 0.0292 9.1387 "" "" 3131708530967404032 1201.15845 0.8167 0.0355 -1.78 0.229 0.037 0.035 2.133 "" "" 12.961431 1.222591 13.485399 12.262808 7.31 19.28 1141.88245 1249.17664 123132.89628 37.073 55113.0 58.008 98636.0 70.384 "" "" 0.0027746440477692176 0.003015123 0.0038579747 0.0068730977 98.23052361542 4.97232734316 1201.15845 -1.7799999999999998 0.229 -0.057810454368591335 0.0251241900920868 0.24588661 0.2438866 -31.141764705882355 20.651865 0.3588829914293501 31.14383255153542 0.088130882276469 20.650493816142028 0.9
97.88866122167 4.72285962453 0.0126 0.0114 16.6611 "" "" 3131322499304710784 1418.94189 0.6628 0.0143 -1.838 -0.066 0.014 0.012 1.08 "" "" 13.054147 0.731587 13.334825 12.603237 "" "" 1392.65186 1446.50378 113054.52769 35.718 63312.0 56.444 72088.0 34.238 "" "" 0.002776590409669363 0.0029533014 0.003814399 0.0067677004 97.88866122167 4.72285962453 1418.94189 -1.837999999999999 -0.06600000000000009 -0.11581045436859139 -0.2698758099079132 0.2228866 0.2208866 "" "" 1.975194877460825 "" 0.4369107630328084 "" 0.9
98.05825009725 4.92064467845 0.0135 0.0133 1.8064 "" "" 3131335040608985216 1402.1012 0.6706 0.0165 -1.668 0.478 0.014 0.013 1.134 7304.4 3.8483 13.13869 0.576117 13.351232 12.775115 "" "" 1364.19507 1434.08191 104585.29676 58.353 62363.0 46.003 61534.0 74.536 "" "" 0.0028211277982329195 0.002902844 0.0040016677 0.0069045117 98.05825009725 4.92064467845 1402.1012 -1.6680000000000004 0.478 0.054189545631408764 0.2741241900920868 0.2228866 0.2218866 "" "" 1.8570740172190656 "" 0.4121298426269348 "" 0.9
98.25654579568 5.02179499082 0.0142 0.0128 11.8751 "" "" 3131709905356925568 1497.21851 0.6255 0.016 -1.734 -0.091 0.017 0.014 0.968 9879.0 3.9497 13.154316 0.694775 13.417809 12.723034 "" "" 1463.46021 1532.67322 103090.93062 33.658 58653.0 54.73 64557.0 72.523 "" "" 0.0027780291072165026 0.0029684093 0.003971325 0.0069397343 98.25654579568 5.02179499082 1497.21851 -1.7339999999999987 -0.09100000000000005 -0.011810454368591294 -0.2948758099079132 0.22588661 0.2228866 "" "" 2.0943571398744214 "" 0.46681428757017807 "" 1.0
97.98346238104 4.99813676356 0.0131 0.013 7.9423 "" "" 3131383414821781504 1456.45972 0.6469 0.0158 -1.763 0.135 0.015 0.013 1.003 "" "" 13.303129 0.615402 13.532968 12.917565 "" "" 1422.89819 1487.63611 89886.60163 31.29 52751.0 35.99 53967.0 21.337 "" "" 0.0027811213549908853 0.0028868266 0.0038036823 0.0066905087 97.98346238104 4.99813676356 1456.45972 -1.7629999999999995 0.135 -0.04081045436859121 -0.0688758099079132 0.22388661 0.2218866 "" "" 0.5526936873686202 "" 0.12292352045624864 "" 1.0
97.94282864365 4.87695889206 0.0133 0.0123 9.0119 "" "" 3131328787136704896 1395.49512 0.6725 0.0153 -1.945 0.171 0.016 0.014 0.939 6263.9 3.4202 13.371307 1.336724 13.963673 12.626948 -5.73 8.29 1371.52441 1423.4469 84415.78716 21.568 35477.0 38.224 70531.0 29.656 "" "" 0.0027692492849746664 0.0030254738 0.0038068537 0.0068323277 97.94282864365 4.87695889206 1395.49512 -1.945 0.17099999999999999 -0.22281045436859137 -0.032875809907913195 0.22488661 0.2228866 -44.18176470588236 9.661864 1.4897694035366515 44.20687441339487 0.3349659828118827 9.656382895504692 0.9
98.17494775066 4.9570103648 0.0181 0.0166 5.7217 "" "" 3131333906737530112 1395.84058 0.6779 0.0191 -1.892 -0.426 0.021 0.019 1.4 "" "" 13.425496 0.714647 13.696177 12.98153 "" "" 1363.45044 1431.33081 80306.04761 23.456 45389.0 31.516 50880.0 63.878 "" "" 0.00277350994886304 0.0028902232 0.0040176827 0.006907906 98.17494775066 4.9570103648 1395.84058 -1.892 -0.42599999999999993 -0.1698104543685912 -0.6298758099079131 0.2298866 0.2278866 "" "" 4.316227436289001 "" 0.9841976992835563 "" 0.9
97.8297826675 5.00177720792 0.0141 0.0127 16.2691 "" "" 3131384170742362112 1380.35315 0.6818 0.016 -1.925 0.434 0.018 0.015 1.042 6378.7 3.7019 13.463041 1.112226 13.932866 12.820641 "" "" 1357.64258 1406.00366 77576.47451 20.778 36498.0 32.109 59007.0 40.711 "" "" 0.0027706236560104836 0.002949136 0.0038529027 0.0068020388 97.8297826675 5.00177720792 1380.35315 -1.925 0.43399999999999955 -0.20281045436859135 0.2301241900920868 0.2268866 0.22388661 "" "" 2.00695897034292 "" 0.45197318695333205 "" 0.8
97.96486634969 4.90486476588 0.0141 0.0139 7.4073 "" "" 3131335487285654272 1412.29211 0.665 0.0171 -1.693 0.145 0.016 0.015 1.053 "" "" 13.46443 0.782517 13.762548 12.980031 "" "" 1377.1676 1447.37158 77477.34435 43.281 42697.0 82.077 50950.0 64.319 "" "" 0.002821286732795178 0.0034844137 0.004020242 0.007504656 97.96486634969 4.90486476588 1412.29211 -1.693000000000002 0.145 0.02918954563140863 -0.05887580990791322 0.22488661 0.22388661 "" "" 0.4399099993404351 "" 0.09857690905928744 "" 1.0
98.23241866743 4.97304174552 0.0131 0.013 9.2598 "" "" 3131708530967403520 1388.66748 0.6752 0.0155 -1.88 0.087 0.016 0.015 1.027 "" "" 13.496878 0.658461 13.745378 13.086918 "" "" 1362.62915 1420.59985 75196.13695 28.297 43378.0 39.135 46173.0 30.104 "" "" 0.0027854480675373427 0.0029571166 0.0038451038 0.0068022204 98.23241866743 4.97304174552 1388.66748 -1.8800000000000003 0.087 -0.1578104543685912 -0.11687580990791321 0.22488661 0.22388661 "" "" 1.29261197756658 "" 0.2902339229299111 "" 1.0
98.20469163146 4.82328845168 0.0144 0.0154 8.9389 "" "" 3131318582294760832 1390.69592 0.6743 0.0182 -1.838 0.131 0.016 0.016 0.962 9402.5 4.2819 13.506167 0.600789 13.732415 13.131626 "" "" 1358.61987 1421.75928 74555.529 30.916 43899.0 45.627 44311.0 36.674 "" "" 0.0027918614267184692 0.0030097344 0.0038847427 0.006894477 98.20469163146 4.82328845168 1390.69592 -1.8380000000000023 0.131 -0.11581045436859139 -0.0728758099079132 0.22488661 0.22488661 "" "" 0.9019814439524471 "" 0.20284355020916872 "" 1.0
97.6334761585 5.09069881794 0.0186 0.0166 29.116 "" "" 3131395067072055552 1492.21399 0.6317 0.0211 -2.149 0.085 0.023 0.019 1.327 "" "" 13.536439 0.729445 13.813246 13.083801 "" "" 1446.58862 1547.42383 72505.51619 25.028 40749.0 37.9 46306.0 43.017 "" "" 0.0027806926107040186 0.0029672878 0.003911654 0.006878942 97.6334761585 5.09069881794 1492.21399 -2.1490000000000005 0.08500000000000002 -0.42681045436859133 -0.1188758099079132 0.23188661 0.2278866 "" "" 3.1337768977384295 "" 0.7257857351549848 "" 1.0
97.92134071042 4.93547125678 0.024 0.0217 10.0384 "" "" 3131335792224408576 1423.27002 0.6614 0.0181 -1.864 0.416 0.03 0.025 1.035 5839.7 3.4048 13.547308 1.466886 14.213468 12.746581 25.71 9.2 1391.26917 1459.27502 71783.35446 110.05 28186.0 145.84 63172.0 227.6 "" "" 0.0032190738683199483 0.0062725516 0.0054392624 0.0117118135 97.92134071042 4.93547125678 1423.27002 -1.864 0.4160000000000005 -0.1418104543685914 0.21212419009208677 0.23888661 0.23388661 -12.741764705882353 10.571864 1.7213892044714223 12.85751720252942 0.40528791317262525 10.47682921517051 0.8
97.75597422982 5.00152841976 0.0143 0.013 20.5012 "" "" 3131381357536431616 1488.84192 0.631 0.0164 -1.928 -0.106 0.019 0.015 1.093 "" "" 13.559576 1.159754 14.05085 12.891096 24.06 5.89 1450.63977 1525.42102 70976.81623 13.413 32740.0 23.4 55299.0 31.291 "" "" 0.002762949145418681 0.0028960705 0.003828991 0.0067250617 97.75597422982 5.00152841976 1488.84192 -1.9280000000000006 -0.106 -0.20581045436859124 -0.3098758099079132 0.2278866 0.22388661 -14.391764705882355 7.261864 2.625216351611234 14.62923963308579 0.5909848765094333 7.1447702259190615 0.9
97.90608191997 4.85526180349 0.0189 0.0186 11.4948 "" "" 3131329027654905472 1429.02759 0.6529 0.0219 -1.857 0.002 0.023 0.02 1.266 "" "" 13.570932 0.566553 13.762521 13.195968 "" "" 1388.00684 1469.35339 70238.28433 22.186 42698.0 137.95 41761.0 126.66 "" "" 0.002776581234718337 0.0044821776 0.0050127474 0.009494925 97.90608191997 4.85526180349 1429.02759 -1.857 0.0020000000000000326 -0.1348104543685913 -0.2018758099079132 0.23188661 0.2288866 "" "" 1.644291096591844 "" 0.37788442072133477 "" 1.0
98.2852873562 5.2908954137 0.0144 0.014 25.3538 "" "" 3131770584654319872 1459.57715 0.6477 0.0164 -1.682 0.465 0.019 0.016 1.031 7990.3 4.0965 13.620087 0.731427 13.90082 13.169393 "" "" 1412.40601 1500.81836 67129.2718 23.294 37591.0 32.283 42796.0 41.07 "" "" 0.002780958838222377 0.0029418473 0.0039203805 0.006862228 98.2852873562 5.2908954137 1459.57715 -1.682 0.4650000000000001 0.04018954563140875 0.2611241900920868 0.2278866 0.22488661 "" "" 1.82783231487212 "" 0.4111827294797977 "" 0.9
98.15480394261 4.789548721 0.0142 0.0146 8.6052 "" "" 3131318101258445312 1415.84229 0.6671 0.0176 -1.961 -0.079 0.017 0.016 1.024 9504.1 4.1294 13.626343 0.599463 13.848277 13.248815 "" "" 1382.50183 1459.87231 66743.62289 20.768 39455.0 36.44 39777.0 41.759 "" "" 0.0027759546627879883 0.0029648934 0.003947525 0.006912418 98.15480394261 4.789548721 1415.84229 -1.9610000000000005 -0.07900000000000001 -0.23881045436859138 -0.2828758099079132 0.22588661 0.22488661 "" "" 2.484456550839203 "" 0.5597562158086901 "" 0.8
97.95696302375 4.84503601675 0.0151 0.0138 8.9469 "" "" 3131328409179593216 1458.30334 0.6425 0.0178 -2.047 0.649 0.017 0.016 0.984 9922.6 4.1115 13.643182 0.813053 13.959458 13.146405 "" "" 1420.65979 1494.71472 65716.43235 21.516 35615.0 37.243 43712.0 34.109 "" "" 0.0027781564971380824 0.0030123256 0.0038731766 0.0068855025 97.95696302375 4.84503601675 1458.30334 -2.0469999999999997 0.6490000000000007 -0.32481045436859146 0.4451241900920868 0.22588661 0.22488661 "" "" 3.808937328110287 "" 0.8579043806660714 "" 0.8
98.39065712627 5.09977343289 0.0151 0.0154 21.1535 "" "" 3131711417185373952 1435.08484 0.6508 0.0182 -2.002 0.424 0.019 0.017 1.019 "" "" 13.644196 1.030503 14.064578 13.034075 "" "" 1401.76624 1467.34192 65655.07091 15.733 32329.0 35.166 48476.0 39.774 "" "" 0.002767576747818945 0.0030298254 0.0038829516 0.006912777 98.39065712627 5.09977343289 1435.08484 -2.002 0.424 -0.2798104543685911 0.22012419009208678 0.2278866 0.22588661 "" "" 2.421739454198251 "" 0.5500354098043504 "" 0.8
