Clusters/NGC_2244/NGC_2244_stars_in_region.tsv
# %ECSV 1.0
# ---
# datatype:
# - name: RA_ICRS_1
#   unit: deg
#   datatype: float64
#   format: '{:15.11f}'
#   description: Right ascension (ICRS) at Ep=2016.0 (ra)
#   meta: !!omap
#   - {ucd: POS_EQ_RA_MAIN}
#   - {width: 15}
#   - {precision: '11'}
# - name: DE_ICRS_1
#   unit: deg
#   datatype: float64
#   format: '{:15.11f}'
#   description: Declination (ICRS) at Ep=2016.0 (dec)
#   meta: !!omap
#   - {ucd: POS_EQ_DEC_MAIN}
#   - {width: 15}
#   - {precision: '11'}
# - name: e_RA_ICRS
#   unit: mas
#   datatype: float64
#   format: '{:7.4f}'
#   description: Standard error of right ascension (ra_error)
#   meta: !!omap
#   - {ucd: ERROR}
#   - {width: 7}
#   - {precision: '4'}
# - name: e_DE_ICRS
#   unit: mas
#   datatype: float64
#   format: '{:7.4f}'
#   description: Standard error of declination (dec_error)
#   meta: !!omap
#   - {ucd: ERROR}
#   - {width: 7}
#   - {precision: '4'}
# - name: _r_1
#   unit: ''
#   datatype: float64
#   format: '{:7.4f}'
#   description: Distance from center (098.08820651000+04.91669417000)[ICRS], at Epoch=J2016.0
#   meta: !!omap
#   - {ucd: POS_ANG_DIST_GENERAL}
#   - {width: 7}
#   - {precision: '4'}
# - name: HIP
#   datatype: int32
#   description: '? HIP cross-id number, van Leeuwen, Cat. I/311 (hip_original_ext_source_id)'
#   meta: !!omap
#   - {ucd: ID_NUMBER}
#   - {width: 6}
#   - values: {'null': -2147483648}
# - name: TYC2
#   datatype: string
#   description: Tycho-2 cross-id name, Hog et al., Cat. I/259 (tyc2_original_ext_source_id)
#   meta: !!omap
#   - {ucd: ID_CROSSID}
#   - {_votable_string_dtype: char}
# - name: Source
#   datatype: int64
#   description: Source identifier, identical to the Gaia-EDR3 source_id (id)
#   meta: !!omap
#   - {ucd: ID_MAIN}
#   - {width: 19}
# - name: rgeo
#   unit: pc
#   datatype: float64
#   format: '{:15.8f}'
#   description: '? Median of the geometric distance posterior (r_med_geo)'
#   meta: !!omap
#   - {ucd: PHYS_DISTANCE_TRUE}
#   - {width: 15}
#   - {precision: '8'}
#   - values: {'null': .nan}
# - name: Plx
#   unit: mas
#   datatype: float64
#   format: '{:9.4f}'
#   description: '? Parallax (parallax)'
#   meta: !!omap
#   - {ucd: POS_PARLX_TRIG}
#   - {width: 9}
#   - {precision: '4'}
#   - values: {'null': .nan}
# - name: e_Plx
#   unit: mas
#   datatype: float32
#   format: '{:7.4f}'
#   description: '? Standard error of parallax (parallax_error)'
#   meta: !!omap
#   - {ucd: ERROR}
#   - {width: 7}
#   - {precision: '4'}
#   - values: {'null': .nan}
# - name: pmRA
#   unit: mas / yr
#   datatype: float64
#   format: '{:9.3f}'
#   description: '? Proper motion in right ascension direction, pmRA*cosDE (pmra)'
#   meta: !!omap
#   - {ucd: POS_EQ_PMRA}
#   - {width: 9}
#   - {precision: '3'}
#   - values: {'null': .nan}
# - name: pmDE
#   unit: mas / yr
#   datatype: float64
#   format: '{:9.3f}'
#   description: '? Proper motion in declination direction (pmdec)'
#   meta: !!omap
#   - {ucd: POS_EQ_PMDEC}
#   - {width: 9}
#   - {precision: '3'}
#   - values: {'null': .nan}
# - name: e_pmRA
#   unit: mas / yr
#   datatype: float32
#   format: '{:6.3f}'
#   description: '? Standard error of proper motion in right ascension direction (pmra_error)'
#   meta: !!omap
#   - {ucd: ERROR}
#   - {width: 6}
#   - {precision: '3'}
#   - values: {'null': .nan}
# - name: e_pmDE
[...]
#         value: !astropy.table.SerializedColumn {name: SkyCoord.dec}
#       distance: !astropy.table.SerializedColumn
#         __class__: astropy.coordinates.distances.Distance
#         unit: !astropy.units.Unit {unit: pc}
#         value: !astropy.table.SerializedColumn {name: SkyCoord.distance}
#       frame: icrs
#       obstime: !astropy.time.Time {format: jyear_str, in_subfmt: '*', jd1: 367701545.0, jd2: 0.0, out_subfmt: '*', precision: 3, scale: tt}
#       pm_dec: !astropy.table.SerializedColumn
#         __class__: astropy.units.quantity.Quantity
#         unit: !astropy.units.Unit {unit: mas / yr}
#         value: !astropy.table.SerializedColumn {name: SkyCoord.pm_dec}
#       pm_ra_cosdec: !astropy.table.SerializedColumn
#         __class__: astropy.units.quantity.Quantity
#         unit: !astropy.units.Unit {unit: mas / yr}
#         value: !astropy.table.SerializedColumn {name: SkyCoord.pm_ra_cosdec}
#       ra: !astropy.table.SerializedColumn
#         __class__: astropy.coordinates.angles.Longitude
#         unit: *id001
#         value: !astropy.table.SerializedColumn {name: SkyCoord.ra}
#         wrap_angle: !astropy.coordinates.Angle
#           unit: *id001
#           value: 360.0
#       representation_type: spherical
# schema: astropy-2.0
RA_ICRS_1 DE_ICRS_1 e_RA_ICRS e_DE_ICRS _r_1 HIP TYC2 Source rgeo Plx e_Plx pmRA pmDE e_pmRA e_pmDE RUWE Teff logg Gmag BP-RP BPmag RPmag RV e_RV b_rgeo B_rgeo FG e_FG FBP e_FBP FRP e_FRP RAVE5 RAVE6 e_Gmag e_BPmag e_RPmag e_BP-RP SkyCoord.ra SkyCoord.dec SkyCoord.distance SkyCoord.pm_ra_cosdec SkyCoord.pm_dec rmRA rmDE e_rmRA e_rmDE rRV e_rRV v_pec v_pec3d e_vpec e_vpec3d
[from data line 332]
98.10393091919 5.58964663351 0.0355 0.0328 40.3881 "" "" 3131794773910057600 1059.5332 0.9116 0.0412 -2.792 -2.425 0.043 0.036 2.497 6535.5 4.2003 13.890585 0.894603 14.24699 13.352387 22.67 5.98 1021.48926 1096.82117 52325.43046 14.104 27329.0 31.159 36158.0 22.201 "" "" 0.0027708185620500666 0.0030524472 0.0038377256 0.006890173 98.10393091919 5.58964663351 1059.5332 -2.792 -2.425 -1.0698104543685911 -2.628875809907913 0.2518866 0.2448866 -15.781764705882352 7.3518643 14.25406348672309 21.26599217331198 3.5049785256213486 5.9402180114237915
98.25954741965 5.4031334329 0.2271 0.2133 30.9302 "" "" 3131776460169537536 1396.04285 0.8515 0.2659 0.753 -1.739 0.313 0.243 16.05 6015.8 4.4365 13.891639 0.966044 14.251487 13.285442 18.82 8.81 993.774536 2048.25171 52274.68351 59.768 27216.0 51.428 38458.0 53.457 "" "" 0.003022050888852036 0.0034632708 0.0040695653 0.007532836 98.25954741965 5.4031334329 1396.04285 0.753 -1.739 2.475189545631409 -1.9428758099079133 0.5218866 0.4518866 -19.631764705882354 10.181865 20.8220675668426 28.617559001866084 10.335358632314174 10.263410100675262
98.2508535465 4.54882691425 0.0173 0.016 24.1197 "" "" 3130554971466808576 1177.83215 0.8132 0.0192 0.451 -1.055 0.02 0.018 1.068 7762.1 4.2309 13.910809 0.829625 14.240776 13.411151 "" "" 1155.58582 1206.31226 51359.77333 16.892 27486.0 27.531 34253.0 50.068 "" "" 0.002778363794425585 0.0029946174 0.004099073 0.0070936903 98.2508535465 4.54882691425 1177.83215 0.45100000000000007 -1.0550000000000008 2.1731895456314088 -1.2588758099079131 0.2288866 0.2268866 "" "" 14.021391074010907 "" 3.202285910510842 ""
97.59628143115 4.46849298186 0.0153 0.0155 39.8562 "" "" 3131289376517072896 1361.89014 0.6969 0.0202 1.226 -5.028 0.019 0.016 1.004 6901.5 3.9035 13.918255 1.092932 14.378971 13.286039 26.25 6.78 1324.14392 1396.83044 51008.75544 12.434 24201.0 21.283 38436.0 31.031 "" "" 0.0027680019873380732 0.0029490234 0.0038797017 0.0068287253 97.59628143115 4.46849298186 1361.89014 1.226 -5.028 2.9481895456314087 -5.231875809907913 0.2278866 0.22488661 -12.201764705882354 8.151865 38.76675488708905 40.641657771470875 8.746294866423472 8.694381502431215
98.17434363889 5.11987738802 0.0152 0.0155 13.2335 "" "" 3131714647000408960 1005.97229 0.954 0.0195 3.466 -1.379 0.018 0.017 1.022 5751.0 3.9646 13.921451 1.198246 14.440594 13.242348 38.83 5.76 988.661743 1024.19995 50858.83891 10.841 22865.0 37.799 40015.0 39.854 "" "" 0.0027650228035727737 0.0033176215 0.003931041 0.0072486624 98.17434363889 5.11987738802 1005.97229 3.466 -1.3789999999999993 5.188189545631409 -1.5828758099079132 0.2268866 0.22588661 0.3782352941176441 7.1318645 25.86463822414306 25.86740366568548 5.866141803463419 5.86644160931205
97.55437316167 4.60799233032 0.0168 0.017 36.9041 "" "" 3131294633557016448 1306.22986 0.7236 0.0217 -0.544 2.557 0.022 0.018 1.25 7600.5 4.0888 13.921827 0.790025 14.234715 13.444691 "" "" 1267.69824 1358.73926 50841.2188 14.452 27640.0 28.508 33211.0 43.923 "" "" 0.0027725513639185336 0.003006505 0.0040429733 0.0070494786 97.55437316167 4.60799233032 1306.22986 -0.544 2.557 1.1781895456314087 2.3531241900920867 0.23088661 0.2268866 "" "" 16.293635597417005 "" 3.7099631232081616 ""
97.80851613987 4.41017474434 0.0237 0.0231 34.6897 "" "" 3131275701341418368 1397.0271 0.6736 0.0288 -0.13 -3.727 0.031 0.026 1.666 6814.9 4.0141 13.925348 1.032446 14.352075 13.319629 26.84 7.09 1338.40503 1447.82227 50676.59757 39.104 24808.0 72.792 37265.0 84.395 "" "" 0.0028798768643296703 0.0042348863 0.004508868 0.008743754 97.80851613987 4.41017474434 1397.0271 -0.12999999999999992 -3.727000000000003 1.5921895456314088 -3.930875809907913 0.23988661 0.23488662 -11.611764705882354 8.461864 28.08411580986003 30.389975985617447 6.616554212152431 6.91671787827917
97.70134248445 5.03748086387 0.0174 0.0157 24.2334 "" "" 3131382525767545344 1470.92725 0.6412 0.0199 1.205 -1.28 0.023 0.018 1.153 "" "" 13.927022 1.579679 14.655871 13.076192 44.39 4.7 1429.18652 1508.21997 50598.52242 48.487 18753.0 81.256 46632.0 107.08 "" "" 0.002945212821438305 0.005469635 0.0045276405 0.009997276 97.70134248445 5.03748086387 1470.92725 1.205 -1.28 2.9271895456314088 -1.4838758099079132 0.23188661 0.2268866 5.938235294117646 6.071864 22.881472054900605 23.63946703729807 5.282718984012205 5.335966184491553
98.17197619287 5.33053134357 0.0189 0.0188 25.3298 "" "" 3131774261146359040 1377.32788 0.685 0.0233 -0.783 1.165 0.026 0.021 1.246 9648.6 4.0792 13.936362 0.790596 14.246156 13.45556 "" "" 1331.82239 1429.18701 50165.1022 16.31 27350.0 22.053 32880.0 33.973 "" "" 0.0027778407929599145 0.00292429 0.003942363 0.006866653 98.17197619287 5.33053134357 1377.32788 -0.783 1.165 0.9391895456314087 0.9611241900920868 0.23488662 0.2298866 "" "" 8.773137158166513 "" 2.0383712955349687 ""
97.81070440067 4.48505687295 0.0213 0.0201 30.7584 "" "" 3131282848166993792 1485.83765 0.633 0.025 -2.075 0.058 0.026 0.023 1.584 "" "" 13.944325 1.084947 14.392988 13.308042 "" "" 1429.78833 1536.76428 49798.56141 13.361 23890.0 24.983 37665.0 36.73 "" "" 0.002770676350229242 0.003012342 0.0039248886 0.0069372305 97.81070440067 4.48505687295 1485.83765 -2.075 0.05800000000000002 -0.3528104543685915 -0.1458758099079132 0.23488662 0.23188661 "" "" 2.6888178629594166 "" 0.6303960864271073 ""
97.77535962657 5.50990802226 0.016 0.0167 40.203 "" "" 3131975437415059584 1437.59192 0.6529 0.0193 -0.168 -2.496 0.019 0.017 1.07 8999.7 4.2639 13.958611 0.775076 14.262726 13.48765 "" "" 1396.6322 1491.19348 49147.60679 14.684 26936.0 36.178 31923.0 27.335 "" "" 0.0027743499618282834 0.0031482659 0.0038920504 0.0070403162 97.77535962657 5.50990802226 1437.59192 -0.168 -2.4959999999999996 1.5541895456314088 -2.699875809907913 0.2278866 0.22588661 "" "" 21.227948843186997 "" 4.805711619673745 ""
98.56875037183 4.43855747515 0.0167 0.0164 40.6054 "" "" 3130539921901520384 1004.19293 0.9532 0.0203 -6.087 0.099 0.021 0.017 1.09 "" "" 13.965324 0.84829 14.303119 13.454828 17.36 7.96 988.286804 1019.76343 48844.62876 13.849 25952.0 24.921 32902.0 23.172 "" "" 0.002772463748918394 0.002978602 0.0038559595 0.0068345615 98.56875037183 4.43855747515 1004.19293 -6.087000000000003 0.09900000000000007 -4.364810454368591 -0.1048758099079132 0.2298866 0.22588661 -21.091764705882355 9.331864 20.781946293168442 29.609995443100665 4.777443559509484 7.445082498623402
98.06211158864 5.06544010363 0.0165 0.0182 9.06 "" "" 3131385618143769856 1103.9469 0.8706 0.0219 -7.133 0.412 0.019 0.018 1.139 6524.0 4.0304 13.966773 0.944311 14.349455 13.405144 73.78 10.84 1075.77429 1127.99109 48779.5042 14.111 24868.0 34.868 34443.0 31.088 "" "" 0.0027731638358211145 0.0031784517 0.0039043673 0.007082819 98.06211158864 5.06544010363 1103.9469 -7.132999999999996 0.41199999999999964 -5.410810454368591 0.20812419009208677 0.2278866 0.2268866 35.32823529411765 12.211864 28.3341300155485 45.286942187948014 6.456926850550466 10.347626755282988
98.02906618285 5.16123546256 0.0168 0.0173 15.0922 "" "" 3131762372677053568 1122.53394 0.8455 0.0203 0.79 4.37 0.021 0.02 1.046 5767.9 3.9145 13.968294 1.021816 14.353848 13.332032 15.31 7.33 1101.5769 1146.1073 48711.23985 14.588 24767.0 81.261 36842.0 173.08 "" "" 0.0027744396541443126 0.0045249504 0.00634828 0.01087323 98.02906618285 5.16123546256 1122.53394 0.7900000000000005 4.37 2.5121895456314087 4.166124190092087 0.2298866 0.2288866 -23.141764705882352 8.701864 25.885450749007415 34.721719919694515 5.931746454832279 7.293323563310861
97.82555127517 5.01971250787 0.0166 0.015 16.873 "" "" 3131387129972428288 1268.5531 0.743 0.0189 2.488 -3.913 0.022 0.018 1.013 6181.0 3.7445 13.969588 0.964455 14.364153 13.399698 12.1 7.13 1240.68152 1306.09692 48653.18959 13.633 24533.0 34.238 34616.0 34.419 "" "" 0.0027720653529928548 0.00317506 0.0039305435 0.007105604 97.82555127517 5.01971250787 1268.5531 2.4880000000000018 -3.913 4.210189545631408 -4.1168758099079135 0.23088661 0.2268866 -26.351764705882353 8.501864 35.40717152467399 44.13709662508253 8.106123329966266 8.249367344419621
98.13097616542 4.70946250612 0.0247 0.0236 12.6941 "" "" 3131311126231583872 1264.0835 0.7542 0.0281 -4.513 2.082 0.03 0.027 1.283 5353.2 3.3008 13.970977 1.780498 14.825411 13.044913 33.79 10.11 1223.24109 1308.60767 48591.00665 132.67 16042.0 144.31 47995.0 299.83 "" "" 0.004047175811538383 0.010157745 0.007764593 0.017922338 98.13097616542 4.70946250612 1264.0835 -4.513 2.082 -2.790810454368591 1.8781241900920866 0.23888661 0.2358866 -4.661764705882355 11.481864 20.155801118682593 20.687879758662966 4.796184183566412 5.341297213850682
98.70302168827 4.94676520937 0.0145 0.0133 36.7966 "" "" 3130948970290722176 1017.54877 0.9415 0.0158 3.363 -6.58 0.018 0.016 0.973 5975.8 3.901 13.97341 0.978063 14.375896 13.397833 -2.44 7.04 1001.27783 1030.82727 48482.27359 10.417 24269.0 28.685 34676.0 25.404 "" "" 0.002765178218721781 0.0030711398 0.0038621784 0.0069333185 98.70302168827 4.94676520937 1017.54877 3.362999999999998 -6.58 5.085189545631408 -6.783875809907913 0.2268866 0.22488661 -40.89176470588235 8.411864 40.89196527268167 57.82983005874606 9.225560912984983 8.82809450639154
97.61522011311 5.10001851565 0.0163 0.015 30.3352 "" "" 3131395268933361792 1184.95923 0.8088 0.0183 -0.457 -9.916 0.021 0.02 1.052 4862.2 3.3612 13.979048 1.529737 14.692056 13.162319 12.97 2.69 1156.53784 1213.52393 48231.15482 10.713 18138.0 32.477 43076.0 25.143 "" "" 0.002765853975499858 0.0034006527 0.0038321463 0.007232799 97.61522011311 5.10001851565 1184.95923 -0.457 -9.916000000000002 1.2651895456314086 -10.119875809907914 0.2298866 0.2288866 -25.481764705882355 4.0618644 57.28286186734518 62.69486897856395 13.112163191856016 12.093496734332982
97.50597581763 5.14376068758 0.0159 0.0142 37.3711 "" "" 3131399327679318272 1098.8772 0.8673 0.0173 0.203 -1.828 0.02 0.017 1.062 6677.2 4.1287 13.996982 1.018518 14.420054 13.401536 39.58 5.22 1073.30469 1123.19141 47441.00932 11.358 23302.0 25.866 34558.0 24.834 "" "" 0.0027675545042048187 0.003039336 0.0038590783 0.0068984143 97.50597581763 5.14376068758 1098.8772 0.203 -1.828000000000001 1.9251895456314088 -2.0318758099079135 0.2288866 0.22588661 1.1282352941176441 6.591864 14.579529705262619 14.623118727054356 3.3140833897317448 3.3431171728065334
98.4641441286 4.98635403439 0.0176 0.017 22.8575 "" "" 3131697806428209920 1108.34241 0.8564 0.0206 2.848 -3.719 0.023 0.02 1.105 6135.4 3.8469 13.998709 0.997436 14.41101 13.413574 -0.12 6.44 1087.3689 1133.89014 47365.63001 10.765 23497.0 27.835 34177.0 21.668 "" "" 0.0027663477687934032 0.0030723473 0.0038415561 0.006913903 98.4641441286 4.98635403439 1108.34241 2.847999999999999 -3.719000000000001 4.570189545631409 -3.922875809907913 0.23188661 0.2288866 -38.57176470588235 7.8118644 31.641678843889117 49.88964694789663 7.297162957045596 7.609011577308444
97.87705567994 4.75793726909 0.0168 0.0161 15.8145 "" "" 3131326141436966656 1267.39417 0.7524 0.0194 -5.773 2.614 0.02 0.017 0.971 6340.0 3.8172 14.003926 1.118058 14.476491 13.358433 44.09 5.28 1237.43164 1309.58826 47138.5461 10.662 22122.0 22.817 35957.0 31.038 "" "" 0.0027662424359800935 0.0030065102 0.0038938515 0.0069003617 97.87705567994 4.75793726909 1267.39417 -5.773 2.614 -4.050810454368591 2.4101241900920867 0.2288866 0.22588661 5.638235294117649 6.6518645 28.3165422881803 28.872413553254205 6.4591755792045715 6.466629016135436
98.02714587232 4.79872311281 0.0171 0.0154 7.9642 "" "" 3131324384791279744 1438.40271 0.6532 0.0184 -1.636 0.117 0.021 0.017 1.059 "" "" 14.006117 1.196085 14.509237 13.313152 "" "" 1404.88928 1467.48633 47043.54653 1202.4 21465.0 1900.8 37488.0 2573.3 "" "" 0.027887103317618053 0.096186176 0.07462428 0.17081046 98.02714587232 4.79872311281 1438.40271 -1.636 0.117 0.08618954563140879 -0.0868758099079132 0.2298866 0.22588661 "" "" 0.8343675201787013 "" 0.19013527398515132 ""
98.17477059138 4.96158118279 0.0166 0.0157 5.8335 "" "" 3131333906737527040 1216.48169 0.7815 0.018 -0.658 0.433 0.018 0.017 0.961 7482.8 4.1549 14.007544 0.839253 14.342005 13.502751 30.03 17.12 1184.66077 1242.78809 46981.76452 10.585 25039.0 30.403 31482.0 23.053 "" "" 0.0027661573824368704 0.0030859422 0.0038621 0.006948042 98.17477059138 4.96158118279 1216.48169 -0.6579999999999999 0.433 1.0641895456314088 0.2291241900920868 0.2268866 0.22588661 -8.421764705882353 18.491865 6.276862216463268 10.50357653590956 1.4238584395952332 14.851167823882319
97.83331994895 5.37265950146 0.0169 0.0166 31.3122 "" "" 3131783843218292992 1068.38831 0.8943 0.019 -1.136 -0.941 0.019 0.018 1.007 6159.4 4.1195 14.0113 0.834703 14.343402 13.508699 -3.64 5.83 1051.36768 1091.89551 46819.50614 12.582 25007.0 22.046 31310.0 41.703 "" "" 0.0027707258420896796 0.002949786 0.0040466073 0.006996393 97.83331994895 5.37265950146 1068.38831 -1.136 -0.9409999999999992 0.5861895456314088 -1.144875809907913 0.2278866 0.2268866 -42.091764705882355 7.2018642 6.5136185603339865 42.592767963644846 1.4792080428302763 7.1207453918088
97.87959057016 4.64406710275 0.0164 0.0145 20.5708 "" "" 3131297966451552256 1398.38672 0.6694 0.0175 -1.88 -0.146 0.021 0.017 0.944 "" "" 14.011434 0.845758 14.343484 13.497726 "" "" 1368.91602 1427.10461 46813.75268 11.063 25005.0 27.271 31628.0 22.571 "" "" 0.0027672410418350174 0.0030310405 0.003857989 0.0068890294 97.87959057016 4.64406710275 1398.38672 -1.8799999999999983 -0.14599999999999988 -0.1578104543685912 -0.3498758099079132 0.2298866 0.22588661 "" "" 2.544089542328504 "" 0.57640871076586 ""
98.04938480992 5.13842647257 0.0194 0.026 13.5048 "" "" 3131762097799150336 1426.87915 0.6562 0.031 3.47 1.942 0.025 0.022 1.096 5117.7 3.3564 14.012567 1.643767 14.789203 13.145435 63.3 3.42 1374.43396 1520.57971 46764.86655 12.099 16586.0 25.127 43751.0 38.247 "" "" 0.0027696019691582498 0.0032389106 0.0038967433 0.007135654 98.04938480992 5.13842647257 1426.87915 3.47 1.9420000000000004 5.192189545631409 1.7381241900920867 0.23388661 0.23088661 24.848235294117643 4.7918644 37.03229960269549 44.59625557258854 8.650228568012928 7.663225514280113
98.4607140989 4.98965318151 0.0181 0.0171 22.6932 "" "" 3131698016887419520 1385.79333 0.6786 0.0209 2.526 -5.371 0.025 0.02 1.102 5131.3 3.3099 14.013891 1.80906 14.896534 13.087474 20.68 3.55 1343.91235 1424.85681 46707.90746 12.297 15025.0 18.643 46150.0 32.41 "" "" 0.0027701078848153767 0.0030983773 0.00385553 0.006953907 98.4607140989 4.98965318151 1385.79333 2.526 -5.3709999999999996 4.2481895456314085 -5.574875809907914 0.23388661 0.2288866 -17.771764705882354 4.9218645 46.039868890486396 49.3508373608232 10.623055405793584 10.067596472781974
98.34396186548 5.03056329269 0.0171 0.0163 16.7448 "" "" 3131710489472459264 1176.46411 0.8128 0.0207 -2.694 1.453 0.021 0.018 1.096 "" "" 14.016586 1.335284 14.611998 13.276713 51.78 5.13 1142.71863 1209.89563 46592.10799 11.252 19526.0 24.095 38768.0 28.774 "" "" 0.0027677682505453487 0.0030951728 0.0038643384 0.006959511 98.34396186548 5.03056329269 1176.46411 -2.6940000000000017 1.4529999999999996 -0.9718104543685913 1.2491241900920869 0.2298866 0.2268866 13.328235294117647 6.5018644 8.825457054391448 15.985322901783094 2.012401880927996 5.533802827423474
97.48437109311 5.0702578248 0.0149 0.0135 37.2501 "" "" 3131396750698945920 1419.7594 0.6597 0.0162 -2.073 0.07 0.018 0.016 1.025 "" "" 14.025814 1.120765 14.492238 13.371473 "" "" 1379.7124 1455.36011 46197.7742 10.433 21803.0 24.056 35528.0 21.116 "" "" 0.0027662086371748134 0.0030364592 0.003834077 0.006870536 97.48437109311 5.0702578248 1419.7594 -2.073000000000001 0.07000000000000003 -0.35081045436859126 -0.1338758099079132 0.2268866 0.22488661 "" "" 2.5269016510024604 "" 0.5726801633479521 ""
