Clusters/NGC_2244/NGC_2244_members.tsv
# %ECSV 1.0
# ---
# datatype:
# - name: RA_ICRS_1
#   unit: deg
#   datatype: float64
#   format: '{:15.11f}'
#   description: Right ascension (ICRS) at Ep=2016.0 (ra)
#   meta: !!omap
#   - {ucd: POS_EQ_RA_MAIN}
#   - {width: 15}
#   - {precision: '11'}
# - name: DE_ICRS_1
#   unit: deg
#   datatype: float64
#   format: '{:15.11f}'
#   description: Declination (ICRS) at Ep=2016.0 (dec)
#   meta: !!omap
#   - {ucd: POS_EQ_DEC_MAIN}
#   - {width: 15}
#   - {precision: '11'}
# - name: e_RA_ICRS
#   unit: mas
#   datatype: float64
#   format: '{:7.4f}'
#   description: Standard error of right ascension (ra_error)
#   meta: !!omap
#   - {ucd: ERROR}
#   - {width: 7}
#   - {precision: '4'}
# - name: e_DE_ICRS
#   unit: mas
#   datatype: float64
#   format: '{:7.4f}'
#   description: Standard error of declination (dec_error)
#   meta: !!omap
#   - {ucd: ERROR}
#   - {width: 7}
#   - {precision: '4'}
# - name: _r_1
#   unit: ''
#   datatype: float64
#   format: '{:7.4f}'
#   description: Distance from center (098.08820651000+04.91669417000)[ICRS], at Epoch=J2016.0
#   meta: !!omap
#   - {ucd: POS_ANG_DIST_GENERAL}
#   - {width: 7}
#   - {precision: '4'}
# - name: HIP
#   datatype: int32
#   description: '? HIP cross-id number, van Leeuwen, Cat. I/311 (hip_original_ext_source_id)'
#   meta: !!omap
#   - {ucd: ID_NUMBER}
#   - {width: 6}
#   - values: {'null': -2147483648}
# - name: TYC2
#   datatype: string
#   description: Tycho-2 cross-id name, Hog et al., Cat. I/259 (tyc2_original_ext_source_id)
#   meta: !!omap
#   - {ucd: ID_CROSSID}
#   - {_votable_string_dtype: char}
# - name: Source
#   datatype: int64
#   description: Source identifier, identical to the Gaia-EDR3 source_id (id)
#   meta: !!omap
#   - {ucd: ID_MAIN}
#   - {width: 19}
# - name: rgeo
#   unit: pc
#   datatype: float64
#   format: '{:15.8f}'
#   description: '? Median of the geometric distance posterior (r_med_geo)'
#   meta: !!omap
#   - {ucd: PHYS_DISTANCE_TRUE}
#   - {width: 15}
#   - {precision: '8'}
#   - values: {'null': .nan}
# - name: Plx
#   unit: mas
#   datatype: float64
#   format: '{:9.4f}'
#   description: '? Parallax (parallax)'
#   meta: !!omap
#   - {ucd: POS_PARLX_TRIG}
#   - {width: 9}
#   - {precision: '4'}
#   - values: {'null': .nan}
# - name: e_Plx
#   unit: mas
#   datatype: float32
#   format: '{:7.4f}'
#   description: '? Standard error of parallax (parallax_error)'
#   meta: !!omap
#   - {ucd: ERROR}
#   - {width: 7}
#   - {precision: '4'}
#   - values: {'null': .nan}
# - name: pmRA
#   unit: mas / yr
#   datatype: float64
#   format: '{:9.3f}'
#   description: '? Proper motion in right ascension direction, pmRA*cosDE (pmra)'
#   meta: !!omap
#   - {ucd: POS_EQ_PMRA}
#   - {width: 9}
#   - {precision: '3'}
#   - values: {'null': .nan}
# - name: pmDE
#   unit: mas / yr
#   datatype: float64
#   format: '{:9.3f}'
#   description: '? Proper motion in declination direction (pmdec)'
#   meta: !!omap
#   - {ucd: POS_EQ_PMDEC}
#   - {width: 9}
#   - {precision: '3'}
#   - values: {'null': .nan}
# - name: e_pmRA
#   unit: mas / yr
#   datatype: float32
#   format: '{:6.3f}'
#   description: '? Standard error of proper motion in right ascension direction (pmra_error)'
#   meta: !!omap
#   - {ucd: ERROR}
#   - {width: 6}
#   - {precision: '3'}
#   - values: {'null': .nan}
# - name: e_pmDE
[...]
#       distance: !astropy.table.SerializedColumn
#         __class__: astropy.coordinates.distances.Distance
#         unit: !astropy.units.Unit {unit: pc}
#         value: !astropy.table.SerializedColumn {name: SkyCoord.distance}
#       frame: icrs
#       obstime: !astropy.time.Time {format: jyear_str, in_subfmt: '*', jd1: 367701545.0, jd2: 0.0, out_subfmt: '*', precision: 3, scale: tt}
#       pm_dec: !astropy.table.SerializedColumn
#         __class__: astropy.units.quantity.Quantity
#         unit: !astropy.units.Unit {unit: mas / yr}
#         value: !astropy.table.SerializedColumn {name: SkyCoord.pm_dec}
#       pm_ra_cosdec: !astropy.table.SerializedColumn
#         __class__: astropy.units.quantity.Quantity
#         unit: !astropy.units.Unit {unit: mas / yr}
#         value: !astropy.table.SerializedColumn {name: SkyCoord.pm_ra_cosdec}
#       ra: !astropy.table.SerializedColumn
#         __class__: astropy.coordinates.angles.Longitude
#         unit: *id001
#         value: !astropy.table.SerializedColumn {name: SkyCoord.ra}
#         wrap_angle: !astropy.coordinates.Angle
#           unit: *id001
#           value: 360.0
#       representation_type: spherical
# schema: astropy-2.0
RA_ICRS_1 DE_ICRS_1 e_RA_ICRS e_DE_ICRS _r_1 HIP TYC2 Source rgeo Plx e_Plx pmRA pmDE e_pmRA e_pmDE RUWE Teff logg Gmag BP-RP BPmag RPmag RV e_RV b_rgeo B_rgeo FG e_FG FBP e_FBP FRP e_FRP RAVE5 RAVE6 e_Gmag e_BPmag e_RPmag e_BP-RP SkyCoord.ra SkyCoord.dec SkyCoord.distance SkyCoord.pm_ra_cosdec SkyCoord.pm_dec rmRA rmDE e_rmRA e_rmDE rRV e_rRV v_pec v_pec3d e_vpec e_vpec3d Pmemb
[from data line 62]
98.40493704031 4.95453236802 0.015 0.0148 19.069 "" "" 3131695989662971776 1383.08313 0.6862 0.0188 -1.592 0.122 0.019 0.016 1.075 11428.4 4.1821 13.703805 0.760517 13.996746 13.236229 "" "" 1351.03857 1423.68884 62147.65285 56.047 34413.0 107.52 40241.0 115.68 "" "" 0.0029241299867472995 0.0043923315 0.0049015577 0.00929389 98.40493704031 4.95453236802 1383.08313 -1.592 0.12200000000000011 0.1301895456314086 -0.08187580990791321 0.2278866 0.22488661 "" "" 1.0082527840745392 "" 0.22891409491741052 "" 1.0
97.94202298014 4.70802672998 0.0141 0.0132 15.2689 "" "" 3131322018268357888 1401.09973 0.6729 0.0161 -1.766 -0.113 0.017 0.015 1.012 "" "" 13.741554 1.669438 14.530319 12.860881 25.92 6.71 1369.97729 1430.79517 60024.03138 45.912 21052.0 67.064 56860.0 118.29 "" "" 0.002877755066207293 0.0044438797 0.00440291 0.00884679 97.94202298014 4.70802672998 1401.09973 -1.766 -0.113 -0.04381045436859132 -0.3168758099079132 0.22588661 0.22388661 -12.531764705882352 8.081864 2.124457772875446 12.71056440416119 0.475717691491805 7.968573353939942 0.9
98.37601041766 4.66730725825 0.0152 0.0151 22.8037 "" "" 3130562118292493056 1333.39368 0.7027 0.0177 -1.779 0.415 0.018 0.016 0.988 "" "" 13.801391 0.799416 14.112691 13.313275 "" "" 1297.75183 1366.2063 56805.52608 18.535 30927.0 30.218 37484.0 26.789 "" "" 0.0027780014328777276 0.0029850365 0.0038582159 0.006843252 98.37601041766 4.66730725825 1333.39368 -1.779 0.41499999999999987 -0.05681045436859122 0.21112419009208677 0.2268866 0.22488661 "" "" 1.381829786069119 "" 0.3109423872790803 "" 0.9
98.56036614889 4.73679950417 0.0139 0.0142 30.2223 "" "" 3130938696728968448 1318.94434 0.7205 0.0173 -1.265 0.215 0.017 0.016 1.014 9669.5 4.1704 13.808726 0.71931 14.086404 13.367094 "" "" 1287.80945 1347.38757 56423.02286 18.208 31685.0 43.693 35671.0 32.736 "" "" 0.002777507949484358 0.003166494 0.003908522 0.007075016 98.56036614889 4.73679950417 1318.94434 -1.265 0.215 0.4571895456314088 0.011124190092086789 0.22588661 0.22488661 "" "" 2.859101813476638 "" 0.6458311373061107 "" 0.9
98.28505568503 4.6257129488 0.0153 0.0157 21.0558 "" "" 3130561671615780224 1501.61218 0.6248 0.0186 -1.287 -0.131 0.018 0.017 0.977 "" "" 13.81009 0.777251 14.109667 13.332416 "" "" 1456.62048 1552.27246 56352.16872 18.642 31013.0 69.817 36829.0 53.131 "" "" 0.0027786320604310947 0.0037093528 0.004091101 0.0078004533 98.28505568503 4.6257129488 1501.61218 -1.2869999999999993 -0.131 0.43518954563140877 -0.3348758099079132 0.2268866 0.22588661 "" "" 3.908432780940238 "" 0.8853194859042068 "" 0.8
97.79238188425 5.1551623079 0.0157 0.0151 22.7451 "" "" 3131401075727294592 1423.29736 0.6624 0.0179 -2.083 0.438 0.018 0.016 1.015 "" "" 13.811444 0.70757 14.077095 13.369525 "" "" 1380.72046 1452.27783 56281.91331 15.5 31958.0 34.965 35592.0 26.084 "" "" 0.002771497244973768 0.0030325144 0.0038622345 0.0068947487 97.79238188425 5.1551623079 1423.29736 -2.0829999999999953 0.438 -0.3608104543685915 0.2341241900920868 0.2268866 0.22488661 "" "" 2.9017358690055786 "" 0.6566508011398718 "" 0.9
98.02953525683 4.94162609013 0.0161 0.0159 3.813 "" "" 3131335384206371584 1336.46118 0.7081 0.0198 -1.679 0.297 0.017 0.016 1.133 5396.6 3.3521 13.867537 1.609388 14.619517 13.010129 -43.11 5.35 1296.48132 1378.74731 53448.02952 46.376 19391.0 76.17 49557.0 112.01 "" "" 0.002911923144748073 0.005096504 0.004506205 0.009602709 98.02953525683 4.94162609013 1336.46118 -1.6790000000000003 0.29700000000000004 0.04318954563140864 0.09312419009208678 0.22588661 0.22488661 -81.56176470588235 6.721864 0.6502831295553655 81.56435698322093 0.14635529290659446 6.721650690556414 1.0
98.48187241292 4.95430817377 0.0164 0.0162 23.6403 "" "" 3131694404814112896 1419.20044 0.6632 0.0194 -1.794 0.137 0.022 0.018 1.115 7999.1 4.0535 13.867604 1.131062 14.335268 13.204206 "" "" 1387.32434 1457.96985 53444.76802 14.665 25195.0 41.947 41445.0 32.514 "" "" 0.0027713798629871536 0.0033245443 0.003874176 0.0071987202 98.48187241292 4.95430817377 1419.20044 -1.794 0.137 -0.07181045436859135 -0.0668758099079132 0.23088661 0.2268866 "" "" 0.660108420100025 "" 0.1511895415549226 "" 1.0
98.00374927906 4.88801276502 0.0165 0.0164 5.3341 "" "" 3131334559572706304 1408.41931 0.6643 0.0201 -1.919 0.269 0.018 0.016 1.032 6152.2 3.47 13.879331 1.374671 14.494791 13.12012 20.47 26.0 1369.64734 1448.87646 52870.65236 24.077 21752.0 52.214 44783.0 58.854 "" "" 0.0027993318004053266 0.0038180442 0.0040397663 0.007857811 98.00374927906 4.88801276502 1408.41931 -1.9190000000000011 0.269 -0.19681045436859135 0.06512419009208681 0.2268866 0.22488661 -17.981764705882355 27.371864 1.3839514587805255 18.034943403791903 0.31372797062214636 27.291164947318173 0.8
98.08306316041 4.80533910843 0.0171 0.017 6.6884 "" "" 3131330054148109824 1309.85535 0.7152 0.02 -1.458 -0.013 0.02 0.017 1.119 5535.8 3.5086 13.889288 1.570103 14.618486 13.048384 28.45 7.5 1272.03662 1352.69324 52387.9473 76.438 19410.0 111.22 47841.0 248.25 "" "" 0.0031782682733796103 0.006818337 0.006784185 0.013602521 98.08306316041 4.80533910843 1309.85535 -1.458 -0.013 0.26418954563140873 -0.21687580990791322 0.2288866 0.22588661 -10.001764705882355 8.871864 2.1221748330288066 10.224427771458645 0.48318438590981416 8.679236228020482 1.0
98.02714587232 4.79872311281 0.0171 0.0154 7.9642 "" "" 3131324384791279744 1438.40271 0.6532 0.0184 -1.636 0.117 0.021 0.017 1.059 "" "" 14.006117 1.196085 14.509237 13.313152 "" "" 1404.88928 1467.48633 47043.54653 1202.4 21465.0 1900.8 37488.0 2573.3 "" "" 0.027887103317618053 0.096186176 0.07462428 0.17081046 98.02714587232 4.79872311281 1438.40271 -1.636 0.117 0.08618954563140879 -0.0868758099079132 0.2298866 0.22588661 "" "" 0.8343675201787013 "" 0.19013527398515132 "" 1.0
97.48437109311 5.0702578248 0.0149 0.0135 37.2501 "" "" 3131396750698945920 1419.7594 0.6597 0.0162 -2.073 0.07 0.018 0.016 1.025 "" "" 14.025814 1.120765 14.492238 13.371473 "" "" 1379.7124 1455.36011 46197.7742 10.433 21803.0 24.056 35528.0 21.116 "" "" 0.0027662086371748134 0.0030364592 0.003834077 0.006870536 97.48437109311 5.0702578248 1419.7594 -2.073000000000001 0.07000000000000003 -0.35081045436859126 -0.1338758099079132 0.2268866 0.22488661 "" "" 2.5269016510024604 "" 0.5726801633479521 "" 0.8
98.55973356169 4.98800256929 0.016 0.016 28.5089 "" "" 3131700559508042240 1453.36829 0.6495 0.0197 -1.775 0.217 0.021 0.018 0.956 9288.2 4.2449 14.032949 0.723732 14.313853 13.590121 "" "" 1410.09192 1509.84973 45895.1517 15.326 25697.0 33.317 29048.0 38.725 "" "" 0.0027790723340492475 0.0031251635 0.004047073 0.007172236 98.55973356169 4.98800256929 1453.36829 -1.775 0.21700000000000008 -0.05281045436859122 0.01312419009208679 0.2298866 0.2268866 "" "" 0.3748754895483443 "" 0.08611383977989931 "" 1.0
98.12921379804 4.83496809407 0.0184 0.0188 5.4822 "" "" 3131330505124160640 1371.56287 0.6876 0.0236 -1.402 0.161 0.022 0.022 1.174 6081.7 3.784 14.049419 1.388967 14.648457 13.25949 64.8 10.5 1337.23926 1420.25757 45204.21044 67.257 18881.0 235.15 39388.0 327.14 "" "" 0.0031939537953164995 0.013806967 0.009777627 0.023584593 98.12921379804 4.83496809407 1371.56287 -1.402 0.161 0.3201895456314088 -0.042875809907913204 0.23088661 0.23088661 26.348235294117643 11.871864 2.1001989216749117 26.431805436344884 0.48490780591146565 11.834391450370317 1.0
97.62375871771 5.20602136406 0.0221 0.0198 32.7395 "" "" 3131405095816682368 1498.27588 0.6282 0.0241 -2.039 0.063 0.026 0.022 1.353 "" "" 14.137908 0.931648 14.492639 13.56099 "" "" 1450.60107 1552.00244 41666.16792 18.445 21795.0 40.735 29837.0 24.166 "" "" 0.0027969275413306043 0.0034500572 0.0038803385 0.0073303957 97.62375871771 5.20602136406 1498.27588 -2.039 0.063 -0.31681045436859145 -0.1408758099079132 0.23488662 0.23088661 "" "" 2.4623467083058195 "" 0.5767578629701555 "" 1.0
98.11698062288 4.90104123144 0.0177 0.0168 1.9598 "" "" 3131331845153294080 1409.31787 0.6664 0.0208 -1.429 0.276 0.02 0.019 1.009 6092.7 3.7121 14.181704 1.438111 14.833638 13.395527 "" "" 1370.89587 1439.31323 40018.91449 57.047 15921.0 77.645 34749.0 143.65 "" "" 0.0031602563569796713 0.00598517 0.005867631 0.011852801 98.11698062288 4.90104123144 1409.31787 -1.4290000000000003 0.27600000000000013 0.29318954563140864 0.07212419009208682 0.2288866 0.2278866 "" "" 2.0169458697863263 "" 0.46153703686982167 "" 0.8
97.77289612819 4.96379589684 0.0185 0.0168 19.059 "" "" 3131380704701420160 1441.57605 0.6443 0.0216 -1.68 -0.048 0.025 0.019 1.061 "" "" 14.19169 1.379141 14.807045 13.427904 21.19 7.06 1401.10974 1483.33948 39652.54693 26.705 16315.0 40.836 33728.0 63.032 "" "" 0.0028506957884456017 0.003894897 0.0042896164 0.008184513 97.77289612819 4.96379589684 1441.57605 -1.6799999999999995 -0.04799999999999997 0.042189545631408754 -0.2518758099079132 0.23388661 0.2278866 -17.261764705882353 8.431865 1.7450621405825302 17.349748200931913 0.3979656860921809 8.389200826888908 1.0
97.70068416483 4.97934611304 0.0181 0.0161 23.4677 "" "" 3131381666774133504 1487.75195 0.6283 0.0207 -1.894 -0.005 0.024 0.019 0.98 6905.8 3.8274 14.245782 1.449907 14.900864 13.450956 29.04 6.53 1448.17163 1534.77563 37725.40197 18.095 14965.0 29.081 33020.0 37.899 "" "" 0.0028041031692542704 0.0034980888 0.003979529 0.007477618 97.70068416483 4.97934611304 1487.75195 -1.8939999999999997 -0.005000000000000029 -0.17181045436859121 -0.2088758099079132 0.23288661 0.2278866 -9.411764705882355 7.9018645 1.9072600347240463 9.603070119443487 0.43851234780474035 7.744939000539302 1.0
98.44738504342 4.5080382316 0.0221 0.0222 32.5959 "" "" 3130556002259085440 1414.48022 0.6635 0.0213 -1.584 0.229 0.025 0.023 1.059 "" "" 14.286507 1.598541 15.033004 13.434463 "" "" 1380.64868 1450.58826 36336.59212 9.49 13250.0 21.974 33525.0 28.652 "" "" 0.0027698729520176605 0.0033207247 0.003891627 0.007212352 98.44738504342 4.5080382316 1414.48022 -1.5840000000000003 0.229 0.13818954563140862 0.0251241900920868 0.23388661 0.23188661 "" "" 0.9416989298543862 "" 0.22019076064664037 "" 1.0
97.5792473258 5.17260898746 0.0183 0.0169 34.075 "" "" 3131399808715648768 1485.25806 0.6362 0.0207 -2.061 -0.002 0.022 0.019 1.06 6789.4 3.8165 14.316955 1.488945 14.992166 13.503222 32.07 6.87 1438.12952 1526.28809 35331.71845 13.287 13758.0 34.934 31468.0 35.194 "" "" 0.0027854090787304284 0.0039224247 0.0039696647 0.007892089 97.5792473258 5.17260898746 1485.25806 -2.0609999999999995 -0.0020000000000000347 -0.33881045436859125 -0.2058758099079132 0.23088661 0.2278866 -6.381764705882354 8.241864 2.7910992019572527 6.965425723989317 0.642180210265428 7.555628507447908 0.9
98.36691458871 4.55015447054 0.0209 0.0212 27.5935 "" "" 3130557273569269760 1387.67896 0.6815 0.0233 -1.658 0.141 0.023 0.022 1.095 5419.7 3.6098 14.544058 1.542041 15.251887 13.709846 "" "" 1335.91992 1439.17041 28663.13045 46.304 10831.0 55.582 26015.0 113.21 "" "" 0.003266214688773101 0.0062313084 0.006050426 0.0122817345 98.36691458871 4.55015447054 1387.67896 -1.6580000000000001 0.141 0.06418954563140877 -0.06287580990791322 0.23188661 0.23088661 "" "" 0.5910207304774182 "" 0.1367607119832142 "" 1.0
98.12132501391 5.48420126708 0.0208 0.0196 34.1079 "" "" 3131788417358511360 1418.57556 0.6602 0.0237 -1.579 0.481 0.028 0.023 1.077 7495.1 4.1003 14.616794 1.036062 15.047727 14.011664 4.21 12.91 1383.16541 1464.96228 26805.84148 9.8304 13072.0 18.403 19701.0 29.668 "" "" 0.0027839409048404625 0.0031814177 0.0041178917 0.0072993096 98.12132501391 5.48420126708 1418.57556 -1.5789999999999997 0.4810000000000005 0.14318954563140873 0.2771241900920868 0.2368866 0.23188661 -34.24176470588235 14.281864 2.097440293028763 34.305942720698276 0.4885968963555893 14.255177596739134 1.0
98.270393569 5.29257817407 0.0223 0.021 25.0437 "" "" 3131770202396932992 1411.34802 0.661 0.0249 -1.982 0.308 0.03 0.026 1.031 9111.6 4.4463 14.63631 0.942643 15.017724 14.075081 "" "" 1362.32788 1456.24304 26328.2939 9.8952 13438.0 26.494 18583.0 29.455 "" "" 0.002785373223409808 0.0035167104 0.004152756 0.0076694665 98.270393569 5.29257817407 1411.34802 -1.981999999999999 0.30800000000000033 -0.2598104543685913 0.10412419009208679 0.23888661 0.23488662 "" "" 1.8724638574231458 "" 0.4462775256508201 "" 1.0
97.66270709583 4.69864796303 0.0196 0.019 28.607 "" "" 3131302738158184576 1482.20764 0.6357 0.0235 -2.003 0.121 0.025 0.021 1.075 "" "" 14.65388 1.113846 15.111968 13.998122 "" "" 1428.49109 1530.06348 25905.65309 8.3419 12321.0 25.464 19948.0 37.814 "" "" 0.0027774129471479932 0.0035805264 0.0043034544 0.007883981 97.66270709583 4.69864796303 1482.20764 -2.003 0.121 -0.2808104543685914 -0.08287580990791321 0.23388661 0.2298866 "" "" 2.0570073561764874 "" 0.4804524212923913 "" 1.0
98.26511283693 4.81923817977 0.0263 0.0261 12.0849 "" "" 3131319166410299648 1362.36768 0.6887 0.0313 -1.77 0.087 0.034 0.031 1.205 7146.0 4.2995 14.758722 0.943543 15.119602 14.176059 "" "" 1308.70215 1429.74329 23521.12036 11.404 12234.0 24.705 16933.0 19.508 "" "" 0.002805155276312253 0.003548539 0.003980997 0.0075295363 98.26511283693 4.81923817977 1362.36768 -1.77 0.08699999999999997 -0.047810454368591326 -0.11687580990791321 0.2428866 0.23988661 "" "" 0.8154470296111824 "" 0.19596738352947335 "" 1.0
98.04156330298 4.90644604103 0.0246 0.0259 2.8553 "" "" 3131334903170051840 1437.37842 0.6562 0.0325 -1.673 0.35 0.027 0.024 1.025 5443.9 4.075 14.834134 1.54631 15.547815 14.001506 98.05 6.07 1372.83142 1509.11194 21942.85899 41.858 8246.9 62.919 19886.0 101.56 "" "" 0.0034469425466798656 0.008740817 0.0067104744 0.015451292 98.04156330298 4.90644604103 1437.37842 -1.6729999999999998 0.35 0.04918954563140865 0.14612419009208677 0.2358866 0.23288661 59.59823529411764 7.4418645 1.0504643567878238 59.60749219299443 0.24496170099850734 7.4407100393275 0.8
98.35838819576 5.06810125686 0.0265 0.0254 18.5292 "" "" 3131710833069834496 1445.40576 0.6565 0.03 -1.813 0.193 0.036 0.03 1.189 6084.8 4.1652 14.91511 1.145592 15.400362 14.25477 "" "" 1383.90393 1497.53088 20365.86498 10.208 9446.5 18.195 15749.0 30.612 "" "" 0.0028085490752997513 0.0034868845 0.004328681 0.007815566 98.35838819576 5.06810125686 1445.40576 -1.8130000000000006 0.19299999999999987 -0.09081045436859125 -0.010875809907913203 0.2448866 0.23888661 "" "" 0.6266087730811931 "" 0.15339557505014123 "" 1.0
98.41162837435 4.43589605912 0.0284 0.027 34.7313 "" "" 3130538032116176896 1253.72461 0.7582 0.0321 -1.87 0.121 0.034 0.027 1.075 6241.6 4.2853 14.989638 1.123838 15.45995 14.336112 "" "" 1209.8158 1303.21655 19014.77786 6.7122 8942.0 19.449 14612.0 20.168 "" "" 0.0027818484204806195 0.0036553664 0.004065642 0.0077210087 98.41162837435 4.43589605912 1253.72461 -1.8699999999999983 0.121 -0.14781045436859142 -0.08287580990791321 0.2428866 0.2358866 "" "" 1.007035921937768 "" 0.24292809981308022 "" 1.0
97.67502084504 5.01657836178 0.0258 0.0231 25.4148 "" "" 3131382010371507712 1346.61414 0.7025 0.0296 -1.713 -0.168 0.034 0.027 1.09 7593.3 3.961 15.01864 1.711354 15.833908 14.122554 40.47 10.3 1295.7865 1403.06409 18513.60285 13.173 6336.6 30.667 17788.0 64.614 "" "" 0.0028615728932738205 0.0059494395 0.0054624104 0.011411849 97.67502084504 5.01657836178 1346.61414 -1.7130000000000003 -0.16800000000000018 0.009189545631408613 -0.37187580990791325 0.2428866 0.2358866 2.0182352941176447 11.6718645 2.3743897099511235 3.1162477753131115 0.5600970179449574 7.571310190890147 1.0
