Clusters/NGC_2244/NGC_2244_members.tsv
# %ECSV 1.0
# ---
# datatype:
# - name: RA_ICRS_1
#   unit: deg
#   datatype: float64
#   format: '{:15.11f}'
#   description: Right ascension (ICRS) at Ep=2016.0 (ra)
#   meta: !!omap
#   - {ucd: POS_EQ_RA_MAIN}
#   - {width: 15}
#   - {precision: '11'}
# - name: DE_ICRS_1
#   unit: deg
#   datatype: float64
#   format: '{:15.11f}'
#   description: Declination (ICRS) at Ep=2016.0 (dec)
#   meta: !!omap
#   - {ucd: POS_EQ_DEC_MAIN}
#   - {width: 15}
#   - {precision: '11'}
# - name: e_RA_ICRS
#   unit: mas
#   datatype: float64
#   format: '{:7.4f}'
#   description: Standard error of right ascension (ra_error)
#   meta: !!omap
#   - {ucd: ERROR}
#   - {width: 7}
#   - {precision: '4'}
# - name: e_DE_ICRS
#   unit: mas
#   datatype: float64
#   format: '{:7.4f}'
#   description: Standard error of declination (dec_error)
#   meta: !!omap
#   - {ucd: ERROR}
#   - {width: 7}
#   - {precision: '4'}
# - name: _r_1
#   unit: ''
#   datatype: float64
#   format: '{:7.4f}'
#   description: Distance from center (098.08820651000+04.91669417000)[ICRS], at Epoch=J2016.0
#   meta: !!omap
#   - {ucd: POS_ANG_DIST_GENERAL}
#   - {width: 7}
#   - {precision: '4'}
# - name: HIP
#   datatype: int32
#   description: '? HIP cross-id number, van Leeuwen, Cat. I/311 (hip_original_ext_source_id)'
#   meta: !!omap
#   - {ucd: ID_NUMBER}
#   - {width: 6}
#   - values: {'null': -2147483648}
# - name: TYC2
#   datatype: string
#   description: Tycho-2 cross-id name, Hog et al., Cat. I/259 (tyc2_original_ext_source_id)
#   meta: !!omap
#   - {ucd: ID_CROSSID}
#   - {_votable_string_dtype: char}
# - name: Source
#   datatype: int64
#   description: Source identifier, identical to the Gaia-EDR3 source_id (id)
#   meta: !!omap
#   - {ucd: ID_MAIN}
#   - {width: 19}
# - name: rgeo
#   unit: pc
#   datatype: float64
#   format: '{:15.8f}'
#   description: '? Median of the geometric distance posterior (r_med_geo)'
#   meta: !!omap
#   - {ucd: PHYS_DISTANCE_TRUE}
#   - {width: 15}
#   - {precision: '8'}
#   - values: {'null': .nan}
# - name: Plx
#   unit: mas
#   datatype: float64
#   format: '{:9.4f}'
#   description: '? Parallax (parallax)'
#   meta: !!omap
#   - {ucd: POS_PARLX_TRIG}
#   - {width: 9}
#   - {precision: '4'}
#   - values: {'null': .nan}
# - name: e_Plx
#   unit: mas
#   datatype: float32
#   format: '{:7.4f}'
#   description: '? Standard error of parallax (parallax_error)'
#   meta: !!omap
#   - {ucd: ERROR}
#   - {width: 7}
#   - {precision: '4'}
#   - values: {'null': .nan}
# - name: pmRA
#   unit: mas / yr
#   datatype: float64
#   format: '{:9.3f}'
#   description: '? Proper motion in right ascension direction, pmRA*cosDE (pmra)'
#   meta: !!omap
#   - {ucd: POS_EQ_PMRA}
#   - {width: 9}
#   - {precision: '3'}
#   - values: {'null': .nan}
# - name: pmDE
#   unit: mas / yr
#   datatype: float64
#   format: '{:9.3f}'
#   description: '? Proper motion in declination direction (pmdec)'
#   meta: !!omap
#   - {ucd: POS_EQ_PMDEC}
#   - {width: 9}
#   - {precision: '3'}
#   - values: {'null': .nan}
# - name: e_pmRA
#   unit: mas / yr
#   datatype: float32
#   format: '{:6.3f}'
#   description: '? Standard error of proper motion in right ascension direction (pmra_error)'
#   meta: !!omap
#   - {ucd: ERROR}
#   - {width: 6}
#   - {precision: '3'}
#   - values: {'null': .nan}
# - name: e_pmDE
[...]
#       distance: !astropy.table.SerializedColumn
#         __class__: astropy.coordinates.distances.Distance
#         unit: !astropy.units.Unit {unit: pc}
#         value: !astropy.table.SerializedColumn {name: SkyCoord.distance}
#       frame: icrs
#       obstime: !astropy.time.Time {format: jyear_str, in_subfmt: '*', jd1: 367701545.0, jd2: 0.0, out_subfmt: '*', precision: 3, scale: tt}
#       pm_dec: !astropy.table.SerializedColumn
#         __class__: astropy.units.quantity.Quantity
#         unit: !astropy.units.Unit {unit: mas / yr}
#         value: !astropy.table.SerializedColumn {name: SkyCoord.pm_dec}
#       pm_ra_cosdec: !astropy.table.SerializedColumn
#         __class__: astropy.units.quantity.Quantity
#         unit: !astropy.units.Unit {unit: mas / yr}
#         value: !astropy.table.SerializedColumn {name: SkyCoord.pm_ra_cosdec}
#       ra: !astropy.table.SerializedColumn
#         __class__: astropy.coordinates.angles.Longitude
#         unit: *id001
#         value: !astropy.table.SerializedColumn {name: SkyCoord.ra}
#         wrap_angle: !astropy.coordinates.Angle
#           unit: *id001
#           value: 360.0
#       representation_type: spherical
# schema: astropy-2.0
RA_ICRS_1 DE_ICRS_1 e_RA_ICRS e_DE_ICRS _r_1 HIP TYC2 Source rgeo Plx e_Plx pmRA pmDE e_pmRA e_pmDE RUWE Teff logg Gmag BP-RP BPmag RPmag RV e_RV b_rgeo B_rgeo FG e_FG FBP e_FBP FRP e_FRP RAVE5 RAVE6 e_Gmag e_BPmag e_RPmag e_BP-RP SkyCoord.ra SkyCoord.dec SkyCoord.distance SkyCoord.pm_ra_cosdec SkyCoord.pm_dec rmRA rmDE e_rmRA e_rmDE rRV e_rRV v_pec v_pec3d e_vpec e_vpec3d Pmemb
[from data line 123]
98.0899482456 4.45491896248 0.0375 0.0346 27.7067 "" "" 3130529373461742976 1377.58386 0.6925 0.0412 -2.194 0.647 0.048 0.041 1.1 9456.8 3.849 15.779342 1.594153 16.509716 14.915564 "" "" 1316.14404 1473.35168 9187.7651 4.4136 3400.4 11.597 8569.0 19.741 "" "" 0.002804250012383396 0.0046364195 0.004532125 0.009168545 98.0899482456 4.45491896248 1377.58386 -2.194 0.647 -0.47181045436859126 0.4431241900920868 0.2568866 0.2498866 "" "" 4.226538412055701 "" 1.071976579904802 "" 0.9
97.93273408714 5.04930347716 0.038 0.0392 12.2339 "" "" 3131384621711437440 1303.66309 0.7244 0.0489 -1.895 0.542 0.044 0.04 0.964 5132.7 3.7148 15.781085 2.119927 16.857355 14.737429 "" "" 1217.31433 1407.83313 9173.03233 33.419 2468.7 41.546 10097.0 106.89 "" "" 0.004820582447504544 0.018483767 0.012099356 0.030583125 97.93273408714 5.04930347716 1303.66309 -1.8950000000000011 0.542 -0.17281045436859133 0.33812419009208683 0.2528866 0.24888662 "" "" 2.3464614435816955 "" 0.5859590801000272 "" 1.0
98.01966244925 4.82079058397 0.0377 0.0338 7.0642 "" "" 3131325248083645824 1369.94897 0.6843 0.0422 -1.659 0.099 0.044 0.039 1.122 5000.7 4.1633 15.785945 1.778692 16.646029 14.867336 "" "" 1301.88489 1462.71375 9132.05784 14.775 2999.2 23.382 8958.3 41.512 "" "" 0.0032676564682670934 0.0089124935 0.0062925983 0.015205092 98.01966244925 4.82079058397 1369.94897 -1.6590000000000007 0.09899999999999998 0.06318954563140866 -0.1048758099079132 0.2528866 0.24788661 "" "" 0.7950792265006417 "" 0.19815608843329766 "" 0.9
97.98457806072 4.90450175031 0.038 0.0384 6.2379 "" "" 3131334834450613376 1389.30017 0.6863 0.047 -1.673 0.244 0.042 0.039 0.975 5227.0 3.7571 15.862557 1.991622 16.864166 14.872544 "" "" 1288.80811 1492.08069 8509.88811 23.503 2453.3 32.463 8915.4 73.223 "" "" 0.0040722975436445884 0.014635304 0.0096850945 0.024320398 97.98457806072 4.90450175031 1389.30017 -1.6729999999999996 0.244 0.04918954563140865 0.04012419009208679 0.25088662 0.24788661 "" "" 0.4180260566426274 "" 0.1043779024596693 "" 0.9
97.5827008221 4.82596744285 0.0383 0.0364 30.7071 "" "" 3131354385141979136 1354.31201 0.6927 0.0458 -1.899 -0.166 0.053 0.042 1.082 7986.7 3.9109 15.888849 2.290381 17.079268 14.788886 "" "" 1286.12732 1455.66895 8306.2878 5.0841 2012.4 19.91 9629.5 44.897 "" "" 0.0028343294949178303 0.011098358 0.006317391 0.017415749 97.5827008221 4.82596744285 1354.31201 -1.899 -0.16600000000000026 -0.17681045436859133 -0.36987580990791324 0.2618866 0.25088662 "" "" 2.6317354956684245 "" 0.6657472000317041 "" 0.8
97.86850009682 4.91398874317 0.0427 0.0395 13.1349 "" "" 3131376783394624896 1459.17041 0.65 0.0521 -1.567 -0.054 0.052 0.045 1.093 4848.8 4.1758 15.923802 1.674802 16.720001 15.045199 "" "" 1343.57764 1562.93054 8043.14538 24.44 2801.7 46.503 7604.6 69.522 "" "" 0.0042983783931907675 0.018235914 0.01062108 0.028856995 97.86850009682 4.91398874317 1459.17041 -1.5670000000000017 -0.05399999999999999 0.15518954563140874 -0.2578758099079132 0.2608866 0.2538866 "" "" 2.0816583454209665 "" 0.5324183041792967 "" 1.0
97.71610105897 4.68943055688 0.0425 0.0385 26.0942 "" "" 3131301849102021120 1453.45081 0.6578 0.048 -1.948 -0.001 0.054 0.047 1.203 9562.9 3.7954 15.936977 1.641867 16.652353 15.010487 "" "" 1367.6427 1561.09619 7946.13488 5.7867 2981.8 20.715 7851.7 22.034 "" "" 0.002866524055179254 0.008042287 0.0048546004 0.012896888 97.71610105897 4.68943055688 1453.45081 -1.9480000000000004 -0.0009999999999999953 -0.22581045436859126 -0.2048758099079132 0.2628866 0.2558866 "" "" 2.100569970608567 "" 0.5456218421884153 "" 0.9
98.34246682807 4.9331530759 0.0394 0.0391 15.2313 "" "" 3131696260240096128 1431.22803 0.6713 0.0474 -1.46 -0.072 0.048 0.041 1.047 6031.6 4.4784 15.979976 1.301572 16.537142 15.23557 "" "" 1328.62854 1533.82239 7637.59525 5.1359 3315.6 13.043 6381.6 19.885 "" "" 0.0028504105020174583 0.0051016994 0.005072414 0.010174113 98.34246682807 4.9331530759 1431.22803 -1.4599999999999997 -0.07200000000000008 0.2621895456314087 -0.2758758099079132 0.2568866 0.2498866 "" "" 2.581948968646413 "" 0.653834141916908 "" 0.9
98.12380838195 5.02620532505 0.0424 0.0432 6.9067 "" "" 3131337583230050432 1326.30774 0.7286 0.0509 -1.506 0.528 0.049 0.046 1.012 6493.8 4.1834 15.98774 1.773361 16.604538 14.831177 "" "" 1217.6073 1459.00452 7583.16867 16.612 3116.0 34.741 9261.6 120.19 "" "" 0.0036398973161598045 0.012422522 0.014587934 0.027010456 98.12380838195 5.02620532505 1326.30774 -1.506 0.528 0.21618954563140869 0.3241241900920868 0.25788662 0.2548866 "" "" 2.4493482360388295 "" 0.6265777186906306 "" 0.8
97.97256509084 4.95003660886 0.0467 0.0479 7.1964 "" "" 3131335899602478976 1194.20532 0.8039 0.0586 -1.515 0.444 0.05 0.048 1.1 "" "" 15.996121 2.056663 17.044355 14.987692 "" "" 1113.35596 1292.18811 7524.85345 12.182 2078.1 29.959 8018.3 46.801 "" "" 0.0032682258087559234 0.01589929 0.007378603 0.023277892 97.97256509084 4.95003660886 1194.20532 -1.515 0.44400000000000006 0.2071895456314088 0.2401241900920868 0.2588866 0.2568866 "" "" 1.795264988662931 "" 0.4627152609486895 "" 1.0
97.83536052483 4.83998289715 0.0413 0.0392 15.801 "" "" 3131327653265430144 1403.80994 0.6737 0.0509 -2.061 0.069 0.055 0.062 1.016 5410.8 3.7984 16.020731 1.993567 17.019344 15.025778 "" "" 1308.74927 1513.53442 7356.21358 28.874 2126.6 35.947 7741.9 80.193 "" "" 0.005074778739162869 0.018563632 0.011864446 0.030428078 97.83536052483 4.83998289715 1403.80994 -2.061 0.069 -0.33881045436859125 -0.1348758099079132 0.2638866 0.2708866 "" "" 2.4265339055952286 "" 0.6426798450224177 "" 0.9
98.54996901047 5.21344370081 0.0368 0.0351 32.8427 "" "" 3131720007119906432 1476.37524 0.642 0.0446 -1.284 0.309 0.047 0.039 0.997 7148.7 4.3089 16.024294 1.465465 16.689827 15.224362 "" "" 1374.49146 1570.93567 7332.11365 3.6268 2880.6 12.238 6447.8 12.815 "" "" 0.002807172496944527 0.005390892 0.004352041 0.009742932 98.54996901047 5.21344370081 1476.37524 -1.2839999999999998 0.30900000000000033 0.43818954563140866 0.10512419009208679 0.2558866 0.24788661 "" "" 3.1534688134279603 "" 0.8055778290170135 "" 0.8
98.03016412888 4.55249504719 0.0391 0.0374 22.1258 "" "" 3131304975838470784 1462.74146 0.6576 0.0472 -1.811 0.028 0.049 0.043 0.98 "" "" 16.033672 1.878846 16.943544 15.064698 "" "" 1381.22485 1574.11548 7269.04641 8.9827 2280.3 15.143 7469.3 31.429 "" "" 0.003064626365391182 0.007731189 0.0059291697 0.013660358 98.03016412888 4.55249504719 1462.74146 -1.811 0.028000000000000018 -0.08881045436859125 -0.1758758099079132 0.25788662 0.2518866 "" "" 1.3660651935060026 "" 0.3457745849853979 "" 0.9
98.33420447029 5.03730516018 0.04 0.0394 16.3885 "" "" 3131710691330265472 1484.39307 0.6474 0.0499 -1.982 0.41 0.051 0.043 1.048 9257.6 4.3633 16.074045 1.484803 16.746334 15.261531 "" "" 1361.9447 1608.20813 7003.71296 5.4269 2734.5 17.053 6230.8 28.834 "" "" 0.0028808965493776558 0.007323271 0.0062871664 0.0136104375 98.33420447029 5.03730516018 1484.39307 -1.982 0.4099999999999999 -0.2598104543685913 0.20612419009208677 0.25988662 0.2518866 "" "" 2.3334645280043333 "" 0.5992940359477117 "" 0.8
98.51161254347 4.75081691849 0.043 0.0453 27.2002 "" "" 3130938902887299200 1462.99414 0.6509 0.054 -1.389 0.222 0.053 0.046 1.064 4978.1 4.3513 16.168402 1.391125 16.779058 15.387934 "" "" 1360.3938 1573.01953 6420.74878 4.6463 2653.3 28.462 5546.1 19.229 "" "" 0.002865149722357527 0.011976266 0.005334255 0.01731052 98.51161254347 4.75081691849 1462.99414 -1.389 0.222 0.3331895456314087 0.018124190092086795 0.2618866 0.2548866 "" "" 2.3139494592043954 "" 0.6059451992908208 "" 0.9
98.46681216398 4.66037588632 0.0395 0.0405 27.367 "" "" 3130562633688439168 1385.17212 0.6983 0.0479 -1.804 0.365 0.047 0.042 1.023 5027.9 4.2434 16.200426 1.779679 17.059103 15.279424 "" "" 1299.62866 1474.92737 6234.13535 7.4225 2050.1 12.756 6129.0 20.821 "" "" 0.0030434958410896188 0.0073091136 0.0052809007 0.012590014 98.46681216398 4.66037588632 1385.17212 -1.8040000000000018 0.36500000000000044 -0.08181045436859136 0.16112419009208678 0.2558866 0.25088662 "" "" 1.1864514702872335 "" 0.29889030135988465 "" 0.8
98.05760963774 4.82681922662 0.0468 0.0475 5.6943 "" "" 3131330333324896640 1380.01355 0.6969 0.0561 -1.654 0.105 0.053 0.049 0.948 5494.1 4.3484 16.276613 1.94545 17.23099 15.28554 "" "" 1283.85132 1483.70544 5811.68098 11.765 1749.9 21.837 6094.6 56.027 "" "" 0.003524585029698236 0.013833212 0.010672637 0.02450585 98.05760963774 4.82681922662 1380.01355 -1.654000000000001 0.105 0.06818954563140878 -0.09887580990791321 0.2618866 0.25788662 "" "" 0.7856665577322524 "" 0.20363111624069494 "" 1.0
98.0732200886 4.88563066173 0.0538 0.0518 2.068 "" "" 3131331913872807936 1418.44702 0.6861 0.0559 -1.572 0.157 0.06 0.057 1.039 4602.5 4.1918 16.305304 1.921678 17.249617 15.327939 "" "" 1302.85193 1516.44678 5660.11553 19.327 1720.2 25.481 5861.1 87.921 "" "" 0.004619115070537095 0.016323041 0.01671963 0.03304267 98.0732200886 4.88563066173 1418.44702 -1.572 0.157 0.15018954563140863 -0.04687580990791321 0.2688866 0.2658866 "" "" 1.0578309508578596 "" 0.28415629858880564 "" 0.9
97.84939434353 4.59580801757 0.0465 0.0426 23.9705 "" "" 3131297141817855616 1466.13013 0.6412 0.052 -1.912 0.027 0.057 0.048 1.088 "" "" 16.311504 2.122984 17.399223 15.276239 "" "" 1355.63953 1615.3772 5627.88429 25.083 1498.7 29.77 6147.0 86.053 "" "" 0.005568485829829987 0.02174667 0.015662253 0.037408926 97.84939434353 4.59580801757 1466.13013 -1.9119999999999981 0.026999999999999996 -0.18981045436859123 -0.1768758099079132 0.2658866 0.2568866 "" "" 1.803019940111569 "" 0.47192635595807253 "" 0.9
98.04399666616 5.15851312028 0.0486 0.05 14.7478 "" "" 3131762475756261632 1383.86267 0.7055 0.0593 -1.886 0.314 0.065 0.059 1.035 5758.6 4.12 16.321737 2.030453 17.33607 15.305616 "" "" 1264.96082 1537.49622 5575.08668 14.115 1588.5 16.905 5982.9 100.89 "" "" 0.003892050002754303 0.0118866395 0.018694842 0.030581482 98.04399666616 5.15851312028 1383.86267 -1.886 0.31399999999999967 -0.1638104543685912 0.1101241900920868 0.27388662 0.2678866 "" "" 1.294754742847966 "" 0.35221627682058926 "" 0.9
98.28172378604 4.91417334973 0.0502 0.0492 11.5693 "" "" 3131696367620094464 1388.18933 0.6781 0.0589 -1.851 0.09 0.062 0.053 0.98 4748.7 4.2789 16.34301 1.711871 17.139383 15.427512 "" "" 1302.74915 1522.29419 5466.9181 9.3085 1904.0 29.05 5347.5 37.707 "" "" 0.0033180419402758653 0.016798794 0.008537934 0.025336727 98.28172378604 4.91417334973 1388.18933 -1.8510000000000018 0.09 -0.1288104543685913 -0.11387580990791321 0.2708866 0.2618866 "" "" 1.1313006416981854 "" 0.30202979921795997 "" 0.8
97.92492357968 4.90506587714 0.055 0.0504 9.7859 "" "" 3131329641831565184 1387.72498 0.6897 0.0609 -1.793 0.325 0.063 0.059 1.032 4629.4 4.2455 16.405771 1.859303 17.25382 15.394517 "" "" 1292.50452 1501.8949 5159.85939 14.66 1713.5 29.963 5512.5 110.65 "" "" 0.0041361202662322264 0.01918958 0.022118786 0.041308366 97.92492357968 4.90506587714 1387.72498 -1.7929999999999997 0.32500000000000007 -0.07081045436859124 0.1211241900920868 0.27188662 0.2678866 "" "" 0.922893424486008 "" 0.2481763044202863 "" 1.0
97.83413721746 4.8410502718 0.0489 0.0476 15.8525 "" "" 3131327653265430272 1450.89636 0.6605 0.0585 -2.065 0.198 0.061 0.053 1.007 5380.2 4.2045 16.41955 2.149954 17.50902 15.359066 "" "" 1324.55115 1594.35706 5094.79173 23.751 1354.6 28.084 5695.5 79.432 "" "" 0.0057628667289295055 0.022682095 0.015606693 0.038288787 97.83413721746 4.8410502718 1450.89636 -2.065 0.198 -0.34281045436859126 -0.005875809907913199 0.2698866 0.2618866 "" "" 2.3579390530221276 "" 0.6363707263423376 "" 1.0
98.06140013643 4.83991300771 0.0506 0.0503 4.8776 "" "" 3131331188020387328 1319.51257 0.7141 0.0588 -1.627 0.222 0.056 0.051 0.995 "" "" 16.42004 2.135132 17.514576 15.379444 "" "" 1219.14331 1447.08984 5092.49955 10.297 1347.7 17.029 5589.6 31.203 "" "" 0.003522975468289219 0.013999788 0.007142738 0.021142526 98.06140013643 4.83991300771 1319.51257 -1.6270000000000016 0.222 0.09518954563140869 0.018124190092086795 0.26488662 0.25988662 "" "" 0.606057647887648 "" 0.16043151424386923 "" 0.8
98.07510760017 4.81723628124 0.0519 0.0509 6.0186 "" "" 3131330264605840000 1342.61975 0.7153 0.0595 -1.546 0.034 0.058 0.053 0.983 4739.8 4.1822 16.46818 2.032412 17.488634 15.456222 "" "" 1236.59058 1430.8418 4871.63656 13.84 1380.3 19.954 5208.0 35.541 "" "" 0.0041359354332783085 0.015941773 0.008317627 0.0242594 98.07510760017 4.81723628124 1342.61975 -1.546 0.03400000000000001 0.17618954563140865 -0.1698758099079132 0.2668866 0.2618866 "" "" 1.5575671045810235 "" 0.4119602775828883 "" 1.0
98.03257854416 4.87457889602 0.0574 0.0554 4.1766 "" "" 3131331535915720832 1474.94604 0.6666 0.0655 -1.586 0.241 0.063 0.057 0.999 4484.1 4.1902 16.564024 1.968512 17.54863 15.580118 "" "" 1335.23865 1666.151 4460.0271 14.84 1306.1 23.971 4646.3 37.77 "" "" 0.004543425638954773 0.020121034 0.009601148 0.029722182 98.03257854416 4.87457889602 1474.94604 -1.5859999999999996 0.24100000000000008 0.13618954563140862 0.037124190092086784 0.27188662 0.2658866 "" "" 0.9868754233767046 "" 0.26791287762582605 "" 1.0
98.02174311415 4.80775491007 0.0543 0.0494 7.6493 "" "" 3131325145004436864 1378.48267 0.7118 0.0612 -1.587 0.625 0.064 0.057 0.923 5284.6 4.6954 16.58195 1.389873 17.179342 15.78947 "" "" 1272.13538 1562.71814 4386.99119 7.4937 1835.2 22.553 3831.5 25.967 "" "" 0.0033213532223139047 0.013631357 0.008272137 0.021903493 98.02174311415 4.80775491007 1378.48267 -1.587 0.625 0.13518954563140873 0.4211241900920868 0.2728866 0.2658866 "" "" 2.8899363258049284 "" 0.7703078278239867 "" 0.9
97.78855103211 5.29895501664 0.0548 0.0565 29.0987 "" "" 3131407677095807232 1470.35754 0.6645 0.0663 -2.264 0.817 0.062 0.059 0.882 5249.3 4.7397 16.687616 1.370219 17.29142 15.921201 "" "" 1351.1637 1601.24719 3980.15837 5.772 1655.2 16.527 3393.7 18.579 "" "" 0.003173472303120313 0.011194264 0.007043717 0.01823798 97.78855103211 5.29895501664 1470.35754 -2.263999999999997 0.8169999999999993 -0.5418104543685911 0.6131241900920867 0.2708866 0.2678866 "" "" 5.702562407213115 "" 1.5351650606868035 "" 0.9
98.39717776634 5.15976885881 0.0588 0.0538 23.5313 "" "" 3131718495291465600 1324.56335 0.7275 0.0667 -1.408 0.502 0.071 0.059 0.944 4703.8 4.3789 16.77867 1.39331 17.386211 15.992902 "" "" 1230.5564 1449.85437 3659.98464 5.1873 1516.8 9.5099 3176.9 20.361 "" "" 0.003155905772811112 0.0073568844 0.007918674 0.015275558 98.39717776634 5.15976885881 1324.56335 -1.4080000000000001 0.5019999999999999 0.3141895456314088 0.2981241900920868 0.2798866 0.2678866 "" "" 2.7193149466278097 "" 0.7458175143006095 "" 0.8
98.14272930979 4.52692987541 0.0617 0.0561 23.612 "" "" 3130553528357805824 1207.58203 0.8039 0.0721 -1.619 -0.161 0.078 0.069 1.051 4979.2 4.7418 16.819803 1.397671 17.452152 16.054482 "" "" 1109.56311 1332.27893 3523.91768 2.8477 1427.4 8.15 3001.7 9.92 "" "" 0.002891643658242078 0.006798178 0.0052113757 0.012009554 98.14272930979 4.52692987541 1207.58203 -1.619 -0.16099999999999995 0.1031895456314087 -0.36487580990791324 0.2868866 0.2778866 "" "" 2.1704406089869197 "" 0.6046046243747143 "" 0.9
