Clusters/NGC_2244/NGC_2244_stars_in_region.tsv
# %ECSV 1.0
# ---
# datatype:
# - name: RA_ICRS_1
#   unit: deg
#   datatype: float64
#   format: '{:15.11f}'
#   description: Right ascension (ICRS) at Ep=2016.0 (ra)
#   meta: !!omap
#   - {ucd: POS_EQ_RA_MAIN}
#   - {width: 15}
#   - {precision: '11'}
# - name: DE_ICRS_1
#   unit: deg
#   datatype: float64
#   format: '{:15.11f}'
#   description: Declination (ICRS) at Ep=2016.0 (dec)
#   meta: !!omap
#   - {ucd: POS_EQ_DEC_MAIN}
#   - {width: 15}
#   - {precision: '11'}
# - name: e_RA_ICRS
#   unit: mas
#   datatype: float64
#   format: '{:7.4f}'
#   description: Standard error of right ascension (ra_error)
#   meta: !!omap
#   - {ucd: ERROR}
#   - {width: 7}
#   - {precision: '4'}
# - name: e_DE_ICRS
#   unit: mas
#   datatype: float64
#   format: '{:7.4f}'
#   description: Standard error of declination (dec_error)
#   meta: !!omap
#   - {ucd: ERROR}
#   - {width: 7}
#   - {precision: '4'}
# - name: _r_1
#   unit: ''
#   datatype: float64
#   format: '{:7.4f}'
#   description: Distance from center (098.08820651000+04.91669417000)[ICRS], at Epoch=J2016.0
#   meta: !!omap
#   - {ucd: POS_ANG_DIST_GENERAL}
#   - {width: 7}
#   - {precision: '4'}
# - name: HIP
#   datatype: int32
#   description: '? HIP cross-id number, van Leeuwen, Cat. I/311 (hip_original_ext_source_id)'
#   meta: !!omap
#   - {ucd: ID_NUMBER}
#   - {width: 6}
#   - values: {'null': -2147483648}
# - name: TYC2
#   datatype: string
#   description: Tycho-2 cross-id name, Hog et al., Cat. I/259 (tyc2_original_ext_source_id)
#   meta: !!omap
#   - {ucd: ID_CROSSID}
#   - {_votable_string_dtype: char}
# - name: Source
#   datatype: int64
#   description: Source identifier, identical to the Gaia-EDR3 source_id (id)
#   meta: !!omap
#   - {ucd: ID_MAIN}
#   - {width: 19}
# - name: rgeo
#   unit: pc
#   datatype: float64
#   format: '{:15.8f}'
#   description: '? Median of the geometric distance posterior (r_med_geo)'
#   meta: !!omap
#   - {ucd: PHYS_DISTANCE_TRUE}
#   - {width: 15}
#   - {precision: '8'}
#   - values: {'null': .nan}
# - name: Plx
#   unit: mas
#   datatype: float64
#   format: '{:9.4f}'
#   description: '? Parallax (parallax)'
#   meta: !!omap
#   - {ucd: POS_PARLX_TRIG}
#   - {width: 9}
#   - {precision: '4'}
#   - values: {'null': .nan}
# - name: e_Plx
#   unit: mas
#   datatype: float32
#   format: '{:7.4f}'
#   description: '? Standard error of parallax (parallax_error)'
#   meta: !!omap
#   - {ucd: ERROR}
#   - {width: 7}
#   - {precision: '4'}
#   - values: {'null': .nan}
# - name: pmRA
#   unit: mas / yr
#   datatype: float64
#   format: '{:9.3f}'
#   description: '? Proper motion in right ascension direction, pmRA*cosDE (pmra)'
#   meta: !!omap
#   - {ucd: POS_EQ_PMRA}
#   - {width: 9}
#   - {precision: '3'}
#   - values: {'null': .nan}
# - name: pmDE
#   unit: mas / yr
#   datatype: float64
#   format: '{:9.3f}'
#   description: '? Proper motion in declination direction (pmdec)'
#   meta: !!omap
#   - {ucd: POS_EQ_PMDEC}
#   - {width: 9}
#   - {precision: '3'}
#   - values: {'null': .nan}
# - name: e_pmRA
#   unit: mas / yr
#   datatype: float32
#   format: '{:6.3f}'
#   description: '? Standard error of proper motion in right ascension direction (pmra_error)'
#   meta: !!omap
#   - {ucd: ERROR}
#   - {width: 6}
#   - {precision: '3'}
#   - values: {'null': .nan}
# - name: e_pmDE
[...]
#         value: !astropy.table.SerializedColumn {name: SkyCoord.dec}
#       distance: !astropy.table.SerializedColumn
#         __class__: astropy.coordinates.distances.Distance
#         unit: !astropy.units.Unit {unit: pc}
#         value: !astropy.table.SerializedColumn {name: SkyCoord.distance}
#       frame: icrs
#       obstime: !astropy.time.Time {format: jyear_str, in_subfmt: '*', jd1: 367701545.0, jd2: 0.0, out_subfmt: '*', precision: 3, scale: tt}
#       pm_dec: !astropy.table.SerializedColumn
#         __class__: astropy.units.quantity.Quantity
#         unit: !astropy.units.Unit {unit: mas / yr}
#         value: !astropy.table.SerializedColumn {name: SkyCoord.pm_dec}
#       pm_ra_cosdec: !astropy.table.SerializedColumn
#         __class__: astropy.units.quantity.Quantity
#         unit: !astropy.units.Unit {unit: mas / yr}
#         value: !astropy.table.SerializedColumn {name: SkyCoord.pm_ra_cosdec}
#       ra: !astropy.table.SerializedColumn
#         __class__: astropy.coordinates.angles.Longitude
#         unit: *id001
#         value: !astropy.table.SerializedColumn {name: SkyCoord.ra}
#         wrap_angle: !astropy.coordinates.Angle
#           unit: *id001
#           value: 360.0
#       representation_type: spherical
# schema: astropy-2.0
RA_ICRS_1 DE_ICRS_1 e_RA_ICRS e_DE_ICRS _r_1 HIP TYC2 Source rgeo Plx e_Plx pmRA pmDE e_pmRA e_pmDE RUWE Teff logg Gmag BP-RP BPmag RPmag RV e_RV b_rgeo B_rgeo FG e_FG FBP e_FBP FRP e_FRP RAVE5 RAVE6 e_Gmag e_BPmag e_RPmag e_BP-RP SkyCoord.ra SkyCoord.dec SkyCoord.distance SkyCoord.pm_ra_cosdec SkyCoord.pm_dec rmRA rmDE e_rmRA e_rmDE rRV e_rRV v_pec v_pec3d e_vpec e_vpec3d
[from data line 984]
98.16528070692 4.31406275521 0.0345 0.0321 36.4505 "" "" 3130523394867274368 1085.33655 0.8926 0.0355 -1.953 -2.133 0.044 0.039 0.991 5618.6 4.506 15.702999 1.302948 16.2834 14.980452 "" "" 1046.49231 1122.67859 9857.05359 4.7032 4188.5 20.21 8071.9 14.614 "" "" 0.0028035983873601253 0.0059354957 0.004260013 0.010195509 98.16528070692 4.31406275521 1085.33655 -1.953 -2.133000000000002 -0.23081045436859138 -2.336875809907913 0.2528866 0.24788661 "" "" 12.080543387445484 "" 2.9951943612133425 ""
98.0945197834 4.51026657784 0.0373 0.0344 24.3886 "" "" 3131303665870974080 1319.31702 0.7239 0.0445 -1.66 0.518 0.046 0.039 1.095 7151.8 4.3414 15.705591 1.420862 16.340193 14.919331 "" "" 1232.67102 1394.51941 9833.54983 9.5371 3975.0 23.934 8539.4 36.486 "" "" 0.0029496793663197057 0.0071078925 0.0059836386 0.013091531 98.0945197834 4.51026657784 1319.31702 -1.66 0.5179999999999999 0.06218954563140877 0.3141241900920868 0.2548866 0.24788661 "" "" 2.0025226551905235 "" 0.4969344342439185 ""
98.38557834699 5.17168163951 0.0391 0.0356 23.4511 "" "" 3131718559710546048 1416.50464 0.6717 0.0448 -1.54 0.269 0.047 0.039 1.079 6357.4 4.4584 15.705604 1.233822 16.2389 15.005077 "" "" 1335.77795 1506.94666 9833.4373 4.6103 4363.7 16.782 7890.9 15.088 "" "" 0.00280194693491685 0.0050219735 0.0043120235 0.009333997 98.38557834699 5.17168163951 1416.50464 -1.5400000000000005 0.2689999999999998 0.18218954563140866 0.06512419009208681 0.2558866 0.24788661 "" "" 1.2990640584449757 "" 0.33125204685290155 ""
97.67077158981 5.13280706163 0.0342 0.0314 28.1182 "" "" 3131395616827821440 1268.76196 0.7442 0.0377 -0.807 -2.841 0.04 0.035 0.893 5130.5 4.3843 15.705653 1.153197 16.193933 15.040736 "" "" 1210.67041 1335.73975 9832.98323 4.0197 4548.2 19.837 7636.0 21.569 "" "" 0.002790840192328269 0.005496315 0.0048671467 0.010363461 97.67077158981 5.13280706163 1268.76196 -0.807 -2.841 0.9151895456314086 -3.0448758099079134 0.24888662 0.2438866 "" "" 19.120936759870606 "" 4.671336073010677 ""
98.38291382908 5.43689708302 0.0325 0.0314 35.8374 "" "" 3131797316530633472 1477.58118 0.6395 0.0397 5.477 -6.093 0.043 0.035 1.051 5866.1 4.3643 15.705915 1.283758 16.268272 14.984514 "" "" 1395.35608 1547.8656 9830.61963 4.3404 4247.3 18.655 8041.8 28.62 "" "" 0.0027967101192296613 0.005525056 0.005405041 0.010930097 98.38291382908 5.43689708302 1477.58118 5.477000000000004 -6.092999999999999 7.199189545631409 -6.296875809907913 0.2518866 0.2438866 "" "" 66.98697056633634 "" 16.64296085244146 ""
97.91217891735 4.6661244738 0.0322 0.029 18.352 "" "" 3131321262354144000 1479.77893 0.6368 0.0359 -1.821 0.722 0.039 0.034 1.055 5485.2 4.262 15.706462 1.346173 16.29674 14.950566 "" "" 1408.87231 1576.31714 9825.66818 4.1801 4137.3 31.354 8297.2 26.979 "" "" 0.002793768404469027 0.0086883195 0.005171764 0.013860084 97.91217891735 4.6661244738 1479.77893 -1.821 0.7219999999999993 -0.09881045436859126 0.5181241900920868 0.24788661 0.2428866 "" "" 3.6996988481903483 "" 0.8992629009373921 ""
97.42234051775 4.78418981007 0.0422 0.0423 40.595 "" "" 3131353453134036992 1124.98938 0.8507 0.0536 -10.096 0.27 0.059 0.052 1.085 5603.5 4.624 15.71297 1.144753 16.1719 15.027146 "" "" 1059.18652 1192.27917 9766.94457 5.0298 4641.5 11.166 7732.1 15.956 "" "" 0.0028114801796318622 0.0038219485 0.004393598 0.008215547 97.42234051775 4.78418981007 1124.98938 -10.096 0.2700000000000001 -8.373810454368591 0.06612419009208681 0.2678866 0.2608866 "" "" 44.65431487539063 "" 11.962273746758186 ""
98.2448392175 4.56035704142 0.0362 0.0336 23.3417 "" "" 3130555040186284800 1261.69165 0.7472 0.0402 -2.113 -6.394 0.043 0.038 1.024 5914.9 4.3298 15.7131 1.410212 16.353092 14.942881 "" "" 1198.73071 1323.41882 9765.76834 4.7988 3928.1 15.413 8356.1 19.601 "" "" 0.0028064983142003035 0.0050925696 0.004557416 0.0096499855 98.2448392175 4.56035704142 1261.69165 -2.112999999999998 -6.394 -0.3908104543685913 -6.597875809907913 0.2518866 0.24688661 "" "" 39.52721713594445 "" 9.759438637724761 ""
98.30372069807 5.34581345788 0.034 0.0323 28.7886 "" "" 3131773054255940480 1450.78955 0.6446 0.04 -1.272 -3.79 0.045 0.036 1.023 7842.8 4.1724 15.716385 1.4085 16.335886 14.927386 "" "" 1394.96753 1529.37915 9736.27802 6.0123 3990.8 15.735 8476.2 20.409 "" "" 0.0028357193370392155 0.005109874 0.004595428 0.009705301 98.30372069807 5.34581345788 1450.78955 -1.272 -3.7900000000000005 0.45018954563140867 -3.9938758099079132 0.2538866 0.2448866 "" "" 27.638786004962892 "" 6.771546029181235 ""
97.71383803243 4.86030478736 0.0371 0.0334 22.6347 "" "" 3131375275862851200 1155.44263 0.827 0.0422 10.236 -3.893 0.048 0.038 1.089 5754.2 4.5581 15.716608 1.127856 16.190363 15.062507 "" "" 1109.38281 1212.8064 9734.27395 4.4709 4563.2 14.998 7484.4 22.879 "" "" 0.0028000828564210935 0.0045298324 0.005029845 0.009559678 97.71383803243 4.86030478736 1155.44263 10.235999999999994 -3.893 11.95818954563141 -4.096875809907913 0.2568866 0.24688661 "" "" 69.229563087293 "" 17.712696895651643 ""
98.55233031628 5.00675083498 0.0381 0.0353 28.2644 "" "" 3131700795728456192 1300.37292 0.7312 0.0429 -1.215 1.182 0.053 0.042 1.001 7129.4 4.3444 15.717004 1.419291 16.359663 14.940372 "" "" 1236.88867 1357.59644 9730.72377 4.6427 3904.4 15.083 8375.5 14.915 "" "" 0.0028035937978076143 0.0050375643 0.004245235 0.009282799 98.55233031628 5.00675083498 1300.37292 -1.2150000000000005 1.182 0.5071895456314086 0.9781241900920867 0.2618866 0.25088662 "" "" 6.791252966542408 "" 1.7199352306529379 ""
98.02423107054 5.22186794669 0.0454 0.0502 18.7054 "" "" 3131766182308018944 1163.49805 0.8361 0.0648 1.541 -2.502 0.058 0.055 1.207 5716.4 4.6423 15.724398 1.254024 16.266296 15.012273 "" "" 1084.55798 1244.61487 9664.68668 5.3567 4255.0 16.145 7838.8 22.299 "" "" 0.0028202698545742658 0.0049756165 0.004880892 0.009856509 98.02423107054 5.22186794669 1163.49805 1.541 -2.502 3.2631895456314086 -2.705875809907913 0.2668866 0.2638866 "" "" 23.378685739672846 "" 6.210977224571677 ""
98.29031077968 4.75693461427 0.0398 0.0423 15.4235 "" "" 3131315726146667904 1441.11353 0.6524 0.0485 0.593 -2.783 0.047 0.05 1.064 6020.1 4.4379 15.726363 1.287327 16.259024 14.971697 "" "" 1342.24133 1534.11108 9647.20752 5.7994 4283.6 20.949 8137.3 101.07 "" "" 0.002831570451129214 0.005998257 0.014005061 0.020003319 98.29031077968 4.75693461427 1441.11353 0.5929999999999995 -2.7830000000000004 2.3151895456314087 -2.986875809907913 0.2558866 0.2588866 "" "" 25.81451092983654 "" 6.65407096923651 ""
97.89998625333 4.85679037992 0.034 0.0313 11.8123 "" "" 3131329027654909696 1193.02478 0.796 0.0403 1.856 -5.991 0.04 0.037 1.006 5705.1 4.5369 15.728352 1.155671 16.211273 15.055602 "" "" 1142.45227 1265.47327 9629.54898 3.8322 4476.2 41.81 7532.1 25.762 "" "" 0.0027889934653319106 0.010518159 0.0052984986 0.015816657 97.89998625333 4.85679037992 1193.02478 1.8559999999999999 -5.991 3.5781895456314086 -6.194875809907913 0.24888662 0.24588661 "" "" 40.45550585322865 "" 9.977967357260624 ""
98.13428276443 4.37252944434 0.0391 0.0373 32.766 "" "" 3130527861633258624 1131.21558 0.8498 0.0435 2.029 -6.558 0.05 0.044 1.255 5695.5 4.4902 15.729653 1.319332 16.307032 14.987699 "" "" 1063.84949 1202.46521 9618.01151 4.1794 4098.3 25.398 8018.2 20.039 "" "" 0.002795421167821446 0.007284102 0.00465259 0.0119366925 98.13428276443 4.37252944434 1131.21558 2.029 -6.558 3.7511895456314086 -6.761875809907913 0.2588866 0.2528866 "" "" 41.46235161842863 "" 10.544345134064082 ""
98.47700453546 4.97137164525 0.0423 0.0425 23.4715 "" "" 3131697742009513344 1120.30273 0.8618 0.0506 -4.307 -9.843 0.055 0.046 1.209 5519.5 4.5481 15.732116 1.273522 16.288538 15.015016 "" "" 1067.29651 1172.11584 9596.22771 4.4544 4168.7 15.055 7819.0 15.157 "" "" 0.002801032821307143 0.0048124655 0.0043258998 0.009138365 98.47700453546 4.97137164525 1120.30273 -4.307 -9.843 -2.5848104543685917 -10.046875809907913 0.2638866 0.2548866 "" "" 55.0886543554835 "" 14.072647988972914 ""
98.06901218956 4.62239673767 0.0437 0.041 17.6951 "" "" 3131308652330586752 1023.76514 0.9427 0.0511 -1.468 -15.136 0.062 0.047 1.049 5533.5 4.5323 15.733545 1.382319 16.338602 14.956284 "" "" 965.535645 1086.42566 9583.59874 5.5637 3980.9 29.744 8253.6 28.252 "" "" 0.0028264977648289015 0.0085786935 0.005300551 0.013879245 98.06901218956 4.62239673767 1023.76514 -1.4680000000000004 -15.135999999999985 0.2541895456314087 -15.339875809907912 0.2708866 0.2558866 "" "" 74.44921779712011 "" 19.05087381492569 ""
98.2845800302 4.63121690407 0.0472 0.0505 20.7666 "" "" 3130561705975518208 1323.71252 0.7229 0.0601 -1.202 -0.796 0.055 0.051 1.315 8567.7 3.589 15.734106 2.665122 17.218203 14.553081 "" "" 1239.97485 1405.46277 9578.65363 30.248 1770.7 26.539 11965.0 101.08 "" "" 0.004398530368130978 0.01651033 0.009920397 0.026430726 98.2845800302 4.63121690407 1323.71252 -1.2020000000000004 -0.7959999999999999 0.5201895456314087 -0.9998758099079132 0.2638866 0.25988662 "" "" 7.071857628458643 "" 1.8439430428868548 ""
98.19831303028 4.39866602651 0.0323 0.032 31.7715 "" "" 3130548477476271872 1364.36694 0.6946 0.0374 -2.862 -7.584 0.039 0.037 1.032 7140.7 4.3058 15.73653 1.641217 16.506783 14.865565 "" "" 1300.65076 1430.70642 9557.28731 3.9327 3409.6 14.122 8972.9 16.365 "" "" 0.0027913060733678603 0.0052922126 0.004266719 0.009558931 98.19831303028 4.39866602651 1364.36694 -2.8619999999999988 -7.584 -1.1398104543685914 -7.787875809907913 0.24788661 0.24588661 "" "" 50.901526496098505 "" 12.518147173732231 ""
98.14473917949 4.88174150189 0.0348 0.0341 3.9774 "" "" 3131332424987470720 1137.92578 0.8424 0.0413 4.718 -7.905 0.04 0.039 1.016 4998.4 4.3872 15.740679 1.116037 16.218788 15.102751 "" "" 1084.47046 1195.15698 9520.83853 4.5495 4445.3 19.437 7212.0 15.469 "" "" 0.002803740128684328 0.0055065877 0.004439257 0.009945845 98.14473917949 4.88174150189 1137.92578 4.718000000000001 -7.904999999999999 6.440189545631409 -8.108875809907914 0.24888662 0.24788661 "" "" 55.853481045840816 "" 13.866960837384056 ""
98.52463028425 5.01133731288 0.035 0.0339 26.6981 "" "" 3131703789323450880 1470.14453 0.6399 0.0421 1.856 -0.954 0.047 0.038 1.066 8581.9 4.1984 15.74117 1.681695 16.510605 14.82891 "" "" 1371.95483 1556.3136 9516.53261 6.2841 3397.6 21.447 9281.0 36.504 "" "" 0.002847069752984259 0.007399787 0.005702645 0.013102433 98.52463028425 5.01133731288 1470.14453 1.8560000000000003 -0.954 3.5781895456314086 -1.1578758099079132 0.2558866 0.24688661 "" "" 26.207542049717635 "" 6.684159106543038 ""
97.83406962532 4.80103064971 0.0345 0.0325 16.7033 "" "" 3131327240948592128 1123.81494 0.8438 0.0421 -1.71 7.854 0.041 0.036 1.037 5713.8 4.5204 15.742294 1.208363 16.261812 15.05345 "" "" 1078.63354 1171.90747 9506.6865 4.0779 4272.6 16.608 7547.1 18.945 "" "" 0.0027944035749821964 0.0050592963 0.004659595 0.009718891 97.83406962532 4.80103064971 1123.81494 -1.71 7.854 0.012189545631408727 7.650124190092087 0.2498866 0.2448866 "" "" 40.75136681623439 "" 9.97946447004468 ""
98.62325417152 5.3354440572 0.0333 0.0294 40.6648 "" "" 3131745222870403200 1481.81213 0.6346 0.0366 -2.392 0.323 0.041 0.035 1.01 5785.0 4.3452 15.744484 1.308339 16.320488 15.012149 "" "" 1401.18274 1567.84778 9487.53094 4.5593 4047.8 13.572 7839.7 17.463 "" "" 0.002804286181598357 0.004586672 0.0044869594 0.009073632 98.62325417152 5.3354440572 1481.81213 -2.3919999999999995 0.323 -0.6698104543685912 0.1191241900920868 0.2498866 0.2438866 "" "" 4.778431258480535 "" 1.1931971481084636 ""
98.10442565737 5.57771983325 0.0349 0.0316 39.6734 "" "" 3131794189794512128 1350.19971 0.7028 0.0394 -1.836 -5.326 0.044 0.037 1.107 5789.7 4.4255 15.746272 1.272266 16.30417 15.031904 "" "" 1266.87158 1414.46143 9471.92084 4.2627 4109.1 17.226 7698.3 20.636 "" "" 0.002798309966456834 0.005338718 0.004770141 0.010108859 98.10442565737 5.57771983325 1350.19971 -1.8360000000000005 -5.326000000000001 -0.11381045436859138 -5.529875809907913 0.2528866 0.24588661 "" "" 35.3984046432024 "" 8.704100086216162 ""
98.04850420184 4.84085833714 0.0367 0.0351 5.132 "" "" 3131331089239135872 1350.19165 0.7004 0.042 -1.879 0.353 0.04 0.037 1.039 5159.3 4.204 15.747883 1.663951 16.534801 14.870851 "" "" 1270.40308 1438.09045 9457.87397 13.116 3322.7 21.707 8929.3 42.078 "" "" 0.003139881619115052 0.0076220995 0.006360894 0.013982994 98.04850420184 4.84085833714 1350.19165 -1.8789999999999998 0.3530000000000003 -0.1568104543685913 0.14912419009208677 0.24888662 0.24588661 "" "" 1.38491922377518 "" 0.3427210727922725 ""
98.34673211827 5.53674648739 0.0354 0.0331 40.2825 "" "" 3131802195613436544 1301.30334 0.7336 0.043 -5.52 -1.185 0.046 0.036 1.073 5775.4 4.6079 15.750294 1.151895 16.239298 15.087403 "" "" 1227.38928 1379.87354 9436.90007 4.3012 4362.1 16.199 7314.7 10.163 "" "" 0.002799406779298406 0.0049032434 0.0040693176 0.008972561 98.34673211827 5.53674648739 1301.30334 -5.52 -1.1850000000000007 -3.797810454368591 -1.3888758099079133 0.2548866 0.2448866 "" "" 24.94289415892708 "" 6.32869743425524 ""
97.75638157066 4.95958631795 0.0616 0.0591 20.0018 "" "" 3131380670342626176 1372.88708 0.6945 0.0761 -2.046 0.427 0.084 0.067 1.433 7410.3 4.2012 15.751495 2.035946 16.754875 14.718929 "" "" 1231.11841 1517.96436 9426.45924 14.97 2713.1 21.267 10270.0 46.216 "" "" 0.0032503523699853047 0.008956388 0.006177048 0.015133436 97.75638157066 4.95958631795 1372.88708 -2.0459999999999994 0.42699999999999994 -0.3238104543685911 0.22312419009208678 0.2928866 0.2758866 "" "" 2.5590026196408684 "" 0.7357729221048503 ""
98.3701656244 5.32152262485 0.0334 0.0329 29.562 "" "" 3131725058000927872 1358.43738 0.696 0.042 -1.808 0.29 0.043 0.036 1.102 6040.4 4.3587 15.755445 1.383058 16.373764 14.990706 "" "" 1275.12195 1461.47058 9392.23507 3.9555 3854.0 12.256 7996.1 19.465 "" "" 0.002793003732581475 0.0044391803 0.0046118633 0.009051044 98.3701656244 5.32152262485 1358.43738 -1.808 0.29000000000000004 -0.08581045436859136 0.08612419009208677 0.2518866 0.2448866 "" "" 0.7828293235644372 "" 0.19445362370183264 ""
98.57816278586 5.0780498847 0.034 0.0326 30.8444 "" "" 3131704545237670144 1438.98059 0.6449 0.0404 -1.611 1.08 0.044 0.037 0.983 8905.6 4.3037 15.755454 1.454392 16.4123 14.957908 "" "" 1373.82263 1538.90088 9392.15384 4.4933 3719.6 23.128 8241.3 17.629 "" "" 0.0028038533833023684 0.0073048365 0.0044359607 0.011740797 98.57816278586 5.0780498847 1438.98059 -1.611 1.0799999999999994 0.1111895456314087 0.8761241900920869 0.2528866 0.24588661 "" "" 6.0237720263136865 "" 1.481842614786243 ""
98.25592772838 4.61690332082 0.0368 0.037 20.5941 "" "" 3130555864819999232 1198.16565 0.794 0.0437 2.264 -6.924 0.043 0.041 1.04 5662.9 4.5304 15.759381 1.204488 16.278257 15.07377 "" "" 1135.72559 1279.09253 9358.23709 4.7357 4208.4 23.24 7407.1 15.938 "" "" 0.002809566801872513 0.0066131726 0.0044431468 0.011056319 98.25592772838 4.61690332082 1198.16565 2.264 -6.9239999999999995 3.9861895456314085 -7.127875809907914 0.2518866 0.2498866 "" "" 46.381644688950914 "" 11.612318772773177 ""
98.49209497108 4.81285845416 0.0369 0.0391 24.9368 "" "" 3130940522093137920 1292.41467 0.7421 0.0478 0.674 -2.336 0.046 0.039 1.016 5747.2 4.5607 15.76184 1.185013 16.265467 15.080454 "" "" 1216.88538 1359.40894 9337.07579 4.8736 4258.2 25.128 7361.7 15.983 "" "" 0.0028129971955587274 0.006988202 0.004454248 0.011442451 98.49209497108 4.81285845416 1292.41467 0.6740000000000005 -2.3360000000000016 2.3961895456314086 -2.539875809907913 0.2548866 0.24788661 "" "" 21.39094880952023 "" 5.373562766030036 ""
