Clusters/Trumpler_16/Trumpler_16_stars_in_region.tsv
# %ECSV 1.0
# ---
# datatype:
# - name: RA_ICRS_1
#   unit: deg
#   datatype: float64
#   format: '{:15.11f}'
#   description: Right ascension (ICRS) at Ep=2016.0 (ra)
#   meta: !!omap
#   - {ucd: POS_EQ_RA_MAIN}
#   - {width: 15}
#   - {precision: '11'}
# - name: DE_ICRS_1
#   unit: deg
#   datatype: float64
#   format: '{:15.11f}'
#   description: Declination (ICRS) at Ep=2016.0 (dec)
#   meta: !!omap
#   - {ucd: POS_EQ_DEC_MAIN}
#   - {width: 15}
#   - {precision: '11'}
# - name: e_RA_ICRS
#   unit: mas
#   datatype: float64
#   format: '{:7.4f}'
#   description: Standard error of right ascension (ra_error)
#   meta: !!omap
#   - {ucd: ERROR}
#   - {width: 7}
#   - {precision: '4'}
# - name: e_DE_ICRS
#   unit: mas
#   datatype: float64
#   format: '{:7.4f}'
#   description: Standard error of declination (dec_error)
#   meta: !!omap
#   - {ucd: ERROR}
#   - {width: 7}
#   - {precision: '4'}
# - name: _r_1
#   unit: ''
#   datatype: float64
#   format: '{:7.4f}'
#   description: Distance from center (161.25041393000-59.69400417000)[ICRS], at Epoch=J2016.0
#   meta: !!omap
#   - {ucd: POS_ANG_DIST_GENERAL}
#   - {width: 7}
#   - {precision: '4'}
# - name: HIP
#   datatype: int32
#   description: '? HIP cross-id number, van Leeuwen, Cat. I/311 (hip_original_ext_source_id)'
#   meta: !!omap
#   - {ucd: ID_NUMBER}
#   - {width: 6}
#   - values: {'null': -2147483648}
# - name: TYC2
#   datatype: string
#   description: Tycho-2 cross-id name, Hog et al., Cat. I/259 (tyc2_original_ext_source_id)
#   meta: !!omap
#   - {ucd: ID_CROSSID}
#   - {_votable_string_dtype: char}
# - name: Source
#   datatype: int64
#   description: Source identifier, identical to the Gaia-EDR3 source_id (id)
#   meta: !!omap
#   - {ucd: ID_MAIN}
#   - {width: 19}
# - name: rgeo
#   unit: pc
#   datatype: float64
#   format: '{:15.8f}'
#   description: '? Median of the geometric distance posterior (r_med_geo)'
#   meta: !!omap
#   - {ucd: PHYS_DISTANCE_TRUE}
#   - {width: 15}
#   - {precision: '8'}
#   - values: {'null': .nan}
# - name: Plx
#   unit: mas
#   datatype: float64
#   format: '{:9.4f}'
#   description: '? Parallax (parallax)'
#   meta: !!omap
#   - {ucd: POS_PARLX_TRIG}
#   - {width: 9}
#   - {precision: '4'}
#   - values: {'null': .nan}
# - name: e_Plx
#   unit: mas
#   datatype: float32
#   format: '{:7.4f}'
#   description: '? Standard error of parallax (parallax_error)'
#   meta: !!omap
#   - {ucd: ERROR}
#   - {width: 7}
#   - {precision: '4'}
#   - values: {'null': .nan}
# - name: pmRA
#   unit: mas / yr
#   datatype: float64
#   format: '{:9.3f}'
#   description: '? Proper motion in right ascension direction, pmRA*cosDE (pmra)'
#   meta: !!omap
#   - {ucd: POS_EQ_PMRA}
#   - {width: 9}
#   - {precision: '3'}
#   - values: {'null': .nan}
# - name: pmDE
#   unit: mas / yr
#   datatype: float64
#   format: '{:9.3f}'
#   description: '? Proper motion in declination direction (pmdec)'
#   meta: !!omap
#   - {ucd: POS_EQ_PMDEC}
#   - {width: 9}
#   - {precision: '3'}
#   - values: {'null': .nan}
# - name: e_pmRA
#   unit: mas / yr
#   datatype: float32
#   format: '{:6.3f}'
#   description: '? Standard error of proper motion in right ascension direction (pmra_error)'
#   meta: !!omap
#   - {ucd: ERROR}
#   - {width: 6}
#   - {precision: '3'}
#   - values: {'null': .nan}
# - name: e_pmDE
[...]
#         value: !astropy.table.SerializedColumn {name: SkyCoord.dec}
#       distance: !astropy.table.SerializedColumn
#         __class__: astropy.coordinates.distances.Distance
#         unit: !astropy.units.Unit {unit: pc}
#         value: !astropy.table.SerializedColumn {name: SkyCoord.distance}
#       frame: icrs
#       obstime: !astropy.time.Time {format: jyear_str, in_subfmt: '*', jd1: 367701545.0, jd2: 0.0, out_subfmt: '*', precision: 3, scale: tt}
#       pm_dec: !astropy.table.SerializedColumn
#         __class__: astropy.units.quantity.Quantity
#         unit: !astropy.units.Unit {unit: mas / yr}
#         value: !astropy.table.SerializedColumn {name: SkyCoord.pm_dec}
#       pm_ra_cosdec: !astropy.table.SerializedColumn
#         __class__: astropy.units.quantity.Quantity
#         unit: !astropy.units.Unit {unit: mas / yr}
#         value: !astropy.table.SerializedColumn {name: SkyCoord.pm_ra_cosdec}
#       ra: !astropy.table.SerializedColumn
#         __class__: astropy.coordinates.angles.Longitude
#         unit: *id001
#         value: !astropy.table.SerializedColumn {name: SkyCoord.ra}
#         wrap_angle: !astropy.coordinates.Angle
#           unit: *id001
#           value: 360.0
#       representation_type: spherical
# schema: astropy-2.0
RA_ICRS_1 DE_ICRS_1 e_RA_ICRS e_DE_ICRS _r_1 HIP TYC2 Source rgeo Plx e_Plx pmRA pmDE e_pmRA e_pmDE RUWE Teff logg Gmag BP-RP BPmag RPmag RV e_RV b_rgeo B_rgeo FG e_FG FBP e_FBP FRP e_FRP RAVE5 RAVE6 e_Gmag e_BPmag e_RPmag e_BP-RP SkyCoord.ra SkyCoord.dec SkyCoord.distance SkyCoord.pm_ra_cosdec SkyCoord.pm_dec rmRA rmDE e_rmRA e_rmDE rRV e_rRV v_pec v_pec3d e_vpec e_vpec3d
[from data line 123]
161.14490042054 -59.63590645651 0.0095 0.0092 4.7302 "" "" 5350359679687761664 1963.49536 0.4946 0.0113 -7.817 1.329 0.014 0.012 0.825 "" "" 11.789963 1.437332 12.44605 11.008718 11.55 0.31 1921.12805 2009.45471 362211.02495 40.087 143550.0 118.47 313090.0 196.41 "" "" 0.002757939130599248 0.0029305194 0.0038402658 0.006770785 161.14490042054 -59.63590645651 1963.49536 -7.816999999999995 1.3289999999999997 -0.8913126869201662 -1.277968641281128 0.15186076 0.14986075 12.738 1.2146716 14.501086929283868 19.301247786882783 2.18267714063702 1.825302095724302
160.92185488713 -59.59791745253 0.0221 0.0198 11.51 "" "" 5350363326141053312 2212.6604 0.4333 0.0258 -6.469 2.663 0.027 0.024 1.689 7019.3 2.841 11.791623 1.106809 11.7877 10.680891 "" "" 2098.16748 2334.33667 361657.57215 655.02 263230.0 9005.9 423450.0 13577.0 "" "" 0.003385068139936748 0.037250984 0.035016317 0.0722673 160.92185488713 -59.59791745253 2212.6604 -6.468999999999999 2.663 0.4566873130798337 0.05603135871887188 0.16486076 0.16186076 "" "" 4.825656686969827 "" 0.7953486405672581 ""
160.96200466174 -59.56406349619 0.0116 0.0126 11.7188 "" "" 5350363841537240064 2345.94287 0.3916 0.0144 -6.809 2.307 0.016 0.016 0.972 "" "" 11.801535 0.712064 12.063211 11.351147 "" "" 2273.53638 2424.26855 358371.14221 94.026 204240.0 146.22 228400.0 103.24 "" "" 0.002770006772579874 0.00289642 0.0038111128 0.006707533 160.96200466174 -59.56406349619 2345.94287 -6.809000000000001 2.3070000000000004 0.11668731307983382 -0.299968641281128 0.15386076 0.15386076 "" "" 3.579065146331638 "" 0.5506776932224744 ""
160.69559743591 -59.58213191452 0.0128 0.0136 18.1156 "" "" 5350374389976698112 1966.22253 0.46 0.0149 -7.207 2.999 0.017 0.017 0.883 14004.5 4.1592 11.817987 0.306281 11.918922 11.612641 "" "" 1908.56714 2019.00061 352981.237 90.198 233260.0 176.03 179520.0 95.188 "" "" 0.002769253064946983 0.0029079865 0.003822977 0.0067309635 160.69559743591 -59.58213191452 1966.22253 -7.206999999999999 2.998999999999998 -0.28131268692016587 0.3920313587188722 0.15486076 0.15486076 "" "" 4.497034318244155 "" 0.6964141735938479 ""
160.97447738084 -59.47314338798 0.0078 0.0089 15.6801 "" "" 5350387824635992832 2304.43579 0.4077 0.0098 -6.561 2.416 0.01 0.01 0.791 "" "" 11.818147 1.004802 12.223825 11.219024 "" "" 2260.98535 2346.55249 352929.6753 90.474 176150.0 139.33 257960.0 77.631 "" "" 0.0027693423314955595 0.0029193435 0.0037934796 0.006712823 160.97447738084 -59.47314338798 2304.43579 -6.561000000000003 2.4160000000000017 0.36468731307983404 -0.190968641281128 0.14786077 0.14786077 "" "" 4.4965979796537185 "" 0.664870419224688 ""
160.98338926344 -59.57804834062 0.0122 0.0122 10.6768 "" "" 5350363768497176320 2417.65015 0.3801 0.0145 -6.741 1.813 0.016 0.015 0.917 12773.5 3.4017 11.818661 0.709441 12.07449 11.365048 "" "" 2322.48926 2490.70801 352762.52334 85.697 202130.0 172.39 225500.0 131.01 "" "" 0.002767915871016356 0.0029398133 0.00383166 0.006771473 160.98338926344 -59.57804834062 2417.65015 -6.7410000000000005 1.8130000000000002 0.18468731307983433 -0.793968641281128 0.15386076 0.15286076 "" "" 9.341526594052588 "" 1.4284338620158352 ""
161.68575622498 -59.66323739763 0.0101 0.0106 13.3155 "" "" 5350332879092011776 1806.49475 0.5518 0.0126 -11.525 4.848 0.014 0.012 0.923 4685.0 2.2893 11.821375 1.931604 12.788256 10.856651 -24.58 0.21 1769.91492 1847.64819 351881.81104 56.465 104740.0 64.042 360160.0 106.12 "" "" 0.002760822928581197 0.0028680584 0.003792897 0.0066609555 161.68575622498 -59.66323739763 1806.49475 -11.525 4.847999999999999 -4.599312686920166 2.241031358718872 0.15186076 0.14986075 -23.392 1.1146716 43.809252842427284 49.66322883796142 6.6361851585596945 5.877451927521423
161.07826771997 -59.8636060281 0.0111 0.0111 11.4272 "" "" 5350350200720724992 2265.36401 0.4032 0.0126 -6.673 2.23 0.015 0.014 0.826 "" "" 11.824672 0.592368 12.033431 11.441063 "" "" 2200.17212 2320.427 350814.94344 68.193 209920.0 167.93 210250.0 90.056 "" "" 0.002763391329477236 0.0029222323 0.0038078865 0.0067301188 161.07826771997 -59.8636060281 2265.36401 -6.673 2.2299999999999995 0.25268731307983394 -0.37696864128112795 0.15286076 0.15186076 "" "" 4.873083016397336 "" 0.7415442729533702 ""
161.134227018 -59.56651432884 0.0088 0.0099 8.4223 "" "" 5350386347167198976 2348.50806 0.3903 0.0107 -6.604 2.175 0.012 0.012 0.812 "" "" 11.829397 0.617021 12.050544 11.433523 "" "" 2277.23389 2409.83032 349291.38423 84.597 206630.0 175.86 211710.0 191.17 "" "" 0.0027678399351506425 0.0029392052 0.0039044728 0.0068436777 161.134227018 -59.56651432884 2348.50806 -6.604 2.175 0.3216873130798339 -0.4319686412811281 0.14986075 0.14986075 "" "" 5.995549824298783 "" 0.8984976209659203 ""
161.27439249719 -59.68179331414 0.0125 0.0155 1.0315 "" "" 5350358378338871552 2395.91089 0.3711 0.0164 -6.784 2.537 0.017 0.021 0.869 18307.8 3.8471 11.837832 0.346972 11.937852 11.590879 "" "" 2292.06519 2501.00903 346588.19829 89.905 229230.0 353.96 183150.0 537.75 "" "" 0.002769676967308909 0.0032551107 0.0049443007 0.008199411 161.27439249719 -59.68179331414 2395.91089 -6.784000000000001 2.537 0.14168731307983418 -0.06996864128112801 0.15486076 0.15886076 "" "" 1.7945937392401832 "" 0.27933403362073045 ""
161.13069558653 -59.73552615082 0.013 0.0142 4.3965 "" "" 5350357278827025792 2234.28247 0.4024 0.015 -7.05 2.83 0.017 0.019 0.783 7400.3 3.3045 11.848191 0.289827 11.93893 11.649103 "" "" 2162.4834 2306.82812 343297.11329 81.517 229000.0 168.52 173590.0 63.315 "" "" 0.002767355449681457 0.0029023145 0.0038000725 0.006702387 161.13069558653 -59.73552615082 2234.28247 -7.049999999999999 2.83 -0.12431268692016584 0.22303135871887214 0.15486076 0.15686075 "" "" 2.7041389100381727 "" 0.4228975978194117 ""
160.92153180833 -59.59822178007 0.0334 0.0241 11.5093 "" "" 5350363326125475712 2047.3877 0.4868 0.0302 -6.148 2.511 0.037 0.029 1.984 "" "" 11.877815 1.099832 11.807735 10.707903 -94.3 11.94 1911.15637 2209.73901 334057.00808 597.56 258420.0 14599.0 413040.0 18440.0 "" "" 0.0033710204108332977 0.061400253 0.048619356 0.11001961 160.92153180833 -59.59822178007 2047.3877 -6.148 2.511 0.7776873130798343 -0.09596864128112781 0.17486076 0.16686076 -93.112 12.844671 7.6044057689505165 93.42200774495723 1.3288202357348913 12.802504948694047
160.99574780946 -59.55542844297 0.0112 0.0111 11.3503 "" "" 5350363910256772608 2344.0293 0.3899 0.0133 -6.511 2.138 0.015 0.013 0.858 13103.6 3.6725 11.886155 0.509384 12.049469 11.540085 "" "" 2266.15625 2416.10913 331501.02485 177.8 206840.0 529.53 191920.0 368.94 "" "" 0.0028161854997435644 0.0039384207 0.004317412 0.008255833 160.99574780946 -59.55542844297 2344.0293 -6.511 2.137999999999999 0.41468731307983386 -0.46896864128112803 0.15286076 0.15086076 "" "" 6.9554852270058225 "" 1.055436525084017 ""
160.9899321747 -59.54933811932 0.0365 0.027 11.7392 "" "" 5350363905936136448 2251.37256 0.426 0.0364 -6.139 2.297 0.044 0.035 1.825 "" "" 11.897287 0.453361 11.804626 11.351265 "" "" 2073.61108 2429.53491 328119.26084 339.94 259160.0 18907.0 228380.0 6986.2 "" "" 0.002976084382816344 0.07925893 0.033427276 0.11268621 160.9899321747 -59.54933811932 2251.37256 -6.139 2.2969999999999997 0.7866873130798337 -0.3099686412811278 0.18186076 0.17286076 "" "" 9.023308783940145 "" 1.6303076018034712 ""
161.44579745278 -60.00754987021 0.0139 0.0161 19.7126 "" "" 5350298141394249088 2099.33008 0.4359 0.0174 -6.63 2.216 0.019 0.02 1.144 "" "" 11.898222 0.499684 12.070734 11.57105 "" "" 2029.37598 2170.83862 327837.10766 69.462 202830.0 144.45 186530.0 83.718 "" "" 0.002764906918938091 0.0028953298 0.0038106674 0.0067059975 161.44579745278 -60.00754987021 2099.33008 -6.63 2.216000000000002 0.2956873130798341 -0.39096864128112774 0.15686075 0.15786076 "" "" 4.877807179659494 "" 0.768243070652842 ""
161.12712651348 -59.62405654167 0.0315 0.0552 5.6193 "" "" 5350359752733600384 2235.4209 0.4254 0.0355 -7.149 2.748 0.039 0.058 1.749 "" "" 11.90384 "" "" "" "" "" 2090.47119 2405.4314 326145.03102 1169.8 "" "" "" "" "" "" 0.004770436754059706 "" "" "" 161.12712651348 -59.62405654167 2235.4209 -7.148999999999994 2.7479999999999998 -0.22331268692016604 0.1410313587188723 0.17686076 0.19586076 "" "" 2.798568265053731 "" 0.5106823479347989 ""
161.31612504283 -59.49896249217 0.0077 0.008 11.8714 "" "" 5350384629180484224 2411.98193 0.3814 0.0092 -6.893 4.03 0.011 0.01 0.797 "" "" 11.916806 0.59498 12.129224 11.534244 "" "" 2350.46899 2472.40918 322273.38225 70.175 192190.0 123.52 192960.0 123.49 "" "" 0.0027654445079158874 0.0028761036 0.0038427254 0.0067188293 161.31612504283 -59.49896249217 2411.98193 -6.892999999999999 4.03 0.03268731307983419 1.4230313587188723 0.14886075 0.14786077 "" "" 16.273516375060535 "" 2.406223198657287 ""
161.52050700185 -59.98380628792 0.0165 0.0176 19.2 "" "" 5350303913830814080 2359.09863 0.3887 0.0198 -6.461 2.125 0.022 0.022 1.303 "" "" 11.923163 0.428086 12.062548 11.634461 "" "" 2259.60962 2455.83228 320391.85209 53.487 204360.0 135.92 175940.0 68.213 "" "" 0.0027612756006055597 0.002882102 0.0038027521 0.006684854 161.52050700185 -59.98380628792 2359.09863 -6.461000000000001 2.1249999999999987 0.4646873130798337 -0.48196864128112793 0.15986076 0.15986076 "" "" 7.486416160939757 "" 1.1967841769659164 ""
161.27966716276 -59.68289014636 0.013 0.0149 1.1088 "" "" 5350358378323901312 2389.77441 0.3824 0.0167 -6.983 2.641 0.019 0.019 0.879 16578.8 4.1442 11.926091 0.497453 12.088285 11.590832 "" "" 2296.50977 2517.6333 319529.0453 106.17 199570.0 503.21 183160.0 517.88 "" "" 0.0027788370982206973 0.003908937 0.004869081 0.008778018 161.27966716276 -59.68289014636 2389.77441 -6.982999999999999 2.641 -0.05731268692016567 0.034031358718872085 0.15686075 0.15686075 "" "" 0.755035576193097 "" 0.11843544969832831 ""
161.20398826165 -59.91511865928 0.0158 0.0149 13.3406 "" "" 5350302539441155584 2365.54883 0.4255 0.0189 -5.716 4.299 0.022 0.018 0.919 5428.6 1.9286 11.939927 2.675609 13.437244 10.761636 5.22 0.22 2268.46582 2482.53906 315483.05462 93.551 57613.0 73.907 393100.0 283.98 "" "" 0.002774066539407049 0.0031184845 0.0038599132 0.0069783977 161.20398826165 -59.91511865928 2365.54883 -5.716000000000002 4.299 1.2096873130798338 1.6920313587188724 0.15986076 0.15586075 6.407999999999998 1.1246716 23.322185913433184 24.18650077586134 3.6668333527964294 3.548330764985365
161.35496242773 -59.66693450343 0.0115 0.0113 3.5589 "" "" 5350335009395685632 2311.67407 0.3906 0.0133 -7.287 2.658 0.015 0.015 0.847 7416.6 3.4271 11.989548 0.305306 12.089428 11.784121 "" "" 2232.81665 2395.6145 301389.07816 62.123 199360.0 154.54 153290.0 105.43 "" "" 0.002764393846483026 0.0029143454 0.0038524487 0.0067667942 161.35496242773 -59.66693450343 2311.67407 -7.287 2.6580000000000017 -0.36131268692016594 0.05103135871887199 0.15286076 0.15286076 "" "" 3.9983172710130264 "" 0.6111858195221451 ""
161.27153818587 -59.69508799403 0.0133 0.0136 0.6429 "" "" 5350358343963943424 2350.77832 0.3854 0.0156 -6.937 2.718 0.019 0.018 0.887 14272.8 3.6534 11.999818 0.434759 12.146553 11.711794 "" "" 2259.08521 2452.59204 298551.84726 71.659 189150.0 266.85 163850.0 144.85 "" "" 0.002767616670078541 0.0031829667 0.00389936 0.007082327 161.27153818587 -59.69508799403 2350.77832 -6.937 2.718 -0.011312686920166293 0.11103135871887204 0.15686075 0.15586075 "" "" 1.2435929851451322 "" 0.19384015540266952 ""
161.12067329872 -59.70949183968 0.0137 0.0134 4.0357 "" "" 5350357416266008960 2127.97192 0.4272 0.0156 -7.235 2.725 0.017 0.017 0.922 "" "" 12.009199 0.391146 12.136501 11.745356 "" "" 2040.48145 2208.7229 295983.34387 52.169 190900.0 117.73 158860.0 62.302 "" "" 0.0027619578478445717 0.0028693888 0.003803293 0.006672682 161.12067329872 -59.70949183968 2127.97192 -7.235000000000003 2.725000000000001 -0.30931268692016634 0.11803135871887216 0.15486076 0.15486076 "" "" 3.3393418761576146 "" 0.5171330366764112 ""
160.7784974567 -59.85558478401 0.0135 0.013 17.2383 "" "" 5350352464138291712 2134.89331 0.4236 0.0155 -7.167 2.879 0.018 0.016 0.859 "" "" 12.011576 0.117596 12.045782 11.928186 "" "" 2055.58936 2212.37207 295336.01414 58.826 207540.0 115.59 134240.0 52.423 "" "" 0.002763794132880366 0.0028549458 0.0038030911 0.006658037 160.7784974567 -59.85558478401 2134.89331 -7.167000000000001 2.878999999999998 -0.24131268692016583 0.2720313587188721 0.15586075 0.15386076 "" "" 3.679800168046987 "" 0.5694295344461766 ""
160.91095928859 -59.57900138892 0.0097 0.0106 12.3938 "" "" 5350363631058143488 2381.42578 0.3919 0.012 -6.629 2.092 0.013 0.013 0.868 6312.7 2.6783 12.01697 0.737292 12.284404 11.547111 "" "" 2323.92285 2451.72778 293872.48886 77.326 166590.0 169.31 190680.0 94.3 "" "" 0.0027700914457108846 0.0030004466 0.003817334 0.0068177804 160.91095928859 -59.57900138892 2381.42578 -6.629000000000002 2.092000000000001 0.2966873130798344 -0.5149686412811278 0.15086076 0.15086076 "" "" 6.708657424482134 "" 1.0120731350668524 ""
161.50856334663 -59.40431880016 0.0087 0.0093 19.0715 "" "" 5350344497002037504 2186.99658 0.4575 0.0108 -6.527 2.741 0.012 0.012 0.935 4455.0 1.8823 12.048898 1.755484 12.900496 11.145013 18.22 0.34 2127.42529 2260.87109 285356.45978 32.195 94454.0 49.953 276160.0 65.981 "" "" 0.002758041858012397 0.0028486412 0.003788274 0.0066369153 161.50856334663 -59.40431880016 2186.99658 -6.526999999999997 2.740999999999998 0.39868731307983385 0.13403135871887217 0.14986075 0.14986075 19.407999999999998 1.2446716 4.360235788545338 19.89176010642878 0.6534282255450433 1.222818971637455
160.97021904132 -59.72696408856 0.0125 0.0125 8.7069 "" "" 5350360023284514944 2099.27612 0.4387 0.0143 -7.289 2.916 0.016 0.015 0.89 "" "" 12.050157 0.36826 12.175847 11.807587 "" "" 2041.22644 2155.04785 285025.84648 46.106 184110.0 82.831 150010.0 63.501 "" "" 0.002760912010149088 0.0028326053 0.0038072253 0.006639831 160.97021904132 -59.72696408856 2099.27612 -7.289 2.916 -0.3633126869201657 0.309031358718872 0.15386076 0.15286076 "" "" 4.746082209618453 "" 0.7282472413993663 ""
161.21062674469 -59.95627143412 0.0161 0.0166 15.7817 "" "" 5350301959643812480 1858.50122 0.5013 0.0186 -6.665 2.93 0.022 0.02 1.205 "" "" 12.059591 0.413194 12.169827 11.756634 "" "" 1790.01648 1928.89917 282559.80773 125.41 185130.0 282.58 157220.0 176.33 "" "" 0.002797142365740851 0.0032452329 0.0039707096 0.0072159423 161.21062674469 -59.95627143412 1858.50122 -6.665000000000001 2.9300000000000033 0.26068731307983395 0.32303135871887223 0.15986076 0.15786076 "" "" 3.656729383260922 "" 0.5801495065703591 ""
160.98084346478 -59.54724894637 0.0319 0.032 12.0183 "" "" 5350363910256775936 1817.32581 0.5414 0.0314 -6.409 2.055 0.038 0.036 1.63 "" "" 12.066628 "" "" "" "" "" 1709.87708 1932.74561 280734.34724 977.94 "" "" "" "" "" "" 0.004679379547844686 "" "" "" 160.98084346478 -59.54724894637 1817.32581 -6.408999999999998 2.0549999999999997 0.5166873130798342 -0.5519686412811278 0.17586076 0.17386076 "" "" 6.512842910272797 "" 1.1384296421780946 ""
160.96754268582 -59.61626858837 0.0104 0.0103 9.7609 "" "" 5350362497181876608 2454.66431 0.3778 0.012 -6.455 2.608 0.014 0.013 0.86 6602.5 2.7245 12.081005 0.708926 12.339629 11.630703 "" "" 2389.0083 2517.18213 277041.45357 61.697 158330.0 141.41 176550.0 63.479 "" "" 0.002765909113443486 0.0029538758 0.00379949 0.0067533655 160.96754268582 -59.61626858837 2454.66431 -6.455 2.6080000000000005 0.4706873130798339 0.0010313587188721662 0.15186076 0.15086076 "" "" 5.476511259309796 "" 0.8316671284535312 ""
