Clusters/Trumpler_16/Trumpler_16_members.tsv
# %ECSV 1.0
# ---
# datatype:
# - name: RA_ICRS_1
#   unit: deg
#   datatype: float64
#   format: '{:15.11f}'
#   description: Right ascension (ICRS) at Ep=2016.0 (ra)
#   meta: !!omap
#   - {ucd: POS_EQ_RA_MAIN}
#   - {width: 15}
#   - {precision: '11'}
# - name: DE_ICRS_1
#   unit: deg
#   datatype: float64
#   format: '{:15.11f}'
#   description: Declination (ICRS) at Ep=2016.0 (dec)
#   meta: !!omap
#   - {ucd: POS_EQ_DEC_MAIN}
#   - {width: 15}
#   - {precision: '11'}
# - name: e_RA_ICRS
#   unit: mas
#   datatype: float64
#   format: '{:7.4f}'
#   description: Standard error of right ascension (ra_error)
#   meta: !!omap
#   - {ucd: ERROR}
#   - {width: 7}
#   - {precision: '4'}
# - name: e_DE_ICRS
#   unit: mas
#   datatype: float64
#   format: '{:7.4f}'
#   description: Standard error of declination (dec_error)
#   meta: !!omap
#   - {ucd: ERROR}
#   - {width: 7}
#   - {precision: '4'}
# - name: _r_1
#   unit: ''
#   datatype: float64
#   format: '{:7.4f}'
#   description: Distance from center (161.25041393000-59.69400417000)[ICRS], at Epoch=J2016.0
#   meta: !!omap
#   - {ucd: POS_ANG_DIST_GENERAL}
#   - {width: 7}
#   - {precision: '4'}
# - name: HIP
#   datatype: int32
#   description: '? HIP cross-id number, van Leeuwen, Cat. I/311 (hip_original_ext_source_id)'
#   meta: !!omap
#   - {ucd: ID_NUMBER}
#   - {width: 6}
#   - values: {'null': -2147483648}
# - name: TYC2
#   datatype: string
#   description: Tycho-2 cross-id name, Hog et al., Cat. I/259 (tyc2_original_ext_source_id)
#   meta: !!omap
#   - {ucd: ID_CROSSID}
#   - {_votable_string_dtype: char}
# - name: Source
#   datatype: int64
#   description: Source identifier, identical to the Gaia-EDR3 source_id (id)
#   meta: !!omap
#   - {ucd: ID_MAIN}
#   - {width: 19}
# - name: rgeo
#   unit: pc
#   datatype: float64
#   format: '{:15.8f}'
#   description: '? Median of the geometric distance posterior (r_med_geo)'
#   meta: !!omap
#   - {ucd: PHYS_DISTANCE_TRUE}
#   - {width: 15}
#   - {precision: '8'}
#   - values: {'null': .nan}
# - name: Plx
#   unit: mas
#   datatype: float64
#   format: '{:9.4f}'
#   description: '? Parallax (parallax)'
#   meta: !!omap
#   - {ucd: POS_PARLX_TRIG}
#   - {width: 9}
#   - {precision: '4'}
#   - values: {'null': .nan}
# - name: e_Plx
#   unit: mas
#   datatype: float32
#   format: '{:7.4f}'
#   description: '? Standard error of parallax (parallax_error)'
#   meta: !!omap
#   - {ucd: ERROR}
#   - {width: 7}
#   - {precision: '4'}
#   - values: {'null': .nan}
# - name: pmRA
#   unit: mas / yr
#   datatype: float64
#   format: '{:9.3f}'
#   description: '? Proper motion in right ascension direction, pmRA*cosDE (pmra)'
#   meta: !!omap
#   - {ucd: POS_EQ_PMRA}
#   - {width: 9}
#   - {precision: '3'}
#   - values: {'null': .nan}
# - name: pmDE
#   unit: mas / yr
#   datatype: float64
#   format: '{:9.3f}'
#   description: '? Proper motion in declination direction (pmdec)'
#   meta: !!omap
#   - {ucd: POS_EQ_PMDEC}
#   - {width: 9}
#   - {precision: '3'}
#   - values: {'null': .nan}
# - name: e_pmRA
#   unit: mas / yr
#   datatype: float32
#   format: '{:6.3f}'
#   description: '? Standard error of proper motion in right ascension direction (pmra_error)'
#   meta: !!omap
#   - {ucd: ERROR}
#   - {width: 6}
#   - {precision: '3'}
#   - values: {'null': .nan}
# - name: e_pmDE
[...]
#       distance: !astropy.table.SerializedColumn
#         __class__: astropy.coordinates.distances.Distance
#         unit: !astropy.units.Unit {unit: pc}
#         value: !astropy.table.SerializedColumn {name: SkyCoord.distance}
#       frame: icrs
#       obstime: !astropy.time.Time {format: jyear_str, in_subfmt: '*', jd1: 367701545.0, jd2: 0.0, out_subfmt: '*', precision: 3, scale: tt}
#       pm_dec: !astropy.table.SerializedColumn
#         __class__: astropy.units.quantity.Quantity
#         unit: !astropy.units.Unit {unit: mas / yr}
#         value: !astropy.table.SerializedColumn {name: SkyCoord.pm_dec}
#       pm_ra_cosdec: !astropy.table.SerializedColumn
#         __class__: astropy.units.quantity.Quantity
#         unit: !astropy.units.Unit {unit: mas / yr}
#         value: !astropy.table.SerializedColumn {name: SkyCoord.pm_ra_cosdec}
#       ra: !astropy.table.SerializedColumn
#         __class__: astropy.coordinates.angles.Longitude
#         unit: *id001
#         value: !astropy.table.SerializedColumn {name: SkyCoord.ra}
#         wrap_angle: !astropy.coordinates.Angle
#           unit: *id001
#           value: 360.0
#       representation_type: spherical
# schema: astropy-2.0
RA_ICRS_1 DE_ICRS_1 e_RA_ICRS e_DE_ICRS _r_1 HIP TYC2 Source rgeo Plx e_Plx pmRA pmDE e_pmRA e_pmDE RUWE Teff logg Gmag BP-RP BPmag RPmag RV e_RV b_rgeo B_rgeo FG e_FG FBP e_FBP FRP e_FRP RAVE5 RAVE6 e_Gmag e_BPmag e_RPmag e_BP-RP SkyCoord.ra SkyCoord.dec SkyCoord.distance SkyCoord.pm_ra_cosdec SkyCoord.pm_dec rmRA rmDE e_rmRA e_rmDE rRV e_rRV v_pec v_pec3d e_vpec e_vpec3d Pmemb
161.13468364079 -59.74193901139 0.0191 0.02 4.5312 "" 8626-2811-1 5350357205782177664 2316.21216 0.424 0.0226 -7.089 2.523 0.025 0.026 0.903 "" "" 8.371685 0.220016 8.419911 8.199896 "" "" 2180.85962 2443.62305 8438645.65997 3371.6 5854000.0 6363.4 4161000.0 3123.4 "" "" 0.0027892597891405165 0.0030295139 0.003866257 0.006895771 161.13468364079 -59.74193901139 2316.21216 -7.089 2.5230000000000015 -0.16331268692016643 -0.0839686412811278 0.16286077 0.16386077 "" "" 2.0160989198893553 "" 0.3287659747197516 "" 0.8
161.31876386645 -59.7269465061 0.0129 0.0118 2.861 "" 8626-491-1 5350311339852481792 2195.99536 0.4445 0.0145 -7.015 2.713 0.017 0.015 0.892 "" "" 9.062262 0.622042 9.275275 8.653234 "" "" 2133.54517 2261.93286 4467268.50157 1827.2 2662600.0 3139.1 2740700.0 3132.9 "" "" 0.002790878518390546 0.00306978 0.0039779483 0.0070477286 161.31876386645 -59.7269465061 2195.99536 -7.014999999999996 2.712999999999999 -0.0893126869201657 0.10603135871887215 0.15486076 0.15286076 "" "" 1.443044520115037 "" 0.2217872770363622 "" 0.9
161.16791488632 -59.6968848838 0.015 0.0166 2.5037 "" "" 5350358859375074816 2166.37329 0.451 0.0182 -7.079 2.66 0.019 0.02 1.172 "" "" 10.642212 0.508502 10.816999 10.308497 "" "" 2086.58203 2260.3811 1042466.30974 309.54 643600.0 311.61 596700.0 224.49 "" "" 0.0027741167084199153 0.002839258 0.0038013917 0.0066406494 161.16791488632 -59.6968848838 2166.37329 -7.079000000000006 2.6600000000000046 -0.15331268692016575 0.05303135871887221 0.15686075 0.15786076 "" "" 1.6658300442013019 "" 0.26148187901404524 "" 1.0
161.12697792142 -59.69456165837 0.0108 0.0112 3.7374 "" 8626-2835-1 5350358893734785664 2192.1377 0.4451 0.013 -7.028 2.711 0.014 0.014 0.829 "" "" 10.770354 0.40116 10.900005 10.498845 "" "" 2145.75317 2244.46362 926413.56886 215.52 596230.0 341.49 500750.0 161.64 "" "" 0.0027668734013436658 0.0028586274 0.003795597 0.0066542244 161.12697792142 -59.69456165837 2192.1377 -7.028000000000005 2.711000000000003 -0.1023126869201656 0.10403135871887192 0.15186076 0.15186076 "" "" 1.5161360702037663 "" 0.23024157385630656 "" 0.9
161.25095012002 -59.72620696757 0.0149 0.0137 1.9322 "" "" 5350357931646616448 2277.74023 0.4068 0.016 -6.937 2.611 0.019 0.018 0.821 12154.2 3.5305 11.489809 0.52129 11.66623 11.14494 "" "" 2197.38159 2370.9563 477554.67172 276.28 294390.0 493.5 276170.0 359.27 "" "" 0.0028260111017369112 0.0033313222 0.0040346873 0.0073660095 161.25095012002 -59.72620696757 2277.74023 -6.9370000000000065 2.6110000000000007 -0.011312686920166293 0.00403135871887228 0.15686075 0.15586075 "" "" 0.1296607222998874 "" 0.020324109660890103 "" 1.0
161.34402718732 -59.71018763823 0.0127 0.0121 2.9954 "" "" 5350311374212232960 2358.58887 0.3878 0.0144 -6.883 2.578 0.015 0.015 0.908 13748.7 3.486 11.658049 0.518191 11.835824 11.317633 "" "" 2282.44971 2442.88794 409003.75665 199.98 251820.0 350.99 235560.0 380.78 "" "" 0.0028059947214112424 0.0031741401 0.004167017 0.007341157 161.34402718732 -59.71018763823 2358.58887 -6.883000000000002 2.5780000000000003 0.04268731307983398 -0.028968641281128082 0.15286076 0.15286076 "" "" 0.5767462176985624 "" 0.08816186556177995 "" 0.8
161.24114726316 -59.68412991813 0.0123 0.0128 0.6555 "" "" 5350358550137930624 2318.5415 0.3876 0.0148 -6.736 2.705 0.017 0.017 0.824 15327.6 3.8009 11.680007 0.384821 11.809047 11.424226 "" "" 2255.15479 2400.07739 400814.99629 133.63 258110.0 284.17 213530.0 193.2 "" "" 0.0027789960012470755 0.0030354452 0.0039049669 0.0069404123 161.24114726316 -59.68412991813 2318.5415 -6.736000000000001 2.704999999999999 0.18968731307983422 0.09803135871887214 0.15486076 0.15486076 "" "" 2.346576916895938 "" 0.3633926958761893 "" 0.8
161.13069558653 -59.73552615082 0.013 0.0142 4.3965 "" "" 5350357278827025792 2234.28247 0.4024 0.015 -7.05 2.83 0.017 0.019 0.783 7400.3 3.3045 11.848191 0.289827 11.93893 11.649103 "" "" 2162.4834 2306.82812 343297.11329 81.517 229000.0 168.52 173590.0 63.315 "" "" 0.002767355449681457 0.0029023145 0.0038000725 0.006702387 161.13069558653 -59.73552615082 2234.28247 -7.049999999999999 2.83 -0.12431268692016584 0.22303135871887214 0.15486076 0.15686075 "" "" 2.7041389100381727 "" 0.4228975978194117 "" 0.9
161.27966716276 -59.68289014636 0.013 0.0149 1.1088 "" "" 5350358378323901312 2389.77441 0.3824 0.0167 -6.983 2.641 0.019 0.019 0.879 16578.8 4.1442 11.926091 0.497453 12.088285 11.590832 "" "" 2296.50977 2517.6333 319529.0453 106.17 199570.0 503.21 183160.0 517.88 "" "" 0.0027788370982206973 0.003908937 0.004869081 0.008778018 161.27966716276 -59.68289014636 2389.77441 -6.982999999999999 2.641 -0.05731268692016567 0.034031358718872085 0.15686075 0.15686075 "" "" 0.755035576193097 "" 0.11843544969832831 "" 0.9
161.27153818587 -59.69508799403 0.0133 0.0136 0.6429 "" "" 5350358343963943424 2350.77832 0.3854 0.0156 -6.937 2.718 0.019 0.018 0.887 14272.8 3.6534 11.999818 0.434759 12.146553 11.711794 "" "" 2259.08521 2452.59204 298551.84726 71.659 189150.0 266.85 163850.0 144.85 "" "" 0.002767616670078541 0.0031829667 0.00389936 0.007082327 161.27153818587 -59.69508799403 2350.77832 -6.937 2.718 -0.011312686920166293 0.11103135871887204 0.15686075 0.15586075 "" "" 1.2435929851451322 "" 0.19384015540266952 "" 0.9
161.29105101656 -59.70381964247 0.0119 0.0113 1.3639 "" "" 5350358343979096704 2377.95776 0.3927 0.0134 -6.953 2.725 0.016 0.014 0.964 6227.4 2.6924 12.251086 0.606619 12.468094 11.861475 "" "" 2303.24927 2451.02954 236871.19844 86.198 140660.0 137.72 142750.0 162.46 "" "" 0.0027835040829585437 0.0029858178 0.0039762487 0.0069620665 161.29105101656 -59.70381964247 2377.95776 -6.952999999999997 2.724999999999998 -0.027312686920166307 0.11803135871887216 0.15386076 0.15186076 "" "" 1.3655475061679097 "" 0.2075127563716824 "" 0.8
161.1205859056 -59.72978896994 0.0133 0.0133 4.4771 "" "" 5350357377584700928 2222.15649 0.4147 0.015 -7.066 2.857 0.017 0.016 1.0 "" "" 12.374931 0.353482 12.489766 12.136284 "" "" 2136.06152 2323.07666 211336.37133 49.078 137880.0 116.06 110830.0 57.318 "" "" 0.0027668325875432817 0.0029360326 0.0038208666 0.006756899 161.1205859056 -59.72978896994 2222.15649 -7.066000000000001 2.857 -0.14031268692016585 0.2500313587188723 0.15486076 0.15386076 "" "" 3.0199356443753462 "" 0.4653746606177627 "" 0.8
161.2174487144 -59.73921870361 0.0108 0.0108 2.8904 "" "" 5350357996056159872 2232.19092 0.4291 0.012 -6.982 2.633 0.015 0.015 0.962 "" "" 12.474112 0.767821 12.761533 11.993711 "" "" 2181.84521 2292.48657 192886.64732 33.669 107350.0 63.343 126380.0 71.969 "" "" 0.0027618303325361144 0.002862775 0.0038296224 0.0066923974 161.2174487144 -59.73921870361 2232.19092 -6.982000000000003 2.633000000000001 -0.05631268692016622 0.026031358718872077 0.15286076 0.15286076 "" "" 0.6564014765176652 "" 0.10033802901772983 "" 1.0
161.3805202428 -59.68700720788 0.0104 0.0103 3.962 "" "" 5350334910634790144 2339.87744 0.4017 0.012 -6.833 2.681 0.013 0.013 0.936 6232.6 2.8211 12.499418 0.649224 12.732195 12.082971 "" "" 2271.47778 2404.38403 188442.7394 36.424 110290.0 99.661 116400.0 70.691 "" "" 0.0027633007799739645 0.002957635 0.003836471 0.006794106 161.3805202428 -59.68700720788 2339.87744 -6.833000000000004 2.6810000000000036 0.0926873130798338 0.07403135871887212 0.15086076 0.15086076 "" "" 1.315657619132637 "" 0.19848110389582832 "" 0.9
161.28294531977 -59.65025882613 0.0133 0.0115 2.8037 "" "" 5350382189638820352 2236.20483 0.4189 0.0152 -7.003 2.831 0.017 0.014 0.969 14746.6 3.8012 12.676481 0.571695 12.882641 12.310946 "" "" 2149.23022 2323.96655 160086.38 46.604 96020.0 148.86 94358.0 130.0 "" "" 0.0027733903750376343 0.0032585694 0.0040646405 0.00732321 161.28294531977 -59.65025882613 2236.20483 -7.003000000000001 2.8310000000000044 -0.07731268692016613 0.22403135871887203 0.15486076 0.15186076 "" "" 2.512069794069259 "" 0.3822938837884389 "" 0.8
161.09896948047 -59.68508654548 0.0119 0.0124 4.617 "" "" 5350359095572191488 2441.27588 0.3874 0.0143 -7.297 2.824 0.016 0.015 0.988 "" "" 12.749579 0.614058 12.97254 12.358481 "" "" 2368.88501 2523.11865 149663.14153 24.956 88390.0 70.946 90316.0 42.245 "" "" 0.0027612617360966694 0.002923097 0.0038133499 0.006736447 161.09896948047 -59.68508654548 2441.27588 -7.297 2.824 -0.3713126869201657 0.21703135871887191 0.15386076 0.15286076 "" "" 4.9768272662643005 "" 0.7644742014101945 "" 0.8
161.18458206179 -59.70919020421 0.024 0.0246 2.1912 "" "" 5350358855053478784 2262.82935 0.4108 0.0273 -6.959 2.554 0.03 0.03 2.152 16922.0 3.5418 12.772703 0.610268 12.962449 12.352181 "" "" 2097.55493 2420.60205 146509.38749 67.251 89215.0 77.909 90842.0 109.82 "" "" 0.0028000300991345454 0.002946867 0.0040008174 0.006947684 161.18458206179 -59.70919020421 2262.82935 -6.958999999999999 2.554000000000002 -0.033312686920165646 -0.052968641281128104 0.16786076 0.16786076 "" "" 0.6711488994651389 "" 0.11265956519969283 "" 0.9
161.38554157013 -59.70994821413 0.0127 0.0133 4.2007 "" "" 5350311442931718400 2449.47705 0.3923 0.015 -6.94 2.66 0.017 0.017 1.113 "" "" 12.830249 0.936167 13.195422 12.259255 "" "" 2377.70996 2525.58862 138946.31177 26.181 71986.0 68.331 98959.0 46.771 "" "" 0.002762904711025927 0.002974425 0.0038140598 0.0067884848 161.38554157013 -59.70994821413 2449.47705 -6.9399999999999995 2.66 -0.014312686920166406 0.05303135871887221 0.15486076 0.15486076 "" "" 0.6377525204468631 "" 0.0987628430324739 "" 0.8
161.23634535187 -59.66731212466 0.0115 0.0114 1.6572 "" "" 5350358653216770048 2319.50464 0.3968 0.0133 -6.861 2.556 0.016 0.014 0.849 "" "" 13.037761 0.645914 13.244678 12.598764 "" "" 2243.61182 2387.5957 114773.67605 44.457 68793.0 322.97 72386.0 281.09 "" "" 0.002787230776723274 0.0058110035 0.005662117 0.011473121 161.23634535187 -59.66731212466 2319.50464 -6.860999999999998 2.5559999999999983 0.06468731307983422 -0.05096864128112788 0.15386076 0.15186076 "" "" 0.9054417421153411 "" 0.1386211290460076 "" 1.0
161.22344493731 -59.78318733297 0.0109 0.0104 5.4128 "" "" 5350356179315387392 2194.98193 0.4243 0.012 -6.975 2.551 0.015 0.013 1.044 6306.5 3.1296 13.062137 0.718193 13.325751 12.607558 "" "" 2151.39453 2246.05127 112225.65051 31.434 63843.0 61.709 71802.0 51.135 "" "" 0.002772052088616111 0.0029810036 0.0038576683 0.006838672 161.22344493731 -59.78318733297 2194.98193 -6.9750000000000005 2.5509999999999993 -0.04931268692016566 -0.05596864128112777 0.15286076 0.15086076 "" "" 0.7760895285562917 "" 0.11776232208271403 "" 1.0
161.24315832017 -59.53506457627 0.0086 0.0096 9.5389 "" "" 5350383770186937856 2318.61597 0.4002 0.0106 -6.832 2.487 0.012 0.012 1.044 "" "" 13.069412 0.736226 13.345944 12.609718 "" "" 2255.90967 2372.33594 111476.11539 36.149 62667.0 63.108 71659.0 67.132 "" "" 0.0027777235727891197 0.0029967518 0.0039138617 0.0069106137 161.24315832017 -59.53506457627 2318.61597 -6.832000000000001 2.487 0.09368731307983413 -0.11996864128112783 0.14986075 0.14986075 "" "" 1.6728931007969694 "" 0.2507010224658044 "" 0.8
161.25077358657 -59.66805996752 0.0123 0.0121 1.5567 "" "" 5350358687561572992 2457.42993 0.3698 0.0142 -6.95 2.563 0.015 0.014 0.967 "" "" 13.153769 0.588065 13.367821 12.779756 "" "" 2377.93774 2532.51001 103142.93485 38.635 61417.0 87.321 61271.0 92.668 "" "" 0.0027851728581889524 0.0031887246 0.0041207056 0.0073094303 161.25077358657 -59.66805996752 2457.42993 -6.95 2.5630000000000006 -0.024312686920166193 -0.04396864128112776 0.15286076 0.15186076 "" "" 0.5852401482713772 "" 0.08901239929381226 "" 0.8
161.2885976477 -59.69116314046 0.0123 0.013 1.1686 "" "" 5350358378323816704 2245.90063 0.4086 0.0151 -6.857 2.564 0.017 0.016 1.215 "" "" 13.193615 0.621206 13.419108 12.797902 "" "" 2172.90454 2308.1521 99426.2072 34.464 58583.0 123.78 60256.0 108.49 "" "" 0.002780903971809562 0.003612163 0.0042550173 0.00786718 161.2885976477 -59.69116314046 2245.90063 -6.857000000000001 2.564 0.06868731307983378 -0.04296864128112787 0.15486076 0.15386076 "" "" 0.8625047029882331 "" 0.13332610768495848 "" 0.8
161.35057973649 -59.70870481386 0.0105 0.0107 3.1578 "" "" 5350311477291450880 2238.58594 0.4099 0.0123 -6.85 2.473 0.014 0.013 1.012 "" "" 13.205079 0.700085 13.45816 12.758076 "" "" 2189.0415 2291.90112 98381.84807 25.052 56514.0 52.267 62507.0 37.138 "" "" 0.002769156255847771 0.0029653588 0.0038340392 0.006799398 161.35057973649 -59.70870481386 2238.58594 -6.8500000000000005 2.4729999999999985 0.07568731307983434 -0.13396864128112806 0.15186076 0.15086076 "" "" 1.6327053034450913 "" 0.24670719054447895 "" 0.8
161.34118044257 -59.75690233006 0.0107 0.0104 4.6669 "" "" 5350310858816135936 2296.44458 0.4058 0.012 -6.939 2.436 0.014 0.013 0.982 "" "" 13.216084 0.911692 13.566446 12.654755 "" "" 2238.69312 2366.55322 97389.6543 34.759 51149.0 80.334 68747.0 67.041 "" "" 0.0027824360750451638 0.003270001 0.003924891 0.0071948916 161.34118044257 -59.75690233006 2296.44458 -6.939 2.435999999999999 -0.013312686920166072 -0.170968641281128 0.15186076 0.15086076 "" "" 1.866652140478782 "" 0.2816158409589211 "" 0.8
161.30523099904 -59.71613396535 0.0143 0.0149 2.125 "" "" 5350358275259602688 2257.40039 0.412 0.0168 -6.802 2.809 0.019 0.019 1.364 6105.6 3.233 13.216486 0.858109 13.544378 12.686269 "" "" 2177.802 2335.44067 97353.69778 31.103 52199.0 74.098 66781.0 59.684 "" "" 0.00277706901377076 0.003187546 0.0039019622 0.007089508 161.30523099904 -59.71613396535 2257.40039 -6.8019999999999925 2.808999999999997 0.12368731307983438 0.20203135871887223 0.15686075 0.15686075 "" "" 2.5347041593236597 "" 0.39759560532939225 "" 0.8
161.22795778089 -59.68990142883 0.0125 0.0131 0.7231 "" "" 5350358240900286208 2307.68115 0.3985 0.015 -6.884 2.513 0.018 0.017 0.944 7422.7 3.6007 13.294478 0.553233 13.488098 12.934865 "" "" 2245.5481 2417.80981 90605.64182 31.843 54977.0 79.922 53114.0 71.409 "" "" 0.0027816166138115114 0.0032056682 0.004051481 0.007257149 161.22795778089 -59.68990142883 2307.68115 -6.884000000000001 2.513000000000002 0.04168731307983364 -0.09396864128112803 0.15586075 0.15486076 "" "" 1.1244736027160007 "" 0.17432225071563354 "" 1.0
161.22719276121 -59.73614097914 0.0124 0.0125 2.624 "" "" 5350358000381588992 2349.14795 0.3899 0.0137 -6.953 2.553 0.017 0.017 1.003 "" "" 13.376437 0.413967 13.518141 13.104174 "" "" 2285.552 2435.65869 84017.90198 29.103 53476.0 36.938 45445.0 34.724 "" "" 0.0027808689451452153 0.0028892022 0.0038693617 0.006758564 161.22719276121 -59.73614097914 2349.14795 -6.953 2.553 -0.027312686920166307 -0.053968641281127994 0.15486076 0.15486076 "" "" 0.673513033978479 "" 0.10430074350554289 "" 1.0
161.0820248716 -59.71882432608 0.0118 0.0118 5.3096 "" "" 5350357484985452288 2366.36792 0.3884 0.013 -7.036 2.68 0.014 0.015 0.948 "" "" 13.393498 0.540757 13.58681 13.046053 "" "" 2294.86499 2440.17432 82708.00772 27.8 50199.0 80.387 47944.0 48.262 "" "" 0.002779383140355799 0.0032875512 0.0039342395 0.007221791 161.0820248716 -59.71882432608 2366.36792 -7.035999999999998 2.6799999999999993 -0.1103126869201656 0.07303135871887223 0.15186076 0.15286076 "" "" 1.4839192204659064 "" 0.22580233174480482 "" 0.8
161.13556133467 -59.73515817404 0.0129 0.0137 4.2632 "" "" 5350357308865230976 2178.8811 0.4232 0.0143 -6.957 2.652 0.016 0.016 0.969 "" "" 13.40038 0.948971 13.747259 12.798288 "" "" 2121.30859 2245.18335 82185.43539 45.178 43303.0 503.36 60234.0 268.35 "" "" 0.0028192206294897913 0.012925489 0.006138499 0.019063987 161.13556133467 -59.73515817404 2178.8811 -6.957000000000002 2.6520000000000015 -0.031312686920165866 0.045031358718872205 0.15386076 0.15386076 "" "" 0.5664648886600283 "" 0.08715671982069191 "" 1.0
