Clusters/Trumpler_16/Trumpler_16_stars_in_region.tsv
# %ECSV 1.0
# ---
# datatype:
# - name: RA_ICRS_1
#   unit: deg
#   datatype: float64
#   format: '{:15.11f}'
#   description: Right ascension (ICRS) at Ep=2016.0 (ra)
#   meta: !!omap
#   - {ucd: POS_EQ_RA_MAIN}
#   - {width: 15}
#   - {precision: '11'}
# - name: DE_ICRS_1
#   unit: deg
#   datatype: float64
#   format: '{:15.11f}'
#   description: Declination (ICRS) at Ep=2016.0 (dec)
#   meta: !!omap
#   - {ucd: POS_EQ_DEC_MAIN}
#   - {width: 15}
#   - {precision: '11'}
# - name: e_RA_ICRS
#   unit: mas
#   datatype: float64
#   format: '{:7.4f}'
#   description: Standard error of right ascension (ra_error)
#   meta: !!omap
#   - {ucd: ERROR}
#   - {width: 7}
#   - {precision: '4'}
# - name: e_DE_ICRS
#   unit: mas
#   datatype: float64
#   format: '{:7.4f}'
#   description: Standard error of declination (dec_error)
#   meta: !!omap
#   - {ucd: ERROR}
#   - {width: 7}
#   - {precision: '4'}
# - name: _r_1
#   unit: ''
#   datatype: float64
#   format: '{:7.4f}'
#   description: Distance from center (161.25041393000-59.69400417000)[ICRS], at Epoch=J2016.0
#   meta: !!omap
#   - {ucd: POS_ANG_DIST_GENERAL}
#   - {width: 7}
#   - {precision: '4'}
# - name: HIP
#   datatype: int32
#   description: '? HIP cross-id number, van Leeuwen, Cat. I/311 (hip_original_ext_source_id)'
#   meta: !!omap
#   - {ucd: ID_NUMBER}
#   - {width: 6}
#   - values: {'null': -2147483648}
# - name: TYC2
#   datatype: string
#   description: Tycho-2 cross-id name, Hog et al., Cat. I/259 (tyc2_original_ext_source_id)
#   meta: !!omap
#   - {ucd: ID_CROSSID}
#   - {_votable_string_dtype: char}
# - name: Source
#   datatype: int64
#   description: Source identifier, identical to the Gaia-EDR3 source_id (id)
#   meta: !!omap
#   - {ucd: ID_MAIN}
#   - {width: 19}
# - name: rgeo
#   unit: pc
#   datatype: float64
#   format: '{:15.8f}'
#   description: '? Median of the geometric distance posterior (r_med_geo)'
#   meta: !!omap
#   - {ucd: PHYS_DISTANCE_TRUE}
#   - {width: 15}
#   - {precision: '8'}
#   - values: {'null': .nan}
# - name: Plx
#   unit: mas
#   datatype: float64
#   format: '{:9.4f}'
#   description: '? Parallax (parallax)'
#   meta: !!omap
#   - {ucd: POS_PARLX_TRIG}
#   - {width: 9}
#   - {precision: '4'}
#   - values: {'null': .nan}
# - name: e_Plx
#   unit: mas
#   datatype: float32
#   format: '{:7.4f}'
#   description: '? Standard error of parallax (parallax_error)'
#   meta: !!omap
#   - {ucd: ERROR}
#   - {width: 7}
#   - {precision: '4'}
#   - values: {'null': .nan}
# - name: pmRA
#   unit: mas / yr
#   datatype: float64
#   format: '{:9.3f}'
#   description: '? Proper motion in right ascension direction, pmRA*cosDE (pmra)'
#   meta: !!omap
#   - {ucd: POS_EQ_PMRA}
#   - {width: 9}
#   - {precision: '3'}
#   - values: {'null': .nan}
# - name: pmDE
#   unit: mas / yr
#   datatype: float64
#   format: '{:9.3f}'
#   description: '? Proper motion in declination direction (pmdec)'
#   meta: !!omap
#   - {ucd: POS_EQ_PMDEC}
#   - {width: 9}
#   - {precision: '3'}
#   - values: {'null': .nan}
# - name: e_pmRA
#   unit: mas / yr
#   datatype: float32
#   format: '{:6.3f}'
#   description: '? Standard error of proper motion in right ascension direction (pmra_error)'
#   meta: !!omap
#   - {ucd: ERROR}
#   - {width: 6}
#   - {precision: '3'}
#   - values: {'null': .nan}
# - name: e_pmDE
[...]
#         value: !astropy.table.SerializedColumn {name: SkyCoord.dec}
#       distance: !astropy.table.SerializedColumn
#         __class__: astropy.coordinates.distances.Distance
#         unit: !astropy.units.Unit {unit: pc}
#         value: !astropy.table.SerializedColumn {name: SkyCoord.distance}
#       frame: icrs
#       obstime: !astropy.time.Time {format: jyear_str, in_subfmt: '*', jd1: 367701545.0, jd2: 0.0, out_subfmt: '*', precision: 3, scale: tt}
#       pm_dec: !astropy.table.SerializedColumn
#         __class__: astropy.units.quantity.Quantity
#         unit: !astropy.units.Unit {unit: mas / yr}
#         value: !astropy.table.SerializedColumn {name: SkyCoord.pm_dec}
#       pm_ra_cosdec: !astropy.table.SerializedColumn
#         __class__: astropy.units.quantity.Quantity
#         unit: !astropy.units.Unit {unit: mas / yr}
#         value: !astropy.table.SerializedColumn {name: SkyCoord.pm_ra_cosdec}
#       ra: !astropy.table.SerializedColumn
#         __class__: astropy.coordinates.angles.Longitude
#         unit: *id001
#         value: !astropy.table.SerializedColumn {name: SkyCoord.ra}
#         wrap_angle: !astropy.coordinates.Angle
#           unit: *id001
#           value: 360.0
#       representation_type: spherical
# schema: astropy-2.0
RA_ICRS_1 DE_ICRS_1 e_RA_ICRS e_DE_ICRS _r_1 HIP TYC2 Source rgeo Plx e_Plx pmRA pmDE e_pmRA e_pmDE RUWE Teff logg Gmag BP-RP BPmag RPmag RV e_RV b_rgeo B_rgeo FG e_FG FBP e_FBP FRP e_FRP RAVE5 RAVE6 e_Gmag e_BPmag e_RPmag e_BP-RP SkyCoord.ra SkyCoord.dec SkyCoord.distance SkyCoord.pm_ra_cosdec SkyCoord.pm_dec rmRA rmDE e_rmRA e_rmDE rRV e_rRV v_pec v_pec3d e_vpec e_vpec3d
[from data line 2723]
161.4360186466 -59.5927042775 0.0421 0.0426 8.2835 "" "" 5350337109658096512 2002.96753 0.4836 0.0508 -10.333 3.718 0.058 0.052 0.97 4917.8 4.6002 16.89706 1.220299 17.478182 16.257883 "" "" 1854.15991 2165.79321 3281.87843 2.2682 1393.6 19.289 2488.9 25.351 "" "" 0.002855672336574999 0.015284643 0.011686874 0.026971515 161.4360186466 -59.5927042775 2002.96753 -10.332999999999993 3.7179999999999978 -3.407312686920166 1.111031358718872 0.19586076 0.18986076 "" "" 34.02555990594319 "" 6.644924229573249 ""
161.21829303508 -59.65273181047 0.0537 0.05 2.6607 "" "" 5350359512210250624 1942.41235 0.5241 0.0607 -8.156 2.45 0.065 0.06 1.025 5172.4 3.9938 16.900084 1.070129 17.593086 16.522957 "" "" 1770.15479 2187.32056 3272.75254 2.8517 1253.7 117.3 1949.7 122.8 "" "" 0.0029132119079070037 0.10162311 0.06848841 0.17011152 161.21829303508 -59.65273181047 1942.41235 -8.155999999999993 2.4499999999999993 -1.2303126869201666 -0.15696864128112775 0.20286076 0.19786076 "" "" 11.41935270028885 "" 2.315635114943761 ""
161.42110078758 -59.89278828872 0.0519 0.0508 12.9924 "" "" 5350307384164909824 2372.21875 0.4103 0.0578 -6.325 4.859 0.066 0.059 0.994 4710.6 4.3835 16.900227 1.18467 17.43245 16.24778 "" "" 2138.50439 2762.44312 3272.32036 2.1789 1453.6 13.856 2512.2 15.657 "" "" 0.0028485856382973723 0.010718963 0.007750633 0.018469596 161.42110078758 -59.89278828872 2372.21875 -6.324999999999999 4.858999999999999 0.6006873130798338 2.252031358718872 0.20386076 0.19686076 "" "" 26.207872290412997 "" 5.171688544659994 ""
161.22809878977 -59.60018852096 0.0482 0.0511 5.6695 "" "" 5350383048632326016 2078.92847 0.4682 0.0595 -6.611 3.835 0.064 0.061 1.077 5666.1 4.4532 16.900278 1.486589 17.594269 16.10768 "" "" 1824.54456 2334.83228 3272.16899 3.8996 1252.3 23.869 2858.2 22.846 "" "" 0.003044015074211502 0.02088152 0.009465681 0.030347202 161.22809878977 -59.60018852096 2078.92847 -6.611000000000001 3.835 0.3146873130798342 1.228031358718872 0.20186076 0.19886076 "" "" 12.492169528060256 "" 2.4865279915680185 ""
161.82422850096 -59.54608824127 0.042 0.046 19.5431 "" "" 5350339720998391296 1712.34229 0.5606 0.055 -6.102 2.532 0.056 0.051 0.969 5267.1 4.6467 16.90049 1.294054 17.474066 16.180012 "" "" 1595.12097 1906.30212 3271.52669 2.086 1398.9 9.5183 2674.0 10.281 "" "" 0.0028409602279572998 0.007896841 0.005631135 0.013527975 161.82422850096 -59.54608824127 1712.34229 -6.102 2.532 0.8236873130798337 -0.0749686412811279 0.19386077 0.18886076 "" "" 6.7130938087414584 "" 1.3011332888578426 ""
161.86420991612 -59.789086429 0.0462 0.0458 19.4146 "" "" 5350318039982692096 2082.92163 0.4769 0.0547 -8.269 4.014 0.057 0.052 1.034 5259.4 4.7359 16.902239 1.215715 17.400661 16.184946 "" "" 1853.72021 2389.47876 3266.26584 3.4784 1496.8 9.3416 2661.8 13.036 "" "" 0.002988094186411915 0.007328097 0.006523624 0.013851721 161.86420991612 -59.789086429 2082.92163 -8.268999999999997 4.014000000000002 -1.3433126869201661 1.4070313587188723 0.19486076 0.18986076 "" "" 19.206127906527126 "" 3.692593258545757 ""
161.12706511635 -59.79265090182 0.0587 0.0633 6.9956 "" "" 5350356763430880512 2397.39185 0.4147 0.0674 -6.582 3.716 0.072 0.074 1.025 "" "" 16.902557 2.302137 18.128302 15.826164 "" "" 1999.85925 3153.44385 3265.30699 2.9467 765.77 14.996 3704.2 46.84 "" "" 0.002924344733081634 0.02144416 0.014239943 0.0356841 161.12706511635 -59.79265090182 2397.39185 -6.582000000000002 3.7160000000000006 0.34368731307983413 1.1090313587188723 0.20986076 0.21186076 "" "" 13.193919613341064 "" 2.7929716512927136 ""
160.95722556571 -59.80531522279 0.0527 0.0501 11.0969 "" "" 5350353872887773056 2474.71899 0.3902 0.0571 -8.242 3.166 0.064 0.059 1.091 5102.9 4.6888 16.903149 1.157261 17.362688 16.205427 "" "" 2176.81201 2803.07812 3263.52475 2.2887 1550.0 17.272 2612.1 19.786 "" "" 0.0028585932214352807 0.012416168 0.009051012 0.021467179 160.95722556571 -59.80531522279 2474.71899 -8.242000000000006 3.1659999999999995 -1.316312686920167 0.559031358718872 0.20186076 0.19686076 "" "" 16.775350758566002 "" 3.3736031909846287 ""
161.57812289336 -59.68953110975 0.0468 0.0466 9.9264 "" "" 5350334219121775616 2057.30664 0.4601 0.0564 -9.841 4.819 0.06 0.052 1.013 4579.9 4.1701 16.90646 2.005271 17.905584 15.900313 "" "" 1851.64429 2271.18018 3253.58979 14.853 940.12 18.479 3459.7 46.007 "" "" 0.0056708679800153185 0.021522854 0.01492455 0.036447406 161.57812289336 -59.68953110975 2057.30664 -9.841 4.819 -2.9153126869201653 2.212031358718872 0.19786076 0.18986076 "" "" 35.686356571930204 "" 6.957978124837341 ""
161.514193459 -59.45323105081 0.0443 0.045 16.5209 "" "" 5350344256483812224 2271.77808 0.4216 0.0554 -7.064 2.924 0.056 0.054 1.055 5452.4 4.694 16.907057 1.17524 17.359568 16.184328 "" "" 2018.64539 2547.73755 3251.80254 2.304 1554.5 15.661 2663.3 17.344 "" "" 0.0028606950255751656 0.011288633 0.008017261 0.019305892 161.514193459 -59.45323105081 2271.77808 -7.064 2.9239999999999995 -0.13831268692016607 0.317031358718872 0.19386077 0.19186077 "" "" 3.7246129169060236 "" 0.715803429817372 ""
161.26143279705 -59.36756711909 0.0701 0.0649 19.5891 "" "" 5350392291402318464 1672.51904 0.597 0.0758 -6.594 1.644 0.095 0.079 1.272 "" "" 16.907965 "" "" "" "" "" 1445.63989 1959.81335 3249.08528 7.2081 "" "" "" "" "" "" 0.0036597348357783454 "" "" "" 161.26143279705 -59.36756711909 1672.51904 -6.594 1.6440000000000001 0.3316873130798337 -0.962968641281128 0.23286076 0.21686077 "" "" 8.074336611763352 "" 1.7651566808542876 ""
160.64712977588 -59.6819851595 0.05 0.0433 18.2831 "" "" 5350367792906772224 1920.90344 0.5199 0.0538 -12.257 5.571 0.06 0.051 1.003 4960.1 4.5127 16.909344 1.206428 17.58744 16.381012 "" "" 1764.57056 2074.823 3244.96148 2.7068 1260.2 17.869 2222.0 24.848 "" "" 0.002900350173445821 0.015645988 0.012716103 0.028362092 160.64712977588 -59.6819851595 1920.90344 -12.257000000000003 5.571000000000005 -5.331312686920166 2.964031358718872 0.19786076 0.18886076 "" "" 55.53979067287506 "" 10.873193466980046 ""
161.19951532563 -59.38715217335 0.0427 0.0425 18.4761 "" "" 5350389302104998656 2215.12939 0.4376 0.052 -6.005 1.996 0.056 0.049 0.995 5592.8 4.4509 16.910715 1.796732 17.754477 15.957745 "" "" 1970.57129 2507.84351 3240.86443 4.4232 1080.5 10.071 3281.4 15.854 "" "" 0.003128518197471525 0.010497404 0.006465382 0.016962785 161.19951532563 -59.38715217335 2215.12939 -6.005 1.996 0.9206873130798341 -0.6109686412811279 0.19386077 0.18686076 "" "" 11.601816466101882 "" 2.2246223728350607 ""
161.80501306102 -59.73471355148 0.0482 0.0467 16.9582 "" "" 5350331435977150080 1853.39783 0.5213 0.0549 -6.263 2.227 0.061 0.052 1.018 5365.5 4.6633 16.911161 1.411684 17.54087 16.129187 "" "" 1662.91956 2061.5415 3239.52968 2.0529 1315.4 9.0182 2802.1 9.0665 "" "" 0.0028399261829804207 0.007949406 0.005159944 0.013109351 161.80501306102 -59.73471355148 1853.39783 -6.263 2.2269999999999994 0.6626873130798341 -0.37996864128112806 0.19886076 0.18986076 "" "" 6.710869993910475 "" 1.3198425493903323 ""
161.78826645408 -59.71914024672 0.0459 0.044 16.3482 "" "" 5350331749539360000 1685.29822 0.5817 0.0526 2.576 6.84 0.056 0.05 1.008 5015.1 4.6924 16.912254 1.186911 17.441048 16.254137 "" "" 1541.32092 1858.46082 3236.27235 1.9552 1442.1 8.3899 2497.5 7.6529 "" "" 0.002832323992342368 0.0069054263 0.005035102 0.011940528 161.78826645408 -59.71914024672 1685.29822 2.576000000000002 6.84 9.501687313079834 4.233031358718872 0.19386077 0.18786076 "" "" 83.09405841474113 "" 16.02718476902989 ""
161.23387812479 -59.7605730951 0.0528 0.0516 4.0253 "" "" 5350356316754374912 2088.25122 0.4586 0.0582 -7.139 2.517 0.067 0.064 1.008 5615.0 4.23 16.912868 1.884224 17.793732 15.909508 "" "" 1849.46643 2464.55811 3234.44383 4.8178 1042.1 14.058 3430.5 14.437 "" "" 0.003194877531118605 0.014910048 0.0059297276 0.020839775 161.23387812479 -59.7605730951 2088.25122 -7.139 2.5169999999999995 -0.21331268692016625 -0.08996864128112803 0.20486076 0.20186076 "" "" 2.29155319875448 "" 0.4684175646876789 ""
161.03672409492 -59.58168559411 0.0541 0.0508 9.3496 "" "" 5350362982543815424 2140.45483 0.4712 0.0614 -7.662 1.428 0.065 0.06 1.023 5075.7 4.6446 16.915596 1.393868 17.55669 16.162823 "" "" 1894.1803 2398.05029 3226.32506 2.6226 1296.4 35.666 2716.6 44.235 "" "" 0.0028932189538852502 0.030000336 0.018078737 0.048079073 161.03672409492 -59.58168559411 2140.45483 -7.661999999999999 1.428 -0.7363126869201659 -1.178968641281128 0.20286076 0.19786076 "" "" 14.102686201853453 "" 2.810332965498192 ""
160.71546100931 -59.76894707561 0.052 0.0449 16.7919 "" "" 5350365044127582720 2176.23364 0.4403 0.0535 -0.352 2.253 0.062 0.055 1.002 "" "" 16.917515 1.603369 17.663425 16.060057 "" "" 1989.90149 2497.04761 3220.62887 2.5669 1175.0 10.536 2986.3 11.375 "" "" 0.0028880136190135306 0.010127524 0.0056024287 0.015729953 160.71546100931 -59.76894707561 2176.23364 -0.35199999999999954 2.253000000000002 6.573687313079834 -0.3539686412811278 0.19986075 0.19286075 "" "" 67.90810225890904 "" 13.570814083382539 ""
161.05245289424 -59.87211858146 0.0549 0.0532 12.2451 "" "" 5350350166366169088 1919.47644 0.5295 0.0613 -7.148 5.12 0.071 0.066 1.024 5359.4 4.6318 16.917854 1.12904 17.271627 16.142588 "" "" 1698.82434 2115.44092 3219.62409 3.1295 1685.6 15.824 2767.7 26.175 "" "" 0.0029505152939305335 0.010567623 0.010941596 0.021509219 161.05245289424 -59.87211858146 1919.47644 -7.148 5.12 -0.2223126869201657 2.513031358718872 0.20886075 0.20386076 "" "" 22.953651668541596 "" 4.68025089616131 ""
161.23018449086 -59.57213216881 0.0458 0.0484 7.338 "" "" 5350383250468935040 1756.78442 0.559 0.0557 -7.102 1.204 0.061 0.058 1.06 5492.1 4.6988 16.919416 1.203939 17.392885 16.188946 "" "" 1586.32336 1982.98792 3214.99167 2.3283 1507.5 28.901 2652.0 31.453 "" "" 0.0028653172936771417 0.021001335 0.013420112 0.034421448 161.23018449086 -59.57213216881 1756.78442 -7.102000000000003 1.204000000000001 -0.17631268692016633 -1.402968641281128 0.19886076 0.19586076 "" "" 11.774634521544675 "" 2.306742193500688 ""
160.78497874773 -59.80032591493 0.0505 0.0461 15.4483 "" "" 5350353224377580672 2190.64917 0.4421 0.0548 -3.725 3.144 0.059 0.055 1.008 5456.4 4.7018 16.919994 1.037239 17.267492 16.230253 "" "" 1956.94983 2449.073 3213.28601 2.5295 1692.1 17.732 2553.0 12.196 "" "" 0.0028848375497486562 0.011714863 0.0064175976 0.01813246 160.78497874773 -59.80032591493 2190.64917 -3.725 3.144 3.200687313079834 0.5370313587188722 0.19686076 0.19286075 "" "" 33.69947477762985 "" 6.63044976287874 ""
161.65328211487 -59.75400018519 0.0467 0.0465 12.7073 "" "" 5350330478228557184 1670.01855 0.5919 0.0556 -6.964 1.961 0.057 0.052 1.029 5001.7 4.7413 16.921616 1.183651 17.462616 16.278965 "" "" 1528.31787 1847.13684 3208.48867 2.1466 1413.7 10.571 2441.0 13.524 "" "" 0.00284946383478077 0.0085847145 0.007104104 0.015688818 161.65328211487 -59.75400018519 1670.01855 -6.964000000000001 1.9610000000000012 -0.03831268692016643 -0.6459686412811279 0.19486076 0.18986076 "" "" 5.122401277347404 "" 0.9726339636262452 ""
161.25119096027 -59.53277516468 0.0426 0.0471 9.6738 "" "" 5350383804546684800 1870.33508 0.5282 0.0527 -7.398 3.263 0.057 0.057 1.108 5208.5 4.6953 16.922321 1.224804 17.471333 16.246529 "" "" 1719.90686 2037.85278 3206.40352 1.9245 1402.4 15.113 2515.0 20.175 "" "" 0.0028313346640345682 0.012028544 0.009494284 0.021522827 161.25119096027 -59.53277516468 1870.33508 -7.3980000000000015 3.263000000000003 -0.4723126869201657 0.656031358718872 0.19486076 0.19486076 "" "" 7.166483001469286 "" 1.3964662983743201 ""
161.35391601738 -59.64601704898 0.0814 0.0946 4.2573 "" "" 5350382052187996544 2487.83521 0.4039 0.0737 -6.258 0.532 0.124 0.131 0.997 "" "" 16.923555 "" "" "" "" "" 2069.41187 2893.20752 3202.76322 2.885 "" "" "" "" "" "" 0.0029237478875098863 "" "" "" 161.35391601738 -59.64601704898 2487.83521 -6.257999999999999 0.5319999999999998 0.667687313079834 -2.074968641281128 0.26186076 0.26886076 "" "" 25.70432676238588 "" 6.894201854412968 ""
160.9876809402 -59.89717855959 0.055 0.0531 14.5431 "" "" 5350348822006141696 2085.43872 0.4715 0.0612 -5.951 2.73 0.071 0.07 0.992 4998.5 4.6928 16.927979 1.298494 17.570332 16.271837 "" "" 1856.64502 2342.89648 3189.74293 2.7152 1280.2 22.652 2457.1 37.184 "" "" 0.002906192107924513 0.019412696 0.016859816 0.03627251 160.9876809402 -59.89717855959 2085.43872 -5.951000000000001 2.7300000000000018 0.9746873130798344 0.12303135871887205 0.20886075 0.20786077 "" "" 9.711216771466425 "" 2.0281401240197336 ""
160.70176595321 -59.84792667289 0.0583 0.055 18.9727 "" "" 5350352704656618112 2050.29565 0.4859 0.0655 -11.976 4.317 0.073 0.067 1.257 5509.5 4.692 16.92816 1.422712 17.453524 16.030811 "" "" 1807.19116 2344.0144 3189.21015 3.9693 1425.6 12.646 3067.8 32.093 "" "" 0.0030688481753439246 0.010027203 0.0119704325 0.021997634 160.70176595321 -59.84792667289 2050.29565 -11.976 4.317 -5.050312686920167 1.7100313587188722 0.21086076 0.20486076 "" "" 51.81818943632234 "" 10.894852998880019 ""
161.16177456551 -60.02438306654 0.0465 0.0536 20.0018 "" "" 5350299962458114176 1986.73547 0.4991 0.06 -8.664 0.546 0.061 0.059 1.053 5081.2 4.7142 16.92888 1.289141 17.492685 16.203545 "" "" 1786.01465 2219.91479 3187.09345 2.4419 1375.1 33.088 2616.6 22.203 "" "" 0.0028781596964321593 0.026273828 0.009958019 0.036231846 161.16177456551 -60.02438306654 1986.73547 -8.664000000000007 0.5460000000000007 -1.7383126869201657 -2.0609686412811277 0.19886076 0.19686076 "" "" 25.390155608505957 "" 5.0194962658716005 ""
161.3381388029 -60.00020972065 0.0478 0.0499 18.5616 "" "" 5350300963211635968 1968.59106 0.5147 0.0561 -11.101 0.128 0.063 0.057 1.045 4849.1 4.4813 16.929153 1.181719 17.49398 16.312262 "" "" 1795.50269 2156.85742 3186.2932 2.0794 1373.5 18.782 2367.3 19.697 "" "" 0.002844968662610985 0.015106859 0.009792523 0.024899382 161.3381388029 -60.00020972065 1968.59106 -11.101 0.12800000000000197 -4.175312686920167 -2.478968641281128 0.20086077 0.19486076 "" "" 45.30979896057187 "" 9.03089472122996 ""
160.9728765683 -59.6516181493 0.0473 0.046 8.7845 "" "" 5350360955319055744 1942.44324 0.493 0.0541 -9.016 2.68 0.063 0.058 0.982 "" "" 16.929762 1.160265 17.778912 16.618647 "" "" 1755.7467 2209.12646 3184.50748 2.7238 1056.5 38.856 1785.3 33.648 "" "" 0.0029076108340999754 0.040028613 0.020809228 0.060837843 160.9728765683 -59.6516181493 1942.44324 -9.015999999999993 2.679999999999999 -2.090312686920166 0.07303135871887223 0.20086077 0.19586076 "" "" 19.257629967858048 "" 3.8679864228554988 ""
161.73859342987 -59.56143591162 0.0425 0.0471 16.8107 "" "" 5350339480480160768 2275.0708 0.4167 0.0542 -7.332 2.25 0.058 0.054 1.08 5919.2 4.5841 16.930624 1.418245 17.577301 16.159056 "" "" 2022.53955 2632.25732 3181.9768 1.8153 1272.0 7.9296 2726.1 9.0612 "" "" 0.002824084574751644 0.007320984 0.005225657 0.012546641 161.73859342987 -59.56143591162 2275.0708 -7.332 2.25 -0.40631268692016587 -0.35696864128112793 0.19586076 0.19186077 "" "" 5.8324164237546485 "" 1.132237704038722 ""
161.29647965659 -59.82439610118 0.0514 0.0477 7.9464 "" "" 5350309072109705472 1764.97937 0.5631 0.0571 -9.783 6.191 0.063 0.055 1.03 5074.5 4.6443 16.931368 1.40575 17.541428 16.135677 "" "" 1578.44458 2018.67725 3179.79831 2.5851 1314.8 12.015 2785.4 18.421 "" "" 0.002893252322101656 0.01030661 0.008114319 0.01842093 161.29647965659 -59.82439610118 1764.97937 -9.783000000000005 6.191000000000001 -2.8573126869201655 3.584031358718872 0.20086077 0.19286075 "" "" 38.346524205116225 "" 7.516238069275313 ""
