Clusters/Trumpler_16/Trumpler_16_members.tsv
# %ECSV 1.0
# ---
# datatype:
# - name: RA_ICRS_1
#   unit: deg
#   datatype: float64
#   format: '{:15.11f}'
#   description: Right ascension (ICRS) at Ep=2016.0 (ra)
#   meta: !!omap
#   - {ucd: POS_EQ_RA_MAIN}
#   - {width: 15}
#   - {precision: '11'}
# - name: DE_ICRS_1
#   unit: deg
#   datatype: float64
#   format: '{:15.11f}'
#   description: Declination (ICRS) at Ep=2016.0 (dec)
#   meta: !!omap
#   - {ucd: POS_EQ_DEC_MAIN}
#   - {width: 15}
#   - {precision: '11'}
# - name: e_RA_ICRS
#   unit: mas
#   datatype: float64
#   format: '{:7.4f}'
#   description: Standard error of right ascension (ra_error)
#   meta: !!omap
#   - {ucd: ERROR}
#   - {width: 7}
#   - {precision: '4'}
# - name: e_DE_ICRS
#   unit: mas
#   datatype: float64
#   format: '{:7.4f}'
#   description: Standard error of declination (dec_error)
#   meta: !!omap
#   - {ucd: ERROR}
#   - {width: 7}
#   - {precision: '4'}
# - name: _r_1
#   unit: ''
#   datatype: float64
#   format: '{:7.4f}'
#   description: Distance from center (161.25041393000-59.69400417000)[ICRS], at Epoch=J2016.0
#   meta: !!omap
#   - {ucd: POS_ANG_DIST_GENERAL}
#   - {width: 7}
#   - {precision: '4'}
# - name: HIP
#   datatype: int32
#   description: '? HIP cross-id number, van Leeuwen, Cat. I/311 (hip_original_ext_source_id)'
#   meta: !!omap
#   - {ucd: ID_NUMBER}
#   - {width: 6}
#   - values: {'null': -2147483648}
# - name: TYC2
#   datatype: string
#   description: Tycho-2 cross-id name, Hog et al., Cat. I/259 (tyc2_original_ext_source_id)
#   meta: !!omap
#   - {ucd: ID_CROSSID}
#   - {_votable_string_dtype: char}
# - name: Source
#   datatype: int64
#   description: Source identifier, identical to the Gaia-EDR3 source_id (id)
#   meta: !!omap
#   - {ucd: ID_MAIN}
#   - {width: 19}
# - name: rgeo
#   unit: pc
#   datatype: float64
#   format: '{:15.8f}'
#   description: '? Median of the geometric distance posterior (r_med_geo)'
#   meta: !!omap
#   - {ucd: PHYS_DISTANCE_TRUE}
#   - {width: 15}
#   - {precision: '8'}
#   - values: {'null': .nan}
# - name: Plx
#   unit: mas
#   datatype: float64
#   format: '{:9.4f}'
#   description: '? Parallax (parallax)'
#   meta: !!omap
#   - {ucd: POS_PARLX_TRIG}
#   - {width: 9}
#   - {precision: '4'}
#   - values: {'null': .nan}
# - name: e_Plx
#   unit: mas
#   datatype: float32
#   format: '{:7.4f}'
#   description: '? Standard error of parallax (parallax_error)'
#   meta: !!omap
#   - {ucd: ERROR}
#   - {width: 7}
#   - {precision: '4'}
#   - values: {'null': .nan}
# - name: pmRA
#   unit: mas / yr
#   datatype: float64
#   format: '{:9.3f}'
#   description: '? Proper motion in right ascension direction, pmRA*cosDE (pmra)'
#   meta: !!omap
#   - {ucd: POS_EQ_PMRA}
#   - {width: 9}
#   - {precision: '3'}
#   - values: {'null': .nan}
# - name: pmDE
#   unit: mas / yr
#   datatype: float64
#   format: '{:9.3f}'
#   description: '? Proper motion in declination direction (pmdec)'
#   meta: !!omap
#   - {ucd: POS_EQ_PMDEC}
#   - {width: 9}
#   - {precision: '3'}
#   - values: {'null': .nan}
# - name: e_pmRA
#   unit: mas / yr
#   datatype: float32
#   format: '{:6.3f}'
#   description: '? Standard error of proper motion in right ascension direction (pmra_error)'
#   meta: !!omap
#   - {ucd: ERROR}
#   - {width: 6}
#   - {precision: '3'}
#   - values: {'null': .nan}
# - name: e_pmDE
[...]
#       distance: !astropy.table.SerializedColumn
#         __class__: astropy.coordinates.distances.Distance
#         unit: !astropy.units.Unit {unit: pc}
#         value: !astropy.table.SerializedColumn {name: SkyCoord.distance}
#       frame: icrs
#       obstime: !astropy.time.Time {format: jyear_str, in_subfmt: '*', jd1: 367701545.0, jd2: 0.0, out_subfmt: '*', precision: 3, scale: tt}
#       pm_dec: !astropy.table.SerializedColumn
#         __class__: astropy.units.quantity.Quantity
#         unit: !astropy.units.Unit {unit: mas / yr}
#         value: !astropy.table.SerializedColumn {name: SkyCoord.pm_dec}
#       pm_ra_cosdec: !astropy.table.SerializedColumn
#         __class__: astropy.units.quantity.Quantity
#         unit: !astropy.units.Unit {unit: mas / yr}
#         value: !astropy.table.SerializedColumn {name: SkyCoord.pm_ra_cosdec}
#       ra: !astropy.table.SerializedColumn
#         __class__: astropy.coordinates.angles.Longitude
#         unit: *id001
#         value: !astropy.table.SerializedColumn {name: SkyCoord.ra}
#         wrap_angle: !astropy.coordinates.Angle
#           unit: *id001
#           value: 360.0
#       representation_type: spherical
# schema: astropy-2.0
RA_ICRS_1 DE_ICRS_1 e_RA_ICRS e_DE_ICRS _r_1 HIP TYC2 Source rgeo Plx e_Plx pmRA pmDE e_pmRA e_pmDE RUWE Teff logg Gmag BP-RP BPmag RPmag RV e_RV b_rgeo B_rgeo FG e_FG FBP e_FBP FRP e_FRP RAVE5 RAVE6 e_Gmag e_BPmag e_RPmag e_BP-RP SkyCoord.ra SkyCoord.dec SkyCoord.distance SkyCoord.pm_ra_cosdec SkyCoord.pm_dec rmRA rmDE e_rmRA e_rmDE rRV e_rRV v_pec v_pec3d e_vpec e_vpec3d Pmemb
[from data line 31]
161.32199493123 -59.68896143199 0.0114 0.0108 2.1884 "" "" 5350358412698771200 2292.78442 0.3983 0.0126 -6.876 2.615 0.015 0.013 0.977 "" "" 13.42055 0.687839 13.679646 12.991807 "" "" 2226.01294 2367.66431 80672.68117 19.936 46085.0 53.244 50401.0 58.213 "" "" 0.0027683531796480945 0.003059177 0.003981997 0.007041174 161.32199493123 -59.68896143199 2292.78442 -6.876000000000001 2.615000000000002 0.04968731307983365 0.008031358718872283 0.15286076 0.15086076 "" "" 0.5470003463182462 "" 0.08358721159749465 "" 0.9
161.22471728403 -59.75665189573 0.0115 0.0113 3.8384 "" "" 5350356522912805504 2306.64893 0.3931 0.0128 -7.024 2.701 0.016 0.015 1.017 "" "" 13.433374 0.633753 13.660048 13.026295 "" "" 2240.16675 2366.61987 79725.47562 22.321 46924.0 36.869 48825.0 25.531 "" "" 0.0027720374209407603 0.0029176697 0.0038217872 0.006739457 161.22471728403 -59.75665189573 2306.64893 -7.024000000000002 2.701000000000001 -0.09831268692016604 0.09403135871887214 0.15386076 0.15286076 "" "" 1.4874115498952252 "" 0.22814486954699598 "" 1.0
161.20979690073 -59.57965850705 0.015 0.0164 6.9705 "" "" 5350383216105099008 2193.09912 0.4178 0.0189 -6.646 1.995 0.021 0.02 1.822 "" "" 13.434487 0.756158 13.703039 12.946881 "" "" 2113.74561 2278.65576 79643.79772 19.288 45103.0 77.158 52530.0 64.153 "" "" 0.0027678381030690332 0.0033518493 0.004005237 0.007357086 161.20979690073 -59.57965850705 2193.09912 -6.646 1.995 0.2796873130798341 -0.6119686412811278 0.15886076 0.15786076 "" "" 6.9944977093613225 "" 1.1053684044313992 "" 0.9
161.31177869169 -59.72610382794 0.0128 0.0112 2.6755 "" "" 5350357892980852096 2242.67725 0.4109 0.0145 -6.82 2.541 0.017 0.014 0.984 "" "" 13.490004 1.205332 13.994856 12.789524 "" "" 2169.78906 2316.2644 75673.74772 17.811 34473.0 49.653 60722.0 74.732 "" "" 0.0027671452159081867 0.003198535 0.004008649 0.007207184 161.31177869169 -59.72610382794 2242.67725 -6.819999999999999 2.540999999999999 0.1056873130798337 -0.065968641281128 0.15486076 0.15186076 "" "" 1.3243852614907132 "" 0.20398915245871713 "" 0.8
161.17475009873 -59.71311109369 0.0126 0.0126 2.5611 "" "" 5350358820693736576 2455.58203 0.3688 0.0142 -7.142 2.637 0.016 0.016 1.022 "" "" 13.591931 0.530457 13.788163 13.257707 "" "" 2374.7605 2543.69946 68892.83694 27.625 41701.0 34.934 39453.0 57.003 "" "" 0.002789503759442136 0.0029346766 0.004092013 0.0070266896 161.17475009873 -59.71311109369 2455.58203 -7.142000000000001 2.636999999999999 -0.21631268692016636 0.03003135871887208 0.15386076 0.15386076 "" "" 2.541911270848362 "" 0.3911004068874472 "" 0.9
161.26850218493 -59.62490707468 0.011 0.0116 4.1819 "" "" 5350382292718066560 2180.34937 0.4296 0.0134 -6.927 2.777 0.015 0.014 1.013 7350.1 3.3005 13.610188 0.991541 14.004237 13.012696 "" "" 2118.09692 2240.12744 67744.09318 22.884 34176.0 83.75 49440.0 104.05 "" "" 0.002779623009457003 0.0038554005 0.0044164457 0.008271846 161.26850218493 -59.62490707468 2180.34937 -6.926999999999999 2.7769999999999997 -0.0013126869201656177 0.1700313587188722 0.15286076 0.15186076 "" "" 1.7573019776195047 "" 0.26686531659824836 "" 0.9
161.1589810449 -59.73714468056 0.0128 0.0131 3.7886 "" "" 5350357313186777472 2266.93384 0.4051 0.0142 -7.071 2.684 0.018 0.017 0.992 "" "" 13.649076 0.586414 13.864543 13.278129 "" "" 2187.17651 2339.30786 65360.63623 22.177 38869.0 33.285 38717.0 35.966 "" "" 0.0027798385692135497 0.0029410026 0.0039116465 0.006852649 161.1589810449 -59.73714468056 2266.93384 -7.071000000000001 2.6839999999999975 -0.14531268692016575 0.07703135871887223 0.15586075 0.15486076 "" "" 1.7672486911390424 "" 0.2750580083236572 "" 0.8
161.32482092328 -59.68595015985 0.0123 0.0115 2.3043 "" "" 5350358412698650496 2311.58667 0.3969 0.0137 -6.788 2.587 0.016 0.015 0.926 6456.3 3.3649 13.694604 0.722214 13.960345 13.238131 "" "" 2234.61523 2388.27686 62676.55912 13.951 35586.0 66.582 40170.0 89.476 "" "" 0.002765898455327896 0.0034513415 0.004486915 0.0079382565 161.32482092328 -59.68595015985 2311.58667 -6.787999999999997 2.5869999999999997 0.13768731307983373 -0.01996864128112774 0.15386076 0.15286076 "" "" 1.5244122124659494 "" 0.23451592256317996 "" 0.9
161.17373487646 -59.71507231445 0.0137 0.0135 2.6428 "" "" 5350358825015307136 2227.99683 0.4111 0.015 -6.786 2.494 0.017 0.017 0.945 "" "" 13.772511 0.63293 14.002544 13.369615 "" "" 2143.10229 2310.31958 58336.81036 29.907 34229.0 48.775 35589.0 94.518 "" "" 0.0028109800861003662 0.0031904022 0.004753779 0.007944182 161.17373487646 -59.71507231445 2227.99683 -6.786000000000004 2.4940000000000007 0.1396873130798344 -0.11296864128112771 0.15486076 0.15486076 "" "" 1.8972405493858375 "" 0.2938081223772287 "" 0.9
161.14226399861 -59.71924804827 0.0144 0.0129 3.6067 "" "" 5350357411944448896 2326.03125 0.3932 0.0151 -6.973 2.535 0.017 0.016 0.999 "" "" 13.776989 0.527386 13.95546 13.428074 "" "" 2244.77295 2398.60034 58096.63388 22.861 35746.0 35.264 33723.0 37.651 "" "" 0.0027882468696731576 0.0029886945 0.003969025 0.006957719 161.14226399861 -59.71924804827 2326.03125 -6.972999999999999 2.535 -0.04731268692016588 -0.07196864128112779 0.15486076 0.15386076 "" "" 0.9495909984897363 "" 0.14639199876541684 "" 0.9
161.33364840317 -59.7022979021 0.0124 0.0127 2.5685 "" "" 5350311477291450624 2228.23022 0.4135 0.0147 -6.849 2.535 0.017 0.016 1.055 "" "" 13.815447 0.770252 14.101273 13.33102 "" "" 2171.44043 2295.73438 56074.85424 11.611 31254.0 56.781 36877.0 60.936 "" "" 0.002764476677820229 0.003417 0.0041835946 0.0076005943 161.33364840317 -59.7022979021 2228.23022 -6.849000000000007 2.535 0.07668731307983379 -0.07196864128112779 0.15486076 0.15386076 "" "" 1.110770645242101 "" 0.1714955237401535 "" 0.9
161.29172280548 -59.72550983827 0.013 0.013 2.2663 "" "" 5350357897302448256 2313.83252 0.3939 0.0152 -6.94 2.524 0.017 0.018 1.04 "" "" 13.890586 0.656195 14.124978 13.468783 "" "" 2235.31299 2391.77905 52325.36855 18.214 30579.0 37.379 32482.0 32.026 "" "" 0.002781119274402553 0.0030897323 0.003928064 0.007017796 161.29172280548 -59.72550983827 2313.83252 -6.94 2.523999999999999 -0.014312686920166406 -0.08296864128112791 0.15486076 0.15586075 "" "" 0.923404488939501 "" 0.1438959161865828 "" 1.0
161.22647901716 -59.66677291796 0.0135 0.0137 1.7875 "" "" 5350358648895645184 2419.35767 0.381 0.0162 -6.869 2.626 0.018 0.017 1.046 "" "" 13.946761 0.787357 14.237475 13.450118 "" "" 2338.49634 2505.81445 49686.92442 18.192 27569.0 175.88 33045.0 89.447 "" "" 0.0027838488087974 0.0074674464 0.0047875717 0.012255019 161.22647901716 -59.66677291796 2419.35767 -6.869000000000003 2.6260000000000017 0.05668731307983421 0.01903135871887196 0.15586075 0.15486076 "" "" 0.6857338066311809 "" 0.10680972698630382 "" 0.8
161.18878822025 -59.77612025493 0.0148 0.0146 5.2676 "" "" 5350356351114070528 2240.07227 0.4089 0.0167 -7.092 2.587 0.02 0.02 1.031 6999.8 3.5653 14.103911 0.681001 14.35202 13.67102 "" "" 2146.3501 2324.91089 42991.46803 13.172 24809.0 31.353 26962.0 35.519 "" "" 0.002775328555414799 0.0031093054 0.0040409826 0.0071502877 161.18878822025 -59.77612025493 2240.07227 -7.091999999999995 2.587000000000004 -0.16631268692016565 -0.01996864128112774 0.15786076 0.15786076 "" "" 1.7785816508906327 "" 0.2807682438757663 "" 1.0
161.33686384626 -59.67024029956 0.0143 0.0139 2.9814 "" "" 5350381914760914688 2269.43286 0.4051 0.0162 -6.86 2.728 0.019 0.017 0.993 15177.5 4.1183 14.173184 1.397444 14.773899 13.376455 -41.13 9.47 2186.8623 2369.47729 40334.1528 11.117 16821.0 30.823 35365.0 39.877 "" "" 0.002771523397657331 0.0034268384 0.003972724 0.0073995627 161.33686384626 -59.67024029956 2269.43286 -6.860000000000002 2.7280000000000006 0.06568731307983366 0.12103135871887227 0.15686075 0.15486076 -39.94200000000001 10.374672 1.4813372066410835 39.96945989026847 0.23007847109705393 10.367547816939334 0.9
161.27170222555 -59.67875366232 0.024 0.0207 1.1193 "" "" 5350358584482342400 2229.18652 0.4227 0.0271 -6.912 2.757 0.028 0.026 1.121 5413.0 3.3351 14.31264 1.574659 14.994962 13.420302 "" "" 2113.28735 2345.51123 35472.40446 54.232 13722.0 223.69 33965.0 369.76 "" "" 0.0032166987337694016 0.017917769 0.012409392 0.03032716 161.27170222555 -59.67875366232 2229.18652 -6.912000000000003 2.7569999999999997 0.013687313079834063 0.1500313587188722 0.16586076 0.16386077 "" "" 1.5918663329653353 "" 0.2608708779182072 "" 1.0
161.1766933609 -59.64087562635 0.0154 0.0157 3.8925 "" "" 5350359473529347840 2309.7959 0.4034 0.0179 -6.999 2.731 0.02 0.019 1.018 6719.5 3.8149 14.380951 0.866215 14.71856 13.852345 "" "" 2219.36133 2419.98779 33309.37278 9.5586 17701.0 64.733 22815.0 82.061 "" "" 0.0027728800408872664 0.0048528784 0.005434531 0.01028741 161.1766933609 -59.64087562635 2309.7959 -6.999 2.731 -0.07331268692016568 0.12403135871887194 0.15786076 0.15686075 "" "" 1.5774304680959423 "" 0.24784632112204777 "" 0.8
161.36081683515 -59.7298301603 0.0161 0.0155 3.9727 "" "" 5350311305492749824 2287.39722 0.4057 0.0187 -6.831 2.758 0.021 0.018 1.047 "" "" 14.452686 0.953835 14.831577 13.877742 "" "" 2198.91528 2388.77856 31179.71846 8.8686 15951.0 33.499 22288.0 20.974 "" "" 0.002772572806889029 0.0036033662 0.0039150547 0.007518421 161.36081683515 -59.7298301603 2287.39722 -6.831 2.758 0.09468731307983358 0.15103135871887208 0.15886076 0.15586075 "" "" 1.9327275070376209 "" 0.3028835719127817 "" 0.9
161.14771920145 -59.76072569047 0.0177 0.0178 5.067 "" "" 5350357175747789952 2081.43823 0.4455 0.0189 -6.999 2.486 0.023 0.022 0.997 7624.4 3.874 14.469078 0.65068 14.706003 14.055324 "" "" 2002.93005 2173.0166 30712.5372 9.5048 17907.0 34.522 18925.0 25.69 "" "" 0.002775732660908737 0.0034880175 0.004056594 0.0075446116 161.14771920145 -59.76072569047 2081.43823 -6.999000000000002 2.4860000000000033 -0.07331268692016568 -0.12096864128112772 0.16086076 0.15986076 "" "" 1.3955502176787016 "" 0.22346945894601822 "" 0.9
161.27369392122 -59.72880489013 0.024 0.0234 2.2037 "" "" 5350357931662164224 2328.26221 0.3979 0.0263 -6.894 2.48 0.032 0.029 1.006 6183.4 3.3958 14.562285 1.806084 15.445651 13.639567 "" "" 2187.18091 2450.98877 28185.94586 30.857 9060.6 61.739 27754.0 108.85 "" "" 0.0030007702592700215 0.007906873 0.0056935125 0.013600385 161.27369392122 -59.72880489013 2328.26221 -6.894 2.4800000000000004 0.031687313079833856 -0.12696864128112795 0.16986077 0.16686076 "" "" 1.4441990794700328 "" 0.24123633316747883 "" 0.8
161.1981769244 -59.72385865527 0.0199 0.0189 2.3891 "" "" 5350358069086909568 2306.59692 0.4027 0.0221 -6.669 2.578 0.027 0.025 0.948 "" "" 14.741282 1.408533 15.362467 13.953934 11.48 7.58 2198.60205 2420.89917 23901.97294 7.6298 9782.1 32.408 20777.0 59.857 "" "" 0.0027770320882142207 0.004552329 0.0049058786 0.0094582075 161.1981769244 -59.72385865527 2306.59692 -6.669 2.5780000000000003 0.2566873130798344 -0.028968641281128082 0.16486076 0.16286077 12.668 8.484672 2.8242469474236525 12.979005925726046 0.4655368737072806 8.281979499271129 0.9
161.21011260676 -59.76132776663 0.0208 0.0219 4.2193 "" "" 5350356488553396736 2055.40259 0.4509 0.025 -7.059 2.731 0.029 0.029 0.959 5717.5 3.4828 14.858577 1.570914 15.57688 14.005966 "" "" 1967.62024 2158.7207 21454.38932 14.617 8029.1 35.963 19805.0 50.906 "" "" 0.0028528884668778546 0.005606675 0.0046980768 0.010304752 161.21011260676 -59.76132776663 2055.40259 -7.059 2.731 -0.13331268692016618 0.12403135871887194 0.16686076 0.16686076 "" "" 1.7740123420012184 "" 0.2960130463198655 "" 1.0
161.21153137367 -59.76015007394 0.0222 0.0213 4.1393 "" "" 5350356488553396992 2345.97852 0.3856 0.0243 -6.873 2.57 0.03 0.028 1.079 7458.6 4.1162 15.06112 0.741139 15.32123 14.580091 "" "" 2251.61963 2478.58667 17803.22521 6.0198 10161.0 35.939 11671.0 34.06 "" "" 0.00277967017591942 0.0047468077 0.004931881 0.009678689 161.21153137367 -59.76015007394 2345.97852 -6.872999999999998 2.5700000000000016 0.052687313079833764 -0.03696864128112809 0.16786076 0.16586076 "" "" 0.7157158319232936 "" 0.11967025786275412 "" 0.8
161.11270466584 -59.75189730588 0.0241 0.0238 5.424 "" "" 5350357244467259520 2441.17041 0.3758 0.0258 -7.09 2.892 0.032 0.03 1.102 "" "" 15.071403 1.051984 15.496294 14.44431 "" "" 2315.70752 2657.69775 17635.41513 5.106 8647.7 41.744 13226.0 40.51 "" "" 0.002773194555256941 0.005937473 0.0050341566 0.01097163 161.11270466584 -59.75189730588 2441.17041 -7.09 2.8919999999999995 -0.16431268692016587 0.285031358718872 0.16986077 0.16786076 "" "" 3.806917007560334 "" 0.6409395741146066 "" 0.8
161.20149931071 -59.68716739179 0.031 0.0339 1.5369 "" "" 5350358236574655872 2021.78503 0.4446 0.0376 -6.967 2.654 0.04 0.041 1.034 6530.1 2.8368 15.155953 2.15057 16.190344 14.039774 51.98 9.02 1873.27515 2222.83789 16314.18788 19.729 4563.3 52.455 19198.0 92.129 "" "" 0.0030521716716177933 0.012788592 0.006436707 0.0192253 161.20149931071 -59.68716739179 2021.78503 -6.966999999999999 2.654 -0.04131268692016565 0.047031358718871985 0.17786077 0.17886075 53.16799999999999 9.924672 0.5999065384911059 53.171384332692746 0.1070388700539967 9.924040499708356 1.0
161.27105318922 -59.6259113737 0.0211 0.0215 4.1332 "" "" 5350382223998590080 2157.35425 0.4337 0.0257 -6.952 2.723 0.028 0.026 0.984 6166.4 3.5901 15.177127 1.533496 15.827132 14.293636 -23.25 9.49 2026.71057 2282.86719 15999.12183 16.748 6376.2 74.935 15195.0 159.18 "" "" 0.0029805285512557837 0.01306139 0.011985445 0.025046837 161.27105318922 -59.6259113737 2157.35425 -6.951999999999996 2.722999999999998 -0.026312686920165973 0.11603135871887194 0.16586076 0.16386077 -22.062 10.394671 1.2166466490248786 22.09552156136133 0.19948035741991654 10.378907286634961 0.8
161.18857406832 -59.6552947201 0.0287 0.0287 2.984 "" "" 5350359409130997248 2269.26318 0.402 0.0336 -6.94 2.689 0.039 0.035 0.99 10952.9 3.9521 15.195322 1.853296 16.05421 14.200914 107.59 7.66 2117.74048 2454.16553 15733.23023 14.169 5172.9 63.657 16550.0 93.797 "" "" 0.0029236727995203726 0.013649149 0.0072213626 0.02087051 161.18857406832 -59.6552947201 2269.26318 -6.94 2.689 -0.014312686920166406 0.08203135871887213 0.17686076 0.17286076 108.778 8.5646715 0.8956844351510521 108.7816874965974 0.1549357227429417 8.564381285017353 0.9
161.33795041836 -59.56344147662 0.0176 0.0196 8.2716 "" "" 5350382911193493632 2194.73071 0.4225 0.0217 -6.937 2.758 0.024 0.024 1.013 9330.0 3.895 15.280161 0.975091 15.652457 14.677366 "" "" 2093.57861 2327.44336 14550.65075 4.9272 7489.2 16.35 10671.0 14.15 "" "" 0.0027797411005010763 0.003661073 0.0040443167 0.0077053895 161.33795041836 -59.56344147662 2194.73071 -6.937000000000002 2.7580000000000013 -0.011312686920166293 0.15103135871887208 0.16186076 0.16186076 "" "" 1.5755841360892475 "" 0.25502525205566207 "" 1.0
161.27481649243 -59.72806384853 0.031 0.0298 2.1729 "" "" 5350357927340574848 2343.67163 0.4034 0.0351 -7.036 2.685 0.04 0.036 1.042 "" "" 15.351187 2.027891 16.430174 14.402283 -65.88 9.7 2148.20776 2621.20825 13629.25402 18.776 3658.9 36.678 13748.0 61.845 "" "" 0.0031351265933675224 0.011235726 0.006175653 0.01741138 161.27481649243 -59.72806384853 2343.67163 -7.035999999999999 2.685 -0.1103126869201656 0.07803135871887212 0.17786077 0.17386076 -64.692 10.6046715 1.5010636610385686 64.70941242288087 0.26499305630488573 10.601819687451066 0.9
161.36639541393 -59.69412671969 0.0261 0.0262 3.5116 "" "" 5350311442931721344 1973.33301 0.4752 0.0303 -6.742 2.597 0.033 0.031 1.065 7167.0 3.4052 15.352298 1.737821 16.152756 14.414935 "" "" 1872.24719 2096.86987 13615.30789 11.375 4724.0 26.8 13589.0 32.083 "" "" 0.0029007918755182076 0.006762037 0.0045666844 0.011328721 161.36639541393 -59.69412671969 1973.33301 -6.742000000000004 2.596999999999999 0.183687313079834 -0.009968641281127955 0.17086077 0.16886076 "" "" 1.720665632146265 "" 0.29398420362131733 "" 0.8
