Clusters/Trumpler_16/Trumpler_16_stars_in_region.tsv
# %ECSV 1.0
# ---
# datatype:
# - name: RA_ICRS_1
#   unit: deg
#   datatype: float64
#   format: '{:15.11f}'
#   description: Right ascension (ICRS) at Ep=2016.0 (ra)
#   meta: !!omap
#   - {ucd: POS_EQ_RA_MAIN}
#   - {width: 15}
#   - {precision: '11'}
# - name: DE_ICRS_1
#   unit: deg
#   datatype: float64
#   format: '{:15.11f}'
#   description: Declination (ICRS) at Ep=2016.0 (dec)
#   meta: !!omap
#   - {ucd: POS_EQ_DEC_MAIN}
#   - {width: 15}
#   - {precision: '11'}
# - name: e_RA_ICRS
#   unit: mas
#   datatype: float64
#   format: '{:7.4f}'
#   description: Standard error of right ascension (ra_error)
#   meta: !!omap
#   - {ucd: ERROR}
#   - {width: 7}
#   - {precision: '4'}
# - name: e_DE_ICRS
#   unit: mas
#   datatype: float64
#   format: '{:7.4f}'
#   description: Standard error of declination (dec_error)
#   meta: !!omap
#   - {ucd: ERROR}
#   - {width: 7}
#   - {precision: '4'}
# - name: _r_1
#   unit: ''
#   datatype: float64
#   format: '{:7.4f}'
#   description: Distance from center (161.25041393000-59.69400417000)[ICRS], at Epoch=J2016.0
#   meta: !!omap
#   - {ucd: POS_ANG_DIST_GENERAL}
#   - {width: 7}
#   - {precision: '4'}
# - name: HIP
#   datatype: int32
#   description: '? HIP cross-id number, van Leeuwen, Cat. I/311 (hip_original_ext_source_id)'
#   meta: !!omap
#   - {ucd: ID_NUMBER}
#   - {width: 6}
#   - values: {'null': -2147483648}
# - name: TYC2
#   datatype: string
#   description: Tycho-2 cross-id name, Hog et al., Cat. I/259 (tyc2_original_ext_source_id)
#   meta: !!omap
#   - {ucd: ID_CROSSID}
#   - {_votable_string_dtype: char}
# - name: Source
#   datatype: int64
#   description: Source identifier, identical to the Gaia-EDR3 source_id (id)
#   meta: !!omap
#   - {ucd: ID_MAIN}
#   - {width: 19}
# - name: rgeo
#   unit: pc
#   datatype: float64
#   format: '{:15.8f}'
#   description: '? Median of the geometric distance posterior (r_med_geo)'
#   meta: !!omap
#   - {ucd: PHYS_DISTANCE_TRUE}
#   - {width: 15}
#   - {precision: '8'}
#   - values: {'null': .nan}
# - name: Plx
#   unit: mas
#   datatype: float64
#   format: '{:9.4f}'
#   description: '? Parallax (parallax)'
#   meta: !!omap
#   - {ucd: POS_PARLX_TRIG}
#   - {width: 9}
#   - {precision: '4'}
#   - values: {'null': .nan}
# - name: e_Plx
#   unit: mas
#   datatype: float32
#   format: '{:7.4f}'
#   description: '? Standard error of parallax (parallax_error)'
#   meta: !!omap
#   - {ucd: ERROR}
#   - {width: 7}
#   - {precision: '4'}
#   - values: {'null': .nan}
# - name: pmRA
#   unit: mas / yr
#   datatype: float64
#   format: '{:9.3f}'
#   description: '? Proper motion in right ascension direction, pmRA*cosDE (pmra)'
#   meta: !!omap
#   - {ucd: POS_EQ_PMRA}
#   - {width: 9}
#   - {precision: '3'}
#   - values: {'null': .nan}
# - name: pmDE
#   unit: mas / yr
#   datatype: float64
#   format: '{:9.3f}'
#   description: '? Proper motion in declination direction (pmdec)'
#   meta: !!omap
#   - {ucd: POS_EQ_PMDEC}
#   - {width: 9}
#   - {precision: '3'}
#   - values: {'null': .nan}
# - name: e_pmRA
#   unit: mas / yr
#   datatype: float32
#   format: '{:6.3f}'
#   description: '? Standard error of proper motion in right ascension direction (pmra_error)'
#   meta: !!omap
#   - {ucd: ERROR}
#   - {width: 6}
#   - {precision: '3'}
#   - values: {'null': .nan}
# - name: e_pmDE
[...]
#         value: !astropy.table.SerializedColumn {name: SkyCoord.dec}
#       distance: !astropy.table.SerializedColumn
#         __class__: astropy.coordinates.distances.Distance
#         unit: !astropy.units.Unit {unit: pc}
#         value: !astropy.table.SerializedColumn {name: SkyCoord.distance}
#       frame: icrs
#       obstime: !astropy.time.Time {format: jyear_str, in_subfmt: '*', jd1: 367701545.0, jd2: 0.0, out_subfmt: '*', precision: 3, scale: tt}
#       pm_dec: !astropy.table.SerializedColumn
#         __class__: astropy.units.quantity.Quantity
#         unit: !astropy.units.Unit {unit: mas / yr}
#         value: !astropy.table.SerializedColumn {name: SkyCoord.pm_dec}
#       pm_ra_cosdec: !astropy.table.SerializedColumn
#         __class__: astropy.units.quantity.Quantity
#         unit: !astropy.units.Unit {unit: mas / yr}
#         value: !astropy.table.SerializedColumn {name: SkyCoord.pm_ra_cosdec}
#       ra: !astropy.table.SerializedColumn
#         __class__: astropy.coordinates.angles.Longitude
#         unit: *id001
#         value: !astropy.table.SerializedColumn {name: SkyCoord.ra}
#         wrap_angle: !astropy.coordinates.Angle
#           unit: *id001
#           value: 360.0
#       representation_type: spherical
# schema: astropy-2.0
RA_ICRS_1 DE_ICRS_1 e_RA_ICRS e_DE_ICRS _r_1 HIP TYC2 Source rgeo Plx e_Plx pmRA pmDE e_pmRA e_pmDE RUWE Teff logg Gmag BP-RP BPmag RPmag RV e_RV b_rgeo B_rgeo FG e_FG FBP e_FBP FRP e_FRP RAVE5 RAVE6 e_Gmag e_BPmag e_RPmag e_BP-RP SkyCoord.ra SkyCoord.dec SkyCoord.distance SkyCoord.pm_ra_cosdec SkyCoord.pm_dec rmRA rmDE e_rmRA e_rmDE rRV e_rRV v_pec v_pec3d e_vpec e_vpec3d
[from data line 246]
161.42153330855 -59.61087686031 0.0094 0.0095 7.1962 "" "" 5350335597829594240 2400.6792 0.4015 0.011 -5.308 1.845 0.014 0.012 0.932 6283.3 2.6834 12.668322 0.953762 13.042373 12.088611 "" "" 2341.70825 2454.38452 161293.97279 147.26 82883.0 312.76 115800.0 264.82 "" "" 0.002928207807998743 0.0049568918 0.004522027 0.009478919 161.42153330855 -59.61087686031 2400.6792 -5.308000000000003 1.8450000000000006 1.6176873130798342 -0.761968641281128 0.15186076 0.14986075 "" "" 20.34784037344646 "" 3.0826889525895154 ""
161.19723777441 -59.44986112188 0.009 0.0101 14.7374 "" "" 5350388683629610752 2373.61865 0.3988 0.0108 -6.033 2.105 0.013 0.013 0.91 "" "" 12.671162 0.699329 12.931836 12.232507 "" "" 2315.23853 2450.00098 160872.54067 46.557 91766.0 73.913 101430.0 52.718 "" "" 0.0027731788037550537 0.002924006 0.0038212787 0.0067452844 161.19723777441 -59.44986112188 2373.61865 -6.033 2.105000000000001 0.8926873130798336 -0.501968641281128 0.15086076 0.15086076 "" "" 11.522552677894279 "" 1.7383010153614493 ""
160.81443753141 -59.54235122909 0.0089 0.0094 16.0569 "" "" 5350375420768980480 2214.13159 0.451 0.0107 -7.287 1.61 0.012 0.011 0.974 4504.4 2.2305 12.673407 1.765762 13.534061 11.768298 -29.0 0.29 2154.65332 2267.00073 160540.32269 25.126 52698.0 31.904 155540.0 51.391 "" "" 0.002760555150820964 0.002866551 0.0037963686 0.0066629197 160.81443753141 -59.54235122909 2214.13159 -7.287 1.6099999999999992 -0.36131268692016594 -0.9969686412811278 0.14986075 0.14886075 -27.812 1.1946715 11.129104277322247 29.956039558251227 1.657982695348512 1.268723957685643
160.83830896406 -59.77531235749 0.0101 0.0095 13.383 "" "" 5350354560086077184 2212.90259 0.4438 0.0108 -4.231 0.938 0.013 0.012 0.895 5193.9 2.834 12.674746 1.375997 13.293274 11.917277 18.28 0.9 2172.51196 2263.31006 160342.28188 23.414 65782.0 44.519 135600.0 37.899 "" "" 0.0027598778671965784 0.0028853014 0.0037915448 0.006676846 160.83830896406 -59.77531235749 2212.90259 -4.230999999999996 0.9379999999999982 2.694687313079834 -1.668968641281128 0.15086076 0.14986075 19.468 1.8046715 33.24715067755309 38.52760117339151 5.006494696199679 4.4155128934959595
161.28294531977 -59.65025882613 0.0133 0.0115 2.8037 "" "" 5350382189638820352 2236.20483 0.4189 0.0152 -7.003 2.831 0.017 0.014 0.969 14746.6 3.8012 12.676481 0.571695 12.882641 12.310946 "" "" 2149.23022 2323.96655 160086.38 46.604 96020.0 148.86 94358.0 130.0 "" "" 0.0027733903750376343 0.0032585694 0.0040646405 0.00732321 161.28294531977 -59.65025882613 2236.20483 -7.003000000000001 2.831000000000002 -0.07731268692016613 0.22403135871887203 0.15486076 0.15186076 "" "" 2.512069794069259 "" 0.3822938837884389 ""
161.56525670078 -59.78558250708 0.012 0.0115 10.9914 "" "" 5350307109283640832 1999.44775 0.4702 0.0137 -7.514 2.799 0.015 0.014 0.939 "" "" 12.689256 0.300867 12.79214 12.491273 "" "" 1946.1571 2057.85083 158213.84991 29.517 104370.0 54.266 79919.0 28.068 "" "" 0.0027627558066897996 0.0028467046 0.0037985696 0.0066452743 161.56525670078 -59.78558250708 1999.44775 -7.514 2.7990000000000026 -0.5883126869201663 0.192031358718872 0.15286076 0.15186076 "" "" 5.865174062512052 "" 0.8959919088723565 ""
161.21493659599 -59.72040834976 0.0123 0.0123 1.9138 "" "" 5350358034741345024 2363.21704 0.4038 0.0138 -7.035 2.62 0.017 0.016 1.008 "" "" 12.69294 0.652947 12.931242 12.278295 "" "" 2291.5415 2429.84595 157677.92153 39.991 91816.0 108.18 97239.0 63.346 "" "" 0.0027690463536118558 0.0030694478 0.0038449967 0.0069144443 161.21493659599 -59.72040834976 2363.21704 -7.035000000000003 2.619999999999999 -0.10931268692016616 0.013031358718872177 0.15486076 0.15386076 "" "" 1.2331524618711445 "" 0.19094970895175326 ""
161.77733412167 -59.86429899422 0.0144 0.0138 18.9109 "" "" 5350329138199174784 2133.55273 0.4511 0.0166 -6.259 2.343 0.018 0.016 1.287 "" "" 12.700541 0.717972 12.969693 12.251721 "" "" 2052.09766 2216.42969 156577.78089 25.272 88622.0 59.058 99648.0 30.393 "" "" 0.0027608872730336587 0.0028824566 0.0037938622 0.006676319 161.77733412167 -59.86429899422 2133.55273 -6.258999999999998 2.342999999999998 0.6666873130798336 -0.26396864128112796 0.15586075 0.15386076 "" "" 7.251489808999046 "" 1.1282680946407033 ""
161.3028626139 -59.65176037148 0.0129 0.0117 2.9915 "" "" 5350381983480398336 2415.03394 0.3914 0.0144 -7.26 2.686 0.016 0.014 1.062 6126.9 3.2377 12.70305 0.652269 12.940112 12.287843 "" "" 2328.28198 2500.27417 156216.47888 37.02 91069.0 112.42 96388.0 89.292 "" "" 0.002767307517683013 0.0030953859 0.0039109294 0.0070063155 161.3028626139 -59.65176037148 2415.03394 -7.26 2.686 -0.3343126869201658 0.07903135871887201 0.15386076 0.15186076 "" "" 3.9324453289262022 "" 0.6046353363555023 ""
161.24331226503 -59.66206942546 0.012 0.0116 1.9281 "" "" 5350358756296011008 2369.25366 0.3986 0.0141 -7.178 2.833 0.016 0.014 1.023 "" "" 12.712531 0.669053 12.95789 12.288837 "" "" 2287.09961 2450.42847 154858.22437 30.604 89590.0 108.08 96299.0 111.64 "" "" 0.0027636623397177067 0.0030823147 0.0039834725 0.007065787 161.24331226503 -59.66206942546 2369.25366 -7.178 2.833 -0.25231268692016595 0.22603135871887226 0.15386076 0.15186076 "" "" 3.8042564196625475 "" 0.5819505875145703 ""
161.29378439097 -59.64874215357 0.0104 0.0107 3.0169 "" "" 5350381983480396800 1947.34155 0.5088 0.0125 -5.098 1.837 0.013 0.013 0.937 "" "" 12.716558 1.550772 13.440864 11.890092 -0.5 0.78 1894.50354 1995.40076 154284.97121 26.209 57421.0 45.79 139030.0 54.81 "" "" 0.002761486355696982 0.0029214176 0.0038035428 0.00672496 161.29378439097 -59.64874215357 1947.34155 -5.0980000000000025 1.837000000000001 1.8276873130798341 -0.769968641281128 0.15086076 0.15086076 0.6879999999999982 1.6846715 18.30621677735642 18.319140719465135 2.7616897141685106 2.7604665471285545
161.03973276136 -59.64422597193 0.0346 0.0348 7.0477 "" "" 5350362222308365952 2298.60571 0.4119 0.0396 -7.39 2.809 0.045 0.042 2.672 "" "" 12.7351 0.38194 12.855779 12.473839 "" "" 2117.29272 2493.73535 151672.55292 66.783 98425.0 154.89 81212.0 103.01 "" "" 0.002796485580329384 0.003271756 0.004022473 0.007294229 161.03973276136 -59.64422597193 2298.60571 -7.39 2.809 -0.4643126869201657 0.20203135871887223 0.18286076 0.17986076 "" "" 5.517017025158364 "" 1.0062293965022415 ""
160.98827778677 -59.54475083971 0.0164 0.0218 11.9778 "" "" 5350363910262006784 2473.58887 0.3916 0.0223 -6.521 2.161 0.023 0.026 0.742 "" "" 12.739772 0.538381 12.923661 12.385281 "" "" 2348.65552 2605.39258 151021.28145 52.748 92460.0 190.6 88114.0 151.37 "" "" 0.002781294271754023 0.0035769343 0.00421457 0.0077915043 160.98827778677 -59.54475083971 2473.58887 -6.521000000000001 2.161 0.4046873130798341 -0.4459686412811279 0.16086076 0.16386077 "" "" 7.0608274552107195 "" 1.147475316863688 ""
160.97914671093 -59.60669039011 0.0118 0.0112 9.7508 "" "" 5350362600261090816 2413.05981 0.392 0.013 -6.782 1.854 0.015 0.014 0.961 "" "" 12.747543 0.702481 12.992968 12.290486 "" "" 2346.49707 2498.25488 149944.07056 35.343 86742.0 86.558 96153.0 107.05 "" "" 0.0027671795563604675 0.002993138 0.003967982 0.00696112 160.97914671093 -59.60669039011 2413.05981 -6.782 1.854 0.14368731307983396 -0.7529686412811278 0.15286076 0.15186076 "" "" 8.767791447696323 "" 1.3317925030630682 ""
161.09896948047 -59.68508654548 0.0119 0.0124 4.617 "" "" 5350359095572191488 2441.27588 0.3874 0.0143 -7.297 2.824 0.016 0.015 0.988 "" "" 12.749579 0.614058 12.97254 12.358481 "" "" 2368.88501 2523.11865 149663.14153 24.956 88390.0 70.946 90316.0 42.245 "" "" 0.0027612617360966694 0.002923097 0.0038133499 0.006736447 161.09896948047 -59.68508654548 2441.27588 -7.297 2.824 -0.3713126869201657 0.21703135871887191 0.15386076 0.15286076 "" "" 4.9768272662643005 "" 0.7644742014101945 ""
161.17531229658 -59.44318145186 0.0102 0.0108 15.2214 "" "" 5350388649269869952 2472.93506 0.3826 0.0123 -6.459 2.106 0.014 0.013 1.009 7158.9 3.095 12.750555 0.592189 12.964026 12.371838 "" "" 2395.09448 2554.87109 149528.74138 48.329 89085.0 84.033 89212.0 99.152 "" "" 0.002777576975731701 0.002972198 0.003967351 0.006939549 161.17531229658 -59.44318145186 2472.93506 -6.459000000000002 2.1060000000000003 0.46668731307983435 -0.5009686412811281 0.15186076 0.15086076 "" "" 8.025450057595787 "" 1.2144608340061198 ""
161.81704689681 -59.80339883358 0.0107 0.0095 18.3425 "" "" 5350317966959640960 1772.75256 0.5585 0.0117 -5.17 2.889 0.014 0.011 0.942 5098.0 2.9208 12.759725 1.42101 13.404664 11.983654 1.7 0.75 1737.10071 1816.74548 148271.2633 21.451 59368.0 41.452 127550.0 44.568 "" "" 0.0027597939861606666 0.0028913214 0.0037983747 0.006689696 161.81704689681 -59.80339883358 1772.75256 -5.169999999999998 2.8890000000000002 1.755687313079834 0.28203135871887186 0.15186076 0.14886075 2.887999999999998 1.6546715 14.941905888695803 15.218445899192279 2.267972404547967 2.248791067348445
161.18524708788 -59.82043070425 0.0112 0.0111 7.8371 "" "" 5350355831392847488 1900.53259 0.5265 0.0123 -8.732 2.853 0.015 0.014 1.004 5076.6 2.8299 12.761101 1.624756 13.529594 11.904839 13.55 0.65 1859.16931 1941.59692 148083.44008 21.644 52915.0 29.606 137160.0 45.168 "" "" 0.002759886335851286 0.002855533 0.0037962566 0.00665179 161.18524708788 -59.82043070425 1900.53259 -8.732000000000003 2.852999999999999 -1.8063126869201653 0.24603135871887227 0.15286076 0.15186076 14.738 1.5546715 16.4224609375536 22.06594360650534 2.510051708259172 2.137286822369605
160.613340035 -59.62911306751 0.0111 0.0109 19.696 "" "" 5350368475776722432 2346.9856 0.3987 0.0126 -7.235 2.541 0.015 0.014 0.959 11387.0 3.7745 12.771834 0.417405 12.919693 12.502288 "" "" 2288.8418 2411.17261 146626.61616 25.093 92798.0 54.688 79112.0 36.911 "" "" 0.002761578165427392 0.002862596 0.0038131794 0.006675775 160.613340035 -59.62911306751 2346.9856 -7.234999999999999 2.5409999999999995 -0.30931268692016634 -0.065968641281128 0.15286076 0.15186076 "" "" 3.518403561336496 "" 0.5376732475946314 ""
161.18458206179 -59.70919020421 0.024 0.0246 2.1912 "" "" 5350358855053478784 2262.82935 0.4108 0.0273 -6.959 2.554 0.03 0.03 2.152 16922.0 3.5418 12.772703 0.610268 12.962449 12.352181 "" "" 2097.55493 2420.60205 146509.38749 67.251 89215.0 77.909 90842.0 109.82 "" "" 0.0028000300991345454 0.002946867 0.0040008174 0.006947684 161.18458206179 -59.70919020421 2262.82935 -6.958999999999999 2.554000000000001 -0.033312686920165646 -0.052968641281128104 0.16786076 0.16786076 "" "" 0.6711488994651389 "" 0.11265956519969283 ""
161.15701130313 -59.49214921411 0.0103 0.0111 12.439 "" "" 5350387034362093696 2371.89282 0.3941 0.0128 -6.101 2.395 0.014 0.013 0.994 "" "" 12.780827 0.471415 12.9456 12.474186 "" "" 2292.74658 2439.2561 145417.17914 32.533 90610.0 61.112 81186.0 39.318 "" "" 0.0027660063669872215 0.0028846622 0.0038157844 0.006700447 161.15701130313 -59.49214921411 2371.89282 -6.101 2.395 0.824687313079834 -0.2119686412811279 0.15186076 0.15086076 "" "" 9.573138594768434 "" 1.4531926743590162 ""
161.16814551626 -59.36333423739 0.0102 0.0111 19.9975 "" "" 5350389503936214016 1973.52832 0.4866 0.0121 -7.33 2.743 0.014 0.014 0.977 "" "" 12.784784 0.646249 13.025203 12.378954 "" "" 1925.37756 2017.25928 144888.22573 26.241 84205.0 38.468 88629.0 42.296 "" "" 0.0027623281195846084 0.002833914 0.0038147343 0.0066486485 161.16814551626 -59.36333423739 1973.52832 -7.329999999999999 2.743000000000002 -0.4043126869201661 0.13603135871887195 0.15186076 0.15186076 "" "" 3.9904834627447086 "" 0.6059978460814693 ""
161.28613818691 -59.47797605747 0.0086 0.0088 13.007 "" "" 5350385449487644928 2236.24805 0.4403 0.0102 -6.681 2.912 0.011 0.011 0.955 "" "" 12.785138 1.504715 13.479088 11.974373 14.32 0.63 2183.46313 2297.18213 144841.00838 25.899 55435.0 47.685 128650.0 75.683 "" "" 0.002762151311839328 0.0029423297 0.0038329747 0.0067753047 161.28613818691 -59.47797605747 2236.24805 -6.681000000000002 2.912 0.24468731307983393 0.305031358718872 0.14886075 0.14886075 15.508 1.5346715 4.145002499013435 16.052386418125735 0.6170281914596906 1.4911623662336222
161.0114526402 -59.66279834257 0.0105 0.0105 7.4767 "" "" 5350360710475483648 2134.50781 0.4636 0.0119 -5.09 1.489 0.014 0.013 0.997 4898.9 2.6783 12.78593 1.479613 13.469226 11.989613 -17.67 5.14 2089.44556 2187.50391 144735.44215 185.28 55941.0 222.18 126860.0 406.06 "" "" 0.003086026813022229 0.0051361592 0.0051343255 0.010270485 161.0114526402 -59.66279834257 2134.50781 -5.090000000000003 1.4890000000000008 1.8356873130798341 -1.1179686412811278 0.15186076 0.15086076 -16.482000000000003 6.0446715 21.74594876888861 27.286308139048934 3.2964869579713105 4.498145932759943
161.06474960207 -59.83325269203 0.0109 0.0104 10.0634 "" "" 5350350681757112576 2304.10669 0.4314 0.0117 -8.245 4.114 0.014 0.013 0.957 5020.6 2.5492 12.787047 1.681811 13.590829 11.909018 2.34 0.58 2240.00342 2359.17236 144586.51983 22.863 50013.0 45.163 136630.0 37.24 "" "" 0.0027606638310457487 0.0029574186 0.00379095 0.0067483685 161.06474960207 -59.83325269203 2304.10669 -8.245 4.114000000000001 -1.3193126869201652 1.507031358718872 0.15186076 0.15086076 3.527999999999998 1.4846716 21.874933761643813 22.157606167551233 3.309577804549909 3.2758967585618604
160.94286930176 -59.60426089076 0.0127 0.0133 10.7671 "" "" 5350363253100486784 1961.8772 0.485 0.0153 -7.777 2.946 0.016 0.017 1.073 "" "" 12.789558 0.377721 12.915339 12.537619 "" "" 1898.18823 2022.47363 144252.47559 30.218 93171.0 68.691 76579.0 40.857 "" "" 0.0027646913640766778 0.002902722 0.003823517 0.006726239 160.94286930176 -59.60426089076 1961.8772 -7.777 2.946 -0.8513126869201662 0.33903135871887224 0.15386076 0.15486076 "" "" 8.521301195585833 "" 1.3122636440572124 ""
161.40247869717 -59.73634336803 0.0261 0.0246 5.2559 "" "" 5350311095013575296 2304.86157 0.4404 0.0293 -6.872 2.615 0.032 0.03 2.146 7299.9 1.9182 12.792733 2.048167 13.79176 11.743593 "" "" 2130.37061 2468.42041 143831.30842 72.085 41564.0 66.913 159120.0 251.74 "" "" 0.0028085378248960675 0.0032924481 0.0041514193 0.0074438676 161.40247869717 -59.73634336803 2304.86157 -6.872 2.6149999999999984 0.0536873130798341 0.008031358718872283 0.16986077 0.16786076 "" "" 0.59306289392812 "" 0.10071230361725587 ""
161.19223594035 -59.55113334153 0.0104 0.012 8.7521 "" "" 5350383838906362496 2317.85059 0.4033 0.013 -6.495 2.049 0.015 0.015 1.017 7012.0 3.556 12.804495 0.41342 12.946146 12.532726 "" "" 2258.33398 2376.29736 142281.57784 40.311 90565.0 97.956 76925.0 78.243 "" "" 0.0027724380575467143 0.0030272314 0.003937422 0.0069646533 161.19223594035 -59.55113334153 2317.85059 -6.4949999999999966 2.049 0.4306873130798339 -0.557968641281128 0.15286076 0.15286076 "" "" 7.743968221076148 "" 1.1837488730234518 ""
161.17329297225 -59.45637952654 0.0666 0.0766 14.4488 "" "" 5350388546190636288 1675.82849 0.606 0.0828 -6.278 2.186 0.089 0.092 7.643 "" "" 12.807684 0.752415 13.084544 12.33213 "" "" 1498.92505 1888.4054 141864.36679 36.884 79726.0 41.956 92535.0 39.517 "" "" 0.002769742706070691 0.0028480717 0.0038077172 0.006655789 161.17329297225 -59.45637952654 1675.82849 -6.278 2.186 0.6476873130798344 -0.420968641281128 0.22686076 0.22986075 "" "" 6.1360773482213435 "" 1.397527435133803 ""
161.28716962512 -59.67790446147 0.0157 0.0162 1.4738 "" "" 5350358481418108032 2415.50195 0.3826 0.019 -6.829 2.845 0.02 0.019 1.029 14312.9 3.7531 12.809252 0.407001 12.940569 12.533568 "" "" 2315.61572 2502.68481 141659.58594 38.806 91031.0 117.52 76865.0 204.09 "" "" 0.0027713265638160535 0.0031224566 0.004753354 0.00787581 161.28716962512 -59.67790446147 2415.50195 -6.828999999999999 2.8449999999999998 0.09668731307983425 0.23803135871887227 0.15786076 0.15686075 "" "" 2.9415885723139854 "" 0.4618375496794904 ""
