Clusters/Trumpler_28/Trumpler_28_members.tsv
# %ECSV 1.0
# ---
# datatype:
# - name: RA_ICRS_1
#   unit: deg
#   datatype: float64
#   format: '{:15.11f}'
#   description: Right ascension (ICRS) at Ep=2016.0 (ra)
#   meta: !!omap
#   - {ucd: POS_EQ_RA_MAIN}
#   - {width: 15}
#   - {precision: '11'}
# - name: DE_ICRS_1
#   unit: deg
#   datatype: float64
#   format: '{:15.11f}'
#   description: Declination (ICRS) at Ep=2016.0 (dec)
#   meta: !!omap
#   - {ucd: POS_EQ_DEC_MAIN}
#   - {width: 15}
#   - {precision: '11'}
# - name: e_RA_ICRS
#   unit: mas
#   datatype: float64
#   format: '{:7.4f}'
#   description: Standard error of right ascension (ra_error)
#   meta: !!omap
#   - {ucd: ERROR}
#   - {width: 7}
#   - {precision: '4'}
# - name: e_DE_ICRS
#   unit: mas
#   datatype: float64
#   format: '{:7.4f}'
#   description: Standard error of declination (dec_error)
#   meta: !!omap
#   - {ucd: ERROR}
#   - {width: 7}
#   - {precision: '4'}
# - name: _r_1
#   unit: ''
#   datatype: float64
#   format: '{:7.4f}'
#   description: Distance from center (264.23560831000-32.46819475000)[ICRS], at Epoch=J2016.0
#   meta: !!omap
#   - {ucd: POS_ANG_DIST_GENERAL}
#   - {width: 7}
#   - {precision: '4'}
# - name: HIP
#   datatype: int32
#   description: '? HIP cross-id number, van Leeuwen, Cat. I/311 (hip_original_ext_source_id)'
#   meta: !!omap
#   - {ucd: ID_NUMBER}
#   - {width: 6}
#   - values: {'null': -2147483648}
# - name: TYC2
#   datatype: string
#   description: Tycho-2 cross-id name, Hog et al., Cat. I/259 (tyc2_original_ext_source_id)
#   meta: !!omap
#   - {ucd: ID_CROSSID}
#   - {_votable_string_dtype: char}
# - name: Source
#   datatype: int64
#   description: Source identifier, identical to the Gaia-EDR3 source_id (id)
#   meta: !!omap
#   - {ucd: ID_MAIN}
#   - {width: 19}
# - name: rgeo
#   unit: pc
#   datatype: float64
#   format: '{:15.8f}'
#   description: '? Median of the geometric distance posterior (r_med_geo)'
#   meta: !!omap
#   - {ucd: PHYS_DISTANCE_TRUE}
#   - {width: 15}
#   - {precision: '8'}
#   - values: {'null': .nan}
# - name: Plx
#   unit: mas
#   datatype: float64
#   format: '{:9.4f}'
#   description: '? Parallax (parallax)'
#   meta: !!omap
#   - {ucd: POS_PARLX_TRIG}
#   - {width: 9}
#   - {precision: '4'}
#   - values: {'null': .nan}
# - name: e_Plx
#   unit: mas
#   datatype: float32
#   format: '{:7.4f}'
#   description: '? Standard error of parallax (parallax_error)'
#   meta: !!omap
#   - {ucd: ERROR}
#   - {width: 7}
#   - {precision: '4'}
#   - values: {'null': .nan}
# - name: pmRA
#   unit: mas / yr
#   datatype: float64
#   format: '{:9.3f}'
#   description: '? Proper motion in right ascension direction, pmRA*cosDE (pmra)'
#   meta: !!omap
#   - {ucd: POS_EQ_PMRA}
#   - {width: 9}
#   - {precision: '3'}
#   - values: {'null': .nan}
# - name: pmDE
#   unit: mas / yr
#   datatype: float64
#   format: '{:9.3f}'
#   description: '? Proper motion in declination direction (pmdec)'
#   meta: !!omap
#   - {ucd: POS_EQ_PMDEC}
#   - {width: 9}
#   - {precision: '3'}
#   - values: {'null': .nan}
# - name: e_pmRA
#   unit: mas / yr
#   datatype: float32
#   format: '{:6.3f}'
#   description: '? Standard error of proper motion in right ascension direction (pmra_error)'
#   meta: !!omap
#   - {ucd: ERROR}
#   - {width: 6}
#   - {precision: '3'}
#   - values: {'null': .nan}
# - name: e_pmDE
[...]
#         unit: &id001 !astropy.units.Unit {unit: deg}
#         value: !astropy.table.SerializedColumn {name: SkyCoord.dec}
#       distance: !astropy.table.SerializedColumn
#         __class__: astropy.coordinates.distances.Distance
#         unit: !astropy.units.Unit {unit: pc}
#         value: !astropy.table.SerializedColumn {name: SkyCoord.distance}
#       frame: icrs
#       obstime: !astropy.time.Time {format: jyear_str, in_subfmt: '*', jd1: 367701545.0, jd2: 0.0, out_subfmt: '*', precision: 3, scale: tt}
#       pm_dec: !astropy.table.SerializedColumn
#         __class__: astropy.units.quantity.Quantity
#         unit: !astropy.units.Unit {unit: mas / yr}
#         value: !astropy.table.SerializedColumn {name: SkyCoord.pm_dec}
#       pm_ra_cosdec: !astropy.table.SerializedColumn
#         __class__: astropy.units.quantity.Quantity
#         unit: !astropy.units.Unit {unit: mas / yr}
#         value: !astropy.table.SerializedColumn {name: SkyCoord.pm_ra_cosdec}
#       ra: !astropy.table.SerializedColumn
#         __class__: astropy.coordinates.angles.Longitude
#         unit: *id001
#         value: !astropy.table.SerializedColumn {name: SkyCoord.ra}
#         wrap_angle: !astropy.coordinates.Angle
#           unit: *id001
#           value: 360.0
#       representation_type: spherical
# schema: astropy-2.0
RA_ICRS_1 DE_ICRS_1 e_RA_ICRS e_DE_ICRS _r_1 HIP TYC2 Source rgeo Plx e_Plx pmRA pmDE e_pmRA e_pmDE RUWE Teff logg Gmag BP-RP BPmag RPmag RV e_RV b_rgeo B_rgeo FG e_FG FBP e_FBP FRP e_FRP RAVE5 RAVE6 e_Gmag e_BPmag e_RPmag e_BP-RP SkyCoord.ra SkyCoord.dec SkyCoord.distance SkyCoord.pm_ra_cosdec SkyCoord.pm_dec Pmemb
[from data line 41]
264.18139618103 -32.50812273111 0.0382 0.0301 3.6424 "" "" 4054947824667330304 1359.88306 0.7027 0.0398 -0.807 -2.884 0.051 0.036 0.963 "" "" 15.866986 1.520853 16.561047 15.040194 "" "" 1295.96533 1420.39197 8475.2456 3.8641 3243.4 9.4346 7639.8 27.37 "" "" 0.00279943414267596 0.0042142174 0.0054234276 0.0096376445 264.18139618103 -32.50812273111 1359.88306 -0.8070000000000002 -2.884 1.0
264.21410237176 -32.53651268536 0.0404 0.0314 4.2411 "" "" 4054947000033540096 1464.37219 0.6614 0.044 -0.694 -2.624 0.057 0.039 0.977 5504.9 4.2091 16.051064 1.614916 16.783018 15.168102 "" "" 1361.97668 1586.78638 7153.55082 4.5432 2643.7 10.131 6790.7 27.692 "" "" 0.0028402932582205337 0.0050096223 0.0058212522 0.010830875 264.21410237176 -32.53651268536 1464.37219 -0.694 -2.6240000000000006 0.9
264.23017202235 -32.54693512952 0.042 0.033 4.7324 "" "" 4054946725155610368 1342.77563 0.7095 0.0488 -0.796 -2.898 0.061 0.04 0.947 "" "" 16.08054 1.583744 16.799355 15.215611 "" "" 1275.03381 1419.40625 6961.94815 3.8627 2604.2 14.381 6500.0 10.839 "" "" 0.0028204032268600676 0.0066131176 0.004190664 0.010803781 264.23017202235 -32.54693512952 1342.77563 -0.7959999999999999 -2.8980000000000006 0.8
264.11640706287 -32.58760229503 0.0425 0.0342 9.3644 "" "" 4054571826054638336 1465.76929 0.6463 0.0469 -0.767 -2.8 0.056 0.041 0.985 6996.4 4.3217 16.11452 1.547534 16.832918 15.285384 "" "" 1370.96277 1622.31421 6747.4469 3.607 2524.9 9.9177 6095.4 8.9331 "" "" 0.0028157874775948805 0.0050963648 0.0041006873 0.009197053 264.11640706287 -32.58760229503 1465.76929 -0.7669999999999999 -2.8 0.9
264.17049680187 -32.47052317041 0.0498 0.0383 3.299 "" "" 4054951088844363392 1438.86255 0.6688 0.0504 -0.83 -2.918 0.063 0.045 1.009 "" "" 16.234125 1.567473 16.949062 15.381589 "" "" 1344.82019 1548.2135 6043.60983 3.8381 2268.8 12.581 5578.6 14.447 "" "" 0.0028402854261456367 0.0066357558 0.004710591 0.011346347 264.17049680187 -32.47052317041 1438.86255 -0.8299999999999997 -2.918 0.9
263.97366797023 -32.46383287057 0.0462 0.0355 13.2627 "" "" 4054623473053669760 1389.6051 0.6931 0.0505 -0.827 -3.07 0.057 0.041 0.995 5387.1 4.2752 16.242983 1.596367 16.983795 15.387428 "" "" 1309.26868 1495.7887 5994.50625 4.1844 2197.3 8.7356 5548.6 17.684 "" "" 0.0028576530698907867 0.0051397346 0.005124239 0.010263974 263.97366797023 -32.46383287057 1389.6051 -0.827 -3.0699999999999985 1.0
264.26113594678 -32.48888733567 0.0498 0.0388 1.7919 "" "" 4054948653606203008 1455.90649 0.6555 0.0509 -0.863 -2.866 0.064 0.045 0.973 5235.7 4.3553 16.373173 1.62492 17.140356 15.515436 "" "" 1365.51807 1566.23059 5317.1359 6.0815 1902.3 11.705 4931.6 25.24 "" "" 0.0030222336654621867 0.0072398703 0.0067202603 0.0139601305 264.26113594678 -32.48888733567 1455.90649 -0.8630000000000001 -2.866000000000001 0.8
264.19347764055 -32.35377635793 0.0523 0.0437 7.1892 "" "" 4054953975060907008 1299.70496 0.7369 0.0611 -0.491 -3.075 0.068 0.048 1.029 7624.8 3.6341 16.399338 2.02356 17.413912 15.390351 "" "" 1205.71704 1395.14844 5190.52592 3.0642 1478.6 8.5286 5533.7 13.31 "" "" 0.0028288897882086995 0.0068559907 0.0045938604 0.011449851 264.19347764055 -32.35377635793 1299.70496 -0.4910000000000001 -3.0749999999999993 0.8
264.202441161 -32.50929917366 0.0536 0.0418 2.9833 "" "" 4054947790307585792 1569.34192 0.6149 0.0531 -0.79 -2.863 0.067 0.048 1.053 5413.5 4.3511 16.41505 1.617919 17.160412 15.542493 "" "" 1445.88281 1738.99182 5115.95017 3.4848 1867.5 11.664 4810.2 14.936 "" "" 0.002852848497727898 0.007332851 0.0050645126 0.012397364 264.202441161 -32.50929917366 1569.34192 -0.7899999999999999 -2.8629999999999995 0.8
264.31019264693 -32.1900479903 0.0513 0.0401 17.1118 "" "" 4054962878530016384 1321.5918 0.7395 0.0602 -0.974 -2.73 0.065 0.045 0.869 "" "" 16.474903 1.808256 17.333206 15.52495 "" "" 1218.04785 1443.80652 4841.55803 3.2733 1592.7 8.6281 4888.5 15.634 "" "" 0.0028514236978485104 0.006509982 0.0051323175 0.0116423 264.31019264693 -32.1900479903 1321.5918 -0.9739999999999998 -2.7300000000000004 0.9
264.02597744035 -32.41525054165 0.0549 0.0425 11.0801 "" "" 4054998990623034368 1573.51208 0.603 0.0588 -0.731 -2.64 0.067 0.048 0.958 6201.9 4.273 16.587078 1.78185 17.410969 15.629119 "" "" 1442.6394 1756.57129 4366.32034 2.8387 1482.6 15.017 4441.3 34.569 "" "" 0.00284430128962465 0.01134567 0.009257473 0.020603143 264.02597744035 -32.41525054165 1573.51208 -0.7309999999999999 -2.64 0.8
264.20199624223 -32.49580221463 0.0555 0.0447 2.3744 "" "" 4054947863332250752 1351.76721 0.6988 0.0557 -0.877 -2.906 0.073 0.053 1.022 5762.9 4.5332 16.594767 1.658665 17.380383 15.721718 "" "" 1251.21741 1482.6051 4335.50615 3.9402 1525.0 8.6988 4078.2 13.547 "" "" 0.0029266782049243317 0.006792683 0.005224112 0.012016796 264.20199624223 -32.49580221463 1351.76721 -0.8769999999999998 -2.9060000000000006 0.9
264.25300681468 -32.41631892252 0.0678 0.0518 3.2348 "" "" 4054949856191972608 1425.00134 0.6955 0.0673 -0.755 -2.815 0.081 0.057 0.943 "" "" 16.60031 1.710154 17.39126 15.681107 "" "" 1306.28284 1545.76184 4313.43462 4.5103 1509.8 10.339 4233.7 34.151 "" "" 0.0029800454897124097 0.00794134 0.009538723 0.017480064 264.25300681468 -32.41631892252 1425.00134 -0.7550000000000001 -2.815 0.8
264.36301516274 -32.45168468668 0.0597 0.0449 6.5257 "" "" 4054949031564886144 1484.21167 0.6678 0.0636 -0.914 -2.938 0.083 0.055 1.027 6827.7 4.3341 16.730051 1.702076 17.538996 15.83692 "" "" 1367.9856 1661.16064 3827.60013 3.2875 1317.7 10.544 3667.7 12.846 "" "" 0.002908849301537273 0.009124915 0.0053614066 0.014486322 264.36301516274 -32.45168468668 1484.21167 -0.914 -2.938 0.9
264.15072555503 -32.63130825398 0.0589 0.0464 10.687 "" "" 4054570726542941056 1420.54297 0.687 0.0623 -1.058 -2.995 0.077 0.056 1.041 5171.7 4.3896 16.776386 1.70748 17.596281 15.888802 "" "" 1303.6272 1561.17175 3667.68539 5.788 1250.0 12.395 3496.5 24.527 "" "" 0.0032446195630258584 0.0111218365 0.008502317 0.019624153 264.15072555503 -32.63130825398 1420.54297 -1.0579999999999998 -2.994999999999999 0.8
