Clusters/Trumpler_28/Trumpler_28_stars_in_region.tsv
# %ECSV 1.0
# ---
# datatype:
# - name: RA_ICRS_1
#   unit: deg
#   datatype: float64
#   format: '{:15.11f}'
#   description: Right ascension (ICRS) at Ep=2016.0 (ra)
#   meta: !!omap
#   - {ucd: POS_EQ_RA_MAIN}
#   - {width: 15}
#   - {precision: '11'}
# - name: DE_ICRS_1
#   unit: deg
#   datatype: float64
#   format: '{:15.11f}'
#   description: Declination (ICRS) at Ep=2016.0 (dec)
#   meta: !!omap
#   - {ucd: POS_EQ_DEC_MAIN}
#   - {width: 15}
#   - {precision: '11'}
# - name: e_RA_ICRS
#   unit: mas
#   datatype: float64
#   format: '{:7.4f}'
#   description: Standard error of right ascension (ra_error)
#   meta: !!omap
#   - {ucd: ERROR}
#   - {width: 7}
#   - {precision: '4'}
# - name: e_DE_ICRS
#   unit: mas
#   datatype: float64
#   format: '{:7.4f}'
#   description: Standard error of declination (dec_error)
#   meta: !!omap
#   - {ucd: ERROR}
#   - {width: 7}
#   - {precision: '4'}
# - name: _r_1
#   unit: ''
#   datatype: float64
#   format: '{:7.4f}'
#   description: Distance from center (264.23560831000-32.46819475000)[ICRS], at Epoch=J2016.0
#   meta: !!omap
#   - {ucd: POS_ANG_DIST_GENERAL}
#   - {width: 7}
#   - {precision: '4'}
# - name: HIP
#   datatype: int32
#   description: '? HIP cross-id number, van Leeuwen, Cat. I/311 (hip_original_ext_source_id)'
#   meta: !!omap
#   - {ucd: ID_NUMBER}
#   - {width: 6}
#   - values: {'null': -2147483648}
# - name: TYC2
#   datatype: string
#   description: Tycho-2 cross-id name, Hog et al., Cat. I/259 (tyc2_original_ext_source_id)
#   meta: !!omap
#   - {ucd: ID_CROSSID}
#   - {_votable_string_dtype: char}
# - name: Source
#   datatype: int64
#   description: Source identifier, identical to the Gaia-EDR3 source_id (id)
#   meta: !!omap
#   - {ucd: ID_MAIN}
#   - {width: 19}
# - name: rgeo
#   unit: pc
#   datatype: float64
#   format: '{:15.8f}'
#   description: '? Median of the geometric distance posterior (r_med_geo)'
#   meta: !!omap
#   - {ucd: PHYS_DISTANCE_TRUE}
#   - {width: 15}
#   - {precision: '8'}
#   - values: {'null': .nan}
# - name: Plx
#   unit: mas
#   datatype: float64
#   format: '{:9.4f}'
#   description: '? Parallax (parallax)'
#   meta: !!omap
#   - {ucd: POS_PARLX_TRIG}
#   - {width: 9}
#   - {precision: '4'}
#   - values: {'null': .nan}
# - name: e_Plx
#   unit: mas
#   datatype: float32
#   format: '{:7.4f}'
#   description: '? Standard error of parallax (parallax_error)'
#   meta: !!omap
#   - {ucd: ERROR}
#   - {width: 7}
#   - {precision: '4'}
#   - values: {'null': .nan}
# - name: pmRA
#   unit: mas / yr
#   datatype: float64
#   format: '{:9.3f}'
#   description: '? Proper motion in right ascension direction, pmRA*cosDE (pmra)'
#   meta: !!omap
#   - {ucd: POS_EQ_PMRA}
#   - {width: 9}
#   - {precision: '3'}
#   - values: {'null': .nan}
# - name: pmDE
#   unit: mas / yr
#   datatype: float64
#   format: '{:9.3f}'
#   description: '? Proper motion in declination direction (pmdec)'
#   meta: !!omap
#   - {ucd: POS_EQ_PMDEC}
#   - {width: 9}
#   - {precision: '3'}
#   - values: {'null': .nan}
# - name: e_pmRA
#   unit: mas / yr
#   datatype: float32
#   format: '{:6.3f}'
#   description: '? Standard error of proper motion in right ascension direction (pmra_error)'
#   meta: !!omap
#   - {ucd: ERROR}
#   - {width: 6}
#   - {precision: '3'}
#   - values: {'null': .nan}
# - name: e_pmDE
[...]
#         unit: &id001 !astropy.units.Unit {unit: deg}
#         value: !astropy.table.SerializedColumn {name: SkyCoord.dec}
#       distance: !astropy.table.SerializedColumn
#         __class__: astropy.coordinates.distances.Distance
#         unit: !astropy.units.Unit {unit: pc}
#         value: !astropy.table.SerializedColumn {name: SkyCoord.distance}
#       frame: icrs
#       obstime: !astropy.time.Time {format: jyear_str, in_subfmt: '*', jd1: 367701545.0, jd2: 0.0, out_subfmt: '*', precision: 3, scale: tt}
#       pm_dec: !astropy.table.SerializedColumn
#         __class__: astropy.units.quantity.Quantity
#         unit: !astropy.units.Unit {unit: mas / yr}
#         value: !astropy.table.SerializedColumn {name: SkyCoord.pm_dec}
#       pm_ra_cosdec: !astropy.table.SerializedColumn
#         __class__: astropy.units.quantity.Quantity
#         unit: !astropy.units.Unit {unit: mas / yr}
#         value: !astropy.table.SerializedColumn {name: SkyCoord.pm_ra_cosdec}
#       ra: !astropy.table.SerializedColumn
#         __class__: astropy.coordinates.angles.Longitude
#         unit: *id001
#         value: !astropy.table.SerializedColumn {name: SkyCoord.ra}
#         wrap_angle: !astropy.coordinates.Angle
#           unit: *id001
#           value: 360.0
#       representation_type: spherical
# schema: astropy-2.0
RA_ICRS_1 DE_ICRS_1 e_RA_ICRS e_DE_ICRS _r_1 HIP TYC2 Source rgeo Plx e_Plx pmRA pmDE e_pmRA e_pmDE RUWE Teff logg Gmag BP-RP BPmag RPmag RV e_RV b_rgeo B_rgeo FG e_FG FBP e_FBP FRP e_FRP RAVE5 RAVE6 e_Gmag e_BPmag e_RPmag e_BP-RP SkyCoord.ra SkyCoord.dec SkyCoord.distance SkyCoord.pm_ra_cosdec SkyCoord.pm_dec
[from data line 2069]
263.98405245341 -32.09360049373 0.058 0.0428 25.8454 "" "" 4055019434669148544 1088.53235 0.8855 0.0592 3.378 -2.716 0.083 0.054 0.968 5235.1 4.6751 16.6294 1.354537 17.24287 15.888333 "" "" 1036.44031 1151.30872 4199.39684 2.6972 1730.9 10.63 3498.0 13.069 "" "" 0.002842197367305614 0.007228086 0.005544238 0.012772324 263.98405245341 -32.09360049373 1088.53235 3.378 -2.716
263.66369940859 -32.57502568689 0.0804 0.061 29.6351 "" "" 4054618761454635264 1230.93872 0.8148 0.0824 2.411 -1.736 0.102 0.073 1.004 4100.5 4.1332 16.630455 2.027792 17.655039 15.627247 "" "" 1093.85022 1405.82861 4195.31886 15.558 1184.1 26.958 4449.0 59.904 "" "" 0.004878872677961411 0.02487556 0.0150996335 0.039975196 263.66369940859 -32.57502568689 1230.93872 2.4109999999999996 -1.7359999999999998
264.27641738574 -32.0357688184 0.0632 0.0478 26.0281 "" "" 4055011841166053504 1371.1571 0.7336 0.0751 0.4 -0.25 0.089 0.059 1.02 "" "" 16.63048 1.892903 17.554255 15.661351 "" "" 1207.41565 1579.86279 4195.21811 2.7527 1299.3 11.391 4311.4 13.732 "" "" 0.002845929422987253 0.009919189 0.0051227245 0.015041914 264.27641738574 -32.0357688184 1371.1571 0.40000000000000013 -0.25
264.48869556117 -32.48185425867 0.0656 0.0493 12.8368 "" "" 4054941953458701056 1288.33179 0.7587 0.068 0.351 -12.255 0.087 0.059 1.063 4353.7 4.2065 16.632397 1.613233 17.403803 15.79057 "" "" 1188.07678 1423.24402 4187.81935 2.984 1492.4 8.0608 3827.6 9.6771 "" "" 0.0028618696611349397 0.006494245 0.004671057 0.011165302 264.48869556117 -32.48185425867 1288.33179 0.35099999999999987 -12.255
264.49971025888 -32.12182227818 0.1094 0.0862 24.725 "" "" 4054986238855792640 1507.02393 0.6605 0.1358 -1.178 -3.392 0.131 0.098 1.918 9234.0 3.8912 16.63344 2.835395 18.136845 15.30145 "" "" 1272.04395 1753.16125 4183.79562 5.7726 759.76 9.2776 6005.9 68.738 "" "" 0.0031362291199081137 0.013548581 0.012988362 0.026536943 264.49971025888 -32.12182227818 1507.02393 -1.1780000000000002 -3.392
264.04596881891 -32.43827772191 0.0578 0.0452 9.7678 "" "" 4054951986500935680 1328.38867 0.7215 0.0637 -2.436 -10.119 0.068 0.051 0.981 "" "" 16.634027 2.352793 17.880566 15.527773 "" "" 1224.68213 1421.65393 4181.53421 3.1326 962.03 15.59 4875.8 11.595 "" "" 0.0028728690830299285 0.017814556 0.0045771427 0.0223917 264.04596881891 -32.43827772191 1328.38867 -2.4360000000000004 -10.119
264.17783869975 -32.00518399141 0.0611 0.0459 27.9349 "" "" 4055015517658122240 1356.32422 0.727 0.0734 -0.767 -0.551 0.085 0.058 0.979 7983.2 4.2253 16.634142 2.157162 17.74414 15.586979 "" "" 1224.48804 1512.49231 4181.09316 3.325 1090.8 10.697 4617.1 11.26 "" "" 0.00288743784236191 0.011006857 0.004614633 0.015621491 264.17783869975 -32.00518399141 1356.32422 -0.7670000000000001 -0.5509999999999999
264.79520512 -32.43597847331 0.0636 0.0522 28.3985 "" "" 4054212977297758208 1581.84631 0.6111 0.082 -1.028 -0.995 0.078 0.059 0.969 9147.5 4.2187 16.635801 1.895567 17.550833 15.655266 "" "" 1385.80054 1841.08569 4174.70596 3.4617 1303.4 16.272 4335.6 11.545 "" "" 0.0028986775643282 0.013838818 0.0047584046 0.018597223 264.79520512 -32.43597847331 1581.84631 -1.0279999999999998 -0.995
264.30245041702 -32.47784941133 0.0562 0.0454 3.4327 "" "" 4054948550528555904 1320.5144 0.7289 0.0589 -4.97 -1.035 0.08 0.057 1.021 5382.1 4.5741 16.637438 1.687349 17.441864 15.754515 "" "" 1240.3241 1408.49939 4168.42176 3.1803 1441.0 6.2235 3956.9 22.832 "" "" 0.002877146989243654 0.005456488 0.0073165926 0.012773081 264.30245041702 -32.47784941133 1320.5144 -4.97 -1.0349999999999997
264.1308955925 -32.77871132068 0.067 0.052 19.3679 "" "" 4054555608257845504 1546.47522 0.6477 0.0717 -0.013 -1.584 0.082 0.057 0.91 6018.2 4.4623 16.637594 1.657356 17.425714 15.768358 "" "" 1392.96838 1722.52515 4167.81898 3.5017 1462.6 10.349 3906.7 12.68 "" "" 0.0029023981139566475 0.008173394 0.005167414 0.013340808 264.1308955925 -32.77871132068 1546.47522 -0.012999999999999998 -1.5839999999999999
264.76019000848 -32.49847300344 0.0618 0.0526 26.6126 "" "" 4054188513162094208 1525.80017 0.6555 0.0775 -1.101 -6.794 0.08 0.063 1.0 "" "" 16.637728 2.204877 17.790033 15.585156 "" "" 1342.15161 1705.5874 4167.30869 3.2684 1045.7 8.7434 4624.8 10.8 "" "" 0.0028839045869033567 0.009497259 0.00455107 0.014048329 264.76019000848 -32.49847300344 1525.80017 -1.101 -6.794
264.34631922603 -32.69140079723 0.076 0.0588 14.515 "" "" 4054930064987606400 1603.81421 0.6217 0.0855 0.646 -1.359 0.095 0.069 1.183 9479.8 4.1048 16.638554 2.25486 17.760265 15.505405 "" "" 1408.98938 1877.24426 4164.14026 4.6715 1074.8 26.725 4977.3 27.414 "" "" 0.0030125351987891104 0.027140727 0.0070742075 0.034214936 264.34631922603 -32.69140079723 1603.81421 0.6459999999999999 -1.3589999999999998
263.91688676437 -32.61805884913 0.0624 0.0504 18.4589 "" "" 4054573548352000000 1319.85986 0.7476 0.0755 -2.577 -0.627 0.068 0.051 0.991 6639.2 4.3492 16.638924 1.858801 17.55389 15.695089 "" "" 1196.90833 1473.28503 4162.72223 3.0808 1299.8 11.057 4179.5 16.714 "" "" 0.0028701000780259507 0.009648275 0.005756377 0.015404651 263.91688676437 -32.61805884913 1319.85986 -2.5769999999999995 -0.627
263.89126363758 -32.31822779065 0.0565 0.0412 19.6295 "" "" 4054628317777110272 1201.37451 0.8233 0.0609 1.402 -3.786 0.071 0.05 0.972 5205.6 4.6715 16.63926 1.370012 17.25322 15.883207 "" "" 1119.76404 1329.4314 4161.43117 2.7534 1714.5 9.6563 3514.6 10.095 "" "" 0.0028474288924813847 0.0067214924 0.0048999153 0.011621408 263.89126363758 -32.31822779065 1201.37451 1.4019999999999997 -3.7859999999999996
264.58626181869 -32.76301038701 0.0674 0.0528 25.0389 "" "" 4054175864442099840 1300.50842 0.7463 0.0705 0.094 0.598 0.085 0.061 1.324 5012.1 4.2695 16.640665 2.050916 17.563013 15.512097 "" "" 1193.68103 1431.72168 4156.04633 4.2669 1288.9 17.086 4946.7 31.24 "" "" 0.0029722611353588985 0.014660761 0.007829371 0.022490133 264.58626181869 -32.76301038701 1300.50842 0.094 0.598
264.2939647111 -32.12357185934 0.0635 0.0486 20.8881 "" "" 4055010294977750528 1239.33521 0.7661 0.0796 -1.015 -7.631 0.079 0.055 0.947 4986.5 4.4342 16.64126 1.850119 17.541931 15.691812 "" "" 1144.72668 1368.65332 4153.77218 3.0848 1314.1 12.235 4192.1 10.566 "" "" 0.0028708787808066454 0.010486801 0.0046660937 0.015152895 264.2939647111 -32.12357185934 1239.33521 -1.0149999999999997 -7.6309999999999985
264.28837589805 -32.21317476231 0.0584 0.0454 15.5333 "" "" 4054961366701514880 1219.23096 0.7842 0.0698 1.41 -2.865 0.073 0.05 0.963 5660.2 4.5147 16.64132 1.539766 17.264738 15.724972 "" "" 1138.82776 1354.7998 4153.54526 2.8419 1696.4 26.141 4066.0 27.892 "" "" 0.002853707874333921 0.016961917 0.008351984 0.025313903 264.28837589805 -32.21317476231 1219.23096 1.41 -2.865
263.82402591122 -32.49319184054 0.0624 0.0491 20.8859 "" "" 4054622575388323712 1401.12769 0.7052 0.0709 -1.03 -1.661 0.073 0.053 1.032 8182.6 4.4261 16.641848 1.86561 17.553816 15.688206 "" "" 1273.19067 1521.00354 4151.52765 2.9745 1299.8 7.8146 4206.1 10.597 "" "" 0.0028630291875242457 0.0070989295 0.0046654446 0.011764374 263.82402591122 -32.49319184054 1401.12769 -1.0299999999999998 -1.661
264.37142711217 -32.62599943116 0.0657 0.0496 11.6977 "" "" 4054930683462919808 1321.50171 0.7529 0.0658 -6.506 -0.059 0.086 0.058 1.236 5420.8 4.6601 16.642267 1.46362 17.308102 15.844481 "" "" 1201.40039 1459.81445 4149.91915 3.1981 1630.0 9.8482 3642.2 14.517 "" "" 0.0028795622398922437 0.0071285767 0.005745521 0.012874098 264.37142711217 -32.62599943116 1321.50171 -6.505999999999999 -0.05899999999999986
263.84142634349 -32.53875990723 0.0659 0.0519 20.3906 "" "" 4054621170951222528 1418.65039 0.6961 0.0749 0.735 -2.638 0.073 0.055 1.032 7141.9 4.3304 16.642307 1.930852 17.601057 15.670205 "" "" 1306.39185 1612.84167 4149.76587 3.0812 1244.5 9.176 4276.4 10.249 "" "" 0.0028708328634645362 0.008477701 0.0045885467 0.013066247 263.84142634349 -32.53875990723 1418.65039 0.7349999999999999 -2.638
264.47356587772 -32.36187344448 0.0562 0.0433 13.6369 "" "" 4054945355071831040 1437.90857 0.6743 0.0627 2.936 -11.853 0.078 0.054 0.96 "" "" 16.6428 2.072318 17.684454 15.612136 "" "" 1326.41077 1593.56677 4147.88598 2.6679 1152.5 8.7334 4511.3 15.836 "" "" 0.0028424405784464816 0.008687718 0.005367439 0.014055157 264.47356587772 -32.36187344448 1437.90857 2.936 -11.853000000000002
263.93009722406 -32.39697105599 0.0657 0.0502 16.0508 "" "" 4054624813083784576 1129.92346 0.8557 0.0719 0.315 -5.861 0.083 0.059 0.982 4516.2 4.3874 16.645296 1.414697 17.290167 15.87547 "" "" 1033.45667 1217.19141 4138.36258 3.4726 1657.1 12.797 3539.7 13.568 "" "" 0.002902039498885395 0.008836687 0.0056217173 0.014458404 263.93009722406 -32.39697105599 1129.92346 0.31499999999999995 -5.861000000000001
264.56476983361 -32.64385207137 0.0663 0.0516 19.7023 "" "" 4054180747861504000 1449.98743 0.6969 0.0724 -1.02 -3.311 0.087 0.058 1.093 5603.9 4.5822 16.64613 1.773348 17.500425 15.727078 "" "" 1314.78528 1615.84534 4135.1815 6.4079 1365.4 14.948 4058.1 18.889 "" "" 0.0032283850810282968 0.01220941 0.0063106054 0.018520016 264.56476983361 -32.64385207137 1449.98743 -1.02 -3.311
264.68762060322 -32.64032779417 0.0581 0.0447 25.0844 "" "" 4054185833102750720 1129.63098 0.8518 0.066 4.68 -8.447 0.077 0.054 1.018 5413.5 4.5855 16.648233 1.827968 17.537556 15.709588 "" "" 1058.02576 1242.35461 4127.17928 3.0974 1319.5 8.1771 4124.0 11.181 "" "" 0.0028732805545801897 0.0072840177 0.0047904914 0.01207451 264.68762060322 -32.64032779417 1129.63098 4.679999999999999 -8.446999999999997
263.8236483545 -32.49016164116 0.0708 0.0524 20.893 "" "" 4054622575388326144 1207.98926 0.8213 0.0789 -2.454 -8.133 0.081 0.058 1.076 5175.7 4.6887 16.649126 1.480432 17.321342 15.840911 "" "" 1102.12463 1332.78418 4123.78467 3.1207 1610.2 8.8676 3654.2 12.389 "" "" 0.0028752178786165513 0.006598267 0.0052757594 0.011874026 263.8236483545 -32.49016164116 1207.98926 -2.4539999999999997 -8.133
263.94196443436 -32.39326334289 0.0568 0.043 15.5356 "" "" 4054624705692189184 1253.03369 0.7888 0.0619 1.467 -1.123 0.072 0.051 0.98 5365.9 4.6657 16.649654 1.400343 17.271757 15.871414 "" "" 1175.84363 1347.64575 4121.77818 3.1514 1685.4 14.858 3553.0 11.62 "" "" 0.0028776546221538253 0.009969923 0.0051857913 0.015155714 263.94196443436 -32.39326334289 1253.03369 1.4669999999999999 -1.123
263.86844487692 -32.78898107141 0.067 0.0533 26.7333 "" "" 4054562755080378112 1423.10339 0.6912 0.0679 -1.854 -0.498 0.086 0.064 0.912 4935.0 4.2746 16.649935 1.984711 17.63072 15.646009 "" "" 1309.55554 1563.6156 4120.71431 3.23 1211.0 9.6247 4372.7 18.359 "" "" 0.0028837602106122173 0.009069016 0.00592147 0.014990486 263.86844487692 -32.78898107141 1423.10339 -1.854 -0.49799999999999994
264.23420953784 -32.61767288062 0.0569 0.0452 8.969 "" "" 4054934321294075264 1570.31042 0.6204 0.0596 0.347 3.496 0.074 0.055 0.963 5323.8 4.3651 16.649937 1.601462 17.390198 15.788735 "" "" 1439.46375 1700.16357 4120.71084 3.0441 1511.3 9.4346 3834.1 14.482 "" "" 0.002869686770138705 0.0073297606 0.0055769077 0.012906669 264.23420953784 -32.61767288062 1570.31042 0.347 3.4959999999999996
264.17370848518 -32.39982590426 0.0615 0.0486 5.1627 "" "" 4054953051652805888 1117.42883 0.8871 0.0634 -5.695 -3.24 0.076 0.053 0.938 4614.4 4.3783 16.650288 1.468583 17.325678 15.857095 "" "" 1030.05066 1191.84741 4119.37921 3.0165 1603.8 10.169 3600.1 14.214 "" "" 0.0028677339536583445 0.007428122 0.005714873 0.013142996 264.17370848518 -32.39982590426 1117.42883 -5.695 -3.24
263.84694660608 -32.83190957402 0.0639 0.0488 29.3557 "" "" 4054561144486282496 1215.88232 0.8037 0.0686 -1.84 -7.533 0.087 0.06 0.996 4828.4 4.6428 16.6504 1.404687 17.28558 15.880893 "" "" 1111.86365 1368.70361 4118.9495 2.9686 1664.1 10.748 3522.1 13.014 "" "" 0.0028642818035422312 0.0075471937 0.005511609 0.013058802 263.84694660608 -32.83190957402 1215.88232 -1.8400000000000003 -7.5329999999999995
264.36342236166 -32.79942708779 0.0593 0.0462 20.8969 "" "" 4054553207386190208 1464.77112 0.6712 0.0659 -0.867 4.733 0.071 0.052 1.059 "" "" 16.651737 1.716728 17.477137 15.760408 "" "" 1339.69678 1603.81152 4113.88587 2.8838 1395.0 12.018 3935.5 10.998 "" "" 0.002858504958348427 0.009760957 0.004846632 0.01460759 264.36342236166 -32.79942708779 1464.77112 -0.8670000000000001 4.732999999999999
264.33032349607 -32.43131436647 0.0671 0.053 5.2815 "" "" 4054949272083096448 1232.10193 0.7937 0.0715 -0.504 -1.868 0.085 0.061 1.096 8334.1 3.7348 16.65203 1.949138 17.587673 15.638535 "" "" 1126.02173 1357.88843 4112.77165 3.3308 1259.9 10.514 4403.0 14.447 "" "" 0.002892224421912205 0.009480466 0.0051937504 0.0146742165 264.33032349607 -32.43131436647 1232.10193 -0.504 -1.8680000000000003
264.35989792199 -32.81103942632 0.0577 0.0441 21.5078 "" "" 4054553173026441344 1485.14209 0.655 0.0631 1.402 0.3 0.069 0.049 1.0 8916.9 4.2445 16.652678 1.736855 17.488203 15.751349 "" "" 1365.95557 1634.10229 4110.31939 2.5935 1380.8 13.435 3968.4 10.474 "" "" 0.002839209462682448 0.010926325 0.004742954 0.015669279 264.35989792199 -32.81103942632 1485.14209 1.4020000000000001 0.3
263.67548085625 -32.53914367371 0.0637 0.0483 28.6611 "" "" 4054618971928054912 1235.29968 0.7734 0.0734 1.673 -1.036 0.088 0.062 0.98 4891.2 4.5304 16.652935 1.529059 17.349617 15.820559 "" "" 1141.86633 1357.27612 4109.34625 2.9693 1568.8 23.629 3723.4 19.24 "" "" 0.0028648325738966623 0.016589494 0.0067645926 0.023354087 263.67548085625 -32.53914367371 1235.29968 1.6730000000000003 -1.036
264.45014987479 -32.93301936915 0.0524 0.0409 29.9192 "" "" 4053797980386717312 1326.35437 0.7238 0.0561 4.972 -4.239 0.066 0.047 1.018 5468.8 4.6247 16.652985 1.460959 17.322908 15.861949 "" "" 1221.9978 1430.07092 4109.1573 2.7362 1607.9 10.479 3584.1 11.677 "" "" 0.00284859138422228 0.007606195 0.0051765265 0.012782721 264.45014987479 -32.93301936915 1326.35437 4.972 -4.238999999999999
264.16132353928 -32.79509606634 0.0645 0.0474 19.97 "" "" 4054555440769427200 1475.80078 0.6555 0.068 1.004 -0.593 0.077 0.055 0.967 5309.8 4.3567 16.654182 1.79234 17.411655 15.619315 "" "" 1345.5752 1613.56885 4104.62821 3.15 1481.7 41.819 4481.6 108.16 "" "" 0.002878549860894709 0.030770214 0.026474567 0.05724478 264.16132353928 -32.79509606634 1475.80078 1.004 -0.593
263.80467348445 -32.11256644601 0.0561 0.042 30.5458 "" "" 4055021461892013696 1493.85632 0.6315 0.0641 3.188 -0.185 0.073 0.053 0.951 7955.3 3.8545 16.65444 2.497035 18.011114 15.514079 "" "" 1377.4314 1648.06213 4103.65795 2.9343 853.04 11.018 4937.7 9.5208 "" "" 0.0028626052874115597 0.014298417 0.004320471 0.018618887 263.80467348445 -32.11256644601 1493.85632 3.1880000000000006 -0.18500000000000003
264.10572669395 -32.00090966714 0.0639 0.0456 28.8016 "" "" 4055025997378367616 1519.60437 0.6352 0.0691 -2.444 -3.709 0.086 0.057 1.024 8978.8 4.2433 16.655521 2.052276 17.693958 15.641683 "" "" 1395.25549 1667.04517 4099.56702 3.081 1142.4 14.167 4390.2 19.447 "" "" 0.002873605426245236 0.013750367 0.0061167176 0.019867085 264.10572669395 -32.00090966714 1519.60437 -2.444 -3.7090000000000005
264.02321564348 -32.13740452733 0.0583 0.0427 22.5819 "" "" 4055007236962006528 1574.46387 0.6162 0.0634 -0.925 -1.608 0.088 0.055 0.987 "" "" 16.65629 2.142696 17.760939 15.618242 "" "" 1431.63635 1738.75452 4096.66679 3.1733 1074.1 10.851 4486.0 10.85 "" "" 0.002880815697667632 0.011317871 0.0046021305 0.015920002 264.02321564348 -32.13740452733 1574.46387 -0.925 -1.608
