Clusters/Trumpler_28/Trumpler_28_stars_in_region.tsv
# %ECSV 1.0
# ---
# datatype:
# - name: RA_ICRS_1
#   unit: deg
#   datatype: float64
#   format: '{:15.11f}'
#   description: Right ascension (ICRS) at Ep=2016.0 (ra)
#   meta: !!omap
#   - {ucd: POS_EQ_RA_MAIN}
#   - {width: 15}
#   - {precision: '11'}
# - name: DE_ICRS_1
#   unit: deg
#   datatype: float64
#   format: '{:15.11f}'
#   description: Declination (ICRS) at Ep=2016.0 (dec)
#   meta: !!omap
#   - {ucd: POS_EQ_DEC_MAIN}
#   - {width: 15}
#   - {precision: '11'}
# - name: e_RA_ICRS
#   unit: mas
#   datatype: float64
#   format: '{:7.4f}'
#   description: Standard error of right ascension (ra_error)
#   meta: !!omap
#   - {ucd: ERROR}
#   - {width: 7}
#   - {precision: '4'}
# - name: e_DE_ICRS
#   unit: mas
#   datatype: float64
#   format: '{:7.4f}'
#   description: Standard error of declination (dec_error)
#   meta: !!omap
#   - {ucd: ERROR}
#   - {width: 7}
#   - {precision: '4'}
# - name: _r_1
#   unit: ''
#   datatype: float64
#   format: '{:7.4f}'
#   description: Distance from center (264.23560831000-32.46819475000)[ICRS], at Epoch=J2016.0
#   meta: !!omap
#   - {ucd: POS_ANG_DIST_GENERAL}
#   - {width: 7}
#   - {precision: '4'}
# - name: HIP
#   datatype: int32
#   description: '? HIP cross-id number, van Leeuwen, Cat. I/311 (hip_original_ext_source_id)'
#   meta: !!omap
#   - {ucd: ID_NUMBER}
#   - {width: 6}
#   - values: {'null': -2147483648}
# - name: TYC2
#   datatype: string
#   description: Tycho-2 cross-id name, Hog et al., Cat. I/259 (tyc2_original_ext_source_id)
#   meta: !!omap
#   - {ucd: ID_CROSSID}
#   - {_votable_string_dtype: char}
# - name: Source
#   datatype: int64
#   description: Source identifier, identical to the Gaia-EDR3 source_id (id)
#   meta: !!omap
#   - {ucd: ID_MAIN}
#   - {width: 19}
# - name: rgeo
#   unit: pc
#   datatype: float64
#   format: '{:15.8f}'
#   description: '? Median of the geometric distance posterior (r_med_geo)'
#   meta: !!omap
#   - {ucd: PHYS_DISTANCE_TRUE}
#   - {width: 15}
#   - {precision: '8'}
#   - values: {'null': .nan}
# - name: Plx
#   unit: mas
#   datatype: float64
#   format: '{:9.4f}'
#   description: '? Parallax (parallax)'
#   meta: !!omap
#   - {ucd: POS_PARLX_TRIG}
#   - {width: 9}
#   - {precision: '4'}
#   - values: {'null': .nan}
# - name: e_Plx
#   unit: mas
#   datatype: float32
#   format: '{:7.4f}'
#   description: '? Standard error of parallax (parallax_error)'
#   meta: !!omap
#   - {ucd: ERROR}
#   - {width: 7}
#   - {precision: '4'}
#   - values: {'null': .nan}
# - name: pmRA
#   unit: mas / yr
#   datatype: float64
#   format: '{:9.3f}'
#   description: '? Proper motion in right ascension direction, pmRA*cosDE (pmra)'
#   meta: !!omap
#   - {ucd: POS_EQ_PMRA}
#   - {width: 9}
#   - {precision: '3'}
#   - values: {'null': .nan}
# - name: pmDE
#   unit: mas / yr
#   datatype: float64
#   format: '{:9.3f}'
#   description: '? Proper motion in declination direction (pmdec)'
#   meta: !!omap
#   - {ucd: POS_EQ_PMDEC}
#   - {width: 9}
#   - {precision: '3'}
#   - values: {'null': .nan}
# - name: e_pmRA
#   unit: mas / yr
#   datatype: float32
#   format: '{:6.3f}'
#   description: '? Standard error of proper motion in right ascension direction (pmra_error)'
#   meta: !!omap
#   - {ucd: ERROR}
#   - {width: 6}
#   - {precision: '3'}
#   - values: {'null': .nan}
# - name: e_pmDE
[...]
#         unit: &id001 !astropy.units.Unit {unit: deg}
#         value: !astropy.table.SerializedColumn {name: SkyCoord.dec}
#       distance: !astropy.table.SerializedColumn
#         __class__: astropy.coordinates.distances.Distance
#         unit: !astropy.units.Unit {unit: pc}
#         value: !astropy.table.SerializedColumn {name: SkyCoord.distance}
#       frame: icrs
#       obstime: !astropy.time.Time {format: jyear_str, in_subfmt: '*', jd1: 367701545.0, jd2: 0.0, out_subfmt: '*', precision: 3, scale: tt}
#       pm_dec: !astropy.table.SerializedColumn
#         __class__: astropy.units.quantity.Quantity
#         unit: !astropy.units.Unit {unit: mas / yr}
#         value: !astropy.table.SerializedColumn {name: SkyCoord.pm_dec}
#       pm_ra_cosdec: !astropy.table.SerializedColumn
#         __class__: astropy.units.quantity.Quantity
#         unit: !astropy.units.Unit {unit: mas / yr}
#         value: !astropy.table.SerializedColumn {name: SkyCoord.pm_ra_cosdec}
#       ra: !astropy.table.SerializedColumn
#         __class__: astropy.coordinates.angles.Longitude
#         unit: *id001
#         value: !astropy.table.SerializedColumn {name: SkyCoord.ra}
#         wrap_angle: !astropy.coordinates.Angle
#           unit: *id001
#           value: 360.0
#       representation_type: spherical
# schema: astropy-2.0
RA_ICRS_1 DE_ICRS_1 e_RA_ICRS e_DE_ICRS _r_1 HIP TYC2 Source rgeo Plx e_Plx pmRA pmDE e_pmRA e_pmDE RUWE Teff logg Gmag BP-RP BPmag RPmag RV e_RV b_rgeo B_rgeo FG e_FG FBP e_FBP FRP e_FRP RAVE5 RAVE6 e_Gmag e_BPmag e_RPmag e_BP-RP SkyCoord.ra SkyCoord.dec SkyCoord.distance SkyCoord.pm_ra_cosdec SkyCoord.pm_dec
[from data line 927]
264.2545885559 -32.52416824548 0.0653 0.0479 3.4931 "" "" 4054946866899784320 1252.99414 0.7682 0.0683 0.629 -3.476 0.088 0.057 1.559 "" "" 15.472237 "" "" "" "" "" 1154.20276 1361.82593 12191.35361 27.702 "" "" "" "" "" "" 0.0036984159302046516 "" "" "" 264.2545885559 -32.52416824548 1252.99414 0.629 -3.476000000000001
264.19519359913 -32.73318451847 0.0354 0.0268 16.0301 "" "" 4054557364914828800 1375.79431 0.693 0.0386 -0.525 3.925 0.049 0.034 1.063 "" "" 15.472416 1.645931 16.235102 14.58917 "" "" 1315.61145 1452.35474 12189.3471 5.0935 4379.0 13.913 11574.0 22.789 "" "" 0.0027924227711973366 0.004436763 0.004342107 0.00877887 264.19519359913 -32.73318451847 1375.79431 -0.525 3.9250000000000003
264.2224125421 -32.81229533451 0.0366 0.0275 20.6568 "" "" 4054553855911147520 1489.74231 0.6219 0.0394 -0.3 1.702 0.047 0.032 0.952 6288.1 3.8734 15.474487 1.792895 16.160872 14.367976 "" "" 1409.86572 1586.99316 12166.10881 10.047 4688.9 93.693 14190.0 337.85 "" "" 0.0028975367070622846 0.021873724 0.026125133 0.047998857 264.2224125421 -32.81229533451 1489.74231 -0.30000000000000004 1.702
264.00025306832 -32.19147423625 0.0352 0.0268 20.4462 "" "" 4055006721565915008 1520.16907 0.6179 0.0387 0.969 -3.104 0.049 0.033 1.217 "" "" 15.475021 2.172518 16.593718 14.4212 -92.42 5.65 1439.28418 1607.12219 12160.12861 5.2618 3147.2 14.065 13511.0 15.014 "" "" 0.002795086584416022 0.0055972314 0.0039672926 0.0095645245 264.00025306832 -32.19147423625 1520.16907 0.969 -3.104
264.01216774615 -32.68465141528 0.0326 0.0253 17.2134 "" "" 4054569596966648192 1208.37158 0.796 0.035 -4.392 -5.327 0.045 0.032 0.991 5099.6 4.2193 15.476106 1.368509 16.080334 14.711824 "" "" 1154.44971 1270.90857 12147.98997 4.5186 5049.9 18.341 10338.0 25.904 "" "" 0.002784759772224495 0.0048306314 0.0046567204 0.009487351 264.01216774615 -32.68465141528 1208.37158 -4.3919999999999995 -5.327
264.34804951401 -32.48247881434 0.0308 0.0231 5.7556 "" "" 4054937108735651328 1117.24219 0.8583 0.0345 0.226 -0.378 0.049 0.031 0.961 7077.4 4.2892 15.478886 1.478493 16.15187 14.673378 "" "" 1079.29736 1171.13013 12116.92486 4.4945 4727.9 10.55 10710.0 12.114 "" "" 0.0027845969793710307 0.0036952351 0.0039739 0.007669135 264.34804951401 -32.48247881434 1117.24219 0.226 -0.378
264.14730037115 -32.47562398742 0.0324 0.0251 4.4923 "" "" 4054951058787955456 1284.28796 0.7418 0.0358 -1.981 -4.718 0.04 0.029 0.993 5510.8 4.1468 15.481824 1.698453 16.286608 14.588155 "" "" 1217.84045 1341.3551 12084.18067 4.6907 4176.1 11.786 11585.0 18.388 "" "" 0.002787365859950095 0.0041442113 0.0041537355 0.008297946 264.14730037115 -32.47562398742 1284.28796 -1.9810000000000003 -4.718
264.44048557546 -32.5384142279 0.0344 0.0269 11.1905 "" "" 4054935803065513088 1179.9696 0.8067 0.0391 -4.458 -2.117 0.048 0.033 0.924 5665.6 4.1437 15.482209 1.745175 16.314224 14.569049 "" "" 1118.14307 1257.98596 12079.89229 4.8965 4071.2 10.663 11791.0 24.17 "" "" 0.0027902461386347527 0.003983916 0.0043860115 0.008369927 264.44048557546 -32.5384142279 1179.9696 -4.458000000000001 -2.117
264.2835522333 -32.14062911188 0.0355 0.0297 19.8038 "" "" 4055009985740097920 1272.01257 0.7408 0.0451 0.809 -5.736 0.044 0.032 0.913 6853.3 4.1879 15.484784 1.466199 16.15233 14.686132 "" "" 1205.00391 1357.09412 12051.27441 4.5836 4725.9 22.422 10585.0 15.28 "" "" 0.0027860935992794554 0.0058583794 0.00409148 0.009949859 264.2835522333 -32.14062911188 1272.01257 0.8089999999999999 -5.736000000000001
264.40112025487 -32.16921476781 0.033 0.0286 19.8048 "" "" 4054962431862086016 1138.12646 0.8498 0.0453 0.871 -1.899 0.043 0.035 1.06 7953.2 3.7372 15.486756 1.742976 16.316982 14.574006 "" "" 1077.96399 1192.24658 12029.40296 5.0359 4060.9 12.397 11737.0 17.168 "" "" 0.0027925583204839125 0.00433255 0.0040994994 0.008432049 264.40112025487 -32.16921476781 1138.12646 0.8709999999999999 -1.899
264.68395333283 -32.1586831597 0.0534 0.0439 29.3554 "" "" 4054971812070413568 1367.34326 0.6848 0.0632 -0.641 -0.843 0.066 0.052 1.706 "" "" 15.487156 1.76958 16.325735 14.556155 "" "" 1264.22729 1471.99695 12024.98356 6.2935 4028.3 15.077 11932.0 17.674 "" "" 0.0028133052528192875 0.0049293395 0.0041073235 0.009036663 264.68395333283 -32.1586831597 1367.34326 -0.641 -0.843
264.2679907481 -32.91489478139 0.0337 0.0262 26.8518 "" "" 4053800243767881088 1218.05273 0.7799 0.0378 1.243 -3.101 0.041 0.03 0.894 "" "" 15.487555 1.470768 16.139141 14.668373 "" "" 1163.94043 1291.52966 12020.55518 6.0115 4783.7 22.984 10760.0 31.963 "" "" 0.002808311774858092 0.005915891 0.004968479 0.01088437 264.2679907481 -32.91489478139 1218.05273 1.243 -3.1009999999999995
263.90350552452 -32.66189885649 0.033 0.0257 20.4229 "" "" 4054572616325636224 1226.71289 0.7764 0.0368 1.888 -2.411 0.04 0.029 0.98 5613.3 4.0308 15.489378 1.516498 16.185339 14.668841 "" "" 1170.29321 1275.39758 12000.3972 12.173 4584.4 19.973 10755.0 38.769 "" "" 0.0029672826806672217 0.00549185 0.0054407306 0.010932581 263.90350552452 -32.66189885649 1226.71289 1.8880000000000003 -2.411
263.95830976209 -32.24974670889 0.0733 0.0572 19.2175 "" "" 4055004208998656384 1420.40063 0.6962 0.0821 3.962 -0.282 0.099 0.07 2.806 7711.2 3.8122 15.490814 1.861163 16.382912 14.521749 "" "" 1285.11816 1567.7572 11984.5332 12.498 3821.7 11.06 12316.0 14.628 "" "" 0.0029788903217086524 0.0042021386 0.003993329 0.008195467 263.95830976209 -32.24974670889 1420.40063 3.9619999999999993 -0.28200000000000003
264.19472370238 -32.45292231679 0.0369 0.03 2.2636 "" "" 4054948275649139968 1321.69556 0.7324 0.0396 -3.093 -5.954 0.048 0.035 1.096 5915.4 4.179 15.494683 1.359498 16.089714 14.730216 "" "" 1247.91272 1413.93408 11941.89682 6.4745 5006.5 14.011 10164.0 15.681 "" "" 0.0028174985963412007 0.004125231 0.004133956 0.0082591865 264.19472370238 -32.45292231679 1321.69556 -3.093 -5.953999999999999
263.80962244819 -32.17732454052 0.0316 0.0235 27.7684 "" "" 4055017785400000256 1163.22864 0.8255 0.0343 4.219 -1.489 0.044 0.031 0.909 5382.1 4.2535 15.497704 1.26109 16.047783 14.786693 "" "" 1121.16528 1206.26245 11908.71348 4.0336 5203.6 13.982 9649.0 12.395 "" "" 0.0027797534421938044 0.0040368335 0.0040285215 0.008065355 263.80962244819 -32.17732454052 1163.22864 4.218999999999999 -1.489
264.44296918139 -32.59309955678 0.0402 0.0292 12.8917 "" "" 4054932641961927808 1353.38171 0.6967 0.0383 -0.24 -0.234 0.057 0.037 0.997 6113.6 3.9065 15.497987 1.511349 16.147203 14.635855 "" "" 1285.91284 1432.8114 11905.62084 5.3637 4748.3 16.869 11087.0 51.343 "" "" 0.002798401555420177 0.0047605955 0.006289998 0.011050593 264.44296918139 -32.59309955678 1353.38171 -0.24000000000000002 -0.23399999999999996
263.88650922839 -32.66537335197 0.0323 0.0262 21.2503 "" "" 4054567496724611712 1268.20947 0.7608 0.0385 0.734 3.847 0.04 0.03 0.971 6449.4 4.257 15.49811 1.458496 16.16297 14.704474 "" "" 1197.61487 1329.776 11904.27194 4.2865 4679.8 12.022 10408.0 19.162 "" "" 0.0027829181556777763 0.0039451835 0.0042754477 0.008220632 263.88650922839 -32.66537335197 1268.20947 0.7339999999999999 3.8470000000000004
264.24599438872 -32.44519027805 0.0326 0.0253 1.477 "" "" 4054949615680513792 1578.66748 0.5903 0.0339 -0.137 -0.443 0.044 0.031 0.97 7495.7 3.8053 15.498362 1.458663 16.141687 14.683024 "" "" 1497.64001 1686.56152 11901.51108 4.0615 4772.5 20.424 10616.0 50.311 "" "" 0.002780120966205189 0.0054198094 0.006384336 0.011804145 264.24599438872 -32.44519027805 1578.66748 -0.13700000000000004 -0.44300000000000006
263.71464723794 -32.55274319301 0.036 0.028 26.8431 "" "" 4054619075007238656 1126.60327 0.8536 0.0409 2.486 -1.884 0.047 0.035 0.949 5213.3 3.8266 15.49993 1.600362 16.246086 14.645724 "" "" 1079.51794 1161.32312 11884.32324 19.023 4334.9 28.294 10987.0 62.255 "" "" 0.003257628359578263 0.007616123 0.007220206 0.014836329 263.71464723794 -32.55274319301 1126.60327 2.4860000000000007 -1.8840000000000001
264.42363737416 -32.88895992181 0.0294 0.0233 26.9727 "" "" 4053801171485578112 1463.49768 0.6436 0.0339 6.419 4.209 0.037 0.027 0.987 7213.7 3.7222 15.503971 1.919722 16.45455 14.534828 "" "" 1395.73682 1547.9801 11840.18247 4.8587 3577.6 8.0788 12168.0 16.728 "" "" 0.002791109929639068 0.0037143256 0.0040634517 0.0077777775 264.42363737416 -32.88895992181 1463.49768 6.419 4.2090000000000005
263.81431434163 -32.71254156665 0.0336 0.0271 25.8558 "" "" 4054566985641960576 1226.98706 0.7843 0.0397 -3.481 -2.127 0.042 0.032 0.969 5894.5 4.125 15.504003 1.416844 16.14375 14.726905 "" "" 1171.84778 1274.77417 11839.83691 4.2493 4763.4 13.455 10195.0 13.64 "" "" 0.002782738117213845 0.0041461485 0.004048929 0.008195078 263.81431434163 -32.71254156665 1226.98706 -3.4810000000000003 -2.127
264.28053670758 -32.16968463204 0.0335 0.0268 18.0549 "" "" 4055009878355680128 1414.01562 0.6668 0.0401 -1.342 -6.014 0.042 0.031 0.983 7993.8 4.0568 15.505238 1.804824 16.363672 14.558848 "" "" 1341.90051 1504.77551 11826.37606 5.4244 3890.0 11.961 11902.0 50.502 "" "" 0.0027999620844680584 0.00435088 0.00595883 0.01030971 264.28053670758 -32.16968463204 1414.01562 -1.3420000000000003 -6.014000000000001
264.09136886506 -32.02587445767 0.0347 0.026 27.5301 "" "" 4055014211988098688 1362.13599 0.6894 0.0393 -1.991 -7.705 0.049 0.033 0.978 5076.7 3.3008 15.505338 2.413202 16.799746 14.386543 -50.04 5.5 1277.99243 1440.97864 11825.28309 5.4021 2603.3 22.872 13949.0 25.085 "" "" 0.002799606806201511 0.009938719 0.0042539462 0.014192665 264.09136886506 -32.02587445767 1362.13599 -1.991 -7.704999999999999
264.17805915724 -32.66122372622 0.0313 0.0239 11.9417 "" "" 4054558911103186176 1564.48682 0.5954 0.0357 0.582 -2.014 0.042 0.029 0.96 7110.8 3.6177 15.506562 1.409219 16.128922 14.719703 "" "" 1482.21204 1651.39612 11811.95777 4.4228 4828.9 15.965 10263.0 17.139 "" "" 0.002785150168224018 0.004546451 0.0041918093 0.008738261 264.17805915724 -32.66122372622 1564.48682 0.5820000000000001 -2.014
264.31472603475 -32.81359280953 0.0315 0.0243 21.1059 "" "" 4054553310465441152 1263.15552 0.7414 0.0365 -2.312 3.721 0.039 0.028 1.005 7220.3 4.2663 15.506985 1.279367 16.066162 14.786796 "" "" 1208.68079 1331.47546 11807.35827 4.42 5116.3 11.645 9648.1 10.858 "" "" 0.0027851357064409073 0.0037271809 0.003971995 0.0076991757 264.31472603475 -32.81359280953 1263.15552 -2.312 3.721
264.19849841008 -32.092616909 0.0319 0.0241 22.6132 "" "" 4055009843996127360 1352.51099 0.7046 0.0374 3.686 0.609 0.045 0.031 0.916 9221.9 3.8231 15.508087 2.028259 16.524864 14.496605 "" "" 1281.85901 1432.93066 11795.38252 4.9613 3353.3 12.28 12604.0 21.2 "" "" 0.0027929092248018383 0.0048573557 0.0041974736 0.009054829 264.19849841008 -32.092616909 1352.51099 3.6860000000000004 0.609
263.70699909313 -32.59385136616 0.0347 0.0273 27.7827 "" "" 4054615634718194048 1218.70935 0.7803 0.0398 10.111 -2.366 0.043 0.033 1.005 5954.7 4.2027 15.511243 1.346391 16.110395 14.764005 "" "" 1172.41602 1280.66284 11761.14863 4.6605 4912.0 13.885 9852.7 16.386 "" "" 0.0027887080701837685 0.0041478258 0.0041885828 0.008336408 263.70699909313 -32.59385136616 1218.70935 10.110999999999999 -2.366
264.24460956912 -32.76496461028 0.0338 0.0262 17.812 "" "" 4054554100739574400 1619.34277 0.573 0.0364 -1.433 -2.252 0.043 0.032 0.979 7983.9 4.4007 15.511361 1.59978 16.24839 14.64861 "" "" 1535.11316 1718.65967 11759.86737 5.247 4325.7 9.145 10958.0 16.211 "" "" 0.0027975817986873657 0.0036129968 0.0041065365 0.0077195335 264.24460956912 -32.76496461028 1619.34277 -1.4330000000000003 -2.2519999999999993
263.74113033848 -32.42901432882 0.0345 0.0257 25.1467 "" "" 4054626393631567104 1216.99536 0.7807 0.0363 1.016 -3.876 0.046 0.032 0.96 6193.7 4.3206 15.515719 1.258142 16.058662 14.800521 "" "" 1169.34424 1280.39124 11712.75544 4.2466 5151.7 15.282 9526.9 13.511 "" "" 0.0027832978839378553 0.0042612357 0.0040810127 0.008342248 263.74113033848 -32.42901432882 1216.99536 1.0160000000000002 -3.8760000000000003
264.31784790131 -32.42722793562 0.0311 0.0247 4.8354 "" "" 4054949340802584960 1274.46777 0.7449 0.0347 -0.717 -2.854 0.043 0.03 0.98 9448.8 3.9769 15.518821 1.535707 16.224709 14.689002 "" "" 1229.30981 1332.95276 11679.34326 4.6452 4421.1 11.526 10557.0 14.051 "" "" 0.002788953992748193 0.0039745597 0.0040462296 0.008020789 264.31784790131 -32.42722793562 1274.46777 -0.717 -2.8539999999999996
264.05925530272 -31.98880187818 0.0349 0.0262 30.1241 "" "" 4055026233591538304 1595.85217 0.5926 0.0397 -0.913 -1.419 0.051 0.032 0.926 "" "" 15.519065 1.523809 16.2095 14.68569 "" "" 1498.63782 1695.57227 11676.71496 4.7954 4483.5 17.643 10590.0 28.536 "" "" 0.0027911660578758078 0.005102852 0.0047794473 0.009882299 264.05925530272 -31.98880187818 1595.85217 -0.9129999999999999 -1.419
264.10500614134 -32.2234208931 0.0326 0.0251 16.1096 "" "" 4055003045073862528 1587.71338 0.5942 0.0367 -0.126 -2.878 0.044 0.03 0.963 7334.8 3.4475 15.520388 1.951032 16.451567 14.500535 "" "" 1507.69482 1680.7373 11662.4999 5.3791 3587.5 15.003 12559.0 19.147 "" "" 0.0028004579226114036 0.005329337 0.0041259737 0.00945531 264.10500614134 -32.2234208931 1587.71338 -0.12599999999999997 -2.878
264.26589685591 -32.52446728186 0.0321 0.0257 3.708 "" "" 4054946896954351872 1406.89563 0.6707 0.0349 -0.77 -2.724 0.045 0.032 1.033 8544.9 4.1781 15.522161 1.481629 16.193247 14.711617 "" "" 1343.46179 1469.96338 11643.47294 5.008 4551.1 12.142 10340.0 15.731 "" "" 0.0027946140243596336 0.004021904 0.004124585 0.008146489 264.26589685591 -32.52446728186 1406.89563 -0.7700000000000002 -2.724
264.00919821411 -32.7103553701 0.0355 0.0273 18.4964 "" "" 4054569145991956608 1291.85999 0.7312 0.0368 -0.114 -8.734 0.05 0.035 1.017 5784.0 3.9732 15.52325 1.474655 16.19119 14.716536 "" "" 1235.42407 1365.00049 11631.79421 6.0891 4559.7 15.989 10293.0 31.425 "" "" 0.002813331332824245 0.004720176 0.0050270907 0.009747267 264.00919821411 -32.7103553701 1291.85999 -0.11399999999999988 -8.734
263.82539185024 -32.56857486388 0.0324 0.0252 21.6104 "" "" 4054621033512255744 1193.87109 0.7989 0.0363 -7.369 -4.733 0.04 0.029 0.892 5849.1 4.3556 15.52352 1.254346 16.069422 14.815076 "" "" 1145.62732 1246.73389 11628.89856 4.4619 5100.9 12.432 9400.0 14.225 "" "" 0.002786634889146879 0.0038454244 0.004121082 0.007966506 263.82539185024 -32.56857486388 1193.87109 -7.368999999999999 -4.7330000000000005
264.11993350962 -32.19151478397 0.035 0.028 17.6062 "" "" 4055003182512825216 1528.28931 0.6304 0.0419 -0.529 -1.164 0.046 0.033 0.959 7982.6 4.2738 15.526988 1.577795 16.249115 14.67132 "" "" 1421.71008 1644.95593 11591.81535 5.4529 4322.9 18.065 10731.0 11.652 "" "" 0.0028022571896143436 0.0053264583 0.0039589875 0.009285446 264.11993350962 -32.19151478397 1528.28931 -0.529 -1.1640000000000001
264.17225473292 -32.47009897473 0.0345 0.0264 3.209 "" "" 4054948138210186752 1504.85181 0.6255 0.0359 0.606 -1.535 0.044 0.032 0.982 7938.9 4.0696 15.529797 1.512455 16.220863 14.708408 "" "" 1434.26501 1594.30688 11561.87086 4.1764 4436.8 13.136 10370.0 21.709 "" "" 0.0027830924628808075 0.0042565544 0.0044102063 0.008666761 264.17225473292 -32.47009897473 1504.85181 0.6060000000000001 -1.5349999999999997
264.59756020106 -32.54411005365 0.0344 0.0271 18.8727 "" "" 4054937967727805312 1392.99133 0.6693 0.0409 0.695 -3.108 0.046 0.033 0.974 9119.6 4.4521 15.531028 1.773946 16.382904 14.608958 "" "" 1308.80664 1479.81238 11548.7628 5.1184 3821.7 10.825 11365.0 20.456 "" "" 0.0027970234383781936 0.0041524535 0.0042547313 0.008407185 264.59756020106 -32.54411005365 1392.99133 0.6950000000000001 -3.1080000000000005
