Clusters/Trumpler_28/Trumpler_28_stars_in_region.tsv
# %ECSV 1.0
# ---
# datatype:
# - name: RA_ICRS_1
#   unit: deg
#   datatype: float64
#   format: '{:15.11f}'
#   description: Right ascension (ICRS) at Ep=2016.0 (ra)
#   meta: !!omap
#   - {ucd: POS_EQ_RA_MAIN}
#   - {width: 15}
#   - {precision: '11'}
# - name: DE_ICRS_1
#   unit: deg
#   datatype: float64
#   format: '{:15.11f}'
#   description: Declination (ICRS) at Ep=2016.0 (dec)
#   meta: !!omap
#   - {ucd: POS_EQ_DEC_MAIN}
#   - {width: 15}
#   - {precision: '11'}
# - name: e_RA_ICRS
#   unit: mas
#   datatype: float64
#   format: '{:7.4f}'
#   description: Standard error of right ascension (ra_error)
#   meta: !!omap
#   - {ucd: ERROR}
#   - {width: 7}
#   - {precision: '4'}
# - name: e_DE_ICRS
#   unit: mas
#   datatype: float64
#   format: '{:7.4f}'
#   description: Standard error of declination (dec_error)
#   meta: !!omap
#   - {ucd: ERROR}
#   - {width: 7}
#   - {precision: '4'}
# - name: _r_1
#   unit: ''
#   datatype: float64
#   format: '{:7.4f}'
#   description: Distance from center (264.23560831000-32.46819475000)[ICRS], at Epoch=J2016.0
#   meta: !!omap
#   - {ucd: POS_ANG_DIST_GENERAL}
#   - {width: 7}
#   - {precision: '4'}
# - name: HIP
#   datatype: int32
#   description: '? HIP cross-id number, van Leeuwen, Cat. I/311 (hip_original_ext_source_id)'
#   meta: !!omap
#   - {ucd: ID_NUMBER}
#   - {width: 6}
#   - values: {'null': -2147483648}
# - name: TYC2
#   datatype: string
#   description: Tycho-2 cross-id name, Hog et al., Cat. I/259 (tyc2_original_ext_source_id)
#   meta: !!omap
#   - {ucd: ID_CROSSID}
#   - {_votable_string_dtype: char}
# - name: Source
#   datatype: int64
#   description: Source identifier, identical to the Gaia-EDR3 source_id (id)
#   meta: !!omap
#   - {ucd: ID_MAIN}
#   - {width: 19}
# - name: rgeo
#   unit: pc
#   datatype: float64
#   format: '{:15.8f}'
#   description: '? Median of the geometric distance posterior (r_med_geo)'
#   meta: !!omap
#   - {ucd: PHYS_DISTANCE_TRUE}
#   - {width: 15}
#   - {precision: '8'}
#   - values: {'null': .nan}
# - name: Plx
#   unit: mas
#   datatype: float64
#   format: '{:9.4f}'
#   description: '? Parallax (parallax)'
#   meta: !!omap
#   - {ucd: POS_PARLX_TRIG}
#   - {width: 9}
#   - {precision: '4'}
#   - values: {'null': .nan}
# - name: e_Plx
#   unit: mas
#   datatype: float32
#   format: '{:7.4f}'
#   description: '? Standard error of parallax (parallax_error)'
#   meta: !!omap
#   - {ucd: ERROR}
#   - {width: 7}
#   - {precision: '4'}
#   - values: {'null': .nan}
# - name: pmRA
#   unit: mas / yr
#   datatype: float64
#   format: '{:9.3f}'
#   description: '? Proper motion in right ascension direction, pmRA*cosDE (pmra)'
#   meta: !!omap
#   - {ucd: POS_EQ_PMRA}
#   - {width: 9}
#   - {precision: '3'}
#   - values: {'null': .nan}
# - name: pmDE
#   unit: mas / yr
#   datatype: float64
#   format: '{:9.3f}'
#   description: '? Proper motion in declination direction (pmdec)'
#   meta: !!omap
#   - {ucd: POS_EQ_PMDEC}
#   - {width: 9}
#   - {precision: '3'}
#   - values: {'null': .nan}
# - name: e_pmRA
#   unit: mas / yr
#   datatype: float32
#   format: '{:6.3f}'
#   description: '? Standard error of proper motion in right ascension direction (pmra_error)'
#   meta: !!omap
#   - {ucd: ERROR}
#   - {width: 6}
#   - {precision: '3'}
#   - values: {'null': .nan}
# - name: e_pmDE
[...]
#         unit: &id001 !astropy.units.Unit {unit: deg}
#         value: !astropy.table.SerializedColumn {name: SkyCoord.dec}
#       distance: !astropy.table.SerializedColumn
#         __class__: astropy.coordinates.distances.Distance
#         unit: !astropy.units.Unit {unit: pc}
#         value: !astropy.table.SerializedColumn {name: SkyCoord.distance}
#       frame: icrs
#       obstime: !astropy.time.Time {format: jyear_str, in_subfmt: '*', jd1: 367701545.0, jd2: 0.0, out_subfmt: '*', precision: 3, scale: tt}
#       pm_dec: !astropy.table.SerializedColumn
#         __class__: astropy.units.quantity.Quantity
#         unit: !astropy.units.Unit {unit: mas / yr}
#         value: !astropy.table.SerializedColumn {name: SkyCoord.pm_dec}
#       pm_ra_cosdec: !astropy.table.SerializedColumn
#         __class__: astropy.units.quantity.Quantity
#         unit: !astropy.units.Unit {unit: mas / yr}
#         value: !astropy.table.SerializedColumn {name: SkyCoord.pm_ra_cosdec}
#       ra: !astropy.table.SerializedColumn
#         __class__: astropy.coordinates.angles.Longitude
#         unit: *id001
#         value: !astropy.table.SerializedColumn {name: SkyCoord.ra}
#         wrap_angle: !astropy.coordinates.Angle
#           unit: *id001
#           value: 360.0
#       representation_type: spherical
# schema: astropy-2.0
RA_ICRS_1 DE_ICRS_1 e_RA_ICRS e_DE_ICRS _r_1 HIP TYC2 Source rgeo Plx e_Plx pmRA pmDE e_pmRA e_pmDE RUWE Teff logg Gmag BP-RP BPmag RPmag RV e_RV b_rgeo B_rgeo FG e_FG FBP e_FBP FRP e_FRP RAVE5 RAVE6 e_Gmag e_BPmag e_RPmag e_BP-RP SkyCoord.ra SkyCoord.dec SkyCoord.distance SkyCoord.pm_ra_cosdec SkyCoord.pm_dec
[from data line 1415]
264.43142441115 -31.98961042084 0.0532 0.0431 30.3864 "" "" 4055035064044300544 1605.78491 0.602 0.0691 -0.603 0.552 0.066 0.05 1.182 "" "" 16.05081 1.718206 16.866114 15.147908 "" "" 1445.19714 1811.11597 7155.21223 3.6808 2448.9 11.35 6918.2 17.344 "" "" 0.0028113593825394344 0.005753874 0.0046575475 0.010411421 264.43142441115 -31.98961042084 1605.78491 -0.6029999999999999 0.552
264.21410237176 -32.53651268536 0.0404 0.0314 4.2411 "" "" 4054947000033540096 1464.37219 0.6614 0.044 -0.694 -2.624 0.057 0.039 0.977 5504.9 4.2091 16.051064 1.614916 16.783018 15.168102 "" "" 1361.97668 1586.78638 7153.55082 4.5432 2643.7 10.131 6790.7 27.692 "" "" 0.0028402932582205337 0.0050096223 0.0058212522 0.010830875 264.21410237176 -32.53651268536 1464.37219 -0.694 -2.6240000000000006
264.28964381081 -32.9023886607 0.0445 0.034 26.1942 "" "" 4053800381211586304 1160.31079 0.8367 0.0495 -13.326 -11.825 0.054 0.04 0.936 7646.6 4.1911 16.051083 1.582345 16.777994 15.195649 "" "" 1105.43542 1227.80078 7153.41521 3.7273 2655.9 9.2421 6620.6 15.193 "" "" 0.0028127982460419074 0.004696779 0.004526762 0.009223541 264.28964381081 -32.9023886607 1160.31079 -13.326 -11.825000000000001
264.73245908127 -32.20392454592 0.0442 0.0354 29.7633 "" "" 4054970746918424064 1100.50647 0.8778 0.0507 1.799 -7.898 0.06 0.045 1.001 7984.5 4.4087 16.05206 1.752499 16.889242 15.136744 "" "" 1037.00806 1196.06604 7146.98866 4.1328 2397.3 12.578 6989.7 13.13 "" "" 0.002825945217154659 0.0063431826 0.00429458 0.010637762 264.73245908127 -32.20392454592 1100.50647 1.7989999999999997 -7.898
264.5218730697 -32.20225454985 0.0479 0.0418 21.5689 "" "" 4054982429229664896 1285.36926 0.7409 0.0647 3.587 -2.969 0.064 0.048 1.001 "" "" 16.053186 2.543546 17.445938 14.902392 "" "" 1188.00244 1397.43811 7139.57136 4.1456 1435.6 14.946 8673.6 22.157 "" "" 0.0028265237069048667 0.011642846 0.004687889 0.016330736 264.5218730697 -32.20225454985 1285.36926 3.5870000000000006 -2.969
264.07925959782 -32.20135876702 0.053 0.0408 17.8648 "" "" 4055006068730853504 1620.81348 0.5789 0.0568 1.576 -2.631 0.074 0.051 1.073 6076.6 3.8447 16.054361 1.926927 16.889238 14.962312 "" "" 1490.24915 1751.50623 7131.85229 5.7586 2397.3 28.3 8207.9 110.77 "" "" 0.0028914268736522667 0.01311724 0.015132154 0.028249394 264.07925959782 -32.20135876702 1620.81348 1.5759999999999998 -2.6310000000000002
264.47730286733 -32.3833555028 0.0444 0.0332 13.2569 "" "" 4054943808874192128 1376.20251 0.6824 0.0503 -1.713 -5.823 0.069 0.043 0.971 "" "" 16.054708 "" "" "" "" "" 1291.29749 1464.79871 7129.57569 7.2691 "" "" "" "" "" "" 0.0029693774734512106 "" "" "" 264.47730286733 -32.3833555028 1376.20251 -1.7130000000000003 -5.823
263.9155299438 -32.80396515496 0.0561 0.0477 25.8345 "" "" 4054562518860286464 1345.80835 0.721 0.0639 -3.154 -3.364 0.075 0.063 1.303 "" "" 16.056765 1.864939 16.191418 14.326479 "" "" 1245.93274 1454.22913 7116.07668 12.8 4558.8 296.67 14742.0 1383.8 "" "" 0.003377254428972013 0.0707108 0.10198578 0.17269659 263.9155299438 -32.80396515496 1345.80835 -3.153999999999999 -3.363999999999999
264.46979042592 -32.54606000367 0.0469 0.0355 12.7372 "" "" 4054932878181052160 1287.77539 0.7406 0.0504 1.986 -7.437 0.064 0.043 0.996 8550.3 4.3007 16.056913 1.756658 16.896832 15.140174 "" "" 1213.7478 1384.76782 7115.10789 4.9101 2380.6 12.863 6967.7 11.105 "" "" 0.0028553776530439038 0.0064962325 0.0041566943 0.010652927 264.46979042592 -32.54606000367 1287.77539 1.9860000000000002 -7.437000000000001
264.54743432486 -32.10017987386 0.0458 0.0375 27.1615 "" "" 4054983460021912064 1254.8269 0.7749 0.0587 -0.849 -1.933 0.061 0.044 0.868 9356.8 3.8428 16.056932 2.03981 17.082973 15.043163 "" "" 1176.69189 1348.7323 7114.98751 3.9197 2005.5 13.237 7618.9 28.235 "" "" 0.002819496594581708 0.0076902546 0.005520277 0.013210531 264.54743432486 -32.10017987386 1254.8269 -0.849 -1.933
264.34263521832 -32.67372683083 0.0452 0.0345 13.4671 "" "" 4054930511665750656 1445.9325 0.6497 0.0466 -3.712 -5.049 0.059 0.042 0.936 8181.2 4.1779 16.058752 1.714953 16.872555 15.157602 "" "" 1374.91736 1545.21765 7103.07323 4.1237 2434.4 11.371 6856.7 15.922 "" "" 0.0028264996134430543 0.005788309 0.0045431443 0.010331454 264.34263521832 -32.67372683083 1445.9325 -3.7119999999999997 -5.049
264.48459132695 -32.10530433382 0.0435 0.0375 25.171 "" "" 4054986513733739904 1155.20227 0.8614 0.0643 2.205 -6.735 0.056 0.044 0.958 8167.0 4.2182 16.061394 1.706301 16.874765 15.168465 "" "" 1074.90527 1250.51501 7085.81188 3.4725 2429.5 12.042 6788.5 12.76 "" "" 0.0028062249625699018 0.006061843 0.004295184 0.010357027 264.48459132695 -32.10530433382 1155.20227 2.2050000000000005 -6.735000000000001
264.34903170666 -32.6165248954 0.0446 0.0337 10.5886 "" "" 4054933672760172544 1211.9679 0.7884 0.0476 0.544 -3.601 0.069 0.046 0.942 5587.2 4.5992 16.063068 1.338599 16.638609 15.30001 "" "" 1151.76135 1270.54272 7074.88455 3.4366 3019.8 20.949 6013.9 21.463 "" "" 0.002805339945310871 0.008032175 0.0054128035 0.013444979 264.34903170666 -32.6165248954 1211.9679 0.544 -3.6009999999999995
264.43979102349 -32.44215682194 0.0505 0.0372 10.4549 "" "" 4054943014304130688 1512.57593 0.6328 0.05 2.792 3.085 0.074 0.049 1.015 "" "" 16.063099 2.249801 17.238943 14.989142 "" "" 1411.94104 1627.69897 7074.68063 3.7303 1737.2 8.6109 8007.6 14.408 "" "" 0.00281416489786046 0.006062031 0.0042544217 0.010316452 264.43979102349 -32.44215682194 1512.57593 2.7920000000000003 3.0850000000000004
264.54649625592 -32.8330174903 0.0393 0.0302 26.9408 "" "" 4054174116431421440 1347.45984 0.7108 0.0431 -1.859 -2.497 0.05 0.035 1.0 "" "" 16.063208 1.55066 16.777853 15.227193 "" "" 1280.92322 1422.85974 7073.98254 3.4352 2656.3 11.047 6431.0 17.501 "" "" 0.0028053121985915554 0.0053078663 0.0047972687 0.010105135 264.54649625592 -32.8330174903 1347.45984 -1.8590000000000002 -2.497
264.20852895413 -32.17749812625 0.0435 0.0332 17.4958 "" "" 4055008576990845184 1509.99475 0.6482 0.051 2.877 -0.364 0.058 0.041 1.002 8443.9 3.7013 16.063292 1.890461 16.993732 15.103271 "" "" 1395.14221 1617.16907 7073.4308 4.0879 2177.3 10.203 7208.6 12.671 "" "" 0.0028258646053865547 0.0058026905 0.0042339065 0.010036597 264.20852895413 -32.17749812625 1509.99475 2.8769999999999993 -0.364
263.88374173639 -32.47142390953 0.0427 0.0326 17.8127 "" "" 4054624022809530368 1322.80981 0.7231 0.0477 -0.625 -4.513 0.052 0.038 0.991 5082.5 4.3188 16.063578 1.367011 16.673796 15.306785 "" "" 1251.97058 1406.85693 7071.56591 4.2807 2923.5 10.364 5976.5 14.356 "" "" 0.0028326229645918377 0.004753935 0.0045918943 0.0093458295 263.88374173639 -32.47142390953 1322.80981 -0.625 -4.513
264.06599847283 -32.65362155153 0.055 0.0421 14.0479 "" "" 4054571177529890816 1200.53015 0.8221 0.0561 -2.545 -1.977 0.082 0.051 1.049 4721.8 4.3408 16.064611 1.394344 16.69231 15.297966 "" "" 1126.02332 1265.21069 7064.84199 3.8435 2874.0 11.507 6025.2 14.286 "" "" 0.0028179223925312675 0.0051654936 0.0045728413 0.009738335 264.06599847283 -32.65362155153 1200.53015 -2.545 -1.9769999999999999
263.93798646596 -32.58124552894 0.094 0.0733 16.5139 "" "" 4054574029388354176 1436.14685 0.6904 0.1085 1.431 -6.267 0.111 0.082 2.169 5382.0 4.6766 16.064615 1.428955 16.649004 15.220049 "" "" 1263.17712 1650.53662 7064.81123 9.4135 2991.0 12.646 6473.5 25.071 "" "" 0.0031120243274554205 0.0053719496 0.00565376 0.01102571 263.93798646596 -32.58124552894 1436.14685 1.4309999999999998 -6.267
263.68331480226 -32.51888444871 0.0461 0.0364 28.1149 "" "" 4054620140159166592 1167.93298 0.835 0.052 2.449 -1.657 0.059 0.045 1.024 4881.6 4.1899 16.064756 1.858046 16.962906 15.10486 "" "" 1076.3551 1253.47766 7063.89669 22.182 2240.0 24.514 7198.0 60.088 "" "" 0.004383599268654939 0.012205226 0.009819999 0.022025226 263.68331480226 -32.51888444871 1167.93298 2.4489999999999994 -1.657
264.28298163676 -31.99607736015 0.0441 0.033 28.4289 "" "" 4055038465658388608 1434.59631 0.69 0.059 -3.172 -3.691 0.06 0.042 0.982 7485.7 3.8779 16.06486 1.953426 17.04343 15.090004 "" "" 1301.98462 1590.03906 7063.21971 3.443 2079.9 12.045 7297.2 14.63 "" "" 0.0028056892325395576 0.006878928 0.0043614274 0.011240356 264.28298163676 -31.99607736015 1434.59631 -3.1720000000000006 -3.6910000000000007
264.24572333784 -32.63985881127 0.045 0.0338 10.3125 "" "" 4054934050717319424 1612.28296 0.6004 0.0476 -2.201 -8.901 0.058 0.041 0.934 6658.2 4.1978 16.069862 1.474559 16.743387 15.268828 "" "" 1495.66504 1730.9668 7030.74933 3.3635 2742.0 11.248 6189.1 12.256 "" "" 0.0028038510824316583 0.0052556177 0.0043481463 0.009603764 264.24572333784 -32.63985881127 1612.28296 -2.201 -8.901
264.72849774978 -32.58940434306 0.0435 0.0334 25.9729 "" "" 4054187551089391744 1588.62598 0.6148 0.054 1.907 -1.647 0.062 0.044 0.978 "" "" 16.071634 1.957108 17.037083 15.079974 "" "" 1456.27234 1770.83728 7019.28416 4.2347 2092.1 7.418 7364.9 15.172 "" "" 0.0028321087247861337 0.00475451 0.0043916265 0.009146136 264.72849774978 -32.58940434306 1588.62598 1.907 -1.647
264.50826627176 -32.66733699808 0.0426 0.0317 18.2442 "" "" 4054180262482522496 1471.68335 0.641 0.0489 1.608 -1.266 0.057 0.039 1.015 "" "" 16.07169 1.799583 16.928331 15.128748 "" "" 1376.74573 1570.81885 7018.9327 3.9017 2312.5 10.537 7041.4 17.079 "" "" 0.0028206473794603936 0.0056797746 0.0046063946 0.010286169 264.50826627176 -32.66733699808 1471.68335 1.6079999999999999 -1.266
264.31850176149 -32.50404997292 0.0446 0.0345 4.7148 "" "" 4054936692127585408 1380.71082 0.6915 0.05 -1.007 -5.777 0.074 0.048 1.081 5582.6 4.5003 16.072275 1.46327 16.706457 15.243187 "" "" 1282.82788 1477.63354 7015.14495 3.6742 2836.8 16.994 6337.0 42.484 "" "" 0.0028133894632299352 0.007077368 0.008201595 0.015278963 264.31850176149 -32.50404997292 1380.71082 -1.0069999999999997 -5.777000000000001
264.12941975056 -32.22006277651 0.044 0.0369 15.8311 "" "" 4055002941994643968 1548.1012 0.6173 0.0563 -0.637 -2.61 0.06 0.043 0.924 "" "" 16.072512 2.119977 17.15606 15.036082 "" "" 1449.68884 1704.16663 7013.61601 4.5777 1875.0 10.088 7668.8 19.43 "" "" 0.00284499020054241 0.0064736973 0.0046745054 0.011148203 264.12941975056 -32.22006277651 1548.1012 -0.6369999999999999 -2.6099999999999994
263.93318760553 -32.8021180074 0.0473 0.0378 25.1974 "" "" 4054561793007653376 1610.02759 0.6078 0.054 -0.186 -1.388 0.067 0.048 0.944 8153.5 4.1886 16.072731 1.544374 16.782866 15.238492 "" "" 1502.10583 1762.60388 7012.20609 4.0448 2644.1 12.137 6364.5 14.124 "" "" 0.0028255995177583386 0.0057116533 0.004482094 0.0101937475 263.93318760553 -32.8021180074 1610.02759 -0.186 -1.388
264.41237748056 -32.77785351999 0.0447 0.0325 20.6154 "" "" 4054178033441662208 1188.44031 0.8147 0.049 -4.293 -11.588 0.055 0.038 0.991 5712.8 4.526 16.07358 1.446311 16.72669 15.280379 "" "" 1114.37378 1250.89722 7006.72511 3.769 2784.5 7.2181 6123.6 16.677 "" "" 0.00281653702052632 0.003963132 0.0047986386 0.008761771 264.41237748056 -32.77785351999 1188.44031 -4.293000000000001 -11.587999999999997
264.01073776726 -32.83480294096 0.0479 0.0362 24.7567 "" "" 4054550046290627712 1354.17261 0.7171 0.0597 -0.24 -3.965 0.065 0.043 1.018 6905.2 4.3275 16.076262 1.586212 16.810778 15.224566 "" "" 1249.01831 1471.62036 6989.44194 4.1446 2576.9 16.318 6446.6 12.739 "" "" 0.002829539445020596 0.0074199224 0.004345907 0.011765829 264.01073776726 -32.83480294096 1354.17261 -0.23999999999999996 -3.9649999999999994
264.1695171034 -32.61876498992 0.0588 0.0481 9.6328 "" "" 4054570833920034176 1489.14905 0.6694 0.0601 3.181 -0.483 0.103 0.082 1.209 "" "" 16.076979 "" "" "" "" "" 1338.19446 1660.49414 6984.81575 5.294 "" "" "" "" "" "" 0.0028755822359601067 "" "" "" 264.1695171034 -32.61876498992 1489.14905 3.1809999999999996 -0.483
264.37740225984 -32.38248275713 0.0416 0.0334 8.8327 "" "" 4054955315090626688 1193.66272 0.8056 0.0464 1.748 -4.367 0.058 0.042 1.01 5354.3 4.2725 16.07771 1.709647 16.745953 15.036305 "" "" 1130.45959 1269.73206 6980.12865 5.6311 2735.5 52.321 7667.2 146.8 "" "" 0.0028911915955948334 0.020953119 0.021128805 0.042081922 264.37740225984 -32.38248275713 1193.66272 1.7480000000000002 -4.367
264.18521193837 -32.90231152782 0.0615 0.0463 26.171 "" "" 4054550767845638528 1335.31006 0.7357 0.0698 -4.402 -3.487 0.081 0.056 1.372 4962.4 4.2711 16.080305 1.774377 16.89473 15.120353 "" "" 1233.43726 1456.99121 6963.45604 6.4632 2385.2 7.8994 7096.1 17.328 "" "" 0.0029338238954109814 0.0045513418 0.0046165925 0.009167934 264.18521193837 -32.90231152782 1335.31006 -4.402000000000001 -3.4870000000000005
264.23017202235 -32.54693512952 0.042 0.033 4.7324 "" "" 4054946725155610368 1342.77563 0.7095 0.0488 -0.796 -2.898 0.061 0.04 0.947 "" "" 16.08054 1.583744 16.799355 15.215611 "" "" 1275.03381 1419.40625 6961.94815 3.8627 2604.2 14.381 6500.0 10.839 "" "" 0.0028204032268600676 0.0066131176 0.004190664 0.010803781 264.23017202235 -32.54693512952 1342.77563 -0.7959999999999999 -2.8980000000000006
264.50610985215 -32.33082569979 0.0454 0.0358 15.9913 "" "" 4054945526871620864 1432.05969 0.6724 0.054 1.816 -1.465 0.066 0.046 1.012 "" "" 16.080585 1.44271 16.16334 14.72063 "" "" 1328.19788 1594.4668 6961.65852 49.296 4678.2 402.18 10254.0 149.27 "" "" 0.00816699610276758 0.09338129 0.016250912 0.10963221 264.50610985215 -32.33082569979 1432.05969 1.816 -1.465
264.50299006152 -32.02358627357 0.0431 0.0359 29.9289 "" "" 4054989056354566272 1402.65625 0.7022 0.0589 4.599 -1.932 0.054 0.041 0.976 5781.3 4.002 16.081013 1.895672 16.932295 15.036623 "" "" 1288.88208 1511.81348 6958.91202 3.8743 2304.1 15.959 7664.9 86.128 "" "" 0.002820846651529062 0.008021113 0.012772053 0.020793166 264.50299006152 -32.02358627357 1402.65625 4.599000000000001 -1.9319999999999997
264.27179501138 -32.57874757958 0.0441 0.0343 6.8812 "" "" 4054934875351056768 1193.48547 0.8056 0.0487 0.481 -3.49 0.061 0.044 1.13 4819.5 4.3331 16.081093 1.471869 16.707987 15.236117 "" "" 1115.49902 1267.69202 6958.39951 4.3978 2832.8 29.695 6378.4 33.221 "" "" 0.002839482202590429 0.011718317 0.006801593 0.01851991 264.27179501138 -32.57874757958 1193.48547 0.48099999999999987 -3.49
264.34772773237 -32.96112886695 0.0422 0.0322 30.1128 "" "" 4053799011178929152 1411.60327 0.6866 0.0471 0.034 1.469 0.05 0.037 1.042 8162.7 4.0027 16.081469 1.731654 16.905996 15.174342 "" "" 1332.8894 1510.76697 6955.99143 3.6094 2360.6 14.084 6751.8 15.92 "" "" 0.0028123272852243327 0.007053156 0.004564818 0.011617973 264.34772773237 -32.96112886695 1411.60327 0.03400000000000001 1.4690000000000003
263.96553149088 -32.7530601078 0.0445 0.0351 21.8736 "" "" 4054563102991356416 1531.7561 0.6291 0.0483 -1.468 -5.341 0.061 0.043 1.038 6687.8 4.0248 16.082626 1.603365 16.818857 15.215492 "" "" 1439.90759 1643.25061 6948.57799 3.4669 2557.8 12.531 6500.7 17.624 "" "" 0.0028080674762382633 0.006006543 0.004790418 0.01079696 263.96553149088 -32.7530601078 1531.7561 -1.468 -5.341000000000001
263.90326208275 -32.76622353446 0.046 0.0377 24.5328 "" "" 4054562828113485056 1594.0531 0.6175 0.052 -3.992 -10.835 0.064 0.046 0.909 4873.7 4.1202 16.084112 2.014779 17.098316 15.083537 "" "" 1462.47388 1742.37195 6939.08037 3.804 1977.4 13.773 7340.8 13.927 "" "" 0.002818874312138088 0.008060682 0.004304273 0.012364955 263.90326208275 -32.76622353446 1594.0531 -3.992 -10.834999999999999
264.32353785443 -32.88505470968 0.0442 0.0335 25.4028 "" "" 4053801824320610048 1498.34399 0.6643 0.0497 0.902 0.499 0.055 0.04 0.958 7985.1 4.0461 16.085743 1.625732 16.848234 15.222502 "" "" 1368.85254 1627.8844 6928.66622 4.1879 2489.6 13.628 6458.9 13.56 "" "" 0.0028323941759306505 0.006565648 0.0044135596 0.010979207 264.32353785443 -32.88505470968 1498.34399 0.9020000000000002 0.499
