Clusters/Trumpler_28/Trumpler_28_members.tsv
# %ECSV 1.0
# ---
# datatype:
# - name: RA_ICRS_1
#   unit: deg
#   datatype: float64
#   format: '{:15.11f}'
#   description: Right ascension (ICRS) at Ep=2016.0 (ra)
#   meta: !!omap
#   - {ucd: POS_EQ_RA_MAIN}
#   - {width: 15}
#   - {precision: '11'}
# - name: DE_ICRS_1
#   unit: deg
#   datatype: float64
#   format: '{:15.11f}'
#   description: Declination (ICRS) at Ep=2016.0 (dec)
#   meta: !!omap
#   - {ucd: POS_EQ_DEC_MAIN}
#   - {width: 15}
#   - {precision: '11'}
# - name: e_RA_ICRS
#   unit: mas
#   datatype: float64
#   format: '{:7.4f}'
#   description: Standard error of right ascension (ra_error)
#   meta: !!omap
#   - {ucd: ERROR}
#   - {width: 7}
#   - {precision: '4'}
# - name: e_DE_ICRS
#   unit: mas
#   datatype: float64
#   format: '{:7.4f}'
#   description: Standard error of declination (dec_error)
#   meta: !!omap
#   - {ucd: ERROR}
#   - {width: 7}
#   - {precision: '4'}
# - name: _r_1
#   unit: ''
#   datatype: float64
#   format: '{:7.4f}'
#   description: Distance from center (264.23560831000-32.46819475000)[ICRS], at Epoch=J2016.0
#   meta: !!omap
#   - {ucd: POS_ANG_DIST_GENERAL}
#   - {width: 7}
#   - {precision: '4'}
# - name: HIP
#   datatype: int32
#   description: '? HIP cross-id number, van Leeuwen, Cat. I/311 (hip_original_ext_source_id)'
#   meta: !!omap
#   - {ucd: ID_NUMBER}
#   - {width: 6}
#   - values: {'null': -2147483648}
# - name: TYC2
#   datatype: string
#   description: Tycho-2 cross-id name, Hog et al., Cat. I/259 (tyc2_original_ext_source_id)
#   meta: !!omap
#   - {ucd: ID_CROSSID}
#   - {_votable_string_dtype: char}
# - name: Source
#   datatype: int64
#   description: Source identifier, identical to the Gaia-EDR3 source_id (id)
#   meta: !!omap
#   - {ucd: ID_MAIN}
#   - {width: 19}
# - name: rgeo
#   unit: pc
#   datatype: float64
#   format: '{:15.8f}'
#   description: '? Median of the geometric distance posterior (r_med_geo)'
#   meta: !!omap
#   - {ucd: PHYS_DISTANCE_TRUE}
#   - {width: 15}
#   - {precision: '8'}
#   - values: {'null': .nan}
# - name: Plx
#   unit: mas
#   datatype: float64
#   format: '{:9.4f}'
#   description: '? Parallax (parallax)'
#   meta: !!omap
#   - {ucd: POS_PARLX_TRIG}
#   - {width: 9}
#   - {precision: '4'}
#   - values: {'null': .nan}
# - name: e_Plx
#   unit: mas
#   datatype: float32
#   format: '{:7.4f}'
#   description: '? Standard error of parallax (parallax_error)'
#   meta: !!omap
#   - {ucd: ERROR}
#   - {width: 7}
#   - {precision: '4'}
#   - values: {'null': .nan}
# - name: pmRA
#   unit: mas / yr
#   datatype: float64
#   format: '{:9.3f}'
#   description: '? Proper motion in right ascension direction, pmRA*cosDE (pmra)'
#   meta: !!omap
#   - {ucd: POS_EQ_PMRA}
#   - {width: 9}
#   - {precision: '3'}
#   - values: {'null': .nan}
# - name: pmDE
#   unit: mas / yr
#   datatype: float64
#   format: '{:9.3f}'
#   description: '? Proper motion in declination direction (pmdec)'
#   meta: !!omap
#   - {ucd: POS_EQ_PMDEC}
#   - {width: 9}
#   - {precision: '3'}
#   - values: {'null': .nan}
# - name: e_pmRA
#   unit: mas / yr
#   datatype: float32
#   format: '{:6.3f}'
#   description: '? Standard error of proper motion in right ascension direction (pmra_error)'
#   meta: !!omap
#   - {ucd: ERROR}
#   - {width: 6}
#   - {precision: '3'}
#   - values: {'null': .nan}
# - name: e_pmDE
[...]
#         unit: &id001 !astropy.units.Unit {unit: deg}
#         value: !astropy.table.SerializedColumn {name: SkyCoord.dec}
#       distance: !astropy.table.SerializedColumn
#         __class__: astropy.coordinates.distances.Distance
#         unit: !astropy.units.Unit {unit: pc}
#         value: !astropy.table.SerializedColumn {name: SkyCoord.distance}
#       frame: icrs
#       obstime: !astropy.time.Time {format: jyear_str, in_subfmt: '*', jd1: 367701545.0, jd2: 0.0, out_subfmt: '*', precision: 3, scale: tt}
#       pm_dec: !astropy.table.SerializedColumn
#         __class__: astropy.units.quantity.Quantity
#         unit: !astropy.units.Unit {unit: mas / yr}
#         value: !astropy.table.SerializedColumn {name: SkyCoord.pm_dec}
#       pm_ra_cosdec: !astropy.table.SerializedColumn
#         __class__: astropy.units.quantity.Quantity
#         unit: !astropy.units.Unit {unit: mas / yr}
#         value: !astropy.table.SerializedColumn {name: SkyCoord.pm_ra_cosdec}
#       ra: !astropy.table.SerializedColumn
#         __class__: astropy.coordinates.angles.Longitude
#         unit: *id001
#         value: !astropy.table.SerializedColumn {name: SkyCoord.ra}
#         wrap_angle: !astropy.coordinates.Angle
#           unit: *id001
#           value: 360.0
#       representation_type: spherical
# schema: astropy-2.0
RA_ICRS_1 DE_ICRS_1 e_RA_ICRS e_DE_ICRS _r_1 HIP TYC2 Source rgeo Plx e_Plx pmRA pmDE e_pmRA e_pmDE RUWE Teff logg Gmag BP-RP BPmag RPmag RV e_RV b_rgeo B_rgeo FG e_FG FBP e_FBP FRP e_FRP RAVE5 RAVE6 e_Gmag e_BPmag e_RPmag e_BP-RP SkyCoord.ra SkyCoord.dec SkyCoord.distance SkyCoord.pm_ra_cosdec SkyCoord.pm_dec Pmemb
264.21941459187 -32.46537462699 0.0164 0.0127 0.837 "" 7380-337-1 4054948202624071936 1364.08423 0.6994 0.0175 -0.873 -2.889 0.021 0.015 0.758 10771.2 3.4766 10.998405 0.769496 11.290492 10.520996 "" "" 1335.2373 1399.12988 750904.27584 309.77 416120.0 388.74 490640.0 238.6 "" "" 0.002791487414373071 0.0029688121 0.0038160854 0.0067848973 264.21941459187 -32.46537462699 1364.08423 -0.873 -2.8889999999999993 1.0
264.24087510285 -32.41164619191 0.0202 0.0161 3.4034 "" 7380-392-1 4054949924918196608 1356.18945 0.703 0.0218 -0.9 -2.895 0.027 0.019 0.954 "" "" 11.505269 0.900426 11.859795 10.959369 "" "" 1322.79529 1402.88953 470802.99745 256.37 246320.0 226.01 327650.0 274.43 "" "" 0.0028180375339042323 0.0029626826 0.0038872485 0.006849931 264.24087510285 -32.41164619191 1356.18945 -0.8999999999999999 -2.895 1.0
264.15873901508 -32.57081062931 0.0136 0.0106 7.2823 "" "" 4054947206191663488 1384.73132 0.6796 0.015 -0.863 -2.846 0.019 0.013 0.725 13773.7 3.6866 11.628807 0.94525 12.006202 11.060951 "" "" 1362.38855 1416.20557 420168.78176 516.53 215250.0 777.49 298390.0 1002.3 "" "" 0.0030615870666039127 0.0048129917 0.0052520907 0.010065082 264.15873901508 -32.57081062931 1384.73132 -0.863 -2.846 0.9
264.22692886967 -32.43478901432 0.0159 0.0128 2.052 "" "" 4054949783172035456 1448.93372 0.6428 0.0174 -0.995 -3.039 0.021 0.015 0.837 "" "" 11.772234 0.798772 12.077699 11.278927 "" "" 1416.3584 1492.67419 368173.91258 94.364 201530.0 133.06 244110.0 120.23 "" "" 0.0027693370337376713 0.0028807865 0.0038170258 0.006697812 264.22692886967 -32.43478901432 1448.93372 -0.995 -3.039 0.8
264.25181575009 -32.49891531962 0.0144 0.0109 2.0175 "" "" 4054947171831922944 1417.06213 0.6664 0.0162 -0.951 -2.922 0.02 0.013 0.856 13059.1 3.925 11.930724 0.785637 12.230958 11.445321 "" "" 1385.43799 1448.18591 318168.3504 217.73 175000.0 309.24 209430.0 359.3 "" "" 0.0028537396834780347 0.003386153 0.004213475 0.007599628 264.25181575009 -32.49891531962 1417.06213 -0.9510000000000001 -2.922 1.0
264.24811217511 -32.48400874361 0.0128 0.0104 1.1406 "" "" 4054948653606214016 1528.59094 0.6266 0.0139 -0.933 -2.831 0.017 0.013 0.822 "" "" 12.042749 0.843964 12.370874 11.526911 -63.17 37.53 1496.20142 1553.75024 286976.89567 110.4 153840.0 178.19 194260.0 198.94 "" "" 0.002786798917609217 0.0030604862 0.0039395476 0.0070000337 264.24811217511 -32.48400874361 1528.59094 -0.933 -2.830999999999999 1.0
264.04242887107 -32.40976849541 0.0121 0.0094 10.3913 "" "" 4054999024984402944 1480.01001 0.6497 0.014 -1.01 -2.774 0.015 0.011 0.853 "" "" 12.225288 0.897812 12.579915 11.682103 "" "" 1448.30725 1509.26709 242566.77481 64.196 126900.0 126.21 168390.0 161.24 "" "" 0.0027702627197735974 0.0029918368 0.0039197663 0.006911603 264.04242887107 -32.40976849541 1480.01001 -1.0100000000000005 -2.774000000000001 0.9
264.1908360681 -32.47376056693 0.013 0.0103 2.2908 "" "" 4054948168264334336 1488.23755 0.6471 0.0142 -0.845 -2.798 0.017 0.012 0.817 11617.2 3.9573 12.535753 0.816265 12.851578 12.035313 -26.03 31.61 1449.22766 1527.92969 182240.74072 83.334 98807.0 170.98 121630.0 138.57 "" "" 0.0027996930187112893 0.0033637716 0.0039766543 0.0073404256 264.1908360681 -32.47376056693 1488.23755 -0.8450000000000004 -2.798 0.9
264.22400629072 -32.44877235965 0.0141 0.0112 1.305 "" "" 4054949680092820992 1625.53845 0.5864 0.0152 -0.832 -2.773 0.019 0.013 0.845 "" "" 12.786426 0.803524 13.097015 12.293491 "" "" 1588.17639 1675.33948 144669.39587 31.432 78815.0 78.993 95887.0 37.493 "" "" 0.0027653998057880365 0.0029948626 0.003803151 0.0067980136 264.22400629072 -32.44877235965 1625.53845 -0.8319999999999999 -2.773 0.8
264.18996746584 -32.4649557998 0.0139 0.011 2.3186 "" "" 4054948241289397504 1495.49585 0.6428 0.015 -0.607 -2.9 0.018 0.013 0.902 "" "" 12.792405 0.836114 13.118779 12.282665 "" "" 1457.35803 1535.82361 143874.77984 51.828 77251.0 107.52 96848.0 88.694 "" "" 0.0027829409035969666 0.0031731124 0.003907993 0.0070811054 264.18996746584 -32.4649557998 1495.49585 -0.607 -2.9 0.9
264.17282423109 -32.5069027286 0.0213 0.0166 3.9358 "" "" 4054947652868640640 1504.96228 0.6414 0.023 -1.013 -2.967 0.027 0.02 1.198 "" "" 12.908488 0.960683 13.294255 12.333572 "" "" 1438.14514 1568.0293 129285.96935 27.749 65723.0 41.14 92412.0 27.522 "" "" 0.00276515722730419 0.002871749 0.003793189 0.0066649383 264.17282423109 -32.5069027286 1504.96228 -1.013 -2.9670000000000005 1.0
264.24680888294 -32.46249895563 0.0148 0.0121 0.662 "" "" 4054949439574652928 1378.8761 0.687 0.016 -0.912 -2.674 0.02 0.015 1.071 "" "" 13.054218 0.845246 13.382198 12.536952 "" "" 1348.63928 1410.18616 113047.06956 37.562 60609.0 60.44 76626.0 33.426 "" "" 0.0027788368746210945 0.0029928759 0.0038089429 0.0068018185 264.24680888294 -32.46249895563 1378.8761 -0.912 -2.6740000000000004 1.0
264.20445763115 -32.48492769044 0.015 0.012 1.8692 "" "" 4054947966411471616 1428.30139 0.66 0.0163 -0.912 -2.874 0.02 0.014 1.101 "" "" 13.091398 0.995316 13.495016 12.499701 "" "" 1392.10315 1465.19128 109241.44903 21.365 54627.0 56.786 79301.0 27.104 "" "" 0.0027634904243702203 0.0030097994 0.0037975565 0.006807356 264.20445763115 -32.48492769044 1428.30139 -0.9120000000000004 -2.873999999999999 1.0
264.26253283683 -32.46896146658 0.0158 0.0127 1.3637 "" "" 4054948683660894080 1378.66541 0.6836 0.0171 -1.343 -3.284 0.022 0.015 0.986 "" "" 13.659914 1.102686 14.116651 13.013965 "" "" 1353.90955 1405.64722 64711.45996 13.383 30815.0 28.751 49382.0 30.611 "" "" 0.0027644544272763375 0.002968374 0.0038388402 0.006807214 264.26253283683 -32.46896146658 1378.66541 -1.343 -3.284000000000001 0.8
264.45995871521 -32.32331743662 0.0226 0.0175 14.3091 "" "" 4054957204876404992 1244.69617 0.7586 0.0265 -0.817 -3.075 0.03 0.021 1.374 "" "" 13.94025 1.128845 14.405196 13.276351 "" "" 1202.08777 1299.83459 49985.78316 11.084 23623.0 40.669 38781.0 71.747 "" "" 0.002765818522910074 0.0033584086 0.0042800107 0.007638419 264.45995871521 -32.32331743662 1244.69617 -0.817 -3.075 1.0
264.15525505679 -32.53940520402 0.0174 0.0136 5.8981 "" "" 4054947313576432768 1439.99707 0.6541 0.0188 -0.769 -2.802 0.023 0.016 0.904 "" "" 13.95535 1.072668 14.398193 13.325525 "" "" 1403.46887 1482.65186 49295.46477 8.996 23776.0 29.319 37064.0 22.765 "" "" 0.0027624351380992813 0.0030947682 0.003837765 0.0069325333 264.15525505679 -32.53940520402 1439.99707 -0.7690000000000001 -2.802 1.0
264.25958151546 -32.50432319535 0.0196 0.0155 2.4842 "" "" 4054947107417963904 1345.22131 0.7021 0.0221 -0.852 -2.79 0.027 0.018 0.92 "" "" 14.272161 1.172422 14.765347 13.592924 "" "" 1300.34753 1386.26318 36819.90751 15.283 16954.0 24.572 28973.0 28.503 "" "" 0.002791932120927576 0.003203318 0.0039274185 0.0071307365 264.25958151546 -32.50432319535 1345.22131 -0.8519999999999999 -2.79 1.0
264.27851272885 -32.35140671521 0.0205 0.0164 7.3366 "" "" 4054953429611546752 1321.12561 0.7121 0.0239 -0.487 -2.86 0.027 0.019 0.989 "" "" 14.377952 1.421005 15.010356 13.589351 "" "" 1279.62891 1361.63867 33401.50275 9.1567 13529.0 13.964 29068.0 17.887 "" "" 0.0027713501063406924 0.0030068082 0.0038379806 0.006844789 264.27851272885 -32.35140671521 1321.12561 -0.487 -2.86 1.0
264.22690632203 -32.44550034993 0.0221 0.0177 1.4312 "" "" 4054949718758141184 1420.93848 0.6644 0.0233 -0.769 -2.978 0.029 0.021 0.977 "" "" 14.454301 1.154152 14.943511 13.789359 "" "" 1376.7384 1458.79993 31133.38088 10.712 14388.0 28.427 24178.0 30.91 "" "" 0.002780529041307273 0.0035194685 0.0040262127 0.007545681 264.22690632203 -32.44550034993 1420.93848 -0.7690000000000001 -2.9780000000000006 0.8
264.2642806101 -32.46778395324 0.0216 0.017 1.4516 "" "" 4054948687967542656 1406.1488 0.6662 0.0231 -0.8 -2.886 0.03 0.021 1.018 "" "" 14.607048 1.210846 15.124587 13.913741 "" "" 1372.86304 1453.62817 27047.5366 6.5385 12178.0 15.819 21561.0 18.074 "" "" 0.0027677930433805823 0.003126362 0.0038874268 0.007013789 264.2642806101 -32.46778395324 1406.1488 -0.7999999999999998 -2.886 0.9
264.13300067331 -32.34002376286 0.0219 0.0174 9.2821 "" "" 4054954185525843072 1244.31116 0.765 0.0246 -0.844 -2.794 0.028 0.02 1.008 "" "" 14.616648 1.139087 15.096031 13.956944 "" "" 1208.46338 1289.13806 26809.42453 6.5704 12503.0 13.334 20720.0 23.142 "" "" 0.0027681389622804895 0.00302089 0.0039691622 0.0069900523 264.13300067331 -32.34002376286 1244.31116 -0.8439999999999999 -2.793999999999999 0.9
264.1618081371 -32.48787347772 0.0246 0.0192 3.9176 "" "" 4054948103850443904 1395.12659 0.6707 0.0258 -0.794 -2.872 0.032 0.022 1.004 7984.8 4.1099 14.671535 1.240939 15.20458 13.963641 "" "" 1348.49817 1442.521 25487.81705 7.1885 11313.0 35.82 20592.0 15.869 "" "" 0.0027722839917847545 0.0044275336 0.0038708928 0.008298427 264.1618081371 -32.48787347772 1395.12659 -0.794 -2.872 1.0
264.20186806714 -32.45665550301 0.029 0.0223 1.8431 "" "" 4054948271344081792 1536.03149 0.6181 0.0294 -0.757 -2.874 0.037 0.026 1.04 "" "" 15.026319 1.251608 15.555322 14.303714 "" "" 1462.10864 1613.70825 18383.11449 6.9124 8190.1 24.048 15055.0 62.435 "" "" 0.0027854018579727344 0.004236531 0.0058785975 0.010115128 264.20186806714 -32.45665550301 1536.03149 -0.7569999999999999 -2.8739999999999997 1.0
264.28245908083 -32.44653914009 0.0314 0.0245 2.7045 "" "" 4054949577014154752 1286.19971 0.7424 0.0332 -0.947 -2.919 0.046 0.031 0.896 "" "" 15.12184 1.357977 15.717679 14.359702 "" "" 1232.66711 1345.3114 16834.91566 5.8035 7052.5 16.584 14298.0 26.679 "" "" 0.0027806256954897132 0.00378199 0.0042881244 0.008070114 264.28245908083 -32.44653914009 1286.19971 -0.9469999999999998 -2.9189999999999996 0.8
264.35263113759 -32.50126537692 0.0263 0.0197 6.2463 "" "" 4054937040016154624 1504.92603 0.6264 0.0288 -0.498 -2.712 0.038 0.025 0.981 9879.7 4.2703 15.124868 1.338326 15.698177 14.359852 "" "" 1448.39502 1574.64673 16788.02146 5.5471 7180.4 14.704 14296.0 18.741 "" "" 0.002778577026879111 0.0035676896 0.0040385104 0.0076062 264.35263113759 -32.50126537692 1504.92603 -0.498 -2.7119999999999993 0.9
264.21728356367 -32.38037871383 0.0281 0.0234 5.3501 "" "" 4054953154733642880 1383.1543 0.6862 0.0328 -0.83 -2.88 0.038 0.027 0.99 9268.2 4.0756 15.155788 1.402984 15.781284 14.378301 "" "" 1322.49927 1445.87878 16316.66143 5.5445 6651.2 18.533 14055.0 12.803 "" "" 0.002779911132152383 0.004115526 0.0039066467 0.008022172 264.21728356367 -32.38037871383 1383.1543 -0.83 -2.88 0.9
264.23218064453 -32.54239381092 0.0268 0.0206 4.4553 "" "" 4054946729460830592 1340.9939 0.6958 0.0299 -0.822 -2.89 0.038 0.026 0.973 7499.4 4.0473 15.168811 1.540053 15.875977 14.335923 "" "" 1298.27832 1412.37964 16122.12705 5.5332 6095.7 21.278 14615.0 15.122 "" "" 0.002780403358960735 0.0047062337 0.003942811 0.008649045 264.23218064453 -32.54239381092 1340.9939 -0.8219999999999998 -2.89 1.0
264.09784912453 -32.35843045109 0.0295 0.0239 9.595 "" "" 4054999604793455232 1304.08875 0.7273 0.034 -0.824 -2.913 0.036 0.027 1.017 "" "" 15.247361 1.359228 15.846616 14.487388 "" "" 1247.80432 1363.56177 14996.92297 5.1182 6262.8 14.528 12712.0 12.683 "" "" 0.002780124456856385 0.0037587848 0.0039315615 0.0076903463 264.09784912453 -32.35843045109 1304.08875 -0.8239999999999998 -2.9130000000000007 0.9
264.23135219934 -32.46943645299 0.0304 0.0242 0.228 "" "" 4054949473934875776 1331.56274 0.7256 0.0329 -0.777 -2.808 0.043 0.029 0.918 7640.8 4.0968 15.353762 1.400662 15.953548 14.552886 "" "" 1266.45667 1399.35486 13596.97275 5.7076 5675.4 12.705 11968.0 18.865 "" "" 0.00279275956665732 0.0037003467 0.0041488223 0.007849169 264.23135219934 -32.46943645299 1331.56274 -0.777 -2.808 1.0
264.25212259197 -32.4404850956 0.0318 0.0246 1.861 "" "" 4054949615680515584 1330.82471 0.7063 0.0335 -0.828 -2.909 0.043 0.031 0.955 7992.4 4.0611 15.409344 1.423962 16.047365 14.623404 "" "" 1280.53064 1400.33276 12918.41222 7.732 5205.6 16.831 11215.0 27.414 "" "" 0.002830915490360674 0.0044842325 0.004618152 0.009102385 264.25212259197 -32.4404850956 1330.82471 -0.828 -2.909 1.0
264.00096901748 -32.58003606418 0.032 0.0247 13.6358 "" "" 4054574750942818688 1155.11426 0.8186 0.0355 -0.971 -2.959 0.038 0.028 0.984 5796.9 4.4148 15.430684 1.201236 15.94708 14.745844 "" "" 1106.62939 1203.61633 12666.98132 5.6943 5709.3 14.049 10019.0 19.964 "" "" 0.0027982158693273178 0.00386303 0.004354797 0.0082178265 264.00096901748 -32.58003606418 1155.11426 -0.9710000000000001 -2.959 0.8
264.26589685591 -32.52446728186 0.0321 0.0257 3.708 "" "" 4054946896954351872 1406.89563 0.6707 0.0349 -0.77 -2.724 0.045 0.032 1.033 8544.9 4.1781 15.522161 1.481629 16.193247 14.711617 "" "" 1343.46179 1469.96338 11643.47294 5.008 4551.1 12.142 10340.0 15.731 "" "" 0.0027946140243596336 0.004021904 0.004124585 0.008146489 264.26589685591 -32.52446728186 1406.89563 -0.7700000000000004 -2.724 0.9
264.1312113902 -32.39823460714 0.0329 0.026 6.7505 "" "" 4054952364458050560 1370.05969 0.6951 0.0363 -0.855 -2.788 0.04 0.03 0.967 7056.8 3.6514 15.568188 1.495334 16.243023 14.747689 "" "" 1305.29517 1450.52441 11160.19482 5.0158 4347.2 11.794 10002.0 21.62 "" "" 0.0027981965114201885 0.0040573003 0.0044487785 0.008506078 264.1312113902 -32.39823460714 1370.05969 -0.855 -2.788 1.0
264.06789237443 -32.37425870196 0.0348 0.0268 10.1942 "" "" 4054999540378850048 1436.72156 0.6631 0.0381 -0.821 -2.93 0.047 0.032 0.996 8129.9 4.2985 15.613688 1.502271 16.299685 14.797414 "" "" 1365.65344 1519.1615 10702.16049 4.2777 4126.1 11.763 9554.2 15.213 "" "" 0.002789287070394378 0.0041672443 0.004156017 0.0083232615 264.06789237443 -32.37425870196 1436.72156 -0.8209999999999998 -2.9300000000000006 0.9
264.25239008143 -32.4953902859 0.0327 0.0262 1.8396 "" "" 4054948653606203520 1417.9917 0.661 0.0361 -0.822 -2.753 0.043 0.031 1.014 "" "" 15.6149 1.587572 16.357014 14.769442 "" "" 1346.3446 1481.92053 10690.23014 4.3154 3913.9 14.77 9803.5 13.617 "" "" 0.0027899614042225613 0.004957087 0.0040691565 0.009026243 264.25239008143 -32.4953902859 1417.9917 -0.822 -2.753 0.9
264.23338261012 -32.30971442912 0.0329 0.0271 9.5095 "" "" 4054954524816844416 1418.15869 0.6777 0.0397 -0.694 -2.861 0.043 0.031 0.961 "" "" 15.619983 1.582226 16.35081 14.768583 "" "" 1339.9939 1493.89246 10640.29637 5.0317 3936.3 12.717 9811.3 18.301 "" "" 0.0028027494905551267 0.004482066 0.0042878026 0.008769868 264.23338261012 -32.30971442912 1418.15869 -0.6939999999999997 -2.8609999999999998 0.9
264.28740209257 -32.48585895378 0.0323 0.0255 2.8277 "" "" 4054948722327248000 1399.64478 0.6659 0.0357 -0.827 -2.826 0.047 0.033 0.954 7959.2 4.1522 15.624666 1.448478 16.276972 14.828494 "" "" 1329.07959 1466.58435 10594.49701 3.8632 4213.4 17.895 9284.5 17.758 "" "" 0.0027836182031953254 0.0053897244 0.0043123234 0.009702047 264.28740209257 -32.48585895378 1399.64478 -0.827 -2.825999999999999 0.9
264.16284370794 -32.36083676166 0.0386 0.0288 7.4214 "" "" 4054954009420626688 1318.03149 0.7205 0.0436 -0.78 -2.829 0.049 0.033 0.972 8090.9 4.1534 15.76686 1.554337 16.479435 14.925098 "" "" 1246.96729 1380.3208 9294.0031 3.86 3496.6 11.757 8494.1 12.593 "" "" 0.002791975453212509 0.004594843 0.0041078897 0.008702733 264.16284370794 -32.36083676166 1318.03149 -0.7800000000000001 -2.829 0.8
264.21290132444 -32.44111959403 0.0406 0.0329 1.9901 "" "" 4054949753117888640 1254.74988 0.7686 0.0415 -0.925 -2.829 0.051 0.037 0.957 7852.1 4.1561 15.802222 1.477313 16.47982 15.002507 "" "" 1202.08362 1323.83997 8996.17439 3.6351 3495.3 11.153 7909.6 14.327 "" "" 0.0027900287687218557 0.004448293 0.0042604464 0.00870874 264.21290132444 -32.44111959403 1254.74988 -0.9250000000000002 -2.8290000000000006 0.9
264.11047218827 -32.29778852216 0.0367 0.0286 12.0308 "" "" 4055001498885602048 1325.44116 0.7201 0.0403 -0.785 -3.008 0.047 0.033 0.964 "" "" 15.802457 1.571331 16.52616 14.954828 "" "" 1259.3645 1386.09424 8994.22857 3.6359 3349.3 11.529 8264.7 16.658 "" "" 0.0027900588843010206 0.00466398 0.004367227 0.009031207 264.11047218827 -32.29778852216 1325.44116 -0.785 -3.0080000000000005 0.8
