Clusters/UBC_191/UBC_191_members.tsv
# %ECSV 1.0
# ---
# datatype:
# - name: RA_ICRS_1
#   unit: deg
#   datatype: float64
#   format: '{:15.11f}'
#   description: Right ascension (ICRS) at Ep=2016.0 (ra)
#   meta: !!omap
#   - {ucd: POS_EQ_RA_MAIN}
#   - {width: 15}
#   - {precision: '11'}
# - name: DE_ICRS_1
#   unit: deg
#   datatype: float64
#   format: '{:15.11f}'
#   description: Declination (ICRS) at Ep=2016.0 (dec)
#   meta: !!omap
#   - {ucd: POS_EQ_DEC_MAIN}
#   - {width: 15}
#   - {precision: '11'}
# - name: e_RA_ICRS
#   unit: mas
#   datatype: float64
#   format: '{:7.4f}'
#   description: Standard error of right ascension (ra_error)
#   meta: !!omap
#   - {ucd: ERROR}
#   - {width: 7}
#   - {precision: '4'}
# - name: e_DE_ICRS
#   unit: mas
#   datatype: float64
#   format: '{:7.4f}'
#   description: Standard error of declination (dec_error)
#   meta: !!omap
#   - {ucd: ERROR}
#   - {width: 7}
#   - {precision: '4'}
# - name: _r_1
#   unit: ''
#   datatype: float64
#   format: '{:7.4f}'
#   description: Distance from center (037.48461583000+57.96229864000)[ICRS], at Epoch=J2016.0
#   meta: !!omap
#   - {ucd: POS_ANG_DIST_GENERAL}
#   - {width: 7}
#   - {precision: '4'}
# - name: HIP
#   datatype: int32
#   description: '? HIP cross-id number, van Leeuwen, Cat. I/311 (hip_original_ext_source_id)'
#   meta: !!omap
#   - {ucd: ID_NUMBER}
#   - {width: 6}
#   - values: {'null': -2147483648}
# - name: TYC2
#   datatype: string
#   description: Tycho-2 cross-id name, Hog et al., Cat. I/259 (tyc2_original_ext_source_id)
#   meta: !!omap
#   - {ucd: ID_CROSSID}
#   - {_votable_string_dtype: char}
# - name: Source
#   datatype: int64
#   description: Source identifier, identical to the Gaia-EDR3 source_id (id)
#   meta: !!omap
#   - {ucd: ID_MAIN}
#   - {width: 19}
# - name: rgeo
#   unit: pc
#   datatype: float64
#   format: '{:15.8f}'
#   description: '? Median of the geometric distance posterior (r_med_geo)'
#   meta: !!omap
#   - {ucd: PHYS_DISTANCE_TRUE}
#   - {width: 15}
#   - {precision: '8'}
#   - values: {'null': .nan}
# - name: Plx
#   unit: mas
#   datatype: float64
#   format: '{:9.4f}'
#   description: '? Parallax (parallax)'
#   meta: !!omap
#   - {ucd: POS_PARLX_TRIG}
#   - {width: 9}
#   - {precision: '4'}
#   - values: {'null': .nan}
# - name: e_Plx
#   unit: mas
#   datatype: float32
#   format: '{:7.4f}'
#   description: '? Standard error of parallax (parallax_error)'
#   meta: !!omap
#   - {ucd: ERROR}
#   - {width: 7}
#   - {precision: '4'}
#   - values: {'null': .nan}
# - name: pmRA
#   unit: mas / yr
#   datatype: float64
#   format: '{:9.3f}'
#   description: '? Proper motion in right ascension direction, pmRA*cosDE (pmra)'
#   meta: !!omap
#   - {ucd: POS_EQ_PMRA}
#   - {width: 9}
#   - {precision: '3'}
#   - values: {'null': .nan}
# - name: pmDE
#   unit: mas / yr
#   datatype: float64
#   format: '{:9.3f}'
#   description: '? Proper motion in declination direction (pmdec)'
#   meta: !!omap
#   - {ucd: POS_EQ_PMDEC}
#   - {width: 9}
#   - {precision: '3'}
#   - values: {'null': .nan}
# - name: e_pmRA
#   unit: mas / yr
#   datatype: float32
#   format: '{:6.3f}'
#   description: '? Standard error of proper motion in right ascension direction (pmra_error)'
#   meta: !!omap
#   - {ucd: ERROR}
#   - {width: 6}
#   - {precision: '3'}
#   - values: {'null': .nan}
# - name: e_pmDE
[...]
#       distance: !astropy.table.SerializedColumn
#         __class__: astropy.coordinates.distances.Distance
#         unit: !astropy.units.Unit {unit: pc}
#         value: !astropy.table.SerializedColumn {name: SkyCoord.distance}
#       frame: icrs
#       obstime: !astropy.time.Time {format: jyear_str, in_subfmt: '*', jd1: 367701545.0, jd2: 0.0, out_subfmt: '*', precision: 3, scale: tt}
#       pm_dec: !astropy.table.SerializedColumn
#         __class__: astropy.units.quantity.Quantity
#         unit: !astropy.units.Unit {unit: mas / yr}
#         value: !astropy.table.SerializedColumn {name: SkyCoord.pm_dec}
#       pm_ra_cosdec: !astropy.table.SerializedColumn
#         __class__: astropy.units.quantity.Quantity
#         unit: !astropy.units.Unit {unit: mas / yr}
#         value: !astropy.table.SerializedColumn {name: SkyCoord.pm_ra_cosdec}
#       ra: !astropy.table.SerializedColumn
#         __class__: astropy.coordinates.angles.Longitude
#         unit: *id001
#         value: !astropy.table.SerializedColumn {name: SkyCoord.ra}
#         wrap_angle: !astropy.coordinates.Angle
#           unit: *id001
#           value: 360.0
#       representation_type: spherical
# schema: astropy-2.0
RA_ICRS_1 DE_ICRS_1 e_RA_ICRS e_DE_ICRS _r_1 HIP TYC2 Source rgeo Plx e_Plx pmRA pmDE e_pmRA e_pmDE RUWE Teff logg Gmag BP-RP BPmag RPmag RV e_RV b_rgeo B_rgeo FG e_FG FBP e_FBP FRP e_FRP RAVE5 RAVE6 e_Gmag e_BPmag e_RPmag e_BP-RP SkyCoord.ra SkyCoord.dec SkyCoord.distance SkyCoord.pm_ra_cosdec SkyCoord.pm_dec rmRA rmDE e_rmRA e_rmDE rRV e_rRV v_pec v_pec3d e_vpec e_vpec3d Pmemb
[from data line 62]
37.51631448603 57.64027429014 0.0158 0.0181 19.348 "" "" 458083245954747776 2325.41284 0.3972 0.0263 -0.116 -1.001 0.02 0.023 0.975 10055.0 4.0244 15.083921 0.893109 15.439345 14.546236 "" "" 2194.78662 2461.41406 17433.23573 3.9963 9113.4 8.4111 12041.0 11.142 "" "" 0.002766538407104939 0.002964656 0.003910639 0.006875295 37.51631448603 57.64027429014 2325.41284 -0.11599999999999999 -1.001 0.2509739067554474 -0.029260886669158825 0.14410713 0.14710714 "" "" 2.7850871981271923 "" 0.4014641329020692 "" 0.94
37.47978104616 58.1613024172 0.0165 0.0197 11.9412 "" "" 458851701501562112 2345.31323 0.3962 0.028 -0.436 -0.936 0.022 0.027 1.04 "" "" 15.120597 0.996955 15.526385 14.52943 "" "" 2183.97949 2520.3501 16854.18867 4.5281 8411.3 11.431 12229.0 14.843 "" "" 0.0027707177290535213 0.003156297 0.0040025455 0.0071588424 37.47978104616 58.1613024172 2345.31323 -0.43600000000000005 -0.936 -0.06902609324455261 0.03573911333084101 0.14610714 0.15110713 "" "" 0.864102875133304 "" 0.1271772098219608 "" 0.94
37.38975953761 57.84080661429 0.0173 0.0199 7.892 "" "" 458089224549169408 2226.84106 0.4218 0.0278 -0.328 -0.96 0.024 0.026 0.953 9531.2 3.8573 15.134951 0.922468 15.503566 14.581098 "" "" 2096.20972 2348.08521 16632.85006 4.025 8589.9 11.079 11661.0 8.6113 "" "" 0.0027678187913071388 0.0031218631 0.0038634937 0.006985357 37.38975953761 57.84080661429 2226.84106 -0.32800000000000007 -0.96 0.038973906755447374 0.0117391133308411 0.14810714 0.15010715 "" "" 0.42963431388445933 "" 0.06370382422927173 "" 0.99
37.51757210857 57.6565580053 0.0168 0.0192 18.3747 "" "" 458083417753436800 2360.24365 0.3943 0.0283 -0.414 -1.016 0.022 0.024 1.052 9785.7 4.1314 15.160311 0.96328 15.550522 14.587242 "" "" 2199.50024 2563.87939 16248.84946 4.1065 8226.4 10.198 11595.0 12.176 "" "" 0.0027689494574259814 0.0030978434 0.003947613 0.007045456 37.51757210857 57.6565580053 2360.24365 -0.414 -1.016 -0.04702609324455259 -0.04426088666915895 0.14610714 0.14810714 "" "" 0.7224839051888706 "" 0.10624125806231201 "" 0.96
37.59988194102 57.65231493142 0.0163 0.0191 18.9605 "" "" 458083486473122176 2282.47852 0.4039 0.0285 -0.301 -1.078 0.022 0.024 0.967 "" "" 15.180954 1.07583 15.629009 14.553179 "" "" 2129.8623 2434.88696 15942.82177 3.8343 7652.7 11.846 11964.0 12.0 "" "" 0.0027676659213167597 0.003257251 0.0039331485 0.0071904 37.59988194102 57.65231493142 2282.47852 -0.3010000000000001 -1.0780000000000005 0.0659739067554474 -0.106260886669159 0.14610714 0.14810714 "" "" 1.3531875900418684 "" 0.1996674421151126 "" 0.93
37.56560338869 57.82548993866 0.0175 0.0196 8.6052 "" "" 458087128605126016 2124.17114 0.4426 0.0286 -0.347 -1.058 0.025 0.025 1.008 "" "" 15.183814 0.938094 15.56113 14.623035 "" "" 2020.12085 2243.90649 15900.88463 3.7287 8146.4 12.255 11219.0 11.475 "" "" 0.0027670582161896367 0.0032330775 0.0039391574 0.007172235 37.56560338869 57.82548993866 2124.17114 -0.34699999999999986 -1.0580000000000003 0.019973906755447413 -0.08626088666915899 0.14910714 0.14910714 "" "" 0.8915034713671645 "" 0.13292953584233788 "" 0.99
37.77173253378 58.20006892725 0.0172 0.02 16.9258 "" "" 458194812021819776 2121.22949 0.4303 0.028 -0.178 -0.988 0.024 0.026 1.05 9288.6 4.1807 15.186502 1.200964 15.698838 14.497874 "" "" 2004.10425 2260.92261 15861.5648 4.1664 7176.0 11.683 12590.0 12.794 "" "" 0.0027700405392519496 0.0033029735 0.0039371387 0.007240112 37.77173253378 58.20006892725 2121.22949 -0.17799999999999977 -0.9880000000000005 0.1889739067554474 -0.016260886669158925 0.14810714 0.15010715 "" "" 1.907083647808156 "" 0.2824809288588869 "" 0.98
37.87480928478 57.89560721341 0.0164 0.0195 13.059 "" "" 458093966193174272 2130.32666 0.4408 0.0275 -0.294 -1.052 0.022 0.025 0.936 "" "" 15.188483 1.006114 15.598686 14.592572 "" "" 2020.18762 2281.48364 15832.64026 3.8616 7869.4 11.14 11538.0 11.497 "" "" 0.0027680164338024418 0.0031854908 0.0039311815 0.0071166726 37.87480928478 57.89560721341 2130.32666 -0.29399999999999993 -1.052 0.0729739067554474 -0.08026088666915898 0.14610714 0.14910714 "" "" 1.095361416725252 "" 0.16184734662327807 "" 0.99
38.00613513081 58.08554318059 0.0169 0.0215 18.1457 "" "" 458189520622812928 2174.12207 0.4278 0.0289 -0.286 -0.996 0.023 0.027 1.004 9393.9 3.9874 15.202074 0.940933 15.580829 14.639895 "" "" 2025.57678 2333.28613 15635.69821 3.6967 7999.9 12.153 11046.0 9.165 "" "" 0.002767251865579511 0.0032412242 0.0038852612 0.0071264855 38.00613513081 58.08554318059 2174.12207 -0.28600000000000014 -0.9960000000000003 0.08097390675544741 -0.024260886669158932 0.14710714 0.15110713 "" "" 0.8711129121064408 "" 0.1284375281744746 "" 0.84
37.30190429703 57.79536307367 0.0182 0.0215 11.5888 "" "" 458088846592064896 2342.15015 0.4016 0.0295 -0.304 -0.905 0.025 0.027 1.083 9567.2 4.1636 15.23861 1.178947 15.738775 14.559828 "" "" 2189.3938 2535.08203 15118.29244 3.552 6916.8 10.689 11891.0 11.33 "" "" 0.002767103294293851 0.0032558052 0.0039184107 0.007174216 37.30190429703 57.79536307367 2342.15015 -0.30399999999999994 -0.9049999999999998 0.0629739067554474 0.06673911333084104 0.14910714 0.15110713 "" "" 1.0186958449752188 "" 0.15297598774993315 "" 0.98
37.19033637403 57.99394430852 0.0177 0.0206 9.553 "" "" 458846066504609920 2375.37231 0.3853 0.0292 -0.332 -0.867 0.024 0.027 1.0 9248.2 4.0666 15.283785 0.942808 15.664987 14.722178 "" "" 2237.50659 2529.2771 14502.16582 3.4144 7403.2 9.2281 10240.0 12.484 "" "" 0.0027671527426638607 0.0031010746 0.0040044743 0.007105549 37.19033637403 57.99394430852 2375.37231 -0.3320000000000002 -0.8670000000000002 0.03497390675544737 0.10473911333084107 0.14810714 0.15110713 "" "" 1.2432928589481083 "" 0.18749960902289553 "" 0.98
37.74164827241 57.89159714288 0.0189 0.0222 9.2226 "" "" 458093382077630464 2284.24121 0.4064 0.0313 -0.508 -0.851 0.025 0.028 1.111 9297.0 3.8215 15.299385 1.029716 15.721185 14.691468 "" "" 2161.20776 2479.11182 14295.28191 3.6482 7029.8 9.8741 10533.0 9.6358 "" "" 0.0027692173113620226 0.0031797437 0.0039077206 0.0070874644 37.74164827241 57.89159714288 2284.24121 -0.508 -0.8510000000000003 -0.14102609324455262 0.12073911333084109 0.14910714 0.15210713 "" "" 2.0100996525253194 "" 0.30228547758375346 "" 0.91
37.38455288556 57.74231438212 0.0178 0.0205 13.5802 "" "" 458087747080451840 2142.62671 0.4367 0.0299 -0.404 -0.961 0.024 0.026 0.999 7632.6 4.0838 15.309012 1.265397 15.859628 14.594231 "" "" 2026.51025 2285.22925 14169.08198 3.616 6188.2 16.296 11520.0 12.08 "" "" 0.002769217360075958 0.0039949887 0.003947144 0.007942133 37.38455288556 57.74231438212 2142.62671 -0.40400000000000036 -0.9610000000000001 -0.03702609324455264 0.010739113330841099 0.14810714 0.15010715 "" "" 0.3915365150096843 "" 0.05805049580690077 "" 0.98
37.42088739375 58.12357443932 0.0169 0.0192 9.8859 "" "" 458850258392583296 2288.40283 0.4067 0.0271 -0.445 -0.833 0.023 0.024 0.972 9567.9 4.1679 15.326074 1.043661 15.75844 14.714779 "" "" 2154.40991 2464.07959 13948.17665 3.3139 6792.7 10.069 10310.0 12.527 "" "" 0.0027673689479101554 0.003221066 0.004003003 0.007224069 37.42088739375 58.12357443932 2288.40283 -0.44499999999999995 -0.8329999999999994 -0.07802609324455262 0.1387391133308411 0.14710714 0.14810714 "" "" 1.7265735958500124 "" 0.25530407033960056 "" 0.96
37.17894673413 57.98057809292 0.0178 0.0201 9.7882 "" "" 458844520316393600 2195.67017 0.4261 0.0295 -0.377 -1.027 0.024 0.026 1.0 9351.8 4.1659 15.345943 0.839019 15.678359 14.83934 "" "" 2072.01025 2325.71948 13695.23575 3.8588 7312.6 15.841 9192.3 11.154 "" "" 0.0027722510885064846 0.0036492322 0.004002421 0.007651653 37.17894673413 57.98057809292 2195.67017 -0.3769999999999999 -1.027 -0.010026093244552614 -0.05526088666915885 0.14810714 0.15010715 "" "" 0.5845156249000313 "" 0.08770295683702908 "" 0.99
37.12196577026 58.21589089609 0.0192 0.0233 19.0736 "" "" 458866093928296320 2557.50732 0.3631 0.0304 -0.119 -0.738 0.026 0.029 1.048 8747.2 3.562 15.348067 1.026274 15.740672 14.714398 "" "" 2376.53101 2771.86401 13668.46526 4.6496 6904.8 14.13 10313.0 18.726 "" "" 0.0027799635857353655 0.0035667464 0.0042626653 0.007829412 37.12196577026 58.21589089609 2557.50732 -0.11899999999999994 -0.738 0.2479739067554474 0.23373911333084108 0.15010715 0.15310714 "" "" 4.131028103893642 "" 0.6259580246011167 "" 0.89
37.47028710136 57.8379946934 0.0196 0.0227 7.4722 "" "" 458089843024456320 2304.62451 0.3977 0.0329 -0.239 -1.017 0.028 0.03 0.997 9649.2 4.0009 15.38271 1.017097 15.797792 14.780695 "" "" 2158.17773 2501.03149 13239.24047 3.1553 6550.9 11.934 9702.4 9.9501 "" "" 0.0027674442364843334 0.0034201208 0.0039399886 0.007360109 37.47028710136 57.8379946934 2304.62451 -0.239 -1.017 0.1279739067554474 -0.04526088666915884 0.15210713 0.15410714 "" "" 1.4828338918476422 "" 0.2258812551616808 "" 0.97
37.2188209983 57.96216746453 0.0181 0.0206 8.4599 "" "" 458843042847651968 2269.91187 0.4135 0.0303 -0.382 -1.041 0.025 0.026 0.976 9295.7 4.165 15.389424 0.916693 15.754476 14.837783 "" "" 2127.24658 2427.71997 13157.6098 3.6248 6817.5 17.89 9205.5 6.9875 "" "" 0.0027715079592358642 0.003987792 0.0038681943 0.007855986 37.2188209983 57.96216746453 2269.91187 -0.38200000000000006 -1.041 -0.015026093244552619 -0.06926088666915886 0.14910714 0.15010715 "" "" 0.762539965790066 "" 0.1144285293438492 "" 0.98
37.46444343056 57.67963745984 0.0185 0.0211 16.9719 "" "" 458084139307939456 2139.97876 0.4383 0.0309 -0.433 -1.148 0.025 0.027 1.014 9515.4 4.2659 15.416327 1.033484 15.843552 14.810067 "" "" 1994.04333 2278.5022 12835.59756 2.97 6280.5 14.199 9443.5 10.517 "" "" 0.002766749704353145 0.0037162222 0.003968097 0.0076843193 37.46444343056 57.67963745984 2139.97876 -0.43299999999999994 -1.148 -0.06602609324455261 -0.17626088666915884 0.14910714 0.15110713 "" "" 1.9092249836533195 "" 0.2880303741572644 "" 0.97
37.48941203712 57.66573242014 0.02 0.0227 17.7946 "" "" 458084173667679872 2013.03003 0.4672 0.0345 -0.346 -1.076 0.026 0.028 1.051 9551.1 4.2338 15.444131 1.079307 15.880196 14.800889 "" "" 1891.65967 2173.82349 12511.06628 3.3843 6072.1 16.024 9523.6 21.665 "" "" 0.0027709289164647593 0.003999309 0.004514887 0.008514196 37.48941203712 57.66573242014 2013.03003 -0.3459999999999999 -1.0760000000000005 0.020973906755447413 -0.104260886669159 0.15010715 0.15210713 "" "" 1.0147626009172321 "" 0.1542741936920763 "" 0.98
37.4940630476 58.11026956705 0.0191 0.0222 8.8833 "" "" 458850739428924288 2211.80762 0.4267 0.0315 -0.509 -0.928 0.027 0.028 1.041 9414.6 4.2304 15.460959 0.985031 15.857667 14.872636 "" "" 2026.87842 2387.11353 12318.64381 3.1681 6199.4 10.614 8914.6 9.364 "" "" 0.002769432822951605 0.0033526886 0.0039477083 0.007300397 37.4940630476 58.11026956705 2211.80762 -0.509 -0.9280000000000004 -0.14202609324455262 0.04373911333084102 0.15110713 0.15210713 "" "" 1.5580080081200984 "" 0.23556149551161554 "" 0.94
37.66571363526 58.15681818791 0.0182 0.022 13.01 "" "" 458851117385994752 2207.61255 0.43 0.03 -0.234 -0.824 0.024 0.027 1.007 9447.8 4.1818 15.474813 1.0673 15.917576 14.850276 "" "" 2045.06091 2432.06665 12162.46511 3.2226 5866.6 8.6522 9100.1 9.665 "" "" 0.0027702976310316715 0.0032170035 0.0039513856 0.007168389 37.66571363526 58.15681818791 2207.61255 -0.2340000000000001 -0.8239999999999997 0.13297390675544737 0.1477391133308411 0.14810714 0.15110713 "" "" 2.0799298862330207 "" 0.3115151065143366 "" 0.91
37.88200095531 57.77952236381 0.019 0.0214 16.7648 "" "" 458079809981024128 2050.85278 0.4499 0.0322 -0.546 -0.975 0.027 0.028 0.98 9420.6 3.7783 15.511588 1.323257 16.082087 14.758829 "" "" 1945.81836 2214.27319 11757.409 3.2597 5041.8 10.618 9899.8 13.564 "" "" 0.002771714333884174 0.0036074056 0.00406161 0.007669016 37.88200095531 57.77952236381 2050.85278 -0.5460000000000002 -0.975 -0.17902609324455265 -0.0032608866691589133 0.15110713 0.15210713 "" "" 1.7406088734082403 "" 0.2630189947545572 "" 0.96
37.19630400426 57.74798847652 0.0193 0.0225 15.8132 "" "" 458815795574374656 1900.17017 0.5058 0.0318 -0.509 -1.4 0.027 0.028 0.936 7170.4 3.7879 15.516104 1.08199 15.967184 14.885194 "" "" 1774.42419 2009.18469 11708.60895 3.3404 5604.6 11.569 8812.1 9.6038 "" "" 0.002772676900247199 0.0035788135 0.003960288 0.007539102 37.19630400426 57.74798847652 1900.17017 -0.5090000000000001 -1.4 -0.14202609324455262 -0.42826088666915885 0.15110713 0.15210713 "" "" 4.063844772914936 "" 0.6177383135482085 "" 0.89
37.5664604962 58.04415599133 0.0211 0.0248 5.5581 "" "" 458098261160297088 2226.28467 0.4123 0.0348 -0.165 -0.916 0.029 0.031 1.099 8776.5 3.5236 15.554551 1.271615 16.100367 14.828752 "" "" 2073.82886 2419.03882 11301.24797 3.6361 4957.6 8.3607 9282.3 13.6 "" "" 0.002777376393922927 0.003337322 0.004100522 0.007437844 37.5664604962 58.04415599133 2226.28467 -0.1650000000000001 -0.916 0.20197390675544738 0.05573911333084103 0.15310714 0.15510714 "" "" 2.211020757935061 "" 0.3388379054790147 "" 0.95
37.50728431329 58.08035168528 0.0203 0.0235 7.1197 "" "" 458849158880979840 2164.11255 0.4325 0.0338 -0.423 -0.869 0.028 0.029 1.095 8731.9 3.5923 15.557874 1.083748 15.998681 14.914933 "" "" 2008.50793 2318.64624 11266.70887 2.914 5444.3 11.862 8574.0 19.106 "" "" 0.002769592965476354 0.0036580162 0.0044874605 0.008145477 37.50728431329 58.08035168528 2164.11255 -0.4229999999999998 -0.8690000000000001 -0.0560260932445526 0.10273911333084107 0.15210713 0.15310714 "" "" 1.2004035966336881 "" 0.18351590023008438 "" 0.96
37.41288113834 58.11010629451 0.0205 0.0237 9.1565 "" "" 458850155313381120 1980.94446 0.4689 0.0332 -0.462 -0.693 0.028 0.029 1.133 9280.3 4.0499 15.559946 0.995168 15.966797 14.971629 "" "" 1867.47009 2118.13281 11245.22764 2.7458 5606.6 9.938 8137.8 10.433 "" "" 0.0027680448585107923 0.00338952 0.004027565 0.007417085 37.41288113834 58.11010629451 1980.94446 -0.46200000000000024 -0.6930000000000001 -0.09502609324455263 0.2787391133308411 0.15210713 0.15310714 "" "" 2.7651833057695927 "" 0.42308222592861805 "" 0.81
37.64551952918 58.00299335874 0.0191 0.0225 5.671 "" "" 458097196008415104 2246.81885 0.4124 0.0306 -0.268 -0.913 0.025 0.029 0.993 8711.6 3.5888 15.562696 1.051246 15.999018 14.947772 "" "" 2111.16309 2428.33594 11216.79155 3.1364 5442.6 10.091 8318.6 9.7394 "" "" 0.002771994973140742 0.0034405482 0.003987433 0.007427981 37.64551952918 58.00299335874 2246.81885 -0.2680000000000002 -0.9130000000000003 0.09897390675544737 0.05873911333084103 0.14910714 0.15310714 "" "" 1.2257183970399486 "" 0.18405302225305012 "" 0.96
37.32918832682 58.07723538669 0.0198 0.0228 8.4825 "" "" 458849674277073408 2339.71997 0.3983 0.0323 -0.533 -0.884 0.027 0.029 0.997 9204.5 4.2933 15.580644 1.042675 16.014053 14.971378 "" "" 2166.60181 2514.28735 11032.89078 3.0712 5367.8 9.821 8139.7 13.083 "" "" 0.0027718468005339014 0.0034250754 0.0041628284 0.007587904 37.32918832682 58.07723538669 2339.71997 -0.5330000000000001 -0.8840000000000001 -0.16602609324455264 0.08773911333084106 0.15110713 0.15310714 "" "" 2.082575317540845 "" 0.31560596179059663 "" 0.97
37.30938960335 57.6817935299 0.0197 0.0226 17.7372 "" "" 458064004500444416 2154.04932 0.4267 0.0319 -0.59 -1.015 0.027 0.029 0.96 9179.4 4.0958 15.587871 1.461429 16.247698 14.786269 "" "" 2018.20422 2283.44409 10959.69636 3.123 4328.5 9.3311 9652.7 10.337 "" "" 0.002772635537473668 0.003641877 0.0039541894 0.007596066 37.30938960335 57.6817935299 2154.04932 -0.5899999999999997 -1.0150000000000001 -0.22302609324455258 -0.04326088666915884 0.15110713 0.15310714 "" "" 2.31958306163943 "" 0.3506748380835978 "" 0.95
