Clusters/UBC_191/UBC_191_stars_in_region.tsv
# %ECSV 1.0
# ---
# datatype:
# - name: RA_ICRS_1
#   unit: deg
#   datatype: float64
#   format: '{:15.11f}'
#   description: Right ascension (ICRS) at Ep=2016.0 (ra)
#   meta: !!omap
#   - {ucd: POS_EQ_RA_MAIN}
#   - {width: 15}
#   - {precision: '11'}
# - name: DE_ICRS_1
#   unit: deg
#   datatype: float64
#   format: '{:15.11f}'
#   description: Declination (ICRS) at Ep=2016.0 (dec)
#   meta: !!omap
#   - {ucd: POS_EQ_DEC_MAIN}
#   - {width: 15}
#   - {precision: '11'}
# - name: e_RA_ICRS
#   unit: mas
#   datatype: float64
#   format: '{:7.4f}'
#   description: Standard error of right ascension (ra_error)
#   meta: !!omap
#   - {ucd: ERROR}
#   - {width: 7}
#   - {precision: '4'}
# - name: e_DE_ICRS
#   unit: mas
#   datatype: float64
#   format: '{:7.4f}'
#   description: Standard error of declination (dec_error)
#   meta: !!omap
#   - {ucd: ERROR}
#   - {width: 7}
#   - {precision: '4'}
# - name: _r_1
#   unit: ''
#   datatype: float64
#   format: '{:7.4f}'
#   description: Distance from center (037.48461583000+57.96229864000)[ICRS], at Epoch=J2016.0
#   meta: !!omap
#   - {ucd: POS_ANG_DIST_GENERAL}
#   - {width: 7}
#   - {precision: '4'}
# - name: HIP
#   datatype: int32
#   description: '? HIP cross-id number, van Leeuwen, Cat. I/311 (hip_original_ext_source_id)'
#   meta: !!omap
#   - {ucd: ID_NUMBER}
#   - {width: 6}
#   - values: {'null': -2147483648}
# - name: TYC2
#   datatype: string
#   description: Tycho-2 cross-id name, Hog et al., Cat. I/259 (tyc2_original_ext_source_id)
#   meta: !!omap
#   - {ucd: ID_CROSSID}
#   - {_votable_string_dtype: char}
# - name: Source
#   datatype: int64
#   description: Source identifier, identical to the Gaia-EDR3 source_id (id)
#   meta: !!omap
#   - {ucd: ID_MAIN}
#   - {width: 19}
# - name: rgeo
#   unit: pc
#   datatype: float64
#   format: '{:15.8f}'
#   description: '? Median of the geometric distance posterior (r_med_geo)'
#   meta: !!omap
#   - {ucd: PHYS_DISTANCE_TRUE}
#   - {width: 15}
#   - {precision: '8'}
#   - values: {'null': .nan}
# - name: Plx
#   unit: mas
#   datatype: float64
#   format: '{:9.4f}'
#   description: '? Parallax (parallax)'
#   meta: !!omap
#   - {ucd: POS_PARLX_TRIG}
#   - {width: 9}
#   - {precision: '4'}
#   - values: {'null': .nan}
# - name: e_Plx
#   unit: mas
#   datatype: float32
#   format: '{:7.4f}'
#   description: '? Standard error of parallax (parallax_error)'
#   meta: !!omap
#   - {ucd: ERROR}
#   - {width: 7}
#   - {precision: '4'}
#   - values: {'null': .nan}
# - name: pmRA
#   unit: mas / yr
#   datatype: float64
#   format: '{:9.3f}'
#   description: '? Proper motion in right ascension direction, pmRA*cosDE (pmra)'
#   meta: !!omap
#   - {ucd: POS_EQ_PMRA}
#   - {width: 9}
#   - {precision: '3'}
#   - values: {'null': .nan}
# - name: pmDE
#   unit: mas / yr
#   datatype: float64
#   format: '{:9.3f}'
#   description: '? Proper motion in declination direction (pmdec)'
#   meta: !!omap
#   - {ucd: POS_EQ_PMDEC}
#   - {width: 9}
#   - {precision: '3'}
#   - values: {'null': .nan}
# - name: e_pmRA
#   unit: mas / yr
#   datatype: float32
#   format: '{:6.3f}'
#   description: '? Standard error of proper motion in right ascension direction (pmra_error)'
#   meta: !!omap
#   - {ucd: ERROR}
#   - {width: 6}
#   - {precision: '3'}
#   - values: {'null': .nan}
# - name: e_pmDE
[...]
#         value: !astropy.table.SerializedColumn {name: SkyCoord.dec}
#       distance: !astropy.table.SerializedColumn
#         __class__: astropy.coordinates.distances.Distance
#         unit: !astropy.units.Unit {unit: pc}
#         value: !astropy.table.SerializedColumn {name: SkyCoord.distance}
#       frame: icrs
#       obstime: !astropy.time.Time {format: jyear_str, in_subfmt: '*', jd1: 367701545.0, jd2: 0.0, out_subfmt: '*', precision: 3, scale: tt}
#       pm_dec: !astropy.table.SerializedColumn
#         __class__: astropy.units.quantity.Quantity
#         unit: !astropy.units.Unit {unit: mas / yr}
#         value: !astropy.table.SerializedColumn {name: SkyCoord.pm_dec}
#       pm_ra_cosdec: !astropy.table.SerializedColumn
#         __class__: astropy.units.quantity.Quantity
#         unit: !astropy.units.Unit {unit: mas / yr}
#         value: !astropy.table.SerializedColumn {name: SkyCoord.pm_ra_cosdec}
#       ra: !astropy.table.SerializedColumn
#         __class__: astropy.coordinates.angles.Longitude
#         unit: *id001
#         value: !astropy.table.SerializedColumn {name: SkyCoord.ra}
#         wrap_angle: !astropy.coordinates.Angle
#           unit: *id001
#           value: 360.0
#       representation_type: spherical
# schema: astropy-2.0
RA_ICRS_1 DE_ICRS_1 e_RA_ICRS e_DE_ICRS _r_1 HIP TYC2 Source rgeo Plx e_Plx pmRA pmDE e_pmRA e_pmDE RUWE Teff logg Gmag BP-RP BPmag RPmag RV e_RV b_rgeo B_rgeo FG e_FG FBP e_FBP FRP e_FRP RAVE5 RAVE6 e_Gmag e_BPmag e_RPmag e_BP-RP SkyCoord.ra SkyCoord.dec SkyCoord.distance SkyCoord.pm_ra_cosdec SkyCoord.pm_dec rmRA rmDE e_rmRA e_rmDE rRV e_rRV v_pec v_pec3d e_vpec e_vpec3d
[from data line 1153]
37.00404411046 58.02329921592 0.0326 0.0397 15.715 "" "" 458845791626698624 2130.42505 0.4437 0.0565 -1.426 0.942 0.044 0.051 1.048 5820.7 4.5153 16.556007 1.498359 17.223225 15.724866 "" "" 1912.59949 2404.87573 4493.07394 1.9993 1762.5 10.603 4066.4 11.582 "" "" 0.0027973555879223263 0.007102655 0.0048833145 0.011985969 37.00404411046 58.02329921592 2130.42505 -1.4259999999999997 0.9420000000000003 -1.0590260932445525 1.913739113330841 0.16810714 0.17510714 "" "" 22.0870226196135 "" 3.8319088517751343 ""
37.1595375725 58.10121546507 0.032 0.0393 13.2708 "" "" 458847750131721600 2303.90771 0.4335 0.0544 -0.117 -1.599 0.045 0.051 0.998 7197.1 4.2302 16.556507 1.3997 17.18229 15.782589 "" "" 2051.11377 2708.91187 4491.00715 2.1589 1830.2 6.1371 3855.9 8.7517 "" "" 0.0028043183419925607 0.004586937 0.00451181 0.009098747 37.1595375725 58.10121546507 2303.90771 -0.1170000000000001 -1.5990000000000002 0.2499739067554474 -0.6272608866691589 0.16910714 0.17510714 "" "" 7.373926066283487 "" 1.2852535721515264 ""
37.10459323388 58.20356120406 0.0339 0.0417 18.8379 "" "" 458866063872202112 1881.26233 0.5125 0.0555 -0.499 -0.93 0.048 0.052 1.024 5849.8 4.4773 16.55668 1.545792 17.267853 15.722061 "" "" 1700.89453 2080.38916 4490.29443 2.2961 1691.5 6.5936 4076.9 9.6445 "" "" 0.002810698030140778 0.005069249 0.004569546 0.009638795 37.10459323388 58.20356120406 1881.26233 -0.4990000000000001 -0.9299999999999999 -0.1320260932445526 0.041739113330841016 0.17210713 0.17610714 "" "" 1.23473347582838 "" 0.21295994223248566 ""
37.20716989658 57.8418251909 0.0317 0.0367 11.4234 "" "" 458839778672550528 2362.29468 0.3998 0.0523 0.365 -2.583 0.044 0.046 0.958 5153.7 3.8285 16.55796 1.786892 17.427658 15.640766 "" "" 2092.19092 2791.4187 4485.00414 2.1612 1460.0 6.8285 4393.9 6.8013 "" "" 0.0028045522593375277 0.0057941014 0.004136202 0.009930303 37.20716989658 57.8418251909 2362.29468 0.3650000000000002 -2.583000000000002 0.7319739067554474 -1.6112608866691591 0.16810714 0.17010714 "" "" 19.81616667689853 "" 3.364124604880968 ""
36.74553896845 58.22376228497 0.034 0.0396 28.2034 "" "" 458863452531920000 2130.64844 0.449 0.0539 -2.522 1.976 0.047 0.051 1.014 5909.4 4.4871 16.559128 1.489814 17.232063 15.742249 "" "" 1927.27417 2396.07373 4480.18527 2.2308 1748.2 8.9179 4001.8 8.6871 "" "" 0.002807855962422032 0.0062016565 0.0044540735 0.01065573 36.74553896845 58.22376228497 2130.64844 -2.522000000000001 1.9760000000000002 -2.1550260932445524 2.947739113330841 0.17110714 0.17510714 "" "" 36.877291647461135 "" 6.406483430688921 ""
38.2540454498 57.94828468645 0.0313 0.0353 24.509 "" "" 458172993588753536 1948.18579 0.4988 0.0504 -1.262 -2.365 0.041 0.043 1.082 7662.2 4.2827 16.561901 1.776007 17.417772 15.641766 "" "" 1773.08972 2182.38501 4468.74934 1.9871 1473.4 9.2543 4389.9 9.179 "" "" 0.0027972978666524323 0.0073681404 0.0044088047 0.011776945 38.2540454498 57.94828468645 1948.18579 -1.2620000000000002 -2.3649999999999984 -0.8950260932445526 -1.3932608866691591 0.16510713 0.16710714 "" "" 15.291921008214644 "" 2.546492847151818 ""
37.05372524311 57.99450486844 0.034 0.0418 13.844 "" "" 458845516748806912 1900.69666 0.5181 0.0586 -1.174 1.325 0.047 0.053 0.99 5290.4 4.3341 16.562145 1.641867 17.16816 15.526293 "" "" 1741.0293 2089.34448 4467.75041 3.2875 1854.2 20.528 4882.5 75.759 "" "" 0.0028688074557957563 0.0123398565 0.017265482 0.029605338 37.05372524311 57.99450486844 1900.69666 -1.174 1.325 -0.8070260932445525 2.2967391133308412 0.17110714 0.17710714 "" "" 21.932242071331192 "" 3.870113627682089 ""
36.79754918913 57.65570415024 0.0308 0.0355 28.648 "" "" 458811427586392448 2055.12061 0.4757 0.0496 -5.125 -0.381 0.04 0.046 0.953 5398.7 4.3126 16.563522 1.60086 17.303534 15.702674 "" "" 1884.30066 2239.27075 4462.08854 2.038 1636.8 6.6306 4150.4 11.491 "" "" 0.0027995895993605316 0.0052086264 0.0048290677 0.010037694 36.79754918913 57.65570415024 2055.12061 -5.124999999999998 -0.38099999999999873 -4.758026093244553 0.5907391133308411 0.16410714 0.17010714 "" "" 46.70509068443167 "" 7.668969700427131 ""
37.6112917774 58.32143636178 0.0364 0.0474 21.9185 "" "" 458946981055663360 2191.39307 0.4354 0.0628 0.089 -1.208 0.049 0.057 1.101 8227.9 4.4456 16.565346 1.425389 17.206415 15.781026 "" "" 1919.83887 2473.10498 4454.59737 2.4619 1790.0 7.9321 3861.4 13.355 "" "" 0.0028199020276554925 0.0055617746 0.0053277225 0.010889497 37.6112917774 58.32143636178 2191.39307 0.08900000000000041 -1.2080000000000006 0.45597390675544736 -0.2362608866691589 0.17310713 0.18110713 "" "" 5.334326007646803 "" 0.9326049593103392 ""
38.24851012542 58.22148997843 0.0373 0.039 28.7875 "" "" 458197835679317120 1866.24243 0.5151 0.0524 -0.676 -1.126 0.049 0.047 1.055 5737.9 4.5306 16.566093 1.488895 17.2415 15.752605 "" "" 1683.83875 2048.05298 4451.53322 2.05 1733.1 9.7584 3963.8 9.8195 "" "" 0.0028003192142342366 0.006719978 0.004638766 0.0113587435 38.24851012542 58.22148997843 1866.24243 -0.6760000000000002 -1.1260000000000008 -0.30902609324455266 -0.15426088666915883 0.17310713 0.17110714 "" "" 3.0553071580692155 "" 0.5276821846406251 ""
36.64065961463 57.85070302624 0.0326 0.0389 27.7242 "" "" 458831772852520320 2276.0105 0.4289 0.0526 -0.498 -0.983 0.045 0.05 1.007 7383.0 4.3752 16.566282 1.417925 17.212545 15.794621 "" "" 2014.62537 2629.56958 4450.75931 2.0858 1779.9 8.7679 3813.4 10.014 "" "" 0.0028019074948567426 0.006032453 0.004734212 0.0107666645 36.64065961463 57.85070302624 2276.0105 -0.49799999999999994 -0.9830000000000001 -0.1310260932445526 -0.01126088666915892 0.16910714 0.17410713 "" "" 1.4187583313788352 "" 0.23997493859560426 ""
37.62239626877 58.14140695976 0.031 0.0364 11.6027 "" "" 458850979947058304 2065.96069 0.4662 0.0523 -0.958 -1.566 0.043 0.047 0.935 4949.0 4.2929 16.566833 1.654546 17.354141 15.699595 "" "" 1873.13464 2347.54468 4448.49461 1.9598 1562.3 7.3309 4162.2 9.3508 "" "" 0.0027965307282336233 0.005808687 0.004498166 0.010306853 37.62239626877 58.14140695976 2065.96069 -0.958 -1.566 -0.5910260932445526 -0.594260886669159 0.16710714 0.17110714 "" "" 8.207493145876166 "" 1.388132338103064 ""
37.03376686473 58.06797216961 0.0321 0.0399 15.6688 "" "" 458857714455882112 2085.37622 0.4626 0.055 1.09 -2.389 0.045 0.052 0.978 4976.7 4.3324 16.568024 1.583507 17.315685 15.732179 "" "" 1857.16577 2310.83667 4443.62245 2.2077 1618.6 8.4847 4039.1 8.698 "" "" 0.0028076259687704365 0.0063385647 0.0044441354 0.0107827 37.03376686473 58.06797216961 2085.37622 1.0899999999999999 -2.389 1.4569739067554475 -1.4172608866691587 0.16910714 0.17610714 "" "" 20.09145800655882 "" 3.4666989702901208 ""
37.58877093046 58.02108957237 0.0327 0.0375 4.8389 "" "" 458097986282394112 2514.74341 0.387 0.0525 -2.555 -0.863 0.043 0.047 1.055 7166.9 4.3519 16.569609 1.511419 17.265308 15.753889 "" "" 2215.91577 2887.83765 4437.13842 2.0573 1695.5 9.228 3959.2 9.0802 "" "" 0.0028009297860496535 0.0065348726 0.004525947 0.011060819 37.58877093046 58.02108957237 2514.74341 -2.5550000000000006 -0.8629999999999999 -2.1880260932445528 0.10873911333084108 0.16710714 0.17110714 "" "" 26.113204643466446 "" 4.363963232722219 ""
37.63779088023 58.03720131335 0.0316 0.0365 6.627 "" "" 458099429391400832 2198.65332 0.4481 0.0517 -2.599 1.427 0.044 0.048 1.002 6118.5 4.4167 16.572248 1.514994 17.248318 15.733324 "" "" 1971.25488 2435.06958 4426.36949 2.1699 1722.2 8.3153 4034.9 11.547 "" "" 0.0028062573597161396 0.0059385477 0.0048926515 0.0108312 37.63779088023 58.03720131335 2198.65332 -2.599000000000003 1.4270000000000005 -2.232026093244553 2.398739113330841 0.16810714 0.17210713 "" "" 34.147123115682554 "" 5.813979260000257 ""
37.31399952846 57.64783735745 0.033 0.0379 19.6402 "" "" 458063381723461632 2096.60205 0.4621 0.0546 -0.396 -1.056 0.043 0.049 0.99 7222.0 4.3416 16.572876 1.39954 17.203568 15.804028 "" "" 1859.20276 2383.62354 4423.81204 1.9617 1794.7 6.8201 3780.5 9.5078 "" "" 0.002797068668070335 0.004980808 0.004662596 0.009643404 37.31399952846 57.64783735745 2096.60205 -0.3960000000000003 -1.0559999999999994 -0.02902609324455263 -0.08426088666915899 0.16710714 0.17310713 "" "" 0.885667134921239 "" 0.1527603647949452 ""
36.7829048557 57.86773249351 0.033 0.0381 23.0724 "" "" 458831360535643776 1827.1189 0.5366 0.053 -2.074 -2.942 0.05 0.051 1.011 6734.8 4.3493 16.573866 1.512728 17.27105 15.758322 "" "" 1669.35742 2059.33618 4419.77427 2.0379 1686.5 7.5889 3943.0 9.174 "" "" 0.0028004300555925926 0.00562619 0.0045458856 0.010172076 36.7829048557 57.86773249351 1827.1189 -2.074000000000001 -2.942000000000002 -1.7070260932445525 -1.970260886669159 0.17410713 0.17510714 "" "" 22.577068808928953 "" 3.943741057907561 ""
38.07459478711 58.05033802344 0.0316 0.0376 19.4848 "" "" 458177425994936576 2591.44971 0.3547 0.0545 -1.612 -0.482 0.042 0.047 0.986 7248.3 4.2918 16.575815 1.411635 17.211277 15.799642 "" "" 2284.0708 2979.15454 4411.84802 2.0128 1782.0 8.6962 3795.8 8.8058 "" "" 0.0027994914230190945 0.005988178 0.004541802 0.01052998 38.07459478711 58.05033802344 2591.44971 -1.612 -0.48199999999999976 -1.2450260932445527 0.4897391133308411 0.16610713 0.17110714 "" "" 16.43386370765945 "" 2.740935311174077 ""
37.12057902625 57.92156734507 0.0328 0.0368 11.8481 "" "" 458843966259283712 2489.54932 0.3742 0.0553 -0.082 -1.12 0.043 0.047 1.024 8471.8 4.4718 16.57632 1.418017 17.213171 15.795154 "" "" 2224.4043 2850.59302 4409.79391 2.0548 1778.9 8.1975 3811.5 10.739 "" "" 0.0028013812729576564 0.005728681 0.004862279 0.01059096 37.12057902625 57.92156734507 2489.54932 -0.08200000000000002 -1.12 0.28497390675544737 -0.14826088666915904 0.16710714 0.17110714 "" "" 3.7907126658261654 "" 0.6367153176444549 ""
37.15348363918 58.29789507314 0.0357 0.0425 22.7044 "" "" 458867575700622848 2207.23608 0.4423 0.0602 -1.886 0.381 0.048 0.052 1.004 5142.8 4.3994 16.579044 1.596223 17.327585 15.731362 "" "" 1942.03711 2546.39917 4398.74594 2.1397 1601.0 7.6165 4042.2 6.9279 "" "" 0.002805480405150272 0.005870647 0.004212652 0.010083299 37.15348363918 58.29789507314 2207.23608 -1.8860000000000003 0.38099999999999984 -1.5190260932445525 1.352739113330841 0.17210713 0.17610714 "" "" 21.280798115240167 "" 3.700467768650414 ""
37.38856355446 57.77004543062 0.0337 0.038 11.9355 "" "" 458088228116778496 1869.39941 0.5282 0.0538 -2.254 0.266 0.045 0.047 0.985 5426.1 4.4675 16.579496 1.581072 17.321474 15.740402 "" "" 1701.04944 2094.73047 4396.9138 2.0565 1610.0 8.3623 4008.6 5.8481 "" "" 0.0028017253509279266 0.0062917885 0.0040978873 0.010389676 37.38856355446 57.77004543062 1869.39941 -2.254 0.266 -1.8870260932445526 1.237739113330841 0.16910714 0.17110714 "" "" 19.99684821739774 "" 3.393689990292994 ""
38.2870199312 57.86087740254 0.0336 0.0357 26.2893 "" "" 458171722278498048 2190.51343 0.4336 0.0508 -0.462 -1.365 0.043 0.044 1.014 8652.8 4.4368 16.580807 1.543772 17.297405 15.753633 "" "" 2009.6156 2477.59668 4391.6131 1.9104 1646.1 7.9655 3960.1 8.5014 "" "" 0.00279550773069047 0.005948817 0.00444032 0.010389137 38.2870199312 57.86087740254 2190.51343 -0.46199999999999963 -1.3650000000000009 -0.09502609324455263 -0.3932608866691589 0.16710714 0.16810714 "" "" 4.2007562983194555 "" 0.7059460228055265 ""
38.07807332604 57.98723684825 0.0356 0.0409 18.9415 "" "" 458176635721005824 2213.56079 0.4407 0.0581 -0.325 -1.153 0.047 0.052 1.101 7495.1 4.1969 16.583252 1.400371 17.208225 15.807855 "" "" 1954.81946 2506.80273 4381.73709 2.129 1787.0 13.167 3767.2 10.122 "" "" 0.0028053672862299365 0.008472547 0.0047743074 0.013246855 38.07807332604 57.98723684825 2213.56079 -0.32499999999999984 -1.153 0.04197390675544738 -0.18126088666915896 0.17110714 0.17610714 "" "" 1.952164914268353 "" 0.3433001139291646 ""
36.77402361326 58.05426967452 0.0336 0.0412 23.2523 "" "" 458834968308105728 2688.37012 0.3515 0.058 0.416 0.827 0.047 0.052 0.946 5127.1 4.3758 16.58422 1.510962 17.282804 15.771842 "" "" 2282.53833 3212.01392 4377.8288 2.1533 1668.4 7.0698 3894.2 8.5683 "" "" 0.0028065963796925805 0.005380725 0.0044710897 0.009851815 36.77402361326 58.05426967452 2688.37012 0.41600000000000004 0.8270000000000007 0.7829739067554473 1.798739113330841 0.17110714 0.17610714 "" "" 24.9984879801159 "" 4.3827402396971245 ""
37.81933119869 58.29507802325 0.0454 0.0482 22.6078 "" "" 458947324653047552 2068.48901 0.4779 0.0706 -1.504 -2.964 0.063 0.063 1.388 5544.8 4.6054 16.585443 1.523264 17.277435 15.754171 "" "" 1808.40125 2351.7002 4372.89575 3.7651 1676.7 9.2231 3958.1 7.883 "" "" 0.0029095863627219666 0.0065919734 0.0043542567 0.01094623 37.81933119869 58.29507802325 2068.48901 -1.5040000000000004 -2.964000000000001 -1.1370260932445526 -1.992260886669159 0.18710715 0.18710715 "" "" 22.490761800789233 "" 4.208182247104889 ""
37.60027250909 58.18152411129 0.0321 0.0373 13.6559 "" "" 458851426623628928 2230.73462 0.4338 0.0518 -0.29 -0.993 0.043 0.046 0.952 7868.0 4.341 16.585703 1.450503 17.238607 15.788104 "" "" 1965.14197 2525.55786 4371.85153 3.4809 1737.7 7.1397 3836.3 14.249 "" "" 0.002887749919548471 0.005261684 0.0055268807 0.010788565 37.60027250909 58.18152411129 2230.73462 -0.29 -0.9930000000000003 0.07697390675544741 -0.02126088666915893 0.16710714 0.17010714 "" "" 0.8443737377354398 "" 0.1412819289626071 ""
37.29056849248 58.29484119325 0.0356 0.0402 20.8781 "" "" 458868125456430080 2471.09814 0.3832 0.0612 0.489 -1.493 0.048 0.05 0.954 5839.7 4.6084 16.586912 1.33329 17.179457 15.846167 "" "" 2139.03052 2853.81006 4366.9861 2.0584 1835.0 11.927 3636.6 8.4612 "" "" 0.0028024444398877415 0.0075885537 0.0045459 0.012134453 37.29056849248 58.29484119325 2471.09814 0.4890000000000003 -1.4929999999999994 0.8559739067554474 -0.521260886669159 0.17210713 0.17410713 "" "" 11.738770294760204 "" 2.026704095354962 ""
37.88819031251 57.74700598912 0.0638 0.0786 18.2442 "" "" 458078950987580288 2258.78467 0.4303 0.1165 -3.583 -1.103 0.089 0.102 1.872 "" "" 16.587715 1.771034 17.237173 15.466139 "" "" 1851.72742 2750.08789 4363.76086 5.4047 1740.0 10.942 5160.6 9.1222 "" "" 0.003065956083624671 0.007375769 0.0042387634 0.011614532 37.88819031251 57.74700598912 2258.78467 -3.583 -1.103 -3.216026093244553 -0.13126088666915892 0.21310714 0.22610714 "" "" 34.46149921960215 "" 7.34475923581027 ""
37.87377539413 57.66390837105 0.035 0.0362 21.7998 "" "" 458072525716555520 2271.27368 0.4215 0.0559 0.191 0.943 0.047 0.046 0.964 6708.8 4.3504 16.589077 1.718261 17.409893 15.691632 "" "" 2029.71338 2555.38354 4358.28848 2.1895 1484.1 7.213 4192.8 8.4963 "" "" 0.002808790282500724 0.005969128 0.004373138 0.010342266 37.87377539413 57.66390837105 2271.27368 0.19100000000000006 0.9429999999999998 0.5579739067554474 1.9147391133308411 0.17110714 0.17010714 "" "" 21.471195226825635 "" 3.6540888022745155 ""
38.24643793752 58.08919759348 0.0321 0.0379 25.374 "" "" 458178525506499328 2382.03442 0.4178 0.0525 -0.567 0.424 0.044 0.048 1.053 "" "" 16.589441 1.492204 17.272242 15.780038 "" "" 2116.19141 2665.10474 4356.82488 1.9796 1684.7 5.9925 3864.9 8.6392 "" "" 0.0027991350954052825 0.0047644433 0.0044915234 0.009255966 38.24643793752 58.08919759348 2382.03442 -0.567 0.42400000000000015 -0.20002609324455256 1.395739113330841 0.16810714 0.17210713 "" "" 15.920081277201714 "" 2.7386925390642767 ""
