Clusters/UBC_191/UBC_191_stars_in_region.tsv
# %ECSV 1.0
# ---
# datatype:
# - name: RA_ICRS_1
#   unit: deg
#   datatype: float64
#   format: '{:15.11f}'
#   description: Right ascension (ICRS) at Ep=2016.0 (ra)
#   meta: !!omap
#   - {ucd: POS_EQ_RA_MAIN}
#   - {width: 15}
#   - {precision: '11'}
# - name: DE_ICRS_1
#   unit: deg
#   datatype: float64
#   format: '{:15.11f}'
#   description: Declination (ICRS) at Ep=2016.0 (dec)
#   meta: !!omap
#   - {ucd: POS_EQ_DEC_MAIN}
#   - {width: 15}
#   - {precision: '11'}
# - name: e_RA_ICRS
#   unit: mas
#   datatype: float64
#   format: '{:7.4f}'
#   description: Standard error of right ascension (ra_error)
#   meta: !!omap
#   - {ucd: ERROR}
#   - {width: 7}
#   - {precision: '4'}
# - name: e_DE_ICRS
#   unit: mas
#   datatype: float64
#   format: '{:7.4f}'
#   description: Standard error of declination (dec_error)
#   meta: !!omap
#   - {ucd: ERROR}
#   - {width: 7}
#   - {precision: '4'}
# - name: _r_1
#   unit: ''
#   datatype: float64
#   format: '{:7.4f}'
#   description: Distance from center (037.48461583000+57.96229864000)[ICRS], at Epoch=J2016.0
#   meta: !!omap
#   - {ucd: POS_ANG_DIST_GENERAL}
#   - {width: 7}
#   - {precision: '4'}
# - name: HIP
#   datatype: int32
#   description: '? HIP cross-id number, van Leeuwen, Cat. I/311 (hip_original_ext_source_id)'
#   meta: !!omap
#   - {ucd: ID_NUMBER}
#   - {width: 6}
#   - values: {'null': -2147483648}
# - name: TYC2
#   datatype: string
#   description: Tycho-2 cross-id name, Hog et al., Cat. I/259 (tyc2_original_ext_source_id)
#   meta: !!omap
#   - {ucd: ID_CROSSID}
#   - {_votable_string_dtype: char}
# - name: Source
#   datatype: int64
#   description: Source identifier, identical to the Gaia-EDR3 source_id (id)
#   meta: !!omap
#   - {ucd: ID_MAIN}
#   - {width: 19}
# - name: rgeo
#   unit: pc
#   datatype: float64
#   format: '{:15.8f}'
#   description: '? Median of the geometric distance posterior (r_med_geo)'
#   meta: !!omap
#   - {ucd: PHYS_DISTANCE_TRUE}
#   - {width: 15}
#   - {precision: '8'}
#   - values: {'null': .nan}
# - name: Plx
#   unit: mas
#   datatype: float64
#   format: '{:9.4f}'
#   description: '? Parallax (parallax)'
#   meta: !!omap
#   - {ucd: POS_PARLX_TRIG}
#   - {width: 9}
#   - {precision: '4'}
#   - values: {'null': .nan}
# - name: e_Plx
#   unit: mas
#   datatype: float32
#   format: '{:7.4f}'
#   description: '? Standard error of parallax (parallax_error)'
#   meta: !!omap
#   - {ucd: ERROR}
#   - {width: 7}
#   - {precision: '4'}
#   - values: {'null': .nan}
# - name: pmRA
#   unit: mas / yr
#   datatype: float64
#   format: '{:9.3f}'
#   description: '? Proper motion in right ascension direction, pmRA*cosDE (pmra)'
#   meta: !!omap
#   - {ucd: POS_EQ_PMRA}
#   - {width: 9}
#   - {precision: '3'}
#   - values: {'null': .nan}
# - name: pmDE
#   unit: mas / yr
#   datatype: float64
#   format: '{:9.3f}'
#   description: '? Proper motion in declination direction (pmdec)'
#   meta: !!omap
#   - {ucd: POS_EQ_PMDEC}
#   - {width: 9}
#   - {precision: '3'}
#   - values: {'null': .nan}
# - name: e_pmRA
#   unit: mas / yr
#   datatype: float32
#   format: '{:6.3f}'
#   description: '? Standard error of proper motion in right ascension direction (pmra_error)'
#   meta: !!omap
#   - {ucd: ERROR}
#   - {width: 6}
#   - {precision: '3'}
#   - values: {'null': .nan}
# - name: e_pmDE
[...]
#         value: !astropy.table.SerializedColumn {name: SkyCoord.dec}
#       distance: !astropy.table.SerializedColumn
#         __class__: astropy.coordinates.distances.Distance
#         unit: !astropy.units.Unit {unit: pc}
#         value: !astropy.table.SerializedColumn {name: SkyCoord.distance}
#       frame: icrs
#       obstime: !astropy.time.Time {format: jyear_str, in_subfmt: '*', jd1: 367701545.0, jd2: 0.0, out_subfmt: '*', precision: 3, scale: tt}
#       pm_dec: !astropy.table.SerializedColumn
#         __class__: astropy.units.quantity.Quantity
#         unit: !astropy.units.Unit {unit: mas / yr}
#         value: !astropy.table.SerializedColumn {name: SkyCoord.pm_dec}
#       pm_ra_cosdec: !astropy.table.SerializedColumn
#         __class__: astropy.units.quantity.Quantity
#         unit: !astropy.units.Unit {unit: mas / yr}
#         value: !astropy.table.SerializedColumn {name: SkyCoord.pm_ra_cosdec}
#       ra: !astropy.table.SerializedColumn
#         __class__: astropy.coordinates.angles.Longitude
#         unit: *id001
#         value: !astropy.table.SerializedColumn {name: SkyCoord.ra}
#         wrap_angle: !astropy.coordinates.Angle
#           unit: *id001
#           value: 360.0
#       representation_type: spherical
# schema: astropy-2.0
RA_ICRS_1 DE_ICRS_1 e_RA_ICRS e_DE_ICRS _r_1 HIP TYC2 Source rgeo Plx e_Plx pmRA pmDE e_pmRA e_pmDE RUWE Teff logg Gmag BP-RP BPmag RPmag RV e_RV b_rgeo B_rgeo FG e_FG FBP e_FBP FRP e_FRP RAVE5 RAVE6 e_Gmag e_BPmag e_RPmag e_BP-RP SkyCoord.ra SkyCoord.dec SkyCoord.distance SkyCoord.pm_ra_cosdec SkyCoord.pm_dec rmRA rmDE e_rmRA e_rmDE rRV e_rRV v_pec v_pec3d e_vpec e_vpec3d
[from data line 835]
37.25850539987 57.72514542437 0.0259 0.0296 15.9564 "" "" 458064897853633664 2213.94312 0.4311 0.042 -1.034 -0.718 0.036 0.038 1.043 6866.1 4.1832 16.09616 1.427501 16.744831 15.31733 "" "" 2017.54688 2442.40674 6862.50063 2.3164 2738.3 8.0017 5918.7 8.596 "" "" 0.0027795863390261927 0.0042250343 0.004095147 0.008320181 37.25850539987 57.72514542437 2213.94312 -1.0339999999999998 -0.7179999999999995 -0.6670260932445526 0.2537391133308411 0.16010714 0.16210714 "" "" 7.489188659954951 "" 1.2009763398220898 ""
37.59831459378 57.67448935246 0.0254 0.0288 17.6467 "" "" 458083589552325376 2034.18262 0.4674 0.0427 1.677 -1.874 0.034 0.036 1.022 7628.3 4.2839 16.096409 1.41646 16.729689 15.313229 "" "" 1857.80457 2245.37354 6860.93231 2.6443 2776.8 9.6349 5941.1 7.6491 "" "" 0.0027869152348927533 0.004688004 0.0040296125 0.008717617 37.59831459378 57.67448935246 2034.18262 1.677 -1.8739999999999999 2.0439739067554474 -0.902260886669159 0.15810713 0.16010714 "" "" 21.542762579310832 "" 3.4131278757166683 ""
37.14978170767 57.92326534635 0.0264 0.0294 10.9173 "" "" 458841393580232832 2371.11621 0.4068 0.0431 -0.352 -0.911 0.035 0.037 0.974 8617.8 4.3473 16.100155 1.169305 16.597294 15.427989 "" "" 2143.46338 2638.6958 6837.3055 2.6659 3136.9 9.064 5345.2 7.9279 "" "" 0.002787651537784208 0.004198468 0.004108154 0.0083066225 37.14978170767 57.92326534635 2371.11621 -0.352 -0.911 0.014973906755447408 0.06073911333084103 0.15910713 0.16110714 "" "" 0.7030909489450419 "" 0.11319287612553132 ""
37.25624735922 57.58084812459 0.024 0.0279 24.0252 "" "" 458061633678537728 2347.28687 0.418 0.0381 -0.494 -1.322 0.032 0.035 1.018 9105.6 4.2959 16.100191 1.280796 16.65335 15.372555 "" "" 2157.48853 2580.50342 6837.07828 2.4094 2979.0 8.791 5625.2 8.8851 "" "" 0.002781759172930361 0.004248605 0.00415027 0.008398876 37.25624735922 57.58084812459 2347.28687 -0.494 -1.322 -0.1270260932445526 -0.350260886669159 0.15610714 0.15910713 "" "" 4.145413894188902 "" 0.6581314634641228 ""
37.47664759225 58.38431183025 0.0306 0.0354 25.322 "" "" 458951069864502400 2090.16357 0.4539 0.0492 -0.173 0.65 0.04 0.044 1.18 "" "" 16.10132 1.327234 16.681911 15.354677 "" "" 1884.03687 2343.93433 6829.96449 3.1675 2901.7 9.9146 5718.6 9.4848 "" "" 0.002800951358239641 0.004641922 0.0041864743 0.008828396 37.47664759225 58.38431183025 2090.16357 -0.17300000000000015 0.6499999999999998 0.1939739067554474 1.621739113330841 0.16410714 0.16810714 "" "" 16.181700154434555 "" 2.719357064685249 ""
37.253628821 57.65055688942 0.0257 0.0304 20.1092 "" "" 458063523464118272 2437.76147 0.3916 0.0428 -0.328 -0.973 0.034 0.041 0.991 7123.7 4.1249 16.102043 1.654562 16.88479 15.230228 "" "" 2228.17749 2675.49097 6825.41678 2.613 2407.1 7.2206 6413.1 10.442 "" "" 0.002786495951608428 0.004288636 0.0041724024 0.008461039 37.253628821 57.65055688942 2437.76147 -0.3280000000000001 -0.973 0.038973906755447374 -0.0012608866691589116 0.15810713 0.16510713 "" "" 0.450578693825744 "" 0.07124307557330056 ""
36.88690946495 57.85330688823 0.0275 0.0314 20.144 "" "" 458820777738868224 1891.48962 0.5162 0.0431 -2.186 -0.236 0.04 0.041 1.014 5152.6 4.2868 16.102884 1.538123 16.815863 15.27774 "" "" 1730.55786 2072.23413 6820.13126 2.5212 2564.9 9.3065 6138.5 8.4392 "" "" 0.0027843998961803265 0.004827489 0.00406347 0.0088909585 36.88690946495 57.85330688823 1891.48962 -2.186 -0.23600000000000004 -1.8190260932445526 0.7357391133308411 0.16410714 0.16510713 "" "" 17.592280557420775 "" 2.889498731462937 ""
37.60222467726 58.04142239029 0.025 0.0293 6.0431 "" "" 458098226800558080 2212.9729 0.4308 0.0412 -2.422 0.464 0.036 0.038 1.038 "" "" 16.104393 1.484167 16.764412 15.280245 "" "" 2038.5022 2471.60107 6810.67091 2.7512 2689.4 13.168 6124.4 11.997 "" "" 0.0027900087224305824 0.0060037817 0.004336721 0.0103405025 37.60222467726 58.04142239029 2212.9729 -2.422 0.46399999999999997 -2.0550260932445528 1.435739113330841 0.16010714 0.16210714 "" "" 26.295962910761624 "" 4.227493913000489 ""
36.88676369255 57.89226378651 0.026 0.0315 19.5053 "" "" 458821121333776256 2380.16626 0.4052 0.0428 -1.262 -0.209 0.035 0.04 0.978 8940.7 4.4959 16.104916 1.181867 16.60877 15.426904 "" "" 2182.63232 2619.28638 6807.38479 2.6425 3103.9 10.952 5350.5 8.4554 "" "" 0.002787367947286175 0.0047393525 0.0041506216 0.008889974 36.88676369255 57.89226378651 2380.16626 -1.262 -0.20899999999999988 -0.8950260932445526 0.7627391133308411 0.15910713 0.16410714 "" "" 13.266978369701752 "" 2.13902917454758 ""
37.92301946869 57.74822034263 0.0256 0.0289 18.9962 "" "" 458078779188885120 2129.63354 0.4612 0.0429 1.142 -3.152 0.035 0.037 0.957 7239.6 4.3345 16.105934 1.517149 16.805634 15.288485 "" "" 1954.86304 2303.82227 6801.00097 2.4852 2589.2 6.928 6078.0 8.1089 "" "" 0.002783737950604731 0.0040280106 0.004047462 0.008075472 37.92301946869 57.74822034263 2129.63354 1.142000000000001 -3.152000000000001 1.5089739067554473 -2.180260886669159 0.15910713 0.16110714 "" "" 26.7656352165018 "" 4.294870564923003 ""
37.34366348216 58.18247003193 0.0252 0.0297 13.9469 "" "" 458853556927429504 2546.06616 0.3677 0.0419 0.594 -1.021 0.034 0.039 1.024 8830.5 4.3969 16.105976 1.106646 16.569431 15.462786 "" "" 2296.85376 2814.32422 6800.74391 2.4915 3218.4 9.9632 5176.6 9.3003 "" "" 0.0027838836166235504 0.0043683094 0.004253083 0.008621393 37.34366348216 58.18247003193 2546.06616 0.5940000000000001 -1.021 0.9609739067554474 -0.04926088666915884 0.15810713 0.16310714 "" "" 11.612600309298571 "" 1.8361895009089424 ""
37.3476668556 57.75134365951 0.0266 0.03 13.391 "" "" 458087712720711168 2395.8291 0.4021 0.0448 -2.924 0.283 0.036 0.038 0.995 "" "" 16.108713 1.248568 16.654507 15.405938 "" "" 2164.37988 2681.23657 6783.61672 2.7003 2975.9 10.605 5454.8 10.742 "" "" 0.0027890101911844847 0.004770267 0.0043422636 0.00911253 37.3476668556 57.75134365951 2395.8291 -2.924 0.2829999999999988 -2.5570260932445525 1.254739113330841 0.16010714 0.16210714 "" "" 32.34582969962846 "" 5.1914153530830225 ""
37.80843837387 58.10861985155 0.0265 0.031 13.523 "" "" 458193197114820864 2610.8938 0.3557 0.0441 -0.254 -0.864 0.036 0.04 1.072 9236.5 4.3798 16.109245 1.176345 16.60319 15.426845 "" "" 2369.18506 2914.90332 6780.2947 2.5535 3119.9 11.12 5350.8 11.777 "" "" 0.0027854953547014 0.0047707856 0.0044715 0.009242285 37.80843837387 58.10861985155 2610.8938 -0.2539999999999998 -0.8640000000000007 0.11297390675544738 0.10773911333084107 0.16010714 0.16410714 "" "" 1.9319799764664904 "" 0.3130283581654428 ""
37.6057809438 57.73604003266 0.0261 0.0304 14.116 "" "" 458085513697638144 2387.13037 0.3918 0.0434 0.673 -0.977 0.037 0.041 0.99 9259.1 4.3413 16.112457 1.121087 16.588482 15.467395 "" "" 2172.08911 2636.88794 6760.26114 2.6253 3162.5 10.386 5154.7 10.204 "" "" 0.002787394484935713 0.0045275935 0.004347769 0.008875363 37.6057809438 57.73604003266 2387.13037 0.6729999999999998 -0.977 1.0399739067554474 -0.005260886669158915 0.16110714 0.16510713 "" "" 11.767453189560463 "" 1.8958219220003358 ""
37.1239893152 58.35189012809 0.0284 0.0318 26.014 "" "" 458869431126468480 1798.57983 0.5223 0.046 2.439 -3.952 0.04 0.04 1.047 6149.4 4.1591 16.113354 1.573947 16.755661 15.181714 "" "" 1661.29968 1988.94202 6754.68292 3.1578 2711.1 15.449 6706.1 29.429 "" "" 0.0028016827456489235 0.006787035 0.0060815695 0.012868605 37.1239893152 58.35189012809 1798.57983 2.4389999999999987 -3.952000000000003 2.8059739067554474 -2.980260886669159 0.16410714 0.16410714 "" "" 34.896834794132914 "" 5.726819888480257 ""
36.60634010854 57.95524004622 0.0283 0.0355 27.9601 "" "" 458835655502912896 2251.27173 0.4251 0.046 1.594 -0.778 0.039 0.046 1.075 8394.4 4.2741 16.1178 1.331092 16.701685 15.370593 "" "" 2027.28198 2498.28442 6727.08617 2.6316 2849.3 10.793 5635.4 9.3518 "" "" 0.0027878645068410966 0.004969854 0.004186888 0.009156742 36.60634010854 57.95524004622 2251.27173 1.594 -0.778 1.9609739067554475 0.19373911333084104 0.16310714 0.17010714 "" "" 21.027486107817563 "" 3.431186229005106 ""
37.93341844361 58.21805568022 0.0274 0.0289 20.9303 "" "" 458195499217153920 2434.58643 0.3917 0.0405 0.578 -1.892 0.037 0.038 1.054 8567.3 4.2758 16.121485 1.238263 16.66065 15.422387 "" "" 2223.91528 2739.89258 6704.29573 2.2839 2959.1 13.374 5372.8 13.9 "" "" 0.0027800346498964017 0.005644891 0.0047088983 0.010353789 37.93341844361 58.21805568022 2434.58643 0.578 -1.892 0.9449739067554473 -0.9202608866691588 0.16110714 0.16210714 "" "" 15.221595062738563 "" 2.4597285523780563 ""
37.56356905515 58.11549225285 0.0257 0.0312 9.5275 "" "" 458850601989959808 2471.5647 0.3808 0.0431 -0.288 -1.014 0.035 0.04 1.037 9224.8 4.3306 16.12444 1.225203 16.652328 15.427126 "" "" 2245.0144 2798.33691 6686.07337 2.5026 2981.8 7.6852 5349.4 10.025 "" "" 0.0027851289823477474 0.00395168 0.0042922944 0.008243974 37.56356905515 58.11549225285 2471.5647 -0.28800000000000076 -1.014 0.07897390675544741 -0.04226088666915895 0.15910713 0.16410714 "" "" 1.049336901213659 "" 0.16813912933970093 ""
37.49449248142 57.5657244967 0.0272 0.0311 23.7965 "" "" 458059331576061056 2068.3772 0.4503 0.0463 -0.417 -1.031 0.036 0.039 1.054 8997.5 4.3382 16.12713 1.250466 16.66923 15.418763 "" "" 1890.93164 2257.36548 6669.52067 2.6391 2935.8 7.7739 5390.8 8.4611 "" "" 0.0027886132125632818 0.004006324 0.0041458076 0.008152131 37.49449248142 57.5657244967 2068.3772 -0.41700000000000004 -1.0309999999999997 -0.050026093244552594 -0.05926088666915885 0.16010714 0.16310714 "" "" 0.7603376588337218 "" 0.12307250979163226 ""
37.83863732737 58.18470584117 0.0558 0.0713 17.4429 "" "" 458193918669242368 2367.22949 0.4227 0.0858 0.816 0.79 0.076 0.094 1.67 "" "" 16.128399 1.769564 16.772259 15.002695 "" "" 1938.17224 3010.39868 6661.72889 6.5313 2670.0 14.087 7908.2 39.389 "" "" 0.002953794900994394 0.0063717617 0.0065975874 0.012969349 37.83863732737 58.18470584117 2367.22949 0.8159999999999998 0.7899999999999995 1.1829739067554472 1.761739113330841 0.20010713 0.21810713 "" "" 23.810965500654262 "" 5.064034163080151 ""
37.47879125192 57.65705185146 0.0264 0.0287 18.3158 "" "" 458084070588466560 2155.41675 0.4533 0.0429 -0.934 -1.36 0.035 0.037 0.964 7195.3 4.3476 16.129032 1.350642 16.733252 15.382609 "" "" 1975.01794 2355.38721 6657.84515 2.3451 2767.7 8.8191 5573.3 8.8895 "" "" 0.0027817336522631495 0.004444557 0.0041572517 0.008601809 37.47879125192 57.65705185146 2155.41675 -0.9339999999999997 -1.3600000000000003 -0.5670260932445527 -0.38826088666915903 0.15910713 0.16110714 "" "" 7.021057415598778 "" 1.121601660564385 ""
37.80766808116 58.28989881861 0.0266 0.0286 22.1612 "" "" 458947290293312256 2110.29175 0.4394 0.0411 0.353 -0.801 0.037 0.038 1.015 8392.6 4.2039 16.132383 1.116098 16.6038 15.487701 "" "" 1966.05383 2298.45483 6637.33317 2.4115 3118.1 10.912 5059.2 8.8221 "" "" 0.002783414958442927 0.0047140275 0.0042270827 0.00894111 37.80766808116 58.28989881861 2110.29175 0.35299999999999965 -0.8010000000000005 0.7199739067554474 0.17073911333084102 0.16110714 0.16210714 "" "" 7.401479909974344 "" 1.1928264864535676 ""
37.00360034823 57.93175344574 0.0273 0.0326 15.4258 "" "" 458844893972251520 2145.83984 0.4621 0.0456 -4.271 -1.794 0.036 0.041 1.045 5331.5 4.2788 16.133919 1.47074 16.805143 15.334403 "" "" 1955.4646 2386.59473 6627.9457 2.7242 2590.4 12.179 5826.4 10.182 "" "" 0.0027912244774957514 0.005817463 0.004228927 0.010046391 37.00360034823 57.93175344574 2145.83984 -4.271 -1.7939999999999976 -3.9040260932445525 -0.822260886669159 0.16010714 0.16510713 "" "" 40.58013815736938 "" 6.50591677339891 ""
37.41411225895 57.63027034491 0.0263 0.0284 20.0488 "" "" 458060499807142144 1905.7511 0.5086 0.0415 1.72 -1.242 0.034 0.038 1.011 6772.5 4.2447 16.133919 1.486021 16.81512 15.3291 "" "" 1763.32202 2060.78931 6627.95315 2.2792 2566.7 11.562 5854.9 9.9812 "" "" 0.0027805011753021308 0.005630739 0.004208281 0.009839021 37.41411225895 57.63027034491 1905.7511 1.719999999999999 -1.2420000000000004 2.086973906755447 -0.27026088666915893 0.15810713 0.16210714 "" "" 19.00959638794528 "" 3.0068224886781167 ""
37.89655196731 57.59231749048 0.0278 0.0289 25.8161 "" "" 458068883584415488 2288.59058 0.408 0.0437 0.091 -1.298 0.035 0.036 1.075 9257.6 4.3628 16.134539 1.169029 16.632318 15.463289 "" "" 2076.23267 2535.94214 6624.16481 2.4476 3037.3 9.9018 5174.2 9.1837 "" "" 0.002784372563839003 0.0045070634 0.004242328 0.008749392 37.89655196731 57.59231749048 2288.59058 0.09099999999999997 -1.298 0.45797390675544736 -0.326260886669159 0.15910713 0.16010714 "" "" 6.09983304307365 "" 0.9725847762666218 ""
36.92204876842 57.9381363938 0.0268 0.0309 17.9703 "" "" 458821636729839360 1867.09155 0.5115 0.0429 1.292 -1.204 0.035 0.039 1.004 6441.9 4.042 16.13461 1.617193 16.895699 15.278505 "" "" 1732.43201 1982.66138 6623.74124 2.6997 2383.1 7.941 6134.2 12.133 "" "" 0.0027906301405165347 0.004568839 0.004346897 0.008915735 36.92204876842 57.9381363938 1867.09155 1.292000000000001 -1.204000000000001 1.6589739067554474 -0.2322608866691589 0.15910713 0.16310714 "" "" 14.825132615535939 "" 2.3599383989142324 ""
37.57090555718 57.84786021495 0.0275 0.0301 7.3968 "" "" 458090117902356992 2367.00244 0.4035 0.0443 -0.213 0.371 0.038 0.039 1.033 7770.4 4.3713 16.13524 1.424259 16.774975 15.350716 "" "" 2131.08203 2668.44849 6619.89147 2.5097 2663.3 12.698 5739.5 7.5858 "" "" 0.0027858965310987357 0.0058806124 0.0040426417 0.009923254 37.57090555718 57.84786021495 2367.00244 -0.21299999999999988 0.371 0.1539739067554474 1.342739113330841 0.16210714 0.16310714 "" "" 15.163709844974061 "" 2.4731131597591243 ""
37.03020654182 57.57812648062 0.0254 0.0295 27.2533 "" "" 458056514077534976 2424.04565 0.3935 0.0401 -0.448 -1.026 0.033 0.037 1.011 7051.8 4.2242 16.139233 1.571439 16.863968 15.292529 "" "" 2262.85962 2654.30713 6595.59476 2.8103 2453.7 11.039 6055.5 9.0895 "" "" 0.00279388713608146 0.0056253676 0.00411579 0.009741157 37.03020654182 57.57812648062 2424.04565 -0.44799999999999995 -1.026 -0.08102609324455262 -0.05426088666915896 0.15710714 0.16110714 "" "" 1.120462507768494 "" 0.17743239587673876 ""
36.73676272324 57.77452586688 0.0254 0.0303 26.3909 "" "" 458818853590926080 2197.20215 0.43 0.041 -0.34 -1.771 0.033 0.039 0.955 8089.5 4.3556 16.141508 1.389624 16.76314 15.373516 "" "" 1967.18835 2390.7063 6581.78443 2.4719 2692.5 9.3914 5620.2 9.6056 "" "" 0.0027853299490008367 0.004703898 0.004210366 0.008914264 36.73676272324 57.77452586688 2197.20215 -0.33999999999999975 -1.7709999999999997 0.026973906755447363 -0.7992608866691588 0.15710714 0.16310714 "" "" 8.32883195939162 "" 1.3584361676643364 ""
37.61662919268 58.37117024052 0.0264 0.0292 24.8855 "" "" 458951619620313984 2072.68237 0.4558 0.0426 -0.26 -0.887 0.035 0.038 1.02 9035.2 4.3835 16.141693 1.304828 16.71662 15.411792 "" "" 1923.15686 2247.77393 6580.65797 2.5209 2810.4 8.4658 5425.5 12.014 "" "" 0.0027865353885895344 0.0042990367 0.0044792797 0.008778317 37.61662919268 58.37117024052 2072.68237 -0.26 -0.887 0.10697390675544738 0.08473911333084105 0.15910713 0.16210714 "" "" 1.340754117989146 "" 0.21488328903600434 ""
37.19006607002 57.90974308482 0.0307 0.0355 9.8977 "" "" 458841324860760064 2176.08423 0.4375 0.0508 -0.534 -0.891 0.042 0.045 1.172 7163.7 4.3083 16.142294 1.447473 16.756351 15.308879 "" "" 1961.18323 2415.75757 6577.01734 3.1807 2709.4 15.665 5964.9 23.164 "" "" 0.002804904447976929 0.0068695797 0.0056622587 0.012531838 37.19006607002 57.90974308482 2176.08423 -0.5339999999999997 -0.8910000000000003 -0.16702609324455264 0.08073911333084105 0.16610713 0.16910714 "" "" 1.913539899993931 "" 0.3189478868336687 ""
