Clusters/UBC_191/UBC_191_members.tsv
# %ECSV 1.0
# ---
# datatype:
# - name: RA_ICRS_1
#   unit: deg
#   datatype: float64
#   format: '{:15.11f}'
#   description: Right ascension (ICRS) at Ep=2016.0 (ra)
#   meta: !!omap
#   - {ucd: POS_EQ_RA_MAIN}
#   - {width: 15}
#   - {precision: '11'}
# - name: DE_ICRS_1
#   unit: deg
#   datatype: float64
#   format: '{:15.11f}'
#   description: Declination (ICRS) at Ep=2016.0 (dec)
#   meta: !!omap
#   - {ucd: POS_EQ_DEC_MAIN}
#   - {width: 15}
#   - {precision: '11'}
# - name: e_RA_ICRS
#   unit: mas
#   datatype: float64
#   format: '{:7.4f}'
#   description: Standard error of right ascension (ra_error)
#   meta: !!omap
#   - {ucd: ERROR}
#   - {width: 7}
#   - {precision: '4'}
# - name: e_DE_ICRS
#   unit: mas
#   datatype: float64
#   format: '{:7.4f}'
#   description: Standard error of declination (dec_error)
#   meta: !!omap
#   - {ucd: ERROR}
#   - {width: 7}
#   - {precision: '4'}
# - name: _r_1
#   unit: ''
#   datatype: float64
#   format: '{:7.4f}'
#   description: Distance from center (037.48461583000+57.96229864000)[ICRS], at Epoch=J2016.0
#   meta: !!omap
#   - {ucd: POS_ANG_DIST_GENERAL}
#   - {width: 7}
#   - {precision: '4'}
# - name: HIP
#   datatype: int32
#   description: '? HIP cross-id number, van Leeuwen, Cat. I/311 (hip_original_ext_source_id)'
#   meta: !!omap
#   - {ucd: ID_NUMBER}
#   - {width: 6}
#   - values: {'null': -2147483648}
# - name: TYC2
#   datatype: string
#   description: Tycho-2 cross-id name, Hog et al., Cat. I/259 (tyc2_original_ext_source_id)
#   meta: !!omap
#   - {ucd: ID_CROSSID}
#   - {_votable_string_dtype: char}
# - name: Source
#   datatype: int64
#   description: Source identifier, identical to the Gaia-EDR3 source_id (id)
#   meta: !!omap
#   - {ucd: ID_MAIN}
#   - {width: 19}
# - name: rgeo
#   unit: pc
#   datatype: float64
#   format: '{:15.8f}'
#   description: '? Median of the geometric distance posterior (r_med_geo)'
#   meta: !!omap
#   - {ucd: PHYS_DISTANCE_TRUE}
#   - {width: 15}
#   - {precision: '8'}
#   - values: {'null': .nan}
# - name: Plx
#   unit: mas
#   datatype: float64
#   format: '{:9.4f}'
#   description: '? Parallax (parallax)'
#   meta: !!omap
#   - {ucd: POS_PARLX_TRIG}
#   - {width: 9}
#   - {precision: '4'}
#   - values: {'null': .nan}
# - name: e_Plx
#   unit: mas
#   datatype: float32
#   format: '{:7.4f}'
#   description: '? Standard error of parallax (parallax_error)'
#   meta: !!omap
#   - {ucd: ERROR}
#   - {width: 7}
#   - {precision: '4'}
#   - values: {'null': .nan}
# - name: pmRA
#   unit: mas / yr
#   datatype: float64
#   format: '{:9.3f}'
#   description: '? Proper motion in right ascension direction, pmRA*cosDE (pmra)'
#   meta: !!omap
#   - {ucd: POS_EQ_PMRA}
#   - {width: 9}
#   - {precision: '3'}
#   - values: {'null': .nan}
# - name: pmDE
#   unit: mas / yr
#   datatype: float64
#   format: '{:9.3f}'
#   description: '? Proper motion in declination direction (pmdec)'
#   meta: !!omap
#   - {ucd: POS_EQ_PMDEC}
#   - {width: 9}
#   - {precision: '3'}
#   - values: {'null': .nan}
# - name: e_pmRA
#   unit: mas / yr
#   datatype: float32
#   format: '{:6.3f}'
#   description: '? Standard error of proper motion in right ascension direction (pmra_error)'
#   meta: !!omap
#   - {ucd: ERROR}
#   - {width: 6}
#   - {precision: '3'}
#   - values: {'null': .nan}
# - name: e_pmDE
[...]
#       distance: !astropy.table.SerializedColumn
#         __class__: astropy.coordinates.distances.Distance
#         unit: !astropy.units.Unit {unit: pc}
#         value: !astropy.table.SerializedColumn {name: SkyCoord.distance}
#       frame: icrs
#       obstime: !astropy.time.Time {format: jyear_str, in_subfmt: '*', jd1: 367701545.0, jd2: 0.0, out_subfmt: '*', precision: 3, scale: tt}
#       pm_dec: !astropy.table.SerializedColumn
#         __class__: astropy.units.quantity.Quantity
#         unit: !astropy.units.Unit {unit: mas / yr}
#         value: !astropy.table.SerializedColumn {name: SkyCoord.pm_dec}
#       pm_ra_cosdec: !astropy.table.SerializedColumn
#         __class__: astropy.units.quantity.Quantity
#         unit: !astropy.units.Unit {unit: mas / yr}
#         value: !astropy.table.SerializedColumn {name: SkyCoord.pm_ra_cosdec}
#       ra: !astropy.table.SerializedColumn
#         __class__: astropy.coordinates.angles.Longitude
#         unit: *id001
#         value: !astropy.table.SerializedColumn {name: SkyCoord.ra}
#         wrap_angle: !astropy.coordinates.Angle
#           unit: *id001
#           value: 360.0
#       representation_type: spherical
# schema: astropy-2.0
RA_ICRS_1 DE_ICRS_1 e_RA_ICRS e_DE_ICRS _r_1 HIP TYC2 Source rgeo Plx e_Plx pmRA pmDE e_pmRA e_pmDE RUWE Teff logg Gmag BP-RP BPmag RPmag RV e_RV b_rgeo B_rgeo FG e_FG FBP e_FBP FRP e_FRP RAVE5 RAVE6 e_Gmag e_BPmag e_RPmag e_BP-RP SkyCoord.ra SkyCoord.dec SkyCoord.distance SkyCoord.pm_ra_cosdec SkyCoord.pm_dec rmRA rmDE e_rmRA e_rmDE rRV e_rRV v_pec v_pec3d e_vpec e_vpec3d Pmemb
37.49398315335 57.82070892282 0.0118 0.014 8.5006 11625 3695-675-1 458089636866031744 2382.22095 0.3901 0.02 -0.39 -0.901 0.016 0.018 1.029 "" "" 6.944141 1.172135 7.42769 6.255555 -46.84 0.56 2287.93823 2497.87524 31426085.92729 23581.0 14600000.0 35143.0 24942000.0 49813.0 "" "" 0.0028732422328302237 0.003822963 0.0043572476 0.00818021 37.49398315335 57.82070892282 2382.22095 -0.38999999999999996 -0.9009999999999996 -0.023026093244552626 0.07073911333084104 0.14010714 0.14210713 2.164999999999999 0.96500003 0.8400182348488332 2.322252276321103 0.11921265180770746 0.9006875319732861 0.98
37.43173290117 58.125222346 0.0096 0.0109 9.9186 "" 3699-1334-1 458850258392581248 2247.2854 0.4202 0.0155 -0.632 -0.859 0.013 0.013 1.045 "" "" 8.692455 1.029777 9.104907 8.07513 -51.17 0.25 2153.14062 2333.09741 6280074.49182 1525.2 3115000.0 1704.3 4667700.0 1663.6 "" "" 0.002767908860337216 0.002852705 0.0037991405 0.0066518458 37.43173290117 58.125222346 2247.2854 -0.632 -0.859 -0.2650260932445526 0.11273911333084108 0.13710713 0.13710713 -2.164999999999999 0.655 3.0679055595765434 3.754899402444846 0.42063173824313244 0.51062539878574 0.94
37.90222669429 57.75312770224 0.009 0.0105 18.3089 "" 3695-631-1 458078985347314432 2398.74512 0.3909 0.0156 -0.261 -1.084 0.012 0.013 1.106 "" "" 9.68977 1.090449 10.142195 9.051745 "" "" 2317.61963 2472.51221 2506332.71276 869.12 1198200.0 1064.4 1898700.0 931.53 "" "" 0.002780924644408385 0.0029521685 0.003816736 0.0067689046 37.90222669429 57.75312770224 2398.74512 -0.26099999999999973 -1.0840000000000005 0.10597390675544738 -0.11226088666915901 0.13610713 0.13710713 "" "" 1.7553009180382744 "" 0.23983875166269297 "" 0.96
37.41132454471 58.22512058921 0.0092 0.0106 15.9397 "" 3699-1878-1 458855240554574080 2464.37207 0.3828 0.015 -0.399 -1.028 0.013 0.013 0.977 "" "" 9.726155 0.656402 9.96721 9.310808 "" "" 2374.69873 2602.54517 2423731.54455 664.93 1407800.0 584.53 1495700.0 382.01 "" "" 0.002771373562762188 0.0028263535 0.0037895413 0.006615895 37.41132454471 58.22512058921 2464.37207 -0.39900000000000013 -1.0280000000000002 -0.032026093244552634 -0.05626088666915896 0.13710713 0.13710713 "" "" 0.756208012905464 "" 0.10368151325548464 "" 0.97
37.55855037219 57.67507574029 0.0112 0.0129 17.3946 "" 3695-960-1 458083761350815232 2245.60522 0.4203 0.0185 -0.657 -1.231 0.015 0.017 1.145 "" "" 9.949487 0.67878 10.202509 9.523729 "" "" 2129.16162 2369.28247 1973114.21906 717.8 1133500.0 972.96 1229300.0 678.23 "" "" 0.0027834868225556576 0.0029417002 0.0038265593 0.006768259 37.55855037219 57.67507574029 2245.60522 -0.6570000000000005 -1.2310000000000003 -0.29002609324455264 -0.25926088666915903 0.13910714 0.14110714 "" "" 4.140723133726592 "" 0.5796970909827726 "" 0.82
37.84326637424 58.01559173549 0.0127 0.0146 11.8466 "" "" 458095787259265024 2433.51123 0.3721 0.0201 -0.272 -1.037 0.017 0.019 1.047 18201.2 3.3898 11.056636 0.765755 11.349453 10.583698 "" "" 2339.18799 2555.07349 711692.62076 273.76 394130.0 285.59 463100.0 185.92 "" "" 0.0027867924894589276 0.002898965 0.003804435 0.0067034 37.84326637424 58.01559173549 2433.51123 -0.272 -1.037 0.09497390675544737 -0.06526088666915886 0.14110714 0.14310713 "" "" 1.3292137091532379 "" 0.18841826642961315 "" 0.94
37.71534334264 57.81001415283 0.0132 0.0159 11.7322 "" 3695-377-1 458092007688139776 2106.05591 0.4371 0.0228 -0.273 -1.142 0.019 0.021 1.183 15789.4 3.4273 11.398036 0.805288 11.708887 10.903599 "" "" 2010.02222 2202.63647 519675.81142 160.28 283050.0 138.3 344920.0 117.81 "" "" 0.0027755944733018085 0.002840154 0.003797532 0.006637686 37.71534334264 57.81001415283 2106.05591 -0.2730000000000001 -1.142 0.09397390675544737 -0.17026088666915884 0.14310713 0.14510714 "" "" 1.9413695937444968 "" 0.2808047470780276 "" 0.96
37.90526260458 58.08730069552 0.0118 0.0152 15.3258 "" 3695-473-1 458190031715044736 2249.40405 0.3969 0.0199 -0.42 -0.993 0.016 0.02 1.311 16683.4 3.9984 11.829245 0.684465 12.084785 11.40032 "" "" 2157.38428 2356.35181 349340.53654 100.69 200220.0 132.64 218290.0 69.509 "" "" 0.0027730346401724083 0.002881388 0.0037951618 0.00667655 37.90526260458 58.08730069552 2249.40405 -0.42 -0.9929999999999999 -0.0530260932445526 -0.02126088666915893 0.14010714 0.14410713 "" "" 0.6091258667100468 "" 0.08568446424496871 "" 0.98
37.70546989411 57.97425484982 0.0106 0.012 7.0648 "" "" 458096852411035904 2166.58081 0.4139 0.0161 -0.557 -0.889 0.014 0.016 1.103 15554.3 3.7158 11.906949 0.607984 12.127057 11.519073 "" "" 2097.52954 2240.96118 325212.38373 90.676 192570.0 142.02 195670.0 96.022 "" "" 0.0027719004984353163 0.0029027942 0.003816754 0.0067195483 37.70546989411 57.97425484982 2166.58081 -0.5570000000000003 -0.8890000000000005 -0.19002609324455266 0.08273911333084105 0.13810714 0.14010714 "" "" 2.12845032014248 "" 0.2946367126291443 "" 0.96
37.61309264959 58.07705027427 0.009 0.0111 8.0046 "" "" 458099841708252928 2323.28369 0.3975 0.0153 -0.449 -1.1 0.012 0.014 1.04 19835.9 3.9485 11.973127 0.886401 12.32176 11.435359 "" "" 2238.51758 2411.63135 305982.0708 506.46 160960.0 594.87 211360.0 1348.6 "" "" 0.0032895859375035707 0.0048873504 0.0078915 0.01277885 37.61309264959 58.07705027427 2323.28369 -0.44900000000000023 -1.1 -0.08202609324455262 -0.12826088666915902 0.13610713 0.13810714 "" "" 1.6765989811987114 "" 0.2305819611581464 "" 0.97
36.99820483464 58.16597804226 0.0089 0.0107 19.6893 "" 3699-1316-1 458860463234886144 2577.74463 0.3633 0.0146 -0.418 -1.092 0.013 0.014 1.006 15456.8 3.8014 12.189047 0.64572 12.430349 11.78463 "" "" 2500.43945 2670.38306 250800.28279 62.571 145640.0 77.854 153220.0 100.32 "" "" 0.0027686030435633228 0.0028498962 0.003845657 0.006695553 36.99820483464 58.16597804226 2577.74463 -0.41800000000000015 -1.092 -0.051026093244552595 -0.12026088666915902 0.13710713 0.13810714 "" "" 1.5962042694004406 "" 0.2202044285298762 "" 0.99
37.18167644181 58.25968179342 0.0081 0.0092 20.2626 "" "" 458866643683030912 2470.90332 0.3828 0.0132 -0.296 -0.866 0.011 0.011 1.018 15119.1 3.6939 12.361219 0.677178 12.617452 11.940273 "" "" 2394.74609 2534.86035 214022.30139 37.551 122580.0 69.347 132750.0 46.305 "" "" 0.0027618975871314335 0.0028569791 0.0037983095 0.006655289 37.18167644181 58.25968179342 2470.90332 -0.29599999999999993 -0.8659999999999999 0.0709739067554474 0.10573911333084107 0.13510713 0.13510713 "" "" 1.4915351279403488 "" 0.2015170301501536 "" 0.96
37.35159026254 58.1727434592 0.0079 0.0088 13.3137 "" "" 458853556927437952 2284.87036 0.4139 0.0119 -0.556 -0.979 0.01 0.011 0.992 15145.0 3.882 12.421378 0.65052 12.665149 12.014628 "" "" 2224.10474 2339.71313 202486.22573 43.053 117320.0 122.9 123970.0 78.005 "" "" 0.0027649740888073975 0.0030130835 0.0038406316 0.006853715 37.35159026254 58.1727434592 2284.87036 -0.5559999999999999 -0.9789999999999998 -0.18902609324455266 -0.007260886669158917 0.13410714 0.13510713 "" "" 2.048716316059211 "" 0.2747505209240038 "" 0.95
37.6435559854 57.8713608646 0.0101 0.0114 7.445 "" "" 458093107199584768 2256.45776 0.4128 0.0162 -0.351 -0.939 0.013 0.015 1.048 15225.6 4.0845 13.010337 0.731094 13.290107 12.559012 "" "" 2178.59717 2336.62964 117709.63119 24.827 65974.0 44.125 75085.0 30.673 "" "" 0.002764820185145437 0.0028831174 0.0038053186 0.006688436 37.6435559854 57.8713608646 2256.45776 -0.35099999999999965 -0.9389999999999996 0.01597390675544741 0.03273911333084112 0.13710713 0.13910714 "" "" 0.3896220300561406 "" 0.05405024031421899 "" 0.99
37.94713591248 58.16342455183 0.0086 0.0099 19.0034 "" "" 458192131962855680 2183.62354 0.4208 0.0136 -0.33 -1.038 0.011 0.013 0.942 13446.1 3.834 13.118732 0.68187 13.375497 12.693627 "" "" 2118.73755 2248.48657 106525.57749 28.817 60984.0 48.109 66330.0 42.162 "" "" 0.002770930374689225 0.0029186753 0.0038418768 0.006760552 37.94713591248 58.16342455183 2183.62354 -0.32999999999999957 -1.038 0.03697390675544737 -0.06626088666915897 0.13510713 0.13710713 "" "" 0.7853728913472214 "" 0.10730935141324033 "" 0.98
37.53795413794 57.81381924472 0.0086 0.0096 9.0697 "" "" 458089671225770752 2316.94263 0.3991 0.0137 -0.4 -1.045 0.012 0.012 0.931 13238.0 3.9189 13.241793 0.803956 13.554567 12.750611 "" "" 2245.61792 2374.21533 95110.75388 14.974 51712.0 35.883 62938.0 23.445 "" "" 0.002760617390960065 0.002890095 0.003800961 0.0066910563 37.53795413794 57.81381924472 2316.94263 -0.40000000000000036 -1.0450000000000002 -0.033026093244552635 -0.07326088666915886 0.13610713 0.13610713 "" "" 0.8825485772159517 "" 0.12012115555327559 "" 0.99
37.94341995737 57.99359200844 0.0086 0.0106 14.717 "" "" 458188558550227968 2192.35083 0.4222 0.0142 -0.138 -0.959 0.011 0.014 1.011 12252.2 3.9031 13.294277 0.852692 13.628616 12.775925 "" "" 2114.9585 2260.29346 90622.46924 19.004 48303.0 31.41 61488.0 29.205 "" "" 0.002764711490369723 0.0028781097 0.0038144025 0.006692512 37.94341995737 57.99359200844 2192.35083 -0.138 -0.959 0.22897390675544738 0.012739113330841101 0.13510713 0.13810714 "" "" 2.383117700632152 "" 0.3219984980339243 "" 0.98
37.5676049185 57.80311487539 0.0088 0.01 9.9111 "" "" 458086681928534528 2307.66895 0.3976 0.0143 -0.31 -0.904 0.012 0.013 0.991 10124.2 3.7559 13.368932 0.875126 13.7141 12.838974 "" "" 2231.27124 2399.09375 84600.74196 11.014 44645.0 32.502 58019.0 23.699 "" "" 0.0027589434879554038 0.0028999695 0.0038053135 0.006705283 37.5676049185 57.80311487539 2307.66895 -0.31000000000000005 -0.9039999999999999 0.05697390675544739 0.06773911333084104 0.13610713 0.13710713 "" "" 0.9681900993866754 "" 0.13234548896320572 "" 0.99
37.42904740172 58.2035189373 0.0084 0.0099 14.5802 "" "" 458855000036678144 2245.30859 0.4111 0.0134 -0.377 -1.002 0.011 0.012 1.039 12635.7 4.0258 13.416429 0.740435 13.700411 12.959976 "" "" 2188.89648 2317.64746 80979.48788 15.473 45212.0 32.916 51900.0 31.131 "" "" 0.002763119063136292 0.0028999774 0.0038350825 0.00673506 37.42904740172 58.2035189373 2245.30859 -0.3769999999999999 -1.002 -0.010026093244552614 -0.030260886669158937 0.13510713 0.13610713 "" "" 0.33927615349046414 "" 0.046144455491286755 "" 0.99
37.38468363055 57.7900155679 0.0127 0.0144 10.8175 "" "" 458088228116772864 2245.56104 0.4105 0.0208 -0.056 -0.88 0.017 0.018 1.377 12187.2 3.5988 13.667274 0.919841 14.033328 13.113487 "" "" 2135.6897 2373.09033 64274.26053 11.543 33273.0 26.714 45057.0 22.776 "" "" 0.0027622109587994437 0.00292317 0.003819024 0.0067421943 37.38468363055 57.7900155679 2245.56104 -0.056000000000000216 -0.8799999999999999 0.3109739067554474 0.09173911333084106 0.14110714 0.14210713 "" "" 3.451021052466333 "" 0.48724090586560953 "" 0.82
37.51581593256 57.9207592082 0.0145 0.0168 2.6831 "" "" 458091354852917504 2072.59302 0.4518 0.0233 -0.503 -0.811 0.019 0.022 1.504 10798.7 3.97 13.670193 0.756454 13.959289 13.202835 "" "" 1987.08899 2160.85767 64101.72635 11.863 35621.0 24.108 41498.0 22.807 "" "" 0.0027626369779129864 0.0028853083 0.0038261984 0.0067115068 37.51581593256 57.9207592082 2072.59302 -0.5030000000000003 -0.8110000000000003 -0.13602609324455261 0.160739113330841 0.14310713 0.14610714 "" "" 2.0686689875897324 "" 0.29967316495812324 "" 0.92
37.23273876612 57.73563428251 0.0095 0.0111 15.7998 "" "" 458065104012062336 2243.56787 0.4154 0.0157 -0.447 -0.911 0.013 0.014 1.041 12475.6 3.9232 13.678858 0.896929 14.034619 13.137691 "" "" 2162.99316 2319.87939 63592.14451 12.193 33233.0 23.432 44064.0 21.556 "" "" 0.0027631733200377566 0.0028932835 0.0038165215 0.0067098048 37.23273876612 57.73563428251 2243.56787 -0.44699999999999956 -0.9109999999999997 -0.08002609324455262 0.06073911333084103 0.13710713 0.13810714 "" "" 1.068406764564248 "" 0.1468776041595401 "" 0.99
37.26548004648 58.05709666021 0.0104 0.0118 8.9928 "" "" 458846684979853824 2227.54443 0.4186 0.0165 -0.301 -0.901 0.015 0.015 1.039 13016.6 4.1685 13.928317 0.740456 14.209206 13.46875 "" "" 2156.45288 2306.86523 50538.22125 55.231 28297.0 104.02 32483.0 104.81 "" "" 0.002999949690343378 0.004869756 0.0051532974 0.010023054 37.26548004648 58.05709666021 2227.54443 -0.30100000000000005 -0.9010000000000007 0.0659739067554474 0.07073911333084104 0.13910714 0.13910714 "" "" 1.0213233244762905 "" 0.14207336455727596 "" 0.99
37.79228447072 57.75295489694 0.0102 0.0111 15.9444 "" "" 458073831386731392 2243.49316 0.4173 0.0166 -0.352 -1.112 0.014 0.014 1.026 "" "" 13.939473 1.135651 14.418233 13.282582 "" "" 2173.35767 2312.15332 50021.60048 7.4468 23341.0 18.753 38559.0 21.362 "" "" 0.002760057137185307 0.0029233524 0.0038269488 0.0067503015 37.79228447072 57.75295489694 2243.49316 -0.352 -1.112 0.014973906755447408 -0.14026088666915904 0.13810714 0.13810714 "" "" 1.5000320516351635 "" 0.20716513039740458 "" 0.98
37.479774568 58.16309034218 0.0103 0.0119 12.0485 "" "" 458851907659990656 2363.35083 0.3936 0.0165 -0.49 -0.89 0.014 0.015 1.039 12683.1 4.0771 14.045078 0.869273 14.388582 13.519309 "" "" 2272.40186 2440.98682 45385.30801 8.9386 23987.0 21.391 31005.0 17.575 "" "" 0.0027636053897688003 0.0029533915 0.003829164 0.0067825555 37.479774568 58.16309034218 2363.35083 -0.4900000000000001 -0.8899999999999999 -0.1230260932445526 0.08173911333084105 0.13810714 0.13910714 "" "" 1.6546307451021394 "" 0.22902430850675987 "" 0.98
37.23906300761 57.9212639349 0.0115 0.0131 8.1985 "" "" 458841187421799040 2327.51318 0.3937 0.0182 -0.244 -0.831 0.015 0.016 1.061 12319.5 4.0828 14.12837 0.780354 14.42799 13.647636 "" "" 2218.75781 2438.74414 42033.81344 40.272 23132.0 64.352 27549.0 93.096 "" "" 0.0029451425250588033 0.004111962 0.00526739 0.0093793515 37.23906300761 57.9212639349 2327.51318 -0.24400000000000002 -0.8310000000000001 0.12297390675544739 0.1407391133308411 0.13910714 0.14010714 "" "" 2.0619127270321624 "" 0.2879978235641466 "" 0.98
38.07358243506 57.89286708106 0.0107 0.0126 19.221 "" "" 458081734126305792 2299.65967 0.4013 0.0172 -0.245 -0.998 0.014 0.016 1.017 10946.6 3.8948 14.143757 0.960597 14.531909 13.571312 "" "" 2194.9436 2412.16895 41442.29865 7.2492 21021.0 15.9 29555.0 19.361 "" "" 0.0027618578863741745 0.002908518 0.003845725 0.006754243 38.07358243506 57.89286708106 2299.65967 -0.24500000000000005 -0.998 0.12197390675544739 -0.026260886669158934 0.13810714 0.14010714 "" "" 1.3600288247399728 "" 0.18795101856635324 "" 0.98
37.82066788376 57.8621754707 0.0113 0.0133 12.2806 "" "" 458092316925749760 2453.13989 0.377 0.0187 -0.371 -0.976 0.015 0.017 1.026 11816.2 4.0149 14.156103 1.038322 14.582768 13.544446 "" "" 2351.70166 2568.99072 40973.71694 7.2373 20059.0 23.067 30296.0 16.663 "" "" 0.0027619861784381598 0.0030567837 0.0038262685 0.006883052 37.82066788376 57.8621754707 2453.13989 -0.3710000000000001 -0.976 -0.004026093244552609 -0.004260886669158914 0.13910714 0.14110714 "" "" 0.06816417600176684 "" 0.00955438959864508 "" 0.99
37.1290315942 58.14154313139 0.0108 0.0129 15.5921 "" "" 458859879119340672 2112.74438 0.439 0.0184 -0.472 -0.933 0.015 0.017 1.075 9396.5 3.8035 14.183541 0.875685 14.531862 13.656178 "" "" 2046.35388 2192.87793 39951.2306 7.5126 21022.0 18.348 27333.0 14.816 "" "" 0.0027628741096007 0.0029467018 0.0038249306 0.0067716325 37.1290315942 58.14154313139 2112.74438 -0.4719999999999998 -0.933 -0.10502609324455259 0.03873911333084101 0.13910714 0.14110714 "" "" 1.1210413010909295 "" 0.15621505225179633 "" 0.91
37.63488136581 57.93826989066 0.0127 0.0142 4.9969 "" "" 458096371374710272 2135.85889 0.4393 0.0201 -0.571 -0.848 0.017 0.018 1.126 10902.7 3.9043 14.194831 0.894255 14.549603 13.655348 "" "" 2046.12109 2223.65234 39537.95913 7.8061 20681.0 22.061 27354.0 22.397 "" "" 0.002763646087750065 0.003021 0.0038825271 0.0069035273 37.63488136581 57.93826989066 2135.85889 -0.5710000000000001 -0.8480000000000001 -0.20402609324455256 0.12373911333084109 0.14110714 0.14210713 "" "" 2.4157503950934425 "" 0.3415309317455277 "" 0.85
