Clusters/UBC_191/UBC_191_stars_in_region.tsv
# %ECSV 1.0
# ---
# datatype:
# - name: RA_ICRS_1
#   unit: deg
#   datatype: float64
#   format: '{:15.11f}'
#   description: Right ascension (ICRS) at Ep=2016.0 (ra)
#   meta: !!omap
#   - {ucd: POS_EQ_RA_MAIN}
#   - {width: 15}
#   - {precision: '11'}
# - name: DE_ICRS_1
#   unit: deg
#   datatype: float64
#   format: '{:15.11f}'
#   description: Declination (ICRS) at Ep=2016.0 (dec)
#   meta: !!omap
#   - {ucd: POS_EQ_DEC_MAIN}
#   - {width: 15}
#   - {precision: '11'}
# - name: e_RA_ICRS
#   unit: mas
#   datatype: float64
#   format: '{:7.4f}'
#   description: Standard error of right ascension (ra_error)
#   meta: !!omap
#   - {ucd: ERROR}
#   - {width: 7}
#   - {precision: '4'}
# - name: e_DE_ICRS
#   unit: mas
#   datatype: float64
#   format: '{:7.4f}'
#   description: Standard error of declination (dec_error)
#   meta: !!omap
#   - {ucd: ERROR}
#   - {width: 7}
#   - {precision: '4'}
# - name: _r_1
#   unit: ''
#   datatype: float64
#   format: '{:7.4f}'
#   description: Distance from center (037.48461583000+57.96229864000)[ICRS], at Epoch=J2016.0
#   meta: !!omap
#   - {ucd: POS_ANG_DIST_GENERAL}
#   - {width: 7}
#   - {precision: '4'}
# - name: HIP
#   datatype: int32
#   description: '? HIP cross-id number, van Leeuwen, Cat. I/311 (hip_original_ext_source_id)'
#   meta: !!omap
#   - {ucd: ID_NUMBER}
#   - {width: 6}
#   - values: {'null': -2147483648}
# - name: TYC2
#   datatype: string
#   description: Tycho-2 cross-id name, Hog et al., Cat. I/259 (tyc2_original_ext_source_id)
#   meta: !!omap
#   - {ucd: ID_CROSSID}
#   - {_votable_string_dtype: char}
# - name: Source
#   datatype: int64
#   description: Source identifier, identical to the Gaia-EDR3 source_id (id)
#   meta: !!omap
#   - {ucd: ID_MAIN}
#   - {width: 19}
# - name: rgeo
#   unit: pc
#   datatype: float64
#   format: '{:15.8f}'
#   description: '? Median of the geometric distance posterior (r_med_geo)'
#   meta: !!omap
#   - {ucd: PHYS_DISTANCE_TRUE}
#   - {width: 15}
#   - {precision: '8'}
#   - values: {'null': .nan}
# - name: Plx
#   unit: mas
#   datatype: float64
#   format: '{:9.4f}'
#   description: '? Parallax (parallax)'
#   meta: !!omap
#   - {ucd: POS_PARLX_TRIG}
#   - {width: 9}
#   - {precision: '4'}
#   - values: {'null': .nan}
# - name: e_Plx
#   unit: mas
#   datatype: float32
#   format: '{:7.4f}'
#   description: '? Standard error of parallax (parallax_error)'
#   meta: !!omap
#   - {ucd: ERROR}
#   - {width: 7}
#   - {precision: '4'}
#   - values: {'null': .nan}
# - name: pmRA
#   unit: mas / yr
#   datatype: float64
#   format: '{:9.3f}'
#   description: '? Proper motion in right ascension direction, pmRA*cosDE (pmra)'
#   meta: !!omap
#   - {ucd: POS_EQ_PMRA}
#   - {width: 9}
#   - {precision: '3'}
#   - values: {'null': .nan}
# - name: pmDE
#   unit: mas / yr
#   datatype: float64
#   format: '{:9.3f}'
#   description: '? Proper motion in declination direction (pmdec)'
#   meta: !!omap
#   - {ucd: POS_EQ_PMDEC}
#   - {width: 9}
#   - {precision: '3'}
#   - values: {'null': .nan}
# - name: e_pmRA
#   unit: mas / yr
#   datatype: float32
#   format: '{:6.3f}'
#   description: '? Standard error of proper motion in right ascension direction (pmra_error)'
#   meta: !!omap
#   - {ucd: ERROR}
#   - {width: 6}
#   - {precision: '3'}
#   - values: {'null': .nan}
# - name: e_pmDE
[...]
#         value: !astropy.table.SerializedColumn {name: SkyCoord.dec}
#       distance: !astropy.table.SerializedColumn
#         __class__: astropy.coordinates.distances.Distance
#         unit: !astropy.units.Unit {unit: pc}
#         value: !astropy.table.SerializedColumn {name: SkyCoord.distance}
#       frame: icrs
#       obstime: !astropy.time.Time {format: jyear_str, in_subfmt: '*', jd1: 367701545.0, jd2: 0.0, out_subfmt: '*', precision: 3, scale: tt}
#       pm_dec: !astropy.table.SerializedColumn
#         __class__: astropy.units.quantity.Quantity
#         unit: !astropy.units.Unit {unit: mas / yr}
#         value: !astropy.table.SerializedColumn {name: SkyCoord.pm_dec}
#       pm_ra_cosdec: !astropy.table.SerializedColumn
#         __class__: astropy.units.quantity.Quantity
#         unit: !astropy.units.Unit {unit: mas / yr}
#         value: !astropy.table.SerializedColumn {name: SkyCoord.pm_ra_cosdec}
#       ra: !astropy.table.SerializedColumn
#         __class__: astropy.coordinates.angles.Longitude
#         unit: *id001
#         value: !astropy.table.SerializedColumn {name: SkyCoord.ra}
#         wrap_angle: !astropy.coordinates.Angle
#           unit: *id001
#           value: 360.0
#       representation_type: spherical
# schema: astropy-2.0
RA_ICRS_1 DE_ICRS_1 e_RA_ICRS e_DE_ICRS _r_1 HIP TYC2 Source rgeo Plx e_Plx pmRA pmDE e_pmRA e_pmDE RUWE Teff logg Gmag BP-RP BPmag RPmag RV e_RV b_rgeo B_rgeo FG e_FG FBP e_FBP FRP e_FRP RAVE5 RAVE6 e_Gmag e_BPmag e_RPmag e_BP-RP SkyCoord.ra SkyCoord.dec SkyCoord.distance SkyCoord.pm_ra_cosdec SkyCoord.pm_dec rmRA rmDE e_rmRA e_rmDE rRV e_rRV v_pec v_pec3d e_vpec e_vpec3d
[from data line 1407]
37.07801795616 57.58910840353 0.0361 0.0432 25.8959 "" "" 458062355233049216 2303.51978 0.4301 0.0587 -0.95 -2.0 0.047 0.052 1.017 7149.6 4.3479 16.85392 1.60367 17.605185 16.001514 "" "" 2059.34814 2618.6748 3414.90677 1.8291 1239.8 7.9676 3151.8 8.6354 "" "" 0.002816022611629951 0.007514694 0.004809654 0.012324348 37.07801795616 57.58910840353 2303.51978 -0.9500000000000007 -2.0 -0.5830260932445526 -1.028260886669159 0.17110714 0.17610714 "" "" 12.906419392280707 "" 2.2573830965509067 ""
37.91102550702 58.37360712363 0.0379 0.0403 28.1267 "" "" 458953784284063616 2268.19385 0.4018 0.0583 -0.802 -0.917 0.049 0.052 1.011 5671.6 4.6044 16.855055 1.415455 17.496439 16.080984 "" "" 2026.37573 2664.55396 3411.33946 1.8223 1370.4 7.4874 2929.3 7.7063 "" "" 0.002815701658386109 0.006555516 0.0047373273 0.011292843 37.91102550702 58.37360712363 2268.19385 -0.8020000000000002 -0.9169999999999998 -0.43502609324455266 0.05473911333084103 0.17310713 0.17610714 "" "" 4.713950187846447 "" 0.8162406979215673 ""
37.34142714809 58.02948603096 0.0367 0.0423 6.0813 "" "" 458843489524199168 2369.33032 0.4055 0.0604 0.511 -0.721 0.051 0.054 0.997 "" "" 16.857962 1.543138 17.580713 16.037575 "" "" 2072.13159 2726.74219 3402.21538 1.8383 1268.0 7.7042 3048.8 7.5403 "" "" 0.002817081346235406 0.007162588 0.0046361913 0.0117987795 37.34142714809 58.02948603096 2369.33032 0.5110000000000001 -0.7210000000000002 0.8779739067554474 0.2507391133308411 0.17510714 0.17810714 "" "" 10.254417894981282 "" 1.7979599703978482 ""
37.92756216256 58.18373865247 0.0379 0.0452 19.3407 "" "" 458195151316627840 2437.14917 0.3981 0.0637 -3.133 -0.166 0.055 0.061 0.965 "" "" 16.858532 1.579441 17.59958 16.02014 "" "" 2041.80469 2850.13306 3400.43157 1.8198 1246.2 7.0447 3098.1 7.7385 "" "" 0.00281592066016639 0.0067420523 0.0046517234 0.011393776 37.92756216256 58.18373865247 2437.14917 -3.133 -0.16599999999999998 -2.7660260932445526 0.805739113330841 0.17910713 0.18510714 "" "" 33.2814723509675 "" 5.976808723174648 ""
36.68527642144 57.8034308973 0.0394 0.0448 27.2215 "" "" 458825003984082560 2165.42041 0.4369 0.0611 -0.448 -1.12 0.054 0.057 1.045 5525.7 4.5479 16.860882 1.544479 17.572119 16.02764 "" "" 1901.25073 2536.4519 3393.07817 1.8689 1278.1 7.2236 3076.8 8.6401 "" "" 0.002819471327376483 0.006740947 0.0048558773 0.011596824 36.68527642144 57.8034308973 2165.42041 -0.4479999999999998 -1.1200000000000003 -0.08102609324455262 -0.14826088666915904 0.17810714 0.18110713 "" "" 1.7341918501612668 "" 0.3128856720554513 ""
37.0025684055 58.03576655775 0.0383 0.0458 15.9484 "" "" 458857577016952192 2460.85522 0.393 0.0656 -0.093 -1.645 0.053 0.058 1.097 5746.5 4.6345 16.861233 1.433514 17.51407 16.080557 "" "" 2090.80615 2876.01123 3391.98315 1.9034 1348.3 7.267 2930.5 7.4287 "" "" 0.0028218759202871665 0.0064829895 0.004675347 0.011158336 37.0025684055 58.03576655775 2460.85522 -0.09299999999999997 -1.6449999999999998 0.2739739067554474 -0.673260886669159 0.17710714 0.18210714 "" "" 8.47855694738314 "" 1.5380541806815242 ""
37.45533955462 58.13157447764 0.0607 0.0698 10.199 "" "" 458850086593882112 2672.43652 0.3861 0.0973 -2.498 -0.426 0.083 0.087 1.614 4771.3 4.3739 16.861658 1.675732 17.609062 15.933331 "" "" 2088.79224 3394.34521 3390.6567 2.9271 1235.4 9.8036 3356.0 11.002 "" "" 0.0029103811218365748 0.009056453 0.005191617 0.014248069 37.45533955462 58.13157447764 2672.43652 -2.498 -0.4260000000000008 -2.131026093244553 0.5457391133308411 0.20710713 0.21110713 "" "" 27.86558662167505 "" 5.778083836733348 ""
38.00891585793 57.64553922513 0.0402 0.0433 25.3407 "" "" 458074518581381504 2083.90234 0.4741 0.0671 -0.202 -0.95 0.055 0.055 1.032 7582.0 4.4118 16.862003 1.533766 17.56658 16.032814 "" "" 1830.56311 2360.65283 3389.5773 1.8387 1284.6 6.2723 3062.2 8.5824 "" "" 0.0028175644506168484 0.005990737 0.0048521613 0.010842899 38.00891585793 57.64553922513 2083.90234 -0.20200000000000007 -0.95 0.16497390675544737 0.02173911333084111 0.17910713 0.17910713 "" "" 1.6436493587433885 "" 0.29438931867038154 ""
37.93347546803 57.60265088 0.0395 0.0421 25.9191 "" "" 458069192822655616 1869.18079 0.5198 0.0645 -0.775 0.057 0.052 0.052 1.038 "" "" 16.863028 "" "" "" "" "" 1685.85706 2111.70728 3386.38149 4.7114 "" "" "" "" "" "" 0.0031422261746554573 "" "" "" 37.93347546803 57.60265088 1869.18079 -0.775 0.057000000000000016 -0.40802609324455263 1.028739113330841 0.17610714 0.17610714 "" "" 9.805288359863681 "" 1.7267812741964297 ""
36.70389696183 57.91491801368 0.0376 0.0467 25.0275 "" "" 458832460047256448 2077.11108 0.4844 0.0636 0.822 -0.454 0.052 0.058 1.02 5411.1 4.6321 16.864109 1.50424 17.56329 16.05905 "" "" 1804.05701 2377.03418 3383.00643 1.8085 1288.6 9.2251 2989.1 7.9679 "" "" 0.00281578996268342 0.0082584135 0.0047602616 0.013018675 36.70389696183 57.91491801368 2077.11108 0.8219999999999998 -0.4540000000000005 1.1889739067554475 0.5177391133308411 0.17610714 0.18210714 "" "" 12.767738267142322 "" 2.260874299634933 ""
37.93715712199 58.10091817477 0.0379 0.0479 16.6085 "" "" 458190242177311872 1855.00671 0.5295 0.0657 1.622 1.973 0.052 0.061 0.938 4866.1 4.3558 16.864143 1.599476 17.619787 16.020311 "" "" 1669.96399 2179.93921 3382.90053 2.0122 1223.2 10.694 3097.7 11.044 "" "" 0.0028299934236774796 0.009893785 0.005409949 0.015303735 37.93715712199 58.10091817477 1855.00671 1.6220000000000003 1.9730000000000003 1.9889739067554475 2.944739113330841 0.17610714 0.18510714 "" "" 31.245149880187032 "" 5.697095699066713 ""
37.23833074308 57.50456635508 0.0386 0.0429 28.5745 "" "" 458058060265783424 1968.99512 0.4724 0.0609 -0.461 -1.125 0.05 0.052 0.986 5674.1 4.674 16.865763 1.419476 17.507702 16.088226 "" "" 1763.41101 2193.9978 3377.86033 1.8756 1356.2 6.9312 2909.8 7.6902 "" "" 0.0028205035452384965 0.0062109292 0.0047452585 0.010956188 37.23833074308 57.50456635508 1968.99512 -0.4610000000000002 -1.125 -0.09402609324455263 -0.15326088666915894 0.17410713 0.17610714 "" "" 1.6781258524912752 "" 0.2946159377747076 ""
38.28369117567 57.81814688166 0.0408 0.0455 26.9121 "" "" 458171103803234176 2318.48853 0.416 0.0627 -0.417 -1.083 0.06 0.057 1.063 7645.0 4.4446 16.866821 1.539814 17.581505 16.04169 "" "" 2048.77539 2572.12427 3374.57032 1.7476 1267.1 7.4262 3037.3 6.923 "" "" 0.002812106189399567 0.006948108 0.004517533 0.011465641 38.28369117567 57.81814688166 2318.48853 -0.4169999999999999 -1.083 -0.050026093244552594 -0.1112608866691589 0.18410714 0.18110713 "" "" 1.340627218621645 "" 0.24347815331696715 ""
37.52140067858 58.1709939091 0.0379 0.045 12.576 "" "" 458851735861288320 2420.84839 0.3857 0.0626 -0.446 -1.009 0.05 0.055 1.03 6034.9 4.4756 16.870985 1.627251 17.637928 16.010677 "" "" 2099.0918 2862.04102 3361.65372 3.1149 1202.9 10.859 3125.3 12.218 "" "" 0.002933241692189865 0.010190728 0.005683311 0.01587404 37.52140067858 58.1709939091 2420.84839 -0.44599999999999995 -1.009 -0.07902609324455262 -0.03726088666915883 0.17410713 0.17910713 "" "" 1.0025538420169242 "" 0.17547414790325616 ""
37.23694130761 58.30265137257 0.0391 0.0451 21.8764 "" "" 458868297255121024 2280.35327 0.4249 0.0656 0.199 -1.01 0.054 0.058 0.965 5546.9 4.6581 16.8721 1.296324 17.442778 16.146454 "" "" 1994.11194 2714.84399 3358.20074 1.8007 1439.8 6.9314 2757.9 9.4623 "" "" 0.002816154405904611 0.00592498 0.0053066364 0.011231616 37.23694130761 58.30265137257 2280.35327 0.1990000000000005 -1.01 0.5659739067554475 -0.038260886669158944 0.17810714 0.18210714 "" "" 6.131503608623678 "" 1.092177407771119 ""
37.92965561222 57.8045326821 0.0401 0.0448 17.0626 "" "" 458079569462839040 2429.17383 0.4255 0.0661 -1.624 -0.938 0.057 0.057 1.043 6718.8 4.3514 16.872873 1.734608 17.713736 15.979128 "" "" 2050.96021 3100.34741 3355.81179 1.7753 1121.8 6.7097 3217.4 6.0821 "" "" 0.002814551562243378 0.007068028 0.0043007303 0.011368759 37.92965561222 57.8045326821 2429.17383 -1.624 -0.938 -1.2570260932445527 0.03373911333084112 0.18110713 0.18110713 "" "" 14.478967944023957 "" 2.622244382218496 ""
36.65435956171 57.89253944936 0.0368 0.045 26.7805 "" "" 458832150809622912 1910.61731 0.5106 0.0599 -1.387 -1.576 0.053 0.06 1.016 6744.1 4.349 16.873886 1.598965 17.619858 16.020893 "" "" 1750.49561 2161.75977 3352.68072 1.8196 1223.1 6.8296 3096.0 8.078 "" "" 0.0028176263868442864 0.0066738254 0.00472323 0.011397055 36.65435956171 57.89253944936 1910.61731 -1.3870000000000002 -1.5760000000000012 -1.0200260932445526 -0.604260886669159 0.17710714 0.18410714 "" "" 10.736939889488402 "" 1.9213954821208756 ""
37.40986809644 58.10098503979 0.0386 0.0433 8.6533 "" "" 458850120953647488 1843.94275 0.529 0.0621 3.491 0.381 0.052 0.053 1.033 4966.2 4.4888 16.874458 1.599352 17.621832 16.02248 "" "" 1624.22156 2064.11768 3350.91579 1.8759 1220.9 9.5258 3091.5 7.6937 "" "" 0.0028215646131134354 0.008918885 0.0046459334 0.013564819 37.40986809644 58.10098503979 1843.94275 3.4909999999999988 0.381000000000002 3.8579739067554475 1.352739113330841 0.17610714 0.17710714 "" "" 35.732568081767255 "" 6.2966823546843695 ""
37.92570401374 57.94596187847 0.0372 0.0441 14.0766 "" "" 458094515948964480 2508.83423 0.3752 0.0611 -2.778 0.882 0.05 0.056 0.994 7648.4 4.4338 16.874481 1.369284 17.485853 16.11657 "" "" 2183.39355 2981.96948 3350.84379 1.944 1383.8 6.9467 2834.8 9.1494 "" "" 0.0028264029865794006 0.0061230767 0.0051539754 0.011277052 37.92570401374 57.94596187847 2508.83423 -2.7779999999999996 0.8819999999999997 -2.4110260932445526 1.8537391133308412 0.17410713 0.18010715 "" "" 36.1665417721361 "" 6.378334938470599 ""
36.9045343185 57.61621911619 0.0361 0.0421 27.8451 "" "" 458808098993040128 2506.39771 0.395 0.0587 -0.456 -1.137 0.046 0.053 1.056 6144.7 4.4609 16.874557 1.520534 17.57969 16.059156 "" "" 2152.92334 2819.66284 3350.61031 1.715 1269.2 9.593 2988.8 8.9112 "" "" 0.002810805256522329 0.008667688 0.0049762344 0.013643922 36.9045343185 57.61621911619 2506.39771 -0.45599999999999996 -1.1370000000000002 -0.08902609324455263 -0.16526088666915895 0.17010714 0.17710714 "" "" 2.230111586553908 "" 0.39151168917471124 ""
36.98690493209 57.73277755586 0.0376 0.0426 21.0286 "" "" 458814970940670720 1961.65259 0.495 0.0619 1.04 -2.423 0.054 0.055 1.031 5516.4 4.6168 16.876043 1.54377 17.594627 16.050858 "" "" 1766.22461 2175.44751 3346.02603 1.8157 1251.9 6.379 3011.7 6.3295 "" "" 0.0028176068275330315 0.006196096 0.004414798 0.010610894 36.98690493209 57.73277755586 1961.65259 1.04 -2.423 1.4069739067554474 -1.451260886669159 0.17810714 0.17910713 "" "" 18.79470303067764 "" 3.357172361301544 ""
37.77946545011 58.30900393413 0.0396 0.0436 22.8025 "" "" 458947565171211904 1846.20581 0.5273 0.0638 1.455 -0.112 0.056 0.058 1.011 5657.0 4.6071 16.876722 1.58844 17.619196 16.030756 "" "" 1646.89734 2108.86597 3343.93437 2.0267 1223.9 7.5827 3068.0 11.51 "" "" 0.0028328101685682954 0.0072824154 0.005556558 0.012838973 37.77946545011 58.30900393413 1846.20581 1.4550000000000005 -0.11200000000000013 1.8219739067554475 0.8597391133308411 0.18010715 0.18210714 "" "" 17.630071951637852 "" 3.1817523655202913 ""
37.47051149459 58.06228089049 0.038 0.0454 6.0157 "" "" 458849021442042624 2557.89014 0.3725 0.0669 -0.549 -2.17 0.052 0.056 1.079 5595.0 4.5603 16.87874 1.524763 17.576996 16.052233 "" "" 2206.52563 3081.17773 3337.7228 1.8582 1272.4 6.6133 3007.9 7.9457 "" "" 0.00282084375542492 0.0062952195 0.004744437 0.011039657 37.47051149459 58.06228089049 2557.89014 -0.5490000000000007 -2.1700000000000017 -0.18202609324455266 -1.1982608866691589 0.17610714 0.18010715 "" "" 14.694865196751788 "" 2.6453388211736577 ""
37.0547516 57.68523728081 0.0541 0.0617 21.5636 "" "" 458813871429058944 1928.81519 0.494 0.0889 -1.525 -0.654 0.072 0.078 1.43 5756.5 4.6954 16.87901 1.418247 17.503756 16.085508 "" "" 1698.99072 2342.06396 3336.90107 3.0762 1361.2 6.8689 2917.1 9.4354 "" "" 0.002931486405093073 0.0061484035 0.005159134 0.011307538 37.0547516 57.68523728081 1928.81519 -1.5250000000000006 -0.6540000000000007 -1.1580260932445525 0.31773911333084104 0.19610713 0.20210713 "" "" 10.978650650770287 "" 2.157669103615087 ""
37.62516586277 57.87793972881 0.0385 0.0446 6.7586 "" "" 458093175919060224 2482.86011 0.3804 0.063 -2.449 0.711 0.052 0.058 1.055 6757.5 4.241 16.87903 2.189574 18.003593 15.814019 "" "" 2133.20312 2904.03003 3336.83535 2.08 858.97 7.3565 3745.9 10.099 "" "" 0.002837222547102647 0.009708193 0.004780376 0.0144885685 37.62516586277 57.87793972881 2482.86011 -2.449 0.711 -2.0820260932445525 1.682739113330841 0.17610714 0.18210714 "" "" 31.505214130923807 "" 5.623742609058181 ""
37.82662045613 57.70466158254 0.0392 0.045 18.9289 "" "" 458072968090620160 2387.95361 0.4035 0.0682 -0.392 -0.975 0.055 0.056 0.967 5416.4 4.5159 16.881319 1.570032 17.61776 16.047728 "" "" 2128.34009 2871.59741 3329.80566 1.7906 1225.5 8.3186 3020.4 8.2115 "" "" 0.0028165003917415546 0.0078803785 0.0047954842 0.012675863 37.82662045613 57.70466158254 2387.95361 -0.392 -0.9749999999999996 -0.025026093244552627 -0.0032608866691589133 0.17910713 0.18010715 "" "" 0.28566238275894434 "" 0.051168951568492764 ""
38.14453492739 58.16933181589 0.041 0.0472 24.3502 "" "" 458191444768052608 1916.81714 0.5212 0.0663 -1.766 0.34 0.056 0.059 1.101 7197.1 4.3443 16.881496 1.50835 17.574524 16.066174 "" "" 1655.27087 2399.59106 3329.26232 1.8202 1275.3 7.2402 2969.5 7.9244 "" "" 0.0028185373526774166 0.006766086 0.0047622067 0.011528293 38.14453492739 58.16933181589 1916.81714 -1.766 0.33999999999999936 -1.3990260932445526 1.3117391133308411 0.18010715 0.18310714 "" "" 17.42452559714405 "" 3.162844376113037 ""
37.55925804242 58.23020940418 0.0447 0.0494 16.248 "" "" 458852281313500672 2607.87305 0.3867 0.0694 2.28 0.671 0.06 0.06 1.078 5668.3 4.5108 16.88203 1.611817 17.44969 15.837872 "" "" 2188.34448 3057.15845 3327.62717 3.8554 1430.7 27.119 3664.5 58.942 "" "" 0.0030288936053015185 0.02076847 0.017867904 0.03863637 37.55925804242 58.23020940418 2607.87305 2.2799999999999994 0.6709999999999996 2.646973906755447 1.642739113330841 0.18410714 0.18410714 "" "" 38.50915240489314 "" 7.089809901790863 ""
36.77309021387 57.82000927823 0.0382 0.0444 24.2445 "" "" 458819025389591680 1907.08118 0.5196 0.0598 2.849 -0.905 0.053 0.058 1.009 5706.8 4.6629 16.882809 1.447975 17.537687 16.089712 "" "" 1709.24353 2136.89893 3325.24115 1.8455 1319.3 7.4745 2905.9 9.8505 "" "" 0.002820441961089269 0.006754468 0.0052753678 0.012029836 36.77309021387 57.82000927823 1907.08118 2.849 -0.905 3.2159739067554476 0.06673911333084104 0.17710714 0.18210714 "" "" 29.077263707612104 "" 5.149854494839477 ""
37.36792472728 57.80287611888 0.0389 0.0436 10.2641 "" "" 458089018390751872 2260.00293 0.4274 0.0622 0.522 -2.002 0.053 0.056 1.005 4958.2 4.3161 16.883984 1.721041 17.70842 15.987379 "" "" 2003.7019 2584.7832 3321.64399 1.8002 1127.3 6.1114 3193.1 7.6214 "" "" 0.0028174518149900207 0.0065138987 0.004582516 0.011096414 37.36792472728 57.80287611888 2260.00293 0.5219999999999997 -2.002 0.8889739067554474 -1.0302608866691587 0.17710714 0.18010715 "" "" 14.577198788628436 "" 2.6068835851100105 ""
38.2674222062 57.88430478297 0.0412 0.0473 25.3778 "" "" 458171790997960576 2405.48682 0.4118 0.0649 -0.966 0.014 0.057 0.058 1.116 7221.7 4.3389 16.884033 1.522501 17.590055 16.067554 "" "" 2056.89331 2721.78101 3321.49438 1.8047 1257.2 6.0959 2965.8 6.6831 "" "" 0.0028177649496770145 0.005958195 0.004502167 0.010460362 38.2674222062 57.88430478297 2405.48682 -0.9659999999999997 0.01400000000000004 -0.5990260932445526 0.9857391133308411 0.18110713 0.18210714 "" "" 13.15197651923943 "" 2.391528872155788 ""
