Clusters/UBC_191/UBC_191_members.tsv
# %ECSV 1.0
# ---
# datatype:
# - name: RA_ICRS_1
#   unit: deg
#   datatype: float64
#   format: '{:15.11f}'
#   description: Right ascension (ICRS) at Ep=2016.0 (ra)
#   meta: !!omap
#   - {ucd: POS_EQ_RA_MAIN}
#   - {width: 15}
#   - {precision: '11'}
# - name: DE_ICRS_1
#   unit: deg
#   datatype: float64
#   format: '{:15.11f}'
#   description: Declination (ICRS) at Ep=2016.0 (dec)
#   meta: !!omap
#   - {ucd: POS_EQ_DEC_MAIN}
#   - {width: 15}
#   - {precision: '11'}
# - name: e_RA_ICRS
#   unit: mas
#   datatype: float64
#   format: '{:7.4f}'
#   description: Standard error of right ascension (ra_error)
#   meta: !!omap
#   - {ucd: ERROR}
#   - {width: 7}
#   - {precision: '4'}
# - name: e_DE_ICRS
#   unit: mas
#   datatype: float64
#   format: '{:7.4f}'
#   description: Standard error of declination (dec_error)
#   meta: !!omap
#   - {ucd: ERROR}
#   - {width: 7}
#   - {precision: '4'}
# - name: _r_1
#   unit: ''
#   datatype: float64
#   format: '{:7.4f}'
#   description: Distance from center (037.48461583000+57.96229864000)[ICRS], at Epoch=J2016.0
#   meta: !!omap
#   - {ucd: POS_ANG_DIST_GENERAL}
#   - {width: 7}
#   - {precision: '4'}
# - name: HIP
#   datatype: int32
#   description: '? HIP cross-id number, van Leeuwen, Cat. I/311 (hip_original_ext_source_id)'
#   meta: !!omap
#   - {ucd: ID_NUMBER}
#   - {width: 6}
#   - values: {'null': -2147483648}
# - name: TYC2
#   datatype: string
#   description: Tycho-2 cross-id name, Hog et al., Cat. I/259 (tyc2_original_ext_source_id)
#   meta: !!omap
#   - {ucd: ID_CROSSID}
#   - {_votable_string_dtype: char}
# - name: Source
#   datatype: int64
#   description: Source identifier, identical to the Gaia-EDR3 source_id (id)
#   meta: !!omap
#   - {ucd: ID_MAIN}
#   - {width: 19}
# - name: rgeo
#   unit: pc
#   datatype: float64
#   format: '{:15.8f}'
#   description: '? Median of the geometric distance posterior (r_med_geo)'
#   meta: !!omap
#   - {ucd: PHYS_DISTANCE_TRUE}
#   - {width: 15}
#   - {precision: '8'}
#   - values: {'null': .nan}
# - name: Plx
#   unit: mas
#   datatype: float64
#   format: '{:9.4f}'
#   description: '? Parallax (parallax)'
#   meta: !!omap
#   - {ucd: POS_PARLX_TRIG}
#   - {width: 9}
#   - {precision: '4'}
#   - values: {'null': .nan}
# - name: e_Plx
#   unit: mas
#   datatype: float32
#   format: '{:7.4f}'
#   description: '? Standard error of parallax (parallax_error)'
#   meta: !!omap
#   - {ucd: ERROR}
#   - {width: 7}
#   - {precision: '4'}
#   - values: {'null': .nan}
# - name: pmRA
#   unit: mas / yr
#   datatype: float64
#   format: '{:9.3f}'
#   description: '? Proper motion in right ascension direction, pmRA*cosDE (pmra)'
#   meta: !!omap
#   - {ucd: POS_EQ_PMRA}
#   - {width: 9}
#   - {precision: '3'}
#   - values: {'null': .nan}
# - name: pmDE
#   unit: mas / yr
#   datatype: float64
#   format: '{:9.3f}'
#   description: '? Proper motion in declination direction (pmdec)'
#   meta: !!omap
#   - {ucd: POS_EQ_PMDEC}
#   - {width: 9}
#   - {precision: '3'}
#   - values: {'null': .nan}
# - name: e_pmRA
#   unit: mas / yr
#   datatype: float32
#   format: '{:6.3f}'
#   description: '? Standard error of proper motion in right ascension direction (pmra_error)'
#   meta: !!omap
#   - {ucd: ERROR}
#   - {width: 6}
#   - {precision: '3'}
#   - values: {'null': .nan}
# - name: e_pmDE
[...]
#       distance: !astropy.table.SerializedColumn
#         __class__: astropy.coordinates.distances.Distance
#         unit: !astropy.units.Unit {unit: pc}
#         value: !astropy.table.SerializedColumn {name: SkyCoord.distance}
#       frame: icrs
#       obstime: !astropy.time.Time {format: jyear_str, in_subfmt: '*', jd1: 367701545.0, jd2: 0.0, out_subfmt: '*', precision: 3, scale: tt}
#       pm_dec: !astropy.table.SerializedColumn
#         __class__: astropy.units.quantity.Quantity
#         unit: !astropy.units.Unit {unit: mas / yr}
#         value: !astropy.table.SerializedColumn {name: SkyCoord.pm_dec}
#       pm_ra_cosdec: !astropy.table.SerializedColumn
#         __class__: astropy.units.quantity.Quantity
#         unit: !astropy.units.Unit {unit: mas / yr}
#         value: !astropy.table.SerializedColumn {name: SkyCoord.pm_ra_cosdec}
#       ra: !astropy.table.SerializedColumn
#         __class__: astropy.coordinates.angles.Longitude
#         unit: *id001
#         value: !astropy.table.SerializedColumn {name: SkyCoord.ra}
#         wrap_angle: !astropy.coordinates.Angle
#           unit: *id001
#           value: 360.0
#       representation_type: spherical
# schema: astropy-2.0
RA_ICRS_1 DE_ICRS_1 e_RA_ICRS e_DE_ICRS _r_1 HIP TYC2 Source rgeo Plx e_Plx pmRA pmDE e_pmRA e_pmDE RUWE Teff logg Gmag BP-RP BPmag RPmag RV e_RV b_rgeo B_rgeo FG e_FG FBP e_FBP FRP e_FRP RAVE5 RAVE6 e_Gmag e_BPmag e_RPmag e_BP-RP SkyCoord.ra SkyCoord.dec SkyCoord.distance SkyCoord.pm_ra_cosdec SkyCoord.pm_dec rmRA rmDE e_rmRA e_rmDE rRV e_rRV v_pec v_pec3d e_vpec e_vpec3d Pmemb
[from data line 93]
37.21476694743 57.68156281746 0.0204 0.0249 18.9228 "" "" 458064451177045760 2195.9314 0.4249 0.0334 -0.383 -1.113 0.029 0.031 0.999 9319.3 4.1581 15.597152 1.132321 16.072401 14.94008 "" "" 2012.526 2375.38501 10866.40766 3.0458 5086.9 14.511 8377.7 13.455 "" "" 0.0027720757532485665 0.004168652 0.004162256 0.008330908 37.21476694743 57.68156281746 2195.9314 -0.3830000000000004 -1.113 -0.01602609324455262 -0.14126088666915892 0.15310714 0.15510714 "" "" 1.479776416564495 "" 0.22948651968488362 "" 0.88
37.42887270613 58.09373617584 0.0208 0.0239 8.0827 "" "" 458849949154959104 2267.02466 0.4112 0.0328 -0.411 -0.879 0.029 0.029 1.006 9511.1 4.3533 15.629341 1.028472 16.051537 15.023065 "" "" 2129.87012 2407.00977 10548.97446 3.0002 5185.6 10.88 7761.3 10.582 "" "" 0.002772569407746695 0.0036019916 0.0040589524 0.007660944 37.42887270613 58.09373617584 2267.02466 -0.41099999999999987 -0.8789999999999998 -0.04402609324455259 0.09273911333084106 0.15310714 0.15310714 "" "" 1.1031409135063572 "" 0.16889874640967162 "" 0.93
37.06604022888 57.77063905997 0.0217 0.0248 17.6262 "" "" 458816517128877056 2332.10522 0.4056 0.0357 -0.525 -0.821 0.03 0.032 1.075 9244.3 4.2933 15.629807 1.032936 16.0575 15.024565 "" "" 2151.77441 2575.42432 10544.45039 3.2601 5157.2 12.087 7750.5 9.826 "" "" 0.0027756933310249896 0.0037762832 0.004022243 0.0077985264 37.06604022888 57.77063905997 2332.10522 -0.525 -0.821 -0.15802609324455263 0.1507391133308411 0.15410714 0.15610714 "" "" 2.414130557062914 "" 0.37434276907806324 "" 0.81
37.32237974267 58.13823265332 0.0204 0.0247 11.7458 "" "" 458853213330080640 2280.36035 0.4094 0.0341 -0.269 -0.975 0.027 0.032 1.002 9721.5 4.3121 15.650852 1.086932 16.026176 14.939244 "" "" 2113.5918 2443.8606 10342.02729 4.0295 5308.2 51.75 8384.2 83.852 "" "" 0.0027876051796516766 0.010946482 0.011497571 0.022444054 37.32237974267 58.13823265332 2280.36035 -0.26899999999999985 -0.9750000000000001 0.09797390675544737 -0.0032608866691589133 0.15110713 0.15610714 "" "" 1.0595773484442055 "" 0.1601156539665943 "" 0.97
37.51764012145 58.1261361101 0.0202 0.0248 9.886 "" "" 458850773788647168 2498.42725 0.3723 0.0339 -0.499 -0.892 0.028 0.032 0.996 9488.9 4.2868 15.686673 1.067965 16.128378 15.060413 "" "" 2327.19531 2702.30322 10006.39544 2.8756 4831.3 14.205 7498.8 10.703 "" "" 0.002772930329524563 0.004239779 0.004084751 0.00832453 37.51764012145 58.1261361101 2498.42725 -0.4989999999999998 -0.892 -0.1320260932445526 0.07973911333084105 0.15210713 0.15610714 "" "" 1.8265649087021762 "" 0.2798050401982786 "" 0.98
37.29066089075 58.13731833125 0.0208 0.0251 12.1737 "" "" 458853041531392384 2565.05029 0.3669 0.0339 -0.454 -1.019 0.028 0.032 0.998 9105.0 4.2834 15.744034 1.175539 16.246803 15.071264 "" "" 2372.7356 2765.104 9491.4648 2.8132 4332.1 8.0358 7424.2 7.1463 "" "" 0.0027740489064193878 0.0034410986 0.0039212178 0.0073623164 37.29066089075 58.13731833125 2565.05029 -0.45400000000000024 -1.0190000000000001 -0.08702609324455263 -0.04726088666915884 0.15210713 0.15610714 "" "" 1.2040519995488035 "" 0.18425287267516804 "" 0.97
37.01918373343 57.96035109707 0.0239 0.028 14.8149 "" "" 458845104431966720 1968.61035 0.4825 0.0395 -0.216 -0.803 0.036 0.037 0.973 7904.2 4.3085 15.807905 1.242063 16.348614 15.10655 "" "" 1819.48669 2119.43018 8949.207 3.4193 3944.3 11.673 7186.8 11.333 "" "" 0.0027863737583758747 0.0042555444 0.0041491054 0.00840465 37.01918373343 57.96035109707 1968.61035 -0.21600000000000005 -0.803 0.1509739067554474 0.16873911333084102 0.16010714 0.16110714 "" "" 2.112773106040666 "" 0.3394451003048218 "" 0.89
37.41988619151 58.15229347981 0.0218 0.0251 11.5834 "" "" 458850361471777792 2470.71655 0.3753 0.035 -0.132 -0.946 0.03 0.031 0.993 9330.7 4.1541 15.809179 1.041262 16.240982 15.19972 "" "" 2284.7583 2689.30347 8938.71441 2.8303 4355.4 10.551 6595.8 10.628 "" "" 0.0027766841203197396 0.0038344536 0.004164661 0.007999115 37.41988619151 58.15229347981 2470.71655 -0.132 -0.9460000000000002 0.23497390675544738 0.025739113330841112 0.15410714 0.15510714 "" "" 2.768286036970747 "" 0.42664556807248605 "" 0.93
37.21526189702 58.03242010731 0.0222 0.0264 9.5424 "" "" 458846238303276800 1984.66504 0.4793 0.0366 -0.25 -1.048 0.03 0.035 1.009 7826.7 4.3709 15.832796 1.094276 16.295567 15.20129 "" "" 1842.35852 2144.79053 8746.3769 2.6912 4141.8 8.0517 6586.3 8.573 "" "" 0.002775498971508013 0.0034985747 0.0040349686 0.0075335433 37.21526189702 58.03242010731 1984.66504 -0.24999999999999983 -1.048 0.11697390675544739 -0.07626088666915898 0.15410714 0.15910713 "" "" 1.31361310805278 "" 0.20441825474166647 "" 0.81
37.17523733098 57.70598299573 0.0235 0.0275 18.2803 "" "" 458064726054948992 2384.59106 0.3942 0.0373 -0.313 -0.849 0.033 0.034 1.044 9123.5 4.3127 15.834384 1.118029 16.307085 15.189056 "" "" 2179.44775 2606.5166 8733.5958 2.9232 4098.1 11.202 6660.9 10.612 "" "" 0.0027791818737120926 0.00407345 0.004156421 0.00822987 37.17523733098 57.70598299573 2384.59106 -0.31300000000000017 -0.849 0.05397390675544739 0.12273911333084109 0.15710714 0.15810713 "" "" 1.5155274867044966 "" 0.23937078114979735 "" 0.96
37.16707894032 58.06944922047 0.024 0.0282 11.9655 "" "" 458847269095405696 1990.55835 0.4766 0.0382 -0.504 -1.046 0.034 0.036 1.041 8234.6 4.1792 15.85247 1.267513 16.400839 15.133326 "" "" 1830.67554 2144.92993 8589.31543 3.1465 3759.1 11.848 7011.8 9.7841 "" "" 0.0027838790021963234 0.0044153626 0.0040717297 0.008487092 37.16707894032 58.06944922047 1990.55835 -0.504 -1.046 -0.13702609324455262 -0.07426088666915898 0.15810713 0.16010714 "" "" 1.4705318234417943 "" 0.23317252651872086 "" 0.88
37.26375837045 57.73566028784 0.0234 0.0264 15.318 "" "" 458065000932846720 2055.88843 0.4687 0.037 -0.384 -1.062 0.032 0.033 1.07 9233.1 4.368 15.861241 1.083661 16.315372 15.231711 "" "" 1888.72717 2225.39014 8520.20617 2.765 4066.9 15.724 6404.3 9.241 "" "" 0.0027777575696184068 0.00504051 0.004091224 0.009131734 37.26375837045 57.73566028784 2055.88843 -0.3839999999999998 -1.0620000000000003 -0.01702609324455262 -0.09026088666915899 0.15610714 0.15710714 "" "" 0.8950962428601206 "" 0.14059535430500464 "" 0.83
37.57097263382 58.27737196397 0.0253 0.0271 19.1014 "" "" 458946534379085696 2197.05762 0.427 0.037 -0.263 -0.706 0.033 0.033 0.991 8969.9 4.2318 15.86494 1.10946 16.332079 15.222619 "" "" 2029.16248 2386.20483 8491.23472 2.7084 4004.8 8.4307 6458.2 8.5016 "" "" 0.0027769985050155517 0.0036068242 0.0040406105 0.0076474347 37.57097263382 58.27737196397 2197.05762 -0.263 -0.706 0.10397390675544738 0.2657391133308411 0.15710714 0.15710714 "" "" 2.971708945259027 "" 0.46687670695466527 "" 0.94
37.24930972341 57.98615282559 0.0237 0.0272 7.6226 "" "" 458843111567110784 2358.27979 0.404 0.0386 -0.446 -1.01 0.032 0.034 0.995 8196.8 4.3788 15.920288 1.122651 16.392302 15.26965 "" "" 2179.79272 2634.32544 8069.21961 2.72 3788.8 8.686 6184.4 8.8434 "" "" 0.0027795203615499685 0.0037390732 0.0040858467 0.00782492 37.24930972341 57.98615282559 2358.27979 -0.44600000000000023 -1.0099999999999998 -0.07902609324455262 -0.038260886669158944 0.15610714 0.15810713 "" "" 0.9814614026077793 "" 0.1535878097082374 "" 0.98
37.67379621861 58.109005218 0.0229 0.0265 10.6579 "" "" 458100288384845568 2468.72754 0.3813 0.0373 -0.404 -0.936 0.032 0.034 1.056 9239.1 4.2616 15.945544 1.162831 16.439875 15.277043 "" "" 2252.68091 2764.80859 7883.67789 2.8508 3626.3 11.121 6142.4 10.032 "" "" 0.002783151561038962 0.0043441816 0.0041747093 0.008518891 37.67379621861 58.109005218 2468.72754 -0.40399999999999997 -0.9359999999999999 -0.03702609324455264 0.03573911333084101 0.15610714 0.15810713 "" "" 0.6021825826179928 "" 0.09458780153125611 "" 0.98
37.21518797653 57.74568243956 0.028 0.0338 15.5854 "" "" 458065172731538176 1992.02856 0.4905 0.0463 -0.341 -0.8 0.039 0.042 1.054 7651.3 4.2959 16.090387 1.439548 16.739449 15.2999 "" "" 1822.20459 2189.27148 6899.09395 2.5781 2751.9 11.296 6014.5 7.5325 "" "" 0.0027850318413698565 0.0052580885 0.0040165517 0.00927464 37.21518797653 57.74568243956 1992.02856 -0.341 -0.8 0.025973906755447362 0.17173911333084102 0.16310714 0.16610713 "" "" 1.640038795370453 "" 0.2723130898827105 "" 0.85
37.93013448903 57.99215440241 0.0266 0.0314 14.2871 "" "" 458094928265809920 2130.52051 0.4534 0.0438 -0.373 -0.865 0.036 0.04 1.013 7995.5 4.5231 16.158377 1.25355 16.700222 15.446672 "" "" 1963.50098 2326.70996 6480.31126 2.8683 2853.2 10.858 5254.0 11.811 "" "" 0.0027969149169296825 0.004985682 0.004498991 0.009484673 37.93013448903 57.99215440241 2130.52051 -0.373 -0.865 -0.0060260932445526105 0.10673911333084107 0.16010714 0.16410714 "" "" 1.0796392558219439 "" 0.17716296051124045 "" 0.92
37.55171739754 57.9331816822 0.0274 0.0306 2.7599 "" "" 458096508813667840 2114.87622 0.4524 0.0418 -0.291 -0.857 0.038 0.04 1.017 "" "" 16.163246 1.208201 16.667723 15.459521 "" "" 1929.65283 2334.40747 6451.31338 2.5035 2939.9 12.721 5192.2 16.551 "" "" 0.0027873481094640687 0.0054640872 0.0051246467 0.0105887335 37.55171739754 57.9331816822 2114.87622 -0.29100000000000015 -0.8569999999999999 0.0759739067554474 0.11473911333084108 0.16210714 0.16410714 "" "" 1.379494636441469 "" 0.22554755785966435 "" 0.98
37.94962844648 57.8005064618 0.0284 0.032 17.7281 "" "" 458079500743363328 1887.57983 0.5107 0.0479 -0.497 -1.086 0.042 0.043 1.061 8189.4 4.078 16.204502 1.446105 16.857468 15.411363 "" "" 1737.23962 2066.37842 6210.77208 2.4373 2468.5 8.8289 5427.7 13.826 "" "" 0.0027880693486427256 0.00478172 0.004683249 0.00946497 37.94962844648 57.8005064618 1887.57983 -0.49700000000000016 -1.0859999999999999 -0.1300260932445526 -0.11426088666915901 0.16610713 0.16710714 "" "" 1.5487149776182743 "" 0.25792857415718534 "" 0.87
37.49545704019 57.73677431584 0.0265 0.0303 13.5359 "" "" 458084895222163584 2008.05994 0.4714 0.0433 -0.55 -1.222 0.037 0.04 0.996 7349.6 4.3449 16.217142 1.37329 16.827888 15.454598 "" "" 1872.35339 2198.12158 6138.89353 2.5009 2536.7 9.4569 5215.8 11.349 "" "" 0.002790596876232598 0.0049161566 0.0044570006 0.009373157 37.49545704019 57.73677431584 2008.05994 -0.5500000000000003 -1.2219999999999998 -0.18302609324455266 -0.2502608866691589 0.16110714 0.16410714 "" "" 2.9510894033954744 "" 0.4812281967370013 "" 0.94
37.01885407083 58.09678534557 0.0279 0.0337 16.8539 "" "" 458859260644090752 2027.54639 0.4719 0.046 -0.434 -1.023 0.039 0.044 1.0 7269.5 4.3461 16.285728 1.357471 16.886374 15.528902 "" "" 1850.50635 2222.02832 5763.08765 2.4956 2403.6 6.1508 4870.8 9.2501 "" "" 0.002795145462050667 0.0039375774 0.004305254 0.008242832 37.01885407083 58.09678534557 2027.54639 -0.4340000000000001 -1.0230000000000001 -0.06702609324455261 -0.051260886669158845 0.16310714 0.16810714 "" "" 0.8109507800402074 "" 0.1337825654085107 "" 0.95
37.68016574223 57.94308284507 0.0299 0.0348 6.3316 "" "" 458096710670348416 1971.05286 0.4884 0.048 -0.22 -0.914 0.04 0.044 1.028 8297.9 4.3329 16.42025 1.300616 16.992752 15.692136 "" "" 1806.73035 2151.84277 5091.51521 3.9587 2179.3 8.2733 4190.9 11.457 "" "" 0.0028817377048036955 0.0049773706 0.0048055933 0.009782964 37.68016574223 57.94308284507 1971.05286 -0.22000000000000028 -0.9140000000000006 0.1469739067554474 0.05773911333084103 0.16410714 0.16810714 "" "" 1.4753072289370894 "" 0.2429057460990989 "" 0.89
