Clusters/Dolidze_8/Dolidze_8_stars_in_region.tsv
# %ECSV 1.0
# ---
# datatype:
# - name: RA_ICRS_1
#   unit: deg
#   datatype: float64
#   format: '{:15.11f}'
#   description: Right ascension (ICRS) at Ep=2016.0 (ra)
#   meta: !!omap
#   - {ucd: POS_EQ_RA_MAIN}
#   - {width: 15}
#   - {precision: '11'}
# - name: DE_ICRS_1
#   unit: deg
#   datatype: float64
#   format: '{:15.11f}'
#   description: Declination (ICRS) at Ep=2016.0 (dec)
#   meta: !!omap
#   - {ucd: POS_EQ_DEC_MAIN}
#   - {width: 15}
#   - {precision: '11'}
# - name: e_RA_ICRS
#   unit: mas
#   datatype: float64
#   format: '{:7.4f}'
#   description: Standard error of right ascension (ra_error)
#   meta: !!omap
#   - {ucd: ERROR}
#   - {width: 7}
#   - {precision: '4'}
# - name: e_DE_ICRS
#   unit: mas
#   datatype: float64
#   format: '{:7.4f}'
#   description: Standard error of declination (dec_error)
#   meta: !!omap
#   - {ucd: ERROR}
#   - {width: 7}
#   - {precision: '4'}
# - name: _r_1
#   unit: ''
#   datatype: float64
#   format: '{:7.4f}'
#   description: Distance from center (306.11710747000+42.29930596000)[ICRS], at Epoch=J2016.0
#   meta: !!omap
#   - {ucd: POS_ANG_DIST_GENERAL}
#   - {width: 7}
#   - {precision: '4'}
# - name: HIP
#   datatype: int32
#   description: '? HIP cross-id number, van Leeuwen, Cat. I/311 (hip_original_ext_source_id)'
#   meta: !!omap
#   - {ucd: ID_NUMBER}
#   - {width: 6}
#   - values: {'null': -2147483648}
# - name: TYC2
#   datatype: string
#   description: Tycho-2 cross-id name, Hog et al., Cat. I/259 (tyc2_original_ext_source_id)
#   meta: !!omap
#   - {ucd: ID_CROSSID}
#   - {_votable_string_dtype: char}
# - name: Source
#   datatype: int64
#   description: Source identifier, identical to the Gaia-EDR3 source_id (id)
#   meta: !!omap
#   - {ucd: ID_MAIN}
#   - {width: 19}
# - name: rgeo
#   unit: pc
#   datatype: float64
#   format: '{:15.8f}'
#   description: '? Median of the geometric distance posterior (r_med_geo)'
#   meta: !!omap
#   - {ucd: PHYS_DISTANCE_TRUE}
#   - {width: 15}
#   - {precision: '8'}
#   - values: {'null': .nan}
# - name: Plx
#   unit: mas
#   datatype: float64
#   format: '{:9.4f}'
#   description: '? Parallax (parallax)'
#   meta: !!omap
#   - {ucd: POS_PARLX_TRIG}
#   - {width: 9}
#   - {precision: '4'}
#   - values: {'null': .nan}
# - name: e_Plx
#   unit: mas
#   datatype: float32
#   format: '{:7.4f}'
#   description: '? Standard error of parallax (parallax_error)'
#   meta: !!omap
#   - {ucd: ERROR}
#   - {width: 7}
#   - {precision: '4'}
#   - values: {'null': .nan}
# - name: pmRA
#   unit: mas / yr
#   datatype: float64
#   format: '{:9.3f}'
#   description: '? Proper motion in right ascension direction, pmRA*cosDE (pmra)'
#   meta: !!omap
#   - {ucd: POS_EQ_PMRA}
#   - {width: 9}
#   - {precision: '3'}
#   - values: {'null': .nan}
# - name: pmDE
#   unit: mas / yr
#   datatype: float64
#   format: '{:9.3f}'
#   description: '? Proper motion in declination direction (pmdec)'
#   meta: !!omap
#   - {ucd: POS_EQ_PMDEC}
#   - {width: 9}
#   - {precision: '3'}
#   - values: {'null': .nan}
# - name: e_pmRA
#   unit: mas / yr
#   datatype: float32
#   format: '{:6.3f}'
#   description: '? Standard error of proper motion in right ascension direction (pmra_error)'
#   meta: !!omap
#   - {ucd: ERROR}
#   - {width: 6}
#   - {precision: '3'}
#   - values: {'null': .nan}
# - name: e_pmDE
[...]
#         unit: &id001 !astropy.units.Unit {unit: deg}
#         value: !astropy.table.SerializedColumn {name: SkyCoord.dec}
#       distance: !astropy.table.SerializedColumn
#         __class__: astropy.coordinates.distances.Distance
#         unit: !astropy.units.Unit {unit: pc}
#         value: !astropy.table.SerializedColumn {name: SkyCoord.distance}
#       frame: icrs
#       obstime: !astropy.time.Time {format: jyear_str, in_subfmt: '*', jd1: 367701545.0, jd2: 0.0, out_subfmt: '*', precision: 3, scale: tt}
#       pm_dec: !astropy.table.SerializedColumn
#         __class__: astropy.units.quantity.Quantity
#         unit: !astropy.units.Unit {unit: mas / yr}
#         value: !astropy.table.SerializedColumn {name: SkyCoord.pm_dec}
#       pm_ra_cosdec: !astropy.table.SerializedColumn
#         __class__: astropy.units.quantity.Quantity
#         unit: !astropy.units.Unit {unit: mas / yr}
#         value: !astropy.table.SerializedColumn {name: SkyCoord.pm_ra_cosdec}
#       ra: !astropy.table.SerializedColumn
#         __class__: astropy.coordinates.angles.Longitude
#         unit: *id001
#         value: !astropy.table.SerializedColumn {name: SkyCoord.ra}
#         wrap_angle: !astropy.coordinates.Angle
#           unit: *id001
#           value: 360.0
#       representation_type: spherical
# schema: astropy-2.0
RA_ICRS_1 DE_ICRS_1 e_RA_ICRS e_DE_ICRS _r_1 HIP TYC2 Source rgeo Plx e_Plx pmRA pmDE e_pmRA e_pmDE RUWE Teff logg Gmag BP-RP BPmag RPmag RV e_RV b_rgeo B_rgeo FG e_FG FBP e_FBP FRP e_FRP RAVE5 RAVE6 e_Gmag e_BPmag e_RPmag e_BP-RP SkyCoord.ra SkyCoord.dec SkyCoord.distance SkyCoord.pm_ra_cosdec SkyCoord.pm_dec
[from data line 758]
306.75196036321 42.75828259183 0.0158 0.0196 39.3234 "" "" 2068904614282566272 1018.56177 0.9549 0.0202 14.756 9.218 0.02 0.025 0.994 5157.4 4.3396 15.175701 1.165219 15.681049 14.51583 "" "" 994.333679 1038.11194 16020.13731 3.6072 7294.5 11.439 12383.0 11.031 "" "" 0.0027661445609293085 0.0032686314 0.003901178 0.007169809 306.75196036321 42.75828259183 1018.56177 14.756 9.218000000000002
306.71049852647 41.80129994072 0.024 0.0268 39.8969 "" "" 2068089704364496640 1046.03052 0.9242 0.031 -7.245 -14.235 0.031 0.032 1.414 5646.9 4.4157 15.176456 1.102585 15.640987 14.538403 "" "" 1018.84808 1075.62805 16008.99748 4.1992 7568.7 13.601 12128.0 15.325 "" "" 0.002769999188631307 0.0034046643 0.0040206905 0.007425355 306.71049852647 41.80129994072 1046.03052 -7.245 -14.234999999999998
306.92181086707 42.0490363085 0.0178 0.0212 38.8052 "" "" 2068097229145950336 858.610718 1.1372 0.0228 -0.189 -0.828 0.023 0.027 0.995 5078.6 4.392 15.179792 1.130997 15.665406 14.53441 "" "" 843.660278 878.610046 15959.88387 8.4629 7400.4 16.708 12173.0 21.289 "" "" 0.002814826227400075 0.003714006 0.004229564 0.007943571 306.92181086707 42.0490363085 858.610718 -0.18900000000000006 -0.8279999999999998
305.39017118936 42.56582309951 0.0181 0.0212 35.9446 "" "" 2068744016864518144 766.548523 1.285 0.0235 -3.346 -16.752 0.024 0.024 1.051 5096.5 4.5248 15.182355 1.136437 15.674231 14.537794 "" "" 751.263 780.135071 15922.262 4.0618 7340.5 13.62 12135.0 16.752 "" "" 0.0027692063259562123 0.0034414267 0.0040657357 0.007507162 305.39017118936 42.56582309951 766.548523 -3.3459999999999988 -16.751999999999995
305.89465302622 41.64841806301 0.0211 0.0246 40.2942 "" "" 2068449072866565760 1031.08215 0.9454 0.0279 -2.624 -5.698 0.028 0.03 1.235 5230.6 3.6308 15.182371 1.827846 16.075903 14.248057 -55.94 7.68 1002.61584 1062.5155 15922.03038 20.513 5070.6 24.976 15847.0 52.194 "" "" 0.0030900526680133025 0.0060320543 0.00520303 0.011235084 305.89465302622 41.64841806301 1031.08215 -2.6240000000000006 -5.698
306.14553588639 42.33694664693 0.018 0.0192 2.5867 "" "" 2068912482662954880 952.912781 1.0183 0.0214 -2.661 -5.926 0.023 0.025 1.068 5084.9 3.7147 15.182411 1.917726 16.046288 14.128562 31.4 12.62 933.239929 974.918213 15921.43446 23.513 5210.8 65.091 17690.0 170.65 "" "" 0.0031879114060879414 0.013846566 0.011134785 0.02498135 306.14553588639 42.33694664693 952.912781 -2.6610000000000005 -5.926000000000001
305.40571899091 42.55287631029 0.0265 0.0303 34.9875 "" "" 2068743948145044480 865.030457 1.1297 0.0343 -7.563 -10.009 0.036 0.034 1.603 5287.8 4.4522 15.18261 1.062232 15.607298 14.545066 "" "" 838.127502 894.299194 15918.53116 10.877 7807.2 14.975 12054.0 18.287 "" "" 0.0028534482935697143 0.0034816766 0.0041227248 0.0076044016 305.40571899091 42.55287631029 865.030457 -7.562999999999999 -10.008999999999999
306.6750411387 42.57040344695 0.0165 0.0203 29.5804 "" "" 2068896436665343104 773.897522 1.2671 0.0214 -3.392 -11.397 0.023 0.025 0.996 4967.4 4.4237 15.182736 1.140136 15.670041 14.529905 "" "" 762.89032 785.517334 15916.67534 4.1929 7368.9 12.882 12224.0 12.997 "" "" 0.0027701251064103137 0.0033745514 0.003951753 0.0073263044 306.6750411387 42.57040344695 773.897522 -3.3920000000000003 -11.397000000000002
306.04655607254 41.78626877547 0.017 0.0199 30.9423 "" "" 2068473743158705152 818.470276 1.197 0.0211 1.598 1.232 0.021 0.023 1.039 5229.6 4.5118 15.18829 1.097033 15.655921 14.558888 "" "" 807.759094 832.065186 15835.46447 3.7414 7465.3 17.197 11902.0 14.683 "" "" 0.002767235779528563 0.0037470672 0.0040097125 0.00775678 306.04655607254 41.78626877547 818.470276 1.5980000000000003 1.2320000000000002
306.55572633423 42.44146562352 0.0185 0.0213 21.2318 "" "" 2068871354056538496 1116.63208 0.8667 0.0241 -2.194 0.709 0.026 0.026 0.984 5726.4 4.2526 15.18842 1.16633 15.68936 14.523029 "" "" 1092.41956 1150.60303 15833.55916 3.9366 7238.9 11.986 12301.0 9.8771 "" "" 0.002768511682736213 0.0033191722 0.0038786274 0.0071977996 306.55572633423 42.44146562352 1116.63208 -2.194 0.7089999999999999
306.61763209606 42.07604028932 0.0168 0.0198 25.9729 "" "" 2068845378093845248 993.416687 0.9775 0.0214 0.351 -1.767 0.021 0.024 0.977 5798.6 4.3651 15.191187 1.129454 15.671451 14.541997 "" "" 977.238037 1011.55908 15793.27316 4.6266 7359.3 11.819 12088.0 12.231 "" "" 0.0027736174785996425 0.0032902115 0.0039358106 0.007226022 306.61763209606 42.07604028932 993.416687 0.35100000000000003 -1.7669999999999997
306.94646715751 42.20655149977 0.0333 0.0376 37.2506 "" "" 2068125094894039808 920.10675 1.0504 0.0414 3.927 2.593 0.044 0.051 2.187 5221.2 4.3812 15.197141 1.235146 15.727942 14.492797 "" "" 891.107605 953.710449 15706.8931 7.3817 6986.2 15.353 12649.0 15.726 "" "" 0.0028021693994442296 0.0036712673 0.004013207 0.007684474 306.94646715751 42.20655149977 920.10675 3.927 2.593
305.91109203886 42.74782387772 0.0177 0.0205 28.4112 "" "" 2068936706277529856 915.634949 1.0715 0.0217 4.052 -2.759 0.024 0.027 0.977 4914.0 4.3288 15.197735 1.19153 15.71498 14.52345 "" "" 895.911316 936.068359 15698.30187 3.7786 7070.1 11.841 12296.0 15.083 "" "" 0.002767686207267867 0.0033304042 0.00400718 0.007337584 305.91109203886 42.74782387772 915.634949 4.052 -2.7589999999999995
305.91444715017 42.42818630681 0.0378 0.0398 11.854 "" "" 2068929112775310848 792.534912 1.2307 0.0464 -3.602 -17.41 0.051 0.051 2.086 4948.2 4.4409 15.204132 1.168328 15.696592 14.528264 "" "" 763.425598 819.65802 15606.08282 6.2275 7190.8 15.028 12242.0 15.405 "" "" 0.002789175462146418 0.0035963503 0.0040187556 0.007615106 305.91444715017 42.42818630681 792.534912 -3.6019999999999994 -17.41
305.59242017839 42.49182692464 0.018 0.0222 25.9605 "" "" 2068744944577521280 833.838562 1.1762 0.0231 2.913 -0.456 0.023 0.026 1.004 5209.3 4.4936 15.208808 1.083978 15.670456 14.586478 "" "" 817.0896 851.567627 15539.0198 10.54 7366.0 20.022 11603.0 20.203 "" "" 0.0028520419087712315 0.004061365 0.004225826 0.008287191 305.59242017839 42.49182692464 833.838562 2.9130000000000003 -0.456
305.82256305975 41.97196056394 0.0212 0.0233 23.6116 "" "" 2068526485357199616 864.088806 1.1288 0.026 -9.712 -6.933 0.027 0.029 1.231 4901.0 4.3341 15.214085 1.240098 15.757055 14.516957 "" "" 846.12146 883.821289 15463.68415 4.2199 6801.3 13.318 12370.0 14.768 "" "" 0.002771204746926379 0.0035078616 0.003995484 0.0075033456 305.82256305975 41.97196056394 864.088806 -9.711999999999998 -6.933
306.68986442707 42.12871900239 0.0194 0.0212 27.4332 "" "" 2068851528487008256 1125.49866 0.8559 0.0239 -0.827 -3.707 0.024 0.026 1.091 6019.4 4.2356 15.217136 1.11241 15.474451 14.362041 "" "" 1092.12256 1161.83276 15420.28099 7.0323 8823.4 231.1 14267.0 278.98 "" "" 0.0027994561253686713 0.028573846 0.02156449 0.050138336 306.68986442707 42.12871900239 1125.49866 -0.8270000000000001 -3.7070000000000007
306.05236305173 42.97781869151 0.017 0.0185 40.8109 "" "" 2068969725986215808 920.278992 1.0582 0.021 -10.678 -5.077 0.023 0.022 1.012 5160.4 4.3593 15.219757 1.109073 15.689503 14.58043 "" "" 903.417297 936.433716 15383.1002 3.4192 7238.0 13.056 11668.0 10.325 "" "" 0.0027658683734529867 0.0034089051 0.0038995896 0.0073084948 306.05236305173 42.97781869151 920.278992 -10.678 -5.077
305.93604325427 42.18086720852 0.0191 0.0207 10.7326 "" "" 2068538202027998848 910.124695 1.0832 0.0237 14.088 18.179 0.024 0.026 1.055 5689.8 4.5365 15.220307 1.008682 15.629964 14.621282 "" "" 887.346558 932.968933 15375.30579 3.767 7645.9 14.039 11237.0 17.386 "" "" 0.0027681311638436557 0.0034291947 0.0041358992 0.007565094 305.93604325427 42.18086720852 910.124695 14.087999999999997 18.179
306.68164380299 42.69030952135 0.1211 0.1446 34.2656 "" "" 2068898219069367808 954.645203 1.0928 0.1473 -2.016 -8.575 0.167 0.21 7.736 7698.9 3.1791 15.222668 2.394726 16.433987 14.039261 -14.13 3.57 855.78064 1097.9635 15341.9224 33.161 3646.0 9.8553 19207.0 14.671 "" "" 0.003619276137131054 0.0040494516 0.003869303 0.007918755 306.68164380299 42.69030952135 954.645203 -2.016 -8.575
306.03536996444 41.70939787844 0.016 0.0196 35.5816 "" "" 2068472162610728960 1055.31677 0.9194 0.0208 -0.414 -5.53 0.021 0.024 0.928 7196.9 4.2859 15.22307 1.45579 15.882488 14.426699 "" "" 1027.74036 1084.55432 15336.23373 4.883 6059.3 13.936 13442.0 14.039 "" "" 0.0027769216766152403 0.003744419 0.003945831 0.00769025 306.03536996444 41.70939787844 1055.31677 -0.4139999999999999 -5.53
305.37872794647 42.71291529388 0.0183 0.0219 41.0187 "" "" 2068762777281709056 901.837585 1.0793 0.0229 -1.454 -4.173 0.025 0.026 1.014 5359.9 4.4737 15.225166 1.031089 15.657988 14.626899 "" "" 885.65094 921.083679 15306.64778 8.5407 7451.1 16.202 11179.0 23.02 "" "" 0.00282113403154353 0.0036549647 0.004391171 0.008046135 305.37872794647 42.71291529388 901.837585 -1.4540000000000002 -4.173
306.70033105192 41.91543437978 0.0195 0.024 34.7054 "" "" 2068092556221379456 1109.87793 0.8764 0.0257 -3.904 -5.925 0.025 0.028 1.179 5858.7 4.2304 15.225843 1.211646 15.747093 14.535447 "" "" 1080.23254 1139.07202 15297.10661 9.5627 6864.0 17.705 12161.0 21.705 "" "" 0.002837685788728694 0.0039532413 0.004247222 0.008200463 306.70033105192 41.91543437978 1109.87793 -3.9039999999999995 -5.925
306.25525680748 42.41954954634 0.0189 0.0203 9.4639 "" "" 2068914441168424576 928.608643 1.0518 0.0231 2.876 2.137 0.027 0.027 1.034 5323.8 4.453 15.227047 1.093892 15.690857 14.596965 "" "" 912.257812 946.272888 15280.16727 4.471 7228.9 12.624 11491.0 16.847 "" "" 0.002773574428274946 0.0033734317 0.004100922 0.0074743535 306.25525680748 42.41954954634 928.608643 2.876 2.1369999999999996
305.50383220127 42.12348651856 0.0184 0.0216 29.2244 "" "" 2068523186822432384 1064.67188 0.9095 0.0225 2.548 -4.404 0.025 0.027 0.987 5892.4 4.2905 15.227896 1.156146 15.721234 14.565088 "" "" 1038.0448 1091.93469 15268.21944 4.2235 7029.5 15.981 11834.0 9.6269 "" "" 0.0027716405855160546 0.003725281 0.0038812165 0.0076064975 305.50383220127 42.12348651856 1064.67188 2.548 -4.404
305.53625959841 42.68635687269 0.0177 0.0216 34.6363 "" "" 2068751369848631680 1036.32776 0.9378 0.023 -6.419 -8.905 0.025 0.025 0.98 6372.1 4.2831 15.229739 1.381253 15.848089 14.466836 "" "" 1013.96368 1058.43982 15242.32164 3.9662 6254.3 14.937 12955.0 18.674 "" "" 0.00276976649516044 0.0038090548 0.0040906067 0.007899662 305.53625959841 42.68635687269 1036.32776 -6.418999999999999 -8.905
306.44544293944 41.99494310185 0.0187 0.0221 23.3844 "" "" 2068845996569100800 1125.69824 0.8637 0.0234 -5.219 -3.162 0.024 0.028 1.076 6299.2 4.2629 15.231728 1.302682 15.808335 14.505653 "" "" 1099.37085 1150.16479 15214.43311 4.1491 6487.6 11.197 12500.0 10.241 "" "" 0.0027711835283343307 0.003361023 0.0038826508 0.007243674 306.44544293944 41.99494310185 1125.69824 -5.219 -3.1619999999999995
305.82409490274 42.46332982648 0.0185 0.0211 16.2942 "" "" 2068554969580005248 1104.42603 0.8798 0.0233 -4.88 -2.347 0.024 0.026 1.003 6915.6 4.2554 15.23383 1.472343 15.902222 14.429878 "" "" 1071.54517 1134.18311 15184.98993 4.2133 5950.2 10.688 13403.0 13.561 "" "" 0.002771740089045201 0.0034041891 0.003935798 0.007339987 305.82409490274 42.46332982648 1104.42603 -4.88 -2.3469999999999995
305.87212914138 42.32381001784 0.0179 0.0205 10.9686 "" "" 2068541294404496256 825.273376 1.1789 0.0231 -3.112 -20.256 0.023 0.026 1.024 5355.2 4.5058 15.238819 1.030531 15.670918 14.640388 "" "" 812.157898 840.364136 15115.38206 3.6538 7362.9 13.889 11041.0 12.123 "" "" 0.002767791623800837 0.0034611658 0.003962943 0.0074241087 305.87212914138 42.32381001784 825.273376 -3.111999999999999 -20.256
306.39723359565 41.92970410391 0.0186 0.0209 25.4407 "" "" 2068470478983498368 1096.13977 0.8858 0.0233 -4.192 -2.21 0.022 0.025 1.013 6680.2 4.3348 15.241837 1.318908 15.821513 14.502605 "" "" 1067.79736 1130.79688 15073.43416 4.1916 6409.3 14.801 12535.0 20.465 "" "" 0.002771812602179583 0.0037512074 0.004174428 0.007925635 306.39723359565 41.92970410391 1096.13977 -4.192 -2.21
306.14435701096 42.56750796719 0.0181 0.0212 16.1373 "" "" 2068925023966510720 1072.91956 0.898 0.0237 -4.396 -8.904 0.026 0.027 1.088 8792.1 4.2091 15.243329 1.75539 16.082844 14.327454 -60.66 9.63 1041.24255 1096.81274 15052.72007 5.0374 5038.2 14.516 14729.0 13.999 "" "" 0.002779173777590947 0.004191747 0.0039177286 0.0081094755 306.14435701096 42.56750796719 1072.91956 -4.396 -8.904
305.68880748694 42.45909323974 0.0729 0.0849 21.2667 "" "" 2068557031164282624 1033.56079 0.9602 0.0928 -1.741 0.154 0.095 0.108 4.069 7684.7 3.9484 15.244123 1.580299 15.959519 14.37922 "" "" 942.944397 1139.88135 15041.71638 10.378 5644.3 11.923 14043.0 13.339 "" "" 0.0028553357445121204 0.003611816 0.0039175656 0.0075293817 305.68880748694 42.45909323974 1033.56079 -1.7410000000000003 0.15399999999999994
306.48828445773 41.84978421161 0.0181 0.0214 31.6341 "" "" 2068466836851173376 881.708557 1.1061 0.0227 0.149 -5.23 0.022 0.026 1.034 5266.2 4.4805 15.244391 1.132419 15.733106 14.600687 "" "" 863.438965 901.154541 15038.00006 4.7598 6953.0 14.378 11452.0 17.738 "" "" 0.002776668560090627 0.003581322 0.004136645 0.007717967 306.48828445773 41.84978421161 881.708557 0.14900000000000024 -5.23
306.55149750253 42.48708872625 0.0172 0.0205 22.3037 "" "" 2068871766373217792 935.881531 1.0408 0.0224 -5.958 -0.103 0.024 0.025 0.988 5559.9 4.4551 15.244882 1.026555 15.67039 14.643835 "" "" 917.949036 955.822571 15031.21212 3.5473 7366.5 9.4442 11006.0 12.366 "" "" 0.0027672084656773363 0.0031181108 0.003971383 0.007089494 306.55149750253 42.48708872625 935.881531 -5.958 -0.10299999999999962
305.85369086656 42.79624288588 0.0173 0.0201 32.0091 "" "" 2068937805789154048 765.752258 1.2723 0.0215 -7.087 -22.944 0.024 0.026 0.978 4966.4 4.4693 15.246901 1.143296 15.737452 14.594156 "" "" 753.286133 779.14856 15003.27132 3.8413 6925.3 12.376 11521.0 18.556 "" "" 0.002769307377176527 0.003398494 0.0041643395 0.007562834 305.85369086656 42.79624288588 765.752258 -7.086999999999998 -22.944
306.51568796918 42.23193728067 0.0202 0.0228 18.1535 "" "" 2068855754734861824 1064.08606 0.9122 0.0253 -1.701 0.976 0.027 0.029 1.117 5662.2 4.4076 15.248099 1.132636 15.689872 14.557236 "" "" 1033.6228 1091.87659 14986.73356 4.4254 7235.5 19.214 11920.0 108.49 "" "" 0.0027739100124281975 0.0040122117 0.010579908 0.01459212 306.51568796918 42.23193728067 1064.08606 -1.7010000000000003 0.976
305.66089504616 42.24092102733 0.0176 0.0227 20.556 "" "" 2068545761170526336 1118.33826 0.86 0.0233 -8.386 -9.28 0.022 0.026 0.978 5863.6 3.9768 15.248571 1.361301 15.686851 14.32555 "" "" 1092.04053 1146.5011 14980.22439 8.4942 7255.7 148.56 14755.0 246.72 "" "" 0.0028232613845826995 0.022404794 0.018543933 0.040948726 305.66089504616 42.24092102733 1118.33826 -8.386 -9.28
305.62063118575 42.69576417756 0.018 0.0236 32.3763 "" "" 2068748621071234816 1092.20239 0.8858 0.023 3.86 3.621 0.026 0.032 0.987 5298.7 4.1622 15.250306 1.51243 15.947092 14.434662 0.34 8.76 1069.98962 1120.85156 14956.30659 4.9052 5709.3 11.497 13344.0 16.082 "" "" 0.002778234634276854 0.0035447585 0.003999492 0.0075442507 305.62063118575 42.69576417756 1092.20239 3.8599999999999994 3.621
306.09449672172 41.64044697335 0.0161 0.0194 39.5444 "" "" 2068459999263314560 898.69458 1.086 0.0211 -14.063 -23.822 0.022 0.024 0.968 5282.7 4.3836 15.252217 1.184936 15.762731 14.577795 "" "" 881.870728 915.190979 14930.00342 3.6572 6765.9 11.244 11696.0 10.9 "" "" 0.0027681262762683993 0.0033227562 0.003912487 0.007235243 306.09449672172 41.64044697335 898.69458 -14.062999999999999 -23.821999999999996
