Clusters/Dolidze_8/Dolidze_8_members.tsv
# %ECSV 1.0
# ---
# datatype:
# - name: RA_ICRS_1
#   unit: deg
#   datatype: float64
#   format: '{:15.11f}'
#   description: Right ascension (ICRS) at Ep=2016.0 (ra)
#   meta: !!omap
#   - {ucd: POS_EQ_RA_MAIN}
#   - {width: 15}
#   - {precision: '11'}
# - name: DE_ICRS_1
#   unit: deg
#   datatype: float64
#   format: '{:15.11f}'
#   description: Declination (ICRS) at Ep=2016.0 (dec)
#   meta: !!omap
#   - {ucd: POS_EQ_DEC_MAIN}
#   - {width: 15}
#   - {precision: '11'}
# - name: e_RA_ICRS
#   unit: mas
#   datatype: float64
#   format: '{:7.4f}'
#   description: Standard error of right ascension (ra_error)
#   meta: !!omap
#   - {ucd: ERROR}
#   - {width: 7}
#   - {precision: '4'}
# - name: e_DE_ICRS
#   unit: mas
#   datatype: float64
#   format: '{:7.4f}'
#   description: Standard error of declination (dec_error)
#   meta: !!omap
#   - {ucd: ERROR}
#   - {width: 7}
#   - {precision: '4'}
# - name: _r_1
#   unit: ''
#   datatype: float64
#   format: '{:7.4f}'
#   description: Distance from center (306.11710747000+42.29930596000)[ICRS], at Epoch=J2016.0
#   meta: !!omap
#   - {ucd: POS_ANG_DIST_GENERAL}
#   - {width: 7}
#   - {precision: '4'}
# - name: HIP
#   datatype: int32
#   description: '? HIP cross-id number, van Leeuwen, Cat. I/311 (hip_original_ext_source_id)'
#   meta: !!omap
#   - {ucd: ID_NUMBER}
#   - {width: 6}
#   - values: {'null': -2147483648}
# - name: TYC2
#   datatype: string
#   description: Tycho-2 cross-id name, Hog et al., Cat. I/259 (tyc2_original_ext_source_id)
#   meta: !!omap
#   - {ucd: ID_CROSSID}
#   - {_votable_string_dtype: char}
# - name: Source
#   datatype: int64
#   description: Source identifier, identical to the Gaia-EDR3 source_id (id)
#   meta: !!omap
#   - {ucd: ID_MAIN}
#   - {width: 19}
# - name: rgeo
#   unit: pc
#   datatype: float64
#   format: '{:15.8f}'
#   description: '? Median of the geometric distance posterior (r_med_geo)'
#   meta: !!omap
#   - {ucd: PHYS_DISTANCE_TRUE}
#   - {width: 15}
#   - {precision: '8'}
#   - values: {'null': .nan}
# - name: Plx
#   unit: mas
#   datatype: float64
#   format: '{:9.4f}'
#   description: '? Parallax (parallax)'
#   meta: !!omap
#   - {ucd: POS_PARLX_TRIG}
#   - {width: 9}
#   - {precision: '4'}
#   - values: {'null': .nan}
# - name: e_Plx
#   unit: mas
#   datatype: float32
#   format: '{:7.4f}'
#   description: '? Standard error of parallax (parallax_error)'
#   meta: !!omap
#   - {ucd: ERROR}
#   - {width: 7}
#   - {precision: '4'}
#   - values: {'null': .nan}
# - name: pmRA
#   unit: mas / yr
#   datatype: float64
#   format: '{:9.3f}'
#   description: '? Proper motion in right ascension direction, pmRA*cosDE (pmra)'
#   meta: !!omap
#   - {ucd: POS_EQ_PMRA}
#   - {width: 9}
#   - {precision: '3'}
#   - values: {'null': .nan}
# - name: pmDE
#   unit: mas / yr
#   datatype: float64
#   format: '{:9.3f}'
#   description: '? Proper motion in declination direction (pmdec)'
#   meta: !!omap
#   - {ucd: POS_EQ_PMDEC}
#   - {width: 9}
#   - {precision: '3'}
#   - values: {'null': .nan}
# - name: e_pmRA
#   unit: mas / yr
#   datatype: float32
#   format: '{:6.3f}'
#   description: '? Standard error of proper motion in right ascension direction (pmra_error)'
#   meta: !!omap
#   - {ucd: ERROR}
#   - {width: 6}
#   - {precision: '3'}
#   - values: {'null': .nan}
# - name: e_pmDE
[...]
#         unit: &id001 !astropy.units.Unit {unit: deg}
#         value: !astropy.table.SerializedColumn {name: SkyCoord.dec}
#       distance: !astropy.table.SerializedColumn
#         __class__: astropy.coordinates.distances.Distance
#         unit: !astropy.units.Unit {unit: pc}
#         value: !astropy.table.SerializedColumn {name: SkyCoord.distance}
#       frame: icrs
#       obstime: !astropy.time.Time {format: jyear_str, in_subfmt: '*', jd1: 367701545.0, jd2: 0.0, out_subfmt: '*', precision: 3, scale: tt}
#       pm_dec: !astropy.table.SerializedColumn
#         __class__: astropy.units.quantity.Quantity
#         unit: !astropy.units.Unit {unit: mas / yr}
#         value: !astropy.table.SerializedColumn {name: SkyCoord.pm_dec}
#       pm_ra_cosdec: !astropy.table.SerializedColumn
#         __class__: astropy.units.quantity.Quantity
#         unit: !astropy.units.Unit {unit: mas / yr}
#         value: !astropy.table.SerializedColumn {name: SkyCoord.pm_ra_cosdec}
#       ra: !astropy.table.SerializedColumn
#         __class__: astropy.coordinates.angles.Longitude
#         unit: *id001
#         value: !astropy.table.SerializedColumn {name: SkyCoord.ra}
#         wrap_angle: !astropy.coordinates.Angle
#           unit: *id001
#           value: 360.0
#       representation_type: spherical
# schema: astropy-2.0
RA_ICRS_1 DE_ICRS_1 e_RA_ICRS e_DE_ICRS _r_1 HIP TYC2 Source rgeo Plx e_Plx pmRA pmDE e_pmRA e_pmDE RUWE Teff logg Gmag BP-RP BPmag RPmag RV e_RV b_rgeo B_rgeo FG e_FG FBP e_FBP FRP e_FRP RAVE5 RAVE6 e_Gmag e_BPmag e_RPmag e_BP-RP SkyCoord.ra SkyCoord.dec SkyCoord.distance SkyCoord.pm_ra_cosdec SkyCoord.pm_dec Pmemb
306.19427897918 42.38477709071 0.0302 0.029 6.1654 "" 3160-616-1 2068914131930396032 968.766663 1.0228 0.0337 -3.081 -6.278 0.04 0.039 2.144 7822.7 2.8468 9.225451 0.164941 9.268812 9.103871 -33.94 9.38 943.055542 996.945496 3843852.12167 1317.6 2678500.0 1667.2 1809700.0 822.36 "" "" 0.0027803416717269666 0.0028708463 0.0038114497 0.0066822963 306.19427897918 42.38477709071 968.766663 -3.0809999999999995 -6.278 0.8
306.06546790263 42.30035768844 0.014 0.0148 2.2925 100628 3160-1560-1 2068912826260341248 975.780701 1.0092 0.0173 -2.501 -6.045 0.019 0.018 1.038 "" "" 9.845633 0.159264 9.889334 9.73007 "" "" 958.438171 997.499329 2171169.00554 763.38 1512500.0 1076.5 1016600.0 621.63 "" "" 0.002781639332120571 0.0028952032 0.0038372513 0.0067324545 306.06546790263 42.30035768844 975.780701 -2.5009999999999994 -6.045000000000001 0.9
306.14123182045 42.23760737225 0.0127 0.013 3.8538 "" 3160-1126-1 2068911481927280768 964.438965 1.0269 0.0148 -2.388 -6.311 0.017 0.017 0.971 "" "" 10.411853 0.161688 10.458284 10.296597 "" "" 950.206909 980.696655 1288859.30956 470.26 895580.0 805.06 603280.0 329.37 "" "" 0.002783652671202384 0.0029559461 0.003825586 0.0067815324 306.14123182045 42.23760737225 964.438965 -2.388 -6.311 1.0
306.17409626221 42.48114012494 0.0102 0.0112 11.1985 "" 3160-1710-1 2068915776894565504 969.123169 1.0087 0.0128 -2.525 -6.149 0.016 0.015 1.0 "" "" 11.002272 1.383184 11.609041 10.225857 "" "" 958.157593 979.304077 748235.0189 218.81 310310.0 232.15 643900.0 176.54 "" "" 0.0027735537065523225 0.0029059974 0.0037910868 0.0066970843 306.17409626221 42.48114012494 969.123169 -2.525 -6.148999999999999 1.0
306.12922475449 42.26804847504 0.0075 0.0086 1.9511 "" "" 2068911864187660544 950.763489 1.0386 0.0095 -2.491 -6.142 0.01 0.011 0.987 "" "" 12.672463 1.121173 13.143041 12.021868 "" "" 942.624451 959.523804 160679.84968 71.916 75544.0 103.34 123140.0 185.28 "" "" 0.0027978444123584077 0.003160846 0.004117338 0.007278184 306.12922475449 42.26804847504 950.763489 -2.490999999999999 -6.1419999999999995 1.0
306.09683881825 42.24172668656 0.0091 0.0096 3.57 "" "" 2068536484041225856 959.056946 1.0153 0.0108 -2.686 -5.799 0.012 0.012 1.086 5888.2 3.6371 13.256306 1.293098 13.767614 12.474516 -14.46 5.47 949.688049 967.540649 93847.88239 56.766 42498.0 136.43 81162.0 335.78 "" "" 0.002832505281435194 0.0044647274 0.005870311 0.010335038 306.09683881825 42.24172668656 959.056946 -2.6859999999999995 -5.7989999999999995 1.0
306.09392164046 42.26653467147 0.0096 0.0106 2.2194 "" "" 2068911795468186752 980.774841 0.9911 0.012 -2.43 -5.969 0.013 0.014 1.035 6462.5 3.7176 13.64382 1.403233 14.251993 12.848761 -10.69 3.96 969.091248 992.231812 65677.85404 15.069 27203.0 25.306 57498.0 32.61 "" "" 0.0027665582952925358 0.0029673546 0.0038292175 0.0067965724 306.09392164046 42.26653467147 980.774841 -2.43 -5.969 1.0
306.1939598219 42.38295691346 0.0113 0.011 6.0669 "" "" 2068914127632450176 973.407898 1.0014 0.0129 -2.833 -6.124 0.014 0.014 1.055 5670.1 3.9727 13.709238 1.286434 14.234213 12.947779 -2.77 8.6 961.301514 986.724792 61837.45369 97.329 27652.0 402.58 52486.0 437.98 "" "" 0.0032422377993543924 0.016051382 0.00981682 0.025868202 306.1939598219 42.38295691346 973.407898 -2.8330000000000006 -6.123999999999999 1.0
305.98594667482 42.17871194741 0.0146 0.0147 9.2898 "" "" 2068535315810122368 944.669861 1.0339 0.0172 -2.516 -5.932 0.019 0.018 0.963 "" "" 14.781954 1.708014 15.582846 13.874832 84.85 5.82 925.869446 958.715271 23023.16811 4.9472 7985.1 13.75 22347.0 14.107 "" "" 0.0027651797911863113 0.0033586335 0.0038410274 0.007199661 305.98594667482 42.17871194741 944.669861 -2.516 -5.932 1.0
306.05832841707 42.26241307331 0.0218 0.0222 3.4217 "" "" 2068537274315209728 1026.27563 0.9482 0.0261 -2.393 -6.26 0.029 0.028 1.43 5505.5 3.5945 14.832322 2.027952 15.84022 13.812268 -34.53 5.81 995.348694 1056.7489 21979.50876 37.542 6299.8 45.066 23673.0 130.55 "" "" 0.003321281458315935 0.008252846 0.007080556 0.015333402 306.05832841707 42.26241307331 1026.27563 -2.393 -6.26 1.0
306.18780326777 42.42016498706 0.019 0.0189 7.8999 "" "" 2068915300161881344 992.053894 0.9736 0.0227 -2.437 -6.186 0.027 0.025 1.006 6577.5 3.7752 15.07651 1.857461 15.949302 14.091841 -42.15 5.3 969.906372 1019.84241 17552.63808 19.366 5697.7 26.145 18299.0 57.273 "" "" 0.0030044570259897723 0.005710208 0.005082458 0.010792665 306.18780326777 42.42016498706 992.053894 -2.4370000000000003 -6.186 1.0
306.14553588639 42.33694664693 0.018 0.0192 2.5867 "" "" 2068912482662954880 952.912781 1.0183 0.0214 -2.661 -5.926 0.023 0.025 1.068 5084.9 3.7147 15.182411 1.917726 16.046288 14.128562 31.4 12.62 933.239929 974.918213 15921.43446 23.513 5210.8 65.091 17690.0 170.65 "" "" 0.0031879114060879414 0.013846566 0.011134785 0.02498135 306.14553588639 42.33694664693 952.912781 -2.6610000000000005 -5.926000000000001 1.0
306.11287903836 42.12461399613 0.0385 0.0379 10.4832 "" "" 2068488552206001408 993.707825 0.9656 0.0446 -2.22 -6.123 0.048 0.048 1.764 "" "" 15.644006 2.404498 16.923874 14.519376 "" "" 940.917908 1042.35254 10407.45132 11.278 2322.0 15.773 12343.0 33.624 "" "" 0.0029960089376913643 0.007885383 0.0047991322 0.012684516 306.11287903836 42.12461399613 993.707825 -2.22 -6.123 1.0
306.01240997156 42.51125106329 0.0228 0.0237 13.5362 "" "" 2068919492048595456 961.089233 1.0216 0.0285 -3.048 -6.448 0.032 0.029 0.984 4970.8 4.5947 15.749445 1.227839 16.292423 15.064585 "" "" 937.531555 985.088989 9444.27703 2.9231 4153.8 13.762 7470.1 11.62 "" "" 0.0027757371257920286 0.0045524323 0.004139579 0.008692011 306.01240997156 42.51125106329 961.089233 -3.047999999999999 -6.4479999999999995 0.8
306.06390207316 42.46501437295 0.0291 0.0291 10.2183 "" "" 2068918392536970880 985.067444 0.9898 0.0357 -3.05 -6.039 0.041 0.037 1.18 "" "" 15.794416 2.07063 16.825495 14.754865 "" "" 950.346008 1024.33582 9061.08125 4.3381 2542.3 8.6901 9936.0 13.85 "" "" 0.0028039241871382586 0.004643119 0.004071142 0.0087142605 306.06390207316 42.46501437295 985.067444 -3.05 -6.039 1.0
306.06328816762 42.30055404549 0.0292 0.0378 2.3896 "" "" 2068912821962369152 901.120422 1.0705 0.0382 -2.694 -6.049 0.043 0.056 1.046 5646.6 4.2072 15.871719 1.575054 16.38691 14.811855 "" "" 872.686462 924.137817 8438.37886 38.58 3807.6 328.66 9427.9 228.21 "" "" 0.005677376450465905 0.093758844 0.026551487 0.12031033 306.06328816762 42.30055404549 901.120422 -2.6939999999999995 -6.0489999999999995 1.0
306.04663766383 42.28583271627 0.0289 0.0292 3.2305 "" "" 2068537514833439104 949.327881 1.0281 0.0358 -2.408 -6.142 0.036 0.037 1.052 5665.2 4.2317 16.084444 1.712517 16.892012 15.179495 "" "" 910.629211 981.391052 6936.95882 69.941 2391.2 91.6 6719.9 222.15 "" "" 0.011288230368340162 0.041684914 0.036091264 0.07777618 306.04663766383 42.28583271627 949.327881 -2.4080000000000004 -6.142 1.0
306.19121837173 42.29958929578 0.028 0.0302 3.289 "" "" 2068912139065917824 945.069824 1.0451 0.0342 -2.477 -6.129 0.039 0.039 0.961 4452.2 4.1558 16.132545 1.8226 17.019634 15.197034 "" "" 915.335205 969.571655 6636.33617 10.058 2126.0 13.399 6612.2 34.238 "" "" 0.003209295874424489 0.0073897815 0.0067742164 0.014163998 306.19121837173 42.29958929578 945.069824 -2.4770000000000003 -6.129 0.9
306.23489957261 42.32986589581 0.0296 0.0307 5.5385 "" "" 2068866749851177472 1039.55518 0.9348 0.0352 -2.771 -6.177 0.038 0.041 1.075 4848.6 4.2231 16.148842 1.833895 17.037771 15.203876 "" "" 1002.35278 1082.74463 6537.47061 14.068 2090.8 19.022 6570.6 33.717 "" "" 0.0036125540390843556 0.010264476 0.0067323674 0.016996844 306.23489957261 42.32986589581 1039.55518 -2.7709999999999995 -6.177 0.9
306.09795633896 42.17376941498 0.0356 0.0391 7.5801 "" "" 2068535964346979456 1003.92261 0.9699 0.0435 -2.452 -6.209 0.046 0.05 1.271 5286.1 4.1766 16.182077 1.996807 17.144981 15.148174 "" "" 964.06311 1054.34985 6340.38464 47.995 1894.2 46.692 6916.5 133.7 "" "" 0.008668292871412653 0.02690843 0.021325484 0.04823391 306.09795633896 42.17376941498 1003.92261 -2.4519999999999995 -6.208999999999998 1.0
306.09077690565 42.33529750853 0.0327 0.0322 2.4552 "" "" 2068912998059033472 924.761292 1.0585 0.038 -2.868 -6.228 0.043 0.039 1.068 6021.1 4.1033 16.251934 2.28633 17.435953 15.149623 "" "" 889.136597 958.721924 5945.28731 14.267 1448.9 18.5 6907.3 44.064 "" "" 0.0037921237228253023 0.01414101 0.007890314 0.022031324 306.09077690565 42.33529750853 924.761292 -2.8680000000000003 -6.228 0.9
306.1279468139 42.49690709652 0.0355 0.0405 11.8658 "" "" 2068918697472991872 947.700317 1.0253 0.047 -2.491 -6.02 0.054 0.051 1.059 9974.1 4.0928 16.47412 2.448335 17.780708 15.332374 "" "" 902.273315 993.740906 4845.05563 4.1042 1054.7 9.4948 5837.3 14.971 "" "" 0.0029047664302483496 0.0101646455 0.004694436 0.014859082 306.1279468139 42.49690709652 947.700317 -2.491 -6.02 1.0
306.14522406313 42.09012279925 0.0335 0.0365 12.6131 "" "" 2068487521413833600 1005.67548 0.9506 0.0413 -3.363 -6.328 0.042 0.048 1.008 7907.0 4.3443 16.522959 2.50526 17.887688 15.382428 "" "" 961.286621 1049.8208 4631.94224 2.5723 955.75 10.818 5574.3 10.925 "" "" 0.002820521330221353 0.012602056 0.004337254 0.01693931 306.14522406313 42.09012279925 1005.67548 -3.3630000000000004 -6.328000000000001 0.8
306.10563575094 42.51671613946 0.0365 0.0397 13.0545 "" "" 2068918972350968832 928.215454 1.0389 0.0468 -2.616 -6.259 0.051 0.05 1.016 8988.8 4.198 16.54958 2.730873 18.084534 15.353661 "" "" 890.809021 971.699402 4519.7515 29.028 797.27 28.783 5723.9 104.48 "" "" 0.007497741438189657 0.039296366 0.020175405 0.05947177 306.10563575094 42.51671613946 928.215454 -2.6160000000000005 -6.259 0.9
306.15129038079 42.24689766813 0.0429 0.045 3.4916 "" "" 2068911585006789888 966.711121 0.9979 0.0545 -2.433 -5.789 0.065 0.06 1.006 "" "" 16.77981 2.761679 18.244802 15.483124 "" "" 914.864136 1022.48779 3656.14019 9.4386 687.85 16.531 5080.5 50.31 "" "" 0.003930405657745432 0.026242096 0.011396497 0.037638593 306.15129038079 42.24689766813 966.711121 -2.433 -5.789 0.8
306.06305287727 42.26385505109 0.0421 0.0465 3.2066 "" "" 2068537308674947584 905.204163 1.0785 0.0535 -2.46 -6.24 0.057 0.058 1.075 4941.4 4.2423 16.782928 2.303976 17.995697 15.691721 "" "" 867.449402 940.888123 3645.65346 4.5538 865.24 7.2062 4192.5 17.791 "" "" 0.0030710031700620206 0.009463294 0.0059591476 0.015422442 306.06305287727 42.26385505109 905.204163 -2.46 -6.24 0.9
306.10647924181 42.12724617562 0.0476 0.0537 10.3344 "" "" 2068488547908001792 870.619629 1.0951 0.0588 -2.208 -6.036 0.059 0.062 1.032 9077.9 4.1589 16.963995 2.877281 18.580236 15.702955 "" "" 828.409546 903.907898 3085.66611 13.731 505.04 15.281 4149.3 51.617 "" "" 0.0055618974892428655 0.032969408 0.01402529 0.046994697 306.10647924181 42.12724617562 870.619629 -2.208 -6.035999999999999 0.9
