Clusters/Dolidze_8/Dolidze_8_stars_in_region.tsv
# %ECSV 1.0
# ---
# datatype:
# - name: RA_ICRS_1
#   unit: deg
#   datatype: float64
#   format: '{:15.11f}'
#   description: Right ascension (ICRS) at Ep=2016.0 (ra)
#   meta: !!omap
#   - {ucd: POS_EQ_RA_MAIN}
#   - {width: 15}
#   - {precision: '11'}
# - name: DE_ICRS_1
#   unit: deg
#   datatype: float64
#   format: '{:15.11f}'
#   description: Declination (ICRS) at Ep=2016.0 (dec)
#   meta: !!omap
#   - {ucd: POS_EQ_DEC_MAIN}
#   - {width: 15}
#   - {precision: '11'}
# - name: e_RA_ICRS
#   unit: mas
#   datatype: float64
#   format: '{:7.4f}'
#   description: Standard error of right ascension (ra_error)
#   meta: !!omap
#   - {ucd: ERROR}
#   - {width: 7}
#   - {precision: '4'}
# - name: e_DE_ICRS
#   unit: mas
#   datatype: float64
#   format: '{:7.4f}'
#   description: Standard error of declination (dec_error)
#   meta: !!omap
#   - {ucd: ERROR}
#   - {width: 7}
#   - {precision: '4'}
# - name: _r_1
#   unit: ''
#   datatype: float64
#   format: '{:7.4f}'
#   description: Distance from center (306.11710747000+42.29930596000)[ICRS], at Epoch=J2016.0
#   meta: !!omap
#   - {ucd: POS_ANG_DIST_GENERAL}
#   - {width: 7}
#   - {precision: '4'}
# - name: HIP
#   datatype: int32
#   description: '? HIP cross-id number, van Leeuwen, Cat. I/311 (hip_original_ext_source_id)'
#   meta: !!omap
#   - {ucd: ID_NUMBER}
#   - {width: 6}
#   - values: {'null': -2147483648}
# - name: TYC2
#   datatype: string
#   description: Tycho-2 cross-id name, Hog et al., Cat. I/259 (tyc2_original_ext_source_id)
#   meta: !!omap
#   - {ucd: ID_CROSSID}
#   - {_votable_string_dtype: char}
# - name: Source
#   datatype: int64
#   description: Source identifier, identical to the Gaia-EDR3 source_id (id)
#   meta: !!omap
#   - {ucd: ID_MAIN}
#   - {width: 19}
# - name: rgeo
#   unit: pc
#   datatype: float64
#   format: '{:15.8f}'
#   description: '? Median of the geometric distance posterior (r_med_geo)'
#   meta: !!omap
#   - {ucd: PHYS_DISTANCE_TRUE}
#   - {width: 15}
#   - {precision: '8'}
#   - values: {'null': .nan}
# - name: Plx
#   unit: mas
#   datatype: float64
#   format: '{:9.4f}'
#   description: '? Parallax (parallax)'
#   meta: !!omap
#   - {ucd: POS_PARLX_TRIG}
#   - {width: 9}
#   - {precision: '4'}
#   - values: {'null': .nan}
# - name: e_Plx
#   unit: mas
#   datatype: float32
#   format: '{:7.4f}'
#   description: '? Standard error of parallax (parallax_error)'
#   meta: !!omap
#   - {ucd: ERROR}
#   - {width: 7}
#   - {precision: '4'}
#   - values: {'null': .nan}
# - name: pmRA
#   unit: mas / yr
#   datatype: float64
#   format: '{:9.3f}'
#   description: '? Proper motion in right ascension direction, pmRA*cosDE (pmra)'
#   meta: !!omap
#   - {ucd: POS_EQ_PMRA}
#   - {width: 9}
#   - {precision: '3'}
#   - values: {'null': .nan}
# - name: pmDE
#   unit: mas / yr
#   datatype: float64
#   format: '{:9.3f}'
#   description: '? Proper motion in declination direction (pmdec)'
#   meta: !!omap
#   - {ucd: POS_EQ_PMDEC}
#   - {width: 9}
#   - {precision: '3'}
#   - values: {'null': .nan}
# - name: e_pmRA
#   unit: mas / yr
#   datatype: float32
#   format: '{:6.3f}'
#   description: '? Standard error of proper motion in right ascension direction (pmra_error)'
#   meta: !!omap
#   - {ucd: ERROR}
#   - {width: 6}
#   - {precision: '3'}
#   - values: {'null': .nan}
# - name: e_pmDE
[...]
#         unit: &id001 !astropy.units.Unit {unit: deg}
#         value: !astropy.table.SerializedColumn {name: SkyCoord.dec}
#       distance: !astropy.table.SerializedColumn
#         __class__: astropy.coordinates.distances.Distance
#         unit: !astropy.units.Unit {unit: pc}
#         value: !astropy.table.SerializedColumn {name: SkyCoord.distance}
#       frame: icrs
#       obstime: !astropy.time.Time {format: jyear_str, in_subfmt: '*', jd1: 367701545.0, jd2: 0.0, out_subfmt: '*', precision: 3, scale: tt}
#       pm_dec: !astropy.table.SerializedColumn
#         __class__: astropy.units.quantity.Quantity
#         unit: !astropy.units.Unit {unit: mas / yr}
#         value: !astropy.table.SerializedColumn {name: SkyCoord.pm_dec}
#       pm_ra_cosdec: !astropy.table.SerializedColumn
#         __class__: astropy.units.quantity.Quantity
#         unit: !astropy.units.Unit {unit: mas / yr}
#         value: !astropy.table.SerializedColumn {name: SkyCoord.pm_ra_cosdec}
#       ra: !astropy.table.SerializedColumn
#         __class__: astropy.coordinates.angles.Longitude
#         unit: *id001
#         value: !astropy.table.SerializedColumn {name: SkyCoord.ra}
#         wrap_angle: !astropy.coordinates.Angle
#           unit: *id001
#           value: 360.0
#       representation_type: spherical
# schema: astropy-2.0
RA_ICRS_1 DE_ICRS_1 e_RA_ICRS e_DE_ICRS _r_1 HIP TYC2 Source rgeo Plx e_Plx pmRA pmDE e_pmRA e_pmDE RUWE Teff logg Gmag BP-RP BPmag RPmag RV e_RV b_rgeo B_rgeo FG e_FG FBP e_FBP FRP e_FRP RAVE5 RAVE6 e_Gmag e_BPmag e_RPmag e_BP-RP SkyCoord.ra SkyCoord.dec SkyCoord.distance SkyCoord.pm_ra_cosdec SkyCoord.pm_dec
[from data line 717]
306.51075268365 42.84553453369 0.0465 0.0575 37.1031 "" "" 2068949866057774976 829.805725 1.1709 0.059 3.063 1.071 0.062 0.071 3.323 5033.7 4.4235 15.079869 1.164395 15.5662 14.401805 "" "" 798.767639 875.523254 17498.42188 10.957 8108.4 12.506 13754.0 18.745 "" "" 0.002837955934008335 0.0032541186 0.0040587327 0.007312851 306.51075268365 42.84553453369 829.805725 3.0630000000000006 1.0710000000000002
306.66812500492 42.41201402279 0.0168 0.0193 25.3499 "" "" 2068882074294625664 994.541687 0.9801 0.0217 -1.752 -3.273 0.023 0.023 0.954 5472.0 4.3985 15.08118 1.050359 15.522036 14.471677 "" "" 974.738953 1015.68689 17477.32381 6.806 8445.1 17.035 12897.0 13.964 "" "" 0.002787571429862787 0.003547046 0.003957988 0.007505034 306.66812500492 42.41201402279 994.541687 -1.752 -3.2729999999999997
305.53694736155 42.412965363 0.0172 0.0218 26.6119 "" "" 2068738484946656256 834.709656 1.1668 0.0231 8.629 -2.69 0.022 0.023 1.057 5118.2 4.4332 15.083508 1.0958 15.552196 14.456395 "" "" 816.444885 851.528931 17439.88969 4.287 8213.7 17.655 13080.0 13.05 "" "" 0.0027682160779418058 0.0036375003 0.003931558 0.007569059 305.53694736155 42.412965363 834.709656 8.629 -2.6899999999999995
305.58043886321 42.68963364866 0.0173 0.0236 33.3493 "" "" 2068751507287599488 982.860352 0.9915 0.0233 -5.1 -4.035 0.024 0.028 1.061 5182.6 4.2312 15.086385 1.293412 15.654996 14.361584 "" "" 960.816956 1008.23102 17393.73413 4.067 7471.7 17.566 14273.0 11.777 "" "" 0.0027669907263737055 0.0037816218 0.0038841094 0.007665731 305.58043886321 42.68963364866 982.860352 -5.099999999999998 -4.034999999999999
305.66999748435 42.54908864408 0.0281 0.0447 24.8344 "" "" 2068746696916993152 1015.52673 0.9577 0.0411 0.434 -5.904 0.041 0.074 1.366 "" "" 15.087049 1.444713 14.74663 13.301917 "" "" 980.121338 1058.59534 17383.08931 59.18 17249.0 959.77 37878.0 4754.3 "" "" 0.004610286782414521 0.060477003 0.13632978 0.19680679 305.66999748435 42.54908864408 1015.52673 0.4339999999999997 -5.904000000000001
306.42899101422 41.82470894901 0.0213 0.0233 31.6841 "" "" 2068466561973282048 1061.49597 0.9284 0.0248 -7.004 6.077 0.028 0.03 1.305 "" "" 15.088962 "" "" "" "" "" 1031.43506 1088.65393 17352.50212 6.4691 "" "" "" "" "" "" 0.0027848925409667694 "" "" "" 306.42899101422 41.82470894901 1061.49597 -7.0040000000000004 6.077000000000002
306.47744176341 42.46678263253 0.0164 0.02 18.8681 "" "" 2068874308994043136 984.127991 0.9887 0.0213 7.921 11.877 0.024 0.026 1.043 5137.0 4.2469 15.09266 1.163714 15.592883 14.429169 "" "" 966.796936 1003.71838 17293.49867 4.2247 7911.6 11.581 13412.0 9.3411 "" "" 0.0027680572792097716 0.0032110629 0.0038542892 0.007065352 306.47744176341 42.46678263253 984.127991 7.921000000000001 11.876999999999999
306.44963475875 42.2178723341 0.0175 0.0209 15.5539 "" "" 2068861832105597824 942.423767 1.0376 0.0221 2.241 -2.783 0.024 0.027 1.003 5304.7 4.3777 15.094936 1.041515 15.533243 14.491728 "" "" 925.90387 961.772522 17257.27354 4.1331 8358.3 10.463 12661.0 12.847 "" "" 0.0027675632669141134 0.003103594 0.0039366786 0.0070402725 306.44963475875 42.2178723341 942.423767 2.241000000000001 -2.7830000000000004
306.07244238662 41.85252477233 0.0161 0.0182 26.8806 "" "" 2068475461145632128 858.342285 1.137 0.02 2.715 -12.713 0.021 0.022 1.014 5624.9 4.469 15.095392 1.050281 15.535564 14.485284 "" "" 844.475525 871.378174 17250.02694 3.9342 8340.5 14.372 12736.0 16.651 "" "" 0.0027664248689323215 0.0033593595 0.0040371614 0.007396521 306.07244238662 41.85252477233 858.342285 2.7150000000000003 -12.713000000000001
306.04829852752 42.59805336374 0.0164 0.018 18.1819 "" "" 2068931930273903744 846.72467 1.1501 0.021 -12.064 -11.802 0.022 0.022 0.974 4877.5 4.326 15.097174 1.08922 15.557673 14.468452 "" "" 832.371216 861.058228 17221.74324 3.8343 8172.4 13.782 12935.0 13.483 "" "" 0.0027659037464504866 0.0033373025 0.0039451933 0.0072824955 306.04829852752 42.59805336374 846.72467 -12.063999999999998 -11.802
306.76362631991 42.07875564498 0.0167 0.0186 31.6415 "" "" 2068099840486087680 930.232971 1.0477 0.0203 -4.645 -14.126 0.021 0.023 0.931 5512.9 4.4285 15.097383 1.089201 15.553752 14.464551 "" "" 910.825317 946.325134 17218.41573 3.8103 8201.9 14.457 12982.0 15.011 "" "" 0.002765775951797059 0.0033834204 0.00398244 0.0073658605 306.76362631991 42.07875564498 930.232971 -4.645 -14.125999999999998
306.98652731851 42.23821350775 0.0166 0.019 38.7756 "" "" 2068125197973257728 783.672119 1.2493 0.0212 11.463 -12.85 0.024 0.025 0.947 5059.6 4.4168 15.105378 1.08079 15.563794 14.483005 "" "" 770.586304 798.729248 17092.09892 3.9121 8126.4 11.1 12763.0 11.161 "" "" 0.002766504147917422 0.0031598131 0.0038968183 0.007056631 306.98652731851 42.23821350775 783.672119 11.462999999999997 -12.849999999999998
306.0136546824 42.69761231346 0.0173 0.0178 24.3326 "" "" 2068939042739754240 1051.40356 0.9195 0.0211 0.663 -4.151 0.025 0.023 1.068 "" "" 15.108498 1.660923 15.88995 14.229027 -28.12 8.19 1029.85986 1078.24841 17043.06282 5.9116 6017.8 11.208 16127.0 19.54 "" "" 0.0027809383075671 0.003445891 0.0040017874 0.0074476786 306.0136546824 42.69761231346 1051.40356 0.6630000000000003 -4.151
306.01842984153 41.6575007875 0.0431 0.0675 38.759 "" "" 2068471956452291840 862.976868 1.1384 0.0628 -11.552 -15.459 0.059 0.102 3.142 "" "" 15.109216 1.218864 15.221692 14.002829 "" "" 805.645874 916.356445 17031.79192 15.779 11136.0 19.382 19862.0 35.336 "" "" 0.0029331844719544214 0.0033698706 0.004244388 0.0076142587 306.01842984153 41.6575007875 862.976868 -11.552 -15.459000000000001
306.49981232721 41.83679700677 0.0176 0.0187 32.5677 "" "" 2068466080936921472 837.900696 1.1676 0.0212 -8.654 -10.107 0.023 0.023 1.004 4755.9 4.3503 15.110737 1.295643 15.685497 14.389854 "" "" 824.473877 853.297058 17007.95569 5.3654 7264.7 14.276 13906.0 13.754 "" "" 0.002776527156465266 0.003512449 0.0039289845 0.0074414336 306.49981232721 41.83679700677 837.900696 -8.654 -10.107
305.27896371151 42.43375531724 0.0176 0.0189 38.0212 "" "" 2068741268085338496 1035.31348 0.9417 0.0215 -8.91 -6.92 0.023 0.023 1.005 6562.3 4.3403 15.110925 1.230607 15.643281 14.412674 "" "" 1008.0083 1059.09351 17005.01252 4.4011 7552.7 10.351 13617.0 12.367 "" "" 0.002769612110037184 0.0031621521 0.0039059005 0.007068053 305.27896371151 42.43375531724 1035.31348 -8.91 -6.92
306.23079846593 42.61337298852 0.0169 0.0192 19.5045 "" "" 2068925367563940736 857.115173 1.1329 0.0217 -4.475 -3.932 0.022 0.023 1.013 5391.5 4.5525 15.114097 1.091304 15.581828 14.490524 "" "" 839.570862 873.944336 16955.40413 4.1794 7992.6 12.878 12675.0 11.815 "" "" 0.002768287135260106 0.0032932332 0.0039125453 0.0072057787 306.23079846593 42.61337298852 857.115173 -4.475 -3.932
305.88673745225 42.74713109538 0.0165 0.0188 28.7358 "" "" 2068937427832031488 987.73053 0.9817 0.0203 -5.222 -8.985 0.023 0.025 0.979 6175.6 4.2876 15.117081 1.30213 15.688333 14.386203 "" "" 971.66864 1006.22516 16908.86257 4.2987 7245.8 12.305 13953.0 11.815 "" "" 0.002769111540062841 0.0033443589 0.0038895975 0.0072339564 305.88673745225 42.74713109538 987.73053 -5.222 -8.985
306.06853048735 41.85592366762 0.0164 0.019 26.6908 "" "" 2068475461145634048 956.795166 1.0187 0.0206 -1.878 -0.503 0.022 0.024 0.956 5632.4 4.3888 15.119996 1.09817 15.585481 14.48731 "" "" 938.744202 977.37561 16863.52042 6.3011 7965.7 15.412 12713.0 22.404 "" "" 0.0027850264549007303 0.0034925484 0.0042361254 0.0077286735 306.06853048735 41.85592366762 956.795166 -1.8779999999999997 -0.5029999999999999
305.55200097082 42.84584586064 0.0244 0.029 41.2164 "" "" 2069128880294944640 877.828308 1.1166 0.0321 2.146 -4.264 0.035 0.035 1.581 5726.7 4.5503 15.124678 1.061555 15.482234 14.420679 "" "" 851.033325 904.145813 16790.9679 7.907 8760.4 38.071 13517.0 68.643 "" "" 0.002802355879036308 0.005481636 0.0066846246 0.012166261 305.55200097082 42.84584586064 877.828308 2.1460000000000004 -4.264
305.27102479365 42.46846613271 0.0167 0.0187 38.8464 "" "" 2068741955280115712 1001.71448 0.9659 0.0213 -3.661 -8.226 0.021 0.022 1.012 6698.9 4.3722 15.125174 1.18131 15.630388 14.449079 "" "" 981.653442 1028.57581 16783.30494 5.3209 7643.0 11.62 13168.0 13.861 "" "" 0.002776738108537745 0.0032418882 0.003948404 0.0071902922 305.27102479365 42.46846613271 1001.71448 -3.661 -8.225999999999999
306.06806206618 41.81698269972 0.0154 0.0188 29.0218 "" "" 2068475254987194752 980.186401 0.9977 0.0198 -2.51 -7.749 0.019 0.023 0.968 5728.7 4.3325 15.126698 1.152882 15.619641 14.46676 "" "" 958.70636 1000.09528 16759.74871 19.126 7719.0 36.227 12956.0 37.471 "" "" 0.0030210889550728853 0.0058094948 0.004913674 0.010723169 306.06806206618 41.81698269972 980.186401 -2.5099999999999993 -7.749
306.76257482275 42.28182241291 0.0182 0.0184 28.6679 "" "" 2068854174187268608 1026.2738 0.947 0.0217 -5.036 -11.129 0.027 0.023 0.928 5832.6 4.3636 15.128574 1.121508 15.591399 14.469892 "" "" 1003.97333 1046.25464 16730.8153 7.5144 7922.4 15.233 12918.0 28.912 "" "" 0.0027981394862256863 0.0034847145 0.0044931783 0.007977893 306.76257482275 42.28182241291 1026.2738 -5.036 -11.128999999999998
305.62940003627 42.21537918682 0.0167 0.0212 22.2357 "" "" 2068545692451052032 1044.24475 0.9274 0.0222 -2.446 -7.993 0.021 0.026 0.981 5817.7 4.3621 15.128737 1.203466 15.646084 14.442617 "" "" 1024.02344 1065.49036 16728.31866 4.3993 7533.3 17.06 13247.0 15.526 "" "" 0.0027700754923730016 0.0037189517 0.0039878627 0.0077068144 305.62940003627 42.21537918682 1044.24475 -2.4459999999999997 -7.993
306.88594471548 42.32942713791 0.0168 0.0194 34.1593 "" "" 2068877263931144832 1005.31598 0.9664 0.0217 2.591 -3.632 0.025 0.024 0.948 5275.8 4.3436 15.12978 1.140376 15.617491 14.477115 "" "" 987.902893 1029.78894 16712.24504 3.9323 7734.3 11.976 12833.0 13.726 "" "" 0.002767138086943566 0.0032575184 0.0039537726 0.007211291 306.88594471548 42.32942713791 1005.31598 2.5909999999999997 -3.6319999999999997
305.37923916979 41.9111382128 0.0157 0.0192 40.265 "" "" 2068514218930703616 902.609314 1.0827 0.0201 4.905 2.959 0.021 0.023 0.987 5536.7 4.4119 15.130819 1.136236 15.616193 14.479957 "" "" 886.90094 918.312317 16696.25837 3.6288 7743.5 15.349 12799.0 14.798 "" "" 0.002765406689983602 0.0035237311 0.003982403 0.007506134 305.37923916979 41.9111382128 902.609314 4.905000000000001 2.959
306.93305975468 42.11968545182 0.0186 0.0209 37.8297 "" "" 2068100802559001344 1079.17297 0.8955 0.023 5.101 5.319 0.023 0.026 1.012 5763.0 4.2788 15.131017 1.141402 15.618206 14.476804 "" "" 1048.62927 1108.55469 16693.22235 4.0669 7729.2 17.131 12836.0 11.757 "" "" 0.002767987846836387 0.0036845533 0.0039080298 0.007592583 306.93305975468 42.11968545182 1079.17297 5.101000000000001 5.319
306.34381087236 41.64928079792 0.0158 0.0186 40.2911 "" "" 2068457319204014720 1126.20203 0.8594 0.02 -1.038 -0.725 0.023 0.025 1.031 5671.9 4.1883 15.143849 1.257822 15.68483 14.427008 "" "" 1099.93115 1154.56689 16497.07719 4.1246 7269.2 11.037 13439.0 12.54 "" "" 0.002768659901652632 0.0032407711 0.0039128135 0.0071535846 306.34381087236 41.64928079792 1126.20203 -1.038 -0.7250000000000001
306.33012678288 42.61352676879 0.0162 0.0194 21.08 "" "" 2068923718296550912 820.129639 1.1878 0.0208 12.975 1.693 0.022 0.025 0.982 5174.2 4.4677 15.144062 1.084709 15.605601 14.520892 "" "" 806.137573 837.534241 16493.84632 3.8661 7819.5 18.963 12325.0 13.988 "" "" 0.0027670482419716444 0.0038363764 0.003975189 0.007811565 306.33012678288 42.61352676879 820.129639 12.975000000000001 1.693000000000001
305.2762302412 42.45011338285 0.0176 0.0189 38.3545 "" "" 2068741852200896256 979.164673 0.9961 0.0222 -4.685 -22.416 0.023 0.023 0.998 5271.3 4.3441 15.146574 1.222476 15.678846 14.45637 "" "" 956.873047 999.14209 16455.72291 3.8711 7309.3 11.847 13080.0 12.607 "" "" 0.0027671329616660192 0.0032987653 0.0039215856 0.007220351 305.2762302412 42.45011338285 979.164673 -4.684999999999998 -22.415999999999997
306.40587769867 42.16171136688 0.0184 0.021 15.2559 "" "" 2068861183573529856 1113.6449 0.8688 0.0236 -6.385 -9.76 0.024 0.026 1.037 5481.1 4.2994 15.146886 1.083468 15.602021 14.518553 "" "" 1086.04321 1138.00134 16450.99688 4.1069 7845.3 14.178 12352.0 15.328 "" "" 0.002768619951065614 0.003411017 0.0040123574 0.0074233743 306.40587769867 42.16171136688 1113.6449 -6.385 -9.759999999999998
306.60347043703 41.79048873079 0.0184 0.0192 37.4385 "" "" 2068090219759168256 869.214661 1.1196 0.0224 -2.07 2.899 0.024 0.023 1.016 5203.8 4.4261 15.149091 1.123265 15.632347 14.509082 "" "" 850.726562 887.575989 16417.6252 4.4185 7629.2 11.063 12460.0 11.367 "" "" 0.002770771305608029 0.0032037196 0.00390702 0.00711074 306.60347043703 41.79048873079 869.214661 -2.07 2.899
305.19291494679 42.22602512961 0.0165 0.018 41.2727 "" "" 2068714467489281408 832.04248 1.1708 0.0206 -2.488 -11.229 0.02 0.022 0.934 5407.4 4.4808 15.149425 1.068757 15.602175 14.533418 "" "" 816.670288 847.126526 16412.56539 4.9098 7844.2 18.762 12184.0 12.938 "" "" 0.0027743976502519543 0.0038116826 0.0039513246 0.007763007 305.19291494679 42.22602512961 832.04248 -2.4880000000000004 -11.229
306.69112683931 42.15307315086 0.018 0.02 26.9706 "" "" 2068851734645442176 882.253723 1.1072 0.0226 -7.971 -7.717 0.023 0.023 1.052 5105.3 4.3588 15.150249 1.148233 15.64572 14.497487 "" "" 867.866394 899.524353 16400.11584 3.6344 7535.8 11.607 12594.0 12.288 "" "" 0.0027658057819275298 0.003252944 0.0039250427 0.0071779867 306.69112683931 42.15307315086 882.253723 -7.971000000000001 -7.7170000000000005
306.2521017694 41.94329044739 0.0173 0.0199 22.1897 "" "" 2068482917208835072 974.900635 0.996 0.0223 0.339 -1.776 0.022 0.029 1.015 8227.3 4.2926 15.155792 1.711657 15.969276 14.25762 4.21 6.19 955.623901 1001.95227 16316.60247 10.695 5593.8 21.413 15708.0 28.244 "" "" 0.002845743466353053 0.005005889 0.0042538107 0.0092597 306.2521017694 41.94329044739 974.900635 0.339 -1.7760000000000002
305.51743883451 42.1392451759 0.0181 0.021 28.3238 "" "" 2068546482725045760 996.98407 0.974 0.0219 -7.627 -6.83 0.023 0.027 0.998 6375.3 4.403 15.157545 1.186738 15.663672 14.476934 "" "" 974.080994 1020.22168 16290.29024 4.3975 7412.2 13.451 12835.0 19.025 "" "" 0.002770864716901866 0.0034157166 0.0041077686 0.0075234855 305.51743883451 42.1392451759 996.98407 -7.627000000000001 -6.830000000000002
305.71440485128 41.92201618062 0.0158 0.0198 28.8746 "" "" 2068505594636287232 878.968628 1.1117 0.0204 8.721 -7.154 0.021 0.024 0.971 5536.8 4.4539 15.161465 1.16548 15.664099 14.498619 "" "" 862.03833 891.742798 16231.5799 3.6027 7409.3 11.171 12581.0 9.5989 "" "" 0.0027658386801276665 0.0032349187 0.0038691012 0.0071040196 305.71440485128 41.92201618062 878.968628 8.721000000000002 -7.154
305.82197228073 42.07138151245 0.0172 0.02 18.9522 "" "" 2068531433159544192 844.869629 1.1623 0.0213 -11.695 -12.746 0.022 0.024 0.943 5310.0 4.4803 15.163261 1.056955 15.605727 14.548772 "" "" 828.825684 858.557251 16204.74986 3.8886 7818.5 22.31 12013.0 13.061 "" "" 0.0027676110214528197 0.0041693514 0.0039594444 0.008128796 305.82197228073 42.07138151245 844.869629 -11.695 -12.746000000000002
306.0630703236 42.47358076101 0.0609 0.0623 10.7272 "" "" 2068918426889518720 755.512756 1.3177 0.0818 -7.915 -18.557 0.091 0.081 2.235 "" "" 15.165751 1.121508 15.388695 14.267187 "" "" 716.932251 809.69873 16167.61934 11.091 9548.6 61.954 15570.0 127.5 "" "" 0.0028542144461625903 0.0075769974 0.009660844 0.017237842 306.0630703236 42.47358076101 755.512756 -7.915000000000001 -18.557000000000002
306.82613776098 42.1236897967 0.0171 0.019 33.2244 "" "" 2068101524113505408 878.881775 1.1087 0.0215 -1.107 -0.959 0.022 0.024 1.004 5574.8 4.4521 15.166718 1.109217 15.638636 14.529419 "" "" 865.281372 897.191101 16153.22868 6.83 7585.1 23.304 12229.0 23.335 "" "" 0.0027933029225785497 0.0043488247 0.0043099825 0.008658808 306.82613776098 42.1236897967 878.881775 -1.1070000000000002 -0.9590000000000002
