Clusters/Dolidze_8/Dolidze_8_stars_in_region.tsv
# %ECSV 1.0
# ---
# datatype:
# - name: RA_ICRS_1
#   unit: deg
#   datatype: float64
#   format: '{:15.11f}'
#   description: Right ascension (ICRS) at Ep=2016.0 (ra)
#   meta: !!omap
#   - {ucd: POS_EQ_RA_MAIN}
#   - {width: 15}
#   - {precision: '11'}
# - name: DE_ICRS_1
#   unit: deg
#   datatype: float64
#   format: '{:15.11f}'
#   description: Declination (ICRS) at Ep=2016.0 (dec)
#   meta: !!omap
#   - {ucd: POS_EQ_DEC_MAIN}
#   - {width: 15}
#   - {precision: '11'}
# - name: e_RA_ICRS
#   unit: mas
#   datatype: float64
#   format: '{:7.4f}'
#   description: Standard error of right ascension (ra_error)
#   meta: !!omap
#   - {ucd: ERROR}
#   - {width: 7}
#   - {precision: '4'}
# - name: e_DE_ICRS
#   unit: mas
#   datatype: float64
#   format: '{:7.4f}'
#   description: Standard error of declination (dec_error)
#   meta: !!omap
#   - {ucd: ERROR}
#   - {width: 7}
#   - {precision: '4'}
# - name: _r_1
#   unit: ''
#   datatype: float64
#   format: '{:7.4f}'
#   description: Distance from center (306.11710747000+42.29930596000)[ICRS], at Epoch=J2016.0
#   meta: !!omap
#   - {ucd: POS_ANG_DIST_GENERAL}
#   - {width: 7}
#   - {precision: '4'}
# - name: HIP
#   datatype: int32
#   description: '? HIP cross-id number, van Leeuwen, Cat. I/311 (hip_original_ext_source_id)'
#   meta: !!omap
#   - {ucd: ID_NUMBER}
#   - {width: 6}
#   - values: {'null': -2147483648}
# - name: TYC2
#   datatype: string
#   description: Tycho-2 cross-id name, Hog et al., Cat. I/259 (tyc2_original_ext_source_id)
#   meta: !!omap
#   - {ucd: ID_CROSSID}
#   - {_votable_string_dtype: char}
# - name: Source
#   datatype: int64
#   description: Source identifier, identical to the Gaia-EDR3 source_id (id)
#   meta: !!omap
#   - {ucd: ID_MAIN}
#   - {width: 19}
# - name: rgeo
#   unit: pc
#   datatype: float64
#   format: '{:15.8f}'
#   description: '? Median of the geometric distance posterior (r_med_geo)'
#   meta: !!omap
#   - {ucd: PHYS_DISTANCE_TRUE}
#   - {width: 15}
#   - {precision: '8'}
#   - values: {'null': .nan}
# - name: Plx
#   unit: mas
#   datatype: float64
#   format: '{:9.4f}'
#   description: '? Parallax (parallax)'
#   meta: !!omap
#   - {ucd: POS_PARLX_TRIG}
#   - {width: 9}
#   - {precision: '4'}
#   - values: {'null': .nan}
# - name: e_Plx
#   unit: mas
#   datatype: float32
#   format: '{:7.4f}'
#   description: '? Standard error of parallax (parallax_error)'
#   meta: !!omap
#   - {ucd: ERROR}
#   - {width: 7}
#   - {precision: '4'}
#   - values: {'null': .nan}
# - name: pmRA
#   unit: mas / yr
#   datatype: float64
#   format: '{:9.3f}'
#   description: '? Proper motion in right ascension direction, pmRA*cosDE (pmra)'
#   meta: !!omap
#   - {ucd: POS_EQ_PMRA}
#   - {width: 9}
#   - {precision: '3'}
#   - values: {'null': .nan}
# - name: pmDE
#   unit: mas / yr
#   datatype: float64
#   format: '{:9.3f}'
#   description: '? Proper motion in declination direction (pmdec)'
#   meta: !!omap
#   - {ucd: POS_EQ_PMDEC}
#   - {width: 9}
#   - {precision: '3'}
#   - values: {'null': .nan}
# - name: e_pmRA
#   unit: mas / yr
#   datatype: float32
#   format: '{:6.3f}'
#   description: '? Standard error of proper motion in right ascension direction (pmra_error)'
#   meta: !!omap
#   - {ucd: ERROR}
#   - {width: 6}
#   - {precision: '3'}
#   - values: {'null': .nan}
# - name: e_pmDE
[...]
#         unit: &id001 !astropy.units.Unit {unit: deg}
#         value: !astropy.table.SerializedColumn {name: SkyCoord.dec}
#       distance: !astropy.table.SerializedColumn
#         __class__: astropy.coordinates.distances.Distance
#         unit: !astropy.units.Unit {unit: pc}
#         value: !astropy.table.SerializedColumn {name: SkyCoord.distance}
#       frame: icrs
#       obstime: !astropy.time.Time {format: jyear_str, in_subfmt: '*', jd1: 367701545.0, jd2: 0.0, out_subfmt: '*', precision: 3, scale: tt}
#       pm_dec: !astropy.table.SerializedColumn
#         __class__: astropy.units.quantity.Quantity
#         unit: !astropy.units.Unit {unit: mas / yr}
#         value: !astropy.table.SerializedColumn {name: SkyCoord.pm_dec}
#       pm_ra_cosdec: !astropy.table.SerializedColumn
#         __class__: astropy.units.quantity.Quantity
#         unit: !astropy.units.Unit {unit: mas / yr}
#         value: !astropy.table.SerializedColumn {name: SkyCoord.pm_ra_cosdec}
#       ra: !astropy.table.SerializedColumn
#         __class__: astropy.coordinates.angles.Longitude
#         unit: *id001
#         value: !astropy.table.SerializedColumn {name: SkyCoord.ra}
#         wrap_angle: !astropy.coordinates.Angle
#           unit: *id001
#           value: 360.0
#       representation_type: spherical
# schema: astropy-2.0
RA_ICRS_1 DE_ICRS_1 e_RA_ICRS e_DE_ICRS _r_1 HIP TYC2 Source rgeo Plx e_Plx pmRA pmDE e_pmRA e_pmDE RUWE Teff logg Gmag BP-RP BPmag RPmag RV e_RV b_rgeo B_rgeo FG e_FG FBP e_FBP FRP e_FRP RAVE5 RAVE6 e_Gmag e_BPmag e_RPmag e_BP-RP SkyCoord.ra SkyCoord.dec SkyCoord.distance SkyCoord.pm_ra_cosdec SkyCoord.pm_dec
[from data line 1327]
306.64051006906 42.81491770056 0.1855 0.2278 38.6287 "" "" 2068908393853706752 875.076477 1.2538 0.235 0.021 -1.641 0.255 0.312 6.908 "" "" 16.267946 2.819146 17.751455 14.932309 "" "" 712.095398 1318.8595 5858.25146 19.75 1083.5 6.7425 8437.9 9.3993 "" "" 0.0045814843776544436 0.00730987 0.0039681834 0.011278054 306.64051006906 42.81491770056 875.076477 0.020999999999999908 -1.641
306.42216887737 41.68466798236 0.0251 0.0315 39.3074 "" "" 2068463469596784000 893.60791 1.0944 0.0322 0.592 -4.544 0.034 0.04 0.907 4700.4 4.4669 16.274277 1.290684 16.847357 15.556673 "" "" 871.594604 920.193481 5824.19387 2.2867 2491.6 9.2428 4747.8 9.9324 "" "" 0.0027881008415503706 0.0048996788 0.0044094 0.009309079 306.42216887737 41.68466798236 893.60791 0.5920000000000003 -4.544
306.92866502718 42.31560312047 0.0296 0.0349 36.0241 "" "" 2068127843673013248 865.884277 1.131 0.0385 -5.915 -12.33 0.043 0.045 0.945 4687.3 4.5494 16.274302 1.386968 16.90226 15.515292 "" "" 840.86731 902.274048 5824.06731 2.7019 2368.7 14.963 4932.2 11.613 "" "" 0.0028009815316794753 0.0074043833 0.0045627714 0.011967154 306.92866502718 42.31560312047 865.884277 -5.915 -12.330000000000002
305.68693467223 42.67079982337 0.0284 0.0347 29.3106 "" "" 2069122936060210432 870.920471 1.14 0.0369 -0.247 -4.22 0.038 0.042 1.019 4672.9 4.5063 16.276161 1.30732 16.860186 15.552866 "" "" 843.653137 894.423462 5814.09548 2.9352 2462.3 9.6338 4764.4 8.2049 "" "" 0.002809311432264502 0.0050823474 0.0042166086 0.009298956 305.68693467223 42.67079982337 870.920471 -0.2470000000000001 -4.220000000000001
305.39895898305 42.21726158213 0.0299 0.0346 32.2686 "" "" 2068712096667443328 1074.49072 0.896 0.0374 -7.034 -9.008 0.039 0.039 1.027 4832.8 4.2367 16.27873 1.381635 16.905518 15.523883 "" "" 1036.28247 1117.85388 5800.35792 2.3413 2361.6 10.208 4893.3 8.6406 "" "" 0.0027899563779725327 0.005459864 0.0042378493 0.009697713 305.39895898305 42.21726158213 1074.49072 -7.033999999999998 -9.008
306.38605915225 42.88074497853 0.0267 0.0352 36.8537 "" "" 2068953679988620032 888.38855 1.1014 0.0353 1.59 -3.425 0.035 0.04 1.017 4714.2 4.605 16.27879 1.37434 16.890224 15.515884 "" "" 865.767578 915.131897 5800.03945 2.579 2395.1 11.559 4929.5 9.2947 "" "" 0.0027972953015877244 0.005936441 0.004298219 0.01023466 306.38605915225 42.88074497853 888.38855 1.5899999999999999 -3.425
306.59753128652 41.86935292043 0.0296 0.0317 33.5134 "" "" 2068841632883574784 803.848633 1.2301 0.0362 -4.403 -2.632 0.038 0.038 0.99 4703.6 4.642 16.279512 1.304329 16.862675 15.558346 "" "" 781.634216 822.903748 5796.17871 2.5512 2456.7 8.6996 4740.5 10.281 "" "" 0.0027964561992258196 0.004750514 0.0044529024 0.009203416 306.59753128652 41.86935292043 803.848633 -4.402999999999999 -2.6319999999999997
305.66747667718 42.5653526279 0.0327 0.0371 25.5202 "" "" 2068746696925884160 1065.97656 0.906 0.0424 7.578 3.271 0.045 0.047 1.074 5282.2 3.855 16.280684 1.739847 17.122091 15.382244 "" "" 1023.11597 1119.82507 5789.92642 2.6655 1934.6 10.856 5575.2 17.038 "" "" 0.0028002907324450772 0.00670111 0.0050292304 0.01173034 305.66747667718 42.5653526279 1065.97656 7.578 3.271
306.21007365613 42.43953526402 0.0309 0.034 9.3688 "" "" 2068915437600845056 907.430359 1.0804 0.0391 -1.335 2.226 0.044 0.044 0.983 4707.9 4.6381 16.285526 1.389984 16.91748 15.527496 "" "" 872.58197 936.137695 5764.16026 2.5636 2335.7 16.565 4877.1 14.415 "" "" 0.002797313313623391 0.008190068 0.004958 0.013148068 306.21007365613 42.43953526402 907.430359 -1.3350000000000004 2.226
306.55615680267 41.97071061672 0.0286 0.0327 27.7547 "" "" 2068842972912115200 896.157654 1.0832 0.0357 9.573 7.288 0.035 0.039 0.967 4790.8 4.4998 16.287289 1.358199 16.900377 15.542178 "" "" 869.962708 923.997925 5754.81684 2.4772 2372.8 8.1233 4811.6 11.306 "" "" 0.0027946765693426644 0.0046477234 0.00455986 0.009207584 306.55615680267 41.97071061672 896.157654 9.573 7.288
306.06507836897 41.96100662125 0.0294 0.0333 20.4296 "" "" 2068485184951617024 976.686829 1.003 0.0372 3.066 0.816 0.035 0.039 0.998 4689.4 4.2982 16.291576 1.705611 17.10728 15.40167 "" "" 945.262329 1015.77777 5732.12953 2.3788 1961.1 12.31 5476.3 15.768 "" "" 0.0027919180553762093 0.007364297 0.0049047642 0.012269061 306.06507836897 41.96100662125 976.686829 3.066 0.8160000000000002
306.44071311033 42.69706308614 0.0457 0.0528 27.8297 "" "" 2068947460876893824 833.014832 1.1852 0.0574 -0.418 -3.622 0.06 0.066 1.559 4703.9 4.3773 16.291595 1.530684 16.973373 15.44269 "" "" 791.21521 869.334595 5732.02643 6.9476 2218.5 10.85 5273.3 15.655 "" "" 0.0030534580102657537 0.0059984303 0.004967204 0.010965634 306.44071311033 42.69706308614 833.014832 -0.41800000000000015 -3.622
306.63598477219 42.66998414142 0.0285 0.0334 31.9649 "" "" 2068901006509818880 773.096191 1.2704 0.0353 -24.427 -5.181 0.038 0.045 0.975 4312.9 4.511 16.293781 1.626723 17.064842 15.438119 "" "" 753.594299 793.664307 5720.50366 2.5134 2039.3 6.9502 5295.5 8.6664 "" "" 0.002796310651078109 0.0046343813 0.0041762423 0.008810624 306.63598477219 42.66998414142 773.096191 -24.427 -5.181
306.37602349712 42.77004822951 0.0294 0.0338 30.4761 "" "" 2068948663466730496 1070.70801 0.9114 0.0356 -1.819 1.831 0.036 0.04 0.974 4773.0 4.3426 16.299 1.258301 16.845825 15.587524 "" "" 1034.49622 1117.2522 5693.07148 8.6965 2495.1 14.914 4614.8 22.743 "" "" 0.003215975171961278 0.0070641623 0.0065509425 0.013615105 306.37602349712 42.77004822951 1070.70801 -1.819 1.831
306.29225378637 42.30463348407 0.0316 0.0362 7.7789 "" "" 2068866543692738560 1100.29346 0.8706 0.0396 -6.322 -3.111 0.042 0.05 1.057 4860.6 4.3373 16.300556 1.647301 17.083122 15.435822 "" "" 1054.70605 1146.76965 5684.91678 2.9531 2005.2 11.271 5306.8 13.724 "" "" 0.0028124516489225347 0.0067103803 0.004708258 0.011418639 306.29225378637 42.30463348407 1100.29346 -6.321999999999999 -3.1110000000000007
305.94147229589 42.17167629286 0.0296 0.0329 10.9324 "" "" 2068535247090496768 856.474243 1.1347 0.0372 -6.886 -3.249 0.037 0.038 0.981 4718.6 4.5918 16.303988 1.351424 16.915594 15.56417 "" "" 832.076965 882.47821 5666.97952 2.761 2339.8 10.419 4715.1 12.473 "" "" 0.0028056387819858195 0.0055820774 0.0047468795 0.010328957 305.94147229589 42.17167629286 856.474243 -6.886000000000001 -3.2489999999999988
305.70159268704 42.01182004173 0.0303 0.0374 25.2806 "" "" 2068530127489503232 786.971069 1.2521 0.0399 -2.433 -2.178 0.038 0.043 1.017 4623.5 4.5582 16.30466 1.387988 16.929298 15.54131 "" "" 764.674072 809.259033 5663.46533 3.3137 2310.5 17.196 4815.4 14.57 "" "" 0.0028276052751282105 0.008548789 0.0050075697 0.013556358 305.70159268704 42.01182004173 786.971069 -2.433 -2.178
306.30726884717 42.55540900089 0.0282 0.0347 17.5228 "" "" 2068921313114828160 854.649963 1.1544 0.0375 -1.265 -2.839 0.04 0.044 1.037 4620.2 4.582 16.309141 1.435196 16.970325 15.53513 "" "" 826.920166 882.024475 5640.1476 2.7616 2224.8 10.547 4842.9 10.191 "" "" 0.0028061362231723073 0.0058547114 0.0044163032 0.010271015 306.30726884717 42.55540900089 854.649963 -1.265 -2.839
306.09668784373 42.22125930742 0.0292 0.0325 4.7698 "" "" 2068536380961835136 787.243835 1.2538 0.0359 -4.012 -4.632 0.038 0.044 1.001 4535.8 4.5556 16.31525 1.401552 16.956806 15.555254 "" "" 759.666748 811.212769 5608.49393 2.3741 2252.7 12.488 4754.0 9.3218 "" "" 0.0027933883882155456 0.0066341283 0.004337758 0.010971886 306.09668784373 42.22125930742 787.243835 -4.012 -4.632
305.58327047767 41.73979641639 0.0297 0.0371 41.1486 "" "" 2068502502259828096 1011.11572 0.9664 0.0391 0.701 -4.54 0.041 0.05 1.04 4685.2 4.2567 16.318983 1.762281 17.175694 15.413412 "" "" 970.770081 1052.23169 5589.24879 2.5607 1841.4 11.998 5417.4 9.1281 "" "" 0.0027998612933081844 0.007604678 0.00419887 0.011803549 305.58327047767 41.73979641639 1011.11572 0.7009999999999998 -4.540000000000001
305.62739243779 42.53586238834 0.0308 0.0387 25.9227 "" "" 2068746593844990976 983.365417 0.9963 0.0419 -3.933 -6.906 0.04 0.045 0.947 5183.9 4.5874 16.319267 1.432166 16.961267 15.529101 "" "" 945.108276 1019.31873 5587.79116 11.787 2243.4 21.486 4869.9 46.991 "" "" 0.003582896013851235 0.010766387 0.011137421 0.02190381 305.62739243779 42.53586238834 983.365417 -3.9329999999999994 -6.905999999999999
306.38793800671 42.91889339239 0.0282 0.0349 39.0516 "" "" 2068954126665248256 940.10498 1.0405 0.0367 0.672 -0.311 0.037 0.043 1.011 4909.7 4.6519 16.320917 1.341765 16.927555 15.58579 "" "" 903.825684 967.528992 5579.30131 2.7474 2314.2 8.7613 4622.1 8.9957 "" "" 0.0028067126408206455 0.004968003 0.004330002 0.009298004 306.38793800671 42.91889339239 940.10498 0.672 -0.31099999999999994
306.32994152661 42.5507137724 0.03 0.0353 17.7875 "" "" 2068922721864111616 987.107056 0.9915 0.0375 -9.614 -10.101 0.041 0.044 0.991 4728.5 4.4836 16.327017 1.314115 16.917778 15.603663 "" "" 955.143555 1025.47534 5548.04748 2.5693 2335.1 9.5292 4546.7 10.363 "" "" 0.0028008215766956073 0.0052360683 0.0045174784 0.009753547 306.32994152661 42.5507137724 987.107056 -9.614 -10.100999999999999
305.57874544217 42.03481158606 0.0415 0.0499 28.7236 "" "" 2068518857495354752 1027.60144 0.9481 0.0528 -5.323 -11.653 0.055 0.07 1.369 7153.1 4.3306 16.327312 1.786078 17.18952 15.403441 "" "" 974.812439 1092.90356 5546.53067 2.9229 1818.1 13.288 5467.4 9.9361 "" "" 0.0028140994070426717 0.00841159 0.0042634537 0.012675043 305.57874544217 42.03481158606 1027.60144 -5.323 -11.653
305.99207568726 42.72017443632 0.0289 0.0333 25.8505 "" "" 2068939317617660288 811.168396 1.2076 0.0369 -2.625 0.92 0.039 0.042 1.027 4584.1 4.5441 16.329435 1.36863 16.951609 15.582978 "" "" 786.762024 838.586121 5535.69744 2.4435 2263.5 9.2122 4634.1 7.0553 "" "" 0.0027966895198655427 0.005226002 0.0041250642 0.009351066 305.99207568726 42.72017443632 811.168396 -2.625000000000001 0.92
306.62924387201 41.83762515829 0.0308 0.0338 35.884 "" "" 2068090735155246208 970.186523 1.0012 0.039 0.8 -6.451 0.039 0.039 0.996 4901.4 4.5099 16.32966 1.358125 16.945559 15.587434 "" "" 937.012024 1011.84497 5534.55174 2.948 2276.1 9.6618 4615.1 10.719 "" "" 0.0028153587924479766 0.005387615 0.0045434367 0.009931052 306.62924387201 41.83762515829 970.186523 0.8000000000000003 -6.4510000000000005
306.54022213787 42.87339203409 0.1861 0.2419 39.1896 "" "" 2068955810292577664 1128.87939 1.0048 0.2426 14.385 8.443 0.25 0.302 6.809 4547.8 4.6681 16.332228 1.548173 16.961048 15.412875 "" "" 912.761475 1572.89282 5521.48022 19.403 2243.9 8.0092 5420.1 8.2816 "" "" 0.004706262189723062 0.004775282 0.0041274466 0.008902729 306.54022213787 42.87339203409 1128.87939 14.384999999999998 8.443
306.52096512474 42.52645480299 0.0274 0.0345 22.4901 "" "" 2068898326450999680 1035.11169 0.9438 0.0364 -7.397 -6.183 0.038 0.045 1.026 5094.4 4.5446 16.333576 1.274505 16.897884 15.62338 "" "" 999.429565 1085.80823 5514.63088 3.712 2378.3 11.461 4464.8 10.273 "" "" 0.0028505965178149874 0.005929624 0.0045303986 0.010460023 306.52096512474 42.52645480299 1035.11169 -7.396999999999999 -6.182999999999999
306.13170788123 41.8106680738 0.0288 0.0318 29.3255 "" "" 2068474735292897408 1128.27734 0.865 0.0352 0.587 -6.559 0.037 0.039 1.004 6546.0 4.3477 16.33365 1.798687 17.22309 15.424402 "" "" 1086.29126 1170.68274 5514.25186 2.5824 1762.7 15.571 5362.9 13.529 "" "" 0.0028018433669111348 0.009988579 0.0046675247 0.014656104 306.13170788123 41.8106680738 1128.27734 0.5870000000000006 -6.558999999999999
306.68034115479 42.47973490115 0.034 0.0388 27.2061 "" "" 2068894443800467712 859.965393 1.1374 0.043 2.639 -8.141 0.047 0.047 1.123 4856.9 4.6226 16.333902 1.376798 16.950079 15.573281 "" "" 831.408142 894.730652 5512.97096 2.8236 2266.7 8.1269 4675.7 8.696 "" "" 0.0028108754435247005 0.0047894106 0.0042850007 0.009074411 306.68034115479 42.47973490115 859.965393 2.6389999999999993 -8.140999999999998
305.48667324367 42.35822537377 0.0305 0.0363 28.187 "" "" 2068738038270013568 850.664429 1.1589 0.0383 -6.048 -1.447 0.038 0.046 0.952 4538.7 4.5499 16.335188 1.469258 17.017788 15.54853 "" "" 816.608887 879.030334 5506.44393 2.5267 2129.6 8.8719 4783.5 9.7043 "" "" 0.002799999305607895 0.005314519 0.004374395 0.009688914 305.48667324367 42.35822537377 850.664429 -6.048 -1.447
306.67940468936 42.45591409518 0.0302 0.0342 26.6352 "" "" 2068882276150257152 1106.17529 0.8859 0.038 -2.178 -2.396 0.041 0.042 0.968 5182.3 4.5861 16.336468 1.319273 16.919888 15.600615 "" "" 1057.82812 1157.75623 5499.95736 2.4353 2330.6 6.3268 4559.4 9.6246 "" "" 0.002796946192645082 0.004058605 0.004420025 0.00847863 306.67940468936 42.45591409518 1106.17529 -2.1779999999999995 -2.3960000000000004
306.00761227019 42.23331182458 0.0317 0.0324 6.2702 "" "" 2068536965077411712 770.992554 1.2738 0.0376 2.273 -3.294 0.042 0.04 1.084 4539.8 4.5889 16.33716 1.458674 17.011889 15.553214 "" "" 751.23468 798.137207 5496.45357 2.8786 2141.2 10.816 4762.9 10.136 "" "" 0.0028133822140329117 0.0061534 0.0044297255 0.010583125 306.00761227019 42.23331182458 770.992554 2.273 -3.294
305.89720404626 42.04304767358 0.0286 0.0317 18.2217 "" "" 2068528340783069056 812.98938 1.2064 0.0359 5.616 7.728 0.036 0.036 0.984 4595.8 4.5956 16.337944 1.465053 17.0173 15.552247 "" "" 790.326599 840.184631 5492.4842 2.4901 2130.6 10.692 4767.2 9.9034 "" "" 0.002798943453036137 0.006121421 0.0044012573 0.0105226785 305.89720404626 42.04304767358 812.98938 5.616 7.728
306.04146536865 41.96935717027 0.03 0.0329 20.081 "" "" 2068480061052512768 1052.58765 0.9263 0.0374 18.695 0.811 0.037 0.04 0.998 4561.7 4.3265 16.339172 1.578298 17.075682 15.497384 "" "" 1012.7085 1086.08325 5486.28125 2.5009 2019.0 9.04 5014.2 8.6549 "" "" 0.0027994184613455257 0.005605151 0.004218512 0.009823663 306.04146536865 41.96935717027 1052.58765 18.695 0.8110000000000024
306.30681953814 41.99399306659 0.0282 0.0346 20.1693 "" "" 2068483295165954176 907.307373 1.0792 0.037 4.863 -0.534 0.036 0.045 1.063 4341.9 4.4664 16.341055 1.32025 16.85528 15.53503 "" "" 882.131104 941.139526 5476.77214 3.4005 2473.5 26.47 4843.4 36.502 "" "" 0.0028365891635111213 0.011949255 0.0090132365 0.020962492 306.30681953814 41.99399306659 907.307373 4.8629999999999995 -0.5339999999999998
306.57397017501 41.82086477994 0.0307 0.0325 35.1887 "" "" 2068090494637083520 846.032043 1.155 0.0365 -28.821 -34.599 0.039 0.04 1.005 4562.4 4.4587 16.343678 1.362231 16.958553 15.596322 "" "" 820.259644 882.398499 5463.56493 2.4858 2249.0 9.4339 4577.5 12.645 "" "" 0.0027992519113094467 0.005341079 0.0048248647 0.010165944 306.57397017501 41.82086477994 846.032043 -28.820999999999994 -34.59899999999999
305.79708658277 42.62374750447 0.0318 0.0362 24.0749 "" "" 2068935091369790976 768.010864 1.2804 0.041 1.092 1.83 0.046 0.048 0.963 4361.4 4.4158 16.344606 1.433278 16.999386 15.566108 "" "" 741.56842 800.972961 5458.89058 2.6014 2166.0 9.716 4706.7 9.96 "" "" 0.002803478719978373 0.0056128968 0.0044229534 0.01003585 305.79708658277 42.62374750447 768.010864 1.092 1.83
305.93121414094 42.8862503276 0.0332 0.038 36.1612 "" "" 2068944402858953984 1036.18311 0.9382 0.0411 0.517 -7.917 0.045 0.05 1.109 4681.1 4.3682 16.345562 1.575831 17.083246 15.507415 "" "" 991.809448 1073.41138 5454.089 3.0219 2005.0 9.3512 4968.1 11.382 "" "" 0.0028202250258952117 0.0057816263 0.0045244982 0.010306125 305.93121414094 42.8862503276 1036.18311 0.5170000000000008 -7.917
306.6865196066 42.22377545852 0.032 0.0366 25.6876 "" "" 2068853555711973760 932.128967 1.0538 0.0419 -4.935 -18.128 0.044 0.042 1.041 4818.3 4.6502 16.345716 1.336936 16.941486 15.60455 "" "" 905.054565 973.723511 5453.30564 2.4637 2284.7 8.5115 4543.0 10.376 "" "" 0.002798641521305184 0.004913835 0.004520287 0.009434122 306.6865196066 42.22377545852 932.128967 -4.934999999999999 -18.128
