Clusters/NGC_6178/NGC_6178_stars_in_region.tsv
# %ECSV 1.0
# ---
# datatype:
# - name: RA_ICRS_1
#   unit: deg
#   datatype: float64
#   format: '{:15.11f}'
#   description: Right ascension (ICRS) at Ep=2016.0 (ra)
#   meta: !!omap
#   - {ucd: POS_EQ_RA_MAIN}
#   - {width: 15}
#   - {precision: '11'}
# - name: DE_ICRS_1
#   unit: deg
#   datatype: float64
#   format: '{:15.11f}'
#   description: Declination (ICRS) at Ep=2016.0 (dec)
#   meta: !!omap
#   - {ucd: POS_EQ_DEC_MAIN}
#   - {width: 15}
#   - {precision: '11'}
# - name: e_RA_ICRS
#   unit: mas
#   datatype: float64
#   format: '{:7.4f}'
#   description: Standard error of right ascension (ra_error)
#   meta: !!omap
#   - {ucd: ERROR}
#   - {width: 7}
#   - {precision: '4'}
# - name: e_DE_ICRS
#   unit: mas
#   datatype: float64
#   format: '{:7.4f}'
#   description: Standard error of declination (dec_error)
#   meta: !!omap
#   - {ucd: ERROR}
#   - {width: 7}
#   - {precision: '4'}
# - name: _r_1
#   unit: ''
#   datatype: float64
#   format: '{:7.4f}'
#   description: Distance from center (248.93311081000-45.64569575000)[ICRS], at Epoch=J2016.0
#   meta: !!omap
#   - {ucd: POS_ANG_DIST_GENERAL}
#   - {width: 7}
#   - {precision: '4'}
# - name: HIP
#   datatype: int32
#   description: '? HIP cross-id number, van Leeuwen, Cat. I/311 (hip_original_ext_source_id)'
#   meta: !!omap
#   - {ucd: ID_NUMBER}
#   - {width: 6}
#   - values: {'null': -2147483648}
# - name: TYC2
#   datatype: string
#   description: Tycho-2 cross-id name, Hog et al., Cat. I/259 (tyc2_original_ext_source_id)
#   meta: !!omap
#   - {ucd: ID_CROSSID}
#   - {_votable_string_dtype: char}
# - name: Source
#   datatype: int64
#   description: Source identifier, identical to the Gaia-EDR3 source_id (id)
#   meta: !!omap
#   - {ucd: ID_MAIN}
#   - {width: 19}
# - name: rgeo
#   unit: pc
#   datatype: float64
#   format: '{:15.8f}'
#   description: '? Median of the geometric distance posterior (r_med_geo)'
#   meta: !!omap
#   - {ucd: PHYS_DISTANCE_TRUE}
#   - {width: 15}
#   - {precision: '8'}
#   - values: {'null': .nan}
# - name: Plx
#   unit: mas
#   datatype: float64
#   format: '{:9.4f}'
#   description: '? Parallax (parallax)'
#   meta: !!omap
#   - {ucd: POS_PARLX_TRIG}
#   - {width: 9}
#   - {precision: '4'}
#   - values: {'null': .nan}
# - name: e_Plx
#   unit: mas
#   datatype: float32
#   format: '{:7.4f}'
#   description: '? Standard error of parallax (parallax_error)'
#   meta: !!omap
#   - {ucd: ERROR}
#   - {width: 7}
#   - {precision: '4'}
#   - values: {'null': .nan}
# - name: pmRA
#   unit: mas / yr
#   datatype: float64
#   format: '{:9.3f}'
#   description: '? Proper motion in right ascension direction, pmRA*cosDE (pmra)'
#   meta: !!omap
#   - {ucd: POS_EQ_PMRA}
#   - {width: 9}
#   - {precision: '3'}
#   - values: {'null': .nan}
# - name: pmDE
#   unit: mas / yr
#   datatype: float64
#   format: '{:9.3f}'
#   description: '? Proper motion in declination direction (pmdec)'
#   meta: !!omap
#   - {ucd: POS_EQ_PMDEC}
#   - {width: 9}
#   - {precision: '3'}
#   - values: {'null': .nan}
# - name: e_pmRA
#   unit: mas / yr
#   datatype: float32
#   format: '{:6.3f}'
#   description: '? Standard error of proper motion in right ascension direction (pmra_error)'
#   meta: !!omap
#   - {ucd: ERROR}
#   - {width: 6}
#   - {precision: '3'}
#   - values: {'null': .nan}
# - name: e_pmDE
[...]
#         value: !astropy.table.SerializedColumn {name: SkyCoord.dec}
#       distance: !astropy.table.SerializedColumn
#         __class__: astropy.coordinates.distances.Distance
#         unit: !astropy.units.Unit {unit: pc}
#         value: !astropy.table.SerializedColumn {name: SkyCoord.distance}
#       frame: icrs
#       obstime: !astropy.time.Time {format: jyear_str, in_subfmt: '*', jd1: 367701545.0, jd2: 0.0, out_subfmt: '*', precision: 3, scale: tt}
#       pm_dec: !astropy.table.SerializedColumn
#         __class__: astropy.units.quantity.Quantity
#         unit: !astropy.units.Unit {unit: mas / yr}
#         value: !astropy.table.SerializedColumn {name: SkyCoord.pm_dec}
#       pm_ra_cosdec: !astropy.table.SerializedColumn
#         __class__: astropy.units.quantity.Quantity
#         unit: !astropy.units.Unit {unit: mas / yr}
#         value: !astropy.table.SerializedColumn {name: SkyCoord.pm_ra_cosdec}
#       ra: !astropy.table.SerializedColumn
#         __class__: astropy.coordinates.angles.Longitude
#         unit: *id001
#         value: !astropy.table.SerializedColumn {name: SkyCoord.ra}
#         wrap_angle: !astropy.coordinates.Angle
#           unit: *id001
#           value: 360.0
#       representation_type: spherical
# schema: astropy-2.0
RA_ICRS_1 DE_ICRS_1 e_RA_ICRS e_DE_ICRS _r_1 HIP TYC2 Source rgeo Plx e_Plx pmRA pmDE e_pmRA e_pmDE RUWE Teff logg Gmag BP-RP BPmag RPmag RV e_RV b_rgeo B_rgeo FG e_FG FBP e_FBP FRP e_FRP RAVE5 RAVE6 e_Gmag e_BPmag e_RPmag e_BP-RP SkyCoord.ra SkyCoord.dec SkyCoord.distance SkyCoord.pm_ra_cosdec SkyCoord.pm_dec rmRA rmDE e_rmRA e_rmDE rRV e_rRV v_pec v_pec3d e_vpec e_vpec3d
[from data line 1001]
248.044748002 -45.47979600882 0.0214 0.012 38.6225 "" "" 5943695259774993664 922.181335 1.0346 0.0257 -2.921 -4.523 0.03 0.019 0.976 5843.1 4.014 14.901504 1.324328 15.473879 14.14955 39.12 8.91 895.338196 946.84845 20622.68686 3.6679 8828.1 7.4127 17352.0 21.075 "" "" 0.0027620788307577064 0.002935332 0.0040028323 0.006938164 248.044748002 -45.47979600882 922.181335 -2.9210000000000003 -4.523 -3.3509565255641935 -1.1570000629425046 0.14694312 0.13594311 57.5347619047619 12.206176 15.496018711067947 59.58502683838792 2.2594889976384303 11.800811821801332
248.94373436275 -45.40396953715 0.0391 0.0268 14.5104 "" "" 5943050293103012736 846.017273 1.1566 0.0471 -2.225 -8.897 0.055 0.045 1.851 5634.1 4.3879 14.904514 1.23914 15.406374 14.167233 -25.37 7.49 817.462646 874.368469 20565.58892 16.385 9394.4 22.909 17071.0 62.034 "" "" 0.002887916361989438 0.0038464433 0.0054635336 0.009309977 248.94373436275 -45.40396953715 846.017273 -2.2250000000000014 -8.897000000000002 -2.654956525564194 -5.531000062942505 0.17194313 0.16194312 -6.955238095238098 10.786176 24.60292482359636 25.567151715374656 4.031489888147237 4.864148767167712
247.92347592208 -45.59761754129 0.0215 0.0115 42.4657 "" "" 5943734017572533120 840.25354 1.1442 0.0272 -6.492 -30.306 0.03 0.019 0.946 5792.7 4.3312 14.905761 1.245717 15.446018 14.200301 20.36 4.01 821.340332 857.614807 20541.99498 3.324 9057.5 9.1875 16559.0 9.3061 "" "" 0.0027609157467532734 0.002999659 0.0038283216 0.0068279803 247.92347592208 -45.59761754129 840.25354 -6.492000000000003 -30.306000000000004 -6.921956525564194 -26.940000062942506 0.14694312 0.13594311 38.7747619047619 7.306176 110.78183629781168 117.37162099198477 15.138344944285771 14.490837468355318
248.21899197473 -45.41511524113 0.0238 0.0127 33.0505 "" "" 5943788958776741632 855.822388 1.1283 0.028 -6.88 -5.81 0.031 0.02 0.943 5746.1 4.4214 14.90706 1.202704 15.405542 14.202838 -48.03 5.45 837.963562 877.031677 20517.42765 6.2045 9401.6 12.817 16520.0 43.652 "" "" 0.002774813293691531 0.0031584688 0.004744937 0.007903406 248.21899197473 -45.41511524113 855.822388 -6.88 -5.81 -7.309956525564194 -2.4440000629425045 0.14794312 0.13694312 -29.615238095238098 8.746176 31.267031171192254 43.066106925260264 4.592326549171969 6.876802477169835
248.52291441252 -46.02803453299 0.0209 0.0123 28.6405 "" "" 5943663163426349568 699.102844 1.385 0.026 -4.076 -23.364 0.028 0.019 0.963 5488.9 4.538 14.911021 1.118464 15.376518 14.258054 "" "" 687.180603 711.437378 20442.69632 3.708 9656.3 16.174 15701.0 26.248 "" "" 0.002762349239221553 0.0033305043 0.004192637 0.007523141 248.52291441252 -46.02803453299 699.102844 -4.076000000000004 -23.36399999999998 -4.505956525564193 -19.998000062942506 0.14494312 0.13594311 "" "" 67.92969368798477 "" 9.265040692730382 ""
248.27003677643 -45.60945237188 0.0242 0.0133 27.9068 "" "" 5943689899664653824 861.278931 1.1193 0.0296 1.96 -1.174 0.031 0.02 1.036 "" "" 14.911779 1.132499 15.380868 14.248369 "" "" 841.92749 883.666199 20428.43019 3.8781 9617.7 13.946 15842.0 25.812 "" "" 0.00276301873721165 0.003203692 0.0041729133 0.007376605 248.27003677643 -45.60945237188 861.278931 1.9600000000000009 -1.174 1.5300434744358062 2.191999937057495 0.14794312 0.13694312 "" "" 10.913160282562197 "" 1.5348439612054179 ""
248.6472395876 -45.91476101511 0.0246 0.0136 20.0928 "" "" 5942920894357311360 1005.64966 0.9548 0.0285 -7.945 -15.668 0.034 0.02 1.002 5112.5 4.2342 14.913728 1.243023 15.444266 14.201243 -13.6 5.62 979.830017 1034.68115 20391.80011 4.0583 9072.2 14.98 16545.0 20.867 "" "" 0.002763779948523759 0.0033164825 0.0040198104 0.007336293 248.6472395876 -45.91476101511 1005.64966 -7.945000000000001 -15.668000000000006 -8.374956525564194 -12.302000062942504 0.15094313 0.13694312 4.8147619047619035 8.916176 70.94004017968237 71.1032434766129 10.039908672325325 10.0350431664614
248.97519912288 -45.2662490784 0.0297 0.0191 22.8356 "" "" 5943052698311715712 798.854187 1.2122 0.0342 -6.197 -5.169 0.039 0.033 1.309 5800.3 4.0872 14.914381 1.49775 15.598421 14.100671 -47.59 6.37 780.047791 825.99469 20379.53976 4.5327 7871.3 13.456 18151.0 18.954 "" "" 0.002765882053272573 0.0033511245 0.0039457777 0.007296902 248.97519912288 -45.2662490784 798.854187 -6.196999999999999 -5.168999999999999 -6.626956525564194 -1.8030000629425045 0.15594313 0.14994311 -29.1752380952381 9.666176 26.005586409482515 39.083053135788845 4.044831590247913 7.701330259316921
248.17166014086 -46.13145332667 0.0213 0.0125 43.136 "" "" 5943640593435030912 678.14624 1.427 0.0287 1.593 -8.938 0.033 0.02 0.97 5146.0 4.4583 14.916821 1.144042 15.408862 14.26482 "" "" 665.001892 692.634583 20333.79614 3.7351 9372.9 7.971 15604.0 12.932 "" "" 0.002762528723806213 0.0029389812 0.0038850221 0.0068240035 248.17166014086 -46.13145332667 678.14624 1.5930000000000004 -8.938000000000002 1.1630434744358062 -5.5720000629425055 0.14994311 0.13694312 "" "" 18.29671957641198 "" 2.5159900156691255 ""
248.42204553242 -45.29570537555 0.0425 0.0241 30.0563 "" "" 5943793562982344832 691.229431 1.4084 0.0523 -12.21 -0.778 0.057 0.036 2.029 5672.1 4.6401 14.918114 1.134873 15.380534 14.245661 "" "" 663.175476 712.152344 20309.5921 8.4159 9620.6 10.699 15882.0 11.052 "" "" 0.0027918106286372764 0.0030402234 0.0038541632 0.0068943864 248.42204553242 -45.29570537555 691.229431 -12.210000000000004 -0.7779999999999996 -12.639956525564195 2.587999937057495 0.17394312 0.15294312 "" "" 42.273056878023304 "" 7.319468592128889 ""
248.82683592096 -45.31599361878 0.0234 0.0152 20.281 "" "" 5943802152917644928 841.800659 1.145 0.0285 -0.45 -3.639 0.031 0.028 0.966 5871.7 4.3343 14.918335 1.21088 15.441558 14.230678 "" "" 820.367493 860.840881 20305.45503 7.4508 9094.8 13.436 16102.0 16.236 "" "" 0.002783973491425846 0.0032183577 0.0039347494 0.007153107 248.82683592096 -45.31599361878 841.800659 -0.4500000000000002 -3.639 -0.8799565255641937 -0.2730000629425047 0.14794312 0.14494312 "" "" 3.676238885806979 "" 0.5429149172608242 ""
249.10058696466 -45.87838063171 0.026 0.0164 15.6223 "" "" 5942999814309554944 905.566345 1.0711 0.0309 -2.272 -1.118 0.035 0.025 1.143 5930.5 4.387 14.920875 1.212948 15.339482 14.126534 "" "" 881.184509 928.639709 20258.00958 6.1536 9991.3 89.226 17723.0 288.99 "" "" 0.002774988383041438 0.010089497 0.018102849 0.028192345 249.10058696466 -45.87838063171 905.566345 -2.272 -1.1179999999999999 -2.7019565255641935 2.247999937057495 0.15194312 0.14194313 "" "" 15.087027892491252 "" 2.231888734766179 ""
248.58490284167 -45.72108435542 0.0258 0.0143 15.2808 "" "" 5943766728024041728 966.717712 0.9955 0.0316 -8.486 -15.744 0.038 0.021 1.066 "" "" 14.924082 1.224956 15.449899 14.224943 "" "" 939.345337 997.512512 20198.26483 4.3633 9025.2 10.197 16188.0 13.088 "" "" 0.0027652848928497627 0.003047926 0.003879986 0.006927912 248.58490284167 -45.72108435542 966.717712 -8.485999999999997 -15.743999999999993 -8.915956525564194 -12.378000062942505 0.15494312 0.13794312 "" "" 69.90122111215204 "" 10.064118274747631 ""
248.75093355877 -45.98531718302 0.0265 0.0144 21.7548 "" "" 5942916771188460032 945.988647 1.0216 0.0318 -1.825 -4.459 0.033 0.021 1.13 6001.7 4.3003 14.925088 1.293576 15.488245 14.194669 -5.64 13.17 921.937805 972.816589 20179.55044 6.3073 8712.0 11.904 16645.0 19.357 "" "" 0.0027761398230669466 0.0031600539 0.003984718 0.007144772 248.75093355877 -45.98531718302 945.988647 -1.8250000000000002 -4.459 -2.254956525564194 -1.0930000629425045 0.14994311 0.13794312 12.774761904761903 16.466177 11.236370220666592 17.013246529079595 1.660008003117316 12.412496015259606
248.46314289072 -45.43212106416 0.0245 0.0127 23.5435 "" "" 5943775008721466624 808.913025 1.1967 0.0305 11.598 -8.303 0.028 0.019 0.955 5069.9 4.3648 14.925855 1.179611 15.436549 14.256938 "" "" 789.38385 828.134949 20165.3054 3.6436 9136.9 8.7714 15717.0 12.622 "" "" 0.002762295275769065 0.0029784972 0.0038786586 0.006857156 248.46314289072 -45.43212106416 808.913025 11.598 -8.303 11.168043474435807 -4.937000062942506 0.14494312 0.13594311 "" "" 46.818530170114215 "" 6.718947917955966 ""
249.33366993621 -46.15021679273 0.0272 0.0167 34.5846 "" "" 5942945697745317888 833.761963 1.1584 0.0316 -1.852 -8.575 0.037 0.027 0.982 5517.5 4.5015 14.927947 1.077674 15.37276 14.295086 "" "" 812.328613 854.892334 20126.49196 5.081 9689.8 12.505 15175.0 14.274 "" "" 0.0027689201795026387 0.0031222343 0.003914936 0.00703717 249.33366993621 -46.15021679273 833.761963 -1.8519999999999988 -8.575 -2.281956525564194 -5.209000062942504 0.15394312 0.14394312 "" "" 22.474870126832286 "" 3.272333122645415 ""
249.64184202182 -45.43450223816 0.0248 0.0165 32.3675 "" "" 5942991911573773568 801.679565 1.2093 0.028 4.476 -1.749 0.036 0.029 1.052 5456.4 4.4513 14.928438 1.156815 15.422173 14.265358 "" "" 784.362549 820.045288 20117.38231 4.4687 9258.6 11.759 15596.0 14.269 "" "" 0.002765855247417088 0.0031123236 0.003907746 0.0070200698 249.64184202182 -45.43450223816 801.679565 4.475999999999995 -1.7490000000000006 4.046043474435806 1.616999937057495 0.15294312 0.14594312 "" "" 16.557175301481962 "" 2.516660890056834 ""
248.76779071418 -46.00147892243 0.0235 0.0137 22.4382 "" "" 5942915225000194176 848.7229 1.1387 0.0289 -3.546 -12.315 0.03 0.02 0.988 5417.2 4.4225 14.929241 1.07751 15.381906 14.304397 "" "" 827.859802 870.008911 20102.51388 4.3032 9608.5 10.104 15045.0 10.283 "" "" 0.002765105144063833 0.0030147284 0.0038515467 0.0068662753 248.76779071418 -46.00147892243 848.7229 -3.546000000000002 -12.314999999999998 -3.9759565255641935 -8.949000062942504 0.14694312 0.13694312 "" "" 39.39465807479555 "" 5.461726988372468 ""
248.63789577317 -46.24108729415 0.0215 0.013 37.7872 "" "" 5942905947870088832 819.231201 1.1789 0.0284 -0.602 -3.985 0.029 0.019 1.045 5530.4 4.402 14.930518 1.097819 15.389071 14.291251 "" "" 800.49646 837.881226 20078.88478 3.9068 9545.3 9.7166 15229.0 9.1211 "" "" 0.0027634069286595776 0.0030010934 0.0038349172 0.0068360106 248.63789577317 -46.24108729415 819.231201 -0.6020000000000003 -3.9850000000000008 -1.0319565255641936 -0.6190000629425048 0.14594312 0.13594311 "" "" 4.67286683941181 "" 0.6699257067539055 ""
249.10089971199 -45.16418268038 0.052 0.0343 29.7428 "" "" 5943060493614761600 901.888733 1.0811 0.0572 1.374 -3.148 0.072 0.061 2.098 "" "" 14.930535 1.266954 15.465745 14.198791 -13.36 13.27 862.268738 949.566345 20078.56656 12.124 8894.4 16.754 16582.0 18.904 "" "" 0.0028322425587137753 0.0034594373 0.0039769094 0.0074363467 249.10089971199 -45.16418268038 901.888733 1.374 -3.1480000000000006 0.9440434744358064 0.21799993705749499 0.18894312 0.17794313 5.054761904761904 16.566177 4.141946072474747 6.535008430072693 0.7803495814916324 12.823309771557458
248.49073877568 -45.09636915678 0.0239 0.0138 37.8683 "" "" 5943819642026056576 730.218323 1.3335 0.0295 -22.122 -3.252 0.034 0.023 1.196 6001.4 4.4618 14.93108 1.171209 15.422415 14.251205 "" "" 716.117188 744.649414 20068.48837 3.8198 9256.6 10.305 15801.0 11.175 "" "" 0.0027630592735137537 0.0030407268 0.0038565984 0.006897325 248.49073877568 -45.09636915678 730.218323 -22.121999999999986 -3.2519999999999967 -22.551956525564194 0.11399993705749534 0.15094313 0.13994312 "" "" 78.0586151791755 "" 11.782390577582628 ""
249.81819412283 -45.95701693204 0.0254 0.0168 41.4671 "" "" 5942962538342817664 867.363708 1.1135 0.0292 -10.0 -6.254 0.038 0.03 0.965 5279.0 4.3378 14.935457 1.082339 15.386848 14.304508 "" "" 847.702454 886.95697 19987.74662 5.4288 9564.8 13.008 15044.0 14.834 "" "" 0.0027710559774416933 0.0031567954 0.003928087 0.007084883 249.81819412283 -45.95701693204 867.363708 -10.0 -6.254 -10.429956525564194 -2.8880000629425044 0.15494312 0.14694312 "" "" 44.49421332651306 "" 6.869334592590758 ""
248.99012947476 -45.41449122411 0.0262 0.0177 14.0778 "" "" 5943050052611727488 740.277283 1.3097 0.0306 -10.801 -17.483 0.038 0.031 1.164 5058.9 4.3816 14.936787 1.191775 15.451642 14.259867 "" "" 722.840149 755.044189 19963.28526 12.288 9010.7 19.209 15675.0 26.105 "" "" 0.0028352104822349207 0.0036252292 0.0041896566 0.007814886 248.99012947476 -45.41449122411 740.277283 -10.800999999999998 -17.482999999999997 -11.230956525564194 -14.117000062942505 0.15494312 0.14794312 "" "" 63.29910998889784 "" 9.538854325109615 ""
249.84839089366 -45.48923761685 0.0562 0.0367 39.5748 "" "" 5943362588758618624 978.131897 1.0058 0.0682 -1.315 -1.31 0.078 0.067 2.425 6114.0 4.1698 14.94092 1.17624 15.431094 14.254854 "" "" 915.762268 1044.13147 19887.43298 10.948 9182.9 16.86 15748.0 17.156 "" "" 0.002819402408339388 0.003429115 0.0039601475 0.0073892623 249.84839089366 -45.48923761685 978.131897 -1.315 -1.31 -1.7449565255641937 2.055999937057495 0.19494313 0.18394312 "" "" 12.502675733892637 "" 2.3583426281086353 ""
249.11929461086 -46.28888144738 0.0252 0.0146 39.3645 "" "" 5942896361501722880 812.759888 1.1908 0.0292 2.306 -5.287 0.034 0.022 0.98 5525.1 4.5016 14.944041 1.108048 15.414029 14.305982 "" "" 792.123535 831.391907 19830.3423 4.3954 9328.4 10.918 15023.0 12.869 "" "" 0.002765809754876502 0.003065918 0.0038921388 0.006958057 249.11929461086 -46.28888144738 812.759888 2.3060000000000027 -5.286999999999999 1.8760434744358063 -1.9210000629425048 0.15094313 0.13894312 "" "" 10.344312230570656 "" 1.4991520606049762 ""
249.75050618052 -46.03787458511 0.0255 0.0161 41.4846 "" "" 5942939105005770112 842.092468 1.1521 0.0276 -11.693 -17.4 0.036 0.028 0.963 5246.0 4.3958 14.947795 1.112418 15.423839 14.31142 "" "" 820.260498 862.485657 19761.90459 4.379 9244.5 13.825 14948.0 12.644 "" "" 0.002765803872215603 0.0032282274 0.0038893651 0.0071175927 249.75050618052 -46.03787458511 842.092468 -11.693000000000001 -17.400000000000013 -12.122956525564193 -14.034000062942503 0.15294312 0.14494312 "" "" 74.02294442688125 "" 10.98607908297418 ""
249.20008675954 -46.31700110711 0.0254 0.0151 41.788 "" "" 5942849219935066624 756.597229 1.2744 0.0297 4.187 -10.02 0.035 0.022 0.998 "" "" 14.94994 1.092837 15.404533 14.311696 "" "" 738.724609 773.832275 19722.89813 4.1915 9410.3 12.566 14944.0 9.0363 "" "" 0.0027649648086565917 0.0031443702 0.0038359803 0.0069803502 249.20008675954 -46.31700110711 756.597229 4.186999999999999 -10.02 3.7570434744358066 -6.6540000629425045 0.15194312 0.13894312 "" "" 27.404153316281935 "" 3.896725084959034 ""
248.82827619289 -46.0723161961 0.0232 0.0136 25.9693 "" "" 5942913988049450240 693.344055 1.41 0.0293 1.015 -3.74 0.029 0.02 1.066 4918.3 4.2984 14.95144 1.19885 15.463183 14.264334 "" "" 680.330444 707.830994 19695.67834 3.8925 8915.5 13.245 15611.0 11.721 "" "" 0.0027636628658553727 0.0032228515 0.0038662981 0.0070891497 248.82827619289 -46.0723161961 693.344055 1.0150000000000001 -3.74 0.5850434744358062 -0.3740000629425051 0.14594312 0.13694312 "" "" 2.282018103270924 "" 0.3272193263501131 ""
248.5249532534 -45.68549221876 0.0242 0.0145 17.2801 "" "" 5943767758816295808 884.843567 1.0917 0.0294 3.192 0.07 0.031 0.021 0.98 5114.7 4.3483 14.953305 1.145624 15.441165 14.295541 "" "" 862.223816 910.693604 19661.86611 3.7889 9098.1 9.1458 15168.0 11.491 "" "" 0.0027632524911104153 0.0029960414 0.0038678532 0.006863895 248.5249532534 -45.68549221876 884.843567 3.192 0.07000000000000078 2.7620434744358064 3.435999937057495 0.14794312 0.13794312 "" "" 18.489998904011767 "" 2.6247010594464664 ""
248.49671523824 -45.83377486855 0.0246 0.0138 21.4776 "" "" 5943671448483316864 997.416809 0.964 0.03 1.351 -2.377 0.035 0.021 0.993 6072.0 4.0281 14.957962 1.196303 15.45603 14.259727 "" "" 969.37146 1033.88928 19577.71718 4.1237 8974.4 13.806 15677.0 16.099 "" "" 0.0027647945755049394 0.0032518995 0.0039404146 0.007192314 248.49671523824 -45.83377486855 997.416809 1.3509999999999995 -2.3770000000000016 0.9210434744358063 0.9889999370574953 0.15194312 0.13794312 "" "" 6.389368880944648 "" 0.9239941580745867 ""
