Clusters/NGC_6178/NGC_6178_members.tsv
# %ECSV 1.0
# ---
# datatype:
# - name: RA_ICRS_1
#   unit: deg
#   datatype: float64
#   format: '{:15.11f}'
#   description: Right ascension (ICRS) at Ep=2016.0 (ra)
#   meta: !!omap
#   - {ucd: POS_EQ_RA_MAIN}
#   - {width: 15}
#   - {precision: '11'}
# - name: DE_ICRS_1
#   unit: deg
#   datatype: float64
#   format: '{:15.11f}'
#   description: Declination (ICRS) at Ep=2016.0 (dec)
#   meta: !!omap
#   - {ucd: POS_EQ_DEC_MAIN}
#   - {width: 15}
#   - {precision: '11'}
# - name: e_RA_ICRS
#   unit: mas
#   datatype: float64
#   format: '{:7.4f}'
#   description: Standard error of right ascension (ra_error)
#   meta: !!omap
#   - {ucd: ERROR}
#   - {width: 7}
#   - {precision: '4'}
# - name: e_DE_ICRS
#   unit: mas
#   datatype: float64
#   format: '{:7.4f}'
#   description: Standard error of declination (dec_error)
#   meta: !!omap
#   - {ucd: ERROR}
#   - {width: 7}
#   - {precision: '4'}
# - name: _r_1
#   unit: ''
#   datatype: float64
#   format: '{:7.4f}'
#   description: Distance from center (248.93311081000-45.64569575000)[ICRS], at Epoch=J2016.0
#   meta: !!omap
#   - {ucd: POS_ANG_DIST_GENERAL}
#   - {width: 7}
#   - {precision: '4'}
# - name: HIP
#   datatype: int32
#   description: '? HIP cross-id number, van Leeuwen, Cat. I/311 (hip_original_ext_source_id)'
#   meta: !!omap
#   - {ucd: ID_NUMBER}
#   - {width: 6}
#   - values: {'null': -2147483648}
# - name: TYC2
#   datatype: string
#   description: Tycho-2 cross-id name, Hog et al., Cat. I/259 (tyc2_original_ext_source_id)
#   meta: !!omap
#   - {ucd: ID_CROSSID}
#   - {_votable_string_dtype: char}
# - name: Source
#   datatype: int64
#   description: Source identifier, identical to the Gaia-EDR3 source_id (id)
#   meta: !!omap
#   - {ucd: ID_MAIN}
#   - {width: 19}
# - name: rgeo
#   unit: pc
#   datatype: float64
#   format: '{:15.8f}'
#   description: '? Median of the geometric distance posterior (r_med_geo)'
#   meta: !!omap
#   - {ucd: PHYS_DISTANCE_TRUE}
#   - {width: 15}
#   - {precision: '8'}
#   - values: {'null': .nan}
# - name: Plx
#   unit: mas
#   datatype: float64
#   format: '{:9.4f}'
#   description: '? Parallax (parallax)'
#   meta: !!omap
#   - {ucd: POS_PARLX_TRIG}
#   - {width: 9}
#   - {precision: '4'}
#   - values: {'null': .nan}
# - name: e_Plx
#   unit: mas
#   datatype: float32
#   format: '{:7.4f}'
#   description: '? Standard error of parallax (parallax_error)'
#   meta: !!omap
#   - {ucd: ERROR}
#   - {width: 7}
#   - {precision: '4'}
#   - values: {'null': .nan}
# - name: pmRA
#   unit: mas / yr
#   datatype: float64
#   format: '{:9.3f}'
#   description: '? Proper motion in right ascension direction, pmRA*cosDE (pmra)'
#   meta: !!omap
#   - {ucd: POS_EQ_PMRA}
#   - {width: 9}
#   - {precision: '3'}
#   - values: {'null': .nan}
# - name: pmDE
#   unit: mas / yr
#   datatype: float64
#   format: '{:9.3f}'
#   description: '? Proper motion in declination direction (pmdec)'
#   meta: !!omap
#   - {ucd: POS_EQ_PMDEC}
#   - {width: 9}
#   - {precision: '3'}
#   - values: {'null': .nan}
# - name: e_pmRA
#   unit: mas / yr
#   datatype: float32
#   format: '{:6.3f}'
#   description: '? Standard error of proper motion in right ascension direction (pmra_error)'
#   meta: !!omap
#   - {ucd: ERROR}
#   - {width: 6}
#   - {precision: '3'}
#   - values: {'null': .nan}
# - name: e_pmDE
[...]
#       distance: !astropy.table.SerializedColumn
#         __class__: astropy.coordinates.distances.Distance
#         unit: !astropy.units.Unit {unit: pc}
#         value: !astropy.table.SerializedColumn {name: SkyCoord.distance}
#       frame: icrs
#       obstime: !astropy.time.Time {format: jyear_str, in_subfmt: '*', jd1: 367701545.0, jd2: 0.0, out_subfmt: '*', precision: 3, scale: tt}
#       pm_dec: !astropy.table.SerializedColumn
#         __class__: astropy.units.quantity.Quantity
#         unit: !astropy.units.Unit {unit: mas / yr}
#         value: !astropy.table.SerializedColumn {name: SkyCoord.pm_dec}
#       pm_ra_cosdec: !astropy.table.SerializedColumn
#         __class__: astropy.units.quantity.Quantity
#         unit: !astropy.units.Unit {unit: mas / yr}
#         value: !astropy.table.SerializedColumn {name: SkyCoord.pm_ra_cosdec}
#       ra: !astropy.table.SerializedColumn
#         __class__: astropy.coordinates.angles.Longitude
#         unit: *id001
#         value: !astropy.table.SerializedColumn {name: SkyCoord.ra}
#         wrap_angle: !astropy.coordinates.Angle
#           unit: *id001
#           value: 360.0
#       representation_type: spherical
# schema: astropy-2.0
RA_ICRS_1 DE_ICRS_1 e_RA_ICRS e_DE_ICRS _r_1 HIP TYC2 Source rgeo Plx e_Plx pmRA pmDE e_pmRA e_pmDE RUWE Teff logg Gmag BP-RP BPmag RPmag RV e_RV b_rgeo B_rgeo FG e_FG FBP e_FBP FRP e_FRP RAVE5 RAVE6 e_Gmag e_BPmag e_RPmag e_BP-RP SkyCoord.ra SkyCoord.dec SkyCoord.distance SkyCoord.pm_ra_cosdec SkyCoord.pm_dec rmRA rmDE e_rmRA e_rmDE rRV e_rRV v_pec v_pec3d e_vpec e_vpec3d Pmemb
248.93709093481 -45.62832152635 0.0176 0.011 1.0557 "" "" 5943020640671542912 907.550049 1.0762 0.0223 0.359 -3.346 0.024 0.017 0.855 "" "" 9.902078 0.119956 9.928971 9.809015 -34.75 9.61 888.382935 928.246582 2061179.07412 593.79 1458200.0 638.88 945260.0 247.17 "" "" 0.0027730167388602543 0.0028304295 0.00379003 0.0066204593 248.93709093481 -45.62832152635 907.550049 0.35900000000000065 -3.3460000000000045 -0.07095652556419374 0.019999937057495032 0.14094312 0.13394313 -16.335238095238097 12.906176 0.3171332283029139 16.338316226362245 0.04453813581639563 12.903744124922277 0.9
248.94724540094 -45.62142859415 0.0174 0.011 1.5722 "" "" 5943020743750214144 864.793335 1.1312 0.0226 0.282 -3.385 0.024 0.017 0.968 "" "" 10.537143 0.185402 10.589511 10.404109 "" "" 847.49884 879.118347 1148390.19449 369.11 793620.0 609.34 546400.0 354.9 "" "" 0.002777331610229664 0.0029120408 0.0038446132 0.006756654 248.94724540094 -45.62142859415 864.793335 0.2819999999999987 -3.385 -0.14795652556419375 -0.01900006294250467 0.14094312 0.13394313 "" "" 0.6114719321861106 "" 0.08611502216733946 "" 1.0
248.95459462733 -45.65218222069 0.0243 0.0148 0.9816 81258 8325-3391-1 5943020434512496640 864.440857 1.1172 0.0299 0.38 -3.462 0.034 0.023 1.045 "" "" 11.257295 0.220979 11.327813 11.106834 23.98 18.25 841.785767 886.473389 591601.20946 274.77 402060.0 279.63 286040.0 158.93 "" "" 0.002801085373019683 0.0028905463 0.0038272245 0.006717771 248.95459462733 -45.65218222069 864.440857 0.3799999999999999 -3.462 -0.04995652556419372 -0.09600006294250507 0.15094313 0.13994312 42.39476190476191 21.546177 0.4434278601738589 42.39708085739665 0.06312568493725182 21.544998429858456 1.0
248.95050529314 -45.60904234682 0.0163 0.0101 2.3172 "" "" 5943020773747807488 904.812744 1.0584 0.0202 0.436 -3.377 0.023 0.015 0.92 "" "" 11.98807 0.352244 12.111477 11.759232 "" "" 887.242065 921.189148 301799.39634 82.543 195360.0 97.89 156840.0 46.233 "" "" 0.0027712758549615964 0.0028427138 0.0037929092 0.006635623 248.95050529314 -45.60904234682 904.812744 0.43599999999999983 -3.377 0.006043474435806273 -0.011000062942504663 0.13994312 0.13194312 "" "" 0.05382843464976859 "" 0.007204429066522527 "" 0.9
248.83359881032 -45.71614116934 0.0193 0.0113 5.9385 "" "" 5943017097255833856 894.401428 1.0764 0.0228 0.363 -3.443 0.024 0.016 1.068 "" "" 12.043679 0.390785 12.181718 11.790933 21.95 27.19 876.601868 912.701721 286731.20426 71.677 183120.0 88.384 152330.0 53.76 "" "" 0.0027686556159127336 0.0028389546 0.0037987565 0.006637711 248.83359881032 -45.71614116934 894.401428 0.3630000000000012 -3.4430000000000005 -0.06695652556419374 -0.07700006294250494 0.14094312 0.13294312 40.364761904761906 30.486177 0.4325952879764706 40.36707993292675 0.05902554989933386 30.484426821099667 0.9
248.86910614028 -45.60043665438 0.0149 0.0092 3.8194 "" "" 5943023900483994752 926.745483 1.0435 0.0186 0.383 -3.432 0.021 0.014 0.985 "" "" 12.249308 0.447562 12.412227 11.964664 -29.35 17.53 910.334839 943.293335 237259.61214 48.41 148090.0 72.831 129810.0 40.381 "" "" 0.0027642115738662366 0.0028408044 0.0037944436 0.0066352477 248.86910614028 -45.60043665438 926.745483 0.3829999999999999 -3.4320000000000004 -0.04695652556419372 -0.06600006294250482 0.13794312 0.13094312 -10.935238095238098 20.826178 0.35581258912327807 10.941025308357768 0.04744284043182412 20.815161727947952 0.9
249.11276914953 -45.55991814333 0.014 0.0099 9.1304 "" "" 5943045100442555008 864.444336 1.1256 0.0176 0.381 -3.325 0.02 0.017 1.003 "" "" 12.25704 0.542426 12.458384 11.915957 -10.84 8.26 853.698792 876.380493 235575.87571 80.599 141930.0 144.68 135760.0 85.669 "" "" 0.0027802480060667625 0.0030016652 0.0038409813 0.0068426467 249.11276914953 -45.55991814333 864.444336 0.38100000000000045 -3.325 -0.04895652556419372 0.04099993705749494 0.13694312 0.13394313 7.574761904761903 11.556176 0.2616525308744473 7.57927964655911 0.03551002745682818 11.549288020835016 0.8
248.95937589472 -45.64075010603 0.013 0.0084 1.141 "" "" 5943020537591731200 881.02948 1.1111 0.0157 0.219 -3.497 0.017 0.013 0.855 "" "" 12.60363 0.820893 12.929308 12.108415 -4.78 3.58 869.003723 893.388855 171196.50131 34.478 91980.0 45.963 113710.0 31.28 "" "" 0.002763983009401747 0.00284243 0.0037911648 0.0066335946 248.95937589472 -45.64075010603 881.02948 0.21899999999999953 -3.4969999999999963 -0.21095652556419373 -0.13100006294250477 0.13394313 0.12994312 13.634761904761902 6.876176 1.0370112652441685 13.674140724878828 0.13775866958002042 6.856381813612078 0.9
248.86621311752 -45.68379163479 0.0143 0.0083 3.6185 "" "" 5943017204696255616 861.955627 1.1215 0.0174 0.488 -3.192 0.02 0.013 0.932 9769.7 4.4301 12.757518 0.593336 12.980794 12.387458 "" "" 850.930969 875.062317 148572.92665 27.17 87720.0 40.911 87938.0 35.866 "" "" 0.002762464895420267 0.0028357462 0.0038052357 0.006640982 248.86621311752 -45.68379163479 861.955627 0.4879999999999999 -3.192 0.058043474435806264 0.17399993705749495 0.13694312 0.12994312 "" "" 0.7494172160343643 "" 0.09791957260060623 "" 0.8
248.75605637425 -45.68928126097 0.0152 0.0082 7.8709 "" "" 5943017784450592000 875.560791 1.1154 0.0169 0.224 -3.391 0.02 0.012 0.813 7029.8 3.9317 12.853943 0.81856 13.178823 12.360263 "" "" 863.911499 888.643066 135947.03426 21.61 73095.0 30.95 90168.0 37.607 "" "" 0.002760720168778475 0.0028277896 0.0038064138 0.0066342037 248.75605637425 -45.68928126097 875.560791 0.22399999999999987 -3.391 -0.20595652556419372 -0.025000062942504897 0.13694312 0.12894312 "" "" 0.8610262366181569 "" 0.1178144783441712 "" 0.9
248.93145675468 -45.62666186996 0.014 0.0086 1.1441 "" "" 5943020640671007104 843.370056 1.1549 0.0178 0.402 -3.522 0.019 0.015 0.831 "" "" 12.870702 0.763616 13.170227 12.406611 "" "" 829.993958 857.207214 133864.66196 25.284 73676.0 44.537 86400.0 51.776 "" "" 0.002762941095956641 0.0028663236 0.003834978 0.006701302 248.93145675468 -45.62666186996 843.370056 0.4019999999999996 -3.522000000000001 -0.0279565255641937 -0.15600006294250468 0.13594311 0.13194312 "" "" 0.6335566827031462 "" 0.08367345912143186 "" 0.8
249.01316273853 -45.54851997802 0.0152 0.0092 6.7298 "" "" 5943022663533397504 857.317444 1.1284 0.017 0.371 -3.28 0.021 0.015 0.95 "" "" 13.208229 0.871805 13.556439 12.684634 -2.04 6.28 846.217957 868.437134 98096.88228 17.058 51623.0 29.935 66881.0 26.117 "" "" 0.002761780958826498 0.002860321 0.003803089 0.00666341 249.01316273853 -45.54851997802 857.317444 0.3709999999999988 -3.2799999999999994 -0.05895652556419373 0.08599993705749531 0.13794312 0.13194312 16.374761904761904 9.576177 0.4237131565898657 16.380242985887268 0.05673122561343293 9.572972419925815 0.9
248.97490587697 -45.67999670506 0.0161 0.0098 2.7032 "" "" 5943020331433215744 850.299255 1.1275 0.0198 0.589 -3.225 0.021 0.016 0.993 "" "" 13.822988 1.054288 14.263545 13.209257 -10.24 9.17 836.858459 863.478394 55686.66544 28.628 26915.0 56.999 41253.0 64.274 "" "" 0.0028112879109174938 0.0036155034 0.004140691 0.007756194 248.97490587697 -45.67999670506 850.299255 0.589 -3.2250000000000005 0.15904347443580624 0.14099993705749503 0.13794312 0.13294312 8.174761904761903 12.466176 0.8566493892201619 8.219524339984506 0.1163033542571905 12.398292823303402 0.8
248.82531034375 -45.58178217756 0.0156 0.0099 5.9309 "" "" 5943024729480133632 866.352417 1.1109 0.0197 0.468 -3.364 0.021 0.014 0.946 5734.9 3.9343 13.904498 1.196948 14.418591 13.221643 -39.52 6.93 850.232849 881.496887 51659.16728 42.231 23334.0 65.918 40785.0 85.826 "" "" 0.002894752213297076 0.0041464004 0.004416323 0.008562723 248.82531034375 -45.58178217756 866.352417 0.4680000000000001 -3.3640000000000003 0.0380434744358063 0.001999937057495238 0.13794312 0.13094312 -21.1052380952381 10.226176 0.15644164819104847 21.105817895688816 0.0215771072047124 10.225895338639946 1.0
248.79780755572 -45.56135848278 0.0183 0.0111 7.6069 "" "" 5943024798199691392 905.822754 1.069 0.023 0.487 -3.495 0.023 0.017 0.944 5421.8 4.1421 14.436721 1.324399 15.021294 13.696895 -20.17 9.01 887.683472 920.134399 31641.5842 38.79 13394.0 68.522 26327.0 80.877 "" "" 0.0030599696477392165 0.0062158983 0.005040697 0.011256595 248.79780755572 -45.56135848278 905.822754 0.4869999999999999 -3.495 0.05704347443580626 -0.129000062942505 0.13994312 0.13394313 -1.7552380952380986 12.306176 0.6056103068811507 1.8567780197901282 0.08172269941155104 11.633230099319698 0.9
248.88877123029 -45.71726594423 0.0258 0.0136 4.6792 "" "" 5943014215361735808 870.062439 1.0984 0.0289 0.432 -3.384 0.034 0.022 0.96 5925.0 4.1225 14.680054 1.392764 15.210685 13.817921 "" "" 848.809387 889.681458 25288.63576 35.321 11250.0 63.02 23550.0 188.41 "" "" 0.0031450675661433333 0.0066915182 0.00947293 0.016164448 248.88877123029 -45.71726594423 870.062439 0.4319999999999996 -3.3839999999999995 0.0020434744358062695 -0.01800006294250478 0.15094313 0.13894312 "" "" 0.07471082455291615 "" 0.010392448518888077 "" 1.0
248.72818245602 -45.58386112992 0.021 0.0125 9.3667 "" "" 5943769270644777344 874.381775 1.1076 0.0258 0.375 -3.251 0.026 0.019 1.051 5258.0 4.1577 14.686955 1.546671 15.342187 13.795516 "" "" 852.960327 895.716919 25128.39391 26.017 9966.5 40.165 24041.0 147.59 "" "" 0.0029758123597614437 0.0051894314 0.007662362 0.012851793 248.72818245602 -45.58386112992 874.381775 0.37499999999999956 -3.2510000000000017 -0.054956525564193726 0.11499993705749523 0.14294311 0.13594311 "" "" 0.5282530821314116 "" 0.07251410973565618 "" 0.9
248.86476584236 -45.67417950674 0.0256 0.0152 3.3369 "" "" 5943023075854479488 849.865723 1.1375 0.0308 0.529 -3.306 0.037 0.024 1.044 "" "" 15.059819 1.490798 15.734706 14.243908 "" "" 828.642761 871.093262 17824.56917 19.328 6942.8 32.125 15907.0 50.474 "" "" 0.002996307173972535 0.005746622 0.0051139556 0.010860577 248.86476584236 -45.67417950674 849.865723 0.5290000000000007 -3.306 0.0990434744358063 0.05999993705749507 0.15394312 0.14094312 "" "" 0.4664838402577745 "" 0.07023537121879864 "" 1.0
248.87725403841 -45.69852241765 0.0311 0.0183 3.9409 "" "" 5943014249758698624 859.332764 1.119 0.0363 0.457 -3.407 0.043 0.028 0.991 4696.9 4.2735 15.590883 1.582114 16.324532 14.742417 "" "" 834.944397 888.13385 10929.32576 18.467 4032.8 32.019 10051.0 42.552 "" "" 0.0033101854505101073 0.009060665 0.0059508225 0.0150114875 248.87725403841 -45.69852241765 859.332764 0.45699999999999996 -3.407 0.02704347443580629 -0.04100006294250491 0.15994312 0.14494312 "" "" 0.20006001263131767 "" 0.02993888915204201 "" 1.0
249.03754781269 -45.67956509503 0.0402 0.0254 4.8279 "" "" 5943019472439710208 851.457947 1.1334 0.0505 0.753 -3.173 0.054 0.043 1.069 "" "" 16.074862 2.032946 17.08533 15.052383 "" "" 816.904358 887.663696 6998.45758 4.9268 2001.2 7.2542 7554.5 15.001 "" "" 0.0028593715741156204 0.0048244046 0.0043510743 0.009175479 249.03754781269 -45.67956509503 851.457947 0.7529999999999997 -3.173 0.3230434744358063 0.19299993705749507 0.17094313 0.15994312 "" "" 1.5187366302998677 "" 0.25532907291193796 "" 0.9
248.86807173143 -45.68917079439 0.0521 0.0304 3.7737 "" "" 5943017204696238336 825.212219 1.1868 0.0613 0.399 -3.464 0.072 0.047 1.134 4301.7 4.2127 16.448446 1.982049 17.400093 15.418044 "" "" 789.822693 867.581787 4960.99067 4.4063 1497.5 7.9282 5394.4 13.311 "" "" 0.0029192019462434124 0.006389592 0.0046326453 0.011022237 248.86807173143 -45.68917079439 825.212219 0.39900000000000035 -3.4639999999999995 -0.030956525564193704 -0.09800006294250485 0.18894312 0.16394311 "" "" 0.40199775496205514 "" 0.06687890559342928 "" 0.9
248.9222759642 -45.63048013129 0.0517 0.0329 1.0198 "" "" 5943020705060801280 810.484253 1.2186 0.0679 0.536 -3.458 0.079 0.048 0.966 3695.0 4.115 16.449553 1.925252 17.410944 15.485692 "" "" 769.262512 847.263428 4955.9349 3.6569 1482.7 9.003 5068.5 15.68 "" "" 0.002869429325812094 0.0071587525 0.0050562453 0.012214998 248.9222759642 -45.63048013129 810.484253 0.5360000000000003 -3.458000000000001 0.1060434744358063 -0.09200006294250507 0.19594312 0.16494313 "" "" 0.5393339415878603 "" 0.0988458209852684 "" 0.9
249.05538837244 -45.74593174418 0.0507 0.0321 7.9012 "" "" 5943007098595399552 936.661133 1.0463 0.0628 0.576 -3.239 0.066 0.052 0.996 "" "" 16.626822 1.904189 17.553267 15.649077 "" "" 884.332031 992.447083 4209.38116 5.3717 1300.5 9.1267 4360.4 19.999 "" "" 0.0030840718405147965 0.008114318 0.0062515195 0.014365838 249.05538837244 -45.74593174418 936.661133 0.5760000000000004 -3.239 0.14604347443580623 0.12699993705749524 0.18294312 0.16894312 "" "" 0.8592732287019531 "" 0.15213483625298926 "" 0.9
