Clusters/NGC_6178/NGC_6178_stars_in_region.tsv
# %ECSV 1.0
# ---
# datatype:
# - name: RA_ICRS_1
#   unit: deg
#   datatype: float64
#   format: '{:15.11f}'
#   description: Right ascension (ICRS) at Ep=2016.0 (ra)
#   meta: !!omap
#   - {ucd: POS_EQ_RA_MAIN}
#   - {width: 15}
#   - {precision: '11'}
# - name: DE_ICRS_1
#   unit: deg
#   datatype: float64
#   format: '{:15.11f}'
#   description: Declination (ICRS) at Ep=2016.0 (dec)
#   meta: !!omap
#   - {ucd: POS_EQ_DEC_MAIN}
#   - {width: 15}
#   - {precision: '11'}
# - name: e_RA_ICRS
#   unit: mas
#   datatype: float64
#   format: '{:7.4f}'
#   description: Standard error of right ascension (ra_error)
#   meta: !!omap
#   - {ucd: ERROR}
#   - {width: 7}
#   - {precision: '4'}
# - name: e_DE_ICRS
#   unit: mas
#   datatype: float64
#   format: '{:7.4f}'
#   description: Standard error of declination (dec_error)
#   meta: !!omap
#   - {ucd: ERROR}
#   - {width: 7}
#   - {precision: '4'}
# - name: _r_1
#   unit: ''
#   datatype: float64
#   format: '{:7.4f}'
#   description: Distance from center (248.93311081000-45.64569575000)[ICRS], at Epoch=J2016.0
#   meta: !!omap
#   - {ucd: POS_ANG_DIST_GENERAL}
#   - {width: 7}
#   - {precision: '4'}
# - name: HIP
#   datatype: int32
#   description: '? HIP cross-id number, van Leeuwen, Cat. I/311 (hip_original_ext_source_id)'
#   meta: !!omap
#   - {ucd: ID_NUMBER}
#   - {width: 6}
#   - values: {'null': -2147483648}
# - name: TYC2
#   datatype: string
#   description: Tycho-2 cross-id name, Hog et al., Cat. I/259 (tyc2_original_ext_source_id)
#   meta: !!omap
#   - {ucd: ID_CROSSID}
#   - {_votable_string_dtype: char}
# - name: Source
#   datatype: int64
#   description: Source identifier, identical to the Gaia-EDR3 source_id (id)
#   meta: !!omap
#   - {ucd: ID_MAIN}
#   - {width: 19}
# - name: rgeo
#   unit: pc
#   datatype: float64
#   format: '{:15.8f}'
#   description: '? Median of the geometric distance posterior (r_med_geo)'
#   meta: !!omap
#   - {ucd: PHYS_DISTANCE_TRUE}
#   - {width: 15}
#   - {precision: '8'}
#   - values: {'null': .nan}
# - name: Plx
#   unit: mas
#   datatype: float64
#   format: '{:9.4f}'
#   description: '? Parallax (parallax)'
#   meta: !!omap
#   - {ucd: POS_PARLX_TRIG}
#   - {width: 9}
#   - {precision: '4'}
#   - values: {'null': .nan}
# - name: e_Plx
#   unit: mas
#   datatype: float32
#   format: '{:7.4f}'
#   description: '? Standard error of parallax (parallax_error)'
#   meta: !!omap
#   - {ucd: ERROR}
#   - {width: 7}
#   - {precision: '4'}
#   - values: {'null': .nan}
# - name: pmRA
#   unit: mas / yr
#   datatype: float64
#   format: '{:9.3f}'
#   description: '? Proper motion in right ascension direction, pmRA*cosDE (pmra)'
#   meta: !!omap
#   - {ucd: POS_EQ_PMRA}
#   - {width: 9}
#   - {precision: '3'}
#   - values: {'null': .nan}
# - name: pmDE
#   unit: mas / yr
#   datatype: float64
#   format: '{:9.3f}'
#   description: '? Proper motion in declination direction (pmdec)'
#   meta: !!omap
#   - {ucd: POS_EQ_PMDEC}
#   - {width: 9}
#   - {precision: '3'}
#   - values: {'null': .nan}
# - name: e_pmRA
#   unit: mas / yr
#   datatype: float32
#   format: '{:6.3f}'
#   description: '? Standard error of proper motion in right ascension direction (pmra_error)'
#   meta: !!omap
#   - {ucd: ERROR}
#   - {width: 6}
#   - {precision: '3'}
#   - values: {'null': .nan}
# - name: e_pmDE
[...]
#         value: !astropy.table.SerializedColumn {name: SkyCoord.dec}
#       distance: !astropy.table.SerializedColumn
#         __class__: astropy.coordinates.distances.Distance
#         unit: !astropy.units.Unit {unit: pc}
#         value: !astropy.table.SerializedColumn {name: SkyCoord.distance}
#       frame: icrs
#       obstime: !astropy.time.Time {format: jyear_str, in_subfmt: '*', jd1: 367701545.0, jd2: 0.0, out_subfmt: '*', precision: 3, scale: tt}
#       pm_dec: !astropy.table.SerializedColumn
#         __class__: astropy.units.quantity.Quantity
#         unit: !astropy.units.Unit {unit: mas / yr}
#         value: !astropy.table.SerializedColumn {name: SkyCoord.pm_dec}
#       pm_ra_cosdec: !astropy.table.SerializedColumn
#         __class__: astropy.units.quantity.Quantity
#         unit: !astropy.units.Unit {unit: mas / yr}
#         value: !astropy.table.SerializedColumn {name: SkyCoord.pm_ra_cosdec}
#       ra: !astropy.table.SerializedColumn
#         __class__: astropy.coordinates.angles.Longitude
#         unit: *id001
#         value: !astropy.table.SerializedColumn {name: SkyCoord.ra}
#         wrap_angle: !astropy.coordinates.Angle
#           unit: *id001
#           value: 360.0
#       representation_type: spherical
# schema: astropy-2.0
RA_ICRS_1 DE_ICRS_1 e_RA_ICRS e_DE_ICRS _r_1 HIP TYC2 Source rgeo Plx e_Plx pmRA pmDE e_pmRA e_pmDE RUWE Teff logg Gmag BP-RP BPmag RPmag RV e_RV b_rgeo B_rgeo FG e_FG FBP e_FBP FRP e_FRP RAVE5 RAVE6 e_Gmag e_BPmag e_RPmag e_BP-RP SkyCoord.ra SkyCoord.dec SkyCoord.distance SkyCoord.pm_ra_cosdec SkyCoord.pm_dec rmRA rmDE e_rmRA e_rmDE rRV e_rRV v_pec v_pec3d e_vpec e_vpec3d
[from data line 2103]
248.84866457989 -46.37845317877 0.0493 0.0277 44.106 "" "" 5942892410131447424 998.123169 0.9786 0.0572 1.443 -0.416 0.072 0.042 1.004 5108.1 4.6383 16.461826 1.284755 17.02467 15.739915 "" "" 945.398621 1051.26062 4900.22348 2.3433 2116.2 7.035 4010.4 7.9496 "" "" 0.0028038117066279647 0.0045620846 0.0043492154 0.0089113 248.84866457989 -46.37845317877 998.123169 1.443 -0.41600000000000037 1.0130434744358063 2.949999937057495 0.18894312 0.15894312 "" "" 14.75676461677431 "" 2.396047756607146 ""
249.30505958993 -45.46466374973 0.0489 0.0336 19.0309 "" "" 5943035067405019392 822.193359 1.2023 0.0561 -1.748 -11.833 0.074 0.058 1.011 4692.8 4.623 16.462557 1.494245 17.166508 15.672262 "" "" 788.470398 868.002441 4896.93169 2.3753 1857.0 7.7944 4268.3 13.125 "" "" 0.0028051996905163984 0.005343485 0.005042836 0.010386322 249.30505958993 -45.46466374973 822.193359 -1.748 -11.833 -2.177956525564194 -8.467000062942505 0.19094312 0.17494312 "" "" 34.07174842443653 "" 5.995892760375622 ""
249.79382450128 -45.65518084376 0.0623 0.0705 36.1044 "" "" 5942985971643425792 996.151062 0.9733 0.0925 -3.962 -4.339 0.096 0.123 1.163 "" "" 16.46413 "" "" "" "" "" 903.348083 1089.13013 4889.8361 5.7347 "" "" "" "" "" "" 0.0030353182303867196 "" "" "" 249.79382450128 -45.65518084376 996.151062 -3.961999999999997 -4.339 -4.3919565255641935 -0.9730000629425053 0.21294312 0.23994312 "" "" 21.240561830268064 "" 4.551473711474054 ""
248.48872151198 -44.97519136912 0.0445 0.0249 44.3855 "" "" 5943822871841661824 811.961548 1.2035 0.0549 -7.776 -5.497 0.056 0.044 1.035 4635.1 4.6549 16.4649 1.542998 17.191826 15.648828 "" "" 779.890808 849.734985 4886.37558 1.888 1814.2 6.397 4361.4 8.0628 "" "" 0.0027870729631487242 0.0047372533 0.004279306 0.009016559 248.48872151198 -44.97519136912 811.961548 -7.776 -5.497 -8.205956525564194 -2.1310000629425048 0.17294312 0.16094312 "" "" 32.62980411694108 "" 5.619169671617038 ""
248.3746010857 -45.9799342398 0.048 0.0276 30.785 "" "" 5943664439096023936 984.308228 1.0032 0.0584 -28.239 13.239 0.064 0.042 0.981 4962.3 4.7027 16.465364 1.47003 17.034222 15.564192 "" "" 927.967041 1042.48254 4884.28415 3.1876 2097.6 7.1697 4715.0 39.38 "" "" 0.0028449729467852273 0.004642985 0.009824201 0.014467186 248.3746010857 -45.9799342398 984.308228 -28.23899999999999 13.239000000000011 -28.668956525564194 16.604999937057496 0.18094313 0.15894312 "" "" 154.574712917681 "" 27.155071938106833 ""
249.89264769676 -45.64033858644 0.057 0.0349 40.2513 "" "" 5942974461172741376 989.693604 1.0049 0.0622 -7.75 -5.379 0.076 0.062 0.974 4596.8 4.5517 16.466476 1.416516 17.118767 15.70225 "" "" 933.672913 1044.16431 4879.28346 2.5774 1940.5 7.7488 4152.0 9.2687 "" "" 0.0028143768170978156 0.005155785 0.0044897925 0.0096455775 249.89264769676 -45.64033858644 989.693604 -7.749999999999993 -5.379 -8.179956525564194 -2.0130000629425044 0.19294313 0.17894313 "" "" 39.5182509170489 "" 7.594268071082464 ""
249.67053520556 -45.18389027616 0.0519 0.033 41.6219 "" "" 5943376367015053824 844.494202 1.1613 0.0579 0.738 -3.134 0.074 0.062 1.003 "" "" 16.46727 2.050337 17.507265 15.456928 "" "" 798.884888 898.010742 4875.71642 5.9618 1356.8 10.889 5204.6 19.385 "" "" 0.003058476565536726 0.009149398 0.0055350726 0.01468447 249.67053520556 -45.18389027616 844.494202 0.7380000000000001 -3.1339999999999995 0.30804347443580626 0.23199993705749522 0.19094312 0.17894313 "" "" 1.5436613868389555 "" 0.28818472216433055 ""
249.2862000548 -45.16538111603 0.0541 0.0363 32.4308 "" "" 5943432132857464064 781.25415 1.2629 0.0633 -7.49 -15.196 0.078 0.066 1.135 4349.6 4.431 16.469437 1.696548 17.272238 15.57569 "" "" 749.057007 815.422241 4866.00074 3.1799 1684.7 6.9011 4665.3 8.9982 "" "" 0.0028452082887665524 0.0052503026 0.0043207686 0.009571072 249.2862000548 -45.16538111603 781.25415 -7.489999999999993 -15.195999999999989 -7.919956525564194 -11.830000062942505 0.19494313 0.18294312 "" "" 52.71938739280769 "" 9.844787607312064 ""
248.65263508398 -45.93270903764 0.0483 0.0267 20.8388 "" "" 5942919348153251840 686.226135 1.4201 0.0624 -3.617 -1.918 0.064 0.04 1.045 "" "" 16.46951 "" "" "" "" "" 656.108521 713.453613 4865.67884 2.3681 "" "" "" "" "" "" 0.002805533675864899 "" "" "" 248.65263508398 -45.93270903764 686.226135 -3.617 -1.9179999999999993 -4.046956525564194 1.4479999370574952 0.18094313 0.15694311 "" "" 13.980820466194979 "" 2.4939245911689603 ""
249.32493680766 -44.94929306209 0.0522 0.0333 44.9375 "" "" 5943441165170555392 735.213013 1.3423 0.0627 -6.646 1.662 0.082 0.064 0.935 4575.7 4.652 16.470577 1.533999 17.197838 15.663838 "" "" 702.246094 777.104492 4860.88739 2.1709 1804.2 8.0084 4301.5 9.9029 "" "" 0.0027976621488290214 0.005568739 0.004531183 0.010099921 249.32493680766 -44.94929306209 735.213013 -6.645999999999999 1.662 -7.075956525564194 5.027999937057495 0.19894312 0.18094313 "" "" 30.250530432446034 "" 5.841106766182296 ""
248.42880707773 -45.61574970294 0.0754 0.051 21.2351 "" "" 5943771881985052928 1009.35358 1.0106 0.0933 0.019 11.801 0.094 0.07 2.253 "" "" 16.470875 1.694852 17.04681 15.351958 "" "" 934.558838 1088.94275 4859.55813 4.5637 2073.4 14.224 5732.9 72.973 "" "" 0.002937931986773587 0.007953849 0.014327586 0.022281434 248.42880707773 -45.61574970294 1009.35358 0.01899999999999835 11.800999999999998 -0.4109565255641937 15.166999937057495 0.21094312 0.18694311 "" "" 72.59065536087726 "" 13.571683222850561 ""
249.07511039995 -45.50671966944 0.0485 0.031 10.2517 "" "" 5943045581494369664 870.673523 1.1258 0.0593 0.439 -3.385 0.078 0.057 0.972 "" "" 16.472174 1.936938 17.414131 15.477193 "" "" 827.375916 937.025696 4853.74923 9.7973 1478.3 15.779 5108.4 33.464 "" "" 0.003520614326586795 0.011920026 0.008054205 0.019974232 249.07511039995 -45.50671966944 870.673523 0.4389999999999987 -3.385 0.009043474435806276 -0.01900006294250467 0.19494313 0.17394312 "" "" 0.08684224117474683 "" 0.0154586599510385 ""
249.66535246806 -45.58540803878 0.0512 0.0344 30.9429 "" "" 5942988617343760128 971.476868 1.0103 0.0573 3.474 -13.243 0.071 0.059 1.048 5110.1 4.6435 16.473997 1.324238 17.058132 15.733894 "" "" 926.221313 1015.80835 4845.60663 2.2308 2051.9 7.3383 4032.7 9.9285 "" "" 0.0028002921331393305 0.004781472 0.004629156 0.009410628 249.66535246806 -45.58540803878 971.476868 3.4740000000000006 -13.242999999999999 3.0440434744358065 -9.877000062942505 0.18794313 0.17594312 "" "" 47.59264020757004 "" 8.42467238899063 ""
248.93087414431 -45.33881197272 0.0474 0.0304 18.4133 "" "" 5943051289562088960 767.190979 1.2683 0.0566 -9.111 -5.718 0.063 0.052 0.982 4596.5 4.5871 16.475574 1.59201 17.13879 15.54678 "" "" 727.927917 801.606873 4838.57167 2.7871 1905.0 20.032 4791.2 31.383 "" "" 0.002825405780630737 0.011753038 0.008053586 0.019806623 248.93087414431 -45.33881197272 767.190979 -9.111 -5.718 -9.540956525564194 -2.352000062942505 0.17994311 0.16894312 "" "" 35.73422816302692 "" 6.40826056484331 ""
248.18768027861 -45.39771434869 0.0474 0.0258 34.6894 "" "" 5943789164935223040 935.887817 1.0472 0.055 -3.459 -10.892 0.063 0.04 0.994 4849.6 4.4816 16.477098 1.49546 17.173058 15.677598 "" "" 881.76532 988.283264 4831.77988 1.8506 1845.8 6.443 4247.4 7.6285 "" "" 0.0027865238295095886 0.004706208 0.004252802 0.00895901 248.18768027861 -45.39771434869 935.887817 -3.459 -10.892 -3.888956525564194 -7.526000062942504 0.17994311 0.15694311 "" "" 37.58005840715541 "" 6.090296572420758 ""
248.34441625259 -45.24783312675 0.0555 0.0309 34.4083 "" "" 5943794731164547584 945.687866 1.0497 0.0636 3.51 -3.003 0.069 0.043 0.98 4964.2 4.6066 16.478628 1.605028 17.116383 15.511354 "" "" 896.768921 1004.6651 4824.98221 3.1423 1944.7 8.7443 4950.1 48.69 "" "" 0.0028446035166721775 0.0056230645 0.0113285035 0.016951568 248.34441625259 -45.24783312675 945.687866 3.51 -3.003 3.080043474435806 0.362999937057495 0.18594313 0.15994312 "" "" 13.902035887614916 "" 2.580378337146617 ""
249.23683359387 -45.65543750195 0.0469 0.0323 12.7521 "" "" 5943031944996593664 809.541016 1.2174 0.0572 -0.544 -8.069 0.066 0.059 0.971 4723.4 4.6599 16.480965 1.531236 17.150757 15.619521 "" "" 775.121887 849.218018 4814.60836 2.901 1884.1 8.2457 4480.7 14.972 "" "" 0.0028319195078349677 0.005510316 0.0052388515 0.010749168 249.23683359387 -45.65543750195 809.541016 -0.5439999999999998 -8.068999999999999 -0.9739565255641938 -4.703000062942506 0.18294312 0.17594312 "" "" 18.42938669604706 "" 3.247930033802666 ""
248.68535988 -45.70464614761 0.0872 0.0503 10.9723 "" "" 5943016414422423296 948.391052 1.0579 0.1122 0.267 -3.66 0.123 0.073 1.806 6013.6 4.4494 16.482994 2.16891 17.527216 15.358306 "" "" 842.38031 1055.0144 4805.61458 8.953 1332.1 13.075 5699.5 25.605 "" "" 0.003418090132434689 0.011016064 0.006170525 0.01718659 248.68535988 -45.70464614761 948.391052 0.2670000000000001 -3.6600000000000046 -0.1629565255641937 -0.294000062942505 0.23994312 0.18994312 "" "" 1.5110800036476384 "" 0.30645480209411746 ""
249.30231860531 -45.46395281486 0.0573 0.0384 18.9611 "" "" 5943035071736716288 864.512756 1.1473 0.0675 -2.367 -1.693 0.081 0.067 1.229 5299.1 4.3916 16.483065 1.629014 17.162754 15.53374 "" "" 826.799194 910.473022 4805.30578 8.2103 1863.4 13.708 4849.1 28.248 "" "" 0.0033216119533017586 0.008460482 0.0073680095 0.01582849 249.30231860531 -45.46395281486 864.512756 -2.367 -1.6930000000000005 -2.7969565255641937 1.672999937057495 0.19794312 0.18394312 "" "" 13.355210608411467 "" 2.595610900387171 ""
249.23244446325 -46.25850954853 0.0577 0.0327 38.8312 "" "" 5942850899206084864 811.052246 1.2052 0.0595 -4.724 -10.631 0.072 0.048 0.978 4379.7 4.5226 16.48331 1.76152 17.326376 15.564856 "" "" 776.959839 856.574341 4804.21137 2.1933 1602.8 6.7053 4712.1 9.8145 "" "" 0.002799551166572615 0.0053306976 0.0044042785 0.009734976 249.23244446325 -46.25850954853 811.052246 -4.723999999999998 -10.630999999999997 -5.153956525564194 -7.265000062942505 0.18894312 0.16494313 "" "" 34.24386947680901 "" 5.936121314100934 ""
249.27480815865 -45.17460763974 0.0491 0.0328 31.7187 "" "" 5943432094199731840 895.661987 1.0835 0.0581 -7.345 -9.726 0.07 0.059 0.969 4836.8 4.649 16.48841 1.619153 17.232294 15.613141 "" "" 850.597778 945.026428 4781.70291 2.2467 1747.8 8.0211 4507.1 12.426 "" "" 0.0028021472357537144 0.0057107396 0.004821194 0.010531934 249.27480815865 -45.17460763974 895.661987 -7.345000000000001 -9.725999999999999 -7.7749565255641935 -6.360000062942506 0.18694311 0.17594312 "" "" 42.64489981553789 "" 7.787509565077024 ""
249.03047152596 -45.87130133737 0.0675 0.0384 14.1366 "" "" 5943000402739626880 1001.37219 0.9843 0.0805 1.396 -2.48 0.08 0.06 1.305 5381.5 4.6945 16.489386 1.358871 17.010778 15.651908 "" "" 931.222168 1083.86621 4777.40692 5.7337 2143.4 11.759 4349.1 16.155 "" "" 0.0030479132298695463 0.0065776133 0.0055271233 0.012104737 249.03047152596 -45.87130133737 1001.37219 1.396 -2.48 0.9660434744358062 0.8859999370574951 0.19694312 0.17694312 "" "" 6.221788730372234 "" 1.170131527359484 ""
249.58842531185 -45.78355548536 0.05 0.0326 28.6726 "" "" 5942979816946452480 877.087097 1.1163 0.0554 3.889 5.137 0.074 0.055 0.985 4494.4 4.2505 16.491415 1.426795 17.126293 15.699498 "" "" 839.513794 930.798706 4768.49079 2.2437 1927.1 8.2857 4162.5 10.834 "" "" 0.0028022802914437653 0.005438485 0.0047190585 0.010157544 249.58842531185 -45.78355548536 877.087097 3.8890000000000002 5.136999999999999 3.459043474435806 8.502999937057496 0.19094312 0.17194313 "" "" 38.163414706351624 "" 6.669698647625015 ""
249.51555655564 -46.06110983078 0.0558 0.034 34.838 "" "" 5942949855248755712 909.231934 1.0977 0.0632 -2.716 -6.293 0.079 0.057 0.979 4782.3 4.3403 16.491924 1.573272 17.225473 15.652202 "" "" 848.218506 973.088989 4766.24823 3.1038 1758.8 6.8473 4347.9 12.938 "" "" 0.0028445894160012706 0.0050647967 0.0049721105 0.010036907 249.51555655564 -46.06110983078 909.231934 -2.7160000000000055 -6.29300000000001 -3.145956525564194 -2.927000062942505 0.19594312 0.17394312 "" "" 18.51911765685896 "" 3.4456493254910256 ""
248.62859072027 -45.26373827697 0.0489 0.0301 26.2579 "" "" 5943782739607513728 932.777283 1.0357 0.0614 0.259 -3.021 0.066 0.051 1.038 4507.4 4.3524 16.493412 1.924025 17.354757 15.430732 "" "" 889.912598 991.312256 4759.7232 7.452 1561.4 11.75 5331.7 55.088 "" "" 0.003237490414468771 0.008633765 0.011837539 0.020471305 248.62859072027 -45.26373827697 932.777283 0.259 -3.021 -0.17095652556419372 0.3449999370574952 0.18294312 0.16794312 "" "" 1.7023750679226943 "" 0.2911135743859335 ""
248.43287904659 -45.58627212052 0.0478 0.0275 21.2942 "" "" 5943772019424042368 1008.21576 0.9706 0.0553 -10.48 0.611 0.058 0.041 1.011 5126.6 3.8111 16.496334 1.5628 17.227966 15.665166 "" "" 958.667236 1067.52856 4746.92973 1.8883 1754.8 6.4031 4296.3 8.5352 "" "" 0.002788965108884014 0.004845668 0.004351578 0.009197246 248.43287904659 -45.58627212052 1008.21576 -10.48 0.6109999999999991 -10.909956525564194 3.976999937057495 0.17494312 0.15794313 "" "" 55.494139493106076 "" 9.602460874752863 ""
248.53478697545 -45.42030489755 0.0503 0.0284 21.5211 "" "" 5943779922164636672 992.950684 0.9835 0.0614 -2.549 2.704 0.058 0.043 0.966 5226.4 4.6682 16.498396 1.444532 17.108171 15.663639 "" "" 940.489441 1049.68494 4737.92749 2.5328 1959.5 9.443 4302.3 23.906 "" "" 0.002815789077232526 0.0059297183 0.0071190135 0.013048732 248.53478697545 -45.42030489755 992.950684 -2.5489999999999995 2.7040000000000006 -2.9789565255641937 6.069999937057496 0.17494312 0.15994312 "" "" 31.824000165794995 "" 5.186124293403633 ""
248.97208283237 -46.27392325268 0.0528 0.0298 37.7287 "" "" 5942894059398568704 941.792786 1.0418 0.0594 -12.512 -20.074 0.071 0.043 0.996 5097.3 4.6751 16.49874 1.315224 17.086872 15.771648 "" "" 892.961609 990.113159 4736.43299 2.1073 1998.3 7.7703 3894.9 7.8718 "" "" 0.0027973441713505876 0.005060529 0.004370219 0.0094307475 248.97208283237 -46.27392325268 941.792786 -12.511999999999995 -20.07400000000001 -12.941956525564194 -16.708000062942507 0.18794313 0.15994312 "" "" 94.34482905558889 "" 16.131202019043016 ""
248.5288543654 -45.77584478583 0.2268 0.114 18.6505 "" "" 5943673063391105024 973.879944 1.5478 0.2643 -13.265 -9.3 0.351 0.181 3.243 "" "" 16.501535 2.745349 17.833794 15.088445 "" "" 747.50238 1208.52332 4724.243 15.872 1004.4 7.597 7307.7 48.253 "" "" 0.00457140962792442 0.008673254 0.00810435 0.016777605 248.5288543654 -45.77584478583 973.879944 -13.265 -9.3 -13.694956525564194 -5.934000062942506 0.46794313 0.29794312 "" "" 68.89797438299767 "" 30.6878369961468 ""
249.76396504786 -45.29723279693 0.0518 0.0348 40.7337 "" "" 5943368979670286720 782.87262 1.2506 0.0602 0.447 -1.614 0.077 0.061 1.043 4821.9 4.6588 16.501875 1.424737 17.122427 15.69769 "" "" 744.262207 817.963501 4722.7738 2.7347 1934.0 10.426 4169.5 28.537 "" "" 0.002826135358461958 0.006484116 0.008336896 0.014821012 249.76396504786 -45.29723279693 782.87262 0.4470000000000001 -1.6139999999999985 0.017043474435806283 1.751999937057495 0.19394311 0.17794313 "" "" 6.501657399495143 "" 1.1569355237605468 ""
248.36119987783 -46.15718431988 0.0412 0.0248 38.885 "" "" 5943638291332791424 765.374695 1.2736 0.0541 3.23 0.99 0.055 0.036 1.0 4598.2 4.5697 16.50296 1.527436 17.214563 15.687127 "" "" 743.225281 794.231262 4718.05063 2.1682 1776.6 7.3479 4210.2 6.9428 "" "" 0.0028001330503190174 0.0052867695 0.004182027 0.009468797 248.36119987783 -46.15718431988 765.374695 3.2300000000000004 0.9899999999999999 2.8000434744358063 4.355999937057495 0.17194313 0.15294312 "" "" 18.78629643466076 "" 2.9820209498515426 ""
