Clusters/NGC_6178/NGC_6178_stars_in_region.tsv
# %ECSV 1.0
# ---
# datatype:
# - name: RA_ICRS_1
#   unit: deg
#   datatype: float64
#   format: '{:15.11f}'
#   description: Right ascension (ICRS) at Ep=2016.0 (ra)
#   meta: !!omap
#   - {ucd: POS_EQ_RA_MAIN}
#   - {width: 15}
#   - {precision: '11'}
# - name: DE_ICRS_1
#   unit: deg
#   datatype: float64
#   format: '{:15.11f}'
#   description: Declination (ICRS) at Ep=2016.0 (dec)
#   meta: !!omap
#   - {ucd: POS_EQ_DEC_MAIN}
#   - {width: 15}
#   - {precision: '11'}
# - name: e_RA_ICRS
#   unit: mas
#   datatype: float64
#   format: '{:7.4f}'
#   description: Standard error of right ascension (ra_error)
#   meta: !!omap
#   - {ucd: ERROR}
#   - {width: 7}
#   - {precision: '4'}
# - name: e_DE_ICRS
#   unit: mas
#   datatype: float64
#   format: '{:7.4f}'
#   description: Standard error of declination (dec_error)
#   meta: !!omap
#   - {ucd: ERROR}
#   - {width: 7}
#   - {precision: '4'}
# - name: _r_1
#   unit: ''
#   datatype: float64
#   format: '{:7.4f}'
#   description: Distance from center (248.93311081000-45.64569575000)[ICRS], at Epoch=J2016.0
#   meta: !!omap
#   - {ucd: POS_ANG_DIST_GENERAL}
#   - {width: 7}
#   - {precision: '4'}
# - name: HIP
#   datatype: int32
#   description: '? HIP cross-id number, van Leeuwen, Cat. I/311 (hip_original_ext_source_id)'
#   meta: !!omap
#   - {ucd: ID_NUMBER}
#   - {width: 6}
#   - values: {'null': -2147483648}
# - name: TYC2
#   datatype: string
#   description: Tycho-2 cross-id name, Hog et al., Cat. I/259 (tyc2_original_ext_source_id)
#   meta: !!omap
#   - {ucd: ID_CROSSID}
#   - {_votable_string_dtype: char}
# - name: Source
#   datatype: int64
#   description: Source identifier, identical to the Gaia-EDR3 source_id (id)
#   meta: !!omap
#   - {ucd: ID_MAIN}
#   - {width: 19}
# - name: rgeo
#   unit: pc
#   datatype: float64
#   format: '{:15.8f}'
#   description: '? Median of the geometric distance posterior (r_med_geo)'
#   meta: !!omap
#   - {ucd: PHYS_DISTANCE_TRUE}
#   - {width: 15}
#   - {precision: '8'}
#   - values: {'null': .nan}
# - name: Plx
#   unit: mas
#   datatype: float64
#   format: '{:9.4f}'
#   description: '? Parallax (parallax)'
#   meta: !!omap
#   - {ucd: POS_PARLX_TRIG}
#   - {width: 9}
#   - {precision: '4'}
#   - values: {'null': .nan}
# - name: e_Plx
#   unit: mas
#   datatype: float32
#   format: '{:7.4f}'
#   description: '? Standard error of parallax (parallax_error)'
#   meta: !!omap
#   - {ucd: ERROR}
#   - {width: 7}
#   - {precision: '4'}
#   - values: {'null': .nan}
# - name: pmRA
#   unit: mas / yr
#   datatype: float64
#   format: '{:9.3f}'
#   description: '? Proper motion in right ascension direction, pmRA*cosDE (pmra)'
#   meta: !!omap
#   - {ucd: POS_EQ_PMRA}
#   - {width: 9}
#   - {precision: '3'}
#   - values: {'null': .nan}
# - name: pmDE
#   unit: mas / yr
#   datatype: float64
#   format: '{:9.3f}'
#   description: '? Proper motion in declination direction (pmdec)'
#   meta: !!omap
#   - {ucd: POS_EQ_PMDEC}
#   - {width: 9}
#   - {precision: '3'}
#   - values: {'null': .nan}
# - name: e_pmRA
#   unit: mas / yr
#   datatype: float32
#   format: '{:6.3f}'
#   description: '? Standard error of proper motion in right ascension direction (pmra_error)'
#   meta: !!omap
#   - {ucd: ERROR}
#   - {width: 6}
#   - {precision: '3'}
#   - values: {'null': .nan}
# - name: e_pmDE
[...]
#         value: !astropy.table.SerializedColumn {name: SkyCoord.dec}
#       distance: !astropy.table.SerializedColumn
#         __class__: astropy.coordinates.distances.Distance
#         unit: !astropy.units.Unit {unit: pc}
#         value: !astropy.table.SerializedColumn {name: SkyCoord.distance}
#       frame: icrs
#       obstime: !astropy.time.Time {format: jyear_str, in_subfmt: '*', jd1: 367701545.0, jd2: 0.0, out_subfmt: '*', precision: 3, scale: tt}
#       pm_dec: !astropy.table.SerializedColumn
#         __class__: astropy.units.quantity.Quantity
#         unit: !astropy.units.Unit {unit: mas / yr}
#         value: !astropy.table.SerializedColumn {name: SkyCoord.pm_dec}
#       pm_ra_cosdec: !astropy.table.SerializedColumn
#         __class__: astropy.units.quantity.Quantity
#         unit: !astropy.units.Unit {unit: mas / yr}
#         value: !astropy.table.SerializedColumn {name: SkyCoord.pm_ra_cosdec}
#       ra: !astropy.table.SerializedColumn
#         __class__: astropy.coordinates.angles.Longitude
#         unit: *id001
#         value: !astropy.table.SerializedColumn {name: SkyCoord.ra}
#         wrap_angle: !astropy.coordinates.Angle
#           unit: *id001
#           value: 360.0
#       representation_type: spherical
# schema: astropy-2.0
RA_ICRS_1 DE_ICRS_1 e_RA_ICRS e_DE_ICRS _r_1 HIP TYC2 Source rgeo Plx e_Plx pmRA pmDE e_pmRA e_pmDE RUWE Teff logg Gmag BP-RP BPmag RPmag RV e_RV b_rgeo B_rgeo FG e_FG FBP e_FBP FRP e_FRP RAVE5 RAVE6 e_Gmag e_BPmag e_RPmag e_BP-RP SkyCoord.ra SkyCoord.dec SkyCoord.distance SkyCoord.pm_ra_cosdec SkyCoord.pm_dec rmRA rmDE e_rmRA e_rmDE rRV e_rRV v_pec v_pec3d e_vpec e_vpec3d
[from data line 1124]
249.0845608753 -45.5003188335 0.0259 0.017 10.7956 "" "" 5943045895082923392 784.51355 1.2394 0.0311 -1.381 -1.606 0.04 0.031 1.017 5425.0 4.513 15.100355 1.128484 15.577891 14.449408 "" "" 761.786865 807.258667 17171.35291 8.3767 8021.6 18.288 13164.0 17.861 "" "" 0.0028057661065060057 0.0037299069 0.0040563345 0.0077862414 249.0845608753 -45.5003188335 784.51355 -1.3810000000000002 -1.6059999999999999 -1.8109565255641937 1.759999937057495 0.15694311 0.14794312 "" "" 9.390583101929264 "" 1.4333580710358738 ""
248.3936041784 -45.24099329243 0.0267 0.015 33.2479 "" "" 5943794593774586624 991.509888 0.9613 0.0333 5.112 -4.289 0.036 0.022 1.088 5809.6 4.3682 15.104297 1.230152 15.630896 14.400744 "" "" 966.825684 1019.37592 17109.13708 4.4641 7639.4 8.0153 13768.0 10.031 "" "" 0.0027698451590809805 0.0030137575 0.0038612783 0.006875036 248.3936041784 -45.24099329243 991.509888 5.112 -4.289 4.682043474435806 -0.9230000629425046 0.15294312 0.13894312 "" "" 22.4279666998448 "" 3.418976354880478 ""
249.74583963665 -45.55188392238 0.0273 0.0186 34.5799 "" "" 5942987616600263936 933.739929 1.0363 0.0317 -3.439 -9.781 0.041 0.036 1.076 5514.3 4.4595 15.107687 1.141269 15.590654 14.449386 "" "" 910.805847 959.625977 17055.79202 4.2924 7927.8 16.444 13164.0 30.719 "" "" 0.0027688359210979174 0.0035856385 0.004550057 0.008135695 249.74583963665 -45.55188392238 933.739929 -3.439 -9.780999999999999 -3.868956525564194 -6.4150000629425055 0.15794313 0.15294312 "" "" 33.15638454310456 "" 5.115784363005983 ""
249.36773913776 -46.17849907531 0.0303 0.0173 36.7581 "" "" 5942944770007023488 941.844055 1.0268 0.0342 -6.125 -13.059 0.039 0.028 0.902 6651.5 4.2964 15.108798 1.326217 15.688377 14.362161 "" "" 917.072998 970.118958 17038.3438 5.1625 7245.5 14.99 14266.0 15.453 "" "" 0.0027748893699845066 0.0035819933 0.003958141 0.0075401342 249.36773913776 -46.17849907531 941.844055 -6.125 -13.059000000000006 -6.554956525564194 -9.693000062942504 0.15594313 0.14494312 "" "" 52.23883610416835 "" 7.756568625529078 ""
248.87743918466 -46.39179981452 0.0255 0.0146 44.8263 "" "" 5942891963454416896 966.952454 1.0027 0.03 -0.811 -6.195 0.036 0.022 0.981 5082.7 4.2942 15.110391 1.222556 15.639285 14.416729 "" "" 942.407104 990.067261 17013.373 13.231 7580.6 19.904 13566.0 32.649 "" "" 0.002881792764149113 0.003988972 0.004594735 0.008583707 248.87743918466 -46.39179981452 966.952454 -0.8109999999999989 -6.195 -1.2409565255641937 -2.829000062942505 0.15294312 0.13894312 "" "" 14.158942017794391 "" 2.0006042812775604 ""
249.40881461103 -45.30106691165 0.027 0.0178 28.7778 "" "" 5943043558619739392 924.870056 1.0349 0.0308 -2.758 0.08 0.041 0.034 0.992 5929.4 4.2757 15.111173 1.148931 15.600883 14.451952 "" "" 902.457764 951.960876 17001.12185 4.1796 7853.5 9.1021 13133.0 13.34 "" "" 0.002768218882971457 0.003060801 0.0039370046 0.0069978056 249.40881461103 -45.30106691165 924.870056 -2.758 0.0799999999999994 -3.1879565255641937 3.445999937057495 0.15794313 0.15094313 "" "" 20.579981315843554 "" 3.173654219852257 ""
248.51002070537 -45.09647130227 0.0239 0.0137 37.4694 "" "" 5943819951263696384 1006.45746 0.9499 0.0301 -0.12 1.766 0.035 0.023 0.951 5449.6 4.1629 15.115439 1.469458 15.782208 14.312751 "" "" 984.936218 1039.46448 16934.44504 3.5816 6645.6 8.3943 14930.0 14.449 "" "" 0.00276487246987785 0.0031089992 0.0039227307 0.00703173 248.51002070537 -45.09647130227 1006.45746 -0.11999999999999994 1.766 -0.5499565255641937 5.131999937057495 0.15194312 0.13994312 "" "" 24.62293738149092 "" 3.4493074418286738 ""
248.17720457513 -45.8042490755 0.0258 0.0138 33.0602 "" "" 5943681103570856064 962.23645 1.0072 0.0311 0.077 -5.144 0.031 0.021 0.988 5691.5 4.4451 15.117634 1.142531 15.602424 14.459892 "" "" 930.792053 987.081787 16900.25643 6.9389 7842.4 12.823 13038.0 16.394 "" "" 0.002791148539360864 0.003307059 0.004018397 0.007325456 248.17720457513 -45.8042490755 962.23645 0.07699999999999996 -5.144 -0.3529565255641937 -1.778000062942505 0.14794312 0.13794312 "" "" 8.26770250329699 "" 1.1437162455666974 ""
248.80688237575 -45.50674989219 0.0246 0.0152 9.8795 "" "" 5943026649268879360 917.568359 1.052 0.0324 -2.596 -8.646 0.032 0.024 0.984 5539.6 4.4945 15.123811 1.140531 15.610004 14.469474 "" "" 887.877197 943.08429 16804.38254 3.669 7787.8 7.6748 12923.0 14.52 "" "" 0.002765498971161281 0.0029882956 0.003971386 0.0069596814 248.80688237575 -45.50674989219 917.568359 -2.5959999999999996 -8.646000000000008 -3.025956525564194 -5.280000062942506 0.14894313 0.14094312 "" "" 26.46804425687577 "" 3.7839428958016708 ""
248.06538838338 -45.37541184771 0.0262 0.0135 39.9263 "" "" 5943836718817267200 976.299255 0.993 0.0325 5.198 -7.886 0.036 0.021 0.968 5419.5 4.2347 15.124021 1.2233 15.650096 14.426796 "" "" 940.016296 1010.0636 16801.13095 3.253 7505.5 8.8145 13441.0 10.498 "" "" 0.0027633278851152488 0.0030677211 0.0038733503 0.0069410717 248.06538838338 -45.37541184771 976.299255 5.198 -7.886000000000001 4.768043474435807 -4.520000062942505 0.15294312 0.13794312 "" "" 30.403624270377314 "" 4.44001110278571 ""
249.07611245429 -45.57381905797 0.0247 0.0172 7.3908 "" "" 5943021671463106944 918.954224 1.0623 0.0306 -2.307 -6.297 0.037 0.029 0.967 5024.3 4.4057 15.124029 1.15432 15.584457 14.430138 "" "" 893.646973 950.657288 16800.99683 5.1558 7973.2 12.639 13400.0 25.371 "" "" 0.0027753921489143663 0.0032782936 0.004302276 0.0075805695 249.07611245429 -45.57381905797 918.954224 -2.3070000000000004 -6.296999999999994 -2.7369565255641937 -2.9310000629425046 0.15394312 0.14594312 "" "" 17.46779535977457 "" 2.615326384457897 ""
248.93930552483 -45.06290204737 0.0238 0.0164 34.9686 "" "" 5943812632638705024 732.562988 1.3256 0.0296 -2.655 -2.046 0.035 0.031 1.031 4716.3 4.1994 15.125852 1.177536 15.629649 14.452113 "" "" 717.98938 747.160828 16772.82235 5.0442 7648.2 11.656 13131.0 15.235 "" "" 0.0027745999781104876 0.0032439206 0.00398379 0.0072277104 248.93930552483 -45.06290204737 732.562988 -2.655 -2.046 -3.0849565255641935 1.3199999370574953 0.15194312 0.14794312 "" "" 11.651453365960316 "" 1.7632264186949382 ""
249.37268229689 -45.19684373054 0.0569 0.0386 32.6797 "" "" 5943420175685900416 757.159546 1.2873 0.0675 0.613 -3.312 0.085 0.077 2.316 4848.8 4.2288 15.126621 1.585674 15.858768 14.273094 39.17 8.81 727.940674 795.713318 16760.93555 14.015 6193.1 26.881 15485.0 36.582 "" "" 0.002901034341425451 0.0054766554 0.004567575 0.01004423 249.37268229689 -45.19684373054 757.159546 0.6129999999999999 -3.3119999999999994 0.18304347443580626 0.053999937057495284 0.20194313 0.19394311 57.584761904761905 12.106176 0.6849220071885961 57.58883504451231 0.13788461242649358 12.105320242488181
249.36821724943 -46.19210645244 0.0293 0.0171 37.4789 "" "" 5942944735647259136 929.478699 1.0341 0.0343 1.774 3.147 0.037 0.028 0.973 5040.3 4.253 15.126962 1.324869 15.71724 14.392371 "" "" 903.671509 956.564209 16755.67975 3.879 7055.4 10.134 13874.0 16.842 "" "" 0.0027667611266274797 0.0031964148 0.0040026065 0.007199021 249.36821724943 -46.19210645244 929.478699 1.7739999999999994 3.1470000000000025 1.3440434744358063 6.512999937057495 0.15394312 0.14494312 "" "" 29.299131922276487 "" 4.257798308504323 ""
249.06286500818 -45.28481757579 0.0256 0.0172 22.3305 "" "" 5943055305293819136 714.45752 1.3645 0.0299 -0.33 -28.68 0.033 0.03 0.931 5547.3 4.5552 15.127569 1.163397 15.624958 14.461561 "" "" 698.837708 727.448242 16746.31131 4.2027 7681.3 13.411 13018.0 8.7179 "" "" 0.0027687604421380322 0.0033731905 0.0038486875 0.007221878 249.06286500818 -45.28481757579 714.45752 -0.3299999999999903 -28.68 -0.7599565255641938 -25.314000062942505 0.14994311 0.14694312 "" "" 85.76520911885862 "" 12.602841646388368 ""
249.68897851913 -45.65256371749 0.0253 0.0188 31.7059 "" "" 5942985421930868224 877.439087 1.0953 0.0298 0.813 -3.422 0.037 0.033 1.067 4819.1 4.1456 15.128687 1.501375 15.816639 14.315264 "" "" 852.46637 903.832092 16729.0803 26.805 6438.2 36.861 14895.0 81.618 "" "" 0.0032585667583995824 0.006813702 0.0070482995 0.013862002 249.68897851913 -45.65256371749 877.439087 0.813 -3.4219999999999993 0.3830434744358062 -0.056000062942505036 0.15394312 0.14994311 "" "" 1.6100365468940636 "" 0.24772099697665345 ""
249.11175691324 -45.55202439898 0.0249 0.0167 9.3719 "" "" 5943045203527055488 744.272522 1.3054 0.0306 0.817 -3.242 0.037 0.03 0.989 5062.9 4.3791 15.129167 1.164556 15.632288 14.467732 "" "" 726.769104 763.354187 16721.69045 6.9754 7629.6 21.414 12944.0 18.334 "" "" 0.0027922962096143845 0.004131743 0.0040802816 0.008212024 249.11175691324 -45.55202439898 744.272522 0.8169999999999995 -3.241999999999998 0.3870434744358062 0.12399993705749512 0.15394312 0.14694312 "" "" 1.4337956690477334 "" 0.21980805176699683 ""
248.74218180115 -45.85987209596 0.0269 0.0148 15.1337 "" "" 5942920722558629632 730.527649 1.329 0.0316 -6.462 -6.678 0.035 0.021 1.039 5180.2 4.448 15.131565 1.089226 15.589742 14.500516 "" "" 715.400085 747.756653 16684.7869 3.4924 7934.5 8.8701 12559.0 15.127 "" "" 0.002764676763347788 0.0030427398 0.0039992393 0.007041979 248.74218180115 -45.85987209596 730.527649 -6.461999999999996 -6.677999999999998 -6.8919565255641935 -3.312000062942505 0.15194312 0.13794312 "" "" 26.477418395218105 "" 3.9561646696114354 ""
248.17568165998 -45.354582293 0.0563 0.0298 36.3277 "" "" 5943790127007976064 784.758789 1.2402 0.0648 -2.373 -5.95 0.074 0.045 2.148 "" "" 15.13756 1.41013 15.751973 14.341844 "" "" 753.887451 821.186584 16592.91973 10.125 6833.3 9.3281 14535.0 8.7418 "" "" 0.0028338519947601675 0.003159393 0.0038353787 0.006994772 248.17568165998 -45.354582293 784.758789 -2.3729999999999998 -5.949999999999999 -2.802956525564194 -2.584000062942505 0.19094312 0.16194312 "" "" 14.180823591625261 "" 2.5271204435385455 ""
249.56768816307 -45.90801466831 0.028 0.0172 30.869 "" "" 5942952574025079040 919.281616 1.0454 0.032 -8.027 -10.245 0.041 0.03 0.934 5596.8 4.4487 15.13842 1.190959 15.648649 14.45769 "" "" 894.232178 944.313477 16579.77227 4.5213 7515.5 9.9952 13064.0 10.331 "" "" 0.002771182557636817 0.0031416707 0.003875683 0.0070173535 249.56768816307 -45.90801466831 919.281616 -8.026999999999997 -10.245 -8.456956525564193 -6.879000062942504 0.15794313 0.14694312 "" "" 47.501751007376704 "" 7.298998838011882 ""
248.57701537252 -45.50478828446 0.026 0.0153 17.1797 "" "" 5943773634331753856 917.830872 1.0499 0.031 7.251 1.611 0.03 0.023 0.95 6003.0 4.3809 15.138456 1.202762 15.654153 14.451391 "" "" 893.611877 944.722107 16579.21928 3.5902 7477.5 7.4536 13140.0 13.076 "" "" 0.0027653332690142766 0.0029927157 0.003930788 0.0069235037 248.57701537252 -45.50478828446 917.830872 7.250999999999997 1.611 6.821043474435807 4.976999937057495 0.14694312 0.13994312 "" "" 36.73475316651619 "" 5.309992737261919 ""
249.50690632915 -45.41144158742 0.1453 0.1067 27.915 "" "" 5943038920054785664 899.186951 1.2302 0.1833 -6.079 -9.693 0.224 0.197 6.711 5455.4 3.7909 15.138971 1.313471 15.696828 14.383357 "" "" 771.124207 1100.90881 16571.36268 18.859 7189.3 8.4293 13990.0 12.935 "" "" 0.0030196928072298256 0.0030668522 0.00391043 0.006977282 249.50690632915 -45.41144158742 899.186951 -6.079000000000004 -9.692999999999998 -6.5089565255641935 -6.3270000629425045 0.34094313 0.31394312 "" "" 38.68879555701028 "" 12.69392584558846 ""
248.45838204697 -46.20990009949 0.0231 0.0135 39.2235 "" "" 5942886564614950400 886.862549 1.0925 0.028 2.875 -0.269 0.03 0.02 0.924 5423.7 4.2938 15.139054 1.171479 15.637756 14.466277 "" "" 860.532776 905.747437 16570.10101 3.02 7591.3 8.9873 12961.0 10.517 "" "" 0.0027624168142590497 0.003072018 0.003880708 0.0069527263 248.45838204697 -46.20990009949 886.862549 2.8750000000000013 -0.26900000000000013 2.4450434744358063 3.096999937057495 0.14694312 0.13694312 "" "" 16.5872362105133 "" 2.336590489806987 ""
249.15127403265 -45.599454787 0.0244 0.0171 9.5659 "" "" 5943033246340465536 893.761353 1.0714 0.0314 -0.736 -7.216 0.036 0.032 0.952 5841.0 4.5061 15.141474 1.212357 15.652768 14.440411 "" "" 871.076111 920.597656 16533.21057 4.6041 7487.0 10.875 13274.0 35.679 "" "" 0.0027718596143879695 0.0032050177 0.004774977 0.007979995 249.15127403265 -45.599454787 893.761353 -0.7359999999999998 -7.215999999999999 -1.1659565255641937 -3.850000062942505 0.15294312 0.14894313 "" "" 17.041797838421108 "" 2.544055676845357 ""
248.23237758753 -45.39542550452 0.0244 0.0138 33.0646 "" "" 5943789027496237184 975.927429 0.9798 0.0299 -6.434 -11.14 0.033 0.02 1.06 5961.4 4.4706 15.14882 1.222288 15.672266 14.449978 "" "" 954.384888 1004.10754 16421.72495 3.3337 7353.8 7.3634 13157.0 10.545 "" "" 0.002764121946834333 0.0029944868 0.0038782675 0.0068727545 248.23237758753 -45.39542550452 975.927429 -6.433999999999991 -11.139999999999993 -6.863956525564194 -7.7740000629425055 0.14994311 0.13694312 "" "" 47.97323507849025 "" 6.849799411201796 ""
249.56841682411 -45.65366731484 0.0242 0.0166 26.6506 "" "" 5942982329553753088 705.891479 1.3778 0.0285 -0.647 -9.391 0.035 0.028 0.925 5415.8 4.5549 15.153727 1.113436 15.623456 14.51002 "" "" 691.831177 721.126465 16347.6864 3.8951 7691.9 10.583 12449.0 17.055 "" "" 0.0027674378179985996 0.0031648949 0.0040615546 0.0072264494 249.56841682411 -45.65366731484 705.891479 -0.6470000000000007 -9.390999999999998 -1.0769565255641937 -6.025000062942505 0.15194312 0.14494312 "" "" 20.478721535380927 "" 2.972791829695036 ""
249.89511020022 -45.60516635495 0.0274 0.0187 40.4392 "" "" 5942974598611701504 917.797791 1.0551 0.0321 16.717 -10.552 0.039 0.034 1.006 5077.3 4.3388 15.154802 1.216031 15.677686 14.461655 "" "" 892.14801 941.170898 16331.48862 4.3371 7317.2 9.354 13017.0 12.806 "" "" 0.0027703658070269556 0.0031163245 0.0039274218 0.0070437463 249.89511020022 -45.60516635495 917.797791 16.717000000000024 -10.552 16.287043474435805 -7.1860000629425045 0.15594313 0.15094313 "" "" 77.44454676047138 "" 12.014699494523507 ""
248.22713778989 -45.49847596311 0.0337 0.0176 30.939 "" "" 5943785381010901504 774.613831 1.2527 0.0434 -0.196 -1.202 0.048 0.026 1.222 5126.0 4.505 15.155073 1.350276 15.680306 14.33003 "" "" 752.786438 799.322266 16327.41059 4.7905 7299.5 10.572 14694.0 12.13 "" "" 0.0027736741489701455 0.0032027767 0.0038842051 0.007086982 248.22713778989 -45.49847596311 774.613831 -0.196 -1.202 -0.6259565255641937 2.163999937057495 0.16494313 0.14294311 "" "" 8.271218919924102 "" 1.197349132101047 ""
249.91720899956 -45.67606354638 0.0267 0.0188 41.3073 "" "" 5942974151935291392 961.977722 0.9919 0.0329 -6.187 0.861 0.043 0.036 1.031 4865.4 4.2992 15.156524 1.165176 15.656345 14.491169 "" "" 931.586182 989.469604 16305.61443 4.157 7462.4 11.001 12667.0 10.784 "" "" 0.002769189055742178 0.0032166615 0.0038907744 0.0071074357 249.91720899956 -45.67606354638 961.977722 -6.187 0.861 -6.616956525564194 4.226999937057495 0.15994312 0.15294312 "" "" 35.802691849464374 "" 5.6549044328146465 ""
249.38515436766 -46.08493355249 0.0282 0.0179 32.423 "" "" 5942947007746549248 1011.23169 0.9539 0.0324 -10.242 -4.297 0.04 0.029 0.952 "" "" 15.157664 1.379329 15.764291 14.384962 "" "" 970.492798 1040.69568 16288.49347 4.2663 6756.2 11.208 13969.0 12.922 "" "" 0.0027699566422305535 0.0033210225 0.003910558 0.00723158 249.38515436766 -46.08493355249 1011.23169 -10.242 -4.296999999999997 -10.671956525564195 -0.9310000629425046 0.15694311 0.14594312 "" "" 51.34751085050705 "" 8.054520534811855 ""
