Clusters/LP_0503/LP_0503_members.tsv
# %ECSV 1.0
# ---
# datatype:
# - name: RA_ICRS_1
#   unit: deg
#   datatype: float64
#   format: '{:15.11f}'
#   description: Right ascension (ICRS) at Ep=2016.0 (ra)
#   meta: !!omap
#   - {ucd: POS_EQ_RA_MAIN}
#   - {width: 15}
#   - {precision: '11'}
# - name: DE_ICRS_1
#   unit: deg
#   datatype: float64
#   format: '{:15.11f}'
#   description: Declination (ICRS) at Ep=2016.0 (dec)
#   meta: !!omap
#   - {ucd: POS_EQ_DEC_MAIN}
#   - {width: 15}
#   - {precision: '11'}
# - name: e_RA_ICRS
#   unit: mas
#   datatype: float64
#   format: '{:7.4f}'
#   description: Standard error of right ascension (ra_error)
#   meta: !!omap
#   - {ucd: ERROR}
#   - {width: 7}
#   - {precision: '4'}
# - name: e_DE_ICRS
#   unit: mas
#   datatype: float64
#   format: '{:7.4f}'
#   description: Standard error of declination (dec_error)
#   meta: !!omap
#   - {ucd: ERROR}
#   - {width: 7}
#   - {precision: '4'}
# - name: _r_1
#   unit: ''
#   datatype: float64
#   format: '{:7.4f}'
#   description: Distance from center (306.37550744000+40.86420595000)[ICRS], at Epoch=J2016.0
#   meta: !!omap
#   - {ucd: POS_ANG_DIST_GENERAL}
#   - {width: 7}
#   - {precision: '4'}
# - name: HIP
#   datatype: int32
#   description: '? HIP cross-id number, van Leeuwen, Cat. I/311 (hip_original_ext_source_id)'
#   meta: !!omap
#   - {ucd: ID_NUMBER}
#   - {width: 6}
#   - values: {'null': -2147483648}
# - name: TYC2
#   datatype: string
#   description: Tycho-2 cross-id name, Hog et al., Cat. I/259 (tyc2_original_ext_source_id)
#   meta: !!omap
#   - {ucd: ID_CROSSID}
#   - {_votable_string_dtype: char}
# - name: Source
#   datatype: int64
#   description: Source identifier, identical to the Gaia-EDR3 source_id (id)
#   meta: !!omap
#   - {ucd: ID_MAIN}
#   - {width: 19}
# - name: rgeo
#   unit: pc
#   datatype: float64
#   format: '{:15.8f}'
#   description: '? Median of the geometric distance posterior (r_med_geo)'
#   meta: !!omap
#   - {ucd: PHYS_DISTANCE_TRUE}
#   - {width: 15}
#   - {precision: '8'}
#   - values: {'null': .nan}
# - name: Plx
#   unit: mas
#   datatype: float64
#   format: '{:9.4f}'
#   description: '? Parallax (parallax)'
#   meta: !!omap
#   - {ucd: POS_PARLX_TRIG}
#   - {width: 9}
#   - {precision: '4'}
#   - values: {'null': .nan}
# - name: e_Plx
#   unit: mas
#   datatype: float32
#   format: '{:7.4f}'
#   description: '? Standard error of parallax (parallax_error)'
#   meta: !!omap
#   - {ucd: ERROR}
#   - {width: 7}
#   - {precision: '4'}
#   - values: {'null': .nan}
# - name: pmRA
#   unit: mas / yr
#   datatype: float64
#   format: '{:9.3f}'
#   description: '? Proper motion in right ascension direction, pmRA*cosDE (pmra)'
#   meta: !!omap
#   - {ucd: POS_EQ_PMRA}
#   - {width: 9}
#   - {precision: '3'}
#   - values: {'null': .nan}
# - name: pmDE
#   unit: mas / yr
#   datatype: float64
#   format: '{:9.3f}'
#   description: '? Proper motion in declination direction (pmdec)'
#   meta: !!omap
#   - {ucd: POS_EQ_PMDEC}
#   - {width: 9}
#   - {precision: '3'}
#   - values: {'null': .nan}
# - name: e_pmRA
#   unit: mas / yr
#   datatype: float32
#   format: '{:6.3f}'
#   description: '? Standard error of proper motion in right ascension direction (pmra_error)'
#   meta: !!omap
#   - {ucd: ERROR}
#   - {width: 6}
#   - {precision: '3'}
#   - values: {'null': .nan}
# - name: e_pmDE
[...]
#       distance: !astropy.table.SerializedColumn
#         __class__: astropy.coordinates.distances.Distance
#         unit: !astropy.units.Unit {unit: pc}
#         value: !astropy.table.SerializedColumn {name: SkyCoord.distance}
#       frame: icrs
#       obstime: !astropy.time.Time {format: jyear_str, in_subfmt: '*', jd1: 367701545.0, jd2: 0.0, out_subfmt: '*', precision: 3, scale: tt}
#       pm_dec: !astropy.table.SerializedColumn
#         __class__: astropy.units.quantity.Quantity
#         unit: !astropy.units.Unit {unit: mas / yr}
#         value: !astropy.table.SerializedColumn {name: SkyCoord.pm_dec}
#       pm_ra_cosdec: !astropy.table.SerializedColumn
#         __class__: astropy.units.quantity.Quantity
#         unit: !astropy.units.Unit {unit: mas / yr}
#         value: !astropy.table.SerializedColumn {name: SkyCoord.pm_ra_cosdec}
#       ra: !astropy.table.SerializedColumn
#         __class__: astropy.coordinates.angles.Longitude
#         unit: *id001
#         value: !astropy.table.SerializedColumn {name: SkyCoord.ra}
#         wrap_angle: !astropy.coordinates.Angle
#           unit: *id001
#           value: 360.0
#       representation_type: spherical
# schema: astropy-2.0
RA_ICRS_1 DE_ICRS_1 e_RA_ICRS e_DE_ICRS _r_1 HIP TYC2 Source rgeo Plx e_Plx pmRA pmDE e_pmRA e_pmDE RUWE Teff logg Gmag BP-RP BPmag RPmag RV e_RV b_rgeo B_rgeo FG e_FG FBP e_FBP FRP e_FRP RAVE5 RAVE6 e_Gmag e_BPmag e_RPmag e_BP-RP SkyCoord.ra SkyCoord.dec SkyCoord.distance SkyCoord.pm_ra_cosdec SkyCoord.pm_dec rmRA rmDE e_rmRA e_rmDE rRV e_rRV v_pec v_pec3d e_vpec e_vpec3d Pmemb
306.34053073936 40.77944962168 0.0107 0.0119 5.3276 "" 3156-1842-1 2067647563251424128 1640.04712 0.5687 0.0132 -3.124 -4.919 0.015 0.016 0.986 "" "" 11.314834 0.956671 11.700634 10.743963 "" "" 1600.70068 1676.24695 561065.13767 229.01 285210.0 200.64 399550.0 204.31 "" "" 0.002790731912998038 0.0028928241 0.003819943 0.0067127673 306.34053073936 40.77944962168 1640.04712 -3.1239999999999997 -4.9190000000000005 -0.07251183891296398 -0.34915480041503866 0.23442855 0.23542856 "" "" 2.7721833532917333 "" 0.6525367379542072 "" 0.97
306.41152282707 40.92989325716 0.0124 0.0135 4.2663 "" 3156-280-1 2067654538278550784 1634.37317 0.5751 0.0155 -2.917 -4.938 0.016 0.018 1.092 "" "" 11.342545 1.040309 11.769693 10.729384 "" "" 1597.98608 1673.75269 546926.46857 235.07 267630.0 242.02 404950.0 222.26 "" "" 0.002794557733906222 0.0029578807 0.003826074 0.006783955 306.41152282707 40.92989325716 1634.37317 -2.9170000000000016 -4.938000000000001 0.13448816108703632 -0.3681548004150388 0.23542856 0.23742855 "" "" 3.0364109278391935 "" 0.7202183102067732 "" 0.97
306.35470644508 40.83368506557 0.0076 0.0091 2.0603 "" "" 2067648005628116096 1700.31653 0.5625 0.01 -3.06 -4.809 0.01 0.012 1.029 "" "" 11.881542 1.527782 12.579355 11.051573 -20.58 17.93 1670.97559 1727.0343 332912.46231 90.83 126960.0 87.021 300970.0 161.36 "" "" 0.0027711981896935997 0.0028877086 0.0038239465 0.0067116553 306.35470644508 40.83368506557 1700.31653 -3.0599999999999996 -4.809000000000001 -0.00851183891296392 -0.23915480041503923 0.22942856 0.23142855 -52.5 18.352858 1.928688615439666 52.53541510043797 0.44634874811536457 18.340492907350146 0.98
306.30940765499 40.76246805809 0.008 0.0098 6.8023 "" "" 2067647219654044416 1798.52917 0.5442 0.0104 -2.879 -4.918 0.011 0.013 1.088 15015.7 3.622 12.728342 1.653907 13.502687 11.848781 "" "" 1767.9364 1831.94666 152619.44277 201.8 54243.0 203.18 144430.0 620.36 "" "" 0.003106888681491539 0.0049319947 0.0060026515 0.010934646 306.30940765499 40.76246805809 1798.52917 -2.8790000000000013 -4.918000000000001 0.17248816108703613 -0.3481548004150392 0.23042855 0.23242855 "" "" 3.3123210556070437 "" 0.7685769046434006 "" 0.93
306.4519452381 40.93753674484 0.0111 0.0124 5.6014 "" "" 2067654400839590656 1923.35229 0.5013 0.0141 -2.748 -4.251 0.014 0.016 1.145 "" "" 12.908232 1.130295 13.381329 12.251034 "" "" 1872.58606 1973.52319 129316.50325 23.593 60658.0 37.254 99711.0 30.588 "" "" 0.00276243143315169 0.002868745 0.0037940296 0.006662775 306.4519452381 40.93753674484 1923.35229 -2.748 -4.2509999999999994 0.3034881610870359 0.3188451995849606 0.23342855 0.23542856 "" "" 4.013076629952859 "" 0.9409862288258403 "" 0.94
306.26674370788 40.80978036934 0.0095 0.0112 5.9195 "" "" 2067648319165689856 1767.78577 0.539 0.0122 -2.993 -4.658 0.013 0.015 1.157 "" "" 13.040059 1.225489 13.564743 12.339254 "" "" 1737.04187 1808.5144 114531.04285 24.181 51229.0 37.218 91930.0 29.565 "" "" 0.002764839369806916 0.0028995238 0.0037954778 0.0066950014 306.26674370788 40.80978036934 1767.78577 -2.9929999999999986 -4.658 0.05848816108703625 -0.08815480041503942 0.23242855 0.23442855 "" "" 0.886470775169942 "" 0.20727377292333612 "" 0.98
306.40543968688 40.96231622816 0.0095 0.0105 6.041 "" "" 2067655465991495424 1886.99414 0.5018 0.0121 -3.151 -4.051 0.012 0.013 1.048 "" "" 13.60824 1.214042 14.07098 12.856938 "" "" 1844.86938 1931.89185 67865.75714 25.198 32138.0 211.43 57067.0 341.43 "" "" 0.0027846542196176068 0.007668473 0.0075153676 0.01518384 306.40543968688 40.96231622816 1886.99414 -3.151 -4.051 -0.09951183891296367 0.5188451995849608 0.23142855 0.23242855 "" "" 4.725318694484992 "" 1.0981316685529854 "" 0.93
306.37140093989 40.88092812826 0.0089 0.0106 1.0205 "" "" 2067653988522736512 1867.00208 0.5064 0.0116 -3.115 -4.17 0.012 0.014 1.027 7197.6 3.5459 13.699979 1.248485 14.235657 12.987172 "" "" 1825.11694 1903.98254 62367.05973 14.345 27616.0 36.499 50616.0 20.7 "" "" 0.0027666142039367617 0.0031375473 0.0038053757 0.006942923 306.37140093989 40.88092812826 1867.00208 -3.1150000000000007 -4.17 -0.06351183891296408 0.399845199584961 0.23142855 0.23342855 "" "" 3.5828265643042 "" 0.8361584126391384 "" 0.95
306.34745763233 40.8013665051 0.0095 0.0108 3.9796 "" "" 2067647666330641920 1860.24719 0.5082 0.0122 -3.177 -4.323 0.013 0.014 1.0 "" "" 13.787553 1.089368 14.239511 13.150143 "" "" 1819.97571 1900.32349 57534.15713 11.683 27518.0 22.602 43561.0 26.91 "" "" 0.0027641268401630784 0.0029292163 0.003838436 0.006767652 306.34745763233 40.8013665051 1860.24719 -3.1769999999999996 -4.323 -0.1255118389129639 0.24684519958496054 0.23242855 0.23342855 "" "" 2.4417792694103957 "" 0.5694802504482013 "" 0.97
306.47529613503 41.01833229647 0.0111 0.0123 10.2943 "" "" 2067657458856738176 1934.86621 0.4841 0.0138 -3.153 -4.024 0.015 0.016 1.04 "" "" 14.071219 1.303259 14.635565 13.332306 "" "" 1886.94409 1979.47815 44305.68743 10.284 19107.0 27.434 36833.0 22.461 "" "" 0.0027668214830923266 0.00319613 0.0038369375 0.0070330678 306.47529613503 41.01833229647 1934.86621 -3.153 -4.024 -0.10151183891296389 0.5458451995849609 0.23442855 0.23542856 "" "" 5.091924746617956 "" 1.1986146237998008 "" 0.91
306.28280420443 40.96649207221 0.0133 0.0154 7.4385 "" "" 2067658317849805952 1782.56421 0.5347 0.0172 -3.417 -4.164 0.016 0.019 1.169 "" "" 14.078988 1.451045 14.729857 13.278811 "" "" 1721.81909 1839.46118 43989.73515 11.863 17518.0 26.424 38693.0 24.063 "" "" 0.0027708337780280486 0.003235299 0.003839224 0.007074523 306.28280420443 40.96649207221 1782.56421 -3.417 -4.164 -0.3655118389129637 0.40584519958496124 0.23542856 0.23842855 "" "" 4.614842356934191 "" 1.0941315168430759 "" 0.87
306.34766536061 40.9571034544 0.0132 0.0159 5.715 "" "" 2067655225473788800 1734.60815 0.5444 0.0174 -2.761 -4.058 0.017 0.02 1.15 "" "" 14.242658 1.626257 14.998273 13.372016 "" "" 1677.4845 1788.66638 37834.10898 18.328 13681.0 24.547 35510.0 40.41 "" "" 0.0028050717163352694 0.0034029444 0.0039762203 0.007379165 306.34766536061 40.9571034544 1734.60815 -2.761 -4.058 0.290488161087036 0.5118451995849611 0.23642856 0.23942855 "" "" 4.838927964327542 "" 1.1550577061576894 "" 0.89
306.38376253998 41.00311244251 0.0125 0.0146 8.3428 "" "" 2067655775229155840 1861.11426 0.5051 0.0163 -2.144 -4.316 0.016 0.018 1.016 7192.3 3.7101 14.28011 1.277105 14.82937 13.552265 "" "" 1796.20544 1925.45801 36551.26878 9.6091 15983.0 25.207 30078.0 20.745 "" "" 0.0027700652619107196 0.003273701 0.0038528545 0.007126556 306.38376253998 41.00311244251 1861.11426 -2.144 -4.315999999999999 0.907488161087036 0.2538451995849611 0.23542856 0.23742855 "" "" 8.312871176786759 "" 1.958298485783707 "" 0.83
306.48624691372 40.96443075549 0.0121 0.0128 7.8341 "" "" 2067656015747291776 1695.39062 0.5623 0.0146 -3.031 -4.806 0.016 0.016 1.013 "" "" 14.378794 1.316209 14.951537 13.635328 "" "" 1652.00488 1736.47607 33375.6052 7.0127 14282.0 13.018 27863.0 18.912 "" "" 0.0027647481309337795 0.0029604807 0.00385056 0.0068110405 306.48624691372 40.96443075549 1695.39062 -3.0309999999999997 -4.805999999999999 0.020488161087035994 -0.2361548004150391 0.23542856 0.23542856 "" "" 1.9049044963496715 "" 0.4484689164172218 "" 0.98
306.32190410567 40.81663529831 0.0112 0.0135 3.7506 "" "" 2067647872489080832 1920.24805 0.4885 0.0144 -3.162 -4.238 0.015 0.018 0.987 9678.3 3.5599 14.388553 1.509179 15.073797 13.564618 104.55 8.54 1866.63782 1974.05994 33076.96912 11.935 12761.0 27.722 29738.0 26.332 "" "" 0.0027830317941021773 0.003653532 0.0038997417 0.007553274 306.32190410567 40.81663529831 1920.24805 -3.162 -4.238 -0.11051183891296379 0.3318451995849605 0.23442855 0.23742855 72.63 8.962857 3.1835336552379006 72.69973718339037 0.754913742392323 8.954320652494246 0.96
306.33617173589 40.76299528554 0.0358 0.0394 6.3299 "" "" 2067647185294299264 1628.11401 0.5827 0.0459 -3.083 -4.68 0.049 0.051 3.017 6599.5 2.8027 14.405721 1.385943 14.995034 13.609092 "" "" 1526.72046 1730.82959 32558.06936 18.466 13722.0 14.153 28544.0 13.236 "" "" 0.0028232954069585883 0.0030065072 0.003812768 0.006819275 306.33617173589 40.76299528554 1628.11401 -3.083 -4.68 -0.03151183891296405 -0.11015480041503878 0.26842856 0.27042854 "" "" 0.8841931696732928 "" 0.2389777563152053 "" 0.97
306.59231612626 40.90291766797 0.0119 0.0143 10.1055 "" "" 2067608255710929024 1683.95825 0.5632 0.0151 -3.162 -4.751 0.015 0.018 1.084 "" "" 14.412102 1.454525 15.064672 13.610147 "" "" 1643.80554 1724.42932 32367.25752 7.7369 12869.0 17.204 28517.0 15.544 "" "" 0.0027675159532379963 0.0031451266 0.003825437 0.006970564 306.59231612626 40.90291766797 1683.95825 -3.162 -4.751 -0.11051183891296379 -0.1811548004150394 0.23442855 0.23742855 "" "" 1.6937928260335426 "" 0.4007829844732049 "" 0.98
306.50582972249 40.76535780437 0.0118 0.0136 8.3783 "" "" 2067605403852398208 1802.18188 0.5232 0.015 -3.153 -5.025 0.015 0.017 1.09 "" "" 14.41331 1.232094 14.93926 13.707166 "" "" 1759.18896 1852.97949 32331.26852 7.9603 14445.0 17.174 26079.0 19.862 "" "" 0.002768257435230551 0.0030743065 0.0038687855 0.0069430918 306.50582972249 40.76535780437 1802.18188 -3.153 -5.025 -0.10151183891296389 -0.4551548004150394 0.23442855 0.23642856 "" "" 3.9836133823700015 "" 0.9414639717270675 "" 0.96
306.4692160753 40.91544360833 0.0121 0.0131 5.2457 "" "" 2067654332120106880 1950.04871 0.4815 0.0149 -3.185 -4.132 0.016 0.017 1.02 "" "" 14.439712 1.810548 15.313708 13.50316 "" "" 1902.51013 1996.11304 31554.56043 11.772 10231.0 15.006 31470.0 20.891 "" "" 0.00278493406933463 0.0032126326 0.0038474945 0.0070601273 306.4692160753 40.91544360833 1950.04871 -3.1850000000000005 -4.132 -0.13351183891296392 0.43784519958496126 0.23542856 0.23642856 "" "" 4.231076493280302 "" 0.9999880684574218 "" 0.95
306.41193134453 40.77294629984 0.0126 0.0136 5.7199 "" "" 2067600524769581184 1724.28955 0.5554 0.0153 -3.034 -5.207 0.016 0.017 0.944 "" "" 14.594213 1.307508 15.162418 13.85491 "" "" 1677.23389 1788.37012 27369.18756 6.1537 11761.0 15.769 22761.0 14.762 "" "" 0.0027661132842306453 0.0031470987 0.0038444223 0.006991521 306.41193134453 40.77294629984 1724.28955 -3.0340000000000016 -5.207000000000004 0.017488161087036325 -0.6371548004150389 0.23542856 0.23642856 "" "" 5.209511777725295 "" 1.2316734484307919 "" 0.95
306.37526330156 40.86702494198 0.0136 0.015 0.1695 "" "" 2067653919803256448 1736.51965 0.545 0.017 -2.731 -5.225 0.017 0.02 0.996 "" "" 14.705429 1.320866 15.279811 13.958945 "" "" 1685.7074 1794.61719 24704.44618 5.6364 10556.0 15.229 20681.0 11.825 "" "" 0.002766433039280042 0.003199779 0.0038300292 0.007029808 306.37526330156 40.86702494198 1736.51965 -2.731 -5.225 0.32048816108703626 -0.6551548004150387 0.23642856 0.23942855 "" "" 6.003293295201352 "" 1.4338999042640126 "" 0.95
306.2310495378 40.87064880265 0.0135 0.0173 6.566 "" "" 2067651652060329600 1674.67834 0.5714 0.0181 -3.41 -5.519 0.017 0.021 1.056 9807.3 3.7544 14.736035 1.417266 15.369278 13.952012 "" "" 1616.21179 1723.71899 24017.76812 17.003 9720.9 23.476 20814.0 42.518 "" "" 0.0028605211284375587 0.003828867 0.0043821 0.008210967 306.2310495378 40.87064880265 1674.67834 -3.41 -5.519 -0.358511838912964 -0.9491548004150392 0.23642856 0.24042855 "" "" 8.053918332487564 "" 1.932398927938289 "" 0.8
306.36582890051 40.92086226481 0.014 0.0158 3.4276 "" "" 2067654950595422464 1816.80554 0.5233 0.018 -2.991 -4.645 0.018 0.021 0.983 "" "" 14.747452 1.456477 15.400434 13.943957 "" "" 1760.80322 1871.77795 23766.55385 6.3214 9445.9 12.908 20969.0 15.094 "" "" 0.002770412411611282 0.0031601188 0.0038593432 0.007019462 306.36582890051 40.92086226481 1816.80554 -2.9909999999999983 -4.645 0.06048816108703603 -0.07515480041503864 0.23742855 0.24042855 "" "" 0.8307934859839656 "" 0.19877038948919742 "" 0.98
306.33601737406 40.84392830301 0.0158 0.0188 2.1661 "" "" 2067648044287774464 1619.36572 0.584 0.0205 -2.591 -4.661 0.022 0.026 1.271 "" "" 14.795509 1.716194 15.607808 13.891614 "" "" 1564.03845 1670.99622 22737.51814 6.5435 7803.6 15.494 22005.0 11.743 "" "" 0.002772980215067556 0.003525931 0.0038235371 0.007349468 306.33601737406 40.84392830301 1619.36572 -2.5910000000000006 -4.661 0.46048816108703594 -0.09115480041503865 0.24142855 0.24542856 "" "" 3.603198851764105 "" 0.8704628918446 "" 0.96
306.35154366045 40.89741974038 0.0142 0.0167 2.2701 "" "" 2067654744436989184 1680.55334 0.5675 0.019 -3.011 -4.624 0.019 0.022 0.941 7466.6 3.8768 14.816698 1.288509 15.373918 14.085408 "" "" 1621.43347 1750.57996 22298.07677 5.8575 9679.4 11.76 18408.0 15.306 "" "" 0.0027700425660715454 0.0030862787 0.0038857083 0.006971987 306.35154366045 40.89741974038 1680.55334 -3.011 -4.623999999999999 0.04048816108703601 -0.05415480041503873 0.23842855 0.24142855 "" "" 0.5386235643362535 "" 0.12946206006095803 "" 0.98
306.44584248971 40.69930652177 0.0147 0.017 10.3972 "" "" 2067599219099492992 1922.48572 0.4897 0.0189 -3.171 -4.221 0.02 0.021 1.006 "" "" 14.991824 1.103796 15.45099 14.347194 "" "" 1857.40002 1993.76855 18976.54344 4.2257 9016.1 10.669 14464.0 14.334 "" "" 0.0027659072758203732 0.0030717603 0.003929562 0.007001322 306.44584248971 40.69930652177 1922.48572 -3.1710000000000003 -4.221 -0.11951183891296369 0.34884519958496085 0.23942855 0.24042855 "" "" 3.3602584313700494 "" 0.807549760233236 "" 0.96
306.44165868932 40.98871451995 0.0169 0.0169 8.0499 "" "" 2067656943460241792 1774.41541 0.5312 0.0199 -3.002 -4.727 0.022 0.022 1.022 "" "" 15.02797 1.245151 15.560114 14.314962 "" "" 1714.94336 1831.63879 18355.18512 4.5636 8154.0 17.226 14900.0 16.822 "" "" 0.0027685120502654588 0.0036119442 0.003973196 0.00758514 306.44165868932 40.98871451995 1774.41541 -3.002 -4.727 0.04948816108703635 -0.15715480041503938 0.24142855 0.24142855 "" "" 1.3857734580416579 "" 0.3345652822270558 "" 0.98
306.33105358833 40.7906549538 0.0151 0.0174 4.8527 "" "" 2067647631970905984 1800.38525 0.5252 0.0194 -3.09 -4.878 0.021 0.024 1.005 8871.8 3.6615 15.078626 1.617081 15.821132 14.204051 "" "" 1742.24255 1860.51575 17518.48712 20.303 6411.6 34.398 16502.0 68.059 "" "" 0.00302904859991476 0.006458708 0.0058596255 0.012318334 306.33105358833 40.7906549538 1800.38525 -3.09 -4.878 -0.038511838912963725 -0.3081548004150392 0.24042855 0.24342856 "" "" 2.650196731574103 "" 0.6450120410022462 "" 0.97
306.18862152471 40.86175920388 0.0155 0.0196 8.4815 "" "" 2067651686420072832 1763.51978 0.5342 0.0211 -3.252 -5.426 0.021 0.024 1.033 "" "" 15.100087 1.564433 15.819128 14.254695 "" "" 1715.20056 1828.13171 17175.60242 4.5419 6423.4 9.3752 15750.0 14.935 "" "" 0.002770238647665448 0.0032087753 0.0039171046 0.0071258796 306.18862152471 40.86175920388 1763.51978 -3.252 -5.426 -0.20051183891296365 -0.8561548004150392 0.24042855 0.24342856 "" "" 7.350320829602124 "" 1.7881381000374175 "" 0.82
306.14399708767 40.83869651528 0.0161 0.021 10.6179 "" "" 2067650140232078976 1742.32336 0.5469 0.0217 -3.022 -4.712 0.022 0.025 0.999 "" "" 15.116541 1.675173 15.902907 14.227735 "" "" 1680.61731 1818.33301 16917.2735 5.5224 5946.4 11.647 16146.0 10.137 "" "" 0.0027780217777495513 0.0035081967 0.0038403631 0.00734856 306.14399708767 40.83869651528 1742.32336 -3.021999999999998 -4.712000000000003 0.029488161087036335 -0.1421548004150388 0.24142855 0.24442856 "" "" 1.198994113985004 "" 0.29292088499629204 "" 0.98
306.33124725458 40.71143313003 0.0236 0.0256 9.3843 "" "" 2067600043733249792 1840.08545 0.5195 0.029 -3.298 -4.582 0.03 0.033 1.446 "" "" 15.127517 1.576639 15.848512 14.271873 "" "" 1758.62012 1940.35022 16747.12251 5.8655 6251.9 14.205 15503.0 14.19 "" "" 0.002781437169234046 0.0037243387 0.0039078547 0.007632193 306.33124725458 40.71143313003 1840.08545 -3.2980000000000005 -4.582000000000001 -0.2465118389129639 -0.012154800415038913 0.24942856 0.25242856 "" "" 2.15268954374108 "" 0.5369579998029019 "" 0.96
