Clusters/LP_0503/LP_0503_stars_in_region.tsv
# %ECSV 1.0
# ---
# datatype:
# - name: RA_ICRS_1
#   unit: deg
#   datatype: float64
#   format: '{:15.11f}'
#   description: Right ascension (ICRS) at Ep=2016.0 (ra)
#   meta: !!omap
#   - {ucd: POS_EQ_RA_MAIN}
#   - {width: 15}
#   - {precision: '11'}
# - name: DE_ICRS_1
#   unit: deg
#   datatype: float64
#   format: '{:15.11f}'
#   description: Declination (ICRS) at Ep=2016.0 (dec)
#   meta: !!omap
#   - {ucd: POS_EQ_DEC_MAIN}
#   - {width: 15}
#   - {precision: '11'}
# - name: e_RA_ICRS
#   unit: mas
#   datatype: float64
#   format: '{:7.4f}'
#   description: Standard error of right ascension (ra_error)
#   meta: !!omap
#   - {ucd: ERROR}
#   - {width: 7}
#   - {precision: '4'}
# - name: e_DE_ICRS
#   unit: mas
#   datatype: float64
#   format: '{:7.4f}'
#   description: Standard error of declination (dec_error)
#   meta: !!omap
#   - {ucd: ERROR}
#   - {width: 7}
#   - {precision: '4'}
# - name: _r_1
#   unit: ''
#   datatype: float64
#   format: '{:7.4f}'
#   description: Distance from center (306.37550744000+40.86420595000)[ICRS], at Epoch=J2016.0
#   meta: !!omap
#   - {ucd: POS_ANG_DIST_GENERAL}
#   - {width: 7}
#   - {precision: '4'}
# - name: HIP
#   datatype: int32
#   description: '? HIP cross-id number, van Leeuwen, Cat. I/311 (hip_original_ext_source_id)'
#   meta: !!omap
#   - {ucd: ID_NUMBER}
#   - {width: 6}
#   - values: {'null': -2147483648}
# - name: TYC2
#   datatype: string
#   description: Tycho-2 cross-id name, Hog et al., Cat. I/259 (tyc2_original_ext_source_id)
#   meta: !!omap
#   - {ucd: ID_CROSSID}
#   - {_votable_string_dtype: char}
# - name: Source
#   datatype: int64
#   description: Source identifier, identical to the Gaia-EDR3 source_id (id)
#   meta: !!omap
#   - {ucd: ID_MAIN}
#   - {width: 19}
# - name: rgeo
#   unit: pc
#   datatype: float64
#   format: '{:15.8f}'
#   description: '? Median of the geometric distance posterior (r_med_geo)'
#   meta: !!omap
#   - {ucd: PHYS_DISTANCE_TRUE}
#   - {width: 15}
#   - {precision: '8'}
#   - values: {'null': .nan}
# - name: Plx
#   unit: mas
#   datatype: float64
#   format: '{:9.4f}'
#   description: '? Parallax (parallax)'
#   meta: !!omap
#   - {ucd: POS_PARLX_TRIG}
#   - {width: 9}
#   - {precision: '4'}
#   - values: {'null': .nan}
# - name: e_Plx
#   unit: mas
#   datatype: float32
#   format: '{:7.4f}'
#   description: '? Standard error of parallax (parallax_error)'
#   meta: !!omap
#   - {ucd: ERROR}
#   - {width: 7}
#   - {precision: '4'}
#   - values: {'null': .nan}
# - name: pmRA
#   unit: mas / yr
#   datatype: float64
#   format: '{:9.3f}'
#   description: '? Proper motion in right ascension direction, pmRA*cosDE (pmra)'
#   meta: !!omap
#   - {ucd: POS_EQ_PMRA}
#   - {width: 9}
#   - {precision: '3'}
#   - values: {'null': .nan}
# - name: pmDE
#   unit: mas / yr
#   datatype: float64
#   format: '{:9.3f}'
#   description: '? Proper motion in declination direction (pmdec)'
#   meta: !!omap
#   - {ucd: POS_EQ_PMDEC}
#   - {width: 9}
#   - {precision: '3'}
#   - values: {'null': .nan}
# - name: e_pmRA
#   unit: mas / yr
#   datatype: float32
#   format: '{:6.3f}'
#   description: '? Standard error of proper motion in right ascension direction (pmra_error)'
#   meta: !!omap
#   - {ucd: ERROR}
#   - {width: 6}
#   - {precision: '3'}
#   - values: {'null': .nan}
# - name: e_pmDE
[...]
#         value: !astropy.table.SerializedColumn {name: SkyCoord.dec}
#       distance: !astropy.table.SerializedColumn
#         __class__: astropy.coordinates.distances.Distance
#         unit: !astropy.units.Unit {unit: pc}
#         value: !astropy.table.SerializedColumn {name: SkyCoord.distance}
#       frame: icrs
#       obstime: !astropy.time.Time {format: jyear_str, in_subfmt: '*', jd1: 367701545.0, jd2: 0.0, out_subfmt: '*', precision: 3, scale: tt}
#       pm_dec: !astropy.table.SerializedColumn
#         __class__: astropy.units.quantity.Quantity
#         unit: !astropy.units.Unit {unit: mas / yr}
#         value: !astropy.table.SerializedColumn {name: SkyCoord.pm_dec}
#       pm_ra_cosdec: !astropy.table.SerializedColumn
#         __class__: astropy.units.quantity.Quantity
#         unit: !astropy.units.Unit {unit: mas / yr}
#         value: !astropy.table.SerializedColumn {name: SkyCoord.pm_ra_cosdec}
#       ra: !astropy.table.SerializedColumn
#         __class__: astropy.coordinates.angles.Longitude
#         unit: *id001
#         value: !astropy.table.SerializedColumn {name: SkyCoord.ra}
#         wrap_angle: !astropy.coordinates.Angle
#           unit: *id001
#           value: 360.0
#       representation_type: spherical
# schema: astropy-2.0
RA_ICRS_1 DE_ICRS_1 e_RA_ICRS e_DE_ICRS _r_1 HIP TYC2 Source rgeo Plx e_Plx pmRA pmDE e_pmRA e_pmDE RUWE Teff logg Gmag BP-RP BPmag RPmag RV e_RV b_rgeo B_rgeo FG e_FG FBP e_FBP FRP e_FRP RAVE5 RAVE6 e_Gmag e_BPmag e_RPmag e_BP-RP SkyCoord.ra SkyCoord.dec SkyCoord.distance SkyCoord.pm_ra_cosdec SkyCoord.pm_dec rmRA rmDE e_rmRA e_rmDE rRV e_rRV v_pec v_pec3d e_vpec e_vpec3d
[from data line 402]
306.35419700332 40.67559512694 0.0204 0.0225 11.358 "" "" 2067598974282009344 1788.49988 0.526 0.026 -1.932 -4.534 0.027 0.028 0.991 "" "" 15.67161 1.764598 16.514738 14.75014 "" "" 1717.76184 1861.0094 10146.18608 3.6382 3384.7 14.004 9979.3 11.88 "" "" 0.002782689417072078 0.005288161 0.003994291 0.009282452 306.35419700332 40.67559512694 1788.49988 -1.9320000000000008 -4.534 1.1194881610870362 0.03584519958496113 0.24642855 0.24742855 "" "" 9.495312773143569 "" 2.3399258964160756 ""
306.26066930959 40.43963619913 0.0213 0.0233 26.005 "" "" 2067498991743690496 1710.06042 0.5594 0.0267 -2.36 -4.942 0.03 0.031 1.029 "" "" 15.67408 1.45401 16.326225 14.872215 "" "" 1631.10938 1800.06763 10123.12946 3.2417 4026.5 14.28 8918.1 15.687 "" "" 0.002777169826850833 0.0047551994 0.0042345165 0.008989716 306.26066930959 40.43963619913 1710.06042 -2.3599999999999994 -4.942 0.6914881610870363 -0.37215480041503923 0.24942856 0.25042856 "" "" 6.365183832024636 "" 1.5890904353616477 ""
306.19748304185 40.46665914252 0.0213 0.0254 25.1913 "" "" 2067502187199389824 1941.1814 0.478 0.0278 -0.246 -0.25 0.029 0.031 0.974 "" "" 15.674301 2.711604 17.19292 14.481317 -47.29 7.69 1842.89246 2069.27686 10121.06641 4.47 1812.4 10.714 12783.0 23.019 "" "" 0.0027967351639074664 0.0069985697 0.00425515 0.01125372 306.19748304185 40.46665914252 1941.1814 -0.24599999999999994 -0.24999999999999992 2.805488161087036 4.319845199584961 0.24842855 0.25042856 -79.21000000000001 19.53 47.394509859770615 92.30635766212366 11.840898327790342 17.827786083577216
306.74904855243 41.08711763934 0.0223 0.0257 21.5686 "" "" 2067634266033364224 1675.66858 0.5627 0.0287 -2.689 -3.618 0.03 0.033 1.03 7987.6 3.903 15.679235 1.711408 16.485907 14.774499 "" "" 1610.7146 1770.93774 10075.17664 5.3249 3475.8 12.809 9758.0 17.086 "" "" 0.002814439558148596 0.004877934 0.0042305896 0.009108524 306.74904855243 41.08711763934 1675.66858 -2.689 -3.6179999999999994 0.3624881610870361 0.951845199584961 0.24942856 0.25242856 "" "" 8.089860724758177 "" 2.0390538973825545 ""
306.17531654769 40.85492445187 0.0201 0.0267 9.1015 "" "" 2067650277670800896 1490.8457 0.6442 0.0271 -3.519 -5.505 0.027 0.034 1.064 7972.6 3.9125 15.680531 1.800634 16.54182 14.741186 "" "" 1441.28687 1557.63293 10063.16705 4.8124 3301.3 14.037 10062.0 12.371 "" "" 0.00280381502719967 0.0053941817 0.004008198 0.009402379 306.17531654769 40.85492445187 1490.8457 -3.5190000000000015 -5.504999999999997 -0.467511838912964 -0.935154800415039 0.24642855 0.25342855 "" "" 7.388178412129701 "" 1.8621490944843428 ""
306.38111567488 40.88065327009 0.0204 0.0237 1.0191 "" "" 2067654018583255808 1718.64746 0.556 0.0262 -3.232 -4.802 0.027 0.031 0.945 7496.3 3.9623 15.682371 1.796372 16.549088 14.752716 "" "" 1640.56604 1808.82361 10046.11725 4.6599 3279.3 10.624 9955.7 15.037 "" "" 0.0028009680741965673 0.0044897315 0.0041198246 0.008609556 306.38111567488 40.88065327009 1718.64746 -3.232 -4.802 -0.18051183891296407 -0.23215480041503866 0.24642855 0.25042856 "" "" 2.3956530693623024 "" 0.5963474277177641 ""
306.45052848313 40.46032729883 0.0225 0.0234 24.4721 "" "" 2067580767919918848 1537.65698 0.6197 0.0278 -4.768 -9.157 0.03 0.031 0.996 5278.9 3.5684 15.684725 2.194818 16.82297 14.628152 "" "" 1470.45093 1602.79834 10024.36345 3.971 2548.2 9.7452 11166.0 14.852 "" "" 0.0027886867242577907 0.0050026067 0.0040458976 0.009048505 306.45052848313 40.46032729883 1537.65698 -4.768000000000005 -9.157 -1.7165118389129637 -4.587154800415039 0.24942856 0.25042856 "" "" 35.69755449677664 "" 8.935310141257958 ""
305.90097414157 40.79972346989 0.0212 0.0249 21.8874 "" "" 2067569051250492928 1774.5481 0.5337 0.0266 -3.407 -5.334 0.028 0.031 1.019 "" "" 15.68561 1.709639 16.493439 14.783799 "" "" 1702.85254 1857.22717 10016.19724 3.6257 3451.8 9.9215 9674.7 11.383 "" "" 0.002783209146807847 0.0041861674 0.003989436 0.008175604 305.90097414157 40.79972346989 1774.5481 -3.4070000000000005 -5.334 -0.3555118389129639 -0.7641548004150387 0.24742855 0.25042856 "" "" 7.089139357537201 "" 1.7715574596457655 ""
306.50307050131 40.89021902983 0.0204 0.0225 5.9939 "" "" 2067608599308328960 2009.74951 0.4693 0.0253 -0.063 -4.696 0.026 0.027 1.021 9233.1 3.8556 15.685883 1.658947 16.460804 14.801857 "" "" 1920.1272 2100.52686 10013.67526 3.7861 3557.1 13.227 9515.1 16.431 "" "" 0.00278573278894061 0.0049076197 0.0042188773 0.009126497 306.50307050131 40.89021902983 2009.74951 -0.06299999999999883 -4.695999999999996 2.988488161087036 -0.1261548004150388 0.24542856 0.24642855 "" "" 28.49432818388468 "" 6.993372784624152 ""
306.37772264172 40.96868650528 0.022 0.0243 6.2696 "" "" 2067655569070720384 1952.55713 0.4855 0.028 -3.069 -4.109 0.029 0.035 0.977 9257.7 3.8581 15.686719 1.635342 16.445864 14.810522 "" "" 1852.20935 2063.22778 10005.96683 4.1428 3606.4 20.081 9439.5 10.702 "" "" 0.0027917498307779877 0.0066583566 0.003974791 0.010633148 306.37772264172 40.96868650528 1952.55713 -3.0690000000000017 -4.109000000000002 -0.017511838912963817 0.46084519958496095 0.24842855 0.25442857 "" "" 4.268256240198536 "" 1.085929821422473 ""
306.71780777553 41.07888278145 0.0219 0.0245 20.1587 "" "" 2067634197313885568 1902.078 0.4985 0.0272 -2.357 -4.178 0.03 0.031 1.04 "" "" 15.694538 1.958624 16.647734 14.68911 "" "" 1809.9491 2006.53381 9934.17233 4.1316 2994.5 5.9922 10556.0 30.945 "" "" 0.0027920765619810534 0.003536295 0.0049410756 0.00847737 306.71780777553 41.07888278145 1902.078 -2.357 -4.178 0.6944881610870359 0.391845199584961 0.24942856 0.25042856 "" "" 7.18929343910014 "" 1.7949537431078837 ""
306.28335196387 41.12934223126 0.0229 0.0255 16.4465 "" "" 2067671993026128000 1612.81555 0.5877 0.0291 0.743 -0.792 0.031 0.035 1.043 "" "" 15.697062 2.066929 16.740376 14.673447 "" "" 1542.00049 1681.91455 9911.09557 4.052 2749.6 9.0705 10710.0 11.286 "" "" 0.0027908466045586293 0.0045402017 0.0039487667 0.008488968 306.28335196387 41.12934223126 1612.81555 0.7429999999999999 -0.792 3.794488161087036 3.777845199584961 0.25042856 0.25442857 "" "" 40.93349428224304 "" 10.332747531396379 ""
306.2579311037 40.52943750186 0.0222 0.0257 20.786 "" "" 2067502840034414976 1645.78381 0.5742 0.0283 -0.444 -5.804 0.03 0.031 1.005 7485.2 3.9271 15.702583 2.101847 16.780012 14.678165 "" "" 1573.48694 1712.27454 9860.83045 5.3911 2651.0 10.258 10663.0 15.445 "" "" 0.0028185352758846043 0.005043357 0.004093527 0.009136884 306.2579311037 40.52943750186 1645.78381 -0.4440000000000006 -5.8039999999999985 2.607488161087036 -1.2341548004150393 0.24942856 0.25042856 "" "" 22.504452029906368 "" 5.617378530600652 ""
306.80935168005 40.69452523588 0.0235 0.0261 22.1851 "" "" 2067587571148358272 1549.00049 0.612 0.0291 -1.03 -6.064 0.031 0.035 1.108 "" "" 15.704732 2.086973 16.764381 14.677408 "" "" 1488.26428 1618.79053 9841.33281 3.6714 2689.5 13.679 10671.0 21.732 "" "" 0.002784932666548971 0.0061870054 0.00437869 0.010565695 306.80935168005 40.69452523588 1549.00049 -1.0300000000000016 -6.064000000000003 2.021488161087036 -1.4941548004150391 0.25042856 0.25442857 "" "" 18.45657378258316 "" 4.648270295403495 ""
305.94434020674 40.99973001216 0.0212 0.0243 21.1685 "" "" 2067667320101073152 1659.323 0.5681 0.0269 -3.006 -5.127 0.027 0.03 1.019 9243.8 3.5223 15.710383 2.206284 16.854069 14.647785 "" "" 1595.96863 1740.29602 9790.24218 3.915 2476.2 9.1138 10966.0 12.612 "" "" 0.002789318096676287 0.004873807 0.0039803255 0.008854132 305.94434020674 40.99973001216 1659.323 -3.006 -5.127 0.04548816108703635 -0.5571548004150388 0.24642855 0.24942856 "" "" 4.396709628709948 "" 1.0965781135780348 ""
306.40547434223 41.00139796479 0.0228 0.0243 8.3428 "" "" 2067657183978423808 1736.75769 0.5515 0.0287 -2.734 -5.117 0.029 0.033 0.934 9599.0 4.088 15.711058 1.731482 16.53623 14.804749 "" "" 1640.77454 1825.22742 9784.16658 3.5787 3318.4 11.565 9489.8 12.96 "" "" 0.0027837917675765057 0.004701388 0.004059842 0.00876123 306.40547434223 41.00139796479 1736.75769 -2.7339999999999978 -5.117000000000003 0.31748816108703615 -0.547154800415039 0.24842855 0.25242856 "" "" 5.207672840164115 "" 1.3093496326873795 ""
306.61591863745 40.56143449365 0.0199 0.0249 21.2028 "" "" 2067587983464944896 1563.21545 0.6127 0.0262 0.862 2.042 0.028 0.033 0.942 7407.5 4.0516 15.716372 1.68577 16.512417 14.826647 "" "" 1486.24487 1616.67017 9736.3965 3.3689 3392.0 11.642 9300.4 13.709 "" "" 0.0027808132494377795 0.004655269 0.004104267 0.008759536 306.61591863745 40.56143449365 1563.21545 0.8619999999999997 2.042 3.9134881610870362 6.611845199584961 0.24742855 0.25242856 "" "" 56.92991189314844 "" 14.297429805859725 ""
306.80948077758 40.90682138761 0.0217 0.0257 19.8509 "" "" 2067627909481728256 1762.72595 0.5411 0.0278 -2.787 -5.044 0.029 0.033 1.051 "" "" 15.719759 1.902054 16.648296 14.746243 "" "" 1657.08728 1848.24548 9706.06804 3.7855 2992.9 10.073 10015.0 9.9777 "" "" 0.0027876694657911496 0.004597624 0.0039311303 0.008528754 306.80948077758 40.90682138761 1762.72595 -2.786999999999999 -5.043999999999997 0.2644881610870362 -0.47415480041503866 0.24842855 0.25242856 "" "" 4.53638349641773 "" 1.1408327223902872 ""
306.63196019251 40.9809064016 0.0596 0.0722 13.5721 "" "" 2067631998290604928 1719.87134 0.5468 0.0777 0.477 -3.264 0.081 0.089 1.792 5636.9 2.9411 15.725436 2.501389 16.773483 14.272095 -16.42 9.42 1550.08032 1923.38721 9655.44153 8.4002 2667.0 58.041 15500.0 433.26 "" "" 0.0029127363765084784 0.02379267 0.0305832 0.05437587 306.63196019251 40.9809064016 1719.87134 0.47699999999999987 -3.2639999999999976 3.528488161087036 1.3058451995849611 0.30042857 0.30842856 -48.34 21.26 30.67159073124616 57.249472294380716 9.244525826202493 18.62211012331745
306.46062671464 40.85656338456 0.0459 0.0518 3.8897 "" "" 2067607156199319808 1710.71667 0.5695 0.0597 -3.284 -4.429 0.061 0.071 2.243 "" "" 15.72579 1.489036 16.38667 14.897634 "" "" 1557.87891 1899.22559 9652.29856 5.1313 3808.5 8.8932 8711.7 14.15 "" "" 0.0028151271782303157 0.0037699821 0.0041705747 0.007940557 306.46062671464 40.85656338456 1710.71667 -3.2839999999999994 -4.429 -0.23251183891296368 0.14084519958496067 0.28042856 0.29042855 "" "" 2.2043272961178375 "" 0.6241500297145165 ""
306.70648021423 40.71484657129 0.0229 0.0264 17.5032 "" "" 2067591144561167232 1874.23279 0.4925 0.0288 -4.226 -5.386 0.031 0.034 1.067 "" "" 15.728789 2.180512 16.84756 14.667048 "" "" 1774.80786 1976.27185 9625.66834 4.1001 2491.1 7.8774 10773.0 12.107 "" "" 0.0027938632979675536 0.004424119 0.003971469 0.008395588 306.70648021423 40.71484657129 1874.23279 -4.225999999999997 -5.386000000000003 -1.1745118389129638 -0.8161548004150392 0.25042856 0.25342855 "" "" 12.706057633090914 "" 3.1944220887788473 ""
306.42741097648 40.91920921669 0.0231 0.0237 4.0538 "" "" 2067654469559482368 1891.91211 0.5045 0.0283 -3.178 -4.169 0.031 0.031 0.941 "" "" 15.730659 1.373555 16.338749 14.965194 "" "" 1801.91553 1998.8512 9609.10872 3.1178 3980.3 10.819 8186.2 10.526 "" "" 0.002777749347894159 0.004061343 0.0040289853 0.008090328 306.42741097648 40.91920921669 1891.91211 -3.1779999999999986 -4.169 -0.1265118389129638 0.40084519958496134 0.25042856 0.25042856 "" "" 3.7694292728932304 "" 0.9439727350166599 ""
305.97364077753 40.71564699948 0.0214 0.028 20.3153 "" "" 2067556063269317376 1732.05396 0.5486 0.0281 -3.039 -4.855 0.029 0.036 1.042 9516.4 4.0669 15.734753 1.765636 16.58068 14.815044 "" "" 1645.78516 1837.44971 9572.94593 3.357 3185.3 8.748 9400.3 11.793 "" "" 0.002781502001338361 0.0040836693 0.0040173405 0.00810101 305.97364077753 40.71564699948 1732.05396 -3.0389999999999993 -4.855 0.012488161087035987 -0.2851548004150395 0.24842855 0.25542855 "" "" 2.34334657081415 "" 0.5985266517499925 ""
306.59105877659 40.82876606454 0.0213 0.0252 10.0118 "" "" 2067604510499430272 1416.44434 0.668 0.0273 -6.154 -3.771 0.028 0.032 1.017 7712.7 3.9828 15.737608 1.86581 16.651405 14.785595 "" "" 1365.8335 1468.10327 9547.80301 3.5825 2984.4 8.6269 9658.7 11.333 "" "" 0.002785274401319428 0.0041994317 0.003988316 0.008187748 306.59105877659 40.82876606454 1416.44434 -6.154 -3.771000000000001 -3.102511838912964 0.798845199584961 0.24742855 0.25142854 "" "" 21.50951092148982 "" 5.327457094636687 ""
305.8394328553 40.77256325334 0.0232 0.0269 24.9549 "" "" 2067567676860982016 2025.0697 0.467 0.0289 -3.737 -5.19 0.03 0.033 1.093 9300.3 3.6664 15.738344 2.00934 16.716326 14.706985 "" "" 1934.93811 2164.02026 9541.33661 4.1543 2811.2 8.5602 10384.0 14.54 "" "" 0.0027955791576697252 0.004326126 0.004073694 0.00839982 305.8394328553 40.77256325334 2025.0697 -3.737000000000001 -5.190000000000001 -0.685511838912964 -0.6201548004150395 0.24942856 0.25242856 "" "" 8.873174884784992 "" 2.225243239240235 ""
306.47977634804 40.44905367 0.0222 0.0278 25.3572 "" "" 2067580527401734016 1740.78979 0.543 0.0303 -6.85 -6.655 0.03 0.035 1.137 7002.4 3.6756 15.746408 1.846256 16.645937 14.799681 "" "" 1672.83374 1846.42053 9470.72809 3.4345 2999.5 10.475 9534.2 12.891 "" "" 0.0027833104311971594 0.004707626 0.0040544737 0.0087621 306.47977634804 40.44905367 1740.78979 -6.849999999999997 -6.655000000000001 -3.7985118389129635 -2.0851548004150393 0.24942856 0.25442857 "" "" 35.7546654494536 "" 8.959948456570269 ""
305.93786042839 40.75394439739 0.0211 0.0259 20.9472 "" "" 2067567951738822912 1586.53345 0.5995 0.0275 -3.252 -5.358 0.027 0.032 0.921 "" "" 15.747885 1.718413 16.562817 14.844403 "" "" 1523.91919 1654.37756 9457.85913 3.2434 3238.1 8.0297 9149.5 12.353 "" "" 0.0027803635656748647 0.003877352 0.0040537072 0.007931059 305.93786042839 40.75394439739 1586.53345 -3.2519999999999984 -5.357999999999994 -0.20051183891296365 -0.7881548004150387 0.24642855 0.25142854 "" "" 6.11585763768519 "" 1.5358597015780173 ""
306.37813989541 40.70588283471 0.0229 0.0252 9.5001 "" "" 2067599150380039808 1751.25134 0.5384 0.0283 0.514 -2.264 0.031 0.032 1.094 "" "" 15.749323 2.12931 16.840315 14.711005 "" "" 1681.31543 1848.10901 9445.3386 3.6182 2507.8 10.389 10346.0 13.103 "" "" 0.002786533780680295 0.0052929875 0.0040217564 0.009314744 306.37813989541 40.70588283471 1751.25134 0.5140000000000001 -2.2640000000000002 3.5654881610870364 2.305845199584961 0.25042856 0.25142854 "" "" 35.246841395609074 "" 8.837224388807206 ""
306.42411758813 40.97399079935 0.0286 0.0298 6.946 "" "" 2067656909100504576 1939.00635 0.4551 0.0346 2.28 -0.372 0.036 0.039 1.036 "" "" 15.759317 3.565678 17.965084 14.399406 -41.1 4.59 1809.51758 2094.78271 9358.79366 5.7257 889.99 7.5825 13785.0 27.485 "" "" 0.0028342583538193944 0.009661855 0.0043554553 0.01401731 306.42411758813 40.97399079935 1939.00635 2.2800000000000002 -0.37199999999999983 5.3314881610870355 4.197845199584961 0.25542855 0.25842854 -73.02000000000001 16.43 62.36726348890956 96.02914117649429 16.00224125745249 16.250944313902014
306.4036666438 41.23334180745 0.0236 0.0261 22.1848 "" "" 2067697625390983936 1660.32983 0.5593 0.0297 -4.455 -9.843 0.034 0.033 0.984 7640.8 3.3318 15.765382 2.624419 17.213522 14.589103 "" "" 1575.1084 1747.27771 9306.66743 4.2889 1778.3 11.002 11575.0 19.916 "" "" 0.0028003824696380616 0.0072736763 0.004215876 0.011489552 306.4036666438 41.23334180745 1660.32983 -4.454999999999997 -9.843 -1.403511838912964 -5.273154800415039 0.25342855 0.25242856 "" "" 42.94434088125524 "" 10.843224410686362 ""
306.05328907813 40.55849556824 0.026 0.031 23.4778 "" "" 2067549844156576768 1793.24048 0.5305 0.0333 -3.459 -4.781 0.036 0.04 1.237 "" "" 15.768447 1.707519 16.571152 14.863633 "" "" 1704.97791 1882.83008 9280.42725 3.2065 3213.3 12.385 8988.9 7.826 "" "" 0.0027807401311089703 0.005029626 0.0038958015 0.008925428 306.05328907813 40.55849556824 1793.24048 -3.4590000000000005 -4.781000000000001 -0.40751183891296394 -0.21115480041503876 0.25542855 0.25942856 "" "" 3.9012153581546016 "" 0.9998050218131092 ""
