Clusters/LP_0503/LP_0503_stars_in_region.tsv
# %ECSV 1.0
# ---
# datatype:
# - name: RA_ICRS_1
#   unit: deg
#   datatype: float64
#   format: '{:15.11f}'
#   description: Right ascension (ICRS) at Ep=2016.0 (ra)
#   meta: !!omap
#   - {ucd: POS_EQ_RA_MAIN}
#   - {width: 15}
#   - {precision: '11'}
# - name: DE_ICRS_1
#   unit: deg
#   datatype: float64
#   format: '{:15.11f}'
#   description: Declination (ICRS) at Ep=2016.0 (dec)
#   meta: !!omap
#   - {ucd: POS_EQ_DEC_MAIN}
#   - {width: 15}
#   - {precision: '11'}
# - name: e_RA_ICRS
#   unit: mas
#   datatype: float64
#   format: '{:7.4f}'
#   description: Standard error of right ascension (ra_error)
#   meta: !!omap
#   - {ucd: ERROR}
#   - {width: 7}
#   - {precision: '4'}
# - name: e_DE_ICRS
#   unit: mas
#   datatype: float64
#   format: '{:7.4f}'
#   description: Standard error of declination (dec_error)
#   meta: !!omap
#   - {ucd: ERROR}
#   - {width: 7}
#   - {precision: '4'}
# - name: _r_1
#   unit: ''
#   datatype: float64
#   format: '{:7.4f}'
#   description: Distance from center (306.37550744000+40.86420595000)[ICRS], at Epoch=J2016.0
#   meta: !!omap
#   - {ucd: POS_ANG_DIST_GENERAL}
#   - {width: 7}
#   - {precision: '4'}
# - name: HIP
#   datatype: int32
#   description: '? HIP cross-id number, van Leeuwen, Cat. I/311 (hip_original_ext_source_id)'
#   meta: !!omap
#   - {ucd: ID_NUMBER}
#   - {width: 6}
#   - values: {'null': -2147483648}
# - name: TYC2
#   datatype: string
#   description: Tycho-2 cross-id name, Hog et al., Cat. I/259 (tyc2_original_ext_source_id)
#   meta: !!omap
#   - {ucd: ID_CROSSID}
#   - {_votable_string_dtype: char}
# - name: Source
#   datatype: int64
#   description: Source identifier, identical to the Gaia-EDR3 source_id (id)
#   meta: !!omap
#   - {ucd: ID_MAIN}
#   - {width: 19}
# - name: rgeo
#   unit: pc
#   datatype: float64
#   format: '{:15.8f}'
#   description: '? Median of the geometric distance posterior (r_med_geo)'
#   meta: !!omap
#   - {ucd: PHYS_DISTANCE_TRUE}
#   - {width: 15}
#   - {precision: '8'}
#   - values: {'null': .nan}
# - name: Plx
#   unit: mas
#   datatype: float64
#   format: '{:9.4f}'
#   description: '? Parallax (parallax)'
#   meta: !!omap
#   - {ucd: POS_PARLX_TRIG}
#   - {width: 9}
#   - {precision: '4'}
#   - values: {'null': .nan}
# - name: e_Plx
#   unit: mas
#   datatype: float32
#   format: '{:7.4f}'
#   description: '? Standard error of parallax (parallax_error)'
#   meta: !!omap
#   - {ucd: ERROR}
#   - {width: 7}
#   - {precision: '4'}
#   - values: {'null': .nan}
# - name: pmRA
#   unit: mas / yr
#   datatype: float64
#   format: '{:9.3f}'
#   description: '? Proper motion in right ascension direction, pmRA*cosDE (pmra)'
#   meta: !!omap
#   - {ucd: POS_EQ_PMRA}
#   - {width: 9}
#   - {precision: '3'}
#   - values: {'null': .nan}
# - name: pmDE
#   unit: mas / yr
#   datatype: float64
#   format: '{:9.3f}'
#   description: '? Proper motion in declination direction (pmdec)'
#   meta: !!omap
#   - {ucd: POS_EQ_PMDEC}
#   - {width: 9}
#   - {precision: '3'}
#   - values: {'null': .nan}
# - name: e_pmRA
#   unit: mas / yr
#   datatype: float32
#   format: '{:6.3f}'
#   description: '? Standard error of proper motion in right ascension direction (pmra_error)'
#   meta: !!omap
#   - {ucd: ERROR}
#   - {width: 6}
#   - {precision: '3'}
#   - values: {'null': .nan}
# - name: e_pmDE
[...]
#         value: !astropy.table.SerializedColumn {name: SkyCoord.dec}
#       distance: !astropy.table.SerializedColumn
#         __class__: astropy.coordinates.distances.Distance
#         unit: !astropy.units.Unit {unit: pc}
#         value: !astropy.table.SerializedColumn {name: SkyCoord.distance}
#       frame: icrs
#       obstime: !astropy.time.Time {format: jyear_str, in_subfmt: '*', jd1: 367701545.0, jd2: 0.0, out_subfmt: '*', precision: 3, scale: tt}
#       pm_dec: !astropy.table.SerializedColumn
#         __class__: astropy.units.quantity.Quantity
#         unit: !astropy.units.Unit {unit: mas / yr}
#         value: !astropy.table.SerializedColumn {name: SkyCoord.pm_dec}
#       pm_ra_cosdec: !astropy.table.SerializedColumn
#         __class__: astropy.units.quantity.Quantity
#         unit: !astropy.units.Unit {unit: mas / yr}
#         value: !astropy.table.SerializedColumn {name: SkyCoord.pm_ra_cosdec}
#       ra: !astropy.table.SerializedColumn
#         __class__: astropy.coordinates.angles.Longitude
#         unit: *id001
#         value: !astropy.table.SerializedColumn {name: SkyCoord.ra}
#         wrap_angle: !astropy.coordinates.Angle
#           unit: *id001
#           value: 360.0
#       representation_type: spherical
# schema: astropy-2.0
RA_ICRS_1 DE_ICRS_1 e_RA_ICRS e_DE_ICRS _r_1 HIP TYC2 Source rgeo Plx e_Plx pmRA pmDE e_pmRA e_pmDE RUWE Teff logg Gmag BP-RP BPmag RPmag RV e_RV b_rgeo B_rgeo FG e_FG FBP e_FBP FRP e_FRP RAVE5 RAVE6 e_Gmag e_BPmag e_RPmag e_BP-RP SkyCoord.ra SkyCoord.dec SkyCoord.distance SkyCoord.pm_ra_cosdec SkyCoord.pm_dec rmRA rmDE e_rmRA e_rmDE rRV e_rRV v_pec v_pec3d e_vpec e_vpec3d
[from data line 529]
306.62839571897 41.16157911335 0.0293 0.034 21.1999 "" "" 2067682472746034560 1917.9071 0.482 0.0368 -2.176 -3.314 0.039 0.044 1.149 8607.2 2.7743 16.0682 2.695183 17.562155 14.866972 "" "" 1769.83203 2077.17676 7041.52662 5.6104 1289.9 11.414 8961.3 23.324 "" "" 0.0028879293204064145 0.010004363 0.0047190487 0.014723412 306.62839571897 41.16157911335 1917.9071 -2.176 -3.314 0.875488161087036 1.2558451995849609 0.25842854 0.26342857 "" "" 13.917144156856796 "" 3.6435615992388626 ""
306.70143927976 41.00942956497 0.0255 0.033 17.1514 "" "" 2067632376247873280 1600.81982 0.5968 0.034 -2.78 -7.089 0.034 0.045 1.017 9529.9 4.0682 16.072178 1.901362 17.005947 15.104585 "" "" 1523.75952 1688.10022 7015.77182 2.8139 2153.0 9.3401 7199.9 10.33 "" "" 0.0027895201867486476 0.00547451 0.0040878253 0.009562336 306.70143927976 41.00942956497 1600.81982 -2.78 -7.089 0.27148816108703633 -2.5191548004150395 0.25342855 0.26442856 "" "" 19.225742630586296 "" 5.081457281442695 ""
306.46241155326 40.60724799754 0.0269 0.0298 15.9157 "" "" 2067595473887982848 2106.23389 0.4261 0.0342 -3.298 -9.274 0.036 0.041 1.007 7268.5 2.3846 16.076723 3.41685 18.148996 14.732146 "" "" 1984.10339 2221.93433 6986.46917 4.2308 751.31 9.2629 10146.0 19.239 "" "" 0.0028326811162855915 0.013673738 0.004303759 0.017977497 306.46241155326 40.60724799754 2106.23389 -3.297999999999999 -9.273999999999997 -0.2465118389129639 -4.704154800415038 0.25542855 0.26042855 "" "" 47.02859758932698 "" 12.246951591815126 ""
306.54135121128 40.97368612385 0.0256 0.0284 9.9843 "" "" 2067609458301794304 1718.87976 0.5403 0.0315 0.671 -1.94 0.033 0.035 0.953 7086.6 3.2412 16.078459 2.629467 17.534668 14.905201 "" "" 1617.20178 1821.16187 6975.31115 3.4132 1323.0 9.5237 8651.2 16.608 "" "" 0.002806073149544958 0.008298847 0.0043160324 0.01261488 306.54135121128 40.97368612385 1718.87976 0.671 -1.94 3.7224881610870364 2.629845199584961 0.25242856 0.25442857 "" "" 37.13415027328601 "" 9.398511963123061 ""
306.70014222413 41.02587101033 0.0263 0.0316 17.6223 "" "" 2067632582406303104 1567.47925 0.611 0.0329 -5.677 -7.19 0.034 0.04 0.992 15007.0 4.3239 16.082705 2.098483 17.156492 15.058009 "" "" 1492.40015 1641.63708 6948.07645 2.8392 1874.2 11.292 7515.4 11.503 "" "" 0.002790811443100767 0.007111726 0.0041286033 0.01124033 306.70014222413 41.02587101033 1567.47925 -5.677000000000001 -7.190000000000005 -2.6255118389129635 -2.6201548004150395 0.25342855 0.25942856 "" "" 27.55916522781041 "" 7.0672716647843705 ""
306.46435590876 40.57171617009 0.026 0.0314 18.0085 "" "" 2067594546175034752 1767.05225 0.5374 0.0346 -3.915 -5.335 0.035 0.041 1.052 "" "" 16.084833 1.876308 16.99915 15.122842 "" "" 1673.69275 1892.82275 6934.47417 2.9678 2166.5 10.262 7079.8 10.872 "" "" 0.0027942276837998586 0.005850914 0.0041308114 0.009981725 306.46435590876 40.57171617009 1767.05225 -3.915 -5.335 -0.8635118389129639 -0.765154800415039 0.25442857 0.26042855 "" "" 9.663522244711917 "" 2.4843444760844093 ""
306.73989868865 40.81476743926 0.025 0.0318 16.8046 "" "" 2067592003554635648 1666.7207 0.5813 0.0336 -2.941 -5.281 0.031 0.041 1.006 9221.1 3.7405 16.085402 1.71005 16.895514 15.185464 "" "" 1570.37842 1783.91687 6930.84139 2.8363 2383.5 9.0321 6683.0 11.864 "" "" 0.002790914683486439 0.0049711834 0.0042425 0.009213683 306.73989868865 40.81476743926 1666.7207 -2.941 -5.281 0.1104881610870363 -0.7111548004150388 0.25042856 0.26042855 "" "" 5.685708364108139 "" 1.4794058430127104 ""
306.37370119207 41.15806600761 0.0272 0.0299 17.6318 "" "" 2067662166140963072 1445.0647 0.6589 0.0345 -0.558 -4.234 0.036 0.039 0.924 "" "" 16.087978 2.378824 17.345808 14.966984 "" "" 1377.50415 1517.13391 6914.41208 3.4257 1574.3 11.844 8172.7 19.221 "" "" 0.002807338283236934 0.008631758 0.0045611463 0.013192905 306.37370119207 41.15806600761 1445.0647 -0.5579999999999999 -4.234 2.4934881610870363 0.33584519958496095 0.25542855 0.25842854 "" "" 17.233636547350567 "" 4.402889349187886 ""
305.99236246025 40.57051499367 0.0248 0.0312 24.7812 "" "" 2067550050315039232 2083.43628 0.4604 0.0322 -1.871 -3.792 0.035 0.042 1.023 9110.2 3.9132 16.089022 2.043647 17.119244 15.075597 "" "" 1934.52332 2299.96362 6907.77573 3.06 1939.6 7.6625 7394.7 9.8634 "" "" 0.0027969823687434376 0.0051169153 0.004047348 0.0091642635 305.99236246025 40.57051499367 2083.43628 -1.8709999999999989 -3.791999999999998 1.1804881610870361 0.7778451995849611 0.25442857 0.26142856 "" "" 13.961144163859569 "" 3.5819809123488606 ""
306.70628136148 40.75570406496 0.0364 0.0439 16.3714 "" "" 2067591763036464768 1814.17957 0.4933 0.0474 -0.901 -0.202 0.049 0.057 0.961 6987.3 2.0637 16.090212 4.237831 18.859154 14.621323 14.26 5.69 1679.55676 1980.06091 6900.21063 8.264 390.62 7.2331 11236.0 25.355 "" "" 0.003046742073455949 0.020297239 0.0045040543 0.024801293 306.70628136148 40.75570406496 1814.17957 -0.901 -0.202 2.1504881610870363 4.367845199584961 0.26842856 0.27642855 -17.660000000000004 17.53 41.86559404850599 45.43790889812493 11.508264215566781 12.603742512087804
306.29110847474 41.25503997126 0.0274 0.0302 23.7589 "" "" 2067675360280524032 1667.36548 0.5597 0.0346 -2.981 -7.323 0.037 0.041 0.992 "" "" 16.095825 2.276894 17.289146 15.012253 "" "" 1576.71655 1765.87366 6864.62288 3.2324 1658.7 11.234 7838.9 16.157 "" "" 0.002802349945313358 0.007864999 0.004392229 0.012257228 306.29110847474 41.25503997126 1667.36548 -2.981 -7.323 0.07048816108703626 -2.7531548004150395 0.25642854 0.26042855 "" "" 21.766172736606492 "" 5.668476162536338 ""
306.26594705687 40.80608883106 0.024 0.0464 6.0742 "" "" 2067648319165689600 1869.40869 0.4979 0.0343 -2.306 -4.431 0.033 0.054 1.018 "" "" 16.096294 "" "" "" "" "" 1776.30066 1984.89563 6861.6618 91.142 "" "" "" "" "" "" 0.014682452748346246 "" "" "" 306.26594705687 40.80608883106 1869.40869 -2.306 -4.431 0.7454881610870361 0.1388451995849609 0.25242856 0.27342856 "" "" 6.719362515516584 "" 1.7010792723206556 ""
306.05978438844 40.63276923155 0.0239 0.0298 19.9695 "" "" 2067551729643255424 1555.3418 0.6172 0.031 -2.592 -5.838 0.034 0.039 0.993 "" "" 16.102085 1.857511 17.006197 15.148686 "" "" 1482.27454 1629.73206 6825.15904 3.0899 2152.5 10.304 6913.3 11.572 "" "" 0.0027988207764562865 0.0058989935 0.0041936403 0.010092634 306.05978438844 40.63276923155 1555.3418 -2.592 -5.837999999999999 0.45948816108703605 -1.2681548004150391 0.25342855 0.25842854 "" "" 9.94401639945375 "" 2.5640972741267922 ""
306.40096303112 40.86000054804 0.0247 0.0295 1.1823 "" "" 2067653816724035200 1665.49866 0.5705 0.0315 -3.146 -4.738 0.033 0.042 0.958 7481.4 3.9284 16.103334 1.812586 16.946161 15.133575 "" "" 1565.99353 1756.0813 6817.31323 2.9562 2274.8 19.082 7010.2 25.81 "" "" 0.002795255018368143 0.00952543 0.0055012046 0.015026635 306.40096303112 40.86000054804 1665.49866 -3.146 -4.738 -0.09451183891296377 -0.1681548004150395 0.25242856 0.26142856 "" "" 1.522803457083325 "" 0.39485756043523484 ""
306.49397162893 40.82888303076 0.024 0.028 5.7795 "" "" 2067606159766895616 1792.6394 0.5349 0.0304 -3.243 -4.126 0.033 0.037 0.982 9398.6 3.959 16.105108 1.581881 16.839106 15.257225 "" "" 1713.46838 1885.04712 6806.1774 2.7075 2510.6 9.7108 6255.6 9.2153 "" "" 0.00278896618966007 0.005041943 0.0041038883 0.009145832 306.49397162893 40.82888303076 1792.6394 -3.2429999999999994 -4.1259999999999994 -0.19151183891296375 0.4438451995849606 0.25242856 0.25642854 "" "" 4.107501455447144 "" 1.0507188211999858 ""
306.75031275538 40.90352624895 0.0286 0.0368 17.1649 "" "" 2067628046920836992 1698.4458 0.5412 0.0379 -3.258 -2.265 0.038 0.05 0.962 "" "" 16.108938 3.502708 18.2542 14.751492 "" "" 1598.76697 1801.94824 6782.2125 4.7999 681.92 13.454 9966.9 16.949 "" "" 0.002860458317859253 0.021602077 0.0042062625 0.02580834 306.75031275538 40.90352624895 1698.4458 -3.258 -2.2649999999999997 -0.20651183891296387 2.304845199584961 0.25742856 0.26942855 "" "" 18.6297956093065 "" 5.017657765055524 ""
306.17576404527 40.88497130228 0.0261 0.0318 9.1473 "" "" 2067652545413537024 1515.60181 0.6247 0.0347 1.441 -1.224 0.034 0.039 0.957 7573.9 4.1897 16.109255 1.7812 16.96595 15.18475 "" "" 1429.76697 1604.84961 6780.23136 3.1721 2233.8 10.957 6687.4 12.538 "" "" 0.0028017511258394954 0.0060122767 0.0042927205 0.010304997 306.17576404527 40.88497130228 1515.60181 1.4409999999999998 -1.2239999999999998 4.492488161087036 3.3458451995849607 0.25342855 0.25842854 "" "" 40.24112052880203 "" 10.270486799900757 ""
306.13584248684 40.82819101279 0.0893 0.1158 11.0905 "" "" 2067650140231850368 1921.74963 0.5699 0.1204 0.56 -2.007 0.121 0.139 3.904 5398.8 4.6863 16.109373 1.452161 16.670994 15.218833 "" "" 1528.87549 2509.34155 6779.50196 11.526 2931.0 10.541 6480.7 41.669 "" "" 0.003316487327926201 0.004799158 0.007938362 0.01273752 306.13584248684 40.82819101279 1921.74963 0.5600000000000004 -2.007 3.611488161087036 2.562845199584961 0.34042856 0.35842854 "" "" 40.3390126481406 "" 13.979940682998272 ""
306.51820995388 40.86399648272 0.025 0.0287 6.4753 "" "" 2067606297205850752 1816.42932 0.5267 0.0317 -2.903 -4.69 0.033 0.037 1.03 7091.8 4.0285 16.109652 1.810454 16.990221 15.179767 "" "" 1719.0863 1919.77246 6777.76163 4.3086 2184.4 11.062 6718.2 16.326 "" "" 0.0028404513313503694 0.0061657107 0.0046092537 0.0107749645 306.51820995388 40.86399648272 1816.42932 -2.903 -4.690000000000001 0.1484881610870361 -0.12015480041503945 0.25242856 0.25642854 "" "" 1.6445967840714 "" 0.41775858534597304 ""
306.38653600951 40.46880444857 0.0261 0.03 23.7294 "" "" 2067592136693713920 1442.98914 0.6563 0.0342 -1.098 -4.823 0.036 0.04 1.04 6358.8 4.0541 16.11118 1.840083 17.00743 15.167346 "" "" 1373.82092 1528.5907 6768.22872 2.9346 2150.0 12.762 6795.5 16.564 "" "" 0.002795246498702194 0.007022789 0.004613845 0.011636634 306.38653600951 40.46880444857 1442.98914 -1.0980000000000008 -4.823 1.953488161087036 -0.25315480041503946 0.25542855 0.25942856 "" "" 13.47313456281418 "" 3.442320231014236 ""
306.47322313836 40.8182007555 0.0247 0.0282 5.2242 "" "" 2067606503364281728 1791.9491 0.5287 0.0313 -3.095 -4.092 0.033 0.041 0.925 9306.1 3.9722 16.116442 1.455269 16.775114 15.319845 "" "" 1709.12817 1881.23511 6735.49816 2.7675 2663.0 11.397 5905.0 10.062 "" "" 0.002791201133041923 0.0054200343 0.0042079086 0.009627943 306.47322313836 40.8182007555 1791.9491 -3.0950000000000006 -4.091999999999999 -0.04351183891296406 0.4778451995849613 0.25242856 0.26042855 "" "" 4.075532133583966 "" 1.0611208814319595 ""
306.57496208348 40.9947481268 0.0291 0.0329 11.9623 "" "" 2067609527021869056 1943.93066 0.4652 0.0357 -0.739 -2.816 0.039 0.042 1.007 "" "" 16.116728 3.326497 18.109077 14.78258 "" "" 1834.83655 2109.90381 6733.73357 3.0776 779.45 11.168 9685.6 16.163 "" "" 0.0027996483394033276 0.015804723 0.00419124 0.019995963 306.57496208348 40.9947481268 1943.93066 -0.7390000000000003 -2.816 2.3124881610870363 1.753845199584961 0.25842854 0.26142856 "" "" 26.742827397362355 "" 6.940514070847532 ""
306.55292733436 40.87546042824 0.0253 0.0295 8.0781 "" "" 2067607736015668608 1749.61072 0.5398 0.0316 -2.825 -5.358 0.033 0.038 0.959 9345.5 3.8116 16.119192 1.590329 16.853271 15.262942 "" "" 1662.12085 1867.61523 6718.46393 2.819 2478.0 10.003 6222.7 8.3948 "" "" 0.00279272768883973 0.0051955874 0.004053288 0.009248875 306.55292733436 40.87546042824 1749.61072 -2.8250000000000006 -5.357999999999999 0.22648816108703596 -0.7881548004150387 0.25242856 0.25742856 "" "" 6.800816136734093 "" 1.7481537691936726 ""
306.72826993864 40.60204331916 0.0323 0.0421 22.4646 "" "" 2067585372124794368 1524.73401 0.6347 0.0418 -0.702 1.898 0.044 0.058 1.264 "" "" 16.123766 1.698476 16.91371 15.215234 "" "" 1438.00134 1614.97974 6690.21413 5.7122 2343.9 7.8239 6502.3 12.197 "" "" 0.0029070861668488534 0.0045738006 0.0042931987 0.008866999 306.72826993864 40.60204331916 1524.73401 -0.7019999999999997 1.8980000000000001 2.349488161087036 6.467845199584961 0.26342857 0.27742857 "" "" 49.7332351573488 "" 13.718074259657488 ""
306.72089508332 41.07958671355 0.0278 0.0324 20.2933 "" "" 2067634197314003584 1612.47473 0.598 0.0352 -3.362 -3.021 0.038 0.043 0.991 "" "" 16.126303 2.257195 17.306122 15.048927 "" "" 1515.78906 1701.75049 6674.60371 3.0406 1632.9 10.744 7578.6 12.895 "" "" 0.002799361187632878 0.0076693716 0.0042067263 0.011876098 306.72089508332 41.07958671355 1612.47473 -3.362 -3.021 -0.31051183891296397 1.548845199584961 0.25742856 0.26242855 "" "" 12.073579353216639 "" 3.166140766307785 ""
306.70111933553 41.03816144598 0.0268 0.0331 18.0738 "" "" 2067632616766040832 1527.51599 0.6201 0.0341 -2.653 -6.986 0.034 0.041 0.971 "" "" 16.128014 1.799539 16.989231 15.189692 "" "" 1471.49097 1598.92114 6664.10014 2.8782 2186.4 11.788 6657.0 10.639 "" "" 0.00279493836191122 0.006484716 0.004158678 0.010643395 306.70111933553 41.03816144598 1527.51599 -2.653 -6.986 0.3984881610870361 -2.416154800415039 0.25342855 0.26042855 "" "" 17.73031830444657 "" 4.6142375270375595 ""
306.15025977507 40.62032027021 0.0259 0.0324 17.8599 "" "" 2067551115466880000 1680.87036 0.5568 0.0334 -3.472 -5.375 0.036 0.044 1.032 9244.8 3.6983 16.143871 2.144692 17.24325 15.098557 "" "" 1590.59912 1785.06335 6567.47425 3.2099 1730.3 11.341 7239.9 12.413 "" "" 0.002805956308205474 0.0076437406 0.004212956 0.011856697 306.15025977507 40.62032027021 1680.87036 -3.4720000000000004 -5.375000000000001 -0.42051183891296384 -0.8051548004150391 0.25542855 0.26342857 "" "" 7.237140897422665 "" 1.8942105604779669 ""
306.43347420048 41.09365814545 0.0291 0.031 14.0153 "" "" 2067660860470894464 1887.67261 0.4983 0.0368 -2.948 -5.127 0.037 0.039 1.032 8599.4 3.502 16.144636 1.795175 17.009047 15.213872 "" "" 1752.5835 2039.58276 6562.85012 2.7743 2146.8 7.1155 6510.4 12.205 "" "" 0.0027932854827618296 0.0045535965 0.0042926297 0.008846226 306.43347420048 41.09365814545 1887.67261 -2.948 -5.127 0.10348816108703618 -0.5571548004150388 0.25642854 0.25842854 "" "" 5.070447789406643 "" 1.3100115022168897 ""
306.63611641901 41.0484071056 0.0264 0.0334 16.174 "" "" 2067633544478984192 1946.57874 0.4906 0.0337 -1.966 -4.206 0.035 0.043 0.994 "" "" 16.145622 1.882731 17.053473 15.170742 "" "" 1850.61987 2079.99902 6556.89136 3.0088 2060.8 14.109 6774.3 11.758 "" "" 0.002800001934675218 0.007939759 0.004223153 0.012162912 306.63611641901 41.0484071056 1946.57874 -1.966000000000001 -4.206 1.0854881610870362 0.36384519958496053 0.25442857 0.26242855 "" "" 10.563227791315862 "" 2.696242597830145 ""
306.21054929527 40.80210981392 0.0287 0.0343 8.3642 "" "" 2067646979135904640 1893.19763 0.4831 0.0377 -3.286 -4.556 0.037 0.042 1.042 8059.3 3.6233 16.152584 3.073955 17.95131 14.877355 "" "" 1781.82593 2033.12244 6514.98479 3.0997 901.35 9.469 8876.0 14.179 "" "" 0.0028033258209230897 0.011742352 0.0041583553 0.015900707 306.21054929527 40.80210981392 1893.19763 -3.286000000000001 -4.555999999999999 -0.2345118389129639 0.013845199584960888 0.25642854 0.26142856 "" "" 2.108116577150947 "" 0.540618223283385 ""
306.87118864706 41.00460024696 0.0272 0.0343 23.9952 "" "" 2067630074145387648 1620.87427 0.5808 0.0361 -2.765 -5.101 0.036 0.047 0.979 9221.6 3.8653 16.155704 2.028572 17.169676 15.141104 "" "" 1515.49084 1722.53296 6496.27893 3.0973 1851.6 16.346 6961.7 13.403 "" "" 0.002803526207257953 0.009982775 0.004318927 0.014301702 306.87118864706 41.00460024696 1620.87427 -2.7650000000000006 -5.100999999999997 0.286488161087036 -0.531154800415039 0.25542855 0.26642856 "" "" 4.63658440750821 "" 1.2240102232757442 ""
