Clusters/LP_0503/LP_0503_stars_in_region.tsv
# %ECSV 1.0
# ---
# datatype:
# - name: RA_ICRS_1
#   unit: deg
#   datatype: float64
#   format: '{:15.11f}'
#   description: Right ascension (ICRS) at Ep=2016.0 (ra)
#   meta: !!omap
#   - {ucd: POS_EQ_RA_MAIN}
#   - {width: 15}
#   - {precision: '11'}
# - name: DE_ICRS_1
#   unit: deg
#   datatype: float64
#   format: '{:15.11f}'
#   description: Declination (ICRS) at Ep=2016.0 (dec)
#   meta: !!omap
#   - {ucd: POS_EQ_DEC_MAIN}
#   - {width: 15}
#   - {precision: '11'}
# - name: e_RA_ICRS
#   unit: mas
#   datatype: float64
#   format: '{:7.4f}'
#   description: Standard error of right ascension (ra_error)
#   meta: !!omap
#   - {ucd: ERROR}
#   - {width: 7}
#   - {precision: '4'}
# - name: e_DE_ICRS
#   unit: mas
#   datatype: float64
#   format: '{:7.4f}'
#   description: Standard error of declination (dec_error)
#   meta: !!omap
#   - {ucd: ERROR}
#   - {width: 7}
#   - {precision: '4'}
# - name: _r_1
#   unit: ''
#   datatype: float64
#   format: '{:7.4f}'
#   description: Distance from center (306.37550744000+40.86420595000)[ICRS], at Epoch=J2016.0
#   meta: !!omap
#   - {ucd: POS_ANG_DIST_GENERAL}
#   - {width: 7}
#   - {precision: '4'}
# - name: HIP
#   datatype: int32
#   description: '? HIP cross-id number, van Leeuwen, Cat. I/311 (hip_original_ext_source_id)'
#   meta: !!omap
#   - {ucd: ID_NUMBER}
#   - {width: 6}
#   - values: {'null': -2147483648}
# - name: TYC2
#   datatype: string
#   description: Tycho-2 cross-id name, Hog et al., Cat. I/259 (tyc2_original_ext_source_id)
#   meta: !!omap
#   - {ucd: ID_CROSSID}
#   - {_votable_string_dtype: char}
# - name: Source
#   datatype: int64
#   description: Source identifier, identical to the Gaia-EDR3 source_id (id)
#   meta: !!omap
#   - {ucd: ID_MAIN}
#   - {width: 19}
# - name: rgeo
#   unit: pc
#   datatype: float64
#   format: '{:15.8f}'
#   description: '? Median of the geometric distance posterior (r_med_geo)'
#   meta: !!omap
#   - {ucd: PHYS_DISTANCE_TRUE}
#   - {width: 15}
#   - {precision: '8'}
#   - values: {'null': .nan}
# - name: Plx
#   unit: mas
#   datatype: float64
#   format: '{:9.4f}'
#   description: '? Parallax (parallax)'
#   meta: !!omap
#   - {ucd: POS_PARLX_TRIG}
#   - {width: 9}
#   - {precision: '4'}
#   - values: {'null': .nan}
# - name: e_Plx
#   unit: mas
#   datatype: float32
#   format: '{:7.4f}'
#   description: '? Standard error of parallax (parallax_error)'
#   meta: !!omap
#   - {ucd: ERROR}
#   - {width: 7}
#   - {precision: '4'}
#   - values: {'null': .nan}
# - name: pmRA
#   unit: mas / yr
#   datatype: float64
#   format: '{:9.3f}'
#   description: '? Proper motion in right ascension direction, pmRA*cosDE (pmra)'
#   meta: !!omap
#   - {ucd: POS_EQ_PMRA}
#   - {width: 9}
#   - {precision: '3'}
#   - values: {'null': .nan}
# - name: pmDE
#   unit: mas / yr
#   datatype: float64
#   format: '{:9.3f}'
#   description: '? Proper motion in declination direction (pmdec)'
#   meta: !!omap
#   - {ucd: POS_EQ_PMDEC}
#   - {width: 9}
#   - {precision: '3'}
#   - values: {'null': .nan}
# - name: e_pmRA
#   unit: mas / yr
#   datatype: float32
#   format: '{:6.3f}'
#   description: '? Standard error of proper motion in right ascension direction (pmra_error)'
#   meta: !!omap
#   - {ucd: ERROR}
#   - {width: 6}
#   - {precision: '3'}
#   - values: {'null': .nan}
# - name: e_pmDE
[...]
#         value: !astropy.table.SerializedColumn {name: SkyCoord.dec}
#       distance: !astropy.table.SerializedColumn
#         __class__: astropy.coordinates.distances.Distance
#         unit: !astropy.units.Unit {unit: pc}
#         value: !astropy.table.SerializedColumn {name: SkyCoord.distance}
#       frame: icrs
#       obstime: !astropy.time.Time {format: jyear_str, in_subfmt: '*', jd1: 367701545.0, jd2: 0.0, out_subfmt: '*', precision: 3, scale: tt}
#       pm_dec: !astropy.table.SerializedColumn
#         __class__: astropy.units.quantity.Quantity
#         unit: !astropy.units.Unit {unit: mas / yr}
#         value: !astropy.table.SerializedColumn {name: SkyCoord.pm_dec}
#       pm_ra_cosdec: !astropy.table.SerializedColumn
#         __class__: astropy.units.quantity.Quantity
#         unit: !astropy.units.Unit {unit: mas / yr}
#         value: !astropy.table.SerializedColumn {name: SkyCoord.pm_ra_cosdec}
#       ra: !astropy.table.SerializedColumn
#         __class__: astropy.coordinates.angles.Longitude
#         unit: *id001
#         value: !astropy.table.SerializedColumn {name: SkyCoord.ra}
#         wrap_angle: !astropy.coordinates.Angle
#           unit: *id001
#           value: 360.0
#       representation_type: spherical
# schema: astropy-2.0
RA_ICRS_1 DE_ICRS_1 e_RA_ICRS e_DE_ICRS _r_1 HIP TYC2 Source rgeo Plx e_Plx pmRA pmDE e_pmRA e_pmDE RUWE Teff logg Gmag BP-RP BPmag RPmag RV e_RV b_rgeo B_rgeo FG e_FG FBP e_FBP FRP e_FRP RAVE5 RAVE6 e_Gmag e_BPmag e_RPmag e_BP-RP SkyCoord.ra SkyCoord.dec SkyCoord.distance SkyCoord.pm_ra_cosdec SkyCoord.pm_dec rmRA rmDE e_rmRA e_rmDE rRV e_rRV v_pec v_pec3d e_vpec e_vpec3d
[from data line 216]
306.7139383932 40.94916349335 0.015 0.0171 16.1711 "" "" 2067629146432315520 1710.99829 0.5502 0.0184 -2.923 -4.742 0.021 0.022 0.967 "" "" 14.891296 2.052381 15.925264 13.872884 -18.53 8.42 1667.44543 1769.04395 20817.48267 6.3484 5825.2 12.761 22387.0 15.923 "" "" 0.002775142737379285 0.003666358 0.0038574713 0.007523829 306.7139383932 40.94916349335 1710.99829 -2.923 -4.742000000000001 0.1284881610870361 -0.17215480041503906 0.24042855 0.24142855 -50.45 20.26 1.742196833809967 50.480072799152516 0.4199936090946581 20.247935804729522
306.42437660182 40.89796670343 0.0157 0.017 3.003 "" "" 2067654229040897536 1947.64148 0.4796 0.0199 -3.702 -6.169 0.021 0.022 1.077 "" "" 14.904469 2.120707 15.984692 13.863985 "" "" 1867.10999 2012.16919 20566.44905 7.506 5514.9 9.8611 22572.0 15.063 "" "" 0.002783667821388444 0.003399122 0.0038482065 0.0072473288 306.42437660182 40.89796670343 1947.64148 -3.7020000000000004 -6.168999999999999 -0.6505118389129638 -1.5991548004150387 0.24042855 0.24142855 "" "" 15.937827859058924 "" 3.8455879024646693 ""
306.37388754323 40.83186092965 0.0143 0.0156 1.9421 "" "" 2067653679284856192 1662.01758 0.5713 0.0178 -6.051 -8.599 0.019 0.02 1.052 "" "" 14.907761 1.863514 15.814315 13.950801 12.97 8.36 1605.85681 1725.30725 20504.18788 6.9824 6452.0 11.98 20837.0 19.847 "" "" 0.0027800163288436435 0.0034422714 0.0039183153 0.007360587 306.37388754323 40.83186092965 1662.01758 -6.050999999999998 -8.599 -2.999511838912964 -4.029154800415039 0.23842855 0.23942855 -18.950000000000003 20.2 39.5715043698684 43.87489553371625 9.460456238798395 12.203384698401
306.23762789722 40.7075412052 0.0141 0.0179 11.2957 "" "" 2067645639106084992 1777.71497 0.5318 0.0184 -2.663 -5.979 0.019 0.024 1.006 "" "" 14.915886 1.780227 15.766795 13.986568 "" "" 1726.87988 1831.44666 20351.30827 6.4418 6740.6 11.953 20162.0 23.436 "" "" 0.0027766701574775186 0.0033899706 0.00398453 0.007374501 306.23762789722 40.7075412052 1777.71497 -2.6629999999999994 -5.978999999999999 0.3884881610870363 -1.4091548004150392 0.23842855 0.24342856 "" "" 12.317035107977066 "" 2.9940095566313203 ""
306.24383756113 40.69803555847 0.0159 0.0191 11.6272 "" "" 2067645432947652608 1989.37451 0.4522 0.0202 -2.761 -7.689 0.021 0.025 1.015 4612.3 2.1225 14.926455 3.262891 16.885685 13.622794 14.53 2.1 1911.91272 2067.36279 20154.1467 7.8662 2405.2 7.2901 28186.0 26.153 "" "" 0.0027877169888878826 0.004314472 0.003911346 0.008225818 306.24383756113 40.69803555847 1989.37451 -2.7609999999999992 -7.689000000000004 0.290488161087036 -3.119154800415039 0.24042855 0.24442856 -17.39 13.940001 29.53976773664388 34.27841854483469 7.219355121980129 9.419036096114894
306.46670366305 40.82157237467 0.015 0.0161 4.866 "" "" 2067606503364283648 1561.60803 0.6144 0.0187 -4.189 -6.726 0.021 0.021 0.934 "" "" 14.928776 1.483764 15.598783 14.115019 "" "" 1520.04102 1608.61963 20111.13384 7.5606 7868.7 13.482 17912.0 23.889 "" "" 0.0027853894498141565 0.003353453 0.0040472858 0.007400739 306.46670366305 40.82157237467 1561.60803 -4.189 -6.725999999999999 -1.137511838912964 -2.156154800415039 0.24042855 0.24042855 "" "" 18.044752417061847 "" 4.338473695401397 ""
305.83944801453 40.749218911 0.0147 0.0179 25.3039 "" "" 2067567573781755776 1641.32947 0.581 0.0189 -3.616 -5.14 0.019 0.021 1.063 "" "" 14.933902 1.838331 15.82253 13.984199 "" "" 1591.07104 1693.06714 20016.40428 5.7919 6403.3 14.442 20206.0 16.0 "" "" 0.0027731732253945102 0.0037123465 0.0038759345 0.0075882813 305.83944801453 40.749218911 1641.32947 -3.6159999999999997 -5.14 -0.564511838912964 -0.5701548004150387 0.23842855 0.24042855 "" "" 6.242129409058125 "" 1.4946191127107602 ""
306.42349509997 41.28985673764 0.0161 0.0176 25.6311 "" "" 2067698209506287744 1704.69592 0.5354 0.0205 -0.748 -4.434 0.022 0.023 1.034 7112.9 2.8497 14.944308 2.941009 16.645447 13.704438 -1.01 2.74 1654.06995 1773.50952 19825.4716 7.9446 3000.8 9.521 26145.0 18.052 "" "" 0.0027894600289416283 0.0044330587 0.0038530128 0.008286072 306.42349509997 41.28985673764 1704.69592 -0.7480000000000004 -4.434000000000003 2.303488161087036 0.13584519958496077 0.24142855 0.24242856 -32.93 14.58 18.645118729778876 37.84211083498846 4.501528809711347 12.879841482123535
306.38445506728 40.66342370062 0.0148 0.0168 12.0538 "" "" 2067598738063167488 2043.65454 0.4386 0.0187 -5.995 -3.654 0.02 0.021 0.968 4875.6 2.6484 14.9465 2.891998 16.610552 13.718554 -53.29 2.39 1979.28064 2131.94922 19785.49663 7.1501 3098.8 7.8188 25807.0 15.092 "" "" 0.0027831168048364652 0.0039102295 0.0038323463 0.007742576 306.38445506728 40.66342370062 2043.65454 -5.994999999999999 -3.653999999999999 -2.943511838912964 0.915845199584961 0.23942855 0.24042855 -85.21000000000001 14.2300005 29.8618683295102 90.29105869425281 7.152424573721621 13.63596574657352
306.22684809489 40.5625008282 0.0158 0.0182 19.3236 "" "" 2067503664668542208 1658.13843 0.5665 0.02 -2.843 -4.858 0.022 0.024 1.061 "" "" 14.950874 1.895269 15.880811 13.985541 -52.26 6.5 1603.80298 1722.4624 19705.9417 14.911 6068.7 29.888 20181.0 46.529 "" "" 0.0028751927535534978 0.0060313735 0.0045332126 0.010564586 306.22684809489 40.5625008282 1658.13843 -2.8429999999999995 -4.857999999999999 0.20848816108703616 -0.2881548004150387 0.24142855 0.24342856 -84.18 18.34 2.7954083080854923 84.22640148794744 0.67856632306794 18.329910228480315
305.82254217289 40.78596093207 0.0158 0.0181 25.5411 "" "" 2067570631798506752 1699.87 0.5584 0.0191 -3.282 -5.371 0.02 0.023 0.947 "" "" 14.971697 1.711224 15.77941 14.068187 "" "" 1642.06348 1756.74951 19331.60101 5.4281 6662.7 18.897 18702.0 12.245 "" "" 0.002772134680452239 0.004155453 0.0038456565 0.00800111 305.82254217289 40.78596093207 1699.87 -3.2819999999999987 -5.371 -0.2305118389129639 -0.8011548004150395 0.23942855 0.24242856 "" "" 6.717097926868275 "" 1.626884474660563 ""
306.59599593373 40.59162961471 0.0154 0.0186 19.1828 "" "" 2067588808098682496 1587.61462 0.5994 0.0201 -2.45 -4.666 0.021 0.024 1.008 "" "" 14.980899 1.666784 15.762754 14.095969 "" "" 1530.06213 1638.349 19168.4656 4.9156 6765.7 12.466 18229.0 13.57 "" "" 0.002769352225759913 0.0034332273 0.0038648392 0.0072980663 306.59599593373 40.59162961471 1587.61462 -2.45 -4.666 0.601488161087036 -0.09615480041503943 0.24042855 0.24342856 "" "" 4.583847294736579 "" 1.1024325254994867 ""
305.86050133094 40.79935303902 0.0155 0.0203 23.7018 "" "" 2067567814299936896 1474.00378 0.6498 0.0197 -0.462 -1.73 0.021 0.025 1.109 "" "" 14.98835 1.793794 15.852186 14.058393 -26.95 6.44 1428.28882 1521.01514 19037.35935 5.8418 6230.8 13.577 18871.0 16.324 "" "" 0.002775390213857431 0.0036581715 0.0038943312 0.0075525027 305.86050133094 40.79935303902 1474.00378 -0.462 -1.73 2.589488161087036 2.839845199584961 0.24042855 0.24442856 -58.870000000000005 18.28 26.85156985142281 64.70458796318727 6.514748995820295 16.849945914002777
306.68728023706 41.05383918351 0.0155 0.0182 18.1389 "" "" 2067632681186039680 1876.32666 0.4968 0.0193 -3.197 -4.121 0.021 0.023 1.014 "" "" 14.988866 2.129485 16.073189 13.943704 "" "" 1806.31921 1951.073 19028.31831 7.5517 5083.2 15.416 20974.0 30.604 "" "" 0.0027888093320974673 0.00431593 0.004097993 0.008413923 306.68728023706 41.05383918351 1876.32666 -3.196999999999999 -4.121 -0.14551183891296393 0.4488451995849605 0.24042855 0.24242856 "" "" 4.19647076542759 "" 1.0165491205332733 ""
306.44584248971 40.69930652177 0.0147 0.017 10.3972 "" "" 2067599219099492992 1922.48572 0.4897 0.0189 -3.171 -4.221 0.02 0.021 1.006 "" "" 14.991824 1.103796 15.45099 14.347194 "" "" 1857.40002 1993.76855 18976.54344 4.2257 9016.1 10.669 14464.0 14.334 "" "" 0.0027659072758203732 0.0030717603 0.003929562 0.007001322 306.44584248971 40.69930652177 1922.48572 -3.1710000000000003 -4.221 -0.11951183891296369 0.34884519958496085 0.23942855 0.24042855 "" "" 3.3602584313700494 "" 0.807549760233236 ""
306.32107394221 40.77382639976 0.0166 0.0185 5.9595 "" "" 2067647254013782656 1591.13806 0.5996 0.0204 -2.677 -5.234 0.023 0.024 1.124 "" "" 15.012346 1.615193 15.758036 14.142842 "" "" 1539.47144 1642.33472 18621.21955 6.5179 6795.2 15.875 17459.0 13.484 "" "" 0.002781405434860729 0.0037707966 0.0038712886 0.007642085 306.32107394221 40.77382639976 1591.13806 -2.676999999999998 -5.234 0.3744881610870361 -0.664154800415039 0.24242856 0.24342856 "" "" 5.75045782707234 "" 1.3984405959799433 ""
306.26542009288 40.80609305248 0.0256 0.0323 6.0936 "" "" 2067648314866546944 1971.5636 0.4802 0.0338 -2.204 -4.498 0.035 0.041 1.867 10101.5 4.0116 15.012957 1.562581 15.550359 13.987778 "" "" 1844.88049 2113.53931 18610.76109 11.784 8227.6 132.29 20139.0 255.47 "" "" 0.0028397891803562925 0.01767891 0.014282062 0.03196097 306.26542009288 40.80609305248 1971.5636 -2.204 -4.498 0.847488161087036 0.07184519958496072 0.25442857 0.26042855 "" "" 7.948364219883354 "" 2.022635177107555 ""
305.89815724322 40.76843275867 0.017 0.0218 22.4245 "" "" 2067567470702514048 2056.54443 0.4357 0.0226 -1.629 -2.271 0.022 0.026 0.979 "" "" 15.019949 3.38931 17.08008 13.69077 -11.06 2.25 1977.29004 2152.92261 18491.2882 6.2327 2010.9 8.4066 26476.0 15.299 "" "" 0.002779517215646619 0.0053279456 0.0038311018 0.009159047 305.89815724322 40.76843275867 2056.54443 -1.629 -2.271 1.4224881610870361 2.298845199584961 0.24142855 0.24542856 -42.980000000000004 14.09 26.352420738459465 50.415577739194745 6.438623762995736 12.474490938233671
306.50601709538 40.78913823744 0.0172 0.0199 7.4429 "" "" 2067605850529240960 1716.13794 0.5545 0.0222 1.828 -1.273 0.023 0.026 1.224 "" "" 15.020396 1.710792 15.833784 14.122992 -5.78 5.06 1653.4978 1789.37793 18483.66518 5.2698 6337.3 10.586 17781.0 11.188 "" "" 0.0027726540358673146 0.0033278149 0.003840629 0.007168444 306.50601709538 40.78913823744 1716.13794 1.828 -1.2729999999999997 4.879488161087036 3.2968451995849613 0.24242856 0.24542856 -37.7 16.9 47.90284072621873 60.95877418092886 11.658249255750066 13.898575483336593
306.44165868932 40.98871451995 0.0169 0.0169 8.0499 "" "" 2067656943460241792 1774.41541 0.5312 0.0199 -3.002 -4.727 0.022 0.022 1.022 "" "" 15.02797 1.245151 15.560114 14.314962 "" "" 1714.94336 1831.63879 18355.18512 4.5636 8154.0 17.226 14900.0 16.822 "" "" 0.0027685120502654588 0.0036119442 0.003973196 0.00758514 306.44165868932 40.98871451995 1774.41541 -3.002 -4.727 0.04948816108703635 -0.15715480041503938 0.24142855 0.24142855 "" "" 1.3857734580416579 "" 0.3345652822270558 ""
306.48116476753 40.8453814328 0.0148 0.0167 4.9262 "" "" 2067606915681145344 1847.93152 0.5067 0.019 -2.064 -4.02 0.02 0.021 1.012 7191.0 3.7467 15.032726 1.256847 15.56954 14.312693 "" "" 1785.6532 1917.74268 18274.95038 4.2061 8083.5 14.109 14931.0 17.945 "" "" 0.0027666286473624446 0.0033728725 0.0039983126 0.0073711853 306.48116476753 40.8453814328 1847.93152 -2.0639999999999996 -4.02 0.9874881610870361 0.5498451995849614 0.23942855 0.24042855 "" "" 9.90007111004613 "" 2.37270639981274 ""
305.88563006436 40.71758392534 0.0161 0.0213 23.9289 "" "" 2067566508629821312 1426.56592 0.6743 0.0218 -1.942 -7.783 0.021 0.025 1.121 7966.1 3.8645 15.035044 1.86038 15.946284 14.085904 -3.33 17.68 1384.42505 1467.59656 18235.98121 5.6758 5713.5 11.053 18399.0 13.657 "" "" 0.002775965367407291 0.0034923821 0.0038643517 0.007356734 305.88563006436 40.71758392534 1426.56592 -1.942000000000001 -7.7829999999999995 1.1094881610870362 -3.2131548004150394 0.24042855 0.24442856 -35.25 29.52 22.985889811094527 42.08222463710514 5.6086851122957215 24.916358286987762
306.29688400794 40.50717594293 0.0155 0.0166 21.7184 "" "" 2067499644578726016 1556.15112 0.6194 0.0191 -0.052 -2.349 0.021 0.021 1.067 "" "" 15.04493 1.33484 15.634757 14.299917 "" "" 1504.66199 1609.88342 18070.69558 4.23 7612.3 10.586 15107.0 15.157 "" "" 0.002767016719882406 0.0031725012 0.003933239 0.00710574 306.29688400794 40.50717594293 1556.15112 -0.052000000000000046 -2.349 2.999488161087036 2.2208451995849607 0.24042855 0.24042855 "" "" 27.529059132579537 "" 6.6187718260361095 ""
305.92035107713 40.71357800198 0.0158 0.021 22.5654 "" "" 2067566405550812032 1557.50671 0.6149 0.0223 -5.741 -6.47 0.021 0.026 1.005 "" "" 15.048818 1.7599 15.89331 14.13341 "" "" 1500.17786 1615.23535 18006.09641 5.5765 5999.2 14.862 17611.0 14.811 "" "" 0.0027757621680512983 0.003875523 0.0038881232 0.0077636465 305.92035107713 40.71357800198 1557.50671 -5.741 -6.469999999999999 -2.6895118389129635 -1.9001548004150388 0.24042855 0.24542856 "" "" 24.311080867566673 "" 5.885829354038476 ""
306.71194043303 41.14373403455 0.0171 0.0194 22.6573 "" "" 2067635743501838336 1446.32312 0.6386 0.0217 -1.922 -9.566 0.022 0.025 1.039 "" "" 15.060362 2.955971 16.771128 13.815157 -29.29 3.88 1401.33362 1485.88232 17815.66702 7.0024 2672.8 11.064 23610.0 18.865 "" "" 0.00278817167287154 0.00529004 0.0038776717 0.009167711 306.71194043303 41.14373403455 1446.32312 -1.922000000000001 -9.566 1.1294881610870362 -4.99615480041504 0.24142855 0.24442856 -61.21 15.72 35.11585870854388 70.56761036650184 8.578226352678541 14.288012861383729
306.65291452173 41.11714592863 0.0176 0.0197 19.7019 "" "" 2067682197868389888 1734.00647 0.5254 0.0218 -4.098 -5.951 0.022 0.025 1.044 7440.7 2.9184 15.060439 3.066108 16.859123 13.793015 -47.55 2.23 1667.73999 1803.55029 17814.402 6.3833 2464.7 10.512 24096.0 23.801 "" "" 0.0027826505945909674 0.005406323 0.0039285957 0.009334918 306.65291452173 41.11714592863 1734.00647 -4.097999999999999 -5.950999999999996 -1.0465118389129637 -1.3811548004150387 0.24142855 0.24442856 -79.47 14.07 14.242639938343782 80.73619815431802 3.4657850322857415 13.86282665643891
306.33105358833 40.7906549538 0.0151 0.0174 4.8527 "" "" 2067647631970905984 1800.38525 0.5252 0.0194 -3.09 -4.878 0.021 0.024 1.005 8871.8 3.6615 15.078626 1.617081 15.821132 14.204051 "" "" 1742.24255 1860.51575 17518.48712 20.303 6411.6 34.398 16502.0 68.059 "" "" 0.00302904859991476 0.006458708 0.0058596255 0.012318334 306.33105358833 40.7906549538 1800.38525 -3.09 -4.878 -0.038511838912963725 -0.3081548004150392 0.24042855 0.24342856 "" "" 2.650196731574103 "" 0.6450120410022462 ""
306.61207439754 40.93574988679 0.0189 0.0192 11.5555 "" "" 2067608427509622784 1675.3645 0.5715 0.0225 -3.293 -4.768 0.026 0.023 1.0 "" "" 15.08121 1.763357 15.917236 14.153879 "" "" 1614.60559 1748.40564 17476.83233 6.1451 5868.4 13.985 17282.0 19.259 "" "" 0.0027816416355705897 0.0038052327 0.0039683348 0.0077735675 306.61207439754 40.93574988679 1675.3645 -3.293000000000002 -4.7680000000000025 -0.24151183891296402 -0.19815480041503886 0.24542856 0.24242856 "" "" 2.480833610598391 "" 0.6058840235030446 ""
306.74208960466 41.04561141321 0.0169 0.019 19.8594 "" "" 2067633922435971712 1698.21118 0.5579 0.0211 -3.267 -5.344 0.023 0.024 0.998 "" "" 15.085712 1.825029 15.968056 14.143026 "" "" 1644.11084 1751.6709 17404.51048 9.8532 5600.1 16.17 17456.0 24.914 "" "" 0.0028230488319453567 0.004196822 0.0040847305 0.008281553 306.74208960466 41.04561141321 1698.21118 -3.266999999999999 -5.343999999999999 -0.21551183891296377 -0.7741548004150394 0.24242856 0.24342856 "" "" 6.468535207893288 "" 1.5741618456388327 ""
306.46510723817 41.29304038051 0.0175 0.0183 26.0472 "" "" 2067686522900218112 2061.65161 0.4527 0.0223 -2.27 -4.109 0.024 0.023 1.059 "" "" 15.086785 1.822788 15.909377 14.086589 32.5 5.52 1970.53394 2161.6355 17387.31973 7.1204 5911.1 49.183 18388.0 47.444 "" "" 0.0027909644859787234 0.009454882 0.0047044046 0.014159286 306.46510723817 41.29304038051 2061.65161 -2.2700000000000005 -4.109 0.7814881610870361 0.46084519958496095 0.24342856 0.24242856 0.5799999999999983 17.36 8.865851632847018 8.88480304653154 2.1559173815125083 2.431553591999529
