Clusters/LP_0503/LP_0503_members.tsv
# %ECSV 1.0
# ---
# datatype:
# - name: RA_ICRS_1
#   unit: deg
#   datatype: float64
#   format: '{:15.11f}'
#   description: Right ascension (ICRS) at Ep=2016.0 (ra)
#   meta: !!omap
#   - {ucd: POS_EQ_RA_MAIN}
#   - {width: 15}
#   - {precision: '11'}
# - name: DE_ICRS_1
#   unit: deg
#   datatype: float64
#   format: '{:15.11f}'
#   description: Declination (ICRS) at Ep=2016.0 (dec)
#   meta: !!omap
#   - {ucd: POS_EQ_DEC_MAIN}
#   - {width: 15}
#   - {precision: '11'}
# - name: e_RA_ICRS
#   unit: mas
#   datatype: float64
#   format: '{:7.4f}'
#   description: Standard error of right ascension (ra_error)
#   meta: !!omap
#   - {ucd: ERROR}
#   - {width: 7}
#   - {precision: '4'}
# - name: e_DE_ICRS
#   unit: mas
#   datatype: float64
#   format: '{:7.4f}'
#   description: Standard error of declination (dec_error)
#   meta: !!omap
#   - {ucd: ERROR}
#   - {width: 7}
#   - {precision: '4'}
# - name: _r_1
#   unit: ''
#   datatype: float64
#   format: '{:7.4f}'
#   description: Distance from center (306.37550744000+40.86420595000)[ICRS], at Epoch=J2016.0
#   meta: !!omap
#   - {ucd: POS_ANG_DIST_GENERAL}
#   - {width: 7}
#   - {precision: '4'}
# - name: HIP
#   datatype: int32
#   description: '? HIP cross-id number, van Leeuwen, Cat. I/311 (hip_original_ext_source_id)'
#   meta: !!omap
#   - {ucd: ID_NUMBER}
#   - {width: 6}
#   - values: {'null': -2147483648}
# - name: TYC2
#   datatype: string
#   description: Tycho-2 cross-id name, Hog et al., Cat. I/259 (tyc2_original_ext_source_id)
#   meta: !!omap
#   - {ucd: ID_CROSSID}
#   - {_votable_string_dtype: char}
# - name: Source
#   datatype: int64
#   description: Source identifier, identical to the Gaia-EDR3 source_id (id)
#   meta: !!omap
#   - {ucd: ID_MAIN}
#   - {width: 19}
# - name: rgeo
#   unit: pc
#   datatype: float64
#   format: '{:15.8f}'
#   description: '? Median of the geometric distance posterior (r_med_geo)'
#   meta: !!omap
#   - {ucd: PHYS_DISTANCE_TRUE}
#   - {width: 15}
#   - {precision: '8'}
#   - values: {'null': .nan}
# - name: Plx
#   unit: mas
#   datatype: float64
#   format: '{:9.4f}'
#   description: '? Parallax (parallax)'
#   meta: !!omap
#   - {ucd: POS_PARLX_TRIG}
#   - {width: 9}
#   - {precision: '4'}
#   - values: {'null': .nan}
# - name: e_Plx
#   unit: mas
#   datatype: float32
#   format: '{:7.4f}'
#   description: '? Standard error of parallax (parallax_error)'
#   meta: !!omap
#   - {ucd: ERROR}
#   - {width: 7}
#   - {precision: '4'}
#   - values: {'null': .nan}
# - name: pmRA
#   unit: mas / yr
#   datatype: float64
#   format: '{:9.3f}'
#   description: '? Proper motion in right ascension direction, pmRA*cosDE (pmra)'
#   meta: !!omap
#   - {ucd: POS_EQ_PMRA}
#   - {width: 9}
#   - {precision: '3'}
#   - values: {'null': .nan}
# - name: pmDE
#   unit: mas / yr
#   datatype: float64
#   format: '{:9.3f}'
#   description: '? Proper motion in declination direction (pmdec)'
#   meta: !!omap
#   - {ucd: POS_EQ_PMDEC}
#   - {width: 9}
#   - {precision: '3'}
#   - values: {'null': .nan}
# - name: e_pmRA
#   unit: mas / yr
#   datatype: float32
#   format: '{:6.3f}'
#   description: '? Standard error of proper motion in right ascension direction (pmra_error)'
#   meta: !!omap
#   - {ucd: ERROR}
#   - {width: 6}
#   - {precision: '3'}
#   - values: {'null': .nan}
# - name: e_pmDE
[...]
#       distance: !astropy.table.SerializedColumn
#         __class__: astropy.coordinates.distances.Distance
#         unit: !astropy.units.Unit {unit: pc}
#         value: !astropy.table.SerializedColumn {name: SkyCoord.distance}
#       frame: icrs
#       obstime: !astropy.time.Time {format: jyear_str, in_subfmt: '*', jd1: 367701545.0, jd2: 0.0, out_subfmt: '*', precision: 3, scale: tt}
#       pm_dec: !astropy.table.SerializedColumn
#         __class__: astropy.units.quantity.Quantity
#         unit: !astropy.units.Unit {unit: mas / yr}
#         value: !astropy.table.SerializedColumn {name: SkyCoord.pm_dec}
#       pm_ra_cosdec: !astropy.table.SerializedColumn
#         __class__: astropy.units.quantity.Quantity
#         unit: !astropy.units.Unit {unit: mas / yr}
#         value: !astropy.table.SerializedColumn {name: SkyCoord.pm_ra_cosdec}
#       ra: !astropy.table.SerializedColumn
#         __class__: astropy.coordinates.angles.Longitude
#         unit: *id001
#         value: !astropy.table.SerializedColumn {name: SkyCoord.ra}
#         wrap_angle: !astropy.coordinates.Angle
#           unit: *id001
#           value: 360.0
#       representation_type: spherical
# schema: astropy-2.0
RA_ICRS_1 DE_ICRS_1 e_RA_ICRS e_DE_ICRS _r_1 HIP TYC2 Source rgeo Plx e_Plx pmRA pmDE e_pmRA e_pmDE RUWE Teff logg Gmag BP-RP BPmag RPmag RV e_RV b_rgeo B_rgeo FG e_FG FBP e_FBP FRP e_FRP RAVE5 RAVE6 e_Gmag e_BPmag e_RPmag e_BP-RP SkyCoord.ra SkyCoord.dec SkyCoord.distance SkyCoord.pm_ra_cosdec SkyCoord.pm_dec rmRA rmDE e_rmRA e_rmDE rRV e_rRV v_pec v_pec3d e_vpec e_vpec3d Pmemb
[from data line 63]
306.49397162893 40.82888303076 0.024 0.028 5.7795 "" "" 2067606159766895616 1792.6394 0.5349 0.0304 -3.243 -4.126 0.033 0.037 0.982 9398.6 3.959 16.105108 1.581881 16.839106 15.257225 "" "" 1713.46838 1885.04712 6806.1774 2.7075 2510.6 9.7108 6255.6 9.2153 "" "" 0.00278896618966007 0.005041943 0.0041038883 0.009145832 306.49397162893 40.82888303076 1792.6394 -3.2429999999999994 -4.1259999999999994 -0.19151183891296375 0.4438451995849606 0.25242856 0.25642854 "" "" 4.107501455447144 "" 1.0507188211999858 "" 0.95
306.51820995388 40.86399648272 0.025 0.0287 6.4753 "" "" 2067606297205850752 1816.42932 0.5267 0.0317 -2.903 -4.69 0.033 0.037 1.03 7091.8 4.0285 16.109652 1.810454 16.990221 15.179767 "" "" 1719.0863 1919.77246 6777.76163 4.3086 2184.4 11.062 6718.2 16.326 "" "" 0.0028404513313503694 0.0061657107 0.0046092537 0.0107749645 306.51820995388 40.86399648272 1816.42932 -2.903 -4.690000000000001 0.1484881610870361 -0.12015480041503945 0.25242856 0.25642854 "" "" 1.6445967840714 "" 0.41775858534597304 "" 0.94
306.47322313836 40.8182007555 0.0247 0.0282 5.2242 "" "" 2067606503364281728 1791.9491 0.5287 0.0313 -3.095 -4.092 0.033 0.041 0.925 9306.1 3.9722 16.116442 1.455269 16.775114 15.319845 "" "" 1709.12817 1881.23511 6735.49816 2.7675 2663.0 11.397 5905.0 10.062 "" "" 0.002791201133041923 0.0054200343 0.0042079086 0.009627943 306.47322313836 40.8182007555 1791.9491 -3.0950000000000006 -4.091999999999999 -0.04351183891296406 0.4778451995849613 0.25242856 0.26042855 "" "" 4.075532133583966 "" 1.0611208814319595 "" 0.93
306.55292733436 40.87546042824 0.0253 0.0295 8.0781 "" "" 2067607736015668608 1749.61072 0.5398 0.0316 -2.825 -5.358 0.033 0.038 0.959 9345.5 3.8116 16.119192 1.590329 16.853271 15.262942 "" "" 1662.12085 1867.61523 6718.46393 2.819 2478.0 10.003 6222.7 8.3948 "" "" 0.00279272768883973 0.0051955874 0.004053288 0.009248875 306.55292733436 40.87546042824 1749.61072 -2.8250000000000006 -5.357999999999999 0.22648816108703596 -0.7881548004150387 0.25242856 0.25742856 "" "" 6.800816136734093 "" 1.7481537691936726 "" 0.9
306.21054929527 40.80210981392 0.0287 0.0343 8.3642 "" "" 2067646979135904640 1893.19763 0.4831 0.0377 -3.286 -4.556 0.037 0.042 1.042 8059.3 3.6233 16.152584 3.073955 17.95131 14.877355 "" "" 1781.82593 2033.12244 6514.98479 3.0997 901.35 9.469 8876.0 14.179 "" "" 0.0028033258209230897 0.011742352 0.0041583553 0.015900707 306.21054929527 40.80210981392 1893.19763 -3.286000000000001 -4.555999999999999 -0.2345118389129639 0.013845199584960888 0.25642854 0.26142856 "" "" 2.108116577150947 "" 0.540618223283385 "" 0.9
306.26276008478 40.71985873435 0.0262 0.0306 10.0618 "" "" 2067645570386605952 1806.58386 0.5328 0.0331 -3.084 -4.898 0.035 0.042 1.052 9246.2 3.5717 16.218336 1.888259 17.141186 15.252927 "" "" 1687.48926 1925.90161 6132.14842 2.8134 1900.8 7.504 6280.4 11.883 "" "" 0.0027999863171221345 0.005114417 0.0043016113 0.009416029 306.26276008478 40.71985873435 1806.58386 -3.0839999999999996 -4.898 -0.03251183891296394 -0.32815480041503875 0.25442857 0.26142856 "" "" 2.8238154453889965 "" 0.7380364271733614 "" 0.95
306.34474844346 40.83444021744 0.0282 0.0338 2.2668 "" "" 2067647971269208704 1687.93896 0.561 0.0383 -3.029 -4.792 0.039 0.045 1.053 9310.8 4.0404 16.309046 1.894285 17.221972 15.327686 "" "" 1593.50928 1764.70789 5640.63634 2.7347 1764.5 12.896 5862.5 6.6449 "" "" 0.002805151265613533 0.008411444 0.0039746943 0.012386138 306.34474844346 40.83444021744 1687.93896 -3.0290000000000026 -4.792000000000008 0.022488161087036218 -0.22215480041503888 0.25842854 0.26442856 "" "" 1.786506351754814 "" 0.4722957920389065 "" 0.96
306.29799040081 40.7592126241 0.0271 0.0327 7.2164 "" "" 2067647116574832256 2108.21704 0.4453 0.0353 -3.118 -4.075 0.035 0.041 0.953 "" "" 16.320343 1.900897 17.253677 15.35278 "" "" 1993.07935 2281.85352 5582.25182 2.5115 1713.7 7.992 5728.6 8.8329 "" "" 0.0027982858116814106 0.0057812966 0.004133559 0.0099148555 306.29799040081 40.7592126241 2108.21704 -3.1179999999999994 -4.075000000000001 -0.06651183891296375 0.49484519958496076 0.25442857 0.26042855 "" "" 4.989430349046498 "" 1.2988648817780137 "" 0.94
306.61228481253 40.85459309984 0.0299 0.0351 10.7602 "" "" 2067604647938384000 1933.87061 0.4937 0.0378 -2.365 -4.339 0.041 0.046 1.038 "" "" 16.342611 1.799135 17.20778 15.408646 "" "" 1798.17639 2086.29126 5468.92835 2.595 1787.7 8.828 5441.3 9.41 "" "" 0.002803069811687021 0.006044128 0.0042200997 0.010264227 306.61228481253 40.85459309984 1933.87061 -2.3649999999999993 -4.339 0.6864881610870359 0.23084519958496053 0.26042855 0.26542854 "" "" 6.638981799502022 "" 1.7323816780397745 "" 0.82
306.32140426927 40.91708899589 0.0311 0.0371 4.0112 "" "" 2067655088034386560 2106.7644 0.4508 0.0409 -3.096 -4.134 0.039 0.047 1.018 9338.7 3.833 16.354368 1.676912 17.14199 15.465078 "" "" 1973.82532 2346.91064 5410.03007 2.9142 1899.4 9.4199 5165.7 15.676 "" "" 0.0028167069689035685 0.0060645742 0.0050139306 0.011078505 306.32140426927 40.91708899589 2106.7644 -3.0959999999999965 -4.133999999999997 -0.04451183891296395 0.4358451995849606 0.25842854 0.26642856 "" "" 4.375016621266921 "" 1.1652734624921566 "" 0.89
306.35923636086 40.73634551908 0.0294 0.0322 7.7071 "" "" 2067599975013770880 1729.23291 0.5502 0.0381 -2.98 -4.805 0.04 0.042 1.016 7334.3 3.6724 16.400404 2.119626 17.488455 15.368829 "" "" 1631.43945 1839.37231 5185.43437 3.0232 1380.5 8.5371 5644.5 12.149 "" "" 0.0028270979271825957 0.0072709257 0.004443513 0.011714439 306.35923636086 40.73634551908 1729.23291 -2.9800000000000004 -4.805 0.07148816108703615 -0.23515480041503878 0.25942856 0.26142856 "" "" 2.0145603180362364 "" 0.5263239418579351 "" 0.95
306.34391666524 40.94128190021 0.0318 0.0375 4.8414 "" "" 2067655156753862656 1630.68408 0.5804 0.042 -3.056 -4.828 0.04 0.048 1.04 "" "" 16.442726 1.783841 17.297346 15.513505 "" "" 1525.18103 1765.71277 4987.19845 2.5753 1646.2 11.934 4940.3 8.7922 "" "" 0.0028117829065949537 0.008350872 0.0042446917 0.012595564 306.34391666524 40.94128190021 1630.68408 -3.056 -4.828 -0.004511838912963917 -0.25815480041503935 0.25942856 0.26742855 "" "" 1.9956974237610352 "" 0.5337016602109594 "" 0.94
306.55212153506 40.79004395108 0.0284 0.0331 9.1704 "" "" 2067602964311205376 1559.81421 0.6151 0.0365 -3.022 -4.585 0.037 0.041 1.002 "" "" 16.451637 2.224731 17.615425 15.390695 "" "" 1479.56152 1651.50574 4946.43352 4.0319 1228.1 7.0973 5532.0 13.088 "" "" 0.0028939608503557273 0.0068669673 0.0045696837 0.0114366505 306.55212153506 40.79004395108 1559.81421 -3.0219999999999994 -4.584999999999999 0.029488161087036335 -0.015154800415039027 0.25642854 0.26042855 "" "" 0.24512829805493871 "" 0.0630640175903118 "" 0.86
306.24199861966 40.88761079445 0.0304 0.0372 6.2176 "" "" 2067652030017452416 1767.70544 0.5386 0.0408 -3.382 -4.758 0.039 0.046 0.95 "" "" 16.455187 1.872207 17.37408 15.501874 "" "" 1665.1106 1914.43262 4930.28147 2.2939 1533.9 9.1988 4993.5 10.943 "" "" 0.002801245043296157 0.0070838025 0.0044659786 0.011549781 306.24199861966 40.88761079445 1767.70544 -3.381999999999999 -4.758000000000003 -0.330511838912964 -0.18815480041503907 0.25842854 0.26542854 "" "" 3.186639271121522 "" 0.8290337645488741 "" 0.8
306.15890858019 40.8330716584 0.0314 0.0402 10.0066 "" "" 2067650243311290496 1917.88818 0.4868 0.0423 -2.488 -3.897 0.043 0.049 1.046 "" "" 16.459742 1.900585 17.396038 15.495453 "" "" 1731.61157 2088.23804 4909.64483 2.4761 1503.1 7.4282 5023.2 13.037 "" "" 0.002809203819413401 0.006047722 0.0047142482 0.010761971 306.15890858019 40.8330716584 1917.88818 -2.4879999999999995 -3.8969999999999985 0.5634881610870361 0.6728451995849611 0.26242855 0.26842856 "" "" 7.978376694416711 "" 2.122021245215837 "" 0.81
306.56902788037 40.83719431486 0.0306 0.0353 8.9312 "" "" 2067607465436937600 1747.85645 0.5415 0.0384 -3.101 -3.837 0.04 0.043 0.927 7080.2 4.232 16.462517 1.782985 17.32676 15.543775 "" "" 1646.49622 1879.09155 4897.10787 2.3284 1602.2 6.6961 4804.5 8.6425 "" "" 0.002803262662636775 0.005326836 0.004254194 0.009581029 306.56902788037 40.83719431486 1747.85645 -3.100999999999999 -3.8369999999999997 -0.049511838912963846 0.7328451995849607 0.25942856 0.26242855 "" "" 6.085345839215954 "" 1.5968860175871824 "" 0.88
306.39400104839 41.0033545924 0.037 0.0395 8.3909 "" "" 2067655775229604224 1900.65552 0.4955 0.0461 -3.069 -4.185 0.048 0.055 1.042 9490.2 4.096 16.610815 1.687345 17.41031 15.722966 "" "" 1750.77625 2069.18774 4271.89801 2.5279 1483.5 8.7185 4073.5 10.621 "" "" 0.00282923611745093 0.0069642155 0.0047220364 0.011686252 306.39400104839 41.0033545924 1900.65552 -3.0689999999999995 -4.185 -0.017511838912963817 0.38484519958496133 0.26742855 0.27442855 "" "" 3.470699249378886 "" 0.9524093885563226 "" 0.94
306.33564333715 40.8740488313 0.0331 0.0386 1.9027 "" "" 2067648834561988864 1778.94421 0.5398 0.0428 -3.195 -4.597 0.044 0.051 0.946 8687.7 4.4517 16.65857 1.897695 17.593506 15.69581 "" "" 1659.7384 1915.51501 4088.07328 2.1213 1253.2 10.495 4176.7 18.917 "" "" 0.0028123292181338475 0.009511035 0.0062020486 0.015713084 306.33564333715 40.8740488313 1778.94421 -3.1950000000000003 -4.597 -0.1435118389129637 -0.02715480041503948 0.26342857 0.27042854 "" "" 1.231592266291231 "" 0.3247383983416682 "" 0.95
306.41009048444 40.94973572466 0.0368 0.0406 5.3661 "" "" 2067655397272014592 1783.87634 0.5437 0.0478 -3.167 -4.147 0.047 0.05 0.96 9373.5 4.142 16.781986 1.797044 17.654127 15.857083 "" "" 1633.12561 1921.02722 3648.81862 2.0689 1185.1 6.4189 3600.2 7.4952 "" "" 0.0028232561632847626 0.0065090572 0.004403752 0.0109128095 306.41009048444 40.94973572466 1783.87634 -3.167 -4.147 -0.11551183891296368 0.4228451995849607 0.26642856 0.26942855 "" "" 3.706407485805825 "" 0.9978438447986997 "" 0.9
306.22456570128 40.74095086221 0.0362 0.0425 10.084 "" "" 2067646498099553024 1736.21704 0.5279 0.0464 -3.119 -4.587 0.047 0.055 1.004 9241.3 3.5829 16.817621 2.328543 18.050968 15.722425 "" "" 1607.91101 1914.84387 3531.00705 2.1682 822.3 7.6351 4075.6 9.0399 "" "" 0.002834831074429362 0.010460115 0.004481435 0.01494155 306.22456570128 40.74095086221 1736.21704 -3.118999999999999 -4.587 -0.06751183891296408 -0.017154800415038807 0.26642856 0.27442855 "" "" 0.5732562776202424 "" 0.153013908403864 "" 0.92
306.46537997315 40.96369312035 0.0399 0.0479 7.2275 "" "" 2067656118826510336 1712.63806 0.5603 0.0503 -2.869 -5.333 0.051 0.061 0.963 "" "" 16.924892 1.931255 17.890148 15.958893 "" "" 1568.17102 1840.9209 3198.81944 1.686 953.58 9.0496 3277.9 8.2398 "" "" 0.002814119583145831 0.010674872 0.0046618236 0.015336696 306.46537997315 40.96369312035 1712.63806 -2.869 -5.333 0.18248816108703592 -0.7631548004150392 0.27042854 0.28042856 "" "" 6.369876925448244 "" 1.7829083223075277 "" 0.82
