Clusters/LP_0503/LP_0503_members.tsv
# %ECSV 1.0
# ---
# datatype:
# - name: RA_ICRS_1
#   unit: deg
#   datatype: float64
#   format: '{:15.11f}'
#   description: Right ascension (ICRS) at Ep=2016.0 (ra)
#   meta: !!omap
#   - {ucd: POS_EQ_RA_MAIN}
#   - {width: 15}
#   - {precision: '11'}
# - name: DE_ICRS_1
#   unit: deg
#   datatype: float64
#   format: '{:15.11f}'
#   description: Declination (ICRS) at Ep=2016.0 (dec)
#   meta: !!omap
#   - {ucd: POS_EQ_DEC_MAIN}
#   - {width: 15}
#   - {precision: '11'}
# - name: e_RA_ICRS
#   unit: mas
#   datatype: float64
#   format: '{:7.4f}'
#   description: Standard error of right ascension (ra_error)
#   meta: !!omap
#   - {ucd: ERROR}
#   - {width: 7}
#   - {precision: '4'}
# - name: e_DE_ICRS
#   unit: mas
#   datatype: float64
#   format: '{:7.4f}'
#   description: Standard error of declination (dec_error)
#   meta: !!omap
#   - {ucd: ERROR}
#   - {width: 7}
#   - {precision: '4'}
# - name: _r_1
#   unit: ''
#   datatype: float64
#   format: '{:7.4f}'
#   description: Distance from center (306.37550744000+40.86420595000)[ICRS], at Epoch=J2016.0
#   meta: !!omap
#   - {ucd: POS_ANG_DIST_GENERAL}
#   - {width: 7}
#   - {precision: '4'}
# - name: HIP
#   datatype: int32
#   description: '? HIP cross-id number, van Leeuwen, Cat. I/311 (hip_original_ext_source_id)'
#   meta: !!omap
#   - {ucd: ID_NUMBER}
#   - {width: 6}
#   - values: {'null': -2147483648}
# - name: TYC2
#   datatype: string
#   description: Tycho-2 cross-id name, Hog et al., Cat. I/259 (tyc2_original_ext_source_id)
#   meta: !!omap
#   - {ucd: ID_CROSSID}
#   - {_votable_string_dtype: char}
# - name: Source
#   datatype: int64
#   description: Source identifier, identical to the Gaia-EDR3 source_id (id)
#   meta: !!omap
#   - {ucd: ID_MAIN}
#   - {width: 19}
# - name: rgeo
#   unit: pc
#   datatype: float64
#   format: '{:15.8f}'
#   description: '? Median of the geometric distance posterior (r_med_geo)'
#   meta: !!omap
#   - {ucd: PHYS_DISTANCE_TRUE}
#   - {width: 15}
#   - {precision: '8'}
#   - values: {'null': .nan}
# - name: Plx
#   unit: mas
#   datatype: float64
#   format: '{:9.4f}'
#   description: '? Parallax (parallax)'
#   meta: !!omap
#   - {ucd: POS_PARLX_TRIG}
#   - {width: 9}
#   - {precision: '4'}
#   - values: {'null': .nan}
# - name: e_Plx
#   unit: mas
#   datatype: float32
#   format: '{:7.4f}'
#   description: '? Standard error of parallax (parallax_error)'
#   meta: !!omap
#   - {ucd: ERROR}
#   - {width: 7}
#   - {precision: '4'}
#   - values: {'null': .nan}
# - name: pmRA
#   unit: mas / yr
#   datatype: float64
#   format: '{:9.3f}'
#   description: '? Proper motion in right ascension direction, pmRA*cosDE (pmra)'
#   meta: !!omap
#   - {ucd: POS_EQ_PMRA}
#   - {width: 9}
#   - {precision: '3'}
#   - values: {'null': .nan}
# - name: pmDE
#   unit: mas / yr
#   datatype: float64
#   format: '{:9.3f}'
#   description: '? Proper motion in declination direction (pmdec)'
#   meta: !!omap
#   - {ucd: POS_EQ_PMDEC}
#   - {width: 9}
#   - {precision: '3'}
#   - values: {'null': .nan}
# - name: e_pmRA
#   unit: mas / yr
#   datatype: float32
#   format: '{:6.3f}'
#   description: '? Standard error of proper motion in right ascension direction (pmra_error)'
#   meta: !!omap
#   - {ucd: ERROR}
#   - {width: 6}
#   - {precision: '3'}
#   - values: {'null': .nan}
# - name: e_pmDE
[...]
#       distance: !astropy.table.SerializedColumn
#         __class__: astropy.coordinates.distances.Distance
#         unit: !astropy.units.Unit {unit: pc}
#         value: !astropy.table.SerializedColumn {name: SkyCoord.distance}
#       frame: icrs
#       obstime: !astropy.time.Time {format: jyear_str, in_subfmt: '*', jd1: 367701545.0, jd2: 0.0, out_subfmt: '*', precision: 3, scale: tt}
#       pm_dec: !astropy.table.SerializedColumn
#         __class__: astropy.units.quantity.Quantity
#         unit: !astropy.units.Unit {unit: mas / yr}
#         value: !astropy.table.SerializedColumn {name: SkyCoord.pm_dec}
#       pm_ra_cosdec: !astropy.table.SerializedColumn
#         __class__: astropy.units.quantity.Quantity
#         unit: !astropy.units.Unit {unit: mas / yr}
#         value: !astropy.table.SerializedColumn {name: SkyCoord.pm_ra_cosdec}
#       ra: !astropy.table.SerializedColumn
#         __class__: astropy.coordinates.angles.Longitude
#         unit: *id001
#         value: !astropy.table.SerializedColumn {name: SkyCoord.ra}
#         wrap_angle: !astropy.coordinates.Angle
#           unit: *id001
#           value: 360.0
#       representation_type: spherical
# schema: astropy-2.0
RA_ICRS_1 DE_ICRS_1 e_RA_ICRS e_DE_ICRS _r_1 HIP TYC2 Source rgeo Plx e_Plx pmRA pmDE e_pmRA e_pmDE RUWE Teff logg Gmag BP-RP BPmag RPmag RV e_RV b_rgeo B_rgeo FG e_FG FBP e_FBP FRP e_FRP RAVE5 RAVE6 e_Gmag e_BPmag e_RPmag e_BP-RP SkyCoord.ra SkyCoord.dec SkyCoord.distance SkyCoord.pm_ra_cosdec SkyCoord.pm_dec rmRA rmDE e_rmRA e_rmDE rRV e_rRV v_pec v_pec3d e_vpec e_vpec3d Pmemb
[from data line 32]
306.28678144766 40.89651626842 0.0175 0.0217 4.4676 "" "" 2067649143799652224 1816.30286 0.5185 0.0233 -3.049 -4.57 0.023 0.027 1.174 "" "" 15.14195 1.814302 16.017456 14.203154 "" "" 1740.01611 1884.5636 16525.97295 5.6709 5351.0 11.441 16516.0 13.918 "" "" 0.002780395418769273 0.0036296046 0.0038885544 0.007518159 306.28678144766 40.89651626842 1816.30286 -3.049000000000003 -4.570000000000002 0.0024881610870362003 -0.00015480041503934672 0.24242856 0.24642855 "" "" 0.021462681815863884 "" 0.005203500701322232 "" 0.97
306.46021908776 40.95952748962 0.0172 0.0184 6.8894 "" "" 2067656118826510592 1860.04041 0.5072 0.0212 -3.145 -4.062 0.022 0.023 1.011 "" "" 15.212462 1.334516 15.795825 14.461309 "" "" 1802.87708 1932.65674 15486.80744 3.7474 6562.8 14.572 13021.0 12.891 "" "" 0.0027678170089050495 0.0036873866 0.003929266 0.007616652 306.46021908776 40.95952748962 1860.04041 -3.144999999999999 -4.062 -0.09351183891296388 0.5078451995849607 0.24142855 0.24242856 "" "" 4.552736352467955 "" 1.1035642969306088 "" 0.95
306.45560236742 40.97472805053 0.0199 0.0207 7.5605 "" "" 2067656187545990912 1916.8905 0.4965 0.0241 -3.067 -4.081 0.025 0.026 1.114 "" "" 15.250517 1.318092 15.824374 14.506282 "" "" 1823.82507 1987.80615 14953.40773 4.0179 6392.4 12.639 12492.0 9.6172 "" "" 0.0027707213201387227 0.003520427 0.0038707121 0.007391139 306.45560236742 40.97472805053 1916.8905 -3.0669999999999993 -4.080999999999999 -0.015511838912964038 0.48884519958496053 0.24442856 0.24542856 "" "" 4.443912875382121 "" 1.090658686427487 "" 0.86
306.32957448791 40.92277973947 0.0178 0.0205 4.0855 "" "" 2067655019314908416 1687.58777 0.5658 0.0229 -3.03 -4.807 0.023 0.027 0.987 "" "" 15.286428 1.44219 15.931643 14.489453 "" "" 1625.61462 1766.87207 14466.89097 5.5345 5791.1 13.551 12688.0 17.122 "" "" 0.0027864521495721997 0.0037735456 0.004053446 0.007826991 306.32957448791 40.92277973947 1687.58777 -3.0299999999999994 -4.8069999999999995 0.021488161087036328 -0.23715480041503945 0.24242856 0.24642855 "" "" 1.9048119050814285 "" 0.4693384906162643 "" 0.97
306.53030203665 40.80114797166 0.0169 0.0203 7.981 "" "" 2067605816169497856 1628.50696 0.5842 0.0221 -2.737 -4.004 0.022 0.025 1.029 "" "" 15.321002 1.722528 16.138672 14.416143 "" "" 1570.2334 1691.74988 14013.47486 3.7747 4785.7 11.189 13574.0 9.7979 "" "" 0.002770797728925164 0.003772111 0.0038597812 0.0076318923 306.53030203665 40.80114797166 1628.50696 -2.737 -4.0040000000000004 0.31448816108703603 0.5658451995849614 0.24142855 0.24442856 "" "" 4.997102873657223 "" 1.2179133729949883 "" 0.94
306.3685129896 40.91111325166 0.0184 0.0204 2.8323 "" "" 2067654847516202752 1692.8252 0.5623 0.0233 -3.006 -4.567 0.024 0.027 0.997 7989.2 4.0949 15.36115 1.437415 15.999721 14.562305 "" "" 1627.59741 1762.65356 13504.76159 4.3086 5439.1 15.442 11864.0 13.803 "" "" 0.0027770091780443904 0.0041577346 0.003984892 0.008142626 306.3685129896 40.91111325166 1692.8252 -3.006000000000001 -4.567 0.04548816108703635 0.002845199584960767 0.24342856 0.24642855 "" "" 0.365709901066602 "" 0.08902853567223266 "" 0.97
306.55954694184 40.8214119653 0.017 0.0206 8.7393 "" "" 2067607431077198336 1684.25354 0.5647 0.0221 -2.969 -4.65 0.023 0.025 1.002 "" "" 15.384391 1.318448 15.960482 14.642034 "" "" 1627.19019 1742.43188 13218.75251 3.6392 5639.3 11.162 11024.0 11.218 "" "" 0.0027714862990877707 0.003521839 0.0039375634 0.007459402 306.55954694184 40.8214119653 1684.25354 -2.969000000000002 -4.650000000000006 0.08248816108703627 -0.08015480041503942 0.24242856 0.24442856 "" "" 0.918228515265663 "" 0.22349858678904014 "" 0.98
306.40073363082 40.9653002846 0.0352 0.0385 6.1726 "" "" 2067655465991499264 1728.93506 0.5681 0.0447 -3.015 -4.584 0.046 0.051 1.855 9230.3 3.6441 15.399066 1.252412 15.924857 14.672445 "" "" 1580.34888 1872.00122 13041.2817 7.0769 5827.4 14.234 10720.0 11.863 "" "" 0.0028176090959686215 0.0038494477 0.00396577 0.007815218 306.40073363082 40.9653002846 1728.93506 -3.015 -4.584 0.03648816108703601 -0.014154800415038693 0.26542854 0.27042854 "" "" 0.32073780715097894 "" 0.08534445078747252 "" 0.96
306.22990133694 40.81643408922 0.0179 0.0228 7.2041 "" "" 2067648456604652672 1647.01343 0.5721 0.0239 -2.706 -5.367 0.024 0.028 1.007 "" "" 15.434261 1.714936 16.244123 14.529187 "" "" 1582.27991 1720.76929 12625.31342 4.2139 4342.8 10.46 12232.0 12.036 "" "" 0.0027790483941937897 0.0038240985 0.003927477 0.0077515757 306.22990133694 40.81643408922 1647.01343 -2.7059999999999973 -5.366999999999995 0.34548816108703617 -0.797154800415039 0.24342856 0.24742855 "" "" 6.782605562630876 "" 1.673949313410277 "" 0.85
306.32467954571 40.86644873078 0.0183 0.0219 2.3102 "" "" 2067648834561763840 1702.10168 0.5654 0.0238 -2.869 -4.896 0.024 0.029 1.065 "" "" 15.466798 1.727217 16.287876 14.560659 "" "" 1633.5509 1760.92468 12252.57695 3.797 4171.2 13.405 11882.0 14.84 "" "" 0.0027757876036784727 0.004467639 0.004015288 0.008482927 306.32467954571 40.86644873078 1702.10168 -2.8689999999999976 -4.895999999999997 0.18248816108703592 -0.32615480041503897 0.24342856 0.24842855 "" "" 3.015290909277624 "" 0.7455175475831052 "" 0.95
306.40892075896 40.90462892392 0.0191 0.0208 2.86 "" "" 2067654435199331328 1720.93115 0.5527 0.0237 -3.042 -4.639 0.025 0.028 1.066 "" "" 15.471459 1.419928 16.104477 14.684549 "" "" 1660.28467 1806.19604 12200.08945 3.5054 4938.9 11.426 10601.0 14.55 "" "" 0.002772924164514799 0.003754235 0.0040625585 0.007816793 306.40892075896 40.90462892392 1720.93115 -3.041999999999998 -4.639 0.009488161087036318 -0.0691548004150393 0.24442856 0.24742855 "" "" 0.5693952272824271 "" 0.14085326282387725 "" 0.98
306.32128331713 40.78853623714 0.0178 0.0239 5.1647 "" "" 2067647254013786240 1798.90479 0.5343 0.0235 -3.148 -4.238 0.024 0.034 1.024 7989.4 4.0302 15.474298 1.33192 16.057535 14.725615 "" "" 1724.42969 1882.91858 12168.23309 3.4389 5157.1 14.498 10207.0 11.702 "" "" 0.0027723531650025554 0.0041354042 0.00397909 0.008114494 306.32128331713 40.78853623714 1798.90479 -3.1479999999999992 -4.238 -0.096511838912964 0.3318451995849605 0.24342856 0.25342855 "" "" 2.9468208198500943 "" 0.7445522973682384 "" 0.97
306.40410086019 40.9162289026 0.0194 0.0209 3.3801 "" "" 2067654503918811392 1778.54309 0.5405 0.0247 -3.061 -4.497 0.025 0.028 0.983 "" "" 15.484929 1.422287 16.121136 14.698849 "" "" 1705.26416 1868.23804 12049.6655 3.4511 4863.7 10.855 10462.0 11.049 "" "" 0.0027728120332590417 0.0036955236 0.003949499 0.007645023 306.40410086019 40.9162289026 1778.54309 -3.0609999999999986 -4.496999999999995 -0.00951183891296381 0.07284519958496105 0.24442856 0.24742855 "" "" 0.6193196299861913 "" 0.15320639730623434 "" 0.97
306.45694131059 40.92716070518 0.0197 0.021 5.2829 "" "" 2067654400839587712 1961.40515 0.4768 0.0241 -3.148 -4.215 0.025 0.027 1.002 "" "" 15.506885 1.405016 16.127537 14.722521 "" "" 1892.27966 2057.48828 11808.45508 3.5369 4835.1 9.5554 10236.0 12.45 "" "" 0.0027744451946754875 0.0035198082 0.0040034545 0.007523263 306.45694131059 40.92716070518 1961.40515 -3.148 -4.215 -0.096511838912964 0.3548451995849611 0.24442856 0.24642855 "" "" 3.418862353879501 "" 0.8420360949230427 "" 0.95
306.48634140166 40.90261679933 0.0196 0.0209 5.5308 "" "" 2067608805466764288 1858.57141 0.5112 0.0239 -3.148 -4.11 0.024 0.028 1.021 "" "" 15.518174 1.348648 16.106174 14.757526 "" "" 1777.74707 1945.26831 11686.30115 3.4262 4931.1 10.107 9911.7 15.685 "" "" 0.002773646544582092 0.0035689399 0.0041515976 0.0077205375 306.48634140166 40.90261679933 1858.57141 -3.148 -4.11 -0.096511838912964 0.4598451995849606 0.24342856 0.24742855 "" "" 4.1393269415086476 "" 1.0234945170798173 "" 0.9
306.38635805874 40.83964657705 0.0187 0.0213 1.5537 "" "" 2067653610565603968 1837.58667 0.5205 0.024 -3.222 -4.023 0.025 0.027 1.054 "" "" 15.520672 1.716886 16.335934 14.619047 "" "" 1766.28479 1902.9729 11659.45237 3.4799 3990.6 9.4644 11260.0 12.912 "" "" 0.0027743104054939716 0.0037968056 0.003979174 0.0077759796 306.38635805874 40.83964657705 1837.58667 -3.222 -4.023 -0.17051183891296384 0.5468451995849613 0.24442856 0.24642855 "" "" 4.98928746685669 "" 1.2286219448459061 "" 0.94
306.35145845628 40.93707290514 0.0203 0.0232 4.506 "" "" 2067655156753859840 1984.41577 0.4756 0.026 -3.031 -4.424 0.026 0.031 1.048 9264.2 3.4689 15.531718 1.855982 16.432114 14.576132 "" "" 1891.91638 2100.20752 11541.42118 7.6532 3652.3 16.568 11714.0 17.055 "" "" 0.002847829186486785 0.0056606624 0.0040966556 0.009757318 306.35145845628 40.93707290514 1984.41577 -3.0310000000000015 -4.4239999999999995 0.020488161087035994 0.14584519958496056 0.24542856 0.25042856 "" "" 1.3853090258754976 "" 0.346788208571954 "" 0.88
306.52426725228 40.78518452117 0.0182 0.0212 8.2521 "" "" 2067605781809757440 1833.01855 0.5135 0.0233 -3.216 -4.635 0.024 0.027 0.967 "" "" 15.545603 1.776324 16.400175 14.623851 "" "" 1746.92957 1911.85168 11394.77088 3.5301 3761.4 9.0564 11210.0 13.251 "" "" 0.002775775237400441 0.0038234573 0.003991351 0.007814808 306.52426725228 40.78518452117 1833.01855 -3.216 -4.635 -0.16451183891296406 -0.06515480041503885 0.24342856 0.24642855 "" "" 1.5373821460927486 "" 0.37487139186563173 "" 0.97
306.35906985548 40.9108438856 0.0209 0.0243 2.8959 "" "" 2067654916235682688 1631.03528 0.5877 0.027 -2.976 -4.696 0.027 0.03 1.033 7982.7 4.3601 15.626299 1.461071 16.282373 14.821302 "" "" 1561.18921 1698.60095 10578.57897 3.7735 4192.4 12.263 9346.2 10.992 "" "" 0.0027824065896230785 0.0042274096 0.003989269 0.008216679 306.35906985548 40.9108438856 1631.03528 -2.9759999999999995 -4.696 0.07548816108703615 -0.1261548004150388 0.24642855 0.24942856 "" "" 1.1365909878104574 "" 0.282603243135244 "" 0.96
306.47773872066 40.76736293552 0.0199 0.0219 7.4373 "" "" 2067605438212147328 2032.32068 0.4633 0.0248 -2.986 -4.145 0.026 0.027 0.971 "" "" 15.658982 1.406149 16.283846 14.877697 "" "" 1926.58081 2145.08716 10264.87512 3.0196 4186.8 9.437 8873.2 11.488 "" "" 0.0027737697777280262 0.0037113365 0.0040323297 0.007743666 306.47773872066 40.76736293552 2032.32068 -2.9860000000000038 -4.145000000000003 0.06548816108703592 0.42484519958496136 0.24542856 0.24642855 "" "" 4.140955635035342 "" 1.0203537720767564 "" 0.93
306.38111567488 40.88065327009 0.0204 0.0237 1.0191 "" "" 2067654018583255808 1718.64746 0.556 0.0262 -3.232 -4.802 0.027 0.031 0.945 7496.3 3.9623 15.682371 1.796372 16.549088 14.752716 "" "" 1640.56604 1808.82361 10046.11725 4.6599 3279.3 10.624 9955.7 15.037 "" "" 0.0028009680741965673 0.0044897315 0.0041198246 0.008609556 306.38111567488 40.88065327009 1718.64746 -3.232 -4.802 -0.18051183891296407 -0.23215480041503866 0.24642855 0.25042856 "" "" 2.3956530693623024 "" 0.5963474277177641 "" 0.94
306.42741097648 40.91920921669 0.0231 0.0237 4.0538 "" "" 2067654469559482368 1891.91211 0.5045 0.0283 -3.178 -4.169 0.031 0.031 0.941 "" "" 15.730659 1.373555 16.338749 14.965194 "" "" 1801.91553 1998.8512 9609.10872 3.1178 3980.3 10.819 8186.2 10.526 "" "" 0.002777749347894159 0.004061343 0.0040289853 0.008090328 306.42741097648 40.91920921669 1891.91211 -3.1779999999999986 -4.169 -0.1265118389129638 0.40084519958496134 0.25042856 0.25042856 "" "" 3.7694292728932304 "" 0.9439727350166599 "" 0.95
306.31970637077 40.77901895018 0.0205 0.0246 5.7047 "" "" 2067647254013784832 1837.40356 0.5133 0.0264 -2.773 -4.634 0.028 0.032 0.996 "" "" 15.78568 1.987833 16.773699 14.785866 "" "" 1757.26062 1931.63782 9134.28853 5.9826 2666.5 11.331 9656.3 26.817 "" "" 0.002845605961734482 0.0053917933 0.004834819 0.010226613 306.31970637077 40.77901895018 1837.40356 -2.773 -4.634000000000001 0.278488161087036 -0.0641548004150394 0.24742855 0.25142854 "" "" 2.4889613115264124 "" 0.6163456639622923 "" 0.96
306.31878118541 40.77779147745 0.0212 0.0251 5.7894 "" "" 2067647254013784704 1772.10718 0.539 0.0273 -3.147 -4.887 0.029 0.034 1.054 9292.9 3.8334 15.79762 1.534241 16.488976 14.954735 "" "" 1693.05505 1868.35229 9034.38927 3.2362 3466.0 11.144 8265.4 13.705 "" "" 0.002782633390225732 0.0044689374 0.0041862545 0.008655192 306.31878118541 40.77779147745 1772.10718 -3.1470000000000002 -4.886999999999999 -0.09551183891296366 -0.31715480041503863 0.24842855 0.25342855 "" "" 2.782215710575832 "" 0.7039466440905412 "" 0.96
306.48392025724 40.75244986538 0.0221 0.027 8.3188 "" "" 2067605266413448448 1730.86926 0.5483 0.0287 -3.188 -4.508 0.028 0.035 0.961 "" "" 15.817431 1.497358 16.497913 15.000555 "" "" 1641.77441 1823.52795 8871.03952 4.0129 3437.6 10.442 7923.9 11.154 "" "" 0.0027987516855106677 0.004319948 0.004076703 0.008396652 306.48392025724 40.75244986538 1730.86926 -3.1879999999999997 -4.507999999999999 -0.13651183891296403 0.06184519958496093 0.24742855 0.25442857 "" "" 1.2295621571405453 "" 0.3057116046084202 "" 0.97
306.26559294057 40.70811009205 0.0222 0.0257 10.6137 "" "" 2067645570386602112 1975.7771 0.483 0.0276 -3.588 -4.86 0.029 0.034 1.028 "" "" 15.818047 1.855804 16.72186 14.866056 "" "" 1870.20886 2082.51929 8866.00497 3.0741 2796.9 8.374 8968.8 10.382 "" "" 0.0027809186588455726 0.0042839544 0.003982877 0.008266831 306.26559294057 40.70811009205 1975.7771 -3.587999999999999 -4.859999999999999 -0.536511838912964 -0.2901548004150394 0.24842855 0.25342855 "" "" 5.7122610894607835 "" 1.4256021427152885 "" 0.88
306.29877299045 40.80751281062 0.0225 0.0268 4.8687 "" "" 2067647528891700480 1737.32849 0.5502 0.0288 -3.022 -4.842 0.03 0.036 1.072 9249.8 3.9443 15.837238 1.507127 16.524405 15.017278 "" "" 1661.14319 1820.04102 8710.66475 2.7454 3354.7 10.523 7802.7 13.217 "" "" 0.0027764886981482477 0.004402731 0.0042031086 0.00860584 306.29877299045 40.80751281062 1737.32849 -3.0220000000000002 -4.8420000000000005 0.029488161087036335 -0.2721548004150387 0.24942856 0.25542855 "" "" 2.254294831059013 "" 0.5756561401678777 "" 0.97
306.39040704644 40.80618975691 0.0224 0.0262 3.5461 "" "" 2067600795348381056 1944.26392 0.4836 0.0277 -3.178 -4.891 0.032 0.033 1.014 7989.9 4.1609 15.891908 1.563484 16.614449 15.050964 "" "" 1834.70422 2054.73389 8282.9233 3.1441 3087.7 11.051 7564.4 11.695 "" "" 0.0027859724880082834 0.004783849 0.004135391 0.008919241 306.39040704644 40.80618975691 1944.26392 -3.1780000000000017 -4.891 -0.1265118389129638 -0.3211548004150391 0.25142854 0.25242856 "" "" 3.18106582773828 "" 0.8025652731524986 "" 0.96
306.33720738029 40.781933251 0.022 0.0257 5.2337 "" "" 2067647563251425408 1867.52527 0.5012 0.0287 -3.052 -4.611 0.03 0.034 1.0 7905.1 4.0644 15.903102 1.767505 16.745537 14.978032 "" "" 1766.20117 1982.08459 8197.96379 2.9794 2736.5 17.322 8089.9 17.276 "" "" 0.002783431590764945 0.0074174763 0.004433914 0.011851391 306.33720738029 40.781933251 1867.52527 -3.052 -4.611 -0.0005118389129639134 -0.04115480041503883 0.24942856 0.25342855 "" "" 0.36433333876422935 "" 0.09233224563804471 "" 0.97
306.24976813446 40.90308338333 0.0244 0.0281 6.1624 "" "" 2067652064377191680 1685.02026 0.5552 0.0312 -3.398 -4.982 0.03 0.036 1.003 "" "" 15.933962 1.587151 16.666441 15.07929 "" "" 1606.15771 1772.34436 7968.23439 2.9544 2943.3 8.2566 7369.6 8.0869 "" "" 0.002784572611275607 0.004130557 0.0039627254 0.008093283 306.24976813446 40.90308338333 1685.02026 -3.398000000000002 -4.981999999999998 -0.346511838912964 -0.41215480041503927 0.24942856 0.25542855 "" "" 4.300699112682451 "" 1.087909603497645 "" 0.93
