Clusters/Ruprecht_94/Ruprecht_94_stars_in_region.tsv
# %ECSV 1.0
# ---
# datatype:
# - name: RA_ICRS_1
#   unit: deg
#   datatype: float64
#   format: '{:15.11f}'
#   description: Right ascension (ICRS) at Ep=2016.0 (ra)
#   meta: !!omap
#   - {ucd: POS_EQ_RA_MAIN}
#   - {width: 15}
#   - {precision: '11'}
# - name: DE_ICRS_1
#   unit: deg
#   datatype: float64
#   format: '{:15.11f}'
#   description: Declination (ICRS) at Ep=2016.0 (dec)
#   meta: !!omap
#   - {ucd: POS_EQ_DEC_MAIN}
#   - {width: 15}
#   - {precision: '11'}
# - name: e_RA_ICRS
#   unit: mas
#   datatype: float64
#   format: '{:7.4f}'
#   description: Standard error of right ascension (ra_error)
#   meta: !!omap
#   - {ucd: ERROR}
#   - {width: 7}
#   - {precision: '4'}
# - name: e_DE_ICRS
#   unit: mas
#   datatype: float64
#   format: '{:7.4f}'
#   description: Standard error of declination (dec_error)
#   meta: !!omap
#   - {ucd: ERROR}
#   - {width: 7}
#   - {precision: '4'}
# - name: _r_1
#   unit: ''
#   datatype: float64
#   format: '{:7.4f}'
#   description: Distance from center (172.86681671000-63.45840319000)[ICRS], at Epoch=J2016.0
#   meta: !!omap
#   - {ucd: POS_ANG_DIST_GENERAL}
#   - {width: 7}
#   - {precision: '4'}
# - name: HIP
#   datatype: int32
#   description: '? HIP cross-id number, van Leeuwen, Cat. I/311 (hip_original_ext_source_id)'
#   meta: !!omap
#   - {ucd: ID_NUMBER}
#   - {width: 6}
#   - values: {'null': -2147483648}
# - name: TYC2
#   datatype: string
#   description: Tycho-2 cross-id name, Hog et al., Cat. I/259 (tyc2_original_ext_source_id)
#   meta: !!omap
#   - {ucd: ID_CROSSID}
#   - {_votable_string_dtype: char}
# - name: Source
#   datatype: int64
#   description: Source identifier, identical to the Gaia-EDR3 source_id (id)
#   meta: !!omap
#   - {ucd: ID_MAIN}
#   - {width: 19}
# - name: rgeo
#   unit: pc
#   datatype: float64
#   format: '{:15.8f}'
#   description: '? Median of the geometric distance posterior (r_med_geo)'
#   meta: !!omap
#   - {ucd: PHYS_DISTANCE_TRUE}
#   - {width: 15}
#   - {precision: '8'}
#   - values: {'null': .nan}
# - name: Plx
#   unit: mas
#   datatype: float64
#   format: '{:9.4f}'
#   description: '? Parallax (parallax)'
#   meta: !!omap
#   - {ucd: POS_PARLX_TRIG}
#   - {width: 9}
#   - {precision: '4'}
#   - values: {'null': .nan}
# - name: e_Plx
#   unit: mas
#   datatype: float32
#   format: '{:7.4f}'
#   description: '? Standard error of parallax (parallax_error)'
#   meta: !!omap
#   - {ucd: ERROR}
#   - {width: 7}
#   - {precision: '4'}
#   - values: {'null': .nan}
# - name: pmRA
#   unit: mas / yr
#   datatype: float64
#   format: '{:9.3f}'
#   description: '? Proper motion in right ascension direction, pmRA*cosDE (pmra)'
#   meta: !!omap
#   - {ucd: POS_EQ_PMRA}
#   - {width: 9}
#   - {precision: '3'}
#   - values: {'null': .nan}
# - name: pmDE
#   unit: mas / yr
#   datatype: float64
#   format: '{:9.3f}'
#   description: '? Proper motion in declination direction (pmdec)'
#   meta: !!omap
#   - {ucd: POS_EQ_PMDEC}
#   - {width: 9}
#   - {precision: '3'}
#   - values: {'null': .nan}
# - name: e_pmRA
#   unit: mas / yr
#   datatype: float32
#   format: '{:6.3f}'
#   description: '? Standard error of proper motion in right ascension direction (pmra_error)'
#   meta: !!omap
#   - {ucd: ERROR}
#   - {width: 6}
#   - {precision: '3'}
#   - values: {'null': .nan}
# - name: e_pmDE
[...]
#         unit: &id001 !astropy.units.Unit {unit: deg}
#         value: !astropy.table.SerializedColumn {name: SkyCoord.dec}
#       distance: !astropy.table.SerializedColumn
#         __class__: astropy.coordinates.distances.Distance
#         unit: !astropy.units.Unit {unit: pc}
#         value: !astropy.table.SerializedColumn {name: SkyCoord.distance}
#       frame: icrs
#       obstime: !astropy.time.Time {format: jyear_str, in_subfmt: '*', jd1: 367701545.0, jd2: 0.0, out_subfmt: '*', precision: 3, scale: tt}
#       pm_dec: !astropy.table.SerializedColumn
#         __class__: astropy.units.quantity.Quantity
#         unit: !astropy.units.Unit {unit: mas / yr}
#         value: !astropy.table.SerializedColumn {name: SkyCoord.pm_dec}
#       pm_ra_cosdec: !astropy.table.SerializedColumn
#         __class__: astropy.units.quantity.Quantity
#         unit: !astropy.units.Unit {unit: mas / yr}
#         value: !astropy.table.SerializedColumn {name: SkyCoord.pm_ra_cosdec}
#       ra: !astropy.table.SerializedColumn
#         __class__: astropy.coordinates.angles.Longitude
#         unit: *id001
#         value: !astropy.table.SerializedColumn {name: SkyCoord.ra}
#         wrap_angle: !astropy.coordinates.Angle
#           unit: *id001
#           value: 360.0
#       representation_type: spherical
# schema: astropy-2.0
RA_ICRS_1 DE_ICRS_1 e_RA_ICRS e_DE_ICRS _r_1 HIP TYC2 Source rgeo Plx e_Plx pmRA pmDE e_pmRA e_pmDE RUWE Teff logg Gmag BP-RP BPmag RPmag RV e_RV b_rgeo B_rgeo FG e_FG FBP e_FBP FRP e_FRP RAVE5 RAVE6 e_Gmag e_BPmag e_RPmag e_BP-RP SkyCoord.ra SkyCoord.dec SkyCoord.distance SkyCoord.pm_ra_cosdec SkyCoord.pm_dec
[from data line 1609]
173.03424503048 -63.40197087912 0.0238 0.0237 5.6262 "" "" 5333625666783948928 1889.7179 0.4937 0.0285 -10.636 1.642 0.032 0.03 0.977 5927.3 4.3062 15.812096 1.026205 16.237953 15.211748 "" "" 1784.60559 2004.62854 8914.73479 2.9072 4367.5 7.4317 6523.2 9.1276 "" "" 0.002777976948280529 0.0033463754 0.0040732976 0.007419673 173.03424503048 -63.40197087912 1889.7179 -10.635999999999997 1.6420000000000001
171.984705108 -63.48714830065 0.0261 0.0261 23.7009 "" "" 5333712940510850176 1940.05066 0.4878 0.0313 -6.357 5.025 0.033 0.033 1.1 5930.0 4.2638 15.8122 1.161935 16.304445 15.14251 "" "" 1834.33044 2075.4917 8913.88144 2.7903 4108.1 7.5115 6952.7 8.9899 "" "" 0.0027762021960925217 0.0034243497 0.0040316954 0.007456045 171.984705108 -63.48714830065 1940.05066 -6.356999999999999 5.025
172.7651801162 -63.79357564137 0.025 0.0249 20.292 "" "" 5333514753546360320 2512.02197 0.3652 0.0308 -7.226 1.306 0.033 0.032 1.025 6300.1 4.1188 15.812939 1.171925 16.3143 15.142375 "" "" 2316.80518 2683.09888 8907.81416 2.9462 4071.0 9.3397 6953.6 9.4485 "" "" 0.002778622355198022 0.0037402709 0.004057118 0.0077973893 172.7651801162 -63.79357564137 2512.02197 -7.225999999999999 1.306
172.81217420822 -63.21516905327 0.0378 0.0346 14.668 "" "" 5333632160775016704 2648.44849 0.3378 0.0433 -6.473 0.466 0.049 0.046 1.381 "" "" 15.813524 1.479338 16.481373 15.002035 "" "" 2386.53247 3034.78418 8903.01633 9.6139 3490.3 12.789 7913.1 22.31 "" "" 0.0029943914804565234 0.0048592137 0.0048635425 0.009722756 172.81217420822 -63.21516905327 2648.44849 -6.473000000000001 0.466
172.91010577338 -63.88312856045 0.0218 0.0226 25.5095 "" "" 5333513482235928320 2209.8374 0.416 0.0267 -8.154 1.33 0.029 0.029 0.999 6326.2 4.2554 15.814352 0.978713 16.204252 15.225539 "" "" 2082.64355 2349.50415 8896.2276 3.0364 4505.2 13.003 6440.8 13.322 "" "" 0.0027801287830266585 0.004195826 0.004396242 0.008592068 172.91010577338 -63.88312856045 2209.8374 -8.154000000000002 1.3300000000000005
172.63837385489 -63.38478987132 0.0253 0.0249 7.5576 "" "" 5333624258034491264 2399.37476 0.3831 0.0302 -7.521 1.482 0.034 0.031 0.968 7869.5 3.7697 15.814594 1.670537 16.599066 14.928529 "" "" 2260.44702 2541.91431 8894.2477 3.3323 3131.8 7.8524 8467.3 10.612 "" "" 0.0027851856409701393 0.003898186 0.0040168837 0.007915069 172.63837385489 -63.38478987132 2399.37476 -7.521000000000001 1.4820000000000002
173.28774770412 -63.3112802331 0.023 0.0259 14.3506 "" "" 5333616149136754432 2033.45068 0.4625 0.0296 -8.783 2.397 0.031 0.033 1.05 5953.5 4.4011 15.814763 1.094966 16.276943 15.181977 "" "" 1925.44104 2172.90161 8892.86494 2.8424 4213.5 15.881 6704.5 6.1224 "" "" 0.0027770883426506206 0.0049529104 0.0039072675 0.008860178 173.28774770412 -63.3112802331 2033.45068 -8.783 2.397
172.26876618025 -63.19176295364 0.025 0.0242 22.7033 "" "" 5333814404814139264 1913.93738 0.4854 0.0295 -9.594 2.437 0.034 0.03 1.031 6989.8 4.4232 15.8157 1.004476 16.233429 15.228953 "" "" 1815.66589 2029.26404 8885.19788 2.9232 4385.8 8.7641 6420.6 9.0128 "" "" 0.002778377898912328 0.003534442 0.004075114 0.0076095564 172.26876618025 -63.19176295364 1913.93738 -9.594 2.4370000000000003
173.12708976466 -63.85181878027 0.0214 0.0229 24.6012 "" "" 5333507778519517568 1993.84558 0.4713 0.0269 -3.648 1.485 0.028 0.03 0.941 5377.0 4.2535 15.816079 1.093681 16.2768 15.183119 "" "" 1903.56226 2090.16992 8882.09149 2.6902 4214.0 7.5886 6697.5 8.7802 "" "" 0.002774874704605306 0.0034070308 0.0040385257 0.0074455566 173.12708976466 -63.85181878027 1993.84558 -3.6480000000000006 1.4849999999999999
173.46752753424 -63.52497112764 0.0261 0.0264 16.5752 "" "" 5333609272869869568 2138.14209 0.4244 0.0311 -5.304 1.068 0.033 0.031 0.929 5396.7 4.2015 15.816118 1.233114 16.332289 15.099175 "" "" 2004.55994 2305.06396 8881.76638 3.516 4004.1 8.5763 7235.8 12.894 "" "" 0.0027886419192131797 0.003632227 0.004245821 0.007878048 173.46752753424 -63.52497112764 2138.14209 -5.304000000000002 1.0680000000000003
172.85959956942 -63.61873492296 0.0242 0.0226 9.6218 "" "" 5333523343481295616 2268.72534 0.4084 0.0275 -6.135 0.131 0.033 0.031 0.979 6651.3 4.2469 15.82003 1.12956 16.301363 15.171803 "" "" 2128.89624 2424.35352 8849.82494 2.7547 4119.8 9.0308 6767.6 11.214 "" "" 0.002775969316223274 0.00366734 0.004185739 0.007853079 172.85959956942 -63.61873492296 2268.72534 -6.135 0.13100000000000014
172.67070830014 -63.14623154099 0.0265 0.0247 19.462 "" "" 5333633672603481600 2565.14038 0.3457 0.0311 -10.211 2.751 0.032 0.03 1.037 7800.7 3.5968 15.820055 2.696553 17.32919 14.632636 "" "" 2386.11304 2764.22998 8849.6217 3.763 1598.6 7.8088 11120.0 14.327 "" "" 0.002793730608649073 0.0059927427 0.0040299557 0.010022698 172.67070830014 -63.14623154099 2565.14038 -10.211000000000002 2.7510000000000003
172.5745844389 -63.02973746364 0.0303 0.0301 26.9039 "" "" 5333845466018685824 2099.91577 0.4444 0.0366 -5.172 0.325 0.037 0.034 1.231 7445.4 4.2213 15.820812 0.989013 16.219296 15.230283 "" "" 1959.65979 2273.14331 8843.44978 6.8314 4443.2 14.68 6412.8 11.719 "" "" 0.002880143301859025 0.0045445557 0.0042685415 0.008813097 172.5745844389 -63.02973746364 2099.91577 -5.1720000000000015 0.325
173.30042149029 -63.42444213834 0.0255 0.0258 11.8093 "" "" 5333613194199017344 2098.4978 0.441 0.0319 -8.444 1.622 0.033 0.033 1.066 5122.5 3.789 15.822596 1.355015 16.42847 15.073456 "" "" 1968.3595 2258.3999 8828.94089 2.5495 3664.6 11.152 7409.3 11.204 "" "" 0.002773100550322469 0.0043245796 0.004120587 0.008445166 173.30042149029 -63.42444213834 2098.4978 -8.443999999999999 1.6219999999999999
173.66813805729 -63.69322618871 0.0282 0.0311 25.618 "" "" 5333601305729085056 2375.27661 0.3818 0.0356 -5.578 2.008 0.036 0.038 1.183 8502.9 4.4037 15.824256 1.266776 16.36703 15.100253 "" "" 2219.48901 2571.62915 8815.44423 3.7067 3878.0 9.0334 7228.6 10.62 "" "" 0.0027928851315483175 0.0037658259 0.004102213 0.0078680385 173.66813805729 -63.69322618871 2375.27661 -5.577999999999999 2.008
172.79042403633 -63.83121421231 0.0236 0.0247 22.461 "" "" 5333514409948912384 2264.06836 0.4075 0.0285 -3.225 1.076 0.031 0.031 0.994 7035.8 4.1256 15.824569 1.119021 16.292912 15.17389 "" "" 2113.34937 2445.80493 8812.91147 2.9862 4152.0 10.728 6754.6 8.2344 "" "" 0.0027797726670943847 0.0039566387 0.004004453 0.007961092 172.79042403633 -63.83121421231 2264.06836 -3.2249999999999996 1.076
172.50795866252 -63.11076271207 0.0281 0.027 22.9949 "" "" 5333821482920315136 2094.04419 0.4482 0.0329 -12.244 0.158 0.035 0.032 1.052 5767.2 4.3182 15.825049 1.213567 16.300156 15.086589 "" "" 1972.01086 2213.95923 8809.01001 2.999 4124.3 23.264 7320.2 70.832 "" "" 0.002780003562598053 0.0067299665 0.011164964 0.017894931 172.50795866252 -63.11076271207 2094.04419 -12.244 0.15800000000000017
173.46572817606 -63.44739447785 0.0248 0.0266 16.0739 "" "" 5333611407492655488 2119.39722 0.4397 0.0326 -9.383 0.805 0.033 0.033 0.935 5728.0 4.0286 15.825147 1.06772 16.268154 15.200434 "" "" 1957.45312 2319.97778 8808.22078 2.9649 4247.7 7.6115 6591.5 8.089 "" "" 0.002779452156381685 0.0034014971 0.0040073707 0.0074088676 173.46572817606 -63.44739447785 2119.39722 -9.382999999999997 0.805
171.90796645718 -63.42353356183 0.0264 0.0266 25.8079 "" "" 5333719297062472704 2074.57178 0.4472 0.0318 -8.084 -2.157 0.034 0.035 1.036 6040.7 4.2013 15.825298 1.176875 16.305048 15.128173 "" "" 1964.15759 2226.73438 8806.98509 3.2438 4105.8 10.435 7045.1 27.639 "" "" 0.0027841891447420203 0.0039242185 0.0056944834 0.009618701 171.90796645718 -63.42353356183 2074.57178 -8.084 -2.1569999999999996
172.52778603576 -63.68236684745 0.0228 0.0222 16.2034 "" "" 5333519460830611712 2432.78906 0.3758 0.0268 -15.862 4.414 0.029 0.029 0.998 4904.9 3.6533 15.827284 1.601263 16.55293 14.951668 "" "" 2271.71436 2592.43945 8790.8966 3.3164 3267.7 9.3389 8288.8 15.112 "" "" 0.002785598695106057 0.0041729463 0.0042663957 0.008439342 172.52778603576 -63.68236684745 2432.78906 -15.862000000000002 4.414
172.42403384 -63.86415541902 0.0219 0.021 27.0484 "" "" 5333493175629526528 2049.93555 0.4491 0.026 -8.095 -0.211 0.03 0.027 0.992 5382.3 4.2188 15.827595 1.222692 16.358856 15.136164 "" "" 1958.05872 2147.69238 8788.37673 2.7335 3907.3 9.0854 6993.5 10.386 "" "" 0.0027759381495144333 0.0037627947 0.0041089687 0.007871764 172.42403384 -63.86415541902 2049.93555 -8.095 -0.21100000000000002
172.70010437841 -63.5881121389 0.0243 0.0222 8.9697 "" "" 5333526607656428672 2010.6134 0.4684 0.0273 -5.482 1.638 0.033 0.031 1.012 6583.5 4.3114 15.828415 1.131674 16.306828 15.175154 "" "" 1908.20911 2121.45337 8781.74725 2.7277 4099.1 9.2883 6746.8 7.8534 "" "" 0.0027758819642249356 0.0037199028 0.003985092 0.0077049946 172.70010437841 -63.5881121389 2010.6134 -5.482 1.6380000000000001
173.21907709011 -63.64343875371 0.025 0.0284 14.556 "" "" 5333604638624628736 2507.01514 0.3633 0.0318 -6.471 0.659 0.034 0.041 0.947 8960.7 3.8689 15.828506 1.073534 16.257338 15.183804 "" "" 2347.16992 2680.97656 8781.00179 3.0461 4290.2 12.49 6693.2 21.908 "" "" 0.0027809433187221478 0.004216191 0.005187797 0.009403988 173.21907709011 -63.64343875371 2507.01514 -6.471 0.6590000000000001
172.45960164082 -63.06874457418 0.0265 0.0247 25.8345 "" "" 5333821963956667648 2532.60107 0.3597 0.0307 -12.038 3.977 0.032 0.029 1.013 "" "" 15.828825 1.454323 16.4943 15.039978 "" "" 2364.04248 2751.49902 8778.42872 2.7597 3449.0 12.713 7641.3 9.5204 "" "" 0.002776381252617643 0.004878648 0.004014177 0.008892825 172.45960164082 -63.06874457418 2532.60107 -12.038 3.9770000000000003
173.36939052301 -63.459237099 0.0243 0.0268 13.4743 "" "" 5333612816241848960 2273.24097 0.4126 0.0311 -3.99 2.376 0.034 0.035 1.033 5297.4 4.2643 15.829457 1.188774 16.336353 15.147579 "" "" 2123.6897 2439.68164 8773.31461 5.0455 3989.1 11.147 6920.3 16.854 "" "" 0.002825184629250527 0.0041218754 0.004612568 0.008734443 173.36939052301 -63.459237099 2273.24097 -3.9900000000000007 2.3759999999999994
173.59779383966 -63.24390748461 0.0269 0.025 23.5072 "" "" 5333638070650933888 1935.89673 0.4849 0.0312 -12.548 2.867 0.035 0.032 0.935 6373.7 4.3407 15.834282 1.016022 16.253641 15.237619 "" "" 1822.96765 2076.875 8734.41722 2.9667 4304.9 12.003 6369.6 10.31 "" "" 0.0027798895661993476 0.004116966 0.0041679954 0.008284962 173.59779383966 -63.24390748461 1935.89673 -12.548 2.8670000000000004
173.09894855593 -63.72194242995 0.0232 0.0226 16.9826 "" "" 5333510213745539200 1993.68921 0.4711 0.0272 -0.846 -0.218 0.03 0.03 1.024 5928.4 4.138 15.835446 1.162769 16.331615 15.168846 "" "" 1879.90466 2099.46973 8725.05804 2.7891 4006.6 7.4928 6786.1 6.3932 "" "" 0.00277709355943592 0.003450765 0.003915354 0.007366119 173.09894855593 -63.72194242995 1993.68921 -0.8460000000000001 -0.218
173.15712734754 -63.0805140233 0.0258 0.0255 23.9888 "" "" 5333654597685189504 2380.48657 0.389 0.0318 -10.544 1.484 0.033 0.034 1.069 5173.9 4.2993 15.840838 1.017451 16.25402 15.236569 "" "" 2216.84668 2544.41577 8681.83041 3.1821 4303.4 8.9918 6375.7 8.5123 "" "" 0.0027839095492100856 0.003596057 0.0040478413 0.007643898 173.15712734754 -63.0805140233 2380.48657 -10.544000000000002 1.4840000000000002
172.04069835963 -63.35437042602 0.0361 0.037 23.0502 "" "" 5333721186848136576 2443.42261 0.3793 0.0444 -9.509 3.238 0.046 0.045 1.581 "" "" 15.842866 2.78173 17.381006 14.599277 "" "" 2206.64258 2662.32007 8665.6321 5.7779 1524.1 9.8348 11467.0 19.701 "" "" 0.002848834514243404 0.0075412528 0.004214653 0.011755906 172.04069835963 -63.35437042602 2443.42261 -9.509 3.2379999999999995
172.68245711937 -63.06343598515 0.0256 0.0244 24.215 "" "" 5333657449543791616 2266.92334 0.4099 0.0303 -12.275 8.622 0.031 0.03 1.023 "" "" 15.843376 1.319123 16.424543 15.10542 "" "" 2115.63745 2433.18188 8661.56608 2.7339 3677.9 7.7176 7194.3 9.8137 "" "" 0.002776550152925748 0.0036021657 0.0040592146 0.0076613803 172.68245711937 -63.06343598515 2266.92334 -12.274999999999999 8.622
172.07503939218 -63.4983362441 0.0259 0.0248 21.3481 "" "" 5333718021441123456 2356.24341 0.393 0.0301 -7.559 1.342 0.033 0.03 0.987 6591.0 4.285 15.843613 1.039201 16.27116 15.231959 "" "" 2221.78467 2531.64258 8659.67933 2.7202 4236.0 9.4001 6402.9 10.803 "" "" 0.002776347839846096 0.0036864672 0.0041999323 0.0078863995 172.07503939218 -63.4983362441 2356.24341 -7.558999999999999 1.342
172.5022283318 -63.47155962195 0.0264 0.0235 9.8045 "" "" 5333528531801921152 2582.77173 0.3449 0.0297 -4.967 -1.219 0.036 0.03 0.993 6902.3 2.6489 15.843768 2.623781 17.295033 14.671251 "" "" 2416.61621 2793.13696 8658.43534 3.4708 1649.7 6.4708 10731.0 8.8219 "" "" 0.002789482166504073 0.0050913254 0.003883352 0.008974677 172.5022283318 -63.47155962195 2582.77173 -4.9670000000000005 -1.2189999999999999
172.04348428997 -63.52333754995 0.0243 0.0241 22.3906 "" "" 5333712150236857344 1944.61963 0.4792 0.0297 -7.62 1.462 0.031 0.03 0.972 6315.7 4.3069 15.845794 1.141691 16.324203 15.182512 "" "" 1842.61731 2076.39355 8642.30098 2.731 4034.0 12.531 6701.2 11.214 "" "" 0.0027765994997596597 0.00437721 0.0041934317 0.008570641 172.04348428997 -63.52333754995 1944.61963 -7.619999999999999 1.462
172.37015607851 -63.21218850582 0.0258 0.0257 19.9267 "" "" 5333814164295972608 2359.14014 0.3887 0.0302 -4.468 0.718 0.035 0.032 1.005 5876.3 4.1591 15.846053 1.157145 16.339561 15.182416 "" "" 2192.86743 2565.61792 8640.23064 2.9434 3977.3 9.4513 6701.8 11.478 "" "" 0.0027800346534941267 0.003800222 0.0042120675 0.008012289 172.37015607851 -63.21218850582 2359.14014 -4.468000000000001 0.718
172.79593707546 -63.28411666157 0.0297 0.0297 10.6295 "" "" 5333630374068248448 2234.24976 0.4158 0.0356 -12.656 3.582 0.041 0.039 1.192 5194.4 4.2918 15.846524 1.111375 16.314543 15.203168 "" "" 2097.2002 2386.09937 8636.48224 2.8789 4070.0 9.2708 6574.9 7.8433 "" "" 0.0027789883693345825 0.0037284615 0.003995153 0.0077236146 172.79593707546 -63.28411666157 2234.24976 -12.656000000000002 3.5820000000000003
172.97848390382 -63.13627246862 0.0248 0.0242 19.5609 "" "" 5333653463813659648 2326.52661 0.3972 0.0296 -5.484 1.928 0.031 0.031 1.033 5832.1 4.2162 15.846896 1.233974 16.386484 15.152511 "" "" 2180.45117 2478.17969 8633.52564 2.7494 3809.1 9.0211 6889.0 9.9431 "" "" 0.0027769297774981414 0.0037943241 0.0040913876 0.007885711 172.97848390382 -63.13627246862 2326.52661 -5.484 1.9279999999999995
173.21578685023 -63.7249104633 0.0384 0.0383 18.5045 "" "" 5333509702665285632 2272.77441 0.4159 0.0449 -7.005 1.897 0.051 0.052 1.626 9548.9 3.7469 15.848456 1.298408 16.346329 15.047921 "" "" 2072.41602 2540.3313 8621.12657 4.7429 3952.6 9.1985 7585.6 10.382 "" "" 0.002819321899841915 0.0037642263 0.0040610204 0.007825247 173.21578685023 -63.7249104633 2272.77441 -7.005 1.8970000000000002
173.35718497132 -63.35626369804 0.0229 0.0248 14.5266 "" "" 5333615217103108736 2717.83008 0.3365 0.0294 -7.547 2.558 0.03 0.032 1.059 5539.6 4.1556 15.851321 1.265616 16.400352 15.134736 "" "" 2526.70337 2933.94116 8598.41212 2.7416 3760.8 11.834 7002.7 10.033 "" "" 0.002776982986059002 0.0044110324 0.0040869946 0.008498027 173.35718497132 -63.35626369804 2717.83008 -7.547 2.558
171.84901726248 -63.50707447203 0.0246 0.0259 27.4205 "" "" 5333724451023176576 2007.50317 0.4575 0.0307 -8.53 3.538 0.032 0.031 0.991 5410.3 4.2193 15.851369 1.305743 16.426067 15.120324 "" "" 1886.83923 2142.6604 8598.03355 2.6945 3672.7 6.9565 7096.2 9.8374 "" "" 0.0027762496742953675 0.003466159 0.00406807 0.007534229 171.84901726248 -63.50707447203 2007.50317 -8.530000000000001 3.538000000000001
172.27759456702 -63.14872770719 0.0263 0.0255 24.4437 "" "" 5333820349049039872 1870.42041 0.505 0.0311 -10.643 1.164 0.036 0.033 1.031 6090.7 4.3607 15.853219 1.033741 16.286552 15.252811 "" "" 1772.91772 1977.20129 8583.39698 2.8369 4176.3 12.065 6281.1 9.064 "" "" 0.002778589652465826 0.0041980166 0.004091275 0.0082892915 172.27759456702 -63.14872770719 1870.42041 -10.643000000000002 1.1639999999999997
