Clusters/Ruprecht_94/Ruprecht_94_stars_in_region.tsv
# %ECSV 1.0
# ---
# datatype:
# - name: RA_ICRS_1
#   unit: deg
#   datatype: float64
#   format: '{:15.11f}'
#   description: Right ascension (ICRS) at Ep=2016.0 (ra)
#   meta: !!omap
#   - {ucd: POS_EQ_RA_MAIN}
#   - {width: 15}
#   - {precision: '11'}
# - name: DE_ICRS_1
#   unit: deg
#   datatype: float64
#   format: '{:15.11f}'
#   description: Declination (ICRS) at Ep=2016.0 (dec)
#   meta: !!omap
#   - {ucd: POS_EQ_DEC_MAIN}
#   - {width: 15}
#   - {precision: '11'}
# - name: e_RA_ICRS
#   unit: mas
#   datatype: float64
#   format: '{:7.4f}'
#   description: Standard error of right ascension (ra_error)
#   meta: !!omap
#   - {ucd: ERROR}
#   - {width: 7}
#   - {precision: '4'}
# - name: e_DE_ICRS
#   unit: mas
#   datatype: float64
#   format: '{:7.4f}'
#   description: Standard error of declination (dec_error)
#   meta: !!omap
#   - {ucd: ERROR}
#   - {width: 7}
#   - {precision: '4'}
# - name: _r_1
#   unit: ''
#   datatype: float64
#   format: '{:7.4f}'
#   description: Distance from center (172.86681671000-63.45840319000)[ICRS], at Epoch=J2016.0
#   meta: !!omap
#   - {ucd: POS_ANG_DIST_GENERAL}
#   - {width: 7}
#   - {precision: '4'}
# - name: HIP
#   datatype: int32
#   description: '? HIP cross-id number, van Leeuwen, Cat. I/311 (hip_original_ext_source_id)'
#   meta: !!omap
#   - {ucd: ID_NUMBER}
#   - {width: 6}
#   - values: {'null': -2147483648}
# - name: TYC2
#   datatype: string
#   description: Tycho-2 cross-id name, Hog et al., Cat. I/259 (tyc2_original_ext_source_id)
#   meta: !!omap
#   - {ucd: ID_CROSSID}
#   - {_votable_string_dtype: char}
# - name: Source
#   datatype: int64
#   description: Source identifier, identical to the Gaia-EDR3 source_id (id)
#   meta: !!omap
#   - {ucd: ID_MAIN}
#   - {width: 19}
# - name: rgeo
#   unit: pc
#   datatype: float64
#   format: '{:15.8f}'
#   description: '? Median of the geometric distance posterior (r_med_geo)'
#   meta: !!omap
#   - {ucd: PHYS_DISTANCE_TRUE}
#   - {width: 15}
#   - {precision: '8'}
#   - values: {'null': .nan}
# - name: Plx
#   unit: mas
#   datatype: float64
#   format: '{:9.4f}'
#   description: '? Parallax (parallax)'
#   meta: !!omap
#   - {ucd: POS_PARLX_TRIG}
#   - {width: 9}
#   - {precision: '4'}
#   - values: {'null': .nan}
# - name: e_Plx
#   unit: mas
#   datatype: float32
#   format: '{:7.4f}'
#   description: '? Standard error of parallax (parallax_error)'
#   meta: !!omap
#   - {ucd: ERROR}
#   - {width: 7}
#   - {precision: '4'}
#   - values: {'null': .nan}
# - name: pmRA
#   unit: mas / yr
#   datatype: float64
#   format: '{:9.3f}'
#   description: '? Proper motion in right ascension direction, pmRA*cosDE (pmra)'
#   meta: !!omap
#   - {ucd: POS_EQ_PMRA}
#   - {width: 9}
#   - {precision: '3'}
#   - values: {'null': .nan}
# - name: pmDE
#   unit: mas / yr
#   datatype: float64
#   format: '{:9.3f}'
#   description: '? Proper motion in declination direction (pmdec)'
#   meta: !!omap
#   - {ucd: POS_EQ_PMDEC}
#   - {width: 9}
#   - {precision: '3'}
#   - values: {'null': .nan}
# - name: e_pmRA
#   unit: mas / yr
#   datatype: float32
#   format: '{:6.3f}'
#   description: '? Standard error of proper motion in right ascension direction (pmra_error)'
#   meta: !!omap
#   - {ucd: ERROR}
#   - {width: 6}
#   - {precision: '3'}
#   - values: {'null': .nan}
# - name: e_pmDE
[...]
#         unit: &id001 !astropy.units.Unit {unit: deg}
#         value: !astropy.table.SerializedColumn {name: SkyCoord.dec}
#       distance: !astropy.table.SerializedColumn
#         __class__: astropy.coordinates.distances.Distance
#         unit: !astropy.units.Unit {unit: pc}
#         value: !astropy.table.SerializedColumn {name: SkyCoord.distance}
#       frame: icrs
#       obstime: !astropy.time.Time {format: jyear_str, in_subfmt: '*', jd1: 367701545.0, jd2: 0.0, out_subfmt: '*', precision: 3, scale: tt}
#       pm_dec: !astropy.table.SerializedColumn
#         __class__: astropy.units.quantity.Quantity
#         unit: !astropy.units.Unit {unit: mas / yr}
#         value: !astropy.table.SerializedColumn {name: SkyCoord.pm_dec}
#       pm_ra_cosdec: !astropy.table.SerializedColumn
#         __class__: astropy.units.quantity.Quantity
#         unit: !astropy.units.Unit {unit: mas / yr}
#         value: !astropy.table.SerializedColumn {name: SkyCoord.pm_ra_cosdec}
#       ra: !astropy.table.SerializedColumn
#         __class__: astropy.coordinates.angles.Longitude
#         unit: *id001
#         value: !astropy.table.SerializedColumn {name: SkyCoord.ra}
#         wrap_angle: !astropy.coordinates.Angle
#           unit: *id001
#           value: 360.0
#       representation_type: spherical
# schema: astropy-2.0
RA_ICRS_1 DE_ICRS_1 e_RA_ICRS e_DE_ICRS _r_1 HIP TYC2 Source rgeo Plx e_Plx pmRA pmDE e_pmRA e_pmDE RUWE Teff logg Gmag BP-RP BPmag RPmag RV e_RV b_rgeo B_rgeo FG e_FG FBP e_FBP FRP e_FRP RAVE5 RAVE6 e_Gmag e_BPmag e_RPmag e_BP-RP SkyCoord.ra SkyCoord.dec SkyCoord.distance SkyCoord.pm_ra_cosdec SkyCoord.pm_dec
[from data line 199]
172.79257169913 -63.90805933174 0.0084 0.0095 27.0516 "" "" 5333512348364476160 1948.5686 0.4799 0.0107 -5.381 -0.007 0.012 0.012 1.003 "" "" 13.092145 0.532402 13.290351 12.757949 "" "" 1911.66223 1993.54895 109166.35219 34.256 65959.0 35.384 62514.0 29.431 "" "" 0.0027763043610576 0.0028503148 0.0038137916 0.0066641066 172.79257169913 -63.90805933174 1948.5686 -5.380999999999999 -0.0069999999999998674
172.68530562957 -63.10276147668 0.0094 0.0092 21.8931 "" "" 5333633844402188288 2320.38306 0.3984 0.011 -4.492 0.417 0.011 0.011 1.065 "" "" 13.094033 1.591914 13.84505 12.253136 15.98 0.5 2262.87769 2376.66602 108976.60609 16.059 39573.0 23.673 99518.0 36.785 "" "" 0.002759961624862756 0.0028647683 0.0038006299 0.0066653984 172.68530562957 -63.10276147668 2320.38306 -4.492000000000001 0.4169999999999999
173.46863106699 -63.32796191451 0.0091 0.0105 17.9661 "" "" 5333635729866977664 2219.8374 0.4121 0.0118 -6.955 1.034 0.012 0.013 0.98 "" "" 13.097192 0.279748 13.1944 12.914652 "" "" 2162.24536 2284.37964 108660.07398 74.295 72054.0 135.81 54112.0 96.517 "" "" 0.002853574254084263 0.0034601942 0.004246652 0.007706846 173.46863106699 -63.32796191451 2219.8374 -6.955 1.034
173.28639852489 -63.25836937636 0.0089 0.0094 16.4766 "" "" 5333639891716901888 2295.68408 0.4025 0.0114 -3.993 1.536 0.012 0.012 0.932 5232.2 2.8664 13.10862 1.622586 13.874063 12.251476 -34.2 1.26 2233.99414 2356.19995 107522.38547 16.524 38529.0 22.947 99671.0 25.228 "" "" 0.002760367760206145 0.0028641215 0.0037893602 0.0066534816 173.28639852489 -63.25836937636 2295.68408 -3.9929999999999994 1.5359999999999996
172.37806325926 -63.54878119416 0.0095 0.0099 14.1624 "" "" 5333714173150276736 2143.09229 0.4338 0.0116 -9.441 4.815 0.012 0.012 0.966 4679.1 2.6012 13.132642 1.606382 13.890337 12.283955 21.9 0.76 2090.7207 2186.06152 105169.55238 15.35 37956.0 19.884 96733.0 44.428 "" "" 0.0027598734819018955 0.002847554 0.0038121373 0.006659691 172.37806325926 -63.54878119416 2143.09229 -9.441000000000004 4.815000000000001
173.55163729856 -63.48232555792 0.0096 0.0099 18.4089 "" "" 5333611063895239040 1990.61877 0.4682 0.0121 -7.469 -0.698 0.012 0.012 0.974 5338.1 2.9823 13.134059 1.408839 13.771881 12.363042 -27.63 1.51 1944.56763 2039.66663 105032.32863 13.164 42332.0 23.762 89938.0 29.586 "" "" 0.0027586784395429065 0.002855955 0.0037962208 0.0066521754 173.55163729856 -63.48232555792 1990.61877 -7.469000000000001 -0.6980000000000004
172.35427408433 -63.5196937053 0.0096 0.009 14.211 "" "" 5333714349260498688 2231.26978 0.4129 0.0112 -5.33 6.755 0.012 0.011 1.062 4923.6 2.7775 13.136399 1.556394 13.862367 12.305973 73.6 1.27 2176.69775 2284.43042 104806.18669 21.207 38947.0 29.946 94791.0 46.468 "" "" 0.0027640648528547865 0.0029123805 0.0038166754 0.006729056 172.35427408433 -63.5196937053 2231.26978 -5.329999999999999 6.755000000000001
173.34532509804 -63.13201413861 0.0095 0.0095 23.4515 "" "" 5333642533095452672 2122.44189 0.4346 0.0116 -8.969 0.76 0.013 0.012 1.036 "" "" 13.138545 0.46725 13.310974 12.843724 "" "" 2079.93237 2168.69385 104599.24674 33.194 64718.0 38.249 57765.0 28.4 "" "" 0.0027767797502543713 0.002863006 0.0038168924 0.006679898 173.34532509804 -63.13201413861 2122.44189 -8.968999999999998 0.76
173.31940828174 -63.58628289788 0.0093 0.01 14.3337 "" "" 5333605978653576448 2260.63013 0.4078 0.0118 -6.876 2.155 0.012 0.012 0.931 7765.1 3.49 13.141241 0.66373 13.394582 12.730852 "" "" 2205.79761 2324.61011 104339.85471 23.825 59922.0 35.185 64094.0 24.327 "" "" 0.0027664512351103297 0.0028620767 0.0038017821 0.006663859 173.31940828174 -63.58628289788 2260.63013 -6.8759999999999994 2.154999999999999
172.55116172518 -63.34723364124 0.0112 0.0111 10.7885 "" "" 5333624635992217856 2054.4231 0.4533 0.0133 -5.961 1.363 0.016 0.014 1.143 "" "" 13.150845 0.304308 13.253167 12.948859 "" "" 1999.91321 2105.55029 103421.07861 39.634 68257.0 39.41 52434.0 46.154 "" "" 0.0027865600642241564 0.0028597247 0.003898344 0.0067580687 172.55116172518 -63.34723364124 2054.4231 -5.961000000000001 1.363
172.62600809175 -63.24657977512 0.0089 0.0091 14.2661 "" "" 5333631301781491968 2244.53394 0.4089 0.0106 -6.199 1.045 0.012 0.011 0.976 11373.0 3.86 13.153144 0.3979 13.293118 12.895218 "" "" 2183.64429 2297.01392 103202.24029 44.239 65791.0 74.795 55090.0 55.463 "" "" 0.002794351553718315 0.003051002 0.003934281 0.006985283 172.62600809175 -63.24657977512 2244.53394 -6.199000000000001 1.0450000000000002
173.47853699271 -63.27783040899 0.0095 0.0099 19.6993 "" "" 5333639238881928192 2250.53833 0.4063 0.0115 -6.148 0.941 0.012 0.012 0.891 "" "" 13.166721 0.289133 13.260865 12.971732 "" "" 2195.11694 2300.23413 101919.7582 80.635 67775.0 148.33 51341.0 103.25 "" "" 0.0028861146994030207 0.0036648866 0.004364783 0.0080296695 173.47853699271 -63.27783040899 2250.53833 -6.147999999999998 0.9409999999999998
172.77688074211 -63.86934342125 0.0092 0.0101 24.7724 "" "" 5333513069919039232 2141.62622 0.429 0.0115 -6.467 0.628 0.012 0.013 0.997 "" "" 13.170323 0.366678 13.292314 12.925635 "" "" 2092.20093 2196.51221 101582.18057 45.644 65840.0 107.48 53568.0 95.619 "" "" 0.002798176477016841 0.003305519 0.004247321 0.00755284 172.77688074211 -63.86934342125 2141.62622 -6.467 0.6280000000000001
172.63223093353 -63.12469420556 0.0094 0.0092 20.9981 "" "" 5333633878761903360 2302.08936 0.4007 0.011 -6.622 -1.333 0.011 0.011 0.953 "" "" 13.173987 1.513732 13.874832 12.3611 2.26 1.01 2241.10693 2347.07349 101239.87718 15.025 38502.0 26.412 90099.0 38.324 "" "" 0.0027600278196589006 0.002887868 0.0038074935 0.006695362 172.63223093353 -63.12469420556 2302.08936 -6.622 -1.3329999999999997
172.93802321132 -63.33992439295 0.0087 0.0096 7.3616 "" "" 5333626697576193536 2376.51294 0.384 0.0109 -6.849 0.804 0.012 0.013 1.064 "" "" 13.182134 0.43512 13.336127 12.901008 "" "" 2323.61182 2429.04199 100483.19686 31.557 63236.0 34.567 54797.0 23.003 "" "" 0.0027763385049889623 0.0028525938 0.003806765 0.0066593587 172.93802321132 -63.33992439295 2376.51294 -6.849 0.804
171.98332137513 -63.55864601522 0.0091 0.0092 24.3985 "" "" 5333712356395260928 2031.41467 0.4598 0.0109 -7.238 1.314 0.012 0.011 1.013 "" "" 13.203499 0.602921 13.426085 12.823165 "" "" 1988.35083 2067.6543 98525.16521 19.878 58208.0 33.32 58870.0 27.159 "" "" 0.002764014066331732 0.0028585522 0.0038124295 0.0066709816 171.98332137513 -63.55864601522 2031.41467 -7.238000000000001 1.314
172.95085041356 -63.67825119485 0.009 0.0096 13.3804 "" "" 5333522312689068672 2269.11182 0.404 0.0106 -9.206 2.535 0.012 0.012 0.99 "" "" 13.205189 0.53722 13.404401 12.867181 "" "" 2214.49097 2321.91138 98371.94732 31.808 59382.0 48.25 56531.0 28.209 "" "" 0.0027775955594260826 0.0029263156 0.0038180172 0.0067443326 172.95085041356 -63.67825119485 2269.11182 -9.206 2.535
173.6392522996 -63.35898020057 0.0084 0.0096 21.5861 "" "" 5333635046994338048 2373.69946 0.3897 0.0109 -9.431 2.576 0.011 0.012 0.926 5225.1 2.807 13.207945 1.552348 13.930578 12.37823 -23.08 1.32 2302.677 2432.75122 98122.562 11.677 36575.0 20.595 88688.0 25.051 "" "" 0.0027583480391941296 0.0028563645 0.0037918042 0.006648169 173.6392522996 -63.35898020057 2373.69946 -9.431000000000003 2.5760000000000005
172.60636223176 -63.09567286378 0.0096 0.0092 22.8701 "" "" 5333634084920332288 2352.60791 0.3888 0.0111 -5.59 0.04 0.012 0.011 0.872 "" "" 13.209998 0.350402 13.324029 12.973627 "" "" 2301.21362 2404.50073 97937.12871 27.582 63945.0 79.598 51252.0 95.208 "" "" 0.0027722352113008606 0.0031002634 0.0042838836 0.007384147 172.60636223176 -63.09567286378 2352.60791 -5.59 0.03999999999999995
173.35167672956 -63.11644748108 0.0106 0.011 24.3303 "" "" 5333642567455202560 2563.08618 0.3587 0.013 -8.665 0.297 0.014 0.015 1.137 6662.4 3.0249 13.219452 1.388265 13.73991 12.351645 -34.78 4.17 2488.93188 2663.62769 97088.0756 35.001 43597.0 282.26 90887.0 366.45 "" "" 0.002782983306189116 0.007562886 0.0057833567 0.013346243 173.35167672956 -63.11644748108 2563.08618 -8.665 0.2969999999999999
172.05983912457 -63.296428322 0.0102 0.01 23.7739 "" "" 5333815573045181568 2089.15576 0.443 0.0118 -5.633 0.197 0.015 0.013 1.057 7537.3 3.8038 13.22653 0.368898 13.354969 12.986071 "" "" 2048.19922 2139.27295 96457.19896 23.486 62148.0 39.419 50668.0 23.603 "" "" 0.002767973368686225 0.0028738992 0.0038130744 0.0066869734 172.05983912457 -63.296428322 2089.15576 -5.633000000000001 0.19700000000000017
172.57003211265 -63.34610749761 0.0093 0.009 10.4384 "" "" 5333624567272745472 2237.87744 0.4145 0.0109 -10.227 3.962 0.013 0.011 1.059 5049.1 2.5266 13.227413 1.498255 13.917399 12.419145 -30.56 1.14 2189.21655 2282.45068 96378.77286 11.751 37022.0 29.17 85408.0 26.994 "" "" 0.002758498413067472 0.0029183666 0.0037949288 0.0067132954 172.57003211265 -63.34610749761 2237.87744 -10.226999999999999 3.961999999999999
173.3671021997 -63.56171292187 0.0108 0.011 14.7541 "" "" 5333606219171835136 2244.79272 0.4114 0.0133 -5.369 0.775 0.014 0.013 1.033 10859.9 3.8865 13.232245 0.397329 13.372716 12.975387 "" "" 2184.39966 2314.05469 95950.82096 27.501 61141.0 27.341 51169.0 19.828 "" "" 0.0027728375231838983 0.0028320975 0.0038027272 0.006634825 173.3671021997 -63.56171292187 2244.79272 -5.369 0.7749999999999999
173.21692482358 -63.88918596025 0.0086 0.0094 27.4745 "" "" 5333501009651027584 2294.15405 0.4017 0.0109 -6.627 1.843 0.011 0.011 1.003 "" "" 13.23333 0.375243 13.36564 12.990396 "" "" 2230.57007 2366.84546 95854.98322 28.603 61540.0 33.541 50466.0 20.589 "" "" 0.002774302414980633 0.0028522313 0.0038052513 0.0066574826 173.21692482358 -63.88918596025 2294.15405 -6.627000000000001 1.8430000000000002
173.07639984324 -63.10597928345 0.0091 0.0091 21.8882 "" "" 5333654322807204480 2183.66797 0.4219 0.0111 -7.715 3.266 0.011 0.012 0.936 "" "" 13.235764 1.483121 13.919068 12.435947 -12.82 0.98 2140.76001 2231.323 95640.34705 11.925 36965.0 26.158 84097.0 26.465 "" "" 0.0027586438797693002 0.0028940202 0.0037947951 0.0066888155 173.07639984324 -63.10597928345 2183.66797 -7.715000000000001 3.266
172.95411552382 -63.79966009988 0.0093 0.009 20.6072 "" "" 5333520079305872896 2243.18921 0.4133 0.0115 -6.836 -0.77 0.013 0.011 0.963 4469.8 2.3493 13.23607 1.666244 14.030257 12.364014 5.44 0.87 2181.78711 2299.24976 95613.45147 13.633 33367.0 23.061 89857.0 24.366 "" "" 0.002759665793588003 0.0028893128 0.003790832 0.006680145 172.95411552382 -63.79966009988 2243.18921 -6.835999999999999 -0.77
173.10175588014 -63.06773527939 0.0094 0.0091 24.2828 "" "" 5333654872563095808 2536.90552 0.3585 0.0113 -6.293 0.704 0.012 0.012 0.999 "" "" 13.243468 0.360541 13.364742 13.004201 "" "" 2450.64746 2614.29346 94964.08008 25.809 61591.0 27.662 49829.0 23.336 "" "" 0.0027710756294858805 0.0028324602 0.0038134332 0.0066458937 173.10175588014 -63.06773527939 2536.90552 -6.293 0.704
171.88485575069 -63.34027661354 0.0092 0.01 27.3167 "" "" 5333733109677336576 2178.99927 0.4287 0.0112 -6.475 2.281 0.012 0.013 0.887 5441.8 2.8965 13.244405 1.475947 13.919042 12.443094 2.28 1.25 2134.70752 2236.85571 94882.18768 12.66 36966.0 27.466 83545.0 40.332 "" "" 0.002759125989076722 0.0029044498 0.0038155548 0.0067200046 171.88485575069 -63.34027661354 2178.99927 -6.474999999999999 2.281
171.9888165153 -63.29213897676 0.0103 0.0101 25.6292 "" "" 5333722011481880064 2053.48511 0.4557 0.0117 -7.02 0.067 0.014 0.014 0.967 "" "" 13.248278 1.677096 14.051183 12.374086 12.21 0.84 2000.59119 2100.39502 94544.40328 17.484 32730.0 19.082 89027.0 31.287 "" "" 0.0027626262222959458 0.0028610723 0.003798594 0.006659666 171.9888165153 -63.29213897676 2053.48511 -7.02 0.06700000000000016
172.62318579143 -63.81694472479 0.0095 0.0098 22.4704 "" "" 5333516368453949952 2372.2854 0.3871 0.0116 -8.046 1.448 0.013 0.013 0.951 "" "" 13.253947 2.012657 14.265414 12.252757 -13.54 1.49 2309.00293 2447.06396 94051.98032 18.404 26869.0 30.825 99553.0 39.733 "" "" 0.0027634990261264213 0.0030555765 0.003804143 0.0068597198 172.62318579143 -63.81694472479 2372.2854 -8.045999999999998 1.4479999999999997
172.89284035 -63.8990915099 0.0085 0.0091 26.4504 "" "" 5333511970407405952 2506.58301 0.3647 0.0108 -7.475 0.679 0.011 0.011 0.931 4872.1 2.4011 13.257092 1.980433 14.252493 12.272059 -17.56 0.63 2457.55615 2572.1958 93779.90774 18.839 27191.0 22.719 97799.0 30.756 "" "" 0.0027639393389036573 0.0029339402 0.0037947742 0.0067287143 172.89284035 -63.8990915099 2506.58301 -7.474999999999999 0.679
173.71423357924 -63.47611712146 0.0132 0.0136 22.7376 "" "" 5333610514139527168 2447.07007 0.3712 0.0164 -6.668 1.66 0.017 0.017 1.371 "" "" 13.258929 0.365683 13.362752 12.997069 "" "" 2358.7561 2561.42847 93621.36916 46.842 61704.0 59.843 50157.0 56.03 "" "" 0.002808360655469168 0.0029822537 0.0039692284 0.006951482 173.71423357924 -63.47611712146 2447.07007 -6.668 1.6599999999999997
172.49296179699 -63.24929786099 0.0094 0.009 16.0814 "" "" 5333813064784533504 2141.38574 0.4328 0.0109 -7.446 4.707 0.013 0.011 1.112 "" "" 13.265386 1.711012 14.088297 12.377285 83.42 0.84 2095.30518 2185.87012 93066.325 13.685 31630.0 17.359 88765.0 26.755 "" "" 0.002759941742853982 0.0028530871 0.0037935239 0.006646611 172.49296179699 -63.24929786099 2141.38574 -7.445999999999999 4.706999999999999
173.53662246681 -63.65766779886 0.0095 0.0096 21.5217 "" "" 5333602302161510912 2412.14648 0.3811 0.0115 -4.756 1.409 0.012 0.012 0.911 "" "" 13.284349 0.626072 13.517129 12.891057 "" "" 2359.92871 2482.26538 91454.98385 20.652 53526.0 27.011 55301.0 26.429 "" "" 0.002766206965033619 0.0028434559 0.0038148356 0.0066582914 173.53662246681 -63.65766779886 2412.14648 -4.756 1.4090000000000003
172.6305542473 -63.76916011477 0.0109 0.0111 19.681 "" "" 5333518017721489664 2645.13232 0.3313 0.0134 -9.047 1.966 0.014 0.015 0.984 "" "" 13.288631 3.171091 15.171363 12.000272 2.86 0.55 2551.79028 2748.4917 91094.94477 46.343 11665.0 23.855 125620.0 152.26 "" "" 0.002810138722221925 0.0035658025 0.004001943 0.0075677456 172.6305542473 -63.76916011477 2645.13232 -9.047000000000002 1.9660000000000002
172.08076268028 -63.40512699057 0.0097 0.01 21.3351 "" "" 5333720254822931584 2408.13867 0.3795 0.0122 -6.708 0.947 0.013 0.013 0.981 5110.5 2.8022 13.295535 1.664187 14.078371 12.414184 -28.0 1.33 2328.66821 2477.96387 90517.53075 14.208 31920.0 39.879 85800.0 74.541 "" "" 0.002760585611158177 0.0031024218 0.003895314 0.0069977357 172.08076268028 -63.40512699057 2408.13867 -6.708 0.9470000000000001
173.6695093949 -63.43961455053 0.0088 0.0096 21.5573 "" "" 5333610926456445568 1976.61047 0.4706 0.0113 -14.12 8.521 0.012 0.012 0.923 "" "" 13.304601 1.527844 14.014984 12.48714 -8.73 1.16 1933.19324 2016.28394 89764.90581 10.493 33839.0 21.627 80224.0 27.025 "" "" 0.002758241677495652 0.0028751625 0.0037970385 0.0066722007 173.6695093949 -63.43961455053 1976.61047 -14.119999999999997 8.521
173.14532594433 -63.62861091238 0.0096 0.0093 12.638 "" "" 5333604879141761024 2095.99316 0.4398 0.0112 -5.822 1.749 0.013 0.012 0.919 "" "" 13.306588 0.406617 13.450698 13.044081 "" "" 2054.67432 2137.37915 89600.7315 26.858 56903.0 29.602 48031.0 17.573 "" "" 0.002774474391812493 0.0028467649 0.0038002005 0.0066469656 173.14532594433 -63.62861091238 2095.99316 -5.822000000000001 1.749
172.41656622133 -63.23516475775 0.011 0.0097 18.0628 "" "" 5333813305302691072 2339.01929 0.3894 0.0118 -6.588 1.005 0.015 0.012 1.029 9999.2 3.8628 13.314781 0.479539 13.489296 13.009757 "" "" 2270.60181 2405.10498 88927.16129 20.599 54916.0 29.18 49574.0 16.776 "" "" 0.0027667744906654363 0.0028491889 0.003797199 0.006646388 172.41656622133 -63.23516475775 2339.01929 -6.588 1.0049999999999997
