Clusters/Ruprecht_94/Ruprecht_94_stars_in_region.tsv
# %ECSV 1.0
# ---
# datatype:
# - name: RA_ICRS_1
#   unit: deg
#   datatype: float64
#   format: '{:15.11f}'
#   description: Right ascension (ICRS) at Ep=2016.0 (ra)
#   meta: !!omap
#   - {ucd: POS_EQ_RA_MAIN}
#   - {width: 15}
#   - {precision: '11'}
# - name: DE_ICRS_1
#   unit: deg
#   datatype: float64
#   format: '{:15.11f}'
#   description: Declination (ICRS) at Ep=2016.0 (dec)
#   meta: !!omap
#   - {ucd: POS_EQ_DEC_MAIN}
#   - {width: 15}
#   - {precision: '11'}
# - name: e_RA_ICRS
#   unit: mas
#   datatype: float64
#   format: '{:7.4f}'
#   description: Standard error of right ascension (ra_error)
#   meta: !!omap
#   - {ucd: ERROR}
#   - {width: 7}
#   - {precision: '4'}
# - name: e_DE_ICRS
#   unit: mas
#   datatype: float64
#   format: '{:7.4f}'
#   description: Standard error of declination (dec_error)
#   meta: !!omap
#   - {ucd: ERROR}
#   - {width: 7}
#   - {precision: '4'}
# - name: _r_1
#   unit: ''
#   datatype: float64
#   format: '{:7.4f}'
#   description: Distance from center (172.86681671000-63.45840319000)[ICRS], at Epoch=J2016.0
#   meta: !!omap
#   - {ucd: POS_ANG_DIST_GENERAL}
#   - {width: 7}
#   - {precision: '4'}
# - name: HIP
#   datatype: int32
#   description: '? HIP cross-id number, van Leeuwen, Cat. I/311 (hip_original_ext_source_id)'
#   meta: !!omap
#   - {ucd: ID_NUMBER}
#   - {width: 6}
#   - values: {'null': -2147483648}
# - name: TYC2
#   datatype: string
#   description: Tycho-2 cross-id name, Hog et al., Cat. I/259 (tyc2_original_ext_source_id)
#   meta: !!omap
#   - {ucd: ID_CROSSID}
#   - {_votable_string_dtype: char}
# - name: Source
#   datatype: int64
#   description: Source identifier, identical to the Gaia-EDR3 source_id (id)
#   meta: !!omap
#   - {ucd: ID_MAIN}
#   - {width: 19}
# - name: rgeo
#   unit: pc
#   datatype: float64
#   format: '{:15.8f}'
#   description: '? Median of the geometric distance posterior (r_med_geo)'
#   meta: !!omap
#   - {ucd: PHYS_DISTANCE_TRUE}
#   - {width: 15}
#   - {precision: '8'}
#   - values: {'null': .nan}
# - name: Plx
#   unit: mas
#   datatype: float64
#   format: '{:9.4f}'
#   description: '? Parallax (parallax)'
#   meta: !!omap
#   - {ucd: POS_PARLX_TRIG}
#   - {width: 9}
#   - {precision: '4'}
#   - values: {'null': .nan}
# - name: e_Plx
#   unit: mas
#   datatype: float32
#   format: '{:7.4f}'
#   description: '? Standard error of parallax (parallax_error)'
#   meta: !!omap
#   - {ucd: ERROR}
#   - {width: 7}
#   - {precision: '4'}
#   - values: {'null': .nan}
# - name: pmRA
#   unit: mas / yr
#   datatype: float64
#   format: '{:9.3f}'
#   description: '? Proper motion in right ascension direction, pmRA*cosDE (pmra)'
#   meta: !!omap
#   - {ucd: POS_EQ_PMRA}
#   - {width: 9}
#   - {precision: '3'}
#   - values: {'null': .nan}
# - name: pmDE
#   unit: mas / yr
#   datatype: float64
#   format: '{:9.3f}'
#   description: '? Proper motion in declination direction (pmdec)'
#   meta: !!omap
#   - {ucd: POS_EQ_PMDEC}
#   - {width: 9}
#   - {precision: '3'}
#   - values: {'null': .nan}
# - name: e_pmRA
#   unit: mas / yr
#   datatype: float32
#   format: '{:6.3f}'
#   description: '? Standard error of proper motion in right ascension direction (pmra_error)'
#   meta: !!omap
#   - {ucd: ERROR}
#   - {width: 6}
#   - {precision: '3'}
#   - values: {'null': .nan}
# - name: e_pmDE
[...]
#         unit: &id001 !astropy.units.Unit {unit: deg}
#         value: !astropy.table.SerializedColumn {name: SkyCoord.dec}
#       distance: !astropy.table.SerializedColumn
#         __class__: astropy.coordinates.distances.Distance
#         unit: !astropy.units.Unit {unit: pc}
#         value: !astropy.table.SerializedColumn {name: SkyCoord.distance}
#       frame: icrs
#       obstime: !astropy.time.Time {format: jyear_str, in_subfmt: '*', jd1: 367701545.0, jd2: 0.0, out_subfmt: '*', precision: 3, scale: tt}
#       pm_dec: !astropy.table.SerializedColumn
#         __class__: astropy.units.quantity.Quantity
#         unit: !astropy.units.Unit {unit: mas / yr}
#         value: !astropy.table.SerializedColumn {name: SkyCoord.pm_dec}
#       pm_ra_cosdec: !astropy.table.SerializedColumn
#         __class__: astropy.units.quantity.Quantity
#         unit: !astropy.units.Unit {unit: mas / yr}
#         value: !astropy.table.SerializedColumn {name: SkyCoord.pm_ra_cosdec}
#       ra: !astropy.table.SerializedColumn
#         __class__: astropy.coordinates.angles.Longitude
#         unit: *id001
#         value: !astropy.table.SerializedColumn {name: SkyCoord.ra}
#         wrap_angle: !astropy.coordinates.Angle
#           unit: *id001
#           value: 360.0
#       representation_type: spherical
# schema: astropy-2.0
RA_ICRS_1 DE_ICRS_1 e_RA_ICRS e_DE_ICRS _r_1 HIP TYC2 Source rgeo Plx e_Plx pmRA pmDE e_pmRA e_pmDE RUWE Teff logg Gmag BP-RP BPmag RPmag RV e_RV b_rgeo B_rgeo FG e_FG FBP e_FBP FRP e_FRP RAVE5 RAVE6 e_Gmag e_BPmag e_RPmag e_BP-RP SkyCoord.ra SkyCoord.dec SkyCoord.distance SkyCoord.pm_ra_cosdec SkyCoord.pm_dec
[from data line 2503]
173.34485051408 -63.2436653419 0.0348 0.0344 18.2071 "" "" 5333639479400102144 2363.51221 0.3993 0.0429 -5.022 0.891 0.041 0.043 1.01 7632.5 4.3391 16.39158 1.537175 17.081215 15.54404 "" "" 2151.05225 2609.49683 5227.74391 2.628 2008.8 8.8609 4803.3 11.746 "" "" 0.0028088591194218994 0.00554272 0.0046187746 0.010161495 173.34485051408 -63.2436653419 2363.51221 -5.021999999999999 0.891
173.61871854419 -63.44538449663 0.034 0.0351 20.1787 "" "" 5333610857736930944 2555.76245 0.3679 0.0419 -5.221 -0.071 0.043 0.043 1.056 8115.4 4.2256 16.391586 1.233048 16.924232 15.691184 "" "" 2316.33521 2829.68677 5227.72128 2.4189 2321.3 11.651 4194.5 7.4245 "" "" 0.0028007449205687666 0.0061222576 0.0042399406 0.010362199 173.61871854419 -63.44538449663 2555.76245 -5.220999999999999 -0.07099999999999992
173.43118281256 -63.51075270753 0.0353 0.0348 15.4401 "" "" 5333609345908187648 2253.23901 0.421 0.0426 -6.547 1.49 0.047 0.043 1.013 7785.2 4.2515 16.393152 1.465311 17.05802 15.592709 "" "" 2042.72205 2532.479 5220.18345 2.6577 2052.2 7.69 4592.8 7.5581 "" "" 0.002810221364294513 0.0049333037 0.004180447 0.009113751 173.43118281256 -63.51075270753 2253.23901 -6.547 1.4900000000000002
173.56509590596 -63.19506384028 0.0375 0.0332 24.5635 "" "" 5333638448608123648 2570.76221 0.3713 0.0427 -5.105 0.994 0.047 0.043 1.074 10028.3 4.1166 16.39342 1.283388 16.907225 15.623836 "" "" 2343.68628 2865.83667 5218.90443 2.7848 2357.9 11.159 4463.0 16.58 "" "" 0.002815569691429067 0.00584703 0.0055274623 0.011374492 173.56509590596 -63.19506384028 2570.76221 -5.1049999999999995 0.9939999999999999
172.53467673211 -63.65018393129 0.0303 0.0283 14.5318 "" "" 5333525400749937152 2582.15332 0.3658 0.0351 -12.182 5.04 0.039 0.036 0.954 4991.3 4.1991 16.39392 1.43287 17.04899 15.61612 "" "" 2388.71265 2801.88916 5216.48951 2.0677 2069.3 6.3101 4494.8 8.6276 "" "" 0.002788727392522741 0.0043297405 0.0043158904 0.008645631 172.53467673211 -63.65018393129 2582.15332 -12.182 5.039999999999999
172.69113681148 -63.01510222102 0.0349 0.0334 27.0182 "" "" 5333658205458045312 2076.13989 0.4634 0.0415 -5.942 1.554 0.044 0.041 1.046 5666.5 4.6409 16.394102 1.015926 16.818045 15.802118 "" "" 1895.5188 2234.56299 5215.62399 4.7642 2559.8 12.239 3787.1 12.187 "" "" 0.0029283756448144514 0.005893485 0.005146968 0.011040453 172.69113681148 -63.01510222102 2076.13989 -5.942 1.5540000000000003
173.40331779719 -63.83245147856 0.0322 0.0325 26.6059 "" "" 5333505785654832896 2637.75 0.3604 0.0391 -8.248 2.577 0.04 0.04 0.981 5660.2 4.4742 16.394112 1.148248 16.863785 15.715537 "" "" 2415.55151 2930.61182 5215.57694 2.358 2454.2 12.099 4101.5 21.252 "" "" 0.00279870361752959 0.006036162 0.006777384 0.012813546 173.40331779719 -63.83245147856 2637.75 -8.247999999999998 2.577
172.93956101113 -63.46496354026 0.0352 0.0334 1.9894 "" "" 5333619894347699072 2401.7019 0.4063 0.0403 -5.516 0.105 0.046 0.045 1.058 7665.8 4.1924 16.394371 1.491517 17.07783 15.586312 "" "" 2144.1709 2684.30127 5214.32382 2.298 2015.0 8.3229 4619.9 8.8267 "" "" 0.0027965596289114283 0.0052817333 0.004311243 0.009592976 172.93956101113 -63.46496354026 2401.7019 -5.515999999999999 0.105
172.10532757737 -63.53110733856 0.034 0.0344 20.8515 "" "" 5333711909718970624 2383.71729 0.4099 0.0412 -9.562 2.035 0.043 0.043 0.98 6961.3 4.4512 16.397757 1.189943 16.905983 15.71604 "" "" 2149.50684 2641.56787 5198.09815 2.3912 2360.6 9.3554 4099.6 9.5849 "" "" 0.002800222131516933 0.005128377 0.004552747 0.009681124 172.10532757737 -63.53110733856 2383.71729 -9.562 2.035
173.47461627774 -63.79296249283 0.0353 0.0331 25.7951 "" "" 5333506094892570368 2012.58679 0.4763 0.0416 -0.121 0.364 0.046 0.043 1.081 5554.3 4.5697 16.398544 1.198186 16.910496 15.71231 "" "" 1839.16028 2170.93213 5194.32174 2.5717 2350.8 10.349 4113.7 10.216 "" "" 0.002807266513118584 0.0055345506 0.0046426184 0.010177169 173.47461627774 -63.79296249283 2012.58679 -0.12100000000000001 0.36399999999999993
173.58566391826 -63.42039289561 0.0379 0.0381 19.42 "" "" 5333611643692132224 2521.01709 0.3772 0.0462 -4.491 1.973 0.05 0.047 1.23 "" "" 16.3986 1.146677 16.86422 15.717543 "" "" 2263.8125 2876.41138 5194.0568 3.2767 2453.2 7.6655 4093.9 8.5251 "" "" 0.0028391787586401684 0.004392578 0.0044040345 0.008796612 173.58566391826 -63.42039289561 2521.01709 -4.491 1.9730000000000003
172.74410599784 -63.54091804722 0.0339 0.0316 5.9417 "" "" 5333527157412310400 2644.35791 0.3464 0.0395 -7.987 1.286 0.043 0.042 1.008 "" "" 16.399475 2.233394 17.560925 15.327531 "" "" 2396.88916 2986.61426 5189.87166 2.9049 1291.4 7.7762 5863.4 7.5879 "" "" 0.0028215430320895404 0.007108287 0.004032113 0.011140401 172.74410599784 -63.54091804722 2644.35791 -7.986999999999999 1.286
173.31772253241 -63.52157822967 0.0353 0.0329 12.6567 "" "" 5333606562769292416 2070.32178 0.4737 0.0419 -7.051 -1.697 0.046 0.043 1.004 4957.8 4.3515 16.400387 1.333962 16.992727 15.658766 "" "" 1889.56067 2309.09155 5185.51731 2.5105 2179.3 6.5304 4321.7 8.9861 "" "" 0.0028050119347211057 0.0042860387 0.004402311 0.008688349 173.31772253241 -63.52157822967 2070.32178 -7.051000000000001 -1.6970000000000005
173.21687027009 -63.34823327859 0.0333 0.0341 11.4942 "" "" 5333615874258740608 2331.56299 0.4034 0.0426 -7.15 1.742 0.04 0.041 1.079 6033.9 4.3796 16.40364 1.309451 16.974882 15.665431 "" "" 2109.8645 2580.26074 5170.00054 2.8172 2215.5 7.1023 4295.2 8.8459 "" "" 0.002818123026120163 0.004460884 0.0043913187 0.008852202 173.21687027009 -63.34823327859 2331.56299 -7.150000000000001 1.7420000000000002
172.65646172686 -63.5374931972 0.0327 0.0292 7.3647 "" "" 5333527329210988928 2116.31494 0.4472 0.0366 -8.288 2.285 0.042 0.039 1.005 5604.4 4.4833 16.40371 1.228296 16.9181 15.689804 "" "" 1964.07092 2287.06787 5169.6731 2.3198 2334.4 13.995 4199.9 14.561 "" "" 0.0027980632796980767 0.0070819226 0.0053341524 0.012416075 172.65646172686 -63.5374931972 2116.31494 -8.288 2.285000000000001
172.90581101956 -63.49099805563 0.038 0.0339 2.2173 "" "" 5333618451238599424 2612.79883 0.3579 0.0426 -5.376 3.254 0.053 0.045 1.027 6298.4 4.4526 16.404306 1.238512 16.94009 15.701578 "" "" 2360.79272 2964.28418 5166.83192 2.5595 2287.6 7.0798 4154.6 10.327 "" "" 0.0028073232668958405 0.0043676076 0.00464405 0.009011658 172.90581101956 -63.49099805563 2612.79883 -5.376000000000001 3.2539999999999996
173.59135937526 -63.32415204238 0.0348 0.0337 21.0714 "" "" 5333635837267787136 2766.37793 0.3255 0.0414 -5.6 0.849 0.043 0.043 0.97 "" "" 16.404581 1.434261 17.047667 15.613405 "" "" 2482.70801 3073.12915 5165.52607 2.5547 2071.8 6.7686 4506.1 6.4581 "" "" 0.0028071561529185787 0.0045129894 0.0040871836 0.0086001735 173.59135937526 -63.32415204238 2766.37793 -5.599999999999999 0.8489999999999998
173.25298926027 -63.85642870175 0.0307 0.0308 26.0006 "" "" 5333507056965053952 2569.68677 0.3638 0.0369 -8.138 3.073 0.039 0.04 0.997 7207.2 4.3418 16.40627 1.248607 16.95307 15.704463 "" "" 2348.47681 2784.76807 5157.49669 2.1053 2260.4 7.6806 4143.6 8.289 "" "" 0.002790737401970378 0.0046255128 0.0043590213 0.008984534 173.25298926027 -63.85642870175 2569.68677 -8.137999999999998 3.073
172.95551608013 -63.28713748559 0.0368 0.0327 10.5491 "" "" 5333628724800888704 1953.11353 0.5102 0.0413 -1.223 -0.518 0.046 0.044 1.037 4914.0 4.3357 16.406757 1.253331 16.95743 15.704099 "" "" 1789.55371 2174.03906 5155.18064 2.3049 2251.4 6.5443 4144.9 8.1763 "" "" 0.0027977558973190614 0.0042125154 0.0043440517 0.008556567 172.95551608013 -63.28713748559 1953.11353 -1.223 -0.518
172.14391545894 -63.41541527151 0.0326 0.0326 19.5668 "" "" 5333720018617013504 2291.28247 0.4105 0.0401 -8.877 1.661 0.042 0.041 1.038 9374.5 3.7704 16.407001 1.641753 17.168034 15.52628 "" "" 2136.21924 2498.65527 5154.02398 2.794 1854.4 7.9566 4882.5 9.5614 "" "" 0.002817483597632043 0.005430184 0.004336409 0.009766593 172.14391545894 -63.41541527151 2291.28247 -8.877 1.6610000000000003
172.26495831405 -63.36822202831 0.0334 0.0319 17.0434 "" "" 5333811449876767488 2106.84326 0.4477 0.0391 -14.386 2.368 0.042 0.039 1.044 5817.3 4.5434 16.407013 1.08673 16.866623 15.779893 "" "" 1949.81335 2270.41797 5153.96204 2.2881 2447.8 6.2732 3865.5 8.7975 "" "" 0.0027971637842039445 0.003940487 0.004515497 0.008455984 172.26495831405 -63.36822202831 2106.84326 -14.386 2.3679999999999994
172.58349892842 -63.36736007046 0.0328 0.0307 9.366 "" "" 5333624532913005952 2417.21387 0.3868 0.0374 -7.758 2.423 0.043 0.039 0.918 5256.5 4.3645 16.40719 1.039006 16.846735 15.807729 "" "" 2212.45459 2625.89038 5153.12352 2.0912 2493.0 12.476 3767.6 8.6529 "" "" 0.0027903265228497536 0.0061079995 0.00452787 0.01063587 172.58349892842 -63.36736007046 2417.21387 -7.757999999999999 2.4229999999999996
172.28440288112 -63.32862950973 0.0342 0.033 17.4803 "" "" 5333811621675280768 2094.6394 0.4518 0.039 -7.661 4.046 0.043 0.039 0.992 5036.5 4.3467 16.407333 1.214004 16.925512 15.711509 "" "" 1934.00793 2235.97217 5152.44953 2.2853 2318.5 8.6957 4116.8 11.263 "" "" 0.002797086527647818 0.0049363244 0.0048069903 0.009743314 172.28440288112 -63.32862950973 2094.6394 -7.661 4.045999999999999
173.03751472507 -63.79758490223 0.0327 0.0293 20.8532 "" "" 5333508190836435328 2216.87354 0.4206 0.0377 -5.531 0.346 0.043 0.039 0.995 5280.8 4.3792 16.407925 1.069773 16.861214 15.791441 "" "" 2068.83911 2385.50146 5149.63871 2.2905 2460.0 9.524 3824.6 6.8654 "" "" 0.002797320854756118 0.005045221 0.004252316 0.009297537 173.03751472507 -63.79758490223 2216.87354 -5.531000000000001 0.346
173.01629763901 -63.44572758315 0.0336 0.0316 4.0801 "" "" 5333619619469884672 2407.64917 0.3919 0.0385 -7.923 0.455 0.045 0.042 0.946 7146.1 4.372 16.408195 1.202522 16.92535 15.722828 "" "" 2237.52637 2703.37134 5148.35658 2.2998 2318.9 8.481 4074.1 10.0 "" "" 0.0027976809557116035 0.0048531564 0.0046244785 0.009477635 173.01629763901 -63.44572758315 2407.64917 -7.922999999999999 0.4549999999999999
173.33943329372 -63.56822148005 0.0347 0.034 14.2604 "" "" 5333606180493285760 2300.47437 0.4281 0.0411 -5.868 0.261 0.045 0.042 1.015 6528.4 4.3874 16.408861 1.124078 16.884293 15.760215 "" "" 2063.05444 2541.34595 5145.19961 2.5881 2408.2 8.9065 3936.2 9.8015 "" "" 0.0028089245489034526 0.004889706 0.0046468363 0.009536542 173.33943329372 -63.56822148005 2300.47437 -5.867999999999999 0.2609999999999999
173.41938734141 -63.65973873279 0.0367 0.038 19.0752 "" "" 5333601099570599552 2237.23877 0.4214 0.0447 -7.032 2.127 0.044 0.044 1.078 8347.1 4.4119 16.409042 1.538048 17.111525 15.573477 "" "" 2049.04102 2465.24292 5144.34233 2.7289 1953.5 11.413 4674.8 10.212 "" "" 0.0028148718690988433 0.006929767 0.004461951 0.011391718 173.41938734141 -63.65973873279 2237.23877 -7.032 2.1270000000000002
172.48052451601 -63.81524301683 0.0351 0.0315 23.7556 "" "" 5333516712051280384 2134.92725 0.4282 0.0409 -6.605 0.381 0.044 0.041 0.947 6080.6 4.4681 16.40913 1.137783 16.887655 15.749872 "" "" 1975.24146 2362.23291 5143.92557 2.4442 2400.8 12.089 3973.8 10.377 "" "" 0.002803202321144132 0.0061379527 0.00472465 0.010862603 172.48052451601 -63.81524301683 2134.92725 -6.6049999999999995 0.38099999999999995
173.35919428858 -63.40855787697 0.036 0.0354 13.5468 "" "" 5333614671667836032 2147.86133 0.4372 0.0434 -10.342 1.547 0.047 0.048 1.044 5219.9 4.3714 16.409563 1.082398 16.867668 15.78527 "" "" 1945.05139 2427.85986 5141.87491 2.4253 2445.4 9.4607 3846.4 6.7513 "" "" 0.0028025081728474217 0.0050427155 0.0042326665 0.009275382 173.35919428858 -63.40855787697 2147.86133 -10.341999999999999 1.5469999999999997
173.14572893027 -63.84553576619 0.0311 0.031 24.3865 "" "" 5333507744159796352 2587.23926 0.3695 0.0384 -6.152 1.154 0.04 0.04 0.958 8798.5 4.4912 16.40965 1.207568 16.931162 15.723594 "" "" 2332.94849 2849.25146 5141.45594 2.3035 2306.5 7.0258 4071.2 6.76 "" "" 0.00279792961699346 0.004327 0.004187342 0.008514342 173.14572893027 -63.84553576619 2587.23926 -6.152000000000001 1.154
173.21404948892 -63.3457961607 0.032 0.0332 11.5178 "" "" 5333615874258745344 2584.91187 0.3704 0.0411 -17.635 2.329 0.039 0.041 0.996 5211.2 4.3399 16.41 1.258103 16.956348 15.698245 "" "" 2288.12573 2840.63257 5139.80546 2.3963 2253.6 7.921 4167.4 10.002 "" "" 0.0028014324785068214 0.0047273864 0.0045906506 0.009318037 173.21404948892 -63.3457961607 2584.91187 -17.635 2.3289999999999997
173.16510878767 -63.39581255804 0.0334 0.035 8.8432 "" "" 5333614190631420288 2143.14136 0.4475 0.0423 -8.359 2.545 0.044 0.044 0.936 6063.4 4.0383 16.41199 1.150249 16.901768 15.751518 "" "" 1987.52234 2346.94263 5130.39911 2.3381 2369.8 7.2971 3967.8 8.6382 "" "" 0.0027993970443848408 0.004354545 0.004457684 0.008812228 173.16510878767 -63.39581255804 2143.14136 -8.359 2.545
172.6056050173 -63.25867861673 0.0348 0.0306 13.8922 "" "" 5333631164342530432 2463.45532 0.3685 0.0386 -8.027 1.424 0.045 0.039 0.946 5358.4 4.4138 16.412144 1.130175 16.893045 15.762871 "" "" 2264.39551 2695.63916 5129.67087 2.3019 2388.9 10.363 3926.5 8.6327 "" "" 0.002798065132932134 0.005474324 0.004470105 0.009944429 172.6056050173 -63.25867861673 2463.45532 -8.027 1.4240000000000002
173.00398824769 -63.86183326814 0.0308 0.031 24.4797 "" "" 5333513757113920512 2343.76172 0.4059 0.0372 -5.743 0.752 0.038 0.04 0.954 6088.9 4.4205 16.413023 1.153621 16.90787 15.754249 "" "" 2133.7478 2574.62354 5125.51564 2.2853 2356.5 6.4241 3957.8 9.55 "" "" 0.0027975233137943686 0.004067645 0.0045986148 0.00866626 173.00398824769 -63.86183326814 2343.76172 -5.742999999999999 0.752
173.60179864856 -63.50374316757 0.035 0.034 19.8768 "" "" 5333608830512220160 2445.66968 0.3937 0.0428 -6.998 2.622 0.044 0.044 0.978 5074.8 4.34 16.413273 1.150481 16.858612 15.708131 "" "" 2215.89136 2720.06836 5124.33594 2.7415 2465.9 14.505 4129.6 15.692 "" "" 0.0028158823021122107 0.0069694417 0.0055950773 0.012564519 173.60179864856 -63.50374316757 2445.66968 -6.997999999999999 2.6220000000000003
172.7720950806 -63.33159278996 0.0337 0.0318 8.023 "" "" 5333629824312312320 1977.57275 0.4861 0.039 -11.501 4.137 0.042 0.041 0.972 5374.1 4.5574 16.413898 1.157292 16.906723 15.749431 "" "" 1838.39392 2143.58789 5121.38307 2.2254 2359.0 9.2982 3975.4 9.799 "" "" 0.002795419739564241 0.0051087523 0.004630982 0.009739734 172.7720950806 -63.33159278996 1977.57275 -11.501 4.137
173.61577794956 -63.6212578501 0.05 0.0498 22.2799 "" "" 5333602130362964480 2283.92627 0.4213 0.0606 -9.401 1.388 0.06 0.062 1.422 6256.6 4.3677 16.41434 1.127878 16.873676 15.745798 "" "" 2008.7196 2666.74707 5119.30917 4.8971 2431.9 7.9214 3988.8 8.0438 "" "" 0.002944570798417705 0.004504695 0.004367791 0.008872487 173.61577794956 -63.6212578501 2283.92627 -9.401000000000002 1.388
173.34536989052 -63.63460327186 0.0337 0.0336 16.5943 "" "" 5333604123227594240 2303.64111 0.4087 0.0396 -5.208 3.792 0.043 0.043 0.923 5750.5 4.3335 16.414549 1.499568 17.101574 15.602006 "" "" 2127.96606 2551.67505 5118.31486 2.3868 1971.5 6.7392 4553.6 7.3854 "" "" 0.0028014523912890284 0.004643212 0.004169487 0.0088126995 173.34536989052 -63.63460327186 2303.64111 -5.207999999999999 3.791999999999999
172.19593100431 -63.66108825295 0.0329 0.0319 21.6594 "" "" 5333706618319254656 2304.4248 0.4162 0.0377 -7.805 1.459 0.042 0.04 1.057 "" "" 16.415134 1.410302 17.048302 15.638 "" "" 2115.46704 2463.09741 5115.55971 2.1883 2070.6 6.8401 4405.1 7.5107 "" "" 0.002794190797839212 0.004544139 0.004208396 0.008752535 172.19593100431 -63.66108825295 2304.4248 -7.805000000000001 1.4590000000000003
172.60735458047 -63.74216574145 0.0326 0.0311 18.379 "" "" 5333518116485338368 2209.21826 0.4259 0.0374 -4.378 2.451 0.04 0.041 1.041 8140.9 4.0575 16.41522 1.896291 17.348665 15.452374 "" "" 2029.14038 2430.86108 5115.15003 2.3519 1570.2 5.9601 5226.5 8.3427 "" "" 0.0028001788860688576 0.0049768738 0.004157801 0.009134674 172.60735458047 -63.74216574145 2209.21826 -4.378 2.451
