Clusters/ESO_332_08/ESO_332_08_stars_in_region.tsv
# %ECSV 1.0
# ---
# datatype:
# - name: RA_ICRS_1
#   unit: deg
#   datatype: float64
#   format: '{:15.11f}'
#   description: Right ascension (ICRS) at Ep=2016.0 (ra)
#   meta: !!omap
#   - {ucd: POS_EQ_RA_MAIN}
#   - {width: 15}
#   - {precision: '11'}
# - name: DE_ICRS_1
#   unit: deg
#   datatype: float64
#   format: '{:15.11f}'
#   description: Declination (ICRS) at Ep=2016.0 (dec)
#   meta: !!omap
#   - {ucd: POS_EQ_DEC_MAIN}
#   - {width: 15}
#   - {precision: '11'}
# - name: e_RA_ICRS
#   unit: mas
#   datatype: float64
#   format: '{:7.4f}'
#   description: Standard error of right ascension (ra_error)
#   meta: !!omap
#   - {ucd: ERROR}
#   - {width: 7}
#   - {precision: '4'}
# - name: e_DE_ICRS
#   unit: mas
#   datatype: float64
#   format: '{:7.4f}'
#   description: Standard error of declination (dec_error)
#   meta: !!omap
#   - {ucd: ERROR}
#   - {width: 7}
#   - {precision: '4'}
# - name: _r_1
#   unit: ''
#   datatype: float64
#   format: '{:7.4f}'
#   description: Distance from center (253.69060979000-40.72989540000)[ICRS], at Epoch=J2016.0
#   meta: !!omap
#   - {ucd: POS_ANG_DIST_GENERAL}
#   - {width: 7}
#   - {precision: '4'}
# - name: HIP
#   datatype: int32
#   description: '? HIP cross-id number, van Leeuwen, Cat. I/311 (hip_original_ext_source_id)'
#   meta: !!omap
#   - {ucd: ID_NUMBER}
#   - {width: 6}
#   - values: {'null': -2147483648}
# - name: TYC2
#   datatype: string
#   description: Tycho-2 cross-id name, Hog et al., Cat. I/259 (tyc2_original_ext_source_id)
#   meta: !!omap
#   - {ucd: ID_CROSSID}
#   - {_votable_string_dtype: char}
# - name: Source
#   datatype: int64
#   description: Source identifier, identical to the Gaia-EDR3 source_id (id)
#   meta: !!omap
#   - {ucd: ID_MAIN}
#   - {width: 19}
# - name: rgeo
#   unit: pc
#   datatype: float64
#   format: '{:15.8f}'
#   description: '? Median of the geometric distance posterior (r_med_geo)'
#   meta: !!omap
#   - {ucd: PHYS_DISTANCE_TRUE}
#   - {width: 15}
#   - {precision: '8'}
#   - values: {'null': .nan}
# - name: Plx
#   unit: mas
#   datatype: float64
#   format: '{:9.4f}'
#   description: '? Parallax (parallax)'
#   meta: !!omap
#   - {ucd: POS_PARLX_TRIG}
#   - {width: 9}
#   - {precision: '4'}
#   - values: {'null': .nan}
# - name: e_Plx
#   unit: mas
#   datatype: float32
#   format: '{:7.4f}'
#   description: '? Standard error of parallax (parallax_error)'
#   meta: !!omap
#   - {ucd: ERROR}
#   - {width: 7}
#   - {precision: '4'}
#   - values: {'null': .nan}
# - name: pmRA
#   unit: mas / yr
#   datatype: float64
#   format: '{:9.3f}'
#   description: '? Proper motion in right ascension direction, pmRA*cosDE (pmra)'
#   meta: !!omap
#   - {ucd: POS_EQ_PMRA}
#   - {width: 9}
#   - {precision: '3'}
#   - values: {'null': .nan}
# - name: pmDE
#   unit: mas / yr
#   datatype: float64
#   format: '{:9.3f}'
#   description: '? Proper motion in declination direction (pmdec)'
#   meta: !!omap
#   - {ucd: POS_EQ_PMDEC}
#   - {width: 9}
#   - {precision: '3'}
#   - values: {'null': .nan}
# - name: e_pmRA
#   unit: mas / yr
#   datatype: float32
#   format: '{:6.3f}'
#   description: '? Standard error of proper motion in right ascension direction (pmra_error)'
#   meta: !!omap
#   - {ucd: ERROR}
#   - {width: 6}
#   - {precision: '3'}
#   - values: {'null': .nan}
# - name: e_pmDE
[...]
#         value: !astropy.table.SerializedColumn {name: SkyCoord.dec}
#       distance: !astropy.table.SerializedColumn
#         __class__: astropy.coordinates.distances.Distance
#         unit: !astropy.units.Unit {unit: pc}
#         value: !astropy.table.SerializedColumn {name: SkyCoord.distance}
#       frame: icrs
#       obstime: !astropy.time.Time {format: jyear_str, in_subfmt: '*', jd1: 367701545.0, jd2: 0.0, out_subfmt: '*', precision: 3, scale: tt}
#       pm_dec: !astropy.table.SerializedColumn
#         __class__: astropy.units.quantity.Quantity
#         unit: !astropy.units.Unit {unit: mas / yr}
#         value: !astropy.table.SerializedColumn {name: SkyCoord.pm_dec}
#       pm_ra_cosdec: !astropy.table.SerializedColumn
#         __class__: astropy.units.quantity.Quantity
#         unit: !astropy.units.Unit {unit: mas / yr}
#         value: !astropy.table.SerializedColumn {name: SkyCoord.pm_ra_cosdec}
#       ra: !astropy.table.SerializedColumn
#         __class__: astropy.coordinates.angles.Longitude
#         unit: *id001
#         value: !astropy.table.SerializedColumn {name: SkyCoord.ra}
#         wrap_angle: !astropy.coordinates.Angle
#           unit: *id001
#           value: 360.0
#       representation_type: spherical
# schema: astropy-2.0
RA_ICRS_1 DE_ICRS_1 e_RA_ICRS e_DE_ICRS _r_1 HIP TYC2 Source rgeo Plx e_Plx pmRA pmDE e_pmRA e_pmDE RUWE Teff logg Gmag BP-RP BPmag RPmag RV e_RV b_rgeo B_rgeo FG e_FG FBP e_FBP FRP e_FRP RAVE5 RAVE6 e_Gmag e_BPmag e_RPmag e_BP-RP SkyCoord.ra SkyCoord.dec SkyCoord.distance SkyCoord.pm_ra_cosdec SkyCoord.pm_dec rmRA rmDE e_rmRA e_rmDE rRV e_rRV v_pec v_pec3d e_vpec e_vpec3d
[from data line 207]
253.89259551746 -40.98051563868 0.0145 0.0092 17.6108 "" "" 5966660101946516224 1635.74194 0.5987 0.0181 -3.99 -5.288 0.019 0.016 0.99 4766.4 2.4972 12.619822 1.704739 13.438011 11.733273 3.79 0.4 1587.54419 1672.50244 168662.14849 26.732 57572.0 46.978 160640.0 33.699 "" "" 0.002760688679479404 0.0029274477 0.0037862388 0.0067136865 253.89259551746 -40.98051563868 1635.74194 -3.99 -5.288 -3.6591562533378603 -3.9743750219345095 0.18556653 0.18256654 19.34357142857143 1.8746237 41.88645291703242 46.137280951341495 7.704968518742178 7.0390923376998265
254.18852705544 -40.78851057526 0.0136 0.0087 22.9008 "" "" 5966669207276897024 1686.56262 0.565 0.0164 -0.103 -1.533 0.021 0.015 0.893 "" "" 12.620025 0.570761 12.829949 12.259189 "" "" 1631.02722 1750.44092 168630.84151 31.332 100790.0 58.087 98965.0 41.198 "" "" 0.0027626953009244584 0.0028594728 0.003806312 0.006665785 254.18852705544 -40.78851057526 1686.56262 -0.10300000000000015 -1.533 0.2278437466621399 -0.2193750219345092 0.18756653 0.18156654 "" "" 2.5285042527942054 "" 0.4670259689623657 ""
253.66240579563 -40.77978543397 0.0164 0.0105 3.2563 "" "" 5969679743151226496 1549.31213 0.6133 0.0205 -0.534 -1.481 0.019 0.016 0.916 7337.3 3.7414 12.620576 0.358943 12.746219 12.387276 "" "" 1512.02637 1597.20508 168545.1986 41.008 108880.0 55.291 87952.0 52.416 "" "" 0.0027679546505064807 0.0028441236 0.0038343722 0.0066784956 253.66240579563 -40.77978543397 1549.31213 -0.5339999999999997 -1.4809999999999985 -0.20315625333786014 -0.16737502193450937 0.18556653 0.18256654 "" "" 1.9330483046657714 "" 0.3563756982316193 ""
253.67804329394 -40.93486319545 0.0124 0.008 12.3113 "" "" 5969572708248193024 1604.95312 0.5964 0.0151 -1.839 -3.8 0.017 0.014 0.881 "" "" 12.62775 1.047653 13.058549 12.010896 -40.27 22.33 1568.96887 1651.93201 167435.11944 26.367 81658.0 38.85 124390.0 48.952 "" "" 0.0027606199744367593 0.002837583 0.003803458 0.006641041 253.67804329394 -40.93486319545 1604.95312 -1.8389999999999995 -3.799999999999997 -1.50815625333786 -2.486375021934509 0.18356654 0.18056653 -24.716428571428573 23.804623 22.122718113266725 33.17101894795501 4.012581263944126 17.93807034371884
254.04276110624 -40.55072758399 0.0145 0.0098 19.3034 "" "" 5969678055206373376 1601.47351 0.5852 0.016 -0.221 -0.911 0.019 0.015 0.972 "" "" 12.627999 0.420224 12.775941 12.355717 "" "" 1559.50891 1651.15637 167396.73523 34.522 105940.0 49.973 90546.0 48.551 "" "" 0.002764403196682512 0.002836785 0.0038239579 0.0066607427 254.04276110624 -40.55072758399 1601.47351 -0.22100000000000003 -0.9110000000000009 0.10984374666213989 0.4026249780654907 0.18556653 0.18156654 "" "" 3.1680200449447558 "" 0.576093258667899 ""
253.93884347045 -40.86142566939 0.0147 0.0097 13.7628 "" "" 5969664483109415680 1677.88025 0.5572 0.0165 -0.424 -1.676 0.022 0.016 0.88 "" "" 12.63635 0.444228 12.792604 12.348376 "" "" 1640.33032 1716.37622 166114.3089 31.218 104320.0 47.904 91161.0 32.646 "" "" 0.002762865011869644 0.0028343648 0.0037993297 0.0066336943 253.93884347045 -40.86142566939 1677.88025 -0.42399999999999993 -1.6760000000000004 -0.0931562533378601 -0.3623750219345092 0.18856654 0.18256654 "" "" 2.9757306490105613 "" 0.5443926454216599 ""
253.9653813009 -40.73089604111 0.0171 0.0124 12.4933 "" "" 5969672042252000768 1757.00891 0.5345 0.0212 -0.035 -1.3 0.023 0.021 1.133 7186.7 3.6947 12.646717 0.469185 12.813796 12.344611 "" "" 1690.85596 1825.97375 164535.5987 37.617 102310.0 56.718 91477.0 50.3 "" "" 0.0027664789755770035 0.002854354 0.0038262445 0.0066805985 253.9653813009 -40.73089604111 1757.00891 -0.034999999999999976 -1.3 0.29584374666213986 0.013624978065490678 0.18956654 0.18756653 "" "" 2.466464037141907 "" 0.46754866217266067 ""
253.21646767952 -40.94009160542 0.013 0.0091 24.9467 "" "" 5969580576632756864 1594.17847 0.5886 0.0151 -0.666 -1.595 0.02 0.016 0.806 "" "" 12.65458 0.290809 12.755827 12.465018 "" "" 1564.08691 1633.37134 163348.35445 49.808 107920.0 107.25 81875.0 65.335 "" "" 0.002775138032795154 0.0029915348 0.003877419 0.006868954 253.21646767952 -40.94009160542 1594.17847 -0.6660000000000001 -1.5950000000000002 -0.33515625333786014 -0.28137502193450925 0.18656653 0.18256654 "" "" 3.306751079800455 "" 0.6114953832558139 ""
253.48050193503 -40.88495122975 0.017 0.0108 13.3267 "" "" 5969584631082729088 1597.70862 0.5943 0.0196 -0.454 -1.448 0.024 0.019 1.011 7494.0 3.8463 12.656534 0.391328 12.795314 12.403986 "" "" 1552.70569 1638.51501 163054.59443 34.863 104060.0 57.025 86609.0 27.12 "" "" 0.0027650822562619824 0.002852903 0.0037946426 0.006647546 253.48050193503 -40.88495122975 1597.70862 -0.45400000000000024 -1.448 -0.12315625333786012 -0.13437502193450923 0.19056654 0.18556653 "" "" 1.3803925067441065 "" 0.2593283249623294 ""
253.75805269619 -40.92851582361 0.0163 0.0096 12.3043 "" "" 5969663417957546624 1714.16772 0.5648 0.0199 -2.259 -4.043 0.022 0.017 1.018 "" "" 12.658765 1.039368 13.084805 12.045437 -47.72 2.96 1650.51331 1786.82703 162719.90645 25.482 79707.0 67.762 120500.0 32.923 "" "" 0.0027605612624563573 0.0029388817 0.0037910058 0.006729888 253.75805269619 -40.92851582361 1714.16772 -2.2590000000000003 -4.042999999999999 -1.92815625333786 -2.7293750219345094 0.18856654 0.18356654 -32.16642857142857 4.4346237 27.152214188605335 42.09420224193252 5.029842194960011 4.691458635793418
253.70405620913 -40.54771680971 0.043 0.0274 10.9478 "" "" 5969686821257730176 1882.44153 0.5193 0.0485 -0.311 -1.314 0.055 0.043 2.832 6099.6 3.2748 12.659098 1.276183 13.21408 11.937897 "" "" 1734.78711 2109.12476 162670.04255 37.582 70760.0 45.604 133050.0 78.983 "" "" 0.00276671466959899 0.002876576 0.0038339465 0.006710523 253.70405620913 -40.54771680971 1882.44153 -0.31100000000000005 -1.314 0.019843746662139894 -0.0003750219345093342 0.22156653 0.20956653 "" "" 0.17709286100831376 "" 0.039237112161307174 ""
253.81539259905 -40.99175284606 0.0136 0.0092 16.7007 "" "" 5969662112287471872 1696.39905 0.5655 0.0172 -1.745 -3.821 0.019 0.015 0.9 "" "" 12.659848 0.94109 13.035786 12.094696 -46.27 7.68 1632.16162 1758.51355 162557.63519 34.484 83388.0 41.079 115150.0 39.585 "" "" 0.0027649299117380624 0.0028409725 0.0037977675 0.00663874 253.81539259905 -40.99175284606 1696.39905 -1.745000000000001 -3.821 -1.4141562533378602 -2.5073750219345095 0.18556653 0.18156654 -30.716428571428573 9.154623 23.147225200405853 38.46157847335412 4.225291601968258 7.740725724742908
253.96003197683 -40.83321677908 0.0127 0.0087 13.7208 "" "" 5969664899743885440 1722.34521 0.5667 0.0151 -1.92 -3.67 0.018 0.014 0.994 "" "" 12.661748 1.887986 13.593974 11.705988 -48.81 0.54 1677.36182 1766.573 162273.51201 33.935 49869.0 42.063 164730.0 90.795 "" "" 0.0027646594420969815 0.0029366156 0.0038264666 0.006763082 253.96003197683 -40.83321677908 1722.34521 -1.9200000000000008 -3.67 -1.58915625333786 -2.356375021934509 0.18456653 0.18056653 -33.25642857142857 2.0146236 23.20322438012952 40.550951443352936 4.218961446216481 2.925346610518965
253.57972652232 -40.85520228483 0.0145 0.0091 9.0497 "" "" 5969585318276646400 1581.83972 0.6007 0.0168 -0.546 -1.701 0.02 0.015 0.92 "" "" 12.674038 0.570109 12.88124 12.311131 "" "" 1543.97925 1619.3501 160447.05909 34.558 96144.0 64.678 94342.0 86.629 "" "" 0.002765226243128199 0.0028841859 0.003908667 0.0067928527 253.57972652232 -40.85520228483 1581.83972 -0.5459999999999998 -1.7010000000000005 -0.21515625333786015 -0.38737502193450934 0.18656653 0.18156654 "" "" 3.322447014127382 "" 0.6072026693881903 ""
253.3474123723 -40.93265075027 0.0124 0.0088 19.7674 "" "" 5969581332547000192 1515.84045 0.6454 0.0142 0.74 -2.097 0.019 0.015 0.936 4695.0 2.512 12.675656 1.514775 13.377799 11.863024 1.46 0.43 1480.9895 1561.802 160207.99045 27.42 60855.0 39.052 142540.0 75.411 "" "" 0.002761579417977537 0.002875847 0.0038227837 0.0066986308 253.3474123723 -40.93265075027 1515.84045 0.7399999999999997 -2.097000000000001 1.0708437466621399 -0.7833750219345093 0.18556653 0.18156654 17.013571428571428 1.9046237 9.53312716786041 19.502362071136414 1.7558302334453686 1.8701471256607378
254.07968872671 -40.75967629745 0.0167 0.0105 17.7766 "" "" 5966668936706115456 1643.58838 0.5745 0.0188 -0.355 -1.184 0.023 0.017 1.05 "" "" 12.683192 0.494367 12.843299 12.348932 "" "" 1597.77136 1682.45386 159099.89641 41.038 99563.0 72.18 91114.0 115.56 "" "" 0.002769516060813735 0.002899071 0.004022433 0.0069215037 254.07968872671 -40.75967629745 1643.58838 -0.35499999999999987 -1.1839999999999997 -0.02415625333786009 0.12962497806549078 0.18956654 0.18356654 "" "" 1.0272431023664235 "" 0.18877758771575856 ""
253.95763069333 -40.41465434057 0.0155 0.0104 22.4912 "" "" 5969691597261313664 1399.91077 0.6873 0.0173 -0.431 -2.384 0.021 0.018 1.104 "" "" 12.68544 0.566946 12.886114 12.319168 "" "" 1365.81384 1432.10095 158770.85601 43.344 95713.0 46.957 93646.0 58.063 "" "" 0.002771217081624519 0.0028405597 0.0038388676 0.0066794273 253.95763069333 -40.41465434057 1399.91077 -0.43100000000000005 -2.3840000000000003 -0.1001562533378601 -1.0703750219345092 0.18756653 0.18456653 "" "" 7.133581613702325 "" 1.3168076337946213 ""
253.53255845225 -41.12462614055 0.013 0.0086 24.7439 "" "" 5969563774721093632 1545.65369 0.6205 0.0151 -0.84 -1.686 0.021 0.015 0.92 "" "" 12.695057 0.777783 12.993829 12.216045 "" "" 1506.46667 1582.73865 157370.67678 29.875 86673.0 54.739 102980.0 34.151 "" "" 0.0027630187407932374 0.0028731932 0.0037964943 0.0066696876 253.53255845225 -41.12462614055 1545.65369 -0.8399999999999999 -1.686 -0.5091562533378601 -0.3723750219345092 0.18756653 0.18156654 "" "" 4.621460850975148 "" 0.8572701722341823 ""
253.76221055647 -40.94693586374 0.014 0.0088 13.4219 "" "" 5969569375353719808 1638.9707 0.5883 0.0172 -1.979 -3.769 0.019 0.015 0.908 9065.0 3.4791 12.698357 0.898254 13.054846 12.156591 "" "" 1584.35669 1691.73193 156893.20306 27.315 81937.0 51.054 108770.0 44.595 "" "" 0.0027617965540253538 0.0028710125 0.0038055067 0.0066765193 253.76221055647 -40.94693586374 1638.9707 -1.979 -3.769 -1.6481562533378602 -2.4553750219345094 0.18556653 0.18156654 "" "" 22.973995321204434 "" 4.200068281450143 ""
253.25760686676 -40.59337696526 0.0144 0.0094 21.3422 "" "" 5969641122830356480 1605.27502 0.5909 0.0167 -1.049 1.501 0.02 0.016 0.951 "" "" 12.703257 0.721968 12.980055 12.258087 "" "" 1574.28577 1640.42578 156186.66812 28.852 87780.0 44.323 99066.0 38.461 "" "" 0.0027626103468390076 0.0028435185 0.0038028157 0.006646334 253.25760686676 -40.59337696526 1605.27502 -1.049 1.5010000000000003 -0.71815625333786 2.8146249780654906 0.18656653 0.18256654 "" "" 22.10263250448967 "" 4.0406605308637396 ""
253.649223624 -41.1317847946 0.0154 0.0104 24.1862 "" "" 5969565801940788352 1540.35791 0.6204 0.0182 -0.663 -1.457 0.024 0.018 1.019 7994.5 3.764 12.719721 0.539578 12.915342 12.375764 "" "" 1489.34509 1588.55933 153836.14347 26.519 93171.0 45.004 88890.0 32.309 "" "" 0.0027616697641912836 0.0028390286 0.0037999295 0.006638958 253.649223624 -41.1317847946 1540.35791 -0.663 -1.457 -0.33215625333786014 -0.14337502193450935 0.19056654 0.18456653 "" "" 2.6414570428266257 "" 0.5009173475337976 ""
253.67593777831 -41.06074868109 0.0206 0.0127 19.8623 "" "" 5969567176330404992 1603.98352 0.6071 0.0253 -1.806 -3.801 0.03 0.022 1.151 "" "" 12.722387 0.886686 13.071893 12.185206 "" "" 1539.70251 1676.59766 153458.86136 25.167 80660.0 53.688 105940.0 53.467 "" "" 0.002761067617947851 0.00288224 0.003818899 0.006701139 253.67593777831 -41.06074868109 1603.98352 -1.806 -3.801000000000001 -1.4751562533378602 -2.4873750219345094 0.19656654 0.18856654 "" "" 21.986819948517155 "" 4.192456621513375 ""
254.13507374605 -40.54555104571 0.0136 0.0087 23.0621 "" "" 5969698434851963392 1670.28406 0.563 0.0149 -0.103 -0.966 0.019 0.014 0.895 "" "" 12.727771 0.448007 12.88555 12.437543 "" "" 1628.8374 1715.90491 152699.76831 31.619 95763.0 61.683 83973.0 47.299 "" "" 0.0027644770262611005 0.0028764792 0.0038285414 0.0067050206 254.13507374605 -40.54555104571 1670.28406 -0.10299999999999992 -0.966 0.2278437466621399 0.34762497806549075 0.18556653 0.18056653 "" "" 3.290675973387613 "" 0.5991776432517877 ""
254.19981028347 -40.79018551806 0.0199 0.0135 23.4226 "" "" 5966669314666597760 1447.92334 0.6639 0.0235 -0.566 -3.878 0.028 0.023 0.864 9143.2 3.9352 12.734143 0.596338 12.957161 12.360823 "" "" 1394.02271 1496.45471 151806.16477 35.001 89650.0 94.693 90122.0 51.26 "" "" 0.0027666686132573007 0.0030166577 0.0038295032 0.0068461606 254.19981028347 -40.79018551806 1447.92334 -0.566 -3.878 -0.23515625333786006 -2.5643750219345094 0.19456653 0.18956654 "" "" 17.673551452272974 "" 3.3510604900976073 ""
254.18695267239 -40.6892827173 0.013 0.0083 22.7055 "" "" 5966670856544333824 1653.11487 0.5766 0.0145 -0.139 -1.233 0.018 0.013 0.884 "" "" 12.737207 0.658387 12.984373 12.325986 "" "" 1608.69543 1703.60999 151378.36535 25.111 87431.0 45.131 93060.0 29.441 "" "" 0.0027612002867625557 0.0028459001 0.0037949588 0.006640859 254.18695267239 -40.6892827173 1653.11487 -0.139 -1.233 0.19184374666213988 0.08062497806549063 0.18456653 0.17956653 "" "" 1.6306000007860426 "" 0.29974448752613203 ""
253.74474421792 -40.96027695199 0.0138 0.0088 14.0396 "" "" 5969569547152264192 1775.52625 0.543 0.0172 -2.026 -3.852 0.019 0.015 0.921 "" "" 12.738995 0.817873 13.058017 12.240144 "" "" 1720.36157 1842.8949 151129.41827 23.701 81698.0 44.185 100720.0 33.363 "" "" 0.002760576350524774 0.00285129 0.0037964552 0.006647745 253.74474421792 -40.96027695199 1775.52625 -2.026 -3.8519999999999994 -1.69515625333786 -2.538375021934509 0.18556653 0.18156654 "" "" 25.68864599157301 "" 4.69613017576127 ""
253.8061516828 -41.0567668307 0.015 0.0102 20.3004 "" "" 5966565647027257856 1541.47351 0.6249 0.0173 -1.785 -3.879 0.022 0.017 1.006 "" "" 12.739146 1.002214 13.147848 12.145635 -47.7 8.08 1504.93982 1588.75916 151108.28345 27.727 75210.0 59.658 109880.0 61.574 "" "" 0.002762513186246441 0.0029200616 0.0038280415 0.006748103 253.8061516828 -41.0567668307 1541.47351 -1.785 -3.8790000000000013 -1.45415625333786 -2.5653750219345093 0.18856654 0.18356654 -32.14642857142857 9.554624 21.546025346124008 38.69914828667134 3.9815946782814935 8.24055573541362
253.54931229391 -40.90311520795 0.0137 0.0085 12.2141 "" "" 5969583673340165248 1588.84265 0.6162 0.0159 -5.26 -5.048 0.021 0.015 0.889 4892.4 2.6264 12.746494 1.568003 13.479792 11.911789 -0.38 0.53 1547.25183 1628.55359 150089.07082 22.65 55399.0 29.212 136280.0 48.094 "" "" 0.002760187648076629 0.0028483006 0.0037987551 0.006647056 253.54931229391 -40.90311520795 1588.84265 -5.26 -5.048 -4.92915625333786 -3.7343750219345093 0.18756653 0.18156654 15.173571428571428 2.0046237 46.57258179267076 48.982064520934266 8.63460516931664 8.233311342258636
253.45947038126 -40.68699458522 0.0132 0.0088 10.8233 "" "" 5969591404281075072 1491.9043 0.6563 0.016 -0.57 -1.335 0.018 0.015 0.929 "" "" 12.746715 1.566162 13.47991 11.913748 -37.93 0.61 1457.31042 1527.65015 150058.55254 32.581 55393.0 43.417 136040.0 78.32 "" "" 0.002765386300847677 0.0029170616 0.0038307235 0.006747785 253.45947038126 -40.68699458522 1491.9043 -0.57 -1.3349999999999995 -0.23915625333786006 -0.021375021934509242 0.18456653 0.18156654 -22.37642857142857 2.0846238 1.6979651619443887 22.440758483246988 0.31334749092450404 2.078783126745847
253.54278818326 -40.60284792241 0.0138 0.0088 10.167 "" "" 5969685378148797952 1475.20801 0.6557 0.0153 -3.706 -6.215 0.018 0.014 0.814 "" "" 12.751571 1.053181 13.191916 12.138735 -36.21 7.05 1442.44556 1514.16724 149388.98188 23.99 72219.0 40.326 110580.0 33.522 "" "" 0.0027608312680192466 0.0028552755 0.0037936866 0.0066489624 253.54278818326 -40.60284792241 1475.20801 -3.706 -6.215 -3.37515625333786 -4.901375021934509 0.18456653 0.18056653 -20.65642857142857 8.524624 41.61272804955221 46.45758470963078 7.567806208120644 7.766319238448983
