Clusters/ESO_332_08/ESO_332_08_stars_in_region.tsv
# %ECSV 1.0
# ---
# datatype:
# - name: RA_ICRS_1
#   unit: deg
#   datatype: float64
#   format: '{:15.11f}'
#   description: Right ascension (ICRS) at Ep=2016.0 (ra)
#   meta: !!omap
#   - {ucd: POS_EQ_RA_MAIN}
#   - {width: 15}
#   - {precision: '11'}
# - name: DE_ICRS_1
#   unit: deg
#   datatype: float64
#   format: '{:15.11f}'
#   description: Declination (ICRS) at Ep=2016.0 (dec)
#   meta: !!omap
#   - {ucd: POS_EQ_DEC_MAIN}
#   - {width: 15}
#   - {precision: '11'}
# - name: e_RA_ICRS
#   unit: mas
#   datatype: float64
#   format: '{:7.4f}'
#   description: Standard error of right ascension (ra_error)
#   meta: !!omap
#   - {ucd: ERROR}
#   - {width: 7}
#   - {precision: '4'}
# - name: e_DE_ICRS
#   unit: mas
#   datatype: float64
#   format: '{:7.4f}'
#   description: Standard error of declination (dec_error)
#   meta: !!omap
#   - {ucd: ERROR}
#   - {width: 7}
#   - {precision: '4'}
# - name: _r_1
#   unit: ''
#   datatype: float64
#   format: '{:7.4f}'
#   description: Distance from center (253.69060979000-40.72989540000)[ICRS], at Epoch=J2016.0
#   meta: !!omap
#   - {ucd: POS_ANG_DIST_GENERAL}
#   - {width: 7}
#   - {precision: '4'}
# - name: HIP
#   datatype: int32
#   description: '? HIP cross-id number, van Leeuwen, Cat. I/311 (hip_original_ext_source_id)'
#   meta: !!omap
#   - {ucd: ID_NUMBER}
#   - {width: 6}
#   - values: {'null': -2147483648}
# - name: TYC2
#   datatype: string
#   description: Tycho-2 cross-id name, Hog et al., Cat. I/259 (tyc2_original_ext_source_id)
#   meta: !!omap
#   - {ucd: ID_CROSSID}
#   - {_votable_string_dtype: char}
# - name: Source
#   datatype: int64
#   description: Source identifier, identical to the Gaia-EDR3 source_id (id)
#   meta: !!omap
#   - {ucd: ID_MAIN}
#   - {width: 19}
# - name: rgeo
#   unit: pc
#   datatype: float64
#   format: '{:15.8f}'
#   description: '? Median of the geometric distance posterior (r_med_geo)'
#   meta: !!omap
#   - {ucd: PHYS_DISTANCE_TRUE}
#   - {width: 15}
#   - {precision: '8'}
#   - values: {'null': .nan}
# - name: Plx
#   unit: mas
#   datatype: float64
#   format: '{:9.4f}'
#   description: '? Parallax (parallax)'
#   meta: !!omap
#   - {ucd: POS_PARLX_TRIG}
#   - {width: 9}
#   - {precision: '4'}
#   - values: {'null': .nan}
# - name: e_Plx
#   unit: mas
#   datatype: float32
#   format: '{:7.4f}'
#   description: '? Standard error of parallax (parallax_error)'
#   meta: !!omap
#   - {ucd: ERROR}
#   - {width: 7}
#   - {precision: '4'}
#   - values: {'null': .nan}
# - name: pmRA
#   unit: mas / yr
#   datatype: float64
#   format: '{:9.3f}'
#   description: '? Proper motion in right ascension direction, pmRA*cosDE (pmra)'
#   meta: !!omap
#   - {ucd: POS_EQ_PMRA}
#   - {width: 9}
#   - {precision: '3'}
#   - values: {'null': .nan}
# - name: pmDE
#   unit: mas / yr
#   datatype: float64
#   format: '{:9.3f}'
#   description: '? Proper motion in declination direction (pmdec)'
#   meta: !!omap
#   - {ucd: POS_EQ_PMDEC}
#   - {width: 9}
#   - {precision: '3'}
#   - values: {'null': .nan}
# - name: e_pmRA
#   unit: mas / yr
#   datatype: float32
#   format: '{:6.3f}'
#   description: '? Standard error of proper motion in right ascension direction (pmra_error)'
#   meta: !!omap
#   - {ucd: ERROR}
#   - {width: 6}
#   - {precision: '3'}
#   - values: {'null': .nan}
# - name: e_pmDE
[...]
#         value: !astropy.table.SerializedColumn {name: SkyCoord.dec}
#       distance: !astropy.table.SerializedColumn
#         __class__: astropy.coordinates.distances.Distance
#         unit: !astropy.units.Unit {unit: pc}
#         value: !astropy.table.SerializedColumn {name: SkyCoord.distance}
#       frame: icrs
#       obstime: !astropy.time.Time {format: jyear_str, in_subfmt: '*', jd1: 367701545.0, jd2: 0.0, out_subfmt: '*', precision: 3, scale: tt}
#       pm_dec: !astropy.table.SerializedColumn
#         __class__: astropy.units.quantity.Quantity
#         unit: !astropy.units.Unit {unit: mas / yr}
#         value: !astropy.table.SerializedColumn {name: SkyCoord.pm_dec}
#       pm_ra_cosdec: !astropy.table.SerializedColumn
#         __class__: astropy.units.quantity.Quantity
#         unit: !astropy.units.Unit {unit: mas / yr}
#         value: !astropy.table.SerializedColumn {name: SkyCoord.pm_ra_cosdec}
#       ra: !astropy.table.SerializedColumn
#         __class__: astropy.coordinates.angles.Longitude
#         unit: *id001
#         value: !astropy.table.SerializedColumn {name: SkyCoord.ra}
#         wrap_angle: !astropy.coordinates.Angle
#           unit: *id001
#           value: 360.0
#       representation_type: spherical
# schema: astropy-2.0
RA_ICRS_1 DE_ICRS_1 e_RA_ICRS e_DE_ICRS _r_1 HIP TYC2 Source rgeo Plx e_Plx pmRA pmDE e_pmRA e_pmDE RUWE Teff logg Gmag BP-RP BPmag RPmag RV e_RV b_rgeo B_rgeo FG e_FG FBP e_FBP FRP e_FRP RAVE5 RAVE6 e_Gmag e_BPmag e_RPmag e_BP-RP SkyCoord.ra SkyCoord.dec SkyCoord.distance SkyCoord.pm_ra_cosdec SkyCoord.pm_dec rmRA rmDE e_rmRA e_rmDE rRV e_rRV v_pec v_pec3d e_vpec e_vpec3d
[from data line 568]
254.16193355249 -40.93428348891 0.017 0.0117 24.6621 "" "" 5966663817104804480 1651.22607 0.566 0.0187 1.493 0.016 0.023 0.018 0.983 7983.0 3.8612 14.045713 1.007593 14.454656 13.447062 "" "" 1603.93677 1694.63721 45358.78568 10.553 22571.0 19.413 33139.0 16.874 "" "" 0.0027668750926649155 0.0029422916 0.0038196025 0.006761894 254.16193355249 -40.93428348891 1651.22607 1.4930000000000012 0.016000000000000153 1.82384374666214 1.3296249780654907 0.18956654 0.18456653 "" "" 17.665563822032002 "" 3.318413267321809 ""
253.76088973161 -40.83395441545 0.0194 0.012 7.0126 "" "" 5969667270565996160 1601.69202 0.5833 0.0249 -1.849 -3.812 0.025 0.022 0.981 9497.7 3.8594 14.045888 1.027837 14.446876 13.419039 "" "" 1547.43262 1666.62805 45351.49988 11.447 22734.0 19.178 34005.0 237.71 "" "" 0.0027689151130537177 0.0029366538 0.008478705 0.011415359 253.76088973161 -40.83395441545 1601.69202 -1.849 -3.8120000000000003 -1.51815625333786 -2.498375021934509 0.19156654 0.18856654 "" "" 22.19504233600882 "" 4.203302288539796 ""
253.65417498025 -40.36705490995 0.0173 0.0119 21.8337 "" "" 5969741625044248448 1432.55371 0.6524 0.0205 1.091 -0.151 0.023 0.019 1.032 7801.3 4.0766 14.048589 0.766991 14.346223 13.579232 "" "" 1396.12964 1474.8595 45238.808 11.059 24942.0 15.639 29340.0 15.694 "" "" 0.00276807436287521 0.00287202 0.0038237432 0.006695763 253.65417498025 -40.36705490995 1432.55371 1.090999999999999 -0.1509999999999999 1.4218437466621399 1.1626249780654907 0.18956654 0.18556653 "" "" 12.471511365070132 "" 2.3443193017522446 ""
253.62779526978 -40.88089598712 0.018 0.0118 9.4986 "" "" 5969573807759986048 1667.72571 0.5582 0.0202 -0.521 -1.482 0.025 0.019 0.997 6306.9 3.7833 14.048905 1.33435 14.636023 13.301673 -40.45 10.53 1612.9541 1727.89453 45225.63011 148.02 19099.0 265.57 37887.0 332.61 "" "" 0.004496595322868631 0.01535274 0.010253615 0.025606355 253.62779526978 -40.88089598712 1667.72571 -0.5209999999999999 -1.4819999999999989 -0.19015625333786013 -0.16837502193450926 0.19156654 0.18556653 -24.896428571428572 12.004623 2.0077746541391326 24.977255947642615 0.3793753889820714 11.965814843045862
253.3706085408 -40.8146698018 0.0177 0.0121 15.4044 "" "" 5969588548093009408 1508.96692 0.6243 0.0194 -1.977 -5.025 0.026 0.022 0.987 4979.8 3.4293 14.054384 1.515692 14.755602 13.23991 -58.64 3.0 1466.32434 1560.15564 44997.98758 6.8961 17107.0 19.391 40105.0 19.785 "" "" 0.002760339833883897 0.0030495343 0.0038171485 0.006866683 253.3706085408 -40.8146698018 1508.96692 -1.9770000000000008 -5.025000000000002 -1.6461562533378602 -3.7113750219345096 0.19256654 0.18856654 -43.08642857142857 4.4746237 29.039634214404735 51.95902888187232 5.495167234357728 4.816682699004808
253.29477912877 -41.02092426865 0.0169 0.0114 25.048 "" "" 5969579206573665152 1776.09509 0.5221 0.0196 -1.537 -1.277 0.025 0.019 0.948 "" "" 14.055243 0.919574 14.423203 13.503629 "" "" 1728.67432 1830.68542 44962.37171 9.2045 23235.0 20.637 31456.0 24.157 "" "" 0.002764270626843333 0.0029521163 0.0038702656 0.006822382 253.29477912877 -41.02092426865 1776.09509 -1.5370000000000008 -1.2770000000000001 -1.20615625333786 0.03662497806549081 0.19156654 0.18556653 "" "" 10.158936678244745 "" 1.9460570965284023 ""
253.73446027689 -40.92201518165 0.0197 0.0113 11.6979 "" "" 5969572609504069760 1695.52075 0.5504 0.024 -1.785 -3.847 0.024 0.019 0.993 "" "" 14.055705 1.021537 14.473187 13.451651 "" "" 1636.92749 1752.70898 44943.25807 11.296 22189.0 30.377 32999.0 23.662 "" "" 0.002768800688685246 0.0031613905 0.0038587349 0.007020125 253.73446027689 -40.92201518165 1695.52075 -1.7849999999999997 -3.847000000000002 -1.45415625333786 -2.5333750219345093 0.19056654 0.18556653 "" "" 23.475838394848285 "" 4.385712078595698 ""
254.03486317647 -40.42601828259 0.016 0.0112 24.0529 "" "" 5969703039056962816 1701.50244 0.5445 0.0187 1.098 -1.437 0.023 0.019 1.052 "" "" 14.056091 2.056243 15.100479 13.044236 -11.65 1.73 1659.69519 1751.07581 44927.2766 9.7009 12452.0 16.104 48025.0 29.17 "" "" 0.0027652757780107272 0.0031235775 0.003836486 0.0069600632 254.03486317647 -40.42601828259 1701.50244 1.0980000000000008 -1.4369999999999996 1.42884374666214 -0.12337502193450933 0.18956654 0.18556653 3.9035714285714285 3.2046237 11.566677395514969 12.207616305809914 2.1923161773265463 2.3162206384773616
253.69546920059 -40.91569699268 0.0193 0.012 11.1503 "" "" 5969572742608090112 1443.9137 0.6503 0.0242 -0.376 0.494 0.024 0.02 1.046 7354.3 4.0604 14.056757 0.900733 14.418928 13.518195 "" "" 1394.71973 1502.27551 44899.77022 9.8208 23326.0 15.603 31037.0 22.715 "" "" 0.0027655354183388743 0.002883141 0.0038620126 0.0067451536 253.69546920059 -40.91569699268 1443.9137 -0.376 0.49400000000000016 -0.04515625333786011 1.8076249780654907 0.19056654 0.18656653 "" "" 12.375517851511205 "" 2.308888646321117 ""
253.58612305187 -41.08167673129 0.0195 0.0129 21.6322 "" "" 5969569826365491072 1473.18323 0.6371 0.0228 4.816 -2.883 0.032 0.024 1.151 "" "" 14.059599 0.674874 14.308188 13.633314 "" "" 1415.29517 1527.98242 44782.39206 13.554 25831.0 32.614 27915.0 21.23 "" "" 0.002774846982782808 0.0031087382 0.0038685335 0.0069772718 253.58612305187 -41.08167673129 1473.18323 4.816 -2.883 5.14684374666214 -1.5693750219345093 0.19856654 0.19056654 "" "" 37.57348099165942 "" 7.435738945302862 ""
253.49021262849 -40.63353200726 0.018 0.0116 10.7968 "" "" 5969685408195261824 1942.05505 0.4726 0.0216 -0.281 -4.23 0.024 0.02 0.963 "" "" 14.062749 2.202932 15.210409 13.007477 -66.19 2.12 1856.58643 2022.19421 44652.6272 10.191 11253.0 17.018 49678.0 25.683 "" "" 0.0027664403491950216 0.0032374535 0.0038208377 0.007058291 253.49021262849 -40.63353200726 1942.05505 -0.2810000000000004 -4.23 0.049843746662139865 -2.9163750219345097 0.19056654 0.18656653 -50.63642857142857 3.5946236 26.850147009789474 57.314730156537365 5.009370501075062 3.948762254255865
253.57197442495 -41.05644764221 0.0185 0.0122 20.3186 "" "" 5969569890749737344 1734.58057 0.5434 0.0223 -1.178 -3.191 0.03 0.022 0.952 "" "" 14.063025 1.292461 14.624205 13.331743 -72.22 7.53 1665.94299 1816.15527 44641.25996 16.501 19308.0 40.908 36852.0 36.351 "" "" 0.0027843944689249253 0.0036161707 0.003928195 0.0075443657 253.57197442495 -41.05644764221 1734.58057 -1.1779999999999995 -3.1910000000000007 -0.84715625333786 -1.8773750219345091 0.19656654 0.18856654 -56.66642857142857 9.004623 16.934365771359836 59.14268231251454 3.216574609725285 8.676627205021154
253.19703425796 -40.63390416656 0.0219 0.0129 23.1846 "" "" 5969641290291654272 1588.32043 0.5921 0.0259 -1.912 -4.354 0.031 0.023 1.003 8888.1 3.9916 14.065505 0.944047 14.448366 13.504319 "" "" 1525.18091 1661.63794 44539.42051 9.2388 22702.0 19.273 31436.0 19.127 "" "" 0.002764509130038966 0.0029384787 0.003836682 0.006775161 253.19703425796 -40.63390416656 1588.32043 -1.912 -4.354 -1.58115625333786 -3.0403750219345094 0.19756654 0.18956654 "" "" 25.800212921527105 "" 4.93551916914329 ""
253.92218813889 -40.81397766415 0.0183 0.012 11.6695 "" "" 5969665140262106368 1733.55432 0.5373 0.0216 -5.443 -1.388 0.025 0.02 0.953 "" "" 14.066958 2.010282 15.08268 13.072398 32.91 1.71 1666.29077 1799.73633 44479.84323 11.007 12657.0 14.367 46795.0 18.95 "" "" 0.0027683888055190626 0.0030502316 0.0038048709 0.0068551023 253.92218813889 -40.81397766415 1733.55432 -5.443 -1.387999999999999 -5.11215625333786 -0.07437502193450918 0.19156654 0.18656653 48.46357142857143 3.1846237 42.011276063687994 64.13785989656692 8.047910999788789 5.794763711522801
253.34426733635 -40.82532423474 0.018 0.0123 16.7454 "" "" 5969588483703378944 1437.23499 0.6547 0.0203 -0.621 -1.547 0.027 0.024 0.96 5848.1 3.9554 14.067917 1.238174 14.60557 13.367396 "" "" 1396.41248 1486.91858 44440.6265 27.325 19642.0 42.748 35662.0 60.798 "" "" 0.0028350404783732256 0.0036563065 0.0042083194 0.007864626 253.34426733635 -40.82532423474 1437.23499 -0.6209999999999997 -1.5469999999999993 -0.2901562533378601 -0.2333750219345092 0.19356653 0.19056654 "" "" 2.5367238358870643 "" 0.4880496962530974 ""
253.85548320926 -41.03382438443 0.0185 0.0133 19.7099 "" "" 5966659346032195328 1596.03613 0.5816 0.0234 -1.938 -2.81 0.026 0.024 1.077 7140.6 3.6242 14.077033 1.220299 14.602925 13.382627 -24.11 7.77 1530.10718 1657.01575 44069.0524 7.7604 19690.0 16.939 35165.0 22.807 "" "" 0.0027619458039637415 0.00294236 0.0038444237 0.0067867837 253.85548320926 -41.03382438443 1596.03613 -1.9380000000000002 -2.8099999999999987 -1.60715625333786 -1.4963750219345093 0.19256654 0.19056654 -8.55642857142857 9.244623 16.612641391043454 18.686688414092245 3.183653861657583 5.092049683304
253.72712786457 -41.08662598248 0.0187 0.0136 21.4678 "" "" 5969567554287515520 1676.27039 0.5549 0.022 -1.9 -3.811 0.03 0.025 1.111 "" "" 14.077383 1.053348 14.511573 13.458225 "" "" 1631.56152 1736.95532 44054.83879 10.055 21418.0 18.694 32800.0 25.24 "" "" 0.002766441303299063 0.002946708 0.0038706285 0.006817336 253.72712786457 -41.08662598248 1676.27039 -1.9 -3.811 -1.56915625333786 -2.497375021934509 0.19656654 0.19156654 "" "" 23.434754558732156 "" 4.522788402131332 ""
253.72924187612 -40.95039343086 0.0227 0.012 13.3456 "" "" 5969569620206824576 1724.89136 0.5404 0.0273 -2.001 -3.759 0.026 0.02 0.984 "" "" 14.077927 1.034459 14.502248 13.467789 "" "" 1651.8269 1812.72339 44032.78798 13.079 21603.0 26.813 32512.0 21.237 "" "" 0.0027741291038667374 0.0030985528 0.0038453483 0.006943901 253.72924187612 -40.95039343086 1724.89136 -2.0010000000000003 -3.7589999999999986 -1.67015625333786 -2.445375021934509 0.19256654 0.18656653 "" "" 24.211521351449246 "" 4.56376986625662 ""
253.74915732483 -40.79408632664 0.0203 0.0126 4.6812 "" "" 5969668125241773568 1976.23621 0.4626 0.0259 -0.393 1.184 0.026 0.022 0.952 4814.6 2.5726 14.091278 2.091563 15.163637 13.072074 -14.49 1.7 1890.47815 2057.27271 43494.60872 10.924 11748.0 12.931 46809.0 28.426 "" "" 0.0027687812659872376 0.0030353311 0.0038364644 0.0068717953 253.74915732483 -40.79408632664 1976.23621 -0.3930000000000002 1.1840000000000002 -0.06215625333786012 2.497624978065491 0.19256654 0.18856654 1.0635714285714286 3.1746237 23.40339513632114 23.427549767110804 4.413155699901662 4.410960721372412
253.95276720553 -40.53332798819 0.016 0.0112 16.7809 "" "" 5969678643639719040 1596.72473 0.5875 0.0183 -0.066 1.796 0.022 0.018 0.935 6236.3 3.6986 14.093057 1.105901 14.55809 13.452189 -43.19 7.03 1541.87415 1650.27393 43423.43867 7.5872 20520.0 15.764 32982.0 20.573 "" "" 0.002761843200626776 0.0029121737 0.0038395815 0.0067517553 253.95276720553 -40.53332798819 1596.72473 -0.06600000000000017 1.7959999999999998 0.2648437466621399 3.109624978065491 0.18856654 0.18456653 -27.636428571428567 8.504623 23.62032445587303 36.35508095967312 4.36020899543692 7.05847549418055
253.69808354956 -40.49613044568 0.0182 0.0127 14.03 "" "" 5969687229261464704 1810.27234 0.5102 0.0205 -2.772 -6.952 0.025 0.021 1.06 6605.0 3.7429 14.093151 1.011476 14.490397 13.478922 -60.79 6.14 1742.93127 1886.61975 43419.64407 8.6852 21840.0 70.863 32180.0 99.443 "" "" 0.002763866155762808 0.004493924 0.0050537894 0.009547713 253.69808354956 -40.49613044568 1810.27234 -2.7719999999999994 -6.9520000000000035 -2.44115625333786 -5.638375021934509 0.19156654 0.18756653 -45.23642857142857 7.6146235 52.721008312068555 69.46826028726473 9.92228463312985 9.016167486567795
254.18136612871 -40.84125228308 0.0173 0.0114 23.2744 "" "" 5966664676098380928 1805.60486 0.5153 0.019 -0.685 -1.939 0.025 0.019 1.06 "" "" 14.09409 1.086472 14.541391 13.45492 "" "" 1750.69775 1854.24011 43382.15277 8.7486 20838.0 18.219 32900.0 17.782 "" "" 0.0027640061528317527 0.0029472318 0.0038246687 0.0067719007 254.18136612871 -40.84125228308 1805.60486 -0.6849999999999996 -1.9390000000000005 -0.35415625333786016 -0.6253750219345093 0.19156654 0.18556653 "" "" 6.1509878255520665 "" 1.150488188648285 ""
253.18273463749 -40.85550470716 0.0175 0.0118 24.2699 "" "" 5969629440518256128 1452.37085 0.6435 0.0194 3.184 -0.884 0.027 0.022 0.907 6545.4 4.0179 14.095606 0.976921 14.494457 13.517536 8.4 6.54 1416.21741 1510.27856 43321.57303 8.9689 21759.0 25.797 31056.0 20.808 "" "" 0.002764473878013806 0.0030727834 0.0038487562 0.0069215395 253.18273463749 -40.85550470716 1452.37085 3.184 -0.8839999999999999 3.51484374666214 0.4296249780654907 0.19356653 0.18856654 23.95357142857143 8.014624 24.377108690267594 34.176263872471395 4.716820974132523 6.54777743933043
253.85721461256 -40.84110194256 0.0185 0.0118 10.09 "" "" 5969665415140029056 1663.70496 0.5616 0.0233 -1.788 -3.867 0.024 0.021 1.078 7158.7 3.6544 14.097301 1.087766 14.546799 13.459033 "" "" 1596.13782 1749.83435 43254.0129 9.5652 20735.0 23.76 32775.0 32.643 "" "" 0.0027657616236251253 0.0030549818 0.00393104 0.006986022 253.85721461256 -40.84110194256 1663.70496 -1.7879999999999991 -3.867 -1.4571562533378601 -2.5533750219345093 0.19056654 0.18756653 "" "" 23.183960158584913 "" 4.3657243313954615 ""
253.56586503944 -40.71402396464 0.0181 0.0118 5.7519 "" "" 5969684038118759808 2023.84082 0.4579 0.0211 -2.354 -3.683 0.024 0.019 1.058 "" "" 14.101723 1.131996 14.575526 13.44353 "" "" 1946.48633 2138.08105 43078.20106 8.8156 20193.0 15.649 33247.0 20.425 "" "" 0.002764264181261774 0.00291428 0.00383779 0.00675207 253.56586503944 -40.71402396464 2023.84082 -2.354 -3.683 -2.02315625333786 -2.369375021934509 0.19056654 0.18556653 "" "" 29.888177051986123 "" 5.60974511448795 ""
253.86648917021 -40.87359740558 0.0199 0.0121 11.7538 "" "" 5969663113037514368 1407.1532 0.6635 0.0246 -2.951 -2.149 0.027 0.022 0.947 7425.2 4.0681 14.109372 1.028479 14.529484 13.501005 -23.83 7.12 1356.6134 1469.80042 42775.77283 58.248 21068.0 109.03 31532.0 113.43 "" "" 0.0031269173602150933 0.006273473 0.0054349196 0.011708393 253.86648917021 -40.87359740558 1407.1532 -2.951 -2.149 -2.62015625333786 -0.8353750219345093 0.19356653 0.18856654 -8.27642857142857 8.594624 18.342933459585296 20.123679529368705 3.5422148573575 4.787440785931141
253.85158455572 -40.58023175572 0.0162 0.0119 11.59 "" "" 5969688569286284160 1990.59424 0.4608 0.0199 -0.543 -1.967 0.023 0.021 1.004 7193.5 3.5426 14.109931 1.482478 14.780562 13.298084 -39.01 6.11 1917.24121 2056.82495 42753.74886 22.288 16718.0 32.439 38012.0 74.342 "" "" 0.0028128548525414763 0.003496188 0.0043350523 0.00783124 253.85158455572 -40.58023175572 1990.59424 -0.5429999999999999 -1.967 -0.21215625333786015 -0.6533750219345094 0.18956654 0.18756653 -23.456428571428567 7.584624 6.4817205712102 24.335503752537768 1.2169962609768294 7.317825834328646
253.968480816 -40.72001028504 0.0176 0.012 12.649 "" "" 5969672145331225984 1475.80322 0.6358 0.021 -2.001 -3.258 0.025 0.02 1.018 7342.8 3.8809 14.118414 1.003691 14.528777 13.525086 -70.87 11.23 1436.52148 1517.06921 42421.04432 9.0423 21082.0 20.149 30841.0 22.287 "" "" 0.002765022567364387 0.0029768844 0.003859964 0.0068368483 253.968480816 -40.72001028504 1475.80322 -2.001000000000001 -3.257999999999999 -1.67015625333786 -1.9443750219345093 0.19156654 0.18656653 -55.316428571428574 12.704623 17.93040145516833 58.149862994176196 3.3835664927534963 12.130522284517628
254.1744271281 -40.67815115404 0.0176 0.0114 22.2245 "" "" 5966670929570948224 1574.73022 0.5942 0.0198 -0.141 -1.105 0.024 0.018 0.913 "" "" 14.121599 0.771555 14.422513 13.650958 "" "" 1523.62659 1626.10156 42296.75158 12.011 23249.0 13.231 27465.0 18.395 "" "" 0.0027725166042139623 0.0028577682 0.003848704 0.0067064725 254.1744271281 -40.67815115404 1574.73022 -0.14099999999999993 -1.105 0.1898437466621399 0.20862497806549074 0.19056654 0.18456653 "" "" 2.105453324274177 "" 0.3943686145404505 ""
