Clusters/ESO_332_08/ESO_332_08_members.tsv
# %ECSV 1.0
# ---
# datatype:
# - name: RA_ICRS_1
#   unit: deg
#   datatype: float64
#   format: '{:15.11f}'
#   description: Right ascension (ICRS) at Ep=2016.0 (ra)
#   meta: !!omap
#   - {ucd: POS_EQ_RA_MAIN}
#   - {width: 15}
#   - {precision: '11'}
# - name: DE_ICRS_1
#   unit: deg
#   datatype: float64
#   format: '{:15.11f}'
#   description: Declination (ICRS) at Ep=2016.0 (dec)
#   meta: !!omap
#   - {ucd: POS_EQ_DEC_MAIN}
#   - {width: 15}
#   - {precision: '11'}
# - name: e_RA_ICRS
#   unit: mas
#   datatype: float64
#   format: '{:7.4f}'
#   description: Standard error of right ascension (ra_error)
#   meta: !!omap
#   - {ucd: ERROR}
#   - {width: 7}
#   - {precision: '4'}
# - name: e_DE_ICRS
#   unit: mas
#   datatype: float64
#   format: '{:7.4f}'
#   description: Standard error of declination (dec_error)
#   meta: !!omap
#   - {ucd: ERROR}
#   - {width: 7}
#   - {precision: '4'}
# - name: _r_1
#   unit: ''
#   datatype: float64
#   format: '{:7.4f}'
#   description: Distance from center (253.69060979000-40.72989540000)[ICRS], at Epoch=J2016.0
#   meta: !!omap
#   - {ucd: POS_ANG_DIST_GENERAL}
#   - {width: 7}
#   - {precision: '4'}
# - name: HIP
#   datatype: int32
#   description: '? HIP cross-id number, van Leeuwen, Cat. I/311 (hip_original_ext_source_id)'
#   meta: !!omap
#   - {ucd: ID_NUMBER}
#   - {width: 6}
#   - values: {'null': -2147483648}
# - name: TYC2
#   datatype: string
#   description: Tycho-2 cross-id name, Hog et al., Cat. I/259 (tyc2_original_ext_source_id)
#   meta: !!omap
#   - {ucd: ID_CROSSID}
#   - {_votable_string_dtype: char}
# - name: Source
#   datatype: int64
#   description: Source identifier, identical to the Gaia-EDR3 source_id (id)
#   meta: !!omap
#   - {ucd: ID_MAIN}
#   - {width: 19}
# - name: rgeo
#   unit: pc
#   datatype: float64
#   format: '{:15.8f}'
#   description: '? Median of the geometric distance posterior (r_med_geo)'
#   meta: !!omap
#   - {ucd: PHYS_DISTANCE_TRUE}
#   - {width: 15}
#   - {precision: '8'}
#   - values: {'null': .nan}
# - name: Plx
#   unit: mas
#   datatype: float64
#   format: '{:9.4f}'
#   description: '? Parallax (parallax)'
#   meta: !!omap
#   - {ucd: POS_PARLX_TRIG}
#   - {width: 9}
#   - {precision: '4'}
#   - values: {'null': .nan}
# - name: e_Plx
#   unit: mas
#   datatype: float32
#   format: '{:7.4f}'
#   description: '? Standard error of parallax (parallax_error)'
#   meta: !!omap
#   - {ucd: ERROR}
#   - {width: 7}
#   - {precision: '4'}
#   - values: {'null': .nan}
# - name: pmRA
#   unit: mas / yr
#   datatype: float64
#   format: '{:9.3f}'
#   description: '? Proper motion in right ascension direction, pmRA*cosDE (pmra)'
#   meta: !!omap
#   - {ucd: POS_EQ_PMRA}
#   - {width: 9}
#   - {precision: '3'}
#   - values: {'null': .nan}
# - name: pmDE
#   unit: mas / yr
#   datatype: float64
#   format: '{:9.3f}'
#   description: '? Proper motion in declination direction (pmdec)'
#   meta: !!omap
#   - {ucd: POS_EQ_PMDEC}
#   - {width: 9}
#   - {precision: '3'}
#   - values: {'null': .nan}
# - name: e_pmRA
#   unit: mas / yr
#   datatype: float32
#   format: '{:6.3f}'
#   description: '? Standard error of proper motion in right ascension direction (pmra_error)'
#   meta: !!omap
#   - {ucd: ERROR}
#   - {width: 6}
#   - {precision: '3'}
#   - values: {'null': .nan}
# - name: e_pmDE
[...]
#       distance: !astropy.table.SerializedColumn
#         __class__: astropy.coordinates.distances.Distance
#         unit: !astropy.units.Unit {unit: pc}
#         value: !astropy.table.SerializedColumn {name: SkyCoord.distance}
#       frame: icrs
#       obstime: !astropy.time.Time {format: jyear_str, in_subfmt: '*', jd1: 367701545.0, jd2: 0.0, out_subfmt: '*', precision: 3, scale: tt}
#       pm_dec: !astropy.table.SerializedColumn
#         __class__: astropy.units.quantity.Quantity
#         unit: !astropy.units.Unit {unit: mas / yr}
#         value: !astropy.table.SerializedColumn {name: SkyCoord.pm_dec}
#       pm_ra_cosdec: !astropy.table.SerializedColumn
#         __class__: astropy.units.quantity.Quantity
#         unit: !astropy.units.Unit {unit: mas / yr}
#         value: !astropy.table.SerializedColumn {name: SkyCoord.pm_ra_cosdec}
#       ra: !astropy.table.SerializedColumn
#         __class__: astropy.coordinates.angles.Longitude
#         unit: *id001
#         value: !astropy.table.SerializedColumn {name: SkyCoord.ra}
#         wrap_angle: !astropy.coordinates.Angle
#           unit: *id001
#           value: 360.0
#       representation_type: spherical
# schema: astropy-2.0
RA_ICRS_1 DE_ICRS_1 e_RA_ICRS e_DE_ICRS _r_1 HIP TYC2 Source rgeo Plx e_Plx pmRA pmDE e_pmRA e_pmDE RUWE Teff logg Gmag BP-RP BPmag RPmag RV e_RV b_rgeo B_rgeo FG e_FG FBP e_FBP FRP e_FRP RAVE5 RAVE6 e_Gmag e_BPmag e_RPmag e_BP-RP SkyCoord.ra SkyCoord.dec SkyCoord.distance SkyCoord.pm_ra_cosdec SkyCoord.pm_dec rmRA rmDE e_rmRA e_rmDE rRV e_rRV v_pec v_pec3d e_vpec e_vpec3d Pmemb
253.60083495905 -40.65250495244 0.0233 0.017 6.184 "" 7872-1075-1 5969684652280984960 1621.2478 0.5897 0.029 -0.317 -1.24 0.031 0.029 0.823 23060.0 3.746 8.86313 0.107478 8.881478 8.774 "" "" 1544.48206 1703.52234 5366546.0544 10762.0 3826700.0 17610.0 2452200.0 8562.8 "" "" 0.003511768115716349 0.0057227 0.0053532626 0.011075962 253.60083495905 -40.65250495244 1621.2478 -0.31700000000000017 -1.2400000000000002 0.013843746662139889 0.07362497806549073 0.19756654 0.19556653 "" "" 0.5757019047802601 "" 0.11262753923712046 "" 0.99
253.71004436489 -40.75906738256 0.0206 0.0133 1.9606 "" 7872-2017-1 5969668438797288960 1771.58691 0.5324 0.0259 -0.358 -1.208 0.027 0.022 0.827 "" "" 9.435949 0.132051 9.459382 9.327331 "" "" 1700.4967 1878.10168 3166408.47678 766.01 2247300.0 1037.7 1473100.0 582.4 "" "" 0.0027678112291855037 0.0028348533 0.0038036804 0.0066385334 253.71004436489 -40.75906738256 1771.58691 -0.358 -1.208 -0.027156253337860092 0.10562497806549076 0.19356653 0.18856654 "" "" 0.9158124899552287 "" 0.17297902584905908 "" 0.99
253.6970063816 -40.76685705975 0.0221 0.0136 2.2367 "" 7872-1166-1 5969680185509845248 1725.43701 0.5513 0.0237 -0.253 -1.254 0.028 0.023 0.802 17700.1 3.6522 9.476982 0.108958 9.494882 9.385923 "" "" 1648.22888 1795.31506 3048976.48659 752.01 2175000.0 1138.6 1395700.0 544.13 "" "" 0.002768302858604006 0.0028474724 0.003803012 0.006650484 253.6970063816 -40.76685705975 1725.43701 -0.2530000000000001 -1.254 0.07784374666213989 0.05962497806549072 0.19456653 0.18956654 "" "" 0.8019499830713984 "" 0.15456211588911006 "" 0.99
253.6843519084 -40.75758708317 0.0205 0.0131 1.6857 "" 7872-1887-1 5969679807552721920 1612.77466 0.5922 0.0254 -0.245 -1.266 0.026 0.021 0.851 17048.0 3.6726 9.577464 0.144462 9.609613 9.465152 "" "" 1550.69983 1671.49792 2779463.31987 1758.7 1956900.0 3428.9 1297500.0 2020.8 "" "" 0.002839675132857693 0.003377028 0.0041404306 0.007517459 253.6843519084 -40.75758708317 1612.77466 -0.24499999999999983 -1.266 0.0858437466621399 0.04762497806549071 0.19256654 0.18756653 "" "" 0.7504632634550531 "" 0.14363982668313507 "" 0.99
253.77822261395 -40.75358876802 0.0203 0.0137 4.2289 "" 7872-1245-1 5969669744467277824 1692.0321 0.5647 0.0289 -0.401 -1.388 0.027 0.026 0.872 15204.3 3.6813 9.660341 0.198398 9.711758 9.51336 "" "" 1599.92505 1784.6759 2575195.85558 777.8 1781200.0 894.24 1241100.0 723.69 "" "" 0.002774766278753179 0.0028429155 0.003832041 0.0066749565 253.77822261395 -40.75358876802 1692.0321 -0.401 -1.388 -0.07015625333786013 -0.07437502193450918 0.19356653 0.19256654 "" "" 0.820009172914053 "" 0.15829294598441085 "" 0.98
253.75130971041 -40.71346530139 0.0194 0.013 2.931 "" 7872-998-1 5969670088064762880 1843.91614 0.5192 0.0231 -0.291 -1.791 0.025 0.022 0.908 17293.3 3.618 9.699489 0.142025 9.729847 9.587822 -27.78 15.94 1759.63367 1950.03577 2483998.81427 930.86 1751800.0 1217.8 1158900.0 548.7 "" "" 0.002785199063940508 0.0028904548 0.003814182 0.006704637 253.75130971041 -40.71346530139 1843.91614 -0.291 -1.791 0.03984374666213991 -0.4773750219345092 0.19156654 0.18856654 -12.226428571428572 17.414623 4.186842873605575 12.923436418403067 0.7895860376230122 16.47737515011988 0.97
253.62030301853 -40.76622328984 0.0211 0.0122 3.8684 "" 7872-1164-1 5969679979356568448 1605.43066 0.5997 0.0259 -0.582 -1.07 0.025 0.02 0.958 14837.7 3.8613 10.804302 0.242146 10.877239 10.635094 "" "" 1544.74792 1680.40771 897895.87698 259.73 608870.0 277.97 441690.0 139.79 "" "" 0.002773161849372972 0.0028338565 0.003794971 0.006628827 253.62030301853 -40.76622328984 1605.43066 -0.582 -1.0699999999999998 -0.25115625333786007 0.24362497806549066 0.19156654 0.18656653 "" "" 2.662676584372477 "" 0.5036695923976782 "" 0.94
253.7144099258 -40.7083495644 0.0188 0.0126 1.686 "" "" 5969680430346061696 1616.75232 0.5907 0.0227 -0.272 -1.207 0.026 0.021 0.868 "" "" 10.888632 0.241951 10.958085 10.716134 "" "" 1562.23621 1666.68518 830795.07424 251.52 565170.0 684.85 409930.0 250.58 "" "" 0.002774857597206846 0.003084799 0.003837213 0.006922012 253.7144099258 -40.7083495644 1616.75232 -0.272 -1.2069999999999999 0.05884374666213987 0.10662497806549065 0.19256654 0.18756653 "" "" 0.9332843202163386 "" 0.17615340107718777 "" 0.98
253.65528534058 -40.67830622573 0.0196 0.0135 3.4875 "" 7872-820-1 5969681388105840384 1582.72095 0.603 0.0238 -0.536 -1.108 0.027 0.022 1.008 12493.2 3.8247 10.977667 0.37858 11.10453 10.72595 "" "" 1519.75159 1664.94897 765385.06683 285.76 493860.0 322.58 406240.0 206.39 "" "" 0.0027849793229644077 0.0028788866 0.0038194237 0.0066983104 253.65528534058 -40.67830622573 1582.72095 -0.536 -1.108 -0.20515625333786014 0.20562497806549063 0.19356653 0.18856654 "" "" 2.1791070715506984 "" 0.416377641312812 "" 0.98
253.56319786108 -40.78997865356 0.0187 0.0118 6.821 "" 7872-733-1 5969586830105129472 1753.23682 0.5412 0.0231 -0.415 -1.217 0.024 0.019 0.844 14331.7 3.7368 11.036185 0.288662 11.126343 10.837681 "" "" 1685.63977 1815.04431 725224.97952 226.71 484040.0 274.58 366510.0 211.58 "" "" 0.002776146119508201 0.0028573386 0.0038310022 0.0066883406 253.56319786108 -40.78997865356 1753.23682 -0.41500000000000004 -1.217 -0.08415625333786009 0.09662497806549064 0.19056654 0.18556653 "" "" 1.0648484356416283 "" 0.1999142645580064 "" 0.98
253.61766092239 -40.73215426136 0.0225 0.0145 3.3195 "" 7872-1038-1 5969680838350027136 1775.54199 0.524 0.0271 -0.156 -1.162 0.03 0.024 1.008 13521.8 3.7652 11.111609 0.334566 11.220965 10.886399 "" "" 1673.68469 1880.73096 676555.55376 241.84 443640.0 252.91 350430.0 160.52 "" "" 0.0027825194897872687 0.0028579982 0.0038119645 0.006669963 253.61766092239 -40.73215426136 1775.54199 -0.15599999999999978 -1.1619999999999988 0.1748437466621399 0.1516249780654908 0.19656654 0.19056654 "" "" 1.9477422171330976 "" 0.37788896111950826 "" 0.98
253.84154451154 -40.68022802482 0.0251 0.0172 7.4841 "" "" 5969670427344143872 1777.24731 0.5221 0.0286 -0.203 -1.138 0.033 0.029 1.154 13808.8 3.4983 11.23296 0.467056 11.394345 10.927289 "" "" 1694.57422 1874.84558 605010.46422 251.43 378160.0 309.31 337480.0 228.51 "" "" 0.0027920207131041665 0.0029280882 0.003850219 0.0067783073 253.84154451154 -40.68022802482 1777.24731 -0.20299999999999987 -1.138 0.12784374666213988 0.17562497806549082 0.19956654 0.19556653 "" "" 1.8299647017670773 "" 0.3604319849207177 "" 0.98
253.66293790687 -40.80639479652 0.0212 0.0134 4.7591 "" 7872-1823-1 5969667889041443840 1535.0083 0.6089 0.0251 -0.272 -1.232 0.026 0.021 0.828 15126.3 3.9034 11.235209 0.214549 11.302062 11.087513 61.75 34.96 1483.53455 1594.57251 603757.98368 256.76 411710.0 225.23 291170.0 150.79 "" "" 0.00279374026724382 0.00285269 0.0038209793 0.0066736694 253.66293790687 -40.80639479652 1535.0083 -0.2719999999999999 -1.2319999999999984 0.05884374666213987 0.08162497806549074 0.19256654 0.18756653 77.30357142857143 36.434624 0.732135356436268 77.30703834575729 0.13858683820002624 36.43298979206011 0.98
253.83168574038 -40.75651836779 0.0226 0.0162 6.6091 "" 7872-1585-1 5969669057272447104 1729.94092 0.5332 0.0304 -0.283 -1.37 0.032 0.028 1.063 13756.8 3.8367 11.447883 0.262095 11.532447 11.270351 "" "" 1642.19495 1820.90479 496356.39435 243.16 333000.0 333.08 246050.0 171.61 "" "" 0.00280618916942117 0.002994067 0.0038544994 0.0068485662 253.83168574038 -40.75651836779 1729.94092 -0.283 -1.37 0.04784374666213992 -0.056375021934509384 0.19856654 0.19456653 "" "" 0.6063044991091211 "" 0.11898798580756906 "" 0.98
253.57857639264 -40.74577755834 0.0159 0.01 5.1817 "" "" 5969587173702510336 1561.43945 0.5904 0.0193 -0.376 -1.367 0.02 0.016 0.809 "" "" 11.57814 0.410854 11.715091 11.304236 "" "" 1514.87891 1615.86121 440241.28278 192.34 281440.0 261.82 238490.0 181.03 "" "" 0.0027958543806930023 0.0029673628 0.0038681966 0.0068355594 253.57857639264 -40.74577755834 1561.43945 -0.376 -1.367 -0.04515625333786011 -0.05337502193450927 0.18656653 0.18256654 "" "" 0.517449781107931 "" 0.09533792158420563 "" 0.99
253.67432374875 -40.82267066514 0.0184 0.0111 5.6155 "" "" 5969667816004035584 1717.97791 0.5247 0.0228 -0.696 -1.164 0.023 0.018 0.9 12831.4 3.9585 11.800898 0.278643 11.891213 11.612571 "" "" 1653.27209 1785.59753 358581.24819 93.734 239290.0 131.81 179530.0 85.704 "" "" 0.0027698988817040377 0.0028535468 0.003814757 0.006668304 253.67432374875 -40.82267066514 1717.97791 -0.696 -1.1640000000000001 -0.36515625333786006 0.1496249780654908 0.18956654 0.18456653 "" "" 3.2134939745161137 "" 0.6068872077493657 "" 0.97
253.71764392865 -40.75849198353 0.0172 0.0112 2.1105 "" "" 5969668468839060608 1814.07776 0.4955 0.0214 -0.622 -1.423 0.022 0.019 0.834 7470.4 3.5146 11.841064 0.330381 11.948707 11.618325 "" "" 1748.25537 1888.36169 345558.26173 83.696 226950.0 181.65 178580.0 185.0 "" "" 0.0027678408746556545 0.0029223694 0.0039432007 0.0068655703 253.71764392865 -40.75849198353 1814.07776 -0.6219999999999994 -1.423 -0.2911562533378601 -0.10937502193450932 0.18856654 0.18556653 "" "" 2.6743961774321106 "" 0.5033163480984574 "" 0.98
253.54114782158 -40.74769797504 0.0146 0.0091 6.8782 "" "" 5969587104983033856 1553.59607 0.6023 0.018 -0.535 -1.393 0.019 0.015 0.841 13062.2 3.9007 11.957399 0.45254 12.118387 11.665847 "" "" 1506.56897 1608.04663 310446.5325 127.63 194120.0 181.41 170930.0 133.28 "" "" 0.002791241881712945 0.002968932 0.0038730395 0.0068419715 253.54114782158 -40.74769797504 1553.59607 -0.5350000000000004 -1.3929999999999998 -0.20415625333786014 -0.0793750219345093 0.18556653 0.18156654 "" "" 1.6130482053572446 "" 0.2984884605596591 "" 0.99
253.62785589812 -40.72211757537 0.0143 0.0095 2.8913 "" "" 5969680872709765376 1499.75439 0.6281 0.0176 -0.284 -1.26 0.019 0.015 0.831 "" "" 12.20539 0.440739 12.362356 11.921617 -49.57 31.46 1465.28894 1533.37451 247053.4358 45.065 155050.0 88.532 135060.0 40.984 "" "" 0.002762428792333365 0.0028582127 0.0037937153 0.0066519277 253.62785589812 -40.72211757537 1499.75439 -0.284 -1.2600000000000002 0.04684374666213992 0.053624978065490714 0.18556653 0.18156654 -34.01642857142857 32.934624 0.506175810627361 34.020194395481724 0.09278632246890701 32.930978089072326 0.99
253.73675076265 -40.80137420027 0.0172 0.0105 4.7739 "" "" 5969668090881942016 1710.15601 0.5469 0.0219 -0.639 -1.253 0.023 0.019 0.851 7512.5 3.5509 12.29071 0.300116 12.392216 12.0921 "" "" 1629.81689 1775.34741 228382.61597 58.13 150840.0 94.215 115430.0 37.729 "" "" 0.002769144176055066 0.0028714002 0.0037960066 0.0066674068 253.73675076265 -40.80137420027 1710.15601 -0.6389999999999998 -1.2529999999999997 -0.3081562533378601 0.06062497806549083 0.18956654 0.18556653 "" "" 2.5458397307729057 "" 0.4822304248951255 "" 0.97
253.60792738069 -40.74409210462 0.0134 0.0084 3.8543 "" "" 5969680735270812288 1698.45752 0.5531 0.0162 -0.51 -1.357 0.017 0.013 0.826 "" "" 12.405245 0.399404 12.543142 12.143739 "" "" 1656.54663 1744.55627 205517.48118 37.54 131270.0 82.274 110070.0 86.734 "" "" 0.002762448339071177 0.002871953 0.0038750083 0.0067469613 253.60792738069 -40.74409210462 1698.45752 -0.51 -1.3570000000000013 -0.17915625333786012 -0.04337502193450926 0.18356654 0.17956653 "" "" 1.4840010550959184 "" 0.27208764743927866 "" 0.98
253.62076439248 -40.7408551426 0.0147 0.0094 3.2428 "" "" 5969680773943495552 1675.30042 0.5594 0.0183 -0.314 -1.302 0.019 0.015 0.912 "" "" 12.44345 0.368345 12.567973 12.199628 "" "" 1621.27222 1735.1366 198411.39784 43.199 128300.0 90.66 104550.0 47.524 "" "" 0.002765442139296225 0.002893727 0.0038114693 0.0067051966 253.62076439248 -40.7408551426 1675.30042 -0.3140000000000005 -1.302 0.01684374666213989 0.011624978065490676 0.18556653 0.18156654 "" "" 0.16251793394213587 "" 0.029949689407075195 "" 0.99
253.55352505451 -40.74206499067 0.0142 0.009 6.275 "" "" 5969587212392955392 1662.38062 0.5683 0.0172 -0.374 -1.543 0.019 0.014 0.937 "" "" 12.586296 0.457599 12.749145 12.291546 "" "" 1616.35205 1720.58081 173951.54612 34.074 108580.0 53.704 96059.0 42.716 "" "" 0.00276351598986911 0.0028413776 0.0038100963 0.006651474 253.55352505451 -40.74206499067 1662.38062 -0.37399999999999983 -1.5429999999999997 -0.04315625333786011 -0.2293750219345092 0.18556653 0.18056653 "" "" 1.83911495072738 "" 0.3324012008735547 "" 0.99
253.66240579563 -40.77978543397 0.0164 0.0105 3.2563 "" "" 5969679743151226496 1549.31213 0.6133 0.0205 -0.534 -1.481 0.019 0.016 0.916 7337.3 3.7414 12.620576 0.358943 12.746219 12.387276 "" "" 1512.02637 1597.20508 168545.1986 41.008 108880.0 55.291 87952.0 52.416 "" "" 0.0027679546505064807 0.0028441236 0.0038343722 0.0066784956 253.66240579563 -40.77978543397 1549.31213 -0.5339999999999996 -1.4809999999999977 -0.20315625333786014 -0.16737502193450937 0.18556653 0.18256654 "" "" 1.9330483046657714 "" 0.3563756982316193 "" 0.97
253.73825968352 -40.79265868901 0.0149 0.0094 4.344 "" "" 5969668163919288576 1547.23962 0.6242 0.0186 -0.294 -1.265 0.02 0.017 0.882 6099.6 3.1547 12.787996 1.098469 13.249282 12.150813 "" "" 1500.46606 1595.48438 144460.25532 33.119 68502.0 69.869 109350.0 84.788 "" "" 0.0027665409220274093 0.0030018976 0.0038720092 0.0068739066 253.73825968352 -40.79265868901 1547.23962 -0.2939999999999996 -1.265 0.03684374666213991 0.04862497806549082 0.18656653 0.18356654 "" "" 0.4474199673789622 "" 0.08262341964503127 "" 0.99
253.76204770749 -40.61046157358 0.0138 0.0098 7.869 "" "" 5969682766808402560 1810.15344 0.5361 0.0164 -0.849 -1.628 0.019 0.016 0.962 "" "" 12.864378 1.936156 13.829839 11.893683 -30.17 0.75 1758.80737 1871.54102 134646.70131 23.221 40131.0 26.893 138580.0 37.384 "" "" 0.0027616752122830014 0.002883475 0.003790714 0.006674189 253.76204770749 -40.61046157358 1810.15344 -0.8489999999999999 -1.6279999999999992 -0.5181562533378601 -0.31437502193450917 0.18556653 0.18256654 -14.616428571428573 2.2246237 5.200134484717074 15.513909334620246 0.9607983355395878 2.120527252951513 0.87
253.69310312022 -40.75665948638 0.0182 0.0122 1.6098 "" "" 5969680185509843840 1446.71179 0.6625 0.022 -0.276 -1.277 0.023 0.019 0.884 "" "" 12.928473 0.373323 13.059738 12.686416 "" "" 1405.6687 1493.00562 126927.93606 60.902 81568.0 140.67 66772.0 83.546 "" "" 0.0028041365088917656 0.0033602156 0.004016119 0.0073763346 253.69310312022 -40.75665948638 1446.71179 -0.27599999999999997 -1.277 0.05484374666213987 0.03662497806549081 0.18956654 0.18556653 "" "" 0.45223724689959555 "" 0.08517522897582532 "" 0.97
253.80256019074 -40.74964646104 0.0155 0.0106 5.2255 "" "" 5969669018595006976 1610.57507 0.592 0.0184 -0.253 -0.981 0.021 0.019 0.832 9389.8 3.9815 12.95553 0.633623 13.195711 12.562088 "" "" 1567.88464 1669.91797 123803.97277 32.444 71967.0 46.037 74873.0 46.682 "" "" 0.002769972067231871 0.0028753148 0.0038395275 0.0067148423 253.80256019074 -40.74964646104 1610.57507 -0.253 -0.981 0.07784374666213989 0.33262497806549074 0.18756653 0.18556653 "" "" 2.607911970134588 "" 0.4842133913574398 "" 0.95
253.6259924808 -40.73906121498 0.0161 0.0109 2.9888 "" "" 5969680773944147328 1405.14404 0.6776 0.0194 -0.265 -1.491 0.021 0.017 0.795 "" "" 12.969686 0.433305 13.126182 12.692877 "" "" 1369.73669 1436.35034 122200.21408 45.191 76726.0 54.087 66375.0 44.929 "" "" 0.002784421948254905 0.0028932418 0.0038501753 0.006743417 253.6259924808 -40.73906121498 1405.14404 -0.2649999999999999 -1.491 0.06584374666213988 -0.17737502193450938 0.18756653 0.18356654 "" "" 1.2601559870157502 "" 0.23193877247197378 "" 0.99
253.71121364786 -40.78882833012 0.015 0.0094 3.6579 "" "" 5969667987802823808 1516.90833 0.6204 0.0186 -0.227 -1.257 0.02 0.017 0.871 "" "" 13.03585 0.410809 13.182547 12.771738 "" "" 1467.88782 1555.92224 114975.96852 41.666 72845.0 41.376 61725.0 29.722 "" "" 0.002783271287227795 0.0028575102 0.0038153708 0.006672881 253.71121364786 -40.78882833012 1516.90833 -0.227 -1.257 0.10384374666213989 0.05662497806549083 0.18656653 0.18356654 "" "" 0.8504429144077467 "" 0.15808307745664923 "" 0.99
