Clusters/ESO_332_08/ESO_332_08_stars_in_region.tsv
# %ECSV 1.0
# ---
# datatype:
# - name: RA_ICRS_1
#   unit: deg
#   datatype: float64
#   format: '{:15.11f}'
#   description: Right ascension (ICRS) at Ep=2016.0 (ra)
#   meta: !!omap
#   - {ucd: POS_EQ_RA_MAIN}
#   - {width: 15}
#   - {precision: '11'}
# - name: DE_ICRS_1
#   unit: deg
#   datatype: float64
#   format: '{:15.11f}'
#   description: Declination (ICRS) at Ep=2016.0 (dec)
#   meta: !!omap
#   - {ucd: POS_EQ_DEC_MAIN}
#   - {width: 15}
#   - {precision: '11'}
# - name: e_RA_ICRS
#   unit: mas
#   datatype: float64
#   format: '{:7.4f}'
#   description: Standard error of right ascension (ra_error)
#   meta: !!omap
#   - {ucd: ERROR}
#   - {width: 7}
#   - {precision: '4'}
# - name: e_DE_ICRS
#   unit: mas
#   datatype: float64
#   format: '{:7.4f}'
#   description: Standard error of declination (dec_error)
#   meta: !!omap
#   - {ucd: ERROR}
#   - {width: 7}
#   - {precision: '4'}
# - name: _r_1
#   unit: ''
#   datatype: float64
#   format: '{:7.4f}'
#   description: Distance from center (253.69060979000-40.72989540000)[ICRS], at Epoch=J2016.0
#   meta: !!omap
#   - {ucd: POS_ANG_DIST_GENERAL}
#   - {width: 7}
#   - {precision: '4'}
# - name: HIP
#   datatype: int32
#   description: '? HIP cross-id number, van Leeuwen, Cat. I/311 (hip_original_ext_source_id)'
#   meta: !!omap
#   - {ucd: ID_NUMBER}
#   - {width: 6}
#   - values: {'null': -2147483648}
# - name: TYC2
#   datatype: string
#   description: Tycho-2 cross-id name, Hog et al., Cat. I/259 (tyc2_original_ext_source_id)
#   meta: !!omap
#   - {ucd: ID_CROSSID}
#   - {_votable_string_dtype: char}
# - name: Source
#   datatype: int64
#   description: Source identifier, identical to the Gaia-EDR3 source_id (id)
#   meta: !!omap
#   - {ucd: ID_MAIN}
#   - {width: 19}
# - name: rgeo
#   unit: pc
#   datatype: float64
#   format: '{:15.8f}'
#   description: '? Median of the geometric distance posterior (r_med_geo)'
#   meta: !!omap
#   - {ucd: PHYS_DISTANCE_TRUE}
#   - {width: 15}
#   - {precision: '8'}
#   - values: {'null': .nan}
# - name: Plx
#   unit: mas
#   datatype: float64
#   format: '{:9.4f}'
#   description: '? Parallax (parallax)'
#   meta: !!omap
#   - {ucd: POS_PARLX_TRIG}
#   - {width: 9}
#   - {precision: '4'}
#   - values: {'null': .nan}
# - name: e_Plx
#   unit: mas
#   datatype: float32
#   format: '{:7.4f}'
#   description: '? Standard error of parallax (parallax_error)'
#   meta: !!omap
#   - {ucd: ERROR}
#   - {width: 7}
#   - {precision: '4'}
#   - values: {'null': .nan}
# - name: pmRA
#   unit: mas / yr
#   datatype: float64
#   format: '{:9.3f}'
#   description: '? Proper motion in right ascension direction, pmRA*cosDE (pmra)'
#   meta: !!omap
#   - {ucd: POS_EQ_PMRA}
#   - {width: 9}
#   - {precision: '3'}
#   - values: {'null': .nan}
# - name: pmDE
#   unit: mas / yr
#   datatype: float64
#   format: '{:9.3f}'
#   description: '? Proper motion in declination direction (pmdec)'
#   meta: !!omap
#   - {ucd: POS_EQ_PMDEC}
#   - {width: 9}
#   - {precision: '3'}
#   - values: {'null': .nan}
# - name: e_pmRA
#   unit: mas / yr
#   datatype: float32
#   format: '{:6.3f}'
#   description: '? Standard error of proper motion in right ascension direction (pmra_error)'
#   meta: !!omap
#   - {ucd: ERROR}
#   - {width: 6}
#   - {precision: '3'}
#   - values: {'null': .nan}
# - name: e_pmDE
[...]
#         value: !astropy.table.SerializedColumn {name: SkyCoord.dec}
#       distance: !astropy.table.SerializedColumn
#         __class__: astropy.coordinates.distances.Distance
#         unit: !astropy.units.Unit {unit: pc}
#         value: !astropy.table.SerializedColumn {name: SkyCoord.distance}
#       frame: icrs
#       obstime: !astropy.time.Time {format: jyear_str, in_subfmt: '*', jd1: 367701545.0, jd2: 0.0, out_subfmt: '*', precision: 3, scale: tt}
#       pm_dec: !astropy.table.SerializedColumn
#         __class__: astropy.units.quantity.Quantity
#         unit: !astropy.units.Unit {unit: mas / yr}
#         value: !astropy.table.SerializedColumn {name: SkyCoord.pm_dec}
#       pm_ra_cosdec: !astropy.table.SerializedColumn
#         __class__: astropy.units.quantity.Quantity
#         unit: !astropy.units.Unit {unit: mas / yr}
#         value: !astropy.table.SerializedColumn {name: SkyCoord.pm_ra_cosdec}
#       ra: !astropy.table.SerializedColumn
#         __class__: astropy.coordinates.angles.Longitude
#         unit: *id001
#         value: !astropy.table.SerializedColumn {name: SkyCoord.ra}
#         wrap_angle: !astropy.coordinates.Angle
#           unit: *id001
#           value: 360.0
#       representation_type: spherical
# schema: astropy-2.0
RA_ICRS_1 DE_ICRS_1 e_RA_ICRS e_DE_ICRS _r_1 HIP TYC2 Source rgeo Plx e_Plx pmRA pmDE e_pmRA e_pmDE RUWE Teff logg Gmag BP-RP BPmag RPmag RV e_RV b_rgeo B_rgeo FG e_FG FBP e_FBP FRP e_FRP RAVE5 RAVE6 e_Gmag e_BPmag e_RPmag e_BP-RP SkyCoord.ra SkyCoord.dec SkyCoord.distance SkyCoord.pm_ra_cosdec SkyCoord.pm_dec rmRA rmDE e_rmRA e_rmDE rRV e_rRV v_pec v_pec3d e_vpec e_vpec3d
[from data line 3732]
254.06057544333 -40.78793532615 0.0703 0.0431 17.1709 "" "" 5966668524389244800 1830.83679 0.5443 0.0736 -0.578 -1.605 0.098 0.072 1.017 4656.5 4.308 16.97644 1.75305 17.819006 16.065956 "" "" 1613.76379 2070.0625 3050.49681 6.297 1018.2 12.88 2970.1 18.545 "" "" 0.003551749486438183 0.014014866 0.0077615473 0.021776414 254.06057544333 -40.78793532615 1830.83679 -0.578 -1.605 -0.24715625333786007 -0.29137502193450926 0.26456654 0.23856653 "" "" 3.3157593833860664 "" 0.8281954392016393 ""
254.0724934559 -40.55238993406 0.0671 0.0444 20.3892 "" "" 5969675070226762880 1694.07361 0.5757 0.0658 3.037 -6.447 0.082 0.068 0.983 5924.6 4.5955 16.97692 1.51202 17.671469 16.159449 "" "" 1496.89185 1968.1283 3049.15188 2.0145 1166.4 7.578 2725.1 9.7266 "" "" 0.0028471628519539725 0.0075857127 0.0054130866 0.012998799 254.0724934559 -40.55238993406 1694.07361 3.037000000000001 -6.447000000000003 3.36784374666214 -5.133375021934509 0.24856654 0.23456654 "" "" 49.2999202807378 "" 11.776053172780523 ""
253.94425037012 -41.08263871066 0.0728 0.0466 24.088 "" "" 5966655364609149312 1458.57434 0.6933 0.0833 -1.415 -1.898 0.095 0.073 0.96 4578.3 4.4785 16.97698 1.731758 17.810028 16.07827 "" "" 1278.92383 1692.94702 3048.98205 9.6607 1026.6 13.721 2936.6 28.188 "" "" 0.004407545306707492 0.014777188 0.011085944 0.025863133 253.94425037012 -41.08263871066 1458.57434 -1.4150000000000003 -1.8980000000000015 -1.0841562533378601 -0.5843750219345092 0.26156652 0.23956653 "" "" 8.514983371102472 "" 2.1864618079360225 ""
254.07454579361 -40.64630548889 0.0664 0.0437 18.1734 "" "" 5969673524016212224 1895.77722 0.5393 0.0707 -2.373 -2.236 0.084 0.068 1.016 4993.6 4.6721 16.977903 1.376314 17.601917 16.225603 "" "" 1652.98181 2186.03979 3046.38989 2.0862 1243.5 10.316 2564.0 13.993 "" "" 0.0028538774962153695 0.009429459 0.0070280866 0.016457547 254.07454579361 -40.64630548889 1895.77722 -2.373 -2.2360000000000007 -2.0421562533378603 -0.9223750219345095 0.25056654 0.23456654 "" "" 20.135779372007335 "" 4.99222769388554 ""
253.82365566343 -40.8571545643 0.0802 0.0486 9.7378 "" "" 5969664105152344704 1963.71716 0.5716 0.0907 2.126 0.201 0.094 0.078 0.986 4759.2 4.7706 16.978987 1.398356 17.583567 16.185211 "" "" 1605.85303 2604.43604 3043.35345 2.3035 1264.7 10.644 2661.2 20.576 "" "" 0.0028752610231534016 0.00955429 0.009206277 0.018760568 253.82365566343 -40.8571545643 1963.71716 2.126 0.20100000000000012 2.45684374666214 1.5146249780654908 0.26056653 0.24456653 "" "" 26.864836986808637 "" 6.884380528114905 ""
253.35550192114 -40.8227885646 0.0772 0.0501 16.214 "" "" 5969588586782814976 1355.1626 0.7268 0.0823 0.697 -2.747 0.112 0.088 1.101 4823.7 4.6532 16.979033 1.566084 17.68786 16.121777 "" "" 1229.19324 1505.03687 3043.221 2.6479 1148.9 7.5285 2821.3 10.136 "" "" 0.0029127720928837563 0.007642159 0.0054313093 0.013073469 253.35550192114 -40.8227885646 1355.1626 0.6969999999999998 -2.746999999999997 1.02784374666214 -1.4333750219345092 0.27856654 0.25456655 "" "" 11.32978372763454 "" 2.979306652709712 ""
253.71040052507 -41.14777580638 0.084 0.0482 25.0889 "" "" 5966563452315410176 1739.18262 0.5813 0.0812 -7.832 -4.041 0.113 0.083 1.005 4803.0 4.3538 16.979395 1.678326 17.7628 16.084475 "" "" 1515.73462 2025.66968 3042.20638 2.4189 1072.3 9.8917 2919.9 10.674 "" "" 0.0028873947037183633 0.010397027 0.00548059 0.015877618 253.71040052507 -41.14777580638 1739.18262 -7.831999999999997 -4.041 -7.50115625333786 -2.7273750219345096 0.27956653 0.24956653 "" "" 65.79811063208548 "" 18.175521058914317 ""
254.04183084783 -40.80085613543 0.0741 0.0458 16.5188 "" "" 5966668490029505664 1619.97546 0.6081 0.0776 -2.82 -4.282 0.102 0.072 1.029 "" "" 16.97987 1.615107 17.698008 16.082901 "" "" 1463.59644 1841.76428 3040.87795 2.3548 1138.2 9.2624 2924.1 10.491 "" "" 0.002880744779447435 0.009265551 0.0054274905 0.014693042 254.04183084783 -40.80085613543 1619.97546 -2.82 -4.282 -2.48915625333786 -2.9683750219345093 0.26856655 0.23856653 "" "" 29.74650019640635 "" 7.477875574709464 ""
253.88827400507 -40.73368286432 0.0645 0.0443 8.9899 "" "" 5969669332150333952 1652.4386 0.6134 0.0763 -1.03 -6.409 0.083 0.071 0.952 5190.2 4.6106 16.980246 1.496561 17.686676 16.190115 "" "" 1454.44934 1979.73425 3039.82503 1.9375 1150.1 6.7917 2649.2 10.769 "" "" 0.002840893946476373 0.0069924113 0.005810583 0.012802994 253.88827400507 -40.73368286432 1652.4386 -1.0299999999999996 -6.408999999999997 -0.6991562533378601 -5.095375021934509 0.24956653 0.23756653 "" "" 40.28377752095245 "" 9.579231700855713 ""
253.55465415734 -40.69577728081 0.065 0.0406 6.5132 "" "" 5969684102525182976 1364.68835 0.7309 0.0753 1.39 -3.042 0.083 0.065 0.955 4707.9 4.39 16.980722 1.430956 17.644121 16.213165 "" "" 1223.00342 1524.39514 3038.49183 1.9706 1196.1 6.1546 2593.5 8.2442 "" "" 0.0028438733309967567 0.0062447144 0.005118145 0.01136286 253.55465415734 -40.69577728081 1364.68835 1.39 -3.042 1.7208437466621398 -1.728375021934509 0.24956653 0.23156653 "" "" 15.776788510565405 "" 3.797402706957208 ""
253.69401480222 -41.05614835111 0.0729 0.0464 19.5758 "" "" 5969568589415261568 1975.4364 0.5123 0.0819 -1.934 -3.873 0.108 0.084 0.988 5127.2 4.6764 16.981344 1.529894 17.690195 16.160301 "" "" 1687.255 2432.91602 3036.75217 2.2505 1146.4 6.5055 2722.9 13.481 "" "" 0.0028704027841562185 0.006763582 0.0065710866 0.013334669 253.69401480222 -41.05614835111 1975.4364 -1.933999999999999 -3.8730000000000024 -1.60315625333786 -2.5593750219345095 0.27456653 0.25056654 "" "" 28.27814824394467 "" 7.283207208111858 ""
254.16746197317 -40.72712872607 0.0651 0.0424 21.6824 "" "" 5966670444228019200 1653.63953 0.5815 0.0681 1.61 1.618 0.087 0.064 1.035 5321.2 4.4883 16.981632 1.415825 17.609205 16.19338 "" "" 1481.58813 1868.27551 3035.94268 1.9518 1235.2 8.2582 2641.2 11.21 "" "" 0.0028423612153423696 0.0077767 0.0059597795 0.013736479 254.16746197317 -40.72712872607 1653.63953 1.6099999999999999 1.6179999999999994 1.94084374666214 2.931624978065491 0.25356653 0.23056653 "" "" 27.55822559337481 "" 6.553652377103245 ""
253.54695800511 -40.53035832457 0.0739 0.0458 13.6427 "" "" 5969733099512164480 1839.08081 0.5463 0.0843 -3.68 -5.595 0.099 0.077 1.065 5463.7 4.6957 16.98181 1.617949 17.740662 16.122713 "" "" 1611.93835 2136.82251 3035.45035 1.9081 1094.3 7.2126 2818.9 9.739 "" "" 0.002838590301225003 0.0076808594 0.005324895 0.013005754 253.54695800511 -40.53035832457 1839.08081 -3.6799999999999993 -5.595 -3.3491562533378603 -4.281375021934509 0.26556653 0.24356654 "" "" 47.38446649000963 "" 11.947731106215636 ""
254.0588557351 -40.92951015356 0.0663 0.0438 20.5655 "" "" 5966660960940043776 1681.4281 0.5983 0.0716 -1.581 -3.727 0.089 0.069 1.019 5168.0 4.6728 16.982035 1.532183 17.680769 16.148586 "" "" 1495.35974 1879.19458 3034.81913 2.1203 1156.4 5.7313 2752.5 8.0342 "" "" 0.0028578312853864344 0.0060614403 0.0049322504 0.010993691 254.0588557351 -40.92951015356 1681.4281 -1.581 -3.7270000000000003 -1.25015625333786 -2.413375021934509 0.25556654 0.23556653 "" "" 21.662003358110343 "" 5.1975143340540715 ""
253.4498901656 -40.56921766722 0.072 0.0412 14.5953 "" "" 5969732760231626112 1694.33521 0.6069 0.0827 -2.159 -0.821 0.097 0.072 1.021 5046.0 4.339 16.983719 1.752655 17.842428 16.089773 "" "" 1462.76392 2002.37683 3030.11335 2.0422 996.43 9.3762 2905.7 9.9333 "" "" 0.0028508331872413176 0.010590703 0.005297176 0.015887879 253.4498901656 -40.56921766722 1694.33521 -2.159 -0.8210000000000002 -1.82815625333786 0.49262497806549077 0.26356655 0.23856653 "" "" 15.205903932188217 "" 3.983178220106293 ""
253.53400541844 -40.8535693973 0.0744 0.0444 10.2795 "" "" 5969585455716498816 1909.13586 0.5332 0.0765 -1.07 -3.324 0.096 0.073 0.971 4962.0 3.7081 16.98393 2.373989 18.249985 15.875996 "" "" 1724.56787 2266.36597 3029.52555 1.898 684.58 7.5324 3538.0 8.4237 "" "" 0.0028380417775497927 0.012267809 0.004578889 0.016846698 253.53400541844 -40.8535693973 1909.13586 -1.0700000000000003 -3.324 -0.7391562533378602 -2.010375021934509 0.26256654 0.23956653 "" "" 19.383177550549185 "" 4.698868904449565 ""
253.41159891994 -40.98663920916 0.0927 0.054 19.9403 "" "" 5969578072702274048 1646.49011 0.6483 0.0961 1.487 -0.089 0.143 0.092 1.289 "" "" 16.98416 1.576931 17.371202 15.794271 "" "" 1410.16553 1939.00122 3028.88557 3.7079 1537.9 19.353 3814.6 61.608 "" "" 0.0030591489341596314 0.013944937 0.017937932 0.031882867 253.41159891994 -40.98663920916 1646.49011 1.487 -0.089 1.81784374666214 1.2246249780654908 0.30956656 0.25856653 "" "" 17.106092651873364 "" 5.039381483363344 ""
253.77103581997 -40.5401144769 0.0636 0.044 11.9612 "" "" 5969689600078472448 2013.30859 0.5138 0.0717 -3.314 -2.633 0.086 0.07 1.064 8592.2 4.2426 16.984741 1.702221 17.785538 16.083317 "" "" 1723.4054 2356.34546 3027.26292 2.038 1050.0 5.3064 2923.0 9.0511 "" "" 0.002850623511767958 0.0061556655 0.0050583323 0.011213997 253.77103581997 -40.5401144769 2013.30859 -3.313999999999998 -2.6329999999999982 -2.98315625333786 -1.3193750219345093 0.25256655 0.23656654 "" "" 31.128552359939725 "" 7.7827274993787094 ""
254.0715402794 -40.68815813713 0.0753 0.047 17.5055 "" "" 5969673317879880192 1645.71973 0.5971 0.0712 -0.187 -1.269 0.095 0.071 1.065 4654.6 4.227 16.985176 2.033661 17.99621 15.962549 "" "" 1477.16467 1981.0542 3026.05096 31.032 864.83 34.093 3266.9 99.175 "" "" 0.01147002631480517 0.042892326 0.03317624 0.076068565 254.0715402794 -40.68815813713 1645.71973 -0.18700000000000003 -1.2690000000000001 0.1438437466621399 0.04462497806549082 0.26156652 0.23756653 "" "" 1.174840301167188 "" 0.3049278451830937 ""
253.93319451689 -40.7686054315 0.0741 0.0479 11.2685 "" "" 5969666102334830720 1740.42407 0.5862 0.0835 -4.887 -2.271 0.093 0.078 1.052 5378.0 4.7202 16.985561 1.549627 17.693663 16.144035 "" "" 1530.96973 2112.03979 3024.97897 2.2359 1142.8 9.3422 2764.0 7.2682 "" "" 0.0028698123745585693 0.009303941 0.0047365613 0.014040503 253.93319451689 -40.7686054315 1740.42407 -4.887 -2.270999999999999 -4.55615625333786 -0.9573750219345092 0.25956655 0.24456653 "" "" 38.40734135883324 "" 9.945574946547744 ""
253.87376864109 -40.54903380144 0.0606 0.0419 13.6858 "" "" 5969688981603174784 1815.20532 0.5261 0.065 -6.759 -6.128 0.083 0.071 1.045 4796.5 4.356 16.985685 1.58264 17.717175 16.134535 "" "" 1647.8269 2055.81421 3024.63506 1.9361 1118.3 8.8999 2788.3 6.621 "" "" 0.0028416195538019705 0.009080061 0.004574996 0.013655057 253.87376864109 -40.54903380144 1815.20532 -6.759 -6.128 -6.4281562533378604 -4.814375021934509 0.24956653 0.23756653 "" "" 69.10061833518868 "" 16.95189078226684 ""
253.52588731284 -40.65605788032 0.075 0.0454 8.7053 "" "" 5969685133317346176 1917.13477 0.5246 0.0866 -4.361 -12.631 0.101 0.077 1.055 4694.2 4.4096 16.985687 1.331911 17.588272 16.256361 "" "" 1603.91052 2360.70386 3024.62732 1.9828 1259.2 10.703 2492.4 8.5641 "" "" 0.002845766417883756 0.009641153 0.0053105294 0.014951682 253.52588731284 -40.65605788032 1917.13477 -4.361000000000002 -12.631000000000004 -4.03015625333786 -11.31737502193451 0.26756653 0.24356654 "" "" 109.169664195063 "" 26.897684780663397 ""
253.490767523 -40.87935449752 0.1204 0.0705 12.759 "" "" 5969584669744124416 1891.18762 0.6438 0.1338 0.211 -2.425 0.162 0.125 1.764 "" "" 16.986254 2.119975 17.862478 15.742503 "" "" 1446.10889 3274.40137 3023.04976 3.9708 978.2 9.0932 4000.9 97.358 "" "" 0.0031025177763402112 0.010471412 0.02668928 0.03716069 253.490767523 -40.87935449752 1891.18762 0.2109999999999997 -2.425000000000001 0.5418437466621399 -1.111375021934509 0.32856655 0.29156655 "" "" 11.083605589632395 "" 3.314305768120333 ""
254.10962820936 -40.52929907684 0.0663 0.0421 22.5593 "" "" 5969698606650665088 1839.63367 0.548 0.0654 2.198 1.455 0.085 0.066 0.963 8396.1 4.2851 16.986734 1.638754 17.751032 16.112278 "" "" 1660.3728 2082.04443 3021.71275 1.8509 1083.9 11.256 2846.1 8.2423 "" "" 0.0028344453645203866 0.01161517 0.0049163285 0.0165315 254.10962820936 -40.52929907684 1839.63367 2.198 1.455 2.52884374666214 2.768624978065491 0.25156653 0.23256654 "" "" 32.696971211777246 "" 7.892845078079338 ""
253.4735833912 -40.55385380198 0.0728 0.0419 14.4636 "" "" 5969732824634244992 1740.45776 0.5876 0.0818 -1.285 0.968 0.091 0.068 1.003 4918.2 4.3703 16.986874 1.619608 17.739511 16.119904 "" "" 1514.0271 2001.70239 3021.32511 1.9219 1095.5 6.7882 2826.2 10.891 "" "" 0.002840560858576427 0.007283336 0.0056382073 0.012921544 253.4735833912 -40.55385380198 1740.45776 -1.285 0.9679999999999997 -0.95415625333786 2.2816249780654907 0.25756654 0.23456654 "" "" 20.402510796521156 "" 4.858468422771739 ""
253.81703404344 -40.84570096447 0.0781 0.05 9.0146 "" "" 5969664173871826432 2023.40466 0.5117 0.0904 -3.974 1.125 0.094 0.08 1.04 4858.3 4.5427 16.987179 1.670385 17.721832 16.051447 "" "" 1704.49097 2478.0249 3020.4728 2.4405 1113.5 11.246 3010.1 47.958 "" "" 0.0028916040471044287 0.011315003 0.017706392 0.029021395 253.81703404344 -40.84570096447 2023.40466 -3.9739999999999998 1.125 -3.6431562533378603 2.4386249780654907 0.26056653 0.24656653 "" "" 42.046698033458426 "" 10.777256750860921 ""
253.61718763807 -40.97868774658 0.0741 0.0449 15.2949 "" "" 5969570749743238528 2001.72461 0.5173 0.0831 -2.103 -3.985 0.107 0.078 1.028 4908.5 4.425 16.987686 1.417408 17.63235 16.214943 "" "" 1687.4491 2453.87769 3019.0629 2.3118 1209.1 10.021 2589.3 8.4507 "" "" 0.002878018598961549 0.009421209 0.005180757 0.014601966 253.61718763807 -40.97868774658 2001.72461 -2.1029999999999984 -3.9849999999999994 -1.7721562533378603 -2.671375021934509 0.27356654 0.24456653 "" "" 30.416640758035445 "" 7.71915519265513 ""
254.16813836256 -40.56455573868 0.1012 0.0687 23.8956 "" "" 5969697541479213824 1502.26355 0.6876 0.1136 1.617 0.276 0.135 0.11 1.63 5098.2 4.7231 16.98816 1.551037 17.671087 16.12005 "" "" 1329.79956 1744.16638 3017.74835 4.4201 1166.8 8.5954 2825.8 9.1851 "" "" 0.0031813169681043883 0.008470936 0.005170922 0.013641858 254.16813836256 -40.56455573868 1502.26355 1.617 0.27600000000000013 1.9478437466621399 1.5896249780654907 0.30156654 0.27656654 "" "" 17.902655888252582 "" 5.224523259765093 ""
253.96412885372 -40.64090865247 0.0729 0.0488 13.5416 "" "" 5969675821824118016 1830.30347 0.5329 0.0756 0.014 -1.814 0.092 0.076 1.075 9312.9 4.0959 16.988363 1.987354 17.962334 15.974979 "" "" 1628.06165 2102.08179 3017.18297 2.391 892.24 5.8559 3229.7 10.454 "" "" 0.0028865349150159806 0.007652626 0.005160849 0.012813475 253.96412885372 -40.64090865247 1830.30347 0.01399999999999968 -1.814 0.3448437466621399 -0.5003750219345093 0.25856653 0.24256653 "" "" 5.272136104509761 "" 1.3066015587573618 ""
253.65756924671 -41.09120419962 0.1393 0.0864 21.7302 "" "" 5969566974479901568 1465.42944 0.7655 0.1672 -4.676 -2.968 0.225 0.161 1.782 "" "" 16.988554 1.852315 17.547375 15.69506 "" "" 1193.3562 1937.09912 3016.65182 9.2521 1307.6 14.299 4179.6 25.317 "" "" 0.0043220879674697775 0.012196297 0.007585214 0.019781511 253.65756924671 -41.09120419962 1465.42944 -4.676 -2.968 -4.34515625333786 -1.6543750219345092 0.39156651 0.32756653 "" "" 32.29567575781037 "" 12.403272097413582 ""
253.61366247579 -40.34244426324 0.0646 0.044 23.5104 "" "" 5969742415318314880 1570.42688 0.6304 0.0774 0.411 -2.698 0.088 0.069 0.985 4614.5 4.3884 16.988747 1.399643 17.61852 16.218878 "" "" 1394.08118 1776.04749 3016.11857 2.2142 1224.6 7.9939 2579.9 9.302 "" "" 0.00286829201542902 0.00761687 0.005441374 0.013058244 253.61366247579 -40.34244426324 1570.42688 0.411 -2.698 0.7418437466621399 -1.3843750219345092 0.25456655 0.23556653 "" "" 11.69136854462764 "" 2.8051770015437723 ""
