Clusters/ESO_332_08/ESO_332_08_members.tsv
# %ECSV 1.0
# ---
# datatype:
# - name: RA_ICRS_1
#   unit: deg
#   datatype: float64
#   format: '{:15.11f}'
#   description: Right ascension (ICRS) at Ep=2016.0 (ra)
#   meta: !!omap
#   - {ucd: POS_EQ_RA_MAIN}
#   - {width: 15}
#   - {precision: '11'}
# - name: DE_ICRS_1
#   unit: deg
#   datatype: float64
#   format: '{:15.11f}'
#   description: Declination (ICRS) at Ep=2016.0 (dec)
#   meta: !!omap
#   - {ucd: POS_EQ_DEC_MAIN}
#   - {width: 15}
#   - {precision: '11'}
# - name: e_RA_ICRS
#   unit: mas
#   datatype: float64
#   format: '{:7.4f}'
#   description: Standard error of right ascension (ra_error)
#   meta: !!omap
#   - {ucd: ERROR}
#   - {width: 7}
#   - {precision: '4'}
# - name: e_DE_ICRS
#   unit: mas
#   datatype: float64
#   format: '{:7.4f}'
#   description: Standard error of declination (dec_error)
#   meta: !!omap
#   - {ucd: ERROR}
#   - {width: 7}
#   - {precision: '4'}
# - name: _r_1
#   unit: ''
#   datatype: float64
#   format: '{:7.4f}'
#   description: Distance from center (253.69060979000-40.72989540000)[ICRS], at Epoch=J2016.0
#   meta: !!omap
#   - {ucd: POS_ANG_DIST_GENERAL}
#   - {width: 7}
#   - {precision: '4'}
# - name: HIP
#   datatype: int32
#   description: '? HIP cross-id number, van Leeuwen, Cat. I/311 (hip_original_ext_source_id)'
#   meta: !!omap
#   - {ucd: ID_NUMBER}
#   - {width: 6}
#   - values: {'null': -2147483648}
# - name: TYC2
#   datatype: string
#   description: Tycho-2 cross-id name, Hog et al., Cat. I/259 (tyc2_original_ext_source_id)
#   meta: !!omap
#   - {ucd: ID_CROSSID}
#   - {_votable_string_dtype: char}
# - name: Source
#   datatype: int64
#   description: Source identifier, identical to the Gaia-EDR3 source_id (id)
#   meta: !!omap
#   - {ucd: ID_MAIN}
#   - {width: 19}
# - name: rgeo
#   unit: pc
#   datatype: float64
#   format: '{:15.8f}'
#   description: '? Median of the geometric distance posterior (r_med_geo)'
#   meta: !!omap
#   - {ucd: PHYS_DISTANCE_TRUE}
#   - {width: 15}
#   - {precision: '8'}
#   - values: {'null': .nan}
# - name: Plx
#   unit: mas
#   datatype: float64
#   format: '{:9.4f}'
#   description: '? Parallax (parallax)'
#   meta: !!omap
#   - {ucd: POS_PARLX_TRIG}
#   - {width: 9}
#   - {precision: '4'}
#   - values: {'null': .nan}
# - name: e_Plx
#   unit: mas
#   datatype: float32
#   format: '{:7.4f}'
#   description: '? Standard error of parallax (parallax_error)'
#   meta: !!omap
#   - {ucd: ERROR}
#   - {width: 7}
#   - {precision: '4'}
#   - values: {'null': .nan}
# - name: pmRA
#   unit: mas / yr
#   datatype: float64
#   format: '{:9.3f}'
#   description: '? Proper motion in right ascension direction, pmRA*cosDE (pmra)'
#   meta: !!omap
#   - {ucd: POS_EQ_PMRA}
#   - {width: 9}
#   - {precision: '3'}
#   - values: {'null': .nan}
# - name: pmDE
#   unit: mas / yr
#   datatype: float64
#   format: '{:9.3f}'
#   description: '? Proper motion in declination direction (pmdec)'
#   meta: !!omap
#   - {ucd: POS_EQ_PMDEC}
#   - {width: 9}
#   - {precision: '3'}
#   - values: {'null': .nan}
# - name: e_pmRA
#   unit: mas / yr
#   datatype: float32
#   format: '{:6.3f}'
#   description: '? Standard error of proper motion in right ascension direction (pmra_error)'
#   meta: !!omap
#   - {ucd: ERROR}
#   - {width: 6}
#   - {precision: '3'}
#   - values: {'null': .nan}
# - name: e_pmDE
[...]
#         unit: &id001 !astropy.units.Unit {unit: deg}
#         value: !astropy.table.SerializedColumn {name: SkyCoord.dec}
#       distance: !astropy.table.SerializedColumn
#         __class__: astropy.coordinates.distances.Distance
#         unit: !astropy.units.Unit {unit: pc}
#         value: !astropy.table.SerializedColumn {name: SkyCoord.distance}
#       frame: icrs
#       obstime: !astropy.time.Time {format: jyear_str, in_subfmt: '*', jd1: 367701545.0, jd2: 0.0, out_subfmt: '*', precision: 3, scale: tt}
#       pm_dec: !astropy.table.SerializedColumn
#         __class__: astropy.units.quantity.Quantity
#         unit: !astropy.units.Unit {unit: mas / yr}
#         value: !astropy.table.SerializedColumn {name: SkyCoord.pm_dec}
#       pm_ra_cosdec: !astropy.table.SerializedColumn
#         __class__: astropy.units.quantity.Quantity
#         unit: !astropy.units.Unit {unit: mas / yr}
#         value: !astropy.table.SerializedColumn {name: SkyCoord.pm_ra_cosdec}
#       ra: !astropy.table.SerializedColumn
#         __class__: astropy.coordinates.angles.Longitude
#         unit: *id001
#         value: !astropy.table.SerializedColumn {name: SkyCoord.ra}
#         wrap_angle: !astropy.coordinates.Angle
#           unit: *id001
#           value: 360.0
#       representation_type: spherical
# schema: astropy-2.0
RA_ICRS_1 DE_ICRS_1 e_RA_ICRS e_DE_ICRS _r_1 HIP TYC2 Source rgeo Plx e_Plx pmRA pmDE e_pmRA e_pmDE RUWE Teff logg Gmag BP-RP BPmag RPmag RV e_RV b_rgeo B_rgeo FG e_FG FBP e_FBP FRP e_FRP RAVE5 RAVE6 e_Gmag e_BPmag e_RPmag e_BP-RP SkyCoord.ra SkyCoord.dec SkyCoord.distance SkyCoord.pm_ra_cosdec SkyCoord.pm_dec Pmemb
[from data line 40]
253.78129936688 -40.7448021286 0.0171 0.0111 4.2189 "" "" 5969669813186768384 1425.36768 0.6614 0.0218 -0.232 -1.604 0.024 0.02 1.013 "" "" 13.850887 0.656823 14.099551 13.442728 "" "" 1389.69641 1466.46533 54273.98813 16.134 31304.0 22.235 33271.0 26.855 "" "" 0.002774159509070739 0.0028947855 0.003879657 0.0067744423 253.78129936688 -40.7448021286 1425.36768 -0.23200000000000012 -1.604 0.98
253.61451071439 -40.8088264175 0.019 0.0114 5.864 "" "" 5969586044161823232 1543.95239 0.6045 0.0218 -0.307 -1.458 0.023 0.018 1.043 "" "" 13.858157 0.965506 14.248362 13.282856 "" "" 1499.41113 1599.62939 53911.82825 8.8614 27294.0 20.123 38549.0 17.641 "" "" 0.0027610935559146633 0.0029027252 0.0038119021 0.006714627 253.61451071439 -40.8088264175 1543.95239 -0.307 -1.4580000000000004 0.99
253.64283425573 -40.77990386107 0.02 0.0129 3.7038 "" "" 5969679743151245184 1764.85022 0.5279 0.024 -0.348 -1.261 0.025 0.021 1.051 5688.3 3.569 14.177659 1.439977 14.827956 13.38798 -28.47 13.75 1704.3761 1839.56531 40168.269 55.422 16004.0 78.093 34992.0 132.59 "" "" 0.0031362259324167457 0.005987765 0.0055864905 0.011574255 253.64283425573 -40.77990386107 1764.85022 -0.348 -1.2609999999999997 0.99
253.80121614068 -40.69749884423 0.0196 0.0136 5.3927 "" "" 5969670186826158336 1607.79443 0.5766 0.0232 -0.357 -1.513 0.025 0.023 0.975 5918.8 3.5724 14.380144 1.430931 15.028139 13.597208 -18.45 5.68 1553.55481 1674.85718 33334.13625 16.072 13309.0 21.02 28859.0 41.484 "" "" 0.0028046081578221448 0.0032749905 0.004088956 0.007363946 253.80121614068 -40.69749884423 1607.79443 -0.3570000000000002 -1.513 0.98
253.70514327304 -40.71009654787 0.0227 0.0153 1.3594 "" "" 5969680395986331264 1712.93481 0.5412 0.0273 -0.23 -1.38 0.031 0.025 1.041 5997.3 3.4603 14.739174 1.321902 15.327885 14.005982 -36.56 8.91 1647.18762 1803.75464 23948.44526 29.081 10099.0 46.729 19805.0 72.969 "" "" 0.003054511573612522 0.0057466184 0.0055032517 0.01124987 253.70514327304 -40.71009654787 1712.93481 -0.2299999999999999 -1.38 0.99
253.74706692262 -40.76622400068 0.0246 0.0157 3.367 "" "" 5969668301358279680 1497.23914 0.632 0.0301 -0.282 -1.34 0.034 0.029 0.975 "" "" 14.789414 1.439533 15.434823 13.99529 "" "" 1425.59204 1570.71106 22865.52142 37.457 9151.4 52.518 20001.0 80.738 "" "" 0.0032795085969333287 0.006827014 0.005787276 0.01261429 253.74706692262 -40.76622400068 1497.23914 -0.2819999999999999 -1.3399999999999999 0.99
253.80729052155 -40.70941866917 0.0228 0.0157 5.4464 "" "" 5969669984985496448 1580.91235 0.5965 0.0271 -0.183 -1.265 0.03 0.027 1.014 5426.9 3.6349 14.792604 1.592675 15.53434 13.941665 -2.45 7.96 1499.46191 1648.64075 22798.4352 36.139 8349.9 51.407 21013.0 103.82 "" "" 0.003248665650683091 0.0072433995 0.006562012 0.013805412 253.80729052155 -40.70941866917 1580.91235 -0.18300000000000002 -1.2649999999999997 0.99
253.72540246857 -40.76637385437 0.0281 0.0179 2.7003 "" "" 5969668400119701760 1599.78162 0.5897 0.0366 -0.293 -1.433 0.038 0.032 1.037 "" "" 14.934307 1.442111 15.586909 14.144798 -22.14 8.81 1506.05237 1706.43262 20008.92353 28.98 7955.2 47.439 17428.0 78.285 "" "" 0.0031724817145418398 0.0070501543 0.006170019 0.013220173 253.72540246857 -40.76637385437 1599.78162 -0.29300000000000004 -1.4330000000000003 0.99
253.7793248617 -40.8165012053 0.0308 0.019 6.5766 "" "" 5969667300608038400 1597.94788 0.5787 0.0364 -0.391 -1.375 0.039 0.033 1.005 "" "" 15.177918 1.464897 15.84179 14.376893 "" "" 1520.84692 1702.25 15987.45514 15.3 6290.7 25.335 14073.0 41.986 "" "" 0.002944726475058664 0.005187026 0.0049775853 0.010164611 253.7793248617 -40.8165012053 1597.94788 -0.39099999999999985 -1.3749999999999996 0.98
253.70284345491 -40.80967197771 0.0345 0.024 4.8188 "" "" 5969667957761711616 1461.85876 0.6493 0.0411 -0.206 -1.234 0.05 0.045 1.023 5243.3 4.1604 15.22012 1.430146 15.861815 14.431669 "" "" 1387.01221 1549.40588 15377.95942 24.316 6175.8 39.576 13381.0 74.224 "" "" 0.0032464079892540656 0.0074962676 0.0071101882 0.014606455 253.70284345491 -40.80967197771 1461.85876 -0.2059999999999999 -1.2339999999999995 1.0
253.66455318706 -40.61316164756 0.0284 0.0203 7.1037 "" "" 5969683282204594816 1429.39502 0.6636 0.0332 -0.065 -1.462 0.038 0.031 1.085 5105.0 4.1038 15.260949 1.53063 15.956952 14.426322 "" "" 1345.90063 1500.78796 14810.41358 5.0264 5657.7 9.9663 13447.0 15.222 "" "" 0.0027798501903751527 0.0033827487 0.0039742044 0.007356953 253.66455318706 -40.61316164756 1429.39502 -0.06500000000000006 -1.4620000000000002 0.97
253.54430480978 -40.66115339354 0.0312 0.02 7.83 "" "" 5969684411762838016 1751.87244 0.5289 0.0366 -0.406 -1.358 0.042 0.033 1.058 6074.4 3.7897 15.283271 1.404047 15.905504 14.501457 "" "" 1655.91504 1859.63806 14509.03644 17.553 5932.2 25.935 12548.0 53.083 "" "" 0.003052396960848184 0.0055060433 0.005948128 0.0114541715 253.54430480978 -40.66115339354 1751.87244 -0.406 -1.358 0.99
253.55652056906 -40.72380495353 0.0299 0.0193 6.1079 "" "" 5969590201690199296 1699.77832 0.5493 0.0354 -0.273 -1.274 0.039 0.03 1.004 5386.2 3.6038 15.354734 1.570312 16.073584 14.503271 "" "" 1582.62549 1825.06763 13584.79651 7.1215 5081.4 14.324 12527.0 17.037 "" "" 0.0028134933523345203 0.004141529 0.004057604 0.008199133 253.55652056906 -40.72380495353 1699.77832 -0.2729999999999999 -1.274 0.99
253.80862538018 -40.77889107587 0.0324 0.0209 6.1167 "" "" 5969668919833480064 1408.70508 0.6722 0.0392 -0.302 -1.291 0.043 0.036 0.958 5007.2 3.6786 15.419222 1.574857 16.153446 14.578589 "" "" 1343.875 1486.2572 12801.42079 14.113 4721.1 20.78 11688.0 34.186 "" "" 0.0030040873980445772 0.005533787 0.004936443 0.01047023 253.80862538018 -40.77889107587 1408.70508 -0.302 -1.291 0.99
253.79017556175 -40.75783612457 0.0377 0.0242 4.8266 "" "" 5969669740149505536 1687.93591 0.5638 0.0479 -0.456 -1.368 0.05 0.043 1.026 4825.7 4.1307 15.627842 1.6857 16.32789 14.64219 "" "" 1559.85217 1805.04736 10563.54805 15.485 4020.3 61.18 11023.0 183.96 "" "" 0.003181962257605161 0.016756415 0.018509526 0.03526594 253.79017556175 -40.75783612457 1687.93591 -0.4560000000000002 -1.3680000000000003 0.99
253.65231674382 -40.74328596327 0.0353 0.0232 1.9174 "" "" 5969680116790506368 1964.38879 0.4773 0.0448 -0.058 -1.967 0.048 0.039 1.026 "" "" 15.676414 1.553635 16.321049 14.767414 "" "" 1799.94434 2113.97437 10101.39841 5.2394 4045.7 35.286 9821.8 64.439 "" "" 0.002812281581157551 0.009872131 0.008063828 0.017935958 253.65231674382 -40.74328596327 1964.38879 -0.05799999999999994 -1.9670000000000005 0.86
253.53373261515 -40.68934858483 0.036 0.0231 7.5384 "" "" 5969590472238536576 1565.83618 0.6046 0.042 -0.286 -1.057 0.046 0.036 0.942 4924.3 4.1347 15.768965 1.698013 16.57771 14.879696 "" "" 1467.20862 1694.88086 9275.99911 16.959 3194.0 26.478 8856.9 59.139 "" "" 0.0033958907974677844 0.009423217 0.008175636 0.017598853 253.53373261515 -40.68934858483 1565.83618 -0.28600000000000003 -1.0570000000000004 0.96
253.54334641812 -40.7812260408 0.0352 0.0228 7.3677 "" "" 5969587006234514176 1518.76794 0.6187 0.0417 -0.15 -1.108 0.047 0.037 0.985 5321.7 3.7308 15.812565 1.736905 16.617416 14.880511 "" "" 1437.40637 1640.26001 8910.88817 12.781 3079.3 20.764 8850.2 49.127 "" "" 0.0031649528364964936 0.007834876 0.0071138474 0.014948724 253.54334641812 -40.7812260408 1518.76794 -0.15 -1.108 0.98
253.68939279738 -40.70995934887 0.0388 0.0251 1.1974 "" "" 5969680602144780416 1701.84155 0.553 0.0479 0.106 -1.217 0.056 0.041 0.974 6003.2 4.2626 15.87615 1.306534 16.447035 15.140501 "" "" 1578.48181 1842.24829 8404.01259 3.1159 3602.5 11.509 6965.6 11.618 "" "" 0.0027845712203152825 0.004451566 0.0041908384 0.008642404 253.68939279738 -40.70995934887 1701.84155 0.10600000000000015 -1.217 0.95
253.81098496282 -40.63062229267 0.0372 0.0252 8.0919 "" "" 5969682521972286208 1857.82275 0.526 0.0452 -0.766 -1.017 0.047 0.041 0.951 5410.3 4.2066 15.900807 1.560885 16.62007 15.059184 "" "" 1696.92712 2007.38123 8215.31039 3.1186 3071.8 10.757 7507.3 15.358 "" "" 0.002785975713620009 0.004716031 0.0043837395 0.00909977 253.81098496282 -40.63062229267 1857.82275 -0.7660000000000001 -1.017 0.96
253.68822122016 -40.72541889779 0.0436 0.0286 0.2897 "" "" 5969680494747642624 1419.29797 0.6662 0.0523 -0.227 -1.083 0.056 0.045 1.057 4983.0 4.1744 15.947237 1.689426 16.743855 15.054429 "" "" 1312.44202 1543.82349 7871.40167 9.123 2740.8 11.798 7540.3 27.76 "" "" 0.003029075084551509 0.005443158 0.0055010254 0.010944184 253.68822122016 -40.72541889779 1419.29797 -0.22700000000000004 -1.0830000000000002 0.96
253.55927249996 -40.72432140183 0.0544 0.0338 5.9812 "" "" 5969590197360584832 1532.17224 0.6246 0.0595 -0.248 -1.062 0.075 0.054 1.296 5158.8 3.7476 15.951127 1.823001 16.782078 14.959077 "" "" 1422.42505 1684.67896 7843.24772 11.307 2646.0 20.794 8232.4 49.851 "" "" 0.003168865292119927 0.008977045 0.007583506 0.01656055 253.55927249996 -40.72432140183 1532.17224 -0.248 -1.062 0.96
253.53396608655 -40.68701560048 0.0423 0.028 7.5748 "" "" 5969590472238539776 1512.38513 0.6301 0.0492 -0.352 -1.165 0.053 0.042 0.998 5377.3 4.2084 16.100197 1.67304 16.887774 15.214733 "" "" 1393.65808 1711.83264 6837.03936 14.263 2400.5 20.797 6505.3 35.834 "" "" 0.0035667895789975477 0.009811491 0.007074782 0.016886273 253.53396608655 -40.68701560048 1512.38513 -0.35199999999999976 -1.1649999999999998 0.91
253.64324086099 -40.72746048689 0.0537 0.0348 2.1587 "" "" 5969680911382448128 1505.92114 0.6602 0.0655 -0.402 -1.249 0.068 0.055 0.945 4694.4 4.3289 16.481228 1.700902 17.311382 15.61048 "" "" 1380.58813 1642.97742 4813.43923 7.7816 1625.0 13.091 4518.2 24.497 "" "" 0.0032669059010653357 0.009180939 0.006995494 0.016176432 253.64324086099 -40.72746048689 1505.92114 -0.402 -1.249 0.93
