Clusters/ASCC_13/ASCC_13_stars_in_region.tsv
# %ECSV 1.0
# ---
# datatype:
# - name: RA_ICRS_1
#   unit: deg
#   datatype: float64
#   format: '{:15.11f}'
#   description: Right ascension (ICRS) at Ep=2016.0 (ra)
#   meta: !!omap
#   - {ucd: POS_EQ_RA_MAIN}
#   - {width: 15}
#   - {precision: '11'}
# - name: DE_ICRS_1
#   unit: deg
#   datatype: float64
#   format: '{:15.11f}'
#   description: Declination (ICRS) at Ep=2016.0 (dec)
#   meta: !!omap
#   - {ucd: POS_EQ_DEC_MAIN}
#   - {width: 15}
#   - {precision: '11'}
# - name: e_RA_ICRS
#   unit: mas
#   datatype: float64
#   format: '{:7.4f}'
#   description: Standard error of right ascension (ra_error)
#   meta: !!omap
#   - {ucd: ERROR}
#   - {width: 7}
#   - {precision: '4'}
# - name: e_DE_ICRS
#   unit: mas
#   datatype: float64
#   format: '{:7.4f}'
#   description: Standard error of declination (dec_error)
#   meta: !!omap
#   - {ucd: ERROR}
#   - {width: 7}
#   - {precision: '4'}
# - name: _r_1
#   unit: ''
#   datatype: float64
#   format: '{:7.4f}'
#   description: Distance from center (078.30570988000+44.42119510000)[ICRS], at Epoch=J2016.0
#   meta: !!omap
#   - {ucd: POS_ANG_DIST_GENERAL}
#   - {width: 7}
#   - {precision: '4'}
# - name: HIP
#   datatype: int32
#   description: '? HIP cross-id number, van Leeuwen, Cat. I/311 (hip_original_ext_source_id)'
#   meta: !!omap
#   - {ucd: ID_NUMBER}
#   - {width: 6}
#   - values: {'null': -2147483648}
# - name: TYC2
#   datatype: string
#   description: Tycho-2 cross-id name, Hog et al., Cat. I/259 (tyc2_original_ext_source_id)
#   meta: !!omap
#   - {ucd: ID_CROSSID}
#   - {_votable_string_dtype: char}
# - name: Source
#   datatype: int64
#   description: Source identifier, identical to the Gaia-EDR3 source_id (id)
#   meta: !!omap
#   - {ucd: ID_MAIN}
#   - {width: 19}
# - name: rgeo
#   unit: pc
#   datatype: float64
#   format: '{:15.8f}'
#   description: '? Median of the geometric distance posterior (r_med_geo)'
#   meta: !!omap
#   - {ucd: PHYS_DISTANCE_TRUE}
#   - {width: 15}
#   - {precision: '8'}
#   - values: {'null': .nan}
# - name: Plx
#   unit: mas
#   datatype: float64
#   format: '{:9.4f}'
#   description: '? Parallax (parallax)'
#   meta: !!omap
#   - {ucd: POS_PARLX_TRIG}
#   - {width: 9}
#   - {precision: '4'}
#   - values: {'null': .nan}
# - name: e_Plx
#   unit: mas
#   datatype: float32
#   format: '{:7.4f}'
#   description: '? Standard error of parallax (parallax_error)'
#   meta: !!omap
#   - {ucd: ERROR}
#   - {width: 7}
#   - {precision: '4'}
#   - values: {'null': .nan}
# - name: pmRA
#   unit: mas / yr
#   datatype: float64
#   format: '{:9.3f}'
#   description: '? Proper motion in right ascension direction, pmRA*cosDE (pmra)'
#   meta: !!omap
#   - {ucd: POS_EQ_PMRA}
#   - {width: 9}
#   - {precision: '3'}
#   - values: {'null': .nan}
# - name: pmDE
#   unit: mas / yr
#   datatype: float64
#   format: '{:9.3f}'
#   description: '? Proper motion in declination direction (pmdec)'
#   meta: !!omap
#   - {ucd: POS_EQ_PMDEC}
#   - {width: 9}
#   - {precision: '3'}
#   - values: {'null': .nan}
# - name: e_pmRA
#   unit: mas / yr
#   datatype: float32
#   format: '{:6.3f}'
#   description: '? Standard error of proper motion in right ascension direction (pmra_error)'
#   meta: !!omap
#   - {ucd: ERROR}
#   - {width: 6}
#   - {precision: '3'}
#   - values: {'null': .nan}
# - name: e_pmDE
[...]
#         value: !astropy.table.SerializedColumn {name: SkyCoord.dec}
#       distance: !astropy.table.SerializedColumn
#         __class__: astropy.coordinates.distances.Distance
#         unit: !astropy.units.Unit {unit: pc}
#         value: !astropy.table.SerializedColumn {name: SkyCoord.distance}
#       frame: icrs
#       obstime: !astropy.time.Time {format: jyear_str, in_subfmt: '*', jd1: 367701545.0, jd2: 0.0, out_subfmt: '*', precision: 3, scale: tt}
#       pm_dec: !astropy.table.SerializedColumn
#         __class__: astropy.units.quantity.Quantity
#         unit: !astropy.units.Unit {unit: mas / yr}
#         value: !astropy.table.SerializedColumn {name: SkyCoord.pm_dec}
#       pm_ra_cosdec: !astropy.table.SerializedColumn
#         __class__: astropy.units.quantity.Quantity
#         unit: !astropy.units.Unit {unit: mas / yr}
#         value: !astropy.table.SerializedColumn {name: SkyCoord.pm_ra_cosdec}
#       ra: !astropy.table.SerializedColumn
#         __class__: astropy.coordinates.angles.Longitude
#         unit: *id001
#         value: !astropy.table.SerializedColumn {name: SkyCoord.ra}
#         wrap_angle: !astropy.coordinates.Angle
#           unit: *id001
#           value: 360.0
#       representation_type: spherical
# schema: astropy-2.0
RA_ICRS_1 DE_ICRS_1 e_RA_ICRS e_DE_ICRS _r_1 HIP TYC2 Source rgeo Plx e_Plx pmRA pmDE e_pmRA e_pmDE RUWE Teff logg Gmag BP-RP BPmag RPmag RV e_RV b_rgeo B_rgeo FG e_FG FBP e_FBP FRP e_FRP RAVE5 RAVE6 e_Gmag e_BPmag e_RPmag e_BP-RP SkyCoord.ra SkyCoord.dec SkyCoord.distance SkyCoord.pm_ra_cosdec SkyCoord.pm_dec rmRA rmDE e_rmRA e_rmDE rRV e_rRV v_pec v_pec3d e_vpec e_vpec3d
[from data line 3173]
77.33483677503 44.8211443236 0.0631 0.0418 47.9052 "" "" 205670285704736128 960.278137 1.0161 0.064 9.451 -0.647 0.09 0.068 0.977 4842.8 4.6531 16.694431 1.462633 17.361889 15.899256 "" "" 900.429321 1022.02972 3955.24957 1.8714 1551.2 9.3999 3463.0 8.511 "" "" 0.0028027996965707506 0.007146485 0.0046264604 0.0117729455 77.33483677503 44.8211443236 960.278137 9.451000000000008 -0.6469999999999982 9.990644420146943 1.164977744102478 0.17275377 0.15075377 "" "" 45.78271861615587 "" 7.896475665905106 ""
78.34260154964 45.03637047534 0.1099 0.0682 36.944 "" "" 208664943063956096 867.771484 1.129 0.123 2.379 -5.935 0.149 0.115 2.195 "" "" 16.695778 1.411865 16.963215 15.55135 "" "" 792.541199 992.812073 3950.35353 3.5445 2239.4 7.9806 4771.1 8.094 "" "" 0.0029224705528786985 0.0047703497 0.0042043272 0.008974677 78.34260154964 45.03637047534 867.771484 2.379 -5.935000000000001 2.918644420146942 -4.123022255897522 0.23175377 0.19775376 "" "" 20.778075114847717 "" 4.357528720589964 ""
77.07713220589 43.80031615557 0.0558 0.0405 64.7214 "" "" 202542278203968128 933.350525 1.0377 0.0595 2.058 2.815 0.087 0.065 0.996 4740.9 4.663 16.696024 1.518542 17.403362 15.88482 "" "" 891.979431 991.640137 3949.45308 2.0416 1493.0 9.2516 3509.4 7.5441 "" "" 0.002811902093439038 0.007283548 0.0044419854 0.011725534 77.07713220589 43.80031615557 933.350525 2.0580000000000016 2.8149999999999986 2.597644420146942 4.6269777441024775 0.16975376 0.14775376 "" "" 23.475445193749067 "" 3.599113486123203 ""
77.90839799609 44.59674604756 0.0682 0.0409 19.9989 "" "" 202640718853510528 897.369812 1.0989 0.065 -3.084 5.352 0.1 0.07 0.954 4535.9 4.5569 16.69643 1.503867 17.39173 15.887862 "" "" 846.948975 945.387207 3947.97625 1.8105 1509.1 8.0275 3499.6 9.3757 "" "" 0.0027999465814236933 0.0064141243 0.004769138 0.011183262 77.90839799609 44.59674604756 897.369812 -3.0840000000000023 5.352 -2.544355579853058 7.163977744102478 0.18275377 0.15275377 "" "" 32.3370128962976 "" 5.057525024661674 ""
77.51138111574 45.20683229109 0.0491 0.0338 58.0089 "" "" 205726154635006976 1066.15979 0.9071 0.057 0.261 2.692 0.067 0.056 1.051 "" "" 16.696585 1.399077 17.274769 15.875691 "" "" 1016.42645 1126.69763 3947.4159 2.1812 1680.8 17.258 3539.0 60.372 "" "" 0.002819878700885625 0.011491908 0.018903298 0.030395206 77.51138111574 45.20683229109 1066.15979 0.26099999999999995 2.692 0.8006444201469421 4.503977744102478 0.14975376 0.13875377 "" "" 23.118121424641767 "" 3.215814814734294 ""
76.76605871229 44.38776329664 0.0529 0.0361 66.0268 "" "" 205622693167404416 885.178589 1.1045 0.0575 11.468 -13.226 0.07 0.059 0.975 4729.0 4.6138 16.696905 1.591874 17.44986 15.857985 "" "" 841.202332 927.656372 3946.25426 1.8173 1430.5 7.659 3597.2 7.0798 "" "" 0.002800318665940599 0.0064480454 0.004341658 0.010789704 76.76605871229 44.38776329664 885.178589 11.468 -13.225999999999999 12.007644420146942 -11.414022255897523 0.15275377 0.14175376 "" "" 69.51067155110016 "" 10.262180494930085 ""
78.09006186688 45.50310876742 0.0554 0.0345 65.5572 "" "" 211694853511547008 1207.76575 0.8185 0.0629 0.137 -4.328 0.078 0.057 0.994 4586.4 4.3906 16.697039 1.407451 17.31448 15.907029 "" "" 1120.17212 1337.63574 3945.76671 1.9026 1620.4 9.4217 3438.3 18.865 "" "" 0.002804616124739301 0.006902043 0.007054868 0.013956911 78.09006186688 45.50310876742 1207.76575 0.137 -4.328 0.6766444201469421 -2.5160222558975223 0.16075376 0.13975376 "" "" 14.915536084003747 "" 2.1070933830284293 ""
78.48170810038 45.13659022507 0.05 0.0352 43.5732 "" "" 208671570194696448 1150.57104 0.8439 0.0577 4.882 -6.645 0.068 0.054 0.968 4600.6 4.1907 16.69705 1.508045 17.392899 15.884853 "" "" 1082.91772 1221.94434 3945.7245 2.5449 1507.5 12.344 3509.3 11.944 "" "" 0.0028429163993107156 0.009317985 0.0052857557 0.014603741 78.48170810038 45.13659022507 1150.57104 4.881999999999996 -6.645 5.421644420146942 -4.8330222558975215 0.15075377 0.13675377 "" "" 39.6107087459689 "" 5.732537188378202 ""
78.39809645321 44.93121074956 0.0554 0.0354 30.8538 "" "" 208656799804210688 1244.83521 0.7905 0.0604 28.982 -23.546 0.077 0.056 1.0 6002.5 4.4965 16.69773 1.441204 17.343924 15.902719 "" "" 1155.71912 1343.20435 3943.2543 1.9674 1577.1 9.9735 3452.0 15.288 "" "" 0.002808065664480686 0.0074114054 0.0061159483 0.013527354 78.39809645321 44.93121074956 1244.83521 28.982 -23.546 29.52164442014694 -21.73402225589752 0.15975377 0.13875377 "" "" 216.30816290626922 "" 33.0306793870012 ""
78.76462384021 44.81065938718 0.051 0.0406 30.4994 "" "" 208602511414080128 1082.55566 0.912 0.0604 6.401 2.24 0.075 0.065 0.998 "" "" 16.698273 "" "" "" "" "" 1018.58533 1153.86389 3941.28537 2.528 "" "" "" "" "" "" 0.0028419663950944997 "" "" "" 78.76462384021 44.81065938718 1082.55566 6.401 2.24 6.940644420146942 4.051977744102478 0.15775377 0.14775376 "" "" 41.239634875867274 "" 6.403397889787866 ""
77.19258556019 44.46609362699 0.057 0.0368 47.7579 "" "" 202624294898773632 956.763855 1.0203 0.0657 1.138 -3.598 0.075 0.061 0.947 4933.1 4.6967 16.698685 1.422132 17.338402 15.91627 "" "" 898.233643 1017.39722 3939.78589 2.0813 1585.1 10.655 3409.2 8.0987 "" "" 0.0028143865894465743 0.007813455 0.0045755943 0.012389049 77.19258556019 44.46609362699 956.763855 1.138 -3.598 1.677644420146942 -1.7860222558975218 0.15775377 0.14375377 "" "" 11.112625815760385 "" 1.672210165290594 ""
77.32995317788 43.56253445931 0.0536 0.0331 66.5448 "" "" 202341166356991232 975.363342 1.0178 0.0598 4.518 -4.549 0.072 0.056 0.983 4846.5 4.6498 16.698727 1.487738 17.383198 15.89546 "" "" 924.376038 1041.74219 3939.63618 1.947 1521.0 10.857 3475.2 6.8902 "" "" 0.002807081589089575 0.008237016 0.004349447 0.012586463 77.32995317788 43.56253445931 975.363342 4.518000000000003 -4.5489999999999995 5.057644420146942 -2.7370222558975223 0.15475376 0.13875377 "" "" 26.58696810878014 "" 4.022016635334869 ""
78.44653999692 43.96121729247 0.0651 0.0474 28.2559 "" "" 208365150046883328 1134.13477 0.8643 0.0776 -2.53 -5.709 0.091 0.076 1.228 5064.7 4.7498 16.701756 1.350389 17.213528 15.863138 "" "" 1045.74084 1225.2218 3928.6602 3.2853 1778.3 10.766 3580.2 10.903 "" "" 0.002901057694596525 0.007140824 0.0050215926 0.012162417 78.44653999692 43.96121729247 1134.13477 -2.5299999999999976 -5.708999999999995 -1.9903555798530577 -3.8970222558975216 0.17375377 0.15875375 "" "" 23.523833310737476 "" 3.8101800864312505 ""
77.22036391694 43.98272226812 0.0569 0.0366 53.5861 "" "" 202552551765230592 971.986328 0.9933 0.0621 7.573 -5.321 0.073 0.06 0.981 4950.8 4.7313 16.70203 1.439482 17.354845 15.915363 "" "" 919.364563 1037.21741 3927.66947 1.9164 1561.3 10.111 3412.0 8.8174 "" "" 0.002805785156465674 0.007564616 0.004707038 0.012271654 77.22036391694 43.98272226812 971.986328 7.573 -5.321 8.112644420146943 -3.5090222558975217 0.15575376 0.14275376 "" "" 40.723257378151885 "" 6.262336784292331 ""
79.06685556681 43.77211951217 0.0566 0.0397 50.9148 "" "" 207574983440743296 934.541931 1.0702 0.0661 5.802 -10.59 0.083 0.06 1.041 4741.4 4.7537 16.704515 1.344555 17.304598 15.960043 "" "" 869.972229 991.738037 3918.68712 2.3261 1635.2 10.384 3274.5 11.706 "" "" 0.0028296906189736078 0.0074379123 0.0054174676 0.01285538 79.06685556681 43.77211951217 934.541931 5.802000000000003 -10.590000000000007 6.341644420146942 -8.778022255897522 0.16575375 0.14275376 "" "" 47.9701232808507 "" 7.245238230711342 ""
79.0800046775 45.05991042655 0.1104 0.0835 50.572 "" "" 208629999208540800 923.37323 1.0967 0.1295 -2.337 -6.104 0.166 0.141 2.308 "" "" 16.704588 1.462275 17.242146 15.779871 "" "" 821.832581 1059.54834 3918.4242 5.9753 1732.0 11.557 3865.5 10.645 "" "" 0.0032145010375414364 0.00776344 0.004819081 0.012582521 79.0800046775 45.05991042655 923.37323 -2.3369999999999997 -6.103999999999997 -1.797355579853058 -4.292022255897522 0.24875376 0.22375377 "" "" 20.36592077515265 "" 4.636466776026113 ""
78.03976864012 44.89476681831 0.0553 0.0352 30.5973 "" "" 208662361785381888 1253.54053 0.7835 0.0682 1.476 2.068 0.069 0.058 1.017 4914.2 4.3824 16.704605 1.214216 17.232893 16.018677 "" "" 1163.18848 1365.9928 3918.36076 1.8421 1746.9 11.153 3102.3 10.151 "" "" 0.002802199932319761 0.0074723037 0.0051869904 0.0126592945 78.03976864012 44.89476681831 1253.54053 1.4760000000000004 2.0680000000000005 2.015644420146942 3.879977744102478 0.15175375 0.14075376 "" "" 25.979282761673165 "" 3.719252834124538 ""
78.17419157536 45.09898386373 0.0489 0.033 41.0515 "" "" 208668958852597888 919.144714 1.0583 0.0583 1.023 -7.57 0.071 0.055 0.973 4802.1 4.4929 16.706142 1.435445 17.360445 15.925 "" "" 877.882202 973.531128 3912.81822 1.8345 1553.2 9.4218 3381.9 7.1547 "" "" 0.0028019478269419324 0.00715278 0.004422645 0.011575425 78.17419157536 45.09898386373 919.144714 1.0229999999999997 -7.569999999999994 1.562644420146942 -5.758022255897522 0.15375376 0.13775375 "" "" 25.99363222182937 "" 3.6107808608385863 ""
78.30255744771 44.6211461678 0.0597 0.0397 11.9978 "" "" 208597147000025344 1094.31946 0.8975 0.0678 2.715 -7.641 0.088 0.067 1.066 4673.3 4.651 16.706312 1.476798 17.382765 15.905967 "" "" 1017.48877 1200.30847 3912.20841 2.0831 1521.6 10.325 3441.7 11.458 "" "" 0.0028153158980719507 0.007878041 0.005229632 0.013107672 78.30255744771 44.6211461678 1094.31946 2.715 -7.641000000000002 3.254644420146942 -5.829022255897522 0.17075376 0.14975376 "" "" 34.62938731393075 "" 5.367646767356151 ""
79.51486971967 44.12970376108 0.0498 0.0377 54.8095 "" "" 208337735273744128 966.17572 1.0169 0.0589 -2.161 -5.788 0.066 0.05 1.02 "" "" 16.706503 1.405031 17.348324 15.943293 "" "" 903.628784 1020.40771 3911.51994 2.3824 1570.7 10.86 3325.4 10.182 "" "" 0.0028335660966906286 0.008008662 0.005033426 0.013042088 79.51486971967 44.12970376108 966.17572 -2.161000000000001 -5.788000000000002 -1.621355579853058 -3.9760222558975222 0.14875376 0.13275376 "" "" 19.664641354364957 "" 2.657692871977113 ""
78.52393646972 43.37195728092 0.065 0.0414 63.6573 "" "" 207537045993369344 1063.68066 0.9225 0.0616 1.05 -2.418 0.083 0.062 1.04 4847.3 4.6797 16.706913 1.350516 17.314478 15.963962 "" "" 996.001587 1141.14404 3910.04018 4.1051 1620.4 8.452 3262.7 10.268 "" "" 0.002981805134819611 0.0063132267 0.005094995 0.011408221 78.52393646972 43.37195728092 1063.68066 1.0500000000000003 -2.418 1.5896444201469422 -0.6060222558975221 0.16575375 0.14475375 "" "" 8.577412607528641 "" 1.4001655730583336 ""
77.37965305425 45.08378687946 0.0537 0.0369 56.0125 "" "" 205723710800429184 929.762817 1.0728 0.0627 -1.281 -0.298 0.076 0.061 0.93 4490.1 4.5638 16.707674 1.611181 17.47409 15.862909 "" "" 873.391479 982.794006 3907.30068 2.0055 1398.9 7.5303 3580.9 8.7688 "" "" 0.0028111111120681063 0.0064763906 0.0046208776 0.011097268 77.37965305425 45.08378687946 929.762817 -1.281 -0.29800000000000004 -0.7413555798530578 1.513977744102478 0.15875375 0.14375377 "" "" 7.429206568625044 "" 1.0904178530718454 ""
78.77824404666 44.11365221391 0.0637 0.0407 27.4352 "" "" 208372850926002816 867.983765 1.1406 0.0749 -6.088 -2.755 0.092 0.063 0.99 4535.1 4.6018 16.708511 1.546064 17.437738 15.891674 "" "" 805.638 928.154724 3904.29074 2.4478 1446.5 9.7544 3487.3 14.29 "" "" 0.0028381590512782133 0.007835239 0.005837617 0.013672857 78.77824404666 44.11365221391 867.983765 -6.088 -2.755 -5.548355579853058 -0.9430222558975219 0.17475376 0.14575377 "" "" 23.154651591286434 "" 4.0290364194372374 ""
78.52344602604 43.38547233468 0.0547 0.0358 62.8521 "" "" 207540005227325440 962.790955 1.0102 0.0573 -3.025 -6.084 0.068 0.053 0.98 4702.3 4.724 16.709343 1.368293 17.32679 15.958497 "" "" 912.319092 1036.82031 3901.30421 1.9702 1602.1 6.4276 3279.1 8.6397 "" "" 0.002809347135795767 0.0051729493 0.0047399555 0.009912904 78.52344602604 43.38547233468 962.790955 -3.0250000000000017 -6.084000000000003 -2.4853555798530578 -4.272022255897522 0.15075377 0.13575377 "" "" 22.55521076784262 "" 3.1509426826021407 ""
77.79110280398 43.60694311958 0.0942 0.0568 53.6644 "" "" 202350447784186112 1022.07776 1.0012 0.1021 -0.588 -1.998 0.125 0.098 1.565 4827.3 4.7327 16.7095 1.447194 17.337948 15.890754 "" "" 908.922302 1149.80103 3900.74255 2.7199 1585.8 10.771 3490.3 11.313 "" "" 0.0028574338699783965 0.007884677 0.0051641297 0.013048806 77.79110280398 43.60694311958 1022.07776 -0.5880000000000001 -1.998 -0.04835557985305783 -0.18602225589752197 0.20775376 0.18075377 "" "" 0.931162905221652 "" 0.1700127665628783 ""
77.66636003034 44.49812849383 0.1016 0.0661 27.7662 "" "" 202634293582518912 1133.08813 0.9034 0.1246 11.808 0.423 0.134 0.11 1.494 7231.2 3.3951 16.709839 1.450394 17.058308 15.607914 "" "" 989.829102 1321.53748 3899.52372 3.1074 2051.6 9.3888 4528.9 12.572 "" "" 0.00288796426947557 0.0056984997 0.0048340065 0.010532506 77.66636003034 44.49812849383 1133.08813 11.808000000000002 0.4229999999999998 12.347644420146942 2.234977744102478 0.21675377 0.19275376 "" "" 67.39480084812028 "" 14.559525356157694 ""
79.08091183986 45.26141708187 0.0708 0.0492 60.242 "" "" 208688406464144768 904.199707 1.1041 0.0844 -5.161 -7.105 0.108 0.072 0.966 4541.1 4.6436 16.710083 1.559944 17.449615 15.889671 "" "" 838.725647 984.644897 3898.64161 2.6137 1430.8 19.654 3493.7 11.666 "" "" 0.002849844842120334 0.015172826 0.005237131 0.020409957 79.08091183986 45.26141708187 904.199707 -5.161 -7.105000000000001 -4.6213555798530574 -5.293022255897522 0.19075376 0.15475376 "" "" 30.11532224951914 "" 5.157468424011307 ""
78.69569491343 45.26984646035 0.054 0.038 53.5534 "" "" 208697275575886848 1011.55798 0.9622 0.0638 4.903 -0.338 0.076 0.06 0.982 4487.0 4.5962 16.710106 1.334523 17.309563 15.975039 "" "" 950.471924 1081.24255 3898.5633 2.282 1627.8 12.101 3229.6 14.646 "" "" 0.002827664491951723 0.008539978 0.006207003 0.014746981 78.69569491343 45.26984646035 1011.55798 4.903000000000007 -0.33799999999999986 5.442644420146942 1.473977744102478 0.15875375 0.14275376 "" "" 27.036374870703387 "" 4.2639640317910175 ""
76.9862431061 44.43039065848 0.0608 0.0404 56.5405 "" "" 205621460516616832 1082.72009 0.9006 0.0677 3.77 -10.382 0.082 0.07 1.088 4572.0 4.3898 16.711206 1.456667 17.37747 15.920803 "" "" 1015.88159 1149.05127 3894.6145 2.0423 1529.1 8.5382 3395.0 9.012 "" "" 0.0028135296090573665 0.0066737896 0.0047529046 0.011426695 76.9862431061 44.43039065848 1082.72009 3.77 -10.381999999999998 4.309644420146942 -8.570022255897522 0.16475376 0.15275377 "" "" 49.230208900356146 "" 7.643018876662074 ""
78.67521055419 43.44146776224 0.0526 0.0386 60.9132 "" "" 207538974435122816 1200.52661 0.827 0.0583 2.565 -2.702 0.069 0.057 0.935 4491.7 4.623 16.711748 1.599997 17.4605 15.860504 "" "" 1122.93604 1294.0946 3892.67159 2.5579 1416.5 10.725 3588.9 9.3244 "" "" 0.0028461890715260067 0.008681232 0.0047160434 0.0133972755 78.67521055419 43.44146776224 1200.52661 2.565 -2.702 3.104644420146942 -0.8900222558975219 0.15175375 0.13975376 "" "" 18.378590511641114 "" 2.7728873190630923 ""
77.63507483649 44.24345075313 0.0695 0.046 30.6944 "" "" 202580967269147776 1177.9397 0.8223 0.0744 0.187 -1.217 0.092 0.073 1.469 7149.1 4.356 16.712166 1.32025 17.279026 15.958776 "" "" 1087.56946 1266.47644 3891.17096 2.6918 1674.2 9.2733 3278.3 8.7916 "" "" 0.0028558557647175176 0.0066295722 0.004770912 0.0114004845 77.63507483649 44.24345075313 1177.9397 0.18699999999999975 -1.217 0.7266444201469422 0.594977744102478 0.17475376 0.15575376 "" "" 5.243705711991672 "" 0.8777298617818896 ""
