Clusters/ASCC_13/ASCC_13_stars_in_region.tsv
# %ECSV 1.0
# ---
# datatype:
# - name: RA_ICRS_1
#   unit: deg
#   datatype: float64
#   format: '{:15.11f}'
#   description: Right ascension (ICRS) at Ep=2016.0 (ra)
#   meta: !!omap
#   - {ucd: POS_EQ_RA_MAIN}
#   - {width: 15}
#   - {precision: '11'}
# - name: DE_ICRS_1
#   unit: deg
#   datatype: float64
#   format: '{:15.11f}'
#   description: Declination (ICRS) at Ep=2016.0 (dec)
#   meta: !!omap
#   - {ucd: POS_EQ_DEC_MAIN}
#   - {width: 15}
#   - {precision: '11'}
# - name: e_RA_ICRS
#   unit: mas
#   datatype: float64
#   format: '{:7.4f}'
#   description: Standard error of right ascension (ra_error)
#   meta: !!omap
#   - {ucd: ERROR}
#   - {width: 7}
#   - {precision: '4'}
# - name: e_DE_ICRS
#   unit: mas
#   datatype: float64
#   format: '{:7.4f}'
#   description: Standard error of declination (dec_error)
#   meta: !!omap
#   - {ucd: ERROR}
#   - {width: 7}
#   - {precision: '4'}
# - name: _r_1
#   unit: ''
#   datatype: float64
#   format: '{:7.4f}'
#   description: Distance from center (078.30570988000+44.42119510000)[ICRS], at Epoch=J2016.0
#   meta: !!omap
#   - {ucd: POS_ANG_DIST_GENERAL}
#   - {width: 7}
#   - {precision: '4'}
# - name: HIP
#   datatype: int32
#   description: '? HIP cross-id number, van Leeuwen, Cat. I/311 (hip_original_ext_source_id)'
#   meta: !!omap
#   - {ucd: ID_NUMBER}
#   - {width: 6}
#   - values: {'null': -2147483648}
# - name: TYC2
#   datatype: string
#   description: Tycho-2 cross-id name, Hog et al., Cat. I/259 (tyc2_original_ext_source_id)
#   meta: !!omap
#   - {ucd: ID_CROSSID}
#   - {_votable_string_dtype: char}
# - name: Source
#   datatype: int64
#   description: Source identifier, identical to the Gaia-EDR3 source_id (id)
#   meta: !!omap
#   - {ucd: ID_MAIN}
#   - {width: 19}
# - name: rgeo
#   unit: pc
#   datatype: float64
#   format: '{:15.8f}'
#   description: '? Median of the geometric distance posterior (r_med_geo)'
#   meta: !!omap
#   - {ucd: PHYS_DISTANCE_TRUE}
#   - {width: 15}
#   - {precision: '8'}
#   - values: {'null': .nan}
# - name: Plx
#   unit: mas
#   datatype: float64
#   format: '{:9.4f}'
#   description: '? Parallax (parallax)'
#   meta: !!omap
#   - {ucd: POS_PARLX_TRIG}
#   - {width: 9}
#   - {precision: '4'}
#   - values: {'null': .nan}
# - name: e_Plx
#   unit: mas
#   datatype: float32
#   format: '{:7.4f}'
#   description: '? Standard error of parallax (parallax_error)'
#   meta: !!omap
#   - {ucd: ERROR}
#   - {width: 7}
#   - {precision: '4'}
#   - values: {'null': .nan}
# - name: pmRA
#   unit: mas / yr
#   datatype: float64
#   format: '{:9.3f}'
#   description: '? Proper motion in right ascension direction, pmRA*cosDE (pmra)'
#   meta: !!omap
#   - {ucd: POS_EQ_PMRA}
#   - {width: 9}
#   - {precision: '3'}
#   - values: {'null': .nan}
# - name: pmDE
#   unit: mas / yr
#   datatype: float64
#   format: '{:9.3f}'
#   description: '? Proper motion in declination direction (pmdec)'
#   meta: !!omap
#   - {ucd: POS_EQ_PMDEC}
#   - {width: 9}
#   - {precision: '3'}
#   - values: {'null': .nan}
# - name: e_pmRA
#   unit: mas / yr
#   datatype: float32
#   format: '{:6.3f}'
#   description: '? Standard error of proper motion in right ascension direction (pmra_error)'
#   meta: !!omap
#   - {ucd: ERROR}
#   - {width: 6}
#   - {precision: '3'}
#   - values: {'null': .nan}
# - name: e_pmDE
[...]
#         value: !astropy.table.SerializedColumn {name: SkyCoord.dec}
#       distance: !astropy.table.SerializedColumn
#         __class__: astropy.coordinates.distances.Distance
#         unit: !astropy.units.Unit {unit: pc}
#         value: !astropy.table.SerializedColumn {name: SkyCoord.distance}
#       frame: icrs
#       obstime: !astropy.time.Time {format: jyear_str, in_subfmt: '*', jd1: 367701545.0, jd2: 0.0, out_subfmt: '*', precision: 3, scale: tt}
#       pm_dec: !astropy.table.SerializedColumn
#         __class__: astropy.units.quantity.Quantity
#         unit: !astropy.units.Unit {unit: mas / yr}
#         value: !astropy.table.SerializedColumn {name: SkyCoord.pm_dec}
#       pm_ra_cosdec: !astropy.table.SerializedColumn
#         __class__: astropy.units.quantity.Quantity
#         unit: !astropy.units.Unit {unit: mas / yr}
#         value: !astropy.table.SerializedColumn {name: SkyCoord.pm_ra_cosdec}
#       ra: !astropy.table.SerializedColumn
#         __class__: astropy.coordinates.angles.Longitude
#         unit: *id001
#         value: !astropy.table.SerializedColumn {name: SkyCoord.ra}
#         wrap_angle: !astropy.coordinates.Angle
#           unit: *id001
#           value: 360.0
#       representation_type: spherical
# schema: astropy-2.0
RA_ICRS_1 DE_ICRS_1 e_RA_ICRS e_DE_ICRS _r_1 HIP TYC2 Source rgeo Plx e_Plx pmRA pmDE e_pmRA e_pmDE RUWE Teff logg Gmag BP-RP BPmag RPmag RV e_RV b_rgeo B_rgeo FG e_FG FBP e_FBP FRP e_FRP RAVE5 RAVE6 e_Gmag e_BPmag e_RPmag e_BP-RP SkyCoord.ra SkyCoord.dec SkyCoord.distance SkyCoord.pm_ra_cosdec SkyCoord.pm_dec rmRA rmDE e_rmRA e_rmDE rRV e_rRV v_pec v_pec3d e_vpec e_vpec3d
[from data line 1698]
79.75178672378 44.75861680371 0.0341 0.0227 65.0204 "" "" 208505891832543232 1207.80347 0.7938 0.0341 0.466 -1.288 0.046 0.032 0.995 5248.4 4.3268 15.392047 1.062151 15.828078 14.765927 "" "" 1148.20959 1262.45557 13125.86473 5.2745 6370.7 30.044 9835.3 20.86 "" "" 0.0027896488071078433 0.005831163 0.0044256626 0.010256825 79.75178672378 44.75861680371 1207.80347 0.46599999999999997 -1.2879999999999998 1.005644420146942 0.523977744102478 0.12875377 0.11475377 "" "" 6.491928333428042 "" 0.8173035810545451 ""
79.0244746034 45.04620280375 0.0312 0.0224 48.4232 "" "" 208632881129115136 897.134583 1.0921 0.0404 4.134 -13.879 0.048 0.038 1.021 5205.0 4.4194 15.392302 1.052673 15.833488 14.780815 "" "" 860.277954 927.818848 13122.77982 4.3679 6339.0 19.918 9701.4 10.575 "" "" 0.002778918698056195 0.00440722 0.003960355 0.008367576 79.0244746034 45.04620280375 897.134583 4.134 -13.878999999999998 4.6736444201469425 -12.067022255897522 0.13075376 0.120753765 "" "" 55.028321804276736 "" 6.719212227233334 ""
77.80242520404 45.19946703823 0.0265 0.0179 51.3757 "" "" 205682650913447168 1201.35925 0.7975 0.0299 3.564 -6.58 0.038 0.03 0.961 5589.1 4.3685 15.395984 1.034452 15.823307 14.788856 "" "" 1147.76123 1246.30774 13078.35402 4.0225 6398.7 10.454 9629.8 13.028 "" "" 0.002775482793288642 0.0033062918 0.00405479 0.0073610814 77.80242520404 45.19946703823 1201.35925 3.564 -6.58 4.103644420146942 -4.768022255897522 0.120753765 0.112753764 "" "" 35.822496552570584 "" 4.163481450471287 ""
77.95653022983 45.03158537205 0.0303 0.0192 39.5326 "" "" 205665440981497728 1186.13049 0.8081 0.0363 3.17 -6.169 0.041 0.034 1.039 5333.7 4.287 15.396942 1.077781 15.848877 14.771096 "" "" 1142.48181 1233.9082 13066.81408 3.1041 6249.8 9.9019 9788.6 9.0817 "" "" 0.0027673658492343603 0.0032778203 0.0039113215 0.0071891416 77.95653022983 45.03158537205 1186.13049 3.17 -6.168999999999996 3.709644420146942 -4.357022255897522 0.123753764 0.116753764 "" "" 32.17244024330348 "" 3.8525031611818448 ""
78.73715293446 43.81286300674 0.4948 0.3516 40.9587 "" "" 208306021235038976 869.278503 2.0032 0.5609 -0.153 2.036 0.653 0.49 16.234 4654.3 4.6485 15.397729 1.380824 15.952819 14.571995 "" "" 558.314209 1256.3877 13057.35269 57.95 5679.2 40.006 11759.0 55.047 "" "" 0.005550754998185023 0.008141303 0.0063337777 0.014475081 78.73715293446 43.81286300674 869.278503 -0.15300000000000014 2.036 0.3866444201469421 3.847977744102478 0.7357538 0.5727538 "" "" 15.934968299341964 "" 9.156421423108066 ""
77.15124507506 44.61068702568 0.0295 0.0206 50.683 "" "" 205631459200434304 993.800537 0.9642 0.0315 6.141 1.992 0.039 0.033 1.007 5623.9 4.4498 15.398293 1.186654 15.910651 14.723997 "" "" 964.196655 1021.56073 13050.57912 3.3872 5904.1 10.474 10223.0 8.8884 "" "" 0.0027696928693122596 0.0033904254 0.0038954914 0.0072859167 77.15124507506 44.61068702568 993.800537 6.141 1.992 6.680644420146942 3.803977744102478 0.12175377 0.11575376 "" "" 36.2139523646807 "" 4.356987584692634 ""
77.99991629518 45.481524874 0.0282 0.0189 64.9312 "" "" 211740410227384704 1175.72961 0.8124 0.0323 -3.826 -3.198 0.039 0.031 0.985 "" "" 15.398825 1.148724 15.888339 14.739615 "" "" 1131.94434 1216.74878 13044.1865 3.4239 6026.7 10.554 10077.0 11.576 "" "" 0.0027700195357343834 0.0033764148 0.0039798673 0.0073562823 77.99991629518 45.481524874 1175.72961 -3.825999999999999 -3.1980000000000004 -3.286355579853058 -1.386022255897522 0.12175377 0.113753766 "" "" 19.876946958874267 "" 2.396756237498196 ""
77.14232380279 44.09588120433 0.0315 0.0217 53.6675 "" "" 202601823630027520 892.05072 1.0842 0.032 -4.282 5.128 0.04 0.033 1.067 5789.9 4.6302 15.4001 1.12462 15.876324 14.751704 "" "" 867.839966 918.542847 13028.86927 3.5057 6093.8 10.489 9965.0 11.045 "" "" 0.002770764461155387 0.003358211 0.0039663482 0.007324559 77.14232380279 44.09588120433 892.05072 -4.282000000000001 5.128 -3.742355579853058 6.939977744102478 0.12275376 0.11575376 "" "" 33.33904393409951 "" 3.912908537457286 ""
78.69140276096 45.28794307544 0.037 0.0261 54.5308 "" "" 208697546157154048 1092.54517 0.8775 0.0438 0.774 -8.918 0.052 0.042 1.412 "" "" 15.402265 1.23636 15.91804 14.681681 "" "" 1047.19751 1155.50989 13002.92354 5.4353 5864.1 11.6 10629.0 26.192 "" "" 0.0027924476645179745 0.0035210536 0.0046305377 0.008151591 78.69140276096 45.28794307544 1092.54517 0.774 -8.918 1.3136444201469422 -7.106022255897521 0.13475376 0.12475376 "" "" 37.42322621400894 "" 4.681532684901348 ""
78.42543584508 44.0879658815 0.0331 0.0228 20.6452 "" "" 208369827269155968 1039.61536 0.921 0.0349 0.193 -10.863 0.05 0.037 0.992 "" "" 15.402361 1.125112 15.883368 14.758255 "" "" 1011.80237 1072.9707 13001.76267 3.7305 6054.4 9.6495 9905.0 12.941 "" "" 0.0027728749584472107 0.0032832136 0.0040368238 0.007320037 78.42543584508 44.0879658815 1039.61536 0.1929999999999994 -10.863 0.7326444201469422 -9.051022255897522 0.13275376 0.11975376 "" "" 44.74729905086244 "" 5.362648234900685 ""
78.37711845109 45.33740536927 0.0317 0.02 55.0564 "" "" 211682552725730688 1076.38196 0.8883 0.041 -7.556 -8.322 0.046 0.035 0.979 5483.1 4.5456 15.409654 1.103676 15.879027 14.775352 "" "" 1036.93762 1114.80786 12914.72936 3.576 6078.6 12.006 9750.3 9.8233 "" "" 0.002771672697200861 0.0035190596 0.003934497 0.0074535566 78.37711845109 45.33740536927 1076.38196 -7.556 -8.322 -7.016355579853058 -6.510022255897521 0.12875377 0.11775376 "" "" 48.83321633394754 "" 6.044893581609507 ""
78.95399596928 44.64916065389 0.0506 0.0358 30.9168 "" "" 208420984623273216 1266.55371 0.7585 0.0571 1.749 -3.752 0.07 0.054 2.101 6864.8 4.2656 15.410887 1.04994 15.822404 14.772464 "" "" 1190.60754 1351.92859 12900.06791 9.5682 6404.1 11.499 9776.3 12.19 "" "" 0.0028705943712202062 0.00340377 0.0040145353 0.0074183056 78.95399596928 44.64916065389 1266.55371 1.7490000000000014 -3.752 2.2886444201469422 -1.9400222558975218 0.15275377 0.13675377 "" "" 18.011974234231275 "" 2.6347374868719746 ""
79.36072062246 44.36391851314 0.0292 0.0206 45.3624 "" "" 208358076238203392 1121.06128 0.8567 0.0328 5.589 -7.289 0.039 0.03 1.013 4852.6 4.2471 15.411012 1.152699 15.885194 14.732494 "" "" 1081.45093 1162.12329 12898.59019 4.6989 6044.2 16.178 10143.0 15.464 "" "" 0.0027835647185661017 0.0040287036 0.0041259886 0.008154692 79.36072062246 44.36391851314 1121.06128 5.589 -7.289 6.1286444201469426 -5.477022255897522 0.12175377 0.112753764 "" "" 43.67634261372528 "" 5.1469238817278 ""
77.69169379374 45.1050297516 0.0269 0.0173 48.6587 "" "" 205680696705352320 1093.25964 0.8806 0.0291 0.53 -3.03 0.036 0.028 1.007 5336.8 4.3647 15.411362 1.036999 15.844461 14.807463 "" "" 1046.10913 1132.15063 12894.4222 3.1692 6275.3 11.754 9466.1 10.466 "" "" 0.0027682124037888213 0.0034526463 0.003965443 0.0074180895 77.69169379374 45.1050297516 1093.25964 0.5300000000000001 -3.0300000000000002 1.0696444201469422 -1.2180222558975218 0.11875376 0.11075376 "" "" 8.400226294349741 "" 0.9601953874781951 ""
77.63665104875 43.53368634227 0.0323 0.0205 60.581 "" "" 202349794949238144 1207.91113 0.8005 0.0376 -0.78 1.589 0.056 0.038 1.095 5865.0 4.4299 15.412541 1.105249 15.873857 14.768609 "" "" 1149.0022 1260.85901 12880.42253 3.2397 6107.6 9.6393 9811.0 12.991 "" "" 0.002768820184142366 0.003274345 0.0040435838 0.0073179286 77.63665104875 43.53368634227 1207.91113 -0.7799999999999998 1.589 -0.2403555798530579 3.400977744102478 0.13875377 0.120753765 "" "" 19.52086144868452 "" 2.359093183158229 ""
79.17160668353 44.61226777392 0.0263 0.0201 38.7786 "" "" 208417789164759936 1166.43335 0.814 0.0329 3.904 -3.448 0.041 0.032 0.962 4843.8 4.2444 15.415276 1.15616 15.911117 14.754956 "" "" 1127.16821 1215.19434 12848.02418 4.1062 5901.6 12.957 9935.2 12.343 "" "" 0.0027770843756871337 0.0036697777 0.004012875 0.007682652 79.17160668353 44.61226777392 1166.43335 3.9040000000000017 -3.4480000000000004 4.443644420146942 -1.636022255897522 0.123753764 0.11475377 "" "" 26.180667660414457 "" 3.2127380303300153 ""
78.42045772149 44.10096079775 0.0368 0.0256 19.8366 "" "" 208369895988628096 1086.31348 0.8799 0.0411 -0.469 -1.778 0.054 0.041 1.168 5709.7 4.5418 15.415592 1.078715 15.868171 14.789455 "" "" 1038.26331 1141.57422 12844.28355 16.883 6139.7 36.849 9624.5 32.01 "" "" 0.003102981454682224 0.007088551 0.00522717 0.01231572 78.42045772149 44.10096079775 1086.31348 -0.46899999999999986 -1.778 0.07064442014694217 0.033977744102478 0.13675377 0.123753764 "" "" 0.40364421867758826 "" 0.05425277253776286 ""
79.26876996914 44.3860425587 0.122 0.0871 41.3359 "" "" 208358832152464000 891.811829 1.1125 0.1509 3.011 -2.622 0.164 0.139 4.373 5471.7 4.7197 15.415918 1.154378 15.87147 14.717092 "" "" 775.626831 1011.25421 12840.43088 13.9 6121.1 18.375 10288.0 19.795 "" "" 0.00299552798178548 0.0042904518 0.0043183165 0.008608768 79.26876996914 44.3860425587 891.811829 3.010999999999999 -2.622 3.5506444201469423 -0.8100222558975219 0.24675377 0.22175376 "" "" 15.394866371391236 "" 3.780622825083555 ""
77.41106286166 44.8906609119 0.038 0.0238 47.4489 "" "" 205670899881982848 926.541321 1.0496 0.0374 5.986 -7.353 0.053 0.04 0.992 5491.4 4.5196 15.416378 1.18575 15.927498 14.741748 "" "" 895.172913 954.219727 12834.99165 6.3192 5813.2 15.481 10057.0 19.166 "" "" 0.002806694917646103 0.0040181135 0.004308714 0.008326828 77.41106286166 44.8906609119 926.541321 5.986 -7.353 6.525644420146942 -5.541022255897522 0.13575377 0.12275376 "" "" 37.59728597139957 "" 4.905140773975234 ""
78.65940913016 43.64129985461 0.0301 0.0216 49.2183 "" "" 208295472795448320 1070.13123 0.8985 0.0329 -0.592 -1.791 0.04 0.031 1.068 5443.5 4.3973 15.417892 1.061133 15.861222 14.800089 "" "" 1035.37646 1106.72778 12817.10278 6.6572 6179.1 18.652 9530.7 14.464 "" "" 0.0028124380272318912 0.0043042023 0.0041229557 0.008427158 78.65940913016 43.64129985461 1070.13123 -0.5919999999999995 -1.791 -0.05235557985305783 0.020977744102478102 0.12275376 0.113753766 "" "" 0.2860941576256888 "" 0.03477430871181593 ""
79.06965805716 43.93431534738 0.0326 0.0221 43.9774 "" "" 208328286347011840 1264.36206 0.7445 0.0349 -2.49 -7.495 0.053 0.034 1.122 6364.6 4.4664 15.418798 1.024448 15.840617 14.816169 "" "" 1212.9115 1332.40051 12806.42119 4.8247 6297.5 11.043 9390.5 11.036 "" "" 0.002785516812857523 0.0033778495 0.0039889696 0.0073668193 79.06965805716 43.93431534738 1264.36206 -2.49 -7.495 -1.950355579853058 -5.683022255897522 0.13575377 0.116753764 "" "" 36.0086782786547 "" 4.28139465182665 ""
79.21188136496 43.68045888062 0.0347 0.0231 59.1795 "" "" 207559173665751424 898.995422 1.0718 0.0401 3.154 -4.092 0.048 0.033 1.171 5699.4 4.5663 15.419818 1.19775 15.895748 14.697998 "" "" 870.553101 936.142639 12794.38888 5.4591 5985.7 13.467 10470.0 14.177 "" "" 0.002793993595808396 0.0037083835 0.0040552523 0.007763636 79.21188136496 43.68045888062 898.995422 3.154 -4.0920000000000005 3.693644420146942 -2.2800222558975216 0.13075376 0.11575376 "" "" 18.496675658281518 "" 2.3452405056757804 ""
78.45185345489 44.52686833704 0.029 0.0199 8.9079 "" "" 208580589905128448 991.133179 0.9736 0.0338 -2.782 -3.676 0.04 0.033 1.056 5547.4 4.4797 15.42111 1.218665 15.954288 14.735622 "" "" 965.988281 1019.18573 12779.17315 3.5219 5671.6 15.057 10114.0 11.216 "" "" 0.002771520393548597 0.0040116566 0.0039665387 0.007978195 78.45185345489 44.52686833704 991.133179 -2.782 -3.676 -2.242355579853058 -1.8640222558975221 0.12275376 0.11575376 "" "" 13.699027662229446 "" 1.6430974976862804 ""
77.33919651669 45.25955572845 0.0288 0.0197 64.9688 "" "" 205729487533400320 1123.53809 0.8534 0.0318 0.812 -6.725 0.042 0.034 1.038 5482.6 4.4164 15.421136 1.150196 15.910913 14.760717 "" "" 1085.65332 1169.60376 12778.86461 3.5778 5902.7 10.167 9882.6 10.477 "" "" 0.0027720379782580217 0.0033589206 0.003950774 0.007309695 77.33919651669 45.25955572845 1123.53809 0.812 -6.725000000000001 1.3516444201469422 -4.913022255897522 0.12475376 0.116753764 "" "" 27.136763529032514 "" 3.1840787018735286 ""
79.23449055888 43.73419341541 0.0298 0.0207 57.4607 "" "" 207572475179820672 883.09314 1.0922 0.0345 3.292 -8.412 0.042 0.03 1.024 5112.2 4.4586 15.423582 1.219668 15.957135 14.737467 "" "" 848.79895 911.872864 12750.11376 4.2987 5656.7 19.731 10097.0 12.889 "" "" 0.0027795298709836604 0.0047039776 0.0040254956 0.008729473 79.23449055888 43.73419341541 883.09314 3.2920000000000003 -8.412 3.831644420146942 -6.600022255897523 0.12475376 0.112753764 "" "" 31.944950539848215 "" 3.7022884527770654 ""
78.53523358708 45.21064932693 0.1119 0.1286 48.3641 "" "" 208676350495256192 874.107178 1.1063 0.0519 -0.224 -3.65 0.153 0.17 1.137 "" "" 15.426605 "" "" "" "" "" 840.713684 922.233826 12714.65177 14.758 "" "" "" "" "" "" 0.0030298433933651325 "" "" "" 78.53523358708 45.21064932693 874.107178 -0.22399999999999998 -3.6500000000000012 0.31564442014694216 -1.8380222558975219 0.23575376 0.25275376 "" "" 7.72689740202023 "" 1.9493626291041217 ""
78.36244012018 43.67676518802 0.0319 0.0192 44.7327 "" "" 208309457209004288 1008.9082 0.9521 0.0357 -0.044 -5.006 0.038 0.03 0.977 5314.3 4.4048 15.429139 1.053974 15.869946 14.815971 "" "" 969.497253 1046.10327 12685.0196 5.0168 6129.7 11.481 9392.3 17.809 "" "" 0.0027885788436798446 0.0034526167 0.004303714 0.0077563305 78.36244012018 43.67676518802 1008.9082 -0.043999999999999595 -5.005999999999999 0.49564442014694216 -3.194022255897522 0.120753765 0.112753764 "" "" 15.457347439163446 "" 1.7458823990955137 ""
78.19257130762 43.54785327836 0.0304 0.0192 52.6276 "" "" 202303817321338880 857.796326 1.1227 0.0346 1.323 -4.222 0.037 0.031 1.042 4746.7 4.3094 15.434464 1.32956 16.026457 14.696897 "" "" 830.509583 880.390991 12622.95065 3.2036 5306.8 8.9515 10481.0 10.122 "" "" 0.0027690644008126638 0.0033375348 0.0039221393 0.0072596744 78.19257130762 43.54785327836 857.796326 1.323 -4.222 1.862644420146942 -2.4100222558975224 0.11975376 0.113753766 "" "" 12.384587650293227 "" 1.4370311472480113 ""
77.47703402289 45.12226350759 0.03 0.0199 54.9111 "" "" 205678463321944960 1209.26172 0.7851 0.034 4.041 -3.852 0.041 0.034 1.021 5063.0 4.3119 15.43511 1.115312 15.90661 14.791299 "" "" 1166.74377 1250.14148 12615.45042 3.1688 5926.2 12.316 9608.1 10.102 "" "" 0.0027687841013893863 0.0035883738 0.0039480194 0.007536393 77.47703402289 45.12226350759 1209.26172 4.041 -3.852 4.5806444201469425 -2.040022255897522 0.123753764 0.116753764 "" "" 28.741920249016477 "" 3.5244136749067296 ""
77.25476926573 45.271358113 0.0867 0.0594 67.8273 "" "" 205741135484724096 938.984436 1.0569 0.0987 0.362 -2.291 0.133 0.098 3.609 6210.3 4.3156 15.4352 1.134847 15.887725 14.752878 "" "" 867.433594 1039.14734 12614.41177 9.2508 6030.1 10.332 9954.2 12.681 "" "" 0.0028680596131358707 0.0033534735 0.0040245308 0.0073780045 77.25476926573 45.271358113 938.984436 0.36200000000000027 -2.2910000000000004 0.9016444201469421 -0.4790222558975219 0.21575376 0.18075377 "" "" 4.5442178241544395 "" 0.9477158172638446 ""
78.42088773893 45.37055726845 0.0299 0.0202 57.1717 "" "" 211682965042570368 970.529175 1.0012 0.0386 3.58 -11.404 0.045 0.035 1.013 5225.5 4.4128 15.435799 1.084955 15.872637 14.787682 "" "" 931.563782 1008.3623 12607.4547 3.6238 6114.5 24.45 9640.2 25.102 "" "" 0.002772937280828955 0.005160802 0.0047197905 0.009880593 78.42088773893 45.37055726845 970.529175 3.579999999999999 -11.404 4.119644420146942 -9.592022255897522 0.12775376 0.11775376 "" "" 48.02386097242956 "" 5.732424428873137 ""
