Clusters/ASCC_13/ASCC_13_members.tsv
# %ECSV 1.0
# ---
# datatype:
# - name: RA_ICRS_1
#   unit: deg
#   datatype: float64
#   format: '{:15.11f}'
#   description: Right ascension (ICRS) at Ep=2016.0 (ra)
#   meta: !!omap
#   - {ucd: POS_EQ_RA_MAIN}
#   - {width: 15}
#   - {precision: '11'}
# - name: DE_ICRS_1
#   unit: deg
#   datatype: float64
#   format: '{:15.11f}'
#   description: Declination (ICRS) at Ep=2016.0 (dec)
#   meta: !!omap
#   - {ucd: POS_EQ_DEC_MAIN}
#   - {width: 15}
#   - {precision: '11'}
# - name: e_RA_ICRS
#   unit: mas
#   datatype: float64
#   format: '{:7.4f}'
#   description: Standard error of right ascension (ra_error)
#   meta: !!omap
#   - {ucd: ERROR}
#   - {width: 7}
#   - {precision: '4'}
# - name: e_DE_ICRS
#   unit: mas
#   datatype: float64
#   format: '{:7.4f}'
#   description: Standard error of declination (dec_error)
#   meta: !!omap
#   - {ucd: ERROR}
#   - {width: 7}
#   - {precision: '4'}
# - name: _r_1
#   unit: ''
#   datatype: float64
#   format: '{:7.4f}'
#   description: Distance from center (078.30570988000+44.42119510000)[ICRS], at Epoch=J2016.0
#   meta: !!omap
#   - {ucd: POS_ANG_DIST_GENERAL}
#   - {width: 7}
#   - {precision: '4'}
# - name: HIP
#   datatype: int32
#   description: '? HIP cross-id number, van Leeuwen, Cat. I/311 (hip_original_ext_source_id)'
#   meta: !!omap
#   - {ucd: ID_NUMBER}
#   - {width: 6}
#   - values: {'null': -2147483648}
# - name: TYC2
#   datatype: string
#   description: Tycho-2 cross-id name, Hog et al., Cat. I/259 (tyc2_original_ext_source_id)
#   meta: !!omap
#   - {ucd: ID_CROSSID}
#   - {_votable_string_dtype: char}
# - name: Source
#   datatype: int64
#   description: Source identifier, identical to the Gaia-EDR3 source_id (id)
#   meta: !!omap
#   - {ucd: ID_MAIN}
#   - {width: 19}
# - name: rgeo
#   unit: pc
#   datatype: float64
#   format: '{:15.8f}'
#   description: '? Median of the geometric distance posterior (r_med_geo)'
#   meta: !!omap
#   - {ucd: PHYS_DISTANCE_TRUE}
#   - {width: 15}
#   - {precision: '8'}
#   - values: {'null': .nan}
# - name: Plx
#   unit: mas
#   datatype: float64
#   format: '{:9.4f}'
#   description: '? Parallax (parallax)'
#   meta: !!omap
#   - {ucd: POS_PARLX_TRIG}
#   - {width: 9}
#   - {precision: '4'}
#   - values: {'null': .nan}
# - name: e_Plx
#   unit: mas
#   datatype: float32
#   format: '{:7.4f}'
#   description: '? Standard error of parallax (parallax_error)'
#   meta: !!omap
#   - {ucd: ERROR}
#   - {width: 7}
#   - {precision: '4'}
#   - values: {'null': .nan}
# - name: pmRA
#   unit: mas / yr
#   datatype: float64
#   format: '{:9.3f}'
#   description: '? Proper motion in right ascension direction, pmRA*cosDE (pmra)'
#   meta: !!omap
#   - {ucd: POS_EQ_PMRA}
#   - {width: 9}
#   - {precision: '3'}
#   - values: {'null': .nan}
# - name: pmDE
#   unit: mas / yr
#   datatype: float64
#   format: '{:9.3f}'
#   description: '? Proper motion in declination direction (pmdec)'
#   meta: !!omap
#   - {ucd: POS_EQ_PMDEC}
#   - {width: 9}
#   - {precision: '3'}
#   - values: {'null': .nan}
# - name: e_pmRA
#   unit: mas / yr
#   datatype: float32
#   format: '{:6.3f}'
#   description: '? Standard error of proper motion in right ascension direction (pmra_error)'
#   meta: !!omap
#   - {ucd: ERROR}
#   - {width: 6}
#   - {precision: '3'}
#   - values: {'null': .nan}
# - name: e_pmDE
[...]
#       distance: !astropy.table.SerializedColumn
#         __class__: astropy.coordinates.distances.Distance
#         unit: !astropy.units.Unit {unit: pc}
#         value: !astropy.table.SerializedColumn {name: SkyCoord.distance}
#       frame: icrs
#       obstime: !astropy.time.Time {format: jyear_str, in_subfmt: '*', jd1: 367701545.0, jd2: 0.0, out_subfmt: '*', precision: 3, scale: tt}
#       pm_dec: !astropy.table.SerializedColumn
#         __class__: astropy.units.quantity.Quantity
#         unit: !astropy.units.Unit {unit: mas / yr}
#         value: !astropy.table.SerializedColumn {name: SkyCoord.pm_dec}
#       pm_ra_cosdec: !astropy.table.SerializedColumn
#         __class__: astropy.units.quantity.Quantity
#         unit: !astropy.units.Unit {unit: mas / yr}
#         value: !astropy.table.SerializedColumn {name: SkyCoord.pm_ra_cosdec}
#       ra: !astropy.table.SerializedColumn
#         __class__: astropy.coordinates.angles.Longitude
#         unit: *id001
#         value: !astropy.table.SerializedColumn {name: SkyCoord.ra}
#         wrap_angle: !astropy.coordinates.Angle
#           unit: *id001
#           value: 360.0
#       representation_type: spherical
# schema: astropy-2.0
RA_ICRS_1 DE_ICRS_1 e_RA_ICRS e_DE_ICRS _r_1 HIP TYC2 Source rgeo Plx e_Plx pmRA pmDE e_pmRA e_pmDE RUWE Teff logg Gmag BP-RP BPmag RPmag RV e_RV b_rgeo B_rgeo FG e_FG FBP e_FBP FRP e_FRP RAVE5 RAVE6 e_Gmag e_BPmag e_RPmag e_BP-RP SkyCoord.ra SkyCoord.dec SkyCoord.distance SkyCoord.pm_ra_cosdec SkyCoord.pm_dec rmRA rmDE e_rmRA e_rmDE rRV e_rRV v_pec v_pec3d e_vpec e_vpec3d Pmemb
78.1572949922 44.43516484119 0.0436 0.0252 6.4142 24279 2908-801-1 208590824807687424 1266.72913 0.7699 0.047 -0.555 -1.99 0.069 0.044 1.298 7999.8 2.6355 7.739921 0.108211 7.756777 7.648567 "" "" 1196.75427 1336.69702 15100057.22192 4269.0 10782000.0 6695.0 6914000.0 2299.6 "" "" 0.0027723653342633927 0.0028704645 0.003796595 0.0066670594 78.1572949922 44.43516484119 1266.72913 -0.5549999999999999 -1.9899999999999993 -0.01535557985305791 -0.17802225589752196 0.15175375 0.12675376 "" "" 1.0728673653061283 "" 0.1362074200819255 "" 0.9
78.26014419546 44.36097919006 0.024 0.0159 4.1073 "" 2908-1383-1 208577909845632000 1091.53174 0.8817 0.0274 -0.615 -1.783 0.038 0.028 1.353 "" "" 11.050956 0.271585 11.139275 10.867689 10.52 15.09 1056.08936 1127.06226 715425.84016 257.49 478310.0 234.93 356520.0 103.32 "" "" 0.0027828923378371033 0.002840675 0.003792457 0.0066331318 78.26014419546 44.36097919006 1091.53174 -0.615 -1.783 -0.07535557985305785 0.02897774410247811 0.120753765 0.11075376 24.86272727272727 20.051819 0.4177126756072475 24.86623597003333 0.049921872632025535 20.04898949597075 0.8
78.8227937336 43.62231097346 0.0222 0.0148 52.8701 "" 2908-1078-1 207549140620465536 1082.53735 0.8639 0.023 -0.616 -1.836 0.027 0.021 1.019 "" "" 11.417092 0.230144 11.494239 11.264095 -37.3 19.31 1042.87036 1118.9967 510633.99609 217.34 344920.0 208.57 247470.0 76.142 "" "" 0.0027938045339504112 0.0028663715 0.003794117 0.0066604884 78.8227937336 43.62231097346 1082.53735 -0.616 -1.8360000000000003 -0.07635557985305785 -0.02402225589752205 0.109753765 0.10375376 -22.957272727272724 24.271818 0.4107303929887397 22.960946638370654 0.0448627996295125 24.267934514624546 0.8
77.96101895484 43.87721842668 0.0247 0.0153 35.8536 "" 2908-552-1 202372193199103360 1011.45752 0.9238 0.0286 -0.582 -1.736 0.035 0.026 1.274 7997.4 3.9824 11.603912 0.209203 11.669901 11.460698 "" "" 986.717957 1045.71521 429914.3938 156.47 293400.0 166.7 206480.0 87.396 "" "" 0.002783512371847137 0.002857549 0.0038072192 0.0066647683 77.96101895484 43.87721842668 1011.45752 -0.5820000000000001 -1.7359999999999998 -0.04235557985305782 0.07597774410247804 0.11775376 0.10875376 "" "" 0.41703906964564924 "" 0.04627200621583885 "" 0.8
78.58487575796 45.17431974089 0.018 0.0131 46.7244 "" "" 208672394826580608 1068.56921 0.9056 0.0216 -0.557 -1.861 0.025 0.021 1.359 "" "" 12.231734 0.309514 12.340214 12.0307 -0.55 33.95 1048.36658 1092.88904 241131.00182 66.39 158250.0 88.213 122150.0 53.645 "" "" 0.00277148883588734 0.002855055 0.0038093424 0.006664397 78.58487575796 45.17431974089 1068.56921 -0.5570000000000002 -1.8610000000000002 -0.017355579853057912 -0.04902225589752196 0.10775376 0.10375376 13.792727272727271 38.91182 0.26340030822546956 13.795242126987404 0.027448124210605312 38.90472588869338 0.8
78.68298818535 44.08795690676 0.015 0.0105 25.7419 "" "" 208371094281050112 1021.33075 0.9459 0.0171 -0.486 -1.618 0.021 0.015 1.053 "" "" 12.349798 0.34768 12.474146 12.126466 "" "" 1003.57507 1040.18262 216285.52088 43.949 139880.0 93.091 111830.0 54.401 "" "" 0.002764138709656074 0.0028822122 0.0038161092 0.0066983216 78.68298818535 44.08795690676 1021.33075 -0.486 -1.6180000000000003 0.05364442014694215 0.19397774410247792 0.10375376 0.09775376 "" "" 0.974315350331397 "" 0.09567010740616066 "" 0.8
78.17096678797 44.36592643623 0.0179 0.0109 6.661 "" "" 208578455301876864 1061.13452 0.9115 0.018 -0.681 -1.801 0.026 0.019 0.997 10056.3 4.1241 12.413207 0.31325 12.523476 12.210226 "" "" 1041.11816 1082.74683 204015.8807 51.393 133670.0 79.952 103530.0 43.333 "" "" 0.0027688615095118976 0.0028647482 0.0038066052 0.0066713532 78.17096678797 44.36592643623 1061.13452 -0.681 -1.8009999999999997 -0.1413555798530579 0.010977744102478093 0.10875376 0.101753764 "" "" 0.7131279454733982 "" 0.07752637898560806 "" 0.8
78.25577894069 44.40243152326 0.0148 0.0095 2.4181 "" 2908-317-1 208578249143445760 1101.54053 0.8728 0.017 -0.666 -1.856 0.023 0.017 0.96 9753.0 4.054 12.464534 0.35476 12.591519 12.236759 "" "" 1081.25171 1119.04944 194595.77439 49.943 125550.0 75.15 101030.0 40.026 "" "" 0.0027693749377395386 0.0028648558 0.0038037815 0.0066686375 78.25577894069 44.40243152326 1101.54053 -0.6659999999999993 -1.856 -0.1263555798530579 -0.04402225589752207 0.105753765 0.09975377 "" "" 0.6986346423932835 "" 0.07344105576363882 "" 0.8
78.34908341185 44.89064087396 0.0124 0.0084 28.2275 "" "" 208650580691586560 1046.34863 0.9257 0.0137 -0.56 -1.889 0.018 0.013 0.947 7983.2 3.9525 12.560285 0.368546 12.69206 12.323514 "" "" 1032.1073 1059.11865 178169.25605 46.973 114440.0 51.183 93272.0 33.385 "" "" 0.0027701491517584886 0.0028321103 0.0037993095 0.00663142 78.34908341185 44.89064087396 1046.34863 -0.56 -1.8889999999999998 -0.020355579853057915 -0.07702225589752199 0.10075376 0.09575376 "" "" 0.3951221620940536 "" 0.03796654701625988 "" 0.9
77.12993863642 45.00681047013 0.016 0.0096 61.2185 "" "" 205700384835140224 1039.14233 0.9289 0.0165 -0.547 -1.778 0.026 0.017 0.904 9582.8 4.2505 12.663871 0.487843 12.845179 12.357336 "" "" 1022.38556 1055.28088 161956.53103 30.931 99391.0 55.648 90411.0 30.691 "" "" 0.002763111750567474 0.0028556227 0.0037973106 0.0066529335 77.12993863642 45.00681047013 1039.14233 -0.5470000000000003 -1.778000000000001 -0.007355579853057903 0.033977744102478 0.10875376 0.09975377 "" "" 0.17123525019232194 "" 0.017153312560027854 "" 0.8
78.30922899871 44.35575708392 0.0184 0.0106 3.9292 "" "" 208574817469172480 1074.03394 0.8974 0.0206 -0.639 -1.877 0.025 0.018 1.028 9348.6 4.182 12.885078 0.426162 13.042318 12.616157 "" "" 1053.20032 1096.81531 132103.76203 31.405 82888.0 42.015 71235.0 32.004 "" "" 0.0027673834444413375 0.0028439288 0.0038107308 0.0066546593 78.30922899871 44.35575708392 1074.03394 -0.6389999999999998 -1.8770000000000013 -0.09935557985305787 -0.06502225589752197 0.10775376 0.10075376 "" "" 0.6045010341663047 "" 0.06389781086065796 "" 0.8
77.17340443705 45.02263039456 0.0196 0.0118 60.2685 "" "" 205700590993557248 1026.60083 0.9364 0.0176 -0.532 -1.879 0.032 0.019 0.908 9285.1 4.2935 12.984919 0.471657 13.159758 12.688101 "" "" 1008.22516 1046.56274 120497.90127 41.299 74390.0 42.043 66668.0 26.511 "" "" 0.0027803351509184436 0.0028568488 0.003803963 0.0066608116 77.17340443705 45.02263039456 1026.60083 -0.5320000000000008 -1.8790000000000022 0.00764442014694211 -0.06702225589752198 0.11475377 0.101753764 "" "" 0.328250723399603 "" 0.03345899724556749 "" 0.9
78.14538504525 44.61967645503 0.0123 0.0076 13.7427 "" "" 208596532823772160 1058.98474 0.9062 0.0133 -0.527 -1.859 0.017 0.013 0.958 9179.9 4.2529 13.057517 0.470924 13.231046 12.760121 "" "" 1044.33813 1073.41968 112704.18958 37.948 69662.0 38.796 62389.0 26.831 "" "" 0.002779466215129242 0.0028549377 0.0038081165 0.006663054 78.14538504525 44.61967645503 1058.98474 -0.527 -1.859 0.012644420146942115 -0.04702225589752196 0.09975377 0.09575376 "" "" 0.2444170123775941 "" 0.0234710552580262 "" 1.0
78.21359560278 44.53174325904 0.0159 0.0088 7.7167 "" "" 208592478374661632 1016.11328 0.948 0.0173 -0.598 -1.641 0.023 0.015 1.056 7287.7 4.1296 13.091962 0.745741 13.380765 12.635024 "" "" 999.663452 1033.00146 109184.76783 79.716 60689.0 171.45 70008.0 128.35 "" "" 0.002867082051424679 0.0041464665 0.0042715343 0.008418001 78.21359560278 44.53174325904 1016.11328 -0.5979999999999995 -1.6410000000000018 -0.05835557985305784 0.170977744102478 0.105753765 0.09775376 "" "" 0.8701363511441674 "" 0.08581177903393619 "" 0.9
78.21480143592 44.37270925469 0.0154 0.0101 4.8633 "" "" 208577841126158208 1070.82227 0.8925 0.0166 -0.668 -1.822 0.025 0.016 1.084 "" "" 13.16862 0.486974 13.349054 12.862081 "" "" 1054.51868 1086.2168 101741.66003 37.808 62488.0 34.913 56797.0 30.919 "" "" 0.002784703913527323 0.0028553517 0.0038253192 0.006680671 78.21480143592 44.37270925469 1070.82227 -0.6680000000000001 -1.8219999999999996 -0.1283555798530579 -0.010022255897522037 0.10775376 0.098753765 "" "" 0.6534770979931804 "" 0.07038045547701492 "" 0.9
78.07877091511 44.55802665153 0.0215 0.0122 12.7183 "" "" 202591477051954688 937.095581 1.0318 0.0223 -0.401 -1.892 0.032 0.021 1.534 9430.6 4.3982 13.195303 0.562606 13.394749 12.832143 "" "" 918.932739 956.214966 99271.7105 35.2 59913.0 38.289 58385.0 30.406 "" "" 0.0027820857761087464 0.0028751525 0.0038214452 0.0066965977 78.07877091511 44.55802665153 937.095581 -0.4009999999999991 -1.8920000000000001 0.13864442014694212 -0.08002225589752188 0.11475377 0.10375376 "" "" 0.7110518300799676 "" 0.07971332769235012 "" 0.9
78.39635036749 44.40273753491 0.0187 0.0106 4.0396 "" "" 208576466736674944 1063.21802 0.9068 0.0201 -0.555 -1.836 0.026 0.018 1.021 7763.8 4.2159 13.618115 0.644173 13.861541 13.217368 "" "" 1040.01379 1089.57434 67251.30532 24.609 38976.0 31.0 40946.0 23.889 "" "" 0.002783816793447349 0.0029207484 0.003832099 0.0067528477 78.39635036749 44.40273753491 1063.21802 -0.5549999999999999 -1.8359999999999985 -0.01535557985305791 -0.02402225589752205 0.10875376 0.10075376 "" "" 0.1436842760999797 "" 0.014819352271141334 "" 0.9
78.26707059939 44.09341844108 0.0163 0.0101 19.7366 "" "" 208380646289285760 1019.35541 0.9409 0.017 -0.55 -1.83 0.021 0.016 1.04 7474.2 4.324 13.673223 0.735463 13.95643 13.220966 "" "" 1005.06659 1037.15356 63923.10356 17.491 35715.0 34.723 40810.0 26.49 "" "" 0.002771290140036619 0.0029831687 0.0038445299 0.0068276986 78.26707059939 44.09341844108 1019.35541 -0.55 -1.83 -0.010355579853057906 -0.018022255897522044 0.10375376 0.098753765 "" "" 0.10043054576121112 "" 0.010044877862272636 "" 1.0
77.71486306381 43.99065847849 0.0155 0.0099 36.2365 "" "" 202560007828803328 1099.26355 0.87 0.0169 -0.569 -1.768 0.02 0.016 1.055 7005.5 4.125 13.932341 0.80885 14.250649 13.441798 "" "" 1078.50256 1115.42212 50351.27109 9.2823 27237.0 17.747 33300.0 20.708 "" "" 0.0027625806750698084 0.002878458 0.0038392176 0.0067176754 77.71486306381 43.99065847849 1099.26355 -0.5690000000000001 -1.7679999999999998 -0.02935557985305781 0.04397774410247801 0.10275376 0.098753765 "" "" 0.2755069771323193 "" 0.02755172983956006 "" 1.0
78.57088038593 43.47913418249 0.0163 0.0116 57.6725 "" "" 207542719646615680 1084.3938 0.8832 0.0174 -0.511 -1.675 0.022 0.017 1.068 6995.6 4.0925 13.959436 0.77883 14.26552 13.48669 "" "" 1063.23315 1107.91162 49110.25296 10.937 26866.0 20.371 31951.0 18.401 "" "" 0.0027659094426629905 0.0029090883 0.0038307589 0.0067398474 78.57088038593 43.47913418249 1084.3938 -0.511 -1.675 0.02864442014694213 0.13697774410247798 0.10475376 0.09975377 "" "" 0.7192990262034199 "" 0.07190708348759142 "" 0.8
77.59166398298 44.14635678822 0.0166 0.0111 34.8226 "" "" 202575985107124096 1086.20337 0.8816 0.0179 -0.498 -1.8 0.023 0.018 1.031 6786.9 4.1323 14.184055 0.863668 14.528389 13.664722 "" "" 1065.58228 1107.33923 39932.33895 6.5163 21089.0 14.264 27119.0 14.863 "" "" 0.0027610107068401445 0.0028851922 0.0038259402 0.0067111324 77.59166398298 44.14635678822 1086.20337 -0.49799999999999933 -1.8000000000000014 0.04164442014694214 0.011977744102477983 0.105753765 0.10075376 "" "" 0.2231029823406761 "" 0.02351061753956814 "" 0.8
78.81401351068 44.3598305386 0.0184 0.0138 22.1025 "" "" 208390992867735424 1110.55505 0.8611 0.0224 -0.459 -1.794 0.027 0.021 0.912 6446.0 4.2418 14.50204 0.931029 14.877951 13.946921 -17.15 9.32 1083.43335 1136.66565 29794.13463 6.941 15284.0 15.431 20912.0 22.738 "" "" 0.002766905758264922 0.002997775 0.00395947 0.006957245 78.81401351068 44.3598305386 1110.55505 -0.45899999999999996 -1.7939999999999987 0.08064442014694212 0.017977744102477988 0.109753765 0.10375376 -2.8072727272727267 14.281818 0.4349351777095421 2.8407655260683664 0.04761545115819043 14.113436762934079 1.0
78.15676315763 44.39420101112 0.0224 0.0141 6.5865 "" "" 208578803198835328 1089.71985 0.8843 0.0245 -0.495 -1.826 0.036 0.025 0.972 6348.1 4.2631 14.508763 0.896261 14.868166 13.971905 -22.98 12.96 1061.73547 1115.36975 29610.21714 5.4583 15422.0 12.591 20436.0 14.044 "" "" 0.0027625796952686983 0.0029275937 0.0038523304 0.006779924 78.15676315763 44.39420101112 1089.71985 -0.4949999999999999 -1.826 0.04464442014694214 -0.01402225589752204 0.11875376 0.10775376 -8.637272727272729 17.921818 0.24170757652324848 8.640654067710269 0.028475090932293712 17.91480446623319 0.8
77.65944203985 44.39604222657 0.0239 0.0162 27.7414 "" "" 202630239133428480 1084.80762 0.8833 0.0256 -0.501 -1.734 0.031 0.026 0.975 5946.3 4.3429 14.923209 1.002389 15.335371 14.332982 "" "" 1055.86938 1119.19397 20214.50856 5.2683 10029.0 10.664 14654.0 11.742 "" "" 0.0027698119419419945 0.0030195818 0.0038782207 0.0068978025 77.65944203985 44.39604222657 1084.80762 -0.5010000000000003 -1.733999999999999 0.03864442014694214 0.07797774410247804 0.113753766 0.10875376 "" "" 0.4474983304759676 "" 0.04911637433891746 "" 1.0
79.33931725118 44.1661783675 0.0214 0.0174 46.9522 "" "" 208340243534085888 1040.22729 0.9231 0.0259 -0.496 -1.808 0.028 0.023 1.035 5898.1 4.165 14.933557 1.213162 15.455072 14.24191 "" "" 1012.15808 1073.49524 20022.74995 19.746 8982.3 35.509 15937.0 50.543 "" "" 0.0029560532330658294 0.0051193386 0.0051127537 0.010232093 79.33931725118 44.1661783675 1040.22729 -0.4959999999999993 -1.8080000000000003 0.04364442014694214 0.003977744102477976 0.11075376 0.105753765 "" "" 0.21608846703557877 "" 0.02392390877713228 "" 0.8
78.16166757218 44.47633429208 0.0348 0.0195 7.0007 "" "" 208591688100705152 1236.63684 0.7708 0.0367 -0.756 -1.887 0.053 0.035 1.352 5960.7 4.2977 14.956486 1.101366 15.416155 14.314789 "" "" 1177.12964 1289.64246 19604.34959 7.8052 9310.1 16.458 14902.0 14.359 "" "" 0.002789022671066759 0.0033865662 0.003921506 0.0073080724 78.16166757218 44.47633429208 1236.63684 -0.7559999999999999 -1.887 -0.21635557985305787 -0.07502225589752198 0.13575377 0.11775376 "" "" 1.342282398971017 "" 0.17978222714656777 "" 0.8
78.26556878477 45.10352679136 0.022 0.014 40.9756 "" "" 208669169310002816 1104.26917 0.8601 0.0248 -0.512 -1.944 0.029 0.023 0.984 6265.4 4.3316 14.973198 0.9831 15.376887 14.393787 "" "" 1069.08191 1138.47473 19304.90703 5.5318 9653.0 15.734 13856.0 14.156 "" "" 0.002772829398749588 0.0033040745 0.0039388 0.0072428747 78.26556878477 45.10352679136 1104.26917 -0.5119999999999997 -1.9440000000000017 0.027644420146942128 -0.13202225589752192 0.11175376 0.105753765 "" "" 0.7060223648572551 "" 0.07484727881508724 "" 1.0
77.70715422826 44.85404589342 0.0286 0.0163 36.4352 "" "" 205661764489562240 1071.23816 0.8944 0.033 -0.446 -1.839 0.036 0.027 0.961 5782.0 4.336 15.045221 1.071942 15.492121 14.420178 "" "" 1032.76868 1104.48523 18065.84727 4.6664 8681.0 12.142 13523.0 12.773 "" "" 0.0027695557198583994 0.0031766663 0.003916046 0.0070927124 77.70715422826 44.85404589342 1071.23816 -0.44599999999999995 -1.839 0.09364442014694213 -0.02702225589752194 0.11875376 0.109753765 "" "" 0.4948963911858941 "" 0.058440479820804594 "" 0.9
78.20704004182 44.88691172626 0.0236 0.0154 28.2586 "" "" 208649893497335552 1106.96667 0.8684 0.0259 -0.399 -1.856 0.032 0.026 1.055 6302.7 4.4931 15.081583 1.028838 15.510224 14.481386 "" "" 1073.85803 1132.68933 17470.82865 6.4424 8537.4 14.9 12782.0 16.224 "" "" 0.002784256327363712 0.003372784 0.004022799 0.007395583 78.20704004182 44.88691172626 1106.96667 -0.39900000000000013 -1.8559999999999999 0.14064442014694212 -0.04402225589752207 0.11475377 0.10875376 "" "" 0.7732695678616024 "" 0.0883315082198138 "" 0.9
78.25080410354 44.3302489641 0.0327 0.0208 5.9431 "" "" 208574508231540864 920.453491 1.0512 0.0355 -0.399 -1.726 0.047 0.035 0.93 5549.7 4.6181 15.304517 1.091327 15.765373 14.674046 "" "" 876.477783 949.246643 14227.87804 3.4924 6749.4 13.003 10704.0 17.125 "" "" 0.002768179045043642 0.0034871656 0.0041594496 0.007646615 78.25080410354 44.3302489641 920.453491 -0.39900000000000024 -1.726 0.14064442014694212 0.08597774410247805 0.12975377 0.11775376 "" "" 0.7191991877648757 "" 0.09105202017298576 "" 0.8
