Clusters/ASCC_13/ASCC_13_stars_in_region.tsv
# %ECSV 1.0
# ---
# datatype:
# - name: RA_ICRS_1
#   unit: deg
#   datatype: float64
#   format: '{:15.11f}'
#   description: Right ascension (ICRS) at Ep=2016.0 (ra)
#   meta: !!omap
#   - {ucd: POS_EQ_RA_MAIN}
#   - {width: 15}
#   - {precision: '11'}
# - name: DE_ICRS_1
#   unit: deg
#   datatype: float64
#   format: '{:15.11f}'
#   description: Declination (ICRS) at Ep=2016.0 (dec)
#   meta: !!omap
#   - {ucd: POS_EQ_DEC_MAIN}
#   - {width: 15}
#   - {precision: '11'}
# - name: e_RA_ICRS
#   unit: mas
#   datatype: float64
#   format: '{:7.4f}'
#   description: Standard error of right ascension (ra_error)
#   meta: !!omap
#   - {ucd: ERROR}
#   - {width: 7}
#   - {precision: '4'}
# - name: e_DE_ICRS
#   unit: mas
#   datatype: float64
#   format: '{:7.4f}'
#   description: Standard error of declination (dec_error)
#   meta: !!omap
#   - {ucd: ERROR}
#   - {width: 7}
#   - {precision: '4'}
# - name: _r_1
#   unit: ''
#   datatype: float64
#   format: '{:7.4f}'
#   description: Distance from center (078.30570988000+44.42119510000)[ICRS], at Epoch=J2016.0
#   meta: !!omap
#   - {ucd: POS_ANG_DIST_GENERAL}
#   - {width: 7}
#   - {precision: '4'}
# - name: HIP
#   datatype: int32
#   description: '? HIP cross-id number, van Leeuwen, Cat. I/311 (hip_original_ext_source_id)'
#   meta: !!omap
#   - {ucd: ID_NUMBER}
#   - {width: 6}
#   - values: {'null': -2147483648}
# - name: TYC2
#   datatype: string
#   description: Tycho-2 cross-id name, Hog et al., Cat. I/259 (tyc2_original_ext_source_id)
#   meta: !!omap
#   - {ucd: ID_CROSSID}
#   - {_votable_string_dtype: char}
# - name: Source
#   datatype: int64
#   description: Source identifier, identical to the Gaia-EDR3 source_id (id)
#   meta: !!omap
#   - {ucd: ID_MAIN}
#   - {width: 19}
# - name: rgeo
#   unit: pc
#   datatype: float64
#   format: '{:15.8f}'
#   description: '? Median of the geometric distance posterior (r_med_geo)'
#   meta: !!omap
#   - {ucd: PHYS_DISTANCE_TRUE}
#   - {width: 15}
#   - {precision: '8'}
#   - values: {'null': .nan}
# - name: Plx
#   unit: mas
#   datatype: float64
#   format: '{:9.4f}'
#   description: '? Parallax (parallax)'
#   meta: !!omap
#   - {ucd: POS_PARLX_TRIG}
#   - {width: 9}
#   - {precision: '4'}
#   - values: {'null': .nan}
# - name: e_Plx
#   unit: mas
#   datatype: float32
#   format: '{:7.4f}'
#   description: '? Standard error of parallax (parallax_error)'
#   meta: !!omap
#   - {ucd: ERROR}
#   - {width: 7}
#   - {precision: '4'}
#   - values: {'null': .nan}
# - name: pmRA
#   unit: mas / yr
#   datatype: float64
#   format: '{:9.3f}'
#   description: '? Proper motion in right ascension direction, pmRA*cosDE (pmra)'
#   meta: !!omap
#   - {ucd: POS_EQ_PMRA}
#   - {width: 9}
#   - {precision: '3'}
#   - values: {'null': .nan}
# - name: pmDE
#   unit: mas / yr
#   datatype: float64
#   format: '{:9.3f}'
#   description: '? Proper motion in declination direction (pmdec)'
#   meta: !!omap
#   - {ucd: POS_EQ_PMDEC}
#   - {width: 9}
#   - {precision: '3'}
#   - values: {'null': .nan}
# - name: e_pmRA
#   unit: mas / yr
#   datatype: float32
#   format: '{:6.3f}'
#   description: '? Standard error of proper motion in right ascension direction (pmra_error)'
#   meta: !!omap
#   - {ucd: ERROR}
#   - {width: 6}
#   - {precision: '3'}
#   - values: {'null': .nan}
# - name: e_pmDE
[...]
#         value: !astropy.table.SerializedColumn {name: SkyCoord.dec}
#       distance: !astropy.table.SerializedColumn
#         __class__: astropy.coordinates.distances.Distance
#         unit: !astropy.units.Unit {unit: pc}
#         value: !astropy.table.SerializedColumn {name: SkyCoord.distance}
#       frame: icrs
#       obstime: !astropy.time.Time {format: jyear_str, in_subfmt: '*', jd1: 367701545.0, jd2: 0.0, out_subfmt: '*', precision: 3, scale: tt}
#       pm_dec: !astropy.table.SerializedColumn
#         __class__: astropy.units.quantity.Quantity
#         unit: !astropy.units.Unit {unit: mas / yr}
#         value: !astropy.table.SerializedColumn {name: SkyCoord.pm_dec}
#       pm_ra_cosdec: !astropy.table.SerializedColumn
#         __class__: astropy.units.quantity.Quantity
#         unit: !astropy.units.Unit {unit: mas / yr}
#         value: !astropy.table.SerializedColumn {name: SkyCoord.pm_ra_cosdec}
#       ra: !astropy.table.SerializedColumn
#         __class__: astropy.coordinates.angles.Longitude
#         unit: *id001
#         value: !astropy.table.SerializedColumn {name: SkyCoord.ra}
#         wrap_angle: !astropy.coordinates.Angle
#           unit: *id001
#           value: 360.0
#       representation_type: spherical
# schema: astropy-2.0
RA_ICRS_1 DE_ICRS_1 e_RA_ICRS e_DE_ICRS _r_1 HIP TYC2 Source rgeo Plx e_Plx pmRA pmDE e_pmRA e_pmDE RUWE Teff logg Gmag BP-RP BPmag RPmag RV e_RV b_rgeo B_rgeo FG e_FG FBP e_FBP FRP e_FRP RAVE5 RAVE6 e_Gmag e_BPmag e_RPmag e_BP-RP SkyCoord.ra SkyCoord.dec SkyCoord.distance SkyCoord.pm_ra_cosdec SkyCoord.pm_dec rmRA rmDE e_rmRA e_rmDE rRV e_rRV v_pec v_pec3d e_vpec e_vpec3d
[from data line 1635]
78.45037222747 44.88998887985 0.0256 0.0174 28.7973 "" "" 208653432550329088 1142.95667 0.8379 0.0286 5.6 -7.197 0.037 0.028 0.993 5723.1 4.3299 15.329191 1.157532 15.822008 14.664476 "" "" 1108.16809 1175.69409 13908.17764 3.2891 6406.4 13.757 10799.0 12.472 "" "" 0.002767257893466797 0.003636056 0.003981971 0.0076180273 78.45037222747 44.88998887985 1142.95667 5.6 -7.197000000000006 6.139644420146942 -5.385022255897522 0.11975376 0.11075376 "" "" 44.24360520662212 "" 5.129003743250572 ""
78.62739301885 44.86018355745 0.0287 0.0204 29.7045 "" "" 208606325348994048 974.592957 0.9839 0.0331 1.487 -5.525 0.04 0.033 1.056 5365.9 4.3999 15.33071 1.11091 15.801078 14.690167 "" "" 941.186707 1002.40558 13888.73354 4.3658 6531.1 12.031 10546.0 13.9 "" "" 0.0027763770072860637 0.0034329619 0.0040412373 0.007474199 78.62739301885 44.86018355745 974.592957 1.487 -5.525000000000007 2.0266444201469422 -3.7130222558975223 0.12275376 0.11575376 "" "" 19.541287090364786 "" 2.2940969167536336 ""
78.73986371278 43.51673906855 0.027 0.0196 57.4143 "" "" 207548217204703360 920.641418 1.0426 0.0297 -4.906 -9.979 0.036 0.027 1.021 5125.7 4.3734 15.331268 1.040201 15.765817 14.725615 "" "" 898.213867 946.532959 13881.59897 3.6724 6746.7 12.35 10207.0 15.986 "" "" 0.002770251319487724 0.0034256491 0.0041443077 0.0075699566 78.73986371278 43.51673906855 920.641418 -4.906 -9.979 -4.3663555798530576 -8.167022255897521 0.11875376 0.109753765 "" "" 40.413334984192815 "" 4.518899441805285 ""
79.38077402129 45.02100466077 0.0307 0.0213 58.2726 "" "" 208620756438870528 1194.22571 0.8238 0.0351 -0.855 -1.626 0.044 0.032 1.014 5627.1 4.3559 15.333295 1.353777 15.929626 14.575849 "" "" 1144.03687 1245.95129 13855.71055 25.161 5801.9 38.612 11717.0 54.615 "" "" 0.003388078790261743 0.0077456394 0.0063162884 0.014061928 79.38077402129 45.02100466077 1194.22571 -0.8549999999999999 -1.626 -0.31535557985305784 0.18597774410247814 0.12675376 0.11475377 "" "" 2.072415758489156 "" 0.25650006964882704 ""
76.87035818709 44.40936253675 0.027 0.0186 61.5184 "" "" 205621116919245952 1033.82617 0.9298 0.0293 -1.848 -2.027 0.037 0.031 0.99 5850.4 4.4511 15.334156 1.134508 15.81694 14.682432 "" "" 1005.78088 1062.04016 13844.73044 4.6228 6436.4 10.282 10621.0 9.8729 "" "" 0.0027790678266669195 0.0032853195 0.00391182 0.0071971393 76.87035818709 44.40936253675 1033.82617 -1.8480000000000019 -2.027 -1.308355579853058 -0.2150222558975221 0.11975376 0.113753766 "" "" 6.497388980722639 "" 0.7770865694902372 ""
78.50408570125 43.99814733087 0.0291 0.0212 26.7783 "" "" 208365326143447296 972.543396 0.9912 0.0335 -0.978 -5.283 0.044 0.035 0.999 5325.8 4.4777 15.334375 1.149898 15.82215 14.672252 "" "" 935.177979 1013.63977 13841.92316 4.328 6405.6 12.429 10722.0 15.884 "" "" 0.0027761549974277006 0.0034961682 0.004107414 0.007603582 78.50408570125 43.99814733087 972.543396 -0.9780000000000003 -5.283000000000001 -0.43835557985305784 -3.4710222558975223 0.12675376 0.11775376 "" "" 16.128007644427875 "" 1.9014978491604333 ""
78.26736978034 44.14745076334 0.0325 0.0212 16.507 "" "" 208384052201179392 930.66571 1.0383 0.0344 -7.634 -1.728 0.048 0.035 1.119 5552.0 4.5188 15.33456 1.160624 15.831725 14.671102 "" "" 901.459778 960.177734 13839.56543 3.3307 6349.3 10.118 10733.0 11.102 "" "" 0.0027676825043563887 0.0032830772 0.003942715 0.007225792 78.26736978034 44.14745076334 930.66571 -7.633999999999996 -1.727999999999999 -7.094355579853058 0.08397774410247805 0.13075376 0.11775376 "" "" 31.297916774306316 "" 4.092265989775855 ""
78.73157063004 43.56125955575 0.0271 0.0194 54.7729 "" "" 207548560802074752 1212.3877 0.7912 0.0296 4.213 -1.328 0.035 0.027 0.979 5453.2 4.3658 15.335265 1.095348 15.798235 14.702887 "" "" 1167.86304 1256.13867 13830.58395 3.9326 6548.2 10.896 10423.0 10.517 "" "" 0.0027725614341575352 0.003323998 0.00393496 0.007258958 78.73157063004 43.56125955575 1212.3877 4.213 -1.328 4.752644420146942 0.48397774410247796 0.11775376 0.109753765 "" "" 27.453354276700065 "" 3.230557341946797 ""
78.48919761552 44.69987550154 0.027 0.0197 18.4694 "" "" 208600759071472256 981.019592 0.9945 0.0322 1.215 -1.501 0.04 0.033 1.087 5051.8 4.3256 15.335848 1.123184 15.808788 14.685604 "" "" 950.689209 1011.29688 13823.17302 3.7007 6484.9 13.614 10590.0 13.202 "" "" 0.0027706097788108065 0.0036028298 0.0040144455 0.007617275 78.48919761552 44.69987550154 981.019592 1.2149999999999992 -1.5009999999999992 1.7546444201469422 0.31097774410247814 0.12275376 0.11575376 "" "" 8.286306637232034 "" 1.0154577510262428 ""
78.90403413607 44.61935560104 0.0266 0.0201 28.2229 "" "" 208420542242575488 1025.64417 0.939 0.0303 3.71 -19.831 0.04 0.033 1.057 5171.2 4.3252 15.336223 1.195248 15.851707 14.65646 "" "" 1000.32648 1058.37842 13818.39756 4.3576 6233.5 14.097 10879.0 9.3337 "" "" 0.002776511569494466 0.0037167121 0.0038924858 0.007609198 78.90403413607 44.61935560104 1025.64417 3.71 -19.831 4.249644420146942 -18.01902225589752 0.12275376 0.11575376 "" "" 90.00370629966065 "" 10.452411981537807 ""
78.71496028357 43.80167598708 0.0317 0.0208 41.1401 "" "" 208305986875563264 992.241455 0.9684 0.0334 2.223 -10.806 0.042 0.03 0.935 5378.0 4.3732 15.336326 1.048702 15.770075 14.721373 "" "" 957.630737 1031.63354 13817.09055 4.1809 6720.3 12.147 10247.0 18.566 "" "" 0.002774837397253839 0.0034112118 0.004260699 0.0076719103 78.71496028357 43.80167598708 992.241455 2.223 -10.80600000000001 2.762644420146942 -8.994022255897521 0.12475376 0.112753764 "" "" 44.25147947172439 "" 5.037508299015874 ""
76.90755026886 44.25988042086 0.03 0.0193 60.7726 "" "" 202616151640922624 941.766174 1.0284 0.0346 11.799 -11.725 0.041 0.034 1.028 5201.4 3.9533 15.33822 1.416984 15.980862 14.563878 "" "" 916.761536 969.00116 13793.0057 3.4842 5534.4 9.4492 11847.0 11.409 "" "" 0.002768936624673737 0.0033498358 0.0039213514 0.0072711874 76.90755026886 44.25988042086 941.766174 11.798999999999992 -11.725000000000001 12.338644420146942 -9.913022255897522 0.123753764 0.116753764 "" "" 70.65356794906782 "" 8.553046820793 ""
78.13021546696 43.75008425232 0.0329 0.0213 40.9708 "" "" 202356666896664832 1071.68799 0.8981 0.0361 2.834 -7.809 0.044 0.036 1.246 4831.3 4.3182 15.338392 1.250045 15.88526 14.635215 "" "" 1023.93396 1126.4801 13790.81543 3.7055 6043.8 11.465 11094.0 9.3812 "" "" 0.0027707211743973176 0.0034680117 0.0038892997 0.0073573114 78.13021546696 43.75008425232 1071.68799 2.8339999999999996 -7.808999999999999 3.373644420146942 -5.997022255897522 0.12675376 0.11875376 "" "" 34.953222189790075 "" 4.219738163085374 ""
78.66874121738 43.81660236475 0.0295 0.0206 39.5022 "" "" 208317875344793600 1196.08887 0.7956 0.0323 -8.189 -5.027 0.039 0.029 0.978 6015.9 4.416 15.339897 1.014879 15.756555 14.741675 "" "" 1147.03918 1252.80005 13771.71447 4.4191 6804.5 11.087 10057.0 12.387 "" "" 0.0027772589850807864 0.0033037274 0.004008995 0.0073127225 78.66874121738 43.81660236475 1196.08887 -8.189 -5.026999999999999 -7.649355579853058 -3.215022255897522 0.12175377 0.11175376 "" "" 47.04252639140055 "" 5.659474499931841 ""
77.22115539822 44.03813044202 0.0291 0.0187 51.9845 "" "" 202553646978365184 1055.6908 0.9171 0.0314 6.428 -1.303 0.037 0.031 0.952 5605.6 4.4059 15.340183 1.252657 15.886284 14.633627 "" "" 1020.22827 1084.95288 13768.07612 3.2435 6038.1 12.165 11110.0 10.899 "" "" 0.002767166839812562 0.0035454112 0.0039266017 0.007472013 77.22115539822 44.03813044202 1055.6908 6.427999999999996 -1.3029999999999995 6.967644420146942 0.5089777441024781 0.11975376 0.113753766 "" "" 34.95881484321804 "" 4.185364054544762 ""
78.67048469377 45.09795718925 0.0296 0.0207 43.478 "" "" 208659582943364992 1269.06531 0.7474 0.0341 1.272 -5.843 0.04 0.032 1.008 5816.0 4.366 15.340233 1.031236 15.764947 14.733711 "" "" 1218.63025 1323.68286 13767.45491 3.8571 6752.1 13.464 10132.0 17.688 "" "" 0.002772059747843261 0.0035316155 0.004228047 0.0077596623 78.67048469377 45.09795718925 1269.06531 1.2719999999999994 -5.842999999999995 1.8116444201469422 -4.031022255897522 0.12275376 0.11475377 "" "" 26.584392040446083 "" 3.0874216481711256 ""
78.59946167936 44.64009555816 0.0254 0.0199 18.176 "" "" 208587904230455168 866.237671 1.1176 0.031 1.448 -6.474 0.036 0.032 0.976 5084.0 4.4065 15.343487 1.142219 15.832061 14.689841 "" "" 843.036743 890.15918 13726.2504 3.7121 6347.4 12.909 10549.0 13.026 "" "" 0.002770921264833573 0.0035582026 0.0040101297 0.0075683324 78.59946167936 44.64009555816 866.237671 1.4479999999999982 -6.473999999999996 1.987644420146942 -4.662022255897522 0.11875376 0.11475377 "" "" 20.809264507830527 "" 2.400932280226502 ""
77.91255350975 43.94553938287 0.0288 0.0178 33.176 "" "" 202376389386219520 1052.16125 0.9175 0.0317 -3.491 -1.259 0.037 0.03 0.986 5700.6 4.5081 15.343594 1.051683 15.784612 14.732929 "" "" 1021.52533 1086.16907 13724.90522 3.2802 6630.9 8.3919 10139.0 10.163 "" "" 0.0027675120235544203 0.003110168 0.003932955 0.0070431232 77.91255350975 43.94553938287 1052.16125 -3.491000000000002 -1.259 -2.951355579853058 0.5529777441024781 0.11975376 0.112753764 "" "" 14.975262358880421 "" 1.7898894306482824 ""
79.00225992598 44.82290319407 0.0276 0.0218 38.2852 "" "" 208614846564032256 1033.24866 0.9394 0.0333 5.937 -6.639 0.038 0.033 0.996 5608.2 4.5014 15.343779 1.141262 15.83235 14.691088 "" "" 996.187073 1066.49768 13722.56258 4.4131 6345.7 13.084 10537.0 15.943 "" "" 0.002777356079369901 0.0035772307 0.004120974 0.0076982044 79.00225992598 44.82290319407 1033.24866 5.937 -6.639 6.476644420146942 -4.827022255897522 0.120753765 0.11575376 "" "" 39.56067460188694 "" 4.707417716058012 ""
78.28397161007 44.93493074541 0.0267 0.0171 30.8381 "" "" 208651542764260352 1151.51135 0.8359 0.0292 -0.484 -2.399 0.038 0.028 1.069 5965.3 4.2282 15.3445 1.18428 15.850956 14.666676 "" "" 1109.27612 1189.7793 13713.45418 9.0212 6237.8 20.026 10777.0 20.454 "" "" 0.0028463876309378464 0.004464861 0.0043046502 0.008769511 78.28397161007 44.93493074541 1151.51135 -0.48400000000000026 -2.399 0.05564442014694215 -0.587022255897522 0.120753765 0.11075376 "" "" 3.218426222365139 "" 0.35675222906719845 ""
77.67416103318 44.11980880152 0.0281 0.0196 32.6069 "" "" 202576225625631488 1152.80981 0.8321 0.0316 1.417 -4.319 0.041 0.032 1.029 5752.9 4.4798 15.34452 1.087211 15.797976 14.710765 "" "" 1105.65063 1202.20239 13713.20036 3.1988 6549.8 11.233 10348.0 12.222 "" "" 0.0027669354527631008 0.0033544435 0.003991012 0.0073454557 77.67416103318 44.11980880152 1152.80981 1.4170000000000007 -4.3190000000000035 1.9566444201469422 -2.507022255897522 0.123753764 0.11475377 "" "" 17.377579246618517 "" 2.054747111838079 ""
79.25007601494 44.13040723959 0.0262 0.019 44.1615 "" "" 208335020853900032 1144.46704 0.835 0.0309 2.174 -5.505 0.036 0.027 0.961 5963.9 4.4144 15.347796 1.087124 15.802947 14.715823 "" "" 1103.19519 1192.72498 13671.88355 4.505 6519.9 12.125 10300.0 15.44 "" "" 0.0027784493912675185 0.0034441182 0.0041149296 0.007559048 79.25007601494 44.13040723959 1144.46704 2.1740000000000004 -5.505000000000001 2.713644420146942 -3.693022255897522 0.11875376 0.109753765 "" "" 24.86078556047697 "" 2.8090451227632744 ""
78.26470621653 44.60283208264 0.03 0.0191 11.0385 "" "" 208595742549767680 1078.81055 0.8908 0.0327 6.206 -3.282 0.042 0.032 1.066 5658.8 4.4775 15.348522 1.08808 15.803432 14.715352 "" "" 1048.33813 1111.60657 13662.7387 3.9374 6516.9 13.106 10304.0 9.6252 "" "" 0.002773029308025468 0.0035429825 0.0039131 0.0074560824 78.26470621653 44.60283208264 1078.81055 6.206 -3.282 6.7456444201469425 -1.470022255897522 0.12475376 0.11475377 "" "" 35.30383510657643 "" 4.388895085303558 ""
78.94447674892 43.97982158643 0.0302 0.0206 38.1607 "" "" 208309010532126080 944.324524 1.0229 0.0327 -7.426 -9.874 0.045 0.031 0.985 5679.7 4.5345 15.348802 1.066607 15.796287 14.72968 "" "" 915.944397 976.490051 13659.2301 4.3479 6560.0 14.187 10169.0 12.92 "" "" 0.002776910315511896 0.003646708 0.0040232614 0.0076699695 78.94447674892 43.97982158643 944.324524 -7.426000000000007 -9.874000000000002 -6.886355579853058 -8.062022255897523 0.12775376 0.113753766 "" "" 47.458906002629384 "" 5.68837859589866 ""
77.28500290958 43.74724010019 0.0303 0.0181 59.7522 "" "" 202534615982292736 1094.97583 0.8755 0.0333 -0.542 -1.658 0.045 0.031 0.929 5912.0 4.3659 15.349826 1.19835 15.862357 14.664007 "" "" 1057.29297 1132.78552 13646.347 7.9713 6172.7 17.009 10803.0 19.84 "" "" 0.0028273696409219272 0.004090932 0.0042731366 0.008364068 77.28500290958 43.74724010019 1094.97583 -0.5419999999999999 -1.6579999999999997 -0.0023555798530578986 0.1539777441024781 0.12775376 0.113753766 "" "" 0.7992665561655656 "" 0.09092235989879008 ""
76.98083246887 44.92053283553 0.0308 0.0189 63.979 "" "" 205698185812460672 927.962891 1.0367 0.0347 2.743 -7.534 0.052 0.036 0.946 5666.8 4.5144 15.3509 1.169186 15.854625 14.685439 "" "" 897.775391 960.149475 13632.85962 8.3682 6216.8 15.63 10592.0 21.188 "" "" 0.0028347749114468763 0.003903378 0.0043589906 0.008262369 76.98083246887 44.92053283553 927.962891 2.743 -7.534 3.282644420146942 -5.722022255897522 0.13475376 0.11875376 "" "" 29.016156664680196 "" 3.566371633950471 ""
78.43850009459 43.75761039275 0.0314 0.0201 40.2242 "" "" 208311037756937472 1231.66418 0.7716 0.0366 4.462 -1.038 0.038 0.031 1.052 6184.5 4.4345 15.352692 0.961617 15.742167 14.78055 "" "" 1183.93701 1285.17773 13610.37845 4.0227 6895.2 16.087 9703.7 11.86 "" "" 0.002773944331961738 0.0037685074 0.004005579 0.007774086 78.43850009459 43.75761039275 1231.66418 4.461999999999997 -1.038000000000001 5.001644420146942 0.773977744102478 0.120753765 0.113753766 "" "" 29.547583847725488 "" 3.56328212211418 ""
77.48523679009 44.93128377413 0.034 0.0207 46.4979 "" "" 205672553447425408 879.32782 1.1061 0.0342 14.675 -15.694 0.049 0.035 0.92 "" "" 15.354019 1.182576 15.863738 14.681162 "" "" 855.936401 907.192993 13593.7405 3.3202 6164.8 10.554 10634.0 10.072 "" "" 0.0027680521474583177 0.0033526144 0.00391679 0.007269404 77.48523679009 44.93128377413 879.32782 14.675000000000006 -15.693999999999996 15.214644420146943 -13.882022255897523 0.13175376 0.11775376 "" "" 85.84448754101163 "" 10.780970226545252 ""
79.478081932 44.54888685896 0.0264 0.0191 50.7656 "" "" 208408241456113024 973.84668 0.991 0.0311 5.678 -7.691 0.036 0.028 0.978 5066.4 4.3192 15.354218 1.123231 15.827363 14.704132 "" "" 944.81897 1004.15936 13591.25514 3.9064 6374.9 12.243 10411.0 15.083 "" "" 0.0027729356905832067 0.0034832351 0.0040936475 0.007576883 79.478081932 44.54888685896 973.84668 5.677999999999998 -7.690999999999998 6.217644420146942 -5.879022255897522 0.11875376 0.11075376 "" "" 39.49933077246818 "" 4.544274347981483 ""
77.54552789975 43.63589198244 0.031 0.02 57.4064 "" "" 202340414740211456 1165.25171 0.8288 0.0367 -0.63 -3.992 0.041 0.034 0.999 5403.7 4.3654 15.355299 1.075415 15.806619 14.731204 "" "" 1120.02356 1206.18823 13577.73487 3.8634 6497.8 11.587 10155.0 12.024 "" "" 0.0027725854420184055 0.0033961083 0.003992042 0.0073881503 77.54552789975 43.63589198244 1165.25171 -0.6300000000000007 -3.9920000000000027 -0.09035557985305787 -2.180022255897522 0.123753764 0.116753764 "" "" 12.051239757554315 "" 1.4071766048785412 ""
