Clusters/ASCC_13/ASCC_13_members.tsv
# %ECSV 1.0
# ---
# datatype:
# - name: RA_ICRS_1
#   unit: deg
#   datatype: float64
#   format: '{:15.11f}'
#   description: Right ascension (ICRS) at Ep=2016.0 (ra)
#   meta: !!omap
#   - {ucd: POS_EQ_RA_MAIN}
#   - {width: 15}
#   - {precision: '11'}
# - name: DE_ICRS_1
#   unit: deg
#   datatype: float64
#   format: '{:15.11f}'
#   description: Declination (ICRS) at Ep=2016.0 (dec)
#   meta: !!omap
#   - {ucd: POS_EQ_DEC_MAIN}
#   - {width: 15}
#   - {precision: '11'}
# - name: e_RA_ICRS
#   unit: mas
#   datatype: float64
#   format: '{:7.4f}'
#   description: Standard error of right ascension (ra_error)
#   meta: !!omap
#   - {ucd: ERROR}
#   - {width: 7}
#   - {precision: '4'}
# - name: e_DE_ICRS
#   unit: mas
#   datatype: float64
#   format: '{:7.4f}'
#   description: Standard error of declination (dec_error)
#   meta: !!omap
#   - {ucd: ERROR}
#   - {width: 7}
#   - {precision: '4'}
# - name: _r_1
#   unit: ''
#   datatype: float64
#   format: '{:7.4f}'
#   description: Distance from center (078.30570988000+44.42119510000)[ICRS], at Epoch=J2016.0
#   meta: !!omap
#   - {ucd: POS_ANG_DIST_GENERAL}
#   - {width: 7}
#   - {precision: '4'}
# - name: HIP
#   datatype: int32
#   description: '? HIP cross-id number, van Leeuwen, Cat. I/311 (hip_original_ext_source_id)'
#   meta: !!omap
#   - {ucd: ID_NUMBER}
#   - {width: 6}
#   - values: {'null': -2147483648}
# - name: TYC2
#   datatype: string
#   description: Tycho-2 cross-id name, Hog et al., Cat. I/259 (tyc2_original_ext_source_id)
#   meta: !!omap
#   - {ucd: ID_CROSSID}
#   - {_votable_string_dtype: char}
# - name: Source
#   datatype: int64
#   description: Source identifier, identical to the Gaia-EDR3 source_id (id)
#   meta: !!omap
#   - {ucd: ID_MAIN}
#   - {width: 19}
# - name: rgeo
#   unit: pc
#   datatype: float64
#   format: '{:15.8f}'
#   description: '? Median of the geometric distance posterior (r_med_geo)'
#   meta: !!omap
#   - {ucd: PHYS_DISTANCE_TRUE}
#   - {width: 15}
#   - {precision: '8'}
#   - values: {'null': .nan}
# - name: Plx
#   unit: mas
#   datatype: float64
#   format: '{:9.4f}'
#   description: '? Parallax (parallax)'
#   meta: !!omap
#   - {ucd: POS_PARLX_TRIG}
#   - {width: 9}
#   - {precision: '4'}
#   - values: {'null': .nan}
# - name: e_Plx
#   unit: mas
#   datatype: float32
#   format: '{:7.4f}'
#   description: '? Standard error of parallax (parallax_error)'
#   meta: !!omap
#   - {ucd: ERROR}
#   - {width: 7}
#   - {precision: '4'}
#   - values: {'null': .nan}
# - name: pmRA
#   unit: mas / yr
#   datatype: float64
#   format: '{:9.3f}'
#   description: '? Proper motion in right ascension direction, pmRA*cosDE (pmra)'
#   meta: !!omap
#   - {ucd: POS_EQ_PMRA}
#   - {width: 9}
#   - {precision: '3'}
#   - values: {'null': .nan}
# - name: pmDE
#   unit: mas / yr
#   datatype: float64
#   format: '{:9.3f}'
#   description: '? Proper motion in declination direction (pmdec)'
#   meta: !!omap
#   - {ucd: POS_EQ_PMDEC}
#   - {width: 9}
#   - {precision: '3'}
#   - values: {'null': .nan}
# - name: e_pmRA
#   unit: mas / yr
#   datatype: float32
#   format: '{:6.3f}'
#   description: '? Standard error of proper motion in right ascension direction (pmra_error)'
#   meta: !!omap
#   - {ucd: ERROR}
#   - {width: 6}
#   - {precision: '3'}
#   - values: {'null': .nan}
# - name: e_pmDE
[...]
#       distance: !astropy.table.SerializedColumn
#         __class__: astropy.coordinates.distances.Distance
#         unit: !astropy.units.Unit {unit: pc}
#         value: !astropy.table.SerializedColumn {name: SkyCoord.distance}
#       frame: icrs
#       obstime: !astropy.time.Time {format: jyear_str, in_subfmt: '*', jd1: 367701545.0, jd2: 0.0, out_subfmt: '*', precision: 3, scale: tt}
#       pm_dec: !astropy.table.SerializedColumn
#         __class__: astropy.units.quantity.Quantity
#         unit: !astropy.units.Unit {unit: mas / yr}
#         value: !astropy.table.SerializedColumn {name: SkyCoord.pm_dec}
#       pm_ra_cosdec: !astropy.table.SerializedColumn
#         __class__: astropy.units.quantity.Quantity
#         unit: !astropy.units.Unit {unit: mas / yr}
#         value: !astropy.table.SerializedColumn {name: SkyCoord.pm_ra_cosdec}
#       ra: !astropy.table.SerializedColumn
#         __class__: astropy.coordinates.angles.Longitude
#         unit: *id001
#         value: !astropy.table.SerializedColumn {name: SkyCoord.ra}
#         wrap_angle: !astropy.coordinates.Angle
#           unit: *id001
#           value: 360.0
#       representation_type: spherical
# schema: astropy-2.0
RA_ICRS_1 DE_ICRS_1 e_RA_ICRS e_DE_ICRS _r_1 HIP TYC2 Source rgeo Plx e_Plx pmRA pmDE e_pmRA e_pmDE RUWE Teff logg Gmag BP-RP BPmag RPmag RV e_RV b_rgeo B_rgeo FG e_FG FBP e_FBP FRP e_FRP RAVE5 RAVE6 e_Gmag e_BPmag e_RPmag e_BP-RP SkyCoord.ra SkyCoord.dec SkyCoord.distance SkyCoord.pm_ra_cosdec SkyCoord.pm_dec rmRA rmDE e_rmRA e_rmDE rRV e_rRV v_pec v_pec3d e_vpec e_vpec3d Pmemb
[from data line 31]
77.26691681349 44.22217867105 0.0318 0.0208 46.1617 "" "" 202605603201173120 1026.46448 0.9412 0.0365 -0.492 -1.758 0.041 0.035 0.984 5759.1 4.4861 15.685878 1.259667 16.233372 14.973704 "" "" 989.103088 1079.63538 10013.72768 3.8834 4386.0 9.2596 8122.2 12.569 "" "" 0.0027873066204615036 0.0036109716 0.0041360212 0.0077469926 77.26691681349 44.22217867105 1026.46448 -0.4919999999999999 -1.7579999999999978 0.047644420146942146 0.05397774410247802 0.123753764 0.11775376 "" "" 0.3502978643708528 "" 0.0421821940190328 "" 0.9
79.56882449824 44.79840141053 0.0375 0.0275 58.507 "" "" 208508468812945664 1206.95337 0.795 0.044 -0.632 -1.818 0.053 0.042 1.034 5307.2 4.3808 15.792163 1.145058 16.281223 15.136166 "" "" 1132.89502 1280.40149 9079.91293 7.5378 4196.9 16.092 6993.5 20.723 "" "" 0.0028989994646481266 0.0050115427 0.004963296 0.009974839 79.56882449824 44.79840141053 1206.95337 -0.6319999999999997 -1.818 -0.09235557985305787 -0.006022255897522033 0.13575377 0.12475376 "" "" 0.5294845875463646 "" 0.07185586168918462 "" 0.9
78.29324123428 44.25352364824 0.0408 0.0261 10.0745 "" "" 208385838906614144 1060.8667 0.9115 0.0436 -0.559 -1.973 0.056 0.043 0.969 5473.2 4.5791 15.83253 1.173758 16.333881 15.160123 "" "" 1015.95886 1110.03711 8748.52466 10.283 3998.2 18.09 6840.8 21.977 "" "" 0.003036512018805527 0.005649534 0.0051429947 0.010792529 78.29324123428 44.25352364824 1060.8667 -0.5590000000000002 -1.973 -0.019355579853057914 -0.16102225589752206 0.13875377 0.12575376 "" "" 0.8155304752998862 "" 0.10271471242948142 "" 0.9
78.42576097536 44.38127385625 0.0459 0.0271 5.6764 "" "" 208575607743127680 1008.58167 0.9447 0.0499 -0.588 -1.807 0.064 0.045 1.024 5301.3 4.6678 15.90276 1.158633 16.400772 15.242139 "" "" 965.569275 1062.06836 8200.54239 5.4861 3759.3 12.698 6343.1 17.254 "" "" 0.002849451266062022 0.004608093 0.0047964477 0.00940454 78.42576097536 44.38127385625 1008.58167 -0.588 -1.807 -0.04835557985305783 0.004977744102478088 0.14675376 0.12775376 "" "" 0.23239402232306605 "" 0.034061366679245024 "" 0.9
78.09381167671 44.8432208753 0.0359 0.0215 26.8894 "" "" 208661129131316224 1005.73395 0.9559 0.0407 -0.578 -1.707 0.044 0.036 0.964 5421.1 4.6136 15.955101 1.18504 16.459938 15.274898 "" "" 970.89624 1041.53687 7814.59053 7.4221 3559.9 16.995 6154.6 17.82 "" "" 0.002941967443886114 0.0058865794 0.00491591 0.010802489 78.09381167671 44.8432208753 1005.73395 -0.5779999999999998 -1.7069999999999999 -0.03835557985305782 0.10497774410247795 0.12675376 0.11875376 "" "" 0.5328050753930892 "" 0.06378940262466541 "" 0.8
78.80503590235 44.66870041014 0.0359 0.0264 26.0085 "" "" 208586048804654720 1081.71948 0.8884 0.042 -0.484 -1.752 0.048 0.04 1.015 5358.2 4.6027 15.987511 1.179525 16.498156 15.31863 "" "" 1038.59888 1129.51685 7584.77261 6.3346 3436.8 12.762 5911.6 17.737 "" "" 0.0029006957020529843 0.004903029 0.004989566 0.009892595 78.80503590235 44.66870041014 1081.71948 -0.48399999999999993 -1.752 0.05564442014694215 0.059977744102478026 0.13075376 0.12275376 "" "" 0.41949219532136484 "" 0.05307299754063836 "" 1.0
77.96559775535 43.54341806347 0.0475 0.0282 54.6751 "" "" 202300935401176192 1153.67139 0.8443 0.0518 -0.368 -1.724 0.063 0.048 1.277 4819.6 4.1909 15.995258 1.398803 16.618696 15.219893 "" "" 1076.27563 1227.85718 7530.84298 8.1743 3075.7 15.974 6474.4 19.877 "" "" 0.0029967753716933568 0.006291438 0.0050393133 0.011330752 77.96559775535 43.54341806347 1153.67139 -0.36800000000000005 -1.7239999999999998 0.17164442014694214 0.08797774410247805 0.14575377 0.13075376 "" "" 1.0547340557749545 "" 0.15057681402871917 "" 0.9
77.70310411979 43.44544890869 0.0394 0.0236 64.0734 "" "" 202345465622223872 1153.66553 0.8542 0.0431 -0.381 -1.681 0.059 0.041 1.007 5364.2 4.6485 16.051579 1.21598 16.579739 15.363758 "" "" 1087.99744 1195.88245 7150.15574 3.6557 3188.0 9.8277 5670.9 12.086 "" "" 0.002810682648502037 0.0043574725 0.0044314913 0.008788964 77.70310411979 43.44544890869 1153.66553 -0.38099999999999995 -1.681 0.15864442014694213 0.13097774410247798 0.14175376 0.123753764 "" "" 1.1249872928985536 "" 0.151589559190551 "" 0.8
77.46968238102 44.48293187806 0.0434 0.0274 35.9981 "" "" 202644906444959232 981.098083 0.9823 0.0493 -0.611 -1.714 0.058 0.047 1.075 "" "" 16.054716 1.429118 16.69411 15.264993 "" "" 939.098999 1027.53967 7129.51565 5.9061 2869.3 11.366 6211.0 15.509 "" "" 0.0028984056129867652 0.0051266463 0.0046512177 0.009777864 77.46968238102 44.48293187806 981.098083 -0.6110000000000002 -1.7139999999999986 -0.07135557985305785 0.09797774410247806 0.14075376 0.12975377 "" "" 0.5636639354978071 "" 0.07534418382702039 "" 0.8
78.49135246192 44.63832810186 0.042 0.0275 15.2571 "" "" 208599453401439360 1058.84521 0.9248 0.0495 -0.47 -1.741 0.056 0.045 0.981 5386.8 4.6405 16.115925 1.210908 16.63432 15.423411 "" "" 1001.91687 1120.0061 6738.70913 5.1405 3031.7 11.615 5367.8 15.596 "" "" 0.0028771097772430955 0.00500877 0.0049229143 0.0099316845 78.49135246192 44.63832810186 1058.84521 -0.4700000000000001 -1.7409999999999997 0.06964442014694217 0.07097774410247792 0.13875377 0.12775376 "" "" 0.4990787959456106 "" 0.06650872999453426 "" 0.8
77.29129709634 44.44625614287 0.0412 0.0257 43.4869 "" "" 202624775935094016 1068.73865 0.9244 0.0458 -0.587 -1.918 0.057 0.045 1.036 5477.9 4.6084 16.12362 1.274633 16.685396 15.410763 "" "" 1024.06506 1126.02014 6691.12472 5.0419 2892.4 13.753 5430.7 13.08 "" "" 0.0028742159109511924 0.0058682933 0.004595878 0.010464171 77.29129709634 44.44625614287 1068.73865 -0.587 -1.918 -0.04735557985305783 -0.1060222558975219 0.13975376 0.12775376 "" "" 0.588230403492184 "" 0.07636791578779183 "" 1.0
77.57611439902 44.11529150002 0.0399 0.0259 36.3248 "" "" 202575671571115648 1146.4209 0.8533 0.043 -0.62 -1.814 0.054 0.042 0.971 4677.6 4.1811 16.186913 1.595344 16.934437 15.339092 "" "" 1096.7605 1209.36438 6312.20994 5.6302 2299.5 12.776 5801.2 16.297 "" "" 0.0029205546372486593 0.0066463654 0.0048566284 0.011502994 77.57611439902 44.11529150002 1146.4209 -0.6200000000000002 -1.814 -0.08035557985305786 -0.0020222558975220295 0.13675377 0.12475376 "" "" 0.43679329336088213 "" 0.0597299564691382 "" 0.8
78.12701111431 44.28551331995 0.0474 0.0312 11.1826 "" "" 202572407396443136 1112.46533 0.8722 0.0529 -0.535 -1.782 0.075 0.054 0.993 4809.5 4.3345 16.349743 1.331279 16.941214 15.609935 "" "" 1046.88306 1178.83972 5433.12457 6.2654 2285.2 12.996 4520.5 14.774 "" "" 0.0030264552473290534 0.006775759 0.005184117 0.011959876 78.12701111431 44.28551331995 1112.46533 -0.5349999999999998 -1.7820000000000005 0.004644420146942108 0.029977744102478 0.15775377 0.13675377 "" "" 0.1599611008726587 "" 0.02195990565232992 "" 0.8
77.26426877219 44.44541397759 0.0635 0.0398 44.6428 "" "" 202624805995702528 1204.61389 0.8268 0.0725 -0.502 -2.149 0.089 0.069 1.316 4809.1 4.3461 16.46026 1.591393 17.182646 15.591252 "" "" 1119.9093 1302.17261 4907.2988 5.4395 1829.6 8.4012 4598.9 10.221 "" "" 0.0030066869168489875 0.0057131727 0.004484024 0.010197196 77.26426877219 44.44541397759 1204.61389 -0.502 -2.149 0.03764442014694214 -0.337022255897522 0.17175376 0.15175375 "" "" 1.9363203590054452 "" 0.29435209580759925 "" 0.8
