Clusters/UBC_155/UBC_155_stars_in_region.tsv
# %ECSV 1.0
# ---
# datatype:
# - name: RA_ICRS_1
#   unit: deg
#   datatype: float64
#   format: '{:15.11f}'
#   description: Right ascension (ICRS) at Ep=2016.0 (ra)
#   meta: !!omap
#   - {ucd: POS_EQ_RA_MAIN}
#   - {width: 15}
#   - {precision: '11'}
# - name: DE_ICRS_1
#   unit: deg
#   datatype: float64
#   format: '{:15.11f}'
#   description: Declination (ICRS) at Ep=2016.0 (dec)
#   meta: !!omap
#   - {ucd: POS_EQ_DEC_MAIN}
#   - {width: 15}
#   - {precision: '11'}
# - name: e_RA_ICRS
#   unit: mas
#   datatype: float64
#   format: '{:7.4f}'
#   description: Standard error of right ascension (ra_error)
#   meta: !!omap
#   - {ucd: ERROR}
#   - {width: 7}
#   - {precision: '4'}
# - name: e_DE_ICRS
#   unit: mas
#   datatype: float64
#   format: '{:7.4f}'
#   description: Standard error of declination (dec_error)
#   meta: !!omap
#   - {ucd: ERROR}
#   - {width: 7}
#   - {precision: '4'}
# - name: _r_1
#   unit: ''
#   datatype: float64
#   format: '{:7.4f}'
#   description: Distance from center (318.42970931000+50.13950556000)[ICRS], at Epoch=J2016.0
#   meta: !!omap
#   - {ucd: POS_ANG_DIST_GENERAL}
#   - {width: 7}
#   - {precision: '4'}
# - name: HIP
#   datatype: int32
#   description: '? HIP cross-id number, van Leeuwen, Cat. I/311 (hip_original_ext_source_id)'
#   meta: !!omap
#   - {ucd: ID_NUMBER}
#   - {width: 6}
#   - values: {'null': -2147483648}
# - name: TYC2
#   datatype: string
#   description: Tycho-2 cross-id name, Hog et al., Cat. I/259 (tyc2_original_ext_source_id)
#   meta: !!omap
#   - {ucd: ID_CROSSID}
#   - {_votable_string_dtype: char}
# - name: Source
#   datatype: int64
#   description: Source identifier, identical to the Gaia-EDR3 source_id (id)
#   meta: !!omap
#   - {ucd: ID_MAIN}
#   - {width: 19}
# - name: rgeo
#   unit: pc
#   datatype: float64
#   format: '{:15.8f}'
#   description: '? Median of the geometric distance posterior (r_med_geo)'
#   meta: !!omap
#   - {ucd: PHYS_DISTANCE_TRUE}
#   - {width: 15}
#   - {precision: '8'}
#   - values: {'null': .nan}
# - name: Plx
#   unit: mas
#   datatype: float64
#   format: '{:9.4f}'
#   description: '? Parallax (parallax)'
#   meta: !!omap
#   - {ucd: POS_PARLX_TRIG}
#   - {width: 9}
#   - {precision: '4'}
#   - values: {'null': .nan}
# - name: e_Plx
#   unit: mas
#   datatype: float32
#   format: '{:7.4f}'
#   description: '? Standard error of parallax (parallax_error)'
#   meta: !!omap
#   - {ucd: ERROR}
#   - {width: 7}
#   - {precision: '4'}
#   - values: {'null': .nan}
# - name: pmRA
#   unit: mas / yr
#   datatype: float64
#   format: '{:9.3f}'
#   description: '? Proper motion in right ascension direction, pmRA*cosDE (pmra)'
#   meta: !!omap
#   - {ucd: POS_EQ_PMRA}
#   - {width: 9}
#   - {precision: '3'}
#   - values: {'null': .nan}
# - name: pmDE
#   unit: mas / yr
#   datatype: float64
#   format: '{:9.3f}'
#   description: '? Proper motion in declination direction (pmdec)'
#   meta: !!omap
#   - {ucd: POS_EQ_PMDEC}
#   - {width: 9}
#   - {precision: '3'}
#   - values: {'null': .nan}
# - name: e_pmRA
#   unit: mas / yr
#   datatype: float32
#   format: '{:6.3f}'
#   description: '? Standard error of proper motion in right ascension direction (pmra_error)'
#   meta: !!omap
#   - {ucd: ERROR}
#   - {width: 6}
#   - {precision: '3'}
#   - values: {'null': .nan}
# - name: e_pmDE
[...]
#         value: !astropy.table.SerializedColumn {name: SkyCoord.dec}
#       distance: !astropy.table.SerializedColumn
#         __class__: astropy.coordinates.distances.Distance
#         unit: !astropy.units.Unit {unit: pc}
#         value: !astropy.table.SerializedColumn {name: SkyCoord.distance}
#       frame: icrs
#       obstime: !astropy.time.Time {format: jyear_str, in_subfmt: '*', jd1: 367701545.0, jd2: 0.0, out_subfmt: '*', precision: 3, scale: tt}
#       pm_dec: !astropy.table.SerializedColumn
#         __class__: astropy.units.quantity.Quantity
#         unit: !astropy.units.Unit {unit: mas / yr}
#         value: !astropy.table.SerializedColumn {name: SkyCoord.pm_dec}
#       pm_ra_cosdec: !astropy.table.SerializedColumn
#         __class__: astropy.units.quantity.Quantity
#         unit: !astropy.units.Unit {unit: mas / yr}
#         value: !astropy.table.SerializedColumn {name: SkyCoord.pm_ra_cosdec}
#       ra: !astropy.table.SerializedColumn
#         __class__: astropy.coordinates.angles.Longitude
#         unit: *id001
#         value: !astropy.table.SerializedColumn {name: SkyCoord.ra}
#         wrap_angle: !astropy.coordinates.Angle
#           unit: *id001
#           value: 360.0
#       representation_type: spherical
# schema: astropy-2.0
RA_ICRS_1 DE_ICRS_1 e_RA_ICRS e_DE_ICRS _r_1 HIP TYC2 Source rgeo Plx e_Plx pmRA pmDE e_pmRA e_pmDE RUWE Teff logg Gmag BP-RP BPmag RPmag RV e_RV b_rgeo B_rgeo FG e_FG FBP e_FBP FRP e_FRP RAVE5 RAVE6 e_Gmag e_BPmag e_RPmag e_BP-RP SkyCoord.ra SkyCoord.dec SkyCoord.distance SkyCoord.pm_ra_cosdec SkyCoord.pm_dec rmRA rmDE e_rmRA e_rmDE rRV e_rRV v_pec v_pec3d e_vpec e_vpec3d
[from data line 387]
318.93381571489 49.77947472435 0.0268 0.0225 29.0734 "" "" 2165896108385065984 1351.76123 0.7124 0.0293 -2.94 -5.115 0.038 0.026 1.039 7490.3 4.0085 15.627501 1.918016 16.571703 14.653687 "" "" 1296.89343 1420.52222 10566.86104 4.2148 3211.7 8.2388 10906.0 13.158 "" "" 0.002789146206973967 0.003942369 0.003999956 0.0079423245 318.93381571489 49.77947472435 1351.76123 -2.9400000000000004 -5.115000000000002 -0.04032868385314936 -0.9928285980224612 0.1265805 0.114580505 "" "" 6.366644497997887 "" 0.7296257679588928 ""
317.91120018087 50.19560075486 0.0219 0.0212 20.2099 "" "" 2166162361995930624 1513.5144 0.6318 0.0249 -3.19 -5.351 0.028 0.026 0.94 9250.3 3.9092 15.62936 1.726522 16.452068 14.725546 "" "" 1460.83179 1557.70312 10548.78727 2.9286 3585.8 8.2627 10208.0 10.811 "" "" 0.0027717589200204635 0.0037475687 0.0039504343 0.007698003 317.91120018087 50.19560075486 1513.5144 -3.190000000000004 -5.351000000000003 -0.29032868385314936 -1.228828598022461 0.1165805 0.114580505 "" "" 9.058396944060222 "" 1.038881430967828 ""
318.17229712033 49.65526611732 0.0232 0.0242 30.7105 "" "" 2165997229095947264 1545.17371 0.6189 0.0273 -2.638 -2.764 0.031 0.03 0.954 7082.1 4.0488 15.635769 1.605544 16.386772 14.781228 "" "" 1485.71143 1616.84705 10486.70398 2.9596 3808.1 10.463 9697.7 12.497 "" "" 0.002772306466761877 0.004084619 0.004030052 0.008114671 318.17229712033 49.65526611732 1545.17371 -2.638 -2.763999999999997 0.2616713161468507 1.3581714019775393 0.11958051 0.118580505 "" "" 10.130354674134237 "" 1.2016266258983748 ""
317.79227246235 50.09794573316 0.0237 0.0249 24.6498 "" "" 2166068010158298368 1933.5061 0.4927 0.0281 -0.676 -0.014 0.03 0.031 1.004 6354.6 3.7695 15.63633 2.048459 16.677532 14.629073 "" "" 1823.15601 2063.63037 10481.28964 3.6842 2913.4 9.118 11157.0 9.2466 "" "" 0.0027816250194179497 0.004396757 0.0038850245 0.008281781 317.79227246235 50.09794573316 1933.5061 -0.6760000000000002 -0.014000000000000058 2.2236713161468504 4.108171401977539 0.118580505 0.11958051 "" "" 42.812347154145996 "" 5.109852525552359 ""
319.20783733336 50.22413473022 0.0218 0.0233 30.3246 "" "" 2165942906349436160 1869.75586 0.4874 0.0255 -2.256 -0.274 0.029 0.029 1.019 4753.2 2.7575 15.636618 3.001582 17.39022 14.388639 -16.89 5.22 1785.11719 1949.36169 10478.51313 4.6779 1511.2 7.502 13922.0 14.219 "" "" 0.0027976286848288546 0.006069258 0.003938703 0.010007961 319.20783733336 50.22413473022 1869.75586 -2.256 -0.274 0.6436713161468508 3.848171401977539 0.1175805 0.1175805 0.5150000000000006 6.160363 34.57877479378243 34.582609664962 4.065789741168175 4.06637385932288
317.70003032061 50.31616138299 0.0246 0.0256 29.9465 "" "" 2166085155667708032 1620.41736 0.5803 0.0296 -2.07 -3.236 0.031 0.031 0.975 9234.8 3.7609 15.639856 1.821956 16.5235 14.701545 "" "" 1556.39111 1695.729 10447.30332 3.3555 3357.5 8.6097 10436.0 10.526 "" "" 0.0027773000053667837 0.0039416584 0.0039348407 0.007876499 317.70003032061 50.31616138299 1620.41736 -2.0699999999999985 -3.2360000000000015 0.8296713161468507 0.8861714019775389 0.11958051 0.11958051 "" "" 9.324016403431267 "" 1.1149706113948288 ""
318.47892644967 50.55071291086 0.0325 0.0354 24.7443 "" "" 2166196824814103552 1438.47412 0.6607 0.0397 -0.31 -0.484 0.046 0.044 1.475 6727.6 3.9382 15.643036 2.0384 16.664656 14.626256 "" "" 1366.27197 1526.15039 10416.75061 5.7273 2948.2 10.416 11186.0 13.333 "" "" 0.002819245524905276 0.0047433376 0.0039948085 0.008738146 318.47892644967 50.55071291086 1438.47412 -0.31000000000000016 -0.4840000000000001 2.5896713161468505 3.638171401977539 0.13458051 0.1325805 "" "" 30.448944965706794 "" 4.05751746479962 ""
318.60532136547 50.43387336152 0.0225 0.0225 18.9017 "" "" 2166145525723497216 1340.38635 0.712 0.0261 -3.297 -2.746 0.029 0.03 1.055 6682.3 3.8664 15.651943 2.14622 16.761 14.614779 "" "" 1298.96179 1379.35266 10331.64802 3.2703 2697.8 7.3376 11304.0 12.067 "" "" 0.0027766704569615656 0.0040626917 0.003953107 0.008015798 318.60532136547 50.43387336152 1340.38635 -3.2969999999999997 -2.746000000000002 -0.39732868385314957 1.376171401977539 0.1175805 0.118580505 "" "" 9.100539780867726 "" 1.0784490871152035 ""
317.7574170705 50.26367837963 0.0251 0.025 26.8729 "" "" 2166072988012224384 1338.08545 0.7276 0.0301 0.785 -1.685 0.032 0.031 1.021 7186.5 3.7978 15.652806 1.761643 16.50162 14.739976 "" "" 1288.72156 1376.94397 10323.4321 3.858 3425.9 11.963 10073.0 11.987 "" "" 0.002785035983984578 0.004707346 0.003994133 0.008701479 317.7574170705 50.26367837963 1338.08545 0.7849999999999999 -1.685 3.6846713161468507 2.437171401977539 0.12058051 0.11958051 "" "" 28.01975606953532 "" 3.3701333963210645 ""
318.59265309671 50.5979220242 0.0236 0.0251 28.203 "" "" 2166151401238831616 1540.45312 0.6242 0.0277 -4.785 -2.275 0.033 0.032 0.968 "" "" 15.661348 1.849243 16.564657 14.715414 "" "" 1477.71313 1592.74292 10242.53105 3.7065 3232.6 11.836 10304.0 12.83 "" "" 0.0027831922483865655 0.0048568095 0.0040138965 0.008870706 318.59265309671 50.5979220242 1540.45312 -4.784999999999999 -2.2749999999999995 -1.8853286838531496 1.8471714019775392 0.121580504 0.12058051 "" "" 19.272335574822492 "" 2.3337210396207655 ""
318.42100513402 50.31596347284 0.0232 0.0264 10.5927 "" "" 2166120855431115776 1508.95203 0.6443 0.0288 -2.984 -4.152 0.03 0.033 1.004 9267.0 3.9116 15.664782 1.792821 16.529345 14.736524 "" "" 1447.86975 1585.69836 10210.19448 3.7488 3339.5 9.6362 10105.0 12.953 "" "" 0.0027840087064549632 0.00419526 0.004027489 0.008222749 318.42100513402 50.31596347284 1508.95203 -2.983999999999999 -4.152000000000001 -0.0843286838531494 -0.029828598022461073 0.118580505 0.121580504 "" "" 0.6397758897978405 "" 0.07608077651780398 ""
318.56894611647 50.51744516505 0.0232 0.0244 23.2951 "" "" 2166148927337576448 1497.33203 0.6372 0.027 -3.857 -8.97 0.031 0.031 1.075 6737.8 3.8502 15.665401 2.021609 16.685131 14.663522 "" "" 1442.703 1550.00562 10204.36485 3.4233 2893.1 10.07 10808.0 10.952 "" "" 0.0027792908320452316 0.004697528 0.0039362637 0.008633792 318.56894611647 50.51744516505 1497.33203 -3.857000000000001 -8.970000000000002 -0.9573286838531496 -4.847828598022462 0.11958051 0.11958051 "" "" 35.07121345914596 "" 4.19383349631521 ""
318.14045255986 50.05308157911 0.0217 0.0255 12.2818 "" "" 2166110341350777216 1557.85205 0.6186 0.028 -2.949 -4.146 0.029 0.029 0.976 8490.2 4.2111 15.665871 1.585106 16.402733 14.817627 "" "" 1493.41028 1640.84985 10199.9573 2.9754 3752.5 9.3106 9377.9 10.01 "" "" 0.002773463362805 0.0038784195 0.003953077 0.007831496 318.14045255986 50.05308157911 1557.85205 -2.949 -4.146 -0.04932868385314926 -0.023828598022460845 0.1175805 0.1175805 "" "" 0.4045258828862973 "" 0.047564356877440345 ""
318.55878702555 50.46023261301 0.0237 0.024 19.8693 "" "" 2166148446301247104 1458.91638 0.6584 0.0274 -0.164 -3.064 0.032 0.031 1.061 7301.9 4.0344 15.666924 1.900041 16.601376 14.701335 "" "" 1406.74048 1522.63086 10190.06941 3.5551 3125.1 8.3786 10438.0 11.947 "" "" 0.0027812356196767665 0.004032191 0.003978445 0.008010636 318.55878702555 50.46023261301 1458.91638 -0.16399999999999992 -3.064 2.7356713161468504 1.058171401977539 0.12058051 0.11958051 "" "" 20.283806548825478 "" 2.443201396117927 ""
318.11607944532 49.84799455754 0.0248 0.0251 21.2666 "" "" 2166002486135982080 1795.12073 0.5396 0.0293 -4.863 -3.14 0.034 0.029 1.059 7119.9 3.9846 15.667538 1.902011 16.600395 14.698384 "" "" 1693.5061 1871.37854 10184.31209 3.9467 3127.9 10.865 10467.0 15.393 "" "" 0.0027872606812204804 0.0046913126 0.0041028284 0.008794141 318.11607944532 49.84799455754 1795.12073 -4.863000000000003 -3.1400000000000032 -1.9633286838531498 0.9821714019775389 0.122580506 0.1175805 "" "" 18.679484818916887 "" 2.2713532155578284 ""
318.19914490301 49.95662428805 0.0229 0.026 14.118 "" "" 2166108829522314240 1821.52307 0.5137 0.0298 -2.716 -6.703 0.031 0.031 0.988 5214.6 2.9381 15.668897 2.502039 17.036137 14.534098 "" "" 1722.54895 1962.2334 10171.57076 3.8623 2093.9 8.7885 12176.0 12.93 "" "" 0.0027859928871086107 0.005343378 0.0039513377 0.009294716 318.19914490301 49.95662428805 1821.52307 -2.716 -6.703 0.1836713161468504 -2.5808285980224612 0.11958051 0.11958051 "" "" 22.339282331291813 "" 2.6713427134122205 ""
318.54316516891 50.01361999845 0.0224 0.024 8.7256 "" "" 2166100823703546496 1935.81348 0.4796 0.0269 -3.642 -1.622 0.029 0.029 1.034 5204.7 3.1655 15.669495 2.575087 17.089909 14.514821 -22.49 13.11 1843.27832 2023.97803 10165.97091 3.687 1992.8 6.5325 12395.0 12.133 "" "" 0.002783316095087652 0.004522414 0.0039259703 0.008448385 318.54316516891 50.01361999845 1935.81348 -3.6420000000000017 -1.6219999999999997 -0.7423286838531493 2.500171401977539 0.1175805 0.1175805 -5.084999999999997 14.050364 23.930802212893113 24.465087769158114 2.8137957667777305 4.012945197887356
318.85949408229 50.48508779954 0.0218 0.0235 26.4786 "" "" 2166140474842070656 1482.28406 0.6499 0.0255 -3.027 -5.523 0.031 0.029 1.018 "" "" 15.675065 1.957091 16.646997 14.689906 "" "" 1428.54919 1549.66638 10113.94906 3.0783 2996.5 8.4013 10549.0 11.069 "" "" 0.002775065942870399 0.004129345 0.0039473576 0.008076703 318.85949408229 50.48508779954 1482.28406 -3.027000000000001 -5.523 -0.12732868385314955 -1.4008285980224606 0.11958051 0.1175805 "" "" 9.88283325930618 "" 1.1621918390370767 ""
318.6298727827 50.04793905715 0.023 0.024 9.4629 "" "" 2166102021991459456 1723.95483 0.5555 0.0262 -2.414 -6.388 0.031 0.031 1.047 8271.2 3.88 15.684113 2.120891 16.759033 14.638143 "" "" 1646.91602 1804.71448 10030.01922 4.1383 2702.7 8.2613 11064.0 24.099 "" "" 0.002791498244482015 0.0043358 0.0044583 0.0087941 318.6298727827 50.04793905715 1723.95483 -2.414 -6.388 0.48567131614685044 -2.265828598022461 0.11958051 0.11958051 "" "" 18.93588199491394 "" 2.2643623747165322 ""
318.48324291811 50.18778303646 0.023 0.0245 3.5531 "" "" 2166107523852491136 1562.82983 0.6027 0.0279 -4.152 -5.908 0.031 0.031 1.053 7382.7 3.6305 15.691853 2.053858 16.734552 14.680695 "" "" 1503.77148 1646.14893 9958.76929 3.5079 2764.4 9.6787 10638.0 9.5056 "" "" 0.002781735331738064 0.004715452 0.003901915 0.008617367 318.48324291811 50.18778303646 1562.82983 -4.152 -5.908 -1.2523286838531495 -1.7858285980224613 0.11958051 0.11958051 "" "" 16.157714511929964 "" 1.9321476977968355 ""
318.72107472454 50.319766159 0.0248 0.0258 15.5578 "" "" 2166132056706089344 1695.38184 0.5654 0.0281 -2.198 -3.309 0.033 0.034 1.114 9188.4 3.6505 15.692424 1.853452 16.57755 14.724099 "" "" 1623.20898 1784.54028 9953.52871 4.2505 3194.5 9.9796 10222.0 10.588 "" "" 0.0027940575771234284 0.004391991 0.003943156 0.008335147 318.72107472454 50.319766159 1695.38184 -2.198 -3.3090000000000015 0.7016713161468506 0.8131714019775389 0.121580504 0.122580506 "" "" 8.631209907803562 "" 1.054342985030369 ""
318.30386996932 49.80449213905 0.0246 0.0265 20.6791 "" "" 2166091993250563072 1688.38428 0.5608 0.0294 -3.444 -2.422 0.033 0.03 0.956 7954.9 4.0844 15.694865 1.775649 16.556793 14.781144 "" "" 1599.1438 1769.64417 9931.17276 5.2513 3256.1 12.832 9698.4 15.121 "" "" 0.0028144954833334026 0.005108139 0.0041411696 0.009249309 318.30386996932 49.80449213905 1688.38428 -3.443999999999999 -2.421999999999999 -0.5443286838531494 1.700171401977539 0.121580504 0.118580505 "" "" 14.286710988053978 "" 1.6981558563169126 ""
318.57743295231 50.4825361488 0.04 0.0404 21.346 "" "" 2166148618099936512 1456.21704 0.6615 0.0436 -1.061 -1.057 0.056 0.053 1.282 "" "" 15.69684 1.978222 16.386955 14.408733 "" "" 1366.18579 1570.55859 9913.1303 8.602 3807.5 17.201 13667.0 48.315 "" "" 0.0029119421136200537 0.005643046 0.005386639 0.011029685 318.57743295231 50.4825361488 1456.21704 -1.061 -1.0569999999999995 1.8386713161468506 3.065171401977539 0.14458051 0.1415805 "" "" 24.67184891165973 "" 3.5127902524596992 ""
318.988868114 50.02654146193 0.023 0.0243 22.5697 "" "" 2165934110256154624 1894.49475 0.4902 0.0277 -3.261 -2.875 0.033 0.03 0.991 5023.7 2.9688 15.702649 2.629731 17.160242 14.530511 -44.81 5.22 1804.33362 1995.80957 9860.23324 4.0507 1867.8 8.1162 12217.0 16.646 "" "" 0.002791188822828235 0.005481188 0.0040585943 0.009539783 318.988868114 50.02654146193 1894.49475 -3.261 -2.875 -0.36132868385314953 1.247171401977539 0.121580504 0.118580505 -27.405 6.160363 11.660035673053335 29.782385010218313 1.3853932244776979 5.694500794849874
318.92545251246 50.1428019715 0.0241 0.0246 19.0643 "" "" 2165938577022100224 1528.40002 0.616 0.0278 -10.608 -5.886 0.032 0.031 1.016 6896.5 3.5686 15.70355 2.603262 17.132233 14.528971 "" "" 1456.14868 1596.74622 9852.04757 44.379 1916.6 20.15 12234.0 116.97 "" "" 0.0056134847374174285 0.011750848 0.011047374 0.022798222 318.92545251246 50.1428019715 1528.40002 -10.607999999999999 -5.886000000000003 -7.70832868385315 -1.763828598022461 0.12058051 0.11958051 "" "" 57.28719854853509 "" 6.90488053793066 ""
318.45674584321 50.09407840501 0.0229 0.0253 2.9174 "" "" 2166105153030601088 1595.24316 0.5974 0.0283 -2.903 -4.057 0.03 0.03 1.004 9289.6 4.035 15.70901 1.8051 16.576796 14.771696 "" "" 1523.77356 1703.21753 9802.63154 3.5762 3196.7 12.084 9783.2 13.304 "" "" 0.002783645736627779 0.004962848 0.0040575485 0.0090203965 318.45674584321 50.09407840501 1595.24316 -2.9030000000000014 -4.056999999999997 -0.003328683853149439 0.06517140197753868 0.118580505 0.118580505 "" "" 0.49343282821134316 "" 0.058511514077167384 ""
318.90187816385 50.37412686199 0.0332 0.0364 22.9399 "" "" 2166133190577562752 1779.08264 0.5433 0.0377 -2.885 -4.266 0.046 0.045 1.408 9221.4 4.0499 15.711117 1.735839 16.507978 14.77214 "" "" 1693.69482 1881.96423 9783.63357 3.8318 3405.9 7.6915 9779.2 43.471 "" "" 0.0027879405460793957 0.0037144155 0.0061300546 0.00984447 318.90187816385 50.37412686199 1779.08264 -2.885 -4.266 0.014671316146850799 -0.14382859802246095 0.13458051 0.1335805 "" "" 1.2191790261650026 "" 0.1628711526500644 ""
318.8904697104 49.78434333344 0.0289 0.0245 27.7557 "" "" 2165896348903227392 1537.51172 0.6298 0.0309 -5.769 -8.137 0.042 0.03 0.952 7848.9 3.9904 15.711316 1.779591 16.572922 14.793331 "" "" 1475.50879 1616.46326 9781.83009 3.5028 3208.1 10.516 9590.2 11.093 "" "" 0.002782615703985678 0.00452233 0.00398258 0.00850491 318.8904697104 49.78434333344 1537.51172 -5.769000000000004 -8.136999999999997 -2.8693286838531495 -4.014828598022461 0.1305805 0.118580505 "" "" 35.96360050442839 "" 4.415210005445631 ""
317.80945841034 50.22732579718 0.0242 0.024 24.4055 "" "" 2166165797969701632 1903.59668 0.4944 0.0275 -5.637 -5.379 0.032 0.029 0.98 8884.0 4.0927 15.713444 1.772146 16.563852 14.791706 "" "" 1794.77588 2002.82483 9762.68276 3.7733 3235.0 9.2625 9604.5 11.849 "" "" 0.002787092888639691 0.0041772043 0.0040097246 0.008186929 317.80945841034 50.22732579718 1903.59668 -5.637 -5.379 -2.737328683853149 -1.2568285980224605 0.12058051 0.1175805 "" "" 27.17808408178306 "" 3.263097831077588 ""
318.149111387 50.10171409187 0.0229 0.0256 11.0303 "" "" 2166114876836233728 1482.65723 0.645 0.0288 -1.772 -3.236 0.03 0.029 0.955 8120.9 4.0907 15.715117 1.794298 16.581247 14.786949 "" "" 1414.94202 1544.5249 9747.64622 3.7939 3183.6 10.056 9646.7 12.987 "" "" 0.002787537351676812 0.0044211457 0.0040521915 0.008473337 318.149111387 50.10171409187 1482.65723 -1.772000000000002 -3.2360000000000024 1.1276713161468506 0.8861714019775389 0.118580505 0.1175805 "" "" 10.079295119237527 "" 1.1913698886221038 ""
