Clusters/UBC_155/UBC_155_members.tsv
# %ECSV 1.0
# ---
# datatype:
# - name: RA_ICRS_1
#   unit: deg
#   datatype: float64
#   format: '{:15.11f}'
#   description: Right ascension (ICRS) at Ep=2016.0 (ra)
#   meta: !!omap
#   - {ucd: POS_EQ_RA_MAIN}
#   - {width: 15}
#   - {precision: '11'}
# - name: DE_ICRS_1
#   unit: deg
#   datatype: float64
#   format: '{:15.11f}'
#   description: Declination (ICRS) at Ep=2016.0 (dec)
#   meta: !!omap
#   - {ucd: POS_EQ_DEC_MAIN}
#   - {width: 15}
#   - {precision: '11'}
# - name: e_RA_ICRS
#   unit: mas
#   datatype: float64
#   format: '{:7.4f}'
#   description: Standard error of right ascension (ra_error)
#   meta: !!omap
#   - {ucd: ERROR}
#   - {width: 7}
#   - {precision: '4'}
# - name: e_DE_ICRS
#   unit: mas
#   datatype: float64
#   format: '{:7.4f}'
#   description: Standard error of declination (dec_error)
#   meta: !!omap
#   - {ucd: ERROR}
#   - {width: 7}
#   - {precision: '4'}
# - name: _r_1
#   unit: ''
#   datatype: float64
#   format: '{:7.4f}'
#   description: Distance from center (318.42970931000+50.13950556000)[ICRS], at Epoch=J2016.0
#   meta: !!omap
#   - {ucd: POS_ANG_DIST_GENERAL}
#   - {width: 7}
#   - {precision: '4'}
# - name: HIP
#   datatype: int32
#   description: '? HIP cross-id number, van Leeuwen, Cat. I/311 (hip_original_ext_source_id)'
#   meta: !!omap
#   - {ucd: ID_NUMBER}
#   - {width: 6}
#   - values: {'null': -2147483648}
# - name: TYC2
#   datatype: string
#   description: Tycho-2 cross-id name, Hog et al., Cat. I/259 (tyc2_original_ext_source_id)
#   meta: !!omap
#   - {ucd: ID_CROSSID}
#   - {_votable_string_dtype: char}
# - name: Source
#   datatype: int64
#   description: Source identifier, identical to the Gaia-EDR3 source_id (id)
#   meta: !!omap
#   - {ucd: ID_MAIN}
#   - {width: 19}
# - name: rgeo
#   unit: pc
#   datatype: float64
#   format: '{:15.8f}'
#   description: '? Median of the geometric distance posterior (r_med_geo)'
#   meta: !!omap
#   - {ucd: PHYS_DISTANCE_TRUE}
#   - {width: 15}
#   - {precision: '8'}
#   - values: {'null': .nan}
# - name: Plx
#   unit: mas
#   datatype: float64
#   format: '{:9.4f}'
#   description: '? Parallax (parallax)'
#   meta: !!omap
#   - {ucd: POS_PARLX_TRIG}
#   - {width: 9}
#   - {precision: '4'}
#   - values: {'null': .nan}
# - name: e_Plx
#   unit: mas
#   datatype: float32
#   format: '{:7.4f}'
#   description: '? Standard error of parallax (parallax_error)'
#   meta: !!omap
#   - {ucd: ERROR}
#   - {width: 7}
#   - {precision: '4'}
#   - values: {'null': .nan}
# - name: pmRA
#   unit: mas / yr
#   datatype: float64
#   format: '{:9.3f}'
#   description: '? Proper motion in right ascension direction, pmRA*cosDE (pmra)'
#   meta: !!omap
#   - {ucd: POS_EQ_PMRA}
#   - {width: 9}
#   - {precision: '3'}
#   - values: {'null': .nan}
# - name: pmDE
#   unit: mas / yr
#   datatype: float64
#   format: '{:9.3f}'
#   description: '? Proper motion in declination direction (pmdec)'
#   meta: !!omap
#   - {ucd: POS_EQ_PMDEC}
#   - {width: 9}
#   - {precision: '3'}
#   - values: {'null': .nan}
# - name: e_pmRA
#   unit: mas / yr
#   datatype: float32
#   format: '{:6.3f}'
#   description: '? Standard error of proper motion in right ascension direction (pmra_error)'
#   meta: !!omap
#   - {ucd: ERROR}
#   - {width: 6}
#   - {precision: '3'}
#   - values: {'null': .nan}
# - name: e_pmDE
[...]
#         unit: &id001 !astropy.units.Unit {unit: deg}
#         value: !astropy.table.SerializedColumn {name: SkyCoord.dec}
#       distance: !astropy.table.SerializedColumn
#         __class__: astropy.coordinates.distances.Distance
#         unit: !astropy.units.Unit {unit: pc}
#         value: !astropy.table.SerializedColumn {name: SkyCoord.distance}
#       frame: icrs
#       obstime: !astropy.time.Time {format: jyear_str, in_subfmt: '*', jd1: 367701545.0, jd2: 0.0, out_subfmt: '*', precision: 3, scale: tt}
#       pm_dec: !astropy.table.SerializedColumn
#         __class__: astropy.units.quantity.Quantity
#         unit: !astropy.units.Unit {unit: mas / yr}
#         value: !astropy.table.SerializedColumn {name: SkyCoord.pm_dec}
#       pm_ra_cosdec: !astropy.table.SerializedColumn
#         __class__: astropy.units.quantity.Quantity
#         unit: !astropy.units.Unit {unit: mas / yr}
#         value: !astropy.table.SerializedColumn {name: SkyCoord.pm_ra_cosdec}
#       ra: !astropy.table.SerializedColumn
#         __class__: astropy.coordinates.angles.Longitude
#         unit: *id001
#         value: !astropy.table.SerializedColumn {name: SkyCoord.ra}
#         wrap_angle: !astropy.coordinates.Angle
#           unit: *id001
#           value: 360.0
#       representation_type: spherical
# schema: astropy-2.0
RA_ICRS_1 DE_ICRS_1 e_RA_ICRS e_DE_ICRS _r_1 HIP TYC2 Source rgeo Plx e_Plx pmRA pmDE e_pmRA e_pmDE RUWE Teff logg Gmag BP-RP BPmag RPmag RV e_RV b_rgeo B_rgeo FG e_FG FBP e_FBP FRP e_FRP RAVE5 RAVE6 e_Gmag e_BPmag e_RPmag e_BP-RP SkyCoord.ra SkyCoord.dec SkyCoord.distance SkyCoord.pm_ra_cosdec SkyCoord.pm_dec Pmemb
[from data line 41]
318.30384340138 50.29463680369 0.0275 0.0299 10.4875 "" "" 2166122397317157376 1496.6814 0.6401 0.0341 -2.918 -4.059 0.037 0.036 1.04 8206.6 4.2716 16.14987 1.891479 17.079708 15.188229 "" "" 1416.39111 1565.375 6531.29277 2.5582 2011.6 6.8715 6666.0 9.4169 "" "" 0.002787945430115416 0.0046411525 0.004078756 0.008719908 318.30384340138 50.29463680369 1496.6814 -2.9179999999999993 -4.059 0.97
318.46590219759 50.28969421128 0.0298 0.0316 9.1178 "" "" 2166120546193419776 1699.26038 0.5661 0.0361 -2.823 -4.194 0.038 0.04 0.979 "" "" 16.169922 1.987173 17.164408 15.177235 "" "" 1610.62854 1799.79565 6411.76925 3.0466 1860.6 7.1411 6733.9 10.883 "" "" 0.002803201335423479 0.0050149746 0.004166863 0.009181838 318.46590219759 50.28969421128 1699.26038 -2.8230000000000004 -4.193999999999998 0.96
318.37547385059 50.22470777002 0.0303 0.0343 5.5205 "" "" 2166118828206394368 1700.53796 0.5707 0.0377 -2.921 -4.102 0.039 0.042 1.018 9029.8 4.2817 16.19744 1.876733 17.11877 15.242038 "" "" 1607.5708 1818.07227 6251.30744 2.9316 1940.5 12.603 6343.7 9.3137 "" "" 0.0028019703726616875 0.0075834957 0.004101798 0.011685293 318.37547385059 50.22470777002 1700.53796 -2.9210000000000003 -4.1019999999999985 0.95
318.49734770238 50.18412829415 0.0302 0.0305 3.7319 "" "" 2166107523852492800 1558.97217 0.625 0.0354 -2.982 -4.139 0.04 0.04 1.022 7214.7 4.1263 16.22782 2.037891 17.25689 15.218998 "" "" 1464.6582 1642.23206 6078.81092 2.72 1708.7 7.853 6479.8 9.298 "" "" 0.0027978222974623154 0.0057170275 0.0040878993 0.009804927 318.49734770238 50.18412829415 1558.97217 -2.9820000000000015 -4.139000000000001 0.98
318.33726711228 50.188766898 0.0295 0.0338 4.6217 "" "" 2166118381529798528 1641.60962 0.5789 0.0368 -2.841 -4.164 0.039 0.044 0.952 7983.6 4.0698 16.231411 1.896266 17.164288 15.268022 "" "" 1553.71704 1726.22144 6058.7402 2.9974 1860.8 10.919 6193.7 11.58 "" "" 0.0028071885793512197 0.00695519 0.0042900317 0.011245222 318.33726711228 50.188766898 1641.60962 -2.841000000000001 -4.1640000000000015 0.93
318.49605470679 50.19961916001 0.0321 0.0303 4.417 "" "" 2166107558212228096 1594.31836 0.6009 0.0355 -2.851 -4.168 0.044 0.038 0.967 8172.3 4.2028 16.25811 1.891753 17.180954 15.289201 "" "" 1525.29602 1689.19263 5911.57016 3.2155 1832.5 8.3484 6074.0 10.795 "" "" 0.0028178999407509992 0.005679021 0.004243485 0.009922506 318.49605470679 50.19961916001 1594.31836 -2.8509999999999995 -4.168 0.96
318.04334622286 49.9844991003 0.0351 0.0362 17.5489 "" "" 2166015886433921536 1838.42688 0.5267 0.0439 -2.889 -4.166 0.046 0.044 1.141 6636.6 4.1245 16.272547 1.810881 17.14864 15.337759 "" "" 1710.73047 2013.79309 5833.48825 3.4196 1887.8 7.2933 5808.4 7.6683 "" "" 0.002827873943923512 0.0050378432 0.0040420736 0.009079916 318.04334622286 49.9844991003 1838.42688 -2.8889999999999985 -4.166 0.97
318.38936910729 50.16463165085 0.0314 0.0367 2.1629 "" "" 2166117522536351488 1590.75122 0.5923 0.0406 -2.866 -4.15 0.04 0.042 0.895 9327.8 4.254 16.315386 2.156387 17.426865 15.270477 "" "" 1498.14111 1688.82764 5607.79852 2.8982 1461.1 12.296 6179.7 11.181 "" "" 0.0028118768821762292 0.009553616 0.0042594285 0.013813045 318.38936910729 50.16463165085 1590.75122 -2.8659999999999997 -4.150000000000001 0.96
318.5123649268 50.05468749227 0.0315 0.032 6.0016 "" "" 2166104431476065536 1535.38281 0.6228 0.0366 -2.968 -4.051 0.038 0.04 0.936 8496.6 4.3099 16.322283 1.907731 17.26268 15.354949 "" "" 1449.37231 1620.85181 5572.28837 2.534 1699.6 9.008 5717.1 8.203 "" "" 0.002799208363171996 0.0063952385 0.004087857 0.010483095 318.5123649268 50.05468749227 1535.38281 -2.968 -4.051 0.91
318.593020381 50.11308852901 0.0377 0.0386 6.4788 "" "" 2166106115103241344 1535.07935 0.6202 0.0438 -2.862 -4.027 0.047 0.046 1.12 9082.1 4.2497 16.351366 2.115415 17.426205 15.31079 "" "" 1443.53906 1638.77356 5425.00605 2.8486 1462.0 6.3367 5954.5 7.7879 "" "" 0.002813682659465455 0.0054708566 0.004037354 0.009508211 318.593020381 50.11308852901 1535.07935 -2.8619999999999997 -4.026999999999998 0.92
318.78798815264 50.28976198688 0.0336 0.0373 16.447 "" "" 2166130991554209792 1692.36804 0.5708 0.0399 -2.959 -4.136 0.044 0.051 0.994 7198.9 3.7484 16.39658 2.106361 17.4661 15.359739 "" "" 1596.14807 1819.67029 5203.72701 2.7884 1409.2 8.4778 5692.0 9.8902 "" "" 0.002816072942405469 0.007102806 0.004224066 0.011326872 318.78798815264 50.28976198688 1692.36804 -2.9589999999999983 -4.135999999999999 0.92
318.1772162375 50.19783300333 0.0346 0.0357 10.3155 "" "" 2166115770189544832 1559.625 0.6238 0.0414 -2.933 -3.935 0.046 0.044 1.014 8888.7 4.2693 16.41786 1.992835 17.37521 15.382375 "" "" 1463.95251 1673.39722 5102.72802 2.8745 1532.3 13.211 5574.5 34.698 "" "" 0.0028223877752528727 0.009767852 0.0077430787 0.01751093 318.1772162375 50.19783300333 1559.625 -2.9329999999999994 -3.9349999999999996 0.96
318.21064206292 50.04330737124 0.0326 0.0376 10.2189 "" "" 2166110822387122432 1634.37415 0.5822 0.041 -2.919 -4.076 0.042 0.044 1.021 7310.5 4.2504 16.424637 1.974518 17.411997 15.437479 "" "" 1526.08618 1766.297 5070.98032 2.6489 1481.2 7.9209 5298.7 9.2395 "" "" 0.002813085237367774 0.0064417343 0.0042270613 0.010668796 318.21064206292 50.04330737124 1634.37415 -2.9190000000000005 -4.0760000000000005 0.94
318.34820933618 50.2187877978 0.0358 0.0382 5.6951 "" "" 2166118995702748288 1646.27539 0.582 0.0432 -2.611 -4.567 0.048 0.045 0.984 8312.0 3.8433 16.440413 2.070581 17.491373 15.420792 "" "" 1564.14966 1776.60571 4997.82994 2.6849 1376.8 6.8034 5380.7 7.835 "" "" 0.0028163798256785272 0.0060472772 0.004096731 0.010144008 318.34820933618 50.2187877978 1646.27539 -2.611 -4.567 0.82
318.50258509742 50.31016490749 0.0379 0.0364 10.6148 "" "" 2166120958510279936 1550.15918 0.6241 0.0436 -2.899 -4.276 0.049 0.045 1.006 8548.9 4.2351 16.470898 2.06605 17.51886 15.452809 "" "" 1437.69995 1655.91467 4859.45212 2.4251 1342.4 7.8749 5224.4 9.1798 "" "" 0.002808090812741581 0.006953576 0.004233584 0.01118716 318.50258509742 50.31016490749 1550.15918 -2.899 -4.276 0.95
318.66917259815 50.32805756568 0.0365 0.0383 14.5757 "" "" 2166132194145037184 1600.84875 0.6055 0.0419 -2.868 -4.03 0.048 0.049 1.01 7441.3 4.1682 16.54514 2.153646 17.661469 15.507823 "" "" 1483.67004 1720.07214 4538.27889 2.4667 1177.1 5.4036 4966.3 10.038 "" "" 0.002817808664013606 0.0057120183 0.0043703117 0.010082331 318.66917259815 50.32805756568 1600.84875 -2.8679999999999986 -4.0299999999999985 0.89
318.3960723157 50.42858967282 0.0349 0.0394 17.3929 "" "" 2166125528355460736 1726.70593 0.5511 0.0437 -2.875 -4.063 0.045 0.047 0.953 7983.5 3.988 16.555788 2.101875 17.63569 15.533815 "" "" 1607.0498 1825.88721 4493.98388 2.2938 1205.4 5.8734 4848.8 9.0434 "" "" 0.0028104984227992525 0.005981023 0.004287691 0.010268714 318.3960723157 50.42858967282 1726.70593 -2.8750000000000004 -4.063 0.93
318.40913240304 50.1069882108 0.0354 0.0397 2.1055 "" "" 2166105393548720000 1492.56982 0.6367 0.0439 -2.911 -4.058 0.045 0.047 0.988 8286.6 4.3413 16.582127 2.068674 17.63118 15.562506 "" "" 1412.43823 1614.2196 4386.27565 2.2572 1210.4 9.9417 4722.3 10.247 "" "" 0.0028113988484444086 0.009344067 0.004453568 0.013797635 318.40913240304 50.1069882108 1492.56982 -2.9110000000000005 -4.058000000000002 0.94
318.48345204325 50.00513845195 0.0359 0.0408 8.3234 "" "" 2166100961142366464 1550.41479 0.6305 0.0451 -2.973 -4.189 0.047 0.051 0.975 6758.4 4.2259 16.613232 1.977741 17.598423 15.620682 "" "" 1458.89563 1648.9906 4262.39829 2.2639 1247.5 7.4299 4476.0 9.4502 "" "" 0.0028150200557144844 0.00704274 0.004420233 0.011462973 318.48345204325 50.00513845195 1550.41479 -2.9729999999999985 -4.189 0.94
318.25625262228 50.16974116038 0.0404 0.0462 6.9106 "" "" 2166112609093624192 1554.32471 0.6243 0.0507 -2.881 -4.137 0.052 0.055 1.102 7994.5 3.8872 16.632198 2.160024 17.74876 15.588737 "" "" 1425.7865 1726.08179 4188.58329 2.2584 1086.2 7.9281 4609.6 8.8525 "" "" 0.0028168228441978714 0.008401557 0.0043164073 0.012717964 318.25625262228 50.16974116038 1554.32471 -2.8810000000000007 -4.136999999999999 0.95
318.67661051133 50.32602433712 0.0405 0.0428 14.6642 "" "" 2166132194145038720 1691.38086 0.5723 0.0464 -2.96 -4.131 0.052 0.053 1.018 8000.3 4.2296 16.732012 2.110281 17.819529 15.709248 "" "" 1555.95996 1871.04163 3820.69039 2.1003 1017.7 6.4254 4125.3 7.504 "" "" 0.0028192227682704483 0.0074010454 0.0042643 0.011665346 318.67661051133 50.32602433712 1691.38086 -2.9599999999999986 -4.131 0.92
318.29469814842 50.15622977177 0.0394 0.0433 5.2871 "" "" 2166112368575460864 1565.44836 0.6246 0.0488 -2.845 -4.148 0.051 0.051 1.004 8276.9 4.2816 16.73211 2.136053 17.83023 15.694178 "" "" 1440.29541 1670.91833 3820.34719 2.1897 1007.7 7.5589 4183.0 9.563 "" "" 0.0028247226205376282 0.00860895 0.0045216 0.01313055 318.29469814842 50.15622977177 1565.44836 -2.845 -4.148 0.92
318.36441635022 50.07557140049 0.0388 0.0471 4.5856 "" "" 2166099449313855232 1556.86194 0.6164 0.0505 -2.991 -4.132 0.05 0.052 1.012 7988.8 4.4273 16.740059 2.072129 17.795046 15.722917 "" "" 1443.04126 1667.80627 3792.47585 2.3923 1040.9 6.931 4073.7 9.3479 "" "" 0.0028391646001994595 0.0077492855 0.0045266952 0.012275981 318.36441635022 50.07557140049 1556.86194 -2.991000000000001 -4.132 0.94
318.45874677731 50.02257386646 0.0393 0.048 7.1044 "" "" 2166103950439599872 1785.37451 0.5406 0.051 -2.806 -4.144 0.051 0.059 1.028 5522.2 4.2109 16.79118 1.900407 17.677843 15.777436 "" "" 1657.98083 1929.76392 3618.05341 2.3943 1159.5 10.831 3874.2 14.26 "" "" 0.0028474610343683913 0.010518769 0.005500401 0.01601917 318.45874677731 50.02257386646 1785.37451 -2.8059999999999987 -4.143999999999998 0.9
318.81268800361 50.01285583898 0.0396 0.0409 16.5897 "" "" 2165913597491962752 1746.15735 0.543 0.0471 -2.883 -4.077 0.05 0.05 1.005 7146.4 4.3622 16.799448 2.01218 17.813416 15.801235 "" "" 1621.17126 1870.53577 3590.60582 1.8848 1023.4 5.7228 3790.2 9.0686 "" "" 0.0028136471183012397 0.006681819 0.0045860866 0.011267906 318.81268800361 50.01285583898 1746.15735 -2.883 -4.077 0.94
318.57171306665 50.42911218145 0.0403 0.0409 18.2093 "" "" 2166145457004016768 1728.95557 0.5512 0.0468 -2.743 -4.308 0.053 0.053 0.988 8046.9 4.3139 16.848242 2.036026 17.882982 15.846956 "" "" 1616.8761 1862.80957 3432.81198 1.882 959.9 6.2801 3633.9 9.0039 "" "" 0.00281888328894521 0.0076317107 0.0046390533 0.0122707635 318.57171306665 50.42911218145 1728.95557 -2.7430000000000003 -4.308000000000001 0.83
318.32774338678 50.29036632827 0.0451 0.0495 9.862 "" "" 2166122435978908928 1584.67212 0.5997 0.0565 -2.835 -4.004 0.06 0.058 1.079 6193.3 4.1567 16.888819 2.174656 17.96037 15.785713 "" "" 1444.00671 1709.40833 3306.88349 2.3014 893.86 13.216 3844.8 57.712 "" "" 0.002857050108118525 0.016293624 0.016729822 0.033023447 318.32774338678 50.29036632827 1584.67212 -2.835 -4.004 0.89
318.51394960808 50.07648371558 0.0439 0.0462 4.9806 "" "" 2166104534555276160 1710.77771 0.5649 0.0523 -2.991 -3.97 0.055 0.058 1.015 7647.6 4.2497 16.948063 2.205852 18.102446 15.896594 "" "" 1583.7843 1870.45996 3131.27629 1.8885 784.22 7.4709 3471.5 9.4803 "" "" 0.0028320618965859733 0.01071303 0.0048036585 0.015516688 318.51394960808 50.07648371558 1710.77771 -2.991 -3.97 0.93
318.38223800834 49.97141024842 0.0441 0.0567 10.2502 "" "" 2166098109284079104 1485.54822 0.6313 0.0617 -2.789 -4.096 0.058 0.065 0.975 5047.7 4.2984 16.955431 1.932313 17.86986 15.937547 "" "" 1371.11108 1610.06506 3110.09965 2.3236 971.57 10.466 3343.0 8.9227 "" "" 0.002872243839524871 0.012024036 0.0047625187 0.016786555 318.38223800834 49.97141024842 1485.54822 -2.7889999999999997 -4.096000000000002 0.93
