Clusters/UBC_155/UBC_155_stars_in_region.tsv
# %ECSV 1.0
# ---
# datatype:
# - name: RA_ICRS_1
#   unit: deg
#   datatype: float64
#   format: '{:15.11f}'
#   description: Right ascension (ICRS) at Ep=2016.0 (ra)
#   meta: !!omap
#   - {ucd: POS_EQ_RA_MAIN}
#   - {width: 15}
#   - {precision: '11'}
# - name: DE_ICRS_1
#   unit: deg
#   datatype: float64
#   format: '{:15.11f}'
#   description: Declination (ICRS) at Ep=2016.0 (dec)
#   meta: !!omap
#   - {ucd: POS_EQ_DEC_MAIN}
#   - {width: 15}
#   - {precision: '11'}
# - name: e_RA_ICRS
#   unit: mas
#   datatype: float64
#   format: '{:7.4f}'
#   description: Standard error of right ascension (ra_error)
#   meta: !!omap
#   - {ucd: ERROR}
#   - {width: 7}
#   - {precision: '4'}
# - name: e_DE_ICRS
#   unit: mas
#   datatype: float64
#   format: '{:7.4f}'
#   description: Standard error of declination (dec_error)
#   meta: !!omap
#   - {ucd: ERROR}
#   - {width: 7}
#   - {precision: '4'}
# - name: _r_1
#   unit: ''
#   datatype: float64
#   format: '{:7.4f}'
#   description: Distance from center (318.42970931000+50.13950556000)[ICRS], at Epoch=J2016.0
#   meta: !!omap
#   - {ucd: POS_ANG_DIST_GENERAL}
#   - {width: 7}
#   - {precision: '4'}
# - name: HIP
#   datatype: int32
#   description: '? HIP cross-id number, van Leeuwen, Cat. I/311 (hip_original_ext_source_id)'
#   meta: !!omap
#   - {ucd: ID_NUMBER}
#   - {width: 6}
#   - values: {'null': -2147483648}
# - name: TYC2
#   datatype: string
#   description: Tycho-2 cross-id name, Hog et al., Cat. I/259 (tyc2_original_ext_source_id)
#   meta: !!omap
#   - {ucd: ID_CROSSID}
#   - {_votable_string_dtype: char}
# - name: Source
#   datatype: int64
#   description: Source identifier, identical to the Gaia-EDR3 source_id (id)
#   meta: !!omap
#   - {ucd: ID_MAIN}
#   - {width: 19}
# - name: rgeo
#   unit: pc
#   datatype: float64
#   format: '{:15.8f}'
#   description: '? Median of the geometric distance posterior (r_med_geo)'
#   meta: !!omap
#   - {ucd: PHYS_DISTANCE_TRUE}
#   - {width: 15}
#   - {precision: '8'}
#   - values: {'null': .nan}
# - name: Plx
#   unit: mas
#   datatype: float64
#   format: '{:9.4f}'
#   description: '? Parallax (parallax)'
#   meta: !!omap
#   - {ucd: POS_PARLX_TRIG}
#   - {width: 9}
#   - {precision: '4'}
#   - values: {'null': .nan}
# - name: e_Plx
#   unit: mas
#   datatype: float32
#   format: '{:7.4f}'
#   description: '? Standard error of parallax (parallax_error)'
#   meta: !!omap
#   - {ucd: ERROR}
#   - {width: 7}
#   - {precision: '4'}
#   - values: {'null': .nan}
# - name: pmRA
#   unit: mas / yr
#   datatype: float64
#   format: '{:9.3f}'
#   description: '? Proper motion in right ascension direction, pmRA*cosDE (pmra)'
#   meta: !!omap
#   - {ucd: POS_EQ_PMRA}
#   - {width: 9}
#   - {precision: '3'}
#   - values: {'null': .nan}
# - name: pmDE
#   unit: mas / yr
#   datatype: float64
#   format: '{:9.3f}'
#   description: '? Proper motion in declination direction (pmdec)'
#   meta: !!omap
#   - {ucd: POS_EQ_PMDEC}
#   - {width: 9}
#   - {precision: '3'}
#   - values: {'null': .nan}
# - name: e_pmRA
#   unit: mas / yr
#   datatype: float32
#   format: '{:6.3f}'
#   description: '? Standard error of proper motion in right ascension direction (pmra_error)'
#   meta: !!omap
#   - {ucd: ERROR}
#   - {width: 6}
#   - {precision: '3'}
#   - values: {'null': .nan}
# - name: e_pmDE
[...]
#         value: !astropy.table.SerializedColumn {name: SkyCoord.dec}
#       distance: !astropy.table.SerializedColumn
#         __class__: astropy.coordinates.distances.Distance
#         unit: !astropy.units.Unit {unit: pc}
#         value: !astropy.table.SerializedColumn {name: SkyCoord.distance}
#       frame: icrs
#       obstime: !astropy.time.Time {format: jyear_str, in_subfmt: '*', jd1: 367701545.0, jd2: 0.0, out_subfmt: '*', precision: 3, scale: tt}
#       pm_dec: !astropy.table.SerializedColumn
#         __class__: astropy.units.quantity.Quantity
#         unit: !astropy.units.Unit {unit: mas / yr}
#         value: !astropy.table.SerializedColumn {name: SkyCoord.pm_dec}
#       pm_ra_cosdec: !astropy.table.SerializedColumn
#         __class__: astropy.units.quantity.Quantity
#         unit: !astropy.units.Unit {unit: mas / yr}
#         value: !astropy.table.SerializedColumn {name: SkyCoord.pm_ra_cosdec}
#       ra: !astropy.table.SerializedColumn
#         __class__: astropy.coordinates.angles.Longitude
#         unit: *id001
#         value: !astropy.table.SerializedColumn {name: SkyCoord.ra}
#         wrap_angle: !astropy.coordinates.Angle
#           unit: *id001
#           value: 360.0
#       representation_type: spherical
# schema: astropy-2.0
RA_ICRS_1 DE_ICRS_1 e_RA_ICRS e_DE_ICRS _r_1 HIP TYC2 Source rgeo Plx e_Plx pmRA pmDE e_pmRA e_pmDE RUWE Teff logg Gmag BP-RP BPmag RPmag RV e_RV b_rgeo B_rgeo FG e_FG FBP e_FBP FRP e_FRP RAVE5 RAVE6 e_Gmag e_BPmag e_RPmag e_BP-RP SkyCoord.ra SkyCoord.dec SkyCoord.distance SkyCoord.pm_ra_cosdec SkyCoord.pm_dec rmRA rmDE e_rmRA e_rmDE rRV e_rRV v_pec v_pec3d e_vpec e_vpec3d
[from data line 545]
318.5282995236 49.81412067366 0.03 0.031 19.8903 "" "" 2165905110636327168 1651.9989 0.5907 0.0373 2.14 -1.672 0.041 0.04 0.914 6677.1 4.0022 16.0206 1.929955 16.982613 15.052657 "" "" 1544.56604 1775.224 7357.10418 2.931 2199.7 5.2525 7552.6 9.1424 "" "" 0.0027890654772261304 0.0038087212 0.0040013823 0.0078101037 318.5282995236 49.81412067366 1651.9989 2.14 -1.6720000000000002 5.039671316146851 2.4501714019775394 0.1295805 0.12858051 "" "" 43.87975255961041 "" 5.677597605712637 ""
317.87677720918 50.04147282188 0.0275 0.0265 22.0826 "" "" 2166066670128515968 1675.19727 0.5738 0.0335 -0.746 -2.423 0.039 0.032 0.957 8200.1 4.2566 16.020777 1.496318 16.705454 15.209136 "" "" 1589.16907 1791.39307 7355.8978 2.7243 2839.5 9.6049 6538.9 10.38 "" "" 0.002784507292372611 0.004612282 0.0041538244 0.008766106 317.87677720918 50.04147282188 1675.19727 -0.7459999999999998 -2.423000000000001 2.1536713161468506 1.699171401977539 0.12758051 0.12058051 "" "" 21.782689697149678 "" 2.721557713097899 ""
317.84034850689 49.93394044632 0.0274 0.0282 25.8454 "" "" 2166017673140209408 1375.92712 0.7036 0.0332 -3.732 -3.067 0.037 0.039 0.985 7261.9 4.2528 16.023235 1.639327 16.79259 15.153262 "" "" 1313.16455 1437.59082 7339.26879 2.876 2620.5 12.196 6884.2 9.9286 "" "" 0.002787975429372049 0.005772246 0.0040909303 0.009863176 317.84034850689 49.93394044632 1375.92712 -3.732 -3.067 -0.8323286838531496 1.055171401977539 0.1255805 0.12758051 "" "" 8.764993715523726 "" 1.111551213028449 ""
317.73029721269 50.2192486931 0.0274 0.0286 27.2961 "" "" 2166072614363219072 1592.6853 0.6029 0.0325 0.946 -1.988 0.036 0.037 1.073 "" "" 16.023455 1.865789 16.939472 15.073684 "" "" 1516.21082 1677.47375 7337.7857 2.8046 2288.9 7.9989 7407.7 10.363 "" "" 0.0027863955598892297 0.0047097243 0.004073175 0.008782899 317.73029721269 50.2192486931 1592.6853 0.9460000000000004 -1.9879999999999987 3.8456713161468503 2.134171401977539 0.1245805 0.1255805 "" "" 33.20320883067102 "" 4.144314391820825 ""
317.74527304066 50.12964693473 0.027 0.0282 26.3294 "" "" 2166070999455529344 1879.00525 0.5067 0.032 -1.512 -1.644 0.036 0.036 0.964 8412.2 4.212 16.024418 1.616792 16.779896 15.163104 "" "" 1774.83057 1997.82056 7331.28259 2.9888 2651.3 8.1744 6822.1 10.061 "" "" 0.002790647065474424 0.0043578483 0.0041045817 0.00846243 317.74527304066 50.12964693473 1879.00525 -1.5120000000000005 -1.6439999999999997 1.3876713161468506 2.478171401977539 0.1245805 0.1245805 "" "" 25.296557642725784 "" 3.15145786290575 ""
318.20616472845 49.69322297408 0.028 0.0303 28.1352 "" "" 2165997366534992768 1765.23303 0.5455 0.0336 0.853 -2.574 0.038 0.037 0.975 7560.1 4.3099 16.028122 1.618595 16.788319 15.169723 "" "" 1661.77588 1876.19153 7306.31089 2.6753 2630.8 9.1251 6780.6 15.965 "" "" 0.002783853515995814 0.004686939 0.0045627616 0.0092497 318.20616472845 49.69322297408 1765.23303 0.8530000000000002 -2.574 3.7526713161468503 1.5481714019775392 0.1265805 0.1255805 "" "" 33.96649836681224 "" 4.294573014299066 ""
318.09018498807 49.95259296198 0.0275 0.0308 17.231 "" "" 2166109379278055552 1504.42737 0.6377 0.0356 -4.788 -10.008 0.038 0.037 1.03 7234.8 4.3399 16.028492 1.641489 16.784006 15.142517 "" "" 1427.68176 1579.00842 7303.81467 2.8537 2641.3 17.015 6952.7 22.738 "" "" 0.0027877849876107633 0.007530205 0.0051857233 0.012715928 318.09018498807 49.95259296198 1504.42737 -4.788000000000008 -10.008000000000003 -1.8883286838531497 -5.88582859802246 0.1265805 0.1255805 "" "" 44.078931593332136 "" 5.539582927503663 ""
318.34909517563 50.13447862275 0.0267 0.0305 3.1148 "" "" 2166117385097270784 1492.31812 0.6474 0.0329 -3.046 -4.13 0.034 0.04 0.954 7497.2 3.7686 16.031397 1.868396 16.947687 15.079291 "" "" 1425.14014 1558.48535 7284.30185 3.0933 2271.7 10.716 7369.6 11.213 "" "" 0.002793629663697964 0.0058323136 0.0041246493 0.009956963 318.34909517563 50.13447862275 1492.31812 -3.045999999999999 -4.129999999999999 -0.14632868385314923 -0.007828598022460831 0.122580506 0.12858051 "" "" 1.03654906535237 "" 0.1270788923914219 ""
318.05281791651 50.2465354901 0.0328 0.0349 15.8376 "" "" 2166163667666080128 1903.47437 0.5055 0.0387 -2.475 -3.258 0.043 0.042 1.314 "" "" 16.033415 1.804563 16.893478 15.088915 "" "" 1767.16687 2063.85547 7270.77268 4.615 2388.0 9.1742 7304.5 7.8445 "" "" 0.0028401973078945406 0.00501834 0.0039551593 0.0089735 318.05281791651 50.2465354901 1903.47437 -2.4749999999999988 -3.2579999999999982 0.4246713161468505 0.864171401977539 0.1315805 0.1305805 "" "" 8.687554690371453 "" 1.1361203333436698 ""
318.72082532093 49.95070506257 0.0265 0.0272 15.9419 "" "" 2165913666211296896 1350.32568 0.7088 0.0308 -3.407 -4.923 0.036 0.038 0.98 7455.9 4.3453 16.034088 1.750591 16.876934 15.126343 "" "" 1311.81494 1401.57837 7266.27388 2.7091 2424.6 6.7663 7057.0 8.2941 "" "" 0.002784896809258356 0.0041189375 0.0039889943 0.008107932 318.72082532093 49.95070506257 1350.32568 -3.4069999999999996 -4.923 -0.5073286838531494 -0.800828598022461 0.1245805 0.1265805 "" "" 6.067731777948723 "" 0.7646007461737759 ""
318.8611054835 50.0079047003 0.027 0.0266 18.3933 "" "" 2165913356973798272 1435.67102 0.6669 0.0315 -2.929 -4.907 0.038 0.033 0.955 8141.9 4.2917 16.039295 1.907865 16.982422 15.074556 "" "" 1367.45349 1496.34937 7231.50181 2.6924 2200.1 8.7785 7401.8 9.8557 "" "" 0.002784815331544339 0.0051529077 0.0040464476 0.009199355 318.8611054835 50.0079047003 1435.67102 -2.929 -4.907 -0.02932868385314924 -0.784828598022461 0.1265805 0.121580504 "" "" 5.344549775264177 "" 0.6498310856910291 ""
318.2019854887 50.54632517335 0.0285 0.0306 25.9199 "" "" 2166176896165515136 1709.32935 0.5578 0.0352 1.36 -0.658 0.039 0.034 0.981 7819.8 4.2814 16.042711 1.883561 16.971321 15.08776 "" "" 1627.94519 1827.95898 7208.78668 3.1584 2222.7 12.666 7312.3 8.8432 "" "" 0.002796082232979237 0.006787085 0.0040009767 0.010788062 318.2019854887 50.54632517335 1709.32935 1.3599999999999999 -0.6580000000000001 4.259671316146851 3.464171401977539 0.12758051 0.122580506 "" "" 44.48501851714052 "" 5.5879372359593 ""
318.88467730045 49.95308097519 0.0272 0.0277 20.7945 "" "" 2165910230237617408 1635.01953 0.5929 0.0323 -2.731 -3.33 0.037 0.033 1.033 8499.0 4.4189 16.045849 1.669462 16.831865 15.162403 "" "" 1556.88892 1727.27173 7187.98806 2.8654 2527.4 7.2382 6826.5 10.116 "" "" 0.0027891070543650752 0.0041777515 0.0041075977 0.008285349 318.88467730045 49.95308097519 1635.01953 -2.730999999999999 -3.33 0.1686713161468507 0.792171401977539 0.1255805 0.121580504 "" "" 6.276946403497013 "" 0.7642603396357727 ""
319.04236980408 50.45688870494 0.0259 0.0275 30.2327 "" "" 2166136763990476160 1312.49585 0.7369 0.0301 -6.85 -9.334 0.034 0.034 0.954 7196.2 4.157 16.047419 2.041566 17.081778 15.040212 "" "" 1266.33899 1382.6842 7177.59692 2.793 2007.7 8.5851 7639.7 12.5 "" "" 0.002787523452432742 0.005416617 0.0041760714 0.009592688 319.04236980408 50.45688870494 1312.49585 -6.849999999999997 -9.333999999999993 -3.950328683853149 -5.211828598022461 0.122580506 0.122580506 "" "" 40.68525488683785 "" 4.987219127005616 ""
318.36291548821 50.10373461676 0.0286 0.0309 3.348 "" "" 2166117071557020672 1402.25195 0.6895 0.0337 -0.351 -0.595 0.041 0.037 0.963 7795.4 4.2407 16.047714 2.000446 17.053556 15.05311 "" "" 1334.46948 1469.67065 7175.64461 3.185 2060.6 11.021 7549.4 9.7254 "" "" 0.0027971474747888756 0.0064425357 0.0040298933 0.010472429 318.36291548821 50.10373461676 1402.25195 -0.351 -0.5950000000000001 2.5486713161468506 3.5271714019775393 0.1295805 0.1255805 "" "" 28.923851700808925 "" 3.67236882178267 ""
318.12746497694 50.25165203243 0.0718 0.0765 13.4183 "" "" 2166163839464776704 1730.44788 0.5836 0.0857 0.002 -4.85 0.096 0.097 2.971 "" "" 16.052092 2.087396 16.740217 14.652822 "" "" 1500.01184 2062.51807 7146.7689 12.195 2750.0 35.64 10915.0 109.82 "" "" 0.0033202632985161453 0.014345105 0.011559311 0.025904417 318.12746497694 50.25165203243 1730.44788 0.0019999999999993356 -4.85 2.9016713161468504 -0.7278285980224606 0.1845805 0.1855805 "" "" 24.537740783768328 "" 4.530644723423262 ""
318.66417649491 50.02555410523 0.0266 0.0278 11.3241 "" "" 2166101751416491392 1639.06506 0.5896 0.032 -3.011 -4.117 0.037 0.039 1.006 7935.1 3.9135 16.057669 1.868403 16.97769 15.109286 "" "" 1557.47266 1740.43799 7110.1523 2.715 2209.7 7.1358 7168.8 9.5304 "" "" 0.0027863365563947085 0.004480883 0.0040456336 0.008526517 318.66417649491 50.02555410523 1639.06506 -3.010999999999998 -4.117000000000003 -0.11132868385314953 0.00517140197753907 0.1255805 0.12758051 "" "" 0.8658639436119941 "" 0.10873938913431265 ""
318.53140961905 49.66062695324 0.0331 0.033 29.0003 "" "" 2165899235120966016 1361.38367 0.7118 0.0386 -2.981 -2.034 0.041 0.042 1.001 5432.6 3.562 16.062017 2.549165 17.467934 14.918769 "" "" 1289.17102 1445.11487 7081.7308 3.4951 1406.8 5.9115 8543.8 9.0062 "" "" 0.0028069425156465417 0.005347914 0.0039488734 0.009296788 318.53140961905 49.66062695324 1361.38367 -2.9810000000000003 -2.033999999999998 -0.08132868385314929 2.0881714019775393 0.1295805 0.1305805 "" "" 13.485099709446194 "" 1.7608707130485968 ""
317.70934380029 50.11813933807 0.0376 0.0398 27.7375 "" "" 2166071171250315136 1345.44165 0.7212 0.0455 -1.81 -2.866 0.051 0.05 1.597 5191.9 4.168 16.063107 1.890024 16.966927 15.076902 "" "" 1262.36621 1415.51514 7074.64163 4.4712 2231.8 7.6735 7385.8 14.886 "" "" 0.002839479744210955 0.0046605393 0.004367189 0.009027729 317.70934380029 50.11813933807 1345.44165 -1.81 -2.8660000000000005 1.0896713161468505 1.256171401977539 0.1395805 0.1385805 "" "" 10.605185655110542 "" 1.4742349425929926 ""
318.57194629506 50.13351998285 0.0269 0.0279 5.4819 "" "" 2166106183822712064 1497.63831 0.6481 0.0319 -2.887 -4.078 0.037 0.038 0.991 "" "" 16.064262 2.01968 17.081106 15.061426 "" "" 1419.31616 1569.79919 7067.11401 2.7647 2009.0 6.398 7491.8 9.383 "" "" 0.0027878664475701116 0.004443063 0.004016569 0.008459631 318.57194629506 50.13351998285 1497.63831 -2.887 -4.078000000000001 0.012671316146850575 0.04417140197753877 0.1255805 0.1265805 "" "" 0.32621116581597626 "" 0.04126726151878889 ""
318.63572125861 49.83719093617 0.0283 0.0294 19.8035 "" "" 2165910642554209408 1321.73596 0.7306 0.0342 -3.769 -4.152 0.039 0.04 0.942 5666.3 4.1208 16.065203 1.955096 17.04679 15.091693 "" "" 1257.87427 1383.9165 7060.99337 2.9121 2073.5 8.0266 7285.9 9.3046 "" "" 0.0027914685049430865 0.005044764 0.004025702 0.009070465 318.63572125861 49.83719093617 1321.73596 -3.7690000000000006 -4.152000000000002 -0.8693286838531495 -0.029828598022461073 0.12758051 0.12858051 "" "" 5.449574076724969 "" 0.6952658657986668 ""
318.10776061752 50.20648000432 0.0274 0.028 13.0082 "" "" 2166116388664829312 1854.91516 0.5033 0.0324 -4.8 -5.178 0.036 0.035 1.025 7720.5 3.6076 16.06531 2.08927 17.132114 15.042845 "" "" 1751.60193 1988.10815 7060.29383 3.4728 1916.8 13.503 7621.1 12.925 "" "" 0.0028065990079580916 0.0081415605 0.004204083 0.012345644 318.10776061752 50.20648000432 1854.91516 -4.8 -5.178000000000003 -1.9003286838531492 -1.0558285980224609 0.1245805 0.1235805 "" "" 19.113944207119758 "" 2.3767300223065693 ""
318.42070893383 49.81382741755 0.0311 0.0328 19.5438 "" "" 2166091477854497536 1657.60449 0.578 0.0396 -0.174 -1.193 0.043 0.042 1.048 7299.0 4.2043 16.06543 1.875222 16.98498 15.109757 "" "" 1554.86182 1767.66492 7059.50998 3.2125 2195.0 7.7649 7165.6 10.622 "" "" 0.002799267674988646 0.0047473214 0.004107805 0.008855127 318.42070893383 49.81382741755 1657.60449 -0.17400000000000038 -1.1929999999999992 2.7256713161468507 2.929171401977539 0.1315805 0.1305805 "" "" 31.437342313900167 "" 4.119722535506641 ""
318.05562112838 50.42537627958 0.0287 0.0295 22.3586 "" "" 2166174559703209472 1484.78772 0.649 0.0336 -0.089 -1.935 0.038 0.036 1.002 8322.1 4.0327 16.067165 1.98379 17.040531 15.056741 "" "" 1418.63135 1564.46838 7048.23555 3.0967 2085.5 7.786 7524.2 22.402 "" "" 0.0027963090348766674 0.004920954 0.004973266 0.00989422 318.05562112838 50.42537627958 1484.78772 -0.08899999999999975 -1.935 2.8106713161468506 2.187171401977539 0.1265805 0.1245805 "" "" 25.064776720113866 "" 3.153898919325456 ""
318.47109819978 49.85555541838 0.0323 0.0346 17.1116 "" "" 2166093127122054016 1369.30286 0.7048 0.0406 -4.131 -8.982 0.046 0.044 1.146 5508.5 4.1697 16.07056 1.853061 16.912363 15.059302 "" "" 1304.28748 1434.40173 7026.22924 4.1288 2346.8 17.149 7506.5 33.759 "" "" 0.0028282225880136447 0.008410227 0.006174648 0.014584875 318.47109819978 49.85555541838 1369.30286 -4.130999999999999 -8.98199999999999 -1.2313286838531496 -4.85982859802246 0.13458051 0.1325805 "" "" 32.539401724824664 "" 4.31804384517787 ""
318.12518958932 49.95153162053 0.028 0.032 16.275 "" "" 2166108589004074240 1733.18201 0.5723 0.0387 -4.461 -3.346 0.041 0.037 0.954 6626.8 4.0279 16.070768 1.731052 16.89625 15.165197 "" "" 1609.50574 1857.46936 7024.88994 2.7815 2381.9 8.4371 6808.9 12.379 "" "" 0.0027886556536670737 0.0047513917 0.0042638183 0.00901521 318.12518958932 49.95153162053 1733.18201 -4.461 -3.346 -1.5613286838531497 0.776171401977539 0.1295805 0.1255805 "" "" 14.324280854372876 "" 1.8449348743542444 ""
318.23671120073 50.10254826949 0.03 0.0304 7.7487 "" "" 2166111818819651072 1858.95837 0.5007 0.0358 -3.594 -3.847 0.039 0.036 1.081 4977.6 3.1851 16.072874 2.568527 17.49037 14.921843 "" "" 1741.29602 1982.6217 7011.27541 3.2493 1378.1 6.3395 8519.6 11.111 "" "" 0.0028008877519280087 0.0057210866 0.0040359306 0.009757018 318.23671120073 50.10254826949 1858.95837 -3.594 -3.8470000000000004 -0.6943286838531493 0.2751714019775391 0.12758051 0.1245805 "" "" 6.580998396808942 "" 0.8369544528440435 ""
317.96133654041 49.72581758706 0.0286 0.028 30.7133 "" "" 2165999909155508608 1323.68225 0.7283 0.0325 1.353 -1.902 0.039 0.036 0.978 6540.7 4.107 16.073275 1.618047 16.82966 15.211614 "" "" 1246.82861 1402.31372 7008.69297 2.6944 2532.5 10.144 6524.0 12.011 "" "" 0.0027867561226902885 0.005167048 0.0042754295 0.0094424775 317.96133654041 49.72581758706 1323.68225 1.353 -1.902 4.25267131614685 2.220171401977539 0.12758051 0.1245805 "" "" 30.09966580270952 "" 3.820970205225796 ""
317.69757128276 50.30668946885 0.0292 0.0306 29.8416 "" "" 2166085052588494464 1792.0791 0.5312 0.035 -3.385 -3.256 0.038 0.037 0.961 7757.0 4.1577 16.073322 2.165194 17.191349 15.026155 "" "" 1699.20813 1915.16846 7008.38464 2.7905 1815.0 6.8637 7739.2 10.201 "" "" 0.0027890276835890425 0.0049641994 0.00404126 0.009005459 317.69757128276 50.30668946885 1792.0791 -3.384999999999999 -3.255999999999998 -0.4853286838531492 0.8661714019775393 0.1265805 0.1255805 "" "" 8.433915102743917 "" 1.0611565921262183 ""
318.35783086432 50.21522519274 0.0293 0.0323 5.3168 "" "" 2166118793846656384 1737.47021 0.5567 0.0367 -2.937 -4.08 0.04 0.041 1.031 8629.3 4.156 16.075531 1.985324 17.067707 15.082383 "" "" 1632.45203 1858.42822 6994.13949 3.1243 2033.9 6.6315 7348.6 11.986 "" "" 0.0027976803752577375 0.0045074197 0.004173705 0.008681124 318.35783086432 50.21522519274 1737.47021 -2.937 -4.08 -0.03732868385314925 0.04217140197753899 0.12858051 0.1295805 "" "" 0.46382330058943644 "" 0.059899136623662794 ""
317.92767232954 50.38784220705 0.0285 0.0281 24.3474 "" "" 2166168959065760768 1396.93933 0.692 0.0328 -4.909 -4.23 0.037 0.036 0.984 6587.6 3.9919 16.07631 2.130976 17.17066 15.039684 "" "" 1335.27271 1471.4054 6989.13048 2.781 1849.9 10.942 7643.4 9.4378 "" "" 0.002788983540874073 0.0070019714 0.004010114 0.011012085 317.92767232954 50.38784220705 1396.93933 -4.909000000000001 -4.23 -2.0093286838531492 -0.10782859802246136 0.1255805 0.1245805 "" "" 13.323898560999933 "" 1.673183795207964 ""
