Clusters/UBC_155/UBC_155_stars_in_region.tsv
# %ECSV 1.0
# ---
# datatype:
# - name: RA_ICRS_1
#   unit: deg
#   datatype: float64
#   format: '{:15.11f}'
#   description: Right ascension (ICRS) at Ep=2016.0 (ra)
#   meta: !!omap
#   - {ucd: POS_EQ_RA_MAIN}
#   - {width: 15}
#   - {precision: '11'}
# - name: DE_ICRS_1
#   unit: deg
#   datatype: float64
#   format: '{:15.11f}'
#   description: Declination (ICRS) at Ep=2016.0 (dec)
#   meta: !!omap
#   - {ucd: POS_EQ_DEC_MAIN}
#   - {width: 15}
#   - {precision: '11'}
# - name: e_RA_ICRS
#   unit: mas
#   datatype: float64
#   format: '{:7.4f}'
#   description: Standard error of right ascension (ra_error)
#   meta: !!omap
#   - {ucd: ERROR}
#   - {width: 7}
#   - {precision: '4'}
# - name: e_DE_ICRS
#   unit: mas
#   datatype: float64
#   format: '{:7.4f}'
#   description: Standard error of declination (dec_error)
#   meta: !!omap
#   - {ucd: ERROR}
#   - {width: 7}
#   - {precision: '4'}
# - name: _r_1
#   unit: ''
#   datatype: float64
#   format: '{:7.4f}'
#   description: Distance from center (318.42970931000+50.13950556000)[ICRS], at Epoch=J2016.0
#   meta: !!omap
#   - {ucd: POS_ANG_DIST_GENERAL}
#   - {width: 7}
#   - {precision: '4'}
# - name: HIP
#   datatype: int32
#   description: '? HIP cross-id number, van Leeuwen, Cat. I/311 (hip_original_ext_source_id)'
#   meta: !!omap
#   - {ucd: ID_NUMBER}
#   - {width: 6}
#   - values: {'null': -2147483648}
# - name: TYC2
#   datatype: string
#   description: Tycho-2 cross-id name, Hog et al., Cat. I/259 (tyc2_original_ext_source_id)
#   meta: !!omap
#   - {ucd: ID_CROSSID}
#   - {_votable_string_dtype: char}
# - name: Source
#   datatype: int64
#   description: Source identifier, identical to the Gaia-EDR3 source_id (id)
#   meta: !!omap
#   - {ucd: ID_MAIN}
#   - {width: 19}
# - name: rgeo
#   unit: pc
#   datatype: float64
#   format: '{:15.8f}'
#   description: '? Median of the geometric distance posterior (r_med_geo)'
#   meta: !!omap
#   - {ucd: PHYS_DISTANCE_TRUE}
#   - {width: 15}
#   - {precision: '8'}
#   - values: {'null': .nan}
# - name: Plx
#   unit: mas
#   datatype: float64
#   format: '{:9.4f}'
#   description: '? Parallax (parallax)'
#   meta: !!omap
#   - {ucd: POS_PARLX_TRIG}
#   - {width: 9}
#   - {precision: '4'}
#   - values: {'null': .nan}
# - name: e_Plx
#   unit: mas
#   datatype: float32
#   format: '{:7.4f}'
#   description: '? Standard error of parallax (parallax_error)'
#   meta: !!omap
#   - {ucd: ERROR}
#   - {width: 7}
#   - {precision: '4'}
#   - values: {'null': .nan}
# - name: pmRA
#   unit: mas / yr
#   datatype: float64
#   format: '{:9.3f}'
#   description: '? Proper motion in right ascension direction, pmRA*cosDE (pmra)'
#   meta: !!omap
#   - {ucd: POS_EQ_PMRA}
#   - {width: 9}
#   - {precision: '3'}
#   - values: {'null': .nan}
# - name: pmDE
#   unit: mas / yr
#   datatype: float64
#   format: '{:9.3f}'
#   description: '? Proper motion in declination direction (pmdec)'
#   meta: !!omap
#   - {ucd: POS_EQ_PMDEC}
#   - {width: 9}
#   - {precision: '3'}
#   - values: {'null': .nan}
# - name: e_pmRA
#   unit: mas / yr
#   datatype: float32
#   format: '{:6.3f}'
#   description: '? Standard error of proper motion in right ascension direction (pmra_error)'
#   meta: !!omap
#   - {ucd: ERROR}
#   - {width: 6}
#   - {precision: '3'}
#   - values: {'null': .nan}
# - name: e_pmDE
[...]
#         value: !astropy.table.SerializedColumn {name: SkyCoord.dec}
#       distance: !astropy.table.SerializedColumn
#         __class__: astropy.coordinates.distances.Distance
#         unit: !astropy.units.Unit {unit: pc}
#         value: !astropy.table.SerializedColumn {name: SkyCoord.distance}
#       frame: icrs
#       obstime: !astropy.time.Time {format: jyear_str, in_subfmt: '*', jd1: 367701545.0, jd2: 0.0, out_subfmt: '*', precision: 3, scale: tt}
#       pm_dec: !astropy.table.SerializedColumn
#         __class__: astropy.units.quantity.Quantity
#         unit: !astropy.units.Unit {unit: mas / yr}
#         value: !astropy.table.SerializedColumn {name: SkyCoord.pm_dec}
#       pm_ra_cosdec: !astropy.table.SerializedColumn
#         __class__: astropy.units.quantity.Quantity
#         unit: !astropy.units.Unit {unit: mas / yr}
#         value: !astropy.table.SerializedColumn {name: SkyCoord.pm_ra_cosdec}
#       ra: !astropy.table.SerializedColumn
#         __class__: astropy.coordinates.angles.Longitude
#         unit: *id001
#         value: !astropy.table.SerializedColumn {name: SkyCoord.ra}
#         wrap_angle: !astropy.coordinates.Angle
#           unit: *id001
#           value: 360.0
#       representation_type: spherical
# schema: astropy-2.0
RA_ICRS_1 DE_ICRS_1 e_RA_ICRS e_DE_ICRS _r_1 HIP TYC2 Source rgeo Plx e_Plx pmRA pmDE e_pmRA e_pmDE RUWE Teff logg Gmag BP-RP BPmag RPmag RV e_RV b_rgeo B_rgeo FG e_FG FBP e_FBP FRP e_FRP RAVE5 RAVE6 e_Gmag e_BPmag e_RPmag e_BP-RP SkyCoord.ra SkyCoord.dec SkyCoord.distance SkyCoord.pm_ra_cosdec SkyCoord.pm_dec rmRA rmDE e_rmRA e_rmDE rRV e_rRV v_pec v_pec3d e_vpec e_vpec3d
[from data line 418]
318.17743324667 49.80386525507 0.0272 0.0276 22.3681 "" "" 2166001386624364288 1960.3916 0.492 0.0314 -3.754 -4.417 0.036 0.035 1.108 7075.3 3.9642 15.718874 1.915903 16.662146 14.746243 "" "" 1835.27881 2087.39429 9713.97623 3.8619 2955.0 9.2159 10015.0 10.105 "" "" 0.002788925989281417 0.0043875934 0.00393495 0.008322543 318.17743324667 49.80386525507 1960.3916 -3.754 -4.417 -0.8543286838531494 -0.29482859802246075 0.1245805 0.1235805 "" "" 8.398068485740824 "" 1.045345076819016 ""
318.12287297915 49.97117759803 0.0251 0.0264 15.5473 "" "" 2166108760802825472 1644.46912 0.5807 0.0337 -4.682 -6.412 0.034 0.03 0.938 6691.3 3.9845 15.719174 1.83615 16.61761 14.781461 "" "" 1555.15051 1724.88855 9711.29442 3.327 3078.7 14.474 9695.6 12.985 "" "" 0.002780314015573472 0.0058172196 0.0040494576 0.009866677 318.12287297915 49.97117759803 1644.46912 -4.682 -6.412000000000001 -1.7823286838531498 -2.289828598022461 0.122580506 0.118580505 "" "" 22.618321977097775 "" 2.716579726075187 ""
318.02882841684 50.1935560684 0.0246 0.0258 15.7448 "" "" 2166161846599861248 1602.20605 0.5958 0.0288 -3.749 -5.76 0.031 0.03 1.039 4879.4 3.4463 15.721228 2.409639 17.012657 14.603018 "" "" 1532.23584 1672.0719 9692.94424 3.8855 2139.7 6.2278 11427.0 14.166 "" "" 0.002789482329482648 0.0042156284 0.0040119067 0.008227535 318.02882841684 50.1935560684 1602.20605 -3.7489999999999966 -5.76 -0.8493286838531495 -1.6378285980224607 0.11958051 0.118580505 "" "" 14.011395372055013 "" 1.6644575631790364 ""
317.76658711674 50.17589015479 0.0257 0.0287 25.584 "" "" 2166071721010031232 1405.11511 0.6838 0.0313 -0.789 -1.371 0.034 0.037 1.153 7284.1 4.2153 15.72333 1.696406 16.529581 14.833175 "" "" 1346.04004 1471.24487 9674.18644 3.2606 3338.8 9.9694 9244.6 11.82 "" "" 0.0027795143357572847 0.00427728 0.004026269 0.008303549 317.76658711674 50.17589015479 1405.11511 -0.789 -1.371 2.1106713161468504 2.751171401977539 0.122580506 0.1255805 "" "" 23.094710201041938 "" 2.8747698318819244 ""
317.81967384226 50.35453376068 0.0243 0.0245 26.7264 "" "" 2166179232627445120 1528.79358 0.6334 0.0285 -3.844 -1.418 0.032 0.029 0.969 8060.1 4.0656 15.729124 1.79434 16.595922 14.801582 "" "" 1470.32397 1594.51147 9622.70266 3.3558 3140.9 6.535 9517.6 10.154 "" "" 0.0027812147588098363 0.0035900027 0.003952906 0.0075429087 317.81967384226 50.35453376068 1528.79358 -3.8439999999999994 -1.4179999999999997 -0.9443286838531493 2.704171401977539 0.12058051 0.1175805 "" "" 20.756204863138247 "" 2.4473699849516266 ""
317.92042546589 50.30554167489 0.0231 0.0233 21.9424 "" "" 2166166450804786432 1412.45056 0.6816 0.0267 -5.444 -6.711 0.031 0.029 0.994 7089.8 4.0447 15.736531 1.733106 16.562796 14.82969 "" "" 1368.30762 1465.52197 9557.28071 3.0663 3238.2 13.554 9274.3 22.655 "" "" 0.0027772523923610174 0.005332703 0.0046171336 0.009949837 317.92042546589 50.30554167489 1412.45056 -5.444 -6.711 -2.5443286838531494 -2.5888285980224612 0.11958051 0.1175805 "" "" 24.301746661690984 "" 2.881394531515313 ""
318.75680679534 49.99104281883 0.0242 0.0242 15.4292 "" "" 2165913838009982848 1926.88098 0.4817 0.0282 -1.898 -2.026 0.031 0.035 1.026 5084.3 3.1292 15.740374 2.438651 17.060831 14.62218 "" "" 1825.32275 2047.56018 9523.51426 3.6811 2046.8 7.2615 11228.0 9.6638 "" "" 0.0027870969954852357 0.0047562798 0.0038931966 0.008649476 318.75680679534 49.99104281883 1926.88098 -1.897999999999999 -2.0260000000000002 1.0016713161468507 2.0961714019775393 0.11958051 0.1235805 "" "" 21.218794410176585 "" 2.6066602347950094 ""
319.05582022161 50.04754519613 0.0377 0.0431 24.7238 "" "" 2165934900525592832 1594.52051 0.6026 0.0461 -3.67 -4.565 0.052 0.054 1.764 "" "" 15.741562 "" "" "" "" "" 1500.79395 1698.24756 9513.09932 9.3171 "" "" "" "" "" "" 0.002953394284102763 "" "" "" 319.05582022161 50.04754519613 1594.52051 -3.669999999999999 -4.5649999999999995 -0.7703286838531493 -0.44282859802246133 0.1405805 0.14258051 "" "" 6.715610000478146 "" 0.9474376778822846 ""
318.36095469475 49.83436416709 0.0246 0.0288 18.4996 "" "" 2166092474286899584 1547.2887 0.6214 0.0307 -2.98 -4.093 0.033 0.033 1.043 9026.1 4.4644 15.742195 1.56454 16.46547 14.900929 "" "" 1450.60254 1639.76733 9507.55359 3.0549 3541.8 7.7027 8685.3 12.979 "" "" 0.0027773176726710092 0.0036552132 0.004112929 0.007768142 318.36095469475 49.83436416709 1547.2887 -2.980000000000002 -4.093 -0.0803286838531494 0.02917140197753909 0.121580504 0.121580504 "" "" 0.6267873336280982 "" 0.07620511984871862 ""
317.84822243034 50.33248249503 0.0245 0.0242 25.1409 "" "" 2166167412877451008 1906.16516 0.5015 0.0283 0.495 -2.627 0.032 0.03 0.957 9223.2 4.0653 15.745571 1.641565 16.514889 14.873323 "" "" 1790.88477 2028.3446 9478.03549 3.0794 3384.2 10.713 8909.0 9.4468 "" "" 0.0027778093647296957 0.004426964 0.0039508436 0.008377807 317.84822243034 50.33248249503 1906.16516 0.4950000000000001 -2.627 3.3946713161468507 1.4951714019775393 0.12058051 0.118580505 "" "" 33.51486899844929 "" 4.030425189695995 ""
319.05529948867 50.41162681756 0.0228 0.0238 29.0177 "" "" 2166136454752845952 1415.73962 0.6754 0.0272 0.341 -4.433 0.032 0.031 0.994 5210.5 3.5995 15.746358 2.186041 16.885508 14.699467 "" "" 1373.03894 1468.62024 9471.17244 3.6724 2405.5 7.4774 10456.0 10.995 "" "" 0.0027872963550263355 0.004378978 0.003948065 0.008327043 319.05529948867 50.41162681756 1415.73962 0.34099999999999975 -4.433 3.2406713161468508 -0.31082859802246077 0.12058051 0.11958051 "" "" 21.846670652061363 "" 2.634084341855733 ""
318.29007349787 50.15591751554 0.0265 0.0304 5.4584 "" "" 2166112368575460352 1488.14319 0.6435 0.0341 -2.087 -2.087 0.035 0.035 1.091 8049.6 3.6772 15.746934 1.95501 16.7224 14.76739 "" "" 1418.48682 1568.50891 9466.14678 3.4765 2795.5 10.062 9822.1 13.093 "" "" 0.0027840232690991974 0.0048017846 0.004047025 0.00884881 318.29007349787 50.15591751554 1488.14319 -2.0870000000000024 -2.0870000000000006 0.8126713161468504 2.035171401977539 0.1235805 0.1235805 "" "" 15.457893027489728 "" 1.910294156757785 ""
318.01450000339 49.93205326492 0.0239 0.0242 20.2726 "" "" 2166015645915759232 1641.01501 0.5919 0.029 -2.933 -4.093 0.032 0.03 0.981 8554.1 4.3832 15.748549 1.59042 16.48932 14.898901 "" "" 1557.47278 1713.41748 9452.07228 3.2209 3464.9 9.3606 8701.6 9.7323 "" "" 0.002780048965987438 0.0040482758 0.003969679 0.008017955 318.01450000339 49.93205326492 1641.01501 -2.933 -4.093 -0.033328683853149244 0.02917140197753909 0.12058051 0.118580505 "" "" 0.3445205608534003 "" 0.04124498786873488 ""
318.07191495929 50.28563202783 0.0231 0.0238 16.2973 "" "" 2166164148702412288 1582.33032 0.6008 0.0273 -2.491 -3.826 0.03 0.03 1.0 8976.5 4.1658 15.751055 1.861357 16.661245 14.799889 "" "" 1526.422 1654.54382 9430.28943 3.9498 2957.5 10.129 9532.4 11.339 "" "" 0.0027925953102205005 0.004648891 0.00399396 0.00864285 318.07191495929 50.28563202783 1582.33032 -2.4909999999999997 -3.8260000000000005 0.4086713161468505 0.296171401977539 0.118580505 0.118580505 "" "" 3.7854308850527176 "" 0.4488783069456394 ""
319.15743148816 49.97629653082 0.025 0.0238 29.6935 "" "" 2165922496664617344 1704.68103 0.5614 0.028 -2.373 -4.26 0.033 0.03 0.978 9211.1 3.9722 15.751749 1.80361 16.622694 14.819084 "" "" 1632.41711 1806.84705 9424.25373 3.2158 3064.4 10.642 9365.4 9.4103 "" "" 0.0027801161570611 0.0046906215 0.0039336854 0.008624307 319.15743148816 49.97629653082 1704.68103 -2.373 -4.26 0.5266713161468504 -0.13782859802246072 0.121580504 0.118580505 "" "" 4.398914040704024 "" 0.5339861103679032 ""
318.22109743151 49.79828619347 0.0248 0.026 21.9992 "" "" 2166001244881073664 1572.92639 0.6092 0.0299 -5.99 -5.064 0.031 0.03 0.98 7079.8 4.0863 15.753789 1.760126 16.603691 14.843565 "" "" 1515.07202 1655.87622 9406.56329 3.1697 3118.5 9.8473 9156.6 11.186 "" "" 0.0027795036976416775 0.004420317 0.0040053697 0.0084256865 318.22109743151 49.79828619347 1572.92639 -5.99 -5.064 -3.0903286838531496 -0.941828598022461 0.11958051 0.118580505 "" "" 24.08674810567969 "" 2.8782662906585115 ""
318.32651214967 50.45931195269 0.0238 0.0256 19.5918 "" "" 2166172669917722880 1371.57288 0.691 0.0283 1.524 -4.57 0.031 0.032 0.986 7851.9 4.082 15.755345 2.047844 16.791029 14.743185 "" "" 1324.21484 1426.41602 9393.09439 3.1306 2624.2 8.1636 10043.0 9.3031 "" "" 0.0027789806844981135 0.004381013 0.0039109145 0.008291928 318.32651214967 50.45931195269 1371.57288 1.524 -4.57 4.423671316146851 -0.4478285980224612 0.11958051 0.12058051 "" "" 28.906411246725163 "" 3.4569377751492643 ""
319.07857939277 50.31151750318 0.0232 0.0244 26.961 "" "" 2165947098237478400 1536.05884 0.623 0.0271 1.69 0.057 0.031 0.031 1.004 6009.2 3.712 15.755882 2.132292 16.854107 14.721815 "" "" 1466.20654 1599.85522 9388.45202 3.4411 2476.1 7.9463 10243.0 12.834 "" "" 0.0027839096508486586 0.0044638216 0.004016759 0.0084805805 319.07857939277 50.31151750318 1536.05884 1.6900000000000002 0.05699999999999977 4.58967131614685 4.1791714019775394 0.11958051 0.11958051 "" "" 45.19483799070398 "" 5.404421653295401 ""
317.97596348563 50.11472193406 0.0235 0.024 17.5166 "" "" 2166114258361041152 1942.91907 0.4852 0.0268 -2.358 -3.099 0.031 0.028 0.986 9238.2 4.2365 15.761071 1.776423 16.617476 14.841052 "" "" 1847.95789 2042.79346 9343.68568 2.9329 3079.1 10.152 9177.8 13.037 "" "" 0.002776316992813965 0.004538681 0.0040819547 0.008620636 317.97596348563 50.11472193406 1942.91907 -2.358 -3.099 0.5416713161468505 1.0231714019775389 0.11958051 0.1165805 "" "" 10.66183706979738 "" 1.2500343770116429 ""
318.29809525798 50.50763650472 0.025 0.026 22.656 "" "" 2166173735069601408 1376.11206 0.6942 0.0292 0.829 -3.757 0.033 0.031 0.961 7872.5 4.0875 15.761398 1.912901 16.708298 14.795397 "" "" 1331.54468 1431.89246 9340.86887 3.3725 2832.0 9.3684 9571.9 11.846 "" "" 0.002783065839561897 0.0045480924 0.004011137 0.008559229 318.29809525798 50.50763650472 1376.11206 0.8290000000000002 -3.7570000000000014 3.7286713161468503 0.36517140197753895 0.121580504 0.11958051 "" "" 24.43762979477351 "" 2.970678796210288 ""
317.94049476998 49.987693262 0.0507 0.0482 20.9288 "" "" 2166018635212983040 1504.96729 0.6471 0.0579 -6.58 -5.599 0.066 0.058 2.302 7239.2 4.3436 15.767239 1.638155 16.495266 14.857111 "" "" 1398.39282 1644.80994 9290.76089 7.2915 3446.0 15.068 9043.0 14.947 "" "" 0.002884070310785436 0.0055067027 0.0041838125 0.009690516 317.94049476998 49.987693262 1504.96729 -6.58 -5.599 -3.6803286838531495 -1.4768285980224611 0.1545805 0.1465805 "" "" 28.288658664761982 "" 4.342192727321722 ""
318.4498178742 49.81676265795 0.0262 0.0277 19.3801 "" "" 2166092886603772416 1726.55115 0.5485 0.0329 -6.044 -5.965 0.036 0.035 1.001 6542.0 3.9501 15.77547 1.811117 16.658895 14.847778 "" "" 1631.22998 1849.26343 9220.59219 3.2974 2963.9 10.308 9121.1 10.032 "" "" 0.0027825429530205694 0.0046950434 0.003963554 0.008658597 318.4498178742 49.81676265795 1726.55115 -6.044 -5.965000000000005 -3.144328683853149 -1.8428285980224608 0.1245805 0.1235805 "" "" 29.82654411835856 "" 3.708202917128203 ""
318.00391832991 50.49603671661 0.0241 0.0245 26.9019 "" "" 2166175727934300928 1465.05859 0.6657 0.028 -2.562 -6.582 0.033 0.033 0.939 7249.6 4.2548 15.777827 1.644677 16.554607 14.90993 "" "" 1407.11816 1519.2533 9200.59074 2.9607 3262.7 8.9913 8613.6 13.827 "" "" 0.002777383404041264 0.004091142 0.004161894 0.008253036 318.00391832991 50.49603671661 1465.05859 -2.5620000000000003 -6.581999999999999 0.33767131614685075 -2.459828598022461 0.121580504 0.121580504 "" "" 17.242176189146335 "" 2.0963124690810067 ""
317.84391265366 49.93422921926 0.0245 0.0255 25.7164 "" "" 2166017707499948288 1764.13989 0.536 0.0295 0.023 -3.682 0.033 0.034 0.947 8476.3 4.3321 15.782849 1.579546 16.518055 14.938509 "" "" 1656.22693 1848.0907 9158.13783 2.9386 3374.4 7.5683 8389.9 10.118 "" "" 0.002777257727883347 0.0037033786 0.003999772 0.0077031506 317.84391265366 49.93422921926 1764.13989 0.023000000000000576 -3.682 2.9226713161468507 0.4401714019775391 0.121580504 0.122580506 "" "" 24.715060118459927 "" 3.0054198243290484 ""
317.93220635511 50.04923786013 0.0246 0.0237 19.9008 "" "" 2166020078321985408 1453.94067 0.6672 0.0289 -0.542 -4.824 0.032 0.029 0.969 5163.1 3.6201 15.792204 1.956661 16.737637 14.780975 "" "" 1401.96118 1506.18237 9079.56457 3.6632 2756.5 17.168 9699.9 37.419 "" "" 0.0027899236319132233 0.0073151877 0.0056414986 0.012956686 317.93220635511 50.04923786013 1453.94067 -0.542000000000002 -4.824 2.3576713161468508 -0.7018285980224608 0.12058051 0.1175805 "" "" 16.9529378445373 "" 2.040101387440157 ""
318.3518550859 49.79025883156 0.0252 0.0278 21.1691 "" "" 2166091580933710464 1870.35742 0.5088 0.0321 -1.298 -6.3 0.035 0.031 0.94 6563.4 3.7955 15.792721 2.029469 16.818436 14.788967 "" "" 1754.56189 1993.35303 9075.24887 3.2834 2558.8 8.0144 9628.8 9.2133 "" "" 0.0027831805704906874 0.004398785 0.0039195674 0.0083183525 318.3518550859 49.79025883156 1870.35742 -1.2980000000000007 -6.300000000000001 1.6016713161468505 -2.1778285980224608 0.1235805 0.11958051 "" "" 23.966840596073684 "" 2.8999792013368437 ""
318.48701203253 50.34570838227 0.025 0.0289 12.566 "" "" 2166121336467396096 1664.53284 0.5724 0.0306 -3.742 -6.501 0.032 0.035 1.065 8002.4 3.7067 15.79729 2.058638 16.841784 14.783146 "" "" 1586.10999 1736.94495 9037.13389 3.2337 2504.4 7.9179 9680.5 12.272 "" "" 0.002782574931742729 0.004423595 0.004022211 0.008445806 318.48701203253 50.34570838227 1664.53284 -3.742 -6.5009999999999994 -0.8423286838531494 -2.3788285980224613 0.12058051 0.1235805 "" "" 19.910581158782254 "" 2.453976668023329 ""
318.76157333657 49.94528426778 0.0242 0.024 17.301 "" "" 2165912875937321088 1547.7511 0.6185 0.028 -0.948 -3.615 0.032 0.031 1.028 "" "" 15.798635 1.800116 16.67019 14.870075 "" "" 1479.46533 1632.06934 9025.94797 2.9787 2933.2 8.9189 8935.7 9.7661 "" "" 0.002778520298316528 0.0043225084 0.003961291 0.0082837995 318.76157333657 49.94528426778 1547.7511 -0.9479999999999993 -3.6149999999999993 1.9516713161468506 0.5071714019775388 0.12058051 0.11958051 "" "" 14.793678210922845 "" 1.7828970683046101 ""
318.47781762915 49.70942529856 0.0291 0.0285 25.8716 "" "" 2165902430576623232 1567.76306 0.6125 0.0352 -2.923 -3.794 0.038 0.042 1.026 9455.1 4.15 15.802149 1.861036 16.622025 14.760988 "" "" 1493.49622 1651.32104 8996.78215 3.775 3066.2 42.399 9880.1 81.027 "" "" 0.0027927284937113122 0.015270482 0.00967304 0.024943523 318.47781762915 49.70942529856 1567.76306 -2.922999999999999 -3.794 -0.023328683853149457 0.328171401977539 0.1265805 0.1305805 "" "" 2.4448603546817655 "" 0.31920266606882947 ""
318.88456307301 49.94719751185 0.0234 0.023 20.9837 "" "" 2165910019773967488 1319.98181 0.7339 0.0272 1.414 0.465 0.031 0.028 1.053 7459.5 4.194 15.804654 1.739307 16.613274 14.873966 "" "" 1277.28857 1368.32727 8976.04841 4.2061 3091.1 8.0618 8903.7 10.123 "" "" 0.002801898104179005 0.0039753523 0.0039758673 0.00795122 318.88456307301 49.94719751185 1319.98181 1.4139999999999997 0.46499999999999997 4.31367131614685 4.587171401977539 0.11958051 0.1165805 "" "" 39.39738038034605 "" 4.648808435746923 ""
318.23108594262 49.93936797668 0.027 0.0298 14.2402 "" "" 2166097044132062848 1626.48193 0.587 0.035 -2.836 -4.494 0.037 0.034 1.149 7584.7 4.0007 15.805671 1.554475 16.5227 14.968225 "" "" 1539.96313 1729.48694 8967.64565 3.1275 3360.0 11.143 8163.4 8.56 "" "" 0.0027812171217878553 0.0045552277 0.003947135 0.008502362 318.23108594262 49.93936797668 1626.48193 -2.836 -4.494000000000004 0.06367131614685073 -0.3718285980224607 0.1255805 0.122580506 "" "" 2.9083463318498333 "" 0.35675806977836183 ""
