Clusters/UBC_155/UBC_155_members.tsv
# %ECSV 1.0
# ---
# datatype:
# - name: RA_ICRS_1
#   unit: deg
#   datatype: float64
#   format: '{:15.11f}'
#   description: Right ascension (ICRS) at Ep=2016.0 (ra)
#   meta: !!omap
#   - {ucd: POS_EQ_RA_MAIN}
#   - {width: 15}
#   - {precision: '11'}
# - name: DE_ICRS_1
#   unit: deg
#   datatype: float64
#   format: '{:15.11f}'
#   description: Declination (ICRS) at Ep=2016.0 (dec)
#   meta: !!omap
#   - {ucd: POS_EQ_DEC_MAIN}
#   - {width: 15}
#   - {precision: '11'}
# - name: e_RA_ICRS
#   unit: mas
#   datatype: float64
#   format: '{:7.4f}'
#   description: Standard error of right ascension (ra_error)
#   meta: !!omap
#   - {ucd: ERROR}
#   - {width: 7}
#   - {precision: '4'}
# - name: e_DE_ICRS
#   unit: mas
#   datatype: float64
#   format: '{:7.4f}'
#   description: Standard error of declination (dec_error)
#   meta: !!omap
#   - {ucd: ERROR}
#   - {width: 7}
#   - {precision: '4'}
# - name: _r_1
#   unit: ''
#   datatype: float64
#   format: '{:7.4f}'
#   description: Distance from center (318.42970931000+50.13950556000)[ICRS], at Epoch=J2016.0
#   meta: !!omap
#   - {ucd: POS_ANG_DIST_GENERAL}
#   - {width: 7}
#   - {precision: '4'}
# - name: HIP
#   datatype: int32
#   description: '? HIP cross-id number, van Leeuwen, Cat. I/311 (hip_original_ext_source_id)'
#   meta: !!omap
#   - {ucd: ID_NUMBER}
#   - {width: 6}
#   - values: {'null': -2147483648}
# - name: TYC2
#   datatype: string
#   description: Tycho-2 cross-id name, Hog et al., Cat. I/259 (tyc2_original_ext_source_id)
#   meta: !!omap
#   - {ucd: ID_CROSSID}
#   - {_votable_string_dtype: char}
# - name: Source
#   datatype: int64
#   description: Source identifier, identical to the Gaia-EDR3 source_id (id)
#   meta: !!omap
#   - {ucd: ID_MAIN}
#   - {width: 19}
# - name: rgeo
#   unit: pc
#   datatype: float64
#   format: '{:15.8f}'
#   description: '? Median of the geometric distance posterior (r_med_geo)'
#   meta: !!omap
#   - {ucd: PHYS_DISTANCE_TRUE}
#   - {width: 15}
#   - {precision: '8'}
#   - values: {'null': .nan}
# - name: Plx
#   unit: mas
#   datatype: float64
#   format: '{:9.4f}'
#   description: '? Parallax (parallax)'
#   meta: !!omap
#   - {ucd: POS_PARLX_TRIG}
#   - {width: 9}
#   - {precision: '4'}
#   - values: {'null': .nan}
# - name: e_Plx
#   unit: mas
#   datatype: float32
#   format: '{:7.4f}'
#   description: '? Standard error of parallax (parallax_error)'
#   meta: !!omap
#   - {ucd: ERROR}
#   - {width: 7}
#   - {precision: '4'}
#   - values: {'null': .nan}
# - name: pmRA
#   unit: mas / yr
#   datatype: float64
#   format: '{:9.3f}'
#   description: '? Proper motion in right ascension direction, pmRA*cosDE (pmra)'
#   meta: !!omap
#   - {ucd: POS_EQ_PMRA}
#   - {width: 9}
#   - {precision: '3'}
#   - values: {'null': .nan}
# - name: pmDE
#   unit: mas / yr
#   datatype: float64
#   format: '{:9.3f}'
#   description: '? Proper motion in declination direction (pmdec)'
#   meta: !!omap
#   - {ucd: POS_EQ_PMDEC}
#   - {width: 9}
#   - {precision: '3'}
#   - values: {'null': .nan}
# - name: e_pmRA
#   unit: mas / yr
#   datatype: float32
#   format: '{:6.3f}'
#   description: '? Standard error of proper motion in right ascension direction (pmra_error)'
#   meta: !!omap
#   - {ucd: ERROR}
#   - {width: 6}
#   - {precision: '3'}
#   - values: {'null': .nan}
# - name: e_pmDE
[...]
#         unit: &id001 !astropy.units.Unit {unit: deg}
#         value: !astropy.table.SerializedColumn {name: SkyCoord.dec}
#       distance: !astropy.table.SerializedColumn
#         __class__: astropy.coordinates.distances.Distance
#         unit: !astropy.units.Unit {unit: pc}
#         value: !astropy.table.SerializedColumn {name: SkyCoord.distance}
#       frame: icrs
#       obstime: !astropy.time.Time {format: jyear_str, in_subfmt: '*', jd1: 367701545.0, jd2: 0.0, out_subfmt: '*', precision: 3, scale: tt}
#       pm_dec: !astropy.table.SerializedColumn
#         __class__: astropy.units.quantity.Quantity
#         unit: !astropy.units.Unit {unit: mas / yr}
#         value: !astropy.table.SerializedColumn {name: SkyCoord.pm_dec}
#       pm_ra_cosdec: !astropy.table.SerializedColumn
#         __class__: astropy.units.quantity.Quantity
#         unit: !astropy.units.Unit {unit: mas / yr}
#         value: !astropy.table.SerializedColumn {name: SkyCoord.pm_ra_cosdec}
#       ra: !astropy.table.SerializedColumn
#         __class__: astropy.coordinates.angles.Longitude
#         unit: *id001
#         value: !astropy.table.SerializedColumn {name: SkyCoord.ra}
#         wrap_angle: !astropy.coordinates.Angle
#           unit: *id001
#           value: 360.0
#       representation_type: spherical
# schema: astropy-2.0
RA_ICRS_1 DE_ICRS_1 e_RA_ICRS e_DE_ICRS _r_1 HIP TYC2 Source rgeo Plx e_Plx pmRA pmDE e_pmRA e_pmDE RUWE Teff logg Gmag BP-RP BPmag RPmag RV e_RV b_rgeo B_rgeo FG e_FG FBP e_FBP FRP e_FRP RAVE5 RAVE6 e_Gmag e_BPmag e_RPmag e_BP-RP SkyCoord.ra SkyCoord.dec SkyCoord.distance SkyCoord.pm_ra_cosdec SkyCoord.pm_dec Pmemb
318.20413279479 50.08948761225 0.0113 0.0126 9.1833 "" "" 2166111887539127168 1624.11597 0.5792 0.0139 -2.932 -4.226 0.015 0.015 0.974 4555.2 1.5005 10.74282 2.416344 12.050041 9.633698 -10.13 0.19 1589.66052 1658.94348 950208.0461 214.89 206730.0 156.56 1110900.0 456.6 "" "" 0.0027662391747000858 0.0029088033 0.003805637 0.00671444 318.20413279479 50.08948761225 1624.11597 -2.932 -4.226 0.98
318.56859064484 50.0175168794 0.0078 0.0082 9.0647 "" "" 2166101132941193344 1618.47034 0.6105 0.0094 -2.93 -4.18 0.011 0.01 0.984 "" "" 12.334746 1.443976 12.982554 11.538578 -21.11 5.87 1596.4812 1644.82654 219304.76271 33.858 87578.0 58.565 192190.0 42.89 "" "" 0.0027604143503886197 0.0028830883 0.0037871408 0.006670229 318.56859064484 50.0175168794 1618.47034 -2.9300000000000006 -4.18 0.97
318.34739042547 50.08959389856 0.0101 0.0111 4.3589 "" "" 2166111200344372992 1600.46997 0.5956 0.0126 -3.015 -4.111 0.014 0.013 1.01 10179.1 3.6489 13.563601 1.487698 14.236439 12.748741 "" "" 1565.15125 1631.90491 70714.17604 25.869 27596.0 35.66 63047.0 52.777 "" "" 0.0027838011207826406 0.0031230552 0.0038871304 0.0070101856 318.34739042547 50.08959389856 1600.46997 -3.015000000000001 -4.111000000000001 0.97
318.42622892409 50.20549984218 0.0109 0.012 3.9619 "" "" 2166118037932421376 1632.30896 0.5852 0.0136 -2.883 -4.095 0.015 0.015 1.008 "" "" 13.783944 1.480569 14.452333 12.971765 "" "" 1592.2627 1663.99963 57725.70691 11.971 22620.0 21.359 51340.0 21.62 "" "" 0.0027645044905548638 0.0029725584 0.003806938 0.0067794966 318.42622892409 50.20549984218 1632.30896 -2.883 -4.095 0.99
318.13702218222 50.19193961304 0.0108 0.0112 11.6808 "" "" 2166116216866142592 1564.75562 0.6095 0.0129 -2.602 -4.105 0.014 0.014 1.0 "" "" 13.83327 1.616354 14.586331 12.969977 "" "" 1541.47241 1593.37476 55161.83745 10.805 19993.0 27.175 51424.0 26.662 "" "" 0.0027635156582656107 0.003156409 0.0038210747 0.0069774836 318.13702218222 50.19193961304 1564.75562 -2.602 -4.105 0.96
318.40754913647 50.13224740613 0.0112 0.0124 0.9571 "" "" 2166117243355808000 1631.29541 0.5863 0.0138 -3.06 -4.217 0.015 0.015 1.033 9441.9 3.565 14.064966 1.707757 14.872036 13.164279 -20.5 7.56 1599.729 1659.42957 44561.55255 9.2936 15367.0 16.062 42998.0 17.114 "" "" 0.0027646090604832377 0.0030121272 0.0038040078 0.006816135 318.40754913647 50.13224740613 1631.29541 -3.06 -4.217 0.95
318.41278626794 50.06929204955 0.012 0.0143 4.2629 "" "" 2166105049951214208 1641.84656 0.579 0.0154 -2.949 -4.115 0.016 0.016 1.058 10108.4 3.928 14.090188 1.559818 14.808152 13.248334 "" "" 1603.72119 1684.54077 43538.32301 9.9992 16299.0 15.251 39795.0 17.054 "" "" 0.0027665804266492336 0.0029693688 0.0038079156 0.0067772847 318.41278626794 50.06929204955 1641.84656 -2.949 -4.115 0.98
318.29001933622 50.11346671689 0.012 0.0127 5.5958 "" "" 2166111509582008704 1669.57556 0.5698 0.0146 -2.887 -4.14 0.015 0.015 0.988 9006.1 3.5218 14.090796 1.718302 14.907885 13.189583 "" "" 1622.44958 1707.60022 43513.90014 8.8389 14868.0 16.409 42007.0 21.425 "" "" 0.0027641325751383617 0.0030365924 0.0038197355 0.006856328 318.29001933622 50.11346671689 1669.57556 -2.886999999999999 -4.14 0.95
318.67887815385 50.00182220996 0.0111 0.012 12.6617 "" "" 2166101682697020416 1513.12622 0.6315 0.0132 -2.827 -4.071 0.015 0.016 0.99 "" "" 14.172458 1.357212 14.772586 13.415374 "" "" 1488.98755 1538.25757 40361.17572 6.197 16842.0 13.363 34120.0 13.614 "" "" 0.0027603585112226828 0.00292013 0.0038041293 0.0067242594 318.67887815385 50.00182220996 1513.12622 -2.826999999999999 -4.071 0.98
318.52270000341 50.20466501109 0.0128 0.0126 5.2967 "" "" 2166107661291550464 1580.79089 0.603 0.015 -2.946 -4.116 0.018 0.016 0.97 8965.9 3.8572 14.241649 1.436183 14.885631 13.449448 "" "" 1539.27087 1619.8269 37869.3081 7.0938 15176.0 20.015 33066.0 15.066 "" "" 0.0027628163681784066 0.0031361568 0.0038116209 0.0069477777 318.52270000341 50.20466501109 1580.79089 -2.946000000000001 -4.116 0.99
318.11086128299 50.06786974908 0.0128 0.0137 13.0015 "" "" 2166113261928533120 1553.93298 0.6134 0.0155 -2.884 -4.224 0.017 0.017 0.944 9128.4 3.7513 14.31499 1.447641 14.967894 13.520252 "" "" 1519.33606 1587.56848 35395.71767 6.3697 14069.0 20.174 30978.0 18.55 "" "" 0.0027622391164126496 0.003195137 0.0038348956 0.0070300326 318.11086128299 50.06786974908 1553.93298 -2.8840000000000003 -4.224 0.94
318.71982237352 50.36484487878 0.0146 0.0148 17.5122 "" "" 2166132365943726336 1614.19348 0.5905 0.0166 -2.894 -4.08 0.018 0.019 1.095 7850.3 3.5503 14.563627 1.65058 15.337713 13.687134 84.74 8.93 1574.24243 1651.8855 28151.13936 6.6283 10008.0 13.26 26565.0 15.46 "" "" 0.0027671540833630447 0.003139177 0.0038318376 0.0069710147 318.71982237352 50.36484487878 1614.19348 -2.894 -4.08 0.98
318.50944721209 50.2047363118 0.0158 0.0155 4.9707 "" "" 2166107558212228352 1586.05945 0.605 0.0179 -2.937 -4.176 0.021 0.02 1.007 7956.9 3.9139 14.853865 1.469747 15.516617 14.04687 "" "" 1547.88782 1628.65979 21547.70455 4.3336 8487.3 10.312 19073.0 12.265 "" "" 0.00276395916798254 0.0030862975 0.0038433312 0.0069296286 318.50944721209 50.2047363118 1586.05945 -2.937 -4.176 0.99
318.45249895899 50.13570358935 0.0159 0.0176 0.9056 "" "" 2166105840225317632 1666.20496 0.5713 0.0194 -2.864 -4.092 0.021 0.022 0.997 "" "" 14.980474 1.903255 15.917225 14.01397 "" "" 1612.02722 1717.86072 19175.95368 4.9177 5868.5 11.027 19659.0 14.244 "" "" 0.00276935324995042 0.00345646 0.0038603866 0.0073168464 318.45249895899 50.13570358935 1666.20496 -2.863999999999999 -4.091999999999999 0.99
318.48054392252 50.13701353038 0.0171 0.0181 1.9606 "" "" 2166105737146105216 1494.24609 0.6459 0.0206 -2.936 -4.072 0.023 0.023 1.001 9251.3 3.7505 15.115207 1.792445 15.979621 14.187176 "" "" 1450.48584 1532.93774 16938.08023 4.4278 5540.7 11.435 16761.0 10.89 "" "" 0.002769899835254568 0.0035785565 0.0038446528 0.007423209 318.48054392252 50.13701353038 1494.24609 -2.935999999999999 -4.071999999999999 0.83
318.50410822675 50.23961881561 0.0174 0.018 6.6521 "" "" 2166119481041540992 1590.4729 0.6034 0.0205 -2.94 -4.123 0.023 0.022 1.015 "" "" 15.122979 1.55626 15.82774 14.27148 "" "" 1524.45801 1647.4126 16817.25209 3.8743 6372.7 15.987 15508.0 25.367 "" "" 0.0027666502273213304 0.0038992155 0.0041758623 0.008075078 318.50410822675 50.23961881561 1590.4729 -2.9399999999999995 -4.123 0.99
318.58717784087 50.36994172331 0.0185 0.0189 15.0882 "" "" 2166143979535334912 1579.59009 0.6069 0.0213 -2.936 -4.045 0.024 0.025 1.025 "" "" 15.206542 1.622639 15.962934 14.340296 "" "" 1536.50281 1628.67188 15571.48428 3.8721 5626.6 11.974 14556.0 13.375 "" "" 0.0027685161584790926 0.0036226704 0.003908839 0.0075315097 318.58717784087 50.36994172331 1579.59009 -2.935999999999999 -4.044999999999999 0.98
318.50745537294 50.15097407778 0.0181 0.0182 3.0676 "" "" 2166105771505843072 1576.89917 0.6048 0.0209 -2.616 -4.153 0.024 0.024 1.066 "" "" 15.224339 1.843988 16.123505 14.279516 "" "" 1532.43286 1629.43115 15318.32657 3.949 4853.1 11.186 15394.0 10.871 "" "" 0.002769500388563502 0.0037480288 0.0038563716 0.0076044006 318.50745537294 50.15097407778 1576.89917 -2.6160000000000005 -4.152999999999999 0.97
318.46674173285 50.13349825647 0.0179 0.0201 1.4691 "" "" 2166105634066889088 1443.86365 0.6648 0.0221 -2.933 -4.196 0.024 0.024 0.953 9313.3 4.0069 15.261069 1.814703 16.13999 14.325287 "" "" 1392.53455 1502.60229 14808.77497 3.7903 4779.9 9.9109 14759.0 10.456 "" "" 0.0027692985275511632 0.0035851158 0.0038568613 0.007441977 318.46674173285 50.13349825647 1443.86365 -2.932999999999999 -4.196 0.81
318.68560584659 50.29335636948 0.0204 0.0223 13.481 "" "" 2166131541310016128 1621.30457 0.5868 0.0238 -2.919 -4.058 0.027 0.029 1.099 "" "" 15.2612 1.792131 16.122484 14.330354 "" "" 1557.80957 1678.1217 14806.9833 3.9339 4857.6 9.7796 14690.0 11.935 "" "" 0.0027703784645921035 0.003544441 0.0038809602 0.0074254014 318.68560584659 50.29335636948 1621.30457 -2.919 -4.058 0.98
318.40850951055 50.08223500675 0.02 0.0217 3.5317 "" "" 2166105084310950016 1605.1864 0.5933 0.0247 -2.929 -4.152 0.025 0.026 1.045 "" "" 15.2871 1.765402 16.131783 14.366381 "" "" 1533.9668 1668.27246 14457.94683 4.4798 4816.2 10.888 14210.0 10.809 "" "" 0.0027757818655877358 0.0037161475 0.0038685657 0.0075847134 318.40850951055 50.08223500675 1605.1864 -2.929 -4.152 0.85
318.63021779368 50.35214886107 0.0204 0.0211 14.8987 "" "" 2166143704657383552 1486.82544 0.6415 0.0234 -2.905 -4.063 0.027 0.028 0.98 "" "" 15.371828 1.774339 16.19346 14.419122 "" "" 1439.92712 1535.7915 13372.58621 4.9934 4550.2 13.816 13537.0 54.662 "" "" 0.00278498740514545 0.004318925 0.005788322 0.010107247 318.63021779368 50.35214886107 1486.82544 -2.904999999999999 -4.063 0.98
318.51841456132 50.04714021078 0.019 0.0202 6.5093 "" "" 2166104431476067200 1583.20459 0.6017 0.0228 -2.912 -4.149 0.026 0.025 1.005 "" "" 15.372282 1.737792 16.201765 14.463973 "" "" 1521.05432 1644.41333 13366.99585 3.7821 4515.5 9.3167 12989.0 14.042 "" "" 0.0027723928728984417 0.0035781837 0.0039574523 0.007535636 318.51841456132 50.04714021078 1583.20459 -2.9120000000000017 -4.149000000000002 0.98
318.09392187297 50.18075759932 0.0203 0.0213 13.1424 "" "" 2166116285585618176 1603.72034 0.5969 0.0239 -2.859 -4.193 0.026 0.027 0.978 9253.8 3.9225 15.410206 1.668733 16.195608 14.526875 "" "" 1548.3656 1663.2688 12908.15687 3.9497 4541.2 11.165 12258.0 9.9187 "" "" 0.0027752763312879633 0.003861438 0.0038801485 0.0077415863 318.09392187297 50.18075759932 1603.72034 -2.859 -4.193 0.93
318.45695222116 50.0704414266 0.0211 0.0234 4.2744 "" "" 2166104362756579584 1591.21057 0.6076 0.0259 -2.899 -4.082 0.027 0.029 0.992 9249.6 4.0192 15.519829 1.666872 16.305197 14.638325 "" "" 1527.78674 1664.94482 11668.50487 3.762 4105.2 10.731 11062.0 8.8647 "" "" 0.0027774670410415287 0.003979943 0.0038782407 0.007858184 318.45695222116 50.0704414266 1591.21057 -2.8989999999999996 -4.082000000000001 0.97
318.32010052643 50.13347999435 0.0213 0.0234 4.2308 "" "" 2166111539639238144 1596.08093 0.5986 0.0267 -2.852 -4.055 0.029 0.028 1.006 "" "" 15.55254 1.908067 16.48895 14.580884 "" "" 1524.99744 1661.01428 11322.20413 3.8482 3466.1 13.811 11663.0 12.284 "" "" 0.0027799219128723245 0.005147932 0.003948598 0.00909653 318.32010052643 50.13347999435 1596.08093 -2.852 -4.055 0.97
318.28595143871 50.11807168495 0.0216 0.0247 5.6771 "" "" 2166112265496251648 1756.94543 0.5431 0.0277 -2.907 -4.099 0.028 0.028 0.94 "" "" 15.584273 1.746954 16.420078 14.673124 "" "" 1680.26099 1846.66553 10996.07165 3.314 3693.1 10.163 10713.0 11.51 "" "" 0.0027746823299451056 0.0040880493 0.0039553093 0.008043358 318.28595143871 50.11807168495 1756.94543 -2.907 -4.099 0.98
318.42100513402 50.31596347284 0.0232 0.0264 10.5927 "" "" 2166120855431115776 1508.95203 0.6443 0.0288 -2.984 -4.152 0.03 0.033 1.004 9267.0 3.9116 15.664782 1.792821 16.529345 14.736524 "" "" 1447.86975 1585.69836 10210.19448 3.7488 3339.5 9.6362 10105.0 12.953 "" "" 0.0027840087064549632 0.00419526 0.004027489 0.008222749 318.42100513402 50.31596347284 1508.95203 -2.9839999999999995 -4.152000000000001 0.95
318.14045255986 50.05308157911 0.0217 0.0255 12.2818 "" "" 2166110341350777216 1557.85205 0.6186 0.028 -2.949 -4.146 0.029 0.029 0.976 8490.2 4.2111 15.665871 1.585106 16.402733 14.817627 "" "" 1493.41028 1640.84985 10199.9573 2.9754 3752.5 9.3106 9377.9 10.01 "" "" 0.002773463362805 0.0038784195 0.003953077 0.007831496 318.14045255986 50.05308157911 1557.85205 -2.949 -4.146 0.98
318.45674584321 50.09407840501 0.0229 0.0253 2.9174 "" "" 2166105153030601088 1595.24316 0.5974 0.0283 -2.903 -4.057 0.03 0.03 1.004 9289.6 4.035 15.70901 1.8051 16.576796 14.771696 "" "" 1523.77356 1703.21753 9802.63154 3.5762 3196.7 12.084 9783.2 13.304 "" "" 0.002783645736627779 0.004962848 0.0040575485 0.0090203965 318.45674584321 50.09407840501 1595.24316 -2.9030000000000005 -4.056999999999999 0.97
318.23108594262 49.93936797668 0.027 0.0298 14.2402 "" "" 2166097044132062848 1626.48193 0.587 0.035 -2.836 -4.494 0.037 0.034 1.149 7584.7 4.0007 15.805671 1.554475 16.5227 14.968225 "" "" 1539.96313 1729.48694 8967.64565 3.1275 3360.0 11.143 8163.4 8.56 "" "" 0.0027812171217878553 0.0045552277 0.003947135 0.008502362 318.23108594262 49.93936797668 1626.48193 -2.8359999999999994 -4.4940000000000015 0.96
317.96940440348 50.02124724243 0.0251 0.0255 19.0906 "" "" 2166019150609055232 1523.03638 0.6336 0.0295 -2.939 -4.048 0.035 0.03 1.027 7144.0 4.143 15.80858 1.780698 16.672218 14.891521 "" "" 1458.96863 1602.41736 8943.64862 2.8653 2927.7 10.73 8760.9 9.9516 "" "" 0.0027771896136969906 0.0048599592 0.0039755194 0.008835479 317.96940440348 50.02124724243 1523.03638 -2.9389999999999996 -4.048 0.97
318.5440227379 50.22838491781 0.023 0.0235 6.9085 "" "" 2166108073608407680 1541.20972 0.6182 0.027 -2.837 -4.124 0.031 0.03 1.027 8889.2 4.0465 15.813215 1.738135 16.643387 14.905252 "" "" 1476.34204 1611.25842 8905.54492 3.0288 3006.5 9.0823 8650.8 9.4953 "" "" 0.0027799539008340327 0.004306125 0.0039628195 0.008268945 318.5440227379 50.22838491781 1541.20972 -2.8369999999999997 -4.124 0.98
318.13252774286 50.25378934389 0.0238 0.0249 13.3158 "" "" 2166116904060900992 1582.27979 0.6036 0.0282 -2.838 -4.124 0.032 0.03 0.962 8827.7 4.1677 15.898757 1.768455 16.75029 14.981834 "" "" 1504.00171 1671.59827 8230.835 2.6938 2724.6 7.6777 8061.7 10.133 "" "" 0.0027781391041670576 0.0041407347 0.004018224 0.0081589585 318.13252774286 50.25378934389 1582.27979 -2.837999999999999 -4.124 0.98
318.59492946354 50.00509045536 0.024 0.0273 10.2725 "" "" 2166100411386692864 1631.67322 0.5804 0.0297 -2.988 -4.065 0.034 0.034 0.954 8347.7 4.0166 15.911818 2.007911 16.921911 14.914001 "" "" 1552.08862 1738.1615 8132.41675 3.3904 2326.2 9.5205 8581.4 9.2258 "" "" 0.0027922526580254014 0.0052469815 0.003955533 0.009202514 318.59492946354 50.00509045536 1631.67322 -2.9879999999999987 -4.064999999999999 0.97
318.55876508679 50.08632547407 0.0359 0.0362 5.9024 "" "" 2166104603274755200 1683.89575 0.56 0.0416 -3.125 -3.792 0.047 0.047 1.406 7946.4 3.5236 15.981795 1.979464 16.952734 14.97327 "" "" 1574.30237 1847.68958 7624.80578 5.7004 2261.1 8.0742 8125.5 9.0893 "" "" 0.0028723966229778244 0.004776688 0.0039697336 0.008746421 318.55876508679 50.08632547407 1683.89575 -3.124999999999999 -3.792 0.83
318.39931051784 50.09343553786 0.025 0.0283 3.0014 "" "" 2166105290469377536 1678.47827 0.5643 0.0308 -2.951 -4.06 0.033 0.035 0.977 7738.9 3.8634 15.986869 1.865068 16.89786 15.032791 "" "" 1596.81262 1772.40515 7589.25573 2.9695 2378.3 7.1797 7692.0 9.4346 "" "" 0.002787878109608018 0.0043044286 0.0040071397 0.008311568 318.39931051784 50.09343553786 1678.47827 -2.950999999999999 -4.06 0.86
318.34909517563 50.13447862275 0.0267 0.0305 3.1148 "" "" 2166117385097270784 1492.31812 0.6474 0.0329 -3.046 -4.13 0.034 0.04 0.954 7497.2 3.7686 16.031397 1.868396 16.947687 15.079291 "" "" 1425.14014 1558.48535 7284.30185 3.0933 2271.7 10.716 7369.6 11.213 "" "" 0.002793629663697964 0.0058323136 0.0041246493 0.009956963 318.34909517563 50.13447862275 1492.31812 -3.045999999999999 -4.129999999999999 0.95
318.66417649491 50.02555410523 0.0266 0.0278 11.3241 "" "" 2166101751416491392 1639.06506 0.5896 0.032 -3.011 -4.117 0.037 0.039 1.006 7935.1 3.9135 16.057669 1.868403 16.97769 15.109286 "" "" 1557.47266 1740.43799 7110.1523 2.715 2209.7 7.1358 7168.8 9.5304 "" "" 0.0027863365563947085 0.004480883 0.0040456336 0.008526517 318.66417649491 50.02555410523 1639.06506 -3.010999999999999 -4.117000000000002 0.83
318.57194629506 50.13351998285 0.0269 0.0279 5.4819 "" "" 2166106183822712064 1497.63831 0.6481 0.0319 -2.887 -4.078 0.037 0.038 0.991 "" "" 16.064262 2.01968 17.081106 15.061426 "" "" 1419.31616 1569.79919 7067.11401 2.7647 2009.0 6.398 7491.8 9.383 "" "" 0.0027878664475701116 0.004443063 0.004016569 0.008459631 318.57194629506 50.13351998285 1497.63831 -2.887 -4.078000000000001 0.97
