Clusters/UBC_576/UBC_576_stars_in_region.tsv
# %ECSV 1.0
# ---
# datatype:
# - name: RA_ICRS_1
#   unit: deg
#   datatype: float64
#   format: '{:15.11f}'
#   description: Right ascension (ICRS) at Ep=2016.0 (ra)
#   meta: !!omap
#   - {ucd: POS_EQ_RA_MAIN}
#   - {width: 15}
#   - {precision: '11'}
# - name: DE_ICRS_1
#   unit: deg
#   datatype: float64
#   format: '{:15.11f}'
#   description: Declination (ICRS) at Ep=2016.0 (dec)
#   meta: !!omap
#   - {ucd: POS_EQ_DEC_MAIN}
#   - {width: 15}
#   - {precision: '11'}
# - name: e_RA_ICRS
#   unit: mas
#   datatype: float64
#   format: '{:7.4f}'
#   description: Standard error of right ascension (ra_error)
#   meta: !!omap
#   - {ucd: ERROR}
#   - {width: 7}
#   - {precision: '4'}
# - name: e_DE_ICRS
#   unit: mas
#   datatype: float64
#   format: '{:7.4f}'
#   description: Standard error of declination (dec_error)
#   meta: !!omap
#   - {ucd: ERROR}
#   - {width: 7}
#   - {precision: '4'}
# - name: _r_1
#   unit: ''
#   datatype: float64
#   format: '{:7.4f}'
#   description: Distance from center (284.70420635000+00.41720599000)[ICRS], at Epoch=J2016.0
#   meta: !!omap
#   - {ucd: POS_ANG_DIST_GENERAL}
#   - {width: 7}
#   - {precision: '4'}
# - name: HIP
#   datatype: int32
#   description: '? HIP cross-id number, van Leeuwen, Cat. I/311 (hip_original_ext_source_id)'
#   meta: !!omap
#   - {ucd: ID_NUMBER}
#   - {width: 6}
#   - values: {'null': -2147483648}
# - name: TYC2
#   datatype: string
#   description: Tycho-2 cross-id name, Hog et al., Cat. I/259 (tyc2_original_ext_source_id)
#   meta: !!omap
#   - {ucd: ID_CROSSID}
#   - {_votable_string_dtype: char}
# - name: Source
#   datatype: int64
#   description: Source identifier, identical to the Gaia-EDR3 source_id (id)
#   meta: !!omap
#   - {ucd: ID_MAIN}
#   - {width: 19}
# - name: rgeo
#   unit: pc
#   datatype: float64
#   format: '{:15.8f}'
#   description: '? Median of the geometric distance posterior (r_med_geo)'
#   meta: !!omap
#   - {ucd: PHYS_DISTANCE_TRUE}
#   - {width: 15}
#   - {precision: '8'}
#   - values: {'null': .nan}
# - name: Plx
#   unit: mas
#   datatype: float64
#   format: '{:9.4f}'
#   description: '? Parallax (parallax)'
#   meta: !!omap
#   - {ucd: POS_PARLX_TRIG}
#   - {width: 9}
#   - {precision: '4'}
#   - values: {'null': .nan}
# - name: e_Plx
#   unit: mas
#   datatype: float32
#   format: '{:7.4f}'
#   description: '? Standard error of parallax (parallax_error)'
#   meta: !!omap
#   - {ucd: ERROR}
#   - {width: 7}
#   - {precision: '4'}
#   - values: {'null': .nan}
# - name: pmRA
#   unit: mas / yr
#   datatype: float64
#   format: '{:9.3f}'
#   description: '? Proper motion in right ascension direction, pmRA*cosDE (pmra)'
#   meta: !!omap
#   - {ucd: POS_EQ_PMRA}
#   - {width: 9}
#   - {precision: '3'}
#   - values: {'null': .nan}
# - name: pmDE
#   unit: mas / yr
#   datatype: float64
#   format: '{:9.3f}'
#   description: '? Proper motion in declination direction (pmdec)'
#   meta: !!omap
#   - {ucd: POS_EQ_PMDEC}
#   - {width: 9}
#   - {precision: '3'}
#   - values: {'null': .nan}
# - name: e_pmRA
#   unit: mas / yr
#   datatype: float32
#   format: '{:6.3f}'
#   description: '? Standard error of proper motion in right ascension direction (pmra_error)'
#   meta: !!omap
#   - {ucd: ERROR}
#   - {width: 6}
#   - {precision: '3'}
#   - values: {'null': .nan}
# - name: e_pmDE
[...]
#         unit: &id001 !astropy.units.Unit {unit: deg}
#         value: !astropy.table.SerializedColumn {name: SkyCoord.dec}
#       distance: !astropy.table.SerializedColumn
#         __class__: astropy.coordinates.distances.Distance
#         unit: !astropy.units.Unit {unit: pc}
#         value: !astropy.table.SerializedColumn {name: SkyCoord.distance}
#       frame: icrs
#       obstime: !astropy.time.Time {format: jyear_str, in_subfmt: '*', jd1: 367701545.0, jd2: 0.0, out_subfmt: '*', precision: 3, scale: tt}
#       pm_dec: !astropy.table.SerializedColumn
#         __class__: astropy.units.quantity.Quantity
#         unit: !astropy.units.Unit {unit: mas / yr}
#         value: !astropy.table.SerializedColumn {name: SkyCoord.pm_dec}
#       pm_ra_cosdec: !astropy.table.SerializedColumn
#         __class__: astropy.units.quantity.Quantity
#         unit: !astropy.units.Unit {unit: mas / yr}
#         value: !astropy.table.SerializedColumn {name: SkyCoord.pm_ra_cosdec}
#       ra: !astropy.table.SerializedColumn
#         __class__: astropy.coordinates.angles.Longitude
#         unit: *id001
#         value: !astropy.table.SerializedColumn {name: SkyCoord.ra}
#         wrap_angle: !astropy.coordinates.Angle
#           unit: *id001
#           value: 360.0
#       representation_type: spherical
# schema: astropy-2.0
RA_ICRS_1 DE_ICRS_1 e_RA_ICRS e_DE_ICRS _r_1 HIP TYC2 Source rgeo Plx e_Plx pmRA pmDE e_pmRA e_pmDE RUWE Teff logg Gmag BP-RP BPmag RPmag RV e_RV b_rgeo B_rgeo FG e_FG FBP e_FBP FRP e_FRP RAVE5 RAVE6 e_Gmag e_BPmag e_RPmag e_BP-RP SkyCoord.ra SkyCoord.dec SkyCoord.distance SkyCoord.pm_ra_cosdec SkyCoord.pm_dec
[from data line 943]
285.11049915517 0.31571543387 0.0677 0.07 25.1261 "" "" 4265964447005777152 1280.11646 0.7639 0.0859 -4.256 4.638 0.078 0.078 1.039 6068.7 4.4171 16.912008 2.100699 17.993923 15.893225 "" "" 1147.61658 1434.61462 3237.00304 2.7497 866.66 10.86 3482.3 14.132 "" "" 0.002905581599731214 0.013888372 0.005805007 0.019693378 285.11049915517 0.31571543387 1280.11646 -4.255999999999999 4.638
284.37657844645 0.54011926584 0.0632 0.0603 20.9949 "" "" 4266641028920050304 1386.29126 0.7051 0.072 5.345 -1.245 0.076 0.068 0.996 4718.0 4.1458 16.912268 2.442187 18.235655 15.793468 "" "" 1267.47412 1494.32446 3236.23266 2.9878 693.67 8.0207 3817.4 9.9462 "" "" 0.0029319911389634463 0.01286037 0.004720833 0.017581202 284.37657844645 0.54011926584 1386.29126 5.345 -1.2450000000000003
284.46455573224 0.56632582098 0.0714 0.0701 16.935 "" "" 4266647179313180800 1400.6803 0.6988 0.0926 0.042 -2.824 0.081 0.069 1.067 6748.7 4.341 16.912437 2.148427 18.021793 15.873366 "" "" 1255.15076 1597.46045 3235.72472 3.2572 844.69 9.5427 3546.6 15.534 "" "" 0.002964171375167221 0.012579209 0.0060744076 0.018653616 284.46455573224 0.56632582098 1400.6803 0.04200000000000001 -2.8240000000000007
284.67864091016 0.67118670928 0.0612 0.0626 15.3158 "" "" 4266739881874660864 1300.02295 0.7571 0.0702 -0.776 1.502 0.073 0.071 0.96 5012.4 4.269 16.91261 2.208439 18.066887 15.858448 "" "" 1195.80774 1423.42664 3235.21632 2.5656 810.33 15.764 3595.7 11.707 "" "" 0.0028867167353536036 0.02130519 0.0051749186 0.026480108 284.67864091016 0.67118670928 1300.02295 -0.776 1.5020000000000002
284.69642001347 0.72885447387 0.0888 0.0903 18.7047 "" "" 4266743283488797952 1408.69141 0.7042 0.1044 2.741 1.217 0.104 0.101 0.956 8478.1 3.7902 16.914156 3.713324 19.249104 15.53578 "" "" 1191.55261 1793.64819 3230.60645 3.8393 272.76 6.9427 4840.0 12.536 "" "" 0.003042478517406216 0.027776292 0.0047108275 0.03248712 284.69642001347 0.72885447387 1408.69141 2.7410000000000005 1.217
284.71784906702 0.49998367457 0.0634 0.061 5.0337 "" "" 4265892910034476288 1212.84265 0.815 0.0744 -8.63 3.852 0.081 0.075 0.996 6008.8 4.2704 16.915579 2.345388 18.1645 15.819112 "" "" 1113.15808 1302.0697 3226.37572 5.9694 740.66 10.237 3728.3 27.903 "" "" 0.003409857636585372 0.015263641 0.008961685 0.024225326 284.71784906702 0.49998367457 1212.84265 -8.63 3.8520000000000003
285.00872317033 0.76181079947 0.0649 0.0631 27.5917 "" "" 4265996504642574592 1434.06311 0.6918 0.0686 -1.249 3.083 0.084 0.076 0.959 6023.1 3.9499 16.9173 2.428616 18.19041 15.761795 "" "" 1298.15295 1606.08203 3221.27133 2.8045 723.19 12.598 3930.4 18.121 "" "" 0.0029129556622879663 0.019118268 0.0062722666 0.025390536 285.00872317033 0.76181079947 1434.06311 -1.2489999999999999 3.083
284.30843443145 0.48778896935 0.0782 0.0788 24.1203 "" "" 4266639237904628864 1173.35486 0.8288 0.0972 -11.564 6.275 0.101 0.074 1.119 4947.3 4.2944 16.917679 2.04244 17.938873 15.896433 "" "" 1064.08875 1322.24756 3220.14314 3.4389 911.73 13.564 3472.0 18.189 "" "" 0.002989350543777169 0.016391937 0.006829066 0.023221003 284.30843443145 0.48778896935 1173.35486 -11.564 6.275
284.46027864836 0.53717994367 0.0646 0.0641 16.3097 "" "" 4266640444804435968 1193.64014 0.813 0.0795 -1.999 -4.38 0.072 0.063 1.041 4802.4 4.3316 16.91781 2.11077 18.009819 15.899049 "" "" 1090.87708 1328.85901 3219.75367 3.3157 854.06 12.061 3463.7 16.464 "" "" 0.002973535828600362 0.015584523 0.006396708 0.021981232 284.46027864836 0.53717994367 1193.64014 -1.9990000000000006 -4.379999999999999
284.95744200353 0.10111022479 0.0723 0.0669 24.3014 "" "" 4265814436699580160 1144.77759 0.865 0.0821 -1.118 0.618 0.101 0.098 1.138 "" "" 16.918541 1.881299 17.681252 15.799952 "" "" 1006.67841 1285.44653 3217.58617 4.6553 1155.9 32.366 3794.7 34.279 "" "" 0.0031716619575812457 0.030529134 0.01051086 0.041039996 284.95744200353 0.10111022479 1144.77759 -1.1179999999999999 0.618
284.9512820997 0.30960678309 0.062 0.0597 16.169 "" "" 4265874257035686912 1337.82874 0.7168 0.0681 6.28 1.305 0.071 0.067 0.948 5438.7 4.5757 16.920776 1.953986 17.897942 15.943955 "" "" 1236.34863 1459.44604 3210.97197 2.9169 946.76 9.3871 3323.3 25.193 "" "" 0.002926530077195893 0.011120758 0.009056902 0.020177659 284.9512820997 0.30960678309 1337.82874 6.279999999999999 1.305
284.40747356523 0.38783537146 0.0707 0.0755 17.8905 "" "" 4266634599339818880 1189.4585 0.836 0.0908 1.353 -0.831 0.085 0.073 1.172 4535.0 4.3516 16.921494 1.851613 17.847265 15.995652 "" "" 1087.5719 1343.54919 3208.85041 2.9392 992.0 6.7353 3168.8 13.394 "" "" 0.00292930297707601 0.0078821 0.0059451456 0.013827246 284.40747356523 0.38783537146 1189.4585 1.3530000000000002 -0.831
284.99394299953 0.62169620685 0.057 0.0638 21.2773 "" "" 4265985719997080576 1212.65039 0.8147 0.0731 5.935 -2.849 0.074 0.069 1.05 6569.0 4.3191 16.921528 2.37959 18.19876 15.819169 "" "" 1104.95837 1329.68994 3208.74593 2.6321 717.65 17.663 3728.1 14.623 "" "" 0.0028956846203476074 0.026867708 0.0056938506 0.03256156 284.99394299953 0.62169620685 1212.65039 5.935 -2.8490000000000006
284.4790289771 0.02182193209 0.0672 0.0689 27.3005 "" "" 4265838759091358080 1276.48059 0.7406 0.0838 1.433 -0.826 0.082 0.079 1.141 4475.1 4.3914 16.922285 1.858912 17.777071 15.918159 "" "" 1151.58105 1432.60583 3206.51268 3.4826 1058.2 6.2117 3403.3 13.855 "" "" 0.0029970568554122576 0.0069573345 0.005815572 0.012772907 284.4790289771 0.02182193209 1276.48059 1.4329999999999998 -0.8260000000000002
285.04764419519 0.29459849054 0.0717 0.0673 21.8797 "" "" 4265870649263685120 1143.58203 0.8591 0.081 8.436 -0.825 0.091 0.086 1.29 4983.4 4.3056 16.92288 2.154396 17.94399 15.789595 "" "" 1072.33459 1268.15271 3204.75614 9.9037 907.45 10.341 3831.1 15.281 "" "" 0.004341611427771633 0.012683394 0.0057478882 0.018431284 285.04764419519 0.29459849054 1143.58203 8.436000000000002 -0.8249999999999998
284.67197621021 0.27129152798 0.0693 0.0614 8.9659 "" "" 4265879033039569536 1142.8385 0.84 0.078 -0.756 -3.461 0.092 0.069 0.973 5437.8 4.6784 16.924377 1.778252 17.791693 16.013441 "" "" 1064.89233 1268.41614 3200.33672 3.4747 1044.1 10.848 3117.3 10.582 "" "" 0.002996897724945742 0.011620533 0.005278987 0.016899519 284.67197621021 0.27129152798 1142.8385 -0.756 -3.461
284.58565534418 -0.01877939799 0.0836 0.0892 27.1089 "" "" 4265834571536073984 1108.16907 0.88 0.1114 -1.682 -2.65 0.104 0.088 1.104 4866.4 4.597 16.924644 1.729479 17.753809 16.02433 "" "" 995.595154 1284.84094 3199.55094 3.25 1081.2 7.2307 3086.2 13.741 "" "" 0.002967840916007704 0.00777867 0.0061361687 0.013914838 284.58565534418 -0.01877939799 1108.16907 -1.6819999999999997 -2.65
284.83865839864 0.51201214282 0.0592 0.0557 9.8708 "" "" 4265892502057367040 1598.23779 0.5903 0.0648 2.351 2.169 0.07 0.066 1.016 6325.0 4.2969 16.92465 2.184015 18.065086 15.881071 "" "" 1473.22278 1776.40454 3199.53353 2.6814 811.67 9.8587 3521.5 10.573 "" "" 0.0029016768819028083 0.013479495 0.0049910136 0.018470509 284.83865839864 0.51201214282 1598.23779 2.351 2.1690000000000005
284.95536389735 0.31723380376 0.0638 0.0635 16.2191 "" "" 4265874257035692160 1334.22791 0.7407 0.0732 -3.769 -9.461 0.073 0.069 0.949 4594.2 4.2686 16.927635 2.114723 17.974497 15.859774 "" "" 1229.57068 1454.69336 3190.75103 3.0437 882.3 16.216 3591.3 31.842 "" "" 0.0029435455068429644 0.020149121 0.0103419125 0.030491034 284.95536389735 0.31723380376 1334.22791 -3.7689999999999997 -9.461
284.42003590473 0.24831128034 0.0815 0.07 19.8341 "" "" 4265858382834680064 1374.41089 0.7655 0.0964 -3.772 -5.851 0.092 0.08 1.025 4863.7 4.6096 16.927765 1.91335 17.890259 15.976909 "" "" 1208.93665 1634.20667 3190.36642 3.1121 953.48 7.5185 3224.0 10.872 "" "" 0.002951861062677083 0.009004572 0.0052620387 0.014266611 284.42003590473 0.24831128034 1374.41089 -3.7720000000000002 -5.850999999999999
284.63115794877 0.21010471111 0.0783 0.0776 13.1764 "" "" 4265877074522751104 1597.95874 0.634 0.0968 -4.591 -1.829 0.096 0.079 1.146 4609.5 4.3061 16.929996 1.938585 17.80782 15.869234 "" "" 1406.17102 1999.2655 3183.81986 3.5322 1028.7 10.497 3560.1 24.057 "" "" 0.0030071091320198226 0.011424947 0.008252975 0.019677922 284.63115794877 0.21010471111 1597.95874 -4.590999999999999 -1.8289999999999997
284.51679963167 0.26520397492 0.0696 0.0673 14.4779 "" "" 4265881021564766848 1332.2926 0.746 0.084 -3.943 -6.583 0.089 0.078 0.974 5707.2 4.5678 16.937658 1.973453 17.933805 15.960353 "" "" 1204.88 1474.87793 3161.42992 2.9055 916.0 7.7314 3273.5 11.285 "" "" 0.0029304397786778656 0.009579388 0.005319151 0.0148985395 284.51679963167 0.26520397492 1332.2926 -3.9429999999999996 -6.583000000000001
284.85376663582 0.1415640934 0.0735 0.067 18.8161 "" "" 4265861543932369280 1147.99304 0.8608 0.0829 2.783 -4.932 0.094 0.072 1.092 4358.2 4.3081 16.93918 1.937722 17.913635 15.975913 "" "" 1060.99182 1248.15649 3157.00235 3.0675 933.17 11.553 3227.0 10.517 "" "" 0.0029503762026881096 0.013728357 0.0051773153 0.018905673 284.85376663582 0.1415640934 1147.99304 2.782999999999999 -4.932
284.64781844429 -0.02935682746 0.0686 0.0672 27.0065 "" "" 4265835018211932672 1181.80444 0.8399 0.0809 -0.863 -5.337 0.081 0.068 1.037 4575.0 4.4764 16.93953 1.825037 17.811922 15.986885 "" "" 1087.91113 1311.4176 3155.98543 3.0667 1024.8 10.531 3194.5 20.143 "" "" 0.002950399316932835 0.011500779 0.007820059 0.019320838 284.64781844429 -0.02935682746 1181.80444 -0.8630000000000001 -5.336999999999998
284.38945151823 0.40939539079 0.0681 0.0701 18.8906 "" "" 4266634874217751552 1483.21729 0.6557 0.0883 -1.312 -3.709 0.083 0.071 1.014 5376.8 4.5763 16.939682 1.984447 17.932192 15.947744 "" "" 1345.4917 1691.94128 3155.54185 3.2507 917.36 7.3665 3311.8 10.731 "" "" 0.002973681434919193 0.009154161 0.0051633622 0.014317524 284.38945151823 0.40939539079 1483.21729 -1.3120000000000003 -3.7089999999999996
284.4016672123 0.43822739331 0.0701 0.072 18.1956 "" "" 4266637966594242816 1452.85669 0.6799 0.0909 1.299 -3.674 0.084 0.066 1.071 5323.2 4.6227 16.94615 1.909162 17.901358 15.992196 "" "" 1299.92578 1658.31873 3136.79756 2.705 943.79 10.263 3178.9 13.703 "" "" 0.002910052720014892 0.012131769 0.0060156356 0.018147405 284.4016672123 0.43822739331 1452.85669 1.299 -3.6739999999999995
284.44915814554 0.52901527 0.0633 0.0635 16.7083 "" "" 4266640341725222016 1279.52502 0.7747 0.0757 -2.43 -5.491 0.072 0.063 0.966 6161.8 4.2916 16.946283 2.220024 18.115267 15.895243 "" "" 1162.00769 1421.20288 3136.41687 3.0893 775.02 11.613 3475.9 13.09 "" "" 0.0029555812612159682 0.016506338 0.0055679507 0.02207429 284.44915814554 0.52901527 1279.52502 -2.43 -5.491
284.6196287289 0.2231548538 0.0667 0.0631 12.7009 "" "" 4265877280692906880 1422.19727 0.7034 0.0786 0.138 -6.409 0.084 0.071 1.007 5291.2 4.5559 16.946865 1.961795 17.90797 15.946176 "" "" 1301.87292 1579.57935 3134.73159 6.7526 938.06 34.91 3316.6 24.72 "" "" 0.003614114311267785 0.040502004 0.008931482 0.049433485 284.6196287289 0.2231548538 1422.19727 0.13799999999999998 -6.409000000000001
284.68238712846 0.68700386495 0.0608 0.0619 16.2407 "" "" 4266742871171934976 1518.60583 0.6312 0.0706 0.322 -4.646 0.072 0.072 0.971 5552.8 3.779 16.947735 2.471614 18.305258 15.833644 "" "" 1386.7489 1681.26025 3132.22357 3.1191 650.6 11.282 3678.8 12.31 "" "" 0.0029598572460162284 0.019033281 0.0052424297 0.02427571 284.68238712846 0.68700386495 1518.60583 0.322 -4.646
284.58949907926 0.10095345992 0.081 0.0876 20.1847 "" "" 4265840790648257280 1435.82263 0.6978 0.1102 0.798 -2.06 0.095 0.077 1.028 4521.6 4.3182 16.952791 1.788071 17.624273 15.836203 "" "" 1249.00659 1652.43799 3117.66942 5.4543 1218.2 15.755 3670.1 62.234 "" "" 0.003346608641893291 0.014316369 0.018794775 0.033111144 284.58949907926 0.10095345992 1435.82263 0.7979999999999998 -2.0600000000000005
284.83790008652 0.16007168932 0.0772 0.0723 17.3888 "" "" 4265862368566129536 1544.20593 0.6717 0.0951 -4.71 -4.709 0.093 0.073 1.098 4921.5 4.3317 16.955921 1.815356 17.813066 15.99771 "" "" 1357.01794 1739.01184 3108.69584 5.0896 1023.7 11.926 3162.8 9.1961 "" "" 0.0032789614795775035 0.0129528 0.0049243816 0.017877182 284.83790008652 0.16007168932 1544.20593 -4.71 -4.708999999999999
284.65355048574 0.79424557129 0.0688 0.0719 22.8256 "" "" 4266744864036767104 1452.94861 0.649 0.0871 0.478 -4.132 0.085 0.08 1.028 9159.3 3.8074 16.95741 3.263663 18.902893 15.63923 "" "" 1257.96106 1634.73938 3104.43342 3.6438 375.2 14.624 4400.1 12.911 "" "" 0.003035756136694098 0.042410124 0.0049429946 0.04735312 284.65355048574 0.79424557129 1452.94861 0.4780000000000001 -4.132
284.84595369991 0.38315722095 0.0637 0.0594 8.7466 "" "" 4265887416815688960 1585.6842 0.61 0.0713 -3.829 -7.44 0.075 0.067 0.956 5766.3 4.2261 16.960873 2.134014 18.080244 15.94623 "" "" 1432.03979 1784.16504 3094.55308 2.8663 800.42 8.2715 3316.4 14.067 "" "" 0.0029331087306155514 0.011561668 0.0059575676 0.017519236 284.84595369991 0.38315722095 1585.6842 -3.829 -7.440000000000001
284.40349745155 0.67527683724 0.0713 0.0637 23.7753 "" "" 4266660545251522560 1480.70703 0.652 0.0765 -2.452 -5.113 0.081 0.067 1.055 4907.6 4.169 16.961166 2.529263 18.355877 15.826614 "" "" 1329.13025 1653.92004 3093.7127 3.9363 620.96 9.3658 3702.6 14.615 "" "" 0.0030822345962746092 0.016611911 0.0057140607 0.022325972 284.40349745155 0.67527683724 1480.70703 -2.452 -5.113000000000001
284.64892851098 0.08473636506 0.0718 0.072 20.222 "" "" 4265839824237897984 1215.01501 0.82 0.0911 -0.466 -3.513 0.088 0.075 1.035 4886.2 4.6884 16.963327 1.789707 17.776249 15.986542 "" "" 1070.1073 1375.60327 3087.56491 3.3944 1059.1 16.211 3195.5 31.108 "" "" 0.0030027573476879166 0.016851302 0.011224957 0.02807626 284.64892851098 0.08473636506 1215.01501 -0.4659999999999999 -3.513
284.56931524196 0.44002211915 0.075 0.0715 8.2082 "" "" 4266635767570989568 1474.2428 0.665 0.082 -0.277 -2.397 0.091 0.083 1.018 5536.5 4.612 16.964314 1.800774 17.829777 16.029003 "" "" 1309.48572 1733.64197 3084.76211 2.9388 1008.1 10.608 3073.0 31.338 "" "" 0.00294307572594932 0.011760716 0.011699436 0.023460153 284.56931524196 0.44002211915 1474.2428 -0.277 -2.397
284.376085448 0.20795922134 0.1016 0.0951 23.3495 "" "" 4265857764359384960 1231.76562 0.8208 0.1196 -3.004 -3.711 0.117 0.102 1.365 9298.2 4.1621 16.965845 2.252261 17.853031 15.60077 "" "" 1040.63745 1448.4353 3080.40872 4.828 986.74 11.765 4558.8 188.47 "" "" 0.003238452619189277 0.013242617 0.045045353 0.05828797 284.376085448 0.20795922134 1231.76562 -3.004 -3.7110000000000003
285.01463502826 0.44952164725 0.0655 0.0687 18.7258 "" "" 4265970051956109952 1415.57458 0.7226 0.0812 0.348 -7.19 0.081 0.075 1.023 5699.8 4.4 16.967224 2.209284 18.130058 15.920774 "" "" 1258.6156 1644.62183 3076.5024 2.7048 764.53 10.437 3395.1 14.28 "" "" 0.002915985230990223 0.015082286 0.0059277504 0.021010036 285.01463502826 0.44952164725 1415.57458 0.348 -7.1899999999999995
284.52456335768 0.49187355976 0.0659 0.0671 11.6722 "" "" 4266636970161901696 1477.60437 0.6715 0.0813 1.879 -0.004 0.074 0.07 0.925 4977.5 4.3931 16.976967 1.900648 17.93089 16.030241 "" "" 1320.70679 1637.15552 3049.01732 2.9966 918.46 9.5435 3069.5 12.97 "" "" 0.0029547299690295 0.011621538 0.005943978 0.017565515 284.52456335768 0.49187355976 1477.60437 1.879 -0.004
284.87086490086 0.44033093228 0.0618 0.0584 10.095 "" "" 4265888241449457152 1541.26489 0.6424 0.0682 0.661 -1.707 0.074 0.069 0.991 4764.9 4.3004 16.980618 2.128627 18.076513 15.947886 "" "" 1392.05762 1665.04785 3038.78429 2.7823 803.18 7.7249 3311.3 15.18 "" "" 0.002929166527782571 0.010808827 0.0062496136 0.017058441 284.87086490086 0.44033093228 1541.26489 0.6610000000000001 -1.7070000000000003
