Clusters/UBC_576/UBC_576_stars_in_region.tsv
# %ECSV 1.0
# ---
# datatype:
# - name: RA_ICRS_1
#   unit: deg
#   datatype: float64
#   format: '{:15.11f}'
#   description: Right ascension (ICRS) at Ep=2016.0 (ra)
#   meta: !!omap
#   - {ucd: POS_EQ_RA_MAIN}
#   - {width: 15}
#   - {precision: '11'}
# - name: DE_ICRS_1
#   unit: deg
#   datatype: float64
#   format: '{:15.11f}'
#   description: Declination (ICRS) at Ep=2016.0 (dec)
#   meta: !!omap
#   - {ucd: POS_EQ_DEC_MAIN}
#   - {width: 15}
#   - {precision: '11'}
# - name: e_RA_ICRS
#   unit: mas
#   datatype: float64
#   format: '{:7.4f}'
#   description: Standard error of right ascension (ra_error)
#   meta: !!omap
#   - {ucd: ERROR}
#   - {width: 7}
#   - {precision: '4'}
# - name: e_DE_ICRS
#   unit: mas
#   datatype: float64
#   format: '{:7.4f}'
#   description: Standard error of declination (dec_error)
#   meta: !!omap
#   - {ucd: ERROR}
#   - {width: 7}
#   - {precision: '4'}
# - name: _r_1
#   unit: ''
#   datatype: float64
#   format: '{:7.4f}'
#   description: Distance from center (284.70420635000+00.41720599000)[ICRS], at Epoch=J2016.0
#   meta: !!omap
#   - {ucd: POS_ANG_DIST_GENERAL}
#   - {width: 7}
#   - {precision: '4'}
# - name: HIP
#   datatype: int32
#   description: '? HIP cross-id number, van Leeuwen, Cat. I/311 (hip_original_ext_source_id)'
#   meta: !!omap
#   - {ucd: ID_NUMBER}
#   - {width: 6}
#   - values: {'null': -2147483648}
# - name: TYC2
#   datatype: string
#   description: Tycho-2 cross-id name, Hog et al., Cat. I/259 (tyc2_original_ext_source_id)
#   meta: !!omap
#   - {ucd: ID_CROSSID}
#   - {_votable_string_dtype: char}
# - name: Source
#   datatype: int64
#   description: Source identifier, identical to the Gaia-EDR3 source_id (id)
#   meta: !!omap
#   - {ucd: ID_MAIN}
#   - {width: 19}
# - name: rgeo
#   unit: pc
#   datatype: float64
#   format: '{:15.8f}'
#   description: '? Median of the geometric distance posterior (r_med_geo)'
#   meta: !!omap
#   - {ucd: PHYS_DISTANCE_TRUE}
#   - {width: 15}
#   - {precision: '8'}
#   - values: {'null': .nan}
# - name: Plx
#   unit: mas
#   datatype: float64
#   format: '{:9.4f}'
#   description: '? Parallax (parallax)'
#   meta: !!omap
#   - {ucd: POS_PARLX_TRIG}
#   - {width: 9}
#   - {precision: '4'}
#   - values: {'null': .nan}
# - name: e_Plx
#   unit: mas
#   datatype: float32
#   format: '{:7.4f}'
#   description: '? Standard error of parallax (parallax_error)'
#   meta: !!omap
#   - {ucd: ERROR}
#   - {width: 7}
#   - {precision: '4'}
#   - values: {'null': .nan}
# - name: pmRA
#   unit: mas / yr
#   datatype: float64
#   format: '{:9.3f}'
#   description: '? Proper motion in right ascension direction, pmRA*cosDE (pmra)'
#   meta: !!omap
#   - {ucd: POS_EQ_PMRA}
#   - {width: 9}
#   - {precision: '3'}
#   - values: {'null': .nan}
# - name: pmDE
#   unit: mas / yr
#   datatype: float64
#   format: '{:9.3f}'
#   description: '? Proper motion in declination direction (pmdec)'
#   meta: !!omap
#   - {ucd: POS_EQ_PMDEC}
#   - {width: 9}
#   - {precision: '3'}
#   - values: {'null': .nan}
# - name: e_pmRA
#   unit: mas / yr
#   datatype: float32
#   format: '{:6.3f}'
#   description: '? Standard error of proper motion in right ascension direction (pmra_error)'
#   meta: !!omap
#   - {ucd: ERROR}
#   - {width: 6}
#   - {precision: '3'}
#   - values: {'null': .nan}
# - name: e_pmDE
[...]
#         unit: &id001 !astropy.units.Unit {unit: deg}
#         value: !astropy.table.SerializedColumn {name: SkyCoord.dec}
#       distance: !astropy.table.SerializedColumn
#         __class__: astropy.coordinates.distances.Distance
#         unit: !astropy.units.Unit {unit: pc}
#         value: !astropy.table.SerializedColumn {name: SkyCoord.distance}
#       frame: icrs
#       obstime: !astropy.time.Time {format: jyear_str, in_subfmt: '*', jd1: 367701545.0, jd2: 0.0, out_subfmt: '*', precision: 3, scale: tt}
#       pm_dec: !astropy.table.SerializedColumn
#         __class__: astropy.units.quantity.Quantity
#         unit: !astropy.units.Unit {unit: mas / yr}
#         value: !astropy.table.SerializedColumn {name: SkyCoord.pm_dec}
#       pm_ra_cosdec: !astropy.table.SerializedColumn
#         __class__: astropy.units.quantity.Quantity
#         unit: !astropy.units.Unit {unit: mas / yr}
#         value: !astropy.table.SerializedColumn {name: SkyCoord.pm_ra_cosdec}
#       ra: !astropy.table.SerializedColumn
#         __class__: astropy.coordinates.angles.Longitude
#         unit: *id001
#         value: !astropy.table.SerializedColumn {name: SkyCoord.ra}
#         wrap_angle: !astropy.coordinates.Angle
#           unit: *id001
#           value: 360.0
#       representation_type: spherical
# schema: astropy-2.0
RA_ICRS_1 DE_ICRS_1 e_RA_ICRS e_DE_ICRS _r_1 HIP TYC2 Source rgeo Plx e_Plx pmRA pmDE e_pmRA e_pmDE RUWE Teff logg Gmag BP-RP BPmag RPmag RV e_RV b_rgeo B_rgeo FG e_FG FBP e_FBP FRP e_FRP RAVE5 RAVE6 e_Gmag e_BPmag e_RPmag e_BP-RP SkyCoord.ra SkyCoord.dec SkyCoord.distance SkyCoord.pm_ra_cosdec SkyCoord.pm_dec
[from data line 162]
284.97364692572 0.04021774053 0.0237 0.0208 27.8025 "" "" 4265812821819243904 1238.48401 0.7724 0.0256 -5.034 -5.486 0.033 0.027 0.968 6358.7 3.9279 14.827595 1.660235 15.613033 13.952798 29.43 11.18 1199.08936 1282.276 22075.41171 6.2466 7766.1 12.673 20799.0 23.693 "" "" 0.0027723956713784736 0.003305166 0.003976609 0.007281775 284.97364692572 0.04021774053 1238.48401 -5.033999999999999 -5.486000000000001
284.45636892088 0.30004222688 0.0277 0.0258 16.4479 "" "" 4265882331574678912 1158.60168 0.8257 0.0329 1.947 2.945 0.033 0.028 0.974 7096.8 3.9998 14.838326 1.714124 15.648605 13.934482 -30.0 5.78 1118.29968 1209.00879 21858.29232 10.277 7515.8 12.436 21153.0 75.242 "" "" 0.002802208785275925 0.0033185084 0.005403591 0.0087220995 284.45636892088 0.30004222688 1158.60168 1.9470000000000003 2.945
284.38454013923 0.24857481821 0.0289 0.0292 21.6848 "" "" 4265858176676291584 1500.31213 0.6341 0.0357 1.117 -5.341 0.037 0.032 1.178 8106.3 3.9964 14.839134 1.496052 15.507878 14.011826 "" "" 1412.67188 1585.21179 21842.03872 16.123 8555.9 37.72 19698.0 37.359 "" "" 0.0028695144333502837 0.00554048 0.0043039527 0.009844433 284.38454013923 0.24857481821 1500.31213 1.117 -5.341000000000001
284.68464018956 0.2893100422 0.0239 0.0215 7.763 "" "" 4265879136118793600 1497.125 0.6274 0.027 -0.395 0.315 0.033 0.025 0.933 5208.7 3.4136 14.841176 2.10524 15.918841 13.813602 1.0 3.69 1441.12769 1557.48218 21801.00447 7.3304 5859.8 9.7089 23644.0 39.401 "" "" 0.0027794001328066706 0.003319813 0.0041901423 0.007509955 284.68464018956 0.2893100422 1497.125 -0.39499999999999996 0.31500000000000006
284.65120119806 0.12006880244 0.03 0.0307 18.1097 "" "" 4265863605516868864 1407.81726 0.6876 0.0386 -0.143 -3.273 0.037 0.032 1.249 8508.4 4.4064 14.842911 1.322573 15.425368 14.102796 "" "" 1324.03064 1484.8855 21766.19622 7.3331 9231.4 14.305 18115.0 23.222 "" "" 0.002779494594996482 0.003258177 0.0040275194 0.0072856965 284.65120119806 0.12006880244 1407.81726 -0.143 -3.2729999999999997
284.67534570472 0.69945533109 0.0391 0.0418 17.0233 "" "" 4266742939891413376 1578.65222 0.587 0.0494 0.352 -4.489 0.045 0.044 1.001 "" "" 14.847529 "" "" "" "" "" 1463.43835 1709.62329 21673.78756 328.23 "" "" "" "" "" "" 0.01667175739160576 "" "" "" 284.67534570472 0.69945533109 1578.65222 0.352 -4.488999999999999
284.9408829746 0.1839809497 0.0244 0.0226 19.9366 "" "" 4265867728685227648 1390.00781 0.6851 0.0283 -1.627 -6.358 0.031 0.028 1.057 6374.2 3.7862 14.855149 1.775257 15.711507 13.93625 -14.1 4.91 1334.84998 1448.32849 21522.2233 8.9942 7092.7 18.055 21118.0 20.176 "" "" 0.002792429477471963 0.00392731 0.0039191493 0.00784646 284.9408829746 0.1839809497 1390.00781 -1.6270000000000002 -6.3580000000000005
284.72608453848 0.35632192542 0.024 0.0221 3.8817 "" "" 4265886347324352256 1162.75317 0.8261 0.0277 0.277 -5.595 0.029 0.026 1.065 6534.1 3.7115 14.860186 1.929167 15.820903 13.891736 16.57 7.31 1136.40063 1194.30286 21422.60638 7.5178 6412.9 16.359 22002.0 16.336 "" "" 0.0027815395518181203 0.003931421 0.0038643992 0.00779582 284.72608453848 0.35632192542 1162.75317 0.27699999999999997 -5.595
284.81154559184 0.52706390884 0.0245 0.0231 9.2154 "" "" 4265892776935278080 1165.53467 0.8168 0.0253 -3.354 -4.564 0.03 0.028 0.962 7784.2 3.85 14.861486 1.98898 15.860599 13.871619 -8.75 6.81 1134.06873 1197.60962 21396.97245 7.9379 6182.7 17.606 22414.0 17.609 "" "" 0.002784605608316947 0.0041646217 0.0038744425 0.008039065 284.81154559184 0.52706390884 1165.53467 -3.354 -4.564
284.60786514747 0.01231497714 0.0306 0.0308 24.9717 "" "" 4265836117723665024 1439.30237 0.6592 0.0374 1.453 -4.15 0.037 0.032 1.363 7014.3 3.7181 14.863744 1.802541 15.618768 13.816227 23.01 14.85 1365.58923 1502.22559 21352.53204 13.28 7725.2 19.961 23587.0 25.092 "" "" 0.0028368591103709487 0.0039566895 0.0039519337 0.007908624 284.60786514747 0.01231497714 1439.30237 1.4529999999999998 -4.1499999999999995
284.74967886524 0.36890507186 0.025 0.0226 3.9802 "" "" 4265886489102838784 1537.32568 0.6145 0.0292 -0.279 -2.073 0.031 0.026 0.971 9243.8 4.0901 14.873639 1.333055 15.460667 14.127611 "" "" 1469.61279 1605.26367 21158.79804 6.671 8936.1 14.794 17706.0 16.996 "" "" 0.0027765028450744416 0.0033190285 0.003920447 0.007239476 284.74967886524 0.36890507186 1537.32568 -0.27899999999999997 -2.0729999999999995
284.58524552317 0.02038472109 0.0286 0.0302 24.8561 "" "" 4265839107020947712 1570.35913 0.5999 0.0367 -0.334 -3.368 0.035 0.031 1.264 8532.1 3.6341 14.886456 1.152081 15.360878 14.208797 "" "" 1492.09082 1656.76685 20910.49641 7.307 9796.4 20.862 16430.0 77.756 "" "" 0.0027813189165934132 0.0036236763 0.006378558 0.010002234 284.58524552317 0.02038472109 1570.35913 -0.33399999999999996 -3.368
284.48958566523 0.43476981995 0.0268 0.0256 12.9199 "" "" 4266635565721459072 1373.95337 0.6889 0.0318 -1.103 -1.598 0.033 0.028 1.096 5074.1 3.2841 14.88809 2.239114 16.064753 13.825639 39.04 8.31 1321.21155 1427.0697 20879.05321 9.2943 5122.9 16.119 23383.0 24.843 "" "" 0.002797388552839738 0.004410855 0.0039515 0.008362355 284.48958566523 0.43476981995 1373.95337 -1.103 -1.5980000000000003
285.0228427925 0.6696454064 0.0214 0.0224 24.3902 "" "" 4265989293409872000 1230.11841 0.7678 0.0265 5.781 -5.204 0.027 0.025 0.991 8431.1 3.8459 14.889552 2.033474 15.902333 13.868859 17.35 8.05 1194.11523 1272.55615 20850.95176 19.466 5949.5 17.857 22471.0 87.952 "" "" 0.0029358499047160767 0.004290054 0.005687073 0.0099771265 285.0228427925 0.6696454064 1230.11841 5.781 -5.204
284.51842219556 0.41861239797 0.0269 0.0256 11.1471 "" "" 4266635325203251584 1171.01758 0.8195 0.0308 1.016 -4.212 0.033 0.028 1.059 8957.3 4.1407 14.89824 1.550561 15.588377 14.037816 "" "" 1129.073 1216.08472 20684.77856 12.546 7944.5 25.967 19232.0 71.191 "" "" 0.002832923823435851 0.0045143007 0.005516938 0.010031238 284.51842219556 0.41861239797 1171.01758 1.016 -4.212
284.51754439812 0.55864952665 0.0352 0.0345 14.0516 "" "" 4266646285959933952 1559.09802 0.5846 0.0435 -1.325 -2.444 0.041 0.038 1.459 4553.8 2.5181 14.924334 3.158739 16.803751 13.645012 -7.47 2.67 1455.92639 1678.13745 20193.58669 9.19 2593.7 10.575 27616.0 27.041 "" "" 0.0027992743909125814 0.005232701 0.0039260634 0.009158764 284.51754439812 0.55864952665 1559.09802 -1.3249999999999997 -2.444
284.75698880853 0.17210712556 0.0262 0.0256 15.0431 "" "" 4265865495302430592 1357.15735 0.7111 0.0327 -1.656 -1.529 0.034 0.026 0.991 7067.4 3.9456 14.92894 1.691365 15.721331 14.029965 -34.66 7.33 1299.84351 1422.74207 20108.08477 8.0889 7028.9 38.357 19372.0 42.563 "" "" 0.0027897220031631318 0.0065490133 0.0044692736 0.011018287 284.75698880853 0.17210712556 1357.15735 -1.6560000000000001 -1.529
284.67052278557 0.29730549257 0.0249 0.0226 7.4725 "" "" 4265879887693460992 1296.79956 0.7307 0.0286 -3.304 -2.909 0.034 0.026 1.005 7997.1 3.9177 14.935146 1.392769 15.554043 14.161274 "" "" 1252.09033 1347.4491 19993.47229 6.5102 8199.7 17.408 17165.0 17.353 "" "" 0.002777908428832226 0.0036191405 0.003935545 0.0075546857 284.67052278557 0.29730549257 1296.79956 -3.304 -2.9090000000000003
284.54646016277 0.46439518488 0.0253 0.0252 9.8789 "" "" 4266636046757777792 1536.07104 0.6095 0.0293 1.998 -1.233 0.03 0.027 0.961 6520.7 3.7255 14.940969 1.663965 15.72 14.056035 -15.43 7.93 1480.08203 1597.33789 19886.53178 6.9198 7037.5 19.726 18912.0 20.309 "" "" 0.0027811005299444866 0.0041287686 0.0039551407 0.00808391 284.54646016277 0.46439518488 1536.07104 1.998 -1.233
284.70920359489 0.38280383176 0.0813 0.0735 2.0858 "" "" 4265886690921758336 1360.99524 0.7353 0.0911 1.516 -0.141 0.097 0.084 3.26 7484.0 4.0016 14.944755 1.854899 15.817251 13.962353 22.73 11.42 1232.47571 1524.10999 19817.32521 34.488 6434.5 17.09 20617.0 23.734 "" "" 0.0033409587565071228 0.004012584 0.0039806957 0.00799328 284.70920359489 0.38280383176 1360.99524 1.516 -0.14099999999999996
284.495241491 0.47714635317 0.0258 0.0256 13.0431 "" "" 4266636837031819520 1139.65796 0.8421 0.0308 -2.096 -8.158 0.032 0.027 0.97 7120.3 4.0236 14.950335 1.76271 15.789024 14.026315 -13.86 4.83 1094.34814 1177.54968 19715.72844 7.7769 6604.0 23.169 19437.0 33.231 "" "" 0.0027884054381018515 0.0047216984 0.004210632 0.00893233 284.495241491 0.47714635317 1139.65796 -2.096 -8.158000000000001
284.34752628278 0.35749469414 0.0247 0.0256 21.6981 "" "" 4266634260040797440 1358.35498 0.7044 0.0321 -1.946 -1.883 0.03 0.024 1.0 6173.8 3.5653 14.96174 1.958389 15.830936 13.872546 1.67 8.7 1298.3009 1443.25232 19509.69321 15.415 6353.9 19.183 22394.0 665.01 "" "" 0.002885778298604472 0.0043046386 0.032462668 0.036767308 284.34752628278 0.35749469414 1358.35498 -1.9459999999999993 -1.883
284.26996426445 0.45204560459 0.0261 0.0263 26.1375 "" "" 4266638692457841792 1536.95825 0.6168 0.0327 1.918 2.138 0.032 0.025 0.938 7481.5 4.0083 14.965659 1.493855 15.646683 14.152828 "" "" 1451.65222 1625.25769 19439.40465 11.845 7529.1 22.09 17299.0 45.982 "" "" 0.002833631152752318 0.0042346697 0.0047552628 0.008989932 284.26996426445 0.45204560459 1536.95825 1.9180000000000001 2.138
284.25598962643 0.33563780586 0.0255 0.026 27.3341 "" "" 4266613300601000704 1251.43018 0.7588 0.0301 -0.007 0.767 0.033 0.028 0.975 7520.1 3.8992 14.966084 1.718489 15.787497 14.069008 "" "" 1210.31006 1291.29602 19431.80763 7.3378 6613.3 16.038 18688.0 23.103 "" "" 0.0027856568466863613 0.003836393 0.004010652 0.007847045 284.25598962643 0.33563780586 1251.43018 -0.007000000000000001 0.767
284.75354203118 0.14961816934 0.026 0.0258 16.3259 "" "" 4265863949114182144 1311.07263 0.7211 0.0325 2.098 -3.255 0.031 0.026 1.004 5598.1 3.68 14.97147 1.681168 15.766895 14.085728 8.61 6.38 1266.61768 1387.05151 19335.6464 7.3411 6740.0 21.84 18402.0 16.426 "" "" 0.0027859850930985904 0.0044902763 0.0039016637 0.00839194 284.75354203118 0.14961816934 1311.07263 2.098 -3.2549999999999994
284.64715288171 0.20770789841 0.026 0.025 13.0277 "" "" 4265877005814949376 1208.85132 0.7858 0.0313 -2.343 -8.208 0.032 0.026 1.058 6331.1 3.6825 14.986181 1.934227 15.949791 14.015564 45.0 8.5 1165.94019 1253.37732 19075.42321 8.2142 5695.1 12.617 19631.0 19.027 "" "" 0.002794705648914715 0.0036838534 0.0039231526 0.007607006 284.64715288171 0.20770789841 1208.85132 -2.343 -8.208
284.43737018582 0.17049691268 0.0256 0.0263 21.8044 "" "" 4265856767926868352 1356.5863 0.7048 0.0334 -1.289 -2.999 0.034 0.031 1.054 6556.9 3.9836 14.987206 1.545639 15.680755 14.135116 "" "" 1299.18787 1412.30139 19057.42291 8.1087 7296.5 15.127 17584.0 52.53 "" "" 0.0027937793926177336 0.0035849332 0.004980364 0.008565297 284.43737018582 0.17049691268 1356.5863 -1.2889999999999997 -2.999
284.79857340434 0.41743822548 0.0236 0.0216 5.6619 "" "" 4265887038858664960 1347.73535 0.6961 0.0269 -0.039 -3.411 0.029 0.025 0.991 5077.4 3.5427 14.993326 2.240607 16.171202 13.930594 -1.94 7.49 1304.05615 1403.00964 18950.31501 7.3384 4644.5 11.765 21229.0 18.907 "" "" 0.0027872142793285448 0.003917793 0.0039011252 0.007818918 284.79857340434 0.41743822548 1347.73535 -0.03899999999999999 -3.411
284.34075521766 0.26408271186 0.0259 0.0276 23.663 "" "" 4266608902562790400 1104.75623 0.87 0.0339 2.283 -1.781 0.032 0.026 1.012 6740.3 4.0649 15.010673 1.697125 15.8162 14.119075 10.38 8.06 1067.64441 1138.94751 18649.94219 6.7865 6440.8 15.507 17845.0 18.187 "" "" 0.0027835019480867106 0.0038233825 0.003938041 0.0077614235 284.34075521766 0.26408271186 1104.75623 2.283 -1.781
284.68118942385 0.11857662169 0.0266 0.0264 17.9709 "" "" 4265863635536740096 1157.15076 0.8226 0.0327 3.754 -6.203 0.032 0.027 1.017 6405.6 3.9461 15.013117 1.692624 15.817226 14.124602 26.61 11.97 1109.42737 1197.0061 18608.01673 6.4501 6434.7 18.164 17755.0 18.443 "" "" 0.002780904151118291 0.0041446686 0.0039440687 0.008088738 284.68118942385 0.11857662169 1157.15076 3.754 -6.203
284.65891939823 0.68204460926 0.032 0.0323 16.1209 "" "" 4266649069098746112 1562.84119 0.593 0.0386 0.63 -4.57 0.038 0.036 1.442 9148.6 3.6073 15.022962 2.096771 16.067497 13.970726 9.9 6.28 1436.70203 1659.02466 18440.04245 12.306 5110.0 10.069 20458.0 18.377 "" "" 0.0028489978078693077 0.0035159683 0.0039031943 0.0074191624 284.65891939823 0.68204460926 1562.84119 0.63 -4.57
285.03390354246 0.2720993006 0.0248 0.0236 21.6127 "" "" 4265870236946820480 1365.79041 0.6998 0.0281 -0.124 -4.813 0.032 0.03 1.01 7664.6 3.6781 15.041862 1.608429 15.793041 14.184612 -17.18 7.73 1317.50916 1425.70044 18121.82913 10.209 6579.6 18.4 16800.0 23.846 "" "" 0.002822394266417735 0.0041235997 0.0040815086 0.008205108 285.03390354246 0.2720993006 1365.79041 -0.12399999999999997 -4.813
284.4163198841 0.15813441153 0.0276 0.027 23.2375 "" "" 4265856630487921920 1217.33875 0.7879 0.0342 -0.356 -5.041 0.034 0.032 1.081 5415.8 3.7194 15.045174 1.73524 15.877589 14.142349 33.83 6.39 1169.51111 1275.34045 18066.62955 6.725 6086.7 18.703 17467.0 24.003 "" "" 0.0027848023754833053 0.004349179 0.0040632277 0.008412407 284.4163198841 0.15813441153 1217.33875 -0.356 -5.041000000000001
284.68823513364 -0.03427533143 0.0265 0.0267 27.1058 "" "" 4265834846413185920 1094.39575 0.8783 0.0328 0.348 -12.341 0.031 0.026 1.043 5358.0 4.131 15.059944 1.523931 15.752052 14.228121 10.08 7.4 1055.92041 1129.98022 17822.51321 6.6411 6832.8 14.263 16140.0 22.882 "" "" 0.0027848640107569263 0.0035946649 0.0040808185 0.0076754834 284.68823513364 -0.03427533143 1094.39575 0.348 -12.341000000000001
284.28922301444 0.37348360957 0.0288 0.0284 25.0362 "" "" 4266613846057829376 1296.26355 0.7366 0.0334 -2.788 -4.149 0.037 0.029 1.016 7970.1 3.9223 15.069283 1.468954 15.735612 14.266658 "" "" 1243.99768 1354.78479 17669.88699 6.3618 6937.0 21.112 15577.0 12.065 "" "" 0.002782911363060749 0.0043247626 0.0038718104 0.008196573 284.28922301444 0.37348360957 1296.26355 -2.788 -4.149000000000001
284.79626545902 0.68439547995 0.0316 0.0309 16.9562 "" "" 4266739469557832448 1308.97363 0.7122 0.0361 -5.188 -16.373 0.039 0.035 1.007 4734.7 2.3148 15.070055 3.517378 17.247965 13.730587 -35.77 2.85 1237.82605 1369.4519 17657.31202 12.626 1722.8 14.246 25523.0 35.16 "" "" 0.0028626090816134945 0.009401626 0.0040645804 0.013466206 284.79626545902 0.68439547995 1308.97363 -5.188000000000001 -16.373
285.04859676989 0.15722788719 0.0332 0.0296 25.8899 "" "" 4265820174803943296 1297.35901 0.7325 0.0365 -5.653 -7.79 0.04 0.038 1.374 6653.2 3.8502 15.073436 1.714242 15.892989 14.178747 43.4 8.48 1242.32324 1376.66992 17602.4293 5.8972 6001.0 13.522 16891.0 20.325 "" "" 0.0027792265382472737 0.003710837 0.003998824 0.007709661 285.04859676989 0.15722788719 1297.35901 -5.652999999999999 -7.79
284.63714525883 0.17669887791 0.0409 0.0384 14.9809 "" "" 4265864842467537408 1098.27881 0.8809 0.048 -0.62 -4.276 0.049 0.04 1.543 7696.8 4.2632 15.074729 1.562288 15.797182 14.234894 93.44 13.63 1046.87756 1151.06836 17581.46767 5.9927 6554.6 16.861 16040.0 15.832 "" "" 0.0027800622571414364 0.0039478545 0.0039283806 0.007876235 284.63714525883 0.17669887791 1098.27881 -0.62 -4.276000000000001
284.56886273258 0.7940706532 0.0787 0.0761 24.0257 "" "" 4266756408908817408 1089.72241 0.8592 0.0888 1.544 1.078 0.09 0.086 0.842 4603.0 1.9834 15.091137 4.451968 18.065916 13.613948 -7.71 2.91 993.354004 1208.54578 17317.76732 19.072 811.06 10.457 28417.0 58.934 "" "" 0.003003586227868588 0.014273761 0.004399308 0.01867307 284.56886273258 0.7940706532 1089.72241 1.544 1.0779999999999998
284.35821788616 0.24785328559 0.0272 0.029 23.1124 "" "" 4265858206698455936 1205.23181 0.8031 0.0354 -0.026 0.671 0.034 0.029 1.022 6577.5 4.0451 15.093658 1.631043 15.858872 14.227829 -20.48 11.71 1158.44885 1251.16492 17277.59722 6.8986 6192.5 13.982 16145.0 18.299 "" "" 0.0027892154351435326 0.0037141326 0.00397468 0.0076888124 284.35821788616 0.24785328559 1205.23181 -0.026000000000000002 0.671
