Clusters/UBC_576/UBC_576_stars_in_region.tsv
# %ECSV 1.0
# ---
# datatype:
# - name: RA_ICRS_1
#   unit: deg
#   datatype: float64
#   format: '{:15.11f}'
#   description: Right ascension (ICRS) at Ep=2016.0 (ra)
#   meta: !!omap
#   - {ucd: POS_EQ_RA_MAIN}
#   - {width: 15}
#   - {precision: '11'}
# - name: DE_ICRS_1
#   unit: deg
#   datatype: float64
#   format: '{:15.11f}'
#   description: Declination (ICRS) at Ep=2016.0 (dec)
#   meta: !!omap
#   - {ucd: POS_EQ_DEC_MAIN}
#   - {width: 15}
#   - {precision: '11'}
# - name: e_RA_ICRS
#   unit: mas
#   datatype: float64
#   format: '{:7.4f}'
#   description: Standard error of right ascension (ra_error)
#   meta: !!omap
#   - {ucd: ERROR}
#   - {width: 7}
#   - {precision: '4'}
# - name: e_DE_ICRS
#   unit: mas
#   datatype: float64
#   format: '{:7.4f}'
#   description: Standard error of declination (dec_error)
#   meta: !!omap
#   - {ucd: ERROR}
#   - {width: 7}
#   - {precision: '4'}
# - name: _r_1
#   unit: ''
#   datatype: float64
#   format: '{:7.4f}'
#   description: Distance from center (284.70420635000+00.41720599000)[ICRS], at Epoch=J2016.0
#   meta: !!omap
#   - {ucd: POS_ANG_DIST_GENERAL}
#   - {width: 7}
#   - {precision: '4'}
# - name: HIP
#   datatype: int32
#   description: '? HIP cross-id number, van Leeuwen, Cat. I/311 (hip_original_ext_source_id)'
#   meta: !!omap
#   - {ucd: ID_NUMBER}
#   - {width: 6}
#   - values: {'null': -2147483648}
# - name: TYC2
#   datatype: string
#   description: Tycho-2 cross-id name, Hog et al., Cat. I/259 (tyc2_original_ext_source_id)
#   meta: !!omap
#   - {ucd: ID_CROSSID}
#   - {_votable_string_dtype: char}
# - name: Source
#   datatype: int64
#   description: Source identifier, identical to the Gaia-EDR3 source_id (id)
#   meta: !!omap
#   - {ucd: ID_MAIN}
#   - {width: 19}
# - name: rgeo
#   unit: pc
#   datatype: float64
#   format: '{:15.8f}'
#   description: '? Median of the geometric distance posterior (r_med_geo)'
#   meta: !!omap
#   - {ucd: PHYS_DISTANCE_TRUE}
#   - {width: 15}
#   - {precision: '8'}
#   - values: {'null': .nan}
# - name: Plx
#   unit: mas
#   datatype: float64
#   format: '{:9.4f}'
#   description: '? Parallax (parallax)'
#   meta: !!omap
#   - {ucd: POS_PARLX_TRIG}
#   - {width: 9}
#   - {precision: '4'}
#   - values: {'null': .nan}
# - name: e_Plx
#   unit: mas
#   datatype: float32
#   format: '{:7.4f}'
#   description: '? Standard error of parallax (parallax_error)'
#   meta: !!omap
#   - {ucd: ERROR}
#   - {width: 7}
#   - {precision: '4'}
#   - values: {'null': .nan}
# - name: pmRA
#   unit: mas / yr
#   datatype: float64
#   format: '{:9.3f}'
#   description: '? Proper motion in right ascension direction, pmRA*cosDE (pmra)'
#   meta: !!omap
#   - {ucd: POS_EQ_PMRA}
#   - {width: 9}
#   - {precision: '3'}
#   - values: {'null': .nan}
# - name: pmDE
#   unit: mas / yr
#   datatype: float64
#   format: '{:9.3f}'
#   description: '? Proper motion in declination direction (pmdec)'
#   meta: !!omap
#   - {ucd: POS_EQ_PMDEC}
#   - {width: 9}
#   - {precision: '3'}
#   - values: {'null': .nan}
# - name: e_pmRA
#   unit: mas / yr
#   datatype: float32
#   format: '{:6.3f}'
#   description: '? Standard error of proper motion in right ascension direction (pmra_error)'
#   meta: !!omap
#   - {ucd: ERROR}
#   - {width: 6}
#   - {precision: '3'}
#   - values: {'null': .nan}
# - name: e_pmDE
[...]
#         unit: &id001 !astropy.units.Unit {unit: deg}
#         value: !astropy.table.SerializedColumn {name: SkyCoord.dec}
#       distance: !astropy.table.SerializedColumn
#         __class__: astropy.coordinates.distances.Distance
#         unit: !astropy.units.Unit {unit: pc}
#         value: !astropy.table.SerializedColumn {name: SkyCoord.distance}
#       frame: icrs
#       obstime: !astropy.time.Time {format: jyear_str, in_subfmt: '*', jd1: 367701545.0, jd2: 0.0, out_subfmt: '*', precision: 3, scale: tt}
#       pm_dec: !astropy.table.SerializedColumn
#         __class__: astropy.units.quantity.Quantity
#         unit: !astropy.units.Unit {unit: mas / yr}
#         value: !astropy.table.SerializedColumn {name: SkyCoord.pm_dec}
#       pm_ra_cosdec: !astropy.table.SerializedColumn
#         __class__: astropy.units.quantity.Quantity
#         unit: !astropy.units.Unit {unit: mas / yr}
#         value: !astropy.table.SerializedColumn {name: SkyCoord.pm_ra_cosdec}
#       ra: !astropy.table.SerializedColumn
#         __class__: astropy.coordinates.angles.Longitude
#         unit: *id001
#         value: !astropy.table.SerializedColumn {name: SkyCoord.ra}
#         wrap_angle: !astropy.coordinates.Angle
#           unit: *id001
#           value: 360.0
#       representation_type: spherical
# schema: astropy-2.0
RA_ICRS_1 DE_ICRS_1 e_RA_ICRS e_DE_ICRS _r_1 HIP TYC2 Source rgeo Plx e_Plx pmRA pmDE e_pmRA e_pmDE RUWE Teff logg Gmag BP-RP BPmag RPmag RV e_RV b_rgeo B_rgeo FG e_FG FBP e_FBP FRP e_FRP RAVE5 RAVE6 e_Gmag e_BPmag e_RPmag e_BP-RP SkyCoord.ra SkyCoord.dec SkyCoord.distance SkyCoord.pm_ra_cosdec SkyCoord.pm_dec
[from data line 490]
284.71845987562 0.3840808166 0.0427 0.042 2.1637 "" "" 4265886729621054080 1449.03882 0.6837 0.0551 -0.728 -3.741 0.053 0.046 1.012 7305.5 4.2517 16.10748 1.882671 17.043205 15.160534 "" "" 1327.22131 1570.76709 6791.32866 4.1137 2080.3 11.501 6838.2 9.3418 "" "" 0.002832720864471283 0.006619316 0.004060018 0.010679334 284.71845987562 0.3840808166 1449.03882 -0.728 -3.7410000000000005
284.89262224031 0.31027865527 0.0438 0.042 12.9984 "" "" 4265872985725429504 1298.83044 0.736 0.0535 -0.109 0.189 0.05 0.043 0.954 7376.9 4.3004 16.108675 1.971079 17.092653 15.121574 "" "" 1207.80347 1387.35107 6783.86243 3.9834 1987.7 12.419 7088.1 16.392 "" "" 0.002828115095650516 0.0073350016 0.0045374287 0.01187243 284.89262224031 0.31027865527 1298.83044 -0.109 0.18900000000000006
284.48679677594 0.43521690327 0.0458 0.0471 13.0889 "" "" 4266636317326797312 1399.104 0.6859 0.06 -1.938 -5.001 0.055 0.048 0.964 6717.7 4.3439 16.108757 1.774374 16.954828 15.180454 "" "" 1288.65857 1540.61487 6783.34647 3.9027 2256.8 11.542 6713.9 13.881 "" "" 0.002825242054945781 0.0062143924 0.0043957573 0.01061015 284.48679677594 0.43521690327 1399.104 -1.9380000000000002 -5.001
284.57919109957 0.3250162678 0.0451 0.0438 9.3197 "" "" 4265883087488846464 1185.20752 0.8132 0.0557 -5.201 -13.263 0.063 0.054 0.987 6482.7 4.3133 16.112293 1.77062 16.961508 15.190887 "" "" 1110.17224 1262.42139 6761.29154 4.4246 2242.9 9.6661 6649.7 16.273 "" "" 0.0028454543263490414 0.0054478766 0.0046198834 0.01006776 284.57919109957 0.3250162678 1185.20752 -5.2010000000000005 -13.263000000000002
284.94684352256 0.30796881311 0.0521 0.0523 15.9653 "" "" 4265874222675950848 1487.48206 0.6516 0.0611 -4.737 -4.163 0.059 0.056 1.182 5380.4 4.2041 16.124777 1.850579 17.032598 15.182019 "" "" 1357.40894 1633.20642 6683.99811 4.1065 2100.8 10.352 6704.3 16.092 "" "" 0.002834915882053088 0.006033977 0.0045907693 0.010624746 284.94684352256 0.30796881311 1487.48206 -4.737000000000001 -4.163
284.36533844332 0.47612887381 0.055 0.0602 20.6365 "" "" 4266638348860411776 1278.55127 0.7781 0.0824 -4.026 -8.064 0.059 0.048 1.137 5872.9 4.3308 16.128025 1.798654 16.988821 15.190167 "" "" 1157.32141 1417.328 6664.03033 4.2881 2187.2 11.505 6654.1 16.326 "" "" 0.0028425137648099 0.006356266 0.00462385 0.010980116 284.36533844332 0.47612887381 1278.55127 -4.026 -8.063999999999998
284.55878194101 0.64820566627 0.066 0.0619 16.3776 "" "" 4266649412696177536 1436.57861 0.6416 0.0838 -6.018 -22.143 0.074 0.067 1.148 7001.9 3.0257 16.130474 4.102426 18.79086 14.688434 "" "" 1305.94836 1581.27563 6649.01397 8.367 415.98 9.0003 10563.0 35.136 "" "" 0.0030754651059150314 0.023656517 0.0052275006 0.028884018 284.55878194101 0.64820566627 1436.57861 -6.018000000000001 -22.143
284.49083978635 0.68428820078 0.0425 0.0386 20.5103 "" "" 4266661537374966144 1519.65674 0.6276 0.0503 -0.0 -2.687 0.048 0.042 1.013 9117.2 3.9265 16.130568 2.300826 17.340368 15.039542 "" "" 1408.05981 1658.64392 6648.43811 5.7193 1582.2 15.174 7644.4 30.803 "" "" 0.002909320887020093 0.010780037 0.0057813483 0.016561385 284.49083978635 0.68428820078 1519.65674 -8.673617379884035e-19 -2.6870000000000003
284.3723833219 0.44903396912 0.0731 0.0798 20.0002 "" "" 4266638039612785280 1095.72742 0.9248 0.0966 2.235 6.523 0.088 0.085 1.733 "" "" 16.133076 "" "" "" "" "" 991.003357 1251.2428 6633.09358 13.003 "" "" "" "" "" "" 0.0034816439427776797 "" "" "" 284.3723833219 0.44903396912 1095.72742 2.2350000000000003 6.523
284.82674960434 0.51117797218 0.0424 0.0411 9.2654 "" "" 4265892502057367552 1276.90369 0.7434 0.0514 -12.615 -11.754 0.051 0.047 0.941 5130.1 3.5259 16.135405 2.601539 17.57936 14.97782 "" "" 1204.56873 1369.14917 6618.8835 5.0584 1269.6 12.932 8091.5 18.613 "" "" 0.002877549622746981 0.011405727 0.0045300564 0.015935782 284.82674960434 0.51117797218 1276.90369 -12.615000000000002 -11.754
285.09909333878 0.24618167655 0.0409 0.0383 25.8195 "" "" 4265823370259632512 1084.8656 0.9137 0.0487 3.545 -1.849 0.052 0.047 1.001 6528.5 4.2783 16.136343 2.005772 17.15051 15.144739 "" "" 1029.69836 1133.67932 6613.16937 4.2556 1884.6 8.1668 6938.5 9.9995 "" "" 0.002842522943968443 0.0054700826 0.0040904866 0.009560569 285.09909333878 0.24618167655 1084.8656 3.5449999999999995 -1.8490000000000002
284.68903603822 0.31136509781 0.0418 0.0414 6.4154 "" "" 4265880300010344064 1207.59558 0.8145 0.0539 -0.641 -3.662 0.054 0.045 0.917 7347.9 4.3408 16.143763 1.760219 16.99355 15.233331 "" "" 1124.07874 1298.45752 6568.12658 3.8998 2177.7 8.8465 6394.8 12.713 "" "" 0.0028297288166956335 0.0052190465 0.004352322 0.009571368 284.68903603822 0.31136509781 1207.59558 -0.641 -3.6619999999999995
284.36838839216 0.34156260495 0.0487 0.0547 20.6535 "" "" 4266633980864476672 1362.32422 0.7209 0.0658 1.072 -12.604 0.058 0.055 1.024 5668.5 3.8297 16.148548 1.764099 17.006247 15.242147 "" "" 1257.49146 1479.02124 6539.24625 4.5723 2152.4 11.322 6343.1 12.298 "" "" 0.002857990214572346 0.00635629 0.004326067 0.0106823575 284.36838839216 0.34156260495 1362.32422 1.072 -12.603999999999996
284.54178436755 0.03786990075 0.0461 0.052 24.7587 "" "" 4265838660344445952 1087.03442 0.89 0.0665 3.441 2.688 0.059 0.052 0.971 4916.2 4.34 16.150866 1.976744 17.112858 15.136114 "" "" 1010.76605 1154.63989 6525.29851 8.3037 1951.1 10.859 6993.8 30.422 "" "" 0.003082324545508318 0.0066558155 0.006048843 0.012704658 284.54178436755 0.03786990075 1087.03442 3.4410000000000003 2.6880000000000006
284.55170130107 0.37423845109 0.0492 0.0475 9.5063 "" "" 4265884320099803008 1530.24121 0.6382 0.0615 6.621 2.819 0.065 0.055 0.933 4831.0 4.1516 16.152084 1.971162 17.144997 15.173835 "" "" 1402.1261 1754.24915 6517.97543 4.7106 1894.2 12.614 6755.0 16.779 "" "" 0.0028648732137283935 0.007749909 0.004642952 0.012392861 284.55170130107 0.37423845109 1530.24121 6.621000000000001 2.8190000000000004
284.64991782926 0.06034549101 0.047 0.0531 21.658 "" "" 4265839622417000320 1234.86084 0.8027 0.0714 -1.096 1.385 0.056 0.049 0.956 6636.0 4.3512 16.153442 1.740848 16.989904 15.249057 "" "" 1127.23438 1362.92102 6509.83069 3.9529 2185.0 10.133 6302.8 12.463 "" "" 0.0028330973411667838 0.0057565277 0.004346601 0.010103129 284.64991782926 0.06034549101 1234.86084 -1.096 1.385
284.27070855605 0.41605204694 0.058 0.0611 26.0093 "" "" 4266614911209769728 1269.55237 0.7576 0.0795 -3.485 2.939 0.072 0.058 1.234 5667.0 4.0609 16.157797 1.962641 17.146862 15.184221 "" "" 1162.09485 1390.96863 6483.77269 12.825 1890.9 19.532 6690.7 40.283 "" "" 0.003493420356929855 0.01155695 0.007550849 0.0191078 284.27070855605 0.41605204694 1269.55237 -3.485 2.939
285.15881358416 0.33358992567 0.0388 0.0388 27.7334 "" "" 4265917618991751552 1522.79675 0.6356 0.0485 -0.708 -4.2 0.048 0.042 0.969 8055.5 4.3506 16.160444 1.822498 17.054174 15.231676 "" "" 1420.34961 1619.65613 6467.98349 3.468 2059.4 10.338 6404.5 11.099 "" "" 0.0028161476114950874 0.006122972 0.0042218566 0.0103448285 285.15881358416 0.33358992567 1522.79675 -0.708 -4.200000000000001
284.82987659926 0.23537029534 0.0493 0.0455 13.2621 "" "" 4265866216856939648 1444.96265 0.6559 0.0617 2.593 -4.665 0.06 0.046 1.026 6888.0 4.2846 16.169775 1.894978 17.102057 15.207079 "" "" 1328.25342 1579.22681 6412.64009 4.1281 1970.6 11.183 6551.3 25.972 "" "" 0.002842587111283955 0.00676378 0.0057280622 0.012491843 284.82987659926 0.23537029534 1444.96265 2.593 -4.665
284.64287740762 0.08121489287 0.0454 0.052 20.4925 "" "" 4265839794215742208 1274.2926 0.7905 0.07 -1.597 -6.532 0.056 0.049 1.014 4872.8 4.1736 16.172653 1.851579 17.0806 15.229022 "" "" 1140.49658 1383.60706 6395.66038 3.6608 2009.9 12.484 6420.2 15.133 "" "" 0.0028245362422086124 0.007298196 0.004564332 0.011862528 284.64287740762 0.08121489287 1274.2926 -1.597 -6.532
284.83324239793 -0.02367966897 0.0473 0.0495 27.5628 "" "" 4265810828954495616 1331.23132 0.7456 0.0653 -1.478 -11.429 0.065 0.056 0.997 4767.4 4.2993 16.17373 1.643581 16.940891 15.29731 "" "" 1233.23083 1426.88708 6389.31855 4.7868 2285.9 10.306 6028.8 25.234 "" "" 0.0028728804482114705 0.0056344094 0.0059106327 0.011545042 284.83324239793 -0.02367966897 1331.23132 -1.4779999999999998 -11.429000000000002
285.02202089133 0.07011290662 0.0498 0.0448 28.2368 "" "" 4265813371575039872 1216.88403 0.8157 0.0561 0.616 -0.252 0.067 0.057 1.204 5315.2 4.3462 16.176857 1.686513 16.961397 15.274884 "" "" 1129.60767 1310.49023 6370.94759 5.9064 2243.1 10.972 6154.7 22.904 "" "" 0.0029334226794775864 0.005999153 0.00553253 0.011531683 285.02202089133 0.07011290662 1216.88403 0.616 -0.25200000000000006
284.9195588831 0.18230868646 0.0479 0.0482 19.1203 "" "" 4265867900483945216 1334.74084 0.7109 0.0562 -5.038 -10.769 0.064 0.06 0.986 5142.7 4.1739 16.17998 1.828881 17.059895 15.231013 "" "" 1267.02905 1422.58423 6352.64661 5.2037 2048.6 11.259 6408.4 21.147 "" "" 0.0028953006938144694 0.006587255 0.005207709 0.011794964 284.9195588831 0.18230868646 1334.74084 -5.038 -10.769
284.46991310888 0.30699043376 0.0497 0.0488 15.5351 "" "" 4265882155436208384 1348.44617 0.7446 0.0623 4.25 1.199 0.063 0.056 1.001 5067.0 3.781 16.180178 2.062043 17.23644 15.174397 "" "" 1227.8103 1495.66028 6351.49322 4.5259 1741.2 11.38 6751.5 11.873 "" "" 0.002861878442885228 0.0076249107 0.0042343037 0.011859214 284.46991310888 0.30699043376 1348.44617 4.250000000000001 1.1989999999999998
284.35848513122 0.31182359231 0.0512 0.0628 21.6851 "" "" 4266609727196556160 1228.40063 0.7973 0.0831 0.478 -4.945 0.066 0.052 1.089 6034.4 4.3457 16.182419 1.828054 17.080593 15.252539 "" "" 1114.24255 1351.5907 6338.3897 4.1102 2009.9 10.409 6282.6 12.972 "" "" 0.0028438506934668185 0.006277088 0.0043942323 0.01067132 284.35848513122 0.31182359231 1228.40063 0.4779999999999999 -4.944999999999999
285.14204726259 0.56881736104 0.0417 0.0512 27.7999 "" "" 4265972869454903680 1441.44165 0.6741 0.0589 -1.384 -4.452 0.055 0.051 1.025 6297.0 3.9634 16.187675 2.391103 17.47267 15.081567 "" "" 1322.40027 1554.30713 6307.78552 4.131 1400.7 11.116 7354.1 21.201 "" "" 0.002845590832624438 0.009056933 0.0049072327 0.013964166 285.14204726259 0.56881736104 1441.44165 -1.3840000000000001 -4.451999999999998
284.97906077457 0.15060961419 0.0426 0.0414 22.9743 "" "" 4265820655839749888 1544.87695 0.6097 0.0518 -2.259 -4.655 0.056 0.051 1.053 5513.4 4.2047 16.18772 1.712379 17.006397 15.294019 "" "" 1445.06958 1660.57043 6307.5295 3.6641 2152.1 12.146 6047.1 11.311 "" "" 0.002826586151024375 0.006733004 0.0042904643 0.011023468 284.97906077457 0.15060961419 1544.87695 -2.259 -4.655
284.32928730101 0.50756407335 0.0478 0.0474 23.1385 "" "" 4266639444063081344 1076.85583 0.9145 0.0584 -0.574 -1.981 0.058 0.046 1.02 5215.1 4.2843 16.189182 1.840644 17.094742 15.254098 "" "" 1011.48651 1148.16443 6299.03443 4.4382 1983.9 8.1951 6273.6 15.86 "" "" 0.0028595459326042068 0.005282039 0.0046709366 0.009952975 284.32928730101 0.50756407335 1076.85583 -0.5740000000000001 -1.981
285.06280283134 0.37490931487 0.0429 0.0459 21.6644 "" "" 4265965787035584000 1400.35876 0.6941 0.0547 2.454 0.988 0.052 0.049 0.978 6742.3 4.2372 16.191177 1.962382 17.176048 15.213666 "" "" 1309.14551 1529.97937 6287.46383 4.339 1840.8 24.151 6511.7 12.057 "" "" 0.0028553800604844324 0.014515372 0.0042807925 0.018796165 285.06280283134 0.37490931487 1400.35876 2.4540000000000006 0.988
284.34778173492 0.35789333423 0.0824 0.1457 21.6791 "" "" 4266634260040797312 1189.30969 1.0742 0.1802 -2.998 -4.511 0.112 0.084 1.017 "" "" 16.192986 "" "" "" "" "" 886.012573 2356.38013 6277.00766 16.42 "" "" "" "" "" "" 0.003957066062551306 "" "" "" 284.34778173492 0.35789333423 1189.30969 -2.9980000000000007 -4.511
284.42380135936 0.24360514565 0.0944 0.0946 19.7874 "" "" 4265858314115194112 1350.5708 0.7946 0.122 -1.672 -3.533 0.12 0.108 1.893 5738.0 4.6237 16.195007 1.685209 16.93744 15.252232 "" "" 1181.93213 1579.71021 6265.33204 9.7059 2293.2 34.842 6284.4 16.844 "" "" 0.003228123860112797 0.016730558 0.0047699395 0.021500498 284.42380135936 0.24360514565 1350.5708 -1.6720000000000002 -3.5330000000000004
284.96422701566 0.30894905731 0.0443 0.0464 16.8991 "" "" 4265871302098169088 1300.05542 0.7581 0.0559 -0.789 0.395 0.053 0.049 0.916 5187.4 4.1677 16.197933 1.9634 17.186008 15.222609 "" "" 1211.32471 1386.98938 6248.46512 3.802 1824.0 10.752 6458.3 15.404 "" "" 0.0028334133082262977 0.0069818837 0.004581481 0.011563364 284.96422701566 0.30894905731 1300.05542 -0.7889999999999999 0.39500000000000013
284.71800641669 0.44979607629 0.0443 0.0438 2.1235 "" "" 4265890470493032960 1322.54639 0.7409 0.0573 4.042 -3.06 0.058 0.049 0.884 4934.3 3.6567 16.198006 2.300209 17.419237 15.119028 "" "" 1226.66235 1443.86426 6248.05481 4.3303 1471.4 13.17 7104.7 22.543 "" "" 0.0028562251244567765 0.01011067 0.005113884 0.015224554 284.71800641669 0.44979607629 1322.54639 4.042 -3.0599999999999996
284.78434566506 0.4028883535 0.0504 0.0475 4.8844 "" "" 4265887004487540608 1368.92261 0.7174 0.0608 -1.892 -7.461 0.062 0.054 1.251 6890.1 4.3452 16.200832 1.83622 17.04195 15.20573 "" "" 1261.17688 1491.17175 6231.80565 6.2038 2082.7 15.248 6559.4 14.639 "" "" 0.0029597366497854717 0.008424432 0.0044894484 0.012913881 284.78434566506 0.4028883535 1368.92261 -1.892 -7.460999999999999
284.57118190473 0.25219840684 0.0541 0.0572 12.7169 "" "" 4265878341505148672 1509.62292 0.647 0.0721 0.282 -5.385 0.069 0.061 1.132 6629.2 4.2981 16.206396 1.816867 17.080208 15.263341 "" "" 1359.52246 1674.78674 6199.94644 4.3165 2010.6 24.827 6220.5 16.96 "" "" 0.002857128651439451 0.013693993 0.0048006936 0.018494686 284.57118190473 0.25219840684 1509.62292 0.282 -5.384999999999999
284.67396469188 0.20587796675 0.0529 0.0541 12.8088 "" "" 4265865357863610240 1568.63855 0.6367 0.0683 -1.869 -3.535 0.064 0.055 1.135 6683.6 4.3349 16.206413 1.809939 17.088297 15.278358 "" "" 1416.47351 1803.9458 6199.85817 4.2391 1995.7 12.817 6135.0 21.529 "" "" 0.0028535752991841515 0.007510449 0.0053666006 0.012877049 284.67396469188 0.20587796675 1568.63855 -1.8689999999999998 -3.5350000000000006
284.76867557947 -0.01070456554 0.049 0.0479 25.9644 "" "" 4265788426402462976 1551.96289 0.6388 0.0655 -5.101 -6.84 0.062 0.052 0.991 4931.6 4.2957 16.207209 1.604041 16.957706 15.353665 "" "" 1383.73254 1690.41614 6195.31363 5.6062 2250.8 14.767 5723.9 14.114 "" "" 0.0029252491504397236 0.0076502343 0.0046315417 0.0122817755 284.76867557947 -0.01070456554 1551.96289 -5.101000000000001 -6.84
284.52004455285 0.34585192524 0.2762 0.2686 11.8499 "" "" 4265882709531794176 1118.88708 1.2224 0.329 -3.877 2.031 0.368 0.369 6.025 "" "" 16.210781 2.028365 17.000818 14.972453 "" "" 814.767822 1584.84814 6174.96512 14.027 2163.2 10.936 8131.6 23.667 "" "" 0.003697927671244216 0.0061573684 0.0049264114 0.01108378 284.52004455285 0.34585192524 1118.88708 -3.8770000000000002 2.031
284.9086834103 0.0496279385 0.0427 0.0426 25.2374 "" "" 4265813783892008576 1289.71167 0.7476 0.054 3.241 -0.916 0.059 0.052 1.029 5311.3 4.3336 16.213497 1.565072 16.939505 15.374433 "" "" 1198.06055 1395.03027 6159.53054 3.7365 2288.8 12.971 5615.5 12.182 "" "" 0.0028329460361743485 0.0067561064 0.004453243 0.01120935 284.9086834103 0.0496279385 1289.71167 3.2409999999999997 -0.9160000000000001
284.81111262354 0.1498937473 0.0572 0.0531 17.2738 "" "" 4265862334206408960 1468.04565 0.6763 0.0735 -1.144 -3.961 0.078 0.058 1.106 5247.1 4.341 16.214993 1.699014 16.994446 15.295432 "" "" 1321.31384 1632.04492 6151.05781 4.66 2175.9 19.449 6039.3 49.454 "" "" 0.0028754776874965592 0.010097845 0.009660715 0.01975856 284.81111262354 0.1498937473 1468.04565 -1.144 -3.9610000000000003
