Clusters/UBC_479/UBC_479_stars_in_region.tsv
# %ECSV 1.0
# ---
# datatype:
# - name: RA_ICRS_1
#   unit: deg
#   datatype: float64
#   format: '{:15.11f}'
#   description: Right ascension (ICRS) at Ep=2016.0 (ra)
#   meta: !!omap
#   - {ucd: POS_EQ_RA_MAIN}
#   - {width: 15}
#   - {precision: '11'}
# - name: DE_ICRS_1
#   unit: deg
#   datatype: float64
#   format: '{:15.11f}'
#   description: Declination (ICRS) at Ep=2016.0 (dec)
#   meta: !!omap
#   - {ucd: POS_EQ_DEC_MAIN}
#   - {width: 15}
#   - {precision: '11'}
# - name: e_RA_ICRS
#   unit: mas
#   datatype: float64
#   format: '{:7.4f}'
#   description: Standard error of right ascension (ra_error)
#   meta: !!omap
#   - {ucd: ERROR}
#   - {width: 7}
#   - {precision: '4'}
# - name: e_DE_ICRS
#   unit: mas
#   datatype: float64
#   format: '{:7.4f}'
#   description: Standard error of declination (dec_error)
#   meta: !!omap
#   - {ucd: ERROR}
#   - {width: 7}
#   - {precision: '4'}
# - name: _r_1
#   unit: ''
#   datatype: float64
#   format: '{:7.4f}'
#   description: Distance from center (124.40130731000-42.59250599000)[ICRS], at Epoch=J2016.0
#   meta: !!omap
#   - {ucd: POS_ANG_DIST_GENERAL}
#   - {width: 7}
#   - {precision: '4'}
# - name: HIP
#   datatype: int32
#   description: '? HIP cross-id number, van Leeuwen, Cat. I/311 (hip_original_ext_source_id)'
#   meta: !!omap
#   - {ucd: ID_NUMBER}
#   - {width: 6}
#   - values: {'null': -2147483648}
# - name: TYC2
#   datatype: string
#   description: Tycho-2 cross-id name, Hog et al., Cat. I/259 (tyc2_original_ext_source_id)
#   meta: !!omap
#   - {ucd: ID_CROSSID}
#   - {_votable_string_dtype: char}
# - name: Source
#   datatype: int64
#   description: Source identifier, identical to the Gaia-EDR3 source_id (id)
#   meta: !!omap
#   - {ucd: ID_MAIN}
#   - {width: 19}
# - name: rgeo
#   unit: pc
#   datatype: float64
#   format: '{:15.8f}'
#   description: '? Median of the geometric distance posterior (r_med_geo)'
#   meta: !!omap
#   - {ucd: PHYS_DISTANCE_TRUE}
#   - {width: 15}
#   - {precision: '8'}
#   - values: {'null': .nan}
# - name: Plx
#   unit: mas
#   datatype: float64
#   format: '{:9.4f}'
#   description: '? Parallax (parallax)'
#   meta: !!omap
#   - {ucd: POS_PARLX_TRIG}
#   - {width: 9}
#   - {precision: '4'}
#   - values: {'null': .nan}
# - name: e_Plx
#   unit: mas
#   datatype: float32
#   format: '{:7.4f}'
#   description: '? Standard error of parallax (parallax_error)'
#   meta: !!omap
#   - {ucd: ERROR}
#   - {width: 7}
#   - {precision: '4'}
#   - values: {'null': .nan}
# - name: pmRA
#   unit: mas / yr
#   datatype: float64
#   format: '{:9.3f}'
#   description: '? Proper motion in right ascension direction, pmRA*cosDE (pmra)'
#   meta: !!omap
#   - {ucd: POS_EQ_PMRA}
#   - {width: 9}
#   - {precision: '3'}
#   - values: {'null': .nan}
# - name: pmDE
#   unit: mas / yr
#   datatype: float64
#   format: '{:9.3f}'
#   description: '? Proper motion in declination direction (pmdec)'
#   meta: !!omap
#   - {ucd: POS_EQ_PMDEC}
#   - {width: 9}
#   - {precision: '3'}
#   - values: {'null': .nan}
# - name: e_pmRA
#   unit: mas / yr
#   datatype: float32
#   format: '{:6.3f}'
#   description: '? Standard error of proper motion in right ascension direction (pmra_error)'
#   meta: !!omap
#   - {ucd: ERROR}
#   - {width: 6}
#   - {precision: '3'}
#   - values: {'null': .nan}
# - name: e_pmDE
[...]
#         value: !astropy.table.SerializedColumn {name: SkyCoord.dec}
#       distance: !astropy.table.SerializedColumn
#         __class__: astropy.coordinates.distances.Distance
#         unit: !astropy.units.Unit {unit: pc}
#         value: !astropy.table.SerializedColumn {name: SkyCoord.distance}
#       frame: icrs
#       obstime: !astropy.time.Time {format: jyear_str, in_subfmt: '*', jd1: 367701545.0, jd2: 0.0, out_subfmt: '*', precision: 3, scale: tt}
#       pm_dec: !astropy.table.SerializedColumn
#         __class__: astropy.units.quantity.Quantity
#         unit: !astropy.units.Unit {unit: mas / yr}
#         value: !astropy.table.SerializedColumn {name: SkyCoord.pm_dec}
#       pm_ra_cosdec: !astropy.table.SerializedColumn
#         __class__: astropy.units.quantity.Quantity
#         unit: !astropy.units.Unit {unit: mas / yr}
#         value: !astropy.table.SerializedColumn {name: SkyCoord.pm_ra_cosdec}
#       ra: !astropy.table.SerializedColumn
#         __class__: astropy.coordinates.angles.Longitude
#         unit: *id001
#         value: !astropy.table.SerializedColumn {name: SkyCoord.ra}
#         wrap_angle: !astropy.coordinates.Angle
#           unit: *id001
#           value: 360.0
#       representation_type: spherical
# schema: astropy-2.0
RA_ICRS_1 DE_ICRS_1 e_RA_ICRS e_DE_ICRS _r_1 HIP TYC2 Source rgeo Plx e_Plx pmRA pmDE e_pmRA e_pmDE RUWE Teff logg Gmag BP-RP BPmag RPmag RV e_RV b_rgeo B_rgeo FG e_FG FBP e_FBP FRP e_FRP RAVE5 RAVE6 e_Gmag e_BPmag e_RPmag e_BP-RP SkyCoord.ra SkyCoord.dec SkyCoord.distance SkyCoord.pm_ra_cosdec SkyCoord.pm_dec rmRA rmDE e_rmRA e_rmDE rRV e_rRV v_pec v_pec3d e_vpec e_vpec3d
[from data line 94]
125.08645644321 -42.65689763511 0.0089 0.0095 30.4938 "" "" 5527100027758990720 1622.79834 0.5811 0.0107 -1.501 1.994 0.011 0.012 0.929 "" "" 13.23827 0.902941 13.596919 12.693978 "" "" 1599.62378 1651.8269 95419.8462 16.088 49734.0 38.215 66308.0 34.877 "" "" 0.002761394479475902 0.002912224 0.0038222848 0.006734509 125.08645644321 -42.65689763511 1622.79834 -1.501 1.994 3.2664164772033693 -3.14163871383667 0.09025955 0.091259554 "" "" 34.86072862091508 "" 3.1633135444334215 ""
124.32724381159 -42.98245305126 0.0088 0.0101 23.623 "" "" 5521110713048707968 1332.53796 0.7167 0.0112 2.871 0.694 0.012 0.013 1.039 "" "" 13.306705 0.765832 13.600113 12.834281 "" "" 1315.4917 1354.75708 89591.09538 16.628 49587.0 33.401 58270.0 86.517 "" "" 0.0027626791748088186 0.0028844234 0.004108827 0.0069932505 124.32724381159 -42.98245305126 1332.53796 2.8710000000000004 0.6939999999999998 7.63841647720337 -4.44163871383667 0.091259554 0.092259556 "" "" 55.80973042285997 "" 5.107331098714793 ""
124.32652748991 -42.65385715715 0.0099 0.0111 4.9447 "" "" 5527135349570309760 1387.89075 0.6863 0.0122 -5.447 5.003 0.013 0.014 1.082 "" "" 13.326894 0.634218 13.566684 12.932466 "" "" 1357.1748 1412.64185 87940.52518 21.729 51138.0 32.181 53232.0 23.643 "" "" 0.0027683495354700353 0.0028726086 0.0038100227 0.0066826316 124.32652748991 -42.65385715715 1387.89075 -5.447 5.003 -0.6795835227966309 -0.1326387138366698 0.092259556 0.09325955 "" "" 4.555067043260618 "" 0.4204164871652761 ""
124.3573498445 -42.467903884 0.0089 0.0099 7.7246 "" "" 5527325187120790400 1690.42395 0.5582 0.0109 -10.197 10.659 0.012 0.012 1.127 4693.9 2.6622 13.327076 2.013468 14.34682 12.333352 62.17 0.57 1659.21729 1721.9679 87925.82771 17.152 24928.0 26.079 92431.0 31.733 "" "" 0.0027634485620022784 0.0030125144 0.003797719 0.0068102335 124.3573498445 -42.467903884 1690.42395 -10.197 10.659 -5.42958352279663 5.523361286163331 0.091259554 0.091259554 "" "" 62.0591464217941 "" 5.663490025842997 ""
124.94927395604 -42.6506628382 0.0086 0.0099 24.4433 "" "" 5527124560612961792 1285.69897 0.7432 0.0102 -6.419 8.074 0.011 0.013 0.951 "" "" 13.33833 0.917794 13.708524 12.790729 "" "" 1270.16064 1302.65515 87019.11806 16.935 44875.0 26.803 60655.0 22.708 "" "" 0.002763410236328636 0.0028645396 0.0038011777 0.0066657173 124.94927395604 -42.6506628382 1285.69897 -6.418999999999996 8.073999999999998 -1.6515835227966305 2.93836128616333 0.09025955 0.092259556 "" "" 20.54183348438973 "" 1.8853986724562115 ""
123.81286446627 -42.28502318885 0.0179 0.0206 31.9262 "" "" 5521388477173371520 1375.63281 0.6914 0.0228 -3.747 3.546 0.024 0.027 2.225 "" "" 13.351945 2.488876 14.707008 12.218132 23.9 2.07 1334.79041 1415.7218 85934.72313 22.074 17890.0 16.372 102780.0 52.614 "" "" 0.002769398917393536 0.0029618081 0.0038200312 0.0067818393 123.81286446627 -42.28502318885 1375.63281 -3.7470000000000043 3.5459999999999985 1.0204164772033693 -1.58963871383667 0.10325955 0.106259555 "" "" 12.31701652826155 "" 1.2981265353834448 ""
124.16911994484 -43.11337821984 0.0087 0.0099 32.8787 "" "" 5521104356497060096 1186.67786 0.8107 0.0108 0.446 2.176 0.012 0.013 0.937 5928.8 3.7466 13.367391 1.003637 13.78325 12.779613 9.37 2.94 1173.87097 1199.67407 84720.90268 11.73 41891.0 22.211 61279.0 19.663 "" "" 0.0027594178846845987 0.002848937 0.0037954052 0.006644342 124.16911994484 -43.11337821984 1186.67786 0.44599999999999995 2.176 5.213416477203369 -2.9596387138366698 0.091259554 0.092259556 "" "" 33.720594223548446 "" 3.08557909746679 ""
124.31585163728 -42.59179297491 0.0086 0.0099 3.7749 "" "" 5527136483441659776 1611.31335 0.5843 0.0109 -5.647 5.085 0.011 0.012 0.934 "" "" 13.375735 0.87103 13.718843 12.847814 "" "" 1584.58191 1634.32874 84072.22569 14.92 44451.0 33.87 57548.0 23.911 "" "" 0.0027620491786327934 0.0029102333 0.0038062101 0.006716443 124.31585163728 -42.59179297491 1611.31335 -5.647 5.085 -0.8795835227966311 -0.05063871383666996 0.09025955 0.091259554 "" "" 6.729053251474067 "" 0.6073836840676523 ""
124.27832365666 -42.80715121617 0.0096 0.0115 13.9739 "" "" 5521126484168445568 1334.58997 0.711 0.0116 -5.495 4.365 0.012 0.014 0.947 9498.9 4.2257 13.380425 0.393201 13.523736 13.130535 "" "" 1315.43555 1360.80811 83709.92129 31.058 53201.0 28.313 44355.0 23.354 "" "" 0.0027846114112491096 0.002849372 0.0038223723 0.0066717444 124.27832365666 -42.80715121617 1334.58997 -5.494999999999999 4.365000000000002 -0.727583522796631 -0.7706387138366697 0.091259554 0.09325955 "" "" 6.704504629798188 "" 0.618975810258166 ""
124.55816590532 -42.54949297932 0.0094 0.01 7.3959 "" "" 5527134868534032256 1387.97766 0.6811 0.0114 -4.803 5.178 0.012 0.012 1.078 9584.9 4.1096 13.387917 0.498686 13.571515 13.072829 "" "" 1369.00415 1410.78833 83134.2412 24.99 50911.0 24.99 46776.0 27.692 "" "" 0.002774582304303919 0.0028406116 0.003833651 0.0066742627 124.55816590532 -42.54949297932 1387.97766 -4.803 5.177999999999999 -0.035583522796630795 0.042361286163330014 0.091259554 0.091259554 "" "" 0.3639726604581171 "" 0.03321598267197844 ""
124.33979931729 -42.72786920176 0.0318 0.0344 8.5632 "" "" 5521127205722953984 1347.43555 0.7042 0.0393 -5.274 5.852 0.041 0.041 3.448 9525.2 4.1231 13.40064 0.526742 13.592797 13.066055 "" "" 1268.40771 1426.56982 82165.71701 25.029 49923.0 27.567 47069.0 16.562 "" "" 0.002775098830086839 0.0028538548 0.0037986415 0.0066524963 124.33979931729 -42.72786920176 1347.43555 -5.274 5.852 -0.5065835227966309 0.7163612861633304 0.12025955 0.12025955 "" "" 5.603706716513452 "" 0.6738992659583825 ""
124.78648055905 -42.51987369343 0.0089 0.0111 17.5724 "" "" 5527129611494423936 1185.55798 0.8112 0.0113 -6.882 2.387 0.011 0.014 1.036 6059.8 3.8396 13.413606 1.144483 13.899308 12.754826 14.81 2.49 1169.36426 1199.11499 81190.3385 11.967 37644.0 32.999 62694.0 24.348 "" "" 0.0027599636697771936 0.0029480339 0.003802831 0.006750865 124.78648055905 -42.51987369343 1185.55798 -6.881999999999998 2.3869999999999987 -2.1145835227966305 -2.74863871383667 0.09025955 0.09325955 "" "" 19.48813928562381 "" 1.795940237819171 ""
123.95190371169 -42.47989482673 0.0089 0.0098 20.986 "" "" 5521335700613274880 1306.10364 0.7326 0.0108 -9.038 10.154 0.012 0.013 1.015 "" "" 13.427043 1.263626 13.978923 12.715297 50.2 2.1 1288.70789 1326.18896 80191.72262 12.752 34982.0 19.87 65019.0 33.322 "" "" 0.0027607242375779235 0.0028575119 0.003820124 0.006677636 123.95190371169 -42.47989482673 1306.10364 -9.038000000000002 10.154000000000003 -4.270583522796631 5.01836128616333 0.091259554 0.092259556 "" "" 40.79529340243974 "" 3.7466750343460307 ""
124.84875129699 -42.66850661764 0.0164 0.0188 20.2716 "" "" 5527122876985652736 1636.88794 0.5821 0.0196 -1.69 1.223 0.022 0.026 1.832 7833.8 3.5302 13.431726 1.023125 13.853765 12.83064 "" "" 1588.0293 1706.17529 79846.57458 11.003 39256.0 26.307 58466.0 23.264 "" "" 0.002759379362017139 0.0028834774 0.003803994 0.0066874716 124.84875129699 -42.66850661764 1636.88794 -1.6899999999999984 1.2229999999999999 3.077416477203369 -3.91263871383667 0.10125955 0.10525955 "" "" 38.622575254839155 "" 4.007052875333402 ""
124.56545850231 -42.56208563095 0.0098 0.0106 7.4787 "" "" 5527134658069808768 1344.91821 0.7096 0.0116 -1.459 -1.015 0.013 0.013 0.954 6456.7 3.7314 13.488334 0.941993 13.872301 12.930308 4.76 3.96 1321.48169 1365.29895 75790.24566 11.933 38592.0 27.092 53338.0 26.322 "" "" 0.002760618076369088 0.002892403 0.0038171734 0.0067095766 124.56545850231 -42.56208563095 1344.91821 -1.4589999999999994 -1.0150000000000001 3.308416477203369 -6.15063871383667 0.092259556 0.092259556 "" "" 44.522259899999185 "" 4.107603932942324 ""
123.80244964131 -42.51027782098 0.0091 0.01 26.9255 "" "" 5521332642596449792 1339.72583 0.7121 0.0113 -13.688 10.311 0.012 0.012 1.04 5023.7 3.2706 13.502034 1.412502 14.142856 12.730353 81.21 2.95 1318.43555 1362.59509 74839.89373 14.261 30080.0 18.788 64123.0 42.881 "" "" 0.002763076761850324 0.0028714002 0.0038484929 0.006719893 123.80244964131 -42.51027782098 1339.72583 -13.688000000000004 10.310999999999993 -8.920583522796631 5.17536128616333 0.091259554 0.091259554 "" "" 65.49163537621342 "" 5.976737437031095 ""
125.03013509629 -42.375867854 0.0088 0.0095 30.7106 "" "" 5527155072061189376 1554.43665 0.6084 0.0108 -4.885 4.275 0.013 0.012 1.011 "" "" 13.520248 0.631812 13.755737 13.123925 "" "" 1525.02319 1587.17322 73594.87107 13.783 42966.0 24.08 44626.0 23.443 "" "" 0.002762813081118594 0.0028557507 0.0038221772 0.006677928 125.03013509629 -42.375867854 1554.43665 -4.885 4.275 -0.11758352279663065 -0.8606387138366696 0.092259556 0.091259554 "" "" 6.400120512141029 "" 0.5841900501062728 ""
124.00477408011 -43.03877838116 0.0191 0.0202 31.9618 "" "" 5521116210606554624 1571.10107 0.5972 0.0224 -4.633 3.506 0.026 0.026 2.194 6697.5 3.6812 13.523316 0.81595 13.845924 13.029974 15.66 4.55 1509.07092 1646.76904 73387.17347 11.85 39541.0 18.521 48660.0 25.723 "" "" 0.0027608921089129334 0.0028361382 0.0038227143 0.0066588526 124.00477408011 -43.03877838116 1571.10107 -4.632999999999999 3.5059999999999985 0.13441647720336913 -1.6296387138366701 0.10525955 0.10525955 "" "" 12.177163120922495 "" 1.2817627420211621 ""
124.93365112541 -42.51205000509 0.0094 0.0105 24.0195 "" "" 5527149643222383488 1382.77527 0.6894 0.0114 -4.779 3.569 0.012 0.014 0.993 9221.9 4.1462 13.531125 0.731577 13.814963 13.083386 "" "" 1361.03296 1405.98181 72861.27402 13.807 40685.0 29.404 46324.0 23.848 "" "" 0.0027629911211525236 0.0028984102 0.0038204906 0.006718901 124.93365112541 -42.51205000509 1382.77527 -4.779 3.5690000000000035 -0.011583522796630774 -1.56663871383667 0.091259554 0.09325955 "" "" 10.268586619028554 "" 0.957642663054407 ""
124.34835507004 -42.34119575706 0.0108 0.012 15.2597 "" "" 5527331165716778112 1688.40417 0.5544 0.0136 -4.285 3.329 0.015 0.016 1.066 9861.3 3.858 13.538236 0.718725 13.811808 13.093082 "" "" 1652.19348 1736.73254 72385.65638 16.425 40803.0 25.358 45912.0 19.42 "" "" 0.002766312454672797 0.0028706002 0.0038071822 0.006677782 124.34835507004 -42.34119575706 1688.40417 -4.284999999999999 3.3289999999999944 0.482416477203369 -1.8066387138366697 0.09425955 0.095259555 "" "" 14.965182782319172 "" 1.424585500554136 ""
124.51958524172 -42.8359771741 0.0101 0.0128 15.511 "" "" 5527117860463675136 1549.0011 0.6073 0.0142 -2.852 5.586 0.014 0.014 1.007 "" "" 13.540954 0.647223 13.784712 13.137488 "" "" 1518.19055 1584.98816 72204.66978 23.024 41834.0 29.349 44072.0 22.291 "" "" 0.0027769859332455005 0.0028922737 0.0038190696 0.0067113433 124.51958524172 -42.8359771741 1549.0011 -2.852 5.586 1.9154164772033693 0.4503612861633304 0.09325955 0.09325955 "" "" 14.447006369743992 "" 1.3473213220061881 ""
124.6543833032 -43.00421147132 0.0467 0.0578 27.0987 "" "" 5527066286494793344 1745.70105 0.5638 0.064 -7.654 6.203 0.064 0.069 6.257 4953.0 2.9263 13.549895 1.890848 14.456045 12.565197 18.98 1.28 1572.3811 1921.31799 71612.45347 63.766 22542.0 22.805 74658.0 27.799 "" "" 0.0029200070351370145 0.0029985893 0.0038009426 0.006799532 124.6543833032 -43.00421147132 1745.70105 -7.654000000000011 6.203000000000004 -2.8865835227966308 1.0673612861633304 0.14325956 0.14825955 "" "" 25.465983423730723 "" 3.6637949885170125 ""
124.59978483406 -42.67844704617 0.013 0.0143 10.1658 "" "" 5527121158998521600 1470.80737 0.6442 0.0158 -4.876 4.5 0.016 0.017 1.426 7979.5 4.0628 13.553597 0.608312 13.781613 13.173302 "" "" 1448.49426 1499.1272 71368.72028 18.35 41954.0 22.968 42642.0 21.577 "" "" 0.00276942583545465 0.0028527798 0.0038191036 0.006671883 124.59978483406 -42.67844704617 1470.80737 -4.876000000000002 4.500000000000002 -0.1085835227966312 -0.6356387138366699 0.095259555 0.09625955 "" "" 4.495628943167989 "" 0.43262039060111046 ""
124.94974918796 -42.27744522203 0.0104 0.011 30.7762 "" "" 5527168266200496256 1702.51697 0.5519 0.0126 -7.217 8.035 0.015 0.014 1.261 "" "" 13.556302 2.016853 14.574683 12.55783 56.29 1.19 1665.28564 1738.33875 71191.16584 16.209 20209.0 16.498 75167.0 27.405 "" "" 0.002766387341181455 0.0029275732 0.0038000555 0.0067276284 124.94974918796 -42.27744522203 1702.51697 -7.217000000000002 8.035 -2.4495835227966305 2.89936128616333 0.09425955 0.09325955 "" "" 30.630415007639385 "" 2.8693761633086385 ""
124.7028104548 -42.69006325374 0.0103 0.0127 14.5378 "" "" 5527126278599894400 1409.59412 0.6723 0.0128 -5.011 5.774 0.014 0.018 1.172 "" "" 13.575158 0.610522 13.803859 13.193336 "" "" 1391.04785 1436.87659 69965.42792 19.818 41103.0 30.776 41862.0 24.782 "" "" 0.0027724303129100804 0.0029061888 0.0038336474 0.006739836 124.7028104548 -42.69006325374 1409.59412 -5.011000000000001 5.773999999999999 -0.24358352279663098 0.6383612861633301 0.09325955 0.09725955 "" "" 4.565155244521792 "" 0.4417259868173952 ""
124.37958851743 -42.21041209648 0.0099 0.011 22.9458 "" "" 5527338759217208576 1476.20654 0.6366 0.0121 -0.823 -5.871 0.013 0.013 1.083 5199.3 2.3896 13.584642 2.428545 14.895679 12.467134 35.33 0.76 1446.99829 1501.55872 69356.90096 25.19 15036.0 23.745 81716.0 75.254 "" "" 0.0027833949946619416 0.0032748922 0.0039094095 0.0071843015 124.37958851743 -42.21041209648 1476.20654 -0.8229999999999991 -5.871 3.944416477203369 -11.00663871383667 0.092259556 0.092259556 "" "" 81.81197920743655 "" 7.5479368816646275 ""
124.62450687722 -42.53980048323 0.0097 0.0108 10.3577 "" "" 5527140537891268480 1196.35913 0.7999 0.0119 -2.421 4.832 0.013 0.014 1.043 8393.6 4.1747 13.592749 0.611795 13.825439 13.213644 "" "" 1179.24658 1222.60425 68841.00926 16.758 40294.0 28.833 41087.0 22.213 "" "" 0.002767967586068119 0.002896316 0.0038246932 0.006721009 124.62450687722 -42.53980048323 1196.35913 -2.4210000000000003 4.832000000000007 2.3464164772033693 -0.30363871383667007 0.092259556 0.09325955 "" "" 13.416869273128164 "" 1.2380565540991328 ""
123.89187142169 -42.90757699985 0.0102 0.0104 29.3455 "" "" 5521308453341044736 1276.43457 0.749 0.0121 -10.139 4.198 0.016 0.015 0.969 "" "" 13.59798 1.323176 14.187904 12.864728 18.91 2.09 1257.20825 1294.89575 68510.14729 8.6036 28857.0 23.422 56659.0 25.61 "" "" 0.002758691764395158 0.0029260286 0.003811111 0.0067371395 123.89187142169 -42.90757699985 1276.43457 -10.139 4.198 -5.37158352279663 -0.9376387138366695 0.095259555 0.09425955 "" "" 32.99110174957687 "" 3.141747127896135 ""
123.8196124024 -42.81079169954 0.0099 0.0099 28.7994 "" "" 5521312851387379456 1460.09302 0.6503 0.0114 -2.355 4.4 0.013 0.013 1.03 8198.5 4.3122 13.603698 0.508585 13.792678 13.284093 "" "" 1432.31018 1488.13489 68150.26559 17.493 41528.0 36.413 38505.0 20.34 "" "" 0.0027693785220812947 0.002948112 0.0038226517 0.0067707635 123.8196124024 -42.81079169954 1460.09302 -2.355 4.4 2.412416477203369 -0.7356387138366696 0.092259556 0.092259556 "" "" 17.45495568497772 "" 1.610386462456947 ""
124.37846390325 -43.10106018199 0.0099 0.0117 30.5298 "" "" 5521106211923051264 1566.98474 0.6064 0.0129 0.745 3.66 0.013 0.014 1.0 5085.6 2.922 13.627627 1.764996 14.482103 12.717108 -19.35 1.24 1530.18567 1600.68396 66664.69105 14.363 22008.0 14.14 64911.0 25.495 "" "" 0.0027652322758936715 0.00287605 0.0038033645 0.006679415 124.37846390325 -43.10106018199 1566.98474 0.7449999999999994 3.66 5.512416477203369 -1.4756387138366698 0.092259556 0.09325955 "" "" 42.38513939492304 "" 3.913282665169142 ""
124.15299740925 -42.59336321641 0.0098 0.0107 10.9682 "" "" 5521320096985202048 1573.38123 0.6028 0.0125 -2.067 1.171 0.013 0.014 1.038 11521.8 3.985 13.638233 1.202027 14.151247 12.94922 -2.6 9.88 1541.39502 1604.40466 66016.67553 43.984 29848.0 78.813 52417.0 78.57 "" "" 0.0028486953754432802 0.0040004943 0.004114892 0.008115387 124.15299740925 -42.59336321641 1573.38123 -2.067 1.1710000000000005 2.700416477203369 -3.9646387138366697 0.092259556 0.09325955 "" "" 35.77473007404177 "" 3.3250396709928496 ""
