Clusters/UBC_479/UBC_479_stars_in_region.tsv
# %ECSV 1.0
# ---
# datatype:
# - name: RA_ICRS_1
#   unit: deg
#   datatype: float64
#   format: '{:15.11f}'
#   description: Right ascension (ICRS) at Ep=2016.0 (ra)
#   meta: !!omap
#   - {ucd: POS_EQ_RA_MAIN}
#   - {width: 15}
#   - {precision: '11'}
# - name: DE_ICRS_1
#   unit: deg
#   datatype: float64
#   format: '{:15.11f}'
#   description: Declination (ICRS) at Ep=2016.0 (dec)
#   meta: !!omap
#   - {ucd: POS_EQ_DEC_MAIN}
#   - {width: 15}
#   - {precision: '11'}
# - name: e_RA_ICRS
#   unit: mas
#   datatype: float64
#   format: '{:7.4f}'
#   description: Standard error of right ascension (ra_error)
#   meta: !!omap
#   - {ucd: ERROR}
#   - {width: 7}
#   - {precision: '4'}
# - name: e_DE_ICRS
#   unit: mas
#   datatype: float64
#   format: '{:7.4f}'
#   description: Standard error of declination (dec_error)
#   meta: !!omap
#   - {ucd: ERROR}
#   - {width: 7}
#   - {precision: '4'}
# - name: _r_1
#   unit: ''
#   datatype: float64
#   format: '{:7.4f}'
#   description: Distance from center (124.40130731000-42.59250599000)[ICRS], at Epoch=J2016.0
#   meta: !!omap
#   - {ucd: POS_ANG_DIST_GENERAL}
#   - {width: 7}
#   - {precision: '4'}
# - name: HIP
#   datatype: int32
#   description: '? HIP cross-id number, van Leeuwen, Cat. I/311 (hip_original_ext_source_id)'
#   meta: !!omap
#   - {ucd: ID_NUMBER}
#   - {width: 6}
#   - values: {'null': -2147483648}
# - name: TYC2
#   datatype: string
#   description: Tycho-2 cross-id name, Hog et al., Cat. I/259 (tyc2_original_ext_source_id)
#   meta: !!omap
#   - {ucd: ID_CROSSID}
#   - {_votable_string_dtype: char}
# - name: Source
#   datatype: int64
#   description: Source identifier, identical to the Gaia-EDR3 source_id (id)
#   meta: !!omap
#   - {ucd: ID_MAIN}
#   - {width: 19}
# - name: rgeo
#   unit: pc
#   datatype: float64
#   format: '{:15.8f}'
#   description: '? Median of the geometric distance posterior (r_med_geo)'
#   meta: !!omap
#   - {ucd: PHYS_DISTANCE_TRUE}
#   - {width: 15}
#   - {precision: '8'}
#   - values: {'null': .nan}
# - name: Plx
#   unit: mas
#   datatype: float64
#   format: '{:9.4f}'
#   description: '? Parallax (parallax)'
#   meta: !!omap
#   - {ucd: POS_PARLX_TRIG}
#   - {width: 9}
#   - {precision: '4'}
#   - values: {'null': .nan}
# - name: e_Plx
#   unit: mas
#   datatype: float32
#   format: '{:7.4f}'
#   description: '? Standard error of parallax (parallax_error)'
#   meta: !!omap
#   - {ucd: ERROR}
#   - {width: 7}
#   - {precision: '4'}
#   - values: {'null': .nan}
# - name: pmRA
#   unit: mas / yr
#   datatype: float64
#   format: '{:9.3f}'
#   description: '? Proper motion in right ascension direction, pmRA*cosDE (pmra)'
#   meta: !!omap
#   - {ucd: POS_EQ_PMRA}
#   - {width: 9}
#   - {precision: '3'}
#   - values: {'null': .nan}
# - name: pmDE
#   unit: mas / yr
#   datatype: float64
#   format: '{:9.3f}'
#   description: '? Proper motion in declination direction (pmdec)'
#   meta: !!omap
#   - {ucd: POS_EQ_PMDEC}
#   - {width: 9}
#   - {precision: '3'}
#   - values: {'null': .nan}
# - name: e_pmRA
#   unit: mas / yr
#   datatype: float32
#   format: '{:6.3f}'
#   description: '? Standard error of proper motion in right ascension direction (pmra_error)'
#   meta: !!omap
#   - {ucd: ERROR}
#   - {width: 6}
#   - {precision: '3'}
#   - values: {'null': .nan}
# - name: e_pmDE
[...]
#         value: !astropy.table.SerializedColumn {name: SkyCoord.dec}
#       distance: !astropy.table.SerializedColumn
#         __class__: astropy.coordinates.distances.Distance
#         unit: !astropy.units.Unit {unit: pc}
#         value: !astropy.table.SerializedColumn {name: SkyCoord.distance}
#       frame: icrs
#       obstime: !astropy.time.Time {format: jyear_str, in_subfmt: '*', jd1: 367701545.0, jd2: 0.0, out_subfmt: '*', precision: 3, scale: tt}
#       pm_dec: !astropy.table.SerializedColumn
#         __class__: astropy.units.quantity.Quantity
#         unit: !astropy.units.Unit {unit: mas / yr}
#         value: !astropy.table.SerializedColumn {name: SkyCoord.pm_dec}
#       pm_ra_cosdec: !astropy.table.SerializedColumn
#         __class__: astropy.units.quantity.Quantity
#         unit: !astropy.units.Unit {unit: mas / yr}
#         value: !astropy.table.SerializedColumn {name: SkyCoord.pm_ra_cosdec}
#       ra: !astropy.table.SerializedColumn
#         __class__: astropy.coordinates.angles.Longitude
#         unit: *id001
#         value: !astropy.table.SerializedColumn {name: SkyCoord.ra}
#         wrap_angle: !astropy.coordinates.Angle
#           unit: *id001
#           value: 360.0
#       representation_type: spherical
# schema: astropy-2.0
RA_ICRS_1 DE_ICRS_1 e_RA_ICRS e_DE_ICRS _r_1 HIP TYC2 Source rgeo Plx e_Plx pmRA pmDE e_pmRA e_pmDE RUWE Teff logg Gmag BP-RP BPmag RPmag RV e_RV b_rgeo B_rgeo FG e_FG FBP e_FBP FRP e_FRP RAVE5 RAVE6 e_Gmag e_BPmag e_RPmag e_BP-RP SkyCoord.ra SkyCoord.dec SkyCoord.distance SkyCoord.pm_ra_cosdec SkyCoord.pm_dec rmRA rmDE e_rmRA e_rmDE rRV e_rRV v_pec v_pec3d e_vpec e_vpec3d
[from data line 787]
123.95165107072 -42.85879337319 0.0254 0.0262 25.4573 "" "" 5521310102608518656 1541.55652 0.6169 0.0299 -4.369 4.344 0.035 0.037 0.998 5773.3 4.5009 15.994661 1.053921 16.433708 15.379787 "" "" 1477.0177 1609.08203 7534.98012 3.0581 3647.0 12.632 5587.8 9.3522 "" "" 0.0027903336538433322 0.004682669 0.0041935495 0.008876218 123.95165107072 -42.85879337319 1541.55652 -4.369 4.344 0.39841647720336937 -0.7916387138366696 0.114259556 0.11625955 "" "" 6.47576167796636 "" 0.75026967031674 ""
123.8204266272 -42.8930062777 0.0284 0.0258 31.3088 "" "" 5521309106175972224 1340.4519 0.7177 0.0305 0.187 -0.297 0.037 0.033 1.041 5601.0 4.5369 15.998292 1.055586 16.440302 15.384716 "" "" 1302.68652 1395.84082 7509.82604 2.6358 3624.9 9.3708 5562.5 8.316 "" "" 0.002781547259300002 0.0039576427 0.004113206 0.008070849 123.8204266272 -42.8930062777 1340.4519 0.187 -0.297 4.954416477203369 -5.43263871383667 0.11625955 0.11225955 "" "" 46.71612564535624 "" 5.329990572089607 ""
124.43139602915 -42.49751689963 0.0273 0.0288 5.8525 "" "" 5527138682464929664 1330.70227 0.7175 0.032 1.657 1.449 0.034 0.035 1.081 5952.5 4.399 15.998994 1.352484 16.598957 15.246473 "" "" 1279.9093 1378.16675 7504.97732 2.9112 3132.1 9.0649 6317.8 11.397 "" "" 0.002787322197705025 0.0042022946 0.0042567477 0.008459043 124.43139602915 -42.49751689963 1330.70227 1.657 1.449 6.424416477203369 -3.68663871383667 0.113259554 0.114259556 "" "" 46.72019894325223 "" 5.303121040034521 ""
124.42079223258 -43.02904135171 0.0243 0.0305 26.2062 "" "" 5521108685820917632 1429.20862 0.6733 0.0324 -3.956 5.143 0.034 0.034 1.065 5754.7 4.4806 16.000416 1.238211 16.521742 15.283531 "" "" 1373.57629 1494.98828 7495.15144 4.4611 3363.0 14.146 6105.8 16.471 "" "" 0.0028300883782274664 0.005351873 0.0047814297 0.010133303 124.42079223258 -43.02904135171 1429.20862 -3.9560000000000004 5.143 0.8114164772033692 0.007361286163329872 0.113259554 0.113259554 "" "" 5.497125631135178 "" 0.6226019967657591 ""
124.56801036493 -42.57595338816 0.0256 0.0271 7.4311 "" "" 5527134559296401664 1472.7627 0.6498 0.0298 3.609 2.104 0.034 0.033 0.995 5918.5 4.4462 16.000435 1.170735 16.500956 15.33022 "" "" 1416.78992 1528.97729 7495.01573 2.7323 3428.0 7.9233 5848.8 9.0324 "" "" 0.0027836038137500053 0.0037526933 0.0041346243 0.007887318 124.56801036493 -42.57595338816 1472.7627 3.6090000000000004 2.104 8.37641647720337 -3.03163871383667 0.113259554 0.11225955 "" "" 62.18688109777188 "" 7.036084121431113 ""
123.76296255287 -42.85211185256 0.0273 0.0262 32.1612 "" "" 5521312370351013376 1254.19678 0.7687 0.0309 -1.839 -0.323 0.037 0.036 0.947 5233.1 4.5816 16.002714 1.111537 16.47082 15.359283 "" "" 1205.30164 1326.80225 7479.29624 2.929 3524.4 11.834 5694.4 11.656 "" "" 0.0027879339754355212 0.0045908117 0.0043843896 0.008975201 123.76296255287 -42.85211185256 1254.19678 -1.8389999999999997 -0.32300000000000006 2.928416477203369 -5.45863871383667 0.11625955 0.11525955 "" "" 36.82589210425754 "" 4.252793469124431 ""
125.06779859356 -42.81529093529 0.0265 0.0288 32.2842 "" "" 5527072054627898240 1470.23596 0.6559 0.0323 -4.808 4.868 0.037 0.039 1.072 5944.8 4.4375 16.006891 1.266781 16.4172 15.150419 "" "" 1405.86353 1558.4696 7450.57633 5.164 3702.9 44.046 6902.2 101.61 "" "" 0.0028562357340067472 0.013212796 0.016424296 0.029637093 125.06779859356 -42.81529093529 1470.23596 -4.808 4.868 -0.04058352279663069 -0.2676387138366696 0.11625955 0.11825955 "" "" 1.8864735257921437 "" 0.22300940733438893 ""
123.72471990869 -42.44042081494 0.0268 0.0285 31.2824 "" "" 5521380402634867072 1580.23364 0.6002 0.0324 -3.48 4.159 0.036 0.036 1.031 6234.8 4.2863 16.007725 1.336236 16.593021 15.256785 "" "" 1519.0802 1668.64624 7444.86254 2.9853 3149.3 8.2838 6258.1 11.702 "" "" 0.002789504240284745 0.00399263 0.004290163 0.008282794 123.72471990869 -42.44042081494 1580.23364 -3.4799999999999995 4.159 1.2874164772033692 -0.9766387138366701 0.11525955 0.11525955 "" "" 12.103892709701666 "" 1.3950892331637148 ""
124.78911018812 -42.81877778133 0.0253 0.029 21.8329 "" "" 5527074876429384064 1360.84827 0.7055 0.031 -2.354 5.097 0.034 0.038 1.054 5543.9 4.4185 16.011375 1.291796 16.575712 15.283916 "" "" 1307.55652 1419.20935 7419.87658 2.982 3199.9 10.808 6103.7 10.578 "" "" 0.0027896578632360916 0.0046079624 0.0042218794 0.008829841 124.78911018812 -42.81877778133 1360.84827 -2.3540000000000036 5.097000000000001 2.413416477203369 -0.0386387138366695 0.113259554 0.11725955 "" "" 15.569546844853242 "" 1.7634161709191636 ""
124.31717927625 -42.86917587195 0.0259 0.0289 17.0092 "" "" 5521125178498476672 1644.34216 0.5791 0.0329 -5.45 7.205 0.034 0.033 0.994 5830.2 4.4878 16.011896 1.087697 16.468157 15.38046 "" "" 1568.79968 1735.51697 7416.32313 2.8618 3533.1 8.3898 5584.4 8.9387 "" "" 0.0027869909926011493 0.0037989821 0.004159806 0.007958788 124.31717927625 -42.86917587195 1644.34216 -5.449999999999992 7.204999999999998 -0.682583522796631 2.06936128616333 0.113259554 0.11225955 "" "" 16.983764380801244 "" 1.9082630220074563 ""
124.6388885835 -43.09258631803 0.0251 0.0335 31.7731 "" "" 5527064632923400192 1727.37683 0.5492 0.0344 -1.32 1.798 0.032 0.04 0.985 6097.1 4.3785 16.013134 1.318561 16.579006 15.260446 "" "" 1641.65027 1839.00684 7407.8622 3.2144 3190.2 7.7427 6237.1 11.506 "" "" 0.0027953073640711932 0.0038378192 0.004277319 0.008115139 124.6388885835 -43.09258631803 1727.37683 -1.32 1.798 3.447416477203369 -3.33763871383667 0.11125955 0.11925955 "" "" 39.2880662898115 "" 4.525967264398653 ""
124.19755731441 -43.08956867591 0.0245 0.0298 31.1417 "" "" 5521104768813928960 1617.27515 0.5871 0.0328 -0.059 4.51 0.032 0.035 1.0 5859.6 4.2946 16.013613 1.400094 16.638903 15.238809 "" "" 1546.0282 1693.84216 7404.60381 2.9814 3018.9 8.1379 6362.6 10.432 "" "" 0.002789784992230461 0.004043638 0.0041776393 0.008221277 124.19755731441 -43.08956867591 1617.27515 -0.05900000000000016 4.51 4.708416477203369 -0.6256387138366701 0.11125955 0.114259556 "" "" 36.41142447793699 "" 4.053038998143469 ""
124.0367372931 -42.75175888282 0.0269 0.0295 18.7072 "" "" 5521317489952273920 1411.4082 0.6884 0.0326 -5.467 5.121 0.035 0.04 1.046 5757.8 4.4512 16.014284 1.342803 16.608603 15.265799 "" "" 1348.18115 1467.14685 7400.01793 5.2184 3104.4 11.4 6206.4 14.574 "" "" 0.0028597212315030975 0.0048663747 0.004558939 0.009425314 124.0367372931 -42.75175888282 1411.4082 -5.466999999999999 5.121 -0.6995835227966305 -0.014638713836669481 0.114259556 0.11925955 "" "" 4.681290662230895 "" 0.5348926603626378 ""
124.04037455261 -42.46964892738 0.027 0.029 17.5787 "" "" 5521336284728906752 1300.86658 0.7421 0.0329 -5.086 0.745 0.036 0.035 1.047 5633.1 4.4666 16.014366 1.349705 16.612263 15.262558 "" "" 1252.43811 1356.95752 7399.46324 3.1296 3093.9 10.098 6224.9 10.819 "" "" 0.002793325037493527 0.004510283 0.0042242887 0.008734572 124.04037455261 -42.46964892738 1300.86658 -5.086 0.7449999999999999 -0.31858352279663116 -4.39063871383667 0.11525955 0.114259556 "" "" 27.144326029063762 "" 3.1016414203437632 ""
123.76469690079 -42.69015500546 0.0258 0.0279 28.702 "" "" 5521326217325458176 1471.52368 0.6593 0.0313 -1.11 3.992 0.034 0.037 1.065 5794.2 4.5106 16.01448 1.137839 16.490942 15.353103 "" "" 1407.95959 1532.34229 7398.68645 3.2601 3459.7 10.776 5726.9 7.5564 "" "" 0.0027965453466833 0.00438422 0.0040417844 0.008426005 123.76469690079 -42.69015500546 1471.52368 -1.1099999999999999 3.992 3.657416477203369 -1.14363871383667 0.113259554 0.11625955 "" "" 26.72863179647165 "" 3.0345007629241794 ""
124.78854647601 -42.90727233782 0.0241 0.0277 25.4514 "" "" 5527067695244113920 1770.72693 0.5347 0.0293 -1.433 4.152 0.033 0.036 0.983 8303.9 3.8741 16.015852 1.610907 16.755318 15.144411 "" "" 1694.32507 1852.86475 7389.3486 3.6684 2712.0 7.9462 6940.5 11.657 "" "" 0.0028075467064469016 0.004231457 0.00419632 0.008427777 124.78854647601 -42.90727233782 1770.72693 -1.4330000000000018 4.152 3.3344164772033693 -0.9836387138366698 0.11225955 0.11525955 "" "" 29.1789085889913 "" 3.282704981813481 ""
123.97447631912 -42.76723602123 0.1142 0.1214 21.5493 "" "" 5521311751875899264 1497.51343 0.7035 0.1363 -1.66 -1.711 0.154 0.156 4.255 5197.0 4.5124 16.016333 1.287005 16.53601 15.249005 "" "" 1223.33923 1803.3595 7386.07793 13.78 3319.0 10.372 6303.1 13.815 "" "" 0.003419789014280033 0.0043928656 0.004466169 0.008859035 123.97447631912 -42.76723602123 1497.51343 -1.6600000000000001 -1.7110000000000003 3.107416477203369 -6.84663871383667 0.23325956 0.23525956 "" "" 53.37011748682445 "" 12.537663046251176 ""
123.71010506621 -42.55006935834 0.0242 0.0262 30.6474 "" "" 5521332883114574336 1296.66113 0.7319 0.0293 -5.703 3.323 0.032 0.035 0.99 5617.9 4.6023 16.022415 1.076005 16.477762 15.401757 "" "" 1257.66907 1347.71289 7344.81785 5.4336 3502.0 12.824 5475.9 13.441 "" "" 0.002870007168983321 0.004857217 0.004624506 0.0094817225 123.71010506621 -42.55006935834 1296.66113 -5.702999999999999 3.3229999999999995 -0.9355835227966312 -1.81263871383667 0.11125955 0.114259556 "" "" 12.537253874523165 "" 1.4246713838408998 ""
124.67336681688 -42.97970062467 0.0245 0.0282 26.1386 "" "" 5527066320854532096 1636.13953 0.5829 0.031 -2.506 7.113 0.034 0.033 1.024 6110.7 4.387 16.023184 1.199331 16.537523 15.338192 "" "" 1556.26013 1734.29407 7339.60928 2.582 3314.4 8.3813 5806.1 7.6657 "" "" 0.0027816678324966574 0.0039144782 0.0040421025 0.007956581 124.67336681688 -42.97970062467 1636.13953 -2.5059999999999993 7.113000000000001 2.2614164772033694 1.9773612861633305 0.113259554 0.11225955 "" "" 23.296855797133844 "" 2.6285226210837065 ""
124.67777344818 -42.89663933883 0.0443 0.0482 21.9406 "" "" 5527115214757065344 1488.17883 0.6436 0.0536 -1.049 1.28 0.06 0.06 1.776 7909.4 4.1383 16.023247 1.913675 16.875956 14.96228 "" "" 1389.48328 1599.9519 7339.18628 5.6527 2426.8 9.1265 8208.2 12.253 "" "" 0.0028794254922732076 0.0049454123 0.004112249 0.0090576615 124.67777344818 -42.89663933883 1488.17883 -1.0490000000000006 1.2800000000000007 3.718416477203369 -3.8556387138366697 0.13925955 0.13925955 "" "" 37.78489296415807 "" 5.261907077449373 ""
124.8591845819 -42.97195517516 0.0251 0.0305 30.4119 "" "" 5527064224910640000 1399.17578 0.6805 0.0311 -4.063 6.324 0.034 0.041 1.06 6056.4 4.4148 16.030514 1.294228 16.516285 15.222057 "" "" 1353.72107 1453.00574 7290.23463 3.3455 3379.9 26.007 6461.5 66.658 "" "" 0.0028000068758579242 0.008807927 0.011821096 0.020629022 124.8591845819 -42.97195517516 1399.17578 -4.062999999999999 6.324 0.7044164772033694 1.18836128616333 0.113259554 0.12025955 "" "" 9.161907589226546 "" 1.085496247265751 ""
124.65091284397 -42.70171813161 0.0257 0.0274 12.8173 "" "" 5527120540523298944 1185.16956 0.8147 0.0301 -0.316 2.452 0.035 0.035 0.983 5390.0 4.5639 16.030956 1.203906 16.553694 15.349788 "" "" 1145.5791 1227.97815 7287.26014 3.1271 3265.4 9.4673 5744.4 10.18 "" "" 0.0027944339843677234 0.004206425 0.0042409766 0.008447401 124.65091284397 -42.70171813161 1185.16956 -0.31600000000000006 2.452 4.451416477203369 -2.68363871383667 0.114259556 0.114259556 "" "" 29.199646629991108 "" 3.3363386574268055 ""
123.88029405992 -42.20392070978 0.1031 0.1119 32.8104 "" "" 5521390465734740736 1369.69861 0.752 0.1263 -3.628 3.545 0.141 0.142 4.26 8637.0 4.1485 16.032694 1.943847 16.965057 15.021211 "" "" 1192.52625 1634.15747 7275.60359 10.156 2235.6 8.1424 7774.5 11.376 "" "" 0.003144640288873398 0.0048396774 0.0040997183 0.008939396 123.88029405992 -42.20392070978 1369.69861 -3.6279999999999992 3.544999999999999 1.139416477203369 -1.59063871383667 0.22025955 0.22125956 "" "" 12.703169453751077 "" 2.8063962670743856 ""
124.63319939051 -42.62614545223 0.0247 0.0265 10.4372 "" "" 5527121777475189248 1398.20361 0.6908 0.029 -5.467 4.973 0.033 0.032 1.02 5697.3 4.5044 16.036474 1.164096 16.534939 15.370843 "" "" 1350.85864 1452.07678 7250.31797 4.3913 3322.3 10.991 5634.1 14.438 "" "" 0.0028327061755380393 0.0045482633 0.004693082 0.009241345 124.63319939051 -42.62614545223 1398.20361 -5.467 4.973 -0.6995835227966305 -0.16263871383667006 0.11225955 0.11125955 "" "" 4.760123794542802 "" 0.5341263182731575 ""
124.11703666485 -42.48334151412 0.029 0.0303 14.1719 "" "" 5521324705497177856 1542.29626 0.6211 0.0349 -5.669 5.125 0.039 0.039 1.137 5788.9 4.3831 16.04019 1.411752 16.673723 15.261971 "" "" 1480.57422 1618.24426 7225.54919 3.1364 2923.7 14.005 6228.3 14.666 "" "" 0.0027953354424565375 0.0059020272 0.0045628985 0.010464925 124.11703666485 -42.48334151412 1542.29626 -5.6690000000000005 5.125 -0.9015835227966305 -0.010638713836669922 0.11825955 0.11825955 "" "" 6.591471016392873 "" 0.77950439057413 ""
123.98639326411 -42.15934633677 0.0398 0.0408 31.8382 "" "" 5527394834309972096 1217.31848 0.7882 0.0476 -9.283 14.996 0.055 0.052 1.551 7055.1 4.3906 16.043457 1.655293 16.797674 15.142382 "" "" 1149.22253 1297.17749 7203.83623 4.6479 2608.2 8.1951 6953.5 12.709 "" "" 0.0028429756052468715 0.0044071497 0.0042686793 0.008675829 123.98639326411 -42.15934633677 1217.31848 -9.283 14.996000000000013 -4.51558352279663 9.86036128616333 0.13425955 0.13125956 "" "" 62.57747140428798 "" 8.24674341748312 ""
123.91114530373 -42.41301517864 0.0245 0.0283 24.2094 "" "" 5521339239666245632 1219.50415 0.8091 0.0316 -2.996 4.477 0.033 0.035 1.009 5858.1 4.3756 16.04413 1.54056 16.754803 15.214243 "" "" 1176.78088 1262.49329 7199.36881 3.6287 2713.3 9.1048 6508.2 9.5625 "" "" 0.002809139602076562 0.004588987 0.00410227 0.008691257 123.91114530373 -42.41301517864 1219.50415 -2.995999999999997 4.477 1.7714164772033691 -0.6586387138366696 0.11225955 0.114259556 "" "" 10.92447073376599 "" 1.2290505898910407 ""
124.82536199236 -42.44339640798 0.0283 0.0335 20.7781 "" "" 5527142187158208384 1447.5282 0.6595 0.0351 -9.517 3.118 0.038 0.04 1.139 5494.0 4.3895 16.044863 1.291733 16.609453 15.31772 "" "" 1381.84412 1528.97522 7194.51111 3.3779 3102.0 10.221 5916.6 8.9156 "" "" 0.0028020794957188382 0.0045368862 0.004118308 0.008655194 124.82536199236 -42.44339640798 1447.5282 -9.517 3.1180000000000074 -4.74958352279663 -2.01763871383667 0.11725955 0.11925955 "" "" 35.40675647356333 "" 4.162683590023384 ""
123.86826925543 -42.22151509503 0.0249 0.0284 32.4521 "" "" 5521390366959029376 1580.32764 0.6095 0.0314 0.107 1.232 0.033 0.035 1.054 7890.7 4.111 16.045137 1.974196 17.032047 15.057851 "" "" 1516.40942 1649.76709 7192.69298 3.1683 2101.8 10.991 7516.5 10.883 "" "" 0.0027965186888888965 0.006326214 0.004093283 0.010419497 123.86826925543 -42.22151509503 1580.32764 0.10699999999999982 1.2319999999999998 4.874416477203369 -3.9036387138366697 0.11225955 0.114259556 "" "" 46.778736720071336 "" 5.2881142205946885 ""
124.22541452087 -42.42580253446 0.0557 0.0623 12.6716 "" "" 5527329001051720064 1311.72021 0.7398 0.0697 -4.886 7.157 0.076 0.077 2.666 6861.5 3.9476 16.046919 2.538316 17.39103 14.852714 "" "" 1197.82947 1434.76794 7180.91147 7.6661 1510.1 9.8738 9079.7 12.476 "" "" 0.0029891958518398483 0.0076277247 0.0040631727 0.011690898 124.22541452087 -42.42580253446 1311.72021 -4.8860000000000054 7.1569999999999965 -0.11858352279663098 2.02136128616333 0.15525955 0.15625955 "" "" 12.58953086259563 "" 1.9671914060460007 ""
124.46402409265 -42.46099245355 0.0249 0.0282 8.3639 "" "" 5527139197861488000 1225.68274 0.7826 0.0313 -0.926 -0.116 0.033 0.035 1.024 5760.9 4.4804 16.047743 1.358529 16.654375 15.295846 "" "" 1191.30603 1273.80176 7175.45262 2.7123 2976.2 9.1011 6037.0 9.3026 "" "" 0.002785717456835706 0.004336861 0.004133135 0.008469996 124.46402409265 -42.46099245355 1225.68274 -0.9260000000000002 -0.11600000000000003 3.841416477203369 -5.25163871383667 0.11225955 0.114259556 "" "" 37.80178402622562 "" 4.2930141840962746 ""
