Clusters/UBC_479/UBC_479_stars_in_region.tsv
# %ECSV 1.0
# ---
# datatype:
# - name: RA_ICRS_1
#   unit: deg
#   datatype: float64
#   format: '{:15.11f}'
#   description: Right ascension (ICRS) at Ep=2016.0 (ra)
#   meta: !!omap
#   - {ucd: POS_EQ_RA_MAIN}
#   - {width: 15}
#   - {precision: '11'}
# - name: DE_ICRS_1
#   unit: deg
#   datatype: float64
#   format: '{:15.11f}'
#   description: Declination (ICRS) at Ep=2016.0 (dec)
#   meta: !!omap
#   - {ucd: POS_EQ_DEC_MAIN}
#   - {width: 15}
#   - {precision: '11'}
# - name: e_RA_ICRS
#   unit: mas
#   datatype: float64
#   format: '{:7.4f}'
#   description: Standard error of right ascension (ra_error)
#   meta: !!omap
#   - {ucd: ERROR}
#   - {width: 7}
#   - {precision: '4'}
# - name: e_DE_ICRS
#   unit: mas
#   datatype: float64
#   format: '{:7.4f}'
#   description: Standard error of declination (dec_error)
#   meta: !!omap
#   - {ucd: ERROR}
#   - {width: 7}
#   - {precision: '4'}
# - name: _r_1
#   unit: ''
#   datatype: float64
#   format: '{:7.4f}'
#   description: Distance from center (124.40130731000-42.59250599000)[ICRS], at Epoch=J2016.0
#   meta: !!omap
#   - {ucd: POS_ANG_DIST_GENERAL}
#   - {width: 7}
#   - {precision: '4'}
# - name: HIP
#   datatype: int32
#   description: '? HIP cross-id number, van Leeuwen, Cat. I/311 (hip_original_ext_source_id)'
#   meta: !!omap
#   - {ucd: ID_NUMBER}
#   - {width: 6}
#   - values: {'null': -2147483648}
# - name: TYC2
#   datatype: string
#   description: Tycho-2 cross-id name, Hog et al., Cat. I/259 (tyc2_original_ext_source_id)
#   meta: !!omap
#   - {ucd: ID_CROSSID}
#   - {_votable_string_dtype: char}
# - name: Source
#   datatype: int64
#   description: Source identifier, identical to the Gaia-EDR3 source_id (id)
#   meta: !!omap
#   - {ucd: ID_MAIN}
#   - {width: 19}
# - name: rgeo
#   unit: pc
#   datatype: float64
#   format: '{:15.8f}'
#   description: '? Median of the geometric distance posterior (r_med_geo)'
#   meta: !!omap
#   - {ucd: PHYS_DISTANCE_TRUE}
#   - {width: 15}
#   - {precision: '8'}
#   - values: {'null': .nan}
# - name: Plx
#   unit: mas
#   datatype: float64
#   format: '{:9.4f}'
#   description: '? Parallax (parallax)'
#   meta: !!omap
#   - {ucd: POS_PARLX_TRIG}
#   - {width: 9}
#   - {precision: '4'}
#   - values: {'null': .nan}
# - name: e_Plx
#   unit: mas
#   datatype: float32
#   format: '{:7.4f}'
#   description: '? Standard error of parallax (parallax_error)'
#   meta: !!omap
#   - {ucd: ERROR}
#   - {width: 7}
#   - {precision: '4'}
#   - values: {'null': .nan}
# - name: pmRA
#   unit: mas / yr
#   datatype: float64
#   format: '{:9.3f}'
#   description: '? Proper motion in right ascension direction, pmRA*cosDE (pmra)'
#   meta: !!omap
#   - {ucd: POS_EQ_PMRA}
#   - {width: 9}
#   - {precision: '3'}
#   - values: {'null': .nan}
# - name: pmDE
#   unit: mas / yr
#   datatype: float64
#   format: '{:9.3f}'
#   description: '? Proper motion in declination direction (pmdec)'
#   meta: !!omap
#   - {ucd: POS_EQ_PMDEC}
#   - {width: 9}
#   - {precision: '3'}
#   - values: {'null': .nan}
# - name: e_pmRA
#   unit: mas / yr
#   datatype: float32
#   format: '{:6.3f}'
#   description: '? Standard error of proper motion in right ascension direction (pmra_error)'
#   meta: !!omap
#   - {ucd: ERROR}
#   - {width: 6}
#   - {precision: '3'}
#   - values: {'null': .nan}
# - name: e_pmDE
[...]
#         value: !astropy.table.SerializedColumn {name: SkyCoord.dec}
#       distance: !astropy.table.SerializedColumn
#         __class__: astropy.coordinates.distances.Distance
#         unit: !astropy.units.Unit {unit: pc}
#         value: !astropy.table.SerializedColumn {name: SkyCoord.distance}
#       frame: icrs
#       obstime: !astropy.time.Time {format: jyear_str, in_subfmt: '*', jd1: 367701545.0, jd2: 0.0, out_subfmt: '*', precision: 3, scale: tt}
#       pm_dec: !astropy.table.SerializedColumn
#         __class__: astropy.units.quantity.Quantity
#         unit: !astropy.units.Unit {unit: mas / yr}
#         value: !astropy.table.SerializedColumn {name: SkyCoord.pm_dec}
#       pm_ra_cosdec: !astropy.table.SerializedColumn
#         __class__: astropy.units.quantity.Quantity
#         unit: !astropy.units.Unit {unit: mas / yr}
#         value: !astropy.table.SerializedColumn {name: SkyCoord.pm_ra_cosdec}
#       ra: !astropy.table.SerializedColumn
#         __class__: astropy.coordinates.angles.Longitude
#         unit: *id001
#         value: !astropy.table.SerializedColumn {name: SkyCoord.ra}
#         wrap_angle: !astropy.coordinates.Angle
#           unit: *id001
#           value: 360.0
#       representation_type: spherical
# schema: astropy-2.0
RA_ICRS_1 DE_ICRS_1 e_RA_ICRS e_DE_ICRS _r_1 HIP TYC2 Source rgeo Plx e_Plx pmRA pmDE e_pmRA e_pmDE RUWE Teff logg Gmag BP-RP BPmag RPmag RV e_RV b_rgeo B_rgeo FG e_FG FBP e_FBP FRP e_FRP RAVE5 RAVE6 e_Gmag e_BPmag e_RPmag e_BP-RP SkyCoord.ra SkyCoord.dec SkyCoord.distance SkyCoord.pm_ra_cosdec SkyCoord.pm_dec rmRA rmDE e_rmRA e_rmDE rRV e_rRV v_pec v_pec3d e_vpec e_vpec3d
[from data line 756]
124.62615373445 -42.42540126617 0.0244 0.0285 14.122 "" "" 5527144420541676672 1279.72998 0.7544 0.0311 4.621 0.825 0.032 0.036 1.031 5542.0 4.5324 15.939356 1.196817 16.45753 15.260712 "" "" 1207.53809 1328.54956 7928.74393 2.8491 3567.8 8.6467 6235.5 7.9563 "" "" 0.0027828049912460863 0.0038352197 0.0040252903 0.00786051 124.62615373445 -42.42540126617 1279.72998 4.620999999999999 0.8250000000000002 9.38841647720337 -4.31063871383667 0.11125955 0.11525955 "" "" 62.66537920836532 "" 7.016408185760461 ""
123.98554952078 -42.61716556261 0.0255 0.0299 18.4204 "" "" 5521322094157022976 1228.72229 0.7839 0.0326 -8.614 2.422 0.032 0.037 0.958 5886.3 4.5193 15.940608 1.207277 16.459442 15.252165 "" "" 1177.71558 1275.97766 7919.6079 3.4579 3561.6 14.754 6284.8 8.4324 "" "" 0.0027958043607869605 0.005292845 0.004050412 0.009343257 123.98554952078 -42.61716556261 1228.72229 -8.614000000000011 2.4219999999999997 -3.8465835227966316 -2.7136387138366698 0.11125955 0.11625955 "" "" 27.416836816344347 "" 3.09661167045357 ""
123.74289013484 -42.44942710394 0.0249 0.0255 30.3555 "" "" 5521380711872518400 1373.97217 0.7047 0.0296 -2.327 1.655 0.033 0.033 0.992 5656.0 4.4192 15.941358 1.292499 16.510618 15.218119 "" "" 1323.8512 1425.89233 7914.14252 2.7812 3397.6 11.36 6485.0 10.302 "" "" 0.0027816129487406543 0.004578579 0.0041543497 0.008732929 123.74289013484 -42.44942710394 1373.97217 -2.327 1.655 2.440416477203369 -3.4806387138366697 0.11225955 0.11225955 "" "" 27.68478170179985 "" 3.107881187815638 ""
124.97365565534 -42.35115850425 0.0351 0.037 29.1772 "" "" 5527154453585710720 1509.41467 0.6423 0.0417 -3.384 4.74 0.048 0.047 1.389 6704.9 4.3636 15.941694 1.390938 16.555153 15.164215 "" "" 1413.77698 1588.13684 7911.68607 4.052 3261.0 7.2921 6815.1 11.663 "" "" 0.00281087112425324 0.003698597 0.004211432 0.007910029 124.97365565534 -42.35115850425 1509.41467 -3.3840000000000043 4.740000000000002 1.3834164772033692 -0.3956387138366697 0.12725955 0.12625955 "" "" 10.294636370533329 "" 1.3093153204711494 ""
124.27644050944 -42.2956092029 0.0238 0.025 18.652 "" "" 5527343947538218880 1551.61841 0.6102 0.0291 -11.754 11.5 0.032 0.031 1.013 7473.7 4.1922 15.94182 1.477035 16.615967 15.138931 "" "" 1485.43726 1636.72693 7910.7686 2.6764 3083.4 9.0705 6975.7 10.942 "" "" 0.0027796979841061974 0.00424102 0.004145381 0.008386401 124.27644050944 -42.2956092029 1551.61841 -11.754000000000001 11.499999999999984 -6.98658352279663 6.36436128616333 0.11125955 0.11025955 "" "" 69.50745840673504 "" 7.701924855510645 ""
124.76248769423 -42.27807578138 0.0252 0.0304 24.733 "" "" 5527146997521543552 1428.10657 0.6724 0.0312 -4.654 5.302 0.036 0.039 1.009 7127.7 4.3619 15.942386 1.385492 16.565594 15.180101 "" "" 1370.77014 1493.14551 7906.65162 3.1264 3229.8 13.233 6716.1 15.861 "" "" 0.0027885661033324933 0.0052510565 0.0045671016 0.009818158 124.76248769423 -42.27807578138 1428.10657 -4.654 5.302000000000001 0.11341647720336923 0.16636128616332968 0.11525955 0.11825955 "" "" 1.3629423374178955 "" 0.15989487193628318 ""
123.73947929538 -42.64845763194 0.0272 0.0285 29.4127 "" "" 5521327248117560192 1719.66699 0.5574 0.0335 -0.611 3.186 0.036 0.036 1.131 5369.5 4.3658 15.943829 1.123214 16.420126 15.296912 "" "" 1645.6156 1799.33862 7896.15123 2.5802 3692.9 7.8572 6031.1 9.4876 "" "" 0.002778067680586209 0.0036223554 0.004147402 0.0077697574 123.73947929538 -42.64845763194 1719.66699 -0.6110000000000011 3.186 4.156416477203369 -1.94963871383667 0.11525955 0.11525955 "" "" 37.421910102017016 "" 4.313232537652853 ""
124.15547592859 -43.05040493611 0.0244 0.0287 29.5273 "" "" 5521105078051506048 1189.71851 0.8075 0.0307 -8.991 11.002 0.033 0.035 1.05 5587.4 4.5385 15.945665 1.151919 16.438715 15.286796 "" "" 1149.03809 1241.48059 7882.79971 2.9208 3630.2 9.8918 6087.5 9.0163 "" "" 0.0027845343257531245 0.0040666535 0.0041072764 0.0081739295 124.15547592859 -43.05040493611 1189.71851 -8.990999999999998 11.001999999999999 -4.2235835227966305 5.866361286163331 0.11225955 0.114259556 "" "" 40.76407219818317 "" 4.630013145513851 ""
124.11210903686 -42.79358168389 0.052 0.0539 17.5558 "" "" 5521128786270703744 1475.31421 0.6577 0.0615 -8.313 6.685 0.07 0.073 2.176 5560.8 4.6427 15.94757 1.150947 16.416752 15.265805 "" "" 1345.01233 1615.51343 7868.98671 7.0684 3704.4 10.172 6206.3 12.098 "" "" 0.0029228322939848566 0.0040833186 0.004331631 0.00841495 124.11210903686 -42.79358168389 1475.31421 -8.312999999999999 6.684999999999999 -3.5455835227966315 1.5493612861633297 0.14925955 0.15225956 "" "" 27.058154823843623 "" 4.051812876845361 ""
124.32976008151 -42.93554626036 0.0239 0.0273 20.8223 "" "" 5521113049510889728 1545.1189 0.6078 0.03 -12.571 10.65 0.033 0.032 1.018 5645.3 4.4356 15.949853 1.240741 16.488605 15.247865 "" "" 1462.99512 1623.30774 7852.45935 2.895 3467.2 8.8509 6309.8 8.9788 "" "" 0.002784244223884052 0.0039327973 0.004082981 0.008015778 124.32976008151 -42.93554626036 1545.1189 -12.570999999999998 10.650000000000002 -7.803583522796631 5.51436128616333 0.11225955 0.11125955 "" "" 69.98184329577889 "" 7.832892807186884 ""
124.2692383222 -42.47764330843 0.025 0.027 9.0327 "" "" 5527325736876587776 1275.75281 0.7489 0.0311 -5.734 5.707 0.033 0.035 0.995 5062.1 4.2827 15.951185 1.313747 16.519468 15.205721 "" "" 1223.24597 1325.37231 7842.82404 3.1108 3370.0 22.274 6559.5 21.189 "" "" 0.0027887718419975344 0.007699509 0.005156004 0.012855513 124.2692383222 -42.47764330843 1275.75281 -5.734 5.707 -0.9665835227966308 0.5713612861633299 0.11225955 0.114259556 "" "" 6.7898033774683855 "" 0.7657596827556116 ""
124.66239294545 -42.3958140686 0.0232 0.0292 16.5134 "" "" 5527144592339854464 1484.18237 0.6319 0.0304 -1.605 2.753 0.032 0.036 0.975 6581.3 4.3876 15.954191 1.275289 16.511286 15.235996 "" "" 1440.84045 1544.25635 7821.14285 2.8575 3395.5 11.779 6379.1 10.303 "" "" 0.002783728515259821 0.0046873214 0.0041663907 0.008853712 124.66239294545 -42.3958140686 1484.18237 -1.604999999999999 2.753 3.162416477203369 -2.38263871383667 0.11125955 0.11525955 "" "" 27.855361331226284 "" 3.139977474910265 ""
124.07903437122 -42.80838846352 0.0246 0.0262 19.228 "" "" 5521128717551204608 1514.3291 0.6283 0.0298 -6.992 2.42 0.033 0.037 0.972 5626.4 4.4952 15.956728 1.088165 16.417704 15.329538 "" "" 1443.22852 1576.39221 7802.89091 2.7478 3701.1 9.959 5852.5 8.9863 "" "" 0.00278172178615897 0.004039844 0.0041307355 0.00817058 124.07903437122 -42.80838846352 1514.3291 -6.992000000000004 2.4200000000000053 -2.224583522796631 -2.71563871383667 0.11225955 0.11625955 "" "" 25.1979399161031 "" 2.889448443032795 ""
123.9375172986 -42.65855085274 0.0276 0.0296 20.8552 "" "" 5521316046843051648 1382.50769 0.69 0.0334 -4.509 5.499 0.036 0.038 1.15 "" "" 15.956915 1.282164 16.482962 15.200798 "" "" 1320.86719 1448.85083 7801.54762 3.7639 3485.2 20.335 6589.3 19.324 "" "" 0.0028046704258375085 0.006922152 0.004941862 0.011864014 123.9375172986 -42.65855085274 1382.50769 -4.509 5.498999999999999 0.2584164772033688 0.36336128616332974 0.11525955 0.11725955 "" "" 2.921901397220932 "" 0.3406691256377314 ""
124.40184941945 -42.70555989857 0.0242 0.0274 6.7833 "" "" 5527132119754940800 1689.58887 0.5659 0.03 -2.602 2.659 0.031 0.032 0.974 5682.3 4.3452 15.957391 1.248216 16.484646 15.23643 "" "" 1594.98389 1779.06335 7798.12761 2.7611 3479.8 14.65 6376.6 10.656 "" "" 0.002782009171629563 0.0053552543 0.0041923407 0.009547595 124.40184941945 -42.70555989857 1689.58887 -2.6020000000000003 2.659 2.1654164772033693 -2.47663871383667 0.11025955 0.11125955 "" "" 26.346841141617453 "" 2.919951923653571 ""
124.99156367384 -42.59460705077 0.0275 0.028 26.0721 "" "" 5527148268832998272 1752.40967 0.5462 0.0316 -5.735 6.282 0.036 0.036 1.076 7122.1 4.0869 15.958542 1.407659 16.586275 15.178617 "" "" 1665.95471 1863.19556 7789.86683 3.103 3168.9 8.527 6725.3 11.262 "" "" 0.002789056647239238 0.004039858 0.0041939686 0.008233827 124.99156367384 -42.59460705077 1752.40967 -5.735 6.282 -0.9675835227966312 1.14636128616333 0.11525955 0.11525955 "" "" 12.460635220965504 "" 1.4362072146604485 ""
124.43184241347 -42.25298554775 0.0259 0.029 20.4161 "" "" 5527337694065365248 1390.26794 0.6941 0.0322 -3.833 3.493 0.035 0.037 1.077 5355.6 4.3388 15.962835 1.326939 16.547237 15.220299 "" "" 1333.81714 1456.37207 7759.12288 3.8104 3284.9 10.809 6472.0 11.765 "" "" 0.0028064356980923933 0.0045330687 0.0042637023 0.008796771 124.43184241347 -42.25298554775 1390.26794 -3.8330000000000006 3.493 0.934416477203369 -1.64263871383667 0.114259556 0.11625955 "" "" 12.453627156330391 "" 1.4418035491098646 ""
124.29093033644 -42.59492570422 0.0245 0.0278 4.8775 "" "" 5527324121968907136 1549.38867 0.6226 0.0303 -3.575 1.791 0.031 0.034 0.951 7743.0 4.4039 15.96491 1.599375 16.710558 15.111183 "" "" 1485.31567 1622.29834 7744.31449 3.1529 2826.1 9.5709 7156.2 13.324 "" "" 0.0027905518665779934 0.0046157474 0.0042860517 0.008901799 124.29093033644 -42.59492570422 1549.38867 -3.575 1.7909999999999995 1.192416477203369 -3.34463871383667 0.11025955 0.113259554 "" "" 26.07773268785465 "" 2.944833968282761 ""
124.63074909901 -42.4381656689 0.0261 0.0306 13.7376 "" "" 5527144420541162496 1585.65698 0.6027 0.0336 -10.088 7.955 0.034 0.039 1.045 5424.3 4.3071 15.966241 1.252164 16.509335 15.257171 "" "" 1501.23071 1668.92786 7734.82058 2.8943 3401.6 7.2594 6255.9 11.427 "" "" 0.002785111643952354 0.0036268341 0.004268116 0.00789495 124.63074909901 -42.4381656689 1585.65698 -10.087999999999997 7.955 -5.32058352279663 2.81936128616333 0.113259554 0.11825955 "" "" 45.25702028269288 "" 5.176245602549576 ""
124.68713223759 -42.36066470467 0.0243 0.0308 18.8013 "" "" 5527146310326772352 1343.8302 0.7066 0.0319 -0.318 3.664 0.032 0.039 1.041 5779.6 4.5733 15.968835 1.219435 16.499092 15.279657 "" "" 1290.73242 1410.54724 7716.36388 2.8018 3433.8 12.098 6127.7 8.2056 "" "" 0.0027833803234724834 0.004734743 0.0040493924 0.008784136 124.68713223759 -42.36066470467 1343.8302 -0.31799999999999995 3.6639999999999997 4.4494164772033695 -1.4716387138366698 0.11125955 0.11825955 "" "" 29.851684370527057 "" 3.3424708031546544 ""
124.74721063568 -42.35390446601 0.0253 0.031 20.9592 "" "" 5527143595907453312 1670.64685 0.5666 0.033 -4.588 5.885 0.033 0.039 0.974 6758.9 4.3468 15.970084 1.441265 16.62505 15.183784 "" "" 1606.99109 1747.24084 7707.48882 2.9173 3057.7 11.941 6693.4 15.798 "" "" 0.002785798273985174 0.0050757267 0.0045662466 0.009641973 124.74721063568 -42.35390446601 1670.64685 -4.588000000000001 5.885000000000002 0.17941647720336906 0.7493612861633299 0.11225955 0.11825955 "" "" 6.101806749708722 "" 0.7196597471612218 ""
125.02112280382 -42.44055150319 0.0245 0.0266 28.8877 "" "" 5527150330417172224 1446.42041 0.6634 0.0302 -0.367 1.485 0.032 0.036 0.989 5726.2 4.4488 15.973235 1.211489 16.49704 15.285551 "" "" 1388.32654 1501.33398 7685.15487 3.3943 3440.3 11.786 6094.5 10.805 "" "" 0.002796738260498901 0.0046497695 0.004241346 0.008891115 125.02112280382 -42.44055150319 1446.42041 -0.36700000000000055 1.4850000000000003 4.400416477203369 -3.6506387138366696 0.11125955 0.11525955 "" "" 39.199979926762545 "" 4.425965950352918 ""
124.33558687436 -42.39047936455 0.0232 0.0268 12.4655 "" "" 5527330719038997376 1504.18787 0.6348 0.0294 0.646 0.783 0.033 0.035 1.032 5939.5 4.3393 15.976707 1.362842 16.580885 15.218043 "" "" 1448.30066 1584.1925 7660.6235 2.8663 3184.7 6.7803 6485.5 10.455 "" "" 0.002785106768806455 0.003623306 0.0041649933 0.0077882996 124.33558687436 -42.39047936455 1504.18787 0.6460000000000002 0.7829999999999995 5.413416477203369 -4.35263871383667 0.11225955 0.114259556 "" "" 49.52580241274004 "" 5.598845800944424 ""
124.38162977786 -42.58305723417 0.025 0.0276 1.0378 "" "" 5527136758319583104 1358.49414 0.7033 0.0308 -8.791 5.773 0.034 0.034 1.045 6078.3 4.2586 15.982396 1.499538 16.667496 15.167957 "" "" 1304.09766 1416.43933 7620.5838 2.9554 2940.5 11.93 6791.7 10.235 "" "" 0.002787308330905968 0.005214294 0.0041183545 0.0093326485 124.38162977786 -42.58305723417 1358.49414 -8.791 5.773 -4.023583522796631 0.6373612861633298 0.113259554 0.113259554 "" "" 26.231956110431444 "" 2.971019647235848 ""
124.7069359521 -42.89044169393 0.0249 0.0306 22.3815 "" "" 5527068416798555264 1373.87659 0.6922 0.0304 -5.164 4.247 0.033 0.038 1.02 6081.8 4.3985 15.985228 1.264086 16.523365 15.259279 "" "" 1321.63489 1435.14172 7600.73424 5.8316 3357.9 13.736 6243.8 15.577 "" "" 0.002878491816590793 0.0052450746 0.004649809 0.009894883 124.7069359521 -42.89044169393 1373.87659 -5.164 4.247000000000001 -0.39658352279663056 -0.88863871383667 0.11225955 0.11725955 "" "" 6.3371101041684215 "" 0.7379182935059923 ""
124.61078667376 -42.98687535139 0.0441 0.0522 25.3963 "" "" 5527066149055817216 1450.75916 0.6671 0.0575 -19.889 12.914 0.062 0.066 1.864 "" "" 15.985795 1.335866 16.546227 15.210361 "" "" 1356.74866 1554.10229 7596.76289 6.098 3288.0 13.193 6531.5 8.47 "" "" 0.002889871411427215 0.0051733926 0.004033128 0.00920652 124.61078667376 -42.98687535139 1450.75916 -19.889 12.914000000000001 -15.12158352279663 7.77836128616333 0.14125955 0.14525956 "" "" 116.9355790081552 "" 16.617223954360107 ""
124.76395038896 -42.84575143448 0.0239 0.0291 22.055 "" "" 5527068897834904064 1480.53149 0.6439 0.03 1.106 8.871 0.032 0.036 1.028 5112.9 4.2705 15.986925 1.361325 16.592863 15.231538 "" "" 1423.51807 1543.59119 7588.86202 2.7611 3149.7 9.6696 6405.4 9.7147 "" "" 0.0027834938279995445 0.004346882 0.0041225306 0.008469412 124.76395038896 -42.84575143448 1480.53149 1.1060000000000012 8.870999999999995 5.873416477203369 3.7353612861633305 0.11125955 0.11525955 "" "" 48.84753301569779 "" 5.491737017235583 ""
124.7510250875 -42.18578776238 0.0258 0.031 28.9083 "" "" 5527359340700677888 1617.58179 0.5832 0.0322 0.472 1.946 0.037 0.041 0.999 "" "" 15.986948 2.139434 17.089643 14.95021 "" "" 1561.46838 1686.34644 7588.70297 3.2662 1993.2 8.7282 8299.9 16.505 "" "" 0.0027946667895150774 0.005512678 0.0043526217 0.0098653 124.7510250875 -42.18578776238 1617.58179 0.4720000000000002 1.9459999999999997 5.239416477203369 -3.18963871383667 0.11625955 0.12025955 "" "" 47.03102695587902 "" 5.519307054349048 ""
124.53596909887 -43.0814271331 0.0255 0.031 29.9276 "" "" 5521060822706681856 1754.83337 0.541 0.0331 -6.119 6.438 0.034 0.039 1.084 6694.0 4.297 15.987909 1.528088 16.687935 15.159847 "" "" 1660.79724 1883.99487 7581.98823 2.8998 2885.6 10.478 6842.6 10.503 "" "" 0.002786435294285006 0.004829905 0.0041305074 0.008960413 124.53596909887 -43.0814271331 1754.83337 -6.1190000000000015 6.438 -1.3515835227966306 1.3023612861633298 0.113259554 0.11825955 "" "" 15.612260810266719 "" 1.8062421903992372 ""
124.80521419414 -42.81511384373 0.0246 0.0283 22.2611 "" "" 5527074807709916800 1444.70972 0.6628 0.0302 -2.411 4.63 0.033 0.037 1.08 5292.3 4.3337 15.992001 1.27456 16.528652 15.254092 "" "" 1373.61096 1512.52429 7553.47315 4.3916 3341.6 10.329 6273.7 10.26 "" "" 0.0028267055236039697 0.004364413 0.0041757063 0.00854012 124.80521419414 -42.81511384373 1444.70972 -2.4110000000000014 4.6299999999999955 2.356416477203369 -0.50563871383667 0.11225955 0.11625955 "" "" 16.503879362395935 "" 1.8556733603011673 ""
