Clusters/UBC_479/UBC_479_members.tsv
# %ECSV 1.0
# ---
# datatype:
# - name: RA_ICRS_1
#   unit: deg
#   datatype: float64
#   format: '{:15.11f}'
#   description: Right ascension (ICRS) at Ep=2016.0 (ra)
#   meta: !!omap
#   - {ucd: POS_EQ_RA_MAIN}
#   - {width: 15}
#   - {precision: '11'}
# - name: DE_ICRS_1
#   unit: deg
#   datatype: float64
#   format: '{:15.11f}'
#   description: Declination (ICRS) at Ep=2016.0 (dec)
#   meta: !!omap
#   - {ucd: POS_EQ_DEC_MAIN}
#   - {width: 15}
#   - {precision: '11'}
# - name: e_RA_ICRS
#   unit: mas
#   datatype: float64
#   format: '{:7.4f}'
#   description: Standard error of right ascension (ra_error)
#   meta: !!omap
#   - {ucd: ERROR}
#   - {width: 7}
#   - {precision: '4'}
# - name: e_DE_ICRS
#   unit: mas
#   datatype: float64
#   format: '{:7.4f}'
#   description: Standard error of declination (dec_error)
#   meta: !!omap
#   - {ucd: ERROR}
#   - {width: 7}
#   - {precision: '4'}
# - name: _r_1
#   unit: ''
#   datatype: float64
#   format: '{:7.4f}'
#   description: Distance from center (124.40130731000-42.59250599000)[ICRS], at Epoch=J2016.0
#   meta: !!omap
#   - {ucd: POS_ANG_DIST_GENERAL}
#   - {width: 7}
#   - {precision: '4'}
# - name: HIP
#   datatype: int32
#   description: '? HIP cross-id number, van Leeuwen, Cat. I/311 (hip_original_ext_source_id)'
#   meta: !!omap
#   - {ucd: ID_NUMBER}
#   - {width: 6}
#   - values: {'null': -2147483648}
# - name: TYC2
#   datatype: string
#   description: Tycho-2 cross-id name, Hog et al., Cat. I/259 (tyc2_original_ext_source_id)
#   meta: !!omap
#   - {ucd: ID_CROSSID}
#   - {_votable_string_dtype: char}
# - name: Source
#   datatype: int64
#   description: Source identifier, identical to the Gaia-EDR3 source_id (id)
#   meta: !!omap
#   - {ucd: ID_MAIN}
#   - {width: 19}
# - name: rgeo
#   unit: pc
#   datatype: float64
#   format: '{:15.8f}'
#   description: '? Median of the geometric distance posterior (r_med_geo)'
#   meta: !!omap
#   - {ucd: PHYS_DISTANCE_TRUE}
#   - {width: 15}
#   - {precision: '8'}
#   - values: {'null': .nan}
# - name: Plx
#   unit: mas
#   datatype: float64
#   format: '{:9.4f}'
#   description: '? Parallax (parallax)'
#   meta: !!omap
#   - {ucd: POS_PARLX_TRIG}
#   - {width: 9}
#   - {precision: '4'}
#   - values: {'null': .nan}
# - name: e_Plx
#   unit: mas
#   datatype: float32
#   format: '{:7.4f}'
#   description: '? Standard error of parallax (parallax_error)'
#   meta: !!omap
#   - {ucd: ERROR}
#   - {width: 7}
#   - {precision: '4'}
#   - values: {'null': .nan}
# - name: pmRA
#   unit: mas / yr
#   datatype: float64
#   format: '{:9.3f}'
#   description: '? Proper motion in right ascension direction, pmRA*cosDE (pmra)'
#   meta: !!omap
#   - {ucd: POS_EQ_PMRA}
#   - {width: 9}
#   - {precision: '3'}
#   - values: {'null': .nan}
# - name: pmDE
#   unit: mas / yr
#   datatype: float64
#   format: '{:9.3f}'
#   description: '? Proper motion in declination direction (pmdec)'
#   meta: !!omap
#   - {ucd: POS_EQ_PMDEC}
#   - {width: 9}
#   - {precision: '3'}
#   - values: {'null': .nan}
# - name: e_pmRA
#   unit: mas / yr
#   datatype: float32
#   format: '{:6.3f}'
#   description: '? Standard error of proper motion in right ascension direction (pmra_error)'
#   meta: !!omap
#   - {ucd: ERROR}
#   - {width: 6}
#   - {precision: '3'}
#   - values: {'null': .nan}
# - name: e_pmDE
[...]
#         unit: &id001 !astropy.units.Unit {unit: deg}
#         value: !astropy.table.SerializedColumn {name: SkyCoord.dec}
#       distance: !astropy.table.SerializedColumn
#         __class__: astropy.coordinates.distances.Distance
#         unit: !astropy.units.Unit {unit: pc}
#         value: !astropy.table.SerializedColumn {name: SkyCoord.distance}
#       frame: icrs
#       obstime: !astropy.time.Time {format: jyear_str, in_subfmt: '*', jd1: 367701545.0, jd2: 0.0, out_subfmt: '*', precision: 3, scale: tt}
#       pm_dec: !astropy.table.SerializedColumn
#         __class__: astropy.units.quantity.Quantity
#         unit: !astropy.units.Unit {unit: mas / yr}
#         value: !astropy.table.SerializedColumn {name: SkyCoord.pm_dec}
#       pm_ra_cosdec: !astropy.table.SerializedColumn
#         __class__: astropy.units.quantity.Quantity
#         unit: !astropy.units.Unit {unit: mas / yr}
#         value: !astropy.table.SerializedColumn {name: SkyCoord.pm_ra_cosdec}
#       ra: !astropy.table.SerializedColumn
#         __class__: astropy.coordinates.angles.Longitude
#         unit: *id001
#         value: !astropy.table.SerializedColumn {name: SkyCoord.ra}
#         wrap_angle: !astropy.coordinates.Angle
#           unit: *id001
#           value: 360.0
#       representation_type: spherical
# schema: astropy-2.0
RA_ICRS_1 DE_ICRS_1 e_RA_ICRS e_DE_ICRS _r_1 HIP TYC2 Source rgeo Plx e_Plx pmRA pmDE e_pmRA e_pmDE RUWE Teff logg Gmag BP-RP BPmag RPmag RV e_RV b_rgeo B_rgeo FG e_FG FBP e_FBP FRP e_FRP RAVE5 RAVE6 e_Gmag e_BPmag e_RPmag e_BP-RP SkyCoord.ra SkyCoord.dec SkyCoord.distance SkyCoord.pm_ra_cosdec SkyCoord.pm_dec Pmemb
124.5155294024 -42.7539687196 0.0099 0.0121 10.9198 "" 7668-263-1 5527119372292100736 1454.60876 0.6423 0.0126 -4.792 5.124 0.013 0.015 0.893 7401.3 3.4866 11.764534 0.320416 11.870583 11.550166 "" "" 1430.16211 1477.151 370794.45583 91.481 243880.0 149.18 190150.0 82.879 "" "" 0.0027683105050591373 0.002868123 0.003808894 0.0066770166 124.5155294024 -42.7539687196 1454.60876 -4.792000000000001 5.1240000000000006 0.95
124.50499195258 -42.68794018462 0.0092 0.011 7.3301 "" "" 5527131604358915200 1381.42017 0.6849 0.0114 -4.759 5.244 0.012 0.013 0.974 7329.6 3.7216 12.327371 0.342878 12.444425 12.101546 "" "" 1359.40076 1405.34363 220799.65351 37.573 143760.0 49.863 114430.0 33.276 "" "" 0.002761507684772634 0.002815469 0.003792547 0.006608016 124.50499195258 -42.68794018462 1381.42017 -4.759 5.244000000000001 0.92
124.14552806407 -42.54579105483 0.0101 0.0109 11.6447 "" 7668-2400-1 5521323228028520832 1404.61206 0.6867 0.0128 -4.7 5.25 0.013 0.013 1.037 "" "" 12.646249 0.515738 12.830952 12.315214 "" "" 1380.36975 1424.71448 164606.51877 32.393 100700.0 57.15 93988.0 43.447 "" "" 0.0027635920652869864 0.0028573996 0.0038125613 0.006669961 124.14552806407 -42.54579105483 1404.61206 -4.699999999999999 5.25 0.91
124.51634634195 -42.79418746585 0.0088 0.0112 13.1213 "" "" 5527119063054483072 1409.83655 0.6839 0.0116 -4.708 5.076 0.011 0.013 0.909 "" "" 12.667507 0.39144 12.803188 12.411748 "" "" 1382.76099 1432.37231 161415.05557 27.796 103310.0 47.455 85992.0 30.156 "" "" 0.0027616563282162766 0.002834392 0.0037985125 0.0066329045 124.51634634195 -42.79418746585 1409.83655 -4.708 5.075999999999999 0.93
124.26873143531 -42.61760923231 0.0099 0.0115 6.0455 "" "" 5521319311018488832 1369.27039 0.7057 0.0126 -4.796 5.346 0.013 0.013 1.098 "" "" 12.708505 0.633164 12.9431 12.309936 "" "" 1345.61682 1390.39844 155433.56813 35.154 90819.0 71.327 94446.0 75.514 "" "" 0.002766240802206018 0.0029175612 0.003877798 0.0067953593 124.26873143531 -42.61760923231 1369.27039 -4.796 5.346 0.98
124.31582553618 -42.75291867289 0.0115 0.0137 10.3371 "" "" 5521127068283994496 1408.64331 0.6793 0.0147 -4.793 5.236 0.015 0.017 1.02 "" "" 12.940787 0.390395 13.078449 12.688054 "" "" 1372.29309 1439.57776 125496.58426 26.409 80175.0 35.502 66671.0 21.136 "" "" 0.002764776951730872 0.0028312874 0.003795023 0.0066263108 124.31582553618 -42.75291867289 1408.64331 -4.793 5.236000000000001 0.98
124.55816590532 -42.54949297932 0.0094 0.01 7.3959 "" "" 5527134868534032256 1387.97766 0.6811 0.0114 -4.803 5.178 0.012 0.012 1.078 9584.9 4.1096 13.387917 0.498686 13.571515 13.072829 "" "" 1369.00415 1410.78833 83134.2412 24.99 50911.0 24.99 46776.0 27.692 "" "" 0.002774582304303919 0.0028406116 0.003833651 0.0066742627 124.55816590532 -42.54949297932 1387.97766 -4.803 5.177999999999999 0.99
124.25874709272 -42.55184530649 0.0104 0.0106 6.755 "" "" 5527325221480521344 1448.36597 0.6557 0.0125 -4.763 5.144 0.013 0.013 0.986 "" "" 13.703717 0.818578 14.023727 13.20515 "" "" 1416.92383 1476.73376 62152.67893 11.884 33568.0 25.532 41409.0 20.682 "" "" 0.002763129948464601 0.0029098147 0.0038180875 0.006727902 124.25874709272 -42.55184530649 1448.36597 -4.763 5.143999999999999 0.98
124.57849249989 -42.5844526618 0.0105 0.0115 7.8419 "" "" 5527134490576935936 1404.29944 0.676 0.0124 -4.581 5.146 0.014 0.014 1.054 "" "" 13.865259 0.73125 14.148716 13.417466 "" "" 1384.2677 1425.47961 53560.32391 11.582 29918.0 18.661 34054.0 14.348 "" "" 0.0027653050387280668 0.0028711788 0.0038069661 0.006678145 124.57849249989 -42.5844526618 1404.29944 -4.5809999999999995 5.146 0.94
124.40333937117 -42.55642608091 0.0106 0.0113 2.1667 "" "" 5527136861398798848 1443.65454 0.6596 0.0132 -4.713 5.111 0.014 0.014 0.947 9710.5 4.1485 13.870739 0.972363 14.266688 13.294326 "" "" 1421.3728 1467.61694 53290.67669 8.7773 26837.0 19.991 38144.0 18.413 "" "" 0.0027611172801951926 0.0029050226 0.0038155497 0.0067205722 124.40333937117 -42.55642608091 1443.65454 -4.713 5.111000000000001 0.96
124.3127702775 -42.58535511988 0.0107 0.0117 3.9345 "" "" 5527324156328649088 1393.82776 0.6804 0.0132 -4.821 5.157 0.014 0.014 1.016 "" "" 13.939466 0.85343 14.273918 13.420488 "" "" 1367.79858 1417.64893 50021.91409 9.9375 26659.0 25.516 33960.0 17.977 "" "" 0.00276374998230517 0.0029774073 0.0038228335 0.006800241 124.3127702775 -42.58535511988 1393.82776 -4.8210000000000015 5.157000000000002 0.98
124.22147763745 -42.50180971609 0.0111 0.0122 9.6333 "" "" 5527328520015389440 1411.74487 0.6729 0.0138 -4.756 5.145 0.015 0.016 1.027 9385.4 4.1678 14.013152 0.726036 14.292728 13.566692 "" "" 1383.57788 1443.73193 46739.69013 10.868 26201.0 23.608 29681.0 17.569 "" "" 0.0027668617864809214 0.0029567026 0.0038336355 0.006790338 124.22147763745 -42.50180971609 1411.74487 -4.756000000000001 5.145 0.99
124.47872190413 -42.63365246079 0.0115 0.0136 4.2166 "" "" 5527132703870505088 1405.15808 0.6792 0.0144 -4.852 5.123 0.015 0.016 1.037 7997.9 4.103 14.155247 0.78918 14.409146 13.619967 "" "" 1380.40173 1431.39526 41006.05575 10.576 23537.0 179.29 28260.0 254.19 "" "" 0.0027695132697918108 0.008728426 0.010471666 0.019200092 124.47872190413 -42.63365246079 1405.15808 -4.852 5.122999999999999 0.97
124.35863870615 -42.56947115579 0.0116 0.0122 2.3374 "" "" 5527136930118264704 1423.27527 0.6656 0.014 -4.771 5.017 0.015 0.015 0.991 9789.8 4.2658 14.183202 0.873073 14.530537 13.657464 "" "" 1396.05713 1450.94788 39963.71565 7.3316 21048.0 16.828 27301.0 16.194 "" "" 0.002762510484612499 0.002922082 0.0038338609 0.006755943 124.35863870615 -42.56947115579 1423.27527 -4.770999999999999 5.017 0.94
124.23895677813 -42.53955781926 0.0137 0.0148 7.8462 "" "" 5527325290199991680 1427.77649 0.6636 0.017 -4.822 5.074 0.018 0.02 1.105 9289.7 4.1966 14.443679 0.96715 14.836891 13.869741 "" "" 1392.08704 1462.18738 31439.46504 6.2127 15873.0 13.34 22452.0 14.754 "" "" 0.0027636608545301153 0.002935585 0.0038461376 0.0067817224 124.23895677813 -42.53955781926 1427.77649 -4.822 5.074 0.98
124.41705857477 -42.63485283353 0.0177 0.018 2.6343 "" "" 5527135590088500224 1442.80505 0.6614 0.0203 -4.773 5.157 0.023 0.022 1.353 9625.5 4.3107 14.447573 0.883041 14.798159 13.915117 "" "" 1402.61328 1482.91882 31326.90514 6.9417 16450.0 14.07 21533.0 14.326 "" "" 0.0027658039774092554 0.0029406531 0.0038477927 0.0067884456 124.41705857477 -42.63485283353 1442.80505 -4.773 5.157 0.98
124.35596058446 -42.5117993088 0.0127 0.0144 5.2408 "" "" 5527324877883152384 1449.57971 0.6582 0.0156 -4.698 5.144 0.016 0.017 0.996 9302.9 4.2781 14.527806 1.000298 14.936211 13.935912 "" "" 1419.79797 1484.60352 29095.40272 5.6009 14485.0 14.225 21125.0 23.281 "" "" 0.0027632359137365102 0.0029869603 0.0039642714 0.0069512315 124.35596058446 -42.5117993088 1449.57971 -4.698 5.144 0.98
124.02059579978 -42.53561797594 0.0157 0.0174 17.1669 "" "" 5521322914488301568 1464.55981 0.6489 0.0196 -4.88 4.987 0.021 0.022 1.042 "" "" 14.795639 1.073677 15.240291 14.166614 "" "" 1413.16248 1502.9425 22734.80309 5.7299 10947.0 14.802 17081.0 15.989 "" "" 0.002768874942152015 0.0031528252 0.003913648 0.0070664734 124.02059579978 -42.53561797594 1464.55981 -4.880000000000001 4.987 0.95
124.31826565471 -42.5264630904 0.0165 0.0168 5.401 "" "" 5527324946602622720 1483.48169 0.644 0.0199 -4.629 5.131 0.022 0.021 0.988 7231.2 3.9878 14.86448 1.147863 15.349025 14.201161 "" "" 1439.48499 1518.17395 21338.04986 5.4322 9903.9 22.687 16546.0 17.867 "" "" 0.002769149495127836 0.003737749 0.003957056 0.007694805 124.31826565471 -42.5264630904 1483.48169 -4.629 5.131 0.93
124.27888491713 -42.60768703139 0.0155 0.0176 5.4831 "" "" 5521319306711939200 1454.44312 0.6505 0.0196 -4.773 5.187 0.02 0.021 1.001 7077.7 4.0315 14.928039 1.367525 15.536675 14.169149 38.63 7.44 1421.2522 1494.30652 20124.78847 5.4123 8332.0 10.494 17041.0 19.624 "" "" 0.0027707490432746797 0.003107251 0.0039808284 0.007088079 124.27888491713 -42.60768703139 1454.44312 -4.773 5.187 0.98
124.62252259468 -42.6195698384 0.0152 0.0166 9.9032 "" "" 5527133494144576768 1444.61401 0.6605 0.0181 -4.841 5.119 0.021 0.021 1.0 6794.0 4.3003 14.958941 1.001496 15.371146 14.36965 "" "" 1409.85913 1482.54456 19560.07756 3.9707 9704.2 11.988 14168.0 11.869 "" "" 0.0027641214920637123 0.0030958056 0.0038872897 0.0069830953 124.62252259468 -42.6195698384 1444.61401 -4.841 5.119 0.95
124.30126968319 -42.74625838512 0.0181 0.0197 10.2265 "" "" 5521130023221471104 1421.36218 0.6647 0.0226 -4.874 5.102 0.023 0.023 1.04 5687.3 4.0147 15.142586 1.246631 15.679319 14.432689 "" "" 1381.9458 1471.26038 16516.28629 28.474 7306.2 52.088 13368.0 62.979 "" "" 0.0033309818461375058 0.008228048 0.0063598673 0.014587915 124.30126968319 -42.74625838512 1421.36218 -4.8740000000000006 5.102 0.96
124.30337192026 -42.51507511135 0.0193 0.0213 6.3499 "" "" 5527324637364972160 1457.51575 0.6536 0.0236 -4.676 5.156 0.026 0.026 1.099 7364.9 4.2427 15.31532 1.24392 15.849847 14.605927 "" "" 1398.83789 1523.86572 14087.00182 4.2346 6244.2 12.381 11397.0 12.406 "" "" 0.0027745829716867114 0.0035241432 0.003959863 0.007484006 124.30337192026 -42.51507511135 1457.51575 -4.676 5.156000000000001 0.83
124.82970738529 -42.7226414775 0.0182 0.0207 20.4523 "" "" 5527122636467495296 1409.19995 0.6848 0.0218 -4.858 5.047 0.024 0.027 0.979 6662.1 4.294 15.363266 1.172066 15.86042 14.688355 "" "" 1361.96753 1456.39807 13478.46698 5.1999 6183.7 12.862 10564.0 13.701 "" "" 0.0027869770563282584 0.0035895726 0.0040331883 0.0076227607 124.82970738529 -42.7226414775 1409.19995 -4.8580000000000005 5.046999999999999 0.87
124.84383182423 -42.47759486694 0.0197 0.0213 20.7441 "" "" 5527130161249786112 1380.41675 0.6888 0.0239 -4.737 5.212 0.025 0.027 1.065 6395.1 4.3149 15.415357 1.153284 15.905622 14.752338 "" "" 1329.06274 1427.81909 12847.06911 4.6378 5931.5 13.152 9959.2 12.495 "" "" 0.00278305863325927 0.0036852018 0.0040173717 0.007702573 124.84383182423 -42.47759486694 1380.41675 -4.737000000000001 5.212000000000001 0.98
124.17584248085 -42.561766206 0.0198 0.0206 10.1308 "" "" 5521320582328724096 1478.34106 0.6464 0.0243 -4.872 5.198 0.026 0.027 0.941 6006.6 4.0803 15.417357 1.376146 16.032877 14.656731 "" "" 1414.38733 1546.62451 12823.41288 4.9003 5275.5 9.9678 10876.0 12.697 "" "" 0.0027863832038346106 0.00346316 0.0039862692 0.0074494295 124.17584248085 -42.561766206 1478.34106 -4.871999999999999 5.198 0.97
124.33781651274 -42.59938189327 0.0204 0.0231 2.8345 "" "" 5527136517801405184 1320.73853 0.7191 0.0253 -4.838 5.053 0.026 0.028 1.06 7617.6 4.1488 15.505855 1.497019 16.18715 14.69013 "" "" 1282.99023 1377.74561 11819.66194 5.0367 4576.8 14.56 10546.0 15.93 "" "" 0.0027938945885371495 0.004440185 0.0041198824 0.008560067 124.33781651274 -42.59938189327 1320.73853 -4.838 5.052999999999999 0.98
124.35246176159 -42.52046807971 0.0229 0.0257 4.8314 "" "" 5527324774803937920 1427.85132 0.6699 0.0286 -4.812 5.068 0.03 0.029 1.061 5589.0 3.9261 15.715641 1.553299 16.434862 14.881563 "" "" 1381.71375 1484.16785 9742.94517 11.583 3643.1 17.925 8841.6 27.307 "" "" 0.003042683770616452 0.0060268673 0.005052533 0.011079401 124.35246176159 -42.52046807971 1427.85132 -4.812000000000001 5.068 0.96
124.80994847298 -42.73489450026 0.0233 0.0265 19.9512 "" "" 5527122258510365568 1468.77917 0.6529 0.028 -4.827 5.03 0.031 0.036 1.093 5242.9 4.1668 15.767976 1.530958 16.469389 14.938431 "" "" 1409.17786 1524.80359 9284.45901 8.5219 3529.1 16.69 8390.5 25.054 "" "" 0.002930004151603616 0.005843833 0.0049793893 0.010823222 124.80994847298 -42.73489450026 1468.77917 -4.827 5.03 0.95
124.18961301396 -42.63306217692 0.0281 0.0314 9.6593 "" "" 5521319070500298752 1367.15442 0.7004 0.0347 -4.874 5.071 0.038 0.041 1.009 5848.9 4.3515 16.175135 1.58165 16.910824 15.329174 "" "" 1304.14819 1429.63867 6381.06558 6.85 2350.1 11.167 5854.5 18.801 "" "" 0.0029916948938233817 0.0058652726 0.005142067 0.01100734 124.18961301396 -42.63306217692 1367.15442 -4.874 5.071 0.92
124.57827478983 -42.58211103944 0.03 0.031 7.8423 "" "" 5527134490576934656 1459.91516 0.658 0.0343 -4.684 5.225 0.04 0.037 1.05 5303.6 3.8435 16.192753 1.7517 17.035282 15.283582 "" "" 1387.36633 1557.65784 6278.35492 6.8212 2095.6 10.587 6105.6 17.697 "" "" 0.0029972110598909534 0.00615402 0.004918057 0.011072077 124.57827478983 -42.58211103944 1459.91516 -4.684 5.225 0.96
124.163781062 -42.63068105986 0.0309 0.0337 10.7358 "" "" 5521319723335306112 1521.44312 0.635 0.0381 -4.796 5.085 0.04 0.045 0.953 5672.7 4.4321 16.40929 1.575105 17.14224 15.567136 "" "" 1433.10461 1629.82532 5143.16855 7.6603 1899.0 15.117 4702.2 26.943 "" "" 0.0031948131411747935 0.009082216 0.0072791595 0.016361374 124.163781062 -42.63068105986 1521.44312 -4.796 5.084999999999999 0.9
124.85313926698 -42.53431393876 0.0391 0.0424 20.2702 "" "" 5527128855580173312 1416.92126 0.6801 0.0479 -4.583 5.023 0.05 0.056 1.015 4721.6 4.4301 16.847406 1.679129 17.645178 15.966049 "" "" 1319.58276 1517.17627 3435.45446 8.1507 1194.9 14.232 3256.4 22.306 "" "" 0.003771900490496823 0.013229371 0.008342383 0.021571755 124.85313926698 -42.53431393876 1416.92126 -4.583 5.023 0.88
124.28659790866 -42.52117259647 0.0388 0.0412 6.6348 "" "" 5527325354621850496 1405.73486 0.6846 0.047 -4.654 5.183 0.052 0.053 0.927 4693.4 4.2877 16.857391 1.776241 17.709585 15.933344 "" "" 1317.81628 1508.11108 3404.00647 6.7454 1126.1 12.707 3356.0 21.261 "" "" 0.003495818610240107 0.012565232 0.0078483 0.020413533 124.28659790866 -42.52117259647 1405.73486 -4.654 5.183 0.89
124.15869662632 -42.55641558963 0.0433 0.0441 10.936 "" "" 5521323159309071488 1415.52112 0.6612 0.0535 -4.81 5.264 0.058 0.054 1.007 "" "" 16.866268 1.785433 17.729168 15.943735 "" "" 1328.39661 1521.44556 3376.29007 7.2063 1106.0 14.776 3324.0 20.389 "" "" 0.0036002819119189265 0.014771192 0.0076574315 0.022428624 124.15869662632 -42.55641558963 1415.52112 -4.809999999999999 5.263999999999999 0.84
124.55061896222 -42.67967104879 0.0409 0.0455 8.4136 "" "" 5527132837005672704 1675.14893 0.5879 0.0497 -4.708 5.07 0.052 0.054 0.995 5596.9 4.3268 16.962452 1.577349 17.697899 16.12055 "" "" 1557.6897 1820.12671 3090.05336 4.3839 1138.3 8.3493 2824.5 13.476 "" "" 0.0031566537341927918 0.008438386 0.006412321 0.014850707 124.55061896222 -42.67967104879 1675.14893 -4.708 5.07 0.84
