Clusters/Collinder_107/Collinder_107_stars_in_region.tsv
# %ECSV 1.0
# ---
# datatype:
# - name: RA_ICRS_1
#   unit: deg
#   datatype: float64
#   format: '{:15.11f}'
#   description: Right ascension (ICRS) at Ep=2016.0 (ra)
#   meta: !!omap
#   - {ucd: POS_EQ_RA_MAIN}
#   - {width: 15}
#   - {precision: '11'}
# - name: DE_ICRS_1
#   unit: deg
#   datatype: float64
#   format: '{:15.11f}'
#   description: Declination (ICRS) at Ep=2016.0 (dec)
#   meta: !!omap
#   - {ucd: POS_EQ_DEC_MAIN}
#   - {width: 15}
#   - {precision: '11'}
# - name: e_RA_ICRS
#   unit: mas
#   datatype: float64
#   format: '{:7.4f}'
#   description: Standard error of right ascension (ra_error)
#   meta: !!omap
#   - {ucd: ERROR}
#   - {width: 7}
#   - {precision: '4'}
# - name: e_DE_ICRS
#   unit: mas
#   datatype: float64
#   format: '{:7.4f}'
#   description: Standard error of declination (dec_error)
#   meta: !!omap
#   - {ucd: ERROR}
#   - {width: 7}
#   - {precision: '4'}
# - name: _r_1
#   unit: ''
#   datatype: float64
#   format: '{:7.4f}'
#   description: Distance from center (099.23120650000+04.97169414000)[ICRS], at Epoch=J2016.0
#   meta: !!omap
#   - {ucd: POS_ANG_DIST_GENERAL}
#   - {width: 7}
#   - {precision: '4'}
# - name: HIP
#   datatype: int32
#   description: '? HIP cross-id number, van Leeuwen, Cat. I/311 (hip_original_ext_source_id)'
#   meta: !!omap
#   - {ucd: ID_NUMBER}
#   - {width: 6}
#   - values: {'null': -2147483648}
# - name: TYC2
#   datatype: string
#   description: Tycho-2 cross-id name, Hog et al., Cat. I/259 (tyc2_original_ext_source_id)
#   meta: !!omap
#   - {ucd: ID_CROSSID}
#   - {_votable_string_dtype: char}
# - name: Source
#   datatype: int64
#   description: Source identifier, identical to the Gaia-EDR3 source_id (id)
#   meta: !!omap
#   - {ucd: ID_MAIN}
#   - {width: 19}
# - name: rgeo
#   unit: pc
#   datatype: float64
#   format: '{:15.8f}'
#   description: '? Median of the geometric distance posterior (r_med_geo)'
#   meta: !!omap
#   - {ucd: PHYS_DISTANCE_TRUE}
#   - {width: 15}
#   - {precision: '8'}
#   - values: {'null': .nan}
# - name: Plx
#   unit: mas
#   datatype: float64
#   format: '{:9.4f}'
#   description: '? Parallax (parallax)'
#   meta: !!omap
#   - {ucd: POS_PARLX_TRIG}
#   - {width: 9}
#   - {precision: '4'}
#   - values: {'null': .nan}
# - name: e_Plx
#   unit: mas
#   datatype: float32
#   format: '{:7.4f}'
#   description: '? Standard error of parallax (parallax_error)'
#   meta: !!omap
#   - {ucd: ERROR}
#   - {width: 7}
#   - {precision: '4'}
#   - values: {'null': .nan}
# - name: pmRA
#   unit: mas / yr
#   datatype: float64
#   format: '{:9.3f}'
#   description: '? Proper motion in right ascension direction, pmRA*cosDE (pmra)'
#   meta: !!omap
#   - {ucd: POS_EQ_PMRA}
#   - {width: 9}
#   - {precision: '3'}
#   - values: {'null': .nan}
# - name: pmDE
#   unit: mas / yr
#   datatype: float64
#   format: '{:9.3f}'
#   description: '? Proper motion in declination direction (pmdec)'
#   meta: !!omap
#   - {ucd: POS_EQ_PMDEC}
#   - {width: 9}
#   - {precision: '3'}
#   - values: {'null': .nan}
# - name: e_pmRA
#   unit: mas / yr
#   datatype: float32
#   format: '{:6.3f}'
#   description: '? Standard error of proper motion in right ascension direction (pmra_error)'
#   meta: !!omap
#   - {ucd: ERROR}
#   - {width: 6}
#   - {precision: '3'}
#   - values: {'null': .nan}
# - name: e_pmDE
[...]
#         value: !astropy.table.SerializedColumn {name: SkyCoord.dec}
#       distance: !astropy.table.SerializedColumn
#         __class__: astropy.coordinates.distances.Distance
#         unit: !astropy.units.Unit {unit: pc}
#         value: !astropy.table.SerializedColumn {name: SkyCoord.distance}
#       frame: icrs
#       obstime: !astropy.time.Time {format: jyear_str, in_subfmt: '*', jd1: 367701545.0, jd2: 0.0, out_subfmt: '*', precision: 3, scale: tt}
#       pm_dec: !astropy.table.SerializedColumn
#         __class__: astropy.units.quantity.Quantity
#         unit: !astropy.units.Unit {unit: mas / yr}
#         value: !astropy.table.SerializedColumn {name: SkyCoord.pm_dec}
#       pm_ra_cosdec: !astropy.table.SerializedColumn
#         __class__: astropy.units.quantity.Quantity
#         unit: !astropy.units.Unit {unit: mas / yr}
#         value: !astropy.table.SerializedColumn {name: SkyCoord.pm_ra_cosdec}
#       ra: !astropy.table.SerializedColumn
#         __class__: astropy.coordinates.angles.Longitude
#         unit: *id001
#         value: !astropy.table.SerializedColumn {name: SkyCoord.ra}
#         wrap_angle: !astropy.coordinates.Angle
#           unit: *id001
#           value: 360.0
#       representation_type: spherical
# schema: astropy-2.0
RA_ICRS_1 DE_ICRS_1 e_RA_ICRS e_DE_ICRS _r_1 HIP TYC2 Source rgeo Plx e_Plx pmRA pmDE e_pmRA e_pmDE RUWE Teff logg Gmag BP-RP BPmag RPmag RV e_RV b_rgeo B_rgeo FG e_FG FBP e_FBP FRP e_FRP RAVE5 RAVE6 e_Gmag e_BPmag e_RPmag e_BP-RP SkyCoord.ra SkyCoord.dec SkyCoord.distance SkyCoord.pm_ra_cosdec SkyCoord.pm_dec rmRA rmDE e_rmRA e_rmDE rRV e_rRV v_pec v_pec3d e_vpec e_vpec3d
[from data line 1849]
99.42888468546 4.24508113123 0.0376 0.0359 45.1713 "" "" 3130662826688554240 1382.58691 0.6869 0.0425 1.456 -1.648 0.045 0.038 1.027 7263.2 4.3366 16.201502 1.624359 16.964237 15.339878 "" "" 1310.18555 1473.3667 6227.9595 3.5582 2237.3 14.261 5797.0 14.186 "" "" 0.002824282923952262 0.0074619795 0.004619852 0.012081832 99.42888468546 4.24508113123 1382.58691 1.4559999999999975 -1.648 2.783338933944702 -2.343999979972839 0.16742031 0.16042031 "" "" 23.84713905325226 "" 3.9240917880200046 ""
99.0237188283 5.3096937366 0.0445 0.0493 23.7701 "" "" 3131735331563035392 1504.03027 0.6519 0.0604 1.905 0.468 0.051 0.046 0.972 5436.0 4.6089 16.20245 1.362941 16.81288 15.449939 "" "" 1362.14783 1650.88562 6222.52695 3.5174 2572.0 13.811 5238.2 27.39 "" "" 0.002822845592223487 0.006463397 0.006820142 0.013283539 99.0237188283 5.3096937366 1504.03027 1.905 0.4679999999999996 3.2323389339447024 -0.22799997997283933 0.17342031 0.16842031 "" "" 23.100934404543413 "" 4.005607563649154 ""
99.51740150247 4.30192806593 0.0398 0.036 43.6789 "" "" 3130663342084616704 1484.20447 0.6529 0.0434 -1.268 0.841 0.051 0.042 1.064 7152.7 4.335 16.203512 1.390351 16.821732 15.43138 "" "" 1386.75183 1579.59998 6216.44569 3.832 2551.1 15.726 5328.5 16.458 "" "" 0.002835440839428591 0.0072512147 0.0050526815 0.012303896 99.51740150247 4.30192806593 1484.20447 -1.268 0.841 0.05933893394470213 0.14500002002716061 0.17342031 0.1644203 "" "" 1.1022077445198306 "" 0.1826814247859824 ""
99.72498571698 5.37071725842 0.0405 0.038 37.9974 "" "" 3131069508552686464 1285.69165 0.7631 0.0467 3.908 -4.441 0.049 0.043 0.953 4551.7 4.3303 16.203924 1.213689 16.723997 15.510308 "" "" 1215.2146 1387.48035 6214.0841 3.4592 2791.4 12.508 4954.9 14.074 "" "" 0.0028208307319550975 0.0056083924 0.0048779566 0.010486349 99.72498571698 5.37071725842 1285.69165 3.908 -4.4410000000000025 5.235338933944702 -5.136999979972839 0.1714203 0.16542031 "" "" 44.69885350182706 "" 7.531930497654764 ""
98.92695261455 5.35259284603 0.0458 0.0442 29.2037 "" "" 3131739519150236800 1728.28894 0.5658 0.0533 -5.601 0.475 0.058 0.051 1.095 5902.8 4.6188 16.204443 1.215977 16.731247 15.51527 "" "" 1583.67639 1852.55444 6211.11533 4.384 2772.8 16.865 4932.3 21.153 "" "" 0.0028599084836064743 0.007169021 0.0059971195 0.013166141 98.92695261455 5.35259284603 1728.28894 -5.601000000000005 0.475 -4.273661066055298 -0.22099997997283938 0.18042031 0.17342031 "" "" 35.0569941418993 "" 6.324351909007714 ""
99.56711840809 5.57806520879 0.0398 0.0368 41.5505 "" "" 3131087989792885120 1665.29028 0.5712 0.0442 0.836 -2.539 0.048 0.044 0.94 5684.1 4.5995 16.204742 1.070593 16.652866 15.582273 "" "" 1558.44641 1778.32617 6209.3968 3.4315 2980.4 14.992 4637.1 13.488 "" "" 0.002819893977286047 0.006132917 0.00492517 0.0110580865 99.56711840809 5.57806520879 1665.29028 0.8359999999999997 -2.539 2.163338933944702 -3.2349999799728395 0.17042032 0.16642031 "" "" 30.71897061810092 "" 5.15054355167254 ""
99.6390388748 5.24865841322 0.0392 0.0387 29.4988 "" "" 3131060471941598720 1309.43799 0.7385 0.0464 0.009 -5.362 0.051 0.047 0.972 4963.6 4.3937 16.204763 1.188598 16.70517 15.516572 "" "" 1238.72009 1381.34314 6209.27926 6.462 2840.2 23.121 4926.4 21.657 "" "" 0.0029780064634442375 0.009268515 0.006088137 0.015356652 99.6390388748 5.24865841322 1309.43799 0.00899999999999991 -5.362 1.336338933944702 -6.0579999799728395 0.17342031 0.1694203 "" "" 38.5043643005431 "" 6.530648174047512 ""
98.83184027729 5.22183896292 0.0495 0.0442 28.1941 "" "" 3131729181169970816 1705.32068 0.5527 0.0529 0.528 0.159 0.058 0.053 1.035 6152.9 4.4608 16.205004 1.302423 16.763302 15.460879 "" "" 1575.15723 1859.20972 6207.91206 4.4951 2692.1 23.148 5185.7 11.01 "" "" 0.0028652848636303964 0.009743728 0.004426914 0.014170641 98.83184027729 5.22183896292 1705.32068 0.5279999999999999 0.1589999999999999 1.8553389339447022 -0.5369999799728393 0.18042031 0.17542031 "" "" 15.612654286482792 "" 2.8108831604517563 ""
98.82213018083 5.44596396677 0.0451 0.0408 37.513 "" "" 3131753026828311680 1524.40576 0.6455 0.0512 2.187 -1.25 0.053 0.047 1.002 5474.0 4.5949 16.205236 1.264153 16.752018 15.487865 "" "" 1391.97974 1670.04761 6206.57757 3.7991 2720.3 17.363 5058.4 22.54 "" "" 0.002834337190959633 0.007470591 0.006139209 0.0136098005 98.82213018083 5.44596396677 1524.40576 2.187 -1.25 3.514338933944702 -1.9459999799728394 0.17542031 0.1694203 "" "" 29.02665362624797 "" 5.051534480882755 ""
99.0157581074 5.16474009794 0.0456 0.0404 17.3194 "" "" 3130976870399277952 1595.7135 0.6078 0.0519 0.322 -1.444 0.061 0.047 1.008 5660.8 4.3609 16.205921 1.556817 16.917883 15.361066 "" "" 1481.10059 1747.32129 6202.66839 5.3544 2334.9 12.792 5685.0 14.87 "" "" 0.002910366220512984 0.006570204 0.0047274544 0.011297658 99.0157581074 5.16474009794 1595.7135 0.32199999999999995 -1.444 1.6493389339447022 -2.1399999799728393 0.18342032 0.1694203 "" "" 20.43582978022581 "" 3.571540456033721 ""
99.34819994715 4.4190702598 0.0458 0.0406 33.8875 "" "" 3130855997137423744 1333.30786 0.7181 0.0494 -0.489 -0.241 0.064 0.047 0.976 8196.8 4.2534 16.206926 1.567274 16.930803 15.363529 "" "" 1264.37866 1414.78552 6196.92994 4.4414 2307.3 12.908 5672.1 16.018 "" "" 0.002863096023010561 0.0066842553 0.004866703 0.011550958 99.34819994715 4.4190702598 1333.30786 -0.48900000000000005 -0.24100000000000005 0.8383389339447022 -0.9369999799728393 0.18642032 0.1694203 "" "" 7.94592849632074 "" 1.4078594325815945 ""
99.30246487961 5.70896071344 0.0404 0.0386 44.4403 "" "" 3131847000713675776 1635.08789 0.5834 0.047 -0.913 -3.675 0.051 0.043 1.035 5624.3 4.6021 16.207441 1.063291 16.652374 15.589084 "" "" 1529.43079 1775.52954 6193.98715 3.3057 2981.7 16.576 4608.1 10.679 "" "" 0.0028155912310321458 0.006649572 0.004540334 0.011189906 99.30246487961 5.70896071344 1635.08789 -0.913 -3.6750000000000003 0.4143389339447021 -4.370999979972839 0.17342031 0.16542031 "" "" 34.02849523663003 "" 5.631486625917555 ""
99.82055735166 4.99609247577 0.0406 0.0387 35.2578 "" "" 3130994741762673536 1276.84277 0.768 0.0472 3.009 -4.848 0.051 0.046 1.036 5323.6 4.6229 16.207531 1.188418 16.714653 15.526235 "" "" 1194.52698 1352.44861 6193.47985 3.9122 2815.5 12.329 4882.7 12.511 "" "" 0.002839390683786712 0.005512664 0.00469289 0.010205554 99.82055735166 4.99609247577 1276.84277 3.009 -4.847999999999998 4.3363389339447025 -5.543999979972839 0.17342031 0.16842031 "" "" 42.5983484063487 "" 7.256008765097631 ""
99.67201240313 4.45475856616 0.0431 0.0422 40.7037 "" "" 3130689897863832320 1315.4176 0.7436 0.0501 1.049 -8.562 0.056 0.049 0.927 5055.1 4.387 16.207819 1.291419 16.779902 15.488482 "" "" 1237.57739 1412.89465 6191.8295 3.3768 2651.3 11.791 5055.5 12.844 "" "" 0.0028182258588231126 0.0055767256 0.004678954 0.0102556795 99.67201240313 4.45475856616 1315.4176 1.0489999999999997 -8.562 2.376338933944702 -9.257999979972839 0.1784203 0.1714203 "" "" 59.59560225633328 "" 10.242175097132883 ""
99.73061739203 5.2666770366 0.0399 0.0373 34.6985 "" "" 3131019686932100352 1738.38025 0.5623 0.0456 -1.636 4.314 0.049 0.043 0.953 5715.8 4.556 16.209183 1.137627 16.690277 15.55265 "" "" 1622.1449 1849.89771 6184.05551 3.2125 2879.4 15.284 4765.4 17.417 "" "" 0.002812455744899581 0.0064030355 0.005480026 0.011883061 99.73061739203 5.2666770366 1738.38025 -1.6359999999999997 4.313999999999993 -0.30866106605529775 3.6180000200271607 0.1714203 0.16542031 "" "" 29.920332304551845 "" 4.950751118286348 ""
99.00392457922 5.56303679831 0.0435 0.0454 37.9903 "" "" 3131849096657855872 1376.45288 0.6898 0.0572 -1.871 1.3 0.052 0.043 0.953 5437.8 4.5629 16.209246 1.420851 16.847504 15.426653 "" "" 1285.40906 1520.76819 6183.69907 8.2254 2491.2 15.412 5351.8 48.599 "" "" 0.0031108772647936845 0.0072734454 0.01055898 0.017832424 99.00392457922 5.56303679831 1376.45288 -1.871 1.3 -0.5436610660552978 0.6040000200271607 0.17442031 0.16542031 "" "" 5.301975999987188 "" 0.8987248011904823 ""
99.96629942458 5.20059851548 0.0478 0.0434 46.0287 "" "" 3131016044800334976 1340.4718 0.7263 0.0525 -0.862 -4.16 0.059 0.048 1.118 4968.8 4.5023 16.211847 1.309864 16.788923 15.479059 "" "" 1263.41272 1437.89563 6168.8999 4.0807 2629.3 25.98 5099.6 13.915 "" "" 0.002847387312718055 0.011085009 0.0048021516 0.01588716 99.96629942458 5.20059851548 1340.4718 -0.862 -4.159999999999999 0.46533893394470216 -4.8559999799728395 0.18142031 0.17042032 "" "" 30.995571521489136 "" 5.285476777875018 ""
99.17285017265 4.82429456324 0.0516 0.047 9.5072 "" "" 3130951895166800640 1719.75781 0.553 0.0512 -1.325 0.79 0.06 0.052 1.019 6031.3 4.463 16.213951 1.348445 16.80962 15.461175 "" "" 1586.45728 1899.3252 6156.95598 4.0522 2579.7 12.862 5184.3 22.982 "" "" 0.0028464732402861273 0.0060900794 0.006119588 0.012209667 99.17285017265 4.82429456324 1719.75781 -1.325 0.7900000000000007 0.002338933944702193 0.09400002002716068 0.18242031 0.17442031 "" "" 0.7664926212458718 "" 0.13369576323794824 ""
98.74473533593 4.85876538619 0.0398 0.0375 29.8599 "" "" 3130944434805967232 1456.1875 0.666 0.0434 0.009 -0.26 0.049 0.045 0.992 8932.0 4.3115 16.214373 1.780135 17.07062 15.290484 "" "" 1366.08289 1558.23059 6154.56494 3.3488 2028.5 12.19 6066.9 22.584 "" "" 0.002817941609088938 0.0070961453 0.0055334107 0.012629556 98.74473533593 4.85876538619 1456.1875 0.008999999999999998 -0.26 1.336338933944702 -0.9559999799728394 0.1714203 0.16742031 "" "" 11.341132558901654 "" 1.928862748991417 ""
99.23573653484 5.66004042146 0.0418 0.0401 41.3017 "" "" 3131844973489154560 1619.92957 0.6005 0.0483 1.749 -3.243 0.054 0.047 0.988 5131.3 4.3883 16.214394 1.069741 16.66363 15.593888 "" "" 1500.08301 1801.10754 6154.44752 3.3361 2951.0 11.81 4587.8 12.694 "" "" 0.002817475117462121 0.0051638545 0.0048278887 0.009991743 99.23573653484 5.66004042146 1619.92957 1.749 -3.243 3.0763389339447023 -3.9389999799728392 0.17642032 0.1694203 "" "" 38.37664977484824 "" 6.604846216122077 ""
99.03283561209 5.35585728469 0.0474 0.0627 25.9193 "" "" 3131737148328290816 1757.69263 0.5465 0.0741 1.788 -1.841 0.056 0.049 0.991 5515.1 4.687 16.21572 1.210513 16.74501 15.534497 "" "" 1540.1167 1979.0033 6146.941 3.7067 2737.9 18.34 4845.7 12.25 "" "" 0.00283203848576028 0.0077897203 0.0046709115 0.012460632 99.03283561209 5.35585728469 1757.69263 1.7880000000000014 -1.841 3.1153389339447024 -2.5369999799728395 0.1784203 0.1714203 "" "" 33.47310378876549 "" 5.87997095948609 ""
99.04260991939 4.54111885346 0.0399 0.0404 28.1884 "" "" 3130868091765063808 1183.91235 0.8145 0.0495 13.041 -0.049 0.05 0.047 1.058 5301.4 4.6292 16.21692 1.251774 16.763672 15.511898 "" "" 1113.90662 1251.25195 6140.13817 3.4113 2691.2 14.287 4947.6 21.11 "" "" 0.0028205757483563305 0.006403752 0.0059786313 0.012382383 99.04260991939 4.54111885346 1183.91235 13.041000000000015 -0.04899999999999991 14.368338933944703 -0.7449999799728394 0.17242031 0.1694203 "" "" 80.73976096382273 "" 13.920530641920292 ""
98.60615849915 5.24941928667 0.0457 0.0421 40.902 "" "" 3131743440461450880 1390.76172 0.7006 0.0524 0.898 2.087 0.056 0.047 1.045 5808.3 4.5779 16.217426 1.4396 16.85838 15.418779 "" "" 1276.979 1503.46277 6137.2844 18.898 2466.4 26.364 5390.7 32.596 "" "" 0.004332303639336376 0.011936406 0.0075752675 0.019511674 98.60615849915 5.24941928667 1390.76172 0.898 2.0869999999999975 2.2253389339447023 1.3910000200271608 0.1784203 0.1694203 "" "" 17.30001845757546 "" 3.043735782537761 ""
99.5749419965 4.75707505304 0.049 0.0579 24.2511 "" "" 3130894961078472448 1623.57239 0.6269 0.0705 1.0 -1.629 0.057 0.05 1.045 5014.7 4.3774 16.218344 1.058288 16.562828 15.50454 "" "" 1405.91541 2013.15674 6132.10441 5.1721 3238.1 38.141 4981.3 25.193 "" "" 0.00290351612106522 0.013089525 0.006666049 0.019755574 99.5749419965 4.75707505304 1623.57239 1.0 -1.629 2.327338933944702 -2.3249999799728394 0.1794203 0.17242031 "" "" 25.3166595078852 "" 4.454684965944123 ""
99.19506683317 4.53449614441 0.0559 0.0532 26.3207 "" "" 3130873142646872576 1258.63928 0.7681 0.0661 -2.523 -3.231 0.071 0.063 1.428 5067.1 4.3774 16.21902 1.375784 16.816267 15.440483 "" "" 1163.07788 1369.00244 6128.27221 6.6461 2564.0 20.464 5284.0 13.558 "" "" 0.002996372114018157 0.009103683 0.0046951747 0.013798857 99.19506683317 4.53449614441 1258.63928 -2.523000000000003 -3.231 -1.195661066055298 -3.9269999799728392 0.19342032 0.1854203 "" "" 24.490159556894177 "" 4.5579214581362235 ""
98.70051123602 5.3605356117 0.0511 0.0464 39.3698 "" "" 3131746051801501312 1583.16077 0.5901 0.0522 3.082 -4.14 0.061 0.053 1.066 5726.6 4.5739 16.22075 1.270741 16.775093 15.504352 "" "" 1450.52991 1702.88025 6118.52368 3.7978 2663.1 13.374 4982.2 11.275 "" "" 0.002836540234914464 0.0061249603 0.0045078797 0.01063284 98.70051123602 5.3605356117 1583.16077 3.0820000000000003 -4.14 4.409338933944702 -4.835999979972839 0.18342032 0.17542031 "" "" 49.110365727672125 "" 8.795480098256 ""
99.69985498226 4.37540355076 0.0459 0.0443 45.4471 "" "" 3130688008078137088 1523.6405 0.6318 0.0492 2.669 -1.41 0.056 0.052 1.023 5597.9 4.4735 16.2249 1.363697 16.830591 15.466894 "" "" 1421.98511 1632.90771 6095.1883 3.6391 2530.3 12.655 5157.0 17.443 "" "" 0.002830546853557716 0.006105074 0.0052697393 0.0113748135 99.69985498226 4.37540355076 1523.6405 2.6690000000000014 -1.4099999999999997 3.996338933944702 -2.1059999799728395 0.1784203 0.17442031 "" "" 32.62416265771863 "" 5.792699706696866 ""
99.97271220088 5.21731513175 0.0427 0.0401 46.7008 "" "" 3131016143579145088 1418.82031 0.6785 0.047 -1.505 -3.201 0.053 0.044 1.025 5398.5 4.6093 16.225101 1.216594 16.758217 15.541623 "" "" 1333.6449 1507.72522 6094.05236 3.5019 2704.8 11.962 4814.0 20.943 "" "" 0.0028250757340434677 0.0055534807 0.0060493373 0.011602818 99.97271220088 5.21731513175 1418.82031 -1.5050000000000008 -3.2009999999999965 -0.17766106605529774 -3.8969999799728394 0.17542031 0.16642031 "" "" 26.235357510604334 "" 4.366599286683764 ""
99.50852031864 4.56394212021 0.0519 0.0461 29.5547 "" "" 3130882282337221504 1433.47424 0.693 0.0614 -0.175 -9.314 0.068 0.049 1.047 5454.4 4.6323 16.226145 1.293809 16.797167 15.503358 "" "" 1317.73804 1593.12573 6088.19751 4.1409 2609.5 18.569 4986.7 22.815 "" "" 0.0028525639298121923 0.008214399 0.0062417197 0.014456119 99.50852031864 4.56394212021 1433.47424 -0.1750000000000002 -9.314000000000002 1.152338933944702 -10.00999997997284 0.19042031 0.1714203 "" "" 68.46381841379046 "" 11.754031194877777 ""
99.6475617143 4.67888490239 0.0528 0.0646 30.4681 "" "" 3130890528674367360 1503.98145 0.6679 0.0868 -2.404 -0.136 0.066 0.052 0.938 4613.5 4.3276 16.22636 1.52315 16.919603 15.396453 "" "" 1334.88672 1741.49707 6086.99258 17.241 2331.2 35.757 5502.7 54.391 "" "" 0.004129056182037558 0.016885629 0.011377908 0.028263537 99.6475617143 4.67888490239 1503.98145 -2.404 -0.1359999999999998 -1.0766610660552978 -0.8319999799728394 0.18842031 0.17442031 "" "" 9.700042806111853 "" 1.7781253083248598 ""
99.21433305216 4.23121380617 0.0433 0.0425 44.4403 "" "" 3130659184556302080 1380.6073 0.7129 0.0527 -1.164 -4.163 0.051 0.045 1.028 "" "" 16.228863 2.332397 17.468447 15.136049 "" "" 1278.05786 1482.70667 6072.98064 4.1809 1406.2 17.308 6994.2 14.649 "" "" 0.0028549074836412185 0.01365179 0.00441077 0.01806256 99.21433305216 4.23121380617 1380.6073 -1.1640000000000001 -4.162999999999998 0.16333893394470222 -4.85899997997284 0.17342031 0.16742031 "" "" 31.815638709067496 "" 5.326803509908015 ""
