Clusters/Collinder_107/Collinder_107_stars_in_region.tsv
# %ECSV 1.0
# ---
# datatype:
# - name: RA_ICRS_1
#   unit: deg
#   datatype: float64
#   format: '{:15.11f}'
#   description: Right ascension (ICRS) at Ep=2016.0 (ra)
#   meta: !!omap
#   - {ucd: POS_EQ_RA_MAIN}
#   - {width: 15}
#   - {precision: '11'}
# - name: DE_ICRS_1
#   unit: deg
#   datatype: float64
#   format: '{:15.11f}'
#   description: Declination (ICRS) at Ep=2016.0 (dec)
#   meta: !!omap
#   - {ucd: POS_EQ_DEC_MAIN}
#   - {width: 15}
#   - {precision: '11'}
# - name: e_RA_ICRS
#   unit: mas
#   datatype: float64
#   format: '{:7.4f}'
#   description: Standard error of right ascension (ra_error)
#   meta: !!omap
#   - {ucd: ERROR}
#   - {width: 7}
#   - {precision: '4'}
# - name: e_DE_ICRS
#   unit: mas
#   datatype: float64
#   format: '{:7.4f}'
#   description: Standard error of declination (dec_error)
#   meta: !!omap
#   - {ucd: ERROR}
#   - {width: 7}
#   - {precision: '4'}
# - name: _r_1
#   unit: ''
#   datatype: float64
#   format: '{:7.4f}'
#   description: Distance from center (099.23120650000+04.97169414000)[ICRS], at Epoch=J2016.0
#   meta: !!omap
#   - {ucd: POS_ANG_DIST_GENERAL}
#   - {width: 7}
#   - {precision: '4'}
# - name: HIP
#   datatype: int32
#   description: '? HIP cross-id number, van Leeuwen, Cat. I/311 (hip_original_ext_source_id)'
#   meta: !!omap
#   - {ucd: ID_NUMBER}
#   - {width: 6}
#   - values: {'null': -2147483648}
# - name: TYC2
#   datatype: string
#   description: Tycho-2 cross-id name, Hog et al., Cat. I/259 (tyc2_original_ext_source_id)
#   meta: !!omap
#   - {ucd: ID_CROSSID}
#   - {_votable_string_dtype: char}
# - name: Source
#   datatype: int64
#   description: Source identifier, identical to the Gaia-EDR3 source_id (id)
#   meta: !!omap
#   - {ucd: ID_MAIN}
#   - {width: 19}
# - name: rgeo
#   unit: pc
#   datatype: float64
#   format: '{:15.8f}'
#   description: '? Median of the geometric distance posterior (r_med_geo)'
#   meta: !!omap
#   - {ucd: PHYS_DISTANCE_TRUE}
#   - {width: 15}
#   - {precision: '8'}
#   - values: {'null': .nan}
# - name: Plx
#   unit: mas
#   datatype: float64
#   format: '{:9.4f}'
#   description: '? Parallax (parallax)'
#   meta: !!omap
#   - {ucd: POS_PARLX_TRIG}
#   - {width: 9}
#   - {precision: '4'}
#   - values: {'null': .nan}
# - name: e_Plx
#   unit: mas
#   datatype: float32
#   format: '{:7.4f}'
#   description: '? Standard error of parallax (parallax_error)'
#   meta: !!omap
#   - {ucd: ERROR}
#   - {width: 7}
#   - {precision: '4'}
#   - values: {'null': .nan}
# - name: pmRA
#   unit: mas / yr
#   datatype: float64
#   format: '{:9.3f}'
#   description: '? Proper motion in right ascension direction, pmRA*cosDE (pmra)'
#   meta: !!omap
#   - {ucd: POS_EQ_PMRA}
#   - {width: 9}
#   - {precision: '3'}
#   - values: {'null': .nan}
# - name: pmDE
#   unit: mas / yr
#   datatype: float64
#   format: '{:9.3f}'
#   description: '? Proper motion in declination direction (pmdec)'
#   meta: !!omap
#   - {ucd: POS_EQ_PMDEC}
#   - {width: 9}
#   - {precision: '3'}
#   - values: {'null': .nan}
# - name: e_pmRA
#   unit: mas / yr
#   datatype: float32
#   format: '{:6.3f}'
#   description: '? Standard error of proper motion in right ascension direction (pmra_error)'
#   meta: !!omap
#   - {ucd: ERROR}
#   - {width: 6}
#   - {precision: '3'}
#   - values: {'null': .nan}
# - name: e_pmDE
[...]
#         value: !astropy.table.SerializedColumn {name: SkyCoord.dec}
#       distance: !astropy.table.SerializedColumn
#         __class__: astropy.coordinates.distances.Distance
#         unit: !astropy.units.Unit {unit: pc}
#         value: !astropy.table.SerializedColumn {name: SkyCoord.distance}
#       frame: icrs
#       obstime: !astropy.time.Time {format: jyear_str, in_subfmt: '*', jd1: 367701545.0, jd2: 0.0, out_subfmt: '*', precision: 3, scale: tt}
#       pm_dec: !astropy.table.SerializedColumn
#         __class__: astropy.units.quantity.Quantity
#         unit: !astropy.units.Unit {unit: mas / yr}
#         value: !astropy.table.SerializedColumn {name: SkyCoord.pm_dec}
#       pm_ra_cosdec: !astropy.table.SerializedColumn
#         __class__: astropy.units.quantity.Quantity
#         unit: !astropy.units.Unit {unit: mas / yr}
#         value: !astropy.table.SerializedColumn {name: SkyCoord.pm_ra_cosdec}
#       ra: !astropy.table.SerializedColumn
#         __class__: astropy.coordinates.angles.Longitude
#         unit: *id001
#         value: !astropy.table.SerializedColumn {name: SkyCoord.ra}
#         wrap_angle: !astropy.coordinates.Angle
#           unit: *id001
#           value: 360.0
#       representation_type: spherical
# schema: astropy-2.0
RA_ICRS_1 DE_ICRS_1 e_RA_ICRS e_DE_ICRS _r_1 HIP TYC2 Source rgeo Plx e_Plx pmRA pmDE e_pmRA e_pmDE RUWE Teff logg Gmag BP-RP BPmag RPmag RV e_RV b_rgeo B_rgeo FG e_FG FBP e_FBP FRP e_FRP RAVE5 RAVE6 e_Gmag e_BPmag e_RPmag e_BP-RP SkyCoord.ra SkyCoord.dec SkyCoord.distance SkyCoord.pm_ra_cosdec SkyCoord.pm_dec rmRA rmDE e_rmRA e_rmDE rRV e_rRV v_pec v_pec3d e_vpec e_vpec3d
[from data line 2332]
98.95387849983 4.56305764079 0.1208 0.1161 29.5991 "" "" 3130871626519878272 1642.93774 0.6319 0.1403 -1.189 -2.084 0.152 0.152 2.231 9477.9 4.0237 16.685778 2.179501 17.74187 15.56237 "" "" 1310.35645 2307.04663 3986.90469 18.897 1093.1 7.6869 4722.9 30.456 "" "" 0.005837337369143774 0.008128963 0.007956388 0.016085353 98.95387849983 4.56305764079 1642.93774 -1.1889999999999998 -2.0839999999999996 0.1383389339447021 -2.7799999799728394 0.27442032 0.27442032 "" "" 21.67610731586356 "" 5.948364327383142 ""
99.61362738476 4.73095366031 0.0659 0.0735 27.0437 "" "" 3130891731265201792 1541.98743 0.6317 0.0943 0.422 -2.815 0.074 0.064 0.954 5284.4 4.7135 16.685827 1.48197 17.356674 15.874704 "" "" 1348.00696 1756.21387 3986.72381 2.8851 1558.6 11.986 3542.2 13.311 "" "" 0.00286516120355688 0.008803425 0.0055614985 0.014364924 99.61362738476 4.73095366031 1541.98743 0.422 -2.815 1.749338933944702 -3.5109999799728393 0.19642031 0.18642032 "" "" 28.670844972562502 "" 5.403060007980414 ""
99.43979825037 4.92061235497 0.0644 0.0714 12.8401 "" "" 3130912793784377216 1632.23669 0.6111 0.0811 3.951 -0.852 0.074 0.065 1.055 5158.9 4.7464 16.686434 1.349826 17.289112 15.939286 "" "" 1463.40564 1862.08618 3984.49195 3.0757 1658.7 13.539 3337.7 19.08 "" "" 0.002879965173074088 0.009291081 0.0072667664 0.016557846 99.43979825037 4.92061235497 1632.23669 3.950999999999997 -0.852 5.278338933944703 -1.5479999799728392 0.19642031 0.18742031 "" "" 42.5574502718037 "" 8.329455724621322 ""
99.50370299148 5.47117175577 0.0531 0.0494 34.106 "" "" 3131085348392119296 1613.94104 0.6098 0.0606 -1.733 -7.156 0.064 0.057 1.06 5252.6 4.6942 16.687405 1.220657 17.192362 15.971704 "" "" 1470.81287 1758.75354 3980.93411 3.153 1813.3 14.315 3239.5 14.526 "" "" 0.0028863938910079117 0.009013988 0.006163255 0.015177242 99.50370299148 5.47117175577 1613.94104 -1.733 -7.1559999999999935 -0.40566106605529795 -7.851999979972839 0.18642032 0.1794203 "" "" 60.148543297770054 "" 10.793012735602602 ""
98.62780365333 5.18129473001 0.0555 0.0532 38.1921 "" "" 3131707770755423488 1450.62244 0.664 0.0671 6.252 -3.578 0.074 0.059 1.051 5622.3 4.5464 16.688778 1.585131 17.38104 15.79591 "" "" 1322.6001 1584.61804 3975.898 3.3046 1524.1 12.648 3808.9 23.695 "" "" 0.0028993358702025266 0.009432291 0.007739802 0.017172093 98.62780365333 5.18129473001 1450.62244 6.252000000000001 -3.5780000000000003 7.579338933944702 -4.273999979972839 0.19642031 0.18142031 "" "" 59.830035969029566 "" 11.541699009289546 ""
99.55784870554 4.5349217358 0.0661 0.0587 32.6839 "" "" 3130694261550655744 1726.4679 0.5606 0.0773 0.296 -2.291 0.081 0.064 0.985 5520.0 4.7137 16.688847 1.338338 17.280472 15.942134 "" "" 1540.2887 1957.76465 3975.64812 3.554 1672.0 19.619 3328.9 19.106 "" "" 0.002921271217849418 0.013041827 0.0072880355 0.020329863 99.55784870554 4.5349217358 1726.4679 0.2959999999999997 -2.290999999999998 1.6233389339447022 -2.9869999799728393 0.20342031 0.18642032 "" "" 27.82062533450567 "" 5.297885660209733 ""
98.8428685017 5.49218814924 0.0607 0.0589 38.906 "" "" 3131754710455466112 1548.89075 0.6465 0.0689 0.413 -6.007 0.071 0.066 0.947 5102.7 4.708 16.689058 1.214718 17.221354 16.006636 "" "" 1369.49353 1724.84253 3974.8711 2.9344 1765.5 15.663 3136.9 9.9289 "" "" 0.0028695369210290558 0.010028305 0.005108201 0.015136506 98.8428685017 5.49218814924 1548.89075 0.4130000000000001 -6.007000000000001 1.7403389339447022 -6.702999979972839 0.19342032 0.18842031 "" "" 50.84334726211656 "" 9.596173230768752 ""
98.77956448268 4.60511221547 0.0542 0.0543 34.828 "" "" 3130918669299988352 1212.3302 0.7909 0.0677 3.723 -7.914 0.072 0.06 1.006 4953.0 4.754 16.689968 1.361757 17.278284 15.916527 "" "" 1120.56812 1313.56946 3971.54301 3.1972 1675.3 12.141 3408.4 13.446 "" "" 0.0028906310254309927 0.008348455 0.0057122153 0.0140606705 98.77956448268 4.60511221547 1212.3302 3.723 -7.913999999999999 5.050338933944702 -8.609999979972839 0.19442031 0.18242031 "" "" 57.36035314364104 "" 10.644134415252726 ""
99.45026768418 5.71323162424 0.0517 0.0463 46.3769 "" "" 3131843392941364352 1446.28381 0.6878 0.0566 2.162 -4.956 0.07 0.057 0.971 4920.6 4.707 16.690231 1.196207 17.215185 16.018978 "" "" 1317.86877 1600.89209 3970.58112 3.0903 1775.6 13.918 3101.5 15.432 "" "" 0.002881989075856151 0.008956225 0.0065930295 0.015549254 99.45026768418 5.71323162424 1446.28381 2.162 -4.956 3.489338933944702 -5.65199997997284 0.1924203 0.1794203 "" "" 45.535752916231644 "" 8.337596804041695 ""
98.62820034346 5.41776361653 0.0574 0.0524 44.8843 "" "" 3131750174970107648 1262.98352 0.7728 0.0654 -0.079 -2.727 0.065 0.059 1.118 4892.2 4.693 16.69087 1.455721 17.344002 15.888281 "" "" 1158.55774 1367.0708 3968.24761 5.275 1576.9 13.709 3498.2 17.138 "" "" 0.0031104375386253598 0.009842751 0.006525088 0.016367838 98.62820034346 5.41776361653 1262.98352 -0.07899999999999999 -2.7269999999999994 1.2483389339447022 -3.4229999799728392 0.18742031 0.18142031 "" "" 21.81211874339815 "" 3.9727475170735675 ""
98.94825596823 5.0893543513 0.0572 0.0525 18.326 "" "" 3130974503874617344 1201.78113 0.8005 0.0608 -0.609 -1.955 0.067 0.06 0.955 4836.5 4.6536 16.692007 1.36729 17.30914 15.94185 "" "" 1108.17542 1279.30945 3964.09491 3.2606 1628.4 17.334 3329.8 13.937 "" "" 0.002896434894073532 0.011889477 0.0059106 0.017800078 98.94825596823 5.0893543513 1201.78113 -0.6090000000000002 -1.955 0.7183389339447022 -2.6509999799728394 0.18942031 0.18242031 "" "" 15.645849288535523 "" 2.8617457153740338 ""
98.97678183602 5.66122827939 0.0595 0.0622 44.0758 "" "" 3131851016501455488 1421.24854 0.7055 0.0761 -0.281 -3.264 0.072 0.061 1.077 4996.2 4.7133 16.692636 1.349614 17.286076 15.936461 "" "" 1271.0929 1579.31104 3961.79751 3.4106 1663.4 15.915 3346.4 22.047 "" "" 0.0029095387205605827 0.010756241 0.008090177 0.018846419 98.97678183602 5.66122827939 1421.24854 -0.2809999999999999 -3.2640000000000007 1.046338933944702 -3.959999979972839 0.19442031 0.18342032 "" "" 27.592946769923497 "" 5.081467775455342 ""
99.40267150984 5.65425830521 0.0531 0.0497 42.2155 "" "" 3131842740106405120 1303.05286 0.7659 0.0577 -0.12 -5.302 0.068 0.059 1.057 "" "" 16.692656 1.363646 17.252129 15.888483 "" "" 1215.68994 1380.27209 3961.72958 2.9934 1716.2 29.575 3497.6 29.331 "" "" 0.0028748528985191655 0.018917216 0.009858253 0.028775468 99.40267150984 5.65425830521 1303.05286 -0.11999999999999983 -5.302 1.207338933944702 -5.997999979972839 0.19042031 0.18142031 "" "" 37.78953825289283 "" 6.869348616252467 ""
99.00137192143 4.90391571306 0.052 0.0468 14.3281 "" "" 3130957220926276352 1492.87695 0.6473 0.0584 -1.184 0.706 0.066 0.059 0.992 7586.5 4.3697 16.692932 1.820212 17.575506 15.755294 "" "" 1370.21863 1652.23193 3960.71793 2.8571 1274.1 12.349 3954.0 15.994 "" "" 0.002864472120078635 0.010886929 0.00579412 0.016681049 99.00137192143 4.90391571306 1492.87695 -1.1840000000000013 0.7060000000000004 0.1433389339447022 0.010000020027160605 0.18842031 0.18142031 "" "" 1.0167656030146133 "" 0.19154545475704968 ""
99.01769249985 4.99524955611 0.0595 0.0561 12.8404 "" "" 3130969968389167232 1734.87012 0.5581 0.0642 -2.049 0.55 0.07 0.064 0.978 8419.9 4.4921 16.69318 1.696636 17.50209 15.805454 "" "" 1574.73303 1942.4104 3959.81509 3.3087 1363.3 9.3401 3775.5 9.7672 "" "" 0.0029008301332716347 0.0079445625 0.004708827 0.01265339 99.01769249985 4.99524955611 1734.87012 -2.0490000000000026 0.5499999999999994 -0.7216610660552978 -0.1459999799728393 0.1924203 0.18642032 "" "" 6.054653496759798 "" 1.163631262884707 ""
99.36212344857 5.31215648226 0.0565 0.0579 21.8746 "" "" 3131075830744745472 1498.19067 0.6686 0.0687 -3.88 -7.596 0.069 0.065 1.056 4998.7 4.6859 16.693214 1.224596 17.229084 16.004488 "" "" 1315.18286 1685.72205 3959.68898 3.1451 1753.0 11.448 3143.1 13.719 "" "" 0.0028871240578900326 0.007619653 0.006061521 0.013681173 99.36212344857 5.31215648226 1498.19067 -3.88 -7.596000000000001 -2.5526610660552977 -8.29199997997284 0.19142032 0.18742031 "" "" 61.61210254277439 "" 11.568900824572381 ""
99.91855770251 4.88347565565 0.0909 0.0818 41.4282 "" "" 3130989381643496064 1239.87329 0.799 0.0997 1.812 -7.687 0.111 0.085 1.574 4805.2 4.8847 16.6942 1.314564 17.199844 15.885281 "" "" 1090.85266 1428.37415 3956.09386 6.7377 1800.9 13.547 3507.9 19.431 "" "" 0.0033182979919552076 0.008630738 0.0071030552 0.015733793 99.91855770251 4.88347565565 1239.87329 1.811999999999999 -7.686999999999991 3.1393389339447024 -8.38299997997284 0.23342031 0.20742032 "" "" 52.60821788826967 "" 11.08934775878657 ""
99.05236468983 5.32151837852 0.0601 0.0646 23.5536 "" "" 3131736774672030720 1419.96411 0.6832 0.0733 -1.919 -3.358 0.076 0.074 1.07 5117.7 4.7397 16.695223 1.364763 17.302402 15.937639 "" "" 1263.87891 1608.90979 3952.36876 3.3056 1638.5 17.922 3342.7 16.578 "" "" 0.0029010984401724687 0.012199206 0.006578631 0.018777836 99.05236468983 5.32151837852 1419.96411 -1.9190000000000003 -3.3579999999999997 -0.5916610660552979 -4.05399997997284 0.19842032 0.19642031 "" "" 27.575037132093854 "" 5.417453324209195 ""
98.85396330798 4.44307561515 0.0526 0.0511 38.921 "" "" 3130868504081993984 1571.21643 0.6169 0.068 -1.419 -1.426 0.066 0.056 0.991 8487.9 4.4472 16.695223 1.738902 17.522587 15.783685 "" "" 1437.98694 1771.27539 3952.36884 3.0184 1337.8 9.7597 3852.0 14.98 "" "" 0.0028773794321529786 0.008397873 0.0056667104 0.014064583 98.85396330798 4.44307561515 1571.21643 -1.4189999999999996 -1.4259999999999997 -0.09166106605529789 -2.1219999799728395 0.18842031 0.1784203 "" "" 15.81847155158628 "" 2.8226393634362825 ""
99.52125650615 4.95199245296 0.0622 0.065 17.378 "" "" 3130911522474008064 1680.44763 0.5983 0.0757 0.02 0.514 0.08 0.072 1.078 5389.1 4.7166 16.697723 1.392516 17.087269 15.694753 "" "" 1479.84448 1910.43103 3943.28106 5.9159 1997.6 34.13 4180.8 142.01 "" "" 0.00320078409447584 0.01875901 0.037072547 0.05583156 99.52125650615 4.95199245296 1680.44763 0.02 0.514 1.3473389339447022 -0.18199997997283934 0.20242031 0.19442031 "" "" 10.829458242929464 "" 2.1905799323103228 ""
99.6302748357 4.84778000162 0.0636 0.0683 24.9879 "" "" 3130897946078536960 1488.66724 0.666 0.0793 -3.99 3.851 0.077 0.068 0.894 5023.4 4.7722 16.701338 1.293634 17.268541 15.974908 "" "" 1320.34802 1683.44873 3930.16921 3.7613 1690.4 12.014 3229.9 11.929 "" "" 0.0029447388266162985 0.0082054855 0.005510304 0.01371579 99.6302748357 4.84778000162 1488.66724 -3.9899999999999993 3.851 -2.662661066055298 3.1550000200271606 0.1994203 0.19042031 "" "" 29.131245184261342 "" 5.6577171563817625 ""
99.12118423607 5.2514497595 0.0559 0.0628 18.0272 "" "" 3130984983594664320 1463.23511 0.6647 0.0751 1.173 -0.495 0.067 0.057 0.92 5200.5 4.7241 16.70343 1.407139 17.336922 15.929783 "" "" 1312.77954 1681.14026 3922.60554 2.8502 1587.3 13.646 3367.0 12.454 "" "" 0.002866035819721228 0.009742162 0.005514682 0.015256844 99.12118423607 5.2514497595 1463.23511 1.173 -0.495 2.500338933944702 -1.1909999799728395 0.18942031 0.1794203 "" "" 19.208573437019073 "" 3.6037423943258355 ""
99.53780551272 4.61264717994 0.0642 0.059 28.2868 "" "" 3130884683220539008 1685.47046 0.5917 0.0776 -3.268 0.957 0.094 0.067 0.873 5228.2 4.7712 16.704119 1.216967 17.231623 16.014656 "" "" 1500.73499 1901.72205 3920.11823 3.2122 1748.9 16.976 3113.8 10.989 "" "" 0.002895392468043581 0.010901979 0.0053819767 0.016283955 99.53780551272 4.61264717994 1685.47046 -3.267999999999999 0.9570000000000002 -1.9406610660552976 0.2610000200271606 0.21642031 0.18942031 "" "" 15.643782193548445 "" 3.3785887711015032 ""
99.91704430625 4.71442013365 0.0529 0.0546 43.8127 "" "" 3130704024014886528 1280.29944 0.7507 0.0661 0.662 -3.469 0.064 0.057 1.031 5182.2 4.6804 16.704502 1.412345 17.343424 15.931079 "" "" 1162.38513 1386.46936 3918.73742 3.8668 1577.8 10.567 3363.0 13.165 "" "" 0.0029562767485738473 0.007788439 0.0056875893 0.013476028 99.91704430625 4.71442013365 1280.29944 0.662 -3.4690000000000003 1.989338933944702 -4.164999979972839 0.18642032 0.1794203 "" "" 28.010931399888296 "" 5.062726661268285 ""
99.56217595069 4.48294505514 0.0586 0.0592 35.3782 "" "" 3130693505636382592 1607.1095 0.6186 0.0765 -1.6 -1.28 0.068 0.06 0.999 5282.9 4.7207 16.70497 1.365426 17.315489 15.950063 "" "" 1428.33203 1805.55676 3917.04975 3.2471 1618.9 24.112 3304.7 15.268 "" "" 0.002898595871212982 0.016409967 0.0062806 0.022690568 99.56217595069 4.48294505514 1607.1095 -1.5999999999999983 -1.2799999999999996 -0.27266106605529794 -1.9759999799728394 0.19042031 0.18242031 "" "" 15.195199712484492 "" 2.774233241908395 ""
98.71295265762 5.25647858549 0.0604 0.0523 35.3723 "" "" 3131731856932089216 1698.89453 0.571 0.0627 -0.482 -1.411 0.075 0.063 1.035 5200.4 4.6736 16.705063 1.411863 17.351648 15.939785 "" "" 1520.65674 1887.52234 3916.71291 3.185 1565.9 14.098 3336.1 19.399 "" "" 0.0028933204969824157 0.010165437 0.0073581915 0.017523628 98.71295265762 5.25647858549 1698.89453 -0.48199999999999943 -1.4110000000000005 0.8453389339447022 -2.1069999799728394 0.19742031 0.1854203 "" "" 18.281799421993934 "" 3.421073791934732 ""
98.83968574434 4.99922386231 0.0562 0.0537 23.4606 "" "" 3130950280259145088 1571.26135 0.6293 0.0676 -0.102 -1.571 0.068 0.06 1.065 5930.4 4.5796 16.706045 1.631126 17.47408 15.842954 "" "" 1399.02661 1745.81909 3913.16888 3.1323 1398.9 11.481 3647.3 13.514 "" "" 0.002889132565501119 0.009337433 0.005519716 0.014857149 98.83968574434 4.99922386231 1571.26135 -0.10199999999999991 -1.571 1.225338933944702 -2.266999979972839 0.19042031 0.18242031 "" "" 19.192659224942165 "" 3.53642948384758 ""
98.75110986062 5.52527227675 0.0533 0.0511 43.8867 "" "" 3131757321795600256 1332.26929 0.7186 0.0614 5.016 1.207 0.062 0.061 0.992 4981.8 4.6941 16.706795 1.314715 17.29786 15.983144 "" "" 1234.76733 1480.93408 3910.47162 2.8884 1645.4 11.148 3205.5 11.588 "" "" 0.002869656544554244 0.007867515 0.0054487763 0.013316291 98.75110986062 5.52527227675 1332.26929 5.016000000000001 1.207 6.343338933944702 0.5110000200271607 0.18442032 0.18342032 "" "" 40.18767516448844 "" 7.4111653940640325 ""
98.96390130373 5.46879170605 0.0661 0.069 33.8331 "" "" 3131742821985961856 1220.75049 0.791 0.0807 4.96 -2.303 0.078 0.071 1.041 "" "" 16.707823 1.383256 17.336355 15.953099 "" "" 1128.39941 1321.29321 3906.76799 3.6834 1588.1 13.484 3295.5 14.913 "" "" 0.0029393312834852343 0.009631601 0.006198682 0.015830282 98.96390130373 5.46879170605 1220.75049 4.960000000000005 -2.303 6.287338933944702 -2.9989999799728393 0.20042032 0.19342032 "" "" 40.30754737272479 "" 8.02690356515407 ""
99.39188633051 5.68249694216 0.0568 0.0542 43.7151 "" "" 3131843599099554432 1259.24548 0.7701 0.0661 -2.063 -6.014 0.07 0.06 1.105 4866.5 4.6726 16.707823 1.282982 17.283123 16.000141 "" "" 1170.88806 1371.4635 3906.77097 2.9193 1667.9 10.116 3155.7 17.648 "" "" 0.0028722827312691974 0.007151834 0.0071520354 0.01430387 99.39188633051 5.68249694216 1259.24548 -2.063000000000003 -6.014 -0.735661066055298 -6.70999997997284 0.1924203 0.18242031 "" "" 40.29079573685408 "" 7.3547746008853645 ""
98.86137599401 5.22869348259 0.0635 0.0562 26.9494 "" "" 3131729249889435264 1366.34888 0.7198 0.0733 -2.854 -3.68 0.08 0.074 1.043 5415.4 4.7191 16.708729 1.469521 17.3719 15.90238 "" "" 1249.91565 1500.44556 3903.51146 3.1789 1536.9 10.687 3453.1 21.854 "" "" 0.002893714187991573 0.008048869 0.007842196 0.015891064 98.86137599401 5.22869348259 1366.34888 -2.853999999999997 -3.680000000000001 -1.526661066055298 -4.375999979972839 0.20242031 0.19642031 "" "" 30.016343819185774 "" 5.915626334094133 ""
