Clusters/Collinder_107/Collinder_107_members.tsv
# %ECSV 1.0
# ---
# datatype:
# - name: RA_ICRS_1
#   unit: deg
#   datatype: float64
#   format: '{:15.11f}'
#   description: Right ascension (ICRS) at Ep=2016.0 (ra)
#   meta: !!omap
#   - {ucd: POS_EQ_RA_MAIN}
#   - {width: 15}
#   - {precision: '11'}
# - name: DE_ICRS_1
#   unit: deg
#   datatype: float64
#   format: '{:15.11f}'
#   description: Declination (ICRS) at Ep=2016.0 (dec)
#   meta: !!omap
#   - {ucd: POS_EQ_DEC_MAIN}
#   - {width: 15}
#   - {precision: '11'}
# - name: e_RA_ICRS
#   unit: mas
#   datatype: float64
#   format: '{:7.4f}'
#   description: Standard error of right ascension (ra_error)
#   meta: !!omap
#   - {ucd: ERROR}
#   - {width: 7}
#   - {precision: '4'}
# - name: e_DE_ICRS
#   unit: mas
#   datatype: float64
#   format: '{:7.4f}'
#   description: Standard error of declination (dec_error)
#   meta: !!omap
#   - {ucd: ERROR}
#   - {width: 7}
#   - {precision: '4'}
# - name: _r_1
#   unit: ''
#   datatype: float64
#   format: '{:7.4f}'
#   description: Distance from center (099.23120650000+04.97169414000)[ICRS], at Epoch=J2016.0
#   meta: !!omap
#   - {ucd: POS_ANG_DIST_GENERAL}
#   - {width: 7}
#   - {precision: '4'}
# - name: HIP
#   datatype: int32
#   description: '? HIP cross-id number, van Leeuwen, Cat. I/311 (hip_original_ext_source_id)'
#   meta: !!omap
#   - {ucd: ID_NUMBER}
#   - {width: 6}
#   - values: {'null': -2147483648}
# - name: TYC2
#   datatype: string
#   description: Tycho-2 cross-id name, Hog et al., Cat. I/259 (tyc2_original_ext_source_id)
#   meta: !!omap
#   - {ucd: ID_CROSSID}
#   - {_votable_string_dtype: char}
# - name: Source
#   datatype: int64
#   description: Source identifier, identical to the Gaia-EDR3 source_id (id)
#   meta: !!omap
#   - {ucd: ID_MAIN}
#   - {width: 19}
# - name: rgeo
#   unit: pc
#   datatype: float64
#   format: '{:15.8f}'
#   description: '? Median of the geometric distance posterior (r_med_geo)'
#   meta: !!omap
#   - {ucd: PHYS_DISTANCE_TRUE}
#   - {width: 15}
#   - {precision: '8'}
#   - values: {'null': .nan}
# - name: Plx
#   unit: mas
#   datatype: float64
#   format: '{:9.4f}'
#   description: '? Parallax (parallax)'
#   meta: !!omap
#   - {ucd: POS_PARLX_TRIG}
#   - {width: 9}
#   - {precision: '4'}
#   - values: {'null': .nan}
# - name: e_Plx
#   unit: mas
#   datatype: float32
#   format: '{:7.4f}'
#   description: '? Standard error of parallax (parallax_error)'
#   meta: !!omap
#   - {ucd: ERROR}
#   - {width: 7}
#   - {precision: '4'}
#   - values: {'null': .nan}
# - name: pmRA
#   unit: mas / yr
#   datatype: float64
#   format: '{:9.3f}'
#   description: '? Proper motion in right ascension direction, pmRA*cosDE (pmra)'
#   meta: !!omap
#   - {ucd: POS_EQ_PMRA}
#   - {width: 9}
#   - {precision: '3'}
#   - values: {'null': .nan}
# - name: pmDE
#   unit: mas / yr
#   datatype: float64
#   format: '{:9.3f}'
#   description: '? Proper motion in declination direction (pmdec)'
#   meta: !!omap
#   - {ucd: POS_EQ_PMDEC}
#   - {width: 9}
#   - {precision: '3'}
#   - values: {'null': .nan}
# - name: e_pmRA
#   unit: mas / yr
#   datatype: float32
#   format: '{:6.3f}'
#   description: '? Standard error of proper motion in right ascension direction (pmra_error)'
#   meta: !!omap
#   - {ucd: ERROR}
#   - {width: 6}
#   - {precision: '3'}
#   - values: {'null': .nan}
# - name: e_pmDE
[...]
#         unit: &id001 !astropy.units.Unit {unit: deg}
#         value: !astropy.table.SerializedColumn {name: SkyCoord.dec}
#       distance: !astropy.table.SerializedColumn
#         __class__: astropy.coordinates.distances.Distance
#         unit: !astropy.units.Unit {unit: pc}
#         value: !astropy.table.SerializedColumn {name: SkyCoord.distance}
#       frame: icrs
#       obstime: !astropy.time.Time {format: jyear_str, in_subfmt: '*', jd1: 367701545.0, jd2: 0.0, out_subfmt: '*', precision: 3, scale: tt}
#       pm_dec: !astropy.table.SerializedColumn
#         __class__: astropy.units.quantity.Quantity
#         unit: !astropy.units.Unit {unit: mas / yr}
#         value: !astropy.table.SerializedColumn {name: SkyCoord.pm_dec}
#       pm_ra_cosdec: !astropy.table.SerializedColumn
#         __class__: astropy.units.quantity.Quantity
#         unit: !astropy.units.Unit {unit: mas / yr}
#         value: !astropy.table.SerializedColumn {name: SkyCoord.pm_ra_cosdec}
#       ra: !astropy.table.SerializedColumn
#         __class__: astropy.coordinates.angles.Longitude
#         unit: *id001
#         value: !astropy.table.SerializedColumn {name: SkyCoord.ra}
#         wrap_angle: !astropy.coordinates.Angle
#           unit: *id001
#           value: 360.0
#       representation_type: spherical
# schema: astropy-2.0
RA_ICRS_1 DE_ICRS_1 e_RA_ICRS e_DE_ICRS _r_1 HIP TYC2 Source rgeo Plx e_Plx pmRA pmDE e_pmRA e_pmDE RUWE Teff logg Gmag BP-RP BPmag RPmag RV e_RV b_rgeo B_rgeo FG e_FG FBP e_FBP FRP e_FRP RAVE5 RAVE6 e_Gmag e_BPmag e_RPmag e_BP-RP SkyCoord.ra SkyCoord.dec SkyCoord.distance SkyCoord.pm_ra_cosdec SkyCoord.pm_dec Pmemb
99.04162085509 5.22822734417 0.0147 0.0134 19.1124 "" 154-1389-1 3130983781003866240 1284.44739 0.7324 0.0163 -1.421 0.817 0.017 0.015 0.739 13896.4 4.0988 11.382206 0.299418 11.478764 11.179346 "" "" 1261.29187 1308.6012 527308.12488 242.53 349870.0 411.56 267560.0 406.62 "" "" 0.002800207681288027 0.003068587 0.0041238726 0.00719246 99.04162085509 5.22822734417 1284.44739 -1.4209999999999996 0.8169999999999997 1.0
99.30876431594 4.87372346292 0.013 0.0124 7.4866 "" "" 3130907261866582784 1499.5697 0.6124 0.0156 -1.361 0.786 0.016 0.013 0.833 13213.3 4.0052 11.763037 0.383186 11.890901 11.507714 "" "" 1455.8877 1537.46326 371306.0513 94.93 239360.0 222.53 197730.0 116.67 "" "" 0.002769267547390461 0.002967141 0.0038332937 0.0068004346 99.30876431594 4.87372346292 1499.5697 -1.361 0.786 1.0
99.63157287464 5.09132184504 0.0148 0.0144 24.9827 "" "" 3131009860047067904 1472.96167 0.6426 0.0167 -1.275 0.712 0.018 0.016 1.158 11640.0 3.8391 12.199048 0.46985 12.364875 11.895025 -3.6 38.46 1436.13281 1507.22876 248500.57493 62.207 154690.0 97.463 138400.0 60.496 "" "" 0.0027686928548740996 0.002872804 0.0038090628 0.006681867 99.63157287464 5.09132184504 1472.96167 -1.275 0.7120000000000001 1.0
98.86734255076 5.2618383577 0.0163 0.0157 27.8549 "" "" 3131729937084186368 1388.32825 0.688 0.019 -1.314 0.89 0.021 0.018 1.18 "" "" 12.598635 0.426328 12.74802 12.321692 "" "" 1349.57434 1424.74597 171985.85487 53.666 108690.0 79.618 93429.0 55.489 "" "" 0.002776070637068704 0.002901309 0.003833998 0.006735307 98.86734255076 5.2618383577 1388.32825 -1.3140000000000003 0.8899999999999999 0.9
99.47305658848 4.87500911733 0.0163 0.0164 15.5779 "" "" 3130909456590718592 1542.95789 0.6136 0.0207 -1.324 0.624 0.018 0.016 1.055 "" "" 12.622808 0.413694 12.768407 12.354712 "" "" 1498.47864 1585.97815 168199.11481 43.805 106670.0 71.386 90630.0 67.74 "" "" 0.002769791498582226 0.0028832266 0.0038655254 0.0067487517 99.47305658848 4.87500911733 1542.95789 -1.324 0.6240000000000001 0.8
99.31730890626 5.07827399383 0.0191 0.0202 8.2084 "" "" 3130962679825439872 1615.84583 0.5881 0.0258 -1.486 0.841 0.023 0.019 1.165 10969.2 3.7862 12.853872 0.516513 13.041703 12.52519 "" "" 1557.11658 1670.56799 135955.77536 43.585 82935.0 67.651 77461.0 70.672 "" "" 0.0027772181219197245 0.002927357 0.003907041 0.006834398 99.31730890626 5.07827399383 1615.84583 -1.4859999999999995 0.8409999999999997 0.9
99.45021890057 5.07782964097 0.014 0.0133 14.557 "" "" 3130963371319174272 1547.646 0.6022 0.0165 -1.371 0.625 0.018 0.014 1.1 "" "" 13.166872 0.453984 13.331537 12.877553 "" "" 1506.43066 1593.02539 101905.61074 48.105 63504.0 60.787 55993.0 31.336 "" "" 0.0028025832576617092 0.0029774415 0.0038279148 0.0068053566 99.45021890057 5.07782964097 1547.646 -1.371 0.6250000000000002 1.0
99.29441016781 4.80731237555 0.0292 0.0271 10.5619 "" "" 3130905818757608064 1495.73425 0.6218 0.0328 -1.253 0.516 0.035 0.033 2.007 10337.4 3.8904 13.343147 0.501932 13.511324 13.009392 "" "" 1417.16138 1586.2229 86633.89505 59.595 53813.0 40.568 49591.0 32.571 "" "" 0.0028547517295848084 0.0029077476 0.0038460686 0.0067538163 99.29441016781 4.80731237555 1495.73425 -1.2530000000000003 0.516 0.9
99.35155200256 4.90767508241 0.0167 0.0177 8.1552 "" "" 3130913304882300416 1725.76208 0.5363 0.022 -1.414 0.634 0.019 0.016 1.241 "" "" 13.4985 0.537914 13.695853 13.157939 "" "" 1673.44629 1799.07214 75083.87156 35.177 45402.0 42.275 43250.0 28.789 "" "" 0.0028018806071480797 0.0029676731 0.0038478614 0.0068155346 99.35155200256 4.90767508241 1725.76208 -1.4139999999999995 0.634 1.0
99.01182550393 5.51803573822 0.0147 0.0146 35.304 "" "" 3131836933310484992 1423.10315 0.6545 0.0179 -1.115 0.565 0.019 0.016 0.989 9300.8 4.0642 13.574209 0.544517 13.776365 13.231849 "" "" 1390.02808 1460.00378 70026.62361 30.515 42157.0 38.97 40403.0 40.639 "" "" 0.002795645756114723 0.002965194 0.0039340006 0.006899195 99.01182550393 5.51803573822 1423.10315 -1.115 0.5649999999999997 0.9
99.47419932722 4.94191830449 0.017 0.0179 14.6345 "" "" 3130912931223305344 1488.09888 0.6272 0.0201 -1.302 0.814 0.019 0.017 1.003 8402.9 4.3814 13.800942 0.544483 14.006049 13.461566 "" "" 1440.08191 1556.05847 56828.95486 26.144 34119.0 46.451 32699.0 43.304 "" "" 0.002800228470930667 0.003157534 0.004043659 0.007201193 99.47419932722 4.94191830449 1488.09888 -1.302 0.8139999999999998 1.0
99.17228436476 4.84712370868 0.017 0.0156 8.2626 "" "" 3130952582361558016 1506.20911 0.6195 0.0182 -1.333 0.666 0.02 0.017 1.018 "" "" 13.830907 0.764255 14.124893 13.360639 "" "" 1473.96509 1544.3866 55282.02276 19.176 30582.0 30.776 35884.0 41.821 "" "" 0.0027809402713287377 0.002996477 0.003985585 0.006982062 99.17228436476 4.84712370868 1506.20911 -1.333 0.6659999999999999 1.0
98.80770598464 5.32942224844 0.0172 0.0163 33.1836 "" "" 3131734159034638720 1433.7439 0.6549 0.0202 -1.37 0.82 0.022 0.021 0.983 7613.8 4.067 13.942789 0.902154 14.305905 13.403751 "" "" 1401.52832 1471.3103 49869.03386 18.06 25885.0 30.486 34487.0 39.177 "" "" 0.002783234434598835 0.0030692315 0.0039755474 0.007044779 98.80770598464 5.32942224844 1433.7439 -1.37 0.8199999999999997 1.0
98.78314430201 4.63888629699 0.0184 0.0182 33.4126 "" "" 3130923136065965184 1483.74963 0.6358 0.0218 -1.49 0.684 0.023 0.02 1.091 "" "" 14.066054 1.130738 14.537387 13.406649 "" "" 1439.86133 1541.55664 44516.89791 44.51 20915.0 69.002 34395.0 112.1 "" "" 0.002961460287547643 0.004540476 0.005177412 0.009717888 98.78314430201 4.63888629699 1483.74963 -1.49 0.684 0.9
99.49913521041 4.97429415386 0.018 0.0172 16.016 "" "" 3130914752289413248 1546.49377 0.5994 0.0199 -1.236 0.701 0.024 0.02 1.053 9072.0 4.202 14.097912 0.6104 14.321127 13.710727 "" "" 1500.88855 1594.78918 43229.68268 18.014 25525.0 39.0 25994.0 22.557 "" "" 0.002792218340130701 0.00324608 0.0038950513 0.007141131 99.49913521041 4.97429415386 1546.49377 -1.235999999999999 0.7010000000000003 1.0
98.97272413107 5.33104092707 0.0272 0.029 26.5227 "" "" 3131736327995456000 1464.64844 0.6476 0.035 -1.402 0.77 0.032 0.029 1.594 9405.0 4.2571 14.101637 0.683946 14.358483 13.674538 "" "" 1388.24902 1549.97327 43081.60273 15.619 24662.0 40.282 26875.0 25.932 "" "" 0.002783295201783238 0.0033060552 0.003921897 0.0072279526 98.97272413107 5.33104092707 1464.64844 -1.4019999999999995 0.77 0.8
99.44994814791 4.89672518148 0.0186 0.019 13.8279 "" "" 3130912690705169408 1511.1416 0.6138 0.0202 -1.309 0.613 0.022 0.02 1.03 8294.4 4.2875 14.149729 0.666039 14.39868 13.73264 "" "" 1457.72266 1555.84607 41214.99115 12.688 23765.0 30.56 25474.0 42.987 "" "" 0.002775519365252267 0.0031199923 0.0042000655 0.0073200576 99.44994814791 4.89672518148 1511.1416 -1.309 0.613 0.9
99.51075773722 5.05396077456 0.0186 0.0185 17.4227 "" "" 3130916229758117632 1454.36255 0.651 0.0211 -1.252 0.761 0.023 0.02 0.943 8251.3 4.3037 14.15596 0.68153 14.41951 13.73798 "" "" 1403.51099 1505.51428 40979.11753 15.531 23314.0 25.655 25349.0 22.499 "" "" 0.0027858777516408416 0.0030352087 0.0039003051 0.0069355136 99.51075773722 5.05396077456 1454.36255 -1.252 0.7610000000000001 0.8
99.55319607247 4.82593845179 0.0212 0.026 21.1423 "" "" 3130896575988298496 1503.30542 0.6207 0.0311 -1.271 0.646 0.027 0.023 0.923 7299.4 4.0321 14.161131 0.797681 14.482066 13.684385 40.28 8.65 1441.06689 1565.71704 40784.41912 17.346 22009.0 39.576 26632.0 32.233 "" "" 0.00279374739750737 0.0034053908 0.004001316 0.007406707 99.55319607247 4.82593845179 1503.30542 -1.2710000000000004 0.646 1.0
98.91612689799 5.24584063095 0.0197 0.0187 25.0024 "" "" 3131729009371236224 1449.10339 0.6481 0.0231 -1.347 0.794 0.024 0.022 1.113 8800.7 4.2429 14.20324 0.706984 14.476657 13.769673 "" "" 1392.46082 1493.84338 39232.92324 15.462 22118.0 27.256 24620.0 25.477 "" "" 0.002788348132589163 0.003094376 0.0039428473 0.0070372233 98.91612689799 5.24584063095 1449.10339 -1.3470000000000002 0.7940000000000002 1.0
99.62938362998 4.97978333581 0.0202 0.02 23.8055 "" "" 3131005599440054656 1578.19568 0.5881 0.0224 -1.368 0.756 0.026 0.024 1.142 8209.1 4.2965 14.234831 0.667618 14.491976 13.824358 "" "" 1517.32166 1638.56067 38107.85458 12.772 21809.0 31.41 23411.0 21.764 "" "" 0.002779245308202875 0.0031984746 0.0039118435 0.007110318 99.62938362998 4.97978333581 1578.19568 -1.3679999999999999 0.756 0.9
99.03620867924 5.45937795862 0.0196 0.0215 31.4954 "" "" 3131741958691717632 1328.94861 0.7096 0.0243 -1.121 0.606 0.024 0.021 1.081 7040.9 4.1045 14.263972 1.026493 14.688021 13.661528 "" "" 1288.35413 1376.53809 37098.61963 9.9841 18206.0 24.723 27199.0 17.301 "" "" 0.0027707703588354263 0.003155766 0.0038419645 0.0069977306 99.03620867924 5.45937795862 1328.94861 -1.121 0.6060000000000002 0.9
99.02145013275 5.44440628817 0.0198 0.0217 31.0086 "" "" 3131741855612410240 1410.38232 0.6658 0.0242 -1.05 0.426 0.025 0.023 0.974 8478.1 4.1632 14.280373 0.728189 14.564226 13.836038 "" "" 1362.16479 1461.29333 36542.45592 15.964 20405.0 19.636 23160.0 22.859 "" "" 0.0027958479184362704 0.002979378 0.003928372 0.00690775 99.02145013275 5.44440628817 1410.38232 -1.0499999999999996 0.426 0.8
99.20283577423 4.84904915727 0.02 0.0189 7.5516 "" "" 3130952410562855040 1460.20483 0.6465 0.0225 -1.457 0.762 0.023 0.019 0.966 9428.4 4.1792 14.32735 0.743441 14.612011 13.86857 "" "" 1417.61096 1500.13501 34995.07243 13.6 19526.0 26.806 22477.0 56.664 "" "" 0.0027874410095917123 0.003163345 0.0046664258 0.00782977 99.20283577423 4.84904915727 1460.20483 -1.4569999999999999 0.762 1.0
99.39745281624 4.87624100618 0.0194 0.0195 11.4701 "" "" 3130912209668865408 1615.45068 0.5821 0.0229 -1.299 0.581 0.021 0.019 1.034 "" "" 14.429191 0.779155 14.733861 13.954706 "" "" 1565.63257 1678.63452 31861.80582 9.2562 17453.0 22.335 20762.0 18.041 "" "" 0.0027733153417654048 0.0031169849 0.0038953577 0.0070123426 99.39745281624 4.87624100618 1615.45068 -1.2989999999999997 0.581 0.9
99.38209759087 4.7937232959 0.0188 0.0175 13.9784 "" "" 3130902485862956160 1475.33203 0.6354 0.0218 -1.369 0.892 0.024 0.02 0.98 9278.9 4.2377 14.465398 0.843782 14.799134 13.955352 "" "" 1428.00476 1526.36487 30816.79642 10.78 16435.0 25.497 20750.0 24.414 "" "" 0.002781373371896833 0.0032591764 0.003989438 0.0072486144 99.38209759087 4.7937232959 1475.33203 -1.3689999999999996 0.892 0.9
99.06194113696 5.44011371034 0.0221 0.0249 29.8696 "" "" 3131738870616029824 1454.52637 0.6397 0.0283 -1.11 0.566 0.027 0.023 1.016 7340.9 4.1341 14.576747 0.960802 14.966265 14.005463 71.11 10.7 1400.33899 1516.53186 27813.01238 18.738 14090.0 61.177 19814.0 37.165 "" "" 0.0028507622034807047 0.0054779616 0.004293145 0.009771107 99.06194113696 5.44011371034 1454.52637 -1.11 0.566 0.9
99.65579523476 5.09714700697 0.0188 0.0172 26.4698 "" "" 3131011165717112064 1532.66394 0.611 0.0211 -1.254 0.724 0.025 0.022 1.023 7475.8 4.3496 14.580937 0.892362 14.938694 14.046332 "" "" 1480.81494 1583.10034 27705.86475 7.358 14452.0 20.829 19082.0 24.802 "" "" 0.0027703668019113965 0.0031990178 0.0040342533 0.0072332714 99.65579523476 5.09714700697 1532.66394 -1.2539999999999991 0.724 1.0
98.6556055862 5.21247815508 0.022 0.0204 37.3103 "" "" 3131731380193280896 1336.45129 0.7098 0.0255 -1.111 0.567 0.029 0.023 1.131 8371.0 4.3196 14.608036 0.937257 14.988742 14.051485 "" "" 1289.71741 1383.23206 27022.91298 9.2321 13801.0 24.101 18992.0 22.311 "" "" 0.0027801760537225777 0.003373431 0.0039888057 0.0073622367 98.6556055862 5.21247815508 1336.45129 -1.111 0.567 0.8
99.08895115993 5.02706682021 0.0244 0.0229 9.1289 "" "" 3130959896688428928 1597.32483 0.5817 0.0266 -1.262 0.717 0.031 0.027 1.051 7980.9 4.1081 14.756065 1.009058 15.156799 14.147741 "" "" 1537.36206 1659.18457 23578.74677 8.212 11822.0 22.256 17380.0 26.794 "" "" 0.0027811471009586727 0.0034587537 0.004133454 0.0075922078 99.08895115993 5.02706682021 1597.32483 -1.2619999999999998 0.7169999999999999 0.9
98.86703644982 5.36344073909 0.0261 0.0254 32.0317 "" "" 3131739454731995264 1482.26648 0.6448 0.0303 -1.299 0.741 0.032 0.03 0.899 7198.9 4.393 14.896597 0.951451 15.283375 14.331924 "" "" 1420.25134 1542.29517 20716.09601 7.6031 10521.0 30.256 14669.0 20.995 "" "" 0.0027839856508842654 0.004187361 0.0040863818 0.008273743 98.86703644982 5.36344073909 1482.26648 -1.299 0.7409999999999999 0.9
99.10703590416 4.75693532951 0.023 0.021 14.8709 "" "" 3130928118227900672 1520.5354 0.6151 0.0259 -1.537 0.635 0.029 0.025 0.981 9411.3 4.2127 14.926342 1.076477 15.374393 14.297915 "" "" 1453.9137 1573.14954 20156.26819 8.8738 9675.2 15.201 15135.0 32.348 "" "" 0.002796474405133914 0.003270308 0.004434934 0.007705242 99.10703590416 4.75693532951 1520.5354 -1.537 0.6349999999999998 0.8
99.27322925891 4.7145242762 0.0219 0.0208 15.6334 "" "" 3130900458638472448 1347.6228 0.6948 0.0249 -1.225 0.763 0.026 0.023 1.001 7937.0 4.1805 14.936141 1.259512 15.480318 14.220806 "" "" 1304.37378 1386.46375 19975.17075 6.5932 8775.9 24.531 16249.0 16.235 "" "" 0.0027785279423010534 0.004122598 0.0039319866 0.008054584 99.27322925891 4.7145242762 1347.6228 -1.2249999999999999 0.7630000000000001 0.9
99.53972502469 4.84143315883 0.028 0.0307 20.0309 "" "" 3130908395738296064 1588.02637 0.592 0.0375 -1.309 0.562 0.034 0.029 1.043 7994.0 3.779 14.9702 1.023791 15.392478 14.368687 "" "" 1507.85254 1684.15076 19358.28687 7.4412 9515.4 16.23 14180.0 11.118 "" "" 0.0027867490688324205 0.0033488139 0.0038740693 0.0072228834 99.53972502469 4.84143315883 1588.02637 -1.3090000000000004 0.5619999999999998 0.8
99.43705805113 4.76716801928 0.0254 0.0251 17.3793 "" "" 3130901764308839552 1444.46191 0.6518 0.0309 -1.33 0.799 0.031 0.027 0.992 7402.3 4.1637 15.006451 1.238949 15.545648 14.306699 "" "" 1374.30469 1533.36243 18722.61031 6.8888 8263.4 17.916 15013.0 16.947 "" "" 0.002784129739425805 0.0036505295 0.0039731385 0.007623668 99.43705805113 4.76716801928 1444.46191 -1.3299999999999996 0.7990000000000002 0.8
98.70150513647 5.22462020541 0.0237 0.0218 35.1058 "" "" 3131730688700952704 1427.51416 0.651 0.0272 -1.187 0.822 0.03 0.025 1.039 7994.2 4.3681 15.023624 1.087785 15.480248 14.392464 "" "" 1364.08875 1487.75305 18428.79009 5.7116 8776.4 19.338 13873.0 20.83 "" "" 0.0027757920950008353 0.0036753567 0.004115982 0.0077913385 98.70150513647 5.22462020541 1427.51416 -1.187 0.822 0.9
99.07370584852 4.80752067369 0.0273 0.0252 13.6266 "" "" 3130929320818733184 1574.00244 0.5934 0.0318 -1.533 0.594 0.034 0.029 1.029 9363.7 4.1828 15.038971 1.075516 15.482283 14.406767 "" "" 1481.98193 1688.92712 18170.13718 9.3109 8760.0 41.507 13692.0 23.883 "" "" 0.002810930181107077 0.0058524124 0.00422734 0.010079753 99.07370584852 4.80752067369 1574.00244 -1.5329999999999995 0.5940000000000001 0.9
98.91545567348 4.54052335441 0.0244 0.0223 32.0268 "" "" 3130871523440633856 1482.55701 0.6349 0.0279 -1.358 0.674 0.029 0.025 0.974 7924.2 3.9729 15.055413 1.277456 15.602384 14.324927 "" "" 1430.38135 1546.88367 17897.05758 13.033 7842.7 20.195 14763.0 32.174 "" "" 0.0028665178937014894 0.003949863 0.004459004 0.008408867 98.91545567348 4.54052335441 1482.55701 -1.3580000000000005 0.6739999999999999 1.0
99.18221211463 5.35883555004 0.0275 0.0269 23.4123 "" "" 3131080434949745152 1448.81091 0.6451 0.0329 -1.25 0.583 0.034 0.028 1.098 7674.8 4.4028 15.066341 1.245087 15.608145 14.363058 "" "" 1386.73352 1533.44763 17717.80968 9.4797 7801.2 23.659 14254.0 19.296 "" "" 0.002815891658433783 0.0043159327 0.004055121 0.008371053 99.18221211463 5.35883555004 1448.81091 -1.2500000000000002 0.583 1.0
99.01968709826 5.52593221297 0.0291 0.0294 35.5748 "" "" 3131837032087756928 1492.86804 0.6298 0.0338 -1.295 0.53 0.036 0.03 1.076 6028.1 4.094 15.110623 1.233432 15.642929 14.409497 "" "" 1425.50061 1564.0155 17009.72248 9.9827 7555.2 19.789 13657.0 33.691 "" "" 0.0028280403065280442 0.003984013 0.0046322565 0.00861627 99.01968709826 5.52593221297 1492.86804 -1.295 0.53 0.8
