Clusters/Collinder_107/Collinder_107_stars_in_region.tsv
# %ECSV 1.0
# ---
# datatype:
# - name: RA_ICRS_1
#   unit: deg
#   datatype: float64
#   format: '{:15.11f}'
#   description: Right ascension (ICRS) at Ep=2016.0 (ra)
#   meta: !!omap
#   - {ucd: POS_EQ_RA_MAIN}
#   - {width: 15}
#   - {precision: '11'}
# - name: DE_ICRS_1
#   unit: deg
#   datatype: float64
#   format: '{:15.11f}'
#   description: Declination (ICRS) at Ep=2016.0 (dec)
#   meta: !!omap
#   - {ucd: POS_EQ_DEC_MAIN}
#   - {width: 15}
#   - {precision: '11'}
# - name: e_RA_ICRS
#   unit: mas
#   datatype: float64
#   format: '{:7.4f}'
#   description: Standard error of right ascension (ra_error)
#   meta: !!omap
#   - {ucd: ERROR}
#   - {width: 7}
#   - {precision: '4'}
# - name: e_DE_ICRS
#   unit: mas
#   datatype: float64
#   format: '{:7.4f}'
#   description: Standard error of declination (dec_error)
#   meta: !!omap
#   - {ucd: ERROR}
#   - {width: 7}
#   - {precision: '4'}
# - name: _r_1
#   unit: ''
#   datatype: float64
#   format: '{:7.4f}'
#   description: Distance from center (099.23120650000+04.97169414000)[ICRS], at Epoch=J2016.0
#   meta: !!omap
#   - {ucd: POS_ANG_DIST_GENERAL}
#   - {width: 7}
#   - {precision: '4'}
# - name: HIP
#   datatype: int32
#   description: '? HIP cross-id number, van Leeuwen, Cat. I/311 (hip_original_ext_source_id)'
#   meta: !!omap
#   - {ucd: ID_NUMBER}
#   - {width: 6}
#   - values: {'null': -2147483648}
# - name: TYC2
#   datatype: string
#   description: Tycho-2 cross-id name, Hog et al., Cat. I/259 (tyc2_original_ext_source_id)
#   meta: !!omap
#   - {ucd: ID_CROSSID}
#   - {_votable_string_dtype: char}
# - name: Source
#   datatype: int64
#   description: Source identifier, identical to the Gaia-EDR3 source_id (id)
#   meta: !!omap
#   - {ucd: ID_MAIN}
#   - {width: 19}
# - name: rgeo
#   unit: pc
#   datatype: float64
#   format: '{:15.8f}'
#   description: '? Median of the geometric distance posterior (r_med_geo)'
#   meta: !!omap
#   - {ucd: PHYS_DISTANCE_TRUE}
#   - {width: 15}
#   - {precision: '8'}
#   - values: {'null': .nan}
# - name: Plx
#   unit: mas
#   datatype: float64
#   format: '{:9.4f}'
#   description: '? Parallax (parallax)'
#   meta: !!omap
#   - {ucd: POS_PARLX_TRIG}
#   - {width: 9}
#   - {precision: '4'}
#   - values: {'null': .nan}
# - name: e_Plx
#   unit: mas
#   datatype: float32
#   format: '{:7.4f}'
#   description: '? Standard error of parallax (parallax_error)'
#   meta: !!omap
#   - {ucd: ERROR}
#   - {width: 7}
#   - {precision: '4'}
#   - values: {'null': .nan}
# - name: pmRA
#   unit: mas / yr
#   datatype: float64
#   format: '{:9.3f}'
#   description: '? Proper motion in right ascension direction, pmRA*cosDE (pmra)'
#   meta: !!omap
#   - {ucd: POS_EQ_PMRA}
#   - {width: 9}
#   - {precision: '3'}
#   - values: {'null': .nan}
# - name: pmDE
#   unit: mas / yr
#   datatype: float64
#   format: '{:9.3f}'
#   description: '? Proper motion in declination direction (pmdec)'
#   meta: !!omap
#   - {ucd: POS_EQ_PMDEC}
#   - {width: 9}
#   - {precision: '3'}
#   - values: {'null': .nan}
# - name: e_pmRA
#   unit: mas / yr
#   datatype: float32
#   format: '{:6.3f}'
#   description: '? Standard error of proper motion in right ascension direction (pmra_error)'
#   meta: !!omap
#   - {ucd: ERROR}
#   - {width: 6}
#   - {precision: '3'}
#   - values: {'null': .nan}
# - name: e_pmDE
[...]
#         value: !astropy.table.SerializedColumn {name: SkyCoord.dec}
#       distance: !astropy.table.SerializedColumn
#         __class__: astropy.coordinates.distances.Distance
#         unit: !astropy.units.Unit {unit: pc}
#         value: !astropy.table.SerializedColumn {name: SkyCoord.distance}
#       frame: icrs
#       obstime: !astropy.time.Time {format: jyear_str, in_subfmt: '*', jd1: 367701545.0, jd2: 0.0, out_subfmt: '*', precision: 3, scale: tt}
#       pm_dec: !astropy.table.SerializedColumn
#         __class__: astropy.units.quantity.Quantity
#         unit: !astropy.units.Unit {unit: mas / yr}
#         value: !astropy.table.SerializedColumn {name: SkyCoord.pm_dec}
#       pm_ra_cosdec: !astropy.table.SerializedColumn
#         __class__: astropy.units.quantity.Quantity
#         unit: !astropy.units.Unit {unit: mas / yr}
#         value: !astropy.table.SerializedColumn {name: SkyCoord.pm_ra_cosdec}
#       ra: !astropy.table.SerializedColumn
#         __class__: astropy.coordinates.angles.Longitude
#         unit: *id001
#         value: !astropy.table.SerializedColumn {name: SkyCoord.ra}
#         wrap_angle: !astropy.coordinates.Angle
#           unit: *id001
#           value: 360.0
#       representation_type: spherical
# schema: astropy-2.0
RA_ICRS_1 DE_ICRS_1 e_RA_ICRS e_DE_ICRS _r_1 HIP TYC2 Source rgeo Plx e_Plx pmRA pmDE e_pmRA e_pmDE RUWE Teff logg Gmag BP-RP BPmag RPmag RV e_RV b_rgeo B_rgeo FG e_FG FBP e_FBP FRP e_FRP RAVE5 RAVE6 e_Gmag e_BPmag e_RPmag e_BP-RP SkyCoord.ra SkyCoord.dec SkyCoord.distance SkyCoord.pm_ra_cosdec SkyCoord.pm_dec rmRA rmDE e_rmRA e_rmDE rRV e_rRV v_pec v_pec3d e_vpec e_vpec3d
[from data line 2364]
99.66188496248 5.57180287842 0.0502 0.0467 44.2557 "" "" 3131110362281528832 1475.3219 0.6676 0.0569 14.614 -37.855 0.061 0.057 0.999 4920.4 4.6357 16.70963 1.110998 17.184969 16.07397 "" "" 1356.08398 1616.30945 3900.27105 2.8633 1825.7 16.116 2948.3 13.817 "" "" 0.0028682938765701113 0.009982002 0.0063382783 0.01632028 99.66188496248 5.57180287842 1475.3219 14.614 -37.855 15.941338933944703 -38.550999979972836 0.18342032 0.1794203 "" "" 291.72787294305084 "" 52.513918715390346 ""
99.13258835032 4.37720669007 0.0614 0.0598 36.1535 "" "" 3130853179638896768 1330.10645 0.7492 0.0725 2.854 -4.029 0.083 0.068 1.077 5838.9 4.6065 16.710026 1.734633 17.536875 15.802241 "" "" 1214.95752 1456.34851 3898.8495 3.1735 1320.3 12.005 3786.7 14.277 "" "" 0.0028935777843593076 0.010258914 0.005571436 0.01583035 99.13258835032 4.37720669007 1330.10645 2.853999999999996 -4.029000000000002 4.181338933944702 -4.724999979972839 0.20542032 0.19042031 "" "" 39.779248639625784 "" 7.842426439415203 ""
98.73058529334 5.538684037 0.0582 0.0536 45.2988 "" "" 3131757489297150336 1516.53369 0.6307 0.0654 3.644 -2.195 0.07 0.071 1.027 5069.3 4.7274 16.710186 1.254499 17.264462 16.009962 "" "" 1406.68433 1678.57434 3898.2714 2.9802 1696.8 17.185 3127.3 9.6589 "" "" 0.0028776294767719336 0.01134468 0.0050526103 0.01639729 98.73058529334 5.538684037 1516.53369 3.644 -2.195 4.971338933944702 -2.890999979972839 0.1924203 0.19342032 "" "" 41.339120811773064 "" 7.964953723337257 ""
99.88177898827 5.33604488915 0.0529 0.0473 44.6014 "" "" 3131020953945172736 1565.34521 0.6329 0.057 -0.038 0.846 0.065 0.053 0.965 "" "" 16.71071 1.341824 17.285048 15.943224 "" "" 1426.19214 1704.84705 3896.39433 2.8693 1664.9 14.613 3325.6 22.814 "" "" 0.002868979814912677 0.009929687 0.008352276 0.018281963 99.88177898827 5.33604488915 1565.34521 -0.038 0.846 1.2893389339447021 0.15000002002716062 0.18742031 0.17542031 "" "" 9.63107749185363 "" 1.8035649504772362 ""
99.83972114384 5.10585600657 0.0582 0.0554 37.2499 "" "" 3131013394799879424 1274.62061 0.7475 0.0658 -6.378 0.65 0.078 0.062 1.117 4814.1 4.7259 16.71168 1.270536 17.267202 15.996666 "" "" 1184.50696 1386.3877 3892.91408 2.9432 1692.5 8.3579 3165.9 13.556 "" "" 0.0028749958426990373 0.0060441364 0.005991397 0.012035534 99.83972114384 5.10585600657 1274.62061 -6.378 0.6500000000000001 -5.050661066055298 -0.04599997997283933 0.20042032 0.18442032 "" "" 30.51585307886932 "" 6.115958159042902 ""
99.54381749462 4.55263204701 0.0761 0.0677 31.3304 "" "" 3130882110536591872 1674.42725 0.5968 0.0881 -1.28 -0.407 0.1 0.07 1.013 "" "" 16.712448 1.169838 17.190353 16.020515 "" "" 1464.06372 1925.1145 3890.16029 3.8984 1816.7 21.737 3097.1 20.598 "" "" 0.002962365867470377 0.0132872 0.008150202 0.021437403 99.54381749462 4.55263204701 1674.42725 -1.2799999999999996 -0.4069999999999997 0.04733893394470212 -1.1029999799728394 0.2224203 0.1924203 "" "" 8.762332786431955 "" 1.6865716449349166 ""
99.8185723544 5.21136558362 0.0534 0.0494 37.9342 "" "" 3131018278183376640 1372.70508 0.7026 0.0603 1.361 1.819 0.067 0.06 1.118 5335.5 4.7446 16.713873 1.261181 17.25468 15.9935 "" "" 1276.61963 1505.90027 3885.06168 2.7413 1712.2 15.423 3175.1 17.991 "" "" 0.002859841228839936 0.01017022 0.007220239 0.01739046 99.8185723544 5.21136558362 1372.70508 1.361 1.8189999999999988 2.688338933944702 1.1230000200271606 0.18942031 0.18242031 "" "" 18.95683463710754 "" 3.571406130508784 ""
99.24954303159 5.38233662653 0.0613 0.0681 24.6629 "" "" 3131080190131834880 1430.77771 0.6862 0.0781 -0.056 0.093 0.068 0.061 1.007 4923.7 4.3951 16.714018 1.154278 17.211287 16.057009 "" "" 1317.1283 1597.18616 3884.54319 2.9425 1782.0 13.08 2994.7 11.518 "" "" 0.0028754454200142126 0.008443696 0.0056322026 0.0140758995 99.24954303159 5.38233662653 1430.77771 -0.056 0.09299999999999997 1.271338933944702 -0.6029999799728394 0.19042031 0.18342032 "" "" 9.542747093195882 "" 1.8050506031303806 ""
99.34650818673 5.14197378736 0.0604 0.0695 12.3236 "" "" 3130967735005959808 1270.00146 0.7961 0.0848 -4.503 2.357 0.078 0.065 0.958 5503.1 4.4553 16.714836 1.265739 17.265278 15.999539 "" "" 1115.96143 1497.35181 3881.61114 3.1332 1695.5 12.305 3157.5 15.534 "" "" 0.002891342140993183 0.008359083 0.006543354 0.014902437 99.34650818673 5.14197378736 1270.00146 -4.503 2.3569999999999998 -3.175661066055298 1.6610000200271609 0.20042032 0.18742031 "" "" 21.573886364190074 "" 4.265155930317794 ""
98.71974703051 4.82191226199 0.0508 0.0487 31.8689 "" "" 3130938219991074560 1312.21619 0.7371 0.0567 -1.765 0.003 0.065 0.058 0.983 9448.2 4.3551 16.715324 2.153976 17.809942 15.655966 "" "" 1213.47791 1417.46326 3879.86986 2.7369 1026.7 9.1959 4332.8 19.911 "" "" 0.002859786017184074 0.01011703 0.0062592244 0.016376253 98.71974703051 4.82191226199 1312.21619 -1.7650000000000001 0.0029999999999999936 -0.43766106605529775 -0.6929999799728394 0.18742031 0.18042031 "" "" 5.098031313935747 "" 0.9301030421509446 ""
99.04102932722 4.63301543378 0.0508 0.0497 23.2856 "" "" 3130878227887855232 1338.83704 0.7286 0.0616 2.947 -0.394 0.062 0.055 0.962 5717.2 4.5429 16.715675 1.613672 17.47173 15.858057 "" "" 1227.02393 1454.38391 3878.61652 2.7308 1401.9 12.721 3597.0 9.5595 "" "" 0.0028593953162391536 0.0102395695 0.0047549717 0.014994541 99.04102932722 4.63301543378 1338.83704 2.947 -0.394 4.274338933944702 -1.0899999799728395 0.18442032 0.17742032 "" "" 27.99342114645962 "" 5.150804466414479 ""
99.7367271444 4.54395621729 0.0596 0.0677 39.6523 "" "" 3130695120542858368 1593.43152 0.6139 0.0737 -2.81 -5.818 0.07 0.063 0.967 4561.3 4.4903 16.717144 1.573935 17.451 15.877066 "" "" 1418.27917 1791.28564 3873.37374 2.9521 1429.0 22.826 3534.5 13.054 "" "" 0.0028768975104673314 0.017565917 0.0055103083 0.023076225 99.7367271444 4.54395621729 1593.43152 -2.81 -5.8180000000000005 -1.482661066055298 -6.513999979972839 0.1924203 0.1854203 "" "" 50.457708358187126 "" 9.373592414256915 ""
99.19857280351 4.25263088072 0.0577 0.0623 43.1879 "" "" 3130846926166516864 1195.65479 0.8084 0.0771 1.557 -5.0 0.071 0.06 0.954 5382.8 4.6244 16.717503 1.814614 17.596249 15.781634 "" "" 1099.23828 1367.35352 3872.09057 3.5408 1250.0 14.417 3859.3 23.329 "" "" 0.0029287411807005486 0.012829524 0.0075735445 0.020403069 99.19857280351 4.25263088072 1195.65479 1.5569999999999993 -5.0 2.884338933944702 -5.695999979972839 0.19342032 0.18242031 "" "" 36.18442067891769 "" 6.683931673234322 ""
99.04754415565 5.48502189327 0.0679 0.0669 32.6963 "" "" 3131835833798857984 1680.4679 0.5803 0.0755 -3.382 1.485 0.079 0.068 1.063 5070.1 4.7539 16.71968 1.210999 17.245893 16.034895 "" "" 1464.40247 1915.64709 3864.33084 3.1623 1726.1 11.723 3056.3 20.036 "" "" 0.0028950312297226517 0.007884124 0.008058865 0.015942989 99.04754415565 5.48502189327 1680.4679 -3.382 1.4849999999999997 -2.054661066055298 0.7890000200271607 0.2014203 0.19042031 "" "" 17.531436148928574 "" 3.5069985684078313 ""
99.15088217019 5.49202896395 0.0721 0.0787 31.5868 "" "" 3131833188098971648 1679.1449 0.5919 0.0953 4.495 -5.256 0.091 0.074 1.128 5111.5 4.7763 16.720852 1.392747 17.350811 15.958064 "" "" 1489.30164 1995.2948 3860.16518 3.2905 1567.1 15.057 3280.4 10.164 "" "" 0.002906605391355548 0.010798653 0.0050596977 0.01585835 99.15088217019 5.49202896395 1679.1449 4.495 -5.256 5.822338933944702 -5.95199997997284 0.2134203 0.19642031 "" "" 66.26960506469068 "" 13.579265690010203 ""
98.61204757665 5.18312179342 0.0522 0.0497 39.1178 "" "" 3131707740693303680 1387.39502 0.6936 0.0634 1.884 -4.05 0.068 0.057 1.032 4745.8 4.3411 16.721306 1.729975 17.557383 15.827408 "" "" 1281.98242 1515.69531 3858.55185 2.7456 1295.6 10.345 3699.9 13.607 "" "" 0.002861582093987938 0.009107237 0.005497962 0.014605198 98.61204757665 5.18312179342 1387.39502 1.884 -4.05 3.211338933944702 -4.745999979972839 0.19042031 0.1794203 "" "" 37.684401450671366 "" 6.894216964582672 ""
98.87235118977 5.21434014474 0.0697 0.0628 25.9211 "" "" 3131728459615455104 1711.61646 0.5808 0.0816 3.033 -2.46 0.084 0.08 1.065 5250.6 4.706 16.721579 1.519712 17.416168 15.896457 "" "" 1494.12756 1965.0376 3857.58279 3.3465 1475.5 20.231 3472.0 20.337 "" "" 0.0029118627800778134 0.015146054 0.0073978743 0.02254393 98.87235118977 5.21434014474 1711.61646 3.0330000000000004 -2.46 4.360338933944702 -3.1559999799728393 0.2064203 0.20242031 "" "" 43.669751029353655 "" 8.954656316973743 ""
99.74926892473 4.69077395603 0.0671 0.0736 35.2625 "" "" 3130703165021319424 1571.61694 0.643 0.0836 -2.334 -4.717 0.088 0.082 1.02 5025.0 4.6506 16.722162 1.490024 17.40794 15.917916 "" "" 1373.58118 1824.63293 3855.5101 3.4783 1486.8 11.819 3404.0 17.929 "" "" 0.0029242489702091938 0.009070625 0.006854654 0.015925279 99.74926892473 4.69077395603 1571.61694 -2.333999999999997 -4.716999999999999 -1.006661066055298 -5.412999979972839 0.21042031 0.20442031 "" "" 41.01532928264436 "" 8.3927096601596 ""
98.76261468149 5.43934381208 0.0621 0.0563 39.6393 "" "" 3131753301706240768 1521.12537 0.6447 0.0704 5.496 -2.552 0.08 0.077 1.031 4941.7 4.6524 16.722645 1.391548 17.352577 15.961029 "" "" 1351.36829 1839.34961 3853.79934 3.3267 1564.5 10.926 3271.5 13.665 "" "" 0.00291036084082527 0.008079523 0.0059034624 0.013982985 98.76261468149 5.43934381208 1521.12537 5.496 -2.552 6.823338933944703 -3.2479999799728394 0.20242031 0.1994203 "" "" 54.48660724499974 "" 10.999182694257131 ""
99.08016105963 5.46239109406 0.0677 0.0692 30.7941 "" "" 3131832810141878528 1492.39502 0.6574 0.0745 2.667 -5.823 0.084 0.071 0.938 4773.4 4.6755 16.724312 1.299761 17.303099 16.003338 "" "" 1348.28552 1667.96265 3847.88631 3.6644 1637.5 10.416 3146.5 12.075 "" "" 0.002942935382320544 0.007448605 0.0056253388 0.013073944 99.08016105963 5.46239109406 1492.39502 2.6669999999999963 -5.822999999999999 3.994338933944702 -6.51899997997284 0.2064203 0.19342032 "" "" 54.083178567354345 "" 10.657297821463017 ""
98.83516955978 5.3676833237 0.0582 0.0545 33.5345 "" "" 3131740171988893184 1674.86023 0.6011 0.07 -3.62 3.268 0.073 0.072 0.978 4380.3 4.2477 16.725693 1.343576 17.321459 15.977882 "" "" 1502.34424 1891.26941 3842.9902 3.5387 1610.0 10.19 3221.1 10.584 "" "" 0.0029310959374559105 0.0074166795 0.0051972233 0.012613903 98.83516955978 5.3676833237 1674.86023 -3.62 3.268 -2.292661066055298 2.5720000200271604 0.19542031 0.19442031 "" "" 27.353274499572354 "" 5.330160508076961 ""
99.52003662798 5.38750628131 0.1133 0.1082 30.3366 "" "" 3131071943794637824 1287.26038 0.7887 0.1287 -0.435 2.928 0.144 0.125 2.098 5194.9 4.7416 16.726326 1.412814 17.321714 15.9089 "" "" 1103.51831 1627.60059 3840.75301 8.8003 1609.6 11.601 3432.4 9.9892 "" "" 0.0037122299650011793 0.008307863 0.004926251 0.013234114 99.52003662798 5.38750628131 1287.26038 -0.435 2.927999999999999 0.8923389339447021 2.2320000200271606 0.2664203 0.24742031 "" "" 14.66685514760866 "" 3.6685387030264502 ""
99.72659951091 5.41924612112 0.0578 0.0562 39.9666 "" "" 3131070260167539200 1615.05713 0.6352 0.0699 -0.954 -0.627 0.072 0.06 1.055 5150.8 4.7616 16.727613 1.227892 17.250616 16.022724 "" "" 1443.84424 1808.54553 3836.20209 3.3258 1718.6 11.582 3090.8 16.095 "" "" 0.0029116658237284725 0.007830935 0.006800717 0.014631651 99.72659951091 5.41924612112 1615.05713 -0.9540000000000002 -0.627 0.3733389339447022 -1.3229999799728394 0.19442031 0.18242031 "" "" 10.523589910266857 "" 1.9293133702684289 ""
99.86801331285 4.76037337467 0.0842 0.0837 40.1265 "" "" 3130798959972581760 1621.31519 0.6354 0.0969 1.434 3.305 0.101 0.087 1.535 4614.5 4.393 16.727716 1.506279 17.38654 15.88026 "" "" 1415.86707 1925.5769 3835.83899 4.8862 1516.4 10.311 3524.1 12.389 "" "" 0.0030829519437112316 0.007892295 0.0053714574 0.013263753 99.86801331285 4.76037337467 1621.31519 1.4339999999999982 3.305000000000001 2.7613389339447023 2.609000020027161 0.22342032 0.20942031 "" "" 29.194910937174633 "" 6.333244342584149 ""
99.43005292851 5.59625573181 0.053 0.0511 39.3117 "" "" 3131091636224211840 1323.46619 0.7413 0.0603 -1.564 -2.576 0.064 0.058 0.976 4507.0 4.4003 16.728334 1.276819 17.300283 16.023464 "" "" 1216.3252 1419.62695 3833.65512 3.0186 1641.7 13.427 3088.7 10.521 "" "" 0.0028849000811903844 0.009307964 0.0052878507 0.014595814 99.43005292851 5.59625573181 1323.46619 -1.5640000000000007 -2.576000000000004 -0.2366610660552979 -3.2719999799728394 0.18642032 0.18042031 "" "" 20.579628552984882 "" 3.713636191409033 ""
98.86019382093 4.95447438823 0.0487 0.0464 22.2014 "" "" 3130947050443751296 1610.62488 0.6126 0.0548 2.016 -1.534 0.061 0.058 0.924 4923.2 4.3909 16.729776 1.596878 17.47137 15.874493 "" "" 1473.52258 1755.23682 3828.56636 2.4883 1402.4 9.7419 3542.9 13.956 "" "" 0.0028442459102621426 0.008041723 0.0057074837 0.013749206 98.86019382093 4.95447438823 1610.62488 2.0160000000000013 -1.5339999999999998 3.343338933944702 -2.229999979972839 0.18342032 0.18042031 "" "" 30.681032331639734 "" 5.599345350047119 ""
99.21281344125 4.50828729281 0.0531 0.0488 27.8262 "" "" 3130861288537137024 1568.06909 0.6174 0.0618 1.344 -2.688 0.066 0.057 0.954 8738.6 4.3226 16.733181 1.947086 17.70412 15.757034 "" "" 1430.62158 1756.17224 3816.58227 2.9694 1131.8 10.244 3947.7 22.352 "" "" 0.002881902095748432 0.010215499 0.00721631 0.01743181 99.21281344125 4.50828729281 1568.06909 1.344 -2.688 2.6713389339447025 -3.3839999799728395 0.18842031 0.1794203 "" "" 32.044545399522754 "" 5.8618423976868 ""
99.83192502327 5.43038253817 0.0574 0.0531 45.231 "" "" 3131092941894171776 1188.40283 0.8233 0.0666 4.39 -7.703 0.067 0.055 1.019 4734.5 4.7158 16.734137 1.269245 17.28807 16.018826 "" "" 1106.9342 1277.64355 3813.22202 3.1222 1660.3 15.918 3101.9 13.424 "" "" 0.0028951819036594746 0.01077687 0.0060300566 0.016806927 99.83192502327 5.43038253817 1188.40283 4.39 -7.703000000000001 5.717338933944702 -8.398999979972839 0.18942031 0.17742032 "" "" 57.23312157595589 "" 10.37671089666787 ""
98.74403463583 5.15544941089 0.1418 0.1231 31.1338 "" "" 3131727188305191808 1371.34338 0.7872 0.1466 0.705 8.939 0.198 0.15 2.351 4804.7 4.7257 16.736637 1.507736 17.266329 15.758593 "" "" 1126.10559 1659.65381 3804.4472 7.3625 1693.9 26.589 3942.0 12.078 "" "" 0.0034650600067438605 0.017269593 0.0050348886 0.02230448 98.74403463583 5.15544941089 1371.34338 0.7049999999999998 8.939 2.032338933944702 8.24300002002716 0.32042032 0.27242032 "" "" 55.185408973811256 "" 15.197897497007041 ""
98.98021525313 5.1972543566 0.0637 0.0588 20.2031 "" "" 3130977763752488832 1326.83801 0.7414 0.0725 -1.08 -0.622 0.09 0.09 1.073 4477.3 4.6464 16.73853 1.624753 17.489527 15.864774 "" "" 1209.13599 1467.02441 3797.82623 5.4305 1379.1 9.2127 3574.8 20.264 "" "" 0.0031625965413048162 0.007771134 0.0072223586 0.0149934925 98.98021525313 5.1972543566 1326.83801 -1.08 -0.622 0.24733893394470208 -1.3179999799728392 0.21242031 0.21242031 "" "" 8.433879232631734 "" 1.7915272794757173 ""
99.03110129343 4.22422041765 0.0606 0.0631 46.4177 "" "" 3130472164497663872 1338.23718 0.7396 0.0804 -1.145 2.225 0.083 0.066 0.99 5292.2 4.7094 16.73866 1.572336 17.43014 15.857803 "" "" 1211.72791 1538.03894 3797.36524 3.4656 1456.7 24.055 3597.8 17.56 "" "" 0.002928076065144086 0.018144952 0.006508874 0.024653826 99.03110129343 4.22422041765 1338.23718 -1.1450000000000005 2.2249999999999996 0.18233893394470213 1.5290000200271607 0.20542032 0.18842031 "" "" 9.767542729711199 "" 1.8428351988691891 ""
