Clusters/Collinder_107/Collinder_107_members.tsv
# %ECSV 1.0
# ---
# datatype:
# - name: RA_ICRS_1
#   unit: deg
#   datatype: float64
#   format: '{:15.11f}'
#   description: Right ascension (ICRS) at Ep=2016.0 (ra)
#   meta: !!omap
#   - {ucd: POS_EQ_RA_MAIN}
#   - {width: 15}
#   - {precision: '11'}
# - name: DE_ICRS_1
#   unit: deg
#   datatype: float64
#   format: '{:15.11f}'
#   description: Declination (ICRS) at Ep=2016.0 (dec)
#   meta: !!omap
#   - {ucd: POS_EQ_DEC_MAIN}
#   - {width: 15}
#   - {precision: '11'}
# - name: e_RA_ICRS
#   unit: mas
#   datatype: float64
#   format: '{:7.4f}'
#   description: Standard error of right ascension (ra_error)
#   meta: !!omap
#   - {ucd: ERROR}
#   - {width: 7}
#   - {precision: '4'}
# - name: e_DE_ICRS
#   unit: mas
#   datatype: float64
#   format: '{:7.4f}'
#   description: Standard error of declination (dec_error)
#   meta: !!omap
#   - {ucd: ERROR}
#   - {width: 7}
#   - {precision: '4'}
# - name: _r_1
#   unit: ''
#   datatype: float64
#   format: '{:7.4f}'
#   description: Distance from center (099.23120650000+04.97169414000)[ICRS], at Epoch=J2016.0
#   meta: !!omap
#   - {ucd: POS_ANG_DIST_GENERAL}
#   - {width: 7}
#   - {precision: '4'}
# - name: HIP
#   datatype: int32
#   description: '? HIP cross-id number, van Leeuwen, Cat. I/311 (hip_original_ext_source_id)'
#   meta: !!omap
#   - {ucd: ID_NUMBER}
#   - {width: 6}
#   - values: {'null': -2147483648}
# - name: TYC2
#   datatype: string
#   description: Tycho-2 cross-id name, Hog et al., Cat. I/259 (tyc2_original_ext_source_id)
#   meta: !!omap
#   - {ucd: ID_CROSSID}
#   - {_votable_string_dtype: char}
# - name: Source
#   datatype: int64
#   description: Source identifier, identical to the Gaia-EDR3 source_id (id)
#   meta: !!omap
#   - {ucd: ID_MAIN}
#   - {width: 19}
# - name: rgeo
#   unit: pc
#   datatype: float64
#   format: '{:15.8f}'
#   description: '? Median of the geometric distance posterior (r_med_geo)'
#   meta: !!omap
#   - {ucd: PHYS_DISTANCE_TRUE}
#   - {width: 15}
#   - {precision: '8'}
#   - values: {'null': .nan}
# - name: Plx
#   unit: mas
#   datatype: float64
#   format: '{:9.4f}'
#   description: '? Parallax (parallax)'
#   meta: !!omap
#   - {ucd: POS_PARLX_TRIG}
#   - {width: 9}
#   - {precision: '4'}
#   - values: {'null': .nan}
# - name: e_Plx
#   unit: mas
#   datatype: float32
#   format: '{:7.4f}'
#   description: '? Standard error of parallax (parallax_error)'
#   meta: !!omap
#   - {ucd: ERROR}
#   - {width: 7}
#   - {precision: '4'}
#   - values: {'null': .nan}
# - name: pmRA
#   unit: mas / yr
#   datatype: float64
#   format: '{:9.3f}'
#   description: '? Proper motion in right ascension direction, pmRA*cosDE (pmra)'
#   meta: !!omap
#   - {ucd: POS_EQ_PMRA}
#   - {width: 9}
#   - {precision: '3'}
#   - values: {'null': .nan}
# - name: pmDE
#   unit: mas / yr
#   datatype: float64
#   format: '{:9.3f}'
#   description: '? Proper motion in declination direction (pmdec)'
#   meta: !!omap
#   - {ucd: POS_EQ_PMDEC}
#   - {width: 9}
#   - {precision: '3'}
#   - values: {'null': .nan}
# - name: e_pmRA
#   unit: mas / yr
#   datatype: float32
#   format: '{:6.3f}'
#   description: '? Standard error of proper motion in right ascension direction (pmra_error)'
#   meta: !!omap
#   - {ucd: ERROR}
#   - {width: 6}
#   - {precision: '3'}
#   - values: {'null': .nan}
# - name: e_pmDE
[...]
#         unit: &id001 !astropy.units.Unit {unit: deg}
#         value: !astropy.table.SerializedColumn {name: SkyCoord.dec}
#       distance: !astropy.table.SerializedColumn
#         __class__: astropy.coordinates.distances.Distance
#         unit: !astropy.units.Unit {unit: pc}
#         value: !astropy.table.SerializedColumn {name: SkyCoord.distance}
#       frame: icrs
#       obstime: !astropy.time.Time {format: jyear_str, in_subfmt: '*', jd1: 367701545.0, jd2: 0.0, out_subfmt: '*', precision: 3, scale: tt}
#       pm_dec: !astropy.table.SerializedColumn
#         __class__: astropy.units.quantity.Quantity
#         unit: !astropy.units.Unit {unit: mas / yr}
#         value: !astropy.table.SerializedColumn {name: SkyCoord.pm_dec}
#       pm_ra_cosdec: !astropy.table.SerializedColumn
#         __class__: astropy.units.quantity.Quantity
#         unit: !astropy.units.Unit {unit: mas / yr}
#         value: !astropy.table.SerializedColumn {name: SkyCoord.pm_ra_cosdec}
#       ra: !astropy.table.SerializedColumn
#         __class__: astropy.coordinates.angles.Longitude
#         unit: *id001
#         value: !astropy.table.SerializedColumn {name: SkyCoord.ra}
#         wrap_angle: !astropy.coordinates.Angle
#           unit: *id001
#           value: 360.0
#       representation_type: spherical
# schema: astropy-2.0
RA_ICRS_1 DE_ICRS_1 e_RA_ICRS e_DE_ICRS _r_1 HIP TYC2 Source rgeo Plx e_Plx pmRA pmDE e_pmRA e_pmDE RUWE Teff logg Gmag BP-RP BPmag RPmag RV e_RV b_rgeo B_rgeo FG e_FG FBP e_FBP FRP e_FRP RAVE5 RAVE6 e_Gmag e_BPmag e_RPmag e_BP-RP SkyCoord.ra SkyCoord.dec SkyCoord.distance SkyCoord.pm_ra_cosdec SkyCoord.pm_dec Pmemb
[from data line 41]
99.05697637058 5.11017685361 0.0253 0.0241 13.3221 "" "" 3130973266923980544 1461.17139 0.6402 0.0297 -1.455 0.609 0.032 0.029 0.996 7332.9 4.2628 15.136292 1.315174 15.714291 14.399116 "" "" 1407.83081 1533.02319 16612.31727 5.369 7074.6 15.524 13788.0 16.043 "" "" 0.0027775749416768408 0.0036689474 0.0039849305 0.007653878 99.05697637058 5.11017685361 1461.17139 -1.4550000000000003 0.609 0.9
98.88983838418 4.65858500306 0.0267 0.0246 27.7397 "" "" 3130920524725818624 1493.70581 0.6346 0.0301 -1.512 0.732 0.034 0.029 1.068 "" "" 15.156604 1.531332 15.856031 14.324699 "" "" 1420.92554 1562.09888 16304.41218 10.545 6208.8 21.691 14767.0 27.585 "" "" 0.002843393295090712 0.0047087986 0.0042891973 0.008997995 98.88983838418 4.65858500306 1493.70581 -1.512 0.732 0.8
99.31275044559 5.07196740032 0.0295 0.0321 7.7428 "" "" 3130962684124468352 1445.61316 0.6458 0.0405 -1.377 0.702 0.036 0.03 0.983 7138.0 4.3276 15.263707 1.30121 15.835193 14.533982 "" "" 1363.005 1542.80237 14772.8329 6.4736 6329.1 16.937 12178.0 22.45 "" "" 0.0027960966044461326 0.0040282626 0.0042766687 0.008304931 99.31275044559 5.07196740032 1445.61316 -1.377 0.702 0.9
98.93880007556 5.21588456169 0.0305 0.0293 22.8044 "" "" 3131728665773858816 1533.46838 0.6195 0.0348 -1.342 0.84 0.038 0.036 1.041 6116.3 4.1863 15.285782 1.171595 15.777334 14.60574 "" "" 1462.1925 1613.45691 14475.51757 6.3244 6675.5 17.129 11399.0 25.4 "" "" 0.0027958555626461943 0.0039429097 0.0044874023 0.008430311 98.93880007556 5.21588456169 1533.46838 -1.3420000000000005 0.8399999999999997 0.8
99.56534745937 5.07183649973 0.0284 0.03 20.8558 "" "" 3131010134925015296 1696.55884 0.5513 0.0367 -1.4 0.708 0.035 0.03 1.029 6585.7 4.3243 15.449243 1.125736 15.925017 14.799281 "" "" 1587.32117 1800.71704 12452.30539 5.3312 5826.5 21.099 9537.7 15.253 "" "" 0.0027942551200290824 0.004821118 0.004159161 0.008980279 99.56534745937 5.07183649973 1696.55884 -1.4000000000000004 0.7079999999999997 0.8
98.91864655507 5.43981497593 0.0318 0.033 33.7297 "" "" 3131742375309385088 1604.30981 0.5839 0.0411 -1.064 0.426 0.039 0.041 1.02 5228.4 4.2803 15.568097 1.238044 16.106134 14.868091 "" "" 1504.50549 1691.74475 11161.12012 16.078 4931.3 30.419 8952.0 41.407 "" "" 0.003168283121906362 0.0072553805 0.0062852493 0.013540629 98.91864655507 5.43981497593 1604.30981 -1.0639999999999998 0.426 0.8
98.96781440271 5.01852913205 0.0298 0.0275 15.9923 "" "" 3130970964821590016 1635.40356 0.5711 0.0329 -1.46 0.705 0.037 0.034 1.04 7164.9 4.2544 15.610589 1.483428 16.292206 14.808778 "" "" 1548.55115 1727.96057 10732.75768 4.5522 4154.6 11.799 9454.7 13.676 "" "" 0.0027935379334923724 0.0041584685 0.0040926975 0.008251166 98.96781440271 5.01852913205 1635.40356 -1.4599999999999995 0.705 1.0
99.1680855864 4.97174498801 0.037 0.0358 3.773 "" "" 3130958492236500736 1443.19751 0.654 0.043 -1.529 0.732 0.047 0.039 0.996 5394.1 4.2554 15.62441 1.399294 16.250082 14.850788 "" "" 1367.49207 1533.68677 10596.99675 6.9937 4319.0 20.694 9095.8 17.962 "" "" 0.002846969979963566 0.005903198 0.0043451977 0.010248396 99.1680855864 4.97174498801 1443.19751 -1.5290000000000004 0.7320000000000001 0.9
99.25500379151 5.0116020876 0.0336 0.0374 2.7851 "" "" 3130961996929755904 1395.76978 0.6838 0.0471 -1.412 0.735 0.04 0.034 0.987 7212.4 4.3472 15.634543 1.359242 16.235632 14.87639 "" "" 1312.25391 1503.32947 10498.55521 4.9161 4376.9 15.837 8883.9 23.393 "" "" 0.0028018336441819488 0.004818551 0.0047389157 0.009557467 99.25500379151 5.0116020876 1395.76978 -1.4120000000000001 0.7349999999999997 0.8
99.49787565401 4.90514283901 0.0377 0.0404 16.4333 "" "" 3130909804487561728 1418.96021 0.672 0.046 -1.355 0.672 0.044 0.039 0.918 5798.4 4.3367 15.669044 1.410515 16.309853 14.899338 "" "" 1311.40063 1508.95239 10170.19477 14.553 4087.7 25.522 8698.1 34.029 "" "" 0.0031631558854764157 0.0073306677 0.0056856214 0.013016289 99.49787565401 4.90514283901 1418.96021 -1.3549999999999995 0.672 0.8
99.43552964924 5.30942350654 0.0327 0.0324 23.6581 "" "" 3131065282305034240 1570.64026 0.5916 0.0413 -1.554 0.933 0.042 0.035 1.024 6590.1 4.3881 15.710897 0.980246 16.114145 15.1339 "" "" 1485.96082 1652.34277 9785.61586 4.2976 4895.1 12.593 7008.1 13.596 "" "" 0.0027962751512993302 0.0039479933 0.004326723 0.008274716 99.43552964924 5.30942350654 1570.64026 -1.5539999999999996 0.9329999999999998 0.8
98.9363412348 4.54528482542 0.0374 0.0347 31.0712 "" "" 3130871596458403456 1352.90479 0.7012 0.0421 -1.312 0.596 0.047 0.039 1.065 "" "" 15.840957 1.708594 16.640509 14.931914 "" "" 1269.93042 1425.1449 8680.88284 4.7588 3014.5 17.775 8441.0 18.353 "" "" 0.0028188728625034316 0.0069836383 0.0044560684 0.011439707 98.9363412348 4.54528482542 1352.90479 -1.312 0.596 0.8
99.12418920196 4.79207784972 0.037 0.0343 12.5329 "" "" 3130928324386656384 1440.7915 0.6619 0.0415 -1.329 0.654 0.048 0.04 0.974 "" "" 15.859565 1.452089 16.513603 15.061514 "" "" 1364.51697 1512.83813 8533.37474 4.6774 3388.2 13.781 7491.2 16.761 "" "" 0.002818858435223987 0.0052236696 0.004492772 0.009716442 99.12418920196 4.79207784972 1440.7915 -1.329 0.654 0.8
98.73747485526 4.91193332809 0.035 0.0352 29.7308 "" "" 3130947943797001088 1412.77405 0.6644 0.0436 -1.155 0.769 0.045 0.039 1.009 9107.0 4.4597 15.996649 1.496825 16.673473 15.176648 "" "" 1343.5 1492.20923 7521.20391 3.7163 2924.3 18.044 6737.5 13.862 "" "" 0.002807061176395825 0.0072571943 0.0043901885 0.011647383 98.73747485526 4.91193332809 1412.77405 -1.155 0.7689999999999999 0.8
99.58980922303 5.02637636144 0.0449 0.0458 21.684 "" "" 3131008932334185600 1652.23047 0.5941 0.0536 -1.306 0.681 0.055 0.049 1.02 6767.6 4.3397 16.143505 1.469583 16.797237 15.327655 "" "" 1492.98975 1824.96106 6569.68645 10.087 2609.3 23.6 5862.7 35.701 "" "" 0.003220365830309373 0.010208712 0.0076155807 0.017824292 99.58980922303 5.02637636144 1652.23047 -1.306 0.681 0.8
99.40987681946 4.83808557454 0.0443 0.0468 13.3547 "" "" 3130903241777167360 1541.7843 0.6165 0.0565 -1.235 0.62 0.051 0.047 1.007 4982.7 4.3714 16.248808 1.523375 16.962158 15.438784 "" "" 1400.24561 1661.07825 5962.4332 7.5141 2241.6 16.079 5292.3 17.621 "" "" 0.0030763620344863856 0.008272713 0.0052299215 0.013502635 99.40987681946 4.83808557454 1541.7843 -1.2349999999999997 0.62 0.8
99.28603685056 4.67818703562 0.0486 0.0456 17.9129 "" "" 3130899324767115776 1661.37549 0.58 0.0568 -1.284 0.777 0.062 0.05 1.15 "" "" 16.294928 2.064712 17.332695 15.267983 "" "" 1511.46289 1862.23401 5714.4676 9.1255 1593.5 12.56 6193.9 24.22 "" "" 0.003255447312882188 0.009001162 0.005684052 0.014685214 99.28603685056 4.67818703562 1661.37549 -1.2840000000000007 0.7769999999999997 0.9
98.7335220029 5.14036802313 0.0468 0.0428 31.4194 "" "" 3131726947787032960 1727.67688 0.5555 0.0536 -1.599 0.785 0.061 0.051 1.049 7200.5 4.3381 16.305878 1.563301 17.029816 15.466515 "" "" 1589.87793 1878.45642 5657.11977 3.3032 2106.2 7.5144 5158.8 12.643 "" "" 0.00282731290503593 0.0047739 0.0046221237 0.009396024 98.7335220029 5.14036802313 1727.67688 -1.599 0.7850000000000004 0.8
