Clusters/UBC_653/UBC_653_stars_in_region.tsv
# %ECSV 1.0
# ---
# datatype:
# - name: RA_ICRS_1
#   unit: deg
#   datatype: float64
#   format: '{:15.11f}'
#   description: Right ascension (ICRS) at Ep=2016.0 (ra)
#   meta: !!omap
#   - {ucd: POS_EQ_RA_MAIN}
#   - {width: 15}
#   - {precision: '11'}
# - name: DE_ICRS_1
#   unit: deg
#   datatype: float64
#   format: '{:15.11f}'
#   description: Declination (ICRS) at Ep=2016.0 (dec)
#   meta: !!omap
#   - {ucd: POS_EQ_DEC_MAIN}
#   - {width: 15}
#   - {precision: '11'}
# - name: e_RA_ICRS
#   unit: mas
#   datatype: float64
#   format: '{:7.4f}'
#   description: Standard error of right ascension (ra_error)
#   meta: !!omap
#   - {ucd: ERROR}
#   - {width: 7}
#   - {precision: '4'}
# - name: e_DE_ICRS
#   unit: mas
#   datatype: float64
#   format: '{:7.4f}'
#   description: Standard error of declination (dec_error)
#   meta: !!omap
#   - {ucd: ERROR}
#   - {width: 7}
#   - {precision: '4'}
# - name: _r_1
#   unit: ''
#   datatype: float64
#   format: '{:7.4f}'
#   description: Distance from center (160.10771358000-59.00510426000)[ICRS], at Epoch=J2016.0
#   meta: !!omap
#   - {ucd: POS_ANG_DIST_GENERAL}
#   - {width: 7}
#   - {precision: '4'}
# - name: HIP
#   datatype: int32
#   description: '? HIP cross-id number, van Leeuwen, Cat. I/311 (hip_original_ext_source_id)'
#   meta: !!omap
#   - {ucd: ID_NUMBER}
#   - {width: 6}
#   - values: {'null': -2147483648}
# - name: TYC2
#   datatype: string
#   description: Tycho-2 cross-id name, Hog et al., Cat. I/259 (tyc2_original_ext_source_id)
#   meta: !!omap
#   - {ucd: ID_CROSSID}
#   - {_votable_string_dtype: char}
# - name: Source
#   datatype: int64
#   description: Source identifier, identical to the Gaia-EDR3 source_id (id)
#   meta: !!omap
#   - {ucd: ID_MAIN}
#   - {width: 19}
# - name: rgeo
#   unit: pc
#   datatype: float64
#   format: '{:15.8f}'
#   description: '? Median of the geometric distance posterior (r_med_geo)'
#   meta: !!omap
#   - {ucd: PHYS_DISTANCE_TRUE}
#   - {width: 15}
#   - {precision: '8'}
#   - values: {'null': .nan}
# - name: Plx
#   unit: mas
#   datatype: float64
#   format: '{:9.4f}'
#   description: '? Parallax (parallax)'
#   meta: !!omap
#   - {ucd: POS_PARLX_TRIG}
#   - {width: 9}
#   - {precision: '4'}
#   - values: {'null': .nan}
# - name: e_Plx
#   unit: mas
#   datatype: float32
#   format: '{:7.4f}'
#   description: '? Standard error of parallax (parallax_error)'
#   meta: !!omap
#   - {ucd: ERROR}
#   - {width: 7}
#   - {precision: '4'}
#   - values: {'null': .nan}
# - name: pmRA
#   unit: mas / yr
#   datatype: float64
#   format: '{:9.3f}'
#   description: '? Proper motion in right ascension direction, pmRA*cosDE (pmra)'
#   meta: !!omap
#   - {ucd: POS_EQ_PMRA}
#   - {width: 9}
#   - {precision: '3'}
#   - values: {'null': .nan}
# - name: pmDE
#   unit: mas / yr
#   datatype: float64
#   format: '{:9.3f}'
#   description: '? Proper motion in declination direction (pmdec)'
#   meta: !!omap
#   - {ucd: POS_EQ_PMDEC}
#   - {width: 9}
#   - {precision: '3'}
#   - values: {'null': .nan}
# - name: e_pmRA
#   unit: mas / yr
#   datatype: float32
#   format: '{:6.3f}'
#   description: '? Standard error of proper motion in right ascension direction (pmra_error)'
#   meta: !!omap
#   - {ucd: ERROR}
#   - {width: 6}
#   - {precision: '3'}
#   - values: {'null': .nan}
# - name: e_pmDE
[...]
#         value: !astropy.table.SerializedColumn {name: SkyCoord.dec}
#       distance: !astropy.table.SerializedColumn
#         __class__: astropy.coordinates.distances.Distance
#         unit: !astropy.units.Unit {unit: pc}
#         value: !astropy.table.SerializedColumn {name: SkyCoord.distance}
#       frame: icrs
#       obstime: !astropy.time.Time {format: jyear_str, in_subfmt: '*', jd1: 367701545.0, jd2: 0.0, out_subfmt: '*', precision: 3, scale: tt}
#       pm_dec: !astropy.table.SerializedColumn
#         __class__: astropy.units.quantity.Quantity
#         unit: !astropy.units.Unit {unit: mas / yr}
#         value: !astropy.table.SerializedColumn {name: SkyCoord.pm_dec}
#       pm_ra_cosdec: !astropy.table.SerializedColumn
#         __class__: astropy.units.quantity.Quantity
#         unit: !astropy.units.Unit {unit: mas / yr}
#         value: !astropy.table.SerializedColumn {name: SkyCoord.pm_ra_cosdec}
#       ra: !astropy.table.SerializedColumn
#         __class__: astropy.coordinates.angles.Longitude
#         unit: *id001
#         value: !astropy.table.SerializedColumn {name: SkyCoord.ra}
#         wrap_angle: !astropy.coordinates.Angle
#           unit: *id001
#           value: 360.0
#       representation_type: spherical
# schema: astropy-2.0
RA_ICRS_1 DE_ICRS_1 e_RA_ICRS e_DE_ICRS _r_1 HIP TYC2 Source rgeo Plx e_Plx pmRA pmDE e_pmRA e_pmDE RUWE Teff logg Gmag BP-RP BPmag RPmag RV e_RV b_rgeo B_rgeo FG e_FG FBP e_FBP FRP e_FRP RAVE5 RAVE6 e_Gmag e_BPmag e_RPmag e_BP-RP SkyCoord.ra SkyCoord.dec SkyCoord.distance SkyCoord.pm_ra_cosdec SkyCoord.pm_dec rmRA rmDE e_rmRA e_rmDE rRV e_rRV v_pec v_pec3d e_vpec e_vpec3d
[from data line 673]
159.6307869325 -59.21744560429 0.0191 0.0194 19.4455 "" "" 5350582850498957440 2300.88794 0.3998 0.0227 -7.506 4.192 0.025 0.023 0.963 9268.5 3.8564 15.187603 0.868933 15.530565 14.661633 "" "" 2190.12207 2418.44849 15845.48955 5.2537 8379.0 17.091 10827.0 14.423 "" "" 0.002778736815327601 0.0035622462 0.0040466827 0.0076089287 159.6307869325 -59.21744560429 2300.88794 -7.506000000000001 4.192 -0.0676102218627932 1.137168733596802 0.12283237 0.120832376 "" "" 12.424100508040315 "" 1.501321833986248 ""
159.75935129144 -58.73722572527 0.0181 0.0184 19.3672 "" "" 5350619374902516608 2418.29761 0.3798 0.0219 -7.123 2.686 0.024 0.021 1.016 "" "" 15.18916 1.180819 15.67872 14.497902 "" "" 2295.10034 2559.44263 15822.77465 5.6336 7310.2 13.468 12589.0 10.833 "" "" 0.0027823057786415884 0.0034331186 0.0038931512 0.0073262695 159.75935129144 -58.73722572527 2418.29761 -7.1230000000000055 2.686000000000001 0.3153897781372068 -0.3688312664031983 0.12183237 0.11883237 "" "" 5.562758383315509 "" 0.668135214022995 ""
160.44314782768 -58.8568358359 0.0185 0.0185 13.6755 "" "" 5350609032621526400 2311.46875 0.3973 0.0226 -5.457 3.305 0.024 0.022 1.028 9244.0 4.167 15.189226 0.732829 15.471768 14.738939 "" "" 2177.4187 2431.66675 15821.81173 5.0357 8845.2 20.318 10083.0 12.794 "" "" 0.00277690539581289 0.0037423412 0.004022644 0.007764985 160.44314782768 -58.8568358359 2311.46875 -5.457000000000001 3.3050000000000015 1.9813897781372072 0.2501687335968019 0.12183237 0.119832374 "" "" 21.881173689870106 "" 2.665154130077497 ""
160.47824747121 -59.07488231469 0.0206 0.0197 12.1792 "" "" 5350597006713326336 2973.03101 0.3012 0.0238 -6.444 2.823 0.027 0.025 1.028 8802.4 3.1519 15.191362 1.074505 15.623895 14.54939 "" "" 2760.91675 3152.38892 15790.7085 7.9622 7688.8 20.863 12006.0 20.225 "" "" 0.0028091825394411674 0.004057629 0.004198688 0.008256317 160.47824747121 -59.07488231469 2973.03101 -6.4440000000000035 2.823000000000001 0.9943897781372071 -0.2318312664031983 0.12483238 0.12283237 "" "" 14.38890139807367 "" 1.7947284904578862 ""
160.11929690816 -59.06720324792 0.0214 0.0199 3.7431 "" "" 5350599411894363264 2358.39014 0.3927 0.0236 -7.22 3.122 0.029 0.024 0.983 "" "" 15.20069 0.740466 15.483163 14.742697 "" "" 2234.12305 2491.12549 15655.62872 4.6771 8752.9 16.055 10048.0 10.111 "" "" 0.002774346833561146 0.003427997 0.00393413 0.0073621273 160.11929690816 -59.06720324792 2358.39014 -7.22 3.1220000000000003 0.21838977813720728 0.06716873359680164 0.12683237 0.12183237 "" "" 2.554189381780611 "" 0.3228701553465628 ""
160.49983149547 -58.88500729821 0.0187 0.0197 14.1146 "" "" 5350605631007421312 2422.80786 0.3796 0.0238 -6.772 4.358 0.025 0.023 0.988 6702.5 4.1456 15.201295 0.99728 15.612842 14.615562 "" "" 2320.03711 2561.53369 15646.91735 4.0377 7767.5 8.3606 11296.0 18.58 "" "" 0.0027695283920292878 0.0030250233 0.004180071 0.007205094 160.49983149547 -58.88500729821 2422.80786 -6.772000000000002 4.358000000000002 0.6663897781372068 1.3031687335968014 0.12283237 0.120832376 "" "" 16.808923503303486 "" 2.0380762490756292 ""
159.95746778656 -58.88607151748 0.0216 0.0213 8.5225 "" "" 5350614427105073536 2350.12622 0.3897 0.0239 -6.901 2.994 0.026 0.025 0.99 "" "" 15.202317 1.606097 15.936411 14.330314 "" "" 2248.271 2458.68042 15632.1862 6.635 5765.7 12.573 14690.0 12.002 "" "" 0.002793592378486533 0.0036593238 0.003882089 0.0075414125 159.95746778656 -58.88607151748 2350.12622 -6.901000000000001 2.994 0.5373897781372072 -0.060831266403198025 0.123832375 0.12283237 "" "" 6.02453756639651 "" 0.7459568777050583 ""
159.96059322431 -59.04254139291 0.0212 0.019 5.0682 "" "" 5350611747040391552 2314.57617 0.4001 0.0226 -7.288 3.165 0.026 0.023 1.03 9282.4 4.1217 15.203511 0.732662 15.486047 14.753385 "" "" 2181.93359 2442.04858 15615.00945 5.9383 8729.7 13.964 9949.6 12.735 "" "" 0.0027860860142591465 0.0032865352 0.004026781 0.0073133158 159.96059322431 -59.04254139291 2314.57617 -7.288000000000002 3.164999999999999 0.15038977813720678 0.1101687335968018 0.123832375 0.120832376 "" "" 2.045284312481578 "" 0.2511466383980628 ""
160.19664440407 -58.72466388394 0.0179 0.0183 17.0511 "" "" 5350622535998746624 2335.20947 0.3888 0.0217 -8.256 4.985 0.022 0.022 0.988 6547.9 3.9349 15.204249 1.077493 15.650967 14.573474 "" "" 2207.53809 2506.0293 15604.40276 3.8481 7499.5 11.883 11743.0 12.783 "" "" 0.002768298664695859 0.0032779064 0.0039598737 0.00723778 160.19664440407 -58.72466388394 2335.20947 -8.255999999999998 4.985000000000001 -0.8176102218627932 1.930168733596802 0.119832374 0.119832374 "" "" 23.202569377700215 "" 2.780418975038015 ""
160.44119685313 -58.84052563287 0.0194 0.0193 14.2894 "" "" 5350609062663922560 2127.99927 0.4387 0.0233 -5.932 2.656 0.025 0.022 1.022 8194.4 4.4059 15.206249 0.70544 15.475697 14.770257 "" "" 2022.29663 2238.89038 15575.68357 5.5608 8813.3 12.308 9796.1 12.314 "" "" 0.0027824529491297417 0.0031755453 0.00401826 0.0071938056 160.44119685313 -58.84052563287 2127.99927 -5.9319999999999995 2.6559999999999984 1.5063897781372066 -0.3988312664031981 0.12283237 0.119832374 "" "" 15.718058058030048 "" 1.927632798645512 ""
160.3055427929 -59.00022496155 0.0213 0.0206 6.1199 "" "" 5350600580125608192 2456.40479 0.3701 0.0247 -7.413 3.01 0.027 0.024 0.961 7394.8 4.0042 15.212978 0.684452 15.474641 14.790189 "" "" 2290.20728 2604.25391 15479.44337 4.9185 8821.9 11.279 9618.0 11.394 "" "" 0.002776833598690355 0.0031164044 0.003992254 0.0071086586 160.3055427929 -59.00022496155 2456.40479 -7.412999999999999 3.0099999999999993 0.025389778137206775 -0.044831266403198455 0.12483238 0.12183237 "" "" 0.5998853754446236 "" 0.07352655440233889 ""
160.62324738715 -58.80135326592 0.0233 0.0236 20.1166 "" "" 5350700257728366464 2307.3208 0.4031 0.0295 -9.255 5.072 0.033 0.028 1.124 9765.1 3.7935 15.214536 1.46985 15.813396 14.343546 "" "" 2159.76831 2479.69092 15457.26159 11.516 6457.4 66.846 14512.0 68.012 "" "" 0.0028716030748270347 0.011580524 0.00633843 0.017918954 160.62324738715 -58.80135326592 2307.3208 -9.254999999999997 5.072000000000002 -1.8166102218627938 2.017168733596802 0.13083237 0.12583238 "" "" 29.688745747777894 "" 3.80299934499517 ""
160.21799908295 -59.02104597256 0.0216 0.0208 3.5385 "" "" 5350600855003460096 2439.4292 0.3742 0.0247 -7.953 5.323 0.028 0.024 0.951 6074.3 4.0926 15.215796 0.977288 15.615237 14.637949 "" "" 2310.59497 2582.1731 15439.32307 4.257 7750.4 13.909 11066.0 14.498 "" "" 0.002771535361028251 0.0034031786 0.004038209 0.0074413875 160.21799908295 -59.02104597256 2439.4292 -7.953 5.322999999999999 -0.5146102218627933 2.268168733596802 0.12583238 0.12183237 "" "" 26.89314746640464 "" 3.281804343494778 ""
159.95557604434 -58.93718684371 0.0227 0.0205 6.2246 "" "" 5350614186581915648 2202.53711 0.4184 0.0247 -7.172 4.923 0.029 0.024 1.045 6432.8 4.1672 15.216587 0.966457 15.612707 14.64625 "" "" 2087.19067 2316.71948 15428.07508 4.4027 7768.4 12.254 10981.0 11.695 "" "" 0.0027726859984132813 0.0032738731 0.0039523197 0.007226193 159.95557604434 -58.93718684371 2202.53711 -7.171999999999997 4.922999999999996 0.2663897781372073 1.8681687335968018 0.12683237 0.12183237 "" "" 19.70101748260642 "" 2.4022241065985557 ""
159.93464937052 -58.74905204262 0.0186 0.0182 16.2737 "" "" 5350624253985447040 2250.58545 0.4092 0.0213 -6.911 2.518 0.024 0.021 1.043 6882.5 3.8895 15.217091 1.35206 15.811049 14.458988 "" "" 2153.9812 2362.01221 15420.93018 4.4282 6471.4 11.789 13049.0 14.164 "" "" 0.0027729033332502353 0.0034201043 0.003958865 0.0073789693 159.93464937052 -58.74905204262 2250.58545 -6.911000000000001 2.518000000000002 0.5273897781372074 -0.5368312664031984 0.12183237 0.11883237 "" "" 8.028007764172544 "" 0.9658906067213495 ""
160.02106417985 -59.09874881997 0.0216 0.021 6.2224 "" "" 5350587214186266496 2359.50439 0.3804 0.0241 -7.373 2.916 0.029 0.025 1.091 9495.7 3.6745 15.21999 0.836491 15.54442 14.70793 "" "" 2256.02588 2507.78882 15379.80015 4.2567 8272.7 12.723 10375.0 11.741 "" "" 0.0027716584491200534 0.0032516622 0.003974091 0.007225753 160.02106417985 -59.09874881997 2359.50439 -7.372999999999998 2.916000000000001 0.06538977813720681 -0.13883126640319832 0.12683237 0.12283237 "" "" 1.7163034173590264 "" 0.21208060732092235 ""
160.34661838151 -58.8903077124 0.0192 0.0196 10.105 "" "" 5350607245915010304 2289.573 0.4112 0.0237 -9.363 -0.51 0.027 0.023 0.975 5132.2 3.6507 15.222074 1.546327 15.938131 14.391805 "" "" 2166.20215 2379.73291 15350.29961 4.0756 5756.6 10.053 13881.0 16.87 "" "" 0.002770358971365203 0.0033734438 0.004003109 0.0073765526 160.34661838151 -58.8903077124 2289.573 -9.363 -0.5099999999999999 -1.9246102218627925 -3.564831266403198 0.12483238 0.120832376 "" "" 43.96585554723854 "" 5.352695034678164 ""
159.79558420631 -59.32295248215 0.0189 0.0192 21.3506 "" "" 5350578108855022336 2134.30493 0.4298 0.0233 -3.348 3.589 0.025 0.022 0.932 6410.2 4.1645 15.222555 0.921366 15.593326 14.67196 "" "" 2034.88843 2262.56396 15343.51116 3.7386 7908.4 12.358 10724.0 15.609 "" "" 0.0027679913934952486 0.0032655103 0.0040964754 0.0073619857 159.79558420631 -59.32295248215 2134.30493 -3.3480000000000008 3.589 4.090389778137207 0.5341687335968017 0.12283237 0.119832374 "" "" 41.73222310270453 "" 5.1239938942950936 ""
160.08162524949 -59.06618589613 0.0224 0.0212 3.7523 "" "" 5350610784968317824 2158.84106 0.4295 0.0246 -11.817 6.301 0.029 0.025 1.051 5987.9 3.8686 15.224162 1.050679 15.658979 14.6083 "" "" 2050.35278 2339.448 15320.81579 4.5989 7444.3 9.2737 11372.0 14.637 "" "" 0.0027745280822784935 0.0031007163 0.0040294696 0.007130186 160.08162524949 -59.06618589613 2158.84106 -11.817 6.301 -4.378610221862793 3.246168733596802 0.12683237 0.12283237 "" "" 55.776230448401506 "" 6.995913905071445 ""
159.93964862387 -58.74634392496 0.0206 0.0192 16.3772 "" "" 5350624631942574848 2554.5271 0.3534 0.0232 -7.7 2.585 0.026 0.023 1.107 5837.2 3.7653 15.230902 0.986388 15.620254 14.633865 "" "" 2394.97827 2756.37378 15226.00223 4.1686 7714.6 34.078 11107.0 22.971 "" "" 0.0027713083072409437 0.005548628 0.0043961196 0.009944748 159.93964862387 -58.74634392496 2554.5271 -7.7 2.585 -0.26161022186279315 -0.4698312664031983 0.123832375 0.120832376 "" "" 6.5113940626135784 "" 0.7914538777379982 ""
159.60145767698 -59.24053191941 0.0198 0.0203 21.0365 "" "" 5350582403822313728 2389.58179 0.3853 0.0239 -7.376 2.566 0.026 0.023 0.964 9269.6 3.6625 15.245274 0.913471 15.603666 14.690195 "" "" 2275.49121 2526.30884 15025.7841 4.8478 7833.4 23.358 10546.0 15.567 "" "" 0.0027774979393257186 0.0042739264 0.004105149 0.008379076 159.60145767698 -59.24053191941 2389.58179 -7.376000000000001 2.566 0.0623897781372067 -0.4888312664031984 0.123832375 0.120832376 "" "" 5.581718712716294 "" 0.674724011133683 ""
160.49734386041 -59.07682309315 0.0235 0.0219 12.7728 "" "" 5350596280840838144 2423.54736 0.3846 0.0281 -6.964 3.17 0.03 0.028 1.234 9976.0 3.5358 15.246088 0.957842 15.597236 14.639394 "" "" 2281.45679 2597.09351 15014.51715 7.956 7879.9 9.3517 11051.0 14.509 "" "" 0.0028147432940963195 0.0030733296 0.0040392713 0.007112601 160.49734386041 -59.07682309315 2423.54736 -6.964000000000005 3.1700000000000004 0.4743897781372066 0.11516873359680169 0.12783237 0.12583238 "" "" 5.607903467940148 "" 0.7162519490850748 ""
159.86629479453 -59.06175144664 0.0211 0.0213 8.1915 "" "" 5350588378101026432 2216.72437 0.414 0.024 -5.906 2.046 0.028 0.025 0.978 7032.9 4.0965 15.248281 1.105092 15.712272 14.60718 "" "" 2093.23145 2320.229 14984.22123 5.3795 7087.7 14.638 11384.0 12.19 "" "" 0.002782755212135913 0.0035795418 0.0039541605 0.007533702 159.86629479453 -59.06175144664 2216.72437 -5.9060000000000015 2.0460000000000003 1.5323897781372073 -1.0088312664031984 0.12583238 0.12283237 "" "" 19.277221851770232 "" 2.4083589795289737 ""
160.47494964881 -59.04123233134 0.0219 0.0202 11.5461 "" "" 5350602916588343040 2813.72461 0.3199 0.0254 -7.798 0.709 0.03 0.026 1.016 5229.6 3.1857 15.249511 1.851001 16.140347 14.289346 "" "" 2639.18872 3031.73901 14967.26123 5.5268 4778.4 11.404 15255.0 19.758 "" "" 0.00278433560524126 0.0038077957 0.0040325173 0.007840313 160.47494964881 -59.04123233134 2813.72461 -7.798000000000005 0.7090000000000001 -0.359610221862793 -2.345831266403198 0.12783237 0.123832375 "" "" 31.651963425700515 "" 3.922490619546327 ""
159.67755158192 -59.12277689879 0.021 0.0198 15.0298 "" "" 5350589134015122432 2513.31787 0.3615 0.0237 -7.343 3.189 0.027 0.023 1.012 "" "" 15.252366 0.954493 15.544767 14.590275 "" "" 2401.9812 2669.44214 14927.9539 6.0954 8270.1 78.464 11562.0 139.28 "" "" 0.0027907579770442108 0.010672296 0.01361427 0.024286566 159.67755158192 -59.12277689879 2513.31787 -7.343 3.1889999999999996 0.09538977813720706 0.13416873359680181 0.12483238 0.120832376 "" "" 1.9611647691940792 "" 0.23963474896351045 ""
159.68255290655 -58.92642480182 0.0205 0.019 13.9731 "" "" 5350616385605064320 2333.05957 0.3975 0.0229 -6.696 1.788 0.025 0.023 1.021 6802.1 3.6716 15.25243 1.153409 15.73745 14.584041 "" "" 2224.2605 2462.30591 14927.07578 4.21 6925.3 14.864 11629.0 10.308 "" "" 0.0027722841249724645 0.0036353248 0.0038999927 0.0075353174 159.68255290655 -58.92642480182 2333.05957 -6.696 1.7880000000000003 0.7423897781372073 -1.2668312664031982 0.12283237 0.120832376 "" "" 16.237866055260074 "" 1.9704126718595525 ""
160.09235500042 -58.95734108311 0.0231 0.0212 2.9049 "" "" 5350613018350849024 2083.45654 0.4475 0.025 -8.248 3.687 0.029 0.025 0.95 6635.9 4.1791 15.253118 0.941122 15.62788 14.686758 "" "" 1985.78821 2186.91235 14917.62442 4.854 7660.6 11.744 10579.0 14.992 "" "" 0.002777876752159092 0.0032489274 0.004080584 0.0073295115 160.09235500042 -58.95734108311 2083.45654 -8.248 3.6870000000000003 -0.8096102218627923 0.6321687335968016 0.12683237 0.12283237 "" "" 10.144037304564282 "" 1.2713758160312432 ""
160.13334312631 -59.17963829449 0.0194 0.0197 10.5018 "" "" 5350574909083336832 2294.11597 0.3999 0.0224 -7.103 3.156 0.026 0.024 0.902 8877.4 4.1879 15.253361 0.777822 15.54742 14.769597 "" "" 2175.23975 2403.89526 14914.29159 4.7276 8249.9 14.268 9802.1 20.296 "" "" 0.002776731281884033 0.0033631842 0.004397463 0.007760647 160.13334312631 -59.17963829449 2294.11597 -7.102999999999996 3.155999999999997 0.3353897781372073 0.1011687335968019 0.123832375 0.12183237 "" "" 3.809376414513408 "" 0.47109342320982595 ""
159.96911204267 -58.96835120719 0.0223 0.0198 4.8189 "" "" 5350612468594975872 2402.5918 0.3814 0.0235 -5.836 2.759 0.028 0.024 0.985 5974.1 4.071 15.254252 1.008152 15.665711 14.657559 "" "" 2297.52222 2506.27026 14902.04014 4.0006 7398.3 14.448 10868.0 12.544 "" "" 0.002770694500017422 0.003504394 0.003981729 0.007486123 159.96911204267 -58.96835120719 2402.5918 -5.836000000000003 2.7590000000000012 1.6023897781372067 -0.29583126640319835 0.12583238 0.12183237 "" "" 18.556857296759276 "" 2.3326445515650303 ""
159.96015151458 -59.15854219882 0.0195 0.02 10.2689 "" "" 5350586733149572992 2109.28711 0.4369 0.0231 -5.945 3.429 0.026 0.023 0.946 7200.3 4.1905 15.256807 0.837439 15.590228 14.75279 "" "" 1993.27893 2239.23804 14867.01575 4.5159 7931.0 10.422 9955.0 12.849 "" "" 0.002774987303231629 0.0031337931 0.0040308265 0.00716462 159.96015151458 -59.15854219882 2109.28711 -5.945 3.4289999999999994 1.4933897781372067 0.3741687335968016 0.123832375 0.120832376 "" "" 15.392456547084016 "" 1.903388008832697 ""
