Clusters/UBC_653/UBC_653_members.tsv
# %ECSV 1.0
# ---
# datatype:
# - name: RA_ICRS_1
#   unit: deg
#   datatype: float64
#   format: '{:15.11f}'
#   description: Right ascension (ICRS) at Ep=2016.0 (ra)
#   meta: !!omap
#   - {ucd: POS_EQ_RA_MAIN}
#   - {width: 15}
#   - {precision: '11'}
# - name: DE_ICRS_1
#   unit: deg
#   datatype: float64
#   format: '{:15.11f}'
#   description: Declination (ICRS) at Ep=2016.0 (dec)
#   meta: !!omap
#   - {ucd: POS_EQ_DEC_MAIN}
#   - {width: 15}
#   - {precision: '11'}
# - name: e_RA_ICRS
#   unit: mas
#   datatype: float64
#   format: '{:7.4f}'
#   description: Standard error of right ascension (ra_error)
#   meta: !!omap
#   - {ucd: ERROR}
#   - {width: 7}
#   - {precision: '4'}
# - name: e_DE_ICRS
#   unit: mas
#   datatype: float64
#   format: '{:7.4f}'
#   description: Standard error of declination (dec_error)
#   meta: !!omap
#   - {ucd: ERROR}
#   - {width: 7}
#   - {precision: '4'}
# - name: _r_1
#   unit: ''
#   datatype: float64
#   format: '{:7.4f}'
#   description: Distance from center (160.10771358000-59.00510426000)[ICRS], at Epoch=J2016.0
#   meta: !!omap
#   - {ucd: POS_ANG_DIST_GENERAL}
#   - {width: 7}
#   - {precision: '4'}
# - name: HIP
#   datatype: int32
#   description: '? HIP cross-id number, van Leeuwen, Cat. I/311 (hip_original_ext_source_id)'
#   meta: !!omap
#   - {ucd: ID_NUMBER}
#   - {width: 6}
#   - values: {'null': -2147483648}
# - name: TYC2
#   datatype: string
#   description: Tycho-2 cross-id name, Hog et al., Cat. I/259 (tyc2_original_ext_source_id)
#   meta: !!omap
#   - {ucd: ID_CROSSID}
#   - {_votable_string_dtype: char}
# - name: Source
#   datatype: int64
#   description: Source identifier, identical to the Gaia-EDR3 source_id (id)
#   meta: !!omap
#   - {ucd: ID_MAIN}
#   - {width: 19}
# - name: rgeo
#   unit: pc
#   datatype: float64
#   format: '{:15.8f}'
#   description: '? Median of the geometric distance posterior (r_med_geo)'
#   meta: !!omap
#   - {ucd: PHYS_DISTANCE_TRUE}
#   - {width: 15}
#   - {precision: '8'}
#   - values: {'null': .nan}
# - name: Plx
#   unit: mas
#   datatype: float64
#   format: '{:9.4f}'
#   description: '? Parallax (parallax)'
#   meta: !!omap
#   - {ucd: POS_PARLX_TRIG}
#   - {width: 9}
#   - {precision: '4'}
#   - values: {'null': .nan}
# - name: e_Plx
#   unit: mas
#   datatype: float32
#   format: '{:7.4f}'
#   description: '? Standard error of parallax (parallax_error)'
#   meta: !!omap
#   - {ucd: ERROR}
#   - {width: 7}
#   - {precision: '4'}
#   - values: {'null': .nan}
# - name: pmRA
#   unit: mas / yr
#   datatype: float64
#   format: '{:9.3f}'
#   description: '? Proper motion in right ascension direction, pmRA*cosDE (pmra)'
#   meta: !!omap
#   - {ucd: POS_EQ_PMRA}
#   - {width: 9}
#   - {precision: '3'}
#   - values: {'null': .nan}
# - name: pmDE
#   unit: mas / yr
#   datatype: float64
#   format: '{:9.3f}'
#   description: '? Proper motion in declination direction (pmdec)'
#   meta: !!omap
#   - {ucd: POS_EQ_PMDEC}
#   - {width: 9}
#   - {precision: '3'}
#   - values: {'null': .nan}
# - name: e_pmRA
#   unit: mas / yr
#   datatype: float32
#   format: '{:6.3f}'
#   description: '? Standard error of proper motion in right ascension direction (pmra_error)'
#   meta: !!omap
#   - {ucd: ERROR}
#   - {width: 6}
#   - {precision: '3'}
#   - values: {'null': .nan}
# - name: e_pmDE
[...]
#         unit: &id001 !astropy.units.Unit {unit: deg}
#         value: !astropy.table.SerializedColumn {name: SkyCoord.dec}
#       distance: !astropy.table.SerializedColumn
#         __class__: astropy.coordinates.distances.Distance
#         unit: !astropy.units.Unit {unit: pc}
#         value: !astropy.table.SerializedColumn {name: SkyCoord.distance}
#       frame: icrs
#       obstime: !astropy.time.Time {format: jyear_str, in_subfmt: '*', jd1: 367701545.0, jd2: 0.0, out_subfmt: '*', precision: 3, scale: tt}
#       pm_dec: !astropy.table.SerializedColumn
#         __class__: astropy.units.quantity.Quantity
#         unit: !astropy.units.Unit {unit: mas / yr}
#         value: !astropy.table.SerializedColumn {name: SkyCoord.pm_dec}
#       pm_ra_cosdec: !astropy.table.SerializedColumn
#         __class__: astropy.units.quantity.Quantity
#         unit: !astropy.units.Unit {unit: mas / yr}
#         value: !astropy.table.SerializedColumn {name: SkyCoord.pm_ra_cosdec}
#       ra: !astropy.table.SerializedColumn
#         __class__: astropy.coordinates.angles.Longitude
#         unit: *id001
#         value: !astropy.table.SerializedColumn {name: SkyCoord.ra}
#         wrap_angle: !astropy.coordinates.Angle
#           unit: *id001
#           value: 360.0
#       representation_type: spherical
# schema: astropy-2.0
RA_ICRS_1 DE_ICRS_1 e_RA_ICRS e_DE_ICRS _r_1 HIP TYC2 Source rgeo Plx e_Plx pmRA pmDE e_pmRA e_pmDE RUWE Teff logg Gmag BP-RP BPmag RPmag RV e_RV b_rgeo B_rgeo FG e_FG FBP e_FBP FRP e_FRP RAVE5 RAVE6 e_Gmag e_BPmag e_RPmag e_BP-RP SkyCoord.ra SkyCoord.dec SkyCoord.distance SkyCoord.pm_ra_cosdec SkyCoord.pm_dec Pmemb
[from data line 40]
160.35633880458 -58.83177681111 0.0165 0.0176 12.9407 "" "" 5350609685456532608 2302.36768 0.4008 0.021 -7.531 2.993 0.021 0.02 0.949 9190.6 3.9991 14.915515 0.62637 15.153002 14.526631 "" "" 2185.44312 2410.55518 20358.26568 6.4516 11864.0 18.998 12260.0 15.568 "" "" 0.002776720337745304 0.0032875214 0.004022998 0.007310519 160.35633880458 -58.83177681111 2302.36768 -7.531 2.9930000000000008 0.98
160.1011741669 -59.02707931811 0.0191 0.0183 1.3339 "" "" 5350611296050657664 2331.37427 0.3946 0.0212 -7.345 3.181 0.023 0.021 1.013 "" "" 14.942343 0.831922 15.252791 14.42087 "" "" 2213.32812 2427.15259 19861.39608 5.5463 10822.0 18.546 13515.0 35.751 "" "" 0.002771951451080685 0.0033536702 0.0047468483 0.008100519 160.1011741669 -59.02707931811 2331.37427 -7.345000000000001 3.1810000000000014 0.93
160.01138307508 -58.89580337648 0.0192 0.0186 7.2038 "" "" 5350614530179360000 2332.25366 0.3923 0.0207 -7.372 3.052 0.024 0.022 0.955 9786.3 3.8469 14.955358 0.715068 15.223766 14.508698 "" "" 2234.4707 2439.20825 19624.72991 5.6522 11115.0 20.411 12465.0 17.062 "" "" 0.0027730083503375354 0.0034293206 0.004061079 0.0074903998 160.01138307508 -58.89580337648 2332.25366 -7.3720000000000026 3.052 0.98
159.91743326108 -59.04161121862 0.0205 0.0191 6.2711 "" "" 5350611781400112256 2438.43042 0.3793 0.022 -7.375 3.037 0.026 0.022 0.971 9295.3 4.1407 15.01535 0.640101 15.257155 14.617054 "" "" 2312.46533 2566.29907 18569.78174 7.2726 10778.0 16.412 11281.0 20.89 "" "" 0.0027879375997851004 0.0032432082 0.0042808927 0.007524101 159.91743326108 -59.04161121862 2438.43042 -7.375000000000001 3.037 0.98
159.90002592408 -59.14934480637 0.0184 0.0194 10.7659 "" "" 5350586767509293568 2157.93848 0.4226 0.0219 -7.401 3.178 0.025 0.022 1.057 8121.5 4.1027 15.024713 0.702807 15.270601 14.567795 "" "" 2056.17358 2245.89722 18410.33849 6.149 10646.0 20.828 11804.0 71.823 "" "" 0.002779081128914768 0.003506717 0.0076109786 0.011117696 159.90002592408 -59.14934480637 2157.93848 -7.401 3.177999999999998 0.97
160.25488566087 -59.01807289636 0.0196 0.0195 4.6125 "" "" 5350600133448969984 2176.05713 0.4202 0.0231 -7.509 2.919 0.026 0.023 0.936 8306.2 4.3242 15.115245 0.639347 15.358645 14.719297 "" "" 2070.84351 2294.23853 16937.48598 5.5812 9816.6 16.827 10267.0 15.096 "" "" 0.002778450685579065 0.003353915 0.00410271 0.007456625 160.25488566087 -59.01807289636 2176.05713 -7.509000000000001 2.919 0.89
159.96059322431 -59.04254139291 0.0212 0.019 5.0682 "" "" 5350611747040391552 2314.57617 0.4001 0.0226 -7.288 3.165 0.026 0.023 1.03 9282.4 4.1217 15.203511 0.732662 15.486047 14.753385 "" "" 2181.93359 2442.04858 15615.00945 5.9383 8729.7 13.964 9949.6 12.735 "" "" 0.0027860860142591465 0.0032865352 0.004026781 0.0073133158 159.96059322431 -59.04254139291 2314.57617 -7.288000000000001 3.1649999999999996 0.89
160.3055427929 -59.00022496155 0.0213 0.0206 6.1199 "" "" 5350600580125608192 2456.40479 0.3701 0.0247 -7.413 3.01 0.027 0.024 0.961 7394.8 4.0042 15.212978 0.684452 15.474641 14.790189 "" "" 2290.20728 2604.25391 15479.44337 4.9185 8821.9 11.279 9618.0 11.394 "" "" 0.002776833598690355 0.0031164044 0.003992254 0.0071086586 160.3055427929 -59.00022496155 2456.40479 -7.412999999999999 3.0099999999999993 0.97
160.02106417985 -59.09874881997 0.0216 0.021 6.2224 "" "" 5350587214186266496 2359.50439 0.3804 0.0241 -7.373 2.916 0.029 0.025 1.091 9495.7 3.6745 15.21999 0.836491 15.54442 14.70793 "" "" 2256.02588 2507.78882 15379.80015 4.2567 8272.7 12.723 10375.0 11.741 "" "" 0.0027716584491200534 0.0032516622 0.003974091 0.007225753 160.02106417985 -59.09874881997 2359.50439 -7.372999999999998 2.916 0.96
160.22374195038 -58.90145635039 0.0216 0.0218 7.1809 "" "" 5350607726951730560 2301.96338 0.3997 0.0248 -7.335 2.927 0.029 0.025 1.069 9364.3 4.2265 15.283498 0.866766 15.63299 14.766224 "" "" 2188.81299 2422.17993 14505.99649 5.2297 7624.7 15.121 9832.6 15.477 "" "" 0.0027829851645283905 0.0035243821 0.0041478206 0.007672203 160.22374195038 -58.90145635039 2301.96338 -7.334999999999997 2.926999999999999 0.9
160.31009125907 -59.14743164013 0.0234 0.0234 10.5766 "" "" 5350595013848696192 2595.3064 0.3512 0.0268 -7.418 3.057 0.033 0.029 0.992 7354.7 3.9192 15.357805 0.819866 15.674242 14.854376 "" "" 2406.19629 2772.83569 13546.42573 5.0079 7340.4 17.071 9065.8 17.746 "" "" 0.002784402080608651 0.0037630755 0.004335965 0.00809904 160.31009125907 -59.14743164013 2595.3064 -7.417999999999998 3.056999999999999 0.93
159.82720621999 -58.8849093943 0.0225 0.0208 11.2866 "" "" 5350616076367521792 2544.39624 0.3547 0.024 -7.562 3.062 0.028 0.025 1.018 8921.2 3.3829 15.36186 1.06429 15.791957 14.727667 "" "" 2390.60376 2720.75732 13495.91891 4.3758 6586.2 13.976 10188.0 14.057 "" "" 0.002777717468139267 0.0036184548 0.0040654517 0.0076839067 159.82720621999 -58.8849093943 2544.39624 -7.561999999999998 3.062 0.95
160.12750981363 -59.0124522832 0.0232 0.0231 0.7539 "" "" 5350601061161859840 2421.16675 0.3796 0.0269 -7.342 3.138 0.03 0.028 0.989 7804.4 3.6533 15.378229 0.798933 15.687826 14.888893 "" "" 2283.71021 2597.92041 13293.98505 4.3878 7249.1 13.978 8782.1 13.429 "" "" 0.002778526440346389 0.0034882715 0.0041279662 0.0076162377 160.12750981363 -59.0124522832 2421.16675 -7.342 3.138 0.88
160.04816240801 -59.1346862105 0.0216 0.0206 7.9889 "" "" 5350575256997014912 2168.25903 0.4236 0.0249 -7.439 3.051 0.029 0.026 0.906 9635.0 4.3727 15.383623 0.843966 15.716929 14.872964 "" "" 2037.93628 2282.42334 13228.10529 4.1287 7057.4 13.294 8911.9 13.662 "" "" 0.002776081030345815 0.0034594624 0.0041296594 0.007589122 160.04816240801 -59.1346862105 2168.25903 -7.439000000000001 3.0510000000000015 0.87
160.3745244168 -59.15264429385 0.0246 0.0252 12.0845 "" "" 5350594876409480064 2191.55347 0.4255 0.0335 -7.387 3.061 0.033 0.032 1.045 6670.9 4.246 15.394093 0.911155 15.76125 14.850096 "" "" 2034.29443 2372.16504 13101.1549 4.317 6775.1 13.932 9101.6 12.652 "" "" 0.0027784500268956463 0.0035734866 0.004069596 0.0076430826 160.3745244168 -59.15264429385 2191.55347 -7.3870000000000005 3.061000000000001 0.94
159.90821145924 -58.95064938082 0.0246 0.0236 6.9808 "" "" 5350612640393657600 2273.9353 0.4077 0.0266 -7.383 3.144 0.031 0.026 1.02 7123.7 4.195 15.432157 1.189324 15.941003 14.751678 "" "" 2153.84766 2416.72559 12649.81709 4.4455 5741.4 15.925 9965.2 20.632 "" "" 0.0027816139174015172 0.0041054 0.0043973676 0.008502767 159.90821145924 -58.95064938082 2273.9353 -7.383000000000001 3.144000000000001 0.93
160.30269214913 -59.166794216 0.0229 0.026 11.4123 "" "" 5350594635891282304 2128.57495 0.4346 0.0274 -7.399 3.083 0.03 0.032 1.001 7668.5 4.0291 15.480074 0.910067 15.840144 14.930078 "" "" 2011.66479 2227.58936 12103.67334 5.6949 6300.3 11.575 8455.3 13.605 "" "" 0.0028022770925145244 0.0034298683 0.004163622 0.00759349 160.30269214913 -59.166794216 2128.57495 -7.398999999999999 3.083 0.94
160.35896058435 -58.97209180853 0.0229 0.0226 8.0153 "" "" 5350606318201973376 2303.47974 0.3991 0.0266 -7.292 3.073 0.031 0.027 0.986 6334.2 4.1136 15.512932 0.979641 15.908631 14.92899 "" "" 2155.46997 2424.49829 11742.86011 3.8395 5915.1 9.9275 8463.7 14.77 "" "" 0.0027780951225708397 0.0033324996 0.0042277277 0.007560227 160.35896058435 -58.97209180853 2303.47974 -7.291999999999999 3.0730000000000013 0.88
160.17454043151 -59.08716911323 0.0254 0.0238 5.3383 "" "" 5350599137016460544 2450.78394 0.3794 0.0285 -7.343 3.025 0.033 0.027 0.979 9470.6 4.3369 15.520217 0.872417 15.868325 14.995909 "" "" 2314.80688 2579.26538 11664.33019 4.1106 6138.8 12.405 7957.8 15.203 "" "" 0.0027817600265897116 0.0035494654 0.004311175 0.00786064 160.17454043151 -59.08716911323 2450.78394 -7.342999999999997 3.025 0.95
159.81615763399 -58.89011761512 0.0239 0.0235 11.3588 "" "" 5350616072050455168 2485.80859 0.3634 0.0272 -7.493 3.196 0.031 0.028 1.04 10055.9 4.2292 15.530486 0.944332 15.907929 14.963597 "" "" 2356.26587 2638.00488 11554.52808 4.4224 5919.0 16.735 8198.2 15.032 "" "" 0.002786481046699965 0.0041482956 0.0042716414 0.0084199365 159.81615763399 -58.89011761512 2485.80859 -7.4929999999999986 3.195999999999999 0.91
160.13897833396 -58.84096867231 0.0217 0.0212 9.8956 "" "" 5350619855938934144 2292.80249 0.4027 0.0259 -7.573 2.995 0.028 0.025 0.978 5810.6 3.9086 15.541935 1.139771 16.018692 14.878921 "" "" 2156.11304 2382.02881 11433.33322 4.0927 5344.9 12.62 8863.2 15.275 "" "" 0.002782595928789525 0.0037890507 0.0042172302 0.008006281 160.13897833396 -58.84096867231 2292.80249 -7.573000000000004 2.995 0.87
160.20603443003 -59.06230092895 0.0264 0.0258 4.5816 "" "" 5350599240095714048 2206.69458 0.4201 0.0292 -7.585 2.897 0.033 0.03 0.96 8032.8 4.1719 15.562293 0.906947 15.925969 15.019022 "" "" 2074.37158 2365.97559 11220.94416 4.0768 5821.4 11.884 7790.2 13.259 "" "" 0.002783414488890329 0.003563388 0.004206969 0.0077703567 160.20603443003 -59.06230092895 2206.69458 -7.584999999999999 2.8970000000000007 0.93
160.14357209319 -59.08137307625 0.0256 0.0247 4.7081 "" "" 5350599343174882176 2099.23999 0.4456 0.0291 -7.481 3.016 0.034 0.03 0.987 9624.9 4.3904 15.642914 0.898291 16.000906 15.102615 "" "" 1963.71533 2228.52539 10417.92605 3.5878 5433.2 10.756 7212.9 11.16 "" "" 0.002780575619401866 0.0035220752 0.004135907 0.0076579824 160.14357209319 -59.08137307625 2099.23999 -7.480999999999999 3.016 0.91
160.10428336477 -58.86305721506 0.0245 0.0248 8.5235 "" "" 5350619787219409792 2315.49902 0.4021 0.0305 -7.515 2.975 0.034 0.031 0.914 7041.1 4.425 15.7138 0.968293 16.10979 15.141498 "" "" 2181.11841 2521.04321 9759.47506 3.066 4914.7 12.446 6959.2 11.757 "" "" 0.002776352341578803 0.0039172587 0.0042009815 0.00811824 160.10428336477 -58.86305721506 2315.49902 -7.515 2.9750000000000005 0.94
160.2555777282 -59.13598648741 0.0276 0.0283 9.0808 "" "" 5350598037505386240 2292.78027 0.4204 0.0328 -7.582 2.954 0.036 0.033 1.056 6659.7 4.3866 15.900366 0.938292 16.28347 15.345178 "" "" 2116.69971 2480.16064 8218.64736 3.4169 4188.2 9.5064 5768.8 10.727 "" "" 0.0027920505631338914 0.0037226826 0.004284825 0.008007508 160.2555777282 -59.13598648741 2292.78027 -7.582 2.954 0.88
160.51641977321 -58.97564898539 0.0276 0.0281 12.7565 "" "" 5350603603783158912 2705.82642 0.3368 0.0335 -7.5 2.852 0.037 0.035 1.014 5539.5 4.2468 15.923327 1.082873 16.384953 15.302079 "" "" 2477.50439 2940.33325 8046.65989 3.1393 3814.5 7.9174 6002.4 9.1365 "" "" 0.0027876897975149324 0.003586584 0.004124919 0.0077115027 160.51641977321 -58.97564898539 2705.82642 -7.5 2.8519999999999994 0.92
160.00876433331 -59.03179318371 0.0314 0.028 3.4502 "" "" 5350611059845654656 2392.13354 0.3944 0.0332 -7.392 3.207 0.038 0.033 0.975 "" "" 16.000359 1.233221 16.526583 15.293362 "" "" 2201.55981 2601.52954 7495.55087 3.4159 3348.0 10.687 6050.8 12.242 "" "" 0.002799394965655898 0.004449307 0.0043713916 0.008820699 160.00876433331 -59.03179318371 2392.13354 -7.392000000000001 3.2069999999999985 0.85
160.20550680481 -58.8291899071 0.0302 0.0281 10.981 "" "" 5350620096457157760 2361.27563 0.3965 0.0346 -7.465 3.068 0.038 0.034 1.007 6265.1 4.2667 16.010935 1.141458 16.50149 15.360031 "" "" 2185.5603 2566.82178 7422.88183 3.2805 3426.3 10.344 5690.4 12.236 "" "" 0.0027967893877826537 0.0043045636 0.0044423304 0.008746894 160.20550680481 -58.8291899071 2361.27563 -7.464999999999998 3.067999999999999 0.96
159.99425108947 -58.92688070882 0.0328 0.0292 5.8606 "" "" 5350614117862465280 2491.26782 0.3754 0.0351 -7.547 2.959 0.041 0.035 0.995 6036.5 4.2748 16.030415 1.109995 16.486164 15.376169 "" "" 2342.00659 2721.1228 7290.90133 3.0241 3475.0 10.645 5606.5 14.179 "" "" 0.0027918800689763906 0.004341309 0.004671559 0.009012869 159.99425108947 -58.92688070882 2491.26782 -7.547000000000001 2.959000000000001 0.91
159.84083189525 -59.07020676173 0.0339 0.0334 9.1174 "" "" 5350588412460745472 2371.81323 0.4043 0.0381 -7.642 3.151 0.043 0.039 0.915 6352.0 4.4757 16.096062 0.894854 16.461674 15.56682 "" "" 2179.90088 2563.93652 6863.12694 2.9037 3554.2 10.056 4703.6 14.088 "" "" 0.002793349576007878 0.004149897 0.0049858675 0.009135764 159.84083189525 -59.07020676173 2371.81323 -7.6419999999999995 3.151 0.92
159.99301133083 -58.95573982838 0.0337 0.0299 4.6207 "" "" 5350613911704007040 2384.44946 0.3902 0.0351 -7.433 3.033 0.042 0.036 0.987 7429.2 4.3273 16.156563 1.188089 16.66796 15.47987 "" "" 2234.83496 2625.13281 6491.14669 2.7992 2939.2 9.9505 5095.8 10.532 "" "" 0.00279481772160181 0.0046147397 0.004395368 0.009010108 159.99301133083 -58.95573982838 2384.44946 -7.432999999999998 3.032999999999999 0.91
159.89241318217 -58.95414810528 0.034 0.0313 7.3257 "" "" 5350612640393644928 2474.26709 0.3779 0.0368 -7.502 3.108 0.042 0.037 0.918 9577.8 4.2605 16.17988 1.218326 16.704308 15.485982 "" "" 2269.60059 2710.43799 6353.23645 3.1507 2842.5 12.561 5067.2 11.024 "" "" 0.0028074375779194908 0.0055501857 0.0044568116 0.010006998 159.89241318217 -58.95414810528 2474.26709 -7.502000000000001 3.1080000000000005 0.93
160.06312004854 -59.00067003384 0.0353 0.0334 1.4034 "" "" 5350611403443094528 2268.47949 0.4205 0.0381 -7.493 3.104 0.043 0.039 1.019 7023.7 4.3874 16.214428 1.125091 16.683022 15.557931 "" "" 2103.47583 2502.14575 6154.25721 2.8986 2898.7 12.925 4742.3 9.1067 "" "" 0.0028023723442563903 0.005587675 0.004316336 0.009904011 160.06312004854 -59.00067003384 2268.47949 -7.493000000000001 3.104000000000001 0.95
160.24633730621 -58.9264772011 0.0354 0.0325 6.3752 "" "" 5350607417713596928 2349.42725 0.4001 0.0399 -7.496 3.147 0.044 0.037 1.002 5956.4 4.3672 16.292253 1.271466 16.843676 15.572209 "" "" 2124.06152 2583.06494 5728.56341 3.0087 2500.0 15.483 4680.3 15.334 "" "" 0.002813709777951598 0.007280087 0.0051901126 0.0124702 160.24633730621 -58.9264772011 2349.42725 -7.496000000000002 3.147000000000001 0.85
160.43961779121 -58.87434988798 0.0323 0.0316 12.9273 "" "" 5350608620304630656 2378.00244 0.3994 0.0391 -7.679 2.914 0.043 0.038 0.992 6005.4 4.4076 16.299917 1.122394 16.74604 15.623647 "" "" 2177.82593 2711.76416 5688.26868 2.8057 2735.3 23.444 4463.7 21.932 "" "" 0.002806881537510741 0.009715035 0.006537769 0.016252805 160.43961779121 -58.87434988798 2378.00244 -7.679 2.914000000000001 0.89
160.08944163849 -59.17001370039 0.0328 0.0326 9.9106 "" "" 5350574947759356928 2273.64722 0.4225 0.0387 -7.41 3.054 0.043 0.038 0.939 9370.5 3.9444 16.323145 1.626586 17.079351 15.452765 "" "" 2058.0647 2543.21924 5567.86783 2.6528 2012.2 7.9152 5224.6 12.315 "" "" 0.0028034595618609466 0.005101497 0.004564348 0.009665845 160.08944163849 -59.17001370039 2273.64722 -7.41 3.054 0.95
159.7776690591 -58.99538450554 0.0371 0.0349 10.2157 "" "" 5350591818390923136 2225.81274 0.4337 0.0427 -7.385 3.333 0.046 0.042 1.027 "" "" 16.358843 1.343202 16.945053 15.601851 "" "" 2021.05457 2413.92114 5387.77244 2.7431 2277.2 9.2038 4554.3 10.762 "" "" 0.002810224413850748 0.005200163 0.0045679575 0.009768121 159.7776690591 -58.99538450554 2225.81274 -7.385 3.333 0.83
