Clusters/UBC_653/UBC_653_members.tsv
# %ECSV 1.0
# ---
# datatype:
# - name: RA_ICRS_1
#   unit: deg
#   datatype: float64
#   format: '{:15.11f}'
#   description: Right ascension (ICRS) at Ep=2016.0 (ra)
#   meta: !!omap
#   - {ucd: POS_EQ_RA_MAIN}
#   - {width: 15}
#   - {precision: '11'}
# - name: DE_ICRS_1
#   unit: deg
#   datatype: float64
#   format: '{:15.11f}'
#   description: Declination (ICRS) at Ep=2016.0 (dec)
#   meta: !!omap
#   - {ucd: POS_EQ_DEC_MAIN}
#   - {width: 15}
#   - {precision: '11'}
# - name: e_RA_ICRS
#   unit: mas
#   datatype: float64
#   format: '{:7.4f}'
#   description: Standard error of right ascension (ra_error)
#   meta: !!omap
#   - {ucd: ERROR}
#   - {width: 7}
#   - {precision: '4'}
# - name: e_DE_ICRS
#   unit: mas
#   datatype: float64
#   format: '{:7.4f}'
#   description: Standard error of declination (dec_error)
#   meta: !!omap
#   - {ucd: ERROR}
#   - {width: 7}
#   - {precision: '4'}
# - name: _r_1
#   unit: ''
#   datatype: float64
#   format: '{:7.4f}'
#   description: Distance from center (160.10771358000-59.00510426000)[ICRS], at Epoch=J2016.0
#   meta: !!omap
#   - {ucd: POS_ANG_DIST_GENERAL}
#   - {width: 7}
#   - {precision: '4'}
# - name: HIP
#   datatype: int32
#   description: '? HIP cross-id number, van Leeuwen, Cat. I/311 (hip_original_ext_source_id)'
#   meta: !!omap
#   - {ucd: ID_NUMBER}
#   - {width: 6}
#   - values: {'null': -2147483648}
# - name: TYC2
#   datatype: string
#   description: Tycho-2 cross-id name, Hog et al., Cat. I/259 (tyc2_original_ext_source_id)
#   meta: !!omap
#   - {ucd: ID_CROSSID}
#   - {_votable_string_dtype: char}
# - name: Source
#   datatype: int64
#   description: Source identifier, identical to the Gaia-EDR3 source_id (id)
#   meta: !!omap
#   - {ucd: ID_MAIN}
#   - {width: 19}
# - name: rgeo
#   unit: pc
#   datatype: float64
#   format: '{:15.8f}'
#   description: '? Median of the geometric distance posterior (r_med_geo)'
#   meta: !!omap
#   - {ucd: PHYS_DISTANCE_TRUE}
#   - {width: 15}
#   - {precision: '8'}
#   - values: {'null': .nan}
# - name: Plx
#   unit: mas
#   datatype: float64
#   format: '{:9.4f}'
#   description: '? Parallax (parallax)'
#   meta: !!omap
#   - {ucd: POS_PARLX_TRIG}
#   - {width: 9}
#   - {precision: '4'}
#   - values: {'null': .nan}
# - name: e_Plx
#   unit: mas
#   datatype: float32
#   format: '{:7.4f}'
#   description: '? Standard error of parallax (parallax_error)'
#   meta: !!omap
#   - {ucd: ERROR}
#   - {width: 7}
#   - {precision: '4'}
#   - values: {'null': .nan}
# - name: pmRA
#   unit: mas / yr
#   datatype: float64
#   format: '{:9.3f}'
#   description: '? Proper motion in right ascension direction, pmRA*cosDE (pmra)'
#   meta: !!omap
#   - {ucd: POS_EQ_PMRA}
#   - {width: 9}
#   - {precision: '3'}
#   - values: {'null': .nan}
# - name: pmDE
#   unit: mas / yr
#   datatype: float64
#   format: '{:9.3f}'
#   description: '? Proper motion in declination direction (pmdec)'
#   meta: !!omap
#   - {ucd: POS_EQ_PMDEC}
#   - {width: 9}
#   - {precision: '3'}
#   - values: {'null': .nan}
# - name: e_pmRA
#   unit: mas / yr
#   datatype: float32
#   format: '{:6.3f}'
#   description: '? Standard error of proper motion in right ascension direction (pmra_error)'
#   meta: !!omap
#   - {ucd: ERROR}
#   - {width: 6}
#   - {precision: '3'}
#   - values: {'null': .nan}
# - name: e_pmDE
[...]
#         unit: &id001 !astropy.units.Unit {unit: deg}
#         value: !astropy.table.SerializedColumn {name: SkyCoord.dec}
#       distance: !astropy.table.SerializedColumn
#         __class__: astropy.coordinates.distances.Distance
#         unit: !astropy.units.Unit {unit: pc}
#         value: !astropy.table.SerializedColumn {name: SkyCoord.distance}
#       frame: icrs
#       obstime: !astropy.time.Time {format: jyear_str, in_subfmt: '*', jd1: 367701545.0, jd2: 0.0, out_subfmt: '*', precision: 3, scale: tt}
#       pm_dec: !astropy.table.SerializedColumn
#         __class__: astropy.units.quantity.Quantity
#         unit: !astropy.units.Unit {unit: mas / yr}
#         value: !astropy.table.SerializedColumn {name: SkyCoord.pm_dec}
#       pm_ra_cosdec: !astropy.table.SerializedColumn
#         __class__: astropy.units.quantity.Quantity
#         unit: !astropy.units.Unit {unit: mas / yr}
#         value: !astropy.table.SerializedColumn {name: SkyCoord.pm_ra_cosdec}
#       ra: !astropy.table.SerializedColumn
#         __class__: astropy.coordinates.angles.Longitude
#         unit: *id001
#         value: !astropy.table.SerializedColumn {name: SkyCoord.ra}
#         wrap_angle: !astropy.coordinates.Angle
#           unit: *id001
#           value: 360.0
#       representation_type: spherical
# schema: astropy-2.0
RA_ICRS_1 DE_ICRS_1 e_RA_ICRS e_DE_ICRS _r_1 HIP TYC2 Source rgeo Plx e_Plx pmRA pmDE e_pmRA e_pmDE RUWE Teff logg Gmag BP-RP BPmag RPmag RV e_RV b_rgeo B_rgeo FG e_FG FBP e_FBP FRP e_FRP RAVE5 RAVE6 e_Gmag e_BPmag e_RPmag e_BP-RP SkyCoord.ra SkyCoord.dec SkyCoord.distance SkyCoord.pm_ra_cosdec SkyCoord.pm_dec Pmemb
160.49191577294 -59.01504568005 0.0125 0.0124 11.8842 "" 8626-1561-1 5350603088387052672 2224.10449 0.4182 0.0155 -7.43 2.962 0.017 0.015 0.797 14868.3 3.653 11.313962 0.307696 11.411181 11.103485 "" "" 2139.77563 2309.86548 561515.89644 202.32 372340.0 270.47 286920.0 150.87 "" "" 0.0027829531841169403 0.0028994952 0.003822259 0.006721754 160.49191577294 -59.01504568005 2224.10449 -7.430000000000001 2.9620000000000006 0.86
160.27710463242 -59.02555850601 0.0105 0.0105 5.3742 "" "" 5350600133448972160 2368.04517 0.3765 0.0129 -7.594 3.285 0.013 0.012 0.756 14936.9 3.7737 11.719656 0.31737 11.826405 11.509034 "" "" 2302.33301 2448.91235 386442.11905 626.34 254010.0 1187.2 197490.0 665.01 "" "" 0.0032693265344120484 0.005791035 0.0052583395 0.011049375 160.27710463242 -59.02555850601 2368.04517 -7.594000000000001 3.285000000000001 0.95
160.2160930201 -59.21607612766 0.0085 0.009 13.0911 "" "" 5350573878290826368 2322.26147 0.4028 0.0104 -7.328 3.031 0.012 0.011 0.857 "" "" 12.165535 0.640158 12.396257 11.7561 "" "" 2265.95996 2384.29224 256290.72418 45.808 150280.0 125.61 157300.0 49.275 "" "" 0.0027621455641481238 0.0029340428 0.0037946545 0.0067286976 160.2160930201 -59.21607612766 2322.26147 -7.328000000000002 3.0309999999999993 0.93
159.85428317584 -58.95544221217 0.0115 0.0109 8.3835 "" "" 5350615251733743232 2374.21997 0.3965 0.0128 -7.444 3.291 0.015 0.013 1.018 6270.7 3.1216 12.474713 0.681082 12.725415 12.044333 "" "" 2301.81079 2464.32056 192779.80361 45.545 110980.0 92.377 120620.0 69.195 "" "" 0.002767234455311191 0.0029328815 0.0038303605 0.006763242 159.85428317584 -58.95544221217 2374.21997 -7.444000000000001 3.2910000000000004 0.9
160.11892360426 -58.93609489405 0.0109 0.0101 4.1551 "" "" 5350613465027475584 2300.68091 0.3975 0.0124 -7.265 3.184 0.014 0.011 0.987 7454.1 3.6065 13.136359 0.343823 13.254126 12.910302 "" "" 2233.16528 2373.86841 104810.11221 44.335 68197.0 41.166 54330.0 24.589 "" "" 0.0027933345828689156 0.002866109 0.0038111927 0.0066773016 160.11892360426 -58.93609489405 2300.68091 -7.2650000000000015 3.1840000000000006 0.87
160.17812372854 -58.76299120374 0.0087 0.0094 14.6899 "" "" 5350622020602586240 2236.6333 0.4135 0.0109 -7.445 3.133 0.011 0.011 0.99 6824.2 3.5761 13.184755 0.501976 13.365106 12.86313 "" "" 2173.98315 2286.04663 100240.85721 26.505 61571.0 33.72 56742.0 32.631 "" "" 0.0027702357286131614 0.002852826 0.0038306108 0.0066834367 160.17812372854 -58.76299120374 2236.6333 -7.445 3.133000000000001 0.94
160.25365176781 -59.03585163465 0.0133 0.0138 4.8701 "" "" 5350600094775990400 2530.28174 0.3619 0.0165 -7.276 3.369 0.017 0.016 1.276 "" "" 13.283262 1.153511 13.761948 12.608437 "" "" 2441.24536 2619.97192 91546.51804 19.149 42721.0 32.987 71744.0 29.496 "" "" 0.002764663909398923 0.0029133966 0.0038056509 0.006719047 160.25365176781 -59.03585163465 2530.28174 -7.276000000000001 3.3690000000000007 0.8
160.36686689045 -59.13228569431 0.0115 0.0118 11.0503 "" "" 5350595112609602176 2304.68896 0.3978 0.0142 -7.31 2.973 0.015 0.014 0.946 "" "" 13.367641 0.238692 13.452787 13.214095 "" "" 2213.21899 2380.48706 84701.31863 40.47 56794.0 28.159 41070.0 21.537 "" "" 0.0028037300882355477 0.0028416254 0.0038220275 0.006663653 160.36686689045 -59.13228569431 2304.68896 -7.309999999999999 2.9729999999999985 0.92
160.05623268163 -58.97974986714 0.0117 0.011 2.2014 "" "" 5350613087070290048 2346.34155 0.3897 0.0126 -7.493 3.009 0.015 0.013 0.928 "" "" 13.509244 0.586433 13.723104 13.13667 "" "" 2270.40747 2436.97754 74344.53258 21.501 44277.0 29.998 44105.0 15.124 "" "" 0.0027731547623105167 0.0028855065 0.0037976757 0.006683182 160.05623268163 -58.97974986714 2346.34155 -7.493 3.009000000000001 0.98
159.88108631625 -58.93167035838 0.0116 0.011 8.2795 "" "" 5350615698410380288 2351.48755 0.3855 0.013 -7.475 3.032 0.014 0.013 0.914 "" "" 13.528444 0.355483 13.65047 13.294987 "" "" 2294.54785 2415.66943 73041.39524 70.871 47340.0 140.92 38121.0 110.92 "" "" 0.0029498469305850187 0.0042697475 0.004925844 0.009195591 159.88108631625 -58.93167035838 2351.48755 -7.475000000000002 3.0320000000000014 0.98
160.23783084486 -58.98244112412 0.0123 0.0118 4.2453 "" "" 5350601370399576576 2339.12402 0.3921 0.0151 -7.565 2.872 0.016 0.013 0.995 11214.6 3.9378 13.531455 0.342632 13.651651 13.309019 "" "" 2265.52124 2412.0 72839.13793 20.737 47289.0 21.983 37631.0 22.132 "" "" 0.002772604377490753 0.0028354526 0.0038329468 0.006668399 160.23783084486 -58.98244112412 2339.12402 -7.565 2.8720000000000008 0.94
160.02742503455 -59.10501425133 0.0114 0.0111 6.4862 "" "" 5350587214185983360 2406.63574 0.3823 0.0129 -7.279 3.01 0.015 0.013 0.996 10942.7 3.7511 13.584745 0.577397 13.790688 13.213291 "" "" 2345.36084 2469.61304 69350.3137 23.53 41605.0 39.284 41100.0 39.972 "" "" 0.0027798371061146725 0.0029725435 0.0039241216 0.0068966653 160.02742503455 -59.10501425133 2406.63574 -7.279 3.0100000000000007 0.92
160.36291968012 -59.13839573521 0.0125 0.0131 11.2204 "" "" 5350595112609588224 2408.35205 0.3818 0.0157 -7.618 2.902 0.017 0.016 0.978 10665.4 3.8833 13.718134 0.264624 13.812677 13.548054 "" "" 2299.45142 2519.98242 61332.84296 29.633 40770.0 28.699 30195.0 14.886 "" "" 0.0028048114636805522 0.0028929512 0.0038170975 0.0067100488 160.36291968012 -59.13839573521 2408.35205 -7.618 2.9020000000000006 0.88
160.23564519367 -59.06753249903 0.0125 0.0125 5.443 "" "" 5350598484181476352 2294.47168 0.3983 0.0149 -7.622 3.088 0.016 0.014 0.922 7193.9 3.4696 13.807259 0.592113 14.027552 13.435438 "" "" 2232.06494 2382.40405 56499.35466 16.342 33450.0 23.495 33495.0 22.577 "" "" 0.002773159027469958 0.002892512 0.0038495848 0.0067420965 160.23564519367 -59.06753249903 2294.47168 -7.622 3.088 0.95
160.37813477489 -59.13655051605 0.0179 0.0184 11.4781 "" "" 5350595116927659904 2527.23291 0.3632 0.0215 -7.593 3.077 0.023 0.023 1.48 7995.7 3.7453 13.814823 0.479038 13.988752 13.509714 "" "" 2403.40894 2640.37817 56107.07874 21.928 34667.0 27.213 31280.0 26.826 "" "" 0.0027878032460998785 0.0029174367 0.0038923954 0.006809832 160.37813477489 -59.13655051605 2527.23291 -7.593 3.077 0.96
160.43003232088 -59.03069281825 0.0121 0.0121 10.0729 "" "" 5350603191466244864 2348.74609 0.3894 0.015 -7.504 2.85 0.016 0.015 0.919 "" "" 13.834147 0.291735 13.940852 13.649117 "" "" 2273.66748 2435.16919 55117.27707 21.264 36231.0 20.577 27511.0 18.096 "" "" 0.002786977448392102 0.002857496 0.003846266 0.0067037623 160.43003232088 -59.03069281825 2348.74609 -7.5040000000000004 2.8500000000000023 0.94
160.07720496119 -59.03427372324 0.0134 0.013 1.9877 "" "" 5350611197284635776 2264.29492 0.4086 0.0149 -7.328 3.175 0.016 0.015 0.964 "" "" 13.864324 0.769449 14.155246 13.385797 "" "" 2174.16821 2337.98975 53606.46132 19.974 29738.0 34.166 35062.0 34.648 "" "" 0.0027848608799392527 0.003056315 0.0039287247 0.0069850395 160.07720496119 -59.03427372324 2264.29492 -7.328000000000003 3.1750000000000007 0.94
160.22545978026 -58.97401598 0.0128 0.0131 4.0899 "" "" 5350601370400093184 2454.74683 0.3708 0.0162 -7.416 3.029 0.017 0.015 0.971 10910.0 4.0176 13.959775 0.421878 14.111322 13.689445 "" "" 2359.53296 2546.15063 49094.92872 14.048 30966.0 20.078 26508.0 14.793 "" "" 0.0027727795674181727 0.002877609 0.0038276424 0.0067052515 160.22545978026 -58.97401598 2454.74683 -7.415999999999998 3.0289999999999995 0.96
160.35499139145 -58.93224469725 0.013 0.0121 8.8096 "" "" 5350607039756528128 2292.31885 0.3975 0.0151 -7.48 2.972 0.016 0.014 0.971 10579.6 4.0746 13.977109 0.496768 14.157521 13.660753 "" "" 2214.10254 2392.90479 48317.35434 12.373 29676.0 23.964 27218.0 16.275 "" "" 0.0027693124953450856 0.002924679 0.003834737 0.0067594163 160.35499139145 -58.93224469725 2292.31885 -7.480000000000003 2.972000000000001 0.98
160.30052948605 -59.10758821936 0.013 0.0132 8.5556 "" "" 5350598140584632704 2267.31934 0.399 0.0154 -7.354 2.93 0.017 0.015 0.912 7917.5 3.7828 13.978932 0.402077 14.122416 13.720339 "" "" 2190.0896 2344.33521 48236.2873 17.661 30651.0 22.105 25765.0 23.834 "" "" 0.002783849215378779 0.002897958 0.003910559 0.0068085175 160.30052948605 -59.10758821936 2267.31934 -7.354 2.93 0.88
159.95280401417 -58.92189076151 0.0136 0.0133 6.9205 "" "" 5350614220941668608 2364.27271 0.3843 0.0154 -7.447 3.195 0.017 0.016 0.96 9992.8 3.9938 14.028023 0.560293 14.231538 13.671245 "" "" 2281.80981 2452.23828 46103.89161 13.5 27721.0 23.773 26956.0 19.868 "" "" 0.002773601225692946 0.0029414296 0.0038631747 0.006804604 159.95280401417 -58.92189076151 2364.27271 -7.447 3.1950000000000003 0.84
159.85642692037 -59.00422798905 0.0144 0.0139 7.7645 "" "" 5350615011215529344 2269.56543 0.4067 0.0166 -7.37 3.205 0.019 0.016 0.972 9238.3 3.8472 14.126086 0.624812 14.356293 13.731481 "" "" 2185.43335 2349.49048 42122.31214 11.615 24712.0 19.121 25502.0 17.299 "" "" 0.002771537715853044 0.0029138983 0.0038504747 0.006764373 159.85642692037 -59.00422798905 2269.56543 -7.37 3.204999999999999 0.97
159.99939845217 -58.76373554904 0.0119 0.0121 14.8664 "" "" 5350624357064679168 2256.36694 0.4058 0.0142 -7.484 3.112 0.016 0.015 1.007 8982.0 3.8675 14.210124 0.655992 14.453306 13.797314 "" "" 2177.83887 2338.73657 38984.94788 10.368 22599.0 21.483 24001.0 25.698 "" "" 0.0027704090119335624 0.0029749484 0.0039541298 0.006929078 159.99939845217 -58.76373554904 2256.36694 -7.483999999999998 3.112 0.99
160.23118370772 -58.89525145001 0.0142 0.0147 7.6186 "" "" 5350607761311010688 2124.28174 0.4406 0.0174 -7.478 2.998 0.019 0.018 0.985 10467.2 4.0218 14.24235 0.525615 14.43589 13.910275 "" "" 2048.9917 2196.22046 37844.87241 12.971 22965.0 16.942 21630.0 20.038 "" "" 0.0027803358790343354 0.002902864 0.0039109346 0.0068137986 160.23118370772 -58.89525145001 2124.28174 -7.478 2.998 0.98
160.45419674919 -59.0184398401 0.0143 0.0149 10.7333 "" "" 5350603019667564672 2326.46069 0.3888 0.018 -7.397 2.961 0.019 0.018 0.92 9858.7 4.1757 14.288403 0.592585 14.504713 13.912128 "" "" 2230.06055 2422.0481 36273.14712 10.669 21554.0 21.45 21593.0 15.372 "" "" 0.002773764926672949 0.0029920766 0.0038576096 0.006849686 160.45419674919 -59.0184398401 2326.46069 -7.397000000000001 2.961 0.94
160.29533232623 -59.06442660594 0.0156 0.0155 6.7982 "" "" 5350599721132085248 2213.60352 0.4171 0.0183 -7.331 3.067 0.019 0.017 1.012 "" "" 14.324893 0.667398 14.535338 13.86794 "" "" 2138.46777 2308.65112 35074.34461 10.397 20955.0 33.621 22490.0 211.69 "" "" 0.0027740532989604574 0.0032893158 0.010896081 0.014185397 160.29533232623 -59.06442660594 2213.60352 -7.331000000000001 3.067 0.94
160.35905495531 -58.94044971569 0.0148 0.0137 8.6874 "" "" 5350607039756519168 2204.74194 0.4188 0.0169 -7.478 2.962 0.019 0.016 0.935 9753.4 4.1044 14.334094 0.439423 14.489583 14.05016 "" "" 2130.28857 2293.09229 34778.35944 10.984 21857.0 16.953 19015.0 24.241 "" "" 0.002776575999439323 0.0029144872 0.0040248674 0.0069393544 160.35905495531 -58.94044971569 2204.74194 -7.478 2.9619999999999993 0.97
159.86333991241 -58.98630263721 0.0188 0.0183 7.6364 "" "" 5350615148637730816 2246.29004 0.4093 0.0211 -7.531 3.1 0.025 0.022 1.241 "" "" 14.433473 0.903903 14.750877 13.846974 "" "" 2122.47266 2361.46826 31736.41093 11.024 17182.0 100.18 22928.0 84.517 "" "" 0.0027810116884519724 0.006918027 0.0055046873 0.012422714 159.86333991241 -58.98630263721 2246.29004 -7.531000000000001 3.0999999999999996 0.97
160.09808926044 -58.97783222965 0.0167 0.016 1.6631 "" "" 5350612915271618176 2386.22412 0.3786 0.0185 -7.472 3.17 0.022 0.02 0.998 "" "" 14.531638 0.563059 14.737267 14.174208 "" "" 2293.29248 2526.85986 28992.89167 10.806 17398.0 17.336 16962.0 17.321 "" "" 0.0027848778676767363 0.0029925716 0.0039386516 0.006931223 160.09808926044 -58.97783222965 2386.22412 -7.472 3.17 0.95
160.01594090162 -58.93875401512 0.0172 0.0154 4.8892 "" "" 5350613946063771776 2374.07422 0.382 0.0184 -7.407 3.153 0.022 0.018 0.973 "" "" 14.592717 0.695521 14.856112 14.16059 "" "" 2279.02563 2490.85156 27406.90908 9.3069 15595.0 14.775 17176.0 13.576 "" "" 0.0027798788955822593 0.0029737456 0.0038755883 0.0068493336 160.01594090162 -58.93875401512 2374.07422 -7.406999999999997 3.1530000000000005 0.91
160.25770040839 -59.16926691779 0.015 0.0157 10.8808 "" "" 5350597522109289216 2308.29175 0.3993 0.0178 -7.458 2.909 0.021 0.019 0.978 7222.8 3.6475 14.617103 0.763629 14.915334 14.151705 7.7 8.03 2221.6748 2410.10718 26798.19591 9.1908 14767.0 18.489 17317.0 20.383 "" "" 0.002780368165768738 0.0031037077 0.0039896024 0.0070933104 160.25770040839 -59.16926691779 2308.29175 -7.458 2.9090000000000003 0.88
160.14185080959 -59.15497110687 0.0157 0.0161 9.0534 "" "" 5350575050838601472 2372.35913 0.386 0.0185 -7.347 3.038 0.021 0.019 1.033 "" "" 14.652495 0.620908 14.86952 14.248612 "" "" 2258.75317 2496.07495 25938.73209 9.1762 15403.0 25.032 15838.0 32.081 "" "" 0.002781963012992651 0.0033012733 0.0043726843 0.0076739574 160.14185080959 -59.15497110687 2372.35913 -7.3469999999999995 3.0380000000000007 0.9
160.40571738561 -58.9372665697 0.0175 0.0173 10.0754 "" "" 5350606799238821120 2404.65015 0.3833 0.0206 -7.282 2.928 0.024 0.02 0.973 7800.1 3.5694 14.725322 0.990432 15.127879 14.137447 "" "" 2282.30591 2545.99902 24255.92985 6.8983 12141.0 17.432 17546.0 15.184 "" "" 0.0027725681559125194 0.0031961233 0.0038944231 0.007090546 160.40571738561 -58.9372665697 2404.65015 -7.282000000000001 2.928000000000001 0.83
160.15243366308 -58.95079021107 0.0177 0.0172 3.5401 "" "" 5350613396307998976 2263.72412 0.4043 0.0207 -7.379 3.038 0.023 0.02 1.026 9513.6 4.1601 14.733773 0.554924 14.932265 14.377341 "" "" 2163.44312 2375.69043 24067.86595 9.3443 14538.0 19.2 14068.0 13.268 "" "" 0.002787378886257309 0.0031370586 0.003915647 0.0070527056 160.15243366308 -58.95079021107 2263.72412 -7.379 3.037999999999999 0.98
160.53271625433 -58.98074547712 0.0158 0.0154 13.2173 "" "" 5350603603783160320 2136.04517 0.4372 0.019 -7.477 2.838 0.021 0.019 0.909 8377.5 4.376 14.737587 0.562945 14.945614 14.382668 "" "" 2055.60474 2236.98804 23983.457 7.1064 14361.0 14.973 13999.0 13.788 "" "" 0.0027740377765706273 0.0030110604 0.003927758 0.0069388184 160.53271625433 -58.98074547712 2136.04517 -7.477 2.838 0.87
160.19578209117 -58.96320706723 0.0173 0.0167 3.7058 "" "" 5350601576558007424 2318.62769 0.3937 0.0202 -7.518 2.941 0.022 0.019 0.908 9480.8 4.1743 14.73922 0.605076 14.967409 14.362333 "" "" 2210.73633 2427.48535 23947.42924 6.855 14075.0 13.943 14263.0 14.423 "" "" 0.002772793252286022 0.002990295 0.0039356253 0.00692592 160.19578209117 -58.96320706723 2318.62769 -7.518000000000002 2.941 0.96
160.17982035623 -59.08839804402 0.0186 0.0183 5.4706 "" "" 5350599068297545600 2481.89624 0.3737 0.0217 -7.29 3.113 0.024 0.021 0.968 "" "" 14.800535 0.664947 15.051595 14.386648 "" "" 2345.62793 2613.83057 22632.50246 6.3278 13025.0 16.678 13948.0 10.743 "" "" 0.0027719917088390024 0.003117342 0.003870794 0.006988136 160.17982035623 -59.08839804402 2481.89624 -7.290000000000001 3.1129999999999995 0.94
160.32233972131 -59.19200341945 0.0164 0.0176 13.0188 "" "" 5350594532812056064 2314.8252 0.3968 0.0202 -7.318 3.051 0.022 0.021 0.927 9598.5 4.3976 14.858644 0.560527 15.069321 14.508794 "" "" 2207.76318 2425.61304 21453.05507 8.4025 12814.0 16.247 12464.0 17.901 "" "" 0.0027879430462583368 0.003111289 0.0040884353 0.007199724 160.32233972131 -59.19200341945 2314.8252 -7.318 3.051 0.94
160.10567116493 -58.82874323362 0.0168 0.0163 10.5819 "" "" 5350619924658406912 2418.64233 0.3768 0.0201 -7.473 3.118 0.021 0.019 0.981 "" "" 14.895911 0.966979 15.277616 14.310636 "" "" 2330.5332 2550.66113 20729.18625 5.4931 10577.0 14.292 14959.0 14.075 "" "" 0.002770301103658582 0.0031523614 0.0039150147 0.007067376 160.10567116493 -58.82874323362 2418.64233 -7.473 3.1179999999999994 0.98
