Clusters/UBC_653/UBC_653_stars_in_region.tsv
# %ECSV 1.0
# ---
# datatype:
# - name: RA_ICRS_1
#   unit: deg
#   datatype: float64
#   format: '{:15.11f}'
#   description: Right ascension (ICRS) at Ep=2016.0 (ra)
#   meta: !!omap
#   - {ucd: POS_EQ_RA_MAIN}
#   - {width: 15}
#   - {precision: '11'}
# - name: DE_ICRS_1
#   unit: deg
#   datatype: float64
#   format: '{:15.11f}'
#   description: Declination (ICRS) at Ep=2016.0 (dec)
#   meta: !!omap
#   - {ucd: POS_EQ_DEC_MAIN}
#   - {width: 15}
#   - {precision: '11'}
# - name: e_RA_ICRS
#   unit: mas
#   datatype: float64
#   format: '{:7.4f}'
#   description: Standard error of right ascension (ra_error)
#   meta: !!omap
#   - {ucd: ERROR}
#   - {width: 7}
#   - {precision: '4'}
# - name: e_DE_ICRS
#   unit: mas
#   datatype: float64
#   format: '{:7.4f}'
#   description: Standard error of declination (dec_error)
#   meta: !!omap
#   - {ucd: ERROR}
#   - {width: 7}
#   - {precision: '4'}
# - name: _r_1
#   unit: ''
#   datatype: float64
#   format: '{:7.4f}'
#   description: Distance from center (160.10771358000-59.00510426000)[ICRS], at Epoch=J2016.0
#   meta: !!omap
#   - {ucd: POS_ANG_DIST_GENERAL}
#   - {width: 7}
#   - {precision: '4'}
# - name: HIP
#   datatype: int32
#   description: '? HIP cross-id number, van Leeuwen, Cat. I/311 (hip_original_ext_source_id)'
#   meta: !!omap
#   - {ucd: ID_NUMBER}
#   - {width: 6}
#   - values: {'null': -2147483648}
# - name: TYC2
#   datatype: string
#   description: Tycho-2 cross-id name, Hog et al., Cat. I/259 (tyc2_original_ext_source_id)
#   meta: !!omap
#   - {ucd: ID_CROSSID}
#   - {_votable_string_dtype: char}
# - name: Source
#   datatype: int64
#   description: Source identifier, identical to the Gaia-EDR3 source_id (id)
#   meta: !!omap
#   - {ucd: ID_MAIN}
#   - {width: 19}
# - name: rgeo
#   unit: pc
#   datatype: float64
#   format: '{:15.8f}'
#   description: '? Median of the geometric distance posterior (r_med_geo)'
#   meta: !!omap
#   - {ucd: PHYS_DISTANCE_TRUE}
#   - {width: 15}
#   - {precision: '8'}
#   - values: {'null': .nan}
# - name: Plx
#   unit: mas
#   datatype: float64
#   format: '{:9.4f}'
#   description: '? Parallax (parallax)'
#   meta: !!omap
#   - {ucd: POS_PARLX_TRIG}
#   - {width: 9}
#   - {precision: '4'}
#   - values: {'null': .nan}
# - name: e_Plx
#   unit: mas
#   datatype: float32
#   format: '{:7.4f}'
#   description: '? Standard error of parallax (parallax_error)'
#   meta: !!omap
#   - {ucd: ERROR}
#   - {width: 7}
#   - {precision: '4'}
#   - values: {'null': .nan}
# - name: pmRA
#   unit: mas / yr
#   datatype: float64
#   format: '{:9.3f}'
#   description: '? Proper motion in right ascension direction, pmRA*cosDE (pmra)'
#   meta: !!omap
#   - {ucd: POS_EQ_PMRA}
#   - {width: 9}
#   - {precision: '3'}
#   - values: {'null': .nan}
# - name: pmDE
#   unit: mas / yr
#   datatype: float64
#   format: '{:9.3f}'
#   description: '? Proper motion in declination direction (pmdec)'
#   meta: !!omap
#   - {ucd: POS_EQ_PMDEC}
#   - {width: 9}
#   - {precision: '3'}
#   - values: {'null': .nan}
# - name: e_pmRA
#   unit: mas / yr
#   datatype: float32
#   format: '{:6.3f}'
#   description: '? Standard error of proper motion in right ascension direction (pmra_error)'
#   meta: !!omap
#   - {ucd: ERROR}
#   - {width: 6}
#   - {precision: '3'}
#   - values: {'null': .nan}
# - name: e_pmDE
[...]
#         value: !astropy.table.SerializedColumn {name: SkyCoord.dec}
#       distance: !astropy.table.SerializedColumn
#         __class__: astropy.coordinates.distances.Distance
#         unit: !astropy.units.Unit {unit: pc}
#         value: !astropy.table.SerializedColumn {name: SkyCoord.distance}
#       frame: icrs
#       obstime: !astropy.time.Time {format: jyear_str, in_subfmt: '*', jd1: 367701545.0, jd2: 0.0, out_subfmt: '*', precision: 3, scale: tt}
#       pm_dec: !astropy.table.SerializedColumn
#         __class__: astropy.units.quantity.Quantity
#         unit: !astropy.units.Unit {unit: mas / yr}
#         value: !astropy.table.SerializedColumn {name: SkyCoord.pm_dec}
#       pm_ra_cosdec: !astropy.table.SerializedColumn
#         __class__: astropy.units.quantity.Quantity
#         unit: !astropy.units.Unit {unit: mas / yr}
#         value: !astropy.table.SerializedColumn {name: SkyCoord.pm_ra_cosdec}
#       ra: !astropy.table.SerializedColumn
#         __class__: astropy.coordinates.angles.Longitude
#         unit: *id001
#         value: !astropy.table.SerializedColumn {name: SkyCoord.ra}
#         wrap_angle: !astropy.coordinates.Angle
#           unit: *id001
#           value: 360.0
#       representation_type: spherical
# schema: astropy-2.0
RA_ICRS_1 DE_ICRS_1 e_RA_ICRS e_DE_ICRS _r_1 HIP TYC2 Source rgeo Plx e_Plx pmRA pmDE e_pmRA e_pmDE RUWE Teff logg Gmag BP-RP BPmag RPmag RV e_RV b_rgeo B_rgeo FG e_FG FBP e_FBP FRP e_FRP RAVE5 RAVE6 e_Gmag e_BPmag e_RPmag e_BP-RP SkyCoord.ra SkyCoord.dec SkyCoord.distance SkyCoord.pm_ra_cosdec SkyCoord.pm_dec rmRA rmDE e_rmRA e_rmDE rRV e_rRV v_pec v_pec3d e_vpec e_vpec3d
[from data line 2101]
159.97866689857 -58.73415864322 0.0437 0.0417 16.7423 "" "" 5350624563223137024 2354.63037 0.412 0.0494 -6.167 3.646 0.057 0.051 1.06 5303.8 4.6089 16.9063 1.104025 17.378689 16.274664 "" "" 2065.7334 2750.18677 3254.06869 1.9424 1527.4 9.0675 2450.7 7.6669 "" "" 0.0028305144169119664 0.007023531 0.0050814496 0.012104981 159.97866689857 -58.73415864322 2354.63037 -6.167000000000002 3.646000000000003 1.2713897781372072 0.5911687335968017 0.15483238 0.14883238 "" "" 15.648876685490041 "" 2.4065291294170894 ""
159.82649311669 -58.92522845759 0.0465 0.0435 9.9319 "" "" 5350615870209051008 2057.50513 0.4831 0.0509 -9.649 -1.12 0.055 0.051 0.978 5336.4 4.6545 16.90725 1.14386 17.374714 16.230854 "" "" 1807.88489 2265.02759 3251.22592 2.1767 1533.0 15.611 2551.6 13.816 "" "" 0.002849592190471323 0.011403005 0.00698891 0.018391915 159.82649311669 -58.92522845759 2057.50513 -9.649 -1.12 -2.210610221862792 -4.174831266403198 0.15283237 0.14883238 "" "" 46.0709934918954 "" 6.897631429023109 ""
160.64313902263 -59.14136603625 0.047 0.0464 18.4239 "" "" 5350408199961509632 2979.42993 0.3142 0.0567 -8.141 3.303 0.066 0.062 0.961 9035.0 4.4538 16.907343 1.8808 17.825233 15.944433 "" "" 2540.09106 3558.47632 3250.94464 3.4966 1012.3 8.5401 3321.9 14.038 "" "" 0.0029925736948034787 0.009575171 0.005944356 0.015519528 160.64313902263 -59.14136603625 2979.42993 -8.141 3.303 -0.702610221862793 0.2481687335968017 0.16383237 0.15983237 "" "" 10.523382335018233 "" 1.7194524729712197 ""
160.29115354313 -58.83423800067 0.0475 0.0456 11.7212 "" "" 5350609788535696896 2242.68579 0.439 0.0573 -10.265 4.771 0.056 0.053 1.016 5326.5 4.6839 16.908493 1.270073 17.485384 16.215311 "" "" 1994.58154 2533.30396 3247.505 2.1615 1384.4 8.974 2588.4 8.6847 "" "" 0.0028485112814030235 0.00757089 0.005249236 0.012820126 160.29115354313 -58.83423800067 2242.68579 -10.265 4.771 -2.8266102218627935 1.7161687335968017 0.15383238 0.15083237 "" "" 35.15243239251951 "" 5.379381578675207 ""
159.57883742707 -58.83869801551 0.0465 0.0423 19.1835 "" "" 5350663905126251136 2176.31299 0.4469 0.0508 -5.653 1.003 0.059 0.05 1.029 5252.4 4.6745 16.909286 1.026239 17.34295 16.316711 "" "" 1956.46399 2428.12354 3245.12841 1.9647 1578.5 13.342 2357.6 10.256 "" "" 0.0028326458452891884 0.009591785 0.006049125 0.01564091 159.57883742707 -58.83869801551 2176.31299 -5.653000000000001 1.0030000000000001 1.7853897781372075 -2.051831266403198 0.15683237 0.14783238 "" "" 28.05730454676493 "" 4.258422585401179 ""
160.33539005868 -59.19404228809 0.0448 0.0504 13.3314 "" "" 5350594532812058368 2755.97632 0.3347 0.0548 -4.821 1.523 0.059 0.059 0.981 5234.3 4.6986 16.909292 1.087481 17.375237 16.287756 "" "" 2443.81104 3165.71313 3245.11084 2.5763 1532.2 10.806 2421.3 13.431 "" "" 0.002887001613117909 0.008149773 0.007110235 0.015260007 160.33539005868 -59.19404228809 2755.97632 -4.820999999999999 1.5229999999999984 2.6173897781372073 -1.5318312664031983 0.15683237 0.15683237 "" "" 39.61708299161282 "" 6.213240906411592 ""
160.65641145563 -58.99672752185 0.045 0.0428 16.963 "" "" 5350604050459780224 2551.94434 0.377 0.053 -10.337 3.099 0.061 0.054 0.995 "" "" 16.91184 1.477764 17.591818 16.114054 "" "" 2300.57227 2941.34302 3237.50609 2.3915 1255.1 9.1073 2841.4 11.57 "" "" 0.002869672843907365 0.008357842 0.0058163046 0.014174147 160.65641145563 -58.99672752185 2551.94434 -10.337 3.099 -2.8986102218627927 0.04416873359680196 0.15883237 0.15183237 "" "" 35.066286215759185 "" 5.569605663479296 ""
160.06664007829 -59.2623788181 0.0485 0.0448 15.4882 "" "" 5350572817436247552 2279.77026 0.4201 0.0541 -7.156 2.703 0.064 0.055 1.125 5378.4 4.71 16.912603 1.144039 17.349651 16.205612 "" "" 2033.81323 2554.68994 3235.23068 2.562 1568.8 13.254 2611.6 19.813 "" "" 0.0028863554764450485 0.009587804 0.009062644 0.018650448 160.06664007829 -59.2623788181 2279.77026 -7.156000000000001 2.7029999999999994 0.28238977813720734 -0.3518312664031984 0.16183238 0.15283237 "" "" 4.875092012298907 "" 0.7625635535479984 ""
160.00281059975 -58.70028516109 0.0467 0.0435 18.5766 "" "" 5350626105094308096 2205.67749 0.441 0.0523 -7.953 5.105 0.056 0.052 1.052 4783.5 4.4149 16.915024 1.238966 17.46538 16.226414 "" "" 1972.06555 2465.04126 3228.02615 2.0184 1410.1 8.0687 2562.1 10.718 "" "" 0.002837722785696339 0.0068104523 0.0059087225 0.012719175 160.00281059975 -58.70028516109 2205.67749 -7.953000000000001 5.104999999999999 -0.5146102218627933 2.050168733596802 0.15383238 0.14983237 "" "" 22.099257841702716 "" 3.3164892079372787 ""
160.42956113952 -58.95741962858 0.0453 0.0424 10.3544 "" "" 5350603839983488000 2536.69189 0.3924 0.0519 -7.017 3.654 0.059 0.051 0.96 6017.6 4.488 16.915602 1.152073 17.403154 16.251081 "" "" 2255.52637 2982.01636 3226.30816 2.0048 1493.3 9.4584 2504.5 10.955 "" "" 0.002836717305657181 0.0074214065 0.006069442 0.013490848 160.42956113952 -58.95741962858 2536.69189 -7.017000000000002 3.653999999999999 0.4213897781372067 0.5991687335968017 0.15683237 0.14883238 "" "" 8.80765458170243 "" 1.334593986299507 ""
159.47601389299 -58.95189480408 0.0452 0.0404 19.7923 "" "" 5350640299984942720 2258.90625 0.4254 0.0508 -7.16 2.497 0.055 0.047 0.952 4982.4 4.6009 16.91569 1.023415 17.357193 16.333778 "" "" 2044.01855 2486.04614 3226.04658 1.9125 1557.9 9.6157 2320.8 11.098 "" "" 0.002829502588792437 0.0072590513 0.006421851 0.013680902 159.47601389299 -58.95189480408 2258.90625 -7.159999999999998 2.497000000000001 0.2783897781372069 -0.5578312664031984 0.15283237 0.14483237 "" "" 6.675299268069696 "" 0.9776805525351875 ""
160.63466318042 -58.80089699271 0.0469 0.0472 20.4152 "" "" 5350700257728375424 2706.57739 0.3462 0.0575 -5.296 2.393 0.065 0.061 1.04 9409.2 4.344 16.916088 1.580208 17.658836 16.078629 "" "" 2367.69653 3062.45117 3224.86363 2.4888 1180.0 11.266 2935.7 11.971 "" "" 0.002879913294799061 0.010734962 0.0058210893 0.01655605 160.63466318042 -58.80089699271 2706.57739 -5.296 2.393 2.1423897781372068 -0.6618312664031984 0.16283238 0.15883237 "" "" 28.766706711491484 "" 4.674239436151522 ""
160.45114111304 -58.91402230204 0.0459 0.0439 11.9482 "" "" 5350605459208647680 2121.52466 0.4513 0.0525 1.056 0.065 0.062 0.053 0.987 5319.1 4.6892 16.916607 1.183464 17.42987 16.246407 "" "" 1920.94128 2334.81934 3223.32588 2.0684 1457.0 8.0271 2515.3 8.5811 "" "" 0.0028420415102112725 0.006600423 0.0052918573 0.01189228 160.45114111304 -58.91402230204 2121.52466 1.056 0.065 8.494389778137208 -2.9898312664031983 0.15983237 0.15083237 "" "" 90.55660126621876 "" 14.386301151353372 ""
159.5511993766 -58.94220253654 0.0442 0.0414 17.6196 "" "" 5350639642830872064 2570.25049 0.3633 0.0502 -6.154 2.56 0.055 0.051 1.088 "" "" 16.91704 2.382522 18.113209 15.730687 "" "" 2309.15845 2976.22412 3222.04076 50.682 776.49 43.39 4044.7 169.95 "" "" 0.01729922838103744 0.060734697 0.04577669 0.106511384 159.5511993766 -58.94220253654 2570.25049 -6.153999999999999 2.5600000000000014 1.2843897781372071 -0.4948312664031982 0.15283237 0.14883238 "" "" 16.768832476003343 "" 2.5542504086100464 ""
160.48544201527 -58.82346607837 0.0632 0.068 15.9907 "" "" 5350609135700826624 2497.78784 0.3835 0.0835 -6.114 3.545 0.082 0.078 1.076 "" "" 16.917696 2.166798 17.63545 15.468653 "" "" 2062.19507 3132.03076 3220.09277 9.557 1205.7 54.694 5148.7 74.543 "" "" 0.004239759315752092 0.04933107 0.016167268 0.06549834 160.48544201527 -58.82346607837 2497.78784 -6.114 3.545 1.3243897781372072 0.4901687335968017 0.17983237 0.17583238 "" "" 16.71961476044639 "" 2.998749611502506 ""
159.78668990488 -59.24621797812 0.0444 0.046 17.5209 "" "" 5350579483244642688 2484.52148 0.4031 0.0535 -4.871 1.532 0.058 0.049 0.986 5111.6 4.7079 16.917868 1.030863 17.34986 16.318996 "" "" 2190.63428 2931.97974 3219.58516 2.163 1568.5 10.931 2352.7 10.113 "" "" 0.002850236986191283 0.008064626 0.006005382 0.014070008 159.78668990488 -59.24621797812 2484.52148 -4.8709999999999996 1.5319999999999996 2.5673897781372066 -1.5228312664031982 0.15583238 0.14683238 "" "" 35.15379897022834 "" 5.397544647479901 ""
160.36998041548 -58.68765140864 0.0539 0.0506 20.7139 "" "" 5350704930628177920 2875.35254 0.3539 0.0624 -7.341 2.753 0.065 0.061 1.218 "" "" 16.918274 1.574505 17.601458 16.026953 "" "" 2454.39941 3577.13501 3218.37882 3.7632 1244.0 13.877 3078.8 24.272 "" "" 0.0030337281699968806 0.012428778 0.009356749 0.021785527 160.36998041548 -58.68765140864 2875.35254 -7.340999999999994 2.752999999999999 0.09738977813720684 -0.30183126640319813 0.16283238 0.15883237 "" "" 4.322550893711331 "" 0.6882099284272727 ""
160.04452900067 -58.86249200533 0.0456 0.0443 8.7775 "" "" 5350614701978101248 2362.08911 0.4155 0.0519 -5.271 0.844 0.059 0.054 1.046 4892.1 4.3565 16.919102 1.25952 17.456135 16.196615 "" "" 2090.66675 2669.4021 3215.92818 2.0591 1422.2 10.628 2633.4 14.424 "" "" 0.0028416650890878154 0.00857998 0.007046259 0.015626239 160.04452900067 -58.86249200533 2362.08911 -5.271000000000001 0.844000000000002 2.167389778137207 -2.2108312664031984 0.15683237 0.15183237 "" "" 34.664000506489614 "" 5.348759591919997 ""
159.98007665244 -58.69283641037 0.1167 0.1087 19.1503 "" "" 5350626281214899328 2997.63159 0.3052 0.1299 -7.296 2.007 0.145 0.128 2.512 "" "" 16.919111 3.038242 18.528034 15.489792 "" "" 2381.68335 4188.00244 3215.89648 5.4781 529.91 7.709 5049.4 15.011 "" "" 0.003318494502111641 0.016039569 0.004970093 0.021009661 159.98007665244 -58.69283641037 2997.63159 -7.295999999999999 2.0069999999999983 0.14238977813720677 -1.0478312664031981 0.24283236 0.22583237 "" "" 15.025233793956346 "" 3.397986366600944 ""
160.76975086273 -59.07214125315 0.0482 0.0465 20.8275 "" "" 5350413766239193216 2841.7522 0.3456 0.0561 -5.61 1.215 0.068 0.063 1.047 6105.0 4.5169 16.921186 1.417528 17.494324 16.076796 "" "" 2409.43506 3425.46899 3209.75933 2.2321 1373.1 9.6017 2940.6 11.488 "" "" 0.002856897451217118 0.008088711 0.005681122 0.013769833 160.76975086273 -59.07214125315 2841.7522 -5.609999999999999 1.2150000000000007 1.8283897781372067 -1.8398312664031982 0.16583237 0.16083238 "" "" 34.93873359935962 "" 5.706749858681539 ""
160.15392049233 -58.72717706107 0.0452 0.0441 16.7371 "" "" 5350622879596091264 2084.83691 0.4725 0.0529 -10.5 4.948 0.055 0.05 1.033 5292.3 4.674 16.921532 1.222732 17.459145 16.236412 "" "" 1876.20398 2323.16064 3208.7371 2.1616 1418.3 10.915 2538.6 9.5336 "" "" 0.0028507475143908934 0.00880919 0.0055596037 0.014368794 160.15392049233 -58.72717706107 2084.83691 -10.5 4.948 -3.061610221862793 1.8931687335968022 0.15283237 0.14783238 "" "" 35.572287348019515 "" 5.387987711557129 ""
159.97168264508 -58.88893268563 0.0502 0.0457 8.1431 "" "" 5350614358380657920 2272.75293 0.4276 0.0532 -6.421 2.913 0.062 0.055 0.987 9427.3 3.8349 16.92332 1.643457 17.684237 16.04078 "" "" 2012.13354 2754.46313 3203.45314 2.3635 1152.7 12.209 3039.8 11.236 "" "" 0.0028694034598856096 0.011833389 0.0055126683 0.017346058 159.97168264508 -58.88893268563 2272.75293 -6.421000000000002 2.9130000000000016 1.0173897781372068 -0.14183126640319843 0.15983237 0.15283237 "" "" 11.066175713470978 "" 1.7672881295533407 ""
160.4490065753 -58.93655254815 0.05 0.0447 11.3287 "" "" 5350603947380124288 2161.31543 0.4354 0.0548 -2.545 1.67 0.065 0.055 0.993 5156.7 4.7113 16.924576 1.086586 17.408379 16.321793 "" "" 1929.50317 2396.22876 3199.75268 2.291 1486.2 8.1146 2346.6 10.344 "" "" 0.0028628845571249473 0.0065518855 0.00609833 0.012650216 160.4490065753 -58.93655254815 2161.31543 -2.545 1.6699999999999997 4.893389778137207 -1.3848312664031983 0.16283238 0.15283237 "" "" 52.09980804434621 "" 8.446006635644178 ""
160.6871455935 -59.06126761633 0.0464 0.0441 18.2031 "" "" 5350414659591541120 2295.39502 0.4267 0.0535 -3.34 0.971 0.062 0.058 1.025 4822.8 4.3888 16.924837 1.103081 17.360939 16.257858 "" "" 1962.703 2641.38818 3198.98469 2.2437 1552.5 11.746 2488.9 11.052 "" "" 0.0028586168629870104 0.008675457 0.006126008 0.014801465 160.6871455935 -59.06126761633 2295.39502 -3.339999999999999 0.9709999999999994 4.098389778137207 -2.083831266403198 0.15983237 0.15583238 "" "" 50.02413095587603 "" 7.954783080686451 ""
160.3795455356 -58.84812680701 0.0495 0.0495 12.6323 "" "" 5350608890865218944 2625.77075 0.3521 0.0604 -4.759 2.788 0.065 0.059 1.077 5087.6 4.3901 16.92512 1.454258 17.58921 16.134953 "" "" 2279.59717 3238.31299 3198.15148 2.1368 1258.2 14.083 2787.3 12.813 "" "" 0.0028492144021357714 0.0124688065 0.0062605306 0.018729337 160.3795455356 -58.84812680701 2625.77075 -4.759 2.787999999999999 2.6793897781372067 -0.26683126640319843 0.16283238 0.15683237 "" "" 33.51305275225619 "" 5.455071541895242 ""
159.77244813573 -58.9323462708 0.0526 0.0506 11.2513 "" "" 5350615522294563712 2503.21582 0.3885 0.0581 -9.9 3.813 0.065 0.06 1.057 8858.6 4.0182 16.926264 2.721795 18.4638 15.742005 "" "" 2142.89331 3366.17969 3194.78013 2.4352 562.21 7.6693 4002.7 11.931 "" "" 0.0028769259887517326 0.015071424 0.004975674 0.020047098 159.77244813573 -58.9323462708 2503.21582 -9.899999999999999 3.812999999999999 -2.4616102218627933 0.7581687335968019 0.16283238 0.15783237 "" "" 30.5615694502836 "" 4.963359458819381 ""
159.7612941154 -59.11874393853 0.044 0.045 12.6759 "" "" 5350589310129906304 2386.32886 0.3994 0.0512 -7.693 3.624 0.056 0.051 1.016 5333.2 4.7024 16.926565 1.038576 17.362036 16.32346 "" "" 2114.78149 2758.52661 3193.894 2.3804 1551.0 14.454 2343.0 11.224 "" "" 0.0028716872339037253 0.010495797 0.0064292867 0.016925083 159.7612941154 -59.11874393853 2386.32886 -7.6930000000000005 3.6240000000000014 -0.2546102218627926 0.5691687335968019 0.15383238 0.14883238 "" "" 7.052778827844943 "" 1.055643715000891 ""
160.6407288085 -59.01801286019 0.0711 0.0518 16.484 "" "" 5350602538631276288 2396.28442 0.4418 0.072 -9.022 4.68 0.087 0.061 1.077 "" "" 16.927216 "" "" "" "" "" 2064.83667 2960.8772 3191.98043 3.3808 "" "" "" "" "" "" 0.002985666177744082 "" "" "" 160.6407288085 -59.01801286019 2396.28442 -9.022 4.68 -1.5836102218627932 1.6251687335968015 0.18483236 0.15883237 "" "" 25.77376890367705 "" 4.432762816841197 ""
160.7009991469 -59.08846344949 0.0487 0.0452 18.9797 "" "" 5350414419074183808 2576.23779 0.4055 0.055 -6.567 2.651 0.064 0.06 0.907 6089.9 4.523 16.927217 1.416979 17.538578 16.1216 "" "" 2230.67676 3262.74512 3191.9761 2.1128 1318.2 7.8375 2821.7 11.47 "" "" 0.0028475007514754845 0.007032549 0.0058105206 0.01284307 160.7009991469 -59.08846344949 2576.23779 -6.567000000000002 2.651 0.8713897781372069 -0.40383126640319844 0.16183238 0.15783237 "" "" 11.727998370364425 "" 1.8897605785346168 ""
160.1517914329 -59.05780427886 0.0736 0.0639 3.4424 "" "" 5350599480613864064 2581.62061 0.404 0.0756 -7.211 3.413 0.091 0.073 1.293 5551.6 4.5395 16.927555 1.488474 17.52772 16.039246 "" "" 2094.1106 3804.26611 3190.98225 5.5569 1331.5 15.886 3044.1 12.983 "" "" 0.003341660994285268 0.0132509 0.0059771645 0.019228065 160.1517914329 -59.05780427886 2581.62061 -7.211000000000001 3.413 0.22738977813720673 0.35816873359680157 0.18883237 0.17083237 "" "" 5.191538742525044 "" 0.9147054871207266 ""
159.86031139676 -58.92582872276 0.0468 0.0439 9.0107 "" "" 5350615767129853568 2419.85791 0.3957 0.0522 -4.202 0.898 0.058 0.051 0.981 4895.4 4.3893 16.927742 1.127459 17.416693 16.289234 "" "" 2184.88135 2728.22559 3190.43682 2.2118 1474.8 10.268 2418.0 15.022 "" "" 0.0028562811054238684 0.008057721 0.007731859 0.01578958 159.86031139676 -58.92582872276 2419.85791 -4.202 0.8980000000000001 3.236389778137207 -2.156831266403198 0.15583238 0.14883238 "" "" 44.61000417440089 "" 6.857161400430972 ""
