Clusters/UBC_653/UBC_653_stars_in_region.tsv
# %ECSV 1.0
# ---
# datatype:
# - name: RA_ICRS_1
#   unit: deg
#   datatype: float64
#   format: '{:15.11f}'
#   description: Right ascension (ICRS) at Ep=2016.0 (ra)
#   meta: !!omap
#   - {ucd: POS_EQ_RA_MAIN}
#   - {width: 15}
#   - {precision: '11'}
# - name: DE_ICRS_1
#   unit: deg
#   datatype: float64
#   format: '{:15.11f}'
#   description: Declination (ICRS) at Ep=2016.0 (dec)
#   meta: !!omap
#   - {ucd: POS_EQ_DEC_MAIN}
#   - {width: 15}
#   - {precision: '11'}
# - name: e_RA_ICRS
#   unit: mas
#   datatype: float64
#   format: '{:7.4f}'
#   description: Standard error of right ascension (ra_error)
#   meta: !!omap
#   - {ucd: ERROR}
#   - {width: 7}
#   - {precision: '4'}
# - name: e_DE_ICRS
#   unit: mas
#   datatype: float64
#   format: '{:7.4f}'
#   description: Standard error of declination (dec_error)
#   meta: !!omap
#   - {ucd: ERROR}
#   - {width: 7}
#   - {precision: '4'}
# - name: _r_1
#   unit: ''
#   datatype: float64
#   format: '{:7.4f}'
#   description: Distance from center (160.10771358000-59.00510426000)[ICRS], at Epoch=J2016.0
#   meta: !!omap
#   - {ucd: POS_ANG_DIST_GENERAL}
#   - {width: 7}
#   - {precision: '4'}
# - name: HIP
#   datatype: int32
#   description: '? HIP cross-id number, van Leeuwen, Cat. I/311 (hip_original_ext_source_id)'
#   meta: !!omap
#   - {ucd: ID_NUMBER}
#   - {width: 6}
#   - values: {'null': -2147483648}
# - name: TYC2
#   datatype: string
#   description: Tycho-2 cross-id name, Hog et al., Cat. I/259 (tyc2_original_ext_source_id)
#   meta: !!omap
#   - {ucd: ID_CROSSID}
#   - {_votable_string_dtype: char}
# - name: Source
#   datatype: int64
#   description: Source identifier, identical to the Gaia-EDR3 source_id (id)
#   meta: !!omap
#   - {ucd: ID_MAIN}
#   - {width: 19}
# - name: rgeo
#   unit: pc
#   datatype: float64
#   format: '{:15.8f}'
#   description: '? Median of the geometric distance posterior (r_med_geo)'
#   meta: !!omap
#   - {ucd: PHYS_DISTANCE_TRUE}
#   - {width: 15}
#   - {precision: '8'}
#   - values: {'null': .nan}
# - name: Plx
#   unit: mas
#   datatype: float64
#   format: '{:9.4f}'
#   description: '? Parallax (parallax)'
#   meta: !!omap
#   - {ucd: POS_PARLX_TRIG}
#   - {width: 9}
#   - {precision: '4'}
#   - values: {'null': .nan}
# - name: e_Plx
#   unit: mas
#   datatype: float32
#   format: '{:7.4f}'
#   description: '? Standard error of parallax (parallax_error)'
#   meta: !!omap
#   - {ucd: ERROR}
#   - {width: 7}
#   - {precision: '4'}
#   - values: {'null': .nan}
# - name: pmRA
#   unit: mas / yr
#   datatype: float64
#   format: '{:9.3f}'
#   description: '? Proper motion in right ascension direction, pmRA*cosDE (pmra)'
#   meta: !!omap
#   - {ucd: POS_EQ_PMRA}
#   - {width: 9}
#   - {precision: '3'}
#   - values: {'null': .nan}
# - name: pmDE
#   unit: mas / yr
#   datatype: float64
#   format: '{:9.3f}'
#   description: '? Proper motion in declination direction (pmdec)'
#   meta: !!omap
#   - {ucd: POS_EQ_PMDEC}
#   - {width: 9}
#   - {precision: '3'}
#   - values: {'null': .nan}
# - name: e_pmRA
#   unit: mas / yr
#   datatype: float32
#   format: '{:6.3f}'
#   description: '? Standard error of proper motion in right ascension direction (pmra_error)'
#   meta: !!omap
#   - {ucd: ERROR}
#   - {width: 6}
#   - {precision: '3'}
#   - values: {'null': .nan}
# - name: e_pmDE
[...]
#         value: !astropy.table.SerializedColumn {name: SkyCoord.dec}
#       distance: !astropy.table.SerializedColumn
#         __class__: astropy.coordinates.distances.Distance
#         unit: !astropy.units.Unit {unit: pc}
#         value: !astropy.table.SerializedColumn {name: SkyCoord.distance}
#       frame: icrs
#       obstime: !astropy.time.Time {format: jyear_str, in_subfmt: '*', jd1: 367701545.0, jd2: 0.0, out_subfmt: '*', precision: 3, scale: tt}
#       pm_dec: !astropy.table.SerializedColumn
#         __class__: astropy.units.quantity.Quantity
#         unit: !astropy.units.Unit {unit: mas / yr}
#         value: !astropy.table.SerializedColumn {name: SkyCoord.pm_dec}
#       pm_ra_cosdec: !astropy.table.SerializedColumn
#         __class__: astropy.units.quantity.Quantity
#         unit: !astropy.units.Unit {unit: mas / yr}
#         value: !astropy.table.SerializedColumn {name: SkyCoord.pm_ra_cosdec}
#       ra: !astropy.table.SerializedColumn
#         __class__: astropy.coordinates.angles.Longitude
#         unit: *id001
#         value: !astropy.table.SerializedColumn {name: SkyCoord.ra}
#         wrap_angle: !astropy.coordinates.Angle
#           unit: *id001
#           value: 360.0
#       representation_type: spherical
# schema: astropy-2.0
RA_ICRS_1 DE_ICRS_1 e_RA_ICRS e_DE_ICRS _r_1 HIP TYC2 Source rgeo Plx e_Plx pmRA pmDE e_pmRA e_pmDE RUWE Teff logg Gmag BP-RP BPmag RPmag RV e_RV b_rgeo B_rgeo FG e_FG FBP e_FBP FRP e_FRP RAVE5 RAVE6 e_Gmag e_BPmag e_RPmag e_BP-RP SkyCoord.ra SkyCoord.dec SkyCoord.distance SkyCoord.pm_ra_cosdec SkyCoord.pm_dec rmRA rmDE e_rmRA e_rmDE rRV e_rRV v_pec v_pec3d e_vpec e_vpec3d
[from data line 1528]
160.03315547563 -59.08575714404 0.0377 0.0347 5.3584 "" "" 5350610681888491520 2960.8042 0.3073 0.042 -6.785 3.222 0.05 0.042 0.888 7045.6 3.8673 16.387524 1.94433 17.361912 15.417582 "" "" 2635.23291 3338.40601 5247.31577 2.6781 1551.1 6.4044 5396.7 8.509 "" "" 0.0028104897485892923 0.005280322 0.004149009 0.009429331 160.03315547563 -59.08575714404 2960.8042 -6.784999999999996 3.221999999999997 0.6533897781372069 0.16716873359680173 0.14783238 0.13983238 "" "" 9.465174304461085 "" 1.3947256783525503 ""
160.51023546819 -58.90532396013 0.034 0.0336 13.8191 "" "" 5350605527928177280 2166.19165 0.4448 0.0406 -5.867 2.38 0.047 0.042 0.999 5684.5 4.5597 16.389746 1.023035 16.809155 15.786119 "" "" 1998.26868 2338.95776 5236.58667 2.6811 2580.8 8.2534 3843.4 10.634 "" "" 0.002810836761146641 0.0044543366 0.004827833 0.00928217 160.51023546819 -58.90532396013 2166.19165 -5.867000000000004 2.3800000000000003 1.571389778137207 -0.6748312664031983 0.14483237 0.13983238 "" "" 17.559540213094007 "" 2.529719269228576 ""
159.96306927471 -58.7428597701 0.0319 0.0301 16.3617 "" "" 5350624460143900800 2243.34326 0.4326 0.037 -5.737 2.17 0.042 0.036 0.967 7127.5 4.391 16.389807 1.13414 16.863445 15.729305 "" "" 2084.59961 2416.00464 5236.2986 2.392 2454.9 11.407 4049.8 10.933 "" "" 0.0027996039135712598 0.005765168 0.004782787 0.010547955 159.96306927471 -58.7428597701 2243.34326 -5.736999999999999 2.1700000000000026 1.701389778137207 -0.8848312664031983 0.13983238 0.13383237 "" "" 20.39198391996075 "" 2.8258562303798955 ""
160.03823101116 -59.05101968368 0.04 0.0352 3.4918 "" "" 5350610853687218176 2262.10107 0.4206 0.0418 -7.838 7.434 0.047 0.039 0.977 5802.5 4.5003 16.390936 1.235582 16.871824 15.636242 "" "" 2054.72681 2461.55908 5230.84993 3.0649 2436.1 17.991 4412.3 51.044 "" "" 0.002827807039778462 0.0084899245 0.013116697 0.02160662 160.03823101116 -59.05101968368 2262.10107 -7.837999999999997 7.434 -0.39961022186279305 4.379168733596802 0.14483237 0.13683237 "" "" 47.15011209332788 "" 6.454866934707202 ""
159.89829326367 -59.06102042312 0.0368 0.0355 7.284 "" "" 5350588279337862016 2389.4519 0.3961 0.0425 -7.414 3.431 0.049 0.042 1.027 5606.9 4.5271 16.391079 1.138985 16.877949 15.738964 "" "" 2189.85376 2614.69385 5230.16104 3.4774 2422.4 9.5907 4014.0 10.558 "" "" 0.0028483148444226375 0.0051247594 0.004737019 0.0098617785 159.89829326367 -59.06102042312 2389.4519 -7.414 3.431 0.02438977813720733 0.3761687335968018 0.14683238 0.13983238 "" "" 4.269433729071604 "" 0.5971332977369319 ""
160.17236189819 -58.92774232276 0.0424 0.0357 5.0542 "" "" 5350613533746987136 2502.88477 0.3652 0.0444 -7.602 2.921 0.051 0.041 0.977 5764.4 4.493 16.392427 1.212043 16.92545 15.713407 "" "" 2270.20044 2799.78687 5223.67417 4.1982 2318.7 13.088 4109.6 10.801 "" "" 0.002890191470874549 0.006733748 0.0047356724 0.01146942 160.17236189819 -58.92774232276 2502.88477 -7.602 2.921 -0.16361022186279328 -0.13383126640319842 0.14883238 0.13883238 "" "" 2.507676248312018 "" 0.3633786116041728 ""
160.08975794501 -59.21279508631 0.0344 0.0333 12.4737 "" "" 5350574535442756992 2260.66846 0.4204 0.0393 -7.077 3.227 0.045 0.041 0.958 7431.6 4.2415 16.392689 1.307695 16.96888 15.661184 "" "" 2102.75415 2527.57764 5222.41759 2.4607 2227.7 12.42 4312.1 15.451 "" "" 0.0028024098309424855 0.006665357 0.0054239086 0.0120892655 160.08975794501 -59.21279508631 2260.66846 -7.076999999999998 3.227000000000002 0.3613897781372071 0.17216873359680163 0.14283237 0.13883238 "" "" 4.289503030570435 "" 0.609542401023116 ""
160.5065032317 -59.0048390697 0.0364 0.0345 12.3217 "" "" 5350603466344184832 2471.33154 0.3759 0.0433 -7.008 4.154 0.047 0.043 1.023 5598.5 4.4259 16.393385 0.984382 16.752138 15.767756 "" "" 2252.25244 2710.87158 5219.06359 2.4379 2720.0 29.788 3908.9 22.815 "" "" 0.0028016073516210884 0.012213387 0.0073785163 0.019591903 160.5065032317 -59.0048390697 2471.33154 -7.007999999999998 4.153999999999996 0.430389778137207 1.0991687335968017 0.14483237 0.14083238 "" "" 13.827650338001057 "" 1.9548239069010938 ""
160.16353646207 -58.7755350644 0.0326 0.0345 13.8824 "" "" 5350621986242820096 2536.78271 0.386 0.0407 -6.623 3.362 0.043 0.042 1.016 6895.1 4.3716 16.394526 1.135149 16.852764 15.717615 "" "" 2260.26392 2984.52051 5213.58513 2.642 2479.2 11.474 4093.7 14.692 "" "" 0.0028097169776863224 0.005747581 0.005428394 0.011175975 160.16353646207 -58.7755350644 2536.78271 -6.623000000000003 3.3620000000000005 0.8153897781372068 0.30716873359680186 0.14083238 0.13983238 "" "" 10.477157275848151 "" 1.4742249700224386 ""
159.85000094585 -59.04991508993 0.0376 0.0372 8.3995 "" "" 5350588446820525184 2096.1123 0.4553 0.0429 -4.847 2.252 0.049 0.045 0.966 5046.1 4.3824 16.396944 0.999912 16.80834 15.808428 "" "" 1944.03503 2252.75122 5201.98777 2.4916 2582.7 8.3616 3765.2 11.422 "" "" 0.0028039662458685007 0.004487883 0.0050131734 0.009501057 159.85000094585 -59.04991508993 2096.1123 -4.847000000000004 2.2520000000000002 2.5913897781372066 -0.8028312664031985 0.14683238 0.14283237 "" "" 26.95423719749231 "" 3.948430246389372 ""
160.02641698061 -58.94850325299 0.0397 0.0349 4.2253 "" "" 5350613941746576000 2451.68726 0.3801 0.0426 -6.296 1.213 0.05 0.042 0.997 5077.6 4.3283 16.397694 1.200232 16.91536 15.715128 "" "" 2230.4375 2831.31421 5198.3908 2.5143 2340.3 10.284 4103.1 9.213 "" "" 0.002804916772847439 0.00552703 0.004497445 0.010024475 160.02641698061 -58.94850325299 2451.68726 -6.295999999999997 1.212999999999999 1.1423897781372068 -1.8418312664031982 0.14783238 0.13983238 "" "" 25.186744501595523 "" 3.5790406153588625 ""
160.12104038959 -58.8686372314 0.0345 0.0337 8.1984 "" "" 5350619718499934976 2288.13257 0.4169 0.0402 -6.351 3.814 0.044 0.039 1.059 4811.9 4.2639 16.399248 1.16153 16.911486 15.749956 "" "" 2105.05688 2507.04224 5190.96079 2.4612 2348.7 9.8319 3973.5 10.312 "" "" 0.002802996616856643 0.0053331135 0.004714142 0.010047255 160.12104038959 -58.8686372314 2288.13257 -6.351000000000002 3.8140000000000027 1.087389778137207 0.7591687335968018 0.14183238 0.13683237 "" "" 14.383415829067768 "" 2.0167496302793544 ""
160.03203188192 -58.83711663437 0.0367 0.0323 10.3482 "" "" 5350620611853124736 2523.43701 0.3697 0.0398 -6.194 2.262 0.046 0.039 1.073 "" "" 16.399675 1.545111 17.091541 15.546431 "" "" 2286.63672 2778.35522 5188.91218 2.7043 1989.8 11.398 4792.8 8.449 "" "" 0.0028128238261420093 0.006816531 0.0042364015 0.011052933 160.03203188192 -58.83711663437 2523.43701 -6.194 2.262 1.244389778137207 -0.7928312664031982 0.14383237 0.13683237 "" "" 17.648538061320814 "" 2.50338802939434 ""
160.30631552067 -58.89938662132 0.034 0.0345 8.832 "" "" 5350607894432718080 2114.97998 0.4444 0.0412 -7.659 2.818 0.044 0.04 1.093 5196.5 4.3604 16.400698 1.107652 16.873833 15.766181 "" "" 1974.48877 2291.31299 5184.03415 2.8135 2431.6 12.757 3914.6 14.656 "" "" 0.002817625057058176 0.006342796 0.005550435 0.011893231 160.30631552067 -58.89938662132 2114.97998 -7.658999999999993 2.8179999999999987 -0.22061022186279278 -0.23683126640319818 0.14183238 0.13783237 "" "" 3.2447260330669767 "" 0.45330431625440487 ""
160.07989545141 -59.00703055835 0.0383 0.0339 0.8672 "" "" 5350611403443095808 2953.61108 0.3125 0.0409 -5.685 3.725 0.047 0.039 1.003 9780.8 3.7833 16.40159 1.415786 16.967 15.551213 "" "" 2610.12231 3309.02734 5179.77333 3.0561 2231.6 16.099 4771.7 33.593 "" "" 0.002828806587282541 0.008314742 0.00852695 0.016841691 160.07989545141 -59.00703055835 2953.61108 -5.6850000000000005 3.7250000000000023 1.7533897781372074 0.6701687335968018 0.14483237 0.13683237 "" "" 26.279609154935745 "" 3.779990417693533 ""
159.52753727243 -59.00638244661 0.0359 0.0326 17.9259 "" "" 5350637757364286336 2357.86206 0.379 0.0401 -4.243 1.981 0.043 0.037 0.967 6548.0 2.8753 16.403807 3.404914 18.47433 15.069417 "" "" 2151.21167 2581.97021 5169.20716 3.5074 556.78 7.7246 7436.9 15.368 "" "" 0.002852105145996797 0.015319413 0.0043951753 0.019714588 159.52753727243 -59.00638244661 2357.86206 -4.243000000000001 1.9810000000000003 3.1953897781372067 -1.0738312664031981 0.14083238 0.13483238 "" "" 37.67517404878605 "" 5.2833870360294135 ""
160.52994139017 -58.7458856916 0.0337 0.033 20.3316 "" "" 5350703556263275776 2894.0166 0.3477 0.0408 -5.355 2.501 0.042 0.039 0.994 9525.4 4.0484 16.405586 1.136531 16.849123 15.712592 "" "" 2491.21753 3268.00586 5160.74416 2.5711 2487.5 15.565 4112.6 19.381 "" "" 0.0028079140018778684 0.007344403 0.0063611027 0.013705505 160.52994139017 -58.7458856916 2894.0166 -5.355000000000002 2.501 2.0833897781372066 -0.5538312664031984 0.13983238 0.13683237 "" "" 29.571748612918814 "" 4.129291232593116 ""
159.75591782127 -59.26077614742 0.035 0.0351 18.7776 "" "" 5350579586323827584 2308.82739 0.4127 0.0418 -7.197 3.726 0.045 0.04 1.071 5634.8 4.6214 16.408903 0.989103 16.80495 15.815847 "" "" 2113.59351 2517.32739 5144.99696 2.7931 2590.8 8.568 3739.5 15.468 "" "" 0.002817659785104807 0.0045472654 0.005869666 0.0104169315 159.75591782127 -59.26077614742 2308.82739 -7.197 3.726 0.24138977813720697 0.6711687335968017 0.14283237 0.13783237 "" "" 7.805779047820615 "" 1.0804307856369144 ""
160.60698880683 -59.03722599671 0.0354 0.0334 15.5392 "" "" 5350602469911779072 2527.94995 0.3677 0.0418 -0.338 3.123 0.046 0.042 0.915 5212.2 4.3619 16.40895 1.037559 16.832117 15.794559 "" "" 2324.46973 2817.27295 5144.77532 2.8146 2526.8 10.931 3813.6 12.709 "" "" 0.0028186177654386814 0.00546316 0.0052321674 0.010695327 160.60698880683 -59.03722599671 2527.94995 -0.33799999999999975 3.123 7.100389778137207 0.06816873359680198 0.14383237 0.13983238 "" "" 85.08421911112606 "" 12.23783400773433 ""
159.63961181177 -58.99870201824 0.0345 0.0321 14.4697 "" "" 5350592333786943616 2281.64185 0.4144 0.0402 -4.741 -2.473 0.041 0.039 0.975 5069.2 4.3596 16.409143 1.153435 16.903105 15.74967 "" "" 2087.7063 2527.66943 5143.86585 2.28 2366.9 10.536 3974.6 9.5532 "" "" 0.0027970322936427257 0.0055806185 0.004592812 0.010173431 159.63961181177 -58.99870201824 2281.64185 -4.7410000000000005 -2.472999999999999 2.6973897781372074 -5.527831266403198 0.13883238 0.13683237 "" "" 66.52122388583474 "" 9.127993844625394 ""
160.06762675613 -58.69223027953 0.0331 0.0326 18.8136 "" "" 5350623223193469568 2714.90112 0.3401 0.0394 -7.57 4.953 0.04 0.037 0.989 6311.1 4.3269 16.40984 1.126541 16.875174 15.748632 "" "" 2480.03906 3018.81177 5140.56368 2.4288 2428.6 9.3033 3978.4 9.2346 "" "" 0.0028026672685540826 0.0050083566 0.004542588 0.009550944 160.06762675613 -58.69223027953 2714.90112 -7.57 4.953000000000001 -0.13161022186279325 1.898168733596802 0.13783237 0.13483238 "" "" 24.485477889871635 "" 3.301790647264278 ""
159.71639771691 -58.77470029357 0.0337 0.0318 18.3922 "" "" 5350665756232308992 2369.4729 0.3979 0.0387 -5.602 3.025 0.042 0.037 0.941 5729.1 4.584 16.410023 0.987225 16.808647 15.821423 "" "" 2196.45972 2621.48682 5139.70195 2.4903 2582.0 18.632 3720.4 11.744 "" "" 0.0028050903807685093 0.008316792 0.0051019643 0.013418756 159.71639771691 -58.77470029357 2369.4729 -5.602 3.0250000000000004 1.8363897781372067 -0.02983126640319833 0.13983238 0.13483238 "" "" 20.627768488435805 "" 2.8844031857129315 ""
160.39565031808 -58.8917800214 0.0328 0.0343 11.209 "" "" 5350608689024049792 2247.9375 0.426 0.0409 -1.097 -6.712 0.043 0.039 0.966 5796.9 4.415 16.411398 1.221324 16.93283 15.711507 "" "" 2084.95996 2466.34082 5133.19149 2.6692 2302.9 7.961 4116.8 11.661 "" "" 0.0028125662517678902 0.0046768086 0.004872551 0.00954936 160.39565031808 -58.8917800214 2247.9375 -1.097 -6.712 6.3413897781372075 -9.766831266403198 0.14083238 0.13683237 "" "" 124.0792535415893 "" 17.126741103751204 ""
160.24191718521 -58.85258973329 0.0357 0.0358 10.0503 "" "" 5350608345426625280 2216.94263 0.4337 0.0436 -6.516 0.473 0.045 0.039 1.032 7839.5 4.208 16.413004 1.878371 17.320898 15.442527 "" "" 1992.25989 2469.29736 5125.60757 3.317 1610.9 9.1544 5274.1 13.794 "" "" 0.0028434966415161146 0.0067715603 0.004727302 0.011498863 160.24191718521 -58.85258973329 2216.94263 -6.516 0.47299999999999986 0.922389778137207 -2.5818312664031984 0.14283237 0.13683237 "" "" 28.8101236382842 "" 3.962101989454202 ""
159.54325341686 -59.00217938097 0.0353 0.0317 17.4421 "" "" 5350637791724029440 2429.93066 0.3902 0.0395 -7.201 3.397 0.042 0.038 0.984 9686.4 3.8798 16.414442 2.002953 17.409998 15.407045 "" "" 2227.88062 2661.90942 5118.82265 3.915 1483.9 9.8486 5449.3 12.252 "" "" 0.002877733355709848 0.0077273194 0.004499204 0.012226524 159.54325341686 -59.00217938097 2429.93066 -7.201000000000001 3.3970000000000007 0.2373897781372074 0.34216873359680156 0.13983238 0.13583237 "" "" 4.796655495123103 "" 0.6578368032127496 ""
159.70029757287 -59.25479356484 0.2342 0.2374 19.5385 "" "" 5350579242726419328 2935.54688 0.5393 0.2857 -6.244 4.362 0.306 0.282 6.792 5048.6 4.7531 16.415339 1.131646 16.81514 15.683494 "" "" 1949.94226 5637.61719 5114.59314 14.993 2566.6 11.742 4224.4 11.143 "" "" 0.004209709129748945 0.0056971684 0.004741918 0.010439087 159.70029757287 -59.25479356484 2935.54688 -6.243999999999999 4.362 1.1943897781372073 1.3071687335968019 0.40383238 0.3798324 "" "" 24.637914166160208 "" 9.631830322152904 ""
160.56242814914 -58.73722938242 0.0376 0.037 21.3834 "" "" 5350700738765690496 2258.23535 0.4313 0.0459 -7.076 3.012 0.049 0.046 1.01 7386.7 4.3616 16.417318 1.211089 16.929878 15.718789 "" "" 2047.48669 2461.51465 5105.27466 2.6042 2309.2 7.9814 4089.2 8.7369 "" "" 0.0028104308084264647 0.004676289 0.004434526 0.009110815 160.56242814914 -58.73722938242 2258.23535 -7.076 3.012 0.3623897781372074 -0.04283126640319823 0.14683238 0.14383237 "" "" 3.90603250429384 "" 0.5733722260361788 ""
160.44986562784 -59.04142414446 0.0378 0.0353 10.7885 "" "" 5350602985307812608 2420.85571 0.3907 0.0436 -6.687 2.859 0.048 0.043 0.942 5134.3 4.4197 16.420341 0.989318 16.854885 15.865567 "" "" 2192.63623 2679.56934 5091.08448 2.6785 2474.4 10.247 3572.2 13.754 "" "" 0.002813909211350981 0.0052916324 0.005635552 0.0109271845 160.44986562784 -59.04142414446 2420.85571 -6.687000000000001 2.8590000000000018 0.7513897781372068 -0.19583126640319826 0.14583237 0.14083238 "" "" 8.910109238668307 "" 1.2965943320052142 ""
160.26724145872 -59.31435392654 0.0336 0.0337 19.1928 "" "" 5350570201798942976 2456.35986 0.3858 0.0391 -13.365 5.984 0.043 0.042 0.988 6225.0 4.4453 16.420525 1.055461 16.86111 15.80565 "" "" 2220.17798 2701.83594 5090.22454 2.4444 2460.2 11.606 3774.8 12.598 "" "" 0.002804217025764696 0.005832629 0.0052358094 0.011068438 160.26724145872 -59.31435392654 2456.35986 -13.365 5.984 -5.926610221862793 2.9291687335968017 0.14083238 0.13983238 "" "" 76.97232324720181 "" 10.825127524678745 ""
160.73217546524 -59.05366884467 0.0362 0.0342 19.4997 "" "" 5350414590872069504 2103.96948 0.456 0.0421 -6.359 2.62 0.048 0.045 1.05 4748.2 4.2614 16.42189 1.337389 17.031101 15.693712 "" "" 1960.53564 2301.02173 5083.82156 10.975 2103.7 17.748 4184.8 23.953 "" "" 0.00361740832641797 0.009575411 0.007273536 0.016848948 160.73217546524 -59.05366884467 2103.96948 -6.358999999999995 2.6199999999999974 1.079389778137207 -0.43483126640319814 0.14583237 0.14283237 "" "" 11.605205947046676 "" 1.6875966532759676 ""
159.76961263919 -59.19274253851 0.0437 0.043 15.339 "" "" 5350585698045096320 2728.31665 0.3362 0.0457 -8.539 4.217 0.064 0.052 1.04 6482.4 4.2228 16.422281 1.414465 16.955336 15.540871 "" "" 2435.52319 3089.18237 5081.99911 4.723 2255.7 66.594 4817.4 49.993 "" "" 0.002934271259800866 0.0321749 0.01188429 0.04405919 159.76961263919 -59.19274253851 2728.31665 -8.539 4.217000000000003 -1.1006102218627927 1.1621687335968014 0.16183238 0.14983237 "" "" 20.699549803212072 "" 3.2212954475453115 ""
