Clusters/UBC_588/UBC_588_stars_in_region.tsv
# %ECSV 1.0
# ---
# datatype:
# - name: RA_ICRS_1
#   unit: deg
#   datatype: float64
#   format: '{:15.11f}'
#   description: Right ascension (ICRS) at Ep=2016.0 (ra)
#   meta: !!omap
#   - {ucd: POS_EQ_RA_MAIN}
#   - {width: 15}
#   - {precision: '11'}
# - name: DE_ICRS_1
#   unit: deg
#   datatype: float64
#   format: '{:15.11f}'
#   description: Declination (ICRS) at Ep=2016.0 (dec)
#   meta: !!omap
#   - {ucd: POS_EQ_DEC_MAIN}
#   - {width: 15}
#   - {precision: '11'}
# - name: e_RA_ICRS
#   unit: mas
#   datatype: float64
#   format: '{:7.4f}'
#   description: Standard error of right ascension (ra_error)
#   meta: !!omap
#   - {ucd: ERROR}
#   - {width: 7}
#   - {precision: '4'}
# - name: e_DE_ICRS
#   unit: mas
#   datatype: float64
#   format: '{:7.4f}'
#   description: Standard error of declination (dec_error)
#   meta: !!omap
#   - {ucd: ERROR}
#   - {width: 7}
#   - {precision: '4'}
# - name: _r_1
#   unit: ''
#   datatype: float64
#   format: '{:7.4f}'
#   description: Distance from center (311.58840817000+45.40470581000)[ICRS], at Epoch=J2016.0
#   meta: !!omap
#   - {ucd: POS_ANG_DIST_GENERAL}
#   - {width: 7}
#   - {precision: '4'}
# - name: HIP
#   datatype: int32
#   description: '? HIP cross-id number, van Leeuwen, Cat. I/311 (hip_original_ext_source_id)'
#   meta: !!omap
#   - {ucd: ID_NUMBER}
#   - {width: 6}
#   - values: {'null': -2147483648}
# - name: TYC2
#   datatype: string
#   description: Tycho-2 cross-id name, Hog et al., Cat. I/259 (tyc2_original_ext_source_id)
#   meta: !!omap
#   - {ucd: ID_CROSSID}
#   - {_votable_string_dtype: char}
# - name: Source
#   datatype: int64
#   description: Source identifier, identical to the Gaia-EDR3 source_id (id)
#   meta: !!omap
#   - {ucd: ID_MAIN}
#   - {width: 19}
# - name: rgeo
#   unit: pc
#   datatype: float64
#   format: '{:15.8f}'
#   description: '? Median of the geometric distance posterior (r_med_geo)'
#   meta: !!omap
#   - {ucd: PHYS_DISTANCE_TRUE}
#   - {width: 15}
#   - {precision: '8'}
#   - values: {'null': .nan}
# - name: Plx
#   unit: mas
#   datatype: float64
#   format: '{:9.4f}'
#   description: '? Parallax (parallax)'
#   meta: !!omap
#   - {ucd: POS_PARLX_TRIG}
#   - {width: 9}
#   - {precision: '4'}
#   - values: {'null': .nan}
# - name: e_Plx
#   unit: mas
#   datatype: float32
#   format: '{:7.4f}'
#   description: '? Standard error of parallax (parallax_error)'
#   meta: !!omap
#   - {ucd: ERROR}
#   - {width: 7}
#   - {precision: '4'}
#   - values: {'null': .nan}
# - name: pmRA
#   unit: mas / yr
#   datatype: float64
#   format: '{:9.3f}'
#   description: '? Proper motion in right ascension direction, pmRA*cosDE (pmra)'
#   meta: !!omap
#   - {ucd: POS_EQ_PMRA}
#   - {width: 9}
#   - {precision: '3'}
#   - values: {'null': .nan}
# - name: pmDE
#   unit: mas / yr
#   datatype: float64
#   format: '{:9.3f}'
#   description: '? Proper motion in declination direction (pmdec)'
#   meta: !!omap
#   - {ucd: POS_EQ_PMDEC}
#   - {width: 9}
#   - {precision: '3'}
#   - values: {'null': .nan}
# - name: e_pmRA
#   unit: mas / yr
#   datatype: float32
#   format: '{:6.3f}'
#   description: '? Standard error of proper motion in right ascension direction (pmra_error)'
#   meta: !!omap
#   - {ucd: ERROR}
#   - {width: 6}
#   - {precision: '3'}
#   - values: {'null': .nan}
# - name: e_pmDE
[...]
#         value: !astropy.table.SerializedColumn {name: SkyCoord.dec}
#       distance: !astropy.table.SerializedColumn
#         __class__: astropy.coordinates.distances.Distance
#         unit: !astropy.units.Unit {unit: pc}
#         value: !astropy.table.SerializedColumn {name: SkyCoord.distance}
#       frame: icrs
#       obstime: !astropy.time.Time {format: jyear_str, in_subfmt: '*', jd1: 367701545.0, jd2: 0.0, out_subfmt: '*', precision: 3, scale: tt}
#       pm_dec: !astropy.table.SerializedColumn
#         __class__: astropy.units.quantity.Quantity
#         unit: !astropy.units.Unit {unit: mas / yr}
#         value: !astropy.table.SerializedColumn {name: SkyCoord.pm_dec}
#       pm_ra_cosdec: !astropy.table.SerializedColumn
#         __class__: astropy.units.quantity.Quantity
#         unit: !astropy.units.Unit {unit: mas / yr}
#         value: !astropy.table.SerializedColumn {name: SkyCoord.pm_ra_cosdec}
#       ra: !astropy.table.SerializedColumn
#         __class__: astropy.coordinates.angles.Longitude
#         unit: *id001
#         value: !astropy.table.SerializedColumn {name: SkyCoord.ra}
#         wrap_angle: !astropy.coordinates.Angle
#           unit: *id001
#           value: 360.0
#       representation_type: spherical
# schema: astropy-2.0
RA_ICRS_1 DE_ICRS_1 e_RA_ICRS e_DE_ICRS _r_1 HIP TYC2 Source rgeo Plx e_Plx pmRA pmDE e_pmRA e_pmDE RUWE Teff logg Gmag BP-RP BPmag RPmag RV e_RV b_rgeo B_rgeo FG e_FG FBP e_FBP FRP e_FRP RAVE5 RAVE6 e_Gmag e_BPmag e_RPmag e_BP-RP SkyCoord.ra SkyCoord.dec SkyCoord.distance SkyCoord.pm_ra_cosdec SkyCoord.pm_dec rmRA rmDE e_rmRA e_rmDE rRV e_rRV v_pec v_pec3d e_vpec e_vpec3d
[from data line 808]
311.71483673261 45.49332504665 0.0336 0.0345 7.5228 "" "" 2166257023079500160 1437.65125 0.6837 0.0402 -3.226 -4.57 0.046 0.046 1.175 7180.8 4.2 16.316647 1.661037 17.09119 15.430153 "" "" 1362.90662 1539.87024 5601.29477 2.8802 1990.4 8.3252 5334.5 9.0872 "" "" 0.0028113120069434205 0.005329944 0.004207669 0.009537613 311.71483673261 45.49332504665 1437.65125 -3.226 -4.570000000000002 -0.9031290302276611 -1.840354747772217 0.13697492 0.13697492 "" "" 13.96973638160665 "" 1.9135034654860568 ""
311.87464386528 45.37577898742 0.0317 0.0334 12.1852 "" "" 2166251731679833216 1651.22607 0.5795 0.0391 -0.363 -2.678 0.042 0.043 1.021 9248.4 3.8494 16.316658 2.158608 17.41827 15.259662 "" "" 1567.24512 1752.21997 5601.23167 3.3587 1472.7 7.426 6241.6 9.7641 "" "" 0.0028311924846533467 0.006144756 0.0041434965 0.0102882525 311.87464386528 45.37577898742 1651.22607 -0.3630000000000003 -2.678 1.9598709697723389 0.05164525222778327 0.13297491 0.13397491 "" "" 15.344865702354753 "" 2.0404927893138605 ""
311.58749888611 45.38393220469 0.0292 0.0339 1.247 "" "" 2070224990309960832 1599.25684 0.5991 0.0374 -2.328 -2.797 0.039 0.042 0.995 "" "" 16.31707 1.857107 17.223991 15.366884 "" "" 1503.08704 1697.39368 5599.11125 2.8302 1761.2 9.0803 5654.6 11.348 "" "" 0.002809445186501238 0.006254614 0.0043625026 0.0106171165 311.58749888611 45.38393220469 1599.25684 -2.3279999999999994 -2.797 -0.00512903022766098 -0.06735474777221695 0.12997492 0.13297491 "" "" 0.512059370054369 "" 0.06808229031572552 ""
311.5832315752 45.37713019043 0.0424 0.0513 1.6689 "" "" 2070224955950221312 1535.37073 0.6311 0.0537 -0.466 -2.236 0.056 0.059 1.492 9214.8 3.6133 16.318357 1.799027 17.169579 15.370552 "" "" 1439.05762 1690.28296 5592.47103 3.7476 1851.8 8.0147 5635.6 9.7873 "" "" 0.0028497622878511306 0.0054650595 0.0042236447 0.009688704 311.5832315752 45.37713019043 1535.37073 -0.4660000000000001 -2.236 1.856870969772339 0.493645252227783 0.14697492 0.14997491 "" "" 13.983058611820104 "" 2.0579543480069944 ""
311.17801354689 45.09932593595 0.0349 0.0349 25.2233 "" "" 2070214682388270720 1523.07751 0.6217 0.0416 -9.744 -5.592 0.049 0.043 0.997 5056.6 3.6465 16.320232 2.203981 17.470627 15.266645 "" "" 1449.32141 1607.47009 5582.81982 3.4531 1403.4 9.8223 6201.5 8.9561 "" "" 0.002835978121137366 0.008095044 0.0040917424 0.012186786 311.17801354689 45.09932593595 1523.07751 -9.744 -5.591999999999999 -7.421129030227661 -2.8623547477722164 0.1399749 0.13397491 "" "" 57.42305945093392 "" 7.994006218685245 ""
311.09763926444 45.41015583495 0.0309 0.0331 20.6755 "" "" 2070234404878143488 2048.36719 0.458 0.0372 -1.757 -6.519 0.039 0.04 1.002 6774.4 4.2191 16.32237 1.55627 17.03339 15.47712 "" "" 1929.15479 2229.89941 5571.84307 2.7817 2099.2 7.4789 5108.7 12.124 "" "" 0.0028081315259471866 0.0047694836 0.004574165 0.009343648 311.09763926444 45.41015583495 2048.36719 -1.757 -6.519 0.565870969772339 -3.789354747772217 0.12997492 0.13097492 "" "" 37.19979882756081 "" 4.871432193656778 ""
311.5149761506 45.36732155593 0.0297 0.0369 3.8219 "" "" 2070224711131515008 1688.18811 0.5833 0.0379 -1.976 -4.663 0.039 0.044 1.083 9311.1 4.154 16.323153 1.681142 17.121016 15.439874 "" "" 1561.68958 1823.84351 5567.82816 2.5288 1936.5 11.73 5287.0 9.9442 "" "" 0.0027990993392224407 0.007144045 0.0042958176 0.011439863 311.5149761506 45.36732155593 1688.18811 -1.976 -4.663 0.3468709697723389 -1.933354747772217 0.12997492 0.13497491 "" "" 15.717751723266836 "" 2.119095350226179 ""
311.87554908935 45.7010265489 0.0294 0.0324 21.4859 "" "" 2166265883584030208 1869.36108 0.5148 0.0363 -7.078 -7.011 0.04 0.042 1.03 5491.2 3.9182 16.325436 1.32667 16.917294 15.590624 "" "" 1760.12598 1982.88513 5556.13162 2.4527 2336.1 9.0412 4601.6 9.9187 "" "" 0.002796695547185052 0.0050440147 0.0044453004 0.009489315 311.87554908935 45.7010265489 1869.36108 -7.078000000000001 -7.0110000000000054 -4.755129030227661 -4.281354747772217 0.13097492 0.13297491 "" "" 56.695956986295805 "" 7.476727911948376 ""
312.06960743611 45.2989399141 0.0288 0.0302 21.259 "" "" 2166244619214093824 1540.23315 0.6172 0.0349 -1.8 -5.893 0.037 0.039 0.921 "" "" 16.329348 1.789713 17.194931 15.405218 "" "" 1466.78125 1615.86182 5536.14559 2.8322 1809.0 9.4936 5458.5 7.8278 "" "" 0.0028107486671621737 0.0063443985 0.004087542 0.010431941 312.06960743611 45.2989399141 1540.23315 -1.8 -5.893 0.5228709697723388 -3.1633547477722166 0.12797491 0.12997492 "" "" 23.408077378663688 "" 3.041227191248736 ""
311.91496203195 45.35623597682 0.0289 0.0294 14.0661 "" "" 2166251834759062528 1458.78174 0.6584 0.0352 -4.823 -7.103 0.037 0.038 0.976 7125.7 4.096 16.32941 1.938875 17.295147 15.356272 "" "" 1400.44897 1535.93274 5535.82944 2.4301 1649.5 7.3893 5710.2 10.367 "" "" 0.002796238399251772 0.005607276 0.0042625433 0.0098698195 311.91496203195 45.35623597682 1458.78174 -4.822999999999999 -7.102999999999996 -2.5001290302276615 -4.3733547477722166 0.12797491 0.12897491 "" "" 34.83274871713978 "" 4.4839961428200565 ""
311.65184980874 45.72156582663 0.0303 0.033 19.1975 "" "" 2166315262838264832 1960.9104 0.4906 0.0374 -2.813 -3.93 0.039 0.042 0.966 7643.8 4.2125 16.334822 1.399643 16.957207 15.557564 "" "" 1823.78516 2135.74634 5508.31008 2.561 2251.8 7.7117 4743.9 10.587 "" "" 0.0028011797458288527 0.004648743 0.0044894186 0.009138161 311.65184980874 45.72156582663 1960.9104 -2.8129999999999997 -3.929999999999999 -0.4901290302276613 -1.200354747772217 0.12997492 0.13297491 "" "" 12.051192456902983 "" 1.5973899758865737 ""
311.98039086509 45.50959284487 0.0303 0.0304 17.6568 "" "" 2166259496980844032 1618.396 0.5897 0.0367 -3.811 -6.108 0.039 0.039 0.94 6536.2 3.9998 16.33939 1.635586 17.111734 15.476149 "" "" 1540.3623 1706.974 5485.17696 2.4156 1953.1 7.342 5113.3 8.4916 "" "" 0.0027964997867039793 0.0049440125 0.0041874563 0.009131469 311.98039086509 45.50959284487 1618.396 -3.8109999999999995 -6.1080000000000005 -1.488129030227661 -3.3783547477722164 0.12997492 0.12997492 "" "" 28.31888527619181 "" 3.6807447513362685 ""
311.77847631514 45.42971720624 0.0302 0.0332 8.1444 "" "" 2166255717409453568 1443.38074 0.672 0.0377 -3.93 -5.522 0.038 0.041 1.024 "" "" 16.339436 1.797922 17.214453 15.416531 "" "" 1379.3468 1526.15552 5484.94958 2.4807 1776.8 8.0821 5401.9 10.919 "" "" 0.0027987353761545646 0.0056723454 0.0043703676 0.010042713 311.77847631514 45.42971720624 1443.38074 -3.93 -5.521999999999999 -1.6071290302276613 -2.792354747772217 0.12897491 0.1319749 "" "" 22.04246701184283 "" 2.8927394692020445 ""
310.99543981362 45.3738375496 0.0313 0.0342 25.0545 "" "" 2070235847987102080 1536.30554 0.6234 0.0392 -2.591 -4.338 0.041 0.044 1.009 7649.9 4.2146 16.340162 1.548475 17.057697 15.509222 "" "" 1440.2251 1656.70325 5481.27649 2.5482 2052.8 7.6369 4959.9 7.6408 "" "" 0.0028011714867856416 0.0049091894 0.004132952 0.009042142 310.99543981362 45.3738375496 1536.30554 -2.591 -4.338 -0.2681290302276613 -1.6083547477722169 0.1319749 0.13497491 "" "" 11.873819884312415 "" 1.6017149803603958 ""
311.69102293936 45.65054136962 0.031 0.0342 15.3679 "" "" 2166305882621518848 1987.52441 0.4743 0.038 -2.671 -7.454 0.04 0.048 1.084 "" "" 16.34032 1.500162 17.001429 15.501266 "" "" 1860.98535 2206.69141 5480.47449 3.1405 2161.9 9.5396 4996.3 9.3807 "" "" 0.0028246907051997757 0.0055441824 0.004294091 0.009838274 311.69102293936 45.65054136962 1987.52441 -2.671000000000001 -7.454000000000004 -0.34812903022766095 -4.7243547477722165 0.13097492 0.1389749 "" "" 44.62818470710703 "" 6.200324788400387 ""
311.53674050453 45.62769298603 0.0297 0.0336 13.5544 "" "" 2166307257019069312 1454.0647 0.6669 0.0365 1.558 -1.332 0.038 0.041 1.008 "" "" 16.340786 1.515606 17.03918 15.523575 "" "" 1388.23206 1523.12341 5478.12921 2.5185 2088.1 9.9488 4894.7 10.215 "" "" 0.002800168470379498 0.00587751 0.0044065784 0.010284089 311.53674050453 45.62769298603 1454.0647 1.5580000000000003 -1.3320000000000003 3.8808709697723387 1.3976452522277831 0.12897491 0.1319749 "" "" 28.42972010796948 "" 3.6766131237087785 ""
311.88063266408 45.65311286141 0.0297 0.0305 19.3136 "" "" 2166264101190429184 1408.17212 0.6931 0.0359 -3.051 -6.205 0.039 0.039 0.999 5549.5 4.537 16.341549 1.294512 16.91238 15.617868 "" "" 1338.09558 1479.96313 5474.28529 3.7478 2346.7 8.3535 4487.6 9.6453 "" "" 0.002853823341561588 0.0047667907 0.004441779 0.009208569 311.88063266408 45.65311286141 1408.17212 -3.0509999999999984 -6.204999999999993 -0.7281290302276613 -3.475354747772217 0.12997492 0.12997492 "" "" 23.700728998410632 "" 3.0805002743905447 ""
311.87829959762 45.64061522854 0.0296 0.031 18.6777 "" "" 2166264066826028800 1962.46936 0.4921 0.0366 -5.799 -8.616 0.038 0.041 0.961 6743.4 4.333 16.342392 1.31281 16.923084 15.610274 "" "" 1838.08325 2120.69336 5470.03522 2.5056 2323.7 6.0394 4519.1 7.1552 "" "" 0.002799844278713798 0.0039683795 0.00415198 0.00812036 311.87829959762 45.64061522854 1962.46936 -5.799000000000002 -8.615999999999996 -3.4761290302276615 -5.8863547477722165 0.12897491 0.1319749 "" "" 63.59037832117561 "" 8.343425522621448 ""
311.3842769309 45.68374785409 0.0305 0.0337 18.812 "" "" 2166319897092571904 1698.98901 0.5744 0.0382 -6.842 -7.141 0.04 0.041 1.023 5134.4 4.3293 16.342878 1.305434 16.924091 15.618657 "" "" 1600.32825 1796.21252 5467.58409 2.423 2321.6 10.856 4484.3 8.0062 "" "" 0.0027970156598585514 0.005793179 0.00424751 0.010040689 311.3842769309 45.68374785409 1698.98901 -6.842000000000001 -7.1410000000000045 -4.519129030227661 -4.411354747772217 0.13097492 0.1319749 "" "" 50.85814578588126 "" 6.686004912795372 ""
311.23530170094 45.56513351563 0.0309 0.0342 17.6999 "" "" 2070243029172750848 1715.09631 0.561 0.0383 -3.981 -5.948 0.038 0.041 1.007 6910.0 4.3252 16.343252 1.361979 16.948584 15.586604 "" "" 1614.34302 1822.51514 5465.70038 2.7313 2269.8 9.9468 4618.7 9.7833 "" "" 0.002808230925468496 0.0055157193 0.004424116 0.009939835 311.23530170094 45.56513351563 1715.09631 -3.980999999999998 -5.948 -1.658129030227661 -3.218354747772217 0.12897491 0.1319749 "" "" 29.43213748418075 "" 3.865949539429142 ""
312.0888178428 45.27418311683 0.0292 0.0306 22.5106 "" "" 2166235720041620864 1826.37939 0.5294 0.0346 -5.397 -6.412 0.037 0.039 1.017 7146.0 4.3374 16.344381 1.533954 17.054995 15.521041 "" "" 1731.47998 1971.6582 5460.01526 2.6141 2057.9 8.1908 4906.2 6.3415 "" "" 0.002803926145099981 0.0051439 0.0040315213 0.009175422 312.0888178428 45.27418311683 1826.37939 -5.397 -6.412 -3.0741290302276614 -3.6823547477722167 0.12797491 0.12997492 "" "" 41.5267270427308 "" 5.363478179706041 ""
311.69334463224 45.77157044186 0.0307 0.0329 22.4485 "" "" 2166315812594155392 1660.05383 0.5807 0.0376 -0.924 -2.653 0.043 0.044 0.986 5630.5 4.4286 16.344429 1.302242 16.917212 15.614969 "" "" 1541.12634 1769.19275 5459.77836 2.6842 2336.3 11.112 4499.6 9.9992 "" "" 0.002806548228517849 0.005869596 0.0044838795 0.010353476 311.69334463224 45.77157044186 1660.05383 -0.9240000000000006 -2.6529999999999982 1.398870969772339 0.07664525222778318 0.13397491 0.13497491 "" "" 11.023742913830766 "" 1.4769380797474954 ""
311.84628227473 45.70847224759 0.0294 0.0329 21.2028 "" "" 2166312857656785920 1558.19043 0.6232 0.0374 -6.63 -7.26 0.039 0.043 0.996 5024.0 4.3267 16.34446 1.369041 16.959803 15.590762 "" "" 1486.3551 1652.39185 5459.62527 2.5726 2246.4 8.1763 4601.0 8.7239 "" "" 0.0028024146366320557 0.0048375316 0.004303693 0.009141224 311.84628227473 45.70847224759 1558.19043 -6.629999999999996 -7.26 -4.307129030227661 -4.530354747772217 0.12997492 0.13397491 "" "" 46.16905711381881 "" 6.0985163579618735 ""
311.3859447414 45.36446761435 0.0339 0.0371 8.867 "" "" 2070224200035929728 1830.21729 0.5255 0.0413 -3.548 -2.963 0.043 0.047 1.135 6925.4 4.0489 16.344912 1.787686 17.197937 15.410251 "" "" 1701.85229 1991.70667 5457.35286 4.147 1804.0 7.6958 5433.2 9.964 "" "" 0.00287619269848074 0.0054071993 0.004271812 0.009679011 311.3859447414 45.36446761435 1830.21729 -3.547999999999999 -2.962999999999999 -1.2251290302276612 -0.23335474777221688 0.13397491 0.13797492 "" "" 10.819356361822194 "" 1.4510592428885654 ""
311.56952224053 45.622549536 0.0298 0.0354 13.0947 "" "" 2166308489659104256 1536.23022 0.6256 0.0378 -3.383 -6.311 0.038 0.042 1.033 4993.8 4.2229 16.345503 1.621774 17.096388 15.474614 "" "" 1449.25366 1626.81567 5454.38394 5.1397 1980.9 10.914 5120.5 16.933 "" "" 0.0029391350247208845 0.006600701 0.005212953 0.011813654 311.56952224053 45.622549536 1536.23022 -3.383 -6.311 -1.0601290302276611 -3.5813547477722167 0.12897491 0.13297491 "" "" 27.197022871887793 "" 3.607878651499816 ""
311.73450360402 45.70701858844 0.0306 0.0346 19.1491 "" "" 2166312136102151040 1710.98071 0.5659 0.0384 -0.097 -1.487 0.04 0.042 0.99 7694.0 4.183 16.346851 1.461791 17.010414 15.548623 "" "" 1598.82959 1823.70166 5447.61355 2.5605 2144.1 10.627 4783.1 7.9077 "" "" 0.002802180604413799 0.0060616666 0.0041839886 0.010245655 311.73450360402 45.70701858844 1710.98071 -0.09700000000000009 -1.4869999999999997 2.225870969772339 1.242645252227783 0.13097492 0.13297491 "" "" 20.674530543577532 "" 2.7177269525445937 ""
311.38384094052 45.42501175517 0.0551 0.0647 8.7017 "" "" 2070228941679835264 2037.23328 0.478 0.0691 -5.912 -7.732 0.073 0.075 2.107 "" "" 16.347042 1.769524 17.158108 15.388584 "" "" 1820.91113 2328.70923 5446.6553 5.2344 1871.4 8.1466 5542.7 11.06 "" "" 0.002946273137155741 0.005488558 0.00435631 0.0098448675 311.38384094052 45.42501175517 2037.23328 -5.912000000000001 -7.731999999999999 -3.589129030227661 -5.002354747772217 0.16397491 0.16597492 "" "" 59.45243503660253 "" 9.82736528682868 ""
311.52348833915 45.59177194785 0.0305 0.0344 11.5513 "" "" 2166307046555973248 1985.36328 0.4764 0.0396 0.838 -1.342 0.038 0.043 0.97 "" "" 16.349957 1.45558 17.00784 15.552259 "" "" 1856.91821 2159.92456 5432.05261 2.4956 2149.2 9.271 4767.1 10.258 "" "" 0.0028001073153649325 0.0054516583 0.0044432115 0.00989487 311.52348833915 45.59177194785 1985.36328 0.8380000000000001 -1.342 3.160870969772339 1.3876452522277831 0.12897491 0.13397491 "" "" 32.48595852613249 "" 4.216543851650271 ""
312.03507750863 45.54411005536 0.0302 0.0326 20.5703 "" "" 2166260386025065856 1795.73254 0.5395 0.0365 -2.014 -5.092 0.039 0.039 1.025 7092.3 4.3058 16.352142 1.560458 17.078556 15.518098 "" "" 1662.07617 1967.05518 5421.12558 2.4622 2013.7 8.1434 4919.5 9.8374 "" "" 0.0027991003811101015 0.005202253 0.0043586106 0.0095608635 312.03507750863 45.54411005536 1795.73254 -2.013999999999998 -5.091999999999996 0.3088709697723391 -2.3623547477722164 0.12997492 0.12997492 "" "" 20.27896685539804 "" 2.6357570253049865 ""
311.31145364818 45.05164633724 0.0329 0.0354 24.2014 "" "" 2070166922350666112 1755.00964 0.547 0.0396 -2.58 -3.87 0.043 0.046 1.0 8772.3 3.7713 16.357775 1.491982 17.03894 15.546958 "" "" 1651.91833 1869.82776 5393.08074 2.9286 2088.5 10.77 4790.4 9.9205 "" "" 0.0028176943623976066 0.0062556486 0.0043976493 0.010653298 311.31145364818 45.05164633724 1755.00964 -2.58 -3.87 -0.2571290302276612 -1.140354747772217 0.13397491 0.13697492 "" "" 9.724483094809122 "" 1.330613502273088 ""
311.76847040684 45.79240600564 0.0292 0.0331 24.4594 "" "" 2166314232046289536 1654.03882 0.581 0.0364 -2.626 -3.836 0.04 0.042 1.041 6377.7 4.438 16.358768 1.259554 16.908798 15.649244 "" "" 1564.25891 1750.55371 5388.14274 2.46 2354.5 11.974 4359.7 7.7067 "" "" 0.0027995552322672575 0.006186526 0.0042387885 0.010425314 311.76847040684 45.79240600564 1654.03882 -2.626 -3.8359999999999994 -0.303129030227661 -1.1063547477722167 0.13097492 0.13297491 "" "" 8.993667128297723 "" 1.1946848393296556 ""
