Clusters/UBC_588/UBC_588_stars_in_region.tsv
# %ECSV 1.0
# ---
# datatype:
# - name: RA_ICRS_1
#   unit: deg
#   datatype: float64
#   format: '{:15.11f}'
#   description: Right ascension (ICRS) at Ep=2016.0 (ra)
#   meta: !!omap
#   - {ucd: POS_EQ_RA_MAIN}
#   - {width: 15}
#   - {precision: '11'}
# - name: DE_ICRS_1
#   unit: deg
#   datatype: float64
#   format: '{:15.11f}'
#   description: Declination (ICRS) at Ep=2016.0 (dec)
#   meta: !!omap
#   - {ucd: POS_EQ_DEC_MAIN}
#   - {width: 15}
#   - {precision: '11'}
# - name: e_RA_ICRS
#   unit: mas
#   datatype: float64
#   format: '{:7.4f}'
#   description: Standard error of right ascension (ra_error)
#   meta: !!omap
#   - {ucd: ERROR}
#   - {width: 7}
#   - {precision: '4'}
# - name: e_DE_ICRS
#   unit: mas
#   datatype: float64
#   format: '{:7.4f}'
#   description: Standard error of declination (dec_error)
#   meta: !!omap
#   - {ucd: ERROR}
#   - {width: 7}
#   - {precision: '4'}
# - name: _r_1
#   unit: ''
#   datatype: float64
#   format: '{:7.4f}'
#   description: Distance from center (311.58840817000+45.40470581000)[ICRS], at Epoch=J2016.0
#   meta: !!omap
#   - {ucd: POS_ANG_DIST_GENERAL}
#   - {width: 7}
#   - {precision: '4'}
# - name: HIP
#   datatype: int32
#   description: '? HIP cross-id number, van Leeuwen, Cat. I/311 (hip_original_ext_source_id)'
#   meta: !!omap
#   - {ucd: ID_NUMBER}
#   - {width: 6}
#   - values: {'null': -2147483648}
# - name: TYC2
#   datatype: string
#   description: Tycho-2 cross-id name, Hog et al., Cat. I/259 (tyc2_original_ext_source_id)
#   meta: !!omap
#   - {ucd: ID_CROSSID}
#   - {_votable_string_dtype: char}
# - name: Source
#   datatype: int64
#   description: Source identifier, identical to the Gaia-EDR3 source_id (id)
#   meta: !!omap
#   - {ucd: ID_MAIN}
#   - {width: 19}
# - name: rgeo
#   unit: pc
#   datatype: float64
#   format: '{:15.8f}'
#   description: '? Median of the geometric distance posterior (r_med_geo)'
#   meta: !!omap
#   - {ucd: PHYS_DISTANCE_TRUE}
#   - {width: 15}
#   - {precision: '8'}
#   - values: {'null': .nan}
# - name: Plx
#   unit: mas
#   datatype: float64
#   format: '{:9.4f}'
#   description: '? Parallax (parallax)'
#   meta: !!omap
#   - {ucd: POS_PARLX_TRIG}
#   - {width: 9}
#   - {precision: '4'}
#   - values: {'null': .nan}
# - name: e_Plx
#   unit: mas
#   datatype: float32
#   format: '{:7.4f}'
#   description: '? Standard error of parallax (parallax_error)'
#   meta: !!omap
#   - {ucd: ERROR}
#   - {width: 7}
#   - {precision: '4'}
#   - values: {'null': .nan}
# - name: pmRA
#   unit: mas / yr
#   datatype: float64
#   format: '{:9.3f}'
#   description: '? Proper motion in right ascension direction, pmRA*cosDE (pmra)'
#   meta: !!omap
#   - {ucd: POS_EQ_PMRA}
#   - {width: 9}
#   - {precision: '3'}
#   - values: {'null': .nan}
# - name: pmDE
#   unit: mas / yr
#   datatype: float64
#   format: '{:9.3f}'
#   description: '? Proper motion in declination direction (pmdec)'
#   meta: !!omap
#   - {ucd: POS_EQ_PMDEC}
#   - {width: 9}
#   - {precision: '3'}
#   - values: {'null': .nan}
# - name: e_pmRA
#   unit: mas / yr
#   datatype: float32
#   format: '{:6.3f}'
#   description: '? Standard error of proper motion in right ascension direction (pmra_error)'
#   meta: !!omap
#   - {ucd: ERROR}
#   - {width: 6}
#   - {precision: '3'}
#   - values: {'null': .nan}
# - name: e_pmDE
[...]
#         value: !astropy.table.SerializedColumn {name: SkyCoord.dec}
#       distance: !astropy.table.SerializedColumn
#         __class__: astropy.coordinates.distances.Distance
#         unit: !astropy.units.Unit {unit: pc}
#         value: !astropy.table.SerializedColumn {name: SkyCoord.distance}
#       frame: icrs
#       obstime: !astropy.time.Time {format: jyear_str, in_subfmt: '*', jd1: 367701545.0, jd2: 0.0, out_subfmt: '*', precision: 3, scale: tt}
#       pm_dec: !astropy.table.SerializedColumn
#         __class__: astropy.units.quantity.Quantity
#         unit: !astropy.units.Unit {unit: mas / yr}
#         value: !astropy.table.SerializedColumn {name: SkyCoord.pm_dec}
#       pm_ra_cosdec: !astropy.table.SerializedColumn
#         __class__: astropy.units.quantity.Quantity
#         unit: !astropy.units.Unit {unit: mas / yr}
#         value: !astropy.table.SerializedColumn {name: SkyCoord.pm_ra_cosdec}
#       ra: !astropy.table.SerializedColumn
#         __class__: astropy.coordinates.angles.Longitude
#         unit: *id001
#         value: !astropy.table.SerializedColumn {name: SkyCoord.ra}
#         wrap_angle: !astropy.coordinates.Angle
#           unit: *id001
#           value: 360.0
#       representation_type: spherical
# schema: astropy-2.0
RA_ICRS_1 DE_ICRS_1 e_RA_ICRS e_DE_ICRS _r_1 HIP TYC2 Source rgeo Plx e_Plx pmRA pmDE e_pmRA e_pmDE RUWE Teff logg Gmag BP-RP BPmag RPmag RV e_RV b_rgeo B_rgeo FG e_FG FBP e_FBP FRP e_FRP RAVE5 RAVE6 e_Gmag e_BPmag e_RPmag e_BP-RP SkyCoord.ra SkyCoord.dec SkyCoord.distance SkyCoord.pm_ra_cosdec SkyCoord.pm_dec rmRA rmDE e_rmRA e_rmDE rRV e_rRV v_pec v_pec3d e_vpec e_vpec3d
[from data line 681]
311.37592144947 45.52339641787 0.0272 0.029 11.4311 "" "" 2070230590947511808 1454.09302 0.6543 0.0329 0.001 -3.101 0.036 0.035 1.024 "" "" 16.126125 2.185912 17.256443 15.070531 "" "" 1386.00952 1526.26953 6675.70256 3.0243 1709.4 9.0275 7429.3 9.8232 "" "" 0.002798879702519488 0.0063767037 0.00404285 0.010419553 311.37592144947 45.52339641787 1454.09302 0.0009999999999996678 -3.101 2.3238709697723388 -0.3713547477722168 0.12697491 0.12597491 "" "" 16.220267438842658 "" 2.0591646685500624 ""
311.16186830126 45.53261225475 0.0262 0.0294 19.5198 "" "" 2070241272522761088 1607.55591 0.5999 0.0325 -5.651 -6.511 0.033 0.036 0.998 5078.8 4.2666 16.127983 1.424108 16.76717 15.343062 "" "" 1536.77405 1689.45508 6664.28746 2.7607 2682.6 9.7763 5780.1 9.8213 "" "" 0.0027917882799491024 0.0048416145 0.004205609 0.009047223 311.16186830126 45.53261225475 1607.55591 -5.651 -6.511 -3.328129030227661 -3.781354747772217 0.12397491 0.12697491 "" "" 38.383820031183944 "" 4.823855608646195 ""
311.13945476837 45.26962688326 0.0288 0.0313 20.5966 "" "" 2070219767629578880 2021.8894 0.4585 0.0342 1.214 -3.838 0.037 0.038 1.002 7246.8 3.5685 16.128963 2.453803 17.46198 15.008178 "" "" 1858.58984 2180.61523 6658.26529 3.2505 1414.6 7.9245 7868.4 15.102 "" "" 0.002805839965800696 0.006691675 0.004315817 0.0110074915 311.13945476837 45.26962688326 2021.8894 1.2140000000000022 -3.838 3.536870969772339 -1.1083547477722169 0.12797491 0.12897491 "" "" 35.52188592823153 "" 4.549097927625511 ""
311.46731368168 45.34389542891 0.0262 0.0308 6.274 "" "" 2070224612352808064 1467.9187 0.6602 0.0329 -0.072 -7.238 0.034 0.038 0.963 "" "" 16.133932 2.099519 17.210333 15.110814 "" "" 1406.76501 1540.8634 6627.87409 2.9089 1783.5 9.084 7158.7 10.203 "" "" 0.00279622215422394 0.0061940616 0.004083913 0.010277974 311.46731368168 45.34389542891 1467.9187 -0.07200000000000095 -7.238 2.250870969772339 -4.508354747772217 0.124974914 0.12897491 "" "" 35.061144248188135 "" 4.494374478471206 ""
311.37297683768 45.57637303819 0.0671 0.0712 13.7186 "" "" 2070242548136473728 1467.13855 0.6789 0.0803 1.262 -0.357 0.085 0.085 2.916 7152.1 3.8067 16.13552 1.646461 16.853727 15.207267 "" "" 1321.57556 1615.3418 6618.17655 13.787 2477.0 11.924 6550.2 13.012 "" "" 0.0035647670603616475 0.005924738 0.004351505 0.010276243 311.37297683768 45.57637303819 1467.13855 1.262 -0.3569999999999998 3.584870969772339 2.372645252227783 0.1759749 0.1759749 "" "" 29.895733392037936 "" 5.260898858244278 ""
312.08855633689 45.50770402695 0.0281 0.0312 21.9382 "" "" 2166248295706247808 1467.34167 0.6532 0.0331 3.134 -5.423 0.037 0.04 0.98 5208.3 4.1922 16.137415 1.597632 16.883467 15.285835 "" "" 1404.44958 1535.36267 6606.63839 2.7851 2410.1 8.4851 6092.9 11.823 "" "" 0.0027930775531395053 0.0047324905 0.0043269424 0.009059433 312.08855633689 45.50770402695 1467.34167 3.134000000000002 -5.423000000000002 5.456870969772339 -2.693354747772217 0.12797491 0.13097492 "" "" 42.32488963865473 "" 5.441630657299244 ""
311.10111044808 45.22950238426 0.0271 0.0307 23.0911 "" "" 2070219664550337152 1636.52649 0.5784 0.0334 1.111 -0.31 0.036 0.037 0.982 7978.0 3.7928 16.139462 1.739329 16.97287 15.233541 "" "" 1545.92822 1759.99878 6594.20433 2.6742 2219.6 7.2331 6393.5 10.174 "" "" 0.0027902795290932537 0.0045059323 0.0041555744 0.008661507 311.10111044808 45.22950238426 1636.52649 1.111 -0.31000000000000005 3.4338709697723386 2.419645252227783 0.12697491 0.12797491 "" "" 32.58565095423898 "" 4.148399854852812 ""
311.15376940693 45.35701326729 0.0264 0.0295 18.5393 "" "" 2070233305366524672 1626.71631 0.5911 0.0327 0.747 -1.721 0.034 0.038 1.013 7915.8 4.0391 16.14071 1.827129 17.026453 15.199324 "" "" 1554.73853 1702.20142 6586.62239 3.0347 2112.7 10.06 6598.3 8.7775 "" "" 0.0028003621501175454 0.005874794 0.004045959 0.009920754 311.15376940693 45.35701326729 1626.71631 0.7470000000000003 -1.7209999999999996 3.0698709697723388 1.0086452522277831 0.124974914 0.12897491 "" "" 24.9155826724049 "" 3.123673223192481 ""
311.41928016699 45.68241704169 0.0268 0.0297 18.1151 "" "" 2166320245000112384 1393.65234 0.6885 0.0335 -5.945 -13.721 0.035 0.035 0.927 5620.4 4.3577 16.143482 1.468293 16.811886 15.343593 "" "" 1335.20789 1463.52661 6569.82258 2.8257 2574.3 12.135 5777.2 9.1615 "" "" 0.002794612346536374 0.0058291964 0.0041530947 0.009982292 311.41928016699 45.68241704169 1393.65234 -5.945 -13.721 -3.6221290302276614 -10.991354747772217 0.12597491 0.12597491 "" "" 76.44889890083343 "" 9.630643041749442 ""
311.27478525782 45.72755637781 0.0279 0.0282 23.4261 "" "" 2166324093290749440 1657.32764 0.5833 0.0323 -2.18 -3.246 0.039 0.035 1.005 6609.9 4.2941 16.144426 1.350961 16.748878 15.397918 "" "" 1583.35071 1752.2168 6564.10981 2.6328 2728.1 9.4205 5495.3 8.0378 "" "" 0.00278952157216082 0.0046734894 0.004099475 0.008772965 311.27478525782 45.72755637781 1657.32764 -2.18 -3.2460000000000013 0.1428709697723387 -0.5163547477722168 0.12997492 0.12597491 "" "" 4.208754982161276 "" 0.531412344336871 ""
311.23686452378 45.74185975843 0.0262 0.0289 25.0443 "" "" 2166324883564724608 2055.93921 0.4619 0.0325 0.814 -1.53 0.036 0.036 1.013 7269.3 3.9812 16.144613 1.381765 16.753912 15.372147 "" "" 1920.99658 2197.69336 6562.98932 2.5452 2715.5 11.242 5627.3 11.402 "" "" 0.002787307191739365 0.0052904626 0.004373024 0.009663487 311.23686452378 45.74185975843 2055.93921 0.8140000000000007 -1.5299999999999991 3.136870969772339 1.1996452522277832 0.12697491 0.12697491 "" "" 32.72849180689245 "" 4.155697317903745 ""
311.41350111718 45.62652239851 0.0274 0.0293 15.2054 "" "" 2166319523445579392 1738.94336 0.5531 0.0338 -3.287 -15.013 0.036 0.033 1.011 6643.2 4.058 16.144669 1.528148 16.856262 15.328114 "" "" 1634.98279 1885.18103 6562.65319 2.6877 2471.2 10.056 5860.2 10.682 "" "" 0.00279096931278481 0.0052254386 0.004266205 0.009491643 311.41350111718 45.62652239851 1738.94336 -3.286999999999998 -15.012999999999998 -0.964129030227661 -12.283354747772217 0.12697491 0.12397491 "" "" 101.5580765773801 "" 12.592541562809222 ""
311.73665478122 45.61063543811 0.0275 0.0325 13.8392 "" "" 2166304989276204160 2015.34009 0.4737 0.0347 -8.106 -8.126 0.035 0.042 1.02 4870.0 4.0896 16.147978 1.767934 17.005764 15.23783 "" "" 1868.12732 2183.55981 6542.67686 2.9683 2153.3 9.7027 6368.3 10.403 "" "" 0.0027990041627125313 0.005632012 0.004174858 0.00980687 311.73665478122 45.61063543811 2015.34009 -8.105999999999995 -8.125999999999994 -5.783129030227661 -5.396354747772216 0.12597491 0.13297491 "" "" 75.56021664722131 "" 9.768438419151861 ""
311.41424937039 45.49686986572 0.027 0.03 9.1824 "" "" 2070229560155367680 1749.44763 0.5444 0.0334 -1.394 -3.67 0.035 0.035 0.992 "" "" 16.148674 2.19248 17.279812 15.087332 "" "" 1644.00562 1850.29919 6538.48033 2.8838 1673.0 8.6913 7315.2 9.5143 "" "" 0.002796623071760714 0.006292824 0.0040345807 0.010327404 311.41424937039 45.49686986572 1749.44763 -1.3939999999999997 -3.67 0.928870969772339 -0.9403547477722167 0.12597491 0.12597491 "" "" 10.960597598396893 "" 1.380760279246689 ""
311.73749938236 45.05665591586 0.0279 0.029 21.8126 "" "" 2070157984518651008 1679.55945 0.5687 0.0326 -2.512 -4.757 0.038 0.035 0.978 7800.2 4.2411 16.148733 1.594227 16.8966 15.302374 "" "" 1596.03088 1772.11682 6538.1249 2.5405 2381.1 7.8233 6000.8 9.1804 "" "" 0.0027874312986737805 0.004528852 0.004128285 0.008657137 311.73749938236 45.05665591586 1679.55945 -2.512 -4.757000000000001 -0.18912903022766114 -2.0273547477722165 0.12897491 0.12597491 "" "" 16.210076896404992 "" 2.042487471641759 ""
311.29942662032 45.58179374067 0.0273 0.0286 16.1439 "" "" 2070242372034473600 1772.23511 0.5378 0.0331 0.509 -5.451 0.035 0.038 1.027 6733.5 4.0568 16.152405 1.704109 16.962378 15.258268 "" "" 1679.33545 1888.88965 6516.06052 2.8756 2241.1 8.1348 6249.6 9.3649 "" "" 0.0027966712538492395 0.004828745 0.004114694 0.0089434385 311.29942662032 45.58179374067 1772.23511 0.508999999999999 -5.451000000000002 2.8318709697723388 -2.7213547477722164 0.12597491 0.12897491 "" "" 32.99255829001557 "" 4.204045277829759 ""
312.16469465127 45.51838183865 0.0277 0.0283 25.1928 "" "" 2166248501864760192 1673.31897 0.5789 0.0326 2.387 0.644 0.038 0.036 0.968 6573.3 4.0208 16.156967 1.493942 16.83725 15.343307 "" "" 1580.36121 1775.26843 6488.73277 2.7815 2514.9 9.6192 5778.8 8.2002 "" "" 0.0027943520946168417 0.005003091 0.0040813484 0.009084439 312.16469465127 45.51838183865 1673.31897 2.3870000000000005 0.6440000000000012 4.709870969772339 3.3736452522277833 0.12897491 0.12697491 "" "" 45.951141641617475 "" 5.895541505709289 ""
311.04269105002 45.33621060114 0.0263 0.0295 23.3668 "" "" 2070232721250920192 1951.05774 0.4818 0.0326 -1.819 -2.871 0.036 0.037 0.994 4769.4 3.5081 16.157835 1.932918 17.078642 15.145723 "" "" 1822.35828 2125.3396 6483.54861 2.8836 2013.5 16.515 6932.2 46.632 "" "" 0.002797314851679672 0.009332223 0.008223524 0.017555747 311.04269105002 45.33621060114 1951.05774 -1.8189999999999995 -2.8709999999999996 0.5038709697723389 -0.1413547477722168 0.12697491 0.12797491 "" "" 4.839699650448619 "" 0.6148748202231162 ""
311.17869672843 45.57137679588 0.0291 0.0326 19.9251 "" "" 2070244747159645312 1923.14392 0.4987 0.0356 -2.956 -1.35 0.036 0.041 1.046 7183.6 4.344 16.157871 1.326813 16.740559 15.413746 "" "" 1801.87207 2033.24622 6483.33054 2.8596 2749.1 9.9093 5415.8 7.8895 "" "" 0.002796626620292734 0.004806385 0.0040969932 0.008903379 311.17869672843 45.57137679588 1923.14392 -2.9560000000000017 -1.3500000000000012 -0.6331290302276611 1.3796452522277831 0.12697491 0.1319749 "" "" 13.837483953962364 "" 1.8143543516668421 ""
311.94071935906 45.69633572562 0.0276 0.029 22.9194 "" "" 2166265750453503104 1635.24561 0.5912 0.0329 -3.24 -8.121 0.036 0.037 1.053 7340.1 4.3436 16.158188 1.325041 16.743792 15.418751 "" "" 1550.172 1739.46375 6481.44196 2.8238 2740.9 9.4695 5390.9 12.697 "" "" 0.002795629559649425 0.004675015 0.0045632203 0.009238236 311.94071935906 45.69633572562 1635.24561 -3.240000000000002 -8.121000000000002 -0.9171290302276613 -5.391354747772217 0.12697491 0.12797491 "" "" 42.38906111843774 "" 5.423548767117306 ""
311.68370522408 45.11171238635 0.0283 0.0293 18.0345 "" "" 2070170083446864128 1787.09094 0.5364 0.0334 -2.868 -1.096 0.038 0.036 1.05 "" "" 16.158588 1.765584 17.010828 15.245244 "" "" 1686.76453 1880.23608 6479.04944 2.6994 2143.3 8.9597 6325.0 9.2891 "" "" 0.0027922061634533214 0.0053277723 0.004101988 0.00942976 311.68370522408 45.11171238635 1787.09094 -2.868000000000001 -1.0960000000000014 -0.545129030227661 1.6336452522277831 0.12897491 0.12697491 "" "" 14.58840529631622 "" 1.855305428397457 ""
311.41176822829 45.04429679593 0.0308 0.0337 22.8767 "" "" 2070167403389284096 1966.3269 0.4763 0.0378 -1.002 -0.068 0.041 0.046 0.991 "" "" 16.162344 1.818977 17.049849 15.230871 "" "" 1832.59094 2127.60181 6456.67853 2.932 2067.7 9.0667 6409.3 11.31 "" "" 0.0027990845646906153 0.0055182334 0.00423727 0.009755503 311.41176822829 45.04429679593 1966.3269 -1.002 -0.06800000000000003 1.3208709697723389 2.661645252227783 0.1319749 0.13697492 "" "" 27.69435068869442 "" 3.766471669076783 ""
311.13207018023 45.66541710683 0.0273 0.0285 24.7493 "" "" 2070247427219243648 1419.45227 0.683 0.0329 -3.947 -10.228 0.036 0.036 0.982 "" "" 16.16328 1.628996 16.918535 15.289539 "" "" 1355.26917 1500.07629 6451.11226 3.1426 2333.5 12.062 6072.1 17.252 "" "" 0.0028056249528959206 0.006267553 0.0048784856 0.011146039 311.13207018023 45.66541710683 1419.45227 -3.946999999999999 -10.228000000000002 -1.6241290302276612 -7.4983547477722166 0.12697491 0.12697491 "" "" 51.62032930037492 "" 6.554486692775121 ""
312.10308224842 45.31257113488 0.0255 0.0278 22.3917 "" "" 2166241801715585536 1759.12354 0.5463 0.0312 -0.978 -1.912 0.033 0.034 0.999 7897.3 3.9107 16.167362 1.57111 16.89617 15.32506 "" "" 1683.46362 1851.35315 6426.89938 2.7217 2382.0 9.0451 5876.7 10.851 "" "" 0.0027934207855703345 0.004978234 0.004278172 0.009256406 312.10308224842 45.31257113488 1759.12354 -0.9779999999999995 -1.9120000000000004 1.3448709697723389 0.8176452522277833 0.12397491 0.124974914 "" "" 13.123724906608302 "" 1.6305648366055379 ""
312.04283919505 45.66442975299 0.0269 0.0266 24.6499 "" "" 2166262142680996352 1781.24634 0.5379 0.0316 -1.665 -2.957 0.035 0.034 1.006 5422.0 4.2392 16.16769 1.266051 16.722105 15.456054 "" "" 1698.66199 1908.0802 6424.95775 2.4872 2796.2 9.595 5208.8 8.6712 "" "" 0.0027871931848405113 0.0046546166 0.004189343 0.00884396 312.04283919505 45.66442975299 1781.24634 -1.6650000000000005 -2.957 0.6578709697723388 -0.22735474777221665 0.12597491 0.124974914 "" "" 5.876817752556591 "" 0.7397068025806125 ""
312.07730010477 45.17808596695 0.0276 0.0285 24.713 "" "" 2166234139493633792 1603.42529 0.6016 0.0328 -7.993 -13.236 0.039 0.039 1.049 7077.4 4.3392 16.1685 1.598303 16.915012 15.316709 "" "" 1524.68213 1683.80994 6420.17323 2.6937 2341.1 7.3814 5922.1 8.4959 "" "" 0.0027927238244367645 0.004416325 0.0040877704 0.0085040955 312.07730010477 45.17808596695 1603.42529 -7.993 -13.236 -5.6701290302276615 -10.506354747772217 0.12997492 0.12997492 "" "" 90.73734843277886 "" 11.793579292999388 ""
311.79447988633 45.04014630127 0.0309 0.0299 23.5435 "" "" 2070158607294287104 1647.17163 0.5868 0.034 -5.041 -3.619 0.038 0.036 1.036 8217.2 4.2371 16.172142 1.687568 16.975124 15.287557 "" "" 1551.78601 1738.27966 6398.67587 2.8835 2215.0 10.607 6083.2 8.7854 "" "" 0.0027984246801373153 0.0059006405 0.0040917527 0.009992393 311.79447988633 45.04014630127 1647.17163 -5.041 -3.6190000000000007 -2.7181290302276615 -0.889354747772217 0.12897491 0.12697491 "" "" 22.32914049679546 "" 2.875610675602122 ""
311.34845587935 45.32594991678 0.0305 0.0331 11.1645 "" "" 2070226605217598848 1776.63721 0.5435 0.0385 -1.996 -3.827 0.041 0.039 1.042 7898.4 4.0741 16.17397 1.699861 16.97276 15.272898 "" "" 1644.44104 1965.75879 6387.9121 3.0416 2219.8 13.918 6165.9 10.932 "" "" 0.002803399721953903 0.007357107 0.004241379 0.011598486 311.34845587935 45.32594991678 1776.63721 -1.9960000000000002 -3.827 0.32687096977233887 -1.0973547477722168 0.1319749 0.12997492 "" "" 9.642369141335976 "" 1.254848848801275 ""
311.80134911595 45.51212307902 0.0285 0.03 11.0386 "" "" 2166256542043209472 2056.52783 0.4598 0.0352 -2.515 -4.657 0.037 0.037 0.942 4776.4 3.493 16.178682 2.087345 17.252892 15.165546 "" "" 1924.20374 2200.36865 6360.24974 2.9651 1715.0 8.6414 6806.8 7.301 "" "" 0.0028014262970161505 0.006141156 0.003954736 0.0100958925 311.80134911595 45.51212307902 2056.52783 -2.515000000000002 -4.657 -0.19212903022766126 -1.9273547477722168 0.12797491 0.12797491 "" "" 18.88085985163483 "" 2.4162763878950875 ""
311.82590415257 45.59247846822 0.0279 0.0301 15.0563 "" "" 2166263517070144896 1756.01599 0.5526 0.0345 -3.262 -4.703 0.035 0.038 1.053 5169.0 4.1758 16.178757 1.565818 16.91201 15.346192 "" "" 1658.30774 1856.43799 6359.81207 2.8964 2347.5 7.9875 5763.4 13.87 "" "" 0.002799337141321311 0.0046295505 0.0045946655 0.0092242155 311.82590415257 45.59247846822 1756.01599 -3.262 -4.702999999999997 -0.9391290302276611 -1.973354747772217 0.12597491 0.12897491 "" "" 18.19043828785205 "" 2.336128917002232 ""
311.80051845742 45.04516936662 0.0299 0.0307 23.3603 "" "" 2070158607294292352 1704.19312 0.5623 0.0349 -3.069 -3.273 0.041 0.037 1.043 7967.7 4.2925 16.179323 1.629311 16.939184 15.309874 "" "" 1605.48218 1805.53943 6356.49474 2.6063 2289.5 8.7243 5959.5 12.372 "" "" 0.002791051851581228 0.004990199 0.0044004833 0.009390682 311.80051845742 45.04516936662 1704.19312 -3.0690000000000013 -3.2729999999999992 -0.7461290302276611 -0.5433547477722169 0.1319749 0.12797491 "" "" 7.455939859441478 "" 0.9737652065124628 ""
