Clusters/UBC_588/UBC_588_stars_in_region.tsv
# %ECSV 1.0
# ---
# datatype:
# - name: RA_ICRS_1
#   unit: deg
#   datatype: float64
#   format: '{:15.11f}'
#   description: Right ascension (ICRS) at Ep=2016.0 (ra)
#   meta: !!omap
#   - {ucd: POS_EQ_RA_MAIN}
#   - {width: 15}
#   - {precision: '11'}
# - name: DE_ICRS_1
#   unit: deg
#   datatype: float64
#   format: '{:15.11f}'
#   description: Declination (ICRS) at Ep=2016.0 (dec)
#   meta: !!omap
#   - {ucd: POS_EQ_DEC_MAIN}
#   - {width: 15}
#   - {precision: '11'}
# - name: e_RA_ICRS
#   unit: mas
#   datatype: float64
#   format: '{:7.4f}'
#   description: Standard error of right ascension (ra_error)
#   meta: !!omap
#   - {ucd: ERROR}
#   - {width: 7}
#   - {precision: '4'}
# - name: e_DE_ICRS
#   unit: mas
#   datatype: float64
#   format: '{:7.4f}'
#   description: Standard error of declination (dec_error)
#   meta: !!omap
#   - {ucd: ERROR}
#   - {width: 7}
#   - {precision: '4'}
# - name: _r_1
#   unit: ''
#   datatype: float64
#   format: '{:7.4f}'
#   description: Distance from center (311.58840817000+45.40470581000)[ICRS], at Epoch=J2016.0
#   meta: !!omap
#   - {ucd: POS_ANG_DIST_GENERAL}
#   - {width: 7}
#   - {precision: '4'}
# - name: HIP
#   datatype: int32
#   description: '? HIP cross-id number, van Leeuwen, Cat. I/311 (hip_original_ext_source_id)'
#   meta: !!omap
#   - {ucd: ID_NUMBER}
#   - {width: 6}
#   - values: {'null': -2147483648}
# - name: TYC2
#   datatype: string
#   description: Tycho-2 cross-id name, Hog et al., Cat. I/259 (tyc2_original_ext_source_id)
#   meta: !!omap
#   - {ucd: ID_CROSSID}
#   - {_votable_string_dtype: char}
# - name: Source
#   datatype: int64
#   description: Source identifier, identical to the Gaia-EDR3 source_id (id)
#   meta: !!omap
#   - {ucd: ID_MAIN}
#   - {width: 19}
# - name: rgeo
#   unit: pc
#   datatype: float64
#   format: '{:15.8f}'
#   description: '? Median of the geometric distance posterior (r_med_geo)'
#   meta: !!omap
#   - {ucd: PHYS_DISTANCE_TRUE}
#   - {width: 15}
#   - {precision: '8'}
#   - values: {'null': .nan}
# - name: Plx
#   unit: mas
#   datatype: float64
#   format: '{:9.4f}'
#   description: '? Parallax (parallax)'
#   meta: !!omap
#   - {ucd: POS_PARLX_TRIG}
#   - {width: 9}
#   - {precision: '4'}
#   - values: {'null': .nan}
# - name: e_Plx
#   unit: mas
#   datatype: float32
#   format: '{:7.4f}'
#   description: '? Standard error of parallax (parallax_error)'
#   meta: !!omap
#   - {ucd: ERROR}
#   - {width: 7}
#   - {precision: '4'}
#   - values: {'null': .nan}
# - name: pmRA
#   unit: mas / yr
#   datatype: float64
#   format: '{:9.3f}'
#   description: '? Proper motion in right ascension direction, pmRA*cosDE (pmra)'
#   meta: !!omap
#   - {ucd: POS_EQ_PMRA}
#   - {width: 9}
#   - {precision: '3'}
#   - values: {'null': .nan}
# - name: pmDE
#   unit: mas / yr
#   datatype: float64
#   format: '{:9.3f}'
#   description: '? Proper motion in declination direction (pmdec)'
#   meta: !!omap
#   - {ucd: POS_EQ_PMDEC}
#   - {width: 9}
#   - {precision: '3'}
#   - values: {'null': .nan}
# - name: e_pmRA
#   unit: mas / yr
#   datatype: float32
#   format: '{:6.3f}'
#   description: '? Standard error of proper motion in right ascension direction (pmra_error)'
#   meta: !!omap
#   - {ucd: ERROR}
#   - {width: 6}
#   - {precision: '3'}
#   - values: {'null': .nan}
# - name: e_pmDE
[...]
#         value: !astropy.table.SerializedColumn {name: SkyCoord.dec}
#       distance: !astropy.table.SerializedColumn
#         __class__: astropy.coordinates.distances.Distance
#         unit: !astropy.units.Unit {unit: pc}
#         value: !astropy.table.SerializedColumn {name: SkyCoord.distance}
#       frame: icrs
#       obstime: !astropy.time.Time {format: jyear_str, in_subfmt: '*', jd1: 367701545.0, jd2: 0.0, out_subfmt: '*', precision: 3, scale: tt}
#       pm_dec: !astropy.table.SerializedColumn
#         __class__: astropy.units.quantity.Quantity
#         unit: !astropy.units.Unit {unit: mas / yr}
#         value: !astropy.table.SerializedColumn {name: SkyCoord.pm_dec}
#       pm_ra_cosdec: !astropy.table.SerializedColumn
#         __class__: astropy.units.quantity.Quantity
#         unit: !astropy.units.Unit {unit: mas / yr}
#         value: !astropy.table.SerializedColumn {name: SkyCoord.pm_ra_cosdec}
#       ra: !astropy.table.SerializedColumn
#         __class__: astropy.coordinates.angles.Longitude
#         unit: *id001
#         value: !astropy.table.SerializedColumn {name: SkyCoord.ra}
#         wrap_angle: !astropy.coordinates.Angle
#           unit: *id001
#           value: 360.0
#       representation_type: spherical
# schema: astropy-2.0
RA_ICRS_1 DE_ICRS_1 e_RA_ICRS e_DE_ICRS _r_1 HIP TYC2 Source rgeo Plx e_Plx pmRA pmDE e_pmRA e_pmDE RUWE Teff logg Gmag BP-RP BPmag RPmag RV e_RV b_rgeo B_rgeo FG e_FG FBP e_FBP FRP e_FRP RAVE5 RAVE6 e_Gmag e_BPmag e_RPmag e_BP-RP SkyCoord.ra SkyCoord.dec SkyCoord.distance SkyCoord.pm_ra_cosdec SkyCoord.pm_dec rmRA rmDE e_rmRA e_rmDE rRV e_rRV v_pec v_pec3d e_vpec e_vpec3d
[from data line 458]
311.52719725452 45.21628180087 0.0207 0.0258 11.5967 "" "" 2070175374846710528 1550.07593 0.6164 0.0272 0.681 0.329 0.028 0.033 1.077 9774.3 4.0589 15.66591 1.789011 16.527498 14.738487 "" "" 1497.51404 1611.57092 10199.59571 3.6951 3345.2 10.848 10087.0 16.273 "" "" 0.0027832544544110637 0.004492403 0.004165544 0.008657947 311.52719725452 45.21628180087 1550.07593 0.681 0.329 3.003870969772339 3.0586452522277834 0.11897491 0.12397491 "" "" 31.498288386968525 "" 3.828484227126105 ""
311.91596665937 45.05809251547 0.0219 0.0242 24.9815 "" "" 2070155991653847424 1443.24915 0.6704 0.0264 1.774 -4.271 0.029 0.031 0.981 6550.3 3.967 15.666365 1.655919 16.450829 14.794909 "" "" 1388.24109 1491.84802 10195.31782 3.5534 3589.9 9.6444 9576.2 10.886 "" "" 0.002781184432549919 0.0040364815 0.003975811 0.008012293 311.91596665937 45.05809251547 1443.24915 1.7740000000000022 -4.270999999999999 4.096870969772339 -1.5413547477722167 0.11997491 0.121974915 "" "" 29.944621965277104 "" 3.6000834985620433 ""
311.76116046212 45.55925765476 0.0227 0.0238 11.7815 "" "" 2166257744634437120 1559.68994 0.62 0.0276 -3.803 -7.048 0.03 0.031 1.039 7938.0 4.0528 15.666369 1.590637 16.403988 14.813351 "" "" 1504.38647 1635.43115 10195.28299 3.7251 3748.2 10.717 9415.0 14.667 "" "" 0.002783731463394377 0.004173993 0.0041405973 0.008314591 311.76116046212 45.55925765476 1559.68994 -3.802999999999998 -7.048 -1.480129030227661 -4.318354747772217 0.12097491 0.121974915 "" "" 33.74852014207137 "" 4.1129379522964475 ""
311.11116594204 45.43504450837 0.0224 0.0251 20.181 "" "" 2070235023353632640 1985.00952 0.4794 0.0273 -4.245 -4.891 0.029 0.034 1.043 "" "" 15.666427 1.321754 16.250868 14.929114 "" "" 1877.05725 2093.59668 10194.73612 4.789 4315.9 11.339 8462.8 12.86 "" "" 0.002802127217962824 0.003990223 0.0041238107 0.008114034 311.11116594204 45.43504450837 1985.00952 -4.245 -4.891 -1.9221290302276612 -2.161354747772217 0.11997491 0.124974914 "" "" 27.214524929556212 "" 3.341724166706913 ""
311.11787114967 45.39263534994 0.0222 0.0229 19.837 "" "" 2070234336158859520 1821.01953 0.5287 0.0263 -2.398 -1.02 0.029 0.028 0.951 "" "" 15.677398 1.26517 16.228718 14.963548 "" "" 1746.75806 1904.75793 10092.2413 3.5386 4404.8 10.295 8198.6 14.032 "" "" 0.0027814945735469875 0.0037715381 0.0042115105 0.007983048 311.11787114967 45.39263534994 1821.01953 -2.3980000000000006 -1.020000000000001 -0.07512903022766126 1.7096452522277832 0.11997491 0.11897491 "" "" 14.771271384190173 "" 1.7574392607179146 ""
311.81353878925 45.74295507363 0.0213 0.0233 22.3895 "" "" 2166313888448923264 1465.89453 0.6616 0.0262 -3.338 -4.448 0.029 0.03 1.011 6611.5 4.3623 15.678234 1.188122 16.190434 15.002312 "" "" 1399.96863 1528.55469 10084.46774 3.364 4562.9 12.136 7911.0 10.427 "" "" 0.002779022395850915 0.0040154853 0.004041238 0.0080567235 311.81353878925 45.74295507363 1465.89453 -3.338000000000001 -4.447999999999999 -1.0151290302276612 -1.7183547477722172 0.11997491 0.12097491 "" "" 13.867518609356067 "" 1.6740452534383155 ""
311.7147925288 45.09281520549 0.0238 0.0234 19.4601 "" "" 2070159736865432960 2037.84875 0.467 0.0271 -1.121 -3.24 0.031 0.029 1.066 9709.9 4.2326 15.679564 1.395842 16.27845 14.882608 "" "" 1925.33215 2153.79761 10072.1248 3.4824 4207.6 12.854 8833.1 12.427 "" "" 0.0027807744426604076 0.004334358 0.0040763887 0.008410746 311.7147925288 45.09281520549 2037.84875 -1.121 -3.24 1.2018709697723389 -0.510354747772217 0.121974915 0.11997491 "" "" 12.612664713638253 "" 1.5346019235357689 ""
312.05146012528 45.44082385644 0.0237 0.0228 19.6202 "" "" 2166246577719247360 1663.42761 0.5724 0.0277 -1.951 -1.222 0.033 0.031 0.999 6998.8 4.0247 15.681067 1.428719 16.324806 14.896087 "" "" 1600.65808 1739.04382 10058.20135 4.4812 4031.8 10.654 8724.2 10.571 "" "" 0.0027974593956780008 0.004002061 0.004001807 0.008003868 312.05146012528 45.44082385644 1663.42761 -1.951 -1.222 0.3718709697723388 1.5076452522277832 0.12397491 0.121974915 "" "" 12.243519288049578 "" 1.4948174097686968 ""
311.65139135004 45.12027872938 0.0228 0.0235 17.2717 "" "" 2070170319664928256 1924.46802 0.4965 0.0274 -6.096 -9.66 0.031 0.03 0.932 8474.5 4.1114 15.689411 1.716851 16.506533 14.789681 "" "" 1804.71179 2021.22058 9981.19139 3.8195 3410.4 11.679 9622.4 11.69 "" "" 0.002786469396243532 0.0046486068 0.0040029455 0.008651553 311.65139135004 45.12027872938 1924.46802 -6.095999999999997 -9.659999999999986 -3.773129030227661 -6.930354747772217 0.121974915 0.12097491 "" "" 71.98062918310663 "" 8.72436034493444 ""
311.59071827969 45.42591605806 0.0209 0.0239 1.2763 "" "" 2166301896899705344 1939.0304 0.4894 0.0258 -2.235 -3.983 0.027 0.03 0.979 "" "" 15.690319 1.767539 16.535538 14.767999 "" "" 1844.98792 2051.42749 9972.84321 3.3761 3320.5 10.408 9816.5 10.805 "" "" 0.0027797275060706043 0.004400778 0.0039638258 0.008364604 311.59071827969 45.42591605806 1939.0304 -2.235 -3.983 0.08787096977233899 -1.253354747772217 0.117974915 0.12097491 "" "" 11.54786456434713 "" 1.3968345568995872 ""
312.0132489448 45.37891930367 0.0214 0.0224 17.9675 "" "" 2166245821805278848 2046.71826 0.4631 0.0259 -0.678 -2.322 0.027 0.029 1.037 7982.1 4.063 15.69733 1.57976 16.376749 14.796989 "" "" 1967.39038 2136.323 9908.65936 3.2557 3843.4 34.28 9557.9 56.733 "" "" 0.002778318555293993 0.010077828 0.007471071 0.017548898 312.0132489448 45.37891930367 2046.71826 -0.6780000000000002 -2.322 1.644870969772339 0.40764525222778314 0.117974915 0.11997491 "" "" 16.440371353051788 "" 1.9414692196668784 ""
311.51382658855 45.17917758599 0.0221 0.0265 13.8931 "" "" 2070174206615600512 1732.35107 0.555 0.0283 -1.212 -0.661 0.03 0.033 1.083 "" "" 15.699487 1.498223 16.378088 14.879865 "" "" 1632.66089 1797.89783 9888.99688 3.3161 3838.7 9.0866 8855.5 13.017 "" "" 0.0027792706566761743 0.0037934424 0.004102538 0.00789598 311.51382658855 45.17917758599 1732.35107 -1.2119999999999997 -0.6610000000000001 1.110870969772339 2.068645252227783 0.12097491 0.12397491 "" "" 19.280626669191538 "" 2.377489636067091 ""
311.50872617926 45.69637388491 0.0229 0.0261 17.8175 "" "" 2166309868359195904 1391.42883 0.6913 0.0282 -5.267 -2.02 0.028 0.03 0.984 7180.6 4.3463 15.701289 1.277883 16.257675 14.979793 "" "" 1323.67078 1443.47644 9872.58754 3.2375 4288.9 10.322 8076.8 8.9458 "" "" 0.002778229001070235 0.0038226831 0.003966089 0.0077887718 311.50872617926 45.69637388491 1391.42883 -5.2669999999999995 -2.0199999999999996 -2.9441290302276615 0.7096452522277832 0.11897491 0.12097491 "" "" 19.97373750723275 "" 2.378584489727307 ""
311.70802385796 45.00380884676 0.0259 0.0276 24.5796 "" "" 2070157370343640960 1921.85168 0.4899 0.0299 -2.16 -4.84 0.035 0.037 1.036 5128.6 3.5089 15.709662 1.961701 16.697252 14.735551 "" "" 1813.87085 2040.63684 9796.74792 3.497 2861.0 18.507 10114.0 19.478 "" "" 0.0027824434392141745 0.0075572534 0.004319241 0.011876494 311.70802385796 45.00380884676 1921.85168 -2.159999999999999 -4.8400000000000025 0.16287096977233873 -2.1103547477722167 0.12597491 0.12797491 "" "" 19.281607238865316 "" 2.4673354390927034 ""
312.11284451704 45.34096441634 0.0212 0.0227 22.4331 "" "" 2166244791012852480 1939.31995 0.4851 0.0257 0.375 -1.237 0.027 0.028 0.967 8468.4 4.2498 15.712983 1.389781 16.337412 14.947631 "" "" 1858.52563 2055.47803 9766.82706 3.3194 3985.2 9.878 8319.7 10.356 "" "" 0.002779919591828128 0.0038765338 0.0040137535 0.007890288 312.11284451704 45.34096441634 1939.31995 0.3749999999999996 -1.2369999999999992 2.697870969772339 1.492645252227783 0.117974915 0.11897491 "" "" 28.342494997858328 "" 3.350367389853426 ""
311.46682169227 45.68460384634 0.0229 0.0246 17.5539 "" "" 2166320103251021056 1444.80371 0.669 0.0275 -1.6 -4.151 0.03 0.029 1.125 7091.0 4.3334 15.713248 1.333737 16.303211 14.969474 "" "" 1380.56335 1501.79639 9764.43974 2.807 4112.7 10.393 8154.0 11.041 "" "" 0.002772941993602881 0.003913182 0.0040552523 0.007968434 311.46682169227 45.68460384634 1444.80371 -1.6000000000000008 -4.151 0.7228709697723388 -1.4213547477722166 0.12097491 0.11997491 "" "" 10.920501613759908 "" 1.312437791656479 ""
312.17719969651 45.45065846652 0.0225 0.0225 24.9459 "" "" 2166247058755721216 1665.3429 0.574 0.0261 -2.048 -2.142 0.029 0.028 0.924 5294.0 3.5918 15.714722 1.806285 16.594086 14.787801 "" "" 1575.90393 1743.27954 9751.19792 3.3633 3146.2 6.3134 9639.1 13.924 "" "" 0.002780652227368152 0.0035400374 0.004091888 0.007631926 312.17719969651 45.45065846652 1665.3429 -2.048 -2.1420000000000003 0.2748709697723388 0.5876452522277833 0.11997491 0.11897491 "" "" 5.121081269298746 "" 0.6102026519657789 ""
311.77887654152 45.51469866658 0.0221 0.0246 10.383 "" "" 2166257366676920832 1860.48694 0.52 0.0276 -2.326 -2.781 0.029 0.033 1.046 7976.1 4.1027 15.719477 1.315268 16.295856 14.980588 "" "" 1764.58203 1953.69592 9708.58695 3.3865 4140.7 12.41 8070.9 10.216 "" "" 0.002781226162245652 0.004286466 0.0040214974 0.008307964 311.77887654152 45.51469866658 1860.48694 -2.326 -2.781 -0.0031290302276612003 -0.051354747772216935 0.11997491 0.12397491 "" "" 0.4537223985878148 "" 0.056243589549958145 ""
312.07602018893 45.6306724306 0.0221 0.0224 24.5776 "" "" 2166261799083491328 1421.45618 0.6764 0.0259 -1.133 -7.999 0.029 0.029 1.017 5240.0 4.1503 15.720065 1.630923 16.486462 14.855538 "" "" 1363.87817 1471.12964 9703.32503 3.3228 3474.0 9.2312 9056.1 10.197 "" "" 0.0027802920167082938 0.004013544 0.003972188 0.007985732 312.07602018893 45.6306724306 1421.45618 -1.1329999999999996 -7.999000000000005 1.1898709697723389 -5.2693547477722165 0.11997491 0.11997491 "" "" 36.39724763154902 "" 4.366756552989798 ""
311.98958335313 45.39422509301 0.0246 0.0244 16.913 "" "" 2166246062323084672 2045.23169 0.4674 0.0296 -0.691 -2.301 0.033 0.032 1.18 9532.2 4.1917 15.722442 1.232008 16.222986 14.990978 "" "" 1939.87854 2189.43384 9682.11135 3.7362 4428.2 14.704 7994.1 34.418 "" "" 0.0027869923622184274 0.0045588054 0.006011256 0.010570061 311.98958335313 45.39422509301 2045.23169 -0.6909999999999998 -2.301 1.631870969772339 0.42864525222778305 0.12397491 0.12297492 "" "" 16.35666381083004 "" 2.02676423903055 ""
311.88265667422 45.59667498202 0.0227 0.0231 16.9054 "" "" 2166263139113367808 1633.52307 0.5844 0.027 0.596 -1.608 0.028 0.03 1.104 6558.5 4.013 15.722722 1.335012 16.314587 14.979574 "" "" 1577.39661 1708.43103 9679.61418 2.8711 4069.9 12.629 8078.5 10.381 "" "" 0.0027740766823672568 0.0043744314 0.0040286817 0.008403113 311.88265667422 45.59667498202 1633.52307 0.5959999999999992 -1.6079999999999997 2.918870969772339 1.121645252227783 0.11897491 0.12097491 "" "" 24.21175756548786 "" 2.886867688009913 ""
311.50396660853 45.77693640231 0.0219 0.0245 22.6135 "" "" 2166322444023472384 1644.38977 0.5824 0.027 -6.902 -3.859 0.03 0.029 0.986 "" "" 15.724135 1.420254 16.366297 14.946043 "" "" 1566.63318 1750.88794 9667.02117 2.7815 3880.6 10.171 8331.8 11.039 "" "" 0.00277297367829563 0.003985355 0.0040438916 0.008029247 311.50396660853 45.77693640231 1644.38977 -6.902000000000003 -3.859000000000001 -4.579129030227661 -1.1293547477722168 0.12097491 0.11997491 "" "" 36.761077423786006 "" 4.4450685185883065 ""
311.4150549323 45.51858794003 0.0347 0.0378 9.9955 "" "" 2070230346125946496 1743.29517 0.5461 0.0424 0.596 -1.336 0.049 0.045 1.33 6714.1 3.7391 15.727469 1.827629 16.404343 14.576714 "" "" 1631.09033 1885.49512 9637.38261 4.8732 3747.0 17.637 11708.0 41.022 "" "" 0.0028094839820199387 0.0058225845 0.0053624 0.011184985 311.4150549323 45.51858794003 1743.29517 0.5959999999999999 -1.3359999999999999 2.918870969772339 1.3936452522277831 0.1399749 0.13597491 "" "" 26.727464685735008 "" 3.72155910743178 ""
311.31617738429 45.34445369371 0.0249 0.026 12.03 "" "" 2070226875794951424 1461.11609 0.6617 0.0302 -2.606 -5.393 0.032 0.032 1.079 "" "" 15.72754 1.695356 16.525452 14.830095 "" "" 1388.88306 1537.93713 9636.75614 3.7761 3351.5 11.892 9270.9 12.367 "" "" 0.0027879719200840235 0.004756745 0.0040473915 0.008804137 311.31617738429 45.34445369371 1461.11609 -2.6059999999999985 -5.392999999999999 -0.283129030227661 -2.6633547477722166 0.12297492 0.12297492 "" "" 18.54950247553606 "" 2.2811235327478316 ""
311.22416183652 45.52542191645 0.0251 0.0297 16.9528 "" "" 2070241448624771328 1533.62195 0.626 0.0318 -4.25 -8.402 0.032 0.035 1.148 6522.7 3.9266 15.730435 1.478027 16.399818 14.921791 "" "" 1466.00024 1609.45972 9611.08829 3.8324 3762.6 8.8404 8520.0 10.793 "" "" 0.00278912567374153 0.003780553 0.0040218695 0.007802422 311.22416183652 45.52542191645 1533.62195 -4.249999999999999 -8.401999999999997 -1.9271290302276611 -5.672354747772216 0.12297492 0.12597491 "" "" 43.549178420525784 "" 5.4727291162398455 ""
311.35636659676 45.71908136231 0.022 0.024 21.2323 "" "" 2166321310151974656 1399.6969 0.6862 0.0267 3.517 6.193 0.029 0.029 1.017 6041.7 4.1766 15.730745 1.287474 16.29466 15.007187 "" "" 1360.71497 1451.93933 9608.34591 2.8743 4145.3 9.3864 7875.6 9.6449 "" "" 0.0027743973091116075 0.0037187624 0.004006458 0.00772522 311.35636659676 45.71908136231 1399.6969 3.5169999999999986 6.193 5.839870969772338 8.922645252227783 0.11997491 0.11997491 "" "" 70.74998617431456 "" 8.488223309578785 ""
311.96973414982 45.41788559206 0.023 0.0233 16.0812 "" "" 2166257916432816896 1592.01294 0.5987 0.0277 -0.758 -5.743 0.03 0.03 1.068 7898.8 4.2918 15.733578 1.415999 16.369595 14.953595 "" "" 1511.95972 1674.67151 9583.31463 3.3276 3868.8 12.454 8274.1 8.9614 "" "" 0.0027809921452274173 0.0044722054 0.0039580963 0.008430302 311.96973414982 45.41788559206 1592.01294 -0.7579999999999987 -5.743 1.5648709697723389 -3.013354747772217 0.12097491 0.12097491 "" "" 25.622598142158957 "" 3.099691587217717 ""
311.95435288388 45.63045102297 0.0221 0.022 20.4976 "" "" 2166264513502915456 1478.74683 0.6538 0.0257 -13.218 -15.771 0.028 0.028 0.989 6670.4 4.0263 15.73371 1.544327 16.450819 14.906492 "" "" 1428.05664 1532.04602 9582.14359 3.1134 3590.0 8.666 8640.9 9.3039 "" "" 0.0027778118895029425 0.0038280683 0.003956057 0.0077841254 311.95435288388 45.63045102297 1478.74683 -13.217999999999995 -15.771000000000008 -10.895129030227661 -13.041354747772218 0.11897491 0.11897491 "" "" 119.11221574108842 "" 14.171365050782498 ""
311.33391318425 45.35018064072 0.0223 0.0263 11.2138 "" "" 2070226708296814464 1734.68921 0.5501 0.0291 -3.439 -2.453 0.029 0.032 0.985 "" "" 15.73455 1.865427 16.651354 14.785927 "" "" 1653.40112 1822.85486 9574.72835 3.3646 2984.5 9.7496 9655.8 12.965 "" "" 0.002781610374657307 0.00451276 0.004050804 0.008563563 311.33391318425 45.35018064072 1734.68921 -3.439 -2.453 -1.1161290302276612 0.27664525222778336 0.11997491 0.12297492 "" "" 9.45499222960358 "" 1.1360229148996348 ""
311.76169470363 45.79555004164 0.0225 0.0253 24.553 "" "" 2166317186983783680 1592.81128 0.6092 0.0279 -2.285 -2.686 0.031 0.032 1.066 6703.8 4.3192 15.736252 1.19001 16.247437 15.057426 "" "" 1514.81519 1671.17261 9559.73988 3.2186 4329.5 9.3537 7519.5 11.227 "" "" 0.0027794631235459246 0.003645174 0.004112367 0.007757541 311.76169470363 45.79555004164 1592.81128 -2.285 -2.686 0.037870969772338725 0.04364525222778326 0.121974915 0.12297492 "" "" 0.4362732380634616 "" 0.05346371409247034 ""
312.06711191958 45.55186581235 0.0228 0.0239 21.9899 "" "" 2166260424693897344 1939.13184 0.488 0.0267 -1.872 -4.472 0.029 0.03 1.03 5587.2 3.7636 15.738664 1.551889 16.433607 14.881719 "" "" 1847.22021 2042.41785 9538.52227 3.7257 3647.3 8.7098 8840.4 26.208 "" "" 0.002787765404990795 0.0038088595 0.0049642753 0.008773135 312.06711191958 45.55186581235 1939.13184 -1.8719999999999999 -4.472 0.45087096977233876 -1.7423547477722172 0.11997491 0.12097491 "" "" 16.542335754856868 "" 2.0001734590353455 ""
