Clusters/UBC_588/UBC_588_members.tsv
# %ECSV 1.0
# ---
# datatype:
# - name: RA_ICRS_1
#   unit: deg
#   datatype: float64
#   format: '{:15.11f}'
#   description: Right ascension (ICRS) at Ep=2016.0 (ra)
#   meta: !!omap
#   - {ucd: POS_EQ_RA_MAIN}
#   - {width: 15}
#   - {precision: '11'}
# - name: DE_ICRS_1
#   unit: deg
#   datatype: float64
#   format: '{:15.11f}'
#   description: Declination (ICRS) at Ep=2016.0 (dec)
#   meta: !!omap
#   - {ucd: POS_EQ_DEC_MAIN}
#   - {width: 15}
#   - {precision: '11'}
# - name: e_RA_ICRS
#   unit: mas
#   datatype: float64
#   format: '{:7.4f}'
#   description: Standard error of right ascension (ra_error)
#   meta: !!omap
#   - {ucd: ERROR}
#   - {width: 7}
#   - {precision: '4'}
# - name: e_DE_ICRS
#   unit: mas
#   datatype: float64
#   format: '{:7.4f}'
#   description: Standard error of declination (dec_error)
#   meta: !!omap
#   - {ucd: ERROR}
#   - {width: 7}
#   - {precision: '4'}
# - name: _r_1
#   unit: ''
#   datatype: float64
#   format: '{:7.4f}'
#   description: Distance from center (311.58840817000+45.40470581000)[ICRS], at Epoch=J2016.0
#   meta: !!omap
#   - {ucd: POS_ANG_DIST_GENERAL}
#   - {width: 7}
#   - {precision: '4'}
# - name: HIP
#   datatype: int32
#   description: '? HIP cross-id number, van Leeuwen, Cat. I/311 (hip_original_ext_source_id)'
#   meta: !!omap
#   - {ucd: ID_NUMBER}
#   - {width: 6}
#   - values: {'null': -2147483648}
# - name: TYC2
#   datatype: string
#   description: Tycho-2 cross-id name, Hog et al., Cat. I/259 (tyc2_original_ext_source_id)
#   meta: !!omap
#   - {ucd: ID_CROSSID}
#   - {_votable_string_dtype: char}
# - name: Source
#   datatype: int64
#   description: Source identifier, identical to the Gaia-EDR3 source_id (id)
#   meta: !!omap
#   - {ucd: ID_MAIN}
#   - {width: 19}
# - name: rgeo
#   unit: pc
#   datatype: float64
#   format: '{:15.8f}'
#   description: '? Median of the geometric distance posterior (r_med_geo)'
#   meta: !!omap
#   - {ucd: PHYS_DISTANCE_TRUE}
#   - {width: 15}
#   - {precision: '8'}
#   - values: {'null': .nan}
# - name: Plx
#   unit: mas
#   datatype: float64
#   format: '{:9.4f}'
#   description: '? Parallax (parallax)'
#   meta: !!omap
#   - {ucd: POS_PARLX_TRIG}
#   - {width: 9}
#   - {precision: '4'}
#   - values: {'null': .nan}
# - name: e_Plx
#   unit: mas
#   datatype: float32
#   format: '{:7.4f}'
#   description: '? Standard error of parallax (parallax_error)'
#   meta: !!omap
#   - {ucd: ERROR}
#   - {width: 7}
#   - {precision: '4'}
#   - values: {'null': .nan}
# - name: pmRA
#   unit: mas / yr
#   datatype: float64
#   format: '{:9.3f}'
#   description: '? Proper motion in right ascension direction, pmRA*cosDE (pmra)'
#   meta: !!omap
#   - {ucd: POS_EQ_PMRA}
#   - {width: 9}
#   - {precision: '3'}
#   - values: {'null': .nan}
# - name: pmDE
#   unit: mas / yr
#   datatype: float64
#   format: '{:9.3f}'
#   description: '? Proper motion in declination direction (pmdec)'
#   meta: !!omap
#   - {ucd: POS_EQ_PMDEC}
#   - {width: 9}
#   - {precision: '3'}
#   - values: {'null': .nan}
# - name: e_pmRA
#   unit: mas / yr
#   datatype: float32
#   format: '{:6.3f}'
#   description: '? Standard error of proper motion in right ascension direction (pmra_error)'
#   meta: !!omap
#   - {ucd: ERROR}
#   - {width: 6}
#   - {precision: '3'}
#   - values: {'null': .nan}
# - name: e_pmDE
[...]
#       distance: !astropy.table.SerializedColumn
#         __class__: astropy.coordinates.distances.Distance
#         unit: !astropy.units.Unit {unit: pc}
#         value: !astropy.table.SerializedColumn {name: SkyCoord.distance}
#       frame: icrs
#       obstime: !astropy.time.Time {format: jyear_str, in_subfmt: '*', jd1: 367701545.0, jd2: 0.0, out_subfmt: '*', precision: 3, scale: tt}
#       pm_dec: !astropy.table.SerializedColumn
#         __class__: astropy.units.quantity.Quantity
#         unit: !astropy.units.Unit {unit: mas / yr}
#         value: !astropy.table.SerializedColumn {name: SkyCoord.pm_dec}
#       pm_ra_cosdec: !astropy.table.SerializedColumn
#         __class__: astropy.units.quantity.Quantity
#         unit: !astropy.units.Unit {unit: mas / yr}
#         value: !astropy.table.SerializedColumn {name: SkyCoord.pm_ra_cosdec}
#       ra: !astropy.table.SerializedColumn
#         __class__: astropy.coordinates.angles.Longitude
#         unit: *id001
#         value: !astropy.table.SerializedColumn {name: SkyCoord.ra}
#         wrap_angle: !astropy.coordinates.Angle
#           unit: *id001
#           value: 360.0
#       representation_type: spherical
# schema: astropy-2.0
RA_ICRS_1 DE_ICRS_1 e_RA_ICRS e_DE_ICRS _r_1 HIP TYC2 Source rgeo Plx e_Plx pmRA pmDE e_pmRA e_pmDE RUWE Teff logg Gmag BP-RP BPmag RPmag RV e_RV b_rgeo B_rgeo FG e_FG FBP e_FBP FRP e_FRP RAVE5 RAVE6 e_Gmag e_BPmag e_RPmag e_BP-RP SkyCoord.ra SkyCoord.dec SkyCoord.distance SkyCoord.pm_ra_cosdec SkyCoord.pm_dec rmRA rmDE e_rmRA e_rmDE rRV e_rRV v_pec v_pec3d e_vpec e_vpec3d Pmemb
311.61407240499 45.44858762689 0.0104 0.0119 2.8461 "" "" 2166302034338666880 1757.75256 0.5608 0.0129 -2.24 -2.795 0.014 0.015 1.018 "" "" 12.321925 2.515555 13.696417 11.180861 -19.42 0.44 1722.97375 1799.42358 221909.89736 49.427 45378.0 38.411 267190.0 79.732 "" "" 0.0027659124373588043 0.0029376321 0.0037932438 0.006730876 311.61407240499 45.44858762689 1757.75256 -2.2399999999999984 -2.795 0.08287096977233865 -0.06535474777221673 0.10497491 0.10597491 -9.475000000000001 0.7880645 0.8793384773200121 9.515716534118464 0.09264665197858596 0.7847391558570601 1.0
311.53851320758 45.38275605848 0.0097 0.0113 2.4807 "" "" 2070225127748906496 1555.11414 0.6153 0.0122 -2.452 -2.621 0.013 0.014 1.147 "" "" 13.4604 1.282073 14.016538 12.734465 "" "" 1526.60425 1580.98083 77765.45633 17.026 33791.0 32.064 63881.0 32.122 "" "" 0.0027655553072502277 0.002974299 0.0038186114 0.0067929104 311.53851320758 45.38275605848 1555.11414 -2.452000000000001 -2.6210000000000004 -0.1291290302276611 0.1086452522277832 0.10397491 0.10497491 "" "" 1.2439304429540847 "" 0.129854593652836 "" 0.99
311.42744369122 45.30256276966 0.0099 0.0116 9.1445 "" "" 2070222997445087744 1675.59778 0.5668 0.0126 -2.365 -2.773 0.013 0.015 1.031 "" "" 13.731414 1.229614 14.256488 13.026874 "" "" 1642.75977 1713.86292 60587.26024 28.964 27091.0 44.63 48799.0 89.419 "" "" 0.002803781878082731 0.0033142613 0.004271045 0.007585306 311.42744369122 45.30256276966 1675.59778 -2.3649999999999993 -2.7730000000000015 -0.042129030227661346 -0.04335474777221693 0.10397491 0.10597491 "" "" 0.4801329019773122 "" 0.05041795887972453 "" 1.0
311.56883520117 45.27909998642 0.0108 0.0128 7.5814 "" "" 2070177195912861312 1677.49707 0.5652 0.0139 -2.416 -2.685 0.013 0.015 1.086 "" "" 13.833235 1.308031 14.402574 13.094542 "" "" 1645.16785 1714.70789 55163.64563 10.789 23680.0 19.143 45850.0 21.309 "" "" 0.0027634909051191953 0.0029249664 0.0038129187 0.006737885 311.56883520117 45.27909998642 1677.49707 -2.415999999999998 -2.6849999999999996 -0.09312903022766106 0.04464525222778315 0.10397491 0.10597491 "" "" 0.8211930686595319 "" 0.0856927796038481 "" 0.98
311.799991774 45.40704671427 0.0119 0.0128 8.914 "" "" 2166255648689980288 1592.7522 0.5983 0.0145 -2.323 -2.718 0.015 0.015 1.002 "" "" 14.168286 1.648564 14.937375 13.288811 "" "" 1560.01294 1626.00085 40516.53134 9.6839 14470.0 17.496 38338.0 20.615 "" "" 0.0027675135402000966 0.003083579 0.0038242086 0.0069077876 311.799991774 45.40704671427 1592.7522 -2.323 -2.718 -0.00012903022766108663 0.011645252227783232 0.10597491 0.10597491 "" "" 0.08792292180247838 "" 0.009317623957373003 "" 0.99
311.6145237473 45.45395625298 0.016 0.0186 3.153 "" "" 2166302034338668032 1614.3866 0.5912 0.0202 -2.288 -2.692 0.021 0.024 1.36 "" "" 14.362457 1.589804 15.094623 13.504819 "" "" 1564.54626 1664.48572 33881.58486 7.9791 12519.0 18.396 31422.0 19.865 "" "" 0.0027671586525354046 0.0032141015 0.0038412076 0.007055309 311.6145237473 45.45395625298 1614.3866 -2.2879999999999976 -2.692000000000002 0.034870969772339055 0.03764525222778303 0.11197491 0.114974916 "" "" 0.3926663164887003 "" 0.044606643633313375 "" 0.98
311.54559026816 45.39993588742 0.0123 0.0144 1.8264 "" "" 2070225226527680128 1555.12964 0.6167 0.0154 -2.579 -2.697 0.016 0.018 0.997 "" "" 14.397547 1.52183 15.089787 13.567958 "" "" 1513.82092 1594.07935 32804.09117 6.7331 12575.0 13.942 29647.0 13.688 "" "" 0.0027643174983227503 0.0030387656 0.0038124812 0.0068512466 311.54559026816 45.39993588742 1555.12964 -2.5790000000000006 -2.697000000000001 -0.2561290302276613 0.03264525222778314 0.106974915 0.10897491 "" "" 1.9032812905422847 "" 0.2036647625946161 "" 0.91
311.42114942155 45.40767799402 0.0134 0.015 7.048 "" "" 2070228701161672064 1601.94482 0.5952 0.0169 -2.119 -2.888 0.017 0.018 1.064 "" "" 14.46004 1.34475 15.024379 13.679628 "" "" 1564.25647 1645.33423 30969.25585 8.3384 13356.0 41.738 26749.0 78.232 "" "" 0.0027707846094507907 0.0043928656 0.0049362965 0.009329163 311.42114942155 45.40767799402 1601.94482 -2.1190000000000007 -2.888 0.20387096977233865 -0.1583547477722167 0.10797492 0.10897491 "" "" 1.9601625156908984 "" 0.2123881049042991 "" 0.88
311.53785268331 45.51450276775 0.0126 0.0145 6.9229 "" "" 2166303374368585856 1634.17078 0.5843 0.0157 -2.294 -2.695 0.016 0.018 1.04 "" "" 14.466575 1.360475 15.063528 13.703053 "" "" 1583.90088 1676.15601 30783.43197 8.3416 12883.0 15.365 26178.0 16.963 "" "" 0.002770983329589258 0.0030760106 0.0038443075 0.006920318 311.53785268331 45.51450276775 1634.17078 -2.2940000000000014 -2.6950000000000003 0.028870969772338828 0.03464525222778336 0.106974915 0.10897491 "" "" 0.3493274570145281 "" 0.03778315838342882 "" 0.99
311.503074768 45.427644291 0.0147 0.0173 3.8485 "" "" 2070226021102101632 1628.36902 0.5858 0.0187 -2.356 -2.695 0.019 0.02 0.971 "" "" 14.721586 1.525348 15.42019 13.894842 "" "" 1581.48303 1679.81848 24339.54226 6.2074 9275.6 10.388 21939.0 11.426 "" "" 0.002769198898097467 0.0030436118 0.003821449 0.006865061 311.503074768 45.427644291 1628.36902 -2.356 -2.6950000000000003 -0.033129030227661005 0.03464525222778336 0.10997491 0.11097491 "" "" 0.3699898041256433 "" 0.040883281330028665 "" 1.0
311.56661457388 45.38641745138 0.0141 0.0167 1.4308 "" "" 2070225024669697152 1604.80579 0.5959 0.0179 -2.31 -2.747 0.018 0.02 1.024 "" "" 14.729031 1.705887 15.53494 13.829053 "" "" 1560.1709 1659.15625 24173.22604 5.5248 8345.3 12.394 23310.0 15.105 "" "" 0.002766471678652568 0.0032225975 0.003844311 0.0070669083 311.56661457388 45.38641745138 1604.80579 -2.3100000000000005 -2.7470000000000003 0.012870969772338814 -0.017354747772216683 0.10897491 0.11097491 "" "" 0.16435733950376605 "" 0.018123578548547962 "" 0.99
311.63586740684 45.49275903233 0.0139 0.0152 5.6483 "" "" 2166302755893183616 1548.6178 0.6176 0.0172 -2.224 -2.634 0.018 0.019 0.979 "" "" 14.778125 1.442101 15.421062 13.97896 "" "" 1508.34924 1594.09094 23104.51758 5.0972 9268.1 15.094 20304.0 15.617 "" "" 0.0027657121679180363 0.0033032822 0.003870546 0.007173828 311.63586740684 45.49275903233 1548.6178 -2.2240000000000015 -2.633999999999998 0.09887096977233867 0.0956452522277833 0.10897491 0.10997491 "" "" 1.0097715372418783 "" 0.11052906158792129 "" 0.99
311.40526568561 45.28530097873 0.0147 0.0174 10.5344 "" "" 2070223336741725824 1658.67297 0.5677 0.0184 -2.337 -2.705 0.019 0.023 1.047 "" "" 14.913084 1.491919 15.586398 14.09448 "" "" 1611.89087 1710.18909 20403.90353 4.8378 7959.0 13.472 18254.0 20.017 "" "" 0.0027673199214782386 0.0033410406 0.0039624805 0.007303521 311.40526568561 45.28530097873 1658.67297 -2.336999999999998 -2.705 -0.014129030227661321 0.024645252227783132 0.10997491 0.113974914 "" "" 0.22334730014749213 "" 0.02523793846877615 "" 1.0
311.63898973257 45.49318785458 0.0151 0.0163 5.7199 "" "" 2166302755893184128 1586.27795 0.6074 0.0187 -2.287 -2.708 0.02 0.02 1.024 "" "" 14.914751 1.442486 15.557402 14.114916 "" "" 1540.44641 1639.12085 20372.5877 5.0225 8174.4 13.242 17914.0 13.126 "" "" 0.002768291185304714 0.0032982577 0.0038622036 0.0071604615 311.63898973257 45.49318785458 1586.27795 -2.287 -2.708 0.035870969772338945 0.02164525222778302 0.11097491 0.11097491 "" "" 0.3150114250972562 "" 0.0349583638797597 "" 1.0
311.41705633946 45.41747513538 0.0153 0.0173 7.258 "" "" 2070228701161672448 1632.65588 0.5846 0.0194 -2.279 -2.716 0.02 0.021 1.011 "" "" 14.961406 1.583541 15.694443 14.110902 -0.47 10.35 1574.06653 1684.36255 19515.71124 5.3026 7205.1 12.265 17980.0 13.449 "" "" 0.0027710678659487917 0.00334678 0.0038656536 0.007212434 311.41705633946 45.41747513538 1632.65588 -2.279 -2.716 0.04387096977233895 0.013645252227783011 0.11097491 0.11197491 9.475 10.698065 0.3555512326594873 9.481668718060428 0.03948875632067703 10.690540663790236 1.0
311.57670003157 45.40807557645 0.0169 0.0195 0.533 "" "" 2070225059029438208 1577.28113 0.6006 0.021 -2.207 -2.88 0.022 0.024 1.012 "" "" 15.173639 1.93419 16.128601 14.194411 "" "" 1527.08801 1620.24292 16050.59748 8.1111 4830.3 12.268 16649.0 16.693 "" "" 0.002809418170781898 0.0039229007 0.003933038 0.007855939 311.57670003157 45.40807557645 1577.28113 -2.207 -2.88 0.11587096977233902 -0.1503547477722167 0.11297491 0.114974916 "" "" 1.4191733308973202 "" 0.16211754753549512 "" 0.98
311.50899990255 45.33102361543 0.0186 0.022 5.5452 "" "" 2070224371834883712 1538.15686 0.6262 0.0238 -2.328 -2.885 0.024 0.027 1.047 "" "" 15.308873 1.637581 16.072739 14.435158 "" "" 1468.77588 1591.20105 14170.89742 3.9944 5085.4 12.841 13338.0 11.256 "" "" 0.002772264420430879 0.003911676 0.003888863 0.007800539 311.50899990255 45.33102361543 1538.15686 -2.3280000000000003 -2.884999999999998 -0.00512903022766098 -0.15535474777221658 0.114974916 0.117974915 "" "" 1.1332873926394111 "" 0.1336958286219126 "" 0.99
311.55528404235 45.48615314391 0.0201 0.0225 5.0819 "" "" 2166303099490548608 1527.17395 0.6254 0.0261 -2.325 -2.706 0.028 0.028 1.025 "" "" 15.359241 1.392439 15.978753 14.586314 "" "" 1468.67554 1585.34424 13528.51279 4.2901 5545.2 11.328 11605.0 17.98 "" "" 0.0027767488980918894 0.0035643433 0.0041368357 0.007701179 311.55528404235 45.48615314391 1527.17395 -2.3249999999999993 -2.7059999999999995 -0.0021290302276613104 0.023645252227783242 0.11897491 0.11897491 "" "" 0.17185579372917242 "" 0.020446527452078662 "" 0.99
311.53105155044 45.40404552019 0.0186 0.0219 2.4165 "" "" 2070225196468384256 1659.44495 0.5785 0.0235 -2.258 -2.706 0.024 0.027 1.011 "" "" 15.454008 1.652367 16.2276 14.575233 "" "" 1602.75256 1722.44836 12397.77078 3.4233 4409.4 8.432 11724.0 13.067 "" "" 0.0027715820353150823 0.0034778987 0.0039683864 0.0074462853 311.53105155044 45.40404552019 1659.44495 -2.258 -2.706 0.06487096977233886 0.023645252227783242 0.114974916 0.117974915 "" "" 0.5430993527968473 "" 0.06263607482454012 "" 1.0
311.72747732907 45.43774619758 0.0202 0.0217 6.1831 "" "" 2166255236373097344 1614.66101 0.6044 0.0256 -2.33 -2.677 0.027 0.029 1.003 "" "" 15.509838 1.538247 16.211866 14.673619 "" "" 1542.77173 1681.03882 11776.37578 4.2184 4473.7 9.8335 10708.0 14.51 "" "" 0.002782633333419782 0.0036715851 0.004055647 0.0077272323 311.72747732907 45.43774619758 1614.66101 -2.33 -2.6770000000000005 -0.007129030227661204 0.05264525222778316 0.117974915 0.11997491 "" "" 0.4065975902670754 "" 0.048766986188192175 "" 0.99
311.66983190795 45.46527718995 0.0205 0.0217 4.996 "" "" 2166255545610731008 1643.16687 0.574 0.0248 -2.381 -2.655 0.026 0.028 1.025 "" "" 15.562355 1.506694 16.248398 14.741704 "" "" 1576.53271 1703.57812 11220.30616 3.1282 4325.7 7.8547 10057.0 9.5727 "" "" 0.002771897799730572 0.0034164123 0.003918131 0.0073345434 311.66983190795 45.46527718995 1643.16687 -2.3810000000000002 -2.6550000000000002 -0.058129030227660916 0.0746452522277834 0.11697491 0.11897491 "" "" 0.7368741334676516 "" 0.08711612017321846 "" 0.99
311.77887654152 45.51469866658 0.0221 0.0246 10.383 "" "" 2166257366676920832 1860.48694 0.52 0.0276 -2.326 -2.781 0.029 0.033 1.046 7976.1 4.1027 15.719477 1.315268 16.295856 14.980588 "" "" 1764.58203 1953.69592 9708.58695 3.3865 4140.7 12.41 8070.9 10.216 "" "" 0.002781226162245652 0.004286466 0.0040214974 0.008307964 311.77887654152 45.51469866658 1860.48694 -2.326 -2.781 -0.0031290302276612003 -0.051354747772216935 0.11997491 0.12397491 "" "" 0.4537223985878148 "" 0.056243589549958145 "" 0.99
311.595933257 45.33469656807 0.0223 0.0266 4.2125 "" "" 2070177642589472512 1509.6239 0.6289 0.0284 -2.316 -2.723 0.029 0.032 0.984 "" "" 15.76707 2.079059 16.81799 14.738931 "" "" 1453.33386 1586.64734 9292.20404 3.6641 2559.9 8.8758 10083.0 11.167 "" "" 0.0027883834643463927 0.0046857875 0.003966061 0.008651849 311.595933257 45.33469656807 1509.6239 -2.316 -2.723 0.006870969772339031 0.006645252227783338 0.11997491 0.12297492 "" "" 0.06839871975979686 "" 0.008305935826921632 "" 0.99
311.54431198028 45.34796498228 0.0262 0.0303 3.8787 "" "" 2070224440554133888 1892.05579 0.5074 0.0328 -2.219 -2.796 0.033 0.036 1.013 "" "" 16.074574 1.822073 16.961424 15.139351 "" "" 1789.57715 2009.51123 7000.30642 2.8104 2243.1 10.745 6973.0 9.8655 "" "" 0.0027895856642341584 0.0059021055 0.0040796297 0.009981735 311.54431198028 45.34796498228 1892.05579 -2.2189999999999968 -2.795999999999998 0.103870969772339 -0.06635474777221662 0.12397491 0.12697491 "" "" 1.105405514493465 "" 0.1380118505719003 "" 0.9
311.57856528105 45.31992669822 0.0276 0.0328 5.1036 "" "" 2070177814388158464 1516.00525 0.634 0.0351 -2.346 -2.813 0.034 0.039 0.99 7891.5 3.9846 16.10545 1.746908 16.93882 15.191912 "" "" 1451.76855 1583.8855 6804.04084 3.3006 2290.3 13.681 6643.4 9.6608 "" "" 0.0028052068799938176 0.00706031 0.0040959204 0.01115623 311.57856528105 45.31992669822 1516.00525 -2.346000000000001 -2.8130000000000006 -0.023129030227661218 -0.08335474777221696 0.124974914 0.12997492 "" "" 0.6216070528249567 "" 0.08057511249163732 "" 0.94
311.52301188615 45.29291867728 0.0279 0.0332 7.252 "" "" 2070177333351806592 1774.94971 0.54 0.036 -2.316 -2.687 0.035 0.039 1.012 "" "" 16.119682 1.646 16.888721 15.242722 "" "" 1668.41833 1895.14966 6715.42463 2.6799 2398.4 8.1638 6339.7 9.4637 "" "" 0.002789179378294958 0.004630674 0.0041122455 0.008742919 311.52301188615 45.29291867728 1774.94971 -2.316 -2.6870000000000003 0.006870969772339031 0.04264525222778337 0.12597491 0.12997492 "" "" 0.36341275814626317 "" 0.0471983138315901 "" 0.99
311.58749888611 45.38393220469 0.0292 0.0339 1.247 "" "" 2070224990309960832 1599.25684 0.5991 0.0374 -2.328 -2.797 0.039 0.042 0.995 "" "" 16.31707 1.857107 17.223991 15.366884 "" "" 1503.08704 1697.39368 5599.11125 2.8302 1761.2 9.0803 5654.6 11.348 "" "" 0.002809445186501238 0.006254614 0.0043625026 0.0106171165 311.58749888611 45.38393220469 1599.25684 -2.3279999999999994 -2.797 -0.00512903022766098 -0.06735474777221695 0.12997492 0.13297491 "" "" 0.512059370054369 "" 0.06808229031572552 "" 0.96
311.71106993327 45.37644604946 0.0351 0.0377 5.4395 "" "" 2166254239940669312 1657.13745 0.5681 0.0424 -2.273 -2.808 0.046 0.048 1.05 "" "" 16.563288 2.510485 17.924917 15.414433 "" "" 1560.78381 1758.85522 4463.04733 2.3746 923.53 7.4956 5412.3 9.4948 "" "" 0.0028152259767437317 0.0092432825 0.0042322143 0.013475496 311.71106993327 45.37644604946 1657.13745 -2.273000000000001 -2.8080000000000007 0.049870969772338736 -0.07835474777221663 0.13697492 0.1389749 "" "" 0.7295519187896343 "" 0.1009709025165654 "" 0.84
311.52799319905 45.46226829972 0.0392 0.047 4.2894 "" "" 2166302962042607488 1542.98169 0.6309 0.0497 -2.492 -2.451 0.051 0.057 1.098 "" "" 16.688538 2.239533 17.807043 15.56751 "" "" 1445.87256 1657.1748 3976.78397 3.0649 1029.4 12.066 4700.6 15.966 "" "" 0.002879580093735177 0.013028611 0.0052804905 0.018309101 311.52799319905 45.46226829972 1542.98169 -2.492 -2.4510000000000005 -0.16912903022766113 0.27864525222778314 0.14197491 0.14797491 "" "" 2.383960736686849 "" 0.3489731122616303 "" 0.93
311.44583160031 45.5327520016 0.0376 0.0403 9.7477 "" "" 2070229727650676992 1655.38489 0.5853 0.0458 -2.478 -2.836 0.05 0.051 0.986 "" "" 16.724249 1.779104 17.583113 15.804009 "" "" 1525.92419 1759.39746 3848.10558 2.2327 1265.2 6.6964 3780.5 14.104 "" "" 0.0028264163549770577 0.006388097 0.00553994 0.011928037 311.44583160031 45.5327520016 1655.38489 -2.4779999999999998 -2.8360000000000003 -0.15512903022766134 -0.10635474777221665 0.14097491 0.14197491 "" "" 1.4758214885065366 "" 0.20852682031243755 "" 0.98
311.65320451648 45.48623973632 0.0367 0.0403 5.6011 "" "" 2166302549734933120 1806.66736 0.5335 0.0453 -2.217 -2.649 0.048 0.053 0.998 "" "" 16.850237 1.904147 17.802135 15.897988 "" "" 1655.32019 2016.56982 3426.51195 1.9633 1034.1 9.6235 3467.1 12.369 "" "" 0.002824676123478924 0.010482202 0.005411743 0.015893945 311.65320451648 45.48623973632 1806.66736 -2.2170000000000005 -2.6490000000000005 0.10587096977233879 0.08064525222778318 0.1389749 0.14397492 "" "" 1.139709719967784 "" 0.16050696973515263 "" 0.98
