Clusters/UBC_620/UBC_620_stars_in_region.tsv
# %ECSV 1.0
# ---
# datatype:
# - name: RA_ICRS_1
#   unit: deg
#   datatype: float64
#   format: '{:15.11f}'
#   description: Right ascension (ICRS) at Ep=2016.0 (ra)
#   meta: !!omap
#   - {ucd: POS_EQ_RA_MAIN}
#   - {width: 15}
#   - {precision: '11'}
# - name: DE_ICRS_1
#   unit: deg
#   datatype: float64
#   format: '{:15.11f}'
#   description: Declination (ICRS) at Ep=2016.0 (dec)
#   meta: !!omap
#   - {ucd: POS_EQ_DEC_MAIN}
#   - {width: 15}
#   - {precision: '11'}
# - name: e_RA_ICRS
#   unit: mas
#   datatype: float64
#   format: '{:7.4f}'
#   description: Standard error of right ascension (ra_error)
#   meta: !!omap
#   - {ucd: ERROR}
#   - {width: 7}
#   - {precision: '4'}
# - name: e_DE_ICRS
#   unit: mas
#   datatype: float64
#   format: '{:7.4f}'
#   description: Standard error of declination (dec_error)
#   meta: !!omap
#   - {ucd: ERROR}
#   - {width: 7}
#   - {precision: '4'}
# - name: _r_1
#   unit: ''
#   datatype: float64
#   format: '{:7.4f}'
#   description: Distance from center (097.96410644000+02.53119418000)[ICRS], at Epoch=J2016.0
#   meta: !!omap
#   - {ucd: POS_ANG_DIST_GENERAL}
#   - {width: 7}
#   - {precision: '4'}
# - name: HIP
#   datatype: int32
#   description: '? HIP cross-id number, van Leeuwen, Cat. I/311 (hip_original_ext_source_id)'
#   meta: !!omap
#   - {ucd: ID_NUMBER}
#   - {width: 6}
#   - values: {'null': -2147483648}
# - name: TYC2
#   datatype: string
#   description: Tycho-2 cross-id name, Hog et al., Cat. I/259 (tyc2_original_ext_source_id)
#   meta: !!omap
#   - {ucd: ID_CROSSID}
#   - {_votable_string_dtype: char}
# - name: Source
#   datatype: int64
#   description: Source identifier, identical to the Gaia-EDR3 source_id (id)
#   meta: !!omap
#   - {ucd: ID_MAIN}
#   - {width: 19}
# - name: rgeo
#   unit: pc
#   datatype: float64
#   format: '{:15.8f}'
#   description: '? Median of the geometric distance posterior (r_med_geo)'
#   meta: !!omap
#   - {ucd: PHYS_DISTANCE_TRUE}
#   - {width: 15}
#   - {precision: '8'}
#   - values: {'null': .nan}
# - name: Plx
#   unit: mas
#   datatype: float64
#   format: '{:9.4f}'
#   description: '? Parallax (parallax)'
#   meta: !!omap
#   - {ucd: POS_PARLX_TRIG}
#   - {width: 9}
#   - {precision: '4'}
#   - values: {'null': .nan}
# - name: e_Plx
#   unit: mas
#   datatype: float32
#   format: '{:7.4f}'
#   description: '? Standard error of parallax (parallax_error)'
#   meta: !!omap
#   - {ucd: ERROR}
#   - {width: 7}
#   - {precision: '4'}
#   - values: {'null': .nan}
# - name: pmRA
#   unit: mas / yr
#   datatype: float64
#   format: '{:9.3f}'
#   description: '? Proper motion in right ascension direction, pmRA*cosDE (pmra)'
#   meta: !!omap
#   - {ucd: POS_EQ_PMRA}
#   - {width: 9}
#   - {precision: '3'}
#   - values: {'null': .nan}
# - name: pmDE
#   unit: mas / yr
#   datatype: float64
#   format: '{:9.3f}'
#   description: '? Proper motion in declination direction (pmdec)'
#   meta: !!omap
#   - {ucd: POS_EQ_PMDEC}
#   - {width: 9}
#   - {precision: '3'}
#   - values: {'null': .nan}
# - name: e_pmRA
#   unit: mas / yr
#   datatype: float32
#   format: '{:6.3f}'
#   description: '? Standard error of proper motion in right ascension direction (pmra_error)'
#   meta: !!omap
#   - {ucd: ERROR}
#   - {width: 6}
#   - {precision: '3'}
#   - values: {'null': .nan}
# - name: e_pmDE
[...]
#         value: !astropy.table.SerializedColumn {name: SkyCoord.dec}
#       distance: !astropy.table.SerializedColumn
#         __class__: astropy.coordinates.distances.Distance
#         unit: !astropy.units.Unit {unit: pc}
#         value: !astropy.table.SerializedColumn {name: SkyCoord.distance}
#       frame: icrs
#       obstime: !astropy.time.Time {format: jyear_str, in_subfmt: '*', jd1: 367701545.0, jd2: 0.0, out_subfmt: '*', precision: 3, scale: tt}
#       pm_dec: !astropy.table.SerializedColumn
#         __class__: astropy.units.quantity.Quantity
#         unit: !astropy.units.Unit {unit: mas / yr}
#         value: !astropy.table.SerializedColumn {name: SkyCoord.pm_dec}
#       pm_ra_cosdec: !astropy.table.SerializedColumn
#         __class__: astropy.units.quantity.Quantity
#         unit: !astropy.units.Unit {unit: mas / yr}
#         value: !astropy.table.SerializedColumn {name: SkyCoord.pm_ra_cosdec}
#       ra: !astropy.table.SerializedColumn
#         __class__: astropy.coordinates.angles.Longitude
#         unit: *id001
#         value: !astropy.table.SerializedColumn {name: SkyCoord.ra}
#         wrap_angle: !astropy.coordinates.Angle
#           unit: *id001
#           value: 360.0
#       representation_type: spherical
# schema: astropy-2.0
RA_ICRS_1 DE_ICRS_1 e_RA_ICRS e_DE_ICRS _r_1 HIP TYC2 Source rgeo Plx e_Plx pmRA pmDE e_pmRA e_pmDE RUWE Teff logg Gmag BP-RP BPmag RPmag RV e_RV b_rgeo B_rgeo FG e_FG FBP e_FBP FRP e_FRP RAVE5 RAVE6 e_Gmag e_BPmag e_RPmag e_BP-RP SkyCoord.ra SkyCoord.dec SkyCoord.distance SkyCoord.pm_ra_cosdec SkyCoord.pm_dec rmRA rmDE e_rmRA e_rmDE rRV e_rRV v_pec v_pec3d e_vpec e_vpec3d
[from data line 190]
97.90524216048 2.33631457442 0.0203 0.0191 12.2136 "" "" 3124004562228368256 1422.46802 0.6643 0.0223 -1.472 -2.41 0.025 0.024 0.98 9259.0 4.4374 14.641145 0.981156 15.038907 14.057751 "" "" 1378.94897 1468.85193 26211.31118 7.2754 13178.0 18.821 18882.0 41.122 "" "" 0.002771752174177944 0.0031921158 0.0044581247 0.0076502403 97.90524216048 2.33631457442 1422.46802 -1.472 -2.41 0.17292595195770266 -2.202296290397644 0.114849225 0.11384922 "" "" 14.894684655052842 "" 1.695839938859 ""
97.76531065774 2.52278046377 0.0233 0.0214 11.9268 "" "" 3124058953693191040 1245.53088 0.7657 0.0252 1.567 2.366 0.027 0.024 1.177 7132.7 4.2082 14.651648 1.180636 15.155785 13.975148 "" "" 1194.526 1299.92993 25958.99484 8.466 11833.0 17.706 20375.0 19.913 "" "" 0.002777979431491599 0.0032286863 0.0039255186 0.007154205 97.76531065774 2.52278046377 1245.53088 1.567 2.3660000000000005 3.211925951957703 2.573703709602356 0.11684923 0.11384922 "" "" 24.29936453379475 "" 2.8110828153456806 ""
98.02646875158 2.50734924737 0.0297 0.0301 4.0026 "" "" 3124016244538839296 1641.71802 0.571 0.0362 1.35 -2.127 0.035 0.034 1.599 9682.4 4.2855 14.653477 1.060389 15.090025 14.029636 "" "" 1561.82007 1754.96912 25915.2952 7.5105 12572.0 32.012 19378.0 33.813 "" "" 0.00277322885036126 0.003927859 0.004227639 0.008155499 98.02646875158 2.50734924737 1641.71802 1.35 -2.127 2.9949259519577027 -1.9192962903976438 0.12484923 0.12384923 "" "" 27.68078875717025 "" 3.447889482102231 ""
97.59220245419 2.42402478764 0.0224 0.0222 23.2022 "" "" 3124035967028349568 1539.68579 0.6207 0.0283 0.807 -4.487 0.031 0.024 0.953 7017.1 4.1231 14.657427 1.249672 15.200587 13.950915 -23.64 11.54 1479.48169 1628.96985 25821.16808 8.3737 11355.0 24.445 20835.0 17.451 "" "" 0.002777726354151722 0.0036398268 0.003887251 0.0075270776 97.59220245419 2.42402478764 1539.68579 0.807 -4.487 2.4519259519577026 -4.279296290397644 0.12084922 0.11384922 "" "" 35.99405501228163 "" 4.161588068041055 ""
97.92856821069 2.55903146076 0.0197 0.0202 2.7069 "" "" 3124064416891515904 1270.23962 0.7458 0.0242 -1.343 -1.228 0.024 0.022 1.055 6540.4 4.1199 14.677833 1.332492 15.270779 13.938287 -3.65 6.7 1224.13098 1309.83167 25340.41715 7.2913 10644.0 15.288 21079.0 25.728 "" "" 0.0027729740656848027 0.0031963913 0.0040049814 0.0072013726 97.92856821069 2.55903146076 1270.23962 -1.3429999999999997 -1.2280000000000002 0.30192595195770267 -1.020296290397644 0.11384922 0.111849226 "" "" 6.406467521378903 "" 0.7175985697586803 ""
97.55028172001 2.69734135004 0.0224 0.022 26.732 "" "" 3124079775694650112 1378.50537 0.6859 0.0268 -0.994 -0.93 0.025 0.024 0.998 6820.0 4.1976 14.678676 1.125303 15.154367 14.029063 "" "" 1322.89502 1423.18799 25320.7507 8.0452 11849.0 14.973 19388.0 23.52 "" "" 0.002776831918317828 0.0031092456 0.004002319 0.0071115647 97.55028172001 2.69734135004 1378.50537 -0.9940000000000001 -0.93 0.6509259519577026 -0.7222962903976441 0.114849225 0.11384922 "" "" 6.3532858932871665 "" 0.7261708733766042 ""
98.24795749553 2.4058937941 0.0207 0.0198 18.6021 "" "" 3124000679577318016 1473.39246 0.6352 0.0238 -2.291 -0.545 0.026 0.022 1.009 8184.7 3.7525 14.679079 1.259408 15.222126 13.962718 "" "" 1425.46118 1516.90332 25311.32985 8.4126 11132.0 21.02 20610.0 24.832 "" "" 0.0027788504507628127 0.0034623877 0.0039993734 0.007461761 98.24795749553 2.4058937941 1473.39246 -2.291 -0.5449999999999999 -0.6460740480422973 -0.3372962903976441 0.11584923 0.111849226 "" "" 5.0900005741754 "" 0.5853714995498058 ""
98.01711706028 2.16277030434 0.0234 0.0239 22.3327 "" "" 3123986660804679168 1298.60535 0.7216 0.028 1.849 -0.687 0.031 0.029 1.038 5450.5 3.6685 14.686575 1.524112 15.387644 13.863532 32.34 7.11 1248.95886 1344.448 25137.20099 8.4116 9557.8 40.489 22581.0 24.157 "" "" 0.002779170525937103 0.0053795674 0.0039538387 0.009333406 98.01711706028 2.16277030434 1298.60535 1.849000000000002 -0.687 3.493925951957703 -0.4792962903976441 0.12084922 0.118849225 "" "" 21.707889282049692 "" 2.622586125261809 ""
97.87396533772 2.97637136214 0.0206 0.0203 27.2515 "" "" 3130094757132785024 1564.65698 0.5997 0.0245 0.138 -4.26 0.025 0.023 1.012 7490.2 4.109 14.699521 1.117581 15.169914 14.052333 "" "" 1507.59009 1623.25525 24839.25029 6.9917 11680.0 26.61 18977.0 19.164 "" "" 0.0027722170423472516 0.0037287606 0.0039352123 0.0076639727 97.87396533772 2.97637136214 1564.65698 0.138 -4.26 1.7829259519577025 -4.052296290397644 0.114849225 0.11284923 "" "" 32.834071958017425 "" 3.716028922634902 ""
97.47691965339 2.48741943264 0.0228 0.0237 29.3211 "" "" 3124049092448424448 1344.77197 0.702 0.0289 1.768 -2.621 0.03 0.026 1.052 7654.0 4.2776 14.708167 1.020202 15.128063 14.107862 22.04 11.53 1296.11365 1391.76318 24642.22467 20.836 12139.0 47.735 18031.0 36.722 "" "" 0.0029042340991308237 0.0051003713 0.0043787207 0.009479092 97.47691965339 2.48741943264 1344.77197 1.768 -2.6210000000000004 3.4129259519577024 -2.413296290397644 0.11984923 0.11584923 "" "" 26.643978691928922 "" 3.1581347254674 ""
98.30035413808 2.53939474234 0.0216 0.019 20.1611 "" "" 3130007552117390720 1337.56458 0.6989 0.0233 -0.172 3.346 0.027 0.023 1.007 6553.2 3.8807 14.725314 1.606315 15.474175 13.86786 66.04 5.3 1303.93579 1393.0835 24256.10138 7.1863 8825.7 31.06 22491.0 23.409 "" "" 0.0027740331778582476 0.004731285 0.003944711 0.008675996 98.30035413808 2.53939474234 1337.56458 -0.17200000000000001 3.3459999999999996 1.4729259519577027 3.553703709602356 0.11684923 0.11284923 "" "" 24.389299225760055 "" 2.7668311764037288 ""
97.7561493893 2.86265596223 0.0203 0.0208 23.4704 "" "" 3124088709226466560 1654.17639 0.5597 0.0254 -1.997 -4.204 0.025 0.026 1.072 4898.9 3.4056 14.766808 1.847584 15.676778 13.829194 65.92 6.77 1587.75977 1730.8418 23346.58337 7.1568 7323.3 17.622 23307.0 23.393 "" "" 0.002775349323997792 0.003822397 0.003933353 0.00775575 97.7561493893 2.86265596223 1654.17639 -1.9970000000000003 -4.204 -0.35207404804229747 -3.996296290397644 0.114849225 0.11584923 "" "" 31.455511218926453 "" 3.6438554222017414 ""
97.86376923059 2.63227211902 0.0242 0.0232 8.5411 "" "" 3124065963079734144 1348.25195 0.7001 0.0281 -0.953 -2.49 0.029 0.026 1.165 4764.9 3.3594 14.770771 2.001171 15.783471 13.7823 63.12 3.75 1299.49634 1394.94104 23261.53377 10.096 6637.9 17.573 24335.0 34.783 "" "" 0.0027953263699319604 0.0040058624 0.0040855943 0.008091457 97.86376923059 2.63227211902 1348.25195 -0.9529999999999998 -2.4900000000000047 0.6919259519577027 -2.2822962903976443 0.118849225 0.11584923 "" "" 15.241066842305873 "" 1.7695601325250125 ""
97.52058151897 2.59205328634 0.0249 0.0245 26.8345 "" "" 3124074312496313728 1482.9762 0.6305 0.0251 1.675 -0.443 0.031 0.028 0.979 5784.9 4.0958 14.77388 1.139713 15.257012 14.117299 84.7 6.38 1437.89783 1540.54993 23195.02474 6.7375 10780.0 18.411 17875.0 17.576 "" "" 0.002773310520496465 0.0033501526 0.003927269 0.0072774217 97.52058151897 2.59205328634 1482.9762 1.6749999999999996 -0.44299999999999995 3.3199259519577025 -0.23529629039764405 0.12084922 0.11784923 "" "" 23.395317634925778 "" 2.826959476925193 ""
98.07521293071 2.72245001923 0.022 0.0218 13.2677 "" "" 3130072423302890624 1275.42395 0.7474 0.026 -0.329 -3.371 0.027 0.023 1.14 5638.3 4.0973 14.783212 1.345857 15.380668 14.034811 -40.19 9.02 1227.20679 1341.48425 22996.51675 9.6432 9619.4 23.194 19286.0 22.968 "" "" 0.0027926822049959337 0.003826018 0.00399445 0.007820468 98.07521293071 2.72245001923 1275.42395 -0.329 -3.371 1.3159259519577027 -3.163296290397644 0.11684923 0.11284923 "" "" 20.712470171126974 "" 2.3497923727946333 ""
98.13563370961 2.09578578475 0.0225 0.0251 28.0755 "" "" 3120982863756174336 1575.38049 0.5943 0.0301 0.153 -2.396 0.027 0.025 1.013 8092.1 4.2446 14.784954 1.388012 15.404625 14.016613 "" "" 1496.74194 1658.99292 22959.64939 7.1612 9409.5 24.905 19612.0 21.383 "" "" 0.002776052941650178 0.0040054102 0.003960437 0.007965848 98.13563370961 2.09578578475 1575.38049 0.15299999999999997 -2.396 1.7979259519577027 -2.188296290397644 0.11684923 0.114849225 "" "" 21.148661778282673 "" 2.446041266829345 ""
98.14995693086 2.39094908109 0.0216 0.0204 13.9615 "" "" 3123999751864426112 1722.73267 0.5407 0.0244 -2.466 -0.626 0.027 0.023 1.134 9634.0 4.2507 14.787005 1.124869 15.257865 14.132996 "" "" 1654.49182 1792.28882 22916.31156 7.3868 10771.0 20.017 17618.0 19.814 "" "" 0.002777457701846748 0.0034433068 0.003971742 0.007415049 98.14995693086 2.39094908109 1722.73267 -2.466 -0.6260000000000002 -0.8210740480422976 -0.41829629039764404 0.11684923 0.11284923 "" "" 7.524617767664114 "" 0.8731285960303835 ""
97.94120234258 2.83006452538 0.025 0.0242 17.9847 "" "" 3130077920861036544 1570.2511 0.6004 0.0268 3.798 1.209 0.032 0.029 1.017 6945.9 4.0521 14.789163 1.32906 15.376206 14.047147 30.81 8.68 1491.82898 1646.06104 22870.81537 7.4494 9659.0 19.243 19068.0 15.911 "" "" 0.0027779222707333398 0.0035304106 0.0038864533 0.007416864 97.94120234258 2.83006452538 1570.2511 3.797999999999996 1.209 5.442925951957703 1.416703709602356 0.121849224 0.118849225 "" "" 41.86143903347984 "" 5.09290767717536 ""
97.73509133594 2.69774518138 0.0231 0.025 16.9788 "" "" 3124081974717836544 1255.39648 0.7594 0.0319 -2.961 -4.535 0.028 0.024 1.047 5302.6 3.7278 14.794695 1.495979 15.483635 13.987656 49.58 4.77 1205.43652 1300.80115 22754.58268 7.2288 8749.1 16.434 20142.0 26.849 "" "" 0.0027768257042135986 0.003456043 0.004047014 0.007503057 97.73509133594 2.69774518138 1255.39648 -2.9610000000000016 -4.535 -1.3160740480422972 -4.327296290397644 0.11784923 0.11384922 "" "" 26.91448016564311 "" 3.0734537178198544 ""
98.20558975508 2.97601505027 0.0278 0.0239 30.3605 "" "" 3130086132835403392 1479.2998 0.6301 0.0301 -2.452 -0.59 0.036 0.027 1.106 "" "" 14.797509 "" "" "" "" "" 1415.07532 1546.38525 22695.6646 11.705 "" "" "" "" "" "" 0.00281164339175562 "" "" "" 98.20558975508 2.97601505027 1479.2998 -2.452 -0.59 -0.8070740480422973 -0.382296290397644 0.12584922 0.11684923 "" "" 6.26188448789784 "" 0.7780310611281496 ""
97.87721549395 2.59003217091 0.0218 0.0221 6.292 "" "" 3124065516403150336 1641.64636 0.5674 0.0276 1.943 -3.131 0.027 0.024 1.09 7441.7 4.003 14.7981 1.477699 15.464806 13.987106 17.58 7.67 1565.49915 1717.55957 22683.31453 8.073 8902.1 29.666 20152.0 29.979 "" "" 0.002782284153547812 0.0045690606 0.004110056 0.008679116 97.87721549395 2.59003217091 1641.64636 1.9429999999999994 -3.131 3.5879259519577027 -2.923296290397644 0.11684923 0.11384922 "" "" 36.01274833683629 "" 4.165292887941353 ""
97.8483905816 2.1219285118 0.027 0.0262 25.517 "" "" 3123965014169511936 1641.6825 0.5732 0.0277 0.215 -3.693 0.038 0.033 1.037 7139.0 4.0466 14.809923 1.376095 15.425164 14.049069 99.12 10.17 1580.76587 1710.4679 22437.65844 9.7132 9233.2 24.887 19034.0 23.597 "" "" 0.002795120894829627 0.0040434264 0.004011919 0.008055345 97.8483905816 2.1219285118 1641.6825 0.21499999999999994 -3.6929999999999965 1.8599259519577027 -3.485296290397644 0.12784922 0.122849226 "" "" 30.7412742763453 "" 3.8111466888923977 ""
97.92807284998 2.56229474869 0.0205 0.0212 2.8543 "" "" 3124064519970729600 1438.22327 0.6542 0.0257 -1.819 -0.271 0.025 0.023 1.01 9089.8 4.3521 14.814073 1.043877 15.248359 14.204482 "" "" 1384.8363 1491.24365 22352.0642 6.4494 10866.0 19.693 16495.0 12.755 "" "" 0.002773072435252976 0.0034142388 0.00387151 0.0072857486 97.92807284998 2.56229474869 1438.22327 -1.8189999999999997 -0.271 -0.1740740480422973 -0.06329629039764406 0.114849225 0.11284923 "" "" 1.262709899092602 "" 0.14472861411028728 ""
98.14511029318 2.30665581114 0.0218 0.0219 17.2985 "" "" 3123992501960195712 1307.50537 0.722 0.026 -0.002 -1.064 0.028 0.025 1.023 6754.4 4.1682 14.81575 1.289959 15.377456 14.087497 27.13 16.05 1260.32263 1350.77539 22317.56821 6.8441 9647.9 19.557 18372.0 22.8 "" "" 0.0027753653162119665 0.0035537109 0.004012389 0.0075661 98.14511029318 2.30665581114 1307.50537 -0.0019999999999999914 -1.0640000000000003 1.6429259519577026 -0.8562962903976441 0.11784923 0.114849225 "" "" 11.482167308511935 "" 1.3458801254286017 ""
97.95766919876 3.01920523013 0.0207 0.0201 29.2832 "" "" 3130093520182139648 1228.62341 0.7689 0.0249 -3.406 -1.632 0.025 0.022 1.013 6383.5 4.2657 14.820138 1.070139 15.263292 14.193153 9.67 9.01 1192.57239 1266.65027 22227.55142 6.2088 10718.0 14.607 16669.0 18.161 "" "" 0.002771960805407214 0.0031582494 0.0039601796 0.007118429 97.95766919876 3.01920523013 1228.62341 -3.406 -1.6319999999999997 -1.7610740480422975 -1.424296290397644 0.114849225 0.111849226 "" "" 13.19033675190299 "" 1.499376742811063 ""
98.27808629992 2.51523946075 0.0224 0.0216 18.8449 "" "" 3124002706801825920 1441.73865 0.65 0.0255 -2.695 -0.042 0.028 0.024 1.008 9553.1 4.0115 14.827353 1.381749 15.43463 14.052881 "" "" 1395.51379 1494.53418 22080.33678 8.0381 9153.0 17.953 18967.0 23.728 "" "" 0.002783525114672184 0.00351002 0.0040160464 0.007526066 98.27808629992 2.51523946075 1441.73865 -2.695 -0.041999999999999996 -1.0500740480422972 0.16570370960235595 0.11784923 0.11384922 "" "" 7.264836782933057 "" 0.855461087181087 ""
97.52889953317 2.26065961523 0.0222 0.0232 30.727 "" "" 3124023597522639872 1359.96252 0.6914 0.0263 -3.414 1.421 0.028 0.025 0.979 7061.5 4.1038 14.827399 1.276966 15.385223 14.108257 "" "" 1319.41357 1402.0741 22079.384 6.727 9579.2 15.916 18024.0 20.746 "" "" 0.0027751062424803646 0.003322552 0.0039806394 0.0073031913 97.52889953317 2.26065961523 1359.96252 -3.414000000000001 1.4209999999999998 -1.7690740480422975 1.628703709602356 0.11784923 0.114849225 "" "" 15.500851111391519 "" 1.8055786153612383 ""
98.41617156377 2.52746051753 0.0206 0.0203 27.0984 "" "" 3130006830562858880 1425.11768 0.6558 0.0245 -2.263 -0.603 0.026 0.022 0.952 9291.3 4.0107 14.82781 1.196545 15.340586 14.144041 "" "" 1379.12573 1477.75244 22071.02948 5.8496 9981.2 20.828 17440.0 21.776 "" "" 0.0027703058031969593 0.00359418 0.0040151696 0.0076093497 98.41617156377 2.52746051753 1425.11768 -2.263 -0.6029999999999993 -0.6180740480422973 -0.395296290397644 0.11584923 0.111849226 "" "" 4.955997148300915 "" 0.5684648242271498 ""
97.9887904521 2.95190001485 0.0224 0.0218 25.2857 "" "" 3130092214512104448 1463.01965 0.6476 0.0258 -1.387 -0.303 0.028 0.025 1.119 6522.1 4.065 14.833326 1.29356 15.398691 14.105131 28.15 9.13 1411.56201 1524.33545 21959.18691 7.367 9461.1 28.49 18076.0 22.125 "" "" 0.0027792925290074386 0.0042981827 0.004006221 0.008304404 97.9887904521 2.95190001485 1463.01965 -1.387 -0.30299999999999994 0.2579259519577026 -0.09529629039764403 0.11784923 0.114849225 "" "" 1.9068214115044242 "" 0.22403805327660894 ""
97.84276863217 2.70021581143 0.0376 0.0378 12.4795 "" "" 3124069708291192832 1664.47607 0.5655 0.0471 -1.545 0.261 0.047 0.042 1.822 8782.8 4.3104 14.835711 1.171767 15.290453 14.118686 "" "" 1524.86011 1884.28577 21911.02206 16.625 10453.0 18.503 17852.0 21.089 "" "" 0.0028758373779658973 0.0033880167 0.0039910907 0.007379107 97.84276863217 2.70021581143 1664.47607 -1.5450000000000004 0.26100000000000034 0.09992595195770271 0.46870370960235597 0.13684922 0.13184923 "" "" 3.7809983262522784 "" 0.49935852130950314 ""
98.3062416322 2.42275808728 0.0207 0.0208 21.5162 "" "" 3123997827719001216 1451.36157 0.6523 0.0254 -2.427 -0.693 0.026 0.022 1.027 9608.9 4.3065 14.838843 1.174184 15.335896 14.161712 "" "" 1408.56726 1499.25598 21847.88553 6.3264 10024.0 20.831 17158.0 29.999 "" "" 0.002773198830598503 0.0035882944 0.0042293337 0.007817628 98.3062416322 2.42275808728 1451.36157 -2.427 -0.6929999999999993 -0.7820740480422974 -0.485296290397644 0.11584923 0.111849226 "" "" 6.331909657032419 "" 0.7265942382671379 ""
