Clusters/UBC_620/UBC_620_stars_in_region.tsv
# %ECSV 1.0
# ---
# datatype:
# - name: RA_ICRS_1
#   unit: deg
#   datatype: float64
#   format: '{:15.11f}'
#   description: Right ascension (ICRS) at Ep=2016.0 (ra)
#   meta: !!omap
#   - {ucd: POS_EQ_RA_MAIN}
#   - {width: 15}
#   - {precision: '11'}
# - name: DE_ICRS_1
#   unit: deg
#   datatype: float64
#   format: '{:15.11f}'
#   description: Declination (ICRS) at Ep=2016.0 (dec)
#   meta: !!omap
#   - {ucd: POS_EQ_DEC_MAIN}
#   - {width: 15}
#   - {precision: '11'}
# - name: e_RA_ICRS
#   unit: mas
#   datatype: float64
#   format: '{:7.4f}'
#   description: Standard error of right ascension (ra_error)
#   meta: !!omap
#   - {ucd: ERROR}
#   - {width: 7}
#   - {precision: '4'}
# - name: e_DE_ICRS
#   unit: mas
#   datatype: float64
#   format: '{:7.4f}'
#   description: Standard error of declination (dec_error)
#   meta: !!omap
#   - {ucd: ERROR}
#   - {width: 7}
#   - {precision: '4'}
# - name: _r_1
#   unit: ''
#   datatype: float64
#   format: '{:7.4f}'
#   description: Distance from center (097.96410644000+02.53119418000)[ICRS], at Epoch=J2016.0
#   meta: !!omap
#   - {ucd: POS_ANG_DIST_GENERAL}
#   - {width: 7}
#   - {precision: '4'}
# - name: HIP
#   datatype: int32
#   description: '? HIP cross-id number, van Leeuwen, Cat. I/311 (hip_original_ext_source_id)'
#   meta: !!omap
#   - {ucd: ID_NUMBER}
#   - {width: 6}
#   - values: {'null': -2147483648}
# - name: TYC2
#   datatype: string
#   description: Tycho-2 cross-id name, Hog et al., Cat. I/259 (tyc2_original_ext_source_id)
#   meta: !!omap
#   - {ucd: ID_CROSSID}
#   - {_votable_string_dtype: char}
# - name: Source
#   datatype: int64
#   description: Source identifier, identical to the Gaia-EDR3 source_id (id)
#   meta: !!omap
#   - {ucd: ID_MAIN}
#   - {width: 19}
# - name: rgeo
#   unit: pc
#   datatype: float64
#   format: '{:15.8f}'
#   description: '? Median of the geometric distance posterior (r_med_geo)'
#   meta: !!omap
#   - {ucd: PHYS_DISTANCE_TRUE}
#   - {width: 15}
#   - {precision: '8'}
#   - values: {'null': .nan}
# - name: Plx
#   unit: mas
#   datatype: float64
#   format: '{:9.4f}'
#   description: '? Parallax (parallax)'
#   meta: !!omap
#   - {ucd: POS_PARLX_TRIG}
#   - {width: 9}
#   - {precision: '4'}
#   - values: {'null': .nan}
# - name: e_Plx
#   unit: mas
#   datatype: float32
#   format: '{:7.4f}'
#   description: '? Standard error of parallax (parallax_error)'
#   meta: !!omap
#   - {ucd: ERROR}
#   - {width: 7}
#   - {precision: '4'}
#   - values: {'null': .nan}
# - name: pmRA
#   unit: mas / yr
#   datatype: float64
#   format: '{:9.3f}'
#   description: '? Proper motion in right ascension direction, pmRA*cosDE (pmra)'
#   meta: !!omap
#   - {ucd: POS_EQ_PMRA}
#   - {width: 9}
#   - {precision: '3'}
#   - values: {'null': .nan}
# - name: pmDE
#   unit: mas / yr
#   datatype: float64
#   format: '{:9.3f}'
#   description: '? Proper motion in declination direction (pmdec)'
#   meta: !!omap
#   - {ucd: POS_EQ_PMDEC}
#   - {width: 9}
#   - {precision: '3'}
#   - values: {'null': .nan}
# - name: e_pmRA
#   unit: mas / yr
#   datatype: float32
#   format: '{:6.3f}'
#   description: '? Standard error of proper motion in right ascension direction (pmra_error)'
#   meta: !!omap
#   - {ucd: ERROR}
#   - {width: 6}
#   - {precision: '3'}
#   - values: {'null': .nan}
# - name: e_pmDE
[...]
#         value: !astropy.table.SerializedColumn {name: SkyCoord.dec}
#       distance: !astropy.table.SerializedColumn
#         __class__: astropy.coordinates.distances.Distance
#         unit: !astropy.units.Unit {unit: pc}
#         value: !astropy.table.SerializedColumn {name: SkyCoord.distance}
#       frame: icrs
#       obstime: !astropy.time.Time {format: jyear_str, in_subfmt: '*', jd1: 367701545.0, jd2: 0.0, out_subfmt: '*', precision: 3, scale: tt}
#       pm_dec: !astropy.table.SerializedColumn
#         __class__: astropy.units.quantity.Quantity
#         unit: !astropy.units.Unit {unit: mas / yr}
#         value: !astropy.table.SerializedColumn {name: SkyCoord.pm_dec}
#       pm_ra_cosdec: !astropy.table.SerializedColumn
#         __class__: astropy.units.quantity.Quantity
#         unit: !astropy.units.Unit {unit: mas / yr}
#         value: !astropy.table.SerializedColumn {name: SkyCoord.pm_ra_cosdec}
#       ra: !astropy.table.SerializedColumn
#         __class__: astropy.coordinates.angles.Longitude
#         unit: *id001
#         value: !astropy.table.SerializedColumn {name: SkyCoord.ra}
#         wrap_angle: !astropy.coordinates.Angle
#           unit: *id001
#           value: 360.0
#       representation_type: spherical
# schema: astropy-2.0
RA_ICRS_1 DE_ICRS_1 e_RA_ICRS e_DE_ICRS _r_1 HIP TYC2 Source rgeo Plx e_Plx pmRA pmDE e_pmRA e_pmDE RUWE Teff logg Gmag BP-RP BPmag RPmag RV e_RV b_rgeo B_rgeo FG e_FG FBP e_FBP FRP e_FRP RAVE5 RAVE6 e_Gmag e_BPmag e_RPmag e_BP-RP SkyCoord.ra SkyCoord.dec SkyCoord.distance SkyCoord.pm_ra_cosdec SkyCoord.pm_dec rmRA rmDE e_rmRA e_rmDE rRV e_rRV v_pec v_pec3d e_vpec e_vpec3d
[from data line 32]
97.64377538598 2.20757932877 0.0129 0.0133 27.3091 "" "" 3123981231965212288 1280.33777 0.7723 0.0155 -2.651 0.387 0.015 0.014 1.203 5128.8 2.7803 12.098017 1.72792 12.929575 11.201655 61.88 0.43 1256.57971 1305.91418 272734.57699 50.614 91957.0 64.986 262120.0 107.17 "" "" 0.0027626776612643964 0.0028937487 0.0038053626 0.0066991113 97.64377538598 2.20757932877 1280.33777 -2.651 0.38699999999999996 -1.0060740480422972 0.594703709602356 0.10484923 0.103849225 "" "" 7.092602057592795 "" 0.7418237994459149 ""
98.03603408598 2.98883949542 0.0123 0.0128 27.795 "" "" 3130092759969707904 1369.13208 0.699 0.0158 -1.622 -0.012 0.015 0.013 1.054 15000.4 4.0989 12.21094 0.739538 12.494212 11.754674 "" "" 1338.45435 1400.75977 245793.70645 48.163 137320.0 74.322 157500.0 105.14 "" "" 0.0027635215656502685 0.002851379 0.0038482524 0.0066996315 98.03603408598 2.98883949542 1369.13208 -1.622 -0.012000000000000002 0.02292595195770253 0.19570370960235595 0.10484923 0.10284923 "" "" 1.2787405798633389 "" 0.13155243795131122 ""
97.67445752072 2.83240757382 0.0634 0.0667 25.0598 "" "" 3124087227458522240 1576.17493 0.6181 0.0882 -2.342 -0.44 0.08 0.066 5.516 11881.9 3.7571 12.341808 0.591422 12.552986 11.961564 "" "" 1360.12512 1795.04907 217882.96425 60.04 130080.0 92.812 130180.0 65.007 "" "" 0.0027715161645095357 0.002895715 0.003818073 0.006713788 97.67445752072 2.83240757382 1576.17493 -2.3419999999999983 -0.44000000000000045 -0.6970740480422974 -0.23229629039764405 0.16984922 0.15584922 "" "" 5.489450598125299 "" 0.9249845896116073 ""
97.6171700073 2.77325211305 0.0431 0.0424 25.3637 "" "" 3124080565968574976 1444.6731 0.6976 0.0537 -2.735 0.83 0.052 0.045 4.076 5089.3 2.4993 12.383299 1.726361 13.207426 11.481065 33.83 0.87 1345.05688 1551.0636 209713.81406 53.563 71194.0 51.857 202640.0 79.653 "" "" 0.002769239795121061 0.002900082 0.003803402 0.006703484 97.6171700073 2.77325211305 1444.6731 -2.734999999999997 0.83 -1.0900740480422972 1.037703709602356 0.14184922 0.13484922 "" "" 10.306013320944645 "" 1.428057967405927 ""
98.30400187995 2.49323350102 0.0126 0.0118 20.501 "" "" 3124001671710159232 1534.07446 0.6295 0.0143 -2.332 -0.483 0.015 0.014 1.144 13746.5 3.7961 12.427176 0.968311 12.817799 11.849487 "" "" 1501.74829 1571.33569 201407.76842 51.597 101930.0 83.116 144330.0 119.66 "" "" 0.0027693238348309498 0.002927262 0.0038851004 0.0068123625 98.30400187995 2.49323350102 1534.07446 -2.332 -0.48299999999999954 -0.6870740480422972 -0.27529629039764403 0.10484923 0.103849225 "" "" 5.382190933264746 "" 0.5635770742266886 ""
98.04395595256 2.69633215666 0.0096 0.0095 11.0036 "" "" 3124067539328597632 1208.33057 0.8196 0.0111 -2.034 -10.149 0.011 0.01 0.999 5266.9 2.9189 12.43092 1.861961 13.348994 11.487033 -27.67 0.56 1194.03589 1225.12488 200714.56219 42.691 62491.0 62.043 201530.0 87.186 "" "" 0.0027649807266995315 0.0029911585 0.0038084586 0.006799617 98.04395595256 2.69633215666 1208.33057 -2.034 -10.149 -0.38907404804229717 -9.941296290397643 0.100849226 0.099849224 "" "" 56.98223454517928 "" 5.689719489345817 ""
98.30786307085 2.7714941966 0.0123 0.0121 25.1471 "" "" 3130026892351987712 1447.63525 0.6793 0.0151 -2.227 -0.368 0.014 0.013 1.13 12623.0 3.6744 12.435599 1.263393 12.980921 11.717527 "" "" 1411.42627 1485.10303 199851.32248 61.591 87710.0 105.31 162980.0 134.41 "" "" 0.002775563184461823 0.0030796793 0.0038840037 0.0069636833 98.30786307085 2.7714941966 1447.63525 -2.227 -0.36800000000000005 -0.5820740480422972 -0.16029629039764404 0.103849225 0.10284923 "" "" 4.1427554258844825 "" 0.4299312152046638 ""
97.63408585666 2.36962162636 0.0277 0.0269 22.0307 "" "" 3124031878219493504 1492.3988 0.663 0.0335 -2.22 -0.814 0.036 0.03 2.235 12693.9 3.7898 12.485281 0.682302 12.741799 12.059498 "" "" 1412.69775 1588.28076 190912.52145 45.25 109320.0 78.531 118950.0 43.258 "" "" 0.002767311627133725 0.0028971308 0.0037999512 0.006697082 97.63408585666 2.36962162636 1492.3988 -2.2199999999999975 -0.8140000000000002 -0.5750740480422976 -0.606296290397644 0.12584922 0.11984923 "" "" 5.911339715429902 "" 0.7254829393155533 ""
97.87964497238 2.13181577953 0.0143 0.0137 24.4918 "" "" 3123965765783582464 1264.86572 0.7637 0.0172 -1.269 -2.847 0.02 0.016 1.056 "" "" 12.515006 0.840214 12.843577 12.003364 27.96 14.01 1240.01001 1288.86145 185756.64709 35.701 99537.0 81.006 125260.0 48.089 "" "" 0.002763210566764575 0.002926739 0.0038022983 0.0067290375 97.87964497238 2.13181577953 1264.86572 -1.269 -2.8470000000000004 0.37592595195770273 -2.639296290397644 0.10984923 0.10584923 "" "" 15.983511303611106 "" 1.6931371405702176 ""
97.7592364678 2.50837014537 0.0142 0.0128 12.3564 "" "" 3124057476224451968 1344.68652 0.7341 0.0152 -5.018 2.726 0.017 0.015 1.217 5162.7 2.8665 12.520313 1.722888 13.347591 11.624703 27.78 0.6 1315.36804 1375.53296 184850.80286 39.888 62572.0 46.212 177530.0 52.553 "" "" 0.0027652629274077505 0.0029031069 0.0037930235 0.00669613 97.7592364678 2.50837014537 1344.68652 -5.018000000000005 2.726 -3.373074048042297 2.933703709602356 0.10684922 0.10484923 "" "" 28.49333448705785 "" 3.020080078073925 ""
97.59750032845 2.48908364174 0.0167 0.0156 22.12 "" "" 3124036860381510912 1380.35828 0.7197 0.0182 -3.476 1.882 0.02 0.017 1.279 5048.2 2.8512 12.589152 1.765969 13.445934 11.679965 11.35 0.73 1348.50232 1410.03296 173494.55438 43.199 57154.0 50.818 168720.0 45.702 "" "" 0.00276855083801271 0.0029524555 0.0037908074 0.006743263 97.59750032845 2.48908364174 1380.35828 -3.4760000000000035 1.882 -1.8310740480422973 2.0897037096023556 0.10984923 0.10684922 "" "" 18.1790089127419 "" 1.966285485278207 ""
98.04787910338 2.20928781264 0.0141 0.0138 19.9566 "" "" 3123990165497584128 1666.23779 0.5909 0.0162 -1.273 3.575 0.018 0.016 1.062 "" "" 12.68823 1.950244 13.665278 11.715034 34.48 1.04 1622.95618 1701.60999 158363.40117 31.84 46699.0 47.891 163360.0 78.988 "" "" 0.0027639540224328974 0.0030041337 0.0038156686 0.0068198023 98.04787910338 2.20928781264 1666.23779 -1.273 3.575 0.3719259519577027 3.782703709602356 0.107849225 0.10584923 "" "" 30.01973176975044 "" 3.1781456998406252 ""
98.25932009102 2.44699382167 0.0129 0.0121 18.4031 "" "" 3124001121954348800 1569.9447 0.6183 0.0146 -2.204 -0.53 0.015 0.013 1.158 16347.8 4.0936 12.703697 1.079035 13.151948 12.072913 "" "" 1532.03162 1604.62695 156123.39117 32.88 74927.0 70.996 117490.0 76.074 "" "" 0.00276479190964385 0.0029737893 0.0038442092 0.0068179984 98.25932009102 2.44699382167 1569.9447 -2.204 -0.53 -0.5590740480422975 -0.32229629039764407 0.10484923 0.10284923 "" "" 4.802177764543259 "" 0.5011261863075104 ""
97.81322649686 2.31148222045 0.0178 0.0178 15.9872 "" "" 3123983740226582656 1508.87036 0.6598 0.0188 -0.648 -0.492 0.022 0.02 1.4 4990.6 2.7194 12.705193 1.863292 13.625113 11.761821 37.32 0.56 1459.6759 1550.53772 155908.50201 31.42 48459.0 60.161 156470.0 110.4 "" "" 0.002763994535559602 0.0030987002 0.0038562382 0.006954938 97.81322649686 2.31148222045 1508.87036 -0.648 -0.492 0.9969259519577026 -0.28429629039764404 0.111849226 0.10984923 "" "" 7.414314621672075 "" 0.8281793638178762 ""
97.90149977176 2.88496879653 0.0126 0.0123 21.5556 "" "" 3130090187287620736 1257.78308 0.7769 0.0147 0.169 2.396 0.016 0.015 1.097 5291.0 3.0038 12.751929 1.577422 13.491156 11.913733 34.73 0.77 1233.22717 1278.4519 149339.67559 29.828 54822.0 48.33 136040.0 54.278 "" "" 0.002763840862989278 0.0029497815 0.0038041272 0.0067539085 97.90149977176 2.88496879653 1257.78308 0.16899999999999998 2.396 1.8139259519577027 2.603703709602356 0.10584923 0.10484923 "" "" 18.91865281646134 "" 1.9898077474715006 ""
98.18934018306 2.94998185128 0.0131 0.0122 28.5235 "" "" 3130085514363037056 1511.52051 0.6374 0.0151 -2.22 -0.422 0.016 0.013 1.032 11034.2 3.9956 12.860786 1.093981 13.316047 12.222066 "" "" 1481.51636 1543.89087 135092.79717 31.93 64417.0 60.445 102410.0 60.175 "" "" 0.002767244729486949 0.00297035 0.0038328487 0.0068031987 98.18934018306 2.94998185128 1511.52051 -2.22 -0.422 -0.5750740480422976 -0.21429629039764403 0.10584923 0.10284923 "" "" 4.39695079982068 "" 0.4638255723875583 ""
98.33115267689 2.78096718545 0.0156 0.015 26.6186 "" "" 3130032600366569472 1356.81287 0.7214 0.0186 1.941 -2.921 0.019 0.017 1.146 "" "" 12.912766 2.248523 14.095048 11.846525 33.8 0.9 1324.09314 1391.87769 128777.58244 45.866 31434.0 45.056 144730.0 113.9 "" "" 0.0027823239914289257 0.00319483 0.0038747673 0.007069597 98.33115267689 2.78096718545 1356.81287 1.9409999999999998 -2.920999999999997 3.5859259519577025 -2.713296290397644 0.10884923 0.10684922 "" "" 28.9199748311489 "" 3.1269824379199496 ""
97.92925596186 2.89790168972 0.0207 0.0199 22.1014 "" "" 3130090530884984064 1334.16943 0.7249 0.0239 1.717 -1.774 0.027 0.024 1.672 "" "" 12.91797 1.067426 13.355702 12.288277 "" "" 1294.33789 1379.04565 128161.8405 52.389 62106.0 51.203 96349.0 47.238 "" "" 0.002790835807728025 0.0029302398 0.0038166852 0.006746925 97.92925596186 2.89790168972 1334.16943 1.717 -1.7740000000000002 3.3619259519577027 -1.566296290397644 0.11684923 0.11384922 "" "" 23.45485377879818 "" 2.7282653485581054 ""
98.20536687552 2.97653971147 0.0198 0.0181 30.3818 "" "" 3130086132838310784 1620.40466 0.586 0.022 -2.724 -0.566 0.026 0.021 1.284 10917.7 3.7285 12.960802 0.951649 13.323508 12.37186 "" "" 1558.38611 1687.77039 123204.27158 35.766 63976.0 125.26 89210.0 530.16 "" "" 0.002773289117500612 0.003507708 0.007477734 0.0109854415 98.20536687552 2.97653971147 1620.40466 -2.7239999999999966 -0.566 -1.0790740480422976 -0.358296290397644 0.11584923 0.110849224 "" "" 8.733003598490809 "" 1.0074602963667132 ""
97.49867640676 2.30776293022 0.0246 0.0256 30.9544 "" "" 3124030572549521024 1678.32971 0.5728 0.0305 2.03 -1.283 0.03 0.026 1.82 "" "" 12.988508 1.609878 13.743633 12.133755 31.55 1.26 1585.14978 1756.92676 120100.09554 48.237 43447.0 27.553 111090.0 47.44 "" "" 0.0027896148201856873 0.0028738729 0.003807716 0.006681589 97.49867640676 2.30776293022 1678.32971 2.0300000000000025 -1.2830000000000001 3.6749259519577024 -1.075296290397644 0.11984923 0.11584923 "" "" 30.460883757158665 "" 3.6412523248826014 ""
97.91167392138 2.69248950748 0.0154 0.0148 10.1752 "" "" 3124070979601486208 1445.13989 0.6637 0.0177 -1.373 -3.352 0.019 0.018 1.219 5242.5 3.0638 12.990087 1.969653 13.980021 12.010367 50.57 0.85 1409.49744 1481.36475 119925.62649 34.321 34947.0 26.114 124450.0 79.364 "" "" 0.0027727851820459394 0.0029057313 0.0038422826 0.006748014 97.91167392138 2.69248950748 1445.13989 -1.3730000000000002 -3.3519999999999994 0.27192595195770264 -3.144296290397644 0.10884923 0.107849225 "" "" 21.61870799258958 "" 2.331722140015636 ""
97.8490066736 2.47217328535 0.0151 0.0155 7.7551 "" "" 3124010884419202816 1669.92297 0.5641 0.0183 -0.636 -1.734 0.019 0.018 1.165 "" "" 13.006539 1.043429 13.436348 12.392919 "" "" 1623.96521 1718.40576 118122.06418 30.799 57660.0 34.513 87497.0 32.454 "" "" 0.0027698251433958807 0.0028648544 0.0038007773 0.0066656317 97.8490066736 2.47217328535 1669.92297 -0.636 -1.7339999999999995 1.0089259519577025 -1.526296290397644 0.10884923 0.107849225 "" "" 14.48224358141332 "" 1.5663167773455402 ""
97.70376438455 2.67220856037 0.0136 0.0141 17.7506 "" "" 3124075961763642880 1274.40247 0.7502 0.0178 1.263 -3.674 0.017 0.014 1.049 "" "" 13.041353 1.092823 13.500731 12.407908 "" "" 1247.99158 1300.25049 114394.54013 37.65 54341.0 50.983 86297.0 44.996 "" "" 0.0027783957012055545 0.0029703001 0.0038215455 0.006791846 97.70376438455 2.67220856037 1274.40247 1.2629999999999981 -3.673999999999996 2.9079259519577025 -3.466296290397644 0.10684922 0.103849225 "" "" 27.3310965468666 "" 2.87246577602306 ""
98.2687947055 2.4351414822 0.013 0.012 19.1518 "" "" 3124001023174679168 1452.10925 0.6534 0.0147 -2.273 -0.649 0.016 0.014 1.235 12759.0 4.0346 13.047163 1.114942 13.512551 12.39761 "" "" 1423.61401 1480.62817 113784.12588 33.654 53752.0 69.365 87119.0 123.88 "" "" 0.0027739706439730122 0.0031222007 0.004082558 0.007204759 98.2687947055 2.4351414822 1452.10925 -2.273 -0.649 -0.6280740480422975 -0.44129629039764406 0.10584923 0.103849225 "" "" 5.28343248155358 "" 0.5557770288689979 ""
97.90328312329 3.01245954747 0.0114 0.0113 29.1051 "" "" 3130096406400191872 1179.06116 0.8089 0.0131 -5.543 -7.439 0.014 0.013 0.976 4829.7 3.1864 13.101474 1.476069 13.781303 12.305235 59.8 1.31 1162.62646 1198.0271 108232.40521 19.566 41966.0 31.179 94856.0 50.963 "" "" 0.002762302300159944 0.0029044352 0.003824134 0.006728569 97.90328312329 3.01245954747 1179.06116 -5.543000000000001 -7.439 -3.8980740480422975 -7.231296290397644 0.103849225 0.10284923 "" "" 45.9117172675952 "" 4.732360847394239 ""
97.94441121134 2.05373296254 0.0127 0.0123 28.672 "" "" 3123960650482488832 1459.57166 0.6447 0.0153 -2.173 -0.422 0.018 0.016 1.005 "" "" 13.121304 1.016372 13.537563 12.521192 "" "" 1433.5498 1487.97546 106273.55245 21.15 52528.0 53.486 77747.0 72.711 "" "" 0.0027637798167149245 0.00300121 0.0039134105 0.0069146203 97.94441121134 2.05373296254 1459.57166 -2.173 -0.422 -0.5280740480422974 -0.21429629039764403 0.107849225 0.10584923 "" "" 3.9427733522743518 "" 0.4241189788688505 ""
97.9894704401 2.97149686746 0.0112 0.0109 26.4619 "" "" 3130092386310785408 1741.29993 0.5291 0.013 0.332 -4.113 0.014 0.012 1.067 5311.9 2.7983 13.141397 1.859406 14.056786 12.197379 8.55 0.94 1711.84143 1779.74109 104324.88283 21.945 32561.0 29.731 104760.0 60.198 "" "" 0.0027647694598567814 0.002961058 0.0038305314 0.0067915893 97.9894704401 2.97149686746 1741.29993 0.332 -4.113 1.9769259519577027 -3.9052962903976445 0.103849225 0.10184923 "" "" 36.12807848194708 "" 3.6944706760074113 ""
98.07453836207 2.73755843169 0.0221 0.0209 14.04 "" "" 3130072595101572480 1329.25244 0.7231 0.0253 -5.644 3.455 0.028 0.023 1.946 7073.6 3.8111 13.204831 1.166019 13.696389 12.53037 60.96 2.86 1279.28967 1395.52527 98404.30864 44.108 45380.0 33.994 77092.0 57.651 "" "" 0.0027979688081159844 0.002906293 0.0038656134 0.0067719063 98.07453836207 2.73755843169 1329.25244 -5.644 3.4550000000000005 -3.9990740480422975 3.662703709602356 0.11784923 0.11284923 "" "" 34.167916058266485 "" 3.9496453385663823 ""
97.8565188864 2.18375915261 0.0135 0.0126 21.8211 "" "" 3123967002742810240 1227.00513 0.7742 0.0144 -0.032 -3.946 0.017 0.015 0.985 6674.5 3.7115 13.223887 1.201155 13.739518 12.538363 "" "" 1205.61584 1247.11902 96692.2326 19.948 43612.0 40.845 76527.0 48.788 "" "" 0.0027644098315536586 0.0029696857 0.003842245 0.006811931 97.8565188864 2.18375915261 1227.00513 -0.032000000000000035 -3.946000000000004 1.6129259519577026 -3.738296290397644 0.10684922 0.10484923 "" "" 23.67934519923058 "" 2.4902531686314364 ""
98.33318108846 2.41133919192 0.0119 0.0121 23.2633 "" "" 3123997930798211584 1461.80737 0.6463 0.0147 -1.466 0.799 0.014 0.013 1.092 11131.3 3.9882 13.226392 0.98768 13.627209 12.639529 "" "" 1429.77954 1494.06458 96469.50103 26.566 48365.0 45.243 69718.0 75.447 "" "" 0.002771495259615376 0.0029692752 0.0039578085 0.0069270837 98.33318108846 2.41133919192 1461.80737 -1.466 0.7989999999999992 0.17892595195770267 1.006703709602356 0.103849225 0.10284923 "" "" 7.084735209242805 "" 0.7288775333270028 ""
