Clusters/UBC_620/UBC_620_members.tsv
# %ECSV 1.0
# ---
# datatype:
# - name: RA_ICRS_1
#   unit: deg
#   datatype: float64
#   format: '{:15.11f}'
#   description: Right ascension (ICRS) at Ep=2016.0 (ra)
#   meta: !!omap
#   - {ucd: POS_EQ_RA_MAIN}
#   - {width: 15}
#   - {precision: '11'}
# - name: DE_ICRS_1
#   unit: deg
#   datatype: float64
#   format: '{:15.11f}'
#   description: Declination (ICRS) at Ep=2016.0 (dec)
#   meta: !!omap
#   - {ucd: POS_EQ_DEC_MAIN}
#   - {width: 15}
#   - {precision: '11'}
# - name: e_RA_ICRS
#   unit: mas
#   datatype: float64
#   format: '{:7.4f}'
#   description: Standard error of right ascension (ra_error)
#   meta: !!omap
#   - {ucd: ERROR}
#   - {width: 7}
#   - {precision: '4'}
# - name: e_DE_ICRS
#   unit: mas
#   datatype: float64
#   format: '{:7.4f}'
#   description: Standard error of declination (dec_error)
#   meta: !!omap
#   - {ucd: ERROR}
#   - {width: 7}
#   - {precision: '4'}
# - name: _r_1
#   unit: ''
#   datatype: float64
#   format: '{:7.4f}'
#   description: Distance from center (097.96410644000+02.53119418000)[ICRS], at Epoch=J2016.0
#   meta: !!omap
#   - {ucd: POS_ANG_DIST_GENERAL}
#   - {width: 7}
#   - {precision: '4'}
# - name: HIP
#   datatype: int32
#   description: '? HIP cross-id number, van Leeuwen, Cat. I/311 (hip_original_ext_source_id)'
#   meta: !!omap
#   - {ucd: ID_NUMBER}
#   - {width: 6}
#   - values: {'null': -2147483648}
# - name: TYC2
#   datatype: string
#   description: Tycho-2 cross-id name, Hog et al., Cat. I/259 (tyc2_original_ext_source_id)
#   meta: !!omap
#   - {ucd: ID_CROSSID}
#   - {_votable_string_dtype: char}
# - name: Source
#   datatype: int64
#   description: Source identifier, identical to the Gaia-EDR3 source_id (id)
#   meta: !!omap
#   - {ucd: ID_MAIN}
#   - {width: 19}
# - name: rgeo
#   unit: pc
#   datatype: float64
#   format: '{:15.8f}'
#   description: '? Median of the geometric distance posterior (r_med_geo)'
#   meta: !!omap
#   - {ucd: PHYS_DISTANCE_TRUE}
#   - {width: 15}
#   - {precision: '8'}
#   - values: {'null': .nan}
# - name: Plx
#   unit: mas
#   datatype: float64
#   format: '{:9.4f}'
#   description: '? Parallax (parallax)'
#   meta: !!omap
#   - {ucd: POS_PARLX_TRIG}
#   - {width: 9}
#   - {precision: '4'}
#   - values: {'null': .nan}
# - name: e_Plx
#   unit: mas
#   datatype: float32
#   format: '{:7.4f}'
#   description: '? Standard error of parallax (parallax_error)'
#   meta: !!omap
#   - {ucd: ERROR}
#   - {width: 7}
#   - {precision: '4'}
#   - values: {'null': .nan}
# - name: pmRA
#   unit: mas / yr
#   datatype: float64
#   format: '{:9.3f}'
#   description: '? Proper motion in right ascension direction, pmRA*cosDE (pmra)'
#   meta: !!omap
#   - {ucd: POS_EQ_PMRA}
#   - {width: 9}
#   - {precision: '3'}
#   - values: {'null': .nan}
# - name: pmDE
#   unit: mas / yr
#   datatype: float64
#   format: '{:9.3f}'
#   description: '? Proper motion in declination direction (pmdec)'
#   meta: !!omap
#   - {ucd: POS_EQ_PMDEC}
#   - {width: 9}
#   - {precision: '3'}
#   - values: {'null': .nan}
# - name: e_pmRA
#   unit: mas / yr
#   datatype: float32
#   format: '{:6.3f}'
#   description: '? Standard error of proper motion in right ascension direction (pmra_error)'
#   meta: !!omap
#   - {ucd: ERROR}
#   - {width: 6}
#   - {precision: '3'}
#   - values: {'null': .nan}
# - name: e_pmDE
[...]
#       distance: !astropy.table.SerializedColumn
#         __class__: astropy.coordinates.distances.Distance
#         unit: !astropy.units.Unit {unit: pc}
#         value: !astropy.table.SerializedColumn {name: SkyCoord.distance}
#       frame: icrs
#       obstime: !astropy.time.Time {format: jyear_str, in_subfmt: '*', jd1: 367701545.0, jd2: 0.0, out_subfmt: '*', precision: 3, scale: tt}
#       pm_dec: !astropy.table.SerializedColumn
#         __class__: astropy.units.quantity.Quantity
#         unit: !astropy.units.Unit {unit: mas / yr}
#         value: !astropy.table.SerializedColumn {name: SkyCoord.pm_dec}
#       pm_ra_cosdec: !astropy.table.SerializedColumn
#         __class__: astropy.units.quantity.Quantity
#         unit: !astropy.units.Unit {unit: mas / yr}
#         value: !astropy.table.SerializedColumn {name: SkyCoord.pm_ra_cosdec}
#       ra: !astropy.table.SerializedColumn
#         __class__: astropy.coordinates.angles.Longitude
#         unit: *id001
#         value: !astropy.table.SerializedColumn {name: SkyCoord.ra}
#         wrap_angle: !astropy.coordinates.Angle
#           unit: *id001
#           value: 360.0
#       representation_type: spherical
# schema: astropy-2.0
RA_ICRS_1 DE_ICRS_1 e_RA_ICRS e_DE_ICRS _r_1 HIP TYC2 Source rgeo Plx e_Plx pmRA pmDE e_pmRA e_pmDE RUWE Teff logg Gmag BP-RP BPmag RPmag RV e_RV b_rgeo B_rgeo FG e_FG FBP e_FBP FRP e_FRP RAVE5 RAVE6 e_Gmag e_BPmag e_RPmag e_BP-RP SkyCoord.ra SkyCoord.dec SkyCoord.distance SkyCoord.pm_ra_cosdec SkyCoord.pm_dec rmRA rmDE e_rmRA e_rmDE rRV e_rRV v_pec v_pec3d e_vpec e_vpec3d Pmemb
98.03176357094 2.29935256325 0.0272 0.0252 14.4897 "" 150-1395-1 3123992982996083456 1351.53894 0.7036 0.0311 -1.707 -0.412 0.034 0.031 1.777 13222.5 3.8613 11.206143 0.613912 11.432288 10.818377 "" "" 1292.94275 1398.36304 620139.25621 335.59 365180.0 398.31 373080.0 260.9 "" "" 0.0028172687481460676 0.0030310831 0.0038548955 0.0068859784 98.03176357094 2.29935256325 1351.53894 -1.707 -0.412 -0.062074048042297436 -0.20429629039764402 0.12384923 0.12084922 "" "" 1.3678625863859806 "" 0.16565588960883731 "" 0.98
97.80638240982 2.37053738227 0.0161 0.0166 13.5023 "" 150-1641-1 3124007688963601536 1400.81836 0.6711 0.0191 -1.66 -0.203 0.019 0.018 0.987 15295.8 4.0389 11.50539 0.599754 11.72457 11.124816 "" "" 1367.12561 1435.37024 470750.29023 117.56 278990.0 202.78 281340.0 105.34 "" "" 0.0027686289374077534 0.0028996223 0.0038011826 0.006700805 97.80638240982 2.37053738227 1400.81836 -1.66 -0.203 -0.015074048042297283 0.004703709602355943 0.10884923 0.107849225 "" "" 0.10484951551857313 "" 0.01140352446157113 "" 0.96
97.88610880152 2.58915660712 0.0122 0.0123 5.8268 "" "" 3124064756189797504 1367.4408 0.6966 0.0149 -1.657 -0.143 0.015 0.014 1.085 13227.4 3.8638 12.033475 0.699497 12.296515 11.597017 "" "" 1340.448 1395.30017 289438.74376 68.848 164740.0 146.81 182120.0 132.68 "" "" 0.002767397367681913 0.0029531736 0.0038612687 0.0068144426 97.88610880152 2.58915660712 1367.4408 -1.657 -0.14299999999999993 -0.012074048042297392 0.06470370960235597 0.10484923 0.103849225 "" "" 0.4266274318044613 "" 0.04431935076074142 "" 0.99
97.86252906078 2.64129274418 0.015 0.0143 8.9837 "" "" 3124065997439469056 1398.06567 0.6736 0.0177 -1.713 -0.139 0.018 0.016 1.201 "" "" 13.481117 0.943734 13.861501 12.917767 "" "" 1364.99268 1430.57471 76295.62908 16.148 38978.0 39.02 53957.0 27.96 "" "" 0.002764886225064974 0.002994397 0.0038210293 0.006815426 97.86252906078 2.64129274418 1398.06567 -1.713 -0.139 -0.06807404804229744 0.06870370960235594 0.107849225 0.10584923 "" "" 0.6409305855633113 "" 0.06848003588872949 "" 0.99
97.92342959854 2.47577989153 0.0171 0.0182 4.1231 "" "" 3124011090578151936 1381.12341 0.6839 0.0209 -1.634 -0.216 0.019 0.019 0.936 9791.9 4.2371 14.308311 1.123616 14.779592 13.655975 "" "" 1346.60205 1418.97644 35614.11182 8.7963 16733.0 22.262 27338.0 22.076 "" "" 0.0027683391970080504 0.0031419103 0.0038797455 0.007021656 97.92342959854 2.47577989153 1381.12341 -1.634 -0.216 0.01092595195770274 -0.00829629039764404 0.10884923 0.10884923 "" "" 0.08981032043273365 "" 0.009775783994203363 "" 0.99
97.96727119778 2.4937707121 0.0164 0.0167 2.2534 "" "" 3124016347618089344 1420.57678 0.6654 0.0199 -1.668 -0.146 0.019 0.018 1.035 9500.6 4.0523 14.378984 1.025342 14.800507 13.775165 "" "" 1373.48181 1463.49927 33369.78219 7.7596 16414.0 18.562 24496.0 23.193 "" "" 0.002766862960973034 0.0030483748 0.003916692 0.006965067 97.96727119778 2.4937707121 1420.57678 -1.668 -0.146 -0.02307404804229729 0.061703709602355966 0.10884923 0.107849225 "" "" 0.44358401055936403 "" 0.04789483305127785 "" 0.99
97.94161559497 2.44224847968 0.0177 0.0179 5.5044 "" "" 3124010025426273152 1491.57312 0.6262 0.0207 -1.639 -0.127 0.021 0.021 1.069 8262.1 4.1844 14.416253 1.202457 14.933813 13.731357 "" "" 1449.64563 1526.97241 32243.74156 7.7378 14517.0 17.994 25504.0 20.63 "" "" 0.0027676122147311253 0.0030977703 0.0038800824 0.0069778524 97.94161559497 2.44224847968 1491.57312 -1.6390000000000005 -0.12699999999999984 0.005925951957702624 0.08070370960235596 0.110849224 0.110849224 "" "" 0.5721159360427606 "" 0.06341860756609294 "" 0.95
97.83912943181 2.67615503414 0.0191 0.02 11.4788 "" "" 3124069605211991808 1390.25293 0.682 0.0245 -1.692 -0.17 0.024 0.022 1.01 9162.6 4.2997 14.576874 0.941272 14.958998 14.017726 "" "" 1347.34729 1441.19226 27809.77044 7.7038 14185.0 19.485 19592.0 18.558 "" "" 0.0027716873746617405 0.0031637533 0.0039168103 0.0070805633 97.83912943181 2.67615503414 1390.25293 -1.6920000000000002 -0.17 -0.04707404804229731 0.037703709602355945 0.11384922 0.111849226 "" "" 0.3974438616533686 "" 0.04493970225808632 "" 0.99
97.88981307299 2.60853834194 0.0192 0.0187 6.4316 "" "" 3124065619482351104 1473.08594 0.6355 0.0227 -1.68 -0.171 0.023 0.021 1.044 9091.9 4.1261 14.579641 0.971317 14.973906 14.002588 "" "" 1432.48779 1514.55627 27738.96873 8.1235 13991.0 17.727 19867.0 26.137 "" "" 0.0027736059832024797 0.0031108658 0.0040403013 0.007151167 97.88981307299 2.60853834194 1473.08594 -1.68 -0.17099999999999993 -0.0350740480422973 0.036703709602355944 0.11284923 0.110849224 "" "" 0.35448121207751687 "" 0.0396339430007567 "" 0.98
97.98458463317 2.39780334727 0.0238 0.0232 8.097 "" "" 3124006348934271616 1485.12244 0.6376 0.0286 -1.646 -0.145 0.029 0.027 1.138 9124.2 4.2717 14.842316 1.276423 15.393875 14.117452 "" "" 1433.13696 1547.60364 21778.1297 6.8171 9503.1 15.051 17872.0 28.675 "" "" 0.0027762017227284143 0.003277504 0.0041615358 0.0074390396 97.98458463317 2.39780334727 1485.12244 -1.6460000000000008 -0.145 -0.001074048042297271 0.06270370960235597 0.118849225 0.11684923 "" "" 0.4414662815766352 "" 0.051585255708984465 "" 0.97
97.98244592886 2.43009014363 0.0222 0.0217 6.165 "" "" 3124006967409544320 1446.48694 0.6506 0.0262 -1.715 -0.259 0.027 0.024 1.022 9328.3 4.253 14.989371 1.143289 15.4736 14.330312 "" "" 1400.44116 1503.12134 19019.45775 6.7417 8830.3 17.549 14690.0 19.189 "" "" 0.0027820678860493516 0.0035271712 0.0040367288 0.0075639 97.98244592886 2.43009014363 1446.48694 -1.7149999999999992 -0.25899999999999995 -0.07007404804229744 -0.05129629039764405 0.11684923 0.11384922 "" "" 0.5954248495371663 "" 0.0689569540494344 "" 0.99
98.05807453941 2.5375885699 0.0226 0.0214 5.6456 "" "" 3124016759934888576 1448.21777 0.6546 0.0254 -1.753 -0.336 0.028 0.024 1.042 9402.2 4.3814 15.044683 1.188636 15.551934 14.363298 "" "" 1384.23792 1493.78723 18074.81502 5.8265 8215.7 20.841 14251.0 23.245 "" "" 0.0027774599627838435 0.0039205565 0.00417373 0.008094287 98.05807453941 2.5375885699 1448.21777 -1.7529999999999988 -0.336 -0.10807404804229725 -0.12829629039764406 0.11784923 0.11384922 "" "" 1.1515260889899872 "" 0.133031564067042 "" 0.86
98.0692268315 2.60066041706 0.0221 0.0223 7.5547 "" "" 3124019439994449792 1395.09021 0.6818 0.0256 -1.595 -0.235 0.026 0.024 0.992 8205.1 4.3071 15.079529 1.221358 15.603232 14.381874 "" "" 1340.19043 1444.14612 17503.91478 5.6457 7836.5 19.386 14009.0 15.167 "" "" 0.0027774852354486264 0.0038728702 0.0039579654 0.007830836 98.0692268315 2.60066041706 1395.09021 -1.595 -0.23499999999999988 0.04992595195770266 -0.02729629039764403 0.11584923 0.11384922 "" "" 0.37626874122103293 "" 0.04341841674740073 "" 0.99
98.15815857518 2.4129157282 0.0235 0.0223 13.6262 "" "" 3124000335979965568 1409.64478 0.668 0.0265 -1.511 -0.301 0.029 0.025 1.059 9218.4 4.3537 15.107368 1.252806 15.64786 14.395054 "" "" 1364.53918 1460.41711 17060.81965 5.9652 7521.0 17.97 13840.0 14.596 "" "" 0.0027813487661233153 0.003809818 0.0039490317 0.0077588498 98.15815857518 2.4129157282 1409.64478 -1.511 -0.301 0.13392595195770274 -0.09329629039764403 0.118849225 0.114849225 "" "" 1.0905813356084557 "" 0.12820577210806058 "" 0.98
97.86352135107 2.44612399511 0.0259 0.0262 7.8998 "" "" 3124010575181564800 1435.32312 0.6571 0.0302 -1.619 -0.146 0.03 0.028 0.985 8258.0 4.311 15.141035 1.10555 15.604646 14.499096 "" "" 1369.92749 1492.09448 16539.88662 6.0677 7826.3 18.578 12575.0 19.476 "" "" 0.00278396055193484 0.0037983651 0.004136595 0.00793496 97.86352135107 2.44612399511 1435.32312 -1.619 -0.14600000000000005 0.025925951957702642 0.061703709602355966 0.11984923 0.11784923 "" "" 0.45534746861645065 "" 0.053799982622602674 "" 0.99
97.99592815875 2.74386142324 0.0328 0.0317 12.9018 "" "" 3124068711858684672 1526.21167 0.6172 0.036 -1.664 -0.238 0.04 0.035 1.313 9604.6 4.2335 15.269755 1.335734 15.854157 14.518423 "" "" 1453.89954 1608.49048 14690.77141 6.9694 6219.5 13.314 12353.0 13.265 "" "" 0.002803051424419377 0.0036313978 0.0039551277 0.0075865258 97.99592815875 2.74386142324 1526.21167 -1.664 -0.238 -0.019074048042297287 -0.030296290397644032 0.12984923 0.12484923 "" "" 0.25899040888858194 "" 0.03270754975461339 "" 0.96
97.87677119661 2.45142565166 0.0267 0.0274 7.0932 "" "" 3124010540821818368 1478.3822 0.6441 0.0315 -1.693 -0.141 0.035 0.034 0.957 7681.4 4.405 15.281126 1.257519 15.829275 14.571756 "" "" 1423.06396 1555.54126 14537.72221 7.8463 6363.7 21.914 11761.0 27.289 "" "" 0.002816944772135339 0.004665183 0.0045420527 0.009207236 97.87677119661 2.45142565166 1478.3822 -1.6929999999999992 -0.14100000000000007 -0.048074048042297424 0.06670370960235597 0.12484923 0.12384923 "" "" 0.5761750418955885 "" 0.07155632509382387 "" 0.97
97.8358682232 2.53962790231 0.032 0.0362 7.7034 "" "" 3124058678815250944 1482.5835 0.6337 0.0443 -1.664 -0.149 0.038 0.036 0.921 7588.2 4.4497 15.752331 1.3132 16.319891 15.006691 "" "" 1394.87439 1573.78821 9419.21247 4.1327 4050.1 23.34 7879.2 11.378 "" "" 0.0027961968707056867 0.0068508303 0.0040916894 0.01094252 97.8358682232 2.53962790231 1482.5835 -1.664 -0.149 -0.019074048042297287 0.058703709602355963 0.12784922 0.12584922 "" "" 0.433767338353706 "" 0.05467271727725232 "" 0.98
97.94908400175 2.44094196766 0.0326 0.0325 5.4895 "" "" 3124010025426269568 1400.57458 0.6726 0.0388 -1.59 -0.15 0.039 0.035 0.998 6480.3 4.3841 15.845922 1.353614 16.451468 15.097854 "" "" 1330.48706 1480.18555 8641.2706 3.4354 3587.8 18.432 7244.6 15.862 "" "" 0.002788925329050585 0.006236802 0.0044648475 0.010701649 97.94908400175 2.44094196766 1400.57458 -1.5900000000000007 -0.15 0.05492595195770256 0.05770370960235596 0.12884922 0.12484923 "" "" 0.5288766614811361 "" 0.06704377741593555 "" 0.97
97.95555888038 2.59296962063 0.0417 0.0446 3.7418 "" "" 3124064966647300864 1401.18359 0.6738 0.0532 -1.805 -0.298 0.05 0.046 1.221 5533.1 4.3473 16.019197 1.531183 16.715393 15.18421 "" "" 1294.55347 1497.92334 7366.60705 5.6066 2813.6 9.1844 6690.7 17.557 "" "" 0.002876563841616979 0.0045106634 0.0047329613 0.009243624 97.95555888038 2.59296962063 1401.18359 -1.805 -0.298 -0.1600740480422973 -0.09029629039764403 0.13984923 0.13584922 "" "" 1.2206318515220609 "" 0.16953871025892214 "" 0.94
97.91303679917 2.50071882735 0.0391 0.0418 3.5658 "" "" 3124011262376290816 1454.12061 0.6538 0.0484 -1.738 -0.249 0.045 0.044 1.011 6341.4 4.4091 16.221983 1.713553 17.047659 15.334105 "" "" 1355.91797 1545.30823 6111.58135 8.8754 2071.8 18.994 5828.0 33.428 "" "" 0.0031745679303532386 0.010337553 0.0072846236 0.017622177 97.91303679917 2.50071882735 1454.12061 -1.7379999999999995 -0.24900000000000005 -0.09307404804229735 -0.04129629039764404 0.13484922 0.13384923 "" "" 0.7018263330055017 "" 0.09452565516783405 "" 0.97
97.95463332042 2.72600107498 0.0402 0.0392 11.7022 "" "" 3124071529357261056 1474.86499 0.6559 0.0461 -1.701 -0.232 0.05 0.045 1.0 5930.0 4.4331 16.23813 1.526913 16.941635 15.414722 "" "" 1396.38147 1573.60278 6021.35448 3.5592 2284.4 11.751 5410.9 16.167 "" "" 0.0028290747626413273 0.0062432224 0.0049807057 0.011223928 97.95463332042 2.72600107498 1474.86499 -1.701 -0.23200000000000012 -0.05607404804229743 -0.024296290397644055 0.13984923 0.13484922 "" "" 0.4272215527976983 "" 0.05941407206351432 "" 0.97
98.05985319505 2.42534153597 0.0452 0.0462 8.5603 "" "" 3124011949571572096 1703.40942 0.5721 0.0558 -1.737 -0.237 0.056 0.047 0.963 5447.4 4.4864 16.448164 1.487417 17.124546 15.637129 "" "" 1548.74426 1944.22815 4962.27679 6.0163 1930.2 14.527 4408.7 22.851 "" "" 0.003053617217156367 0.008634656 0.006778863 0.015413519 98.05985319505 2.42534153597 1703.40942 -1.7369999999999997 -0.23700000000000002 -0.09207404804229746 -0.02929629039764403 0.14584923 0.13684922 "" "" 0.7801453972780974 "" 0.11315630388083449 "" 0.83
98.16901049325 2.55489709295 0.0472 0.0474 12.3642 "" "" 3124015518686222208 1246.42407 0.767 0.0559 -1.455 -0.215 0.059 0.05 0.988 7641.1 4.4514 16.540386 1.773372 17.403366 15.629994 "" "" 1171.09656 1327.88281 4558.18619 2.8782 1493.0 9.8274 4437.7 13.208 "" "" 0.0028393306777542713 0.007672014 0.004972553 0.012644567 98.16901049325 2.55489709295 1246.42407 -1.4549999999999996 -0.21500000000000002 0.18992595195770257 -0.00729629039764404 0.14884922 0.13984923 "" "" 1.122919739767751 "" 0.16713128285789502 "" 0.88
98.01986701218 2.70358176351 0.0534 0.0543 10.8698 "" "" 3124067509267850880 1294.52991 0.7498 0.0628 -1.49 -0.206 0.065 0.056 1.046 "" "" 16.60439 1.895184 17.529873 15.634689 "" "" 1201.88977 1423.43237 4297.25432 5.5415 1328.8 8.8952 4418.6 16.194 "" "" 0.003090644450761147 0.007785255 0.0054879515 0.013273207 98.01986701218 2.70358176351 1294.52991 -1.49 -0.20600000000000002 0.15492595195770265 0.0017037096023559684 0.15484923 0.14584923 "" "" 0.9506942404459167 "" 0.14721326773983412 "" 0.83
98.00933413557 2.67908991016 0.0524 0.0546 9.2786 "" "" 3124067470611003904 1253.49561 0.7799 0.0637 -1.425 -0.215 0.062 0.054 0.999 4954.5 4.6041 16.786499 1.575783 17.532093 15.95631 "" "" 1156.68359 1372.49963 3633.68218 2.6718 1326.1 10.221 3285.7 16.047 "" "" 0.0028686437270383607 0.008821272 0.0065116417 0.015332914 98.00933413557 2.67908991016 1253.49561 -1.425 -0.215 0.2199259519577026 -0.00729629039764404 0.15184923 0.14384922 "" "" 1.3074241786973726 "" 0.1985201515692869 "" 0.92
98.18206115166 2.52222695419 0.0602 0.0621 13.0756 "" "" 3124014251673945728 1250.55176 0.7819 0.0734 -1.562 -0.129 0.074 0.063 0.973 5888.5 4.6009 16.995094 1.876444 17.911276 16.034832 "" "" 1161.28162 1349.71631 2998.53462 2.5614 935.2 17.642 3056.5 8.6558 "" "" 0.002907225697365329 0.02067095 0.004872135 0.025543086 98.18206115166 2.52222695419 1250.55176 -1.5620000000000003 -0.12899999999999998 0.08292595195770258 0.07870370960235595 0.16384923 0.15284923 "" "" 0.6776948911128524 "" 0.10757148802307463 "" 0.94
