Clusters/UBC_620/UBC_620_stars_in_region.tsv
# %ECSV 1.0
# ---
# datatype:
# - name: RA_ICRS_1
#   unit: deg
#   datatype: float64
#   format: '{:15.11f}'
#   description: Right ascension (ICRS) at Ep=2016.0 (ra)
#   meta: !!omap
#   - {ucd: POS_EQ_RA_MAIN}
#   - {width: 15}
#   - {precision: '11'}
# - name: DE_ICRS_1
#   unit: deg
#   datatype: float64
#   format: '{:15.11f}'
#   description: Declination (ICRS) at Ep=2016.0 (dec)
#   meta: !!omap
#   - {ucd: POS_EQ_DEC_MAIN}
#   - {width: 15}
#   - {precision: '11'}
# - name: e_RA_ICRS
#   unit: mas
#   datatype: float64
#   format: '{:7.4f}'
#   description: Standard error of right ascension (ra_error)
#   meta: !!omap
#   - {ucd: ERROR}
#   - {width: 7}
#   - {precision: '4'}
# - name: e_DE_ICRS
#   unit: mas
#   datatype: float64
#   format: '{:7.4f}'
#   description: Standard error of declination (dec_error)
#   meta: !!omap
#   - {ucd: ERROR}
#   - {width: 7}
#   - {precision: '4'}
# - name: _r_1
#   unit: ''
#   datatype: float64
#   format: '{:7.4f}'
#   description: Distance from center (097.96410644000+02.53119418000)[ICRS], at Epoch=J2016.0
#   meta: !!omap
#   - {ucd: POS_ANG_DIST_GENERAL}
#   - {width: 7}
#   - {precision: '4'}
# - name: HIP
#   datatype: int32
#   description: '? HIP cross-id number, van Leeuwen, Cat. I/311 (hip_original_ext_source_id)'
#   meta: !!omap
#   - {ucd: ID_NUMBER}
#   - {width: 6}
#   - values: {'null': -2147483648}
# - name: TYC2
#   datatype: string
#   description: Tycho-2 cross-id name, Hog et al., Cat. I/259 (tyc2_original_ext_source_id)
#   meta: !!omap
#   - {ucd: ID_CROSSID}
#   - {_votable_string_dtype: char}
# - name: Source
#   datatype: int64
#   description: Source identifier, identical to the Gaia-EDR3 source_id (id)
#   meta: !!omap
#   - {ucd: ID_MAIN}
#   - {width: 19}
# - name: rgeo
#   unit: pc
#   datatype: float64
#   format: '{:15.8f}'
#   description: '? Median of the geometric distance posterior (r_med_geo)'
#   meta: !!omap
#   - {ucd: PHYS_DISTANCE_TRUE}
#   - {width: 15}
#   - {precision: '8'}
#   - values: {'null': .nan}
# - name: Plx
#   unit: mas
#   datatype: float64
#   format: '{:9.4f}'
#   description: '? Parallax (parallax)'
#   meta: !!omap
#   - {ucd: POS_PARLX_TRIG}
#   - {width: 9}
#   - {precision: '4'}
#   - values: {'null': .nan}
# - name: e_Plx
#   unit: mas
#   datatype: float32
#   format: '{:7.4f}'
#   description: '? Standard error of parallax (parallax_error)'
#   meta: !!omap
#   - {ucd: ERROR}
#   - {width: 7}
#   - {precision: '4'}
#   - values: {'null': .nan}
# - name: pmRA
#   unit: mas / yr
#   datatype: float64
#   format: '{:9.3f}'
#   description: '? Proper motion in right ascension direction, pmRA*cosDE (pmra)'
#   meta: !!omap
#   - {ucd: POS_EQ_PMRA}
#   - {width: 9}
#   - {precision: '3'}
#   - values: {'null': .nan}
# - name: pmDE
#   unit: mas / yr
#   datatype: float64
#   format: '{:9.3f}'
#   description: '? Proper motion in declination direction (pmdec)'
#   meta: !!omap
#   - {ucd: POS_EQ_PMDEC}
#   - {width: 9}
#   - {precision: '3'}
#   - values: {'null': .nan}
# - name: e_pmRA
#   unit: mas / yr
#   datatype: float32
#   format: '{:6.3f}'
#   description: '? Standard error of proper motion in right ascension direction (pmra_error)'
#   meta: !!omap
#   - {ucd: ERROR}
#   - {width: 6}
#   - {precision: '3'}
#   - values: {'null': .nan}
# - name: e_pmDE
[...]
#         value: !astropy.table.SerializedColumn {name: SkyCoord.dec}
#       distance: !astropy.table.SerializedColumn
#         __class__: astropy.coordinates.distances.Distance
#         unit: !astropy.units.Unit {unit: pc}
#         value: !astropy.table.SerializedColumn {name: SkyCoord.distance}
#       frame: icrs
#       obstime: !astropy.time.Time {format: jyear_str, in_subfmt: '*', jd1: 367701545.0, jd2: 0.0, out_subfmt: '*', precision: 3, scale: tt}
#       pm_dec: !astropy.table.SerializedColumn
#         __class__: astropy.units.quantity.Quantity
#         unit: !astropy.units.Unit {unit: mas / yr}
#         value: !astropy.table.SerializedColumn {name: SkyCoord.pm_dec}
#       pm_ra_cosdec: !astropy.table.SerializedColumn
#         __class__: astropy.units.quantity.Quantity
#         unit: !astropy.units.Unit {unit: mas / yr}
#         value: !astropy.table.SerializedColumn {name: SkyCoord.pm_ra_cosdec}
#       ra: !astropy.table.SerializedColumn
#         __class__: astropy.coordinates.angles.Longitude
#         unit: *id001
#         value: !astropy.table.SerializedColumn {name: SkyCoord.ra}
#         wrap_angle: !astropy.coordinates.Angle
#           unit: *id001
#           value: 360.0
#       representation_type: spherical
# schema: astropy-2.0
RA_ICRS_1 DE_ICRS_1 e_RA_ICRS e_DE_ICRS _r_1 HIP TYC2 Source rgeo Plx e_Plx pmRA pmDE e_pmRA e_pmDE RUWE Teff logg Gmag BP-RP BPmag RPmag RV e_RV b_rgeo B_rgeo FG e_FG FBP e_FBP FRP e_FRP RAVE5 RAVE6 e_Gmag e_BPmag e_RPmag e_BP-RP SkyCoord.ra SkyCoord.dec SkyCoord.distance SkyCoord.pm_ra_cosdec SkyCoord.pm_dec rmRA rmDE e_rmRA e_rmDE rRV e_rRV v_pec v_pec3d e_vpec e_vpec3d
[from data line 672]
97.58807990031 2.77045850436 0.0432 0.042 26.7213 "" "" 3124080703407269504 1563.79785 0.6113 0.052 2.949 -0.355 0.05 0.043 0.956 5500.0 4.4912 16.27339 1.528421 16.981983 15.453562 "" "" 1466.98022 1725.29797 5828.95254 3.6674 2201.0 12.31 5220.8 20.672 "" "" 0.0028387376956815866 0.006682771 0.0057241004 0.012406871 97.58807990031 2.77045850436 1563.79785 2.949 -0.355 4.5939259519577025 -0.14729629039764403 0.13984923 0.13284923 "" "" 34.069524188943134 "" 4.764357944892406 ""
97.47905315198 2.47717250378 0.0524 0.0536 29.2555 "" "" 3124049019430868096 1352.21997 0.7233 0.0641 -0.438 3.885 0.065 0.057 1.096 5325.2 4.6174 16.273977 1.419664 16.910358 15.490694 "" "" 1228.83313 1504.25464 5825.80051 4.0908 2351.1 11.038 5045.2 22.25 "" "" 0.002858850676382247 0.0058110175 0.0061000795 0.011911097 97.47905315198 2.47717250378 1352.21997 -0.43799999999999956 3.885 1.2069259519577027 4.092703709602356 0.15484923 0.14684923 "" "" 27.349136442584328 "" 4.034141239919056 ""
97.81678539331 2.16651289138 0.0466 0.0461 23.5961 "" "" 3123977143156904832 1435.76489 0.6742 0.0525 -4.857 1.734 0.06 0.055 0.987 5717.7 4.579 16.274582 1.379452 16.90132 15.521868 "" "" 1324.14172 1540.80798 5822.55811 3.7044 2370.8 21.039 4902.4 13.204 "" "" 0.0028405882134467193 0.010030924 0.0047786217 0.014809546 97.81678539331 2.16651289138 1435.76489 -4.856999999999999 1.7339999999999998 -3.2120740480422976 1.941703709602356 0.14984922 0.14484923 "" "" 25.543516496239494 "" 3.7939169446873593 ""
97.54705164558 2.82228254184 0.0431 0.0424 30.4932 "" "" 3124081905998109696 1441.08606 0.6734 0.0517 -0.799 -2.504 0.052 0.044 1.04 6002.7 4.5616 16.27617 1.371311 16.852201 15.48089 "" "" 1314.5575 1545.93323 5814.0419 4.2744 2480.5 13.098 5091.0 25.152 "" "" 0.002868613057254238 0.006376015 0.0065617743 0.01293779 97.54705164558 2.82228254184 1441.08606 -0.799 -2.504 0.8459259519577026 -2.296296290397644 0.14184922 0.13384923 "" "" 16.715898623561955 "" 2.2538070775972314 ""
97.95746276468 2.10158302611 0.0483 0.0511 25.7797 "" "" 3123962540268065408 1477.99048 0.6602 0.0596 -0.332 -4.527 0.059 0.058 0.923 4811.7 4.2742 16.277784 1.812889 17.165882 15.352993 "" "" 1370.16187 1615.60815 5805.41208 3.8239 1858.1 16.11 5727.4 14.676 "" "" 0.0028466173543199844 0.009818294 0.0046929596 0.014511254 97.95746276468 2.10158302611 1477.99048 -0.332 -4.527 1.3129259519577026 -4.319296290397644 0.14884922 0.14784923 "" "" 31.62664184264938 "" 4.6786579696565385 ""
98.21957125479 2.9067703089 0.0446 0.0431 27.2437 "" "" 3130082112748947328 1752.90198 0.5239 0.0514 -1.751 0.264 0.056 0.046 0.914 7135.5 4.3315 16.280336 1.885971 17.206808 15.320837 "" "" 1606.76221 1920.87085 5791.77785 3.9921 1789.3 12.927 5899.6 12.037 "" "" 0.0028551428104208964 0.008325488 0.004380753 0.012706241 98.21957125479 2.9067703089 1752.90198 -1.751 0.264 -0.10607404804229725 0.47170370960235597 0.14584923 0.13584922 "" "" 4.017144403288507 "" 0.5477270716890732 ""
97.6566566554 2.30424682528 0.043 0.0445 22.9151 "" "" 3123982984311816960 1662.13074 0.5731 0.0502 -0.4 2.445 0.054 0.05 0.957 5352.3 4.4712 16.281776 1.367533 16.897247 15.529715 "" "" 1503.32776 1812.82043 5784.10774 3.2968 2379.7 18.873 4867.1 15.883 "" "" 0.002823961070922626 0.009051561 0.0051804893 0.014232051 97.6566566554 2.30424682528 1662.13074 -0.39999999999999997 2.4450000000000003 1.2449259519577027 2.652703709602356 0.14384922 0.13984923 "" "" 23.086393916467735 "" 3.245476521967136 ""
98.31702042691 2.17090565342 0.0429 0.0416 30.2477 "" "" 3120984306865141376 1369.12463 0.7132 0.0497 -5.368 2.656 0.052 0.045 0.979 5622.7 4.5555 16.282879 1.471943 16.957834 15.485891 "" "" 1285.96741 1461.93787 5778.23713 3.7504 2250.5 12.03 5067.6 14.148 "" "" 0.0028440106572817474 0.006439636 0.0048447913 0.011284428 98.31702042691 2.17090565342 1369.12463 -5.368 2.6559999999999993 -3.7230740480422977 2.863703709602356 0.14184922 0.13484922 "" "" 30.48207628798238 "" 4.2457966514433885 ""
98.19892987038 2.5012271522 0.0446 0.0418 14.1902 "" "" 3124013976793109760 1677.39441 0.5581 0.0512 -2.535 -2.776 0.06 0.047 1.002 7523.4 4.4001 16.287489 1.9037 17.222376 15.318676 "" "" 1546.96606 1820.61084 5753.74877 3.7718 1763.9 11.796 5911.4 14.055 "" "" 0.002845762607374484 0.0077784583 0.00457686 0.012355318 98.19892987038 2.5012271522 1677.39441 -2.535 -2.7759999999999976 -0.8900740480422975 -2.568296290397644 0.14984922 0.13684922 "" "" 21.61165748168954 "" 2.988928393959572 ""
97.81332371765 2.80405873328 0.0413 0.0411 18.7005 "" "" 3124084482978651776 1210.81921 0.8039 0.0495 -2.64 -9.514 0.052 0.048 1.007 5409.3 4.6064 16.288443 1.342943 16.877989 15.535046 "" "" 1137.71985 1283.51831 5748.70473 3.1317 2422.3 11.241 4843.3 16.067 "" "" 0.0028180895912148654 0.005759474 0.0052207834 0.010980258 97.81332371765 2.80405873328 1210.81921 -2.6399999999999983 -9.513999999999992 -0.9950740480422975 -9.306296290397643 0.14184922 0.13784923 "" "" 53.71592531661612 "" 7.407162335543206 ""
98.0073085143 2.03763430371 0.0524 0.0531 29.7266 "" "" 3123961062799327232 1237.30518 0.7768 0.0651 2.694 -5.352 0.067 0.067 1.051 5371.6 4.6039 16.289825 1.480606 16.967045 15.486439 "" "" 1147.7926 1351.2373 5741.38269 3.6754 2231.5 10.848 5065.0 16.004 "" "" 0.002841632602659426 0.005970203 0.0051042065 0.011074409 98.0073085143 2.03763430371 1237.30518 2.694000000000001 -5.351999999999997 4.338925951957703 -5.144296290397644 0.15684924 0.15684924 "" "" 39.46904642528282 "" 6.190689749677776 ""
98.28372193248 2.62689656569 0.0425 0.0427 19.9996 "" "" 3130020265220565632 1510.92883 0.6219 0.0501 -1.923 -3.135 0.053 0.047 1.039 7655.9 4.4463 16.29109 1.746026 17.12737 15.381345 "" "" 1421.15332 1624.71362 5734.69965 4.83 1925.2 15.285 5579.8 15.677 "" "" 0.0029031037107111264 0.009060447 0.0048568686 0.013917316 98.28372193248 2.62689656569 1510.92883 -1.9230000000000007 -3.1350000000000002 -0.2780740480422974 -2.927296290397644 0.14284922 0.13684922 "" "" 21.059096206734214 "" 2.8830755225024327 ""
97.50663072549 2.67468533123 0.0552 0.0555 28.7401 "" "" 3124078195146384256 1545.25696 0.6216 0.0573 -0.434 4.817 0.065 0.057 0.964 5428.1 4.6735 16.291674 1.230219 16.81724 15.587021 "" "" 1410.53699 1688.18518 5731.61716 3.3915 2561.7 16.78 4616.9 24.002 "" "" 0.0028292279261291327 0.0076396805 0.0067929 0.014432581 97.50663072549 2.67468533123 1545.25696 -0.434 4.817 1.2109259519577027 5.024703709602356 0.15484923 0.14684923 "" "" 37.85719409344656 "" 5.576350446289426 ""
97.68905573003 2.83295133652 0.0406 0.0423 24.4859 "" "" 3124087021300095872 1323.99744 0.7531 0.0533 -2.369 -0.626 0.05 0.044 0.907 5459.4 4.6402 16.298319 1.281815 16.859375 15.577559 "" "" 1233.05493 1418.76257 5696.64122 3.3465 2464.1 15.756 4657.3 9.4891 "" "" 0.002828179666603253 0.007482144 0.0043791947 0.011861339 97.68905573003 2.83295133652 1323.99744 -2.369 -0.626 -0.7240740480422976 -0.41829629039764404 0.13984923 0.13384923 "" "" 5.247872577854033 "" 0.7261601087886421 ""
97.63599260273 2.52412500211 0.0553 0.0533 19.6722 "" "" 3124060461223905920 1302.46558 0.7455 0.0579 0.266 -3.599 0.066 0.058 0.978 5165.5 4.5796 16.300684 1.448057 16.968403 15.520346 "" "" 1223.51245 1425.27576 5684.24892 3.6639 2228.7 11.791 4909.3 14.441 "" "" 0.0028428078565680376 0.0063859173 0.0049481126 0.01133403 97.63599260273 2.52412500211 1302.46558 0.266 -3.599 1.9109259519577027 -3.3912962903976442 0.15584922 0.14784923 "" "" 24.03184708344565 "" 3.6003609525073816 ""
98.26081902884 2.22206819342 0.0408 0.0406 25.6983 "" "" 3120985715614772864 1312.35291 0.728 0.0491 -2.024 -4.004 0.049 0.043 1.017 5628.0 4.5028 16.302473 1.563873 17.026808 15.462934 "" "" 1247.05298 1409.42371 5674.89558 3.476 2112.0 20.949 5175.9 17.735 "" "" 0.0028344425253378764 0.011125024 0.0053031906 0.016428215 98.26081902884 2.22206819342 1312.35291 -2.0239999999999996 -4.004000000000002 -0.3790740480422974 -3.7962962903976436 0.13884923 0.13284923 "" "" 23.73249944200143 "" 3.154281494593548 ""
97.90581106802 2.24800443632 0.0508 0.0499 17.347 "" "" 3124002809881367040 1704.02283 0.5856 0.0568 -1.295 4.803 0.061 0.058 1.009 "" "" 16.30269 1.473354 16.976097 15.502743 "" "" 1549.4043 1868.14099 5673.75572 3.8957 2213.0 11.994 4989.5 13.646 "" "" 0.002854389251062086 0.0065124473 0.0048063733 0.0113188205 97.90581106802 2.24800443632 1704.02283 -1.2949999999999993 4.802999999999995 0.3499259519577027 5.010703709602356 0.15084922 0.14784923 "" "" 40.57036657842967 "" 5.998894207460118 ""
97.66476695228 2.92887439732 0.0429 0.0445 29.8526 "" "" 3124277722147326848 1356.77979 0.703 0.0559 3.36 1.269 0.052 0.045 1.071 "" "" 16.310493 1.457407 16.95255 15.495144 "" "" 1261.27966 1459.36218 5633.12219 3.4603 2261.5 32.788 5024.6 37.248 "" "" 0.00283489024405556 0.015986739 0.0088918675 0.024878606 97.66476695228 2.92887439732 1356.77979 3.3599999999999963 1.2690000000000012 5.004925951957702 1.4767037096023559 0.14184922 0.13484922 "" "" 33.55915607117188 "" 4.741956178848837 ""
98.24384728151 2.65600379734 0.0465 0.0447 18.3635 "" "" 3130021364732195328 1660.69006 0.5743 0.0518 -0.102 -1.096 0.06 0.051 1.063 5023.5 3.6009 16.310724 2.576536 17.733753 15.157217 "" "" 1537.46851 1800.95703 5631.92769 4.0596 1101.3 7.72 6859.2 23.782 "" "" 0.0028643118003302066 0.008106221 0.0053342907 0.013440512 98.24384728151 2.65600379734 1660.69006 -0.102 -1.0960000000000014 1.5429259519577025 -0.8882962903976441 0.14984922 0.14084923 "" "" 14.014428011628587 "" 2.069370908942115 ""
98.43073878577 2.423654243 0.0432 0.0414 28.7063 "" "" 3130002054559252096 1537.96875 0.6406 0.0497 -1.971 -2.639 0.054 0.047 1.053 7649.1 4.3628 16.310753 1.700428 17.116953 15.416525 "" "" 1405.68481 1665.05566 5631.77669 3.3585 1943.7 12.254 5401.9 15.037 "" "" 0.0028303737601408888 0.0073918174 0.0048392233 0.012231041 98.43073878577 2.423654243 1537.96875 -1.971 -2.6390000000000025 -0.32607404804229745 -2.431296290397644 0.14384922 0.13684922 "" "" 17.88277194859363 "" 2.449510799780253 ""
97.53060963497 2.46960938987 0.0537 0.0546 26.2465 "" "" 3124037130961368832 1404.67432 0.7067 0.0643 0.623 -0.955 0.066 0.06 1.008 5016.7 4.3606 16.310894 1.399815 16.608889 15.209074 "" "" 1259.98645 1529.7738 5631.04696 11.034 3103.6 115.33 6539.3 119.39 "" "" 0.0034810940516938754 0.0404424 0.02017969 0.06062209 97.53060963497 2.46960938987 1404.67432 0.6229999999999999 -0.955000000000001 2.267925951957703 -0.747296290397644 0.15584922 0.14984922 "" "" 15.89883495621324 "" 2.4686409895233776 ""
98.22258901302 2.19457349605 0.042 0.0434 25.4568 "" "" 3120985165858610432 1446.00159 0.6526 0.0537 0.757 -2.893 0.052 0.044 0.948 7643.3 4.4337 16.313005 1.582692 17.051363 15.468671 "" "" 1345.32312 1587.50256 5620.10333 3.1445 2064.8 9.9453 5148.6 15.56 "" "" 0.002821492635649791 0.005927329 0.0050050574 0.010932386 98.22258901302 2.19457349605 1446.00159 0.7570000000000001 -2.8930000000000033 2.4019259519577028 -2.685296290397644 0.14184922 0.13384923 "" "" 24.693664115049778 "" 3.3944522712411382 ""
98.00155619918 2.62956741013 0.0425 0.0426 6.3148 "" "" 3124066611617411072 1486.30872 0.6543 0.0499 -0.375 -7.092 0.053 0.054 1.034 5215.3 4.3052 16.313345 1.688932 17.116655 15.427723 "" "" 1368.10059 1643.00391 5618.34816 3.4536 1944.3 12.777 5346.5 17.141 "" "" 0.0028349982741954064 0.0076610916 0.0051381276 0.012799219 98.00155619918 2.62956741013 1486.30872 -0.375 -7.092000000000002 1.2699259519577026 -6.884296290397644 0.14284922 0.14384922 "" "" 49.31886702495827 "" 7.092863196759859 ""
97.97886524451 2.15324102273 0.0492 0.0493 22.6944 "" "" 3123966113680808448 1315.65759 0.73 0.0561 -1.693 0.42 0.064 0.058 0.94 5584.4 4.5539 16.314058 1.529678 17.02419 15.494513 "" "" 1233.18811 1406.99854 5614.65508 3.7584 2117.1 12.224 5027.5 17.568 "" "" 0.002849561653570421 0.0068618543 0.0053551826 0.012217037 97.97886524451 2.15324102273 1315.65759 -1.693 0.4199999999999995 -0.048074048042297424 0.6277037096023559 0.15384923 0.14784923 "" "" 3.925960168007936 "" 0.5805903285939631 ""
97.83788011018 2.38413285785 0.0454 0.0468 11.6237 "" "" 3124008101281018752 1692.802 0.5511 0.0531 -2.711 -2.639 0.052 0.048 1.0 "" "" 16.317287 1.462898 16.991774 15.528875 "" "" 1567.7561 1836.79968 5597.98318 3.4551 2181.3 10.89 4870.9 20.007 "" "" 0.002835639572814552 0.0060964352 0.0058456706 0.011942105 97.83788011018 2.38413285785 1692.802 -2.7110000000000007 -2.639 -1.0660740480422972 -2.431296290397644 0.14184922 0.13784923 "" "" 21.30142650844645 "" 2.9502918300723393 ""
97.82268823332 2.23593942158 0.0651 0.0655 19.6393 "" "" 3123979136021687424 1448.08667 0.6582 0.0691 0.088 2.365 0.079 0.073 1.221 5591.3 4.603 16.317911 1.490696 16.94838 15.457684 "" "" 1315.92981 1622.91895 5594.76845 6.3103 2270.2 9.6607 5201.0 21.469 "" "" 0.003015198210644727 0.0053974143 0.00586259 0.011260005 97.82268823332 2.23593942158 1448.08667 0.08799999999999997 2.365000000000003 1.7329259519577027 2.572703709602356 0.16884923 0.16284922 "" "" 21.291285772437465 "" 3.5076396110735906 ""
97.47726547606 2.42884022079 0.052 0.0521 29.8223 "" "" 3124035451630857728 1282.96387 0.7588 0.0624 2.049 -4.819 0.064 0.056 0.983 4614.0 4.3527 16.319689 1.557065 17.024277 15.467212 "" "" 1180.8584 1386.84961 5585.61637 4.2445 2116.9 29.039 5155.5 28.098 "" "" 0.002876194594365079 0.015152902 0.007021326 0.022174228 97.47726547606 2.42884022079 1282.96387 2.049 -4.819000000000006 3.6939259519577026 -4.611296290397644 0.15384923 0.14584923 "" "" 35.930425301835555 "" 5.354616301392855 ""
97.58887096798 2.70727008261 0.0476 0.0493 24.8483 "" "" 3124076953896968576 1545.92175 0.6224 0.0588 -2.121 -2.378 0.06 0.056 0.985 5579.3 4.5501 16.320263 1.530476 17.026941 15.496466 "" "" 1412.15271 1691.28882 5582.6699 4.0483 2111.7 13.289 5018.5 18.753 "" "" 0.0028656016457782097 0.00738032 0.0055447454 0.012925066 97.58887096798 2.70727008261 1545.92175 -2.1210000000000027 -2.378 -0.47607404804229736 -2.170296290397644 0.14984922 0.14584923 "" "" 16.28133621715045 "" 2.3776492375453384 ""
97.99737105156 2.95105165009 0.0427 0.0429 25.2702 "" "" 3130092317591314688 1505.11743 0.661 0.0523 -1.201 -1.198 0.054 0.045 0.987 5108.5 4.5077 16.321438 1.343877 16.918886 15.575009 "" "" 1409.19922 1673.10791 5576.62952 3.5088 2332.7 16.207 4668.3 13.871 "" "" 0.0028387449175273456 0.008042896 0.0049690274 0.013011923 97.99737105156 2.95105165009 1505.11743 -1.201 -1.198 0.44392595195770257 -0.990296290397644 0.14384922 0.13484922 "" "" 7.742417255700381 "" 1.0560389150091056 ""
98.27221394498 2.30521712788 0.0454 0.0454 22.9124 "" "" 3123994907141854208 1550.0791 0.6108 0.0554 1.968 -12.669 0.056 0.047 1.099 "" "" 16.330061 2.371421 17.586773 15.215352 "" "" 1442.19531 1733.34094 5532.50802 4.1783 1261.0 12.82 6501.6 14.025 "" "" 0.0028747438691762634 0.011385355 0.0044462564 0.015831612 98.27221394498 2.30521712788 1550.0791 1.9679999999999997 -12.669000000000013 3.6129259519577026 -12.461296290397645 0.14584923 0.13684922 "" "" 95.32837137083233 "" 13.11414908152599 ""
97.59990980427 2.50701539212 0.0575 0.0567 21.8788 "" "" 3124061083997048832 1556.10632 0.6145 0.0638 -1.911 -0.124 0.067 0.06 1.174 "" "" 16.33007 1.595481 17.075487 15.480006 "" "" 1419.42456 1721.06128 5532.46126 3.7272 2019.4 21.099 5095.1 17.821 "" "" 0.0028507574942824893 0.011682035 0.005357716 0.017039752 97.59990980427 2.50701539212 1556.10632 -1.911 -0.12399999999999996 -0.2660740480422974 0.08370370960235596 0.15684924 0.14984922 "" "" 2.057368942620204 "" 0.3214262697952208 ""
