Clusters/ASCC_114/ASCC_114_stars_in_region.tsv
# %ECSV 1.0
# ---
# datatype:
# - name: RA_ICRS_1
#   unit: deg
#   datatype: float64
#   format: '{:15.11f}'
#   description: Right ascension (ICRS) at Ep=2016.0 (ra)
#   meta: !!omap
#   - {ucd: POS_EQ_RA_MAIN}
#   - {width: 15}
#   - {precision: '11'}
# - name: DE_ICRS_1
#   unit: deg
#   datatype: float64
#   format: '{:15.11f}'
#   description: Declination (ICRS) at Ep=2016.0 (dec)
#   meta: !!omap
#   - {ucd: POS_EQ_DEC_MAIN}
#   - {width: 15}
#   - {precision: '11'}
# - name: e_RA_ICRS
#   unit: mas
#   datatype: float64
#   format: '{:7.4f}'
#   description: Standard error of right ascension (ra_error)
#   meta: !!omap
#   - {ucd: ERROR}
#   - {width: 7}
#   - {precision: '4'}
# - name: e_DE_ICRS
#   unit: mas
#   datatype: float64
#   format: '{:7.4f}'
#   description: Standard error of declination (dec_error)
#   meta: !!omap
#   - {ucd: ERROR}
#   - {width: 7}
#   - {precision: '4'}
# - name: _r_1
#   unit: ''
#   datatype: float64
#   format: '{:7.4f}'
#   description: Distance from center (324.97901060000+53.99900524000)[ICRS], at Epoch=J2016.0
#   meta: !!omap
#   - {ucd: POS_ANG_DIST_GENERAL}
#   - {width: 7}
#   - {precision: '4'}
# - name: HIP
#   datatype: int32
#   description: '? HIP cross-id number, van Leeuwen, Cat. I/311 (hip_original_ext_source_id)'
#   meta: !!omap
#   - {ucd: ID_NUMBER}
#   - {width: 6}
#   - values: {'null': -2147483648}
# - name: TYC2
#   datatype: string
#   description: Tycho-2 cross-id name, Hog et al., Cat. I/259 (tyc2_original_ext_source_id)
#   meta: !!omap
#   - {ucd: ID_CROSSID}
#   - {_votable_string_dtype: char}
# - name: Source
#   datatype: int64
#   description: Source identifier, identical to the Gaia-EDR3 source_id (id)
#   meta: !!omap
#   - {ucd: ID_MAIN}
#   - {width: 19}
# - name: rgeo
#   unit: pc
#   datatype: float64
#   format: '{:15.8f}'
#   description: '? Median of the geometric distance posterior (r_med_geo)'
#   meta: !!omap
#   - {ucd: PHYS_DISTANCE_TRUE}
#   - {width: 15}
#   - {precision: '8'}
#   - values: {'null': .nan}
# - name: Plx
#   unit: mas
#   datatype: float64
#   format: '{:9.4f}'
#   description: '? Parallax (parallax)'
#   meta: !!omap
#   - {ucd: POS_PARLX_TRIG}
#   - {width: 9}
#   - {precision: '4'}
#   - values: {'null': .nan}
# - name: e_Plx
#   unit: mas
#   datatype: float32
#   format: '{:7.4f}'
#   description: '? Standard error of parallax (parallax_error)'
#   meta: !!omap
#   - {ucd: ERROR}
#   - {width: 7}
#   - {precision: '4'}
#   - values: {'null': .nan}
# - name: pmRA
#   unit: mas / yr
#   datatype: float64
#   format: '{:9.3f}'
#   description: '? Proper motion in right ascension direction, pmRA*cosDE (pmra)'
#   meta: !!omap
#   - {ucd: POS_EQ_PMRA}
#   - {width: 9}
#   - {precision: '3'}
#   - values: {'null': .nan}
# - name: pmDE
#   unit: mas / yr
#   datatype: float64
#   format: '{:9.3f}'
#   description: '? Proper motion in declination direction (pmdec)'
#   meta: !!omap
#   - {ucd: POS_EQ_PMDEC}
#   - {width: 9}
#   - {precision: '3'}
#   - values: {'null': .nan}
# - name: e_pmRA
#   unit: mas / yr
#   datatype: float32
#   format: '{:6.3f}'
#   description: '? Standard error of proper motion in right ascension direction (pmra_error)'
#   meta: !!omap
#   - {ucd: ERROR}
#   - {width: 6}
#   - {precision: '3'}
#   - values: {'null': .nan}
# - name: e_pmDE
[...]
#         unit: &id001 !astropy.units.Unit {unit: deg}
#         value: !astropy.table.SerializedColumn {name: SkyCoord.dec}
#       distance: !astropy.table.SerializedColumn
#         __class__: astropy.coordinates.distances.Distance
#         unit: !astropy.units.Unit {unit: pc}
#         value: !astropy.table.SerializedColumn {name: SkyCoord.distance}
#       frame: icrs
#       obstime: !astropy.time.Time {format: jyear_str, in_subfmt: '*', jd1: 367701545.0, jd2: 0.0, out_subfmt: '*', precision: 3, scale: tt}
#       pm_dec: !astropy.table.SerializedColumn
#         __class__: astropy.units.quantity.Quantity
#         unit: !astropy.units.Unit {unit: mas / yr}
#         value: !astropy.table.SerializedColumn {name: SkyCoord.pm_dec}
#       pm_ra_cosdec: !astropy.table.SerializedColumn
#         __class__: astropy.units.quantity.Quantity
#         unit: !astropy.units.Unit {unit: mas / yr}
#         value: !astropy.table.SerializedColumn {name: SkyCoord.pm_ra_cosdec}
#       ra: !astropy.table.SerializedColumn
#         __class__: astropy.coordinates.angles.Longitude
#         unit: *id001
#         value: !astropy.table.SerializedColumn {name: SkyCoord.ra}
#         wrap_angle: !astropy.coordinates.Angle
#           unit: *id001
#           value: 360.0
#       representation_type: spherical
# schema: astropy-2.0
RA_ICRS_1 DE_ICRS_1 e_RA_ICRS e_DE_ICRS _r_1 HIP TYC2 Source rgeo Plx e_Plx pmRA pmDE e_pmRA e_pmDE RUWE Teff logg Gmag BP-RP BPmag RPmag RV e_RV b_rgeo B_rgeo FG e_FG FBP e_FBP FRP e_FRP RAVE5 RAVE6 e_Gmag e_BPmag e_RPmag e_BP-RP SkyCoord.ra SkyCoord.dec SkyCoord.distance SkyCoord.pm_ra_cosdec SkyCoord.pm_dec
[from data line 1643]
326.15676614524 53.84042368218 0.2133 0.1995 42.6894 "" "" 2173521835696736512 865.00354 1.3556 0.2551 -4.29 -2.799 0.299 0.252 7.858 "" "" 16.085743 1.679379 16.74745 15.068071 "" "" 689.167358 1127.71985 6928.66084 51.812 2731.7 37.509 7446.1 100.23 "" "" 0.008573844213060625 0.015167105 0.015095576 0.03026268 326.15676614524 53.84042368218 865.00354 -4.29 -2.7989999999999995
325.86075795898 53.37362779854 0.0278 0.0278 48.8823 "" "" 2173440716659222016 1090.55652 0.8936 0.0322 3.916 -2.78 0.038 0.038 1.05 5211.3 4.425 16.090044 1.328838 16.682844 15.354006 "" "" 1051.38318 1137.05457 6901.27014 2.5876 2899.2 7.5235 5722.1 8.9659 "" "" 0.0027852312620551337 0.003965278 0.004144624 0.008109902 325.86075795898 53.37362779854 1090.55652 3.9160000000000004 -2.780000000000001
324.0606913823 54.36016283393 0.0286 0.0289 38.8506 "" "" 2174443505622853632 1041.26013 0.9365 0.0327 -2.816 -4.434 0.039 0.036 1.013 5955.3 4.2638 16.091135 1.702993 16.904917 15.201923 "" "" 1008.60059 1078.56628 6894.34105 2.8431 2362.9 7.0194 6582.5 9.6666 "" "" 0.0027914617099937 0.0042647426 0.004101945 0.008366687 324.0606913823 54.36016283393 1041.26013 -2.8159999999999994 -4.434
325.24384622927 53.91430352083 0.0277 0.0312 10.6416 "" "" 2174261880048367744 885.680847 1.0991 0.036 -3.784 -3.59 0.038 0.039 0.984 4836.9 4.36 16.091608 1.533541 16.777548 15.244007 "" "" 859.581299 919.167664 6891.33448 8.2114 2657.0 12.253 6332.2 24.045 "" "" 0.0030439258454792936 0.0057319123 0.0055929758 0.011324888 325.24384622927 53.91430352083 885.680847 -3.7840000000000007 -3.59
324.54182106015 54.1987087121 0.0321 0.0318 19.4979 "" "" 2174341800801627136 819.899841 1.1903 0.0348 1.513 3.167 0.049 0.043 1.04 4647.0 4.1962 16.09165 1.604758 16.837473 15.232715 "" "" 800.31311 847.272217 6891.07558 9.4345 2514.4 15.591 6398.4 22.145 "" "" 0.003130716006049767 0.0072875926 0.0053295833 0.012617176 324.54182106015 54.1987087121 819.899841 1.5130000000000001 3.167
324.22876553559 54.12796312756 0.0269 0.0257 27.5282 "" "" 2174249510548059392 911.620911 1.0695 0.0306 -0.292 -2.327 0.039 0.033 0.995 4826.8 4.4816 16.092697 1.383717 16.697514 15.313796 "" "" 885.540222 935.999512 6884.42884 2.5096 2860.3 9.3649 5938.0 23.63 "" "" 0.002783601316447624 0.0045190365 0.0057403515 0.010259388 324.22876553559 54.12796312756 911.620911 -0.29200000000000015 -2.3270000000000004
325.27254187576 54.82292240648 0.0288 0.0323 50.4863 "" "" 2174384166360316928 1059.11157 0.9176 0.0354 -4.317 -5.159 0.039 0.041 1.034 5245.8 4.286 16.093212 1.649984 16.83222 15.182236 "" "" 1024.32971 1098.92175 6881.16276 3.2037 2526.6 15.649 6702.9 38.615 "" "" 0.00280130534114251 0.0072805868 0.00730801 0.014588596 325.27254187576 54.82292240648 1059.11157 -4.317000000000001 -5.159000000000001
325.07818589826 53.48948499152 0.0354 0.0355 30.7731 "" "" 2173408482922646016 982.367981 0.9938 0.0405 2.55 -0.401 0.044 0.043 1.191 4574.2 4.3256 16.094025 1.565848 16.716055 15.150207 "" "" 949.473083 1018.32214 6876.01038 3.7841 2811.9 29.718 6903.6 77.877 "" "" 0.002819364500317398 0.011809124 0.012817651 0.024626775 325.07818589826 53.48948499152 982.367981 2.55 -0.40099999999999975
326.31346443081 53.82226492462 0.0354 0.0343 48.34 "" "" 2173523695430279168 781.005981 1.2628 0.0408 -13.47 -0.086 0.047 0.044 1.301 5462.3 4.5502 16.094158 1.631437 16.849564 15.218126 "" "" 757.632202 815.636353 6875.16904 3.525 2486.5 8.384 6485.0 9.158 "" "" 0.002810991652351153 0.0046029543 0.004078554 0.008681508 326.31346443081 53.82226492462 781.005981 -13.47 -0.08600000000000058
325.85483190406 54.28843556297 0.0288 0.0276 35.3414 "" "" 2174302115303105280 749.387878 1.3165 0.0315 -2.731 3.33 0.036 0.034 0.938 4949.6 4.6385 16.095543 1.412492 16.732115 15.319623 "" "" 729.339294 768.207764 6866.40273 2.593 2770.6 9.2768 5906.2 10.265 "" "" 0.0027856597058949053 0.0045826808 0.004224281 0.008806962 325.85483190406 54.28843556297 749.387878 -2.7309999999999994 3.329999999999999
325.30581826689 54.33600487783 0.0367 0.0398 23.2511 "" "" 2174288611925220608 1087.34839 0.9005 0.0436 -2.705 -3.804 0.05 0.047 1.235 5441.8 4.5591 16.09661 1.27482 16.642784 15.367964 "" "" 1043.34998 1134.90063 6859.6655 4.4456 3008.2 11.437 5649.0 9.8783 "" "" 0.0028437477891736355 0.004982434 0.004229472 0.009211906 325.30581826689 54.33600487783 1087.34839 -2.704999999999999 -3.8040000000000003
323.77231239539 54.44584333332 0.0274 0.0312 50.1042 "" "" 2174454328940416000 913.477783 1.0677 0.0334 5.208 -2.313 0.039 0.039 0.94 6013.1 4.0098 16.10162 2.087637 17.169058 15.081421 "" "" 888.511719 946.75293 6828.08029 2.9089 1852.7 5.4424 7355.1 9.3143 "" "" 0.002793875045830074 0.004237612 0.004021717 0.008259328 323.77231239539 54.44584333332 913.477783 5.208 -2.313000000000001
325.67659907856 53.70573873303 0.0304 0.029 30.3176 "" "" 2173508267906839552 923.177979 1.0606 0.0359 4.41 3.648 0.043 0.035 1.025 5298.1 4.5589 16.103004 1.512498 16.796991 15.284493 "" "" 896.214355 956.965088 6819.37566 2.3995 2609.9 9.3732 6100.4 7.7936 "" "" 0.0027816790470853725 0.0047947583 0.004025884 0.008820642 325.67659907856 53.70573873303 923.177979 4.41 3.6480000000000006
324.69965728319 54.60761568743 0.029 0.0256 37.8035 "" "" 2174544179658335616 834.147583 1.1727 0.0313 2.064 14.976 0.036 0.03 0.968 5069.0 4.3553 16.1035 1.674599 16.901857 15.227259 "" "" 813.597168 862.55072 6816.26989 2.4326 2369.6 7.9525 6430.6 9.1626 "" "" 0.002782432282590178 0.00458936 0.004083742 0.008673102 324.69965728319 54.60761568743 834.147583 2.064 14.976000000000003
325.61676159154 54.65711883205 0.035 0.033 45.3551 "" "" 2174369529111852416 1021.83069 0.964 0.0399 3.957 -2.621 0.048 0.04 1.248 4890.7 4.3552 16.10378 1.362382 16.653072 15.29069 "" "" 985.821167 1060.23474 6814.51134 3.6766 2979.8 15.051 6065.7 22.316 "" "" 0.0028169007528889276 0.006153049 0.0054990505 0.011652099 325.61676159154 54.65711883205 1021.83069 3.957 -2.6209999999999996
326.22870904262 54.29410584184 0.0354 0.034 47.352 "" "" 2173549533953693312 868.431458 1.1271 0.0393 -17.732 -20.725 0.048 0.043 1.324 "" "" 16.105598 1.557989 16.832102 15.274113 "" "" 839.152344 898.753723 6803.10711 2.5156 2526.8 6.5437 6159.0 7.0515 "" "" 0.002784415852744706 0.0039611855 0.003978561 0.007939747 326.22870904262 54.29410584184 868.431458 -17.732 -20.725
325.37982603677 53.21108379252 0.0318 0.0305 49.3816 "" "" 2173385878523806336 1003.69666 0.9756 0.0348 -2.601 -9.113 0.042 0.036 1.059 5006.0 4.4463 16.108877 1.342144 16.70296 15.360815 "" "" 967.819092 1039.18958 6782.5993 2.6522 2846.0 13.197 5686.3 9.3959 "" "" 0.0027878372822449384 0.005756058 0.0041835774 0.009939635 325.37982603677 53.21108379252 1003.69666 -2.6009999999999995 -9.113
325.11387770178 53.2582061614 0.0309 0.0332 44.7062 "" "" 2173389177058442496 842.325928 1.1544 0.0365 -2.415 -3.756 0.04 0.039 0.941 4363.5 4.3855 16.1094 1.417547 16.758673 15.341126 "" "" 816.537537 871.657532 6779.33195 3.5976 2703.6 8.9909 5790.4 15.071 "" "" 0.0028149175349202657 0.004563093 0.004719055 0.0092821475 325.11387770178 53.2582061614 842.325928 -2.415 -3.756
326.32836869357 54.15382309473 0.0294 0.0268 48.3995 "" "" 2173544070755344128 943.443726 1.0288 0.0321 -4.958 -10.763 0.039 0.034 1.041 4984.2 4.1917 16.109735 1.767494 16.941114 15.17362 "" "" 917.80658 975.289795 6777.23051 3.0402 2285.4 11.866 6756.3 24.982 "" "" 0.002798036424247313 0.0062899534 0.0055136885 0.011803642 326.32836869357 54.15382309473 943.443726 -4.958 -10.763000000000002
323.86099812798 53.48987224211 0.0296 0.0309 50.0684 "" "" 2174193465502871424 912.195496 1.0714 0.0345 6.335 3.113 0.038 0.041 1.011 4728.8 4.4032 16.111944 1.298485 16.689981 15.391497 "" "" 886.890991 939.136047 6763.45739 3.6114 2880.2 9.6888 5527.9 12.972 "" "" 0.0028156499342566507 0.004596158 0.00455798 0.009154138 323.86099812798 53.48987224211 912.195496 6.334999999999999 3.1129999999999995
324.99107888735 53.88184819045 0.03 0.0309 7.0423 "" "" 2174272084890442496 965.953552 1.0192 0.0365 -5.858 -15.704 0.041 0.039 1.002 5302.3 4.5026 16.11202 1.470118 16.792194 15.322077 "" "" 931.280579 998.051514 6762.99161 2.465 2621.4 8.8245 5892.9 9.9106 "" "" 0.0027835937365095704 0.004598227 0.0041973703 0.008795597 324.99107888735 53.88184819045 965.953552 -5.8580000000000005 -15.704
324.04369869817 53.9523879334 0.0285 0.0271 33.1231 "" "" 2174238034395140096 830.973694 1.1796 0.0316 -15.197 -1.357 0.037 0.034 1.027 4733.8 4.43 16.113438 1.312146 16.69836 15.386214 "" "" 804.877869 853.789307 6754.16275 2.3043 2858.1 7.0062 5554.9 9.3282 "" "" 0.0027801076811189334 0.0038559986 0.004196184 0.008052183 324.04369869817 53.9523879334 830.973694 -15.196999999999996 -1.3570000000000002
325.18006524619 54.77310381076 0.043 0.0446 46.9741 "" "" 2174383513525141376 956.597961 1.0252 0.0518 -3.031 -7.078 0.058 0.054 1.506 5045.2 4.3309 16.11377 1.612478 16.843649 15.231171 "" "" 909.021118 1004.34229 6752.09551 4.3185 2500.1 10.009 6407.5 12.548 "" "" 0.0028414785990351654 0.0051651397 0.0043364246 0.009501564 325.18006524619 54.77310381076 956.597961 -3.0310000000000024 -7.078
326.19838936565 54.06057150996 0.0288 0.028 43.1311 "" "" 2173541906091697280 974.005005 1.008 0.0336 -2.227 -3.752 0.035 0.034 1.044 5037.0 4.3304 16.11824 1.573674 16.852257 15.278583 "" "" 944.826416 1006.02625 6724.35915 3.3617 2480.4 10.529 6133.7 11.109 "" "" 0.0028082754661658753 0.0053876033 0.0042603454 0.009647949 326.19838936565 54.06057150996 974.005005 -2.2270000000000003 -3.7520000000000007
325.65728942206 54.18360482738 0.0563 0.0537 26.313 "" "" 2174294831038248192 1005.81213 0.9748 0.0627 18.282 8.026 0.07 0.065 2.18 4558.1 4.3419 16.120756 1.508625 16.787905 15.27928 "" "" 959.244568 1067.75867 6708.79378 8.6317 2631.8 6.4083 6129.8 7.4662 "" "" 0.0030892096783925395 0.0038437305 0.0040040715 0.007847802 325.65728942206 54.18360482738 1005.81213 18.281999999999996 8.025999999999998
326.16378392693 53.75571887106 0.0266 0.0273 44.3754 "" "" 2173518026073289856 870.428955 1.1343 0.0321 1.233 -5.432 0.035 0.035 0.987 5104.8 4.5916 16.121117 1.462816 16.791391 15.328575 "" "" 849.340698 900.876343 6706.56952 2.6674 2623.4 8.9676 5857.7 8.7331 "" "" 0.002788954256531329 0.004643213 0.004111436 0.008754649 326.16378392693 53.75571887106 870.428955 1.2330000000000005 -5.432000000000001
326.22765000614 54.33665457672 0.0312 0.0286 48.3102 "" "" 2174300362956708864 992.850769 0.9803 0.0331 -1.833 -0.91 0.043 0.037 1.029 5104.2 4.4179 16.124996 1.495128 16.81232 15.317193 "" "" 960.502686 1030.95105 6682.64064 3.2803 2573.3 8.3953 5919.4 8.9072 "" "" 0.002806390810517083 0.004509108 0.004117389 0.008626497 326.22765000614 54.33665457672 992.850769 -1.833 -0.9099999999999999
325.82252676991 53.69854062008 0.0292 0.03 34.8767 "" "" 2173496551236074880 956.23407 1.0185 0.0362 -0.542 -4.082 0.04 0.037 1.014 5525.0 4.5177 16.126211 1.505904 16.816 15.310096 "" "" 925.761169 988.29718 6675.16418 3.9824 2564.6 8.9495 5958.3 11.075 "" "" 0.0028304361916972175 0.004705334 0.00428445 0.008989784 325.82252676991 53.69854062008 956.23407 -0.542 -4.082
325.65550361102 54.07404516859 0.0379 0.0363 24.2584 "" "" 2174290192473596416 798.542419 1.2467 0.043 -13.52 -14.156 0.05 0.041 1.261 5250.4 4.5807 16.128983 1.551587 16.847656 15.296069 "" "" 768.688782 823.460999 6658.14738 2.8968 2490.9 8.8903 6035.7 12.606 "" "" 0.0027955196491705127 0.004775097 0.004407484 0.009182582 325.65550361102 54.07404516859 798.542419 -13.52 -14.156
325.12726845528 53.54669210909 0.0319 0.0334 27.6433 "" "" 2173502564189790720 942.740173 1.0294 0.0381 -4.943 -3.123 0.041 0.041 1.095 5078.6 4.4365 16.130245 1.455348 16.800793 15.345445 "" "" 909.052734 975.735413 6650.41332 3.3259 2600.8 8.926 5767.4 10.887 "" "" 0.002808312316563927 0.0046551186 0.004299333 0.008954451 325.12726845528 53.54669210909 942.740173 -4.943 -3.123
324.74461637148 54.76349271344 0.0301 0.0284 46.5947 "" "" 2174550467490554240 1087.49426 0.8999 0.0333 -6.529 -7.473 0.038 0.033 1.007 5644.1 4.4137 16.133196 1.525764 16.834118 15.308353 "" "" 1050.30859 1124.69324 6632.36662 4.0942 2522.1 7.28 5967.8 10.873 "" "" 0.002835665645267093 0.00419604 0.0042657717 0.008461812 324.74461637148 54.76349271344 1087.49426 -6.528999999999999 -7.472999999999999
324.26866923254 54.71653827613 0.0569 0.0571 49.7015 "" "" 2174556102487343360 855.537964 1.1634 0.0652 -4.801 -8.507 0.071 0.074 1.977 4745.8 4.3737 16.133385 1.603674 16.86845 15.264776 "" "" 795.887329 920.953369 6631.21108 5.533 2443.6 7.6234 6212.2 6.9256 "" "" 0.0029004291095196403 0.004388426 0.0039684814 0.008356907 324.26866923254 54.71653827613 855.537964 -4.800999999999999 -8.507000000000001
326.05699235048 53.94055882588 0.0316 0.03 38.2058 "" "" 2173534999784143360 1036.93262 0.9315 0.0404 -4.839 -2.532 0.045 0.038 1.024 5596.2 4.4492 16.13715 1.560279 16.862091 15.301812 "" "" 1002.88916 1080.75269 6608.25893 2.6451 2458.0 12.229 6003.9 9.3162 "" "" 0.002789383004646684 0.006079786 0.004137878 0.010217664 326.05699235048 53.94055882588 1036.93262 -4.839 -2.532
325.33229961736 54.2978992467 0.0304 0.0307 21.8116 "" "" 2174288337047324032 890.776611 1.0994 0.0346 -8.183 -5.869 0.038 0.036 0.967 5102.8 4.6007 16.137177 1.377084 16.76105 15.383966 "" "" 866.21228 921.662476 6608.09277 3.652 2697.7 8.9237 5566.4 8.1181 "" "" 0.0028198998743042655 0.004547956 0.004097687 0.008645643 325.33229961736 54.2978992467 890.776611 -8.183 -5.869
325.80058949754 54.36692312938 0.0304 0.0286 36.3241 "" "" 2174315068924438400 893.615417 1.0987 0.0337 -7.856 -3.187 0.04 0.034 1.032 5276.7 4.5826 16.138786 1.333603 16.731995 15.398392 "" "" 865.330139 918.747375 6598.30596 2.3177 2770.9 7.3631 5492.9 9.1592 "" "" 0.0027815884264877433 0.004013599 0.0041906275 0.008204226 325.80058949754 54.36692312938 893.615417 -7.855999999999999 -3.186999999999999
323.70657497433 54.28886670041 0.0304 0.0326 47.9818 "" "" 2174448797022520192 895.471008 1.0855 0.0385 8.177 2.736 0.045 0.038 0.983 5640.9 4.1017 16.14214 2.083068 17.21343 15.130363 "" "" 871.56842 930.109619 6577.95119 3.7298 1778.5 9.9172 7030.9 13.193 "" "" 0.002823258522715888 0.0066662473 0.0042935247 0.010959772 323.70657497433 54.28886670041 895.471008 8.177 2.736
324.71366549328 54.56158020284 0.0293 0.0274 35.0108 "" "" 2174356197532376064 1002.08954 0.9826 0.0327 -0.273 -1.002 0.037 0.032 1.024 4965.9 4.3596 16.142288 1.483496 16.819672 15.336176 "" "" 974.023743 1040.57288 6577.05422 2.737 2555.9 11.754 5816.8 9.8441 "" "" 0.0027921197706573834 0.005719757 0.0042023757 0.009922133 324.71366549328 54.56158020284 1002.08954 -0.273 -1.002
323.64463000001 54.29037899741 0.033 0.0325 50.0477 "" "" 2174448934461334016 884.715454 1.0967 0.0395 9.807 3.208 0.049 0.039 0.991 5090.4 4.173 16.14543 2.119558 17.241522 15.121963 "" "" 857.670959 919.505127 6558.04931 2.7074 1733.0 8.6715 7085.5 8.3326 "" "" 0.002791540901896802 0.0061073606 0.003989239 0.0100966 323.64463000001 54.29037899741 884.715454 9.807 3.2079999999999993
325.4510748119 53.87517574557 0.0291 0.029 18.2539 "" "" 2174263185718639104 1059.17114 0.925 0.0352 -2.295 -3.529 0.039 0.035 0.997 5455.5 4.5463 16.145853 1.393608 16.769539 15.375931 "" "" 1022.70569 1099.85156 6555.49166 5.6759 2676.7 13.656 5607.7 15.321 "" "" 0.0029112703210031348 0.0062022526 0.0048044906 0.011006743 325.4510748119 53.87517574557 1059.17114 -2.295 -3.529
325.00480025795 53.45652750618 0.0297 0.032 32.5615 "" "" 2173408006195192320 912.671448 1.0775 0.035 2.142 -7.173 0.039 0.039 1.057 4719.2 4.4046 16.151144 1.477011 16.823156 15.346146 "" "" 886.431274 940.874329 6523.62363 2.606 2547.7 8.3073 5763.7 8.9476 "" "" 0.0027892477052421628 0.0045076082 0.0041381936 0.008645802 325.00480025795 53.45652750618 912.671448 2.142 -7.173
