Clusters/ASCC_114/ASCC_114_members.tsv
# %ECSV 1.0
# ---
# datatype:
# - name: RA_ICRS_1
#   unit: deg
#   datatype: float64
#   format: '{:15.11f}'
#   description: Right ascension (ICRS) at Ep=2016.0 (ra)
#   meta: !!omap
#   - {ucd: POS_EQ_RA_MAIN}
#   - {width: 15}
#   - {precision: '11'}
# - name: DE_ICRS_1
#   unit: deg
#   datatype: float64
#   format: '{:15.11f}'
#   description: Declination (ICRS) at Ep=2016.0 (dec)
#   meta: !!omap
#   - {ucd: POS_EQ_DEC_MAIN}
#   - {width: 15}
#   - {precision: '11'}
# - name: e_RA_ICRS
#   unit: mas
#   datatype: float64
#   format: '{:7.4f}'
#   description: Standard error of right ascension (ra_error)
#   meta: !!omap
#   - {ucd: ERROR}
#   - {width: 7}
#   - {precision: '4'}
# - name: e_DE_ICRS
#   unit: mas
#   datatype: float64
#   format: '{:7.4f}'
#   description: Standard error of declination (dec_error)
#   meta: !!omap
#   - {ucd: ERROR}
#   - {width: 7}
#   - {precision: '4'}
# - name: _r_1
#   unit: ''
#   datatype: float64
#   format: '{:7.4f}'
#   description: Distance from center (324.97901060000+53.99900524000)[ICRS], at Epoch=J2016.0
#   meta: !!omap
#   - {ucd: POS_ANG_DIST_GENERAL}
#   - {width: 7}
#   - {precision: '4'}
# - name: HIP
#   datatype: int32
#   description: '? HIP cross-id number, van Leeuwen, Cat. I/311 (hip_original_ext_source_id)'
#   meta: !!omap
#   - {ucd: ID_NUMBER}
#   - {width: 6}
#   - values: {'null': -2147483648}
# - name: TYC2
#   datatype: string
#   description: Tycho-2 cross-id name, Hog et al., Cat. I/259 (tyc2_original_ext_source_id)
#   meta: !!omap
#   - {ucd: ID_CROSSID}
#   - {_votable_string_dtype: char}
# - name: Source
#   datatype: int64
#   description: Source identifier, identical to the Gaia-EDR3 source_id (id)
#   meta: !!omap
#   - {ucd: ID_MAIN}
#   - {width: 19}
# - name: rgeo
#   unit: pc
#   datatype: float64
#   format: '{:15.8f}'
#   description: '? Median of the geometric distance posterior (r_med_geo)'
#   meta: !!omap
#   - {ucd: PHYS_DISTANCE_TRUE}
#   - {width: 15}
#   - {precision: '8'}
#   - values: {'null': .nan}
# - name: Plx
#   unit: mas
#   datatype: float64
#   format: '{:9.4f}'
#   description: '? Parallax (parallax)'
#   meta: !!omap
#   - {ucd: POS_PARLX_TRIG}
#   - {width: 9}
#   - {precision: '4'}
#   - values: {'null': .nan}
# - name: e_Plx
#   unit: mas
#   datatype: float32
#   format: '{:7.4f}'
#   description: '? Standard error of parallax (parallax_error)'
#   meta: !!omap
#   - {ucd: ERROR}
#   - {width: 7}
#   - {precision: '4'}
#   - values: {'null': .nan}
# - name: pmRA
#   unit: mas / yr
#   datatype: float64
#   format: '{:9.3f}'
#   description: '? Proper motion in right ascension direction, pmRA*cosDE (pmra)'
#   meta: !!omap
#   - {ucd: POS_EQ_PMRA}
#   - {width: 9}
#   - {precision: '3'}
#   - values: {'null': .nan}
# - name: pmDE
#   unit: mas / yr
#   datatype: float64
#   format: '{:9.3f}'
#   description: '? Proper motion in declination direction (pmdec)'
#   meta: !!omap
#   - {ucd: POS_EQ_PMDEC}
#   - {width: 9}
#   - {precision: '3'}
#   - values: {'null': .nan}
# - name: e_pmRA
#   unit: mas / yr
#   datatype: float32
#   format: '{:6.3f}'
#   description: '? Standard error of proper motion in right ascension direction (pmra_error)'
#   meta: !!omap
#   - {ucd: ERROR}
#   - {width: 6}
#   - {precision: '3'}
#   - values: {'null': .nan}
# - name: e_pmDE
[...]
#       distance: !astropy.table.SerializedColumn
#         __class__: astropy.coordinates.distances.Distance
#         unit: !astropy.units.Unit {unit: pc}
#         value: !astropy.table.SerializedColumn {name: SkyCoord.distance}
#       frame: icrs
#       obstime: !astropy.time.Time {format: jyear_str, in_subfmt: '*', jd1: 367701545.0, jd2: 0.0, out_subfmt: '*', precision: 3, scale: tt}
#       pm_dec: !astropy.table.SerializedColumn
#         __class__: astropy.units.quantity.Quantity
#         unit: !astropy.units.Unit {unit: mas / yr}
#         value: !astropy.table.SerializedColumn {name: SkyCoord.pm_dec}
#       pm_ra_cosdec: !astropy.table.SerializedColumn
#         __class__: astropy.units.quantity.Quantity
#         unit: !astropy.units.Unit {unit: mas / yr}
#         value: !astropy.table.SerializedColumn {name: SkyCoord.pm_ra_cosdec}
#       ra: !astropy.table.SerializedColumn
#         __class__: astropy.coordinates.angles.Longitude
#         unit: *id001
#         value: !astropy.table.SerializedColumn {name: SkyCoord.ra}
#         wrap_angle: !astropy.coordinates.Angle
#           unit: *id001
#           value: 360.0
#       representation_type: spherical
# schema: astropy-2.0
RA_ICRS_1 DE_ICRS_1 e_RA_ICRS e_DE_ICRS _r_1 HIP TYC2 Source rgeo Plx e_Plx pmRA pmDE e_pmRA e_pmDE RUWE Teff logg Gmag BP-RP BPmag RPmag RV e_RV b_rgeo B_rgeo FG e_FG FBP e_FBP FRP e_FRP RAVE5 RAVE6 e_Gmag e_BPmag e_RPmag e_BP-RP SkyCoord.ra SkyCoord.dec SkyCoord.distance SkyCoord.pm_ra_cosdec SkyCoord.pm_dec rmRA rmDE e_rmRA e_rmDE rRV e_rRV v_pec v_pec3d e_vpec e_vpec3d Pmemb
[from data line 90]
325.04829634457 54.02272344501 0.0245 0.0287 2.8272 "" "" 2174278200924023424 934.086731 1.053 0.0302 -3.631 -3.631 0.035 0.037 1.001 5624.9 4.4565 15.789232 1.437592 16.44042 15.002829 "" "" 904.64624 961.805908 9104.45209 8.3893 3624.5 13.097 7907.3 19.764 "" "" 0.0029313296275014613 0.0048142583 0.0046527633 0.009467022 325.04829634457 54.02272344501 934.086731 -3.6309999999999993 -3.6309999999999993 0.08833627128601096 -0.16860910034179666 0.13809028 0.14009029 "" "" 0.8427788910989386 "" 0.11770415941757106 "" 1.0
325.16664066375 53.9515655267 0.0249 0.0285 7.207 "" "" 2174274009035988096 917.416443 1.0687 0.0316 -3.598 -3.46 0.035 0.037 0.96 5568.8 4.516 15.811254 1.405089 16.446089 15.040999 "" "" 884.970703 950.09198 8921.65643 7.0935 3605.6 11.554 7634.1 20.642 "" "" 0.0028873862921922106 0.004459806 0.004785637 0.009245442 325.16664066375 53.9515655267 917.416443 -3.5980000000000034 -3.4600000000000115 0.12133627128601088 0.0023908996582031605 0.13809028 0.14009029 "" "" 0.5277397452603225 "" 0.07287614322911833 "" 1.0
325.53102594486 53.7818623437 0.0261 0.0258 23.4678 "" "" 2173511119765098624 910.948242 1.0637 0.0309 -3.81 -3.433 0.036 0.031 0.993 5386.7 4.3986 15.837777 1.503588 16.525217 15.021629 "" "" 882.383118 938.595947 8706.34888 16.005 3352.2 22.681 7771.5 46.532 "" "" 0.0034022786833995257 0.007858127 0.00751964 0.015377767 325.53102594486 53.7818623437 910.948242 -3.810000000000002 -3.433000000000002 -0.09066372871398931 0.029390899658203296 0.13909027 0.13409027 "" "" 0.41153266449537307 "" 0.057047707852299116 "" 1.0
325.24334985848 53.95871691612 0.0255 0.0288 9.6354 "" "" 2174268064801441280 878.590027 1.1101 0.0323 -3.604 -3.392 0.035 0.035 1.002 5539.5 4.5214 15.885739 1.435421 16.53262 15.097198 "" "" 851.736816 911.73584 8330.11609 8.8133 3329.4 16.731 7249.0 23.877 "" "" 0.002985185505285569 0.006128115 0.0052031893 0.011331305 325.24334985848 53.95871691612 878.590027 -3.6040000000000005 -3.3920000000000003 0.11533627128601065 0.07039089965820322 0.13809028 0.13809028 "" "" 0.5627082648107986 "" 0.07770454335331001 "" 0.9
324.91023227109 54.02994453164 0.0294 0.028 3.0538 "" "" 2174278819399286016 924.805359 1.0616 0.0329 -3.541 -3.56 0.043 0.037 1.011 4641.9 4.1805 15.934287 1.611251 16.68858 15.077329 "" "" 900.884888 952.297729 7965.84706 3.7577 2883.9 9.3183 7382.9 11.956 "" "" 0.002802518131081813 0.004482445 0.0041683577 0.008650802 324.91023227109 54.02994453164 924.805359 -3.541000000000001 -3.559999999999996 0.17833627128601082 -0.09760910034179693 0.14609028 0.14009029 "" "" 0.8911863757569419 "" 0.12898073702623353 "" 1.0
324.6154790512 54.13131178586 0.0273 0.0277 15.0623 "" "" 2174329431295829120 880.267944 1.1078 0.0308 -3.692 -3.425 0.04 0.035 0.983 5269.3 4.5383 15.941961 1.398957 16.56939 15.170432 "" "" 859.961914 901.839844 7909.73935 8.1569 3218.6 14.512 6776.2 21.717 "" "" 0.00297412748219494 0.0056346776 0.005137297 0.010771975 324.6154790512 54.13131178586 880.267944 -3.692000000000002 -3.4249999999999963 0.02733627128601057 0.0373908996582033 0.14309028 0.13809028 "" "" 0.19326019688501542 "" 0.02702785949822238 "" 1.0
325.49056242348 53.77154918423 0.0279 0.027 22.6609 "" "" 2173511463362343680 946.208435 1.0319 0.0329 -3.703 -3.518 0.039 0.033 1.045 5007.8 4.3523 15.960571 1.461898 16.627443 15.165545 "" "" 920.617981 984.402039 7775.31821 10.178 3051.0 17.215 6806.8 24.332 "" "" 0.0031002779544969878 0.0067316433 0.0054172836 0.012148927 325.49056242348 53.77154918423 946.208435 -3.7029999999999994 -3.517999999999998 0.016336271286010895 -0.05560910034179667 0.14209028 0.13609028 "" "" 0.25994774142091964 "" 0.03550277468150384 "" 0.9
325.27067306523 53.99606724613 0.0271 0.0298 10.2882 "" "" 2174268270959864448 886.076782 1.0991 0.0335 -3.855 -3.27 0.036 0.04 1.048 4547.5 4.1791 16.037504 1.732796 16.840458 15.107662 "" "" 859.431519 911.15271 7243.44484 4.9412 2507.5 13.161 7179.5 24.237 "" "" 0.00285312952311987 0.006345053 0.0052648 0.011609853 325.27067306523 53.99606724613 886.076782 -3.8550000000000018 -3.2699999999999996 -0.13566372871398924 0.1923908996582031 0.13909027 0.14309028 "" "" 0.9887321838247369 "" 0.14017690219230128 "" 0.9
325.60902351038 54.33839182049 0.0297 0.0274 30.0719 "" "" 2174309743164810624 968.763855 1.0288 0.0326 -3.795 -3.372 0.038 0.031 0.97 5561.9 4.6041 16.043545 1.411658 16.684162 15.272504 "" "" 939.194458 1010.99591 7203.2535 8.9521 2895.7 13.56 6168.2 21.037 "" "" 0.0030679798918488016 0.005799575 0.0052910945 0.01109067 325.60902351038 54.33839182049 968.763855 -3.7950000000000004 -3.372 -0.07566372871398919 0.09039089965820324 0.14109027 0.13409027 "" "" 0.5412944641759111 "" 0.07416688077294588 "" 0.9
325.24384622927 53.91430352083 0.0277 0.0312 10.6416 "" "" 2174261880048367744 885.680847 1.0991 0.036 -3.784 -3.59 0.038 0.039 0.984 4836.9 4.36 16.091608 1.533541 16.777548 15.244007 "" "" 859.581299 919.167664 6891.33448 8.2114 2657.0 12.253 6332.2 24.045 "" "" 0.0030439258454792936 0.0057319123 0.0055929758 0.011324888 325.24384622927 53.91430352083 885.680847 -3.7840000000000016 -3.589999999999999 -0.06466372871398907 -0.12760910034179673 0.14109027 0.14209028 "" "" 0.6005740534864122 "" 0.08521337067525775 "" 0.9
324.25799596645 53.60459608995 0.0313 0.0309 34.8244 "" "" 2174171509630708992 911.855774 1.0743 0.0355 -3.836 -3.582 0.038 0.038 0.978 4679.3 4.3814 16.246843 1.468123 16.918964 15.450841 "" "" 879.123108 940.58429 5973.23209 5.192 2332.6 13.684 5233.9 12.281 "" "" 0.0029124600009660076 0.0069537065 0.004557854 0.0115115605 324.25799596645 53.60459608995 911.855774 -3.835999999999999 -3.582 -0.11666372871398911 -0.11960910034179673 0.14109027 0.14109027 "" "" 0.7221659703829667 "" 0.10189059453162319 "" 0.8
324.89027792475 53.41732068381 0.031 0.0317 35.043 "" "" 2173406253848311168 953.743835 1.0298 0.0356 -3.632 -3.487 0.039 0.041 0.935 4818.4 4.3998 16.254948 1.440515 16.909363 15.468848 "" "" 921.661438 983.113037 5928.80889 5.9112 2353.3 11.508 5147.8 16.638 "" "" 0.002960341274662295 0.005997913 0.0051573217 0.011155235 324.89027792475 53.41732068381 953.743835 -3.632 -3.486999999999999 0.08733627128601062 -0.024609100341796974 0.14209028 0.14409028 "" "" 0.41019963040055646 "" 0.05834611753339342 "" 0.9
325.20389389337 54.00320435884 0.0301 0.0345 7.9348 "" "" 2174280159429410304 953.09845 1.022 0.0372 -3.723 -3.379 0.042 0.046 1.034 4678.0 4.3193 16.284815 1.59885 17.02791 15.42906 "" "" 921.057617 983.888306 5767.93829 13.165 2109.9 17.301 5339.9 47.764 "" "" 0.003705796949920905 0.009329923 0.010421102 0.019751025 325.20389389337 54.00320435884 953.09845 -3.7230000000000003 -3.3790000000000004 -0.003663728713989123 0.08339089965820312 0.14509028 0.14909028 "" "" 0.3770973708712274 "" 0.056218683771247405 "" 0.9
325.12408404434 53.97094815212 0.0391 0.0413 5.3879 "" "" 2174274180834664448 976.204163 1.0087 0.0463 -3.723 -3.696 0.05 0.049 0.934 4705.7 4.3146 16.392847 1.599066 17.136822 15.537756 "" "" 936.915283 1018.00391 5221.65381 6.3921 1908.5 10.516 4831.2 19.559 "" "" 0.0030591360720884247 0.006601163 0.005796967 0.01239813 325.12408404434 53.97094815212 976.204163 -3.723 -3.696 -0.003663728713989123 -0.23360910034179705 0.15309028 0.15209028 "" "" 1.0810907643346923 "" 0.16442366511796444 "" 0.8
324.59461416297 53.95823375456 0.0367 0.0374 13.7823 "" "" 2174230578332437248 908.466431 1.0742 0.0415 -3.858 -3.513 0.047 0.045 0.977 4882.9 4.6022 16.615177 1.660097 17.405146 15.745048 "" "" 873.488098 943.732117 4254.76609 7.7055 1490.6 9.9735 3991.5 20.577 "" "" 0.0033849843968039497 0.0077819815 0.006753687 0.014535668 324.59461416297 53.95823375456 908.466431 -3.858000000000002 -3.513 -0.13866372871398935 -0.050609100341796776 0.15009028 0.14809027 "" "" 0.6356308764135371 "" 0.09525345761296218 "" 0.9
324.33241626398 54.17699180486 0.0368 0.0354 25.1365 "" "" 2174251361659282176 891.765686 1.0911 0.0417 -3.764 -3.471 0.055 0.045 1.014 4612.3 4.4185 16.7044 1.670904 17.492212 15.821308 "" "" 859.536987 928.806946 3919.10971 4.4679 1375.7 7.8816 3720.8 14.696 "" "" 0.003020573852101856 0.0068174647 0.005716066 0.012533531 324.33241626398 54.17699180486 891.765686 -3.764 -3.471 -0.04466372871398905 -0.00860910034179696 0.15809028 0.14809027 "" "" 0.19226742031868482 "" 0.030328839009292452 "" 1.0
324.60919604295 53.94936600545 0.041 0.0392 13.3859 "" "" 2174230543972587904 937.233276 1.0504 0.0446 -3.698 -3.379 0.055 0.048 0.995 4543.7 4.1905 16.711748 1.662229 17.504984 15.842755 "" "" 891.964661 980.929993 3892.6714 6.942 1359.6 12.937 3648.0 18.652 "" "" 0.0033676176915173467 0.010701251 0.0067157047 0.017416956 324.60919604295 53.94936600545 937.233276 -3.6980000000000004 -3.379 0.02133627128601079 0.08339089965820312 0.15809028 0.15109028 "" "" 0.38239658436229385 "" 0.05794443704702566 "" 0.9
324.14372451972 54.0729394989 0.041 0.0391 29.7649 "" "" 2174243463233958400 931.891724 1.0681 0.0466 -3.724 -3.235 0.058 0.05 0.948 4574.1 4.4101 16.810892 1.653614 17.601582 15.947968 "" "" 891.928162 978.914795 3552.95497 2.1904 1243.9 7.5754 3311.1 8.509 "" "" 0.002835459144397994 0.0071767624 0.004697741 0.011874503 324.14372451972 54.0729394989 931.891724 -3.7239999999999998 -3.2349999999999994 -0.004663728713989457 0.22739089965820325 0.16109028 0.15309028 "" "" 1.0046347590975464 "" 0.15380328748829383 "" 0.8
325.16153135736 53.90329327971 0.046 0.0511 8.632 "" "" 2174261983127574784 927.938232 1.0556 0.0596 -3.702 -3.473 0.066 0.061 0.893 4522.9 4.3508 16.84149 1.803899 17.722979 15.91908 "" "" 873.74353 983.418396 3454.22898 3.6118 1112.3 8.1246 3400.4 10.992 "" "" 0.0029800358658939622 0.008407079 0.005157691 0.013564769 325.16153135736 53.90329327971 927.938232 -3.702 -3.473 0.017336271286010785 -0.01060910034179674 0.16909027 0.16409028 "" "" 0.08939735017348455 "" 0.014995756896362828 "" 0.9
324.90468252989 53.74094457659 0.0438 0.0453 15.7053 "" "" 2174165432266360576 957.358215 1.0321 0.0522 -3.646 -3.493 0.057 0.056 0.97 4432.5 4.3723 16.96562 1.746143 17.81948 16.073338 "" "" 901.181946 1009.71552 3081.05127 3.6014 1017.7 7.6767 2950.0 11.746 "" "" 0.00303354754901291 0.008652149 0.005742183 0.014394332 324.90468252989 53.74094457659 957.358215 -3.6459999999999995 -3.4929999999999994 0.07333627128601083 -0.030609100341796758 0.16009028 0.15909028 "" "" 0.3606150186845008 "" 0.057677601438307524 "" 0.8
