Clusters/ASCC_114/ASCC_114_stars_in_region.tsv
# %ECSV 1.0
# ---
# datatype:
# - name: RA_ICRS_1
#   unit: deg
#   datatype: float64
#   format: '{:15.11f}'
#   description: Right ascension (ICRS) at Ep=2016.0 (ra)
#   meta: !!omap
#   - {ucd: POS_EQ_RA_MAIN}
#   - {width: 15}
#   - {precision: '11'}
# - name: DE_ICRS_1
#   unit: deg
#   datatype: float64
#   format: '{:15.11f}'
#   description: Declination (ICRS) at Ep=2016.0 (dec)
#   meta: !!omap
#   - {ucd: POS_EQ_DEC_MAIN}
#   - {width: 15}
#   - {precision: '11'}
# - name: e_RA_ICRS
#   unit: mas
#   datatype: float64
#   format: '{:7.4f}'
#   description: Standard error of right ascension (ra_error)
#   meta: !!omap
#   - {ucd: ERROR}
#   - {width: 7}
#   - {precision: '4'}
# - name: e_DE_ICRS
#   unit: mas
#   datatype: float64
#   format: '{:7.4f}'
#   description: Standard error of declination (dec_error)
#   meta: !!omap
#   - {ucd: ERROR}
#   - {width: 7}
#   - {precision: '4'}
# - name: _r_1
#   unit: ''
#   datatype: float64
#   format: '{:7.4f}'
#   description: Distance from center (324.97901060000+53.99900524000)[ICRS], at Epoch=J2016.0
#   meta: !!omap
#   - {ucd: POS_ANG_DIST_GENERAL}
#   - {width: 7}
#   - {precision: '4'}
# - name: HIP
#   datatype: int32
#   description: '? HIP cross-id number, van Leeuwen, Cat. I/311 (hip_original_ext_source_id)'
#   meta: !!omap
#   - {ucd: ID_NUMBER}
#   - {width: 6}
#   - values: {'null': -2147483648}
# - name: TYC2
#   datatype: string
#   description: Tycho-2 cross-id name, Hog et al., Cat. I/259 (tyc2_original_ext_source_id)
#   meta: !!omap
#   - {ucd: ID_CROSSID}
#   - {_votable_string_dtype: char}
# - name: Source
#   datatype: int64
#   description: Source identifier, identical to the Gaia-EDR3 source_id (id)
#   meta: !!omap
#   - {ucd: ID_MAIN}
#   - {width: 19}
# - name: rgeo
#   unit: pc
#   datatype: float64
#   format: '{:15.8f}'
#   description: '? Median of the geometric distance posterior (r_med_geo)'
#   meta: !!omap
#   - {ucd: PHYS_DISTANCE_TRUE}
#   - {width: 15}
#   - {precision: '8'}
#   - values: {'null': .nan}
# - name: Plx
#   unit: mas
#   datatype: float64
#   format: '{:9.4f}'
#   description: '? Parallax (parallax)'
#   meta: !!omap
#   - {ucd: POS_PARLX_TRIG}
#   - {width: 9}
#   - {precision: '4'}
#   - values: {'null': .nan}
# - name: e_Plx
#   unit: mas
#   datatype: float32
#   format: '{:7.4f}'
#   description: '? Standard error of parallax (parallax_error)'
#   meta: !!omap
#   - {ucd: ERROR}
#   - {width: 7}
#   - {precision: '4'}
#   - values: {'null': .nan}
# - name: pmRA
#   unit: mas / yr
#   datatype: float64
#   format: '{:9.3f}'
#   description: '? Proper motion in right ascension direction, pmRA*cosDE (pmra)'
#   meta: !!omap
#   - {ucd: POS_EQ_PMRA}
#   - {width: 9}
#   - {precision: '3'}
#   - values: {'null': .nan}
# - name: pmDE
#   unit: mas / yr
#   datatype: float64
#   format: '{:9.3f}'
#   description: '? Proper motion in declination direction (pmdec)'
#   meta: !!omap
#   - {ucd: POS_EQ_PMDEC}
#   - {width: 9}
#   - {precision: '3'}
#   - values: {'null': .nan}
# - name: e_pmRA
#   unit: mas / yr
#   datatype: float32
#   format: '{:6.3f}'
#   description: '? Standard error of proper motion in right ascension direction (pmra_error)'
#   meta: !!omap
#   - {ucd: ERROR}
#   - {width: 6}
#   - {precision: '3'}
#   - values: {'null': .nan}
# - name: e_pmDE
[...]
#         unit: &id001 !astropy.units.Unit {unit: deg}
#         value: !astropy.table.SerializedColumn {name: SkyCoord.dec}
#       distance: !astropy.table.SerializedColumn
#         __class__: astropy.coordinates.distances.Distance
#         unit: !astropy.units.Unit {unit: pc}
#         value: !astropy.table.SerializedColumn {name: SkyCoord.distance}
#       frame: icrs
#       obstime: !astropy.time.Time {format: jyear_str, in_subfmt: '*', jd1: 367701545.0, jd2: 0.0, out_subfmt: '*', precision: 3, scale: tt}
#       pm_dec: !astropy.table.SerializedColumn
#         __class__: astropy.units.quantity.Quantity
#         unit: !astropy.units.Unit {unit: mas / yr}
#         value: !astropy.table.SerializedColumn {name: SkyCoord.pm_dec}
#       pm_ra_cosdec: !astropy.table.SerializedColumn
#         __class__: astropy.units.quantity.Quantity
#         unit: !astropy.units.Unit {unit: mas / yr}
#         value: !astropy.table.SerializedColumn {name: SkyCoord.pm_ra_cosdec}
#       ra: !astropy.table.SerializedColumn
#         __class__: astropy.coordinates.angles.Longitude
#         unit: *id001
#         value: !astropy.table.SerializedColumn {name: SkyCoord.ra}
#         wrap_angle: !astropy.coordinates.Angle
#           unit: *id001
#           value: 360.0
#       representation_type: spherical
# schema: astropy-2.0
RA_ICRS_1 DE_ICRS_1 e_RA_ICRS e_DE_ICRS _r_1 HIP TYC2 Source rgeo Plx e_Plx pmRA pmDE e_pmRA e_pmDE RUWE Teff logg Gmag BP-RP BPmag RPmag RV e_RV b_rgeo B_rgeo FG e_FG FBP e_FBP FRP e_FRP RAVE5 RAVE6 e_Gmag e_BPmag e_RPmag e_BP-RP SkyCoord.ra SkyCoord.dec SkyCoord.distance SkyCoord.pm_ra_cosdec SkyCoord.pm_dec
[from data line 478]
325.47122292123 53.95309862098 0.0119 0.0121 17.5859 "" "" 2174265865778217344 1085.76611 0.8913 0.0139 1.039 1.67 0.016 0.014 1.003 "" "" 13.963362 1.592756 14.713066 13.12031 -22.43 1.93 1072.79944 1098.62317 48933.0387 7.9998 17791.0 14.556 44775.0 22.43 "" "" 0.002761031705385408 0.0029281648 0.003818318 0.006746483 325.47122292123 53.95309862098 1085.76611 1.0389999999999997 1.67
325.3717560163 53.36027293567 0.0118 0.0119 40.7863 "" "" 2173484284809056128 904.409424 1.0742 0.0138 -8.984 -8.15 0.015 0.014 1.002 5450.3 3.7679 13.965749 1.286543 14.532783 13.24624 -48.34 2.67 893.255798 916.76709 48825.55773 7.6575 21004.0 17.41 39871.0 20.931 "" "" 0.002760576885134223 0.0029317176 0.00382212 0.0067538377 325.3717560163 53.36027293567 904.409424 -8.984 -8.150000000000002
325.7572457108 54.49122615024 0.0115 0.0111 40.207 "" "" 2174319604410047104 1062.86023 0.9114 0.013 5.409 0.927 0.015 0.013 1.054 6049.2 4.0733 13.971907 0.982324 14.373817 13.391493 -0.07 6.48 1049.32068 1080.27734 48549.41044 7.3573 24316.0 16.918 34879.0 15.679 "" "" 0.002760228474528621 0.0028906206 0.0038107657 0.0067013865 325.7572457108 54.49122615024 1062.86023 5.408999999999998 0.9269999999999992
326.06102613651 53.5095756045 0.0164 0.016 48.3283 "" "" 2173443087481382912 1006.06659 0.9693 0.019 -5.367 4.632 0.025 0.021 1.478 6002.3 4.018 13.978983 1.17988 14.42843 13.248549 -3.04 5.57 984.846252 1023.9942 48234.01416 11.444 23123.0 31.077 39787.0 86.384 "" "" 0.0027673359124708724 0.003148707 0.004454282 0.007602989 326.06102613651 53.5095756045 1006.06659 -5.367 4.631999999999999
325.71745018029 54.12212576469 0.0218 0.0211 27.0335 "" "" 2174290707869669248 842.888306 1.1614 0.0238 -6.512 0.399 0.027 0.024 1.801 6574.7 4.1589 13.979379 1.148593 14.454914 13.306321 -23.22 12.15 825.589172 858.868652 48216.47076 16.233 22566.0 16.687 37725.0 20.81 "" "" 0.0027794611756121503 0.002903387 0.0038265428 0.0067299297 325.71745018029 54.12212576469 842.888306 -6.511999999999999 0.39900000000000035
324.93252996869 54.06869601476 0.0127 0.0124 4.4908 "" "" 2174279231716138240 862.712463 1.1308 0.0137 -0.703 0.117 0.017 0.016 0.969 5822.7 4.132 13.979691 1.168734 14.483719 13.314985 -29.32 3.05 849.709839 873.0448 48202.62565 6.7038 21975.0 21.104 37425.0 17.743 "" "" 0.0027594546861796523 0.0029786364 0.003814274 0.0067929104 324.93252996869 54.06869601476 862.712463 -0.7029999999999998 0.11700000000000005
325.2067150746 53.97461642854 0.0115 0.0129 8.1652 "" "" 2174279850191690240 938.462036 1.0421 0.0144 -3.739 -3.748 0.016 0.016 0.963 6671.8 4.0896 13.984483 1.051398 14.395472 13.344073 -1.1 7.27 926.90448 952.591125 47990.33744 8.1762 23836.0 83.292 36436.0 174.47 "" "" 0.0027615225095679436 0.0047094882 0.006427492 0.011136981 325.2067150746 53.97461642854 938.462036 -3.739 -3.748
324.74141578354 54.12138949674 0.0195 0.021 11.1324 "" "" 2174328812820685824 769.488525 1.2758 0.0219 -0.8 -8.123 0.028 0.026 1.69 6378.1 4.1768 13.986182 1.036762 14.412831 13.376069 -10.77 4.65 755.712891 785.305481 47915.24209 10.311 23458.0 16.381 35378.0 17.87 "" "" 0.002765208511147807 0.0028913473 0.0038189653 0.0067103123 324.74141578354 54.12138949674 769.488525 -0.7999999999999998 -8.122999999999998
323.96442078607 53.67585852168 0.0123 0.0122 40.8193 "" "" 2174199757646009472 1010.57764 0.9655 0.0141 -0.804 -2.351 0.015 0.016 1.066 6523.3 4.2027 13.992558 0.884304 14.345849 13.461545 19.57 5.8 996.714905 1029.92786 47634.72354 7.8871 24950.0 18.798 32699.0 17.806 "" "" 0.0027611785117602097 0.0029076124 0.003825347 0.0067329593 323.96442078607 53.67585852168 1010.57764 -0.8040000000000003 -2.351
324.70089494181 53.77250614164 0.0756 0.0702 16.7755 "" "" 2174180894148413696 987.632629 1.0107 0.0843 -10.122 -1.481 0.102 0.087 6.187 6133.4 3.9794 13.99509 1.040952 14.417412 13.37646 -73.63 5.18 902.794861 1118.57764 47523.77589 19.037 23359.0 16.308 35365.0 12.315 "" "" 0.00278943489108222 0.0028913 0.003798246 0.0066895457 324.70089494181 53.77250614164 987.632629 -10.122 -1.4809999999999999
325.85015192571 53.679560828 0.0113 0.0119 36.3113 "" "" 2173495726602363264 986.397766 0.9861 0.0139 1.524 -6.345 0.016 0.015 1.09 6579.5 3.9014 14.001032 1.278595 14.554043 13.275448 9.54 3.95 973.103516 1003.30792 47264.36568 7.6336 20597.0 36.79 38813.0 34.29 "" "" 0.0027608946054631547 0.0033979437 0.0038992069 0.007297151 325.85015192571 53.679560828 986.397766 1.5239999999999996 -6.344999999999999
324.40361152975 53.61820287595 0.0115 0.0118 30.6204 "" "" 2174172407292690432 886.951233 1.0981 0.0134 12.588 11.075 0.015 0.014 0.92 "" "" 14.002776 1.086262 14.463667 13.377405 -59.75 3.27 879.044128 899.256226 47188.51048 6.8474 22385.0 18.275 35334.0 15.313 "" "" 0.002759820804902738 0.0029275815 0.00380856 0.0067361416 324.40361152975 53.61820287595 886.951233 12.588000000000001 11.075000000000001
325.14409539471 54.09083150553 0.012 0.0125 8.0112 "" "" 2174284385677106304 923.977051 1.0559 0.0141 -3.693 -3.447 0.016 0.015 0.962 6880.2 4.2195 14.007458 1.065264 14.448379 13.383115 12.07 7.34 912.628967 935.399841 46985.47632 7.489 22702.0 23.647 35149.0 26.48 "" "" 0.0027607494422607947 0.0030106567 0.003866882 0.0068775387 325.14409539471 54.09083150553 923.977051 -3.6930000000000005 -3.447
324.46360340684 54.00848977487 0.0222 0.0215 18.1842 "" "" 2174234770220366464 1071.94141 0.9079 0.0247 -3.596 -4.736 0.029 0.027 1.795 7019.0 3.9895 14.010345 0.949576 14.396525 13.446949 -90.05 8.68 1040.46204 1103.81055 46860.65817 8.9753 23813.0 20.725 33142.0 21.009 "" "" 0.002763156490463266 0.002945838 0.0038415394 0.0067873774 324.46360340684 54.00848977487 1071.94141 -3.5959999999999996 -4.735999999999999
324.40072296919 54.29464497377 0.0122 0.0116 26.9749 "" "" 2174253083961001600 1034.43591 0.94 0.0134 2.49 -1.539 0.017 0.015 0.975 5799.5 3.6199 14.011271 1.632806 14.781407 13.148602 -24.93 2.12 1019.97205 1046.92822 46820.71791 7.6911 16705.0 17.563 43623.0 21.302 "" "" 0.0027610864458753755 0.0030146432 0.003816389 0.006831032 324.40072296919 54.29464497377 1034.43591 2.49 -1.5389999999999997
326.28824076566 54.0073212021 0.0179 0.0159 46.1713 "" "" 2173529639665121664 957.353455 1.0107 0.0202 2.936 -4.725 0.022 0.02 1.495 6837.4 3.9816 14.012388 1.405759 14.644767 13.239008 -1.47 5.14 941.351868 980.973145 46772.60965 9.4554 18946.0 21.891 40138.0 19.15 "" "" 0.002764048624378518 0.0030592207 0.0038147164 0.0068739373 326.28824076566 54.0073212021 957.353455 2.936 -4.724999999999999
323.90764288691 53.85872791776 0.3518 0.3818 38.7727 "" "" 2174213845138852992 1034.67078 1.3614 0.4167 -1.525 -3.999 0.437 0.477 32.155 6147.3 4.2365 14.01443 0.933028 14.347012 13.413984 -11.58 9.78 743.934326 1673.88916 46684.69716 81.792 24924.0 22.216 34164.0 19.208 "" "" 0.0033481678439130215 0.0029532404 0.0038283619 0.0067816023 323.90764288691 53.85872791776 1034.67078 -1.5250000000000001 -3.9990000000000006
324.71514881115 54.73831065913 0.0119 0.0112 45.3069 "" "" 2174550330051602816 787.044006 1.2466 0.0133 -2.604 -8.689 0.016 0.013 1.043 6122.9 4.0924 14.014918 1.198956 14.53268 13.333724 -19.05 3.9 779.401184 795.383545 46663.70738 7.3432 21006.0 19.323 36785.0 22.421 "" "" 0.002760612468740798 0.0029635357 0.0038368828 0.0068004187 324.71514881115 54.73831065913 787.044006 -2.6040000000000014 -8.689000000000002
325.29581595348 53.17671034343 0.0137 0.0143 50.6113 "" "" 2173386153401521152 943.671326 1.027 0.016 -3.558 -3.107 0.018 0.017 1.031 6303.3 4.1486 14.030084 1.062066 14.475524 13.413458 -46.45 11.12 930.324646 960.079285 46016.48201 7.919 22142.0 16.245 34180.0 16.887 "" "" 0.002761648135277691 0.0029016517 0.0038172598 0.006718911 325.29581595348 53.17671034343 943.671326 -3.5580000000000007 -3.107
325.04740650368 53.78306490798 0.0114 0.0123 13.1802 "" "" 2174259509226243840 913.892212 1.069 0.014 -3.722 -3.376 0.015 0.015 0.97 6674.3 4.1178 14.031204 1.010316 14.447988 13.437673 -13.62 7.07 902.996216 923.988098 45969.01218 7.7426 22710.0 21.056 33426.0 18.025 "" "" 0.0027613821499532817 0.0029662119 0.0038244633 0.006790675 325.04740650368 53.78306490798 913.892212 -3.7220000000000004 -3.376
325.11899768074 54.19400964173 0.013 0.0127 12.6947 "" "" 2174286241102939776 918.844238 1.0577 0.0142 -3.829 -3.413 0.018 0.016 1.008 6436.2 4.2378 14.031623 0.901345 14.391698 13.490353 -23.31 5.54 906.834534 931.824829 45951.26809 7.268 23919.0 17.113 31843.0 17.808 "" "" 0.0027606665849635157 0.002896284 0.0038278464 0.0067241304 325.11899768074 54.19400964173 918.844238 -3.8289999999999997 -3.4129999999999994
324.68562587775 54.32796132763 0.0121 0.0117 22.2661 "" "" 2174344858818590336 885.624573 1.1034 0.0138 0.776 4.467 0.017 0.014 0.963 5556.1 4.1654 14.031688 1.054994 14.474426 13.419433 -28.71 3.89 873.563477 897.371399 45948.53139 6.5536 22164.0 15.165 33993.0 12.149 "" "" 0.002759668510602626 0.0028873722 0.0037992501 0.0066866223 324.68562587775 54.32796132763 885.624573 0.7759999999999996 4.466999999999999
325.22471873673 53.42385391933 0.0126 0.0148 35.595 "" "" 2173404260983755648 1092.72949 0.8864 0.0154 -1.765 -2.919 0.017 0.02 0.985 4843.9 3.4991 14.036047 1.456477 14.704208 13.247731 -40.5 2.21 1076.8158 1110.39795 45764.42054 7.408 17936.0 12.736 39817.0 17.414 "" "" 0.0027609197289805436 0.002894724 0.0038090954 0.006703819 325.22471873673 53.42385391933 1092.72949 -1.7650000000000001 -2.9189999999999996
326.12413731682 53.78726598128 0.0115 0.0113 42.4347 "" "" 2173518369670658560 1048.05603 0.9286 0.0138 -12.136 -6.733 0.015 0.014 0.978 6308.4 3.9642 14.039249 1.300791 14.612297 13.311506 -25.23 5.74 1031.00732 1063.6814 45629.64308 7.1554 19521.0 16.606 37545.0 15.378 "" "" 0.0027605756050090515 0.0029390643 0.0038054553 0.00674452 326.12413731682 53.78726598128 1048.05603 -12.136 -6.732999999999999
325.1081177302 53.57401914007 0.0116 0.0123 25.9066 "" "" 2173502839067691904 1088.41931 0.8894 0.0138 -6.005 -6.611 0.016 0.016 1.019 6292.4 3.8355 14.040017 1.297432 14.611201 13.313769 -53.65 3.12 1072.0614 1109.2439 45597.37726 7.2655 19541.0 18.244 37467.0 19.615 "" "" 0.002760746083196663 0.0029685989 0.0038218868 0.0067904857 325.1081177302 53.57401914007 1088.41931 -6.005 -6.611
324.02229439709 54.46631242283 0.0114 0.0124 43.7243 "" "" 2174458245950701696 881.103516 1.1106 0.0143 -4.648 -6.566 0.017 0.016 0.97 6534.6 4.1036 14.04596 1.120797 14.51951 13.398713 -25.52 6.49 866.735779 896.574036 45348.45308 6.8361 21262.0 15.465 34648.0 25.188 "" "" 0.0027601770625536263 0.0028997753 0.0038609216 0.006760697 324.02229439709 54.46631242283 881.103516 -4.648000000000001 -6.566
325.34318583523 53.34541146469 0.0415 0.0422 41.2966 "" "" 2173484937643978368 823.525085 1.1975 0.0482 -16.386 -19.42 0.055 0.053 3.662 5830.8 4.1279 14.047623 1.146257 14.505558 13.359301 -77.26 3.16 795.357056 861.318848 45279.10659 20.913 21537.0 17.13 35928.0 19.589 "" "" 0.002800581917739776 0.0029207529 0.0038254622 0.006746215 325.34318583523 53.34541146469 823.525085 -16.386000000000003 -19.42
323.81594277115 54.21170474071 0.0128 0.0127 42.8577 "" "" 2174437080351703424 946.448181 1.0306 0.0147 -5.2 -4.616 0.019 0.015 1.0 7199.6 4.0372 14.049693 1.397145 14.674885 13.27774 4.28 4.84 934.020752 958.159119 45192.83199 20.662 18427.0 38.06 38731.0 48.199 "" "" 0.002799678031381385 0.003579664 0.0040136436 0.0075933076 323.81594277115 54.21170474071 946.448181 -5.199999999999998 -4.615999999999999
324.12379768087 54.30508808637 0.0112 0.0114 35.2177 "" "" 2174440241447722496 875.626587 1.1191 0.013 -10.082 -20.21 0.016 0.015 0.971 5664.0 3.7204 14.04974 1.318685 14.631586 13.312901 -28.12 5.55 866.229675 885.099182 45190.86817 7.0986 19177.0 18.925 37497.0 18.456 "" "" 0.0027605934115025404 0.002988828 0.0038169764 0.0068058046 324.12379768087 54.30508808637 875.626587 -10.082 -20.21
325.04312178907 53.9976501143 0.0125 0.0146 2.2626 "" "" 2174274868029409152 913.878967 1.0679 0.0154 -3.29 -3.166 0.018 0.019 1.081 6560.0 4.0755 14.051579 1.069415 14.497509 13.428094 "" "" 896.675293 928.064819 45114.37285 7.8732 21698.0 23.041 33723.0 22.013 "" "" 0.002761827587801093 0.0030189923 0.003845259 0.0068642516 325.04312178907 53.9976501143 913.878967 -3.2899999999999996 -3.1659999999999995
325.13094219523 54.19729358577 0.0128 0.0125 13.043 "" "" 2174286206743378944 932.92688 1.047 0.0142 -3.673 -3.302 0.018 0.015 1.006 6228.5 4.1458 14.054652 0.904957 14.419648 13.514691 "" "" 920.974731 945.366882 44986.88542 12.086 23311.0 27.249 31137.0 25.771 "" "" 0.0027707169181656935 0.0030652564 0.0038847465 0.006950003 325.13094219523 54.19729358577 932.92688 -3.672999999999999 -3.3019999999999996
325.41322862577 53.8219041202 0.0132 0.0127 18.6662 "" "" 2174262464163967872 1032.22559 0.9441 0.0166 3.64 -6.089 0.022 0.015 0.969 6597.7 3.9883 14.055678 1.155211 14.547962 13.392751 2.09 5.69 1011.19403 1053.29761 44944.39578 6.6811 20712.0 18.347 34838.0 18.974 "" "" 0.0027600432144950096 0.0029512765 0.0038253625 0.0067766393 325.41322862577 53.8219041202 1032.22559 3.6399999999999997 -6.0889999999999995
325.51664100628 54.17773031014 0.0119 0.0121 21.7479 "" "" 2174306272831106688 741.157776 1.3212 0.0134 -6.607 -5.672 0.015 0.015 0.939 6099.7 4.1791 14.05684 1.050861 14.491962 13.441101 8.36 4.53 732.828735 748.921204 44896.30474 12.169 21809.0 25.538 33321.0 24.644 "" "" 0.002770991384185776 0.0030661793 0.003863747 0.0069299266 325.51664100628 54.17773031014 741.157776 -6.607000000000001 -5.672
325.33987156337 54.24444066639 0.0131 0.0132 19.439 "" "" 2174287306255182208 1066.85681 0.9108 0.0149 -11.884 -6.562 0.016 0.016 1.091 6605.9 4.159 14.060479 0.961079 14.453211 13.492132 -23.92 5.66 1049.31555 1083.58435 44746.07399 6.997 22601.0 22.252 31791.0 19.703 "" "" 0.002760545951932127 0.0029879333 0.0038388183 0.006826752 325.33987156337 54.24444066639 1066.85681 -11.884000000000002 -6.562000000000001
324.15812709545 54.47751017754 0.0191 0.0197 40.6543 "" "" 2174446735438359424 786.194214 1.2494 0.0235 -6.74 -11.564 0.03 0.026 1.74 5711.3 4.0705 14.066793 1.458209 14.728027 13.269818 -42.01 3.93 771.250793 807.401306 44486.60947 10.305 17547.0 14.292 39015.0 18.155 "" "" 0.0027667748588416636 0.002926959 0.003813002 0.006739961 324.15812709545 54.47751017754 786.194214 -6.740000000000001 -11.564
326.13863160927 54.30027819283 0.0177 0.0173 44.578 "" "" 2174299847560630400 1002.78589 0.9698 0.0199 8.924 7.613 0.023 0.021 1.707 "" "" 14.072637 1.41779 14.708873 13.291083 -35.86 3.15 986.560242 1019.88983 44247.82817 8.9526 17859.0 15.864 38258.0 16.859 "" "" 0.002764063441131898 0.002952154 0.0038095457 0.0067617 326.13863160927 54.30027819283 1002.78589 8.924 7.613000000000002
325.12740319864 53.78823514839 0.0123 0.0141 13.6914 "" "" 2174258856395090176 1072.57361 0.9029 0.0155 3.326 0.003 0.017 0.017 0.993 6966.3 4.2009 14.080357 1.129231 14.556113 13.426882 -25.62 5.68 1055.34644 1093.55029 43934.33018 10.023 20558.0 27.548 33760.0 14.406 "" "" 0.0027664313529395944 0.0031467103 0.0038076735 0.006954384 325.12740319864 53.78823514839 1072.57361 3.3260000000000005 0.0030000000000000035
323.96539813164 53.99719837067 0.0122 0.0126 35.7487 "" "" 2174242054484510848 1089.28235 0.8922 0.0142 -7.461 -2.688 0.017 0.016 1.032 5783.9 3.9615 14.081861 1.331895 14.674002 13.342107 -23.41 3.8 1071.41919 1103.83496 43873.53824 7.7536 18442.0 15.796 36502.0 18.824 "" "" 0.0027619932192944736 0.0029410662 0.003820632 0.006761698 323.96539813164 53.99719837067 1089.28235 -7.461 -2.6879999999999997
