Clusters/ASCC_114/ASCC_114_members.tsv
# %ECSV 1.0
# ---
# datatype:
# - name: RA_ICRS_1
#   unit: deg
#   datatype: float64
#   format: '{:15.11f}'
#   description: Right ascension (ICRS) at Ep=2016.0 (ra)
#   meta: !!omap
#   - {ucd: POS_EQ_RA_MAIN}
#   - {width: 15}
#   - {precision: '11'}
# - name: DE_ICRS_1
#   unit: deg
#   datatype: float64
#   format: '{:15.11f}'
#   description: Declination (ICRS) at Ep=2016.0 (dec)
#   meta: !!omap
#   - {ucd: POS_EQ_DEC_MAIN}
#   - {width: 15}
#   - {precision: '11'}
# - name: e_RA_ICRS
#   unit: mas
#   datatype: float64
#   format: '{:7.4f}'
#   description: Standard error of right ascension (ra_error)
#   meta: !!omap
#   - {ucd: ERROR}
#   - {width: 7}
#   - {precision: '4'}
# - name: e_DE_ICRS
#   unit: mas
#   datatype: float64
#   format: '{:7.4f}'
#   description: Standard error of declination (dec_error)
#   meta: !!omap
#   - {ucd: ERROR}
#   - {width: 7}
#   - {precision: '4'}
# - name: _r_1
#   unit: ''
#   datatype: float64
#   format: '{:7.4f}'
#   description: Distance from center (324.97901060000+53.99900524000)[ICRS], at Epoch=J2016.0
#   meta: !!omap
#   - {ucd: POS_ANG_DIST_GENERAL}
#   - {width: 7}
#   - {precision: '4'}
# - name: HIP
#   datatype: int32
#   description: '? HIP cross-id number, van Leeuwen, Cat. I/311 (hip_original_ext_source_id)'
#   meta: !!omap
#   - {ucd: ID_NUMBER}
#   - {width: 6}
#   - values: {'null': -2147483648}
# - name: TYC2
#   datatype: string
#   description: Tycho-2 cross-id name, Hog et al., Cat. I/259 (tyc2_original_ext_source_id)
#   meta: !!omap
#   - {ucd: ID_CROSSID}
#   - {_votable_string_dtype: char}
# - name: Source
#   datatype: int64
#   description: Source identifier, identical to the Gaia-EDR3 source_id (id)
#   meta: !!omap
#   - {ucd: ID_MAIN}
#   - {width: 19}
# - name: rgeo
#   unit: pc
#   datatype: float64
#   format: '{:15.8f}'
#   description: '? Median of the geometric distance posterior (r_med_geo)'
#   meta: !!omap
#   - {ucd: PHYS_DISTANCE_TRUE}
#   - {width: 15}
#   - {precision: '8'}
#   - values: {'null': .nan}
# - name: Plx
#   unit: mas
#   datatype: float64
#   format: '{:9.4f}'
#   description: '? Parallax (parallax)'
#   meta: !!omap
#   - {ucd: POS_PARLX_TRIG}
#   - {width: 9}
#   - {precision: '4'}
#   - values: {'null': .nan}
# - name: e_Plx
#   unit: mas
#   datatype: float32
#   format: '{:7.4f}'
#   description: '? Standard error of parallax (parallax_error)'
#   meta: !!omap
#   - {ucd: ERROR}
#   - {width: 7}
#   - {precision: '4'}
#   - values: {'null': .nan}
# - name: pmRA
#   unit: mas / yr
#   datatype: float64
#   format: '{:9.3f}'
#   description: '? Proper motion in right ascension direction, pmRA*cosDE (pmra)'
#   meta: !!omap
#   - {ucd: POS_EQ_PMRA}
#   - {width: 9}
#   - {precision: '3'}
#   - values: {'null': .nan}
# - name: pmDE
#   unit: mas / yr
#   datatype: float64
#   format: '{:9.3f}'
#   description: '? Proper motion in declination direction (pmdec)'
#   meta: !!omap
#   - {ucd: POS_EQ_PMDEC}
#   - {width: 9}
#   - {precision: '3'}
#   - values: {'null': .nan}
# - name: e_pmRA
#   unit: mas / yr
#   datatype: float32
#   format: '{:6.3f}'
#   description: '? Standard error of proper motion in right ascension direction (pmra_error)'
#   meta: !!omap
#   - {ucd: ERROR}
#   - {width: 6}
#   - {precision: '3'}
#   - values: {'null': .nan}
# - name: e_pmDE
[...]
#       distance: !astropy.table.SerializedColumn
#         __class__: astropy.coordinates.distances.Distance
#         unit: !astropy.units.Unit {unit: pc}
#         value: !astropy.table.SerializedColumn {name: SkyCoord.distance}
#       frame: icrs
#       obstime: !astropy.time.Time {format: jyear_str, in_subfmt: '*', jd1: 367701545.0, jd2: 0.0, out_subfmt: '*', precision: 3, scale: tt}
#       pm_dec: !astropy.table.SerializedColumn
#         __class__: astropy.units.quantity.Quantity
#         unit: !astropy.units.Unit {unit: mas / yr}
#         value: !astropy.table.SerializedColumn {name: SkyCoord.pm_dec}
#       pm_ra_cosdec: !astropy.table.SerializedColumn
#         __class__: astropy.units.quantity.Quantity
#         unit: !astropy.units.Unit {unit: mas / yr}
#         value: !astropy.table.SerializedColumn {name: SkyCoord.pm_ra_cosdec}
#       ra: !astropy.table.SerializedColumn
#         __class__: astropy.coordinates.angles.Longitude
#         unit: *id001
#         value: !astropy.table.SerializedColumn {name: SkyCoord.ra}
#         wrap_angle: !astropy.coordinates.Angle
#           unit: *id001
#           value: 360.0
#       representation_type: spherical
# schema: astropy-2.0
RA_ICRS_1 DE_ICRS_1 e_RA_ICRS e_DE_ICRS _r_1 HIP TYC2 Source rgeo Plx e_Plx pmRA pmDE e_pmRA e_pmDE RUWE Teff logg Gmag BP-RP BPmag RPmag RV e_RV b_rgeo B_rgeo FG e_FG FBP e_FBP FRP e_FRP RAVE5 RAVE6 e_Gmag e_BPmag e_RPmag e_BP-RP SkyCoord.ra SkyCoord.dec SkyCoord.distance SkyCoord.pm_ra_cosdec SkyCoord.pm_dec rmRA rmDE e_rmRA e_rmDE rRV e_rRV v_pec v_pec3d e_vpec e_vpec3d Pmemb
325.10120397568 54.029825805 0.0126 0.0133 4.688 107012 3967-938-1 2174275383425484032 916.923889 1.0755 0.0149 -3.763 -3.445 0.017 0.017 0.9 18250.1 3.7481 8.88197 0.308114 8.977067 8.668953 "" "" 902.864868 929.537354 5274224.11154 1232.9 3504200.0 2021.5 2701300.0 1055.9 "" "" 0.0027669847174228027 0.0028596062 0.0038031358 0.0066627422 325.10120397568 54.029825805 916.923889 -3.7629999999999972 -3.445000000000001 -0.04366372871398916 0.017390899658203285 0.120090276 0.120090276 "" "" 0.20427066703828217 "" 0.02453092078392051 "" 1.0
324.63791323903 53.92532409644 0.0198 0.0211 12.8264 "" 3967-1850-1 2174229719338879872 856.039307 1.1534 0.023 -3.822 -3.656 0.027 0.026 1.704 7595.3 3.5822 10.782076 0.313419 10.88542 10.572 -32.08 5.46 839.785522 870.108276 916466.35016 200.63 604290.0 341.41 468120.0 158.75 "" "" 0.002765553119323338 0.0028568036 0.0037972748 0.006654078 324.63791323903 53.92532409644 856.039307 -3.822 -3.656 -0.10266372871398932 -0.193609100341797 0.13009028 0.12909028 -9.023499999999999 15.64075 0.8892066108271761 9.067206882317109 0.11498367227712113 15.565360520876368 0.9
325.88356560855 53.8982296064 0.0107 0.0102 32.5075 "" 3967-2446-1 2173533934632079104 965.514465 1.0171 0.0125 -3.716 -3.386 0.015 0.013 0.929 "" "" 10.882627 0.54845 11.078581 10.530131 "" "" 952.893921 977.906311 835402.79878 259.35 505810.0 523.92 486530.0 327.78 "" "" 0.0027758607210118303 0.0030082876 0.0038495166 0.006857804 325.88356560855 53.8982296064 965.514465 -3.715999999999997 -3.3859999999999966 0.0033362712860105503 0.076390899658203 0.11809028 0.11609028 "" "" 0.3499391567640984 "" 0.04062587952289389 "" 0.8
325.15222978155 53.98486443027 0.0104 0.011 6.1687 "" 3967-1672-1 2174274313965964928 929.555603 1.0235 0.0124 -3.852 -3.503 0.014 0.013 0.866 "" "" 11.810999 0.414345 11.958826 11.544481 -20.38 14.29 918.503723 938.274719 355260.64094 53.621 224850.0 125.26 191150.0 64.819 "" "" 0.002760189186756857 0.0028549754 0.0037972727 0.006652248 325.15222978155 53.98486443027 929.555603 -3.852 -3.503 -0.13266372871398913 -0.04060910034179699 0.11709028 0.11609028 2.6765000000000008 24.470749 0.6113010446802294 2.7454218650741353 0.07152524180712024 23.85643345456435 0.8
324.74775572137 53.85937356696 0.0106 0.0103 11.7017 "" 3967-3176-1 2174181753142033920 951.148926 1.0019 0.0117 -3.691 -3.475 0.013 0.013 0.951 "" "" 11.840659 0.460046 12.007581 11.547535 -22.61 5.53 941.432068 961.324158 345686.94892 51.989 214970.0 100.11 190610.0 50.62 "" "" 0.0027601543780400666 0.0028356125 0.0037903648 0.0066259773 324.74775572137 53.85937356696 951.148926 -3.690999999999999 -3.4749999999999996 0.028336271286010906 -0.012609100341796964 0.11609028 0.11609028 0.44650000000000034 15.710751 0.13982970112269455 0.4678831000539156 0.01623286954686734 14.992741777422584 0.9
324.95094100807 53.91695405707 0.0103 0.0106 5.0218 "" 3967-1668-1 2174273012603359360 921.773499 1.0431 0.0121 -3.565 -3.449 0.014 0.014 0.885 "" "" 11.958938 0.411033 12.104829 11.693796 "" "" 910.829895 932.679749 310007.09137 43.069 196560.0 88.924 166590.0 38.705 "" "" 0.002759445996526867 0.0028330751 0.0037877911 0.0066208662 324.95094100807 53.91695405707 921.773499 -3.565 -3.449 0.1543362712860108 0.013390899658203281 0.11709028 0.11709028 "" "" 0.6768604526284318 "" 0.07925377814161264 "" 0.9
324.91336159199 54.13009175408 0.0116 0.0115 8.1979 "" "" 2174326472048797440 927.90155 1.0522 0.0128 -3.751 -3.521 0.016 0.015 0.957 9751.4 4.0762 12.155535 0.388498 12.293516 11.905018 -27.78 24.43 919.218384 937.040222 258662.07998 40.561 165200.0 96.102 137140.0 45.268 "" "" 0.002760575340526546 0.0028607647 0.003796336 0.0066571007 324.91336159199 54.13009175408 927.90155 -3.750999999999999 -3.521 -0.03166372871398915 -0.05860910034179678 0.11909028 0.11809028 -4.723500000000001 34.61075 0.2929916318747196 4.732578192312159 0.03466587598200495 34.544356844159815 0.9
324.89503215495 54.01861628364 0.0097 0.0095 3.1863 "" "" 2174277337625258112 919.986084 1.0644 0.0107 -3.66 -3.614 0.013 0.013 0.907 "" "" 12.174688 0.502451 12.356912 11.854461 -24.76 17.03 911.232239 928.66626 254138.97794 30.16 155830.0 73.05 143670.0 41.739 "" "" 0.0027583313295368984 0.0028362123 0.0037925218 0.006628734 324.89503215495 54.01861628364 919.986084 -3.66 -3.614 0.0593362712860106 -0.15160910034179675 0.11609028 0.11609028 -1.7035000000000018 27.21075 0.7099579347807042 1.8455222889897833 0.08241921742324353 25.1167654933487 1.0
324.95841369622 53.9071531596 0.01 0.0099 5.5589 "" 3967-476-1 2174273008298225792 910.200562 1.078 0.0119 -3.628 -3.542 0.014 0.013 0.9 "" "" 12.242304 0.451218 12.404947 11.95373 "" "" 900.720764 919.266174 238794.94761 35.682 149090.0 68.162 131120.0 36.22 "" "" 0.0027600924007738594 0.0028339806 0.0037912636 0.0066252444 324.95841369622 53.9071531596 910.200562 -3.628 -3.541999999999999 0.09133627128601063 -0.07960910034179669 0.11709028 0.11609028 "" "" 0.5227298904315649 "" 0.06098146606263079 "" 1.0
325.07147220534 53.87568452775 0.0113 0.0119 8.0879 "" "" 2174273248814079744 923.93335 1.0673 0.0137 -3.665 -3.411 0.016 0.014 1.11 "" "" 12.26739 0.777002 12.572312 11.79531 -37.35 9.03 914.31311 934.980591 233340.7274 31.989 127790.0 64.125 151720.0 39.038 "" "" 0.0027593376478086506 0.0028428645 0.0037896927 0.006632557 325.07147220534 53.87568452775 923.93335 -3.665 -3.4110000000000005 0.05433627128601071 0.05139089965820309 0.11909028 0.11709028 -14.293500000000002 19.21075 0.3275360123520092 14.297252256618664 0.038698436077721186 19.20570881571216 0.8
325.20304905796 54.17232981639 0.0109 0.0115 13.0507 "" "" 2174285279030465152 919.24115 1.0704 0.0129 -3.641 -3.465 0.015 0.014 1.069 9201.1 4.2451 12.399453 0.457461 12.566602 12.10914 "" "" 905.796631 931.676086 206616.77025 30.929 128460.0 63.337 113630.0 33.684 "" "" 0.002760109476237348 0.0028410591 0.0037930615 0.006634121 325.20304905796 54.17232981639 919.24115 -3.641 -3.465 0.07833627128601073 -0.002609100341796733 0.11809028 0.11709028 "" "" 0.3415163077656677 "" 0.0403293793734569 "" 1.0
324.75748941473 53.60838128025 0.0099 0.0094 24.7168 "" "" 2174162855285829760 934.370056 1.0488 0.0111 -3.593 -3.53 0.013 0.012 0.959 9400.1 4.2014 12.436692 0.548306 12.640353 12.092048 "" "" 924.350098 945.940186 199650.32236 30.065 120030.0 57.556 115440.0 32.971 "" "" 0.0027601669110683107 0.0028383266 0.0037920822 0.0066304086 324.75748941473 53.60838128025 934.370056 -3.592999999999999 -3.530000000000002 0.12633627128601077 -0.06760910034179668 0.11609028 0.11509028 "" "" 0.6346163114211888 "" 0.07353197652377401 "" 0.8
324.32153680687 53.85002052302 0.0097 0.01 24.8897 "" 3967-3475-1 2174225527450449024 915.176147 1.0705 0.0113 -3.651 -3.649 0.013 0.013 0.992 "" "" 12.503548 0.641299 12.746182 12.104882 "" "" 904.131897 928.159851 187727.36036 24.805 108880.0 47.301 114080.0 35.917 "" "" 0.002759052493904481 0.0028297578 0.0037948093 0.0066245673 324.32153680687 53.85002052302 915.176147 -3.6509999999999994 -3.649000000000001 0.06833627128601094 -0.1866091003417969 0.11609028 0.11609028 "" "" 0.8620689629771091 "" 0.10007782970323033 "" 0.9
325.05730005622 53.95057255735 0.0109 0.0137 4.0096 "" "" 2174274490072305792 872.242065 1.1256 0.0139 -3.661 -3.607 0.014 0.016 1.128 "" "" 12.608359 0.851447 12.947023 12.095576 -47.1 11.91 862.45636 884.809753 170452.35184 30.885 90491.0 55.311 115060.0 37.954 "" "" 0.0027623344839264267 0.0028680067 0.0037963132 0.00666432 325.05730005622 53.95057255735 872.242065 -3.661 -3.6069999999999998 0.05833627128601071 -0.14460910034179708 0.11709028 0.11909028 -24.0435 22.09075 0.6446911730484465 24.052141670932482 0.07659729694362817 22.08281287173697 0.9
325.2091103106 53.95919092619 0.0097 0.0108 8.4632 "" "" 2174279845883843456 927.18927 1.0582 0.0121 -3.769 -3.502 0.013 0.014 1.054 9259.4 4.2086 12.640879 0.587212 12.861476 12.274264 "" "" 917.080078 936.958435 165422.80294 22.622 97910.0 43.105 97601.0 33.651 "" "" 0.002759317832240107 0.0028308176 0.0037978755 0.006628693 325.2091103106 53.95919092619 927.18927 -3.7690000000000006 -3.502 -0.049663728713989386 -0.039609100341796655 0.11609028 0.11709028 "" "" 0.2791825347373725 "" 0.03251920494134227 "" 1.0
324.98538691962 53.91070063149 0.0105 0.0113 5.3031 "" 3967-1114-1 2174272909524151168 882.993347 1.1132 0.0123 -3.78 -3.518 0.014 0.015 1.025 8260.1 4.1879 12.668566 0.595386 12.892487 12.297101 "" "" 873.992004 892.866089 161257.69988 22.194 95153.0 37.547 95569.0 26.369 "" "" 0.0027593692933181838 0.0028228704 0.003791236 0.0066141067 324.98538691962 53.91070063149 882.993347 -3.7799999999999985 -3.5180000000000016 -0.06066372871398906 -0.05560910034179667 0.11709028 0.11809028 "" "" 0.34443636563633234 "" 0.04048778646731032 "" 0.9
324.4983758612 53.63528672053 0.0097 0.01 27.6783 "" "" 2174172682170777600 912.008545 1.0768 0.0112 -3.719 -3.645 0.012 0.012 0.976 "" "" 12.696319 0.569737 12.909733 12.339995 "" "" 903.589783 921.639587 157187.97159 27.343 93653.0 63.467 91867.0 28.439 "" "" 0.0027617855348312827 0.002885555 0.0037942978 0.0066798525 324.4983758612 53.63528672053 912.008545 -3.719000000000004 -3.6450000000000062 0.00033627128601088074 -0.1826091003417969 0.11509028 0.11509028 "" "" 0.7894059624125331 "" 0.0908529538565616 "" 0.8
325.2783355901 53.74855571017 0.011 0.0117 18.3826 "" "" 2174256107612189440 919.821838 1.0686 0.0139 -3.532 -3.545 0.015 0.015 1.053 9458.5 4.0959 12.766241 0.662121 13.013082 12.350962 "" "" 910.274292 930.549194 147383.98683 24.317 85150.0 51.534 90944.0 57.598 "" "" 0.0027611373157608718 0.002866502 0.0038414279 0.00670793 325.2783355901 53.74855571017 919.821838 -3.5319999999999996 -3.545 0.1873362712860107 -0.0826091003417968 0.11809028 0.11809028 "" "" 0.8926644722102949 "" 0.10541499693407849 "" 1.0
324.53921535162 53.54220474813 0.0184 0.0175 31.5344 "" "" 2174168146685168384 892.11853 1.1082 0.0211 -3.551 -3.667 0.023 0.021 1.696 9092.8 4.2577 12.795878 0.666409 13.051161 12.384751 "" "" 877.001343 906.886536 143415.28057 25.576 82215.0 36.883 88157.0 38.355 "" "" 0.0027621151415355007 0.0028323655 0.0038087883 0.0066411537 324.53921535162 53.54220474813 892.11853 -3.551 -3.667 0.16833627128601059 -0.2046091003417967 0.12609027 0.12409028 "" "" 1.1204064371103997 "" 0.13994036821286907 "" 0.9
324.82925920206 53.78440535034 0.0104 0.0102 13.9222 "" "" 2174178179729275008 913.735168 1.074 0.0122 -3.682 -3.592 0.014 0.013 1.01 9138.6 4.3054 12.799801 0.554368 13.008301 12.453933 "" "" 904.937622 921.383179 142898.1123 22.869 85526.0 47.656 82715.0 39.399 "" "" 0.0027607935946164057 0.002855005 0.003814601 0.006669606 324.82925920206 53.78440535034 913.735168 -3.6820000000000004 -3.5919999999999996 0.0373362712860108 -0.12960910034179696 0.11709028 0.11609028 "" "" 0.5841778223078821 "" 0.06786230873735109 "" 1.0
325.0118721944 53.98742799852 0.0108 0.0136 1.3513 "" "" 2174277788607168384 923.069031 1.0672 0.0134 -3.735 -3.508 0.015 0.017 1.046 "" "" 12.8149 0.627044 13.053495 12.426452 "" "" 910.063354 936.024048 140924.47223 20.65 82039.0 40.878 84835.0 29.328 "" "" 0.0027599095617155656 0.0028421339 0.0037979747 0.0066401083 325.0118721944 53.98742799852 923.069031 -3.735 -3.508 -0.015663728713989133 -0.04560910034179688 0.11809028 0.120090276 "" "" 0.21099621090655082 "" 0.02529440388759221 "" 1.0
325.01839165805 53.9974034336 0.0108 0.0119 1.3922 "" "" 2174277788607165568 919.357178 1.0692 0.0124 -3.676 -3.648 0.017 0.017 0.931 9175.2 4.289 12.831287 0.587296 13.052734 12.465439 "" "" 906.410461 930.235291 138813.47992 26.264 82096.0 41.372 81843.0 25.129 "" "" 0.0027629674045389144 0.0028433122 0.0037940557 0.006637368 325.01839165805 53.9974034336 919.357178 -3.6760000000000006 -3.6480000000000006 0.043336271286010586 -0.185609100341797 0.120090276 0.120090276 "" "" 0.8305924194507767 "" 0.0997460728977469 "" 0.9
324.7745961376 54.04735498684 0.0133 0.0123 7.7672 "" "" 2174324724011848448 886.230957 1.1073 0.0142 -3.719 -3.403 0.019 0.016 1.025 8757.5 4.1871 12.888349 0.61205 13.121576 12.509526 "" "" 876.455688 899.295776 131706.52861 32.611 77052.0 61.545 78586.0 40.144 "" "" 0.0027684038891566537 0.0029218371 0.0038198608 0.006741698 324.7745961376 54.04735498684 886.230957 -3.7190000000000007 -3.4029999999999987 0.00033627128601088074 0.0593908996582031 0.12209028 0.11909028 "" "" 0.24948941420759116 "" 0.029711788847018708 "" 1.0
324.68754821825 53.93448338183 0.0123 0.0127 10.9916 "" "" 2174229852463237376 941.845642 1.0372 0.014 -3.608 -3.572 0.017 0.016 1.099 8086.6 4.1586 12.932035 0.629802 13.171956 12.542154 "" "" 931.075623 954.107056 126512.37229 23.309 73559.0 38.423 76260.0 30.411 "" "" 0.002762572181315481 0.0028472233 0.0038041018 0.006651325 324.68754821825 53.93448338183 941.845642 -3.6080000000000005 -3.571999999999998 0.11133627128601065 -0.10960910034179694 0.120090276 0.11909028 "" "" 0.6974952492887474 "" 0.0834198321615869 "" 1.0
325.15684317483 54.00961123339 0.0096 0.0104 6.3032 "" "" 2174280949703298688 894.095093 1.0964 0.0116 -3.705 -3.454 0.014 0.012 0.923 9002.6 4.3514 13.006108 0.679451 13.26883 12.589379 "" "" 886.184265 902.038147 118168.98531 21.684 67280.0 35.283 73014.0 22.379 "" "" 0.0027625138901447117 0.0028476734 0.0037940047 0.006641678 325.15684317483 54.00961123339 894.095093 -3.7049999999999965 -3.453999999999992 0.014336271286010671 0.008390899658202944 0.11709028 0.11509028 "" "" 0.07039894228704864 "" 0.008207335587244433 "" 1.0
324.5956931957 54.02500871033 0.0091 0.009 13.6043 "" "" 2174234254824306688 924.729919 1.0559 0.0102 -3.553 -3.498 0.012 0.012 0.973 "" "" 13.056507 0.672141 13.314683 12.642542 "" "" 915.798401 935.520447 112809.05637 22.78 64498.0 32.205 69525.0 23.681 "" "" 0.0027640294393663444 0.0028423495 0.003797432 0.0066397814 324.5956931957 54.02500871033 924.729919 -3.553 -3.498 0.1663362712860108 -0.035609100341797095 0.11509028 0.11509028 "" "" 0.7456082786717636 "" 0.08581226613770578 "" 1.0
325.14815191147 53.95619507702 0.0142 0.0142 6.4976 "" "" 2174273905956766848 926.071594 1.0531 0.0168 -3.96 -3.381 0.019 0.018 1.575 7411.0 4.0765 13.143359 0.72953 13.373178 12.643648 "" "" 912.21405 942.861389 104136.49248 24.91 61115.0 217.59 69454.0 326.82 "" "" 0.0027675333196031456 0.004767369 0.0063549653 0.011122335 325.14815191147 53.95619507702 926.071594 -3.9600000000000004 -3.3809999999999993 -0.24066372871398922 0.08139089965820334 0.12209028 0.12109028 "" "" 1.1151908324536477 "" 0.13603992323839392 "" 1.0
325.27250876936 54.34989907606 0.0102 0.0111 23.4413 "" "" 2174335581689621632 911.535583 1.0699 0.0122 -3.789 -3.318 0.013 0.013 0.973 "" "" 13.224445 0.73099 13.503067 12.772077 "" "" 902.873718 921.105164 96642.58446 17.82 54224.0 55.51 61706.0 68.527 "" "" 0.002762583814569696 0.0030034063 0.0039670607 0.006970467 325.27250876936 54.34989907606 911.535583 -3.7889999999999997 -3.3179999999999996 -0.0696637287139894 0.14439089965820306 0.11609028 0.11609028 "" "" 0.6926812936411382 "" 0.08041356726755497 "" 1.0
325.03450289023 54.13097165436 0.0096 0.0102 8.1555 "" "" 2174279747112393984 930.139038 1.0479 0.011 -3.717 -3.366 0.013 0.012 0.953 "" "" 13.296549 0.716937 13.574864 12.857927 "" "" 919.575439 940.467285 90433.03992 14.831 50754.0 35.052 57015.0 20.355 "" "" 0.002761067718586158 0.00288917 0.0037992073 0.0066883774 325.03450289023 54.13097165436 930.139038 -3.717000000000003 -3.3660000000000005 0.0023362712860106605 0.09639089965820302 0.11609028 0.11509028 "" "" 0.42509869749714796 "" 0.0489249791142517 "" 1.0
