Clusters/ASCC_114/ASCC_114_members.tsv
# %ECSV 1.0
# ---
# datatype:
# - name: RA_ICRS_1
#   unit: deg
#   datatype: float64
#   format: '{:15.11f}'
#   description: Right ascension (ICRS) at Ep=2016.0 (ra)
#   meta: !!omap
#   - {ucd: POS_EQ_RA_MAIN}
#   - {width: 15}
#   - {precision: '11'}
# - name: DE_ICRS_1
#   unit: deg
#   datatype: float64
#   format: '{:15.11f}'
#   description: Declination (ICRS) at Ep=2016.0 (dec)
#   meta: !!omap
#   - {ucd: POS_EQ_DEC_MAIN}
#   - {width: 15}
#   - {precision: '11'}
# - name: e_RA_ICRS
#   unit: mas
#   datatype: float64
#   format: '{:7.4f}'
#   description: Standard error of right ascension (ra_error)
#   meta: !!omap
#   - {ucd: ERROR}
#   - {width: 7}
#   - {precision: '4'}
# - name: e_DE_ICRS
#   unit: mas
#   datatype: float64
#   format: '{:7.4f}'
#   description: Standard error of declination (dec_error)
#   meta: !!omap
#   - {ucd: ERROR}
#   - {width: 7}
#   - {precision: '4'}
# - name: _r_1
#   unit: ''
#   datatype: float64
#   format: '{:7.4f}'
#   description: Distance from center (324.97901060000+53.99900524000)[ICRS], at Epoch=J2016.0
#   meta: !!omap
#   - {ucd: POS_ANG_DIST_GENERAL}
#   - {width: 7}
#   - {precision: '4'}
# - name: HIP
#   datatype: int32
#   description: '? HIP cross-id number, van Leeuwen, Cat. I/311 (hip_original_ext_source_id)'
#   meta: !!omap
#   - {ucd: ID_NUMBER}
#   - {width: 6}
#   - values: {'null': -2147483648}
# - name: TYC2
#   datatype: string
#   description: Tycho-2 cross-id name, Hog et al., Cat. I/259 (tyc2_original_ext_source_id)
#   meta: !!omap
#   - {ucd: ID_CROSSID}
#   - {_votable_string_dtype: char}
# - name: Source
#   datatype: int64
#   description: Source identifier, identical to the Gaia-EDR3 source_id (id)
#   meta: !!omap
#   - {ucd: ID_MAIN}
#   - {width: 19}
# - name: rgeo
#   unit: pc
#   datatype: float64
#   format: '{:15.8f}'
#   description: '? Median of the geometric distance posterior (r_med_geo)'
#   meta: !!omap
#   - {ucd: PHYS_DISTANCE_TRUE}
#   - {width: 15}
#   - {precision: '8'}
#   - values: {'null': .nan}
# - name: Plx
#   unit: mas
#   datatype: float64
#   format: '{:9.4f}'
#   description: '? Parallax (parallax)'
#   meta: !!omap
#   - {ucd: POS_PARLX_TRIG}
#   - {width: 9}
#   - {precision: '4'}
#   - values: {'null': .nan}
# - name: e_Plx
#   unit: mas
#   datatype: float32
#   format: '{:7.4f}'
#   description: '? Standard error of parallax (parallax_error)'
#   meta: !!omap
#   - {ucd: ERROR}
#   - {width: 7}
#   - {precision: '4'}
#   - values: {'null': .nan}
# - name: pmRA
#   unit: mas / yr
#   datatype: float64
#   format: '{:9.3f}'
#   description: '? Proper motion in right ascension direction, pmRA*cosDE (pmra)'
#   meta: !!omap
#   - {ucd: POS_EQ_PMRA}
#   - {width: 9}
#   - {precision: '3'}
#   - values: {'null': .nan}
# - name: pmDE
#   unit: mas / yr
#   datatype: float64
#   format: '{:9.3f}'
#   description: '? Proper motion in declination direction (pmdec)'
#   meta: !!omap
#   - {ucd: POS_EQ_PMDEC}
#   - {width: 9}
#   - {precision: '3'}
#   - values: {'null': .nan}
# - name: e_pmRA
#   unit: mas / yr
#   datatype: float32
#   format: '{:6.3f}'
#   description: '? Standard error of proper motion in right ascension direction (pmra_error)'
#   meta: !!omap
#   - {ucd: ERROR}
#   - {width: 6}
#   - {precision: '3'}
#   - values: {'null': .nan}
# - name: e_pmDE
[...]
#       distance: !astropy.table.SerializedColumn
#         __class__: astropy.coordinates.distances.Distance
#         unit: !astropy.units.Unit {unit: pc}
#         value: !astropy.table.SerializedColumn {name: SkyCoord.distance}
#       frame: icrs
#       obstime: !astropy.time.Time {format: jyear_str, in_subfmt: '*', jd1: 367701545.0, jd2: 0.0, out_subfmt: '*', precision: 3, scale: tt}
#       pm_dec: !astropy.table.SerializedColumn
#         __class__: astropy.units.quantity.Quantity
#         unit: !astropy.units.Unit {unit: mas / yr}
#         value: !astropy.table.SerializedColumn {name: SkyCoord.pm_dec}
#       pm_ra_cosdec: !astropy.table.SerializedColumn
#         __class__: astropy.units.quantity.Quantity
#         unit: !astropy.units.Unit {unit: mas / yr}
#         value: !astropy.table.SerializedColumn {name: SkyCoord.pm_ra_cosdec}
#       ra: !astropy.table.SerializedColumn
#         __class__: astropy.coordinates.angles.Longitude
#         unit: *id001
#         value: !astropy.table.SerializedColumn {name: SkyCoord.ra}
#         wrap_angle: !astropy.coordinates.Angle
#           unit: *id001
#           value: 360.0
#       representation_type: spherical
# schema: astropy-2.0
RA_ICRS_1 DE_ICRS_1 e_RA_ICRS e_DE_ICRS _r_1 HIP TYC2 Source rgeo Plx e_Plx pmRA pmDE e_pmRA e_pmDE RUWE Teff logg Gmag BP-RP BPmag RPmag RV e_RV b_rgeo B_rgeo FG e_FG FBP e_FBP FRP e_FRP RAVE5 RAVE6 e_Gmag e_BPmag e_RPmag e_BP-RP SkyCoord.ra SkyCoord.dec SkyCoord.distance SkyCoord.pm_ra_cosdec SkyCoord.pm_dec rmRA rmDE e_rmRA e_rmDE rRV e_rRV v_pec v_pec3d e_vpec e_vpec3d Pmemb
[from data line 59]
325.20575759645 53.97435003472 0.0165 0.0186 8.1349 "" "" 2174279850191690112 936.50946 1.0445 0.0206 -3.708 -3.37 0.023 0.023 1.048 "" "" 14.928102 1.36647 15.519004 14.152534 -88.47 13.79 920.178467 955.664856 20123.62921 23.881 8468.7 61.226 17304.0 104.18 "" "" 0.0030416961050023644 0.008330672 0.0075506875 0.01588136 325.20575759645 53.97435003472 936.50946 -3.7079999999999966 -3.3699999999999974 0.011336271286010557 0.09239089965820302 0.12609027 0.12609027 -65.4135 23.970749 0.41320398717624107 65.4148050504243 0.052101003655616006 23.970270678001523 1.0
325.2936252355 54.27619372492 0.0168 0.0177 19.9724 "" "" 2174288199594587008 902.633972 1.08 0.0195 -3.79 -3.224 0.022 0.021 1.002 5402.1 4.3014 14.935973 1.115645 15.399527 14.283881 "" "" 885.963684 919.100281 19978.2524 13.505 9453.8 25.968 15332.0 29.157 "" "" 0.0028513960418198275 0.004084038 0.0043066153 0.008390654 325.2936252355 54.27619372492 902.633972 -3.7899999999999996 -3.224000000000002 -0.0706637287139893 0.23839089965820293 0.12509027 0.12409028 "" "" 1.0638174359856682 "" 0.1320956398418744 "" 0.9
324.84262818892 53.96444587654 0.0164 0.0178 5.2397 "" "" 2174276723455068032 933.09845 1.0436 0.0193 -3.744 -3.374 0.022 0.023 1.004 6023.2 4.4449 14.964134 1.129927 15.444789 14.314862 "" "" 918.084961 949.122925 19466.73955 9.4788 9067.8 17.751 14901.0 18.725 "" "" 0.0028055803415454714 0.0035074872 0.0040181116 0.0075255986 324.84262818892 53.96444587654 933.09845 -3.7440000000000007 -3.3740000000000006 -0.024663728713989475 0.08839089965820301 0.12509027 0.12609027 "" "" 0.4058766870330594 "" 0.05114789219809022 "" 0.9
324.99045951918 54.08199083208 0.0185 0.019 4.9954 "" "" 2174279369155096960 916.681152 1.0689 0.0207 -3.78 -3.618 0.025 0.025 0.954 5830.5 4.2132 14.967428 1.237415 15.50333 14.265915 "" "" 897.322754 930.567749 19407.76436 21.416 8591.8 33.946 15588.0 60.638 "" "" 0.0030045289191392363 0.005117297 0.0056676446 0.010784942 324.99045951918 54.08199083208 916.681152 -3.7800000000000007 -3.6179999999999977 -0.06066372871398906 -0.15560910034179676 0.12809028 0.12809028 "" "" 0.725695152739371 "" 0.09295449335994667 "" 0.8
324.94778451838 53.79143139058 0.0162 0.0161 12.5033 "" "" 2174271088457922176 952.896667 1.0286 0.019 -3.536 -3.565 0.022 0.021 1.025 5325.4 4.1764 14.976942 1.354961 15.579381 14.22442 "" "" 931.814453 967.174561 19238.44814 14.222 8010.6 22.587 16195.0 36.723 "" "" 0.002869843719592861 0.0041421154 0.004510542 0.008652657 324.94778451838 53.79143139058 952.896667 -3.536000000000002 -3.5649999999999977 0.1833362712860107 -0.10260910034179682 0.12509027 0.12409028 "" "" 0.9489521792597762 "" 0.11847902944697974 "" 0.9
324.29770377155 53.49364645752 0.0185 0.018 38.7781 "" "" 2174169933391426048 927.15033 1.0561 0.0213 -3.444 -3.584 0.024 0.022 0.964 5890.0 4.3192 15.084316 1.193275 15.597172 14.403896 "" "" 907.300049 946.678162 17426.90903 8.8289 7880.4 17.298 13728.0 18.081 "" "" 0.0028096896792142003 0.0036694673 0.0040408736 0.007710341 324.29770377155 53.49364645752 927.15033 -3.4439999999999977 -3.584000000000004 0.2753362712860108 -0.12160910034179695 0.12709028 0.12509027 "" "" 1.3227866610698882 "" 0.16768432419352228 "" 0.8
324.88418789057 53.67707609509 0.0196 0.0185 19.6053 "" "" 2174164573272915200 922.795471 1.058 0.0235 -3.883 -3.465 0.025 0.023 1.024 5768.4 4.3546 15.14374 1.177489 15.647337 14.469848 "" "" 899.456299 948.975342 16498.74477 9.8577 7524.6 22.775 12919.0 23.798 "" "" 0.0028306555790085885 0.004310965 0.0042759604 0.008586925 324.88418789057 53.67707609509 922.795471 -3.883000000000004 -3.4650000000000007 -0.16366372871398926 -0.002609100341796733 0.12809028 0.12609027 "" "" 0.7159643807610351 "" 0.0917077150966965 "" 1.0
324.66346443375 53.94824735109 0.0185 0.018 11.5444 "" "" 2174230131655736320 903.217529 1.0781 0.0204 -3.727 -3.457 0.024 0.021 1.02 4860.1 4.2458 15.192112 1.113885 15.663635 14.54975 "" "" 886.108459 920.115723 15779.81294 15.571 7412.5 25.753 12002.0 33.114 "" "" 0.0029562848934302183 0.0046919147 0.0048225806 0.009514496 324.66346443375 53.94824735109 903.217529 -3.727 -3.457 -0.007663728713989126 0.005390899658203274 0.12709028 0.12409028 "" "" 0.040114782829343616 "" 0.005058679358591741 "" 1.0
324.58668341839 53.92081683469 0.0182 0.0193 14.6225 "" "" 2174229650619394816 918.452209 1.0624 0.0212 -3.811 -3.413 0.025 0.024 0.938 5774.6 4.372 15.227157 1.197844 15.742613 14.544769 "" "" 902.063721 935.180481 15278.61927 11.122 6892.4 18.681 12057.0 24.29 "" "" 0.0028664355867734906 0.004055225 0.004366704 0.008421929 324.58668341839 53.92081683469 918.452209 -3.8109999999999995 -3.4129999999999985 -0.0916637287139892 0.04939089965820331 0.12809028 0.12709028 "" "" 0.45329778843242025 "" 0.05796135303518878 "" 1.0
325.01546874825 54.50868902583 0.0189 0.0205 30.6077 "" "" 2174352864637959680 916.042847 1.0657 0.0223 -3.993 -3.651 0.025 0.025 0.964 5213.9 4.1513 15.229866 1.60097 15.976538 14.375567 "" "" 895.891418 932.168152 15240.54169 3.9011 5556.5 13.296 14091.0 17.52 "" "" 0.0027693005955605424 0.0038124535 0.0040132385 0.007825692 325.01546874825 54.50868902583 916.042847 -3.9929999999999986 -3.6510000000000007 -0.27366372871398914 -0.18860910034179668 0.12809028 0.12809028 "" "" 1.443134896154053 "" 0.1848515490501518 "" 0.8
324.97369970596 54.0705762271 0.02 0.0215 4.2983 "" "" 2174278991197976064 925.782776 1.0592 0.0224 -3.841 -3.435 0.027 0.029 0.993 5903.9 4.4469 15.279284 1.271323 15.844389 14.573066 "" "" 902.674133 949.762634 14562.39948 24.207 6275.7 40.53 11747.0 52.572 "" "" 0.0032938034592063996 0.007546686 0.0061558215 0.013702508 324.97369970596 54.0705762271 925.782776 -3.841 -3.435 -0.12166372871398945 0.02739089965820307 0.13009028 0.13209027 "" "" 0.5472491423733947 "" 0.07124498043438615 "" 1.0
324.75427947431 53.95843193576 0.0188 0.0196 8.2949 "" "" 2174276895253751296 936.443176 1.0476 0.0217 -3.704 -3.397 0.026 0.024 0.919 5706.1 4.4132 15.324413 1.191569 15.836836 14.645267 "" "" 921.436523 951.729919 13969.5137 16.734 6319.5 28.36 10991.0 37.168 "" "" 0.0030468577555930044 0.0056147897 0.0052691964 0.010883986 324.75427947431 53.95843193576 936.443176 -3.703999999999999 -3.396999999999999 0.015336271286010561 0.06539089965820333 0.12909028 0.12709028 "" "" 0.29812913126212737 "" 0.03792063251266268 "" 0.9
325.39330114578 54.13730714858 0.02 0.0207 16.782 "" "" 2174282873848823552 970.665222 1.0131 0.0233 -3.693 -3.488 0.028 0.027 1.035 5855.2 4.2673 15.411539 1.388183 16.028536 14.640353 "" "" 946.873352 994.360657 12892.32551 26.592 5296.7 42.433 11041.0 65.342 "" "" 0.0035506319177588267 0.009134625 0.0074545993 0.016589224 325.39330114578 54.13730714858 970.665222 -3.6930000000000005 -3.488 0.026336271286010682 -0.025609100341796864 0.13109028 0.13009028 "" "" 0.16901382099309248 "" 0.022074089770048662 "" 0.8
325.25829000704 54.07410946831 0.0204 0.0235 10.8234 "" "" 2174281533818847616 879.307983 1.1096 0.0249 -3.789 -3.441 0.028 0.03 1.075 5718.7 4.4521 15.439112 1.268388 15.986531 14.718143 "" "" 857.486694 898.358276 12569.03735 11.111 5505.6 16.521 10278.0 28.602 "" "" 0.0029177016576615866 0.0042895046 0.004838672 0.009128177 325.25829000704 54.07410946831 879.307983 -3.788999999999998 -3.4410000000000034 -0.0696637287139894 0.02139089965820329 0.13109028 0.13309027 "" "" 0.30373258460464364 "" 0.03986909489586226 "" 0.9
325.00399817452 54.04578563779 0.0237 0.0246 2.9418 "" "" 2174278166564268672 934.525879 1.0425 0.0266 -3.515 -3.569 0.033 0.034 1.095 4944.2 4.2467 15.448019 1.509829 16.130789 14.62096 "" "" 909.258545 956.056946 12466.34533 9.0836 4820.6 15.868 11240.0 21.888 "" "" 0.0028666465733897563 0.0045340913 0.004330582 0.008864673 325.00399817452 54.04578563779 934.525879 -3.515 -3.569 0.20433627128601062 -0.10660910034179683 0.13609028 0.13709028 "" "" 1.020925028723836 "" 0.1391570428574501 "" 0.9
325.20585951519 54.30688648808 0.025 0.026 20.1192 "" "" 2174335066293414144 873.528748 1.1181 0.0292 -3.631 -3.377 0.033 0.031 1.199 4665.5 4.1935 15.459126 1.485333 16.133993 14.64866 "" "" 850.125916 890.095886 12339.46273 13.016 4806.4 23.292 10957.0 33.836 "" "" 0.002983859734272949 0.005955555 0.005052247 0.011007803 325.20585951519 54.30688648808 873.528748 -3.6310000000000024 -3.3769999999999962 0.08833627128601096 0.08539089965820335 0.13609028 0.13409027 "" "" 0.5087104991725255 "" 0.06874096668310116 "" 0.8
324.74511846299 53.90489463749 0.0271 0.0277 10.0041 "" "" 2174182749574436096 907.767029 1.0773 0.0305 -3.696 -3.357 0.036 0.034 1.399 5661.5 4.4707 15.467499 1.301798 16.03501 14.733211 "" "" 885.389771 931.551941 12244.67938 15.334 5265.2 30.152 10136.0 33.111 "" "" 0.0030725367099213594 0.0068149907 0.005182965 0.011997956 324.74511846299 53.90489463749 907.767029 -3.6959999999999993 -3.357 0.023336271286010568 0.10539089965820292 0.13909027 0.13709028 "" "" 0.4644614686526272 "" 0.06371687043028264 "" 0.9
325.34815832526 54.4305997684 0.0222 0.0237 28.9538 "" "" 2174359908384843520 885.642395 1.1043 0.0261 -3.744 -3.364 0.028 0.029 1.034 5437.9 4.4544 15.471091 1.266628 16.02809 14.761461 "" "" 868.719299 907.1922 12204.22233 14.868 5298.8 26.318 9875.8 35.102 "" "" 0.0030563651731957083 0.0060716867 0.005401503 0.01147319 325.34815832526 54.4305997684 885.642395 -3.744000000000001 -3.364 -0.024663728713989475 0.09839089965820325 0.13109028 0.13209027 "" "" 0.42581874125828867 "" 0.05622142793839622 "" 0.9
325.28758435166 54.04533433865 0.021 0.0239 11.2263 "" "" 2174280503026710528 942.269409 1.0448 0.0256 -3.678 -3.381 0.029 0.029 1.032 5614.4 4.4894 15.521627 1.24104 16.06346 14.822419 "" "" 918.364136 963.722046 11649.19388 5.6906 5129.0 11.903 9336.6 17.324 "" "" 0.0028059029746517537 0.0037595097 0.0042827846 0.0080422945 325.28758435166 54.04533433865 942.269409 -3.6779999999999973 -3.381000000000002 0.041336271286010806 0.08139089965820334 0.13209027 0.13209027 "" "" 0.4077166496469512 "" 0.053855402547070746 "" 0.9
324.989195946 53.83914551756 0.0214 0.0221 9.5983 "" "" 2174271672573595648 912.157776 1.0683 0.0255 -3.641 -3.316 0.03 0.028 0.98 5674.0 4.4396 15.526798 1.260649 16.078909 14.81826 "" "" 895.695374 940.204651 11593.84343 12.198 5056.5 23.096 9372.5 28.577 "" "" 0.002982728731588028 0.005690224 0.0050242143 0.010714438 324.989195946 53.83914551756 912.157776 -3.6409999999999996 -3.3160000000000007 0.07833627128601073 0.1463908996582033 0.13309027 0.13109028 "" "" 0.7178637299130829 "" 0.09442644957892649 "" 1.0
325.50604546543 54.2238839832 0.0236 0.0229 22.9276 "" "" 2174306719507694720 897.553162 1.0857 0.0262 -3.791 -3.243 0.029 0.026 1.039 5852.8 4.5253 15.539776 1.32571 16.115505 14.789795 "" "" 875.974304 917.532288 11456.09453 12.113 4888.9 19.694 9621.4 28.393 "" "" 0.0029849084417780305 0.005187883 0.004954752 0.010142636 325.50604546543 54.2238839832 897.553162 -3.791 -3.2429999999999994 -0.07166372871398918 0.21939089965820324 0.13209027 0.12909028 "" "" 0.981910604250886 "" 0.12704209299268113 "" 0.9
324.95186342544 53.96249737426 0.0214 0.0241 2.3907 "" "" 2174276242418750080 898.721985 1.0784 0.025 -3.716 -3.488 0.029 0.035 1.024 5615.5 4.4753 15.542052 1.238551 16.07905 14.840499 "" "" 878.360657 923.087036 11432.09729 11.778 5055.9 22.494 9182.4 29.346 "" "" 0.0029737227757166366 0.005578425 0.005130686 0.010709111 324.95186342544 53.96249737426 898.721985 -3.7159999999999997 -3.4879999999999995 0.0033362712860105503 -0.025609100341796864 0.13209027 0.13809028 "" "" 0.110015160292386 "" 0.015181243936909072 "" 1.0
324.82640885512 54.07249650211 0.0248 0.0239 6.954 "" "" 2174324792731326080 920.502747 1.0534 0.0271 -3.792 -3.469 0.035 0.033 1.007 5086.2 4.3081 15.54283 1.314325 16.122587 14.808262 "" "" 901.251526 944.412292 11423.90661 12.395 4857.2 21.186 9459.2 34.084 "" "" 0.002996588571870235 0.005496565 0.005439576 0.010936141 324.82640885512 54.07249650211 920.502747 -3.7919999999999985 -3.4689999999999994 -0.07266372871398907 -0.0066091003417967364 0.13809028 0.13609028 "" "" 0.3183538621662 "" 0.04395638823369052 "" 1.0
324.88826952081 54.05515175519 0.0252 0.0266 4.6451 "" "" 2174279094277181696 895.032898 1.0919 0.0291 -3.754 -3.462 0.036 0.035 1.087 5625.6 4.4562 15.607871 1.357361 16.211527 14.854166 "" "" 874.955017 915.637085 10759.65419 15.465 4475.1 26.363 9067.6 32.096 "" "" 0.003166557451030643 0.006978206 0.0053901044 0.01236831 324.88826952081 54.05515175519 895.032898 -3.754000000000002 -3.4620000000000006 -0.03466372871398926 0.0003908996582029367 0.13909027 0.13809028 "" "" 0.14706869203556944 "" 0.020455805422254975 "" 1.0
324.93421472206 53.76976843903 0.0244 0.0245 13.8451 "" "" 2174259298768744192 845.474792 1.1579 0.0288 -3.774 -3.403 0.033 0.031 1.103 5644.0 4.5022 15.619735 1.336897 16.167482 14.830585 "" "" 827.479919 864.598938 10642.72595 7.8162 4660.4 16.845 9266.7 26.977 "" "" 0.002868380969963098 0.004815172 0.0049268845 0.009742057 324.93421472206 53.76976843903 845.474792 -3.7739999999999982 -3.402999999999999 -0.05466372871398928 0.0593908996582031 0.13609028 0.13409027 "" "" 0.32348162810144404 "" 0.0436736439467101 "" 0.9
324.80775386489 53.91907160209 0.0234 0.0243 7.717 "" "" 2174275830101878144 912.128662 1.0742 0.0263 -3.72 -3.425 0.032 0.032 0.945 5066.1 4.371 15.670372 1.308876 16.240534 14.931658 "" "" 888.65741 934.506348 10157.76006 13.435 4357.2 20.908 8443.0 27.564 "" "" 0.0031070848784190094 0.00591 0.0051815114 0.011091512 324.80775386489 53.91907160209 912.128662 -3.7200000000000006 -3.425 -0.0006637287139894532 0.0373908996582033 0.13509028 0.13509028 "" "" 0.16168464290376555 "" 0.02184202313166897 "" 1.0
325.07155176352 54.02366546155 0.025 0.0271 3.5826 "" "" 2174278235283765376 907.95636 1.0845 0.0288 -3.786 -3.674 0.039 0.038 1.046 5652.4 4.4206 15.694363 1.399639 16.322052 14.922413 "" "" 883.797546 932.447815 9935.77515 8.4439 4042.0 14.443 8515.2 25.3 "" "" 0.002905715873184884 0.0047787274 0.0049689147 0.009747642 325.07155176352 54.02366546155 907.95636 -3.7859999999999974 -3.6739999999999977 -0.06666372871398929 -0.2116091003417968 0.14209028 0.14109027 "" "" 0.9548276615302106 "" 0.1348033808340393 "" 1.0
324.54650846416 53.85427273099 0.0233 0.0272 17.5752 "" "" 2174227726473890176 918.514587 1.0632 0.0273 -3.655 -3.527 0.03 0.031 1.015 5025.9 4.3775 15.695905 1.319737 16.27583 14.956092 "" "" 892.428467 944.514587 9921.67286 12.404 4217.8 25.877 8255.1 40.409 "" "" 0.0030715252491262204 0.0072219525 0.006521498 0.013743451 324.54650846416 53.85427273099 918.514587 -3.655 -3.527 0.06433627128601094 -0.06460910034179701 0.13309027 0.13409027 "" "" 0.39696857827174903 "" 0.053032352319492805 "" 0.9
325.65816075284 54.37285059187 0.0243 0.0223 32.7366 "" "" 2174310155481834368 907.035706 1.0796 0.0266 -3.772 -3.305 0.032 0.026 1.016 5601.8 4.5522 15.725987 1.3844 16.346426 14.962026 "" "" 880.943054 930.117249 9650.54309 9.8442 3952.3 15.319 8210.1 23.321 "" "" 0.0029695787300914244 0.0050492263 0.0048780283 0.009927254 325.65816075284 54.37285059187 907.035706 -3.7719999999999994 -3.3049999999999997 -0.052663728713989055 0.15739089965820297 0.13509028 0.12909028 "" "" 0.7135542220846729 "" 0.09255295564803509 "" 0.9
325.56454840247 54.13274089637 0.0221 0.0224 22.1239 "" "" 2174294178203219968 923.682251 1.05 0.0251 -3.781 -3.235 0.029 0.027 0.946 5602.9 4.4762 15.728823 1.300156 16.297668 14.997513 "" "" 904.395447 942.674805 9625.37837 6.8232 4133.8 17.668 7946.1 17.595 "" "" 0.0028607960665274477 0.0054147053 0.004479242 0.009893947 325.56454840247 54.13274089637 923.682251 -3.781 -3.2350000000000003 -0.061663728713989396 0.22739089965820325 0.13209027 0.13009028 "" "" 1.031532190876186 "" 0.13433464466049977 "" 0.8
