Clusters/ASCC_114/ASCC_114_stars_in_region.tsv
# %ECSV 1.0
# ---
# datatype:
# - name: RA_ICRS_1
#   unit: deg
#   datatype: float64
#   format: '{:15.11f}'
#   description: Right ascension (ICRS) at Ep=2016.0 (ra)
#   meta: !!omap
#   - {ucd: POS_EQ_RA_MAIN}
#   - {width: 15}
#   - {precision: '11'}
# - name: DE_ICRS_1
#   unit: deg
#   datatype: float64
#   format: '{:15.11f}'
#   description: Declination (ICRS) at Ep=2016.0 (dec)
#   meta: !!omap
#   - {ucd: POS_EQ_DEC_MAIN}
#   - {width: 15}
#   - {precision: '11'}
# - name: e_RA_ICRS
#   unit: mas
#   datatype: float64
#   format: '{:7.4f}'
#   description: Standard error of right ascension (ra_error)
#   meta: !!omap
#   - {ucd: ERROR}
#   - {width: 7}
#   - {precision: '4'}
# - name: e_DE_ICRS
#   unit: mas
#   datatype: float64
#   format: '{:7.4f}'
#   description: Standard error of declination (dec_error)
#   meta: !!omap
#   - {ucd: ERROR}
#   - {width: 7}
#   - {precision: '4'}
# - name: _r_1
#   unit: ''
#   datatype: float64
#   format: '{:7.4f}'
#   description: Distance from center (324.97901060000+53.99900524000)[ICRS], at Epoch=J2016.0
#   meta: !!omap
#   - {ucd: POS_ANG_DIST_GENERAL}
#   - {width: 7}
#   - {precision: '4'}
# - name: HIP
#   datatype: int32
#   description: '? HIP cross-id number, van Leeuwen, Cat. I/311 (hip_original_ext_source_id)'
#   meta: !!omap
#   - {ucd: ID_NUMBER}
#   - {width: 6}
#   - values: {'null': -2147483648}
# - name: TYC2
#   datatype: string
#   description: Tycho-2 cross-id name, Hog et al., Cat. I/259 (tyc2_original_ext_source_id)
#   meta: !!omap
#   - {ucd: ID_CROSSID}
#   - {_votable_string_dtype: char}
# - name: Source
#   datatype: int64
#   description: Source identifier, identical to the Gaia-EDR3 source_id (id)
#   meta: !!omap
#   - {ucd: ID_MAIN}
#   - {width: 19}
# - name: rgeo
#   unit: pc
#   datatype: float64
#   format: '{:15.8f}'
#   description: '? Median of the geometric distance posterior (r_med_geo)'
#   meta: !!omap
#   - {ucd: PHYS_DISTANCE_TRUE}
#   - {width: 15}
#   - {precision: '8'}
#   - values: {'null': .nan}
# - name: Plx
#   unit: mas
#   datatype: float64
#   format: '{:9.4f}'
#   description: '? Parallax (parallax)'
#   meta: !!omap
#   - {ucd: POS_PARLX_TRIG}
#   - {width: 9}
#   - {precision: '4'}
#   - values: {'null': .nan}
# - name: e_Plx
#   unit: mas
#   datatype: float32
#   format: '{:7.4f}'
#   description: '? Standard error of parallax (parallax_error)'
#   meta: !!omap
#   - {ucd: ERROR}
#   - {width: 7}
#   - {precision: '4'}
#   - values: {'null': .nan}
# - name: pmRA
#   unit: mas / yr
#   datatype: float64
#   format: '{:9.3f}'
#   description: '? Proper motion in right ascension direction, pmRA*cosDE (pmra)'
#   meta: !!omap
#   - {ucd: POS_EQ_PMRA}
#   - {width: 9}
#   - {precision: '3'}
#   - values: {'null': .nan}
# - name: pmDE
#   unit: mas / yr
#   datatype: float64
#   format: '{:9.3f}'
#   description: '? Proper motion in declination direction (pmdec)'
#   meta: !!omap
#   - {ucd: POS_EQ_PMDEC}
#   - {width: 9}
#   - {precision: '3'}
#   - values: {'null': .nan}
# - name: e_pmRA
#   unit: mas / yr
#   datatype: float32
#   format: '{:6.3f}'
#   description: '? Standard error of proper motion in right ascension direction (pmra_error)'
#   meta: !!omap
#   - {ucd: ERROR}
#   - {width: 6}
#   - {precision: '3'}
#   - values: {'null': .nan}
# - name: e_pmDE
[...]
#         unit: &id001 !astropy.units.Unit {unit: deg}
#         value: !astropy.table.SerializedColumn {name: SkyCoord.dec}
#       distance: !astropy.table.SerializedColumn
#         __class__: astropy.coordinates.distances.Distance
#         unit: !astropy.units.Unit {unit: pc}
#         value: !astropy.table.SerializedColumn {name: SkyCoord.distance}
#       frame: icrs
#       obstime: !astropy.time.Time {format: jyear_str, in_subfmt: '*', jd1: 367701545.0, jd2: 0.0, out_subfmt: '*', precision: 3, scale: tt}
#       pm_dec: !astropy.table.SerializedColumn
#         __class__: astropy.units.quantity.Quantity
#         unit: !astropy.units.Unit {unit: mas / yr}
#         value: !astropy.table.SerializedColumn {name: SkyCoord.pm_dec}
#       pm_ra_cosdec: !astropy.table.SerializedColumn
#         __class__: astropy.units.quantity.Quantity
#         unit: !astropy.units.Unit {unit: mas / yr}
#         value: !astropy.table.SerializedColumn {name: SkyCoord.pm_ra_cosdec}
#       ra: !astropy.table.SerializedColumn
#         __class__: astropy.coordinates.angles.Longitude
#         unit: *id001
#         value: !astropy.table.SerializedColumn {name: SkyCoord.ra}
#         wrap_angle: !astropy.coordinates.Angle
#           unit: *id001
#           value: 360.0
#       representation_type: spherical
# schema: astropy-2.0
RA_ICRS_1 DE_ICRS_1 e_RA_ICRS e_DE_ICRS _r_1 HIP TYC2 Source rgeo Plx e_Plx pmRA pmDE e_pmRA e_pmDE RUWE Teff logg Gmag BP-RP BPmag RPmag RV e_RV b_rgeo B_rgeo FG e_FG FBP e_FBP FRP e_FRP RAVE5 RAVE6 e_Gmag e_BPmag e_RPmag e_BP-RP SkyCoord.ra SkyCoord.dec SkyCoord.distance SkyCoord.pm_ra_cosdec SkyCoord.pm_dec
[from data line 517]
324.6117303623 53.3396280076 0.0116 0.0115 41.661 "" "" 2174149798584950016 864.251709 1.1314 0.0131 3.142 3.314 0.015 0.013 1.024 5181.9 4.0859 14.087825 1.305941 14.66881 13.362869 -51.43 3.84 854.766663 875.380188 43633.17929 6.0343 18531.0 13.294 35810.0 17.897 "" "" 0.002759408516640466 0.0028968486 0.0038181369 0.0067149857 324.6117303623 53.3396280076 864.251709 3.141999999999999 3.3139999999999996
324.67269128511 54.41113735537 0.012 0.0111 26.9634 "" "" 2174348638389792256 957.778381 1.0136 0.0131 -1.152 -6.991 0.016 0.013 0.995 6661.1 4.0025 14.088214 1.357822 14.692558 13.334736 -53.67 4.88 945.704834 968.439636 43617.52329 6.449 18130.0 19.406 36751.0 15.135 "" "" 0.002759992612298253 0.0030225227 0.0038057398 0.0068282625 324.67269128511 54.41113735537 957.778381 -1.1520000000000001 -6.9910000000000005
324.80453584644 54.38242237274 0.0117 0.0119 23.8064 "" "" 2174350562535162240 1026.32776 0.9482 0.0132 -3.622 -4.806 0.016 0.015 0.961 7122.4 4.2134 14.088285 1.032673 14.516596 13.483923 "" "" 1013.97211 1041.13501 43614.65673 7.4803 21320.0 21.784 32032.0 19.335 "" "" 0.002761605479935667 0.0030026224 0.003835783 0.0068384055 324.80453584644 54.38242237274 1026.32776 -3.6220000000000008 -4.806000000000001
325.59336581451 54.2819705721 0.0129 0.0124 27.4684 "" "" 2174307303623401472 885.617554 1.1038 0.0138 2.12 -0.444 0.017 0.015 1.014 5697.1 4.1513 14.094991 1.075351 14.546654 13.471303 -27.75 3.76 874.07135 898.57074 43346.15611 7.132 20737.0 16.87 32407.0 16.848 "" "" 0.0027611053193274558 0.0029266386 0.0038213013 0.0067479396 325.59336581451 54.2819705721 885.617554 2.12 -0.44400000000000006
325.10950237429 53.34988841124 0.0124 0.0138 39.2222 "" "" 2173403573788993280 778.12207 1.2606 0.0153 3.534 3.362 0.017 0.017 0.994 5678.7 4.2403 14.095174 1.050973 14.534112 13.483139 -18.63 5.03 769.015137 788.119324 43338.84986 6.8663 20978.0 21.296 32056.0 13.737 "" "" 0.002760684521307274 0.0029999802 0.0038079135 0.0068078935 325.10950237429 53.34988841124 778.12207 3.5340000000000007 3.362
325.66436475 54.35663828382 0.0125 0.0116 32.2437 "" "" 2174310086762196864 1006.22614 0.9648 0.0138 6.573 -1.317 0.016 0.014 0.998 5854.5 4.0935 14.095503 1.073348 14.547013 13.473665 -13.21 6.98 991.810364 1020.44141 43325.68271 6.4616 20731.0 15.563 32336.0 15.761 "" "" 0.0027600742233897676 0.0029067842 0.0038162523 0.0067230365 325.66436475 54.35663828382 1006.22614 6.573 -1.3170000000000004
324.2118307912 54.69572252113 0.077 0.0767 49.6716 "" "" 2174554659378328576 958.330994 1.0256 0.0896 -0.438 -2.898 0.098 0.096 9.019 6635.1 3.7191 14.095922 0.998618 14.404551 13.405932 "" "" 880.268799 1046.20837 43308.97581 49.632 23637.0 67.061 34418.0 116.9 "" "" 0.0030232352065309785 0.0041561625 0.005280408 0.00943657 324.2118307912 54.69572252113 958.330994 -0.43800000000000017 -2.8980000000000006
325.42467958566 54.56105419457 0.0118 0.0135 37.161 "" "" 2174362794602983168 865.348083 1.128 0.0143 -2.939 -5.052 0.014 0.016 0.933 5848.0 4.2326 14.100476 0.991471 14.509432 13.517961 -39.04 7.1 854.196533 877.464233 43127.68629 7.6862 21461.0 18.823 31044.0 24.96 "" "" 0.002762106344252435 0.0029481992 0.0038788884 0.0068270876 325.42467958566 54.56105419457 865.348083 -2.9389999999999996 -5.052
324.209599682 54.7015945358 0.0123 0.0125 50.0094 "" "" 2174554659378326784 946.241882 1.0282 0.0142 -1.609 -2.135 0.015 0.015 0.974 5926.4 4.096 14.100825 1.138914 14.58565 13.446735 -8.72 5.62 932.983215 957.848755 43113.83468 7.0033 20006.0 16.408 33149.0 16.242 "" "" 0.002760958842680293 0.00292882 0.0038166381 0.006745458 324.209599682 54.7015945358 946.241882 -1.6090000000000002 -2.1350000000000002
325.28305692075 54.51002868324 0.012 0.0133 32.4606 "" "" 2174364031553409792 818.0 1.1953 0.0143 -11.022 -7.644 0.015 0.016 0.999 5729.6 4.062 14.102254 1.082099 14.558354 13.476255 -14.9 3.8 806.897217 827.167908 43057.13892 6.1539 20515.0 16.967 32259.0 15.598 "" "" 0.0027596864953479882 0.0029311061 0.003815669 0.0067467755 325.28305692075 54.51002868324 818.0 -11.022 -7.644
324.2081980695 54.33356133069 0.0119 0.0121 33.7047 "" "" 2174441684556846976 734.023499 1.3334 0.0138 -8.34 -14.137 0.017 0.015 0.952 6455.8 4.0693 14.103597 1.597661 14.849964 13.252303 -7.55 4.29 727.628784 742.198242 43003.92863 10.115 15683.0 18.346 39649.0 30.737 "" "" 0.0027671297209001544 0.003065647 0.003871973 0.00693762 324.2081980695 54.33356133069 734.023499 -8.339999999999998 -14.136999999999997
325.52770104145 54.57813558928 0.0187 0.0199 39.7071 "" "" 2174363000761424896 840.418701 1.1638 0.0219 1.634 5.229 0.026 0.026 1.833 5924.0 4.0633 14.105827 1.029544 14.520745 13.491201 -18.66 9.83 827.622498 855.993713 42915.65258 6.3814 21238.0 29.545 31818.0 86.938 "" "" 0.0027600459937367275 0.0031727566 0.004804636 0.0079773925 325.52770104145 54.57813558928 840.418701 1.6340000000000003 5.229
323.75200619669 53.6096021686 0.0128 0.0136 49.3554 "" "" 2174209618890682496 998.669006 0.9783 0.015 -8.556 -2.362 0.016 0.016 0.987 5671.2 3.9673 14.110212 1.06842 14.5602 13.49178 -17.56 4.04 985.757385 1013.50208 42742.68785 7.0751 20480.0 16.995 31801.0 20.11 "" "" 0.0027611751989514927 0.0029320326 0.0038412407 0.0067732735 323.75200619669 53.6096021686 998.669006 -8.556 -2.362
323.96371164668 53.8411169069 0.0124 0.0121 37.1047 "" "" 2174237072322317440 1006.9519 0.9637 0.0142 -5.627 -7.458 0.015 0.016 1.004 "" "" 14.111278 0.87334 14.462052 13.588713 -22.88 6.12 994.73175 1017.43677 42700.77383 6.86 22418.0 23.043 29085.0 16.036 "" "" 0.002760835749931234 0.003005082 0.0038264962 0.006831578 323.96371164668 53.8411169069 1006.9519 -5.627000000000001 -7.458
325.44946441014 53.62787131475 0.0128 0.0137 27.8138 "" "" 2173501155440700416 981.71582 0.9922 0.0148 -3.573 -3.117 0.018 0.018 1.027 6671.5 4.0916 14.117748 1.134974 14.585021 13.450047 "" "" 965.505981 994.448792 42447.04143 8.9979 20017.0 21.008 33048.0 40.8 "" "" 0.0027649159386830212 0.0030138816 0.004010042 0.007023924 325.44946441014 53.62787131475 981.71582 -3.573 -3.1169999999999995
324.7672127395 53.84727854696 0.0191 0.0205 11.7845 "" "" 2174181546970807040 1034.69983 0.9366 0.0221 -8.514 -9.43 0.025 0.027 1.887 5772.6 3.851 14.122353 1.131844 14.529105 13.397261 -19.01 7.84 1008.50061 1060.8092 42267.43489 14.638 21075.0 89.285 34694.0 185.46 "" "" 0.002780858394125792 0.0053798556 0.0069259675 0.012305823 324.7672127395 53.84727854696 1034.69983 -8.513999999999998 -9.43
323.99510207743 54.40969551515 0.0124 0.0126 42.4193 "" "" 2174456356164994560 1050.77734 0.9156 0.0144 8.722 4.292 0.018 0.016 1.024 5024.1 3.2088 14.125868 2.25804 15.317242 13.059201 4.55 1.55 1036.5824 1066.67261 42130.79831 12.735 10198.0 13.911 47367.0 32.76 "" "" 0.0027747967846915088 0.0031588823 0.003853259 0.007012141 323.99510207743 54.40969551515 1050.77734 8.722000000000001 4.292000000000002
324.1466511868 53.60229010555 0.0118 0.0122 37.9014 "" "" 2174195084721650816 1034.44775 0.9404 0.0142 -0.019 -1.527 0.015 0.016 0.97 5946.9 3.9505 14.126289 1.174585 14.630691 13.456105 -61.57 5.9 1018.97821 1047.90173 42114.42202 6.7287 19193.0 13.778 32864.0 12.181 "" "" 0.0027607754853014757 0.002896987 0.0038007465 0.0066977334 324.1466511868 53.60229010555 1034.44775 -0.018999999999999906 -1.5269999999999997
324.7552647096 54.50369851802 0.012 0.0117 31.2808 "" "" 2174355098020763008 934.41626 1.042 0.0131 9.583 1.255 0.016 0.014 0.953 5762.7 3.9585 14.127039 1.368512 14.742197 13.373685 -27.95 2.25 922.149658 945.115601 42085.3758 6.1239 17320.0 15.893 35456.0 16.88 "" "" 0.002759845879165823 0.002962706 0.003814566 0.0067772716 324.7552647096 54.50369851802 934.41626 9.583 1.255000000000001
325.93734564838 54.01047681153 0.012 0.0118 33.8006 "" "" 2173538985513595136 1086.94287 0.8904 0.014 1.343 -1.877 0.016 0.015 1.006 7439.9 4.2555 14.128034 1.082583 14.581273 13.49869 "" "" 1067.27783 1100.27649 42046.84663 6.8673 20087.0 18.327 31600.0 18.21 "" "" 0.0027610205657408898 0.0029608016 0.0038308215 0.0067916233 325.93734564838 54.01047681153 1086.94287 1.3429999999999997 -1.8769999999999996
326.18206754772 53.8172210003 0.0128 0.0126 43.8979 "" "" 2173518816347257856 1067.02393 0.911 0.015 -7.042 -5.329 0.017 0.015 0.99 7490.4 4.139 14.128785 1.101546 14.511833 13.410287 "" "" 1051.24438 1085.12 42017.73592 13.857 21413.0 173.0 34280.0 262.07 "" "" 0.002778488682058831 0.009204945 0.009120358 0.018325303 326.18206754772 53.8172210003 1067.02393 -7.042000000000001 -5.329
324.64626568421 53.34446121797 0.0119 0.0116 41.0148 "" "" 2174151207334227584 901.027283 1.08 0.0132 5.535 0.071 0.015 0.014 1.035 5759.2 4.1697 14.134734 1.138854 14.618038 13.479184 -21.97 4.34 892.881592 912.64502 41788.12633 10.506 19418.0 18.661 32172.0 27.581 "" "" 0.0027688083942626496 0.0029788844 0.0038923149 0.0068711992 324.64626568421 53.34446121797 901.027283 5.535000000000001 0.07100000000000002
324.68257592732 54.64975274012 0.0127 0.0118 40.3991 "" "" 2174545450968645504 1082.32568 0.8968 0.0145 -2.835 -5.244 0.017 0.014 1.05 7433.6 4.1632 14.136931 1.132973 14.618935 13.485962 "" "" 1067.5625 1097.91089 41703.66538 6.4594 19402.0 22.329 31972.0 14.394 "" "" 0.0027604473797512128 0.0030571844 0.0038108604 0.006868045 324.68257592732 54.64975274012 1082.32568 -2.835 -5.244
325.65485552978 54.06855073283 0.0123 0.0122 24.1784 "" "" 2174290192473597568 963.535156 1.0086 0.0143 -6.096 -6.338 0.016 0.013 1.025 6364.0 3.9353 14.137754 1.382579 14.755611 13.373033 -50.88 4.16 952.264771 975.270386 41672.11074 8.4436 17107.0 17.539 35477.0 17.439 "" "" 0.0027640885991936006 0.003004024 0.0038168791 0.006820903 325.65485552978 54.06855073283 963.535156 -6.095999999999999 -6.338000000000001
325.91934934939 54.06564957876 0.0127 0.0125 33.3774 "" "" 2173540497342229376 921.051636 1.0586 0.0147 -3.783 -4.61 0.016 0.015 1.08 6536.0 4.12 14.13863 1.205482 14.656339 13.450857 "" "" 908.466553 931.583008 41638.48374 8.7277 18745.0 18.796 33023.0 21.511 "" "" 0.002764702678169205 0.002995045 0.0038449862 0.006840031 325.91934934939 54.06564957876 921.051636 -3.783 -4.610000000000001
325.33438546673 54.40528887058 0.0133 0.014 27.3823 "" "" 2174359427348385280 931.398682 1.0458 0.0154 -3.889 -3.107 0.016 0.017 1.045 5681.5 4.1066 14.14013 1.110193 14.609319 13.499125 -19.74 9.13 917.867493 947.574158 41580.97035 9.469 19574.0 22.81 31587.0 21.642 "" "" 0.0027663913779957354 0.003063635 0.003851897 0.006915532 325.33438546673 54.40528887058 931.398682 -3.889 -3.1070000000000007
324.56000241514 54.1898797131 0.0127 0.0128 18.669 "" "" 2174341732082151936 1011.58734 0.9622 0.0141 -3.262 -5.898 0.018 0.016 1.004 6441.9 4.0556 14.144122 0.917222 14.514725 13.597503 "" "" 996.611816 1037.04724 41428.38389 7.1916 21356.0 16.74 28851.0 14.511 "" "" 0.0027617588442022936 0.002917079 0.0038186302 0.0067357095 324.56000241514 54.1898797131 1011.58734 -3.262 -5.898
324.42427921677 54.21950823049 0.0792 0.0759 23.5747 "" "" 2174251842693760128 915.623169 1.0793 0.088 -2.731 -3.473 0.11 0.096 6.916 5968.0 4.0996 14.148276 1.10254 14.586518 13.483978 -20.22 6.89 859.27832 986.235901 41270.15366 27.398 19990.0 19.995 32031.0 50.255 "" "" 0.0028480385593493405 0.002994071 0.004145542 0.007139613 324.42427921677 54.21950823049 915.623169 -2.731 -3.473
324.88716485224 54.27327747629 0.033 0.031 16.77 "" "" 2174331492880414592 935.373413 1.0456 0.0361 -2.463 -6.214 0.045 0.038 2.448 5788.7 4.132 14.148955 0.996273 14.531598 13.535325 -53.67 5.77 905.181519 969.250793 41244.38119 10.771 21027.0 22.964 30551.0 38.974 "" "" 0.002769870894925409 0.0030316762 0.004025191 0.0070568672 324.88716485224 54.27327747629 935.373413 -2.463 -6.2139999999999995
324.59560826852 53.56223411109 0.076 0.0697 29.5216 "" "" 2174168455922987776 920.93689 1.0884 0.0844 8.085 0.812 0.098 0.082 6.712 5588.2 4.1668 14.151768 1.228919 14.668208 13.439289 -34.75 5.52 854.223267 1005.81293 41137.67378 20.554 18541.0 14.763 33377.0 14.523 "" "" 0.0028082147631865624 0.002921029 0.003808794 0.006729823 324.59560826852 53.56223411109 920.93689 8.084999999999999 0.8120000000000005
325.33214147148 53.55159358147 0.0118 0.0128 29.6211 "" "" 2173499093856402304 1007.71594 0.9659 0.0144 -5.583 -3.974 0.015 0.016 0.998 6730.0 4.1647 14.153413 1.088468 14.609879 13.521411 -6.75 4.66 996.191162 1026.08826 41075.3982 6.9671 19564.0 17.263 30945.0 18.561 "" "" 0.002761467761199646 0.0029500653 0.0038350788 0.006785144 325.33214147148 53.55159358147 1007.71594 -5.583000000000002 -3.9740000000000006
325.53875879599 53.98261150186 0.0123 0.0117 19.7695 "" "" 2174266175016037120 1068.56299 0.9073 0.0147 -3.475 -4.668 0.017 0.014 0.978 6922.3 4.1905 14.160619 0.987394 14.566797 13.579403 -34.92 12.72 1053.18591 1085.81311 40803.65396 6.5576 20356.0 13.953 29336.0 16.965 "" "" 0.0027608397476590997 0.0028877165 0.0038311828 0.006718899 325.53875879599 53.98261150186 1068.56299 -3.4749999999999996 -4.667999999999999
324.71324411368 53.3188318465 0.0117 0.012 41.89 "" "" 2174150245261575552 930.93042 1.0493 0.0133 -3.765 -3.526 0.015 0.015 1.013 6543.7 4.2384 14.161756 1.024679 14.585723 13.561044 -36.33 7.24 921.194092 941.765076 40760.94648 6.4736 20005.0 11.939 29836.0 14.365 "" "" 0.0027607106513209113 0.0028644216 0.0038153622 0.0066797836 324.71324411368 53.3188318465 930.93042 -3.7650000000000006 -3.5260000000000007
325.45434678496 53.66355890862 0.0124 0.0132 26.2371 "" "" 2173504316536881664 929.572815 1.0424 0.0146 0.105 -6.328 0.017 0.017 1.07 "" "" 14.162417 1.425354 14.810016 13.384662 -34.33 4.13 919.208069 941.434753 40736.1205 7.3742 16271.0 14.665 35099.0 15.901 "" "" 0.002762321288946822 0.002956797 0.0038112553 0.0067680525 325.45434678496 53.66355890862 929.572815 0.10500000000000043 -6.328
324.64875612708 53.53333109931 0.0136 0.0131 30.296 "" "" 2174156361295101184 886.876709 1.0964 0.0148 -10.013 -11.089 0.017 0.016 1.043 6128.7 4.0528 14.162875 1.135861 14.636469 13.500607 -13.57 3.48 877.77417 897.912903 40718.94831 7.2551 19091.0 30.067 31544.0 42.162 "" "" 0.0027621029529716354 0.0032724622 0.004048422 0.007320884 324.64875612708 53.53333109931 886.876709 -10.013 -11.089000000000002
324.89003252078 54.03443332915 0.014 0.0135 3.7892 "" "" 2174277548089121408 913.247192 1.0699 0.0149 -3.83 -3.418 0.019 0.018 0.984 6806.6 4.1393 14.162914 1.068087 14.608982 13.540895 "" "" 897.369019 926.481384 40717.47942 7.1286 19581.0 22.138 30395.0 21.089 "" "" 0.002761869237128259 0.0030482532 0.0038537274 0.0069019804 324.89003252078 54.03443332915 913.247192 -3.8299999999999996 -3.418000000000001
323.80853633527 53.85891459796 0.013 0.0134 42.1948 "" "" 2174216971874836608 777.985352 1.2584 0.0152 2.7 -1.526 0.015 0.015 1.014 5490.4 4.2053 14.165625 1.146827 14.656983 13.510157 -12.15 5.28 769.351868 788.238098 40615.97458 13.815 18734.0 24.195 31268.0 28.615 "" "" 0.00277995886085413 0.003122707 0.0039078123 0.007030519 323.80853633527 53.85891459796 777.985352 2.7000000000000006 -1.5260000000000002
325.69684600413 54.09559336519 0.0124 0.012 25.9427 "" "" 2174290604790456960 809.083191 1.2091 0.0138 -1.186 -1.007 0.016 0.014 1.059 6048.1 4.0762 14.170128 1.21781 14.694885 13.477076 -14.46 4.73 798.920776 818.670898 40447.85409 7.3612 18091.0 14.812 32235.0 19.348 "" "" 0.0027623963247771846 0.0029283569 0.0038351545 0.0067635113 325.69684600413 54.09559336519 809.083191 -1.186 -1.007
325.91975258476 54.21140421574 0.0131 0.0126 35.462 "" "" 2174298541890349824 839.774902 1.1645 0.0149 -2.284 -1.751 0.016 0.016 1.004 6052.8 4.1311 14.170362 1.106106 14.635033 13.528927 -8.24 5.38 829.655212 851.94635 40439.12323 7.8816 19116.0 12.998 30732.0 15.312 "" "" 0.0027634341592491928 0.0028861847 0.0038179005 0.0067040855 325.91975258476 54.21140421574 839.774902 -2.284 -1.751
