Clusters/Haffner_13/Haffner_13_members.tsv
# %ECSV 1.0
# ---
# datatype:
# - name: RA_ICRS_1
#   unit: deg
#   datatype: float64
#   format: '{:15.11f}'
#   description: Right ascension (ICRS) at Ep=2016.0 (ra)
#   meta: !!omap
#   - {ucd: POS_EQ_RA_MAIN}
#   - {width: 15}
#   - {precision: '11'}
# - name: DE_ICRS_1
#   unit: deg
#   datatype: float64
#   format: '{:15.11f}'
#   description: Declination (ICRS) at Ep=2016.0 (dec)
#   meta: !!omap
#   - {ucd: POS_EQ_DEC_MAIN}
#   - {width: 15}
#   - {precision: '11'}
# - name: e_RA_ICRS
#   unit: mas
#   datatype: float64
#   format: '{:7.4f}'
#   description: Standard error of right ascension (ra_error)
#   meta: !!omap
#   - {ucd: ERROR}
#   - {width: 7}
#   - {precision: '4'}
# - name: e_DE_ICRS
#   unit: mas
#   datatype: float64
#   format: '{:7.4f}'
#   description: Standard error of declination (dec_error)
#   meta: !!omap
#   - {ucd: ERROR}
#   - {width: 7}
#   - {precision: '4'}
# - name: _r_1
#   unit: ''
#   datatype: float64
#   format: '{:7.4f}'
#   description: Distance from center (115.24060640000-30.06850608000)[ICRS], at Epoch=J2016.0
#   meta: !!omap
#   - {ucd: POS_ANG_DIST_GENERAL}
#   - {width: 7}
#   - {precision: '4'}
# - name: HIP
#   datatype: int32
#   description: '? HIP cross-id number, van Leeuwen, Cat. I/311 (hip_original_ext_source_id)'
#   meta: !!omap
#   - {ucd: ID_NUMBER}
#   - {width: 6}
#   - values: {'null': -2147483648}
# - name: TYC2
#   datatype: string
#   description: Tycho-2 cross-id name, Hog et al., Cat. I/259 (tyc2_original_ext_source_id)
#   meta: !!omap
#   - {ucd: ID_CROSSID}
#   - {_votable_string_dtype: char}
# - name: Source
#   datatype: int64
#   description: Source identifier, identical to the Gaia-EDR3 source_id (id)
#   meta: !!omap
#   - {ucd: ID_MAIN}
#   - {width: 19}
# - name: rgeo
#   unit: pc
#   datatype: float64
#   format: '{:15.8f}'
#   description: '? Median of the geometric distance posterior (r_med_geo)'
#   meta: !!omap
#   - {ucd: PHYS_DISTANCE_TRUE}
#   - {width: 15}
#   - {precision: '8'}
#   - values: {'null': .nan}
# - name: Plx
#   unit: mas
#   datatype: float64
#   format: '{:9.4f}'
#   description: '? Parallax (parallax)'
#   meta: !!omap
#   - {ucd: POS_PARLX_TRIG}
#   - {width: 9}
#   - {precision: '4'}
#   - values: {'null': .nan}
# - name: e_Plx
#   unit: mas
#   datatype: float32
#   format: '{:7.4f}'
#   description: '? Standard error of parallax (parallax_error)'
#   meta: !!omap
#   - {ucd: ERROR}
#   - {width: 7}
#   - {precision: '4'}
#   - values: {'null': .nan}
# - name: pmRA
#   unit: mas / yr
#   datatype: float64
#   format: '{:9.3f}'
#   description: '? Proper motion in right ascension direction, pmRA*cosDE (pmra)'
#   meta: !!omap
#   - {ucd: POS_EQ_PMRA}
#   - {width: 9}
#   - {precision: '3'}
#   - values: {'null': .nan}
# - name: pmDE
#   unit: mas / yr
#   datatype: float64
#   format: '{:9.3f}'
#   description: '? Proper motion in declination direction (pmdec)'
#   meta: !!omap
#   - {ucd: POS_EQ_PMDEC}
#   - {width: 9}
#   - {precision: '3'}
#   - values: {'null': .nan}
# - name: e_pmRA
#   unit: mas / yr
#   datatype: float32
#   format: '{:6.3f}'
#   description: '? Standard error of proper motion in right ascension direction (pmra_error)'
#   meta: !!omap
#   - {ucd: ERROR}
#   - {width: 6}
#   - {precision: '3'}
#   - values: {'null': .nan}
# - name: e_pmDE
[...]
#       distance: !astropy.table.SerializedColumn
#         __class__: astropy.coordinates.distances.Distance
#         unit: !astropy.units.Unit {unit: pc}
#         value: !astropy.table.SerializedColumn {name: SkyCoord.distance}
#       frame: icrs
#       obstime: !astropy.time.Time {format: jyear_str, in_subfmt: '*', jd1: 367701545.0, jd2: 0.0, out_subfmt: '*', precision: 3, scale: tt}
#       pm_dec: !astropy.table.SerializedColumn
#         __class__: astropy.units.quantity.Quantity
#         unit: !astropy.units.Unit {unit: mas / yr}
#         value: !astropy.table.SerializedColumn {name: SkyCoord.pm_dec}
#       pm_ra_cosdec: !astropy.table.SerializedColumn
#         __class__: astropy.units.quantity.Quantity
#         unit: !astropy.units.Unit {unit: mas / yr}
#         value: !astropy.table.SerializedColumn {name: SkyCoord.pm_ra_cosdec}
#       ra: !astropy.table.SerializedColumn
#         __class__: astropy.coordinates.angles.Longitude
#         unit: *id001
#         value: !astropy.table.SerializedColumn {name: SkyCoord.ra}
#         wrap_angle: !astropy.coordinates.Angle
#           unit: *id001
#           value: 360.0
#       representation_type: spherical
# schema: astropy-2.0
RA_ICRS_1 DE_ICRS_1 e_RA_ICRS e_DE_ICRS _r_1 HIP TYC2 Source rgeo Plx e_Plx pmRA pmDE e_pmRA e_pmDE RUWE Teff logg Gmag BP-RP BPmag RPmag RV e_RV b_rgeo B_rgeo FG e_FG FBP e_FBP FRP e_FRP RAVE5 RAVE6 e_Gmag e_BPmag e_RPmag e_BP-RP SkyCoord.ra SkyCoord.dec SkyCoord.distance SkyCoord.pm_ra_cosdec SkyCoord.pm_dec rmRA rmDE e_rmRA e_rmDE rRV e_rRV v_pec v_pec3d e_vpec e_vpec3d Pmemb
115.52773255615 -30.18628474842 0.0236 0.0296 16.4911 37524 7106-3581-1 5598894735444791808 572.961609 1.7291 0.0355 -6.369 5.668 0.033 0.037 1.028 15025.9 3.6591 6.917499 -0.235642 6.826306 7.061949 "" "" 560.836304 583.266235 32206786.14554 14527.0 25404000.0 29577.0 11868000.0 11371.0 "" "" 0.0027985032814230064 0.0030631616 0.0039199344 0.006983096 115.52773255615 -30.18628474842 572.961609 -6.369 5.668 -0.2018118324279783 -0.2522308654785155 0.2683356 0.27233562 "" "" 0.8772973440091113 "" 0.23755581583375782 "" 1.0
115.12088291329 -30.04942960245 0.0247 0.0334 6.3218 37388 7106-91-1 5599286883135332864 551.062378 1.801 0.0388 -6.159 5.838 0.033 0.046 1.316 15485.1 3.9735 7.772612 -0.232184 7.679329 7.911513 "" "" 538.835266 562.986084 14652171.78532 7413.3 11579000.0 10556.0 5426900.0 5123.8 "" "" 0.0028095468702068705 0.0029605364 0.0039159353 0.0068764715 115.12088291329 -30.04942960245 551.062378 -6.158999999999999 5.837999999999999 0.008188167572021676 -0.08223086547851555 0.2683356 0.28133562 "" "" 0.21585217556697978 "" 0.06069998680429282 "" 1.0
115.21561694425 -30.00996854612 0.0225 0.0264 3.7444 "" 7106-363-1 5599287673409195904 559.205078 1.7831 0.0336 -6.377 5.805 0.03 0.034 1.072 13473.3 3.9253 8.293307 -0.147874 8.228569 8.376443 "" "" 549.495972 571.184814 9070342.77337 2742.3 6982200.0 2419.8 3536600.0 1102.7 "" "" 0.002774805010123172 0.002815428 0.003794513 0.006609941 115.21561694425 -30.00996854612 559.205078 -6.376999999999999 5.805 -0.2098118324279783 -0.11523086547851591 0.26533562 0.26933563 "" "" 0.6344882237389586 "" 0.16894385050172533 "" 0.9
115.46329407815 -30.10508631875 0.0146 0.0193 11.7675 "" 7106-321-1 5598907856555244928 571.293823 1.7369 0.0225 -6.33 6.347 0.019 0.024 1.037 "" "" 9.345366 -0.082355 9.30856 9.390915 28.61 3.46 563.878418 578.62616 3441918.20745 789.13 2582200.0 947.25 1389300.0 408.98 "" "" 0.002766541910873977 0.002818454 0.0037928727 0.0066113267 115.46329407815 -30.10508631875 571.293823 -6.329999999999998 6.347000000000003 -0.1628118324279786 0.4267691345214848 0.2543356 0.2593356 -3.672816901408453 6.391756 1.236904664173708 3.875502179011936 0.31999430671445295 6.058333857821316 1.0
115.53178724909 -30.20233900409 0.0187 0.0219 17.1107 "" "" 5598894632365579904 582.559082 1.7022 0.028 -6.025 6.244 0.026 0.028 1.478 11053.4 4.1957 9.352478 -0.015154 9.340223 9.355377 "" "" 570.693481 593.438171 3419445.29429 955.33 2508000.0 1217.4 1435500.0 482.96 "" "" 0.0027719670506304328 0.0028395075 0.0037969938 0.0066365013 115.53178724909 -30.20233900409 582.559082 -6.024999999999999 6.2440000000000015 0.14218816757202113 0.32376913452148415 0.2613356 0.26333562 "" "" 0.9764491277954119 "" 0.25681908733427733 "" 0.8
115.07164937866 -29.96035333634 0.0166 0.0188 10.9161 "" 6551-296-1 5599291139440646144 561.288391 1.7719 0.0251 -6.353 5.947 0.022 0.026 1.159 "" "" 9.649772 -0.057561 9.622349 9.67991 22.07 5.8 554.381653 568.38208 2600387.90423 725.4 1934100.0 786.87 1064600.0 313.78 "" "" 0.0027719168086122446 0.0028249186 0.0037929057 0.0066178245 115.07164937866 -29.96035333634 561.288391 -6.352999999999999 5.947 -0.18581183242797827 0.02676913452148444 0.2573356 0.2613356 -10.212816901408452 8.731756 0.49945747532034773 10.225022583415036 0.12856912175836988 8.721335312132778 1.0
115.08211232453 -30.07285283931 0.0148 0.0183 8.2339 "" 7106-663-1 5599286535235711488 553.136353 1.79 0.0223 -6.402 5.949 0.021 0.025 1.156 "" "" 9.722879 -0.036841 9.701634 9.738476 26.64 4.2 546.694153 560.680969 2431056.21681 739.52 1797900.0 726.9 1008700.0 403.0 "" "" 0.0027750446412085263 0.0028244897 0.0038041938 0.006628684 115.08211232453 -30.07285283931 553.136353 -6.402000000000001 5.949000000000002 -0.23481183242797865 0.02876913452148422 0.25633562 0.26033562 -5.642816901408452 7.131756 0.6202487895867078 5.676802898093667 0.1590288294539713 7.089080584952763 1.0
114.89143397841 -29.80465678889 0.0163 0.0196 24.0879 "" 6551-3265-1 5599308632849807104 553.076111 1.7863 0.0238 -6.192 6.074 0.022 0.025 1.004 "" "" 9.729401 -0.07998 9.694652 9.774631 "" "" 546.537231 559.906433 2416499.2864 581.79 1809500.0 894.47 975680.0 368.99 "" "" 0.002767691966774525 0.0028413192 0.003801622 0.0066429414 114.89143397841 -29.80465678889 553.076111 -6.192 6.074 -0.024811832427978686 0.15376913452148422 0.2573356 0.26033562 "" "" 0.40833233851677136 "" 0.10627254357773724 "" 1.0
115.24071156428 -29.74300058243 0.0147 0.0172 19.5303 "" 6552-773-1 5599671231170689664 552.350281 1.7964 0.0221 -6.454 5.687 0.02 0.022 1.104 10383.1 4.0814 9.755983 -0.037371 9.73738 9.774751 28.32 3.74 546.079102 559.937805 2358052.28379 612.88 1739700.0 567.41 975570.0 284.54 "" "" 0.002769733258203293 0.0028125518 0.0037926254 0.006605177 115.24071156428 -29.74300058243 552.350281 -6.453999999999999 5.686999999999999 -0.28681183242797825 -0.23323086547851535 0.25533563 0.2573356 -3.962816901408452 6.671756 0.9678541510305949 4.079296440779419 0.24789995871272144 6.481518479178715 1.0
115.08916153256 -30.0985825555 0.0141 0.0174 8.0671 "" "" 5599286161580897536 564.753357 1.763 0.0211 -6.253 5.871 0.02 0.023 1.067 "" "" 9.908201 -0.017491 9.896344 9.913836 20.67 5.39 555.87439 571.563416 2049587.37074 545.13 1502700.0 679.2 858270.0 225.23 "" "" 0.002770411481876521 0.0028329971 0.0037901066 0.0066231037 115.08916153256 -30.0985825555 564.753357 -6.252999999999998 5.871 -0.08581183242797863 -0.049230865478515184 0.25533563 0.25833562 -11.61281690140845 8.321755 0.26483153242883917 11.615836264609035 0.06781853607424126 8.319592436856748 1.0
115.10073460137 -30.10727509361 0.0129 0.0161 7.625 "" "" 5599286092861413632 548.215393 1.8089 0.0189 -6.112 6.001 0.018 0.021 1.075 10186.0 4.1329 10.033233 -0.012747 10.023956 10.036703 38.71 6.46 541.895447 554.215332 1826643.26672 416.06 1336100.0 486.82 766440.0 175.25 "" "" 0.002766396098293007 0.0028180748 0.0037875269 0.006605602 115.10073460137 -30.10727509361 548.215393 -6.112 6.0009999999999994 0.055188167572021385 0.08076913452148471 0.25333562 0.25633562 6.427183098591549 9.391756 0.254197704851892 6.432207945641436 0.06491818057414357 9.384419559536182 1.0
115.20812136571 -30.04225573002 0.0097 0.0118 2.308 "" "" 5599287467250793344 542.722656 1.8303 0.0144 -6.305 5.906 0.013 0.016 1.009 9038.8 4.3021 10.653808 0.162123 10.707495 10.545372 28.8 2.68 537.814331 546.858704 1031391.79854 242.81 711900.0 375.09 479740.0 194.34 "" "" 0.002767150641526767 0.00284821 0.003804888 0.0066530984 115.20812136571 -30.04225573002 542.722656 -6.305 5.906 -0.13781183242797823 -0.01423086547851593 0.24833561 0.25133562 -3.4828169014084516 5.611756 0.3564068462306659 3.5010054853965107 0.08851986178699475 5.5826086701455955 1.0
115.17127997296 -29.9288488353 0.0118 0.0134 9.121 "" 6552-959-1 5599292174534916608 552.34137 1.7892 0.0172 -6.069 5.657 0.016 0.017 1.08 8235.4 4.272 10.972571 0.189464 11.035432 10.845968 29.42 3.5 547.590942 557.653625 768985.61991 200.64 526310.0 248.79 363720.0 99.753 "" "" 0.002769844725548218 0.0028369804 0.003791094 0.0066280747 115.17127997296 -29.9288488353 552.34137 -6.068999999999999 5.657 0.09818816757202153 -0.2632308654785156 0.25133562 0.2523356 -2.8628169014084506 6.431756 0.7355476810480661 2.955799553773068 0.1855151868406595 6.229598834579363 1.0
115.07770148812 -30.04406366082 0.0107 0.0134 8.5862 "" "" 5599289528835234048 557.630371 1.769 0.0164 -6.179 6.041 0.014 0.018 1.115 9028.9 4.354 10.974776 0.186267 11.035842 10.849575 27.41 5.3 553.094421 562.387878 767425.52757 221.18 526110.0 401.79 362520.0 174.42 "" "" 0.002773032381474451 0.00291077 0.0038153126 0.0067260824 115.07770148812 -30.04406366082 557.630371 -6.179 6.041 -0.011811832427978786 0.12076913452148474 0.24933562 0.25333562 -4.872816901408452 8.231756 0.3207362420173633 4.883361167433276 0.08124185521007705 8.213983745666644 1.0
115.4339340371 -30.28094713051 0.0106 0.0141 16.2182 "" "" 5598518668108349568 549.524841 1.7861 0.0165 -5.82 5.823 0.015 0.02 0.908 7947.5 4.2629 11.164024 0.25605 11.252157 10.996107 35.58 6.34 544.500244 553.757385 644669.28973 161.15 431080.0 243.31 316750.0 89.381 "" "" 0.0027686549072134608 0.0028566737 0.0037917795 0.006648453 115.4339340371 -30.28094713051 549.524841 -5.820000000000001 5.823 0.3471881675720212 -0.09723086547851523 0.2503356 0.25533563 3.297183098591546 9.271756 0.9391315499597326 3.42832093797642 0.2354427173366786 8.917332395772485 1.0
115.57671533975 -30.143683151 0.0101 0.0128 18.0197 "" "" 5598895285200549376 557.200256 1.7554 0.0152 -6.034 6.01 0.014 0.016 1.034 7982.4 4.2263 11.201754 0.287767 11.304036 11.016269 33.86 1.05 552.76593 562.351624 622651.75392 209.46 410960.0 216.21 310920.0 122.08 "" "" 0.0027794227474982423 0.0028480408 0.0038033489 0.0066513894 115.57671533975 -30.143683151 557.200256 -6.033999999999999 6.01 0.13318816757202168 0.08976913452148416 0.24933562 0.25133562 1.5771830985915472 3.9817557 0.4242083171383522 1.633235813595877 0.10603599539902518 3.845200359206479 1.0
114.74378014685 -29.48513584565 0.0139 0.017 43.5269 "" 6551-3263-1 5599375874859423104 536.193726 1.828 0.0207 -6.428 6.106 0.018 0.023 1.352 "" "" 11.248357 0.321521 11.359842 11.038322 32.56 1.29 530.624023 541.73114 596491.05569 276.36 390370.0 215.06 304670.0 112.03 "" "" 0.002800862452010272 0.002853564 0.00380041 0.006653974 114.74378014685 -29.48513584565 536.193726 -6.427999999999999 6.106000000000002 -0.26081183242797845 0.18576913452148425 0.25333562 0.25833562 0.27718309859155 4.221756 0.8138265734107404 0.8597349369045555 0.20754974297254483 1.3752226637099805 0.9
115.00038683357 -29.81428801968 0.0113 0.0132 19.7141 "" 6551-2738-1 5599306262027750272 542.539673 1.8096 0.0164 -6.038 5.951 0.015 0.017 1.093 7797.7 4.2101 11.260398 0.34213 11.384524 11.042395 35.61 7.0 537.595886 546.929626 589912.33924 224.89 381600.0 125.33 303530.0 91.178 "" "" 0.00278623612006465 0.0028128643 0.0037934284 0.006606293 115.00038683357 -29.81428801968 542.539673 -6.038 5.950999999999999 0.12918816757202123 0.030769134521484 0.2503356 0.2523356 3.327183098591547 9.931756 0.3415182026234212 3.3446647147773096 0.0855309703763697 9.879849400803563 1.0
115.0936282423 -29.79827021149 0.0096 0.0117 17.9249 "" 6551-2802-1 5599305815351045888 547.245972 1.7865 0.0147 -6.25 5.882 0.013 0.015 1.124 7322.3 4.1972 11.642611 0.432396 11.798609 11.366213 30.85 4.79 543.500427 551.815247 414860.46338 351.52 260600.0 788.47 225250.0 434.0 "" "" 0.002904845742536828 0.0043100184 0.0043197153 0.008629734 115.0936282423 -29.79827021149 547.245972 -6.25 5.882 -0.08281183242797852 -0.03823086547851595 0.24833561 0.2503356 -1.4328169014084509 7.721756 0.23659571966501494 1.4522196140823607 0.058838551557628974 7.6185937232873595 1.0
115.27302318183 -30.98723866049 0.0086 0.0108 55.1494 "" 7106-1562-1 5598424041386147456 533.161072 1.8329 0.0133 -5.861 6.189 0.012 0.015 1.035 7106.8 4.2393 11.774035 0.470097 11.945478 11.475382 32.66 1.83 528.87616 537.183533 367563.63568 87.855 227630.0 189.46 203710.0 107.18 "" "" 0.0027675144324268985 0.0029328617 0.00382231 0.0067551713 115.27302318183 -30.98723866049 533.161072 -5.860999999999999 6.188999999999999 0.3061881675720217 0.26876913452148443 0.24733561 0.2503356 0.3771830985915443 4.761756 1.0296157437576399 1.0965289187507625 0.2560094621627907 1.655490614059827 0.8
115.3278307731 -29.89671134243 0.0074 0.0093 11.2604 "" "" 5599664874619096832 549.195435 1.7844 0.0113 -6.287 5.669 0.01 0.012 0.875 6688.7 4.2167 11.958694 0.537219 12.157686 11.620467 34.35 2.31 545.915466 552.76593 310076.74416 42.761 187220.0 60.504 178230.0 59.393 "" "" 0.0027593854159777592 0.0028121457 0.0037966608 0.0066088066 115.3278307731 -29.89671134243 549.195435 -6.287000000000001 5.668999999999999 -0.11981183242797844 -0.25123086547851603 0.24533562 0.24733561 2.067183098591549 5.2417555 0.724564660153637 2.1904885094074595 0.17894302000827944 4.9470444515358905 1.0
115.10585120023 -29.76974405298 0.0065 0.0079 19.2468 "" "" 5599681917049444096 537.475647 1.8347 0.0101 -5.811 6.01 0.009 0.01 0.97 6468.6 4.2314 12.300023 0.614246 12.532541 11.918295 35.7 5.19 534.430359 539.834778 226431.8251 36.729 132560.0 61.73 135470.0 49.852 "" "" 0.002760942925439767 0.0028356095 0.0038004422 0.0066360515 115.10585120023 -29.76974405298 537.475647 -5.811 6.010000000000002 0.35618816757202154 0.08976913452148416 0.24433562 0.24533562 3.4171830985915506 8.121756 0.9358128239228086 3.5430052174274502 0.22870840633378417 7.833562051948661 1.0
115.72085342629 -30.31441833649 0.0077 0.0101 28.9484 "" "" 5598842676131580416 550.978271 1.7904 0.0113 -6.045 5.976 0.01 0.012 0.963 6408.0 4.2598 12.330008 0.611891 12.561837 11.949946 36.32 3.75 547.111938 554.549072 220264.17369 50.04 129030.0 71.994 131580.0 45.901 "" "" 0.0027663387871391548 0.0028551782 0.003798313 0.0066534914 115.72085342629 -30.31441833649 550.978271 -6.044999999999997 5.976000000000004 0.12218816757202156 0.055769134521484354 0.24533562 0.24733561 4.037183098591548 6.681756 0.35077838270131756 4.052393471187591 0.08617979136626601 6.656680700331325 1.0
115.68443649581 -30.27426334103 0.0066 0.0083 26.1233 "" "" 5598889955136778112 548.458496 1.7912 0.0098 -6.178 5.853 0.009 0.01 0.912 6394.9 4.2439 12.3607 0.610802 12.589973 11.979172 45.09 14.84 545.838562 551.872375 214124.78927 36.497 125730.0 59.452 128080.0 53.126 "" "" 0.002761528004554021 0.0028370095 0.003806119 0.0066431286 115.68443649581 -30.27426334103 548.458496 -6.178000000000003 5.853000000000003 -0.010811832427978452 -0.06723086547851587 0.24433562 0.24533562 12.807183098591551 17.771755 0.17702527278321242 12.808406492146204 0.04342615175163051 17.770057761372748 1.0
115.37764102625 -30.15949587265 0.0062 0.009 8.9661 "" 7106-271-1 5598532034046558720 549.456116 1.7942 0.0096 -6.107 6.072 0.008 0.011 0.932 6405.5 4.2841 12.496811 0.625393 12.735835 12.110442 34.15 2.89 546.738708 552.261536 188895.817 28.556 109920.0 40.702 113500.0 51.747 "" "" 0.002760204606863517 0.0028189856 0.0038116612 0.006630647 115.37764102625 -30.15949587265 549.456116 -6.1069999999999975 6.0719999999999965 0.06018816757202128 0.15176913452148444 0.24333562 0.24633563 1.8671830985915463 5.821756 0.4252191354123273 1.914989304614189 0.10457417330322305 5.676467810145228 1.0
114.63233151275 -29.75572125884 0.0074 0.0093 36.7826 "" "" 5599353953346614400 548.841125 1.7974 0.0114 -5.83 5.925 0.01 0.012 1.082 6148.7 4.2301 12.614837 0.681024 12.877674 12.196651 23.36 4.57 545.792358 552.305847 169438.4768 118.98 96460.0 217.94 104830.0 189.14 "" "" 0.0028588550414088906 0.0037152003 0.004256899 0.007972099 114.63233151275 -29.75572125884 548.841125 -5.83 5.924999999999997 0.3371881675720214 0.004769134521484197 0.24533562 0.24733561 -8.922816901408453 7.5017557 0.8772850919525828 8.965840205391942 0.21522963748489096 7.465787640299239 1.0
115.84772269209 -30.23785432795 0.0077 0.0095 33.0962 "" "" 5598844634636662528 554.097839 1.7796 0.0115 -5.944 6.044 0.01 0.011 1.054 6211.6 4.2805 12.646307 0.659767 12.900269 12.240501 31.25 3.07 550.705078 557.056946 164597.79378 38.041 94473.0 58.08 100680.0 61.328 "" "" 0.0027667228204642223 0.0028689 0.0038368122 0.0067057125 115.84772269209 -30.23785432795 554.097839 -5.943999999999997 6.0440000000000005 0.22318816757202153 0.12376913452148397 0.24533562 0.24633563 -1.0328169014084523 6.0017557 0.67028761411179 1.2312579898082419 0.16460332531159738 5.035253874572868 1.0
114.67696807269 -29.9873156372 0.0087 0.0122 29.6817 "" "" 5599299493159700992 537.433411 1.8362 0.0141 -6.01 6.011 0.012 0.016 1.077 6032.5 4.318 12.851453 0.702724 13.124763 12.422038 35.05 2.36 533.795044 540.848755 136259.12735 54.671 76827.0 107.48 85181.0 91.001 "" "" 0.002789544965277514 0.0031768223 0.0039533707 0.007130193 114.67696807269 -29.9873156372 537.433411 -6.01 6.011 0.1571881675720217 0.0907691345214845 0.24733561 0.25133562 2.767183098591545 5.2917557 0.4623937641387881 2.8055499094197454 0.11483175926818909 5.219423503178718 1.0
