Clusters/Haffner_13/Haffner_13_stars_in_region.tsv
# %ECSV 1.0
# ---
# datatype:
# - name: RA_ICRS_1
#   unit: deg
#   datatype: float64
#   format: '{:15.11f}'
#   description: Right ascension (ICRS) at Ep=2016.0 (ra)
#   meta: !!omap
#   - {ucd: POS_EQ_RA_MAIN}
#   - {width: 15}
#   - {precision: '11'}
# - name: DE_ICRS_1
#   unit: deg
#   datatype: float64
#   format: '{:15.11f}'
#   description: Declination (ICRS) at Ep=2016.0 (dec)
#   meta: !!omap
#   - {ucd: POS_EQ_DEC_MAIN}
#   - {width: 15}
#   - {precision: '11'}
# - name: e_RA_ICRS
#   unit: mas
#   datatype: float64
#   format: '{:7.4f}'
#   description: Standard error of right ascension (ra_error)
#   meta: !!omap
#   - {ucd: ERROR}
#   - {width: 7}
#   - {precision: '4'}
# - name: e_DE_ICRS
#   unit: mas
#   datatype: float64
#   format: '{:7.4f}'
#   description: Standard error of declination (dec_error)
#   meta: !!omap
#   - {ucd: ERROR}
#   - {width: 7}
#   - {precision: '4'}
# - name: _r_1
#   unit: ''
#   datatype: float64
#   format: '{:7.4f}'
#   description: Distance from center (115.24060640000-30.06850608000)[ICRS], at Epoch=J2016.0
#   meta: !!omap
#   - {ucd: POS_ANG_DIST_GENERAL}
#   - {width: 7}
#   - {precision: '4'}
# - name: HIP
#   datatype: int32
#   description: '? HIP cross-id number, van Leeuwen, Cat. I/311 (hip_original_ext_source_id)'
#   meta: !!omap
#   - {ucd: ID_NUMBER}
#   - {width: 6}
#   - values: {'null': -2147483648}
# - name: TYC2
#   datatype: string
#   description: Tycho-2 cross-id name, Hog et al., Cat. I/259 (tyc2_original_ext_source_id)
#   meta: !!omap
#   - {ucd: ID_CROSSID}
#   - {_votable_string_dtype: char}
# - name: Source
#   datatype: int64
#   description: Source identifier, identical to the Gaia-EDR3 source_id (id)
#   meta: !!omap
#   - {ucd: ID_MAIN}
#   - {width: 19}
# - name: rgeo
#   unit: pc
#   datatype: float64
#   format: '{:15.8f}'
#   description: '? Median of the geometric distance posterior (r_med_geo)'
#   meta: !!omap
#   - {ucd: PHYS_DISTANCE_TRUE}
#   - {width: 15}
#   - {precision: '8'}
#   - values: {'null': .nan}
# - name: Plx
#   unit: mas
#   datatype: float64
#   format: '{:9.4f}'
#   description: '? Parallax (parallax)'
#   meta: !!omap
#   - {ucd: POS_PARLX_TRIG}
#   - {width: 9}
#   - {precision: '4'}
#   - values: {'null': .nan}
# - name: e_Plx
#   unit: mas
#   datatype: float32
#   format: '{:7.4f}'
#   description: '? Standard error of parallax (parallax_error)'
#   meta: !!omap
#   - {ucd: ERROR}
#   - {width: 7}
#   - {precision: '4'}
#   - values: {'null': .nan}
# - name: pmRA
#   unit: mas / yr
#   datatype: float64
#   format: '{:9.3f}'
#   description: '? Proper motion in right ascension direction, pmRA*cosDE (pmra)'
#   meta: !!omap
#   - {ucd: POS_EQ_PMRA}
#   - {width: 9}
#   - {precision: '3'}
#   - values: {'null': .nan}
# - name: pmDE
#   unit: mas / yr
#   datatype: float64
#   format: '{:9.3f}'
#   description: '? Proper motion in declination direction (pmdec)'
#   meta: !!omap
#   - {ucd: POS_EQ_PMDEC}
#   - {width: 9}
#   - {precision: '3'}
#   - values: {'null': .nan}
# - name: e_pmRA
#   unit: mas / yr
#   datatype: float32
#   format: '{:6.3f}'
#   description: '? Standard error of proper motion in right ascension direction (pmra_error)'
#   meta: !!omap
#   - {ucd: ERROR}
#   - {width: 6}
#   - {precision: '3'}
#   - values: {'null': .nan}
# - name: e_pmDE
[...]
#         unit: &id001 !astropy.units.Unit {unit: deg}
#         value: !astropy.table.SerializedColumn {name: SkyCoord.dec}
#       distance: !astropy.table.SerializedColumn
#         __class__: astropy.coordinates.distances.Distance
#         unit: !astropy.units.Unit {unit: pc}
#         value: !astropy.table.SerializedColumn {name: SkyCoord.distance}
#       frame: icrs
#       obstime: !astropy.time.Time {format: jyear_str, in_subfmt: '*', jd1: 367701545.0, jd2: 0.0, out_subfmt: '*', precision: 3, scale: tt}
#       pm_dec: !astropy.table.SerializedColumn
#         __class__: astropy.units.quantity.Quantity
#         unit: !astropy.units.Unit {unit: mas / yr}
#         value: !astropy.table.SerializedColumn {name: SkyCoord.pm_dec}
#       pm_ra_cosdec: !astropy.table.SerializedColumn
#         __class__: astropy.units.quantity.Quantity
#         unit: !astropy.units.Unit {unit: mas / yr}
#         value: !astropy.table.SerializedColumn {name: SkyCoord.pm_ra_cosdec}
#       ra: !astropy.table.SerializedColumn
#         __class__: astropy.coordinates.angles.Longitude
#         unit: *id001
#         value: !astropy.table.SerializedColumn {name: SkyCoord.ra}
#         wrap_angle: !astropy.coordinates.Angle
#           unit: *id001
#           value: 360.0
#       representation_type: spherical
# schema: astropy-2.0
RA_ICRS_1 DE_ICRS_1 e_RA_ICRS e_DE_ICRS _r_1 HIP TYC2 Source rgeo Plx e_Plx pmRA pmDE e_pmRA e_pmDE RUWE Teff logg Gmag BP-RP BPmag RPmag RV e_RV b_rgeo B_rgeo FG e_FG FBP e_FBP FRP e_FRP RAVE5 RAVE6 e_Gmag e_BPmag e_RPmag e_BP-RP SkyCoord.ra SkyCoord.dec SkyCoord.distance SkyCoord.pm_ra_cosdec SkyCoord.pm_dec
[from data line 1887]
115.59085930605 -28.8591210701 0.037 0.0444 74.8343 "" "" 5599878725322875520 532.111206 1.8421 0.0549 -8.498 -11.93 0.05 0.065 1.097 4204.0 4.6814 16.732553 1.874085 17.658285 15.7842 "" "" 515.682983 547.123779 3818.78864 2.0148 1180.6 6.9601 3850.2 7.8481 "" "" 0.002814237193014964 0.0069825365 0.004379685 0.011362221 115.59085930605 -28.8591210701 532.111206 -8.498000000000001 -11.930000000000001
116.31887998679 -30.35617930372 0.1227 0.1464 58.5119 "" "" 5598830414012370560 665.274841 1.5236 0.1868 -2.918 3.483 0.175 0.238 3.568 8298.7 4.4693 16.743126 0.782425 16.992584 16.21016 "" "" 593.50415 739.636841 3781.77783 7.0835 2179.6 6.9505 2600.7 5.4415 "" "" 0.0034245468788997755 0.0044466285 0.004409579 0.008856207 116.31887998679 -30.35617930372 665.274841 -2.918 3.483
114.32137086437 -30.810284602 0.0608 0.0819 65.1303 "" "" 5599139651656355456 606.374512 1.6412 0.0871 -7.848 6.235 0.083 0.099 1.8 4669.2 4.6104 16.743483 1.375442 17.297506 15.922065 "" "" 576.598633 634.228699 3780.53796 4.7049 1645.9 7.003 3391.0 9.949 "" "" 0.0030688015353151003 0.0053968336 0.0049427785 0.010339612 114.32137086437 -30.810284602 606.374512 -7.847999999999999 6.234999999999999
114.78723391257 -30.36957495448 0.0321 0.0389 29.6451 "" "" 5599251836201523712 637.311646 1.5441 0.0496 2.892 6.437 0.044 0.053 0.994 4261.1 4.698 16.744122 1.577228 17.367464 15.790235 "" "" 621.396057 657.180176 3778.3164 2.1275 1543.2 37.515 3828.8 24.784 "" "" 0.002822330225178925 0.026541179 0.007979775 0.034520954 114.78723391257 -30.36957495448 637.311646 2.8920000000000003 6.436999999999999
115.52103570226 -30.48571056289 0.0556 0.0638 28.944 "" "" 5598511040246464768 453.772614 2.1611 0.0766 0.858 -2.053 0.078 0.088 1.57 "" "" 16.746126 1.994816 17.50918 15.514364 "" "" 437.019836 468.443909 3771.34644 6.3866 1354.4 118.84 4936.4 51.506 "" "" 0.0033124613655544626 0.095307305 0.011942289 0.107249595 115.52103570226 -30.48571056289 453.772614 0.858 -2.053
113.90225452303 -29.91217115639 0.0321 0.0382 70.1788 "" "" 5599523724811335296 615.606201 1.6082 0.0472 -3.877 -2.691 0.042 0.047 1.036 4344.8 4.59 16.746801 1.682005 17.54288 15.860874 "" "" 592.740234 635.185303 3768.99916 2.0962 1313.0 5.9295 3587.6 9.1767 "" "" 0.002820713993744439 0.005641471 0.0046900483 0.010331519 113.90225452303 -29.91217115639 615.606201 -3.877 -2.691
115.4847798197 -28.81838789096 0.0334 0.0415 76.0843 "" "" 5599786301937029632 658.168274 1.4899 0.0531 0.919 -12.654 0.045 0.057 0.969 4458.3 4.6358 16.753002 1.65988 17.542612 15.882732 "" "" 637.982178 678.119141 3747.53941 2.4182 1313.3 9.3401 3516.1 9.5716 "" "" 0.002842996684961622 0.008210323 0.004797851 0.013008174 115.4847798197 -28.81838789096 658.168274 0.919 -12.653999999999998
114.59290959029 -29.97795839827 0.0355 0.0479 34.0832 "" "" 5599346600362834560 582.140808 1.6829 0.0579 -3.228 3.062 0.048 0.063 1.037 4105.6 4.5357 16.75672 2.047148 17.795816 15.748669 "" "" 561.996216 604.511414 3734.72897 2.1584 1040.1 6.2407 3978.2 11.855 "" "" 0.0028258654569101502 0.0070868917 0.0049751466 0.012062038 114.59290959029 -29.97795839827 582.140808 -3.228 3.0619999999999994
115.95218984616 -29.85530232271 0.0347 0.0434 39.1386 "" "" 5598928957745204224 492.453278 2.0019 0.0556 -8.521 10.633 0.048 0.054 1.035 4154.8 4.6635 16.76271 1.90371 17.709929 15.806218 "" "" 479.719055 504.609741 3714.17718 2.1658 1125.8 7.0346 3772.9 8.1561 "" "" 0.0028271220832112825 0.007335613 0.0044488884 0.011784501 115.95218984616 -29.85530232271 492.453278 -8.521 10.632999999999997
115.591124245 -30.32269362667 0.0583 0.0648 23.728 "" "" 5598514785457813632 455.405182 2.1791 0.0841 -37.583 25.453 0.08 0.085 1.663 3877.8 4.3677 16.764633 2.06897 17.79503 15.726061 "" "" 439.245026 474.073303 3707.60301 3.5732 1040.9 7.3172 4061.9 8.6042 "" "" 0.0029473200156476262 0.008126398 0.0044241594 0.012550557 115.591124245 -30.32269362667 455.405182 -37.583 25.452999999999996
116.07330219868 -29.3369799481 0.0308 0.0373 61.723 "" "" 5599052996396319744 662.551697 1.4847 0.0468 3.199 -2.514 0.041 0.05 1.046 4342.0 4.5679 16.767649 1.81223 17.657389 15.845159 "" "" 639.540527 687.2901 3697.31886 1.8987 1181.6 6.5485 3639.9 7.9273 "" "" 0.002811168013939801 0.006632643 0.0044581527 0.0110907955 116.07330219868 -29.3369799481 662.551697 3.199 -2.514
113.73282324653 -30.22325375239 0.0325 0.0424 78.7797 "" "" 5599231735758034816 648.336548 1.4932 0.0513 0.807 -1.462 0.043 0.056 1.02 4183.0 4.6526 16.767834 1.736305 17.606947 15.870642 "" "" 625.924927 676.229126 3696.6915 2.1074 1237.8 6.6707 3555.5 8.2488 "" "" 0.00282398528044538 0.00648241 0.0045418814 0.011024291 113.73282324653 -30.22325375239 648.336548 0.8069999999999999 -1.4619999999999997
116.06724145628 -30.79054354319 0.0357 0.0402 60.8745 "" "" 5598254269919453440 602.160278 1.6348 0.0507 -4.358 4.56 0.047 0.051 1.061 4119.6 4.6117 16.768087 1.818701 17.656225 15.837524 "" "" 582.713013 617.773987 3695.8286 2.0399 1182.8 11.331 3665.6 7.3333 "" "" 0.0028197361563989947 0.010768886 0.0043590963 0.015127982 116.06724145628 -30.79054354319 602.160278 -4.358 4.559999999999999
115.67717933518 -29.82486656133 0.4361 0.497 26.9973 "" "" 5598919165220426240 637.201416 2.1708 0.6423 -7.409 4.814 0.604 0.614 15.668 "" "" 16.771181 1.100251 16.907114 15.806863 "" "" 457.201508 1150.29773 3685.31134 13.908 2358.1 9.9452 3770.6 6.4834 "" "" 0.004937709280937001 0.0053621605 0.0042153257 0.009577487 115.67717933518 -29.82486656133 637.201416 -7.408999999999999 4.814
115.04246857442 -30.7363528555 0.0423 0.0513 41.3618 "" "" 5598480425718691328 461.758057 2.1331 0.0637 -8.226 12.704 0.059 0.065 1.293 3726.2 4.5818 16.772715 2.125564 17.809433 15.683869 "" "" 449.104462 476.924774 3680.10806 4.3247 1027.2 7.6967 4222.9 9.4708 "" "" 0.003036401378027692 0.00860048 0.004495885 0.013096365 115.04246857442 -30.7363528555 461.758057 -8.225999999999999 12.704
115.34354647195 -30.34674168393 0.0349 0.0417 17.5267 "" "" 5598516709603387648 547.778259 1.7879 0.0491 -6.461 5.393 0.05 0.055 0.993 "" "" 16.775478 2.286722 17.979204 15.692482 "" "" 533.782349 562.128296 3670.75238 3.4658 878.49 9.2275 4189.5 12.814 "" "" 0.0029398385671779623 0.011740734 0.0050310683 0.016771803 115.34354647195 -30.34674168393 547.778259 -6.461 5.392999999999999
115.06501164767 -30.82609936276 0.0331 0.0404 46.3541 "" "" 5598470976790672000 635.274902 1.552 0.0494 -13.048 -22.589 0.044 0.051 0.979 4208.0 4.4965 16.775944 1.670297 17.49129 15.820992 "" "" 617.919617 656.802734 3669.18041 2.5416 1376.9 22.645 3721.9 20.4 "" "" 0.002856117911453019 0.01807309 0.007049688 0.025122777 115.06501164767 -30.82609936276 635.274902 -13.048000000000002 -22.589000000000002
115.55308093129 -30.28362310733 0.0329 0.0411 20.7191 "" "" 5598515129055203712 554.860229 1.7793 0.0486 -5.887 6.126 0.046 0.052 1.005 3820.5 4.5428 16.78183 2.144107 17.888283 15.744176 "" "" 540.141663 571.834961 3649.34272 3.0627 955.22 7.5017 3994.7 10.656 "" "" 0.002902081394559323 0.008971596 0.004761505 0.013733101 115.55308093129 -30.28362310733 554.860229 -5.886999999999999 6.126000000000001
115.93271105445 -29.20199570666 0.0383 0.0456 63.2911 "" "" 5599808360884240384 506.675629 1.9445 0.0583 -6.732 4.659 0.049 0.059 1.161 3953.8 4.6905 16.782354 2.030676 17.789812 15.759136 "" "" 491.094635 522.989014 3647.57898 2.2237 1045.9 7.4909 3940.1 8.9684 "" "" 0.0028337092100426766 0.00826163 0.0045156656 0.012777296 115.93271105445 -29.20199570666 506.675629 -6.731999999999999 4.659
113.7116352875 -30.32591692291 0.0343 0.0405 80.7788 "" "" 5599230052129613696 539.065857 1.8194 0.0505 -10.885 19.773 0.046 0.053 0.938 4110.0 4.5475 16.785053 2.000996 17.801819 15.800823 "" "" 526.626099 553.326111 3638.52682 2.0352 1034.4 7.9491 3791.7 8.6302 "" "" 0.0028214547723400736 0.008797772 0.004515601 0.013313374 113.7116352875 -30.32591692291 539.065857 -10.884999999999998 19.773
115.49280677573 -29.57704682678 0.0359 0.0501 32.2778 "" "" 5599679099550488576 463.145721 2.1306 0.0591 23.614 -11.113 0.05 0.064 1.138 3724.0 4.3844 16.7851 2.142852 17.880402 15.73755 "" "" 450.334595 476.328735 3638.36664 2.3368 962.18 8.6385 4019.2 7.9095 "" "" 0.002842192963918205 0.010139258 0.0043415446 0.014480802 115.49280677573 -29.57704682678 463.145721 23.613999999999997 -11.113
115.17082194949 -30.48259778169 0.042 0.0487 25.1073 "" "" 5598519870699581952 479.241577 2.0577 0.0614 -9.484 3.646 0.055 0.064 1.257 "" "" 16.786379 1.951763 17.736528 15.784765 "" "" 468.177795 493.395538 3634.08817 2.2285 1098.5 6.2864 3848.2 10.509 "" "" 0.002834620653495666 0.0068110824 0.004803654 0.011614736 115.17082194949 -30.48259778169 479.241577 -9.483999999999998 3.646
115.88619065962 -29.61722101357 0.0322 0.0405 43.1511 "" "" 5598945725297252352 488.549286 2.0156 0.051 -3.656 1.038 0.045 0.058 1.064 "" "" 16.787874 2.03701 17.821205 15.784195 "" "" 477.070312 499.765747 3629.08532 1.9387 1016.1 7.2111 3850.2 6.8881 "" "" 0.0028157067417550682 0.008194916 0.004249315 0.012444231 115.88619065962 -29.61722101357 488.549286 -3.656 1.0379999999999998
114.90546174939 -30.53921429636 0.0369 0.0421 33.1518 "" "" 5598498327142397952 456.03299 2.1797 0.0556 28.416 -31.821 0.047 0.053 1.059 3861.2 4.4949 16.78975 1.793018 17.620613 15.827595 "" "" 446.285095 469.88559 3622.82427 2.0892 1222.3 9.1158 3699.3 13.891 "" "" 0.0028255644999771058 0.008564556 0.0055592684 0.014123824 114.90546174939 -30.53921429636 456.03299 28.416000000000004 -31.821000000000005
114.68033356933 -28.90567757452 0.0347 0.0426 75.6572 "" "" 5599959990408538624 513.049866 1.9264 0.0521 1.383 11.212 0.045 0.055 1.092 "" "" 16.790855 1.972428 17.783703 15.811275 "" "" 499.134888 526.961914 3619.1308 1.8196 1051.8 6.47 3755.3 8.1449 "" "" 0.0028088739166389834 0.0072381482 0.004452988 0.011691136 114.68033356933 -28.90567757452 513.049866 1.3830000000000002 11.212
114.62774453089 -30.19511357826 0.1571 0.1947 32.6975 "" "" 5599269462747080704 556.494019 1.8286 0.2415 -6.37 1.918 0.215 0.242 5.548 "" "" 16.79136 1.24094 17.215778 15.974838 "" "" 485.580963 679.149353 3617.44785 11.022 1774.6 9.1233 3230.2 8.5334 "" "" 0.004305288173523748 0.006240333 0.004744532 0.010984865 114.62774453089 -30.19511357826 556.494019 -6.369999999999999 1.9179999999999997
114.09235908954 -30.39948770907 0.0333 0.0387 62.7485 "" "" 5599216342594110336 627.548828 1.5676 0.0476 -2.29 8.107 0.046 0.052 0.969 4259.0 4.6229 16.79222 1.654831 17.57107 15.916239 "" "" 606.549072 653.537781 3614.5888 1.9296 1279.3 7.4205 3409.3 6.6569 "" "" 0.002815622887989656 0.0068881516 0.004333362 0.011221513 114.09235908954 -30.39948770907 627.548828 -2.2900000000000005 8.107
114.78603966408 -30.40029054752 0.0369 0.0429 30.8472 "" "" 5599251522657006848 517.492676 1.9047 0.0534 -6.318 6.181 0.052 0.063 1.083 "" "" 16.794527 2.348475 17.923452 15.574978 "" "" 502.311005 533.187134 3606.91265 3.8943 924.78 27.474 4668.4 31.426 "" "" 0.0029943189195932476 0.03237625 0.00822813 0.04060438 114.78603966408 -30.40029054752 517.492676 -6.318 6.180999999999998
114.41920906521 -30.44408050237 0.0347 0.0433 48.1666 "" "" 5599259807660761216 538.985596 1.8089 0.0526 -3.019 5.595 0.045 0.05 1.086 4156.7 4.6723 16.795013 1.958247 17.77888 15.820632 "" "" 525.470276 551.480896 3605.29682 2.2909 1056.5 8.6306 3723.1 8.3581 "" "" 0.002840380008513631 0.009297948 0.004497183 0.013795132 114.41920906521 -30.44408050237 538.985596 -3.019 5.595000000000001
116.02346273295 -30.73905369411 0.0345 0.0404 57.0951 "" "" 5598255468202013568 533.629578 1.8591 0.0495 -10.626 3.069 0.045 0.051 1.011 4113.1 4.69 16.795961 1.85004 17.71101 15.86097 "" "" 520.141907 548.218872 3602.15506 2.1105 1124.6 7.1383 3587.3 8.8508 "" "" 0.002827800092564157 0.007435012 0.004632457 0.012067469 116.02346273295 -30.73905369411 533.629578 -10.626 3.069
116.56729245835 -29.68363578782 0.0324 0.0391 72.7824 "" "" 5598978985518158080 586.344666 1.6797 0.0483 1.447 -7.598 0.044 0.051 1.048 4401.1 4.6712 16.796488 1.852748 17.707764 15.855016 "" "" 571.247864 600.037476 3600.40503 1.9672 1128.0 6.8751 3607.0 8.797 "" "" 0.0028184585463817686 0.007181672 0.0046147006 0.011796372 116.56729245835 -29.68363578782 586.344666 1.4470000000000003 -7.598000000000001
114.82813713557 -29.19204833788 0.0417 0.0502 56.8171 "" "" 5599758814145733248 631.252869 1.5655 0.0632 0.022 -7.647 0.054 0.065 1.204 3966.1 4.4941 16.797585 1.714656 17.466707 15.752051 "" "" 609.568176 648.638123 3596.77018 3.3762 1408.4 13.469 3965.9 28.364 "" "" 0.002937765143447627 0.010751609 0.008636048 0.019387657 114.82813713557 -29.19204833788 631.252869 0.021999999999999797 -7.647
115.69442131531 -30.08572858646 0.0333 0.04 23.5852 "" "" 5598896590870490368 558.388306 1.7697 0.0499 -6.54 5.884 0.045 0.052 1.047 3702.2 4.3969 16.802286 2.183818 17.939127 15.755309 "" "" 546.108398 572.029053 3581.23244 2.7336 911.52 5.5602 3954.0 8.8717 "" "" 0.002877260168223433 0.007186649 0.0044964757 0.011683125 115.69442131531 -30.08572858646 558.388306 -6.540000000000001 5.884
114.77836979598 -29.83684423384 0.0357 0.0457 27.7604 "" "" 5599302512511915392 482.895111 2.0294 0.0559 -1.367 11.207 0.048 0.058 1.035 4003.8 4.6999 16.802868 1.991967 17.804558 15.812591 "" "" 472.381165 496.884125 3579.31515 2.211 1031.8 5.7726 3750.8 11.369 "" "" 0.0028357708581683845 0.006684523 0.0050114016 0.011695925 114.77836979598 -29.83684423384 482.895111 -1.3670000000000004 11.207
114.23922691588 -29.17559349524 0.0356 0.044 74.8206 "" "" 5599586053377299072 508.332855 1.9399 0.0546 -6.062 9.391 0.047 0.056 0.991 3969.8 4.6898 16.803259 1.968998 17.796083 15.827086 "" "" 496.456573 524.488525 3578.02425 2.2641 1039.9 6.3172 3701.0 9.0443 "" "" 0.0028396833690167204 0.0071615363 0.0046177404 0.011779277 114.23922691588 -29.17559349524 508.332855 -6.062 9.390999999999998
114.23016103106 -29.67936703065 0.0332 0.0364 57.5222 "" "" 5599534032732570880 625.11084 1.574 0.0491 -5.52 -4.92 0.044 0.046 1.006 4229.0 4.6604 16.804768 1.887449 17.737467 15.850018 "" "" 604.929688 644.451355 3573.0564 1.7416 1097.6 5.923 3623.7 9.1212 "" "" 0.00280568331016783 0.0064894287 0.0046639554 0.011153384 114.23016103106 -29.67936703065 625.11084 -5.52 -4.92
115.88889426054 -30.88856913937 0.041 0.0431 59.5376 "" "" 5598252551932112512 563.424011 1.7436 0.0546 1.46 -1.846 0.055 0.054 1.149 4175.1 4.6755 16.805475 1.947096 17.788134 15.841038 "" "" 547.12854 581.648743 3570.72453 1.9826 1047.5 6.0236 3653.8 7.5924 "" "" 0.002820497674657324 0.0068385694 0.004401559 0.011240128 115.88889426054 -30.88856913937 563.424011 1.46 -1.8459999999999996
114.67763721102 -30.10938232841 0.0335 0.0435 29.3292 "" "" 5599271696130011520 671.985657 1.4589 0.0531 -13.258 -0.707 0.047 0.053 0.965 3616.2 4.2132 16.806181 1.97052 17.796549 15.826029 "" "" 653.805542 696.943726 3568.40414 1.9663 1039.4 6.0258 3704.6 10.132 "" "" 0.002819524963321135 0.00688512 0.0048063966 0.011691516 114.67763721102 -30.10938232841 671.985657 -13.257999999999997 -0.7070000000000005
115.68211270452 -30.2671549343 0.0369 0.0432 25.8182 "" "" 5598889959441076480 542.601868 1.8122 0.0529 -6.444 5.975 0.052 0.056 1.068 3687.7 4.3806 16.809053 2.191192 17.940096 15.748904 "" "" 530.919678 558.558716 3558.97839 3.4049 910.71 7.9167 3977.4 10.797 "" "" 0.0029446141727231196 0.009841968 0.0047927503 0.014634719 115.68211270452 -30.2671549343 542.601868 -6.443999999999999 5.9750000000000005
114.44964309546 -29.59323460541 0.0341 0.0413 50.0808 "" "" 5599371167575608192 525.085571 1.885 0.0519 -6.887 7.639 0.045 0.054 0.99 4001.6 4.6616 16.809332 2.007581 17.82292 15.815339 "" "" 511.591522 535.691711 3558.06289 1.8117 1014.5 5.6917 3741.3 7.8719 "" "" 0.002810234499822594 0.006699979 0.0044161556 0.011116134 114.44964309546 -29.59323460541 525.085571 -6.886999999999999 7.639
