Clusters/Haffner_13/Haffner_13_stars_in_region.tsv
# %ECSV 1.0
# ---
# datatype:
# - name: RA_ICRS_1
#   unit: deg
#   datatype: float64
#   format: '{:15.11f}'
#   description: Right ascension (ICRS) at Ep=2016.0 (ra)
#   meta: !!omap
#   - {ucd: POS_EQ_RA_MAIN}
#   - {width: 15}
#   - {precision: '11'}
# - name: DE_ICRS_1
#   unit: deg
#   datatype: float64
#   format: '{:15.11f}'
#   description: Declination (ICRS) at Ep=2016.0 (dec)
#   meta: !!omap
#   - {ucd: POS_EQ_DEC_MAIN}
#   - {width: 15}
#   - {precision: '11'}
# - name: e_RA_ICRS
#   unit: mas
#   datatype: float64
#   format: '{:7.4f}'
#   description: Standard error of right ascension (ra_error)
#   meta: !!omap
#   - {ucd: ERROR}
#   - {width: 7}
#   - {precision: '4'}
# - name: e_DE_ICRS
#   unit: mas
#   datatype: float64
#   format: '{:7.4f}'
#   description: Standard error of declination (dec_error)
#   meta: !!omap
#   - {ucd: ERROR}
#   - {width: 7}
#   - {precision: '4'}
# - name: _r_1
#   unit: ''
#   datatype: float64
#   format: '{:7.4f}'
#   description: Distance from center (115.24060640000-30.06850608000)[ICRS], at Epoch=J2016.0
#   meta: !!omap
#   - {ucd: POS_ANG_DIST_GENERAL}
#   - {width: 7}
#   - {precision: '4'}
# - name: HIP
#   datatype: int32
#   description: '? HIP cross-id number, van Leeuwen, Cat. I/311 (hip_original_ext_source_id)'
#   meta: !!omap
#   - {ucd: ID_NUMBER}
#   - {width: 6}
#   - values: {'null': -2147483648}
# - name: TYC2
#   datatype: string
#   description: Tycho-2 cross-id name, Hog et al., Cat. I/259 (tyc2_original_ext_source_id)
#   meta: !!omap
#   - {ucd: ID_CROSSID}
#   - {_votable_string_dtype: char}
# - name: Source
#   datatype: int64
#   description: Source identifier, identical to the Gaia-EDR3 source_id (id)
#   meta: !!omap
#   - {ucd: ID_MAIN}
#   - {width: 19}
# - name: rgeo
#   unit: pc
#   datatype: float64
#   format: '{:15.8f}'
#   description: '? Median of the geometric distance posterior (r_med_geo)'
#   meta: !!omap
#   - {ucd: PHYS_DISTANCE_TRUE}
#   - {width: 15}
#   - {precision: '8'}
#   - values: {'null': .nan}
# - name: Plx
#   unit: mas
#   datatype: float64
#   format: '{:9.4f}'
#   description: '? Parallax (parallax)'
#   meta: !!omap
#   - {ucd: POS_PARLX_TRIG}
#   - {width: 9}
#   - {precision: '4'}
#   - values: {'null': .nan}
# - name: e_Plx
#   unit: mas
#   datatype: float32
#   format: '{:7.4f}'
#   description: '? Standard error of parallax (parallax_error)'
#   meta: !!omap
#   - {ucd: ERROR}
#   - {width: 7}
#   - {precision: '4'}
#   - values: {'null': .nan}
# - name: pmRA
#   unit: mas / yr
#   datatype: float64
#   format: '{:9.3f}'
#   description: '? Proper motion in right ascension direction, pmRA*cosDE (pmra)'
#   meta: !!omap
#   - {ucd: POS_EQ_PMRA}
#   - {width: 9}
#   - {precision: '3'}
#   - values: {'null': .nan}
# - name: pmDE
#   unit: mas / yr
#   datatype: float64
#   format: '{:9.3f}'
#   description: '? Proper motion in declination direction (pmdec)'
#   meta: !!omap
#   - {ucd: POS_EQ_PMDEC}
#   - {width: 9}
#   - {precision: '3'}
#   - values: {'null': .nan}
# - name: e_pmRA
#   unit: mas / yr
#   datatype: float32
#   format: '{:6.3f}'
#   description: '? Standard error of proper motion in right ascension direction (pmra_error)'
#   meta: !!omap
#   - {ucd: ERROR}
#   - {width: 6}
#   - {precision: '3'}
#   - values: {'null': .nan}
# - name: e_pmDE
[...]
#         unit: &id001 !astropy.units.Unit {unit: deg}
#         value: !astropy.table.SerializedColumn {name: SkyCoord.dec}
#       distance: !astropy.table.SerializedColumn
#         __class__: astropy.coordinates.distances.Distance
#         unit: !astropy.units.Unit {unit: pc}
#         value: !astropy.table.SerializedColumn {name: SkyCoord.distance}
#       frame: icrs
#       obstime: !astropy.time.Time {format: jyear_str, in_subfmt: '*', jd1: 367701545.0, jd2: 0.0, out_subfmt: '*', precision: 3, scale: tt}
#       pm_dec: !astropy.table.SerializedColumn
#         __class__: astropy.units.quantity.Quantity
#         unit: !astropy.units.Unit {unit: mas / yr}
#         value: !astropy.table.SerializedColumn {name: SkyCoord.pm_dec}
#       pm_ra_cosdec: !astropy.table.SerializedColumn
#         __class__: astropy.units.quantity.Quantity
#         unit: !astropy.units.Unit {unit: mas / yr}
#         value: !astropy.table.SerializedColumn {name: SkyCoord.pm_ra_cosdec}
#       ra: !astropy.table.SerializedColumn
#         __class__: astropy.coordinates.angles.Longitude
#         unit: *id001
#         value: !astropy.table.SerializedColumn {name: SkyCoord.ra}
#         wrap_angle: !astropy.coordinates.Angle
#           unit: *id001
#           value: 360.0
#       representation_type: spherical
# schema: astropy-2.0
RA_ICRS_1 DE_ICRS_1 e_RA_ICRS e_DE_ICRS _r_1 HIP TYC2 Source rgeo Plx e_Plx pmRA pmDE e_pmRA e_pmDE RUWE Teff logg Gmag BP-RP BPmag RPmag RV e_RV b_rgeo B_rgeo FG e_FG FBP e_FBP FRP e_FRP RAVE5 RAVE6 e_Gmag e_BPmag e_RPmag e_BP-RP SkyCoord.ra SkyCoord.dec SkyCoord.distance SkyCoord.pm_ra_cosdec SkyCoord.pm_dec
[from data line 752]
114.66848548107 -29.35089622229 0.0129 0.0161 52.3715 "" "" 5599755893568198656 600.16803 1.6301 0.0204 -2.992 12.931 0.017 0.021 1.55 5772.2 4.4612 13.972687 0.883907 14.32715 13.443243 46.45 3.9 592.648376 606.594849 48514.56188 7.3744 25384.0 13.397 33255.0 14.806 "" "" 0.002760258377453201 0.0028484035 0.0038101708 0.0066585746 114.66848548107 -29.35089622229 600.16803 -2.992 12.930999999999997
114.44559768127 -30.94120540716 0.0086 0.0114 66.5639 "" "" 5598386486192831488 470.476715 2.0897 0.0129 -13.263 10.147 0.011 0.015 1.019 5122.6 4.5033 13.975864 1.022741 14.405265 13.382524 72.77 2.13 467.734741 473.604462 48372.75738 6.5288 23622.0 14.837 35168.0 22.045 "" "" 0.0027592142794356125 0.0028722999 0.0038401736 0.0067124735 114.44559768127 -30.94120540716 470.476715 -13.263000000000002 10.147000000000002
115.5272921836 -31.32347903034 0.0094 0.0115 76.7372 "" "" 5598210255093520896 630.267029 1.5492 0.0144 4.24 -15.064 0.012 0.015 1.016 5546.2 4.4363 13.977005 0.847957 14.315662 13.467706 -13.64 2.87 625.339478 636.211121 48321.99177 15.714 25654.0 33.894 32514.0 32.818 "" "" 0.002777850056683026 0.003137317 0.00393506 0.007072377 115.5272921836 -31.32347903034 630.267029 4.240000000000001 -15.064
115.07020407186 -30.57690435924 0.0311 0.0502 31.7549 "" "" 5598495647085020288 483.240295 2.0359 0.0313 7.886 -10.151 0.042 0.072 1.352 "" "" 13.979495 "" "" "" -27.23 7.56 475.49353 489.546112 48211.29582 26.308 "" "" "" "" "" "" 0.002818298282126362 "" "" "" 115.07020407186 -30.57690435924 483.240295 7.886000000000001 -10.151
113.9551742924 -30.52212910606 0.0103 0.0112 71.94 "" "" 5599209298847888896 460.252441 2.1375 0.0137 -24.157 15.744 0.016 0.015 1.007 5214.7 4.5787 13.98015 1.030872 14.416612 13.385739 35.8 2.14 456.652649 462.781799 48182.20673 7.1137 23376.0 18.981 35064.0 19.47 "" "" 0.0027599792484653217 0.0029261361 0.0038271644 0.0067533003 113.9551742924 -30.52212910606 460.252441 -24.156999999999996 15.744000000000002
115.94352332394 -30.64003695647 0.0094 0.0115 50.004 "" "" 5598444622870288896 487.949615 2.0107 0.0137 -0.328 -7.174 0.014 0.016 1.007 5279.5 4.5438 13.981627 1.00302 14.404243 13.401223 56.46 2.81 484.755615 491.050751 48116.68298 8.2043 23644.0 18.077 34568.0 18.693 "" "" 0.002761532450157047 0.0029110329 0.0038247143 0.006735747 115.94352332394 -30.64003695647 487.949615 -0.32800000000000007 -7.1739999999999995
116.13299367421 -29.44591085031 0.0105 0.0123 59.6326 "" "" 5598954727548455680 669.932007 1.4589 0.0157 0.812 0.021 0.013 0.014 1.015 5354.6 4.349 13.990795 0.960029 14.388365 13.428336 40.4 3.3 663.450806 677.367249 47712.10714 8.0967 23992.0 14.236 33715.0 16.136 "" "" 0.0027614736783572163 0.00286358 0.0038149373 0.006678517 116.13299367421 -29.44591085031 669.932007 0.812 0.02099999999999998
116.53456781273 -30.03286547151 0.0114 0.0148 67.2355 "" "" 5598864808111224320 580.740967 1.6845 0.0172 0.586 -6.303 0.016 0.018 1.286 5663.4 4.3501 13.991343 0.968511 14.389484 13.420974 15.18 3.71 576.001038 587.005005 47688.0191 15.756 23968.0 38.633 33944.0 39.081 "" "" 0.0027785738513398522 0.0032935892 0.003980747 0.007274336 116.53456781273 -30.03286547151 580.740967 0.5859999999999999 -6.303000000000001
115.84539282853 -30.32987431885 0.1337 0.1466 35.0645 "" "" 5598842955316772992 449.893829 2.2398 0.19 -5.45 -5.541 0.187 0.185 15.344 "" "" 13.995784 1.405992 14.379849 12.973858 -8.31 9.81 413.18866 488.444214 47493.38107 21.074 24181.0 65.713 51241.0 79.308 "" "" 0.0027971217407123496 0.0040608775 0.004136135 0.008197012 115.84539282853 -30.32987431885 449.893829 -5.449999999999999 -5.541
115.14556425473 -31.04164523289 0.0094 0.0119 58.5945 "" "" 5598417787913897088 595.274231 1.6464 0.0148 -5.705 5.543 0.012 0.015 0.946 5622.0 4.4515 13.998746 0.891895 14.359874 13.467978 34.46 6.05 590.659485 599.691833 47363.99722 29.789 24630.0 63.254 32506.0 54.796 "" "" 0.002838677091966662 0.003944612 0.0041992296 0.008143842 115.14556425473 -31.04164523289 595.274231 -5.705 5.542999999999999
113.96806709341 -29.9073567854 0.0093 0.0108 66.8338 "" "" 5599523243774943360 483.122101 2.0367 0.0136 -9.374 7.933 0.012 0.014 1.03 5290.3 4.5292 14.002796 0.970765 14.406213 13.435448 30.29 2.63 479.941132 486.629913 47187.62717 13.024 23601.0 23.125 33495.0 22.548 "" "" 0.0027715682187143265 0.0029861012 0.0038494063 0.006835507 113.96806709341 -29.9073567854 483.122101 -9.374000000000002 7.933
115.50865838345 -31.13241399122 0.0091 0.0118 65.3182 "" "" 5598406174322069632 547.931885 1.7864 0.0136 -6.033 6.194 0.013 0.015 0.949 5556.8 4.4252 14.003266 1.024578 14.427039 13.402461 26.62 4.61 543.872559 552.987061 47167.21982 90.431 23153.0 164.7 34528.0 166.25 "" "" 0.0034532490655580024 0.008211975 0.0064508184 0.014662793 115.50865838345 -31.13241399122 547.931885 -6.033000000000001 6.193999999999999
114.0319315613 -29.49512819772 0.0097 0.012 71.7298 "" "" 5599551693637902720 535.248596 1.8327 0.0145 0.487 11.513 0.013 0.015 1.018 5279.1 4.4803 14.005894 0.962033 14.401956 13.439922 39.55 2.86 530.431702 539.399719 47053.21738 7.7536 23694.0 20.632 33357.0 25.023 "" "" 0.0027611227324369526 0.0029459933 0.003866147 0.0068121403 114.0319315613 -29.49512819772 535.248596 0.4870000000000001 11.512999999999998
114.62461939145 -30.98428459322 0.0094 0.012 63.5032 "" "" 5598387998021246464 551.30365 1.7748 0.0145 -1.674 -0.723 0.013 0.015 0.955 5475.6 4.5078 14.006308 0.929046 14.388684 13.459639 6.94 4.43 547.036255 555.009766 47035.29229 21.732 23985.0 37.665 32757.0 44.602 "" "" 0.0028006144620632244 0.0032698698 0.0040582283 0.007328098 114.62461939145 -30.98428459322 551.30365 -1.674 -0.7229999999999999
115.32070325536 -31.40093649494 0.0102 0.0132 80.0525 "" "" 5598115044258979200 511.58374 1.9185 0.0156 -6.436 6.592 0.014 0.016 1.046 5046.1 4.3709 14.010982 1.059222 14.45171 13.392488 9.32 6.37 507.179169 515.675537 46833.24324 122.19 22633.0 201.24 34847.0 226.01 "" "" 0.003951729964581537 0.010048887 0.007991954 0.01804084 115.32070325536 -31.40093649494 511.58374 -6.436 6.591999999999999
116.76731415092 -29.87591834261 0.0103 0.013 80.1885 "" "" 5598960568698320384 576.92981 1.6934 0.0148 -12.024 16.647 0.014 0.017 0.994 5237.6 4.4024 14.011594 1.07582 14.469822 13.394002 80.2 1.99 572.719421 581.9198 46806.84869 6.7762 22258.0 16.632 34798.0 20.501 "" "" 0.0027597998826968725 0.0029057288 0.0038331298 0.0067388583 116.76731415092 -29.87591834261 576.92981 -12.024000000000001 16.647
115.46161165101 -29.73845524353 0.0215 0.0271 22.8975 "" "" 5599673292754796544 667.327148 1.4604 0.0325 3.752 3.353 0.029 0.033 2.374 4977.9 4.3065 14.023529 1.043637 14.460112 13.416474 38.12 2.75 650.886108 687.470398 46295.09543 8.984 22458.0 15.654 34085.0 25.322 "" "" 0.0027633643938017307 0.0028909838 0.0038644965 0.0067554805 115.46161165101 -29.73845524353 667.327148 3.752 3.353
115.92755476557 -30.75389936774 0.0096 0.0112 54.3566 "" "" 5598442836163941248 642.51239 1.5169 0.0138 -9.341 21.394 0.013 0.014 1.016 5589.6 4.4305 14.026752 0.898347 14.394014 13.495667 92.36 3.2 636.935913 648.138855 46157.8506 7.0975 23868.0 13.464 31688.0 16.298 "" "" 0.002760373418778821 0.0028566 0.0038204142 0.0066770143 115.92755476557 -30.75389936774 642.51239 -9.341 21.393999999999995
114.91954694746 -29.14214948846 0.0089 0.0114 58.05 "" "" 5599765101977732480 641.844971 1.5223 0.0135 -5.263 5.114 0.012 0.014 0.97 5819.4 4.5079 14.028509 0.882271 14.383909 13.501638 28.78 10.98 636.610962 647.005554 46083.26456 51.497 24091.0 100.43 31514.0 103.07 "" "" 0.003010623029934478 0.005317091 0.005185891 0.010502982 114.91954694746 -29.14214948846 641.844971 -5.263 5.114
115.12360603577 -30.70024180179 0.0089 0.0121 38.3848 "" "" 5598480838035449216 620.482788 1.5775 0.0139 -4.923 13.816 0.012 0.016 1.016 5479.7 4.4556 14.040591 0.88246 14.400623 13.518164 48.11 3.88 615.118713 626.175842 45573.26652 10.236 23723.0 20.106 31038.0 21.31 "" "" 0.002766090771365917 0.002937994 0.0038521956 0.0067901895 115.12360603577 -30.70024180179 620.482788 -4.923 13.816000000000003
116.07221471724 -29.05115391326 0.009 0.0111 74.8976 "" "" 5599811281461782272 546.056458 1.7939 0.0141 -0.452 3.433 0.012 0.014 0.987 5517.7 4.5364 14.045481 0.927674 14.427071 13.499396 -0.35 2.88 542.050293 549.947754 45368.50773 13.614 23152.0 33.806 31579.0 29.34 "" "" 0.0027745156769814613 0.0032091173 0.0039116894 0.0071208067 116.07221471724 -29.05115391326 546.056458 -0.4520000000000001 3.433
114.61017265725 -30.76104244027 0.0092 0.0113 52.8266 "" "" 5598396003840205696 502.06604 1.958 0.0142 -13.218 9.898 0.013 0.014 1.001 5126.8 4.5321 14.047298 1.05774 14.49949 13.44175 56.36 2.72 497.367828 506.280304 45292.64937 6.1366 21658.0 15.815 33301.0 14.949 "" "" 0.002759244277163482 0.002900623 0.0038106795 0.0067113023 114.61017265725 -30.76104244027 502.06604 -13.218000000000004 9.898
114.99407317752 -30.97125256839 0.0121 0.0146 55.6434 "" "" 5598467540817143552 491.279297 1.9975 0.018 3.394 -23.305 0.016 0.019 1.269 "" "" 14.049088 1.067993 14.496135 13.428142 12.98 3.54 487.386841 495.799713 45218.02105 6.1987 21725.0 15.863 33721.0 23.028 "" "" 0.0027593372587103623 0.0029006102 0.0038514247 0.0067520346 114.99407317752 -30.97125256839 491.279297 3.394 -23.305
114.89421732506 -29.87171804523 0.0098 0.0128 21.5306 "" "" 5599307086661622784 528.338867 1.8568 0.0153 4.504 -15.381 0.013 0.016 0.945 5363.1 4.5663 14.059354 0.976527 14.46578 13.489253 6.22 2.51 524.139954 532.817139 44792.49816 6.9625 22341.0 16.269 31875.0 17.946 "" "" 0.0027604838838456115 0.0029000293 0.0038284974 0.0067285267 114.89421732506 -29.87171804523 528.338867 4.504 -15.381
114.54561240183 -29.97717292001 0.0095 0.0127 36.5181 "" "" 5599323373178666624 592.474365 1.6467 0.0151 -11.666 18.17 0.013 0.016 1.015 5265.2 4.4331 14.060978 1.020483 14.459271 13.438788 102.47 4.27 586.998779 599.062805 44725.54057 6.3633 22475.0 54.381 33392.0 173.31 "" "" 0.00275964692432859 0.0038323035 0.006785178 0.010617482 114.54561240183 -29.97717292001 592.474365 -11.666 18.17
115.2213304039 -29.69958594369 0.0231 0.0217 22.1579 "" "" 5599683287129679616 587.608459 1.6779 0.0304 8.461 20.022 0.028 0.028 1.781 6004.3 4.4662 14.063029 0.934806 14.345017 13.410212 102.27 5.77 574.925537 597.996582 44641.10995 34.824 24969.0 50.37 34283.0 50.162 "" "" 0.0028825591828026973 0.0035471504 0.0040996885 0.007646839 115.2213304039 -29.69958594369 587.608459 8.461 20.021999999999995
114.28577904849 -31.06463736804 0.0094 0.0119 77.4943 "" "" 5598384527687821824 472.551117 2.0778 0.0142 25.057 9.551 0.012 0.015 0.972 5045.5 4.5061 14.068264 1.060602 14.517948 13.457346 8.9 2.82 469.529572 475.560638 44426.41141 6.5994 21293.0 14.331 32826.0 22.417 "" "" 0.002760036500369279 0.0028842732 0.0038514258 0.0067356993 114.28577904849 -31.06463736804 472.551117 25.057000000000002 9.550999999999998
114.9031564641 -28.84769116466 0.0094 0.0118 75.3404 "" "" 5599984420183643776 568.752502 1.7172 0.0152 -2.597 18.508 0.012 0.016 0.977 5312.0 4.461 14.072756 0.951901 14.465812 13.513911 68.96 3.8 564.002991 572.846619 44242.98173 6.6587 22340.0 19.986 31160.0 12.768 "" "" 0.0027601614251745975 0.0029544088 0.0038054765 0.0067598852 114.9031564641 -28.84769116466 568.752502 -2.596999999999999 18.508
114.57193375275 -29.04279502271 0.0102 0.0123 70.749 "" "" 5599952774863630464 562.544556 1.7406 0.0157 5.09 13.162 0.014 0.017 0.993 5159.0 4.4496 14.082773 1.016691 14.511226 13.494535 46.31 2.98 556.549316 568.5401 43836.65554 6.7607 21425.0 15.296 31721.0 15.961 "" "" 0.0027604036041350933 0.0028958407 0.003818662 0.0067145023 114.57193375275 -29.04279502271 562.544556 5.09 13.161999999999999
115.05845260034 -29.98042514697 0.0095 0.0111 10.8384 "" "" 5599291040663698176 656.563721 1.486 0.0142 -4.327 -11.687 0.012 0.015 0.969 5519.5 4.4275 14.085303 0.88837 14.44824 13.55987 33.39 3.68 651.494507 663.585083 43734.6374 6.7583 22705.0 13.833 29868.0 13.593 "" "" 0.00276042370270213 0.0028675091 0.003811546 0.0066790553 115.05845260034 -29.98042514697 656.563721 -4.327 -11.687
114.21922052121 -29.68947483837 0.0094 0.0108 57.7991 "" "" 5599533998372837888 535.834473 1.831 0.014 1.125 -26.766 0.012 0.014 1.009 4910.3 4.3736 14.09306 1.157613 14.593153 13.43554 30.53 2.17 532.082397 540.394226 43423.28052 6.0555 19868.0 21.635 33492.0 16.238 "" "" 0.0027594771407578557 0.0030303262 0.0038158647 0.006846191 114.21922052121 -29.68947483837 535.834473 1.125 -26.765999999999995
114.85665244015 -29.09562071261 0.0093 0.0123 61.7153 "" "" 5599766304568346880 637.600281 1.5279 0.0148 17.783 -32.841 0.012 0.016 0.953 5709.3 4.4868 14.100371 0.845258 14.439113 13.593855 -35.71 4.51 630.867676 642.822327 43131.86514 6.409 22897.0 16.606 28948.0 17.391 "" "" 0.0027600392959356164 0.0028991534 0.003835256 0.0067344094 114.85665244015 -29.09562071261 637.600281 17.783 -32.84100000000001
116.05998592513 -29.16321916248 0.0092 0.0114 69.1158 "" "" 5599807261372473344 580.257568 1.683 0.0144 11.387 -16.553 0.013 0.016 1.087 5323.9 4.4167 14.102531 1.046797 14.542982 13.496185 -12.45 2.83 576.313965 585.274658 43046.13484 6.8084 20808.0 17.163 31673.0 17.837 "" "" 0.002760666424645888 0.0029303664 0.0038285234 0.00675889 116.05998592513 -29.16321916248 580.257568 11.387 -16.553
115.09789711997 -29.74476883256 0.0098 0.012 20.794 "" "" 5599682088848132608 584.222412 1.6763 0.0147 -5.873 5.771 0.014 0.015 1.043 5588.3 4.4692 14.105105 0.944387 14.497238 13.552851 25.52 4.9 578.347717 590.303711 42944.2114 40.581 21703.0 84.841 30062.0 89.186 "" "" 0.0029401431100017973 0.0050793192 0.004965799 0.010045119 115.09789711997 -29.74476883256 584.222412 -5.873000000000001 5.771
116.59137394261 -29.79079972064 0.0094 0.0117 72.1865 "" "" 5598965516500760448 571.774902 1.7093 0.0147 -3.031 -6.164 0.013 0.014 1.039 5269.7 4.3966 14.107151 1.094323 14.57266 13.478337 15.3 2.08 566.856628 576.446106 42863.36383 5.5216 20247.0 15.529 32198.0 16.027 "" "" 0.0027588677160090835 0.0029117859 0.003817827 0.006729613 116.59137394261 -29.79079972064 571.774902 -3.0309999999999997 -6.164000000000001
115.16413948072 -28.78040235131 0.3874 0.3186 77.3895 "" "" 5599801110984391424 456.742188 2.2551 0.3551 -3.177 2.246 0.576 0.388 7.115 "" "" 14.107592 0.524434 13.541369 13.016935 "" "" 402.251282 514.209106 42845.98404 225.62 52344.0 192.69 49247.0 147.6 "" "" 0.006346607583022637 0.004874399 0.0049872734 0.009861672 115.16413948072 -28.78040235131 456.742188 -3.1770000000000005 2.2460000000000004
114.0854619546 -29.50589286944 0.0192 0.0229 68.9755 "" "" 5599539942607588352 653.99707 1.4993 0.0286 0.673 -29.659 0.026 0.028 2.271 5262.5 4.3984 14.107925 0.971183 14.483289 13.512106 24.07 2.93 642.137207 666.648682 42832.82781 12.282 21984.0 16.488 31212.0 19.747 "" "" 0.002772853015024199 0.0029065679 0.0038412993 0.006747867 114.0854619546 -29.50589286944 653.99707 0.673 -29.659
115.30623022023 -31.06859429906 0.01 0.0125 60.101 "" "" 5598405212249535872 534.081177 1.8348 0.0163 -7.596 6.327 0.013 0.017 1.003 5440.6 4.5938 14.108627 0.976899 14.51414 13.537241 47.84 3.86 529.84613 538.286682 42805.1459 24.658 21368.0 44.349 30497.0 49.518 "" "" 0.0028254142276011533 0.0035865023 0.0041703214 0.0077568237 115.30623022023 -31.06859429906 534.081177 -7.596000000000001 6.327
