Clusters/Haffner_13/Haffner_13_members.tsv
# %ECSV 1.0
# ---
# datatype:
# - name: RA_ICRS_1
#   unit: deg
#   datatype: float64
#   format: '{:15.11f}'
#   description: Right ascension (ICRS) at Ep=2016.0 (ra)
#   meta: !!omap
#   - {ucd: POS_EQ_RA_MAIN}
#   - {width: 15}
#   - {precision: '11'}
# - name: DE_ICRS_1
#   unit: deg
#   datatype: float64
#   format: '{:15.11f}'
#   description: Declination (ICRS) at Ep=2016.0 (dec)
#   meta: !!omap
#   - {ucd: POS_EQ_DEC_MAIN}
#   - {width: 15}
#   - {precision: '11'}
# - name: e_RA_ICRS
#   unit: mas
#   datatype: float64
#   format: '{:7.4f}'
#   description: Standard error of right ascension (ra_error)
#   meta: !!omap
#   - {ucd: ERROR}
#   - {width: 7}
#   - {precision: '4'}
# - name: e_DE_ICRS
#   unit: mas
#   datatype: float64
#   format: '{:7.4f}'
#   description: Standard error of declination (dec_error)
#   meta: !!omap
#   - {ucd: ERROR}
#   - {width: 7}
#   - {precision: '4'}
# - name: _r_1
#   unit: ''
#   datatype: float64
#   format: '{:7.4f}'
#   description: Distance from center (115.24060640000-30.06850608000)[ICRS], at Epoch=J2016.0
#   meta: !!omap
#   - {ucd: POS_ANG_DIST_GENERAL}
#   - {width: 7}
#   - {precision: '4'}
# - name: HIP
#   datatype: int32
#   description: '? HIP cross-id number, van Leeuwen, Cat. I/311 (hip_original_ext_source_id)'
#   meta: !!omap
#   - {ucd: ID_NUMBER}
#   - {width: 6}
#   - values: {'null': -2147483648}
# - name: TYC2
#   datatype: string
#   description: Tycho-2 cross-id name, Hog et al., Cat. I/259 (tyc2_original_ext_source_id)
#   meta: !!omap
#   - {ucd: ID_CROSSID}
#   - {_votable_string_dtype: char}
# - name: Source
#   datatype: int64
#   description: Source identifier, identical to the Gaia-EDR3 source_id (id)
#   meta: !!omap
#   - {ucd: ID_MAIN}
#   - {width: 19}
# - name: rgeo
#   unit: pc
#   datatype: float64
#   format: '{:15.8f}'
#   description: '? Median of the geometric distance posterior (r_med_geo)'
#   meta: !!omap
#   - {ucd: PHYS_DISTANCE_TRUE}
#   - {width: 15}
#   - {precision: '8'}
#   - values: {'null': .nan}
# - name: Plx
#   unit: mas
#   datatype: float64
#   format: '{:9.4f}'
#   description: '? Parallax (parallax)'
#   meta: !!omap
#   - {ucd: POS_PARLX_TRIG}
#   - {width: 9}
#   - {precision: '4'}
#   - values: {'null': .nan}
# - name: e_Plx
#   unit: mas
#   datatype: float32
#   format: '{:7.4f}'
#   description: '? Standard error of parallax (parallax_error)'
#   meta: !!omap
#   - {ucd: ERROR}
#   - {width: 7}
#   - {precision: '4'}
#   - values: {'null': .nan}
# - name: pmRA
#   unit: mas / yr
#   datatype: float64
#   format: '{:9.3f}'
#   description: '? Proper motion in right ascension direction, pmRA*cosDE (pmra)'
#   meta: !!omap
#   - {ucd: POS_EQ_PMRA}
#   - {width: 9}
#   - {precision: '3'}
#   - values: {'null': .nan}
# - name: pmDE
#   unit: mas / yr
#   datatype: float64
#   format: '{:9.3f}'
#   description: '? Proper motion in declination direction (pmdec)'
#   meta: !!omap
#   - {ucd: POS_EQ_PMDEC}
#   - {width: 9}
#   - {precision: '3'}
#   - values: {'null': .nan}
# - name: e_pmRA
#   unit: mas / yr
#   datatype: float32
#   format: '{:6.3f}'
#   description: '? Standard error of proper motion in right ascension direction (pmra_error)'
#   meta: !!omap
#   - {ucd: ERROR}
#   - {width: 6}
#   - {precision: '3'}
#   - values: {'null': .nan}
# - name: e_pmDE
[...]
#       distance: !astropy.table.SerializedColumn
#         __class__: astropy.coordinates.distances.Distance
#         unit: !astropy.units.Unit {unit: pc}
#         value: !astropy.table.SerializedColumn {name: SkyCoord.distance}
#       frame: icrs
#       obstime: !astropy.time.Time {format: jyear_str, in_subfmt: '*', jd1: 367701545.0, jd2: 0.0, out_subfmt: '*', precision: 3, scale: tt}
#       pm_dec: !astropy.table.SerializedColumn
#         __class__: astropy.units.quantity.Quantity
#         unit: !astropy.units.Unit {unit: mas / yr}
#         value: !astropy.table.SerializedColumn {name: SkyCoord.pm_dec}
#       pm_ra_cosdec: !astropy.table.SerializedColumn
#         __class__: astropy.units.quantity.Quantity
#         unit: !astropy.units.Unit {unit: mas / yr}
#         value: !astropy.table.SerializedColumn {name: SkyCoord.pm_ra_cosdec}
#       ra: !astropy.table.SerializedColumn
#         __class__: astropy.coordinates.angles.Longitude
#         unit: *id001
#         value: !astropy.table.SerializedColumn {name: SkyCoord.ra}
#         wrap_angle: !astropy.coordinates.Angle
#           unit: *id001
#           value: 360.0
#       representation_type: spherical
# schema: astropy-2.0
RA_ICRS_1 DE_ICRS_1 e_RA_ICRS e_DE_ICRS _r_1 HIP TYC2 Source rgeo Plx e_Plx pmRA pmDE e_pmRA e_pmDE RUWE Teff logg Gmag BP-RP BPmag RPmag RV e_RV b_rgeo B_rgeo FG e_FG FBP e_FBP FRP e_FRP RAVE5 RAVE6 e_Gmag e_BPmag e_RPmag e_BP-RP SkyCoord.ra SkyCoord.dec SkyCoord.distance SkyCoord.pm_ra_cosdec SkyCoord.pm_dec rmRA rmDE e_rmRA e_rmDE rRV e_rRV v_pec v_pec3d e_vpec e_vpec3d Pmemb
[from data line 29]
115.51209880503 -30.4903514171 0.0143 0.0161 28.9572 "" "" 5598511040246477568 558.438904 1.7515 0.0197 -6.523 5.951 0.019 0.021 2.239 6016.2 4.3572 13.092494 0.771271 13.387182 12.615911 40.76 4.96 552.99762 563.887451 109131.23273 49.778 60331.0 73.839 71251.0 73.598 "" "" 0.0027994729184268852 0.003090443 0.0039422694 0.0070327125 115.51209880503 -30.4903514171 558.438904 -6.523000000000001 5.951 -0.3558118324279782 0.030769134521484 0.2543356 0.25633562 8.477183098591546 7.891756 0.945349058077868 8.529731421835912 0.2404500199249319 7.843183323304703 1.0
115.10740218934 -30.49255421598 0.0075 0.0088 26.3624 "" "" 5598496506076038784 557.737854 1.7567 0.0111 -6.043 5.894 0.01 0.011 1.042 5967.5 4.42 13.223745 0.792179 13.538293 12.746114 37.88 3.69 554.526794 560.76709 96704.95649 135.88 52493.0 250.29 63199.0 237.69 "" "" 0.003149466970949676 0.005880895 0.005564002 0.011444896 115.10740218934 -30.49255421598 557.737854 -6.043 5.894 0.12418816757202134 -0.026230865478515497 0.24533562 0.24633563 5.59718309859155 6.6217556 0.33555712684883804 5.607232581634006 0.08233847593374774 6.609889689058417 1.0
115.68354318522 -30.2735029987 0.0079 0.0099 26.061 "" "" 5598889959441078016 573.897156 1.7038 0.0116 -6.103 6.098 0.011 0.012 1.106 5952.2 4.3099 13.245283 0.771788 13.541447 12.769659 31.86 2.98 569.691711 577.902649 94805.49113 45.198 52341.0 96.365 61844.0 74.602 "" "" 0.0028035189726459677 0.0034323232 0.003999885 0.0074322084 115.68354318522 -30.2735029987 573.897156 -6.103 6.098000000000001 0.06418816757202173 0.17776913452148424 0.24633563 0.24733561 -0.42281690140845285 5.9117556 0.5141386021847009 0.6656670597025839 0.12710559309994293 3.7562986599402994 1.0
115.51444893434 -30.16316954972 0.0064 0.009 15.3055 "" "" 5598895010322697728 562.208984 1.7443 0.0103 -6.043 5.96 0.009 0.011 1.021 5993.5 4.3852 13.251462 0.795311 13.567639 12.772328 33.56 2.28 558.869507 564.946838 94267.4878 38.257 51093.0 84.778 61692.0 70.813 "" "" 0.002790330353870914 0.0033212388 0.003979559 0.007300798 115.51444893434 -30.16316954972 562.208984 -6.043000000000001 5.959999999999999 0.12418816757202134 0.03976913452148434 0.24433562 0.24633563 1.27718309859155 5.2117558 0.3475004016902736 1.3236136885446654 0.08497160921697379 5.028983842397871 1.0
115.05313205075 -30.02799291526 0.008 0.0096 10.0356 "" "" 5599289769353416832 560.310547 1.7445 0.0121 -6.232 6.08 0.01 0.013 1.14 5559.3 4.2968 13.252449 0.850495 13.591884 12.741388 19.58 10.07 556.72876 564.42041 94181.83997 141.17 49965.0 239.66 63475.0 237.3 "" "" 0.0032000443906055054 0.0059081456 0.0055461004 0.011454246 115.05313205075 -30.02799291526 560.310547 -6.232000000000001 6.08 -0.06481183242797872 0.15976913452148445 0.24533562 0.24833561 -12.702816901408454 13.001756 0.4579107658973877 12.711067598759477 0.11352244380975846 12.993316976297294 1.0
115.05205376788 -30.11485152716 0.0085 0.0105 10.1757 "" "" 5599280423504640768 548.844116 1.7826 0.0127 -6.219 5.652 0.012 0.014 1.263 5245.0 4.2569 13.270527 0.997523 13.685715 12.688191 34.72 2.38 545.183838 552.754089 92626.67603 29.553 45828.0 57.317 66663.0 57.923 "" "" 0.002777010794592285 0.0031030658 0.0038953444 0.0069984104 115.05205376788 -30.11485152716 548.844116 -6.219000000000001 5.652000000000002 -0.05181183242797882 -0.2682308654785155 0.24733561 0.24933562 2.4371830985915466 5.311756 0.7107071097632641 2.538693768836317 0.17715366603548732 5.099604632612154 1.0
115.48255743652 -29.71698830806 0.0078 0.0104 24.5608 "" "" 5599673705071634432 557.334656 1.7568 0.0121 -6.102 5.738 0.011 0.013 1.036 5914.6 4.3952 13.402287 0.801744 13.722298 12.920553 40.53 4.52 553.417847 561.781738 82041.2266 96.46 44310.0 186.38 53819.0 186.6 "" "" 0.0030366727195639646 0.00535179 0.0053342977 0.010686088 115.48255743652 -29.71698830806 557.334656 -6.102 5.738 0.06518816757202117 -0.1822308654785152 0.24633563 0.24833561 8.247183098591549 7.4517555 0.5112864468414479 8.263016573408155 0.12685504017167684 7.437480717757357 1.0
114.9158826556 -29.38458676374 0.0081 0.0101 44.3863 "" "" 5599741668636318208 556.94519 1.7607 0.0124 -5.903 5.845 0.01 0.013 1.02 5774.0 4.3357 13.434202 0.853807 13.776362 12.922555 36.97 5.32 552.692139 560.947937 79664.66098 79.179 42157.0 153.77 53720.0 145.09 "" "" 0.002959101780906148 0.00484447 0.004783597 0.009628067 114.9158826556 -29.38458676374 556.94519 -5.903000000000001 5.844999999999999 0.2641881675720219 -0.07523086547851587 0.24533562 0.24833561 4.687183098591547 8.251756 0.7251619619502176 4.7429468973183475 0.17807216105332868 8.154783580306312 1.0
115.14072110172 -29.30777820241 0.0085 0.0101 45.9396 "" "" 5599748952900579328 560.529053 1.7476 0.0124 -6.051 5.723 0.011 0.012 1.027 5708.4 4.3908 13.475761 0.829983 13.809049 12.979066 49.34 4.71 556.961853 563.314697 76672.91859 85.623 40907.0 161.55 50995.0 158.74 "" "" 0.003010296461533321 0.0051156823 0.005070144 0.010185827 115.14072110172 -29.30777820241 560.529053 -6.051 5.722999999999998 0.11618816757202133 -0.19723086547851576 0.24633563 0.24733561 17.05718309859155 7.641756 0.6081922594827638 17.068022529964388 0.15027115454466358 7.636904866016622 1.0
115.58079213402 -30.2914212918 0.0082 0.0097 22.1408 "" "" 5598515163414932096 556.758423 1.7579 0.012 -6.139 5.872 0.011 0.012 0.961 5857.5 4.4244 13.494354 0.833845 13.829176 12.995331 35.7 3.31 552.997314 560.414795 75371.11744 56.222 40156.0 106.81 50237.0 94.524 "" "" 0.0028718826634744773 0.0040156133 0.004296171 0.008311784 115.58079213402 -30.2914212918 556.758423 -6.139000000000001 5.872 0.02818816757202125 -0.04823086547851574 0.24633563 0.24733561 3.4171830985915506 6.2417555 0.14742711035042122 3.420361834976824 0.0364264958980457 6.235954865551096 1.0
115.0769038523 -30.24409897403 0.0126 0.0153 13.5324 "" "" 5598527773439352192 569.051392 1.7204 0.0185 -6.175 6.079 0.017 0.02 1.668 5775.8 4.3671 13.539827 0.862823 13.874764 13.01194 33.05 3.5 562.04126 575.708984 72279.63864 87.456 38504.0 160.1 49475.0 160.65 "" "" 0.003052476183461717 0.0053071436 0.0051684417 0.010475585 115.0769038523 -30.24409897403 569.051392 -6.174999999999997 6.0790000000000015 -0.007811832427978338 0.1587691345214841 0.2523356 0.25533563 0.7671830985915449 6.431756 0.42876661414563605 0.8788689982986297 0.10947630483527536 5.6146681513578285 1.0
115.05832392112 -29.96654845917 0.0125 0.0147 11.274 "" "" 5599291109383165056 541.694702 1.8117 0.0192 -6.264 5.874 0.017 0.02 1.626 "" "" 13.549534 0.987994 13.958344 12.97035 32.73 3.04 536.607239 546.47821 71636.29791 28.445 35652.0 56.77 51406.0 63.31 "" "" 0.002788844373265111 0.0032823768 0.004008955 0.007291332 115.05832392112 -29.96654845917 541.694702 -6.264000000000003 5.873999999999999 -0.09681183242797875 -0.04623086547851596 0.2523356 0.25533563 0.4471830985915446 5.971756 0.275465533778814 0.5252180346922429 0.06966396122329752 5.084626034133961 1.0
115.28846577505 -29.84319029799 0.0084 0.0101 13.746 "" "" 5599668276233200896 552.672791 1.7744 0.0129 -6.439 5.818 0.012 0.013 1.005 5713.6 4.4051 13.593684 0.84249 13.930061 13.087571 33.8 2.85 548.314697 555.841736 68781.74605 69.3 36593.0 146.84 46146.0 125.13 "" "" 0.0029645309312999225 0.005173685 0.004790764 0.009964449 115.28846577505 -29.84319029799 552.672791 -6.439 5.818000000000004 -0.2718118324279786 -0.10223086547851601 0.24733561 0.24833561 1.5171830985915449 5.7817554 0.7607548725026265 1.6972308418975683 0.1882562180338653 5.169096904271334 1.0
115.36782301852 -29.83014451907 0.0091 0.0109 15.7569 "" "" 5599666695685394176 543.533813 1.7987 0.0139 -6.304 5.915 0.012 0.014 1.005 5677.2 4.411 13.68808 0.905487 14.058431 13.152944 19.51 4.11 539.709839 548.194397 63054.32561 114.42 32512.0 212.25 43449.0 196.44 "" "" 0.0033872549156905474 0.0076174703 0.006195155 0.013812626 115.36782301852 -29.83014451907 543.533813 -6.3039999999999985 5.915000000000001 -0.13681183242797879 -0.0052308654785155895 0.24733561 0.24933562 -12.77281690140845 7.0417557 0.3527327389654477 12.777686487860134 0.0872444020690265 7.03907246961663 1.0
115.1482767632 -29.67654813496 0.0082 0.01 24.0031 "" "" 5599682879122041344 550.821167 1.778 0.0123 -6.224 5.717 0.011 0.013 0.965 5396.3 4.3947 13.723229 0.895799 14.076625 13.180826 35.2 4.35 546.596924 554.805359 61045.67894 164.49 31972.0 283.07 42347.0 305.51 "" "" 0.004018791557734552 0.010009511 0.008697087 0.018706597 115.1482767632 -29.67654813496 550.821167 -6.223999999999999 5.716999999999999 -0.056811832427978715 -0.203230865478516 0.24633563 0.24833561 2.9171830985915506 7.2817554 0.5509562443554659 2.968755633915072 0.1367424893831965 7.155303480564945 1.0
115.43157648784 -29.80433015647 0.0088 0.0116 18.7038 "" "" 5599666420807178752 545.935303 1.7961 0.0135 -6.594 5.83 0.012 0.015 1.006 5665.7 4.4264 13.76021 0.899475 14.126569 13.227094 37.7 5.1 542.093994 550.075134 59001.43678 54.754 30534.0 103.93 40581.0 92.205 "" "" 0.0029337685100656406 0.0046305824 0.0045132525 0.009143835 115.43157648784 -29.80433015647 545.935303 -6.594 5.83 -0.4268118324279788 -0.09023086547851555 0.24733561 0.2503356 5.417183098591551 8.031755 1.1288864688418079 5.533557389528013 0.2793595506816827 7.863048975158716 0.8
115.07889136154 -30.11308030055 0.0086 0.0102 8.811 "" "" 5599286122913013504 549.396423 1.7807 0.0123 -6.096 6.006 0.012 0.014 1.054 5707.4 4.4808 13.774281 0.894906 14.131634 13.236728 31.53 3.93 545.668274 552.953064 58241.74174 51.59 30392.0 96.0 40222.0 98.94 "" "" 0.002918342663556319 0.004421178 0.0046278085 0.009048986 115.07889136154 -30.11308030055 549.396423 -6.096 6.006 0.0711881675720214 0.0857691345214846 0.24733561 0.24933562 -0.7528169014084511 6.861756 0.29026631000613184 0.8068381608295417 0.07213749552575087 6.402384598105518 1.0
115.18274779661 -30.03817822792 0.0081 0.0101 3.5128 "" "" 5599288257524798976 549.99585 1.7817 0.0123 -6.481 5.974 0.011 0.014 0.949 5625.7 4.4262 13.788725 0.911654 14.156697 13.245044 26.99 4.05 546.477112 553.367493 57472.05159 57.136 29699.0 131.27 39915.0 116.82 "" "" 0.002959200412981964 0.0055511403 0.004937728 0.010488868 115.18274779661 -30.03817822792 549.99585 -6.481 5.974 -0.3138118324279784 0.053769134521484574 0.24633563 0.24933562 -5.292816901408454 6.981756 0.8300233410538619 5.357504036258788 0.20453575745308486 6.897530453562666 1.0
114.8703017166 -30.04291597376 0.0093 0.011 19.292 "" "" 5599296263344159104 539.847229 1.815 0.0138 -6.243 5.776 0.013 0.015 0.917 5757.7 4.5355 13.807512 0.904385 14.174857 13.270473 41.98 11.96 536.061035 544.257324 56486.12734 97.893 29206.0 172.73 38991.0 187.62 "" "" 0.0033365130112954404 0.007001255 0.006448132 0.013449388 114.8703017166 -30.04291597376 539.847229 -6.243 5.775999999999999 -0.07581183242797884 -0.14423086547851582 0.24833561 0.2503356 9.697183098591545 14.891756 0.41694741787918166 9.70614265281969 0.1041968323676016 14.87801043647074 1.0
114.89291387645 -29.88149761818 0.0095 0.0118 21.2713 "" "" 5599307082353374848 540.934082 1.8112 0.0145 -6.081 6.025 0.012 0.014 1.079 5703.6 4.5207 13.808152 0.891921 14.170684 13.278763 35.06 3.8 536.763855 545.153564 56452.83745 45.43 29319.0 81.953 38695.0 83.333 "" "" 0.0028905375998614655 0.0041225576 0.0044442127 0.008566771 114.89291387645 -29.88149761818 540.934082 -6.081000000000001 6.025000000000002 0.08618816757202108 0.10476913452148473 0.24733561 0.24933562 2.77718309859155 6.7317557 0.34784860416870006 2.798882743975652 0.08645093032150584 6.679573294997032 0.9
114.99096235233 -29.99141803142 0.0093 0.0109 13.7681 "" "" 5599290834505346816 565.741882 1.7344 0.0139 -5.901 5.834 0.012 0.015 1.09 5586.5 4.4489 13.87358 0.890351 14.234552 13.344201 34.42 3.46 561.940857 570.02179 53151.40289 39.387 27644.0 64.342 36432.0 63.628 "" "" 0.0028703864208617855 0.003764459 0.004228403 0.007992862 114.99096235233 -29.99141803142 565.741882 -5.901 5.834 0.2661881675720217 -0.086230865478516 0.24733561 0.2503356 2.1371830985915494 6.391756 0.7503348124874806 2.2650726098154115 0.18579948087557885 6.031181662079305 1.0
115.64397773396 -30.28039885383 0.0096 0.0114 24.4826 "" "" 5598889615843731584 553.964417 1.7685 0.0137 -5.591 5.7 0.013 0.015 1.127 5782.7 4.469 13.878457 1.025458 14.296313 13.270855 32.5 5.18 549.974426 557.917297 52913.1685 53.918 26115.0 96.39 38978.0 111.57 "" "" 0.0029691429195010843 0.0048830896 0.0048930673 0.009776156 115.64397773396 -30.28039885383 553.964417 -5.591 5.7 0.5761881675720213 -0.22023086547851545 0.24833561 0.2503356 0.21718309859154772 8.111755 1.619699200345487 1.6341952141386402 0.40264336996693806 1.1495388338121637 1.0
115.39290328955 -30.23950524513 0.009 0.012 12.9498 "" "" 5598530762736267776 563.92804 1.7353 0.0134 -5.911 6.275 0.012 0.015 1.121 5141.8 4.3298 13.903686 0.963496 14.298196 13.3347 38.03 5.1 559.839233 568.089478 51697.8358 47.625 26070.0 81.939 36752.0 91.215 "" "" 0.0029312437208529533 0.0044079786 0.0046416707 0.009049649 115.39290328955 -30.23950524513 563.92804 -5.911 6.275000000000001 0.2561881675720219 0.35476913452148473 0.24733561 0.2503356 5.747183098591549 8.031755 1.1697123296604501 5.86500984678594 0.29162268255656143 7.870614157307149 0.9
115.27228752078 -29.85800208345 0.0097 0.0117 12.7371 "" "" 5599668138794271872 570.448059 1.7182 0.0145 -6.69 5.674 0.013 0.015 0.966 5892.0 4.3177 13.9064 1.098062 14.365768 13.267705 29.36 6.9 566.183533 575.000671 51568.75738 69.044 24497.0 121.1 39091.0 131.36 "" "" 0.0031152726505302626 0.0060492074 0.0052530994 0.011302307 115.27228752078 -29.85800208345 570.448059 -6.690000000000001 5.674 -0.5228118324279789 -0.24623086547851525 0.24833561 0.2503356 -2.922816901408453 9.831756 1.5625822199304282 3.314290547493025 0.3886140433031901 8.672394999217783 0.9
115.13203429543 -29.87793288801 0.0102 0.0113 12.7511 "" "" 5599293308406290304 542.887878 1.8095 0.0153 -6.376 5.87 0.014 0.015 1.072 5598.8 4.5437 13.907889 1.003465 14.326465 13.323 40.56 7.15 538.517334 547.370789 51498.07409 80.675 25400.0 129.36 37150.0 140.34 "" "" 0.0032380185024063787 0.006193633 0.005577307 0.01177094 115.13203429543 -29.87793288801 542.887878 -6.376 5.870000000000001 -0.20881183242797885 -0.05023086547851552 0.24933562 0.2503356 8.27718309859155 10.081756 0.5526613957552591 8.295612977108307 0.13782845837467855 10.059361781663966 1.0
115.05775527498 -30.47506988581 0.0185 0.0212 26.1694 "" "" 5598497365069528448 554.724121 1.762 0.0268 -6.151 6.174 0.024 0.028 2.212 4961.1 4.282 13.93883 1.172408 14.439611 13.267203 33.76 4.04 546.680847 563.722473 50051.21713 69.065 22886.0 113.13 39109.0 157.86 "" "" 0.003136298952006235 0.0060489518 0.0057870406 0.011835992 115.05775527498 -30.47506988581 554.724121 -6.151 6.1739999999999995 0.016188167572021683 0.25376913452148475 0.2593356 0.26333562 1.4771830985915457 6.971756 0.6686148701902599 1.6214548255822787 0.17605935125280464 6.351846924373727 1.0
115.52852706354 -30.22173673598 0.0092 0.0113 17.5413 "" "" 5598518565029033856 562.145874 1.7434 0.0136 -6.021 5.881 0.012 0.015 0.937 5189.3 4.3869 13.972623 0.979764 14.377875 13.398111 39.7 9.79 557.973511 566.330078 48517.39029 40.958 24225.0 99.893 34667.0 81.253 "" "" 0.0029037716616673597 0.005275354 0.0045562647 0.0098316185 115.52852706354 -30.22173673598 562.145874 -6.0210000000000035 5.881000000000005 0.14618816757202158 -0.0392308654785154 0.24733561 0.2503356 7.417183098591551 12.721756 0.40331121956418 7.428140080656699 0.09983496829427788 12.702991733613985 1.0
