Clusters/Haffner_13/Haffner_13_members.tsv
# %ECSV 1.0
# ---
# datatype:
# - name: RA_ICRS_1
#   unit: deg
#   datatype: float64
#   format: '{:15.11f}'
#   description: Right ascension (ICRS) at Ep=2016.0 (ra)
#   meta: !!omap
#   - {ucd: POS_EQ_RA_MAIN}
#   - {width: 15}
#   - {precision: '11'}
# - name: DE_ICRS_1
#   unit: deg
#   datatype: float64
#   format: '{:15.11f}'
#   description: Declination (ICRS) at Ep=2016.0 (dec)
#   meta: !!omap
#   - {ucd: POS_EQ_DEC_MAIN}
#   - {width: 15}
#   - {precision: '11'}
# - name: e_RA_ICRS
#   unit: mas
#   datatype: float64
#   format: '{:7.4f}'
#   description: Standard error of right ascension (ra_error)
#   meta: !!omap
#   - {ucd: ERROR}
#   - {width: 7}
#   - {precision: '4'}
# - name: e_DE_ICRS
#   unit: mas
#   datatype: float64
#   format: '{:7.4f}'
#   description: Standard error of declination (dec_error)
#   meta: !!omap
#   - {ucd: ERROR}
#   - {width: 7}
#   - {precision: '4'}
# - name: _r_1
#   unit: ''
#   datatype: float64
#   format: '{:7.4f}'
#   description: Distance from center (115.24060640000-30.06850608000)[ICRS], at Epoch=J2016.0
#   meta: !!omap
#   - {ucd: POS_ANG_DIST_GENERAL}
#   - {width: 7}
#   - {precision: '4'}
# - name: HIP
#   datatype: int32
#   description: '? HIP cross-id number, van Leeuwen, Cat. I/311 (hip_original_ext_source_id)'
#   meta: !!omap
#   - {ucd: ID_NUMBER}
#   - {width: 6}
#   - values: {'null': -2147483648}
# - name: TYC2
#   datatype: string
#   description: Tycho-2 cross-id name, Hog et al., Cat. I/259 (tyc2_original_ext_source_id)
#   meta: !!omap
#   - {ucd: ID_CROSSID}
#   - {_votable_string_dtype: char}
# - name: Source
#   datatype: int64
#   description: Source identifier, identical to the Gaia-EDR3 source_id (id)
#   meta: !!omap
#   - {ucd: ID_MAIN}
#   - {width: 19}
# - name: rgeo
#   unit: pc
#   datatype: float64
#   format: '{:15.8f}'
#   description: '? Median of the geometric distance posterior (r_med_geo)'
#   meta: !!omap
#   - {ucd: PHYS_DISTANCE_TRUE}
#   - {width: 15}
#   - {precision: '8'}
#   - values: {'null': .nan}
# - name: Plx
#   unit: mas
#   datatype: float64
#   format: '{:9.4f}'
#   description: '? Parallax (parallax)'
#   meta: !!omap
#   - {ucd: POS_PARLX_TRIG}
#   - {width: 9}
#   - {precision: '4'}
#   - values: {'null': .nan}
# - name: e_Plx
#   unit: mas
#   datatype: float32
#   format: '{:7.4f}'
#   description: '? Standard error of parallax (parallax_error)'
#   meta: !!omap
#   - {ucd: ERROR}
#   - {width: 7}
#   - {precision: '4'}
#   - values: {'null': .nan}
# - name: pmRA
#   unit: mas / yr
#   datatype: float64
#   format: '{:9.3f}'
#   description: '? Proper motion in right ascension direction, pmRA*cosDE (pmra)'
#   meta: !!omap
#   - {ucd: POS_EQ_PMRA}
#   - {width: 9}
#   - {precision: '3'}
#   - values: {'null': .nan}
# - name: pmDE
#   unit: mas / yr
#   datatype: float64
#   format: '{:9.3f}'
#   description: '? Proper motion in declination direction (pmdec)'
#   meta: !!omap
#   - {ucd: POS_EQ_PMDEC}
#   - {width: 9}
#   - {precision: '3'}
#   - values: {'null': .nan}
# - name: e_pmRA
#   unit: mas / yr
#   datatype: float32
#   format: '{:6.3f}'
#   description: '? Standard error of proper motion in right ascension direction (pmra_error)'
#   meta: !!omap
#   - {ucd: ERROR}
#   - {width: 6}
#   - {precision: '3'}
#   - values: {'null': .nan}
# - name: e_pmDE
[...]
#       distance: !astropy.table.SerializedColumn
#         __class__: astropy.coordinates.distances.Distance
#         unit: !astropy.units.Unit {unit: pc}
#         value: !astropy.table.SerializedColumn {name: SkyCoord.distance}
#       frame: icrs
#       obstime: !astropy.time.Time {format: jyear_str, in_subfmt: '*', jd1: 367701545.0, jd2: 0.0, out_subfmt: '*', precision: 3, scale: tt}
#       pm_dec: !astropy.table.SerializedColumn
#         __class__: astropy.units.quantity.Quantity
#         unit: !astropy.units.Unit {unit: mas / yr}
#         value: !astropy.table.SerializedColumn {name: SkyCoord.pm_dec}
#       pm_ra_cosdec: !astropy.table.SerializedColumn
#         __class__: astropy.units.quantity.Quantity
#         unit: !astropy.units.Unit {unit: mas / yr}
#         value: !astropy.table.SerializedColumn {name: SkyCoord.pm_ra_cosdec}
#       ra: !astropy.table.SerializedColumn
#         __class__: astropy.coordinates.angles.Longitude
#         unit: *id001
#         value: !astropy.table.SerializedColumn {name: SkyCoord.ra}
#         wrap_angle: !astropy.coordinates.Angle
#           unit: *id001
#           value: 360.0
#       representation_type: spherical
# schema: astropy-2.0
RA_ICRS_1 DE_ICRS_1 e_RA_ICRS e_DE_ICRS _r_1 HIP TYC2 Source rgeo Plx e_Plx pmRA pmDE e_pmRA e_pmDE RUWE Teff logg Gmag BP-RP BPmag RPmag RV e_RV b_rgeo B_rgeo FG e_FG FBP e_FBP FRP e_FRP RAVE5 RAVE6 e_Gmag e_BPmag e_RPmag e_BP-RP SkyCoord.ra SkyCoord.dec SkyCoord.distance SkyCoord.pm_ra_cosdec SkyCoord.pm_dec rmRA rmDE e_rmRA e_rmDE rRV e_rRV v_pec v_pec3d e_vpec e_vpec3d Pmemb
[from data line 86]
115.99224308877 -29.96786539885 0.0236 0.0295 39.5131 "" "" 5598924594058445696 578.64801 1.6969 0.0359 -6.297 5.903 0.036 0.039 0.97 "" "" 15.958593 1.683385 16.759008 15.075624 "" "" 569.084045 591.923157 7789.49813 7.3643 2702.8 13.364 7394.5 22.032 "" "" 0.0029403112364246044 0.006050209 0.004974808 0.011025017 115.99224308877 -29.96786539885 578.64801 -6.297 5.903 -0.12981183242797822 -0.017230865478516044 0.2713356 0.27433562 "" "" 0.3591697293523229 "" 0.09747429224604176 "" 1.0
115.56171560528 -30.20015416106 0.0218 0.0251 18.4401 "" "" 5598894009585430144 564.303162 1.7424 0.0317 -6.264 5.966 0.03 0.032 1.01 4033.0 4.3805 15.980241 1.756007 16.81596 15.059953 "" "" 553.192505 575.830261 7635.72726 14.822 2564.7 25.415 7502.0 52.557 "" "" 0.0034689499653140906 0.011115048 0.008493567 0.019608615 115.56171560528 -30.20015416106 564.303162 -6.263999999999994 5.965999999999999 -0.09681183242797875 0.04576913452148457 0.26533562 0.26733562 "" "" 0.28643247568841723 "" 0.07610570942037966 "" 1.0
114.85616132659 -30.13323208972 0.0208 0.0268 20.3304 "" "" 5599282519448877952 548.494385 1.7883 0.0338 -6.259 5.925 0.03 0.036 1.021 4137.5 4.4593 15.997971 1.798916 16.87207 15.073154 "" "" 537.760132 556.676331 7512.04941 11.43 2435.5 14.959 7411.3 31.075 "" "" 0.0032126187645407575 0.0072288387 0.005916767 0.013145605 114.85616132659 -30.13323208972 548.494385 -6.2589999999999995 5.925000000000001 -0.09181183242797886 0.004769134521484197 0.26533562 0.2713356 "" "" 0.23902003796868757 "" 0.06342443253608893 "" 1.0
115.67201779522 -30.3179440811 0.025 0.0306 26.9173 "" "" 5598889169167130496 578.329102 1.705 0.0358 -6.051 6.114 0.034 0.036 0.979 "" "" 16.1507 1.857847 17.063414 15.205566 "" "" 566.450195 589.675354 6526.30365 4.654 2042.0 8.6561 6560.4 13.227 "" "" 0.0028620374603439374 0.0053821714 0.004367569 0.00974974 115.67201779522 -30.3179440811 578.329102 -6.051 6.113999999999999 0.11618816757202133 0.19376913452148425 0.26933563 0.2713356 "" "" 0.6193483149711676 "" 0.167724555507331 "" 1.0
115.54649757424 -29.76302748821 0.0251 0.0305 24.2695 "" "" 5599672571200241024 556.502686 1.756 0.0371 -6.224 5.867 0.035 0.041 0.999 3780.3 4.2385 16.17609 2.189604 17.295355 15.105751 "" "" 546.741089 566.976624 6375.44686 4.0081 1649.2 9.4972 7192.1 13.517 "" "" 0.0028386091579108877 0.0068467166 0.0042950674 0.0111417845 115.54649757424 -29.76302748821 556.502686 -6.224 5.866999999999999 -0.056811832427978715 -0.05323086547851563 0.2703356 0.27633563 "" "" 0.20536274744778385 "" 0.05609626834821516 "" 1.0
115.27847686364 -30.09536177419 0.0233 0.0327 2.5421 "" "" 5598536397733381248 549.416931 1.7905 0.0357 -6.368 5.676 0.031 0.041 1.05 4123.5 4.4921 16.223072 1.873229 17.137474 15.264245 "" "" 538.791687 559.888428 6105.45829 6.6696 1907.3 12.4 6215.3 24.597 "" "" 0.002999753713211879 0.0075901784 0.0057224254 0.013312604 115.27847686364 -30.09536177419 549.416931 -6.3679999999999986 5.676 -0.20081183242797884 -0.24423086547851547 0.2663356 0.27633563 "" "" 0.8234251898626684 "" 0.22425673926359807 "" 1.0
114.92996048579 -29.92139722369 0.0264 0.0316 18.398 "" "" 5599303856846549376 559.030029 1.7637 0.0392 -6.213 5.829 0.034 0.041 0.898 4156.6 4.4344 16.275024 1.890586 17.209595 15.319009 "" "" 546.707581 573.723206 5820.18811 4.3943 1784.8 10.041 5909.6 12.048 "" "" 0.002874676631313617 0.0067152735 0.0043798797 0.011095153 114.92996048579 -29.92139722369 559.030029 -6.213000000000003 5.829000000000006 -0.045811832427978594 -0.09123086547851589 0.26933563 0.27633563 "" "" 0.27051088045254634 "" 0.07437434532250542 "" 1.0
115.08634871469 -30.11662901597 0.027 0.0315 8.5126 "" "" 5599286058501695872 554.783508 1.7865 0.0398 -6.383 5.873 0.039 0.041 0.997 4143.9 4.6154 16.364109 1.93792 17.321875 15.383955 "" "" 543.182007 566.533936 5361.70545 7.0932 1609.4 19.058 5566.4 21.97 "" "" 0.0031072370381831755 0.013156213 0.005713791 0.018870004 115.08634871469 -30.11662901597 554.783508 -6.383 5.873000000000001 -0.21581183242797852 -0.047230865478515405 0.27433562 0.27633563 "" "" 0.5809466806808342 "" 0.15942766093016167 "" 1.0
115.03813433567 -29.66821894874 0.0262 0.0335 26.2261 "" "" 5599685662260447744 579.110352 1.6983 0.0394 -6.207 5.686 0.036 0.042 1.018 5259.8 4.6232 16.407719 1.994284 17.406721 15.412437 "" "" 565.021973 594.332825 5150.61774 8.8727 1488.4 15.117 5422.3 25.006 "" "" 0.0033301597673347826 0.011374839 0.0062733274 0.017648166 115.03813433567 -29.66821894874 579.110352 -6.207 5.686 -0.039811832427978366 -0.23423086547851568 0.2713356 0.2773356 "" "" 0.6521809445740888 "" 0.18076428635185324 "" 1.0
115.49841684269 -29.92348575619 0.0302 0.0365 15.9745 "" "" 5598914217416014080 571.816589 1.7118 0.044 -6.002 5.782 0.039 0.046 1.079 3865.9 4.3672 16.4578 1.979709 17.454578 15.47487 "" "" 555.135742 587.395386 4918.43686 4.9767 1424.2 9.2786 5119.3 13.213 "" "" 0.0029662612871020682 0.0076039317 0.0047049583 0.01230889 115.49841684269 -29.92348575619 571.816589 -6.002000000000001 5.782000000000002 0.1651881675720217 -0.1382308654785156 0.27433562 0.28133562 "" "" 0.5838082490690277 "" 0.16185498972347978 "" 0.8
115.07741327243 -30.04028081167 0.0311 0.0367 8.6427 "" "" 5599289524533525760 558.908386 1.7603 0.0459 -6.429 5.88 0.041 0.049 1.172 4087.0 4.4984 16.524252 2.058899 17.538158 15.479259 "" "" 544.304016 576.63623 4626.43187 7.1481 1318.7 15.27 5098.6 18.329 "" "" 0.003225814040699995 0.012878263 0.0054330556 0.018311318 115.07741327243 -30.04028081167 558.908386 -6.429 5.879999999999999 -0.2618118324279788 -0.04023086547851573 0.27633563 0.2843356 "" "" 0.7017396371758909 "" 0.19404699262304087 "" 1.0
115.45472813128 -30.24020325952 0.0299 0.04 15.1503 "" "" 5598519046065432320 533.679138 1.8543 0.044 -6.004 5.992 0.039 0.049 1.031 4014.9 4.558 16.544428 2.030672 17.57696 15.546288 "" "" 522.699341 544.354797 4541.25335 7.0252 1272.4 8.9238 4793.4 19.917 "" "" 0.003226896888055037 0.008109752 0.0058852206 0.013994973 115.45472813128 -30.24020325952 533.679138 -6.004 5.991999999999999 0.16318816757202192 0.07176913452148437 0.27433562 0.2843356 "" "" 0.45096581583494433 "" 0.12445796802601251 "" 1.0
115.43539139221 -30.07756574306 0.0277 0.0372 10.1285 "" "" 5598908135742771456 580.346924 1.7011 0.042 -6.057 5.936 0.036 0.047 1.03 4062.3 4.4406 16.558247 2.041594 17.591433 15.549838 "" "" 566.037659 592.577209 4483.81589 3.9685 1255.6 8.9234 4777.7 12.254 "" "" 0.002918085560791159 0.008205166 0.004694513 0.012899679 115.43539139221 -30.07756574306 580.346924 -6.057 5.936 0.1101881675720211 0.015769134521484318 0.2713356 0.2823356 "" "" 0.3061987385087639 "" 0.0831515591591727 "" 1.0
115.7201137215 -30.0892281002 0.0277 0.0354 24.9271 "" "" 5598896487791256960 561.40271 1.7498 0.0434 -6.264 5.824 0.038 0.047 0.994 3925.4 4.3955 16.572798 2.065442 17.62492 15.559478 "" "" 550.199646 575.059387 4424.12851 4.5571 1217.4 9.4726 4735.5 18.076 "" "" 0.0029736406422470126 0.008896955 0.0056088953 0.01450585 115.7201137215 -30.0892281002 561.40271 -6.2640000000000065 5.824000000000002 -0.09681183242797875 -0.09623086547851578 0.2733356 0.2823356 "" "" 0.36323960423989077 "" 0.10092429487812221 "" 1.0
114.96160623341 -29.69848500392 0.0304 0.0383 26.5247 "" "" 5599311003671479680 548.866882 1.7921 0.047 -6.312 5.936 0.042 0.047 0.983 3599.1 4.2097 16.63862 2.300756 17.847763 15.547007 "" "" 533.754211 565.804077 4163.88268 4.7639 991.54 9.1027 4790.2 14.577 "" "" 0.0030223878671257233 0.010350615 0.005019968 0.015370583 114.96160623341 -29.69848500392 548.866882 -6.311999999999998 5.936000000000003 -0.1448118324279788 0.015769134521484318 0.2773356 0.2823356 "" "" 0.3789737942674651 "" 0.10512533351572237 "" 1.0
115.2314241602 -29.98921078111 0.0321 0.036 4.7816 "" "" 5599288807280539904 549.017395 1.7799 0.0477 -6.394 5.695 0.043 0.046 0.981 4044.5 4.4851 16.650743 2.022755 17.662804 15.640049 "" "" 533.405823 566.790894 4117.65003 6.2689 1175.7 9.2786 4396.8 17.669 "" "" 0.0032131160380879857 0.009011442 0.0057724137 0.0147838555 115.2314241602 -29.98921078111 549.017395 -6.394000000000002 5.695 -0.22681183242797864 -0.22523086547851534 0.27833563 0.28133562 "" "" 0.8318242228688526 "" 0.23276866906829527 "" 1.0
114.5616563062 -29.86300804955 0.0305 0.0393 37.3832 "" "" 5599351479445561856 579.038208 1.6928 0.0477 -5.919 6.032 0.039 0.051 0.971 3765.6 4.4353 16.659843 2.092277 17.720856 15.628579 "" "" 564.361145 594.961975 4083.27967 7.7352 1114.5 15.012 4443.5 27.234 "" "" 0.0034383297183439264 0.0148883425 0.0076527838 0.022541126 114.5616563062 -29.86300804955 579.038208 -5.919 6.032 0.2481881675720219 0.1117691345214844 0.27433562 0.28633562 "" "" 0.747075508294399 "" 0.20648828845520992 "" 0.9
115.34354647195 -30.34674168393 0.0349 0.0417 17.5267 "" "" 5598516709603387648 547.778259 1.7879 0.0491 -6.461 5.393 0.05 0.055 0.993 "" "" 16.775478 2.286722 17.979204 15.692482 "" "" 533.782349 562.128296 3670.75238 3.4658 878.49 9.2275 4189.5 12.814 "" "" 0.0029398385671779623 0.011740734 0.0050310683 0.016771803 115.34354647195 -30.34674168393 547.778259 -6.461 5.392999999999998 -0.2938118324279788 -0.5272308654785158 0.28533563 0.29033563 "" "" 1.5671529856937056 "" 0.4531558006769125 "" 0.9
115.69442131531 -30.08572858646 0.0333 0.04 23.5852 "" "" 5598896590870490368 558.388306 1.7697 0.0499 -6.54 5.884 0.045 0.052 1.047 3702.2 4.3969 16.802286 2.183818 17.939127 15.755309 "" "" 546.108398 572.029053 3581.23244 2.7336 911.52 5.5602 3954.0 8.8717 "" "" 0.002877260168223433 0.007186649 0.0044964757 0.011683125 115.69442131531 -30.08572858646 558.388306 -6.540000000000001 5.884 -0.37281183242797855 -0.036230865478515284 0.2803356 0.28733563 "" "" 0.9913923482136682 "" 0.2779883060908498 "" 1.0
115.68211270452 -30.2671549343 0.0369 0.0432 25.8182 "" "" 5598889959441076480 542.601868 1.8122 0.0529 -6.444 5.975 0.052 0.056 1.068 3687.7 4.3806 16.809053 2.191192 17.940096 15.748904 "" "" 530.919678 558.558716 3558.97839 3.4049 910.71 7.9167 3977.4 10.797 "" "" 0.0029446141727231196 0.009841968 0.0047927503 0.014634719 115.68211270452 -30.2671549343 542.601868 -6.443999999999999 5.9750000000000005 -0.27681183242797847 0.05476913452148402 0.28733563 0.2913356 "" "" 0.72574298282726 "" 0.2086419142444946 "" 1.0
115.17883314359 -30.00982032311 0.0338 0.0391 4.7638 "" "" 5599288360604000256 554.518188 1.7735 0.0499 -6.377 6.129 0.045 0.051 0.965 3681.4 4.3682 16.8385 2.190641 17.965448 15.774807 "" "" 542.764465 569.324036 3463.75288 4.2189 889.69 10.121 3883.6 16.859 "" "" 0.0030562464777822156 0.012662428 0.0060414043 0.018703833 115.17883314359 -30.00982032311 554.518188 -6.376999999999998 6.129000000000001 -0.2098118324279783 0.20876913452148393 0.2803356 0.28633562 "" "" 0.7779648293420472 "" 0.22042586873850142 "" 1.0
115.29841570092 -30.19636506233 0.0337 0.0432 8.2372 "" "" 5598530625297376640 554.572998 1.7702 0.0486 -6.496 6.013 0.046 0.054 1.038 3744.8 4.3442 16.883707 2.219502 18.034023 15.814521 "" "" 540.74707 569.468384 3322.49314 2.9042 835.23 9.9007 3744.1 9.5468 "" "" 0.002914185239700345 0.013169139 0.0046848664 0.017854005 115.29841570092 -30.19636506233 554.572998 -6.496 6.013 -0.32881183242797896 0.09276913452148428 0.28133562 0.2893356 "" "" 0.8980818153162249 "" 0.2531990977005006 "" 1.0
115.37923853807 -30.14193194527 0.0311 0.0442 8.4374 "" "" 5598532618162100736 562.381409 1.7493 0.0471 -6.372 6.114 0.043 0.056 1.002 3806.4 4.5528 16.88591 2.148289 17.99148 15.843191 "" "" 549.561646 575.734375 3315.75906 2.1828 868.61 8.2109 3646.5 7.2396 "" "" 0.0028465171115519003 0.01063588 0.004350887 0.0149867665 115.37923853807 -30.14193194527 562.381409 -6.371999999999998 6.114 -0.2048118324279784 0.19376913452148425 0.27833563 0.2913356 "" "" 0.7515838981549001 "" 0.21386301407211664 "" 1.0
115.70358713981 -30.44243177948 0.0355 0.045 32.8498 "" "" 5598465376152093184 534.049805 1.8374 0.0537 -6.33 6.062 0.047 0.051 0.991 3615.2 4.2172 16.912844 2.159126 17.977951 15.818825 "" "" 520.136475 550.197876 3234.51579 4.432 879.5 16.372 3729.3 20.771 "" "" 0.003131299204303839 0.020402795 0.0071310843 0.02753388 115.70358713981 -30.44243177948 534.049805 -6.33 6.062 -0.1628118324279786 0.14176913452148465 0.2823356 0.28633562 "" "" 0.5464895451194804 "" 0.15523990985648672 "" 1.0
114.61121568436 -29.99779352668 0.0389 0.0507 32.9673 "" "" 5599346531643356544 535.107117 1.8472 0.0614 -6.203 5.927 0.051 0.063 1.032 3713.5 4.478 16.91987 2.235105 18.083267 15.848163 "" "" 518.327087 550.955933 3213.65083 4.1938 798.2 9.3609 3629.9 14.672 "" "" 0.0030982803090336937 0.013035103 0.0057916245 0.018826727 114.61121568436 -29.99779352668 535.107117 -6.203000000000005 5.927 -0.03581183242797881 0.006769134521483977 0.28633562 0.2983356 "" "" 0.09244183306122102 "" 0.026508428733956996 "" 1.0
115.0054477351 -29.77285242589 0.0406 0.0462 21.5459 "" "" 5599309698002049920 567.384888 1.7239 0.0584 -6.138 5.822 0.056 0.06 1.031 3654.7 4.373 16.961657 2.25939 18.1444 15.88501 "" "" 549.60144 587.772156 3092.3186 3.9439 754.5 5.9505 3508.8 14.641 "" "" 0.0030837111124249923 0.00900597 0.0058998507 0.0149058215 115.0054477351 -29.77285242589 567.384888 -6.138 5.821999999999999 0.029188167572021584 -0.09823086547851556 0.2913356 0.29533562 "" "" 0.2755983718169631 "" 0.08130513778501453 "" 0.9
115.07893517633 -30.07214606649 0.0481 0.0605 8.3976 "" "" 5599286535236455168 542.179382 1.7983 0.0681 -6.313 6.264 0.068 0.082 1.128 "" "" 16.967276 2.60428 18.34553 15.74125 "" "" 526.457092 562.976746 3076.35268 3.1295 626.91 29.576 4005.5 26.5 "" "" 0.0029684499380029142 0.051298175 0.008116712 0.059414886 115.07893517633 -30.07214606649 542.179382 -6.313000000000001 6.264000000000001 -0.14581183242797824 0.3437691345214846 0.3033356 0.3173356 "" "" 0.9596489501034267 "" 0.30252079854268993 "" 0.8
115.61637970189 -30.85950323882 0.0419 0.0462 51.2845 "" "" 5598437093780320000 511.356628 1.9223 0.0566 -6.173 6.156 0.06 0.064 0.979 3734.2 4.6877 16.97063 2.280831 18.169016 15.888185 "" "" 497.059204 526.714783 3066.86403 5.799 737.58 10.589 3498.5 17.568 "" "" 0.003436055912015366 0.015835026 0.0066339467 0.022468973 115.61637970189 -30.85950323882 511.356628 -6.173 6.155999999999999 -0.005811832427978558 0.23576913452148407 0.29533562 0.29933563 "" "" 0.5716379978874808 "" 0.17111024020763688 "" 0.9
115.01727511169 -30.21728837168 0.0373 0.0459 14.6277 "" "" 5599278705518016512 548.331055 1.7778 0.0552 -6.018 5.77 0.055 0.064 1.03 "" "" 16.977566 2.626384 18.424568 15.798184 "" "" 534.807739 567.719238 3047.33554 2.9513 582.89 6.7273 3800.9 9.8539 "" "" 0.0029491495192213646 0.012837669 0.004712406 0.017550075 115.01727511169 -30.21728837168 548.331055 -6.018000000000001 5.77 0.1491881675720217 -0.15023086547851605 0.29033563 0.29933563 "" "" 0.5502856957016271 "" 0.16227996825660895 "" 1.0
115.49885602983 -30.02003298239 0.0357 0.047 13.7247 "" "" 5598908822937467136 557.64093 1.7595 0.0527 -6.262 5.257 0.047 0.059 1.013 3684.3 4.3998 16.977894 2.234419 18.145962 15.911543 "" "" 540.979431 575.791931 3046.41419 2.6274 753.41 7.0916 3424.1 9.4588 "" "" 0.0029100918974855577 0.010593717 0.0048248605 0.015418578 115.49885602983 -30.02003298239 557.64093 -6.261999999999999 5.257 -0.09481183242797808 -0.663230865478516 0.2823356 0.2943356 "" "" 1.7708859685131606 "" 0.5208177189093885 "" 1.0
115.12928248778 -30.33996695282 0.0362 0.0403 17.2804 "" "" 5598524818501859456 548.895325 1.8 0.0516 -6.203 6.039 0.049 0.052 0.974 3655.6 4.3822 16.997484 2.2602 18.180645 15.920445 "" "" 535.369934 565.820923 2991.93999 3.6415 729.72 8.8633 3396.1 10.271 "" "" 0.0030558186334841593 0.013479467 0.0050066025 0.01848607 115.12928248778 -30.33996695282 548.895325 -6.202999999999999 6.039 -0.03581183242797881 0.11876913452148408 0.2843356 0.28733563 "" "" 0.32275081950929513 "" 0.09265750306894469 "" 1.0
