Clusters/Haffner_13/Haffner_13_stars_in_region.tsv
# %ECSV 1.0
# ---
# datatype:
# - name: RA_ICRS_1
#   unit: deg
#   datatype: float64
#   format: '{:15.11f}'
#   description: Right ascension (ICRS) at Ep=2016.0 (ra)
#   meta: !!omap
#   - {ucd: POS_EQ_RA_MAIN}
#   - {width: 15}
#   - {precision: '11'}
# - name: DE_ICRS_1
#   unit: deg
#   datatype: float64
#   format: '{:15.11f}'
#   description: Declination (ICRS) at Ep=2016.0 (dec)
#   meta: !!omap
#   - {ucd: POS_EQ_DEC_MAIN}
#   - {width: 15}
#   - {precision: '11'}
# - name: e_RA_ICRS
#   unit: mas
#   datatype: float64
#   format: '{:7.4f}'
#   description: Standard error of right ascension (ra_error)
#   meta: !!omap
#   - {ucd: ERROR}
#   - {width: 7}
#   - {precision: '4'}
# - name: e_DE_ICRS
#   unit: mas
#   datatype: float64
#   format: '{:7.4f}'
#   description: Standard error of declination (dec_error)
#   meta: !!omap
#   - {ucd: ERROR}
#   - {width: 7}
#   - {precision: '4'}
# - name: _r_1
#   unit: ''
#   datatype: float64
#   format: '{:7.4f}'
#   description: Distance from center (115.24060640000-30.06850608000)[ICRS], at Epoch=J2016.0
#   meta: !!omap
#   - {ucd: POS_ANG_DIST_GENERAL}
#   - {width: 7}
#   - {precision: '4'}
# - name: HIP
#   datatype: int32
#   description: '? HIP cross-id number, van Leeuwen, Cat. I/311 (hip_original_ext_source_id)'
#   meta: !!omap
#   - {ucd: ID_NUMBER}
#   - {width: 6}
#   - values: {'null': -2147483648}
# - name: TYC2
#   datatype: string
#   description: Tycho-2 cross-id name, Hog et al., Cat. I/259 (tyc2_original_ext_source_id)
#   meta: !!omap
#   - {ucd: ID_CROSSID}
#   - {_votable_string_dtype: char}
# - name: Source
#   datatype: int64
#   description: Source identifier, identical to the Gaia-EDR3 source_id (id)
#   meta: !!omap
#   - {ucd: ID_MAIN}
#   - {width: 19}
# - name: rgeo
#   unit: pc
#   datatype: float64
#   format: '{:15.8f}'
#   description: '? Median of the geometric distance posterior (r_med_geo)'
#   meta: !!omap
#   - {ucd: PHYS_DISTANCE_TRUE}
#   - {width: 15}
#   - {precision: '8'}
#   - values: {'null': .nan}
# - name: Plx
#   unit: mas
#   datatype: float64
#   format: '{:9.4f}'
#   description: '? Parallax (parallax)'
#   meta: !!omap
#   - {ucd: POS_PARLX_TRIG}
#   - {width: 9}
#   - {precision: '4'}
#   - values: {'null': .nan}
# - name: e_Plx
#   unit: mas
#   datatype: float32
#   format: '{:7.4f}'
#   description: '? Standard error of parallax (parallax_error)'
#   meta: !!omap
#   - {ucd: ERROR}
#   - {width: 7}
#   - {precision: '4'}
#   - values: {'null': .nan}
# - name: pmRA
#   unit: mas / yr
#   datatype: float64
#   format: '{:9.3f}'
#   description: '? Proper motion in right ascension direction, pmRA*cosDE (pmra)'
#   meta: !!omap
#   - {ucd: POS_EQ_PMRA}
#   - {width: 9}
#   - {precision: '3'}
#   - values: {'null': .nan}
# - name: pmDE
#   unit: mas / yr
#   datatype: float64
#   format: '{:9.3f}'
#   description: '? Proper motion in declination direction (pmdec)'
#   meta: !!omap
#   - {ucd: POS_EQ_PMDEC}
#   - {width: 9}
#   - {precision: '3'}
#   - values: {'null': .nan}
# - name: e_pmRA
#   unit: mas / yr
#   datatype: float32
#   format: '{:6.3f}'
#   description: '? Standard error of proper motion in right ascension direction (pmra_error)'
#   meta: !!omap
#   - {ucd: ERROR}
#   - {width: 6}
#   - {precision: '3'}
#   - values: {'null': .nan}
# - name: e_pmDE
[...]
#         unit: &id001 !astropy.units.Unit {unit: deg}
#         value: !astropy.table.SerializedColumn {name: SkyCoord.dec}
#       distance: !astropy.table.SerializedColumn
#         __class__: astropy.coordinates.distances.Distance
#         unit: !astropy.units.Unit {unit: pc}
#         value: !astropy.table.SerializedColumn {name: SkyCoord.distance}
#       frame: icrs
#       obstime: !astropy.time.Time {format: jyear_str, in_subfmt: '*', jd1: 367701545.0, jd2: 0.0, out_subfmt: '*', precision: 3, scale: tt}
#       pm_dec: !astropy.table.SerializedColumn
#         __class__: astropy.units.quantity.Quantity
#         unit: !astropy.units.Unit {unit: mas / yr}
#         value: !astropy.table.SerializedColumn {name: SkyCoord.pm_dec}
#       pm_ra_cosdec: !astropy.table.SerializedColumn
#         __class__: astropy.units.quantity.Quantity
#         unit: !astropy.units.Unit {unit: mas / yr}
#         value: !astropy.table.SerializedColumn {name: SkyCoord.pm_ra_cosdec}
#       ra: !astropy.table.SerializedColumn
#         __class__: astropy.coordinates.angles.Longitude
#         unit: *id001
#         value: !astropy.table.SerializedColumn {name: SkyCoord.ra}
#         wrap_angle: !astropy.coordinates.Angle
#           unit: *id001
#           value: 360.0
#       representation_type: spherical
# schema: astropy-2.0
RA_ICRS_1 DE_ICRS_1 e_RA_ICRS e_DE_ICRS _r_1 HIP TYC2 Source rgeo Plx e_Plx pmRA pmDE e_pmRA e_pmDE RUWE Teff logg Gmag BP-RP BPmag RPmag RV e_RV b_rgeo B_rgeo FG e_FG FBP e_FBP FRP e_FRP RAVE5 RAVE6 e_Gmag e_BPmag e_RPmag e_BP-RP SkyCoord.ra SkyCoord.dec SkyCoord.distance SkyCoord.pm_ra_cosdec SkyCoord.pm_dec
[from data line 117]
116.58130191259 -29.66147697606 0.009 0.0113 73.9099 "" "" 5598980703505052160 633.58783 1.5629 0.0139 -4.186 -0.492 0.013 0.015 1.119 "" "" 11.297156 1.246643 11.843434 10.596791 -20.04 0.38 628.524719 638.13562 570274.79377 130.79 250060.0 80.842 457550.0 112.61 "" "" 0.00276654925240103 0.002812162 0.0037888167 0.006600979 116.58130191259 -29.66147697606 633.58783 -4.186 -0.492
115.35325243472 -30.37739888765 0.0114 0.014 19.4319 "" 7106-1255-1 5598516396057140736 490.75354 2.0079 0.0166 3.135 -16.541 0.016 0.019 1.155 6537.8 4.0443 11.311109 0.57743 11.529289 10.951859 -20.82 0.63 487.310486 495.428497 562993.33407 177.35 333970.0 138.24 329920.0 90.099 "" "" 0.0027764667276081617 0.0028261326 0.003790995 0.006617128 115.35325243472 -30.37739888765 490.75354 3.1350000000000007 -16.541000000000004
114.56633469806 -29.97260888439 0.0403 0.0507 35.4983 "" 6551-392-1 5599323407538401024 467.974335 2.0918 0.0621 -13.789 -4.543 0.056 0.07 3.931 7176.6 4.3119 11.311727 0.457686 11.478053 11.020367 -10.15 2.57 453.393188 485.21463 562672.8551 232.65 350100.0 370.11 309750.0 216.54 "" "" 0.002791651988837316 0.0030170307 0.0038548454 0.0068718763 114.56633469806 -29.97260888439 467.974335 -13.788999999999998 -4.543
113.72923248528 -30.00323916209 0.0108 0.0128 78.6019 "" 7105-385-1 5599427861142228608 623.66449 1.5802 0.0162 -8.316 5.609 0.014 0.016 1.079 "" "" 11.323397 0.998629 11.741412 10.742784 16.29 0.41 617.439941 629.856995 556657.69648 299.65 274700.0 337.01 399990.0 382.41 "" "" 0.0028166249109331195 0.0030918128 0.0039193374 0.00701115 113.72923248528 -30.00323916209 623.66449 -8.316000000000003 5.609
116.70802579228 -30.44937787022 0.0101 0.011 79.4081 "" 7106-3215-1 5598649922306942080 488.331726 2.0124 0.0137 -4.79 7.184 0.013 0.014 0.891 6856.3 4.1072 11.333412 0.508383 11.520731 11.012348 19.72 1.74 485.641815 491.627777 551546.41507 207.09 336610.0 143.82 312050.0 83.537 "" "" 0.002785314805433933 0.0028284702 0.003790542 0.006619012 116.70802579228 -30.44937787022 488.331726 -4.79 7.184
116.40878929691 -29.78213347409 0.0101 0.0122 63.1291 "" "" 5598887485538513408 631.241333 1.5687 0.0153 -6.069 2.451 0.013 0.015 1.138 "" "" 11.333412 1.366123 11.95143 10.585307 66.39 0.25 624.731873 637.713135 551545.94109 139.08 226380.0 97.594 462420.0 115.87 "" "" 0.0027688890935041567 0.0028291582 0.003789161 0.006618319 116.40878929691 -29.78213347409 631.241333 -6.068999999999999 2.451
115.29378107148 -30.95070932539 0.0122 0.0147 53.0035 "" "" 5598424213184802816 584.245361 1.6704 0.0194 -3.873 0.396 0.016 0.021 1.113 7391.0 4.0634 11.36324 0.423113 11.517851 11.094738 2.25 3.09 578.920837 590.273682 536600.20311 220.52 337500.0 154.38 289240.0 94.971 "" "" 0.0027912141473969156 0.0028340253 0.0037961584 0.0066301837 115.29378107148 -30.95070932539 584.245361 -3.873 0.3959999999999999
115.71281350567 -30.07315017961 0.0106 0.0136 24.5206 "" 7106-127-1 5598896689640272256 649.55304 1.5019 0.0166 -6.205 6.961 0.015 0.019 1.024 9096.1 4.3411 11.365637 0.239299 11.44982 11.210522 25.51 8.35 642.118713 658.152771 535417.03481 161.85 359330.0 190.36 259990.0 104.62 "" "" 0.002774798687719674 0.0028488392 0.0038045512 0.0066533904 115.71281350567 -30.07315017961 649.55304 -6.205000000000001 6.9609999999999985
114.23204547205 -29.74542240973 0.0103 0.0123 55.9224 "" 6551-2438-1 5599345638288876416 577.386353 1.6984 0.0153 -2.987 -10.15 0.013 0.016 0.984 6697.3 3.9489 11.374401 0.569353 11.58674 11.017386 1.58 3.05 573.264709 581.782532 531112.08936 139.3 316750.0 132.56 310600.0 73.295 "" "" 0.002769996660585441 0.0028269258 0.0037880563 0.006614982 114.23204547205 -29.74542240973 577.386353 -2.986999999999999 -10.149999999999999
115.03636208858 -30.88413615351 0.0114 0.0137 50.0645 "" 7106-132-1 5598469598096144128 483.976501 2.0349 0.0169 2.342 -12.24 0.015 0.018 1.046 "" "" 11.376726 0.628965 11.609616 10.980651 12.18 0.64 479.908173 487.851166 529976.29079 152.7 310150.0 166.66 321290.0 158.77 "" "" 0.002773022056505385 0.0028505141 0.0038172756 0.00666779 115.03636208858 -30.88413615351 483.976501 2.342 -12.240000000000002
113.84121283211 -30.28172456882 0.0105 0.0124 73.7042 "" 7105-1027-1 5599227475149463936 490.531525 2.0055 0.0157 2.916 -12.558 0.014 0.017 1.159 6335.5 3.9781 11.381928 0.636448 11.625896 10.989449 -6.27 0.78 486.896118 494.420624 527442.82828 191.87 305530.0 100.84 318700.0 87.237 "" "" 0.0027834843019781856 0.0028130873 0.0037910491 0.0066041364 113.84121283211 -30.28172456882 490.531525 2.916 -12.558
115.4229070649 -31.22400088433 0.0123 0.0147 69.9654 "" 7106-384-1 5598399577252676096 664.532593 1.4668 0.018 -3.785 3.152 0.017 0.019 1.04 8132.3 4.1973 11.383534 0.263975 11.479919 11.215943 0.77 4.39 657.102112 673.235229 526663.37119 219.95 349500.0 179.82 258690.0 77.024 "" "" 0.0027923812064848622 0.0028455406 0.0037931825 0.0066387234 115.4229070649 -31.22400088433 664.532593 -3.785 3.152
114.26594529222 -29.55784017197 0.0097 0.0112 59.2731 "" 6551-692-1 5599559287141426816 626.059692 1.5768 0.0143 -11.976 0.252 0.013 0.014 1.061 "" "" 11.41572 1.12822 11.900389 10.772169 42.95 0.27 619.779602 631.302429 511279.80712 119.36 237280.0 98.35 389310.0 104.33 "" "" 0.0027669542521156533 0.0028262292 0.0037905655 0.0066167945 114.26594529222 -29.55784017197 626.059692 -11.975999999999999 0.2520000000000003
114.52075244045 -31.0576231449 0.0099 0.011 70.0367 "" 7105-1947-1 5598381675829459328 651.766479 1.5023 0.0136 0.282 7.985 0.014 0.014 0.93 6374.8 3.9038 11.423739 0.642509 11.670054 11.027545 17.13 0.66 645.90448 657.805725 507517.46645 172.91 293360.0 114.11 307710.0 92.96 "" "" 0.0027800397759996267 0.002821951 0.0037935886 0.0066155395 114.52075244045 -31.0576231449 651.766479 0.2819999999999998 7.985000000000001
114.72540134026 -30.96028857926 0.0108 0.0124 59.7677 "" 7105-2940-1 5598378136776258560 578.061646 1.6974 0.0151 6.468 -10.202 0.014 0.016 1.119 6464.9 3.9664 11.435805 0.607192 11.66497 11.057778 10.91 0.48 573.329773 583.018433 501908.45728 128.66 294730.0 132.55 299260.0 71.164 "" "" 0.0027693412642749177 0.0028325743 0.0037881907 0.0066207647 114.72540134026 -30.96028857926 578.061646 6.468 -10.202000000000002
114.98981450319 -29.99394152893 0.0103 0.0118 13.7742 "" 6551-152-1 5599290765785872768 552.341187 1.7817 0.0151 -6.74 1.923 0.014 0.016 1.072 "" "" 11.449369 0.763694 11.750993 10.987299 43.65 0.48 546.614441 556.628296 495677.37683 142.61 272280.0 87.347 319330.0 81.848 "" "" 0.0027729708009011362 0.0028118256 0.0037896135 0.006601439 114.98981450319 -29.99394152893 552.341187 -6.739999999999999 1.923
116.28724694344 -29.59265216347 0.0134 0.0166 61.5055 "" 6552-2693-1 5598937410242055168 607.315247 1.624 0.0202 -6.602 6.48 0.018 0.021 1.58 "" "" 11.457213 0.644917 11.70212 11.057203 44.31 1.36 601.014221 613.603638 492109.09464 136.79 284820.0 118.09 299420.0 81.24 "" "" 0.002771799379751948 0.0028262504 0.0037908454 0.006617096 116.28724694344 -29.59265216347 607.315247 -6.602 6.48
116.50080109589 -29.53030818174 0.0121 0.015 73.1287 "" 6552-2543-1 5598985307709991680 463.264191 2.1263 0.0184 -14.575 10.49 0.017 0.019 1.25 6155.9 4.0702 11.465 0.66692 11.720525 11.053605 76.46 0.86 459.987701 466.870239 488592.25278 137.47 280030.0 87.423 300410.0 80.352 "" "" 0.002772202855179842 0.002810683 0.0037905227 0.006601206 116.50080109589 -29.53030818174 463.264191 -14.575 10.489999999999998
115.01990910028 -29.85367843747 0.02 0.0222 17.2556 "" 6551-3021-1 5599305884070632192 525.383545 1.8676 0.0288 -2.515 5.422 0.027 0.029 1.8 "" "" 11.474438 0.59752 11.700774 11.103254 30.51 1.79 517.866455 535.076355 484363.84322 137.93 285170.0 111.11 286980.0 128.1 "" "" 0.0027726127823338 0.0028220569 0.003810329 0.006632386 115.01990910028 -29.85367843747 525.383545 -2.5150000000000006 5.422000000000001
114.2094461374 -29.57836316619 0.0533 0.061 61.2037 "" "" 5599558840464856576 512.556335 1.9223 0.0811 -5.733 10.267 0.073 0.079 5.775 6194.9 4.1738 11.475314 0.674482 11.731751 11.057269 47.87 0.47 494.692261 534.263855 483972.75859 160.08 277150.0 116.8 299400.0 88.633 "" "" 0.0027786250359520606 0.0028274392 0.0037930247 0.006620464 114.2094461374 -29.57836316619 512.556335 -5.7330000000000005 10.267
114.90059074921 -28.7559160544 0.0106 0.013 80.7354 "" 6551-1625-1 5599986065148355712 498.182434 1.9744 0.0167 -4.053 13.828 0.015 0.018 1.067 5968.7 4.0173 11.475512 0.721581 11.757226 11.035645 42.19 0.48 493.93811 502.569855 483885.06144 148.11 270720.0 86.099 305420.0 91.843 "" "" 0.002775289365872347 0.0028114556 0.0037934582 0.0066049136 114.90059074921 -28.7559160544 498.182434 -4.053 13.828000000000001
114.15015582148 -30.84244980345 0.0091 0.011 73.0558 "" 7105-1458-1 5599141541442248832 664.133423 1.4696 0.0132 -1.729 -3.64 0.012 0.014 0.928 "" "" 11.490339 0.640519 11.735492 11.094973 -10.21 1.55 658.610107 669.738892 477321.48789 137.56 276200.0 108.28 289180.0 95.649 "" "" 0.0027730300718078623 0.00282245 0.0037964052 0.006618855 114.15015582148 -30.84244980345 664.133423 -1.729 -3.6400000000000006
114.70964889643 -31.22119749541 0.0375 0.0433 74.3941 "" 7105-3195-1 5598364457291013760 527.45874 1.8638 0.0519 -0.844 -2.777 0.05 0.054 4.073 "" "" 11.4936 0.751533 11.775872 11.02434 15.87 0.42 515.52124 541.641052 475890.23993 291.02 266110.0 96.946 308620.0 74.387 "" "" 0.0028341893073453106 0.002818067 0.0037884314 0.0066064987 114.70964889643 -31.22119749541 527.45874 -0.8440000000000001 -2.777
115.43655745633 -29.90417100835 0.0099 0.012 14.1747 "" 6552-2939-1 5598914831582109952 591.985901 1.657 0.0144 -3.985 3.303 0.013 0.015 0.971 "" "" 11.512435 0.631586 11.751801 11.120214 13.54 0.75 585.836792 596.816467 467705.84842 103.3 272080.0 105.25 282540.0 84.167 "" "" 0.0027657357334076593 0.0028216038 0.003793196 0.0066147996 115.43655745633 -29.90417100835 591.985901 -3.9849999999999994 3.303
114.00441055234 -29.97890746996 0.0106 0.012 64.4436 "" 6551-317-1 5599335016820676352 631.083435 1.5421 0.0146 -5.005 5.636 0.014 0.015 0.978 8206.4 4.2657 11.517741 0.237779 11.601622 11.363843 12.49 2.65 624.580933 636.988525 465425.60649 106.84 312440.0 115.11 225750.0 52.825 "" "" 0.002766569565874602 0.0028186976 0.0037879115 0.006606609 114.00441055234 -29.97890746996 631.083435 -5.005000000000001 5.636
114.12177017465 -30.46849128847 0.0099 0.0119 62.7488 "" 7105-1845-1 5599215140003274496 569.771545 1.7223 0.0145 -5.156 9.842 0.014 0.016 1.129 6151.1 3.9385 11.523333 0.676068 11.78809 11.112021 73.83 0.51 565.600342 574.467346 463034.98022 150.32 263140.0 105.71 284680.0 78.245 "" "" 0.0027777738290351616 0.0028240557 0.003791145 0.006615201 114.12177017465 -30.46849128847 569.771545 -5.155999999999999 9.842000000000002
115.47313442741 -29.96177861501 0.0237 0.0299 13.6729 "" 6552-2365-1 5598913628991273984 470.167267 2.0977 0.0354 5.683 -22.293 0.032 0.039 2.534 "" "" 11.544554 0.737546 11.83389 11.096344 8.11 0.91 461.737061 477.344543 454072.40242 104.91 252270.0 113.94 288820.0 88.892 "" "" 0.002766715689532311 0.0028329354 0.0037941262 0.0066270614 115.47313442741 -29.96177861501 470.167267 5.683 -22.293
115.35572793727 -29.71869868748 0.0957 0.105 21.826 "" 6552-2625-1 5599670848903732096 536.052002 1.8286 0.1363 0.559 -3.685 0.13 0.133 9.656 "" "" 11.554462 0.624064 11.474097 10.850033 "" "" 503.428986 579.809509 449947.76229 487.6 351380.0 756.01 362360.0 703.67 "" "" 0.002996023748191062 0.003638955 0.0043277107 0.007966666 115.35572793727 -29.71869868748 536.052002 0.559 -3.685
113.90031890261 -30.25215884641 0.0088 0.0109 70.3979 "" 7105-421-1 5599233831701002880 467.103638 2.1122 0.013 9.021 -24.814 0.011 0.014 1.017 5468.3 3.9977 11.564153 0.938995 11.948426 11.009431 -21.75 0.42 464.088531 469.867065 445949.59348 111.72 227010.0 99.155 312890.0 142.04 "" "" 0.002768713346723811 0.002830185 0.0038113857 0.0066415705 113.90031890261 -30.25215884641 467.103638 9.021 -24.814
115.08691317309 -30.79576796589 0.0094 0.0112 44.3542 "" 7106-3535-1 5598476886665630592 525.866089 1.8711 0.0138 -0.801 -15.172 0.012 0.014 1.031 5800.5 3.9673 11.59405 0.844366 11.934994 11.090628 16.53 0.51 522.391663 529.272339 433837.06495 100.6 229840.0 100.91 290340.0 100.38 "" "" 0.00276679870845931 0.0028305969 0.0037979775 0.0066285743 115.08691317309 -30.79576796589 525.866089 -0.8010000000000002 -15.172
114.19841180604 -29.48198930204 0.0095 0.0119 64.6858 "" 6551-1904-1 5599562890605500032 642.072876 1.5126 0.0142 -2.107 5.974 0.013 0.016 1.043 "" "" 11.595234 0.379861 11.731886 11.352025 43.88 2.82 635.635376 646.869141 433364.18652 145.2 277120.0 175.8 228220.0 102.36 "" "" 0.002779230957619328 0.0028739267 0.0038106253 0.006684552 114.19841180604 -29.48198930204 642.072876 -2.1069999999999998 5.974
115.05114927858 -28.88120569198 0.0082 0.0103 71.9221 "" 6551-2741-1 5599982049361597952 532.432617 1.8466 0.0135 -6.034 -3.083 0.011 0.013 0.952 "" "" 11.595665 0.741591 11.887251 11.14566 61.67 0.67 528.543152 536.495667 433192.33089 77.847 240170.0 112.06 275990.0 113.82 "" "" 0.0027622198226395834 0.0028357857 0.0038058138 0.0066415993 115.05114927858 -28.88120569198 532.432617 -6.034000000000001 -3.083
115.55546360908 -30.66397609223 0.0105 0.0135 39.2706 "" 7106-2153-1 5598453449016470016 576.146667 1.7013 0.0159 5.747 -9.173 0.014 0.015 1.131 "" "" 11.601823 0.677286 11.859679 11.182393 25.56 0.88 571.2677 582.025208 430742.28535 72.625 246350.0 88.587 266810.0 75.268 "" "" 0.002761394626881094 0.002817354 0.0037917728 0.006609127 115.55546360908 -30.66397609223 576.146667 5.747 -9.173
114.36982059608 -29.56300544173 0.0089 0.0107 54.5416 "" "" 5599372194057557120 525.142151 1.8713 0.0136 -1.224 13.458 0.012 0.013 1.03 6678.1 4.1298 11.608201 0.563106 11.817935 11.254829 43.45 0.61 520.873169 528.609741 428219.52133 72.25 256000.0 84.319 249590.0 50.675 "" "" 0.0027614030926954936 0.0028129937 0.0037858053 0.006598799 114.36982059608 -29.56300544173 525.142151 -1.2239999999999998 13.458
115.72912571447 -29.75662046079 0.0122 0.0141 31.5542 "" 6552-1327-1 5598922807352681856 453.65976 2.1821 0.0182 -9.986 12.694 0.017 0.019 1.381 6351.5 4.1976 11.61296 0.645655 11.862356 11.216701 45.27 1.0 449.018188 457.234131 426346.48876 102.51 245740.0 112.07 258510.0 64.529 "" "" 0.0027676592650685153 0.0028337648 0.0037890868 0.006622852 115.72912571447 -29.75662046079 453.65976 -9.986 12.693999999999999
115.36895340721 -31.23492435587 0.0579 0.0783 70.2979 "" 7106-1090-1 5598399886490500352 655.851379 1.4846 0.0875 1.277 4.59 0.085 0.111 5.281 5996.0 3.7965 11.625931 0.706992 11.881417 11.174425 33.19 0.68 617.38739 707.083557 421283.29936 298.06 241460.0 121.83 268770.0 71.786 "" "" 0.002860395906710632 0.0028434396 0.003790491 0.006633931 115.36895340721 -31.23492435587 655.851379 1.2770000000000001 4.59
115.02821716538 -30.75488337997 0.0112 0.0136 42.6238 "" 7106-2933-1 5598480387048239616 476.018066 2.0649 0.0166 -4.948 -3.337 0.016 0.018 1.306 6799.4 4.3035 11.625938 0.569148 11.837565 11.268417 33.1 0.9 472.194794 479.765747 421280.70229 110.98 251410.0 110.03 246490.0 75.424 "" "" 0.002770125854041993 0.0028303424 0.003793956 0.006624298 115.02821716538 -30.75488337997 476.018066 -4.948 -3.337
115.0936282423 -29.79827021149 0.0096 0.0117 17.9249 "" 6551-2802-1 5599305815351045888 547.245972 1.7865 0.0147 -6.25 5.882 0.013 0.015 1.124 7322.3 4.1972 11.642611 0.432396 11.798609 11.366213 30.85 4.79 543.500427 551.815247 414860.46338 351.52 260600.0 788.47 225250.0 434.0 "" "" 0.002904845742536828 0.0043100184 0.0043197153 0.008629734 115.0936282423 -29.79827021149 547.245972 -6.25 5.882
114.82104216345 -31.20583841367 0.0101 0.0124 71.5947 "" 7106-1588-1 5598323195543564928 588.164673 1.6578 0.015 -5.547 5.839 0.013 0.015 1.062 7491.8 4.1782 11.646918 0.420316 11.775159 11.354843 32.66 3.32 583.565063 594.634216 413218.32371 77.219 266290.0 328.17 227630.0 1148.6 "" "" 0.0027627803612458425 0.003094413 0.006655671 0.009750084 114.82104216345 -31.20583841367 588.164673 -5.546999999999999 5.839
