Clusters/SAI_118/SAI_118_stars_in_region.tsv
# %ECSV 1.0
# ---
# datatype:
# - name: RA_ICRS_1
#   unit: deg
#   datatype: float64
#   format: '{:15.11f}'
#   description: Right ascension (ICRS) at Ep=2016.0 (ra)
#   meta: !!omap
#   - {ucd: POS_EQ_RA_MAIN}
#   - {width: 15}
#   - {precision: '11'}
# - name: DE_ICRS_1
#   unit: deg
#   datatype: float64
#   format: '{:15.11f}'
#   description: Declination (ICRS) at Ep=2016.0 (dec)
#   meta: !!omap
#   - {ucd: POS_EQ_DEC_MAIN}
#   - {width: 15}
#   - {precision: '11'}
# - name: e_RA_ICRS
#   unit: mas
#   datatype: float64
#   format: '{:7.4f}'
#   description: Standard error of right ascension (ra_error)
#   meta: !!omap
#   - {ucd: ERROR}
#   - {width: 7}
#   - {precision: '4'}
# - name: e_DE_ICRS
#   unit: mas
#   datatype: float64
#   format: '{:7.4f}'
#   description: Standard error of declination (dec_error)
#   meta: !!omap
#   - {ucd: ERROR}
#   - {width: 7}
#   - {precision: '4'}
# - name: _r_1
#   unit: ''
#   datatype: float64
#   format: '{:7.4f}'
#   description: Distance from center (205.80171836000-63.14409987000)[ICRS], at Epoch=J2016.0
#   meta: !!omap
#   - {ucd: POS_ANG_DIST_GENERAL}
#   - {width: 7}
#   - {precision: '4'}
# - name: HIP
#   datatype: int32
#   description: '? HIP cross-id number, van Leeuwen, Cat. I/311 (hip_original_ext_source_id)'
#   meta: !!omap
#   - {ucd: ID_NUMBER}
#   - {width: 6}
#   - values: {'null': -2147483648}
# - name: TYC2
#   datatype: string
#   description: Tycho-2 cross-id name, Hog et al., Cat. I/259 (tyc2_original_ext_source_id)
#   meta: !!omap
#   - {ucd: ID_CROSSID}
#   - {_votable_string_dtype: char}
# - name: Source
#   datatype: int64
#   description: Source identifier, identical to the Gaia-EDR3 source_id (id)
#   meta: !!omap
#   - {ucd: ID_MAIN}
#   - {width: 19}
# - name: rgeo
#   unit: pc
#   datatype: float64
#   format: '{:15.8f}'
#   description: '? Median of the geometric distance posterior (r_med_geo)'
#   meta: !!omap
#   - {ucd: PHYS_DISTANCE_TRUE}
#   - {width: 15}
#   - {precision: '8'}
#   - values: {'null': .nan}
# - name: Plx
#   unit: mas
#   datatype: float64
#   format: '{:9.4f}'
#   description: '? Parallax (parallax)'
#   meta: !!omap
#   - {ucd: POS_PARLX_TRIG}
#   - {width: 9}
#   - {precision: '4'}
#   - values: {'null': .nan}
# - name: e_Plx
#   unit: mas
#   datatype: float32
#   format: '{:7.4f}'
#   description: '? Standard error of parallax (parallax_error)'
#   meta: !!omap
#   - {ucd: ERROR}
#   - {width: 7}
#   - {precision: '4'}
#   - values: {'null': .nan}
# - name: pmRA
#   unit: mas / yr
#   datatype: float64
#   format: '{:9.3f}'
#   description: '? Proper motion in right ascension direction, pmRA*cosDE (pmra)'
#   meta: !!omap
#   - {ucd: POS_EQ_PMRA}
#   - {width: 9}
#   - {precision: '3'}
#   - values: {'null': .nan}
# - name: pmDE
#   unit: mas / yr
#   datatype: float64
#   format: '{:9.3f}'
#   description: '? Proper motion in declination direction (pmdec)'
#   meta: !!omap
#   - {ucd: POS_EQ_PMDEC}
#   - {width: 9}
#   - {precision: '3'}
#   - values: {'null': .nan}
# - name: e_pmRA
#   unit: mas / yr
#   datatype: float32
#   format: '{:6.3f}'
#   description: '? Standard error of proper motion in right ascension direction (pmra_error)'
#   meta: !!omap
#   - {ucd: ERROR}
#   - {width: 6}
#   - {precision: '3'}
#   - values: {'null': .nan}
# - name: e_pmDE
[...]
#         value: !astropy.table.SerializedColumn {name: SkyCoord.dec}
#       distance: !astropy.table.SerializedColumn
#         __class__: astropy.coordinates.distances.Distance
#         unit: !astropy.units.Unit {unit: pc}
#         value: !astropy.table.SerializedColumn {name: SkyCoord.distance}
#       frame: icrs
#       obstime: !astropy.time.Time {format: jyear_str, in_subfmt: '*', jd1: 367701545.0, jd2: 0.0, out_subfmt: '*', precision: 3, scale: tt}
#       pm_dec: !astropy.table.SerializedColumn
#         __class__: astropy.units.quantity.Quantity
#         unit: !astropy.units.Unit {unit: mas / yr}
#         value: !astropy.table.SerializedColumn {name: SkyCoord.pm_dec}
#       pm_ra_cosdec: !astropy.table.SerializedColumn
#         __class__: astropy.units.quantity.Quantity
#         unit: !astropy.units.Unit {unit: mas / yr}
#         value: !astropy.table.SerializedColumn {name: SkyCoord.pm_ra_cosdec}
#       ra: !astropy.table.SerializedColumn
#         __class__: astropy.coordinates.angles.Longitude
#         unit: *id001
#         value: !astropy.table.SerializedColumn {name: SkyCoord.ra}
#         wrap_angle: !astropy.coordinates.Angle
#           unit: *id001
#           value: 360.0
#       representation_type: spherical
# schema: astropy-2.0
RA_ICRS_1 DE_ICRS_1 e_RA_ICRS e_DE_ICRS _r_1 HIP TYC2 Source rgeo Plx e_Plx pmRA pmDE e_pmRA e_pmDE RUWE Teff logg Gmag BP-RP BPmag RPmag RV e_RV b_rgeo B_rgeo FG e_FG FBP e_FBP FRP e_FRP RAVE5 RAVE6 e_Gmag e_BPmag e_RPmag e_BP-RP SkyCoord.ra SkyCoord.dec SkyCoord.distance SkyCoord.pm_ra_cosdec SkyCoord.pm_dec rmRA rmDE e_rmRA e_rmDE rRV e_rRV v_pec v_pec3d e_vpec e_vpec3d
[from data line 2379]
205.70049375061 -62.79854800206 0.0264 0.0306 20.916 "" "" 5865429548165436032 1414.65149 0.6871 0.0422 -6.161 0.28 0.034 0.042 1.033 5012.3 4.5551 16.374582 1.192453 16.891773 15.69932 "" "" 1324.86292 1507.15674 5310.23882 2.0151 2391.7 9.7996 4163.2 6.7419 "" "" 0.002785954223505912 0.0052512214 0.004168351 0.009419573 205.70049375061 -62.79854800206 1414.65149 -6.161 0.28000000000000014 -1.7074596748352047 2.591034440994263 0.15878993 0.16678992 "" "" 20.80729600173151 "" 3.4209023114621293 ""
206.1484054696 -62.75697644006 0.0519 0.0597 25.0797 "" "" 5865419137149438592 1500.3313 0.6615 0.083 -6.455 -1.797 0.061 0.067 1.975 5324.4 4.6985 16.37552 1.248366 16.850094 15.601728 "" "" 1327.48425 1713.52332 5305.64798 5.9303 2485.3 7.0125 4554.8 14.379 "" "" 0.0030107351245564776 0.004143682 0.0051021385 0.00924582 206.1484054696 -62.75697644006 1500.3313 -6.455000000000001 -1.7970000000000006 -2.001459674835205 0.5140344409942628 0.18578993 0.19178993 "" "" 14.695457879543197 "" 2.7358066559464898 ""
205.25083898766 -62.86681535231 0.0292 0.0316 22.4025 "" "" 5865408073336298240 1976.77478 0.4843 0.044 -5.769 -0.242 0.036 0.048 1.056 6084.4 4.4117 16.37734 1.260959 16.919039 15.65808 "" "" 1816.79822 2133.07788 5296.76321 2.2087 2332.4 8.0374 4324.4 9.0113 "" "" 0.0027922686848576577 0.004667258 0.004404835 0.009072093 205.25083898766 -62.86681535231 1976.77478 -5.769 -0.24200000000000024 -1.3154596748352052 2.0690344409942627 0.16078992 0.17278993 "" "" 22.973178943631588 "" 3.892178657262944 ""
204.95611383639 -63.07089110982 0.0268 0.0291 23.3653 "" "" 5865398280810313216 1787.12976 0.5191 0.0406 -15.885 -6.665 0.033 0.042 0.961 5617.2 4.5254 16.379034 1.190454 16.890085 15.699631 "" "" 1673.93384 1963.33447 5288.50913 1.992 2395.4 5.4939 4162.0 7.2973 "" "" 0.0027855048634536157 0.003739778 0.0042317333 0.007971511 204.95611383639 -63.07089110982 1787.12976 -15.885000000000002 -6.665 -11.431459674835205 -4.353965559005737 0.15778992 0.16678992 "" "" 103.62187303409569 "" 16.471556867104088 ""
205.1991477531 -62.98109897903 0.0266 0.0315 19.0762 "" "" 5865403400411962240 1391.77124 0.7005 0.0427 -4.883 -1.606 0.035 0.045 1.022 "" "" 16.37999 1.331984 16.928333 15.59635 "" "" 1305.18127 1495.27588 5283.8591 5.1596 2312.5 11.894 4577.4 13.681 "" "" 0.0029522567804440457 0.006242572 0.0049813823 0.011223954 205.1991477531 -62.98109897903 1391.77124 -4.882999999999999 -1.6060000000000003 -0.4294596748352051 0.7050344409942626 0.15978992 0.16978993 "" "" 5.446055377970773 "" 0.9102684003633624 ""
206.5422361634 -63.23716850109 0.0418 0.0431 20.8028 "" "" 5864640614217119360 1552.73792 0.6357 0.0592 -6.317 -2.678 0.051 0.05 1.54 5486.1 4.626 16.380238 1.140985 16.82824 15.687255 "" "" 1429.42725 1700.26562 5282.64518 4.1984 2535.8 10.041 4209.8 12.514 "" "" 0.0028872777584244714 0.005125237 0.0049699233 0.01009516 206.5422361634 -63.23716850109 1552.73792 -6.317000000000005 -2.6779999999999977 -1.8634596748352052 -0.36696555900573724 0.17578992 0.17478992 "" "" 13.978428266263565 "" 2.456746399897437 ""
206.62943017669 -63.05645658389 0.0303 0.0317 23.0759 "" "" 5864651231384469632 1602.27966 0.5933 0.0452 -4.248 -2.309 0.035 0.036 0.999 5698.2 4.6025 16.381418 1.192046 16.853899 15.661853 "" "" 1492.3468 1737.32361 5276.90555 11.164 2476.6 25.12 4309.4 28.552 "" "" 0.003587212056307561 0.01136052 0.008125951 0.01948647 206.62943017669 -63.05645658389 1602.27966 -4.248000000000002 -2.309 0.2055403251647947 0.002034440994262532 0.15978992 0.16078992 "" "" 1.5611152763464482 "" 0.24945063829635736 ""
205.37701950288 -63.15430056997 0.0283 0.0312 11.5256 "" "" 5865388763162341248 1614.98181 0.5994 0.0419 -8.233 -3.317 0.036 0.046 0.992 5329.1 4.5905 16.382273 1.160982 16.882103 15.721121 "" "" 1493.3479 1769.97998 5272.75728 2.5708 2413.1 6.6972 4080.5 8.3001 "" "" 0.002805711354459206 0.004106704 0.0043773428 0.008484047 205.37701950288 -63.15430056997 1614.98181 -8.233 -3.317000000000001 -3.7794596748352056 -1.0059655590057375 0.16078992 0.17078993 "" "" 29.939112319050093 "" 4.834287356990865 ""
205.71542162162 -62.91312003766 0.028 0.0312 14.0563 "" "" 5865393058129443072 1840.83679 0.5137 0.0453 -11.352 -5.363 0.034 0.04 0.971 6489.8 4.2625 16.383085 1.324771 16.954964 15.630193 "" "" 1694.42651 2061.1333 5268.80832 2.0699 2256.5 11.306 4436.9 13.99 "" "" 0.002788140424833496 0.006113797 0.0050993776 0.011213174 205.71542162162 -62.91312003766 1840.83679 -11.352 -5.3629999999999995 -6.898459674835205 -3.0519655590057377 0.15878993 0.16478992 "" "" 65.82064341767236 "" 10.517315533060383 ""
206.0879500971 -62.96584660655 0.0282 0.0309 13.2268 "" "" 5865411543662254080 2015.74512 0.4721 0.0461 -3.186 0.707 0.032 0.035 1.004 6005.7 4.4754 16.383532 1.160424 16.876461 15.716037 "" "" 1851.47913 2247.85254 5266.64149 1.9549 2425.7 6.373 4099.6 6.1193 "" "" 0.002784637485491368 0.0039902395 0.0041121985 0.0081024375 206.0879500971 -62.96584660655 2015.74512 -3.186 0.7069999999999996 1.267540325164795 3.0180344409942625 0.15678993 0.15978992 "" "" 31.276194427404032 "" 4.983664365769745 ""
205.68056557013 -62.96213939878 0.029 0.0311 11.4038 "" "" 5865392645812546048 1857.80737 0.5137 0.0456 -9.611 -2.46 0.035 0.039 0.978 5609.6 4.5721 16.383923 1.188911 16.89547 15.706558 "" "" 1708.87561 2039.50562 5264.7476 1.9826 2383.6 7.9593 4135.6 6.9783 "" "" 0.0027854912428495306 0.004574841 0.0042000124 0.008774853 205.68056557013 -62.96213939878 1857.80737 -9.611 -2.4599999999999986 -5.157459674835206 -0.14896555900573727 0.15978992 0.16378993 "" "" 45.435566285535714 "" 7.260298883545198 ""
205.5643740303 -62.81954190318 0.0255 0.0302 20.5199 "" "" 5865406183550635520 1807.94641 0.5247 0.042 -7.351 -0.898 0.032 0.038 0.997 5895.3 4.5256 16.385693 1.229673 16.919832 15.690159 "" "" 1692.33752 1945.05737 5256.16959 1.9978 2330.7 8.2174 4198.5 7.307 "" "" 0.0027860525996696757 0.0047369464 0.0042254357 0.008962382 205.5643740303 -62.81954190318 1807.94641 -7.351000000000006 -0.898 -2.897459674835205 1.4130344409942626 0.15678993 0.16278993 "" "" 27.625629767844238 "" 4.363756447167642 ""
206.05404004135 -63.45019568177 0.0317 0.0322 19.5852 "" "" 5864613744914883456 1526.29333 0.6381 0.0461 -8.017 -3.524 0.036 0.039 0.983 5383.0 4.6316 16.389225 1.17182 16.896608 15.724789 "" "" 1426.1781 1644.58606 5239.10079 1.9815 2381.1 7.2767 4066.7 7.5192 "" "" 0.0027857521271541378 0.0043352526 0.004279457 0.00861471 206.05404004135 -63.45019568177 1526.29333 -8.017 -3.524000000000001 -3.5634596748352045 -1.2129655590057373 0.16078992 0.16378993 "" "" 27.232911527012973 "" 4.387331661719819 ""
206.6128822128 -62.95515974424 0.0546 0.0501 24.8004 "" "" 5864664769114925952 1576.00574 0.6208 0.06 -9.445 -4.556 0.053 0.049 0.982 "" "" 16.39059 "" "" "" "" "" 1465.38037 1693.74377 5232.51774 3.2689 "" "" "" "" "" "" 0.002837581067666822 "" "" "" 206.6128822128 -62.95515974424 1576.00574 -9.445 -4.556 -4.991459674835205 -2.2449655590057374 0.17778993 0.17378992 "" "" 40.88532593477898 "" 7.241741538825717 ""
205.71899861509 -63.45025169402 0.0289 0.0308 18.504 "" "" 5864616012657626752 1814.75989 0.5314 0.0425 -7.472 -0.39 0.036 0.042 0.956 5280.8 4.3556 16.390614 1.137335 16.821001 15.683666 "" "" 1677.45239 1985.23718 5232.40305 2.154 2552.8 12.758 4223.7 41.05 "" "" 0.0027913370980208944 0.0061014686 0.011208628 0.017310098 205.71899861509 -63.45025169402 1814.75989 -7.472000000000001 -0.38999999999999957 -3.0184596748352055 1.9210344409942626 0.16078992 0.16678992 "" "" 30.777084089150907 "" 5.002578257242744 ""
205.85968521848 -62.90647582058 0.0293 0.0325 14.3445 "" "" 5865415598111459328 1615.04944 0.6016 0.0478 -6.238 -2.311 0.035 0.04 1.08 5775.4 4.5714 16.391796 1.253648 16.934006 15.680358 "" "" 1507.10144 1732.74744 5226.71244 2.2999 2300.5 6.7334 4236.6 7.63 "" "" 0.0027964331971077226 0.004228939 0.0042552603 0.0084842 205.85968521848 -62.90647582058 1615.04944 -6.238 -2.3109999999999995 -1.7844596748352055 3.4440994262752156e-05 0.15978992 0.16478992 "" "" 13.66063543964852 "" 2.1828318420712045 ""
205.33449316917 -62.9270604454 0.0284 0.0311 18.1978 "" "" 5865403984527589376 1579.39832 0.6241 0.0427 -7.074 1.043 0.035 0.046 1.041 5518.7 4.5764 16.39195 1.175337 16.878202 15.702866 "" "" 1483.04407 1715.32056 5225.96314 2.132 2421.8 6.225 4149.7 8.2828 "" "" 0.00279069623730435 0.0039463267 0.0043566246 0.008302951 205.33449316917 -62.9270604454 1579.39832 -7.074000000000002 1.0430000000000008 -2.620459674835205 3.354034440994263 0.15978992 0.17078993 "" "" 31.864377298875123 "" 5.311980778324819 ""
206.25677183547 -63.41280208532 0.0664 0.0663 20.2644 "" "" 5864636800293587328 1988.57288 0.5281 0.0967 -13.092 -3.595 0.079 0.078 2.241 4850.9 4.4322 16.392193 1.418744 16.968515 15.549771 "" "" 1686.43213 2334.08032 5224.79714 6.7465 2228.5 8.4756 4778.0 8.4109 "" "" 0.0030914820376094676 0.0049836347 0.004235169 0.009218804 206.25677183547 -63.41280208532 1988.57288 -13.091999999999999 -3.5950000000000006 -8.638459674835206 -1.2839655590057375 0.20378992 0.20278993 "" "" 82.31920146379076 "" 16.774048459297845 ""
206.18771061927 -62.87618926299 0.0278 0.0302 19.2058 "" "" 5865414601679077248 1863.54285 0.5112 0.0446 -5.498 0.05 0.034 0.036 1.024 5567.4 4.5501 16.394285 1.242882 16.939007 15.696125 "" "" 1740.26758 2001.88879 5214.73644 1.8563 2289.9 6.3726 4175.5 6.788 "" "" 0.0027822949471500175 0.004112735 0.0041712276 0.0082839625 206.18771061927 -62.87618926299 1863.54285 -5.497999999999997 0.0500000000000021 -1.0444596748352053 2.3610344409942625 0.15878993 0.16078992 "" "" 22.805004925874947 "" 3.6593890992888736 ""
205.69676527001 -63.14972135225 0.0273 0.0318 2.8644 "" "" 5865386598498414592 1527.88367 0.6441 0.0434 -10.287 -2.317 0.035 0.042 0.981 5470.5 4.6264 16.39564 1.194151 16.884901 15.69075 "" "" 1437.11121 1622.88147 5208.24131 2.1236 2406.9 8.5134 4196.2 10.328 "" "" 0.0027906575289896227 0.0047469186 0.0046287025 0.009375621 205.69676527001 -63.14972135225 1527.88367 -10.286999999999999 -2.3169999999999997 -5.833459674835206 -0.005965559005737475 0.15978992 0.16678992 "" "" 42.24692055291841 "" 6.7506323652433675 ""
206.02998353515 -63.04408081635 0.0298 0.0307 8.627 "" "" 5864660611593404032 1638.74829 0.592 0.0473 -7.727 -3.282 0.036 0.035 1.027 5634.3 4.5874 16.395947 1.216106 16.925146 15.709041 "" "" 1486.61096 1785.7677 5206.77156 2.4665 2319.3 7.2309 4126.1 7.721 "" "" 0.0028029125418724214 0.004386722 0.004290863 0.008677585 206.02998353515 -63.04408081635 1638.74829 -7.726999999999999 -3.2819999999999996 -3.2734596748352054 -0.9709655590057373 0.16078992 0.15978992 "" "" 26.522132278550405 "" 4.262352937654013 ""
205.73029851392 -63.51572759831 0.0298 0.0324 22.3805 "" "" 5864614810066696320 1918.55408 0.5014 0.0431 -6.274 -2.604 0.035 0.046 0.979 5550.2 4.5918 16.396063 1.074667 16.852955 15.778288 "" "" 1761.95569 2071.84351 5206.20604 2.3376 2478.8 8.1606 3871.2 7.165 "" "" 0.002798114371302762 0.0045344774 0.004280414 0.008814892 205.73029851392 -63.51572759831 1918.55408 -6.274 -2.604 -1.820459674835205 -0.2929655590057374 0.15978992 0.17078993 "" "" 16.768167456975036 "" 2.684196431368902 ""
205.4689372871 -62.91655232951 0.0603 0.0623 16.3829 "" "" 5865405255837955072 1752.91772 0.5502 0.0818 -3.039 -2.668 0.073 0.083 1.763 "" "" 16.39619 1.983959 17.110954 15.126995 "" "" 1524.2478 2028.72266 5205.59725 5.6251 1954.5 15.04 7052.8 33.556 "" "" 0.0029947058886139045 0.008808397 0.006400675 0.015209071 205.4689372871 -62.91655232951 1752.91772 -3.039000000000001 -2.667999999999997 1.4145403251647948 -0.35696555900573745 0.19778992 0.20778993 "" "" 12.12163683737294 "" 2.404966794527757 ""
206.37677900095 -62.90816007738 0.0278 0.0307 21.1028 "" "" 5864668651772727168 1935.95764 0.4924 0.045 -9.774 -3.499 0.034 0.035 0.963 5083.5 4.3835 16.396784 1.283464 16.958014 15.674549 "" "" 1766.94983 2110.67261 5202.75556 1.9738 2250.1 7.027 4259.3 8.2458 "" "" 0.002785938393806352 0.004391134 0.004324564 0.008715698 206.37677900095 -62.90816007738 1935.95764 -9.774 -3.498999999999999 -5.320459674835204 -1.1879655590057374 0.15878993 0.15978992 "" "" 50.02510678059649 "" 7.945866003750971 ""
205.80036616186 -62.93419794527 0.0284 0.0316 12.5942 "" "" 5865415460672471424 1967.01709 0.4893 0.047 0.785 -1.428 0.034 0.039 0.977 6337.9 4.0524 16.39765 1.376826 17.017567 15.64074 "" "" 1808.57812 2116.80713 5198.60393 2.0149 2130.1 6.5667 4394.0 8.7888 "" "" 0.0027872700876509556 0.004357553 0.004358885 0.008716438 205.80036616186 -62.93419794527 1967.01709 0.785 -1.428 5.238540325164795 0.8830344409942628 0.15878993 0.16378993 "" "" 49.53142110118698 "" 7.872038220762835 ""
205.24596271925 -63.14703127553 0.0299 0.0335 15.0639 "" "" 5865383845416698496 1868.91663 0.5269 0.0444 -8.342 -2.468 0.036 0.048 0.975 5167.1 4.4338 16.398935 1.161046 16.891487 15.730441 "" "" 1727.85938 1995.70837 5192.44977 2.1217 2392.3 7.4335 4045.6 9.4973 "" "" 0.002790808244015103 0.004377975 0.0045585395 0.008936515 205.24596271925 -63.14703127553 1868.91663 -8.341999999999999 -2.468 -3.8884596748352056 -0.15696555900573728 0.16078992 0.17278993 "" "" 34.474614808227756 "" 5.543868711331402 ""
204.98692325906 -62.98601737843 0.0299 0.0313 24.0906 "" "" 5865400995229741952 1581.13977 0.6011 0.0418 -15.549 -2.466 0.038 0.044 0.994 5524.3 4.5624 16.39928 1.229408 16.934044 15.704636 "" "" 1489.10339 1699.42664 5190.80159 2.0677 2300.4 6.3885 4142.9 6.7539 "" "" 0.0027890568527568836 0.0041081184 0.0041733254 0.008281443 204.98692325906 -62.98601737843 1581.13977 -15.549000000000005 -2.466000000000001 -11.095459674835205 -0.1549655590057375 0.16278993 0.16878992 "" "" 83.16416995725426 "" 13.538388176223723 ""
205.32917776462 -63.31096932411 0.0301 0.0329 16.228 "" "" 5864627317012215424 1636.15698 0.6062 0.046 -2.722 -2.74 0.035 0.047 1.018 5067.8 4.4318 16.40084 1.16549 16.90282 15.73733 "" "" 1506.06421 1742.62256 5183.34994 2.18 2367.5 5.9384 4020.0 7.5055 "" "" 0.0027929027874873504 0.003898935 0.0042886958 0.008187631 205.32917776462 -63.31096932411 1636.15698 -2.722 -2.74 1.731540325164795 -0.4289655590057375 0.15978992 0.17178991 "" "" 13.83470824198406 "" 2.2205848564282817 ""
206.67268988809 -63.1355178909 0.0271 0.0298 23.6165 "" "" 5864647069526737920 1857.49194 0.5103 0.0426 -6.084 -2.108 0.032 0.034 1.004 5625.6 4.6547 16.401428 1.104855 16.837826 15.732971 "" "" 1721.05432 1999.4917 5180.54533 2.5595 2513.5 10.538 4036.2 21.93 "" "" 0.002807050850262871 0.00533909 0.0070059854 0.012345076 206.67268988809 -63.1355178909 1857.49194 -6.084 -2.108 -1.6304596748352047 0.2030344409942626 0.15678993 0.15878993 "" "" 14.466275700427028 "" 2.2686109078542285 ""
205.64917405749 -63.04184536442 0.0294 0.0308 7.4025 "" "" 5865391099624254976 1548.51929 0.6251 0.0447 -3.883 -1.928 0.038 0.039 0.975 5651.5 4.5889 16.401567 1.10232 16.868418 15.766098 "" "" 1439.27307 1672.58997 5179.88285 2.0488 2443.7 7.0918 3914.9 7.173 "" "" 0.0027885855461698794 0.0042086984 0.0042709624 0.00847966 205.64917405749 -63.04184536442 1548.51929 -3.882999999999999 -1.9279999999999997 0.5705403251647949 0.38303444099426276 0.16278993 0.16378993 "" "" 5.043970117403026 "" 0.8226779233664975 ""
206.20680411001 -62.82473469998 0.0273 0.0305 22.1147 "" "" 5865415009678309120 1643.61206 0.594 0.0446 -2.695 1.247 0.033 0.036 0.987 5479.6 4.6838 16.40257 1.118278 16.87315 15.754871 "" "" 1549.58289 1773.94043 5175.09205 1.9529 2433.1 7.2851 3955.6 7.7873 "" "" 0.002785616477529492 0.004284065 0.004341944 0.008626009 206.20680411001 -62.82473469998 1643.61206 -2.695 1.2470000000000003 1.758540325164795 3.5580344409942626 0.15778992 0.16078992 "" "" 30.92050092045325 "" 4.953630889244284 ""
