Clusters/SAI_118/SAI_118_stars_in_region.tsv
# %ECSV 1.0
# ---
# datatype:
# - name: RA_ICRS_1
#   unit: deg
#   datatype: float64
#   format: '{:15.11f}'
#   description: Right ascension (ICRS) at Ep=2016.0 (ra)
#   meta: !!omap
#   - {ucd: POS_EQ_RA_MAIN}
#   - {width: 15}
#   - {precision: '11'}
# - name: DE_ICRS_1
#   unit: deg
#   datatype: float64
#   format: '{:15.11f}'
#   description: Declination (ICRS) at Ep=2016.0 (dec)
#   meta: !!omap
#   - {ucd: POS_EQ_DEC_MAIN}
#   - {width: 15}
#   - {precision: '11'}
# - name: e_RA_ICRS
#   unit: mas
#   datatype: float64
#   format: '{:7.4f}'
#   description: Standard error of right ascension (ra_error)
#   meta: !!omap
#   - {ucd: ERROR}
#   - {width: 7}
#   - {precision: '4'}
# - name: e_DE_ICRS
#   unit: mas
#   datatype: float64
#   format: '{:7.4f}'
#   description: Standard error of declination (dec_error)
#   meta: !!omap
#   - {ucd: ERROR}
#   - {width: 7}
#   - {precision: '4'}
# - name: _r_1
#   unit: ''
#   datatype: float64
#   format: '{:7.4f}'
#   description: Distance from center (205.80171836000-63.14409987000)[ICRS], at Epoch=J2016.0
#   meta: !!omap
#   - {ucd: POS_ANG_DIST_GENERAL}
#   - {width: 7}
#   - {precision: '4'}
# - name: HIP
#   datatype: int32
#   description: '? HIP cross-id number, van Leeuwen, Cat. I/311 (hip_original_ext_source_id)'
#   meta: !!omap
#   - {ucd: ID_NUMBER}
#   - {width: 6}
#   - values: {'null': -2147483648}
# - name: TYC2
#   datatype: string
#   description: Tycho-2 cross-id name, Hog et al., Cat. I/259 (tyc2_original_ext_source_id)
#   meta: !!omap
#   - {ucd: ID_CROSSID}
#   - {_votable_string_dtype: char}
# - name: Source
#   datatype: int64
#   description: Source identifier, identical to the Gaia-EDR3 source_id (id)
#   meta: !!omap
#   - {ucd: ID_MAIN}
#   - {width: 19}
# - name: rgeo
#   unit: pc
#   datatype: float64
#   format: '{:15.8f}'
#   description: '? Median of the geometric distance posterior (r_med_geo)'
#   meta: !!omap
#   - {ucd: PHYS_DISTANCE_TRUE}
#   - {width: 15}
#   - {precision: '8'}
#   - values: {'null': .nan}
# - name: Plx
#   unit: mas
#   datatype: float64
#   format: '{:9.4f}'
#   description: '? Parallax (parallax)'
#   meta: !!omap
#   - {ucd: POS_PARLX_TRIG}
#   - {width: 9}
#   - {precision: '4'}
#   - values: {'null': .nan}
# - name: e_Plx
#   unit: mas
#   datatype: float32
#   format: '{:7.4f}'
#   description: '? Standard error of parallax (parallax_error)'
#   meta: !!omap
#   - {ucd: ERROR}
#   - {width: 7}
#   - {precision: '4'}
#   - values: {'null': .nan}
# - name: pmRA
#   unit: mas / yr
#   datatype: float64
#   format: '{:9.3f}'
#   description: '? Proper motion in right ascension direction, pmRA*cosDE (pmra)'
#   meta: !!omap
#   - {ucd: POS_EQ_PMRA}
#   - {width: 9}
#   - {precision: '3'}
#   - values: {'null': .nan}
# - name: pmDE
#   unit: mas / yr
#   datatype: float64
#   format: '{:9.3f}'
#   description: '? Proper motion in declination direction (pmdec)'
#   meta: !!omap
#   - {ucd: POS_EQ_PMDEC}
#   - {width: 9}
#   - {precision: '3'}
#   - values: {'null': .nan}
# - name: e_pmRA
#   unit: mas / yr
#   datatype: float32
#   format: '{:6.3f}'
#   description: '? Standard error of proper motion in right ascension direction (pmra_error)'
#   meta: !!omap
#   - {ucd: ERROR}
#   - {width: 6}
#   - {precision: '3'}
#   - values: {'null': .nan}
# - name: e_pmDE
[...]
#         value: !astropy.table.SerializedColumn {name: SkyCoord.dec}
#       distance: !astropy.table.SerializedColumn
#         __class__: astropy.coordinates.distances.Distance
#         unit: !astropy.units.Unit {unit: pc}
#         value: !astropy.table.SerializedColumn {name: SkyCoord.distance}
#       frame: icrs
#       obstime: !astropy.time.Time {format: jyear_str, in_subfmt: '*', jd1: 367701545.0, jd2: 0.0, out_subfmt: '*', precision: 3, scale: tt}
#       pm_dec: !astropy.table.SerializedColumn
#         __class__: astropy.units.quantity.Quantity
#         unit: !astropy.units.Unit {unit: mas / yr}
#         value: !astropy.table.SerializedColumn {name: SkyCoord.pm_dec}
#       pm_ra_cosdec: !astropy.table.SerializedColumn
#         __class__: astropy.units.quantity.Quantity
#         unit: !astropy.units.Unit {unit: mas / yr}
#         value: !astropy.table.SerializedColumn {name: SkyCoord.pm_ra_cosdec}
#       ra: !astropy.table.SerializedColumn
#         __class__: astropy.coordinates.angles.Longitude
#         unit: *id001
#         value: !astropy.table.SerializedColumn {name: SkyCoord.ra}
#         wrap_angle: !astropy.coordinates.Angle
#           unit: *id001
#           value: 360.0
#       representation_type: spherical
# schema: astropy-2.0
RA_ICRS_1 DE_ICRS_1 e_RA_ICRS e_DE_ICRS _r_1 HIP TYC2 Source rgeo Plx e_Plx pmRA pmDE e_pmRA e_pmDE RUWE Teff logg Gmag BP-RP BPmag RPmag RV e_RV b_rgeo B_rgeo FG e_FG FBP e_FBP FRP e_FRP RAVE5 RAVE6 e_Gmag e_BPmag e_RPmag e_BP-RP SkyCoord.ra SkyCoord.dec SkyCoord.distance SkyCoord.pm_ra_cosdec SkyCoord.pm_dec rmRA rmDE e_rmRA e_rmDE rRV e_rRV v_pec v_pec3d e_vpec e_vpec3d
[from data line 1247]
206.03852347936 -62.77068674466 0.0164 0.019 23.3174 "" "" 5865418896646585216 1870.22986 0.4989 0.0269 -11.572 -4.995 0.02 0.023 1.001 6061.8 4.0416 15.406876 1.189499 15.915007 14.725508 "" "" 1778.71655 1967.67505 12947.81589 3.0218 5880.5 11.176 10208.0 8.5409 "" "" 0.0027669472512614314 0.0034702916 0.003887024 0.0073573156 206.03852347936 -62.77068674466 1870.22986 -11.571999999999992 -4.995000000000002 -7.118459674835204 -2.6839655590057374 0.14478992 0.14778993 "" "" 67.44086078763003 "" 9.790167155358574 ""
205.61713709168 -62.86411325692 0.016 0.0186 17.5352 "" "" 5865405079713833216 1564.62878 0.6023 0.0258 -6.882 -1.315 0.019 0.024 0.965 6534.0 4.0697 15.407389 1.311322 15.985558 14.674235 "" "" 1495.52563 1627.38745 12941.7035 3.1304 5510.5 7.7468 10702.0 9.8182 "" "" 0.0027678078369879613 0.0031803788 0.003908438 0.0070888167 205.61713709168 -62.86411325692 1564.62878 -6.8820000000000014 -1.3149999999999984 -2.4284596748352048 0.9960344409942627 0.14378992 0.14878993 "" "" 19.466305727152392 "" 2.8132817549331137 ""
205.35693713611 -62.78236510835 0.0162 0.0192 24.864 "" "" 5865410031841424512 2005.20251 0.463 0.0268 -4.517 -2.016 0.02 0.026 0.995 7751.2 3.7949 15.411634 1.040378 15.809541 14.769163 "" "" 1900.27856 2133.77124 12891.19563 3.1537 6480.4 19.026 9806.0 38.404 "" "" 0.002768093274903636 0.0042362874 0.005688983 0.00992527 205.35693713611 -62.78236510835 2005.20251 -4.517000000000001 -2.0160000000000022 -0.06345967483520543 0.2950344409942627 0.14478992 0.15078992 "" "" 2.868336472790035 "" 0.43176970446092444 ""
205.50834080404 -63.45662748661 0.0168 0.0195 20.3513 "" "" 5864622128691665152 2029.28247 0.4569 0.0256 -7.034 -3.598 0.021 0.029 0.926 6920.8 3.6853 15.411994 1.040314 15.838678 14.798365 "" "" 1926.98474 2146.45044 12886.91715 2.99 6308.8 9.8739 9545.8 12.505 "" "" 0.0027668119476818636 0.0032668973 0.004038156 0.007305053 205.50834080404 -63.45662748661 2029.28247 -7.034000000000004 -3.597999999999999 -2.580459674835205 -1.2869655590057372 0.14578992 0.15378992 "" "" 27.73660762219256 "" 4.088877332482041 ""
205.96376924838 -63.51578821276 0.0181 0.0191 22.7243 "" "" 5864611374092853376 1955.26294 0.4819 0.0267 -7.777 -2.75 0.023 0.025 1.001 6513.6 4.1732 15.412685 0.981427 15.816987 14.83556 "" "" 1865.17883 2058.93823 12878.71524 3.0652 6436.1 7.454 9224.3 7.8901 "" "" 0.0027674113404450966 0.0030604298 0.0038918122 0.006952242 205.96376924838 -63.51578821276 1955.26294 -7.777000000000001 -2.75 -3.323459674835205 -0.4389655590057373 0.14778993 0.14978993 "" "" 31.069157233054074 "" 4.5927809524495435 ""
205.16914356717 -63.21602304535 0.0173 0.0201 17.6599 "" "" 5865382269170941696 1643.88379 0.5886 0.0274 -9.488 -3.685 0.021 0.03 0.938 5405.6 3.976 15.412699 1.143232 15.900383 14.757151 "" "" 1569.00708 1720.0647 12878.55745 3.1621 5960.2 7.4649 9915.1 11.851 "" "" 0.0027681864056734963 0.0031039023 0.0039959745 0.007099877 205.16914356717 -63.21602304535 1643.88379 -9.488000000000003 -3.685000000000004 -5.034459674835205 -1.3739655590057374 0.14578992 0.15478992 "" "" 40.66321449505304 "" 5.954380751689437 ""
206.32496658173 -63.37440947799 0.0168 0.0192 19.7611 "" "" 5864637143890988544 1586.19678 0.5944 0.0277 -1.358 -2.296 0.02 0.023 0.97 5639.8 4.2625 15.412779 1.229857 15.948451 14.718594 "" "" 1527.70667 1648.58374 12877.60558 2.9014 5702.1 9.4865 10274.0 7.2874 "" "" 0.0027661579285852885 0.003323831 0.0038570466 0.0071808775 206.32496658173 -63.37440947799 1586.19678 -1.358 -2.296 3.095540325164795 0.015034440994262877 0.14478992 0.14778993 "" "" 23.27431959480494 "" 3.369888518947724 ""
205.56367553925 -63.21851302554 0.0175 0.0203 7.8395 "" "" 5864633914082420864 1880.48987 0.4957 0.0274 -1.279 -1.982 0.022 0.027 0.929 6127.7 4.2074 15.414074 1.040926 15.84738 14.806454 "" "" 1794.12207 1970.68823 12862.26146 3.2985 6258.4 8.5171 9474.9 9.9614 "" "" 0.002769352870688443 0.0031572627 0.003948001 0.007105264 205.56367553925 -63.21851302554 1880.48987 -1.2789999999999984 -1.9819999999999982 3.174540325164795 0.3290344409942627 0.14678992 0.15178992 "" "" 28.447921115847148 "" 4.177405445262832 ""
205.25307401462 -62.85501093726 0.0218 0.024 22.8955 "" "" 5865408073336304384 1665.74194 0.5656 0.0321 -11.231 -2.1 0.027 0.037 1.229 4905.8 4.1295 15.414281 1.365208 15.976835 14.611628 "" "" 1583.29578 1777.18323 12859.81054 3.867 5555.0 43.498 11337.0 25.916 "" "" 0.0027745958596833028 0.008947916 0.004521486 0.013469402 205.25307401462 -62.85501093726 1665.74194 -11.231 -2.099999999999996 -6.777459674835205 0.2110344409942626 0.15178992 0.16178992 "" "" 53.5381596980297 "" 8.127088543758498 ""
205.68661084591 -63.43322112757 0.0186 0.0215 17.6229 "" "" 5864616184456347136 1830.10425 0.5061 0.029 -6.366 -1.062 0.023 0.031 1.056 6812.6 4.2968 15.416296 0.921118 15.780495 14.859377 "" "" 1725.59106 1919.08508 12835.96005 3.7436 6656.1 9.2624 9024.2 8.5847 "" "" 0.002773456209366505 0.0031729776 0.0039179744 0.0070909522 205.68661084591 -63.43322112757 1830.10425 -6.366 -1.0619999999999998 -1.9124596748352047 1.2490344409942626 0.14778993 0.15578993 "" "" 19.814773208665088 "" 2.976706457384386 ""
205.73450653266 -63.19050442806 0.0157 0.0192 3.3265 "" "" 5864635632069370752 1932.63708 0.4786 0.0258 -5.173 -1.698 0.019 0.025 1.022 6936.1 4.2926 15.416865 0.937105 15.796396 14.859291 "" "" 1851.54932 2035.17041 12829.22652 2.9378 6559.3 7.3744 9024.9 8.4243 "" "" 0.002766514801852609 0.0030454968 0.003912911 0.0069584073 205.73450653266 -63.19050442806 1932.63708 -5.173000000000003 -1.6979999999999993 -0.7194596748352051 0.6130344409942627 0.14378992 0.14978993 "" "" 8.658840772991748 "" 1.2671669935439767 ""
205.30021652484 -63.22376078574 0.0173 0.0202 14.3913 "" "" 5865379726550473472 1665.69824 0.5656 0.0272 -11.599 -9.929 0.021 0.029 0.923 5767.4 3.7495 15.418133 1.175404 15.92015 14.744745 "" "" 1605.72339 1749.51172 12814.26519 2.9983 5852.7 11.499 10029.0 9.0942 "" "" 0.0027670068286043082 0.0035121953 0.0039055136 0.0074177086 205.30021652484 -63.22376078574 1665.69824 -11.599000000000009 -9.928999999999998 -7.145459674835205 -7.617965559005738 0.14578992 0.15378992 "" "" 82.46489615915127 "" 12.377881214678059 ""
206.00462641284 -63.27801102098 0.0174 0.0207 9.7295 "" "" 5864630684266952192 1440.07642 0.6536 0.027 -3.379 -1.141 0.021 0.026 1.051 5376.1 4.3204 15.41897 1.111035 15.883189 14.772154 "" "" 1383.57617 1505.23059 12804.38976 3.0295 6055.4 9.034 9779.0 10.877 "" "" 0.002767269157217849 0.0032262676 0.0039676353 0.007193903 206.00462641284 -63.27801102098 1440.07642 -3.3789999999999982 -1.1410000000000027 1.074540325164795 1.1700344409942627 0.14578992 0.15078992 "" "" 10.843653869447122 "" 1.6105335929002274 ""
204.9728230982 -63.29890908276 0.0184 0.0197 24.2559 "" "" 5865380173226858112 1906.6687 0.4945 0.0266 -1.71 -2.729 0.023 0.029 0.999 6401.7 4.1268 15.419035 0.952439 15.790128 14.837688 "" "" 1815.06091 2021.27075 12803.61531 3.4325 6597.3 8.066 9206.3 35.128 "" "" 0.0027706520911683643 0.0030898473 0.00560771 0.008697557 204.9728230982 -63.29890908276 1906.6687 -1.71 -2.729 2.743540325164795 -0.4179655590057374 0.14778993 0.15378992 "" "" 25.081131418025585 "" 3.7102196331564583 ""
205.10627104869 -63.06407026368 0.0174 0.0202 19.4771 "" "" 5865396631542875904 1862.9834 0.5046 0.027 -8.19 -7.408 0.022 0.029 1.093 7246.4 4.1241 15.42007 1.233418 15.945299 14.711881 "" "" 1793.85815 1965.75061 12791.42401 3.1283 5718.7 8.5366 10337.0 19.962 "" "" 0.0027680851962012657 0.0032267366 0.0043220166 0.007548753 205.10627104869 -63.06407026368 1862.9834 -8.189999999999996 -7.407999999999998 -3.7364596748352046 -5.096965559005738 0.14678992 0.15378992 "" "" 55.80747631784113 "" 8.448128423948916 ""
205.59578114956 -63.15596349404 0.0159 0.02 5.626 "" "" 5865385327188092416 1790.86951 0.5257 0.026 -6.267 0.501 0.02 0.028 0.983 6803.1 4.3447 15.420657 1.019289 15.840531 14.821242 "" "" 1720.33862 1874.6676 12784.50075 3.0137 6298.0 9.4273 9346.8 8.5287 "" "" 0.0027671818526643272 0.003228986 0.0039070733 0.007136059 205.59578114956 -63.15596349404 1790.86951 -6.266999999999995 0.5009999999999992 -1.8134596748352054 2.8120344409942626 0.14478992 0.15278992 "" "" 28.403842631186315 "" 4.274329882274584 ""
206.09773377693 -63.53778236894 0.0168 0.0192 24.9289 "" "" 5864565538195971200 2004.05273 0.4638 0.026 -9.544 -3.998 0.021 0.026 1.006 7291.2 3.9814 15.422009 1.016347 15.839189 14.822842 "" "" 1903.73669 2102.80103 12768.60408 3.0202 6305.8 7.9191 9333.0 7.7798 "" "" 0.00276726258048119 0.0031055147 0.003886237 0.0069917515 206.09773377693 -63.53778236894 2004.05273 -9.544 -3.9979999999999993 -5.090459674835206 -1.6869655590057375 0.14578992 0.15078992 "" "" 50.94148507043899 "" 7.452348137632024 ""
206.05016749123 -63.07374891912 0.0162 0.0192 7.9547 "" "" 5864659580801221760 1727.98413 0.5499 0.0272 -10.663 -2.984 0.02 0.022 1.024 5314.3 4.1707 15.423822 1.272162 15.977965 14.705803 "" "" 1635.23486 1813.8551 12747.28575 2.9039 5549.2 9.1315 10395.0 8.5717 "" "" 0.002766399240140146 0.003313173 0.0038839777 0.007197151 206.05016749123 -63.07374891912 1727.98413 -10.66300000000001 -2.9840000000000013 -6.209459674835205 -0.6729655590057373 0.14478992 0.14678992 "" "" 51.157295988398026 "" 7.408256667706717 ""
206.10563759337 -63.50168288527 0.0166 0.0193 22.9639 "" "" 5864612645403185536 1435.89136 0.6569 0.0259 -7.872 -9.566 0.021 0.024 0.969 6348.1 4.3278 15.425399 1.01325 15.841362 14.828112 "" "" 1378.99133 1487.52795 12728.79609 2.7996 6293.2 8.4186 9287.8 7.4343 "" "" 0.0027656490163642557 0.0031455646 0.0038780149 0.0070235794 206.10563759337 -63.50168288527 1435.89136 -7.871999999999997 -9.565999999999999 -3.418459674835205 -7.254965559005738 0.14578992 0.14878993 "" "" 54.58511939728445 "" 8.092210806620539 ""
205.22336714371 -63.34007221582 0.0178 0.0195 19.5535 "" "" 5865377768045275264 1850.52979 0.5081 0.0272 -3.408 -0.569 0.022 0.029 1.014 10145.3 4.1702 15.425452 1.43922 16.07178 14.632559 "" "" 1765.97449 1963.73792 12728.17092 3.4021 5089.9 8.2785 11121.0 10.613 "" "" 0.0027705610511610567 0.0033020386 0.003918841 0.0072208797 205.22336714371 -63.34007221582 1850.52979 -3.4079999999999977 -0.5689999999999992 1.045540325164795 1.7420344409942627 0.14678992 0.15378992 "" "" 17.821152007550374 "" 2.708236623056936 ""
206.19591884562 -63.22320815427 0.0173 0.0196 11.6783 "" "" 5864643019406424064 1845.38135 0.5073 0.0267 -6.178 -0.391 0.021 0.023 0.953 6115.7 4.1919 15.425528 1.047066 15.8619 14.814835 "" "" 1770.75964 1934.25366 12727.2863 2.9882 6175.3 9.0981 9402.1 7.6347 "" "" 0.0027670872561089874 0.0032161833 0.0038808526 0.0070970356 206.19591884562 -63.22320815427 1845.38135 -6.178000000000002 -0.39099999999999996 -1.724459674835205 1.9200344409942627 0.14578992 0.14778993 "" "" 22.574136680335943 "" 3.3161475913748117 ""
205.66699362652 -62.72596618699 0.0403 0.0471 25.3562 "" "" 5865433155938147968 1569.72461 0.6215 0.0646 -6.325 -2.565 0.049 0.06 2.5 8182.3 3.5348 15.4266 1.264651 15.962901 14.69825 "" "" 1404.27246 1783.29065 12714.72736 4.9437 5626.7 9.6103 10468.0 11.201 "" "" 0.002787472353665835 0.0033502106 0.003953912 0.0073041227 205.66699362652 -62.72596618699 1569.72461 -6.325 -2.5650000000000004 -1.8714596748352053 -0.25396555900573725 0.17378992 0.18478993 "" "" 14.05221641411122 "" 2.4450154285635453 ""
205.45538734659 -62.76637383965 0.0266 0.0296 24.5541 "" "" 5865410272359604992 1985.54492 0.4861 0.0419 -6.973 -2.723 0.033 0.039 1.59 5893.1 4.1145 15.42974 1.101684 15.88165 14.779966 "" "" 1824.1073 2164.45557 12678.00495 3.9062 6064.0 11.2 9708.9 9.7335 "" "" 0.002775553280964443 0.0034360364 0.0039330055 0.007369042 205.45538734659 -62.76637383965 1985.54492 -6.973000000000005 -2.7229999999999994 -2.519459674835205 -0.41196555900573717 0.15778992 0.16378993 "" "" 24.026748505717507 "" 3.795002076207108 ""
205.50366792061 -63.29397545463 0.0165 0.0197 12.0745 "" "" 5864633398686504064 1698.12671 0.5563 0.0261 3.33 1.785 0.02 0.028 0.982 5371.3 4.1909 15.430053 1.166814 15.932758 14.765944 "" "" 1621.31213 1788.32214 12674.34777 2.8718 5785.1 7.0494 9835.1 8.8342 "" "" 0.0027662809601302174 0.003087948 0.0039031815 0.0069911294 205.50366792061 -63.29397545463 1698.12671 3.33 1.785 7.783540325164795 4.096034440994263 0.14478992 0.15278992 "" "" 70.79612167978354 "" 10.376020413054325 ""
205.27362702076 -62.82044802318 0.0164 0.0195 24.1717 "" "" 5865408485653180032 1981.78479 0.4685 0.0265 -4.678 -1.01 0.02 0.027 1.007 6705.2 3.9376 15.43203 1.257766 15.980916 14.72315 "" "" 1876.90503 2085.91064 12651.29035 2.9731 5534.1 8.0291 10231.0 7.8456 "" "" 0.00276710895143 0.0032041224 0.0038700048 0.007074127 205.27362702076 -62.82044802318 1981.78479 -4.677999999999999 -1.0099999999999978 -0.22445967483520501 1.3010344409942627 0.14478992 0.15178992 "" "" 12.402024668824879 "" 1.880049280736802 ""
205.64553014568 -62.97921710394 0.0177 0.0202 10.7654 "" "" 5865392233495675136 1718.19971 0.5459 0.0286 -6.694 -1.012 0.022 0.026 1.057 6384.1 4.2511 15.433448 1.033265 15.843267 14.810002 "" "" 1640.65869 1813.03943 12634.78048 3.362 6282.2 8.6878 9444.0 18.151 "" "" 0.002770425096495384 0.00316852 0.0043172007 0.007485721 205.64553014568 -62.97921710394 1718.19971 -6.693999999999995 -1.0120000000000005 -2.240459674835205 1.2990344409942627 0.14678992 0.15078992 "" "" 21.09215691986656 "" 3.1175578156280745 ""
205.5883728502 -63.11997480905 0.0174 0.02 5.9635 "" "" 5865386186181578880 1366.75391 0.6987 0.0278 -13.755 -2.34 0.021 0.027 0.953 5958.1 4.2668 15.435304 1.022223 15.860073 14.83785 "" "" 1306.74438 1417.52686 12613.20369 3.0655 6185.7 8.5308 9204.9 8.0962 "" "" 0.0027679270322567297 0.0031665636 0.0038981638 0.007064727 205.5883728502 -63.11997480905 1366.75391 -13.754999999999999 -2.339999999999999 -9.301459674835206 -0.028965559005737163 0.14578992 0.15178992 "" "" 60.25899441772888 "" 8.785157631092856 ""
205.35845873881 -63.16746054406 0.0164 0.0196 12.0912 "" "" 5865382887646441088 1830.48535 0.5139 0.0258 -5.59 -1.552 0.02 0.028 0.935 7027.3 3.9099 15.437343 1.091045 15.887983 14.796938 "" "" 1750.94434 1935.54541 12589.53103 2.8916 6028.7 8.9988 9558.4 14.58 "" "" 0.0027665822418506264 0.0032266865 0.0041263206 0.007353007 205.35845873881 -63.16746054406 1830.48535 -5.5899999999999945 -1.5519999999999985 -1.136459674835205 0.7590344409942626 0.14478992 0.15278992 "" "" 11.857554271513955 "" 1.7466661100001322 ""
206.52345289218 -63.04548177945 0.0163 0.0195 20.4695 "" "" 5864663188574068480 1461.35925 0.6452 0.0273 -8.633 -4.9 0.019 0.022 0.982 5210.5 4.1888 15.437982 1.127792 15.915503 14.787711 "" "" 1399.11902 1543.20789 12582.12402 11.637 5877.8 19.695 9639.9 31.395 "" "" 0.0029326039476829722 0.004584786 0.005175618 0.009760404 206.52345289218 -63.04548177945 1461.35925 -8.632999999999997 -4.900000000000006 -4.179459674835204 -2.5889655590057377 0.14378992 0.14678992 "" "" 34.054874357128334 "" 4.925291194087035 ""
206.43686555835 -62.91366489264 0.0171 0.0197 22.1334 "" "" 5864667964577792896 1488.6604 0.6362 0.0282 -4.766 -2.452 0.02 0.022 0.959 6011.1 4.2565 15.438016 0.998209 15.847537 14.849328 "" "" 1430.078 1548.68201 12581.72501 5.7104 6257.5 13.621 9108.1 16.918 "" "" 0.0027990389110541104 0.003656581 0.0042837933 0.007940374 206.43686555835 -62.91366489264 1488.6604 -4.766000000000002 -2.4520000000000004 -0.3124596748352051 -0.14096555900573726 0.14478992 0.14678992 "" "" 2.4187847961564124 "" 0.35103844144739127 ""
