Clusters/SAI_118/SAI_118_members.tsv
# %ECSV 1.0
# ---
# datatype:
# - name: RA_ICRS_1
#   unit: deg
#   datatype: float64
#   format: '{:15.11f}'
#   description: Right ascension (ICRS) at Ep=2016.0 (ra)
#   meta: !!omap
#   - {ucd: POS_EQ_RA_MAIN}
#   - {width: 15}
#   - {precision: '11'}
# - name: DE_ICRS_1
#   unit: deg
#   datatype: float64
#   format: '{:15.11f}'
#   description: Declination (ICRS) at Ep=2016.0 (dec)
#   meta: !!omap
#   - {ucd: POS_EQ_DEC_MAIN}
#   - {width: 15}
#   - {precision: '11'}
# - name: e_RA_ICRS
#   unit: mas
#   datatype: float64
#   format: '{:7.4f}'
#   description: Standard error of right ascension (ra_error)
#   meta: !!omap
#   - {ucd: ERROR}
#   - {width: 7}
#   - {precision: '4'}
# - name: e_DE_ICRS
#   unit: mas
#   datatype: float64
#   format: '{:7.4f}'
#   description: Standard error of declination (dec_error)
#   meta: !!omap
#   - {ucd: ERROR}
#   - {width: 7}
#   - {precision: '4'}
# - name: _r_1
#   unit: ''
#   datatype: float64
#   format: '{:7.4f}'
#   description: Distance from center (205.80171836000-63.14409987000)[ICRS], at Epoch=J2016.0
#   meta: !!omap
#   - {ucd: POS_ANG_DIST_GENERAL}
#   - {width: 7}
#   - {precision: '4'}
# - name: HIP
#   datatype: int32
#   description: '? HIP cross-id number, van Leeuwen, Cat. I/311 (hip_original_ext_source_id)'
#   meta: !!omap
#   - {ucd: ID_NUMBER}
#   - {width: 6}
#   - values: {'null': -2147483648}
# - name: TYC2
#   datatype: string
#   description: Tycho-2 cross-id name, Hog et al., Cat. I/259 (tyc2_original_ext_source_id)
#   meta: !!omap
#   - {ucd: ID_CROSSID}
#   - {_votable_string_dtype: char}
# - name: Source
#   datatype: int64
#   description: Source identifier, identical to the Gaia-EDR3 source_id (id)
#   meta: !!omap
#   - {ucd: ID_MAIN}
#   - {width: 19}
# - name: rgeo
#   unit: pc
#   datatype: float64
#   format: '{:15.8f}'
#   description: '? Median of the geometric distance posterior (r_med_geo)'
#   meta: !!omap
#   - {ucd: PHYS_DISTANCE_TRUE}
#   - {width: 15}
#   - {precision: '8'}
#   - values: {'null': .nan}
# - name: Plx
#   unit: mas
#   datatype: float64
#   format: '{:9.4f}'
#   description: '? Parallax (parallax)'
#   meta: !!omap
#   - {ucd: POS_PARLX_TRIG}
#   - {width: 9}
#   - {precision: '4'}
#   - values: {'null': .nan}
# - name: e_Plx
#   unit: mas
#   datatype: float32
#   format: '{:7.4f}'
#   description: '? Standard error of parallax (parallax_error)'
#   meta: !!omap
#   - {ucd: ERROR}
#   - {width: 7}
#   - {precision: '4'}
#   - values: {'null': .nan}
# - name: pmRA
#   unit: mas / yr
#   datatype: float64
#   format: '{:9.3f}'
#   description: '? Proper motion in right ascension direction, pmRA*cosDE (pmra)'
#   meta: !!omap
#   - {ucd: POS_EQ_PMRA}
#   - {width: 9}
#   - {precision: '3'}
#   - values: {'null': .nan}
# - name: pmDE
#   unit: mas / yr
#   datatype: float64
#   format: '{:9.3f}'
#   description: '? Proper motion in declination direction (pmdec)'
#   meta: !!omap
#   - {ucd: POS_EQ_PMDEC}
#   - {width: 9}
#   - {precision: '3'}
#   - values: {'null': .nan}
# - name: e_pmRA
#   unit: mas / yr
#   datatype: float32
#   format: '{:6.3f}'
#   description: '? Standard error of proper motion in right ascension direction (pmra_error)'
#   meta: !!omap
#   - {ucd: ERROR}
#   - {width: 6}
#   - {precision: '3'}
#   - values: {'null': .nan}
# - name: e_pmDE
[...]
#       distance: !astropy.table.SerializedColumn
#         __class__: astropy.coordinates.distances.Distance
#         unit: !astropy.units.Unit {unit: pc}
#         value: !astropy.table.SerializedColumn {name: SkyCoord.distance}
#       frame: icrs
#       obstime: !astropy.time.Time {format: jyear_str, in_subfmt: '*', jd1: 367701545.0, jd2: 0.0, out_subfmt: '*', precision: 3, scale: tt}
#       pm_dec: !astropy.table.SerializedColumn
#         __class__: astropy.units.quantity.Quantity
#         unit: !astropy.units.Unit {unit: mas / yr}
#         value: !astropy.table.SerializedColumn {name: SkyCoord.pm_dec}
#       pm_ra_cosdec: !astropy.table.SerializedColumn
#         __class__: astropy.units.quantity.Quantity
#         unit: !astropy.units.Unit {unit: mas / yr}
#         value: !astropy.table.SerializedColumn {name: SkyCoord.pm_ra_cosdec}
#       ra: !astropy.table.SerializedColumn
#         __class__: astropy.coordinates.angles.Longitude
#         unit: *id001
#         value: !astropy.table.SerializedColumn {name: SkyCoord.ra}
#         wrap_angle: !astropy.coordinates.Angle
#           unit: *id001
#           value: 360.0
#       representation_type: spherical
# schema: astropy-2.0
RA_ICRS_1 DE_ICRS_1 e_RA_ICRS e_DE_ICRS _r_1 HIP TYC2 Source rgeo Plx e_Plx pmRA pmDE e_pmRA e_pmDE RUWE Teff logg Gmag BP-RP BPmag RPmag RV e_RV b_rgeo B_rgeo FG e_FG FBP e_FBP FRP e_FRP RAVE5 RAVE6 e_Gmag e_BPmag e_RPmag e_BP-RP SkyCoord.ra SkyCoord.dec SkyCoord.distance SkyCoord.pm_ra_cosdec SkyCoord.pm_dec rmRA rmDE e_rmRA e_rmDE rRV e_rRV v_pec v_pec3d e_vpec e_vpec3d Pmemb
[from data line 31]
205.661655779 -63.25718232974 0.01 0.0115 7.7712 "" "" 5864633158168137728 1740.89612 0.5366 0.0159 -4.406 -2.299 0.012 0.015 0.961 9255.1 4.0779 14.15112 0.607979 14.380781 13.772802 "" "" 1693.97449 1790.06628 41162.21592 10.157 24160.0 14.487 24549.0 11.72 "" "" 0.0027683146232122887 0.0028651173 0.0038147618 0.006679879 205.661655779 -63.25718232974 1740.89612 -4.406 -2.298999999999999 0.04754032516479523 0.012034440994262763 0.13678992 0.13978992 "" "" 0.40466965491299317 "" 0.055428591139290107 "" 1.0
205.7450558998 -63.17999677086 0.0097 0.0122 2.6448 "" "" 5864635700788863488 1744.245 0.5336 0.0159 -4.483 -2.264 0.012 0.017 1.001 9206.4 4.2046 14.17168 0.535468 14.365174 13.829706 "" "" 1693.22083 1789.43506 40390.0708 9.1229 24510.0 19.193 23296.0 38.433 "" "" 0.002766212149172963 0.00291683 0.0041823643 0.0070991945 205.7450558998 -63.17999677086 1744.245 -4.4830000000000005 -2.2639999999999985 -0.02945967483520473 0.047034440994262905 0.13678992 0.14178993 "" "" 0.45884818479680517 "" 0.06442187731576869 "" 1.0
205.99687850139 -63.19157919503 0.0105 0.0129 6.0043 "" "" 5864632196095523840 1714.72449 0.5466 0.0178 -4.249 -2.467 0.013 0.016 0.954 "" "" 14.25246 0.65003 14.499153 13.849123 "" "" 1661.72986 1758.17322 37494.06041 7.8625 21665.0 11.67 22883.0 15.312 "" "" 0.0027647110194172994 0.0028508042 0.0038485774 0.0066993814 205.99687850139 -63.19157919503 1714.72449 -4.249 -2.467 0.20454032516479526 -0.1559655590057374 0.13778992 0.14078993 "" "" 2.090629168683554 "" 0.2903893124249924 "" 0.8
205.92118608953 -63.03194910525 0.011 0.0125 7.4704 "" "" 5865410856467443328 1685.16516 0.5535 0.0179 -4.279 -2.387 0.013 0.016 0.925 9379.3 4.2731 14.260732 0.579968 14.472946 13.892978 "" "" 1640.28088 1735.08936 37209.51798 12.064 22194.0 20.542 21977.0 20.564 "" "" 0.0027777156443845757 0.0029656217 0.0039135455 0.006879167 205.92118608953 -63.03194910525 1685.16516 -4.279 -2.387 0.174540325164795 -0.07596555900573732 0.13778992 0.14078993 "" "" 1.520496739284086 "" 0.21024220989093684 "" 1.0
205.65388638456 -63.20603560799 0.0101 0.012 5.4618 "" "" 5864634360759031936 1789.43835 0.5186 0.0164 -4.341 -2.373 0.013 0.016 0.995 9411.5 4.1613 14.277856 0.539374 14.479279 13.939904 "" "" 1739.95752 1846.08203 36627.27203 9.5307 22065.0 17.292 21047.0 13.918 "" "" 0.0027697662770627407 0.0029170252 0.0038469753 0.0067640003 205.65388638456 -63.20603560799 1789.43835 -4.340999999999997 -2.372999999999999 0.11254032516479473 -0.061965559005737525 0.13778992 0.14078993 "" "" 1.0896915270831975 "" 0.15091534718088156 "" 0.9
205.73410129351 -63.20730300921 0.011 0.0128 4.211 "" "" 5864634841795365888 1709.46338 0.5471 0.0174 -4.341 -2.358 0.013 0.017 0.941 8917.6 4.1652 14.337276 0.631501 14.576885 13.945384 "" "" 1657.80505 1762.32849 34676.56679 8.5635 20168.0 14.158 20941.0 13.554 "" "" 0.0027683354479947067 0.0028924008 0.0038441606 0.0067365617 205.73410129351 -63.20730300921 1709.46338 -4.341 -2.358 0.11254032516479473 -0.0469655590057374 0.13778992 0.14178993 "" "" 0.9881196204365258 "" 0.13674639450850493 "" 0.9
205.86777312252 -63.19968695466 0.0104 0.0124 3.7846 "" "" 5864635047953801600 1649.47168 0.5704 0.0168 -4.433 -2.387 0.012 0.016 0.966 8519.6 4.0932 14.359715 0.647459 14.60595 13.958491 "" "" 1611.46729 1698.01807 33967.26187 7.4389 19635.0 14.579 20690.0 14.992 "" "" 0.0027655610638964183 0.002904297 0.003860397 0.006764694 205.86777312252 -63.19968695466 1649.47168 -4.433000000000002 -2.3870000000000005 0.020540325164795092 -0.07596555900573732 0.13678992 0.14078993 "" "" 0.6152650035277152 "" 0.08645766655085345 "" 0.9
205.84647284273 -63.16806315927 0.0105 0.0125 1.8808 "" "" 5864635391551230976 1749.80237 0.5298 0.0169 -4.482 -2.31 0.013 0.016 0.892 9520.1 4.328 14.36212 0.601376 14.588802 13.987427 "" "" 1703.18677 1795.12854 33892.14339 8.7577 19948.0 14.767 20146.0 16.189 "" "" 0.002769566670235468 0.0029036272 0.0038787818 0.006782409 205.84647284273 -63.16806315927 1749.80237 -4.4819999999999975 -2.31 -0.028459674835205284 0.001034440994262642 0.13778992 0.14078993 "" "" 0.23620221734534927 "" 0.03254722973071307 "" 1.0
205.52893743979 -63.03303654936 0.0124 0.014 9.964 "" "" 5865389828314160512 1762.2616 0.5278 0.0199 -4.459 -2.319 0.016 0.02 0.961 7819.6 3.9478 14.423349 0.690012 14.688389 13.998377 "" "" 1706.60718 1823.82593 32033.685 7.4742 18200.0 12.74 19944.0 12.932 "" "" 0.002766941300978525 0.0028918283 0.0038443925 0.006736221 205.52893743979 -63.03303654936 1762.2616 -4.459 -2.319 -0.005459674835204709 -0.007965559005737255 0.14078993 0.14478992 "" "" 0.0806663091559504 "" 0.01157751313257191 "" 0.9
205.93437549671 -62.99397243001 0.0115 0.0136 9.7022 "" "" 5865411268784327808 1724.17761 0.5453 0.0195 -4.415 -2.176 0.014 0.017 0.964 9086.1 4.1329 14.446523 0.661392 14.693084 14.031692 "" "" 1673.6571 1778.01233 31357.23526 7.5405 18121.0 18.468 19341.0 17.583 "" "" 0.002767662601845662 0.0030015747 0.0039061478 0.0069077224 205.93437549671 -62.99397243001 1724.17761 -4.415 -2.176 0.038540325164794886 0.13503444099426254 0.13878992 0.14178993 "" "" 1.1476514776210165 "" 0.16246862493905015 "" 0.9
205.97569333473 -63.2858329799 0.0123 0.0132 9.7183 "" "" 5864630649907208832 1603.77332 0.5795 0.0176 -4.404 -2.289 0.014 0.016 0.939 8328.0 4.1053 14.477856 0.668769 14.733361 14.064592 "" "" 1558.46814 1661.40308 30465.24062 7.2491 17461.0 14.332 18764.0 12.922 "" "" 0.0027674054077576793 0.0029290335 0.0038526335 0.006781667 205.97569333473 -63.2858329799 1603.77332 -4.404000000000001 -2.2890000000000006 0.04954032516479501 0.02203444099426255 0.13878992 0.14078993 "" "" 0.41217086940083164 "" 0.05734212436314505 "" 0.9
205.53270319951 -63.15076832489 0.0116 0.015 7.3018 "" "" 5865386014383142912 1786.63416 0.5257 0.0193 -4.485 -2.181 0.015 0.022 0.96 8039.2 4.1319 14.539328 0.637951 14.777932 14.139981 "" "" 1718.20972 1843.125 28788.27561 6.0557 16759.0 13.66 17505.0 14.931 "" "" 0.0027647695038386126 0.0029271513 0.0038911903 0.0068183416 205.53270319951 -63.15076832489 1786.63416 -4.484999999999999 -2.180999999999999 -0.0314596748352054 0.13003444099426265 0.13978992 0.14678992 "" "" 1.1329854142849065 "" 0.16588220521630623 "" 0.9
205.66224081454 -63.12808975435 0.0116 0.0137 3.9017 "" "" 5865386839016600192 1705.27661 0.5468 0.0185 -4.475 -2.33 0.015 0.018 0.93 8667.3 4.2031 14.543007 0.664704 14.796901 14.132196 "" "" 1633.55786 1765.38416 28690.88513 6.7988 16469.0 13.086 17631.0 12.072 "" "" 0.002767306345735562 0.0029204988 0.0038518023 0.006772301 205.66224081454 -63.12808975435 1705.27661 -4.474999999999996 -2.3299999999999987 -0.021459674835204723 -0.018965559005737376 0.13978992 0.14278993 "" "" 0.23149186084214482 "" 0.03266660116070822 "" 1.0
205.69663090249 -63.13906606555 0.0116 0.0143 2.8646 "" "" 5865386598498421760 1797.28333 0.5204 0.0194 -4.48 -2.29 0.015 0.019 0.992 7989.0 3.9666 14.547964 0.681384 14.809969 14.128585 "" "" 1737.77612 1850.72827 28560.19959 7.5213 16272.0 13.212 17690.0 10.093 "" "" 0.002770116234939866 0.002926123 0.0038298124 0.0067559355 205.69663090249 -63.13906606555 1797.28333 -4.48 -2.2899999999999996 -0.026459674835205504 0.02103444099426266 0.13978992 0.14378992 "" "" 0.287961743846751 "" 0.04070406007555322 "" 1.0
205.82356794612 -63.15090569495 0.0114 0.0142 0.7193 "" "" 5864636143127231104 1734.06055 0.5391 0.0189 -4.617 -2.354 0.014 0.017 0.997 7799.3 4.0549 14.593656 0.752065 14.882014 14.12995 "" "" 1683.96838 1779.65381 27383.22721 5.5542 15227.0 9.2562 17668.0 16.673 "" "" 0.0027641069525524468 0.0028671667 0.003915803 0.0067829695 205.82356794612 -63.15090569495 1734.06055 -4.616999999999999 -2.354 -0.16345967483520507 -0.0429655590057374 0.13878992 0.14178993 "" "" 1.389186354787073 "" 0.19307711663105218 "" 0.9
205.69355075253 -63.12754528368 0.0116 0.0145 3.0963 "" "" 5865386667217908224 1841.58069 0.5047 0.0187 -4.503 -2.287 0.015 0.019 0.965 8021.5 4.0577 14.606855 0.718121 14.88125 14.163129 "" "" 1774.28931 1912.07007 27052.32654 7.6127 15238.0 11.382 17136.0 11.343 "" "" 0.002772208494482611 0.0029056412 0.0038471087 0.00675275 205.69355075253 -63.12754528368 1841.58069 -4.503 -2.2870000000000013 -0.04945967483520519 0.024034440994262773 0.13978992 0.14378992 "" "" 0.48001388142754553 "" 0.06747211111493517 "" 1.0
205.64405221061 -63.17452662377 0.0121 0.0147 4.6451 "" "" 5865385086669913856 1715.52441 0.5476 0.0196 -4.464 -2.251 0.015 0.019 0.959 7907.8 4.1978 14.745723 0.742367 15.034022 14.291656 "" "" 1657.84546 1769.96802 23804.43229 5.141 13238.0 12.304 15223.0 9.3103 "" "" 0.0027652797990095723 0.002967052 0.0038372728 0.0068043247 205.64405221061 -63.17452662377 1715.52441 -4.464 -2.2509999999999986 -0.01045967483520549 0.060034440994262805 0.13978992 0.14378992 "" "" 0.4955291787917542 "" 0.07119449338140392 "" 1.0
205.83178778959 -63.2462132865 0.0125 0.0149 6.1806 "" "" 5864631611979918208 1778.18872 0.5284 0.0205 -4.432 -2.353 0.015 0.02 0.969 7408.9 4.2391 14.833884 0.768267 15.132624 14.364357 "" "" 1712.93274 1842.03467 21947.89751 4.3554 12088.0 10.934 14237.0 13.382 "" "" 0.0027637313320997502 0.0029579618 0.003914743 0.006872705 205.83178778959 -63.2462132865 1778.18872 -4.431999999999998 -2.352999999999999 0.021540325164794538 -0.04196555900573751 0.13978992 0.14478992 "" "" 0.39758532826742704 "" 0.05715752315725486 "" 0.9
205.6148519904 -63.1299952968 0.013 0.016 5.1364 "" "" 5865385430267326080 1673.28308 0.5607 0.0214 -4.423 -2.317 0.017 0.022 1.002 7495.7 3.9647 14.893601 0.8332 15.225036 14.391835 "" "" 1627.69006 1730.96277 20773.33045 4.1599 11102.0 9.304 13881.0 8.109 "" "" 0.0027638851646992423 0.002934785 0.0038322343 0.0067670196 205.6148519904 -63.1299952968 1673.28308 -4.423000000000001 -2.3169999999999993 0.03054032516479488 -0.005965559005737475 0.14178993 0.14678992 "" "" 0.2468042207742961 "" 0.035040475903373364 "" 0.8
206.2906033236 -63.05756589098 0.0129 0.015 14.2504 "" "" 5864658000253266560 1722.62769 0.5453 0.0213 -4.574 -2.428 0.015 0.017 0.9 7783.5 4.3721 14.903704 0.83521 15.232447 14.397237 "" "" 1654.29626 1818.83167 20580.94323 8.0641 11027.0 18.761 13812.0 18.586 "" "" 0.00278796863827237 0.0033462422 0.004051948 0.00739819 206.2906033236 -63.05756589098 1722.62769 -4.574 -2.4280000000000017 -0.12045967483520492 -0.11696555900573724 0.13978992 0.14178993 "" "" 1.3709722588873077 "" 0.19298360484749622 "" 0.8
205.65533977586 -63.14155618257 0.0132 0.0159 3.9707 "" "" 5865386632858159360 1849.97778 0.4984 0.0213 -4.524 -2.205 0.017 0.022 0.951 7312.8 4.1187 14.958234 0.866171 15.304462 14.438291 "" "" 1793.69958 1929.05627 19572.81656 4.5913 10319.0 11.382 13300.0 10.816 "" "" 0.002767066106185679 0.003036322 0.0038811518 0.006917474 205.65533977586 -63.14155618257 1849.97778 -4.524 -2.205 -0.0704596748352051 0.10603444099426262 0.14178993 0.14678992 "" "" 1.1163690956270447 "" 0.16218239469814325 "" 0.9
205.88996856651 -63.23615802782 0.014 0.016 6.0177 "" "" 5864631646339665408 1855.11743 0.4997 0.0217 -4.288 -2.422 0.017 0.02 0.984 7314.4 4.3155 15.007057 0.857647 15.34664 14.488993 "" "" 1791.4541 1912.99927 18712.16259 10.691 9925.7 24.354 12693.0 18.918 "" "" 0.002824285991995141 0.0038577092 0.004111245 0.007968954 205.88996856651 -63.23615802782 1855.11743 -4.288 -2.422 0.16554032516479467 -0.11096555900573746 0.14178993 0.14478992 "" "" 1.7524180488015695 "" 0.25011693772618193 "" 0.9
205.64196222685 -63.13592583163 0.0144 0.0167 4.3585 "" "" 5865386839016594304 1756.92566 0.5283 0.0235 -4.549 -2.288 0.018 0.022 0.977 7044.5 4.0667 15.050281 0.900859 15.410541 14.509682 "" "" 1699.76514 1818.41284 17981.85132 4.0034 9358.4 11.971 12453.0 13.308 "" "" 0.002765903044050997 0.0031167183 0.003953477 0.007070195 205.64196222685 -63.13592583163 1756.92566 -4.549000000000002 -2.287999999999999 -0.09545967483520545 0.023034440994262884 0.14278993 0.14678992 "" "" 0.817788220488934 "" 0.11695428679453751 "" 0.9
205.82698800489 -63.14129153334 0.0137 0.0162 0.7054 "" "" 5864636216184982400 1712.42834 0.5505 0.0218 -4.43 -2.199 0.017 0.02 1.02 7268.5 4.0463 15.070822 0.861564 15.411352 14.549788 "" "" 1648.61975 1764.02917 17644.85943 3.631 9351.4 12.323 12002.0 10.323 "" "" 0.0027643639897134272 0.0031356176 0.0038930452 0.0070286626 205.82698800489 -63.14129153334 1712.42834 -4.429999999999999 -2.199 0.023540325164795206 0.11203444099426285 0.14178993 0.14478992 "" "" 0.9292307183071334 "" 0.13442654129588225 "" 0.9
205.65261758477 -63.13975918472 0.0139 0.0167 4.05 "" "" 5865386839016590592 1664.02454 0.5628 0.0227 -4.349 -2.334 0.018 0.023 1.004 6569.1 4.186 15.083149 1.024628 15.505647 14.481019 "" "" 1609.77954 1733.44397 17445.64591 4.2255 8573.5 9.5924 12786.0 13.538 "" "" 0.0027678413136025494 0.0030431414 0.0039503532 0.006993495 205.65261758477 -63.13975918472 1664.02454 -4.349 -2.3340000000000005 0.10454032516479472 -0.02296555900573738 0.14278993 0.14778993 "" "" 0.844221483461046 "" 0.12074389868373178 "" 0.9
206.03195716048 -63.32952798371 0.0153 0.018 12.7466 "" "" 5864618585303301248 1657.56091 0.5679 0.0239 -4.474 -2.275 0.019 0.023 0.997 6978.5 4.2001 15.14328 0.918092 15.485008 14.566916 "" "" 1590.33008 1727.47437 16505.72764 3.751 8738.0 29.815 11814.0 47.894 "" "" 0.0027663458243634025 0.004637831 0.005801519 0.010439349 206.03195716048 -63.32952798371 1657.56091 -4.473999999999998 -2.275 -0.020459674835205277 0.036034440994262784 0.14378992 0.14778993 "" "" 0.32556897012247454 "" 0.047801608128055846 "" 0.9
205.42645175804 -63.12278302442 0.0152 0.0182 10.2554 "" "" 5865388900601282944 1668.63977 0.562 0.0243 -4.544 -2.411 0.019 0.026 1.023 5932.2 4.09 15.255942 1.100408 15.70991 14.609503 "" "" 1605.62537 1738.59644 14878.86824 8.6172 7103.2 17.188 11359.0 27.668 "" "" 0.0028261623262043267 0.0038324022 0.0046127755 0.008445177 205.42645175804 -63.12278302442 1668.63977 -4.5440000000000005 -2.4109999999999987 -0.09045967483520467 -0.09996555900573734 0.14378992 0.15078992 "" "" 1.0663281506221676 "" 0.15747486382456594 "" 0.9
205.9695921008 -62.96618617885 0.016 0.0185 11.6096 "" "" 5865412402656809856 1764.99915 0.5305 0.0267 -4.547 -2.277 0.019 0.022 0.943 7207.2 4.1474 15.273658 0.958114 15.663507 14.705394 "" "" 1677.68225 1861.974 14638.06577 3.4937 7413.3 9.8725 10399.0 9.3814 "" "" 0.00276747906939063 0.0031425613 0.003904245 0.0070468066 205.9695921008 -62.96618617885 1764.99915 -4.547 -2.277 -0.09345967483520479 0.03403444099426256 0.14378992 0.14678992 "" "" 0.8321239691167607 "" 0.11994601427078251 "" 1.0
205.63640232529 -63.25136022016 0.0162 0.0196 7.8372 "" "" 5864633226887619712 1753.35132 0.5385 0.0266 -4.48 -2.188 0.02 0.026 0.98 6794.7 4.2022 15.370089 0.917345 15.741097 14.823752 "" "" 1674.21289 1833.25256 13394.03463 3.2232 6902.0 6.4862 9325.2 9.0455 "" "" 0.0027676803916610163 0.002970878 0.003923378 0.006894256 205.63640232529 -63.25136022016 1753.35132 -4.48 -2.1880000000000006 -0.026459674835205504 0.12303444099426253 0.14478992 0.15078992 "" "" 1.0459039608808687 "" 0.15743964486085027 "" 0.8
205.66154537236 -63.07004104151 0.0246 0.0299 5.8495 "" "" 5865388075967241216 1551.2655 0.6102 0.0402 -4.596 -2.228 0.032 0.039 1.466 "" "" 15.3868 1.154 15.849184 14.695184 "" "" 1464.1261 1669.86731 13189.45404 4.8217 6248.0 8.9065 10497.0 12.977 "" "" 0.0027837620295780444 0.0031906837 0.004010656 0.0072013396 205.66154537236 -63.07004104151 1551.2655 -4.596 -2.228 -0.14245967483520516 0.08303444099426249 0.15678993 0.16378993 "" "" 1.2124529800281159 "" 0.19228805156436476 "" 1.0
