Clusters/SAI_118/SAI_118_members.tsv
# %ECSV 1.0
# ---
# datatype:
# - name: RA_ICRS_1
#   unit: deg
#   datatype: float64
#   format: '{:15.11f}'
#   description: Right ascension (ICRS) at Ep=2016.0 (ra)
#   meta: !!omap
#   - {ucd: POS_EQ_RA_MAIN}
#   - {width: 15}
#   - {precision: '11'}
# - name: DE_ICRS_1
#   unit: deg
#   datatype: float64
#   format: '{:15.11f}'
#   description: Declination (ICRS) at Ep=2016.0 (dec)
#   meta: !!omap
#   - {ucd: POS_EQ_DEC_MAIN}
#   - {width: 15}
#   - {precision: '11'}
# - name: e_RA_ICRS
#   unit: mas
#   datatype: float64
#   format: '{:7.4f}'
#   description: Standard error of right ascension (ra_error)
#   meta: !!omap
#   - {ucd: ERROR}
#   - {width: 7}
#   - {precision: '4'}
# - name: e_DE_ICRS
#   unit: mas
#   datatype: float64
#   format: '{:7.4f}'
#   description: Standard error of declination (dec_error)
#   meta: !!omap
#   - {ucd: ERROR}
#   - {width: 7}
#   - {precision: '4'}
# - name: _r_1
#   unit: ''
#   datatype: float64
#   format: '{:7.4f}'
#   description: Distance from center (205.80171836000-63.14409987000)[ICRS], at Epoch=J2016.0
#   meta: !!omap
#   - {ucd: POS_ANG_DIST_GENERAL}
#   - {width: 7}
#   - {precision: '4'}
# - name: HIP
#   datatype: int32
#   description: '? HIP cross-id number, van Leeuwen, Cat. I/311 (hip_original_ext_source_id)'
#   meta: !!omap
#   - {ucd: ID_NUMBER}
#   - {width: 6}
#   - values: {'null': -2147483648}
# - name: TYC2
#   datatype: string
#   description: Tycho-2 cross-id name, Hog et al., Cat. I/259 (tyc2_original_ext_source_id)
#   meta: !!omap
#   - {ucd: ID_CROSSID}
#   - {_votable_string_dtype: char}
# - name: Source
#   datatype: int64
#   description: Source identifier, identical to the Gaia-EDR3 source_id (id)
#   meta: !!omap
#   - {ucd: ID_MAIN}
#   - {width: 19}
# - name: rgeo
#   unit: pc
#   datatype: float64
#   format: '{:15.8f}'
#   description: '? Median of the geometric distance posterior (r_med_geo)'
#   meta: !!omap
#   - {ucd: PHYS_DISTANCE_TRUE}
#   - {width: 15}
#   - {precision: '8'}
#   - values: {'null': .nan}
# - name: Plx
#   unit: mas
#   datatype: float64
#   format: '{:9.4f}'
#   description: '? Parallax (parallax)'
#   meta: !!omap
#   - {ucd: POS_PARLX_TRIG}
#   - {width: 9}
#   - {precision: '4'}
#   - values: {'null': .nan}
# - name: e_Plx
#   unit: mas
#   datatype: float32
#   format: '{:7.4f}'
#   description: '? Standard error of parallax (parallax_error)'
#   meta: !!omap
#   - {ucd: ERROR}
#   - {width: 7}
#   - {precision: '4'}
#   - values: {'null': .nan}
# - name: pmRA
#   unit: mas / yr
#   datatype: float64
#   format: '{:9.3f}'
#   description: '? Proper motion in right ascension direction, pmRA*cosDE (pmra)'
#   meta: !!omap
#   - {ucd: POS_EQ_PMRA}
#   - {width: 9}
#   - {precision: '3'}
#   - values: {'null': .nan}
# - name: pmDE
#   unit: mas / yr
#   datatype: float64
#   format: '{:9.3f}'
#   description: '? Proper motion in declination direction (pmdec)'
#   meta: !!omap
#   - {ucd: POS_EQ_PMDEC}
#   - {width: 9}
#   - {precision: '3'}
#   - values: {'null': .nan}
# - name: e_pmRA
#   unit: mas / yr
#   datatype: float32
#   format: '{:6.3f}'
#   description: '? Standard error of proper motion in right ascension direction (pmra_error)'
#   meta: !!omap
#   - {ucd: ERROR}
#   - {width: 6}
#   - {precision: '3'}
#   - values: {'null': .nan}
# - name: e_pmDE
[...]
#       distance: !astropy.table.SerializedColumn
#         __class__: astropy.coordinates.distances.Distance
#         unit: !astropy.units.Unit {unit: pc}
#         value: !astropy.table.SerializedColumn {name: SkyCoord.distance}
#       frame: icrs
#       obstime: !astropy.time.Time {format: jyear_str, in_subfmt: '*', jd1: 367701545.0, jd2: 0.0, out_subfmt: '*', precision: 3, scale: tt}
#       pm_dec: !astropy.table.SerializedColumn
#         __class__: astropy.units.quantity.Quantity
#         unit: !astropy.units.Unit {unit: mas / yr}
#         value: !astropy.table.SerializedColumn {name: SkyCoord.pm_dec}
#       pm_ra_cosdec: !astropy.table.SerializedColumn
#         __class__: astropy.units.quantity.Quantity
#         unit: !astropy.units.Unit {unit: mas / yr}
#         value: !astropy.table.SerializedColumn {name: SkyCoord.pm_ra_cosdec}
#       ra: !astropy.table.SerializedColumn
#         __class__: astropy.coordinates.angles.Longitude
#         unit: *id001
#         value: !astropy.table.SerializedColumn {name: SkyCoord.ra}
#         wrap_angle: !astropy.coordinates.Angle
#           unit: *id001
#           value: 360.0
#       representation_type: spherical
# schema: astropy-2.0
RA_ICRS_1 DE_ICRS_1 e_RA_ICRS e_DE_ICRS _r_1 HIP TYC2 Source rgeo Plx e_Plx pmRA pmDE e_pmRA e_pmDE RUWE Teff logg Gmag BP-RP BPmag RPmag RV e_RV b_rgeo B_rgeo FG e_FG FBP e_FBP FRP e_FRP RAVE5 RAVE6 e_Gmag e_BPmag e_RPmag e_BP-RP SkyCoord.ra SkyCoord.dec SkyCoord.distance SkyCoord.pm_ra_cosdec SkyCoord.pm_dec rmRA rmDE e_rmRA e_rmDE rRV e_rRV v_pec v_pec3d e_vpec e_vpec3d Pmemb
[from data line 62]
205.70839554513 -63.14119619639 0.0171 0.0203 2.5356 "" "" 5865386598498420864 1594.27698 0.5886 0.0278 -4.486 -2.44 0.022 0.026 1.028 6881.4 4.3534 15.476538 0.960421 15.870608 14.910188 "" "" 1517.30017 1664.03406 12143.15648 3.0162 6126.0 8.8031 8611.6 7.7467 "" "" 0.0027684866053237704 0.0031967643 0.0039035436 0.007100308 205.70839554513 -63.14119619639 1594.27698 -4.486 -2.44 -0.032459674835204844 -0.12896555900573725 0.14678992 0.15078992 "" "" 1.004971642789581 "" 0.15130309714844248 "" 0.8
206.03998870446 -63.22090314268 0.0184 0.0221 7.9268 "" "" 5864654628666409856 1779.8031 0.5278 0.0304 -4.539 -2.346 0.021 0.026 0.934 6477.5 4.2952 15.620423 1.012303 16.038416 15.026113 "" "" 1678.9989 1863.81384 10635.98175 2.8229 5248.7 6.9118 7739.5 8.6562 "" "" 0.002770348146534979 0.0031351664 0.0039696773 0.007104844 206.03998870446 -63.22090314268 1779.8031 -4.539 -2.345999999999999 -0.08545967483520478 -0.03496555900573739 0.14578992 0.15078992 "" "" 0.7789715528601766 "" 0.11413287304350407 "" 0.9
205.75456295867 -63.0770953338 0.0186 0.022 4.219 "" "" 5865387457492170880 1767.2655 0.5337 0.0299 -4.216 -2.284 0.024 0.029 0.99 5369.3 4.1869 15.644311 1.129377 16.124374 14.994997 "" "" 1668.33154 1864.11938 10404.52501 3.3669 4849.2 6.3296 7964.5 9.9297 "" "" 0.0027776306176283162 0.0031294564 0.004014481 0.007143937 205.75456295867 -63.0770953338 1767.2655 -4.216 -2.2839999999999994 0.23754032516479473 0.027034440994262887 0.14878993 0.15378992 "" "" 2.0026823462977243 "" 0.29810912583708266 "" 0.9
205.28715593576 -63.07428867987 0.0186 0.0237 14.5786 "" "" 5865390206271252992 1750.97253 0.5476 0.0309 -4.584 -2.363 0.024 0.036 1.004 6686.4 4.3059 15.685331 1.069183 16.128843 15.05966 "" "" 1655.62317 1865.45581 10018.76619 3.9596 4829.3 9.3125 7504.0 10.028 "" "" 0.0027885334203995743 0.003488333 0.004048323 0.0075366558 205.28715593576 -63.07428867987 1750.97253 -4.584 -2.3630000000000013 -0.1304596748352047 -0.051965559005737294 0.14878993 0.16078992 "" "" 1.165501235634222 "" 0.1753959622493584 "" 0.8
205.76134714341 -63.1458662602 0.0198 0.0237 1.0993 "" "" 5864636010026610432 1694.59033 0.5607 0.0321 -4.453 -2.428 0.026 0.032 0.977 6078.0 4.3635 15.726113 1.056956 16.145826 15.08887 "" "" 1605.74463 1809.21057 9649.4223 3.078 4754.3 19.454 7304.8 36.059 "" "" 0.0027770010277999154 0.0052461987 0.0065581 0.011804299 205.76134714341 -63.1458662602 1694.59033 -4.4529999999999985 -2.4280000000000004 0.0005403251647946306 -0.11696555900573724 0.15078992 0.15678993 "" "" 0.9395192873196713 "" 0.14730704405527878 "" 0.9
205.24956488516 -63.13350032997 0.0194 0.0237 14.9823 "" "" 5865383849718949888 1640.75024 0.5769 0.031 -4.552 -2.129 0.025 0.037 0.917 6384.9 4.3009 15.735947 1.010695 16.14838 15.137686 "" "" 1540.56165 1730.59692 9562.42974 3.2056 4743.1 8.2637 6983.7 12.383 "" "" 0.002779255914034083 0.003370952 0.004241454 0.0076124063 205.24956488516 -63.13350032997 1640.75024 -4.552 -2.1290000000000004 -0.09845967483520468 0.1820344409942627 0.14978993 0.16178992 "" "" 1.6095302405895229 "" 0.25616171257970693 "" 0.8
205.70199768732 -63.11629099686 0.0217 0.0254 3.1775 "" "" 5865386972131437440 1717.53479 0.5402 0.0345 -4.624 -2.229 0.027 0.035 1.003 6131.6 4.2173 15.793964 1.113563 16.249453 15.135889 "" "" 1624.39124 1830.24817 9064.85439 4.5084 4321.5 11.348 6995.2 20.919 "" "" 0.0028077355370235567 0.0039891973 0.0049825595 0.008971756 205.70199768732 -63.11629099686 1717.53479 -4.623999999999999 -2.229000000000001 -0.17045967483520474 0.0820344409942626 0.15178992 0.15978992 "" "" 1.5400732409986975 "" 0.23613358281065747 "" 1.0
205.87121371045 -63.16099053229 0.0201 0.0229 2.1385 "" "" 5864635425910977536 2043.67432 0.4526 0.0324 -4.501 -2.25 0.027 0.029 0.986 5557.5 4.2414 15.832747 1.069692 16.280226 15.210534 "" "" 1920.44629 2192.94995 8746.77414 2.7675 4200.8 7.2579 6530.5 6.9102 "" "" 0.0027766530051583646 0.003362134 0.003950141 0.007312275 205.87121371045 -63.16099053229 2043.67432 -4.501000000000002 -2.2500000000000013 -0.04745967483520541 0.061034440994262695 0.15178992 0.15378992 "" "" 0.7489525716846613 "" 0.11461923158609705 "" 0.8
206.27369187142 -63.20845964413 0.0211 0.0246 13.3493 "" "" 5864642950686960128 1852.40332 0.5152 0.0332 -4.314 -2.29 0.026 0.028 1.001 6043.7 4.3135 15.841046 1.050331 16.274492 15.224161 "" "" 1748.45435 1964.5094 8680.17291 5.2735 4223.0 11.434 6449.0 13.694 "" "" 0.002833176679937047 0.0040530013 0.0044270745 0.008480076 206.27369187142 -63.20845964413 1852.40332 -4.314 -2.29 0.13954032516479487 0.02103444099426266 0.15078992 0.15278992 "" "" 1.239060747709358 "" 0.18689328258493923 "" 0.8
205.27221455243 -63.19091587216 0.0205 0.0243 14.613 "" "" 5865382750207430912 1778.70471 0.5285 0.032 -4.493 -2.442 0.026 0.036 1.067 6005.7 4.2351 15.868291 1.107579 16.335573 15.227994 "" "" 1697.79053 1879.09412 8465.06401 4.0637 3992.0 11.048 6426.3 10.979 "" "" 0.002804184902243361 0.0041004815 0.0042100437 0.008310525 205.27221455243 -63.19091587216 1778.70471 -4.492999999999999 -2.4419999999999993 -0.039459674835205405 -0.13096555900573748 0.15078992 0.16078992 "" "" 1.1532089123820686 "" 0.18449211040372523 "" 0.8
205.73907264159 -63.1641719454 0.02 0.0236 2.0813 "" "" 5864635906947314048 1814.89343 0.5333 0.0324 -4.479 -2.593 0.025 0.031 1.047 5657.1 3.6821 15.871869 1.398869 16.491678 15.092809 "" "" 1707.21765 1968.39978 8437.21469 11.139 3457.4 18.645 7278.4 28.464 "" "" 0.0031058755414590036 0.0064859604 0.005684417 0.012170378 205.73907264159 -63.1641719454 1814.89343 -4.479 -2.593 -0.02545967483520517 -0.2819655590057373 0.14978993 0.15578993 "" "" 2.4355034107443445 "" 0.37931098030517474 "" 0.9
205.66026437292 -63.19294170326 0.0209 0.024 4.8232 "" "" 5864634395118787968 1798.52966 0.5271 0.0323 -4.293 -2.382 0.026 0.032 0.964 6069.6 4.3441 15.901934 1.118107 16.37099 15.252884 "" "" 1689.02209 1980.82959 8206.79276 5.0251 3863.9 9.5995 6280.7 13.422 "" "" 0.002834388421256722 0.0038808596 0.004434778 0.008315638 205.66026437292 -63.19294170326 1798.52966 -4.293 -2.3819999999999997 0.16054032516479477 -0.07096555900573742 0.15078992 0.15678993 "" "" 1.496362816563763 "" 0.2271282722554113 "" 1.0
205.85004133955 -63.08402502499 0.0218 0.0247 3.8356 "" "" 5865387251333498240 1796.44727 0.537 0.0349 -4.049 -2.525 0.03 0.031 0.989 5617.8 4.4363 15.942184 1.106132 16.41664 15.310508 "" "" 1673.33582 1950.62671 7908.12501 2.299 3704.8 9.8929 5956.0 7.7253 "" "" 0.002773340396951021 0.004023755 0.00403323 0.008056985 205.85004133955 -63.08402502499 1796.44727 -4.049 -2.5250000000000004 0.40454032516479455 -0.21396555900573722 0.15478992 0.15578993 "" "" 3.8968756683665657 "" 0.6040510774156794 "" 1.0
205.70528589969 -63.19588874926 0.021 0.0248 4.059 "" "" 5864635666429102464 1760.42041 0.5413 0.034 -4.587 -2.241 0.026 0.033 0.947 5991.2 4.5305 15.981198 1.115426 16.456186 15.34076 "" "" 1648.44727 1884.99744 7628.99817 6.5023 3572.3 13.35 5792.3 13.596 "" "" 0.002906567052784861 0.004924255 0.004558352 0.009482607 205.70528589969 -63.19588874926 1760.42041 -4.587 -2.2409999999999997 -0.13345967483520482 0.07003444099426259 0.15078992 0.15778992 "" "" 1.2576610426223795 "" 0.19157769874892364 "" 0.9
205.76576289044 -63.14200403801 0.024 0.0266 0.9827 "" "" 5864636113105826304 1669.84998 0.5778 0.0382 -4.245 -2.254 0.03 0.036 1.0 6033.1 4.4076 16.03321 1.070797 16.473398 15.402601 "" "" 1568.34509 1781.81165 7272.14335 2.9534 3516.1 10.815 5471.6 13.003 "" "" 0.002790380194973398 0.0043517496 0.0045761517 0.008927901 205.76576289044 -63.14200403801 1669.84998 -4.245 -2.2539999999999996 0.20854032516479482 0.05703444099426269 0.15478992 0.16078992 "" "" 1.7112340696835147 "" 0.26560918426121216 "" 1.0
205.75622222876 -63.05733668251 0.027 0.0295 5.3503 "" "" 5865388213406415872 1776.81384 0.5318 0.0406 -4.536 -2.3 0.033 0.038 0.959 5789.3 4.3935 16.132023 1.223812 16.653316 15.429504 "" "" 1660.98718 1936.24939 6639.52836 3.7475 2979.1 9.3834 5337.7 11.151 "" "" 0.0028226460006061304 0.004413617 0.0044077793 0.008821396 205.75622222876 -63.05733668251 1776.81384 -4.5360000000000005 -2.3000000000000003 -0.08245967483520467 0.011034440994262873 0.15778992 0.16278993 "" "" 0.7006738202619184 "" 0.11062185242688696 "" 0.9
205.92389162369 -63.12653175497 0.0276 0.0303 3.4762 "" "" 5864635559011704192 1727.67566 0.5596 0.0389 -4.505 -2.238 0.035 0.036 0.987 5938.0 4.4137 16.163849 1.106579 16.63471 15.528132 "" "" 1623.83411 1849.63892 6447.73311 2.4049 3030.6 7.537 4874.2 8.0179 "" "" 0.0027849207564407353 0.0038827914 0.0041801347 0.008062926 205.92389162369 -63.12653175497 1727.67566 -4.505 -2.238000000000002 -0.05145967483520497 0.0730344409942627 0.15978992 0.16078992 "" "" 0.731644129634483 "" 0.11739878194646994 "" 0.9
205.83648444255 -63.1454186154 0.0251 0.0295 0.9456 "" "" 5864636147465500288 1827.33264 0.5164 0.0386 -4.59 -2.514 0.03 0.037 1.005 5727.9 3.9553 16.220825 1.317886 16.775137 15.457251 "" "" 1723.88379 1961.02673 6118.09735 8.6902 2662.9 18.415 5203.0 20.962 "" "" 0.003157552438490227 0.008009964 0.005780809 0.013790773 205.83648444255 -63.1454186154 1827.33264 -4.589999999999999 -2.514000000000001 -0.13645967483520494 -0.2029655590057371 0.15478992 0.16178992 "" "" 2.1183883758783866 "" 0.3381873127123206 "" 0.8
205.83704055149 -63.18204222891 0.0246 0.0296 2.4694 "" "" 5864634940536994816 1835.88403 0.5327 0.0399 -4.324 -2.2 0.031 0.038 0.969 5682.4 4.6478 16.283175 1.135062 16.75309 15.618028 "" "" 1716.01184 1992.96643 5776.66407 3.9566 2717.6 8.5669 4486.9 10.588 "" "" 0.0028539107583152915 0.004415833 0.004565956 0.0089817885 205.83704055149 -63.18204222891 1835.88403 -4.323999999999999 -2.199999999999999 0.12954032516479508 0.11103444099426252 0.15578993 0.16278993 "" "" 1.4847036866138537 "" 0.23575951771154996 "" 0.8
205.52785124755 -63.18609641499 0.0279 0.0321 7.8341 "" "" 5865384807467884416 1516.46777 0.6428 0.0452 -4.54 -2.395 0.035 0.047 0.998 4806.4 4.2901 16.366156 1.554247 17.043413 15.489166 "" "" 1419.30896 1611.6947 5351.60949 5.2176 2079.9 14.928 5052.3 25.649 "" "" 0.0029516628982687856 0.008277075 0.0066832155 0.014960291 205.52785124755 -63.18609641499 1516.46777 -4.539999999999999 -2.3949999999999996 -0.08645967483520511 -0.08396555900573732 0.15978992 0.17178991 "" "" 0.86631718421065 "" 0.14356859291182703 "" 0.8
205.80120666384 -63.18179064444 0.027 0.0323 2.2615 "" "" 5864635013594092032 1959.776 0.5002 0.0453 -4.444 -2.239 0.033 0.041 1.03 5462.5 4.612 16.461775 1.146975 16.954716 15.80774 "" "" 1802.37451 2130.64331 4900.46229 5.8049 2257.0 12.46 3767.6 14.063 "" "" 0.0030407068105893303 0.006611513 0.0055414415 0.012152955 205.80120666384 -63.18179064444 1959.776 -4.443999999999997 -2.2389999999999985 0.009540325164794972 0.07203444099426282 0.15778992 0.16578993 "" "" 0.6749954623865755 "" 0.11181657447627419 "" 0.8
205.80889426115 -63.28182049479 0.0302 0.0327 8.2655 "" "" 5864631268382504960 2036.72192 0.4711 0.0462 -4.309 -2.431 0.035 0.04 0.991 9038.3 3.5247 16.498232 2.042659 17.524065 15.481406 "" "" 1889.40149 2247.28149 4738.64091 2.0894 1336.0 5.77 5088.6 10.184 "" "" 0.002796600324913351 0.0054564755 0.0043595093 0.009815985 205.80889426115 -63.28182049479 2036.72192 -4.308999999999998 -2.4309999999999996 0.14454032516479476 -0.11996555900573735 0.15978992 0.16478992 "" "" 1.8134132143837105 "" 0.2934973135974494 "" 0.9
205.72414811045 -63.1404923611 0.0327 0.0348 2.1138 "" "" 5865386697253515776 1736.72852 0.5579 0.051 -4.524 -2.383 0.041 0.045 0.953 4958.4 4.4743 16.543463 1.39974 17.17688 15.77714 "" "" 1605.78418 1900.39233 4545.28727 2.7326 1839.4 7.2922 3875.3 6.7693 "" "" 0.002831581993107291 0.0051295613 0.0042285463 0.009358108 205.72414811045 -63.1404923611 1736.72852 -4.524000000000002 -2.3830000000000005 -0.0704596748352051 -0.07196555900573731 0.16578993 0.16978993 "" "" 0.8290991980910182 "" 0.13915943135792846 "" 0.8
205.87805009359 -63.11289610319 0.0302 0.0334 2.7911 "" "" 5864636353623955200 1717.74414 0.5761 0.0472 -4.349 -2.234 0.038 0.041 0.965 5269.7 4.6659 16.584114 1.301743 17.13402 15.832277 "" "" 1590.11426 1861.65796 4378.25893 6.5557 1913.4 13.715 3683.4 19.708 "" "" 0.0031991730481511303 0.008267468 0.006930425 0.015197893 205.87805009359 -63.11289610319 1717.74414 -4.349 -2.2339999999999987 0.10454032516479472 0.07703444099426271 0.16278993 0.16578993 "" "" 1.0573141395602743 "" 0.17324296362841113 "" 0.9
205.78153037527 -63.1149561509 0.0349 0.0405 1.8323 "" "" 5865387113865294592 1747.1637 0.562 0.0553 -4.553 -2.26 0.045 0.048 1.083 "" "" 16.689127 1.243594 16.956614 15.713019 "" "" 1589.5708 1884.43799 3974.6232 11.503 2253.1 129.62 4111.0 48.572 "" "" 0.004179170625688296 0.062524274 0.013373265 0.07589754 205.78153037527 -63.1149561509 1747.1637 -4.553 -2.26 -0.09945967483520501 0.05103444099426291 0.16978993 0.17278993 "" "" 0.92578539603662 "" 0.15777191142031985 "" 0.9
