Clusters/SAI_118/SAI_118_members.tsv
# %ECSV 1.0
# ---
# datatype:
# - name: RA_ICRS_1
#   unit: deg
#   datatype: float64
#   format: '{:15.11f}'
#   description: Right ascension (ICRS) at Ep=2016.0 (ra)
#   meta: !!omap
#   - {ucd: POS_EQ_RA_MAIN}
#   - {width: 15}
#   - {precision: '11'}
# - name: DE_ICRS_1
#   unit: deg
#   datatype: float64
#   format: '{:15.11f}'
#   description: Declination (ICRS) at Ep=2016.0 (dec)
#   meta: !!omap
#   - {ucd: POS_EQ_DEC_MAIN}
#   - {width: 15}
#   - {precision: '11'}
# - name: e_RA_ICRS
#   unit: mas
#   datatype: float64
#   format: '{:7.4f}'
#   description: Standard error of right ascension (ra_error)
#   meta: !!omap
#   - {ucd: ERROR}
#   - {width: 7}
#   - {precision: '4'}
# - name: e_DE_ICRS
#   unit: mas
#   datatype: float64
#   format: '{:7.4f}'
#   description: Standard error of declination (dec_error)
#   meta: !!omap
#   - {ucd: ERROR}
#   - {width: 7}
#   - {precision: '4'}
# - name: _r_1
#   unit: ''
#   datatype: float64
#   format: '{:7.4f}'
#   description: Distance from center (205.80171836000-63.14409987000)[ICRS], at Epoch=J2016.0
#   meta: !!omap
#   - {ucd: POS_ANG_DIST_GENERAL}
#   - {width: 7}
#   - {precision: '4'}
# - name: HIP
#   datatype: int32
#   description: '? HIP cross-id number, van Leeuwen, Cat. I/311 (hip_original_ext_source_id)'
#   meta: !!omap
#   - {ucd: ID_NUMBER}
#   - {width: 6}
#   - values: {'null': -2147483648}
# - name: TYC2
#   datatype: string
#   description: Tycho-2 cross-id name, Hog et al., Cat. I/259 (tyc2_original_ext_source_id)
#   meta: !!omap
#   - {ucd: ID_CROSSID}
#   - {_votable_string_dtype: char}
# - name: Source
#   datatype: int64
#   description: Source identifier, identical to the Gaia-EDR3 source_id (id)
#   meta: !!omap
#   - {ucd: ID_MAIN}
#   - {width: 19}
# - name: rgeo
#   unit: pc
#   datatype: float64
#   format: '{:15.8f}'
#   description: '? Median of the geometric distance posterior (r_med_geo)'
#   meta: !!omap
#   - {ucd: PHYS_DISTANCE_TRUE}
#   - {width: 15}
#   - {precision: '8'}
#   - values: {'null': .nan}
# - name: Plx
#   unit: mas
#   datatype: float64
#   format: '{:9.4f}'
#   description: '? Parallax (parallax)'
#   meta: !!omap
#   - {ucd: POS_PARLX_TRIG}
#   - {width: 9}
#   - {precision: '4'}
#   - values: {'null': .nan}
# - name: e_Plx
#   unit: mas
#   datatype: float32
#   format: '{:7.4f}'
#   description: '? Standard error of parallax (parallax_error)'
#   meta: !!omap
#   - {ucd: ERROR}
#   - {width: 7}
#   - {precision: '4'}
#   - values: {'null': .nan}
# - name: pmRA
#   unit: mas / yr
#   datatype: float64
#   format: '{:9.3f}'
#   description: '? Proper motion in right ascension direction, pmRA*cosDE (pmra)'
#   meta: !!omap
#   - {ucd: POS_EQ_PMRA}
#   - {width: 9}
#   - {precision: '3'}
#   - values: {'null': .nan}
# - name: pmDE
#   unit: mas / yr
#   datatype: float64
#   format: '{:9.3f}'
#   description: '? Proper motion in declination direction (pmdec)'
#   meta: !!omap
#   - {ucd: POS_EQ_PMDEC}
#   - {width: 9}
#   - {precision: '3'}
#   - values: {'null': .nan}
# - name: e_pmRA
#   unit: mas / yr
#   datatype: float32
#   format: '{:6.3f}'
#   description: '? Standard error of proper motion in right ascension direction (pmra_error)'
#   meta: !!omap
#   - {ucd: ERROR}
#   - {width: 6}
#   - {precision: '3'}
#   - values: {'null': .nan}
# - name: e_pmDE
[...]
#       distance: !astropy.table.SerializedColumn
#         __class__: astropy.coordinates.distances.Distance
#         unit: !astropy.units.Unit {unit: pc}
#         value: !astropy.table.SerializedColumn {name: SkyCoord.distance}
#       frame: icrs
#       obstime: !astropy.time.Time {format: jyear_str, in_subfmt: '*', jd1: 367701545.0, jd2: 0.0, out_subfmt: '*', precision: 3, scale: tt}
#       pm_dec: !astropy.table.SerializedColumn
#         __class__: astropy.units.quantity.Quantity
#         unit: !astropy.units.Unit {unit: mas / yr}
#         value: !astropy.table.SerializedColumn {name: SkyCoord.pm_dec}
#       pm_ra_cosdec: !astropy.table.SerializedColumn
#         __class__: astropy.units.quantity.Quantity
#         unit: !astropy.units.Unit {unit: mas / yr}
#         value: !astropy.table.SerializedColumn {name: SkyCoord.pm_ra_cosdec}
#       ra: !astropy.table.SerializedColumn
#         __class__: astropy.coordinates.angles.Longitude
#         unit: *id001
#         value: !astropy.table.SerializedColumn {name: SkyCoord.ra}
#         wrap_angle: !astropy.coordinates.Angle
#           unit: *id001
#           value: 360.0
#       representation_type: spherical
# schema: astropy-2.0
RA_ICRS_1 DE_ICRS_1 e_RA_ICRS e_DE_ICRS _r_1 HIP TYC2 Source rgeo Plx e_Plx pmRA pmDE e_pmRA e_pmDE RUWE Teff logg Gmag BP-RP BPmag RPmag RV e_RV b_rgeo B_rgeo FG e_FG FBP e_FBP FRP e_FRP RAVE5 RAVE6 e_Gmag e_BPmag e_RPmag e_BP-RP SkyCoord.ra SkyCoord.dec SkyCoord.distance SkyCoord.pm_ra_cosdec SkyCoord.pm_dec rmRA rmDE e_rmRA e_rmDE rRV e_rRV v_pec v_pec3d e_vpec e_vpec3d Pmemb
205.86786635797 -63.1932577198 0.0089 0.011 3.4509 "" 9008-3128-1 5864635116673286784 1703.48779 0.5688 0.0147 -4.516 -2.274 0.011 0.014 0.778 13959.9 3.6097 10.257727 0.178371 10.306461 10.12809 "" "" 1657.14221 1751.43274 1485443.2645 351.25 1030000.0 464.74 704570.0 259.84 "" "" 0.0027672553393302225 0.00283285 0.0038005337 0.0066333837 205.86786635797 -63.1932577198 1703.48779 -4.515999999999998 -2.2740000000000005 -0.06245967483520509 0.037034440994262674 0.13578993 0.13878992 "" "" 0.5863222856428506 "" 0.08007792152684583 "" 1.0
205.62634369404 -63.35817044431 0.0101 0.0121 13.6895 "" 8995-458-1 5864629206798157312 1829.5907 0.5334 0.0161 -4.603 -2.358 0.012 0.017 0.89 7615.6 2.9394 10.728908 0.219719 10.793456 10.573737 "" "" 1787.08643 1879.05884 962462.09485 682.44 657710.0 1448.5 467370.0 891.65 "" "" 0.0028608487807644774 0.0036746003 0.0043097916 0.007984392 205.62634369404 -63.35817044431 1829.5907 -4.602999999999999 -2.358 -0.14945967483520484 -0.0469655590057374 0.13678992 0.14178993 "" "" 1.3586405939480248 "" 0.18646896273845212 "" 1.0
205.88280405648 -63.14317729294 0.0091 0.0112 2.1986 "" "" 5864635528990211200 1910.41943 0.4788 0.0147 -4.363 -2.289 0.011 0.014 0.897 12559.8 3.8441 11.958131 0.258145 12.039916 11.781771 -40.17 34.29 1844.65601 1960.16589 310237.68918 286.89 208670.0 548.04 153620.0 404.18 "" "" 0.002932551538267704 0.0039895135 0.004737506 0.00872702 205.88280405648 -63.14317729294 1910.41943 -4.362999999999998 -2.288999999999999 0.09054032516479449 0.02203444099426255 0.13578993 0.13878992 0.0 68.58 0.8438080144811358 0.8438080144811358 0.11472365122567166 0.11472365122567166 0.9
205.75397561335 -63.14176970991 0.0099 0.0117 1.3016 "" 9008-3756-1 5864636074407527424 1796.03943 0.5139 0.0162 -4.739 -2.396 0.012 0.015 1.009 "" "" 12.053846 0.324341 12.162767 11.838427 "" "" 1737.37146 1855.72437 284058.81293 51.061 186340.0 83.539 145810.0 84.293 "" "" 0.0027622236297429143 0.002832309 0.0038311474 0.0066634566 205.75397561335 -63.14176970991 1796.03943 -4.738999999999997 -2.3959999999999986 -0.28545967483520496 -0.08496555900573721 0.13678992 0.13978992 "" "" 2.5355467223981147 "" 0.34746250145370405 "" 0.8
205.75501793678 -63.14576918744 0.0093 0.011 1.2697 "" "" 5864636078746025600 1835.12646 0.5048 0.0152 -4.591 -2.219 0.011 0.014 0.878 "" "" 12.32916 0.287436 12.427756 12.140321 "" "" 1783.14587 1882.69775 220436.12615 35.404 145990.0 48.697 110420.0 32.947 "" "" 0.002760832736029387 0.002813576 0.003793241 0.0066068172 205.75501793678 -63.14576918744 1835.12646 -4.590999999999998 -2.2190000000000003 -0.13745967483520527 0.09203444099426283 0.13578993 0.13878992 "" "" 1.4389511046461758 "" 0.19674136796105565 "" 1.0
205.79621436122 -63.15993663922 0.0148 0.0188 0.9618 "" "" 5864635833889360000 1828.14648 0.5113 0.0252 -4.414 -2.089 0.019 0.025 1.593 11414.6 3.6256 12.360745 0.304935 12.466107 12.161172 "" "" 1756.7334 1905.17517 214115.66019 36.353 140920.0 53.48 108320.0 25.525 "" "" 0.0027614796943725294 0.0028204306 0.0037880319 0.0066084624 205.79621436122 -63.15993663922 1828.14648 -4.414 -2.089 0.03954032516479522 0.22203444099426273 0.14378992 0.14978993 "" "" 1.9542907071258406 "" 0.2923796414503839 "" 0.9
205.58398394752 -63.18481869248 0.0084 0.01 6.3835 "" 8995-1523-1 5865385017950434560 2035.75745 0.4551 0.0135 -4.442 -2.267 0.01 0.014 0.899 "" "" 12.45921 0.325196 12.571369 12.246173 "" "" 1984.02783 2084.6543 195552.06318 33.998 127900.0 65.805 100160.0 40.856 "" "" 0.0027617785243362752 0.0028455402 0.0038052425 0.0066507827 205.58398394752 -63.18481869248 2035.75745 -4.4419999999999975 -2.267 0.011540325164794751 0.04403444099426279 0.13478993 0.13878992 "" "" 0.4392597116861618 "" 0.06085342351423599 "" 0.9
205.83200516309 -63.07893259612 0.0091 0.0105 3.9955 "" 9008-2840-1 5865387320052980864 1900.98254 0.4904 0.0146 -4.713 -2.286 0.012 0.014 0.912 "" "" 12.519409 0.305917 12.624525 12.318608 "" "" 1858.6615 1954.4729 185004.85751 33.158 121790.0 57.628 93695.0 42.535 "" "" 0.0027621832375423552 0.0028370726 0.003811387 0.0066484595 205.83200516309 -63.07893259612 1900.98254 -4.713000000000001 -2.2860000000000005 -0.25945967483520516 0.025034440994262663 0.13678992 0.13878992 "" "" 2.348759579563008 "" 0.3213302731945457 "" 1.0
205.87337878149 -63.14724797004 0.0098 0.012 1.9514 "" "" 5864635421572498816 1760.2074 0.5334 0.0154 -4.355 -2.245 0.012 0.015 1.058 "" "" 12.756734 0.379248 12.889784 12.510536 "" "" 1722.75916 1805.65027 148680.26814 31.545 95390.0 54.17 78513.0 33.923 "" "" 0.0027649328688218473 0.002857482 0.0038083848 0.006665867 205.87337878149 -63.14724797004 1760.2074 -4.3549999999999995 -2.245000000000001 0.0985403251647945 0.06603444099426259 0.13678992 0.13978992 "" "" 0.9896934608285478 "" 0.13630712807236656 "" 1.0
205.68693409232 -63.13132215436 0.0093 0.0111 3.2049 "" "" 5865386662892177920 1869.34326 0.5027 0.0151 -4.585 -2.247 0.012 0.014 0.967 7519.9 3.6703 12.812418 0.387489 12.950871 12.563382 "" "" 1818.87622 1920.66479 141247.13725 24.395 90171.0 35.376 74783.0 23.872 "" "" 0.0027616938302882674 0.0028224967 0.0037952403 0.006617737 205.68693409232 -63.13132215436 1869.34326 -4.585000000000003 -2.247 -0.13145967483520504 0.06403444099426281 0.13678992 0.13878992 "" "" 1.2956632086541662 "" 0.17773352832549832 "" 1.0
205.81345646368 -63.08863298939 0.011 0.0128 3.3432 "" "" 5865387216973755776 1760.20959 0.5375 0.0175 -4.451 -2.245 0.015 0.016 1.014 9354.6 3.877 12.905696 0.447246 13.068868 12.621622 "" "" 1714.39417 1801.96521 129618.90306 27.202 80885.0 33.035 70878.0 28.916 "" "" 0.002764725462486619 0.0028251873 0.0038052502 0.0066304374 205.81345646368 -63.08863298939 1760.20959 -4.450999999999998 -2.245000000000001 0.0025403251647952985 0.06603444099426259 0.13978992 0.14078993 "" "" 0.5513588535290356 "" 0.07762496034413303 "" 1.0
205.88246745694 -63.17604654666 0.0114 0.014 2.9085 "" "" 5864635151033051520 1720.89966 0.5465 0.0186 -4.448 -2.31 0.014 0.018 1.555 9950.8 3.9197 13.017114 0.476964 13.188691 12.711727 "" "" 1675.41858 1767.49927 116977.25183 42.769 72434.0 41.68 65233.0 31.854 "" "" 0.0027837691106732247 0.00285926 0.0038163876 0.0066756476 205.88246745694 -63.17604654666 1720.89966 -4.448000000000003 -2.31 0.005540325164794524 0.001034440994262642 0.13878992 0.14278993 "" "" 0.04597377579796619 "" 0.006386977772593241 "" 0.8
205.94957596377 -63.09871271202 0.008 0.0093 4.8479 "" "" 5864659786959625984 1637.34949 0.5717 0.0133 -4.372 -2.251 0.01 0.012 0.986 7599.6 3.7458 13.103373 0.346612 13.225012 12.8784 "" "" 1592.38525 1681.11084 108043.3132 33.622 70051.0 27.864 55950.0 25.897 "" "" 0.00277595852345521 0.0028233952 0.003812647 0.006636042 205.94957596377 -63.09871271202 1637.34949 -4.371999999999997 -2.2510000000000003 0.08154032516479504 0.060034440994262805 0.13478993 0.13678992 "" "" 0.7858584643592633 "" 0.1064809397486236 "" 0.9
206.04089891713 -62.9611547317 0.008 0.0096 12.7586 "" "" 5865411715460952064 1734.54346 0.5393 0.0138 -4.384 -2.344 0.01 0.012 0.92 7480.7 3.7344 13.26757 0.401307 13.410627 13.00932 "" "" 1689.31824 1776.2157 92879.25599 24.51 59043.0 30.208 49594.0 16.471 "" "" 0.0027701770382394172 0.0028449288 0.0037965449 0.0066414736 206.04089891713 -62.9611547317 1734.54346 -4.384000000000001 -2.3440000000000003 0.06954032516479458 -0.032965559005737166 0.13478993 0.13678992 "" "" 0.6327310908912446 "" 0.08551937831349737 "" 0.9
205.91830764084 -63.1801528036 0.0086 0.0106 3.828 "" "" 5864635185392782208 1603.86499 0.5861 0.0138 -4.365 -2.367 0.011 0.014 1.167 9216.1 3.9405 13.299334 0.573069 13.508203 12.935134 "" "" 1570.88318 1639.15552 90201.37175 23.505 53968.0 25.838 53101.0 28.289 "" "" 0.0027698079332898157 0.0028381778 0.0038233872 0.006661565 205.91830764084 -63.1801528036 1603.86499 -4.365 -2.3669999999999987 0.08854032516479471 -0.0559655590057373 0.13578993 0.13878992 "" "" 0.7963056653127204 "" 0.10881762413983681 "" 0.8
205.78875904501 -63.11500893952 0.0082 0.0102 1.7805 "" "" 5865387113894515712 1914.47217 0.4818 0.0134 -4.512 -2.29 0.011 0.013 0.972 7598.1 3.8431 13.462468 0.360126 13.591405 13.231279 "" "" 1864.12231 1953.16748 77617.44579 20.041 49987.0 22.117 40425.0 17.921 "" "" 0.0027695450282103724 0.0028312227 0.003809908 0.006641131 205.78875904501 -63.11500893952 1914.47217 -4.512 -2.29 -0.058459674835204645 0.02103444099426266 0.13578993 0.13778992 "" "" 0.5637934148791774 "" 0.07668755826207718 "" 1.0
205.89313138221 -62.95627657474 0.0085 0.0099 11.5403 "" "" 5865412265216776704 1748.6073 0.5377 0.0146 -4.533 -2.311 0.01 0.013 0.96 "" "" 13.529744 0.480104 13.703651 13.223547 "" "" 1709.06982 1798.5603 72954.00442 15.78 45077.0 21.036 40714.0 13.557 "" "" 0.0027653104322465307 0.0028358018 0.003796634 0.006632436 205.89313138221 -62.95627657474 1748.6073 -4.533 -2.311 -0.07945967483520544 3.4440994262752156e-05 0.13478993 0.13778992 "" "" 0.6585935196845158 "" 0.08877177399772436 "" 0.9
206.01324642235 -62.94176316412 0.0085 0.0101 13.4345 "" "" 5865412540094695552 1614.13367 0.5828 0.0149 -4.436 -2.346 0.01 0.012 1.008 7901.0 4.0332 13.531729 0.514034 13.719449 13.205415 "" "" 1577.12451 1653.13916 72820.78869 19.769 44426.0 20.136 41399.0 20.112 "" "" 0.0027710407576410543 0.0028332346 0.0038160111 0.0066492455 206.01324642235 -62.94176316412 1614.13367 -4.436 -2.345999999999999 0.01754032516479498 -0.03496555900573739 0.13478993 0.13678992 "" "" 0.29929502930824725 "" 0.040820899418075235 "" 0.8
205.64018574596 -63.0598844634 0.0089 0.0104 6.6901 "" "" 5865388041607516288 1700.10803 0.5487 0.0147 -4.48 -2.276 0.011 0.013 0.946 "" "" 13.600146 0.452814 13.763717 13.310903 "" "" 1663.16528 1741.16187 68373.59573 20.382 42651.0 14.805 37566.0 18.479 "" "" 0.002774264251802421 0.0028155083 0.003816932 0.0066324403 205.64018574596 -63.0598844634 1700.10803 -4.480000000000003 -2.2760000000000002 -0.026459674835205504 0.035034440994262894 0.13578993 0.13778992 "" "" 0.3537977227729938 "" 0.048493943152044965 "" 1.0
205.78723638452 -63.22259584299 0.0086 0.0101 4.726 "" "" 5864634601277180416 1708.54004 0.5461 0.0139 -4.427 -2.267 0.011 0.014 0.909 9982.7 4.0406 13.616006 0.394307 13.758611 13.364304 "" "" 1665.72754 1753.97021 67382.08544 17.996 42852.0 21.276 35763.0 13.539 "" "" 0.002770536604812023 0.0028417674 0.0038016676 0.006643435 205.78723638452 -63.22259584299 1708.54004 -4.426999999999999 -2.2669999999999986 0.02654032516479532 0.04403444099426279 0.13578993 0.13878992 "" "" 0.4163769298412529 "" 0.057458722371307655 "" 1.0
205.9285521746 -63.18966453881 0.0091 0.0111 4.3902 "" "" 5864632230455267456 1788.82495 0.5221 0.0149 -4.499 -2.395 0.011 0.014 1.131 10055.8 3.9433 13.623505 0.575996 13.836875 13.260879 "" "" 1744.16345 1832.90918 66918.28245 19.386 39872.0 25.946 39338.0 26.14 "" "" 0.002773214938004934 0.0028782326 0.0038476284 0.0067258608 205.9285521746 -63.18966453881 1788.82495 -4.499 -2.395 -0.045459674835204744 -0.08396555900573732 0.13578993 0.13878992 "" "" 0.8095940931736195 "" 0.11181757385989709 "" 0.9
205.76782426471 -63.14883216593 0.0087 0.0107 0.9615 "" "" 5864636010026610304 1672.16211 0.5577 0.0141 -4.277 -2.298 0.011 0.015 0.962 10334.4 4.1874 13.642538 0.560777 13.843367 13.28259 "" "" 1636.8136 1718.24243 65755.39842 14.726 39634.0 18.804 38559.0 20.119 "" "" 0.00276602824496184 0.0028373217 0.003821604 0.0066589257 205.76782426471 -63.14883216593 1672.16211 -4.276999999999998 -2.2979999999999996 0.1765403251647948 0.013034440994262653 0.13578993 0.13978992 "" "" 1.4030758638109753 "" 0.19055444835326424 "" 1.0
205.65533432421 -63.21439350003 0.0088 0.0104 5.7873 "" "" 5864634154600591616 1786.70154 0.5218 0.0139 -4.588 -2.407 0.01 0.014 0.897 "" "" 13.688356 0.587294 13.907544 13.320251 "" "" 1741.70142 1836.31665 63038.23884 13.808 37359.0 17.683 37244.0 17.232 "" "" 0.002765564759255476 0.0028371022 0.003812621 0.0066497233 205.65533432421 -63.21439350003 1786.70154 -4.588 -2.407 -0.13445967483520516 -0.09596555900573733 0.13478993 0.13878992 "" "" 1.3990154617612758 "" 0.19048012363726088 "" 1.0
205.79202926581 -63.18682046576 0.0084 0.0105 2.5766 "" "" 5864634979234346112 1664.42126 0.5608 0.0139 -3.945 -2.357 0.01 0.014 1.037 "" "" 13.702568 0.437258 13.862795 13.425537 "" "" 1629.48743 1702.82739 62218.49718 16.929 38931.0 21.9 33802.0 16.272 "" "" 0.002771111845518978 0.0028562353 0.0038153513 0.0066715865 205.79202926581 -63.18682046576 1664.42126 -3.9450000000000016 -2.3569999999999998 0.5085403251647951 -0.04596555900573751 0.13478993 0.13878992 "" "" 4.028411676842626 "" 0.5431218235310077 "" 0.9
205.24230979971 -63.18604119129 0.0092 0.0109 15.3592 "" "" 5865382784567162368 1751.18774 0.5346 0.0145 -4.352 -2.381 0.011 0.016 1.015 "" "" 13.704084 0.472463 13.879932 13.40747 "" "" 1710.7262 1792.76196 62131.69172 23.571 38322.0 20.748 34369.0 11.777 "" "" 0.002785937710882334 0.0028514196 0.0037976496 0.0066490695 205.24230979971 -63.18604119129 1751.18774 -4.351999999999998 -2.381 0.10154032516479461 -0.06996555900573709 0.13578993 0.14078993 "" "" 1.0235594554072776 "" 0.1406569759587006 "" 0.9
205.63863708372 -63.09776139889 0.0091 0.011 5.225 "" "" 5865387728066638720 1637.70239 0.5692 0.0146 -4.462 -2.243 0.012 0.014 0.905 9599.2 4.3989 13.784822 0.451191 13.950518 13.499327 "" "" 1607.59924 1677.63635 57678.99907 17.094 35910.0 22.518 31581.0 15.785 "" "" 0.002774045348919699 0.0028720337 0.0038181446 0.006690178 205.63863708372 -63.09776139889 1637.70239 -4.4620000000000015 -2.2430000000000003 -0.008459674835204822 0.06803444099426281 0.13678992 0.13878992 "" "" 0.5321987641754203 "" 0.07384773341971208 "" 1.0
206.01547187638 -62.98340810521 0.0092 0.0107 11.2566 "" "" 5865411612381717760 1557.61243 0.6055 0.0161 -4.511 -2.195 0.011 0.013 0.945 9325.9 4.2299 13.790587 0.574981 14.007918 13.432938 "" "" 1519.44629 1595.85437 57373.53747 12.997 34060.0 16.904 33572.0 16.897 "" "" 0.0027662760716843132 0.0028417264 0.0038186836 0.00666041 206.01547187638 -62.98340810521 1557.61243 -4.511000000000001 -2.1950000000000003 -0.0574596748352052 0.11603444099426286 0.13578993 0.13778992 "" "" 0.955976838632619 "" 0.13134965793554124 "" 0.8
205.7515490259 -63.10898330417 0.0094 0.0113 2.5081 "" "" 5865386800332751104 1722.12024 0.5414 0.015 -4.479 -2.268 0.012 0.015 0.996 9598.9 4.3936 13.888083 0.463171 14.058081 13.59491 "" "" 1680.52722 1767.23279 52446.12183 14.771 32523.0 20.072 28920.0 15.062 "" "" 0.0027722366187255152 0.0028695036 0.0038214503 0.006690954 205.7515490259 -63.10898330417 1722.12024 -4.478999999999998 -2.268 -0.02545967483520517 0.0430344409942629 0.13678992 0.13978992 "" "" 0.40815540658242333 "" 0.05674109289340518 "" 1.0
205.74508429167 -63.18806623588 0.0091 0.0113 3.0515 "" "" 5864635632069374592 1816.50952 0.5111 0.015 -4.567 -2.329 0.011 0.015 0.996 11332.6 4.2857 13.95044 0.598798 14.102902 13.504105 "" "" 1764.22473 1877.95374 49518.87385 12.709 31207.0 69.049 31442.0 151.1 "" "" 0.0027693748970896237 0.003681869 0.006442675 0.010124544 205.74508429167 -63.18806623588 1816.50952 -4.5669999999999975 -2.3289999999999993 -0.11345967483520525 -0.017965559005737486 0.13578993 0.13978992 "" "" 0.9890878230613148 "" 0.13440632584617498 "" 0.9
205.81652747159 -63.12552277678 0.0094 0.0112 1.1847 "" "" 5864636422343424256 1792.00842 0.5182 0.0149 -4.579 -2.182 0.012 0.014 0.925 9457.5 4.1538 13.989259 0.477329 14.164502 13.687173 "" "" 1747.7749 1835.96057 47779.66659 13.146 29486.0 16.846 26564.0 15.779 "" "" 0.0027714666447760795 0.002858291 0.0038340131 0.0066923043 205.81652747159 -63.12552277678 1792.00842 -4.5790000000000015 -2.182000000000001 -0.12545967483520482 0.12903444099426276 0.13678992 0.13878992 "" "" 1.5287060184831562 "" 0.21068875935466694 "" 0.8
