Clusters/SAI_118/SAI_118_stars_in_region.tsv
# %ECSV 1.0
# ---
# datatype:
# - name: RA_ICRS_1
#   unit: deg
#   datatype: float64
#   format: '{:15.11f}'
#   description: Right ascension (ICRS) at Ep=2016.0 (ra)
#   meta: !!omap
#   - {ucd: POS_EQ_RA_MAIN}
#   - {width: 15}
#   - {precision: '11'}
# - name: DE_ICRS_1
#   unit: deg
#   datatype: float64
#   format: '{:15.11f}'
#   description: Declination (ICRS) at Ep=2016.0 (dec)
#   meta: !!omap
#   - {ucd: POS_EQ_DEC_MAIN}
#   - {width: 15}
#   - {precision: '11'}
# - name: e_RA_ICRS
#   unit: mas
#   datatype: float64
#   format: '{:7.4f}'
#   description: Standard error of right ascension (ra_error)
#   meta: !!omap
#   - {ucd: ERROR}
#   - {width: 7}
#   - {precision: '4'}
# - name: e_DE_ICRS
#   unit: mas
#   datatype: float64
#   format: '{:7.4f}'
#   description: Standard error of declination (dec_error)
#   meta: !!omap
#   - {ucd: ERROR}
#   - {width: 7}
#   - {precision: '4'}
# - name: _r_1
#   unit: ''
#   datatype: float64
#   format: '{:7.4f}'
#   description: Distance from center (205.80171836000-63.14409987000)[ICRS], at Epoch=J2016.0
#   meta: !!omap
#   - {ucd: POS_ANG_DIST_GENERAL}
#   - {width: 7}
#   - {precision: '4'}
# - name: HIP
#   datatype: int32
#   description: '? HIP cross-id number, van Leeuwen, Cat. I/311 (hip_original_ext_source_id)'
#   meta: !!omap
#   - {ucd: ID_NUMBER}
#   - {width: 6}
#   - values: {'null': -2147483648}
# - name: TYC2
#   datatype: string
#   description: Tycho-2 cross-id name, Hog et al., Cat. I/259 (tyc2_original_ext_source_id)
#   meta: !!omap
#   - {ucd: ID_CROSSID}
#   - {_votable_string_dtype: char}
# - name: Source
#   datatype: int64
#   description: Source identifier, identical to the Gaia-EDR3 source_id (id)
#   meta: !!omap
#   - {ucd: ID_MAIN}
#   - {width: 19}
# - name: rgeo
#   unit: pc
#   datatype: float64
#   format: '{:15.8f}'
#   description: '? Median of the geometric distance posterior (r_med_geo)'
#   meta: !!omap
#   - {ucd: PHYS_DISTANCE_TRUE}
#   - {width: 15}
#   - {precision: '8'}
#   - values: {'null': .nan}
# - name: Plx
#   unit: mas
#   datatype: float64
#   format: '{:9.4f}'
#   description: '? Parallax (parallax)'
#   meta: !!omap
#   - {ucd: POS_PARLX_TRIG}
#   - {width: 9}
#   - {precision: '4'}
#   - values: {'null': .nan}
# - name: e_Plx
#   unit: mas
#   datatype: float32
#   format: '{:7.4f}'
#   description: '? Standard error of parallax (parallax_error)'
#   meta: !!omap
#   - {ucd: ERROR}
#   - {width: 7}
#   - {precision: '4'}
#   - values: {'null': .nan}
# - name: pmRA
#   unit: mas / yr
#   datatype: float64
#   format: '{:9.3f}'
#   description: '? Proper motion in right ascension direction, pmRA*cosDE (pmra)'
#   meta: !!omap
#   - {ucd: POS_EQ_PMRA}
#   - {width: 9}
#   - {precision: '3'}
#   - values: {'null': .nan}
# - name: pmDE
#   unit: mas / yr
#   datatype: float64
#   format: '{:9.3f}'
#   description: '? Proper motion in declination direction (pmdec)'
#   meta: !!omap
#   - {ucd: POS_EQ_PMDEC}
#   - {width: 9}
#   - {precision: '3'}
#   - values: {'null': .nan}
# - name: e_pmRA
#   unit: mas / yr
#   datatype: float32
#   format: '{:6.3f}'
#   description: '? Standard error of proper motion in right ascension direction (pmra_error)'
#   meta: !!omap
#   - {ucd: ERROR}
#   - {width: 6}
#   - {precision: '3'}
#   - values: {'null': .nan}
# - name: e_pmDE
[...]
#         value: !astropy.table.SerializedColumn {name: SkyCoord.dec}
#       distance: !astropy.table.SerializedColumn
#         __class__: astropy.coordinates.distances.Distance
#         unit: !astropy.units.Unit {unit: pc}
#         value: !astropy.table.SerializedColumn {name: SkyCoord.distance}
#       frame: icrs
#       obstime: !astropy.time.Time {format: jyear_str, in_subfmt: '*', jd1: 367701545.0, jd2: 0.0, out_subfmt: '*', precision: 3, scale: tt}
#       pm_dec: !astropy.table.SerializedColumn
#         __class__: astropy.units.quantity.Quantity
#         unit: !astropy.units.Unit {unit: mas / yr}
#         value: !astropy.table.SerializedColumn {name: SkyCoord.pm_dec}
#       pm_ra_cosdec: !astropy.table.SerializedColumn
#         __class__: astropy.units.quantity.Quantity
#         unit: !astropy.units.Unit {unit: mas / yr}
#         value: !astropy.table.SerializedColumn {name: SkyCoord.pm_ra_cosdec}
#       ra: !astropy.table.SerializedColumn
#         __class__: astropy.coordinates.angles.Longitude
#         unit: *id001
#         value: !astropy.table.SerializedColumn {name: SkyCoord.ra}
#         wrap_angle: !astropy.coordinates.Angle
#           unit: *id001
#           value: 360.0
#       representation_type: spherical
# schema: astropy-2.0
RA_ICRS_1 DE_ICRS_1 e_RA_ICRS e_DE_ICRS _r_1 HIP TYC2 Source rgeo Plx e_Plx pmRA pmDE e_pmRA e_pmDE RUWE Teff logg Gmag BP-RP BPmag RPmag RV e_RV b_rgeo B_rgeo FG e_FG FBP e_FBP FRP e_FRP RAVE5 RAVE6 e_Gmag e_BPmag e_RPmag e_BP-RP SkyCoord.ra SkyCoord.dec SkyCoord.distance SkyCoord.pm_ra_cosdec SkyCoord.pm_dec rmRA rmDE e_rmRA e_rmDE rRV e_rRV v_pec v_pec3d e_vpec e_vpec3d
[from data line 840]
206.07532342705 -63.41945371427 0.0138 0.0167 18.0949 "" "" 5864614432109699200 1898.78442 0.4908 0.0234 -8.429 -4.93 0.017 0.021 0.959 "" "" 14.925183 1.586934 15.671422 14.084488 -7.37 4.41 1822.04297 2007.29211 20177.77781 3.9421 7359.5 8.7282 18423.0 15.491 "" "" 0.0027634731173030156 0.0030729647 0.0038880832 0.0069610476 206.07532342705 -63.41945371427 1898.78442 -8.428999999999995 -4.930000000000004 -3.9754596748352053 -2.618965559005737 0.14178993 0.14578992 "" "" 42.846484458759846 "" 6.127575267612526 ""
204.91692224584 -63.1198764548 0.0134 0.0151 24.0361 "" "" 5865395119714329984 2028.0481 0.4572 0.0205 -3.404 -1.588 0.016 0.021 0.924 7986.6 4.0922 14.925662 0.982882 15.321709 14.338826 "" "" 1945.20508 2099.83643 20168.89388 4.6935 10156.0 10.123 14576.0 9.9097 "" "" 0.002766880416023547 0.002992695 0.0038507918 0.006843487 204.91692224584 -63.1198764548 2028.0481 -3.403999999999996 -1.5879999999999996 1.049540325164795 0.7230344409942626 0.14078993 0.14578992 "" "" 12.251564366662151 "" 1.744847119768553 ""
205.58075635156 -63.37094141687 0.0136 0.0164 14.8605 "" "" 5864629069359200128 1930.30408 0.4843 0.0221 -4.133 -0.25 0.017 0.022 1.029 7673.4 4.0032 14.925978 0.79145 15.232247 14.440798 "" "" 1859.38477 2023.23535 20163.01651 4.3459 11029.0 11.238 13269.0 9.8723 "" "" 0.00276524024975997 0.0030014948 0.003864747 0.006866242 205.58075635156 -63.37094141687 1930.30408 -4.133 -0.25000000000000167 0.3205403251647949 2.0610344409942627 0.14178993 0.14678992 "" "" 19.084425927513525 "" 2.7991853887592004 ""
205.75072288068 -63.47247213344 0.014 0.0159 19.7502 "" "" 5864615188023869952 1398.12146 0.6799 0.0212 -6.007 -4.432 0.018 0.022 0.952 5836.8 4.1974 14.926095 0.975402 15.324316 14.348914 "" "" 1357.56641 1445.21509 20160.84453 3.9597 10132.0 11.038 14441.0 12.701 "" "" 0.00276355977479106 0.0030305306 0.0038981522 0.006928683 205.75072288068 -63.47247213344 1398.12146 -6.007 -4.432 -1.5534596748352048 -2.1209655590057377 0.14278993 0.14678992 "" "" 17.4227491718118 "" 2.5333692252675153 ""
206.71808820402 -63.10115531707 0.0179 0.0211 24.9895 "" "" 5864650441119340672 1481.60034 0.6446 0.0287 -0.166 -0.901 0.023 0.024 1.367 5253.4 4.1291 14.927237 1.098742 15.393349 14.294607 25.3 5.75 1417.39075 1550.44666 20139.65618 4.1245 9507.7 11.573 15182.0 11.185 "" "" 0.0027642775514514313 0.0030873343 0.0038631016 0.006950436 206.71808820402 -63.10115531707 1481.60034 -0.16600000000000031 -0.9010000000000002 4.2875403251647946 1.4100344409942627 0.14778993 0.14878993 "" "" 31.69696702716263 "" 4.687595409382259 ""
206.06542948849 -62.9446357947 0.0133 0.016 13.9525 "" "" 5865411818540183936 1383.60339 0.6826 0.0229 -20.267 -7.226 0.016 0.019 1.002 5166.2 3.8213 14.928004 1.24744 15.473367 14.225926 -7.46 5.07 1350.5564 1429.64282 20125.42378 3.4285 8832.2 10.276 16173.0 13.91 "" "" 0.0027615214084809906 0.0030628054 0.003893037 0.0069558425 206.06542948849 -62.9446357947 1383.60339 -20.26699999999998 -7.2259999999999955 -15.813459674835205 -4.914965559005737 0.14078993 0.14378992 "" "" 108.60289881747383 "" 15.31917357643862 ""
206.06480749336 -63.06310455079 0.0135 0.016 8.6377 "" "" 5864660336715475328 1822.29871 0.511 0.0233 -2.696 -2.917 0.018 0.02 0.945 5744.9 3.8269 14.928213 1.155261 15.419323 14.264062 "" "" 1743.06824 1892.93958 20121.54569 3.6829 9283.0 8.7804 15615.0 11.881 "" "" 0.0027624773483235685 0.0029731598 0.0038686143 0.006841774 206.06480749336 -63.06310455079 1822.29871 -2.6960000000000015 -2.9169999999999985 1.7575403251647947 -0.6059655590057371 0.14278993 0.14478992 "" "" 16.058083585802056 "" 2.2963660886774147 ""
206.08752560193 -62.98938441341 0.0138 0.0167 12.1039 "" "" 5864660852111617408 1676.44507 0.5592 0.0245 -4.663 -3.733 0.016 0.02 1.009 6489.6 3.8738 14.929062 1.116018 15.399317 14.283299 "" "" 1617.17334 1737.96472 20105.82113 4.023 9455.6 9.9436 15340.0 10.484 "" "" 0.0027638714474335067 0.0030147452 0.0038515383 0.0068662837 206.08752560193 -62.98938441341 1676.44507 -4.6629999999999985 -3.733000000000001 -0.20945967483520533 -1.4219655590057374 0.14078993 0.14478992 "" "" 11.421366048540674 "" 1.6527415569447077 ""
206.38100399824 -63.0841527042 0.0128 0.0157 16.1239 "" "" 5864657313058467200 1681.19006 0.5632 0.0217 -7.541 1.165 0.016 0.018 1.003 5366.6 4.1162 14.930278 1.1424 15.402197 14.259797 "" "" 1620.33813 1743.00854 20083.31827 3.7082 9430.6 19.703 15676.0 33.136 "" "" 0.002762603501322516 0.0035959189 0.004421641 0.0080175605 206.38100399824 -63.0841527042 1681.19006 -7.541 1.1650000000000003 -3.0874596748352054 3.4760344409942627 0.14078993 0.14278993 "" "" 37.04887390862148 "" 5.257657340524341 ""
205.23859451704 -62.92751510795 0.0138 0.016 20.0893 "" "" 5865406561507942272 1432.56702 0.6626 0.0215 -12.708 -1.654 0.017 0.023 0.967 5557.1 3.8994 14.931021 1.128817 15.412416 14.2836 "" "" 1390.2854 1465.84656 20069.59104 3.8966 9342.2 10.97 15336.0 10.305 "" "" 0.0027633722602523228 0.0030676473 0.0038491536 0.006916801 205.23859451704 -62.92751510795 1432.56702 -12.708 -1.6540000000000012 -8.254459674835205 0.6570344409942628 0.14178993 0.14778993 "" "" 56.228098150823 "" 7.974746667498265 ""
206.58025172078 -63.31555816534 0.0131 0.0158 23.4199 "" "" 5864592132637689216 1438.91882 0.6628 0.0216 -7.679 -0.334 0.016 0.019 0.971 6297.0 4.1021 14.931245 1.127571 15.410848 14.283277 "" "" 1400.80554 1484.67847 20065.43984 3.3697 9355.7 7.6216 15341.0 9.5962 "" "" 0.002761346586058458 0.0029270079 0.0038399193 0.0067669274 206.58025172078 -63.31555816534 1438.91882 -7.679000000000001 -0.3340000000000001 -3.2254596748352053 1.9770344409942626 0.14078993 0.14378992 "" "" 25.802909058520836 "" 3.6540926254905233 ""
206.25196866125 -63.17065160287 0.0137 0.016 12.302 "" "" 5864654976596175232 1957.2782 0.4809 0.0218 -5.589 -1.843 0.017 0.019 0.976 6298.5 4.0338 14.933522 0.965089 15.328994 14.363905 "" "" 1879.22363 2022.302 20023.39325 4.0845 10088.0 10.187 14243.0 10.679 "" "" 0.0027642070757591987 0.0029978529 0.0038660588 0.0068639116 206.25196866125 -63.17065160287 1957.2782 -5.5889999999999995 -1.8429999999999995 -1.1354596748352055 0.4680344409942627 0.14178993 0.14378992 "" "" 11.394056077599817 "" 1.6188918349709525 ""
205.77920097246 -62.72428549009 0.0147 0.0174 25.1964 "" "" 5865433323421680640 1890.6947 0.4888 0.0239 -7.586 -1.671 0.018 0.023 1.16 "" "" 14.934266 2.282859 16.126148 13.843289 -28.49 4.5 1815.64368 1955.4978 20009.68742 5.6767 4841.3 9.1986 23006.0 18.524 "" "" 0.002772483756724835 0.003469974 0.0038791723 0.0073491465 205.77920097246 -62.72428549009 1890.6947 -7.586000000000005 -1.6709999999999998 -3.1324596748352054 0.6400344409942627 0.14278993 0.14778993 "" "" 28.652767499740893 "" 4.097164309892503 ""
206.00424315554 -62.87665757802 0.0146 0.0158 16.9677 "" "" 5865415868671677568 1876.54272 0.5 0.0229 -4.555 -1.805 0.018 0.019 0.979 9433.1 4.2446 14.936715 0.91158 15.301824 14.390244 "" "" 1800.21387 1936.5426 19964.61074 3.9044 10344.0 12.038 13901.0 9.3864 "" "" 0.002763489598222123 0.003062938 0.003849831 0.006912769 206.00424315554 -62.87665757802 1876.54272 -4.554999999999997 -1.804999999999997 -0.1014596748352048 0.5060344409942628 0.14278993 0.14378992 "" "" 4.59066194164254 "" 0.6599140832178312 ""
205.31818898784 -63.15038942122 0.014 0.0168 13.11 "" "" 5865383162524343168 1615.61377 0.5836 0.0217 -7.079 -2.345 0.018 0.025 0.991 4820.0 3.5087 14.937022 1.443778 15.597755 14.153977 -3.13 4.45 1554.86584 1672.979 19958.95762 3.7981 7876.2 7.7799 17281.0 12.474 "" "" 0.002763055806793031 0.002989184 0.0038597856 0.0068489695 205.31818898784 -63.15038942122 1615.61377 -7.079 -2.3450000000000006 -2.625459674835205 -0.0339655590057375 0.14278993 0.14978993 "" "" 20.107476968604164 "" 2.871169361351797 ""
206.70476144479 -63.18903002843 0.014 0.0166 24.6058 "" "" 5864645974344291584 1814.04468 0.5157 0.022 -4.311 -2.408 0.018 0.019 0.929 7238.8 3.9441 14.938477 0.82651 15.262629 14.436119 "" "" 1746.81226 1888.47668 19932.2207 4.1248 10724.0 8.217 13326.0 12.856 "" "" 0.0027644659805926893 0.0029115523 0.0039218445 0.006833397 206.70476144479 -63.18903002843 1814.04468 -4.311000000000001 -2.4080000000000004 0.14254032516479498 -0.09696555900573722 0.14278993 0.14378992 "" "" 1.4823514785100071 "" 0.21213493879567577 ""
205.96171833781 -63.00111766667 0.0138 0.0158 9.6176 "" "" 5865411200064846336 1777.79663 0.5304 0.0231 -6.7 -1.036 0.017 0.019 1.014 5833.0 4.0448 14.93867 1.149936 15.426529 14.276593 "" "" 1696.63831 1848.31909 19928.6828 3.6431 9221.6 7.5153 15436.0 8.6136 "" "" 0.0027624597239054812 0.0029271126 0.003827636 0.0067547485 205.96171833781 -63.00111766667 1777.79663 -6.7 -1.036 -2.2464596748352053 1.2750344409942627 0.14178993 0.14378992 "" "" 21.766971270816935 "" 3.097000719911376 ""
206.5579126502 -63.07714619227 0.0136 0.0164 20.9096 "" "" 5864651300103830656 1714.51758 0.5575 0.0226 -3.203 -2.584 0.017 0.019 1.004 6517.9 4.0077 14.938937 0.866212 15.284284 14.418072 "" "" 1649.98474 1779.53149 19923.79077 4.0008 10512.0 10.006 13550.0 10.518 "" "" 0.0027639324792552537 0.0029754187 0.003872211 0.00684763 206.5579126502 -63.07714619227 1714.51758 -3.203000000000001 -2.5839999999999965 1.250540325164795 -0.2729655590057374 0.14178993 0.14378992 "" "" 10.402198210110514 "" 1.4758794487304197 ""
205.57018358303 -63.33145443535 0.02 0.0245 12.8645 "" "" 5864632333534361472 1961.75024 0.4716 0.0319 -4.412 -2.423 0.024 0.035 1.519 7168.4 3.6576 14.939652 0.847973 15.269958 14.421985 "" "" 1861.58887 2097.00439 19910.66991 5.1051 10652.0 10.407 13501.0 11.203 "" "" 0.0027693476658295618 0.0029850071 0.003885281 0.0068702884 205.57018358303 -63.33145443535 1961.75024 -4.412 -2.423 0.041540325164795 -0.11196555900573735 0.14878993 0.15978992 "" "" 1.1104794381315655 "" 0.17601053654067877 ""
205.12929686579 -62.95140499403 0.0135 0.0154 21.6347 "" "" 5865400823431080448 1718.95239 0.5517 0.0201 -1.227 -1.345 0.017 0.022 1.014 6724.6 4.1045 14.941704 0.943504 15.324201 14.380696 "" "" 1663.30298 1789.71985 19873.08405 4.0785 10133.0 10.665 14024.0 11.724 "" "" 0.002764315352085811 0.0030151121 0.0038868487 0.006901961 205.12929686579 -62.95140499403 1718.95239 -1.227 -1.345 3.2265403251647946 0.9660344409942627 0.14178993 0.14678992 "" "" 27.442342692603045 "" 3.9025179439200954 ""
206.29820830258 -63.48907537544 0.0136 0.0159 24.6449 "" "" 5864589418218151424 1465.23718 0.648 0.0231 -9.312 -4.963 0.017 0.019 1.011 5184.9 3.7846 14.942916 1.276877 15.50448 14.227603 -26.3 9.98 1425.33057 1519.03162 19850.90439 3.4982 8582.7 13.479 16148.0 12.196 "" "" 0.0027619553781465475 0.0032699425 0.0038673189 0.0071372613 206.29820830258 -63.48907537544 1465.23718 -9.312 -4.963 -4.8584596748352045 -2.6519655590057374 0.14178993 0.14378992 "" "" 38.442648506029236 "" 5.468525059541754 ""
206.38164887626 -63.08486099479 0.0131 0.0158 16.1314 "" "" 5864657313058466816 1630.77087 0.5759 0.0218 -7.876 1.379 0.016 0.018 0.974 5612.0 3.9647 14.942938 1.187447 15.433198 14.245751 -15.49 10.59 1576.61438 1690.57874 19850.49901 4.3259 9165.1 25.185 15880.0 31.709 "" "" 0.002765460671879699 0.0040849047 0.00435705 0.008441955 206.38164887626 -63.08486099479 1630.77087 -7.875999999999997 1.3790000000000007 -3.4224596748352054 3.6900344409942627 0.14078993 0.14278993 "" "" 38.903199374426464 "" 5.519141155289522 ""
206.23173618974 -62.91006958743 0.014 0.015 18.2789 "" "" 5865413502167403648 1667.27783 0.5623 0.0222 -7.096 -3.106 0.018 0.018 0.947 7562.0 4.2023 14.943373 1.085766 15.388676 14.30291 "" "" 1604.05188 1738.47852 19842.56338 3.8591 9548.8 16.568 15066.0 32.849 "" "" 0.002763399741876516 0.0033665898 0.004459564 0.007826154 206.23173618974 -62.91006958743 1667.27783 -7.095999999999993 -3.1059999999999985 -2.642459674835205 -0.7949655590057372 0.14278993 0.14278993 "" "" 21.807647559067433 "" 3.113912470718278 ""
205.91245916774 -63.02579121333 0.014 0.0161 7.7094 "" "" 5865411062625878016 1469.75171 0.6464 0.0225 -11.611 -2.03 0.017 0.02 1.007 5291.2 3.824 14.944785 1.189785 15.456979 14.267194 "" "" 1423.63049 1520.99939 19816.76065 4.393 8966.6 10.025 15570.0 14.585 "" "" 0.002765812664200359 0.0030427927 0.0039138366 0.0069566295 205.91245916774 -63.02579121333 1469.75171 -11.610999999999999 -2.029999999999998 -7.157459674835206 0.2810344409942629 0.14178993 0.14478992 "" "" 49.90174641056251 "" 7.075797913955811 ""
205.18977134935 -62.91400480909 0.0144 0.016 21.6309 "" "" 5865406733306482176 1620.18689 0.5823 0.0219 -2.347 -3.904 0.018 0.024 0.988 6436.7 3.8374 14.945158 1.043512 15.377071 14.333559 "" "" 1566.53613 1700.96936 19809.9576 3.8965 9651.4 13.487 14647.0 14.0 "" "" 0.0027635839674387576 0.0031760058 0.0039192736 0.007095279 205.18977134935 -62.91400480909 1620.18689 -2.3469999999999964 -3.9039999999999955 2.106540325164795 -1.5929655590057372 0.14278993 0.14878993 "" "" 20.282298121565155 "" 2.9409631799675773 ""
206.69193614713 -63.17668265107 0.0144 0.0168 24.1946 "" "" 5864646730258543488 1562.40063 0.6007 0.0232 -8.276 -2.742 0.019 0.02 1.033 5999.3 4.0609 14.945242 0.93349 15.314217 14.380727 "" "" 1504.3916 1626.22021 19808.42569 4.1881 10227.0 14.024 14024.0 12.586 "" "" 0.002764866366594541 0.0031625452 0.0039029727 0.007065518 206.69193614713 -63.17668265107 1562.40063 -8.276 -2.7420000000000035 -3.822459674835205 -0.4309655590057373 0.14378992 0.14478992 "" "" 28.487644830284633 "" 4.096594898071043 ""
206.37294988056 -63.42643510737 0.0139 0.0156 22.8989 "" "" 5864589864894835584 1383.12378 0.686 0.0228 -4.947 -1.878 0.017 0.019 0.98 6069.0 4.2291 14.94749 0.957971 15.335836 14.377866 "" "" 1341.6156 1420.05042 19767.45163 3.7968 10025.0 13.607 14061.0 10.351 "" "" 0.0027632008124858585 0.0031554354 0.0038629717 0.007018407 206.37294988056 -63.42643510737 1383.12378 -4.9469999999999965 -1.8779999999999983 -0.49345967483520514 0.4330344409942628 0.14178993 0.14378992 "" "" 4.304163347456515 "" 0.6140469345583026 ""
206.49694904188 -63.24267073225 0.0207 0.0232 19.7198 "" "" 5864640442426015232 1771.23792 0.5311 0.0318 -9.774 -2.429 0.027 0.027 1.463 5559.4 3.982 14.948622 1.15142 15.442817 14.291397 "" "" 1681.89551 1895.55115 19746.8606 3.5925 9084.3 8.9134 15226.0 12.917 "" "" 0.002762391301324921 0.002986626 0.0038900033 0.0068766293 206.49694904188 -63.24267073225 1771.23792 -9.774000000000001 -2.4289999999999994 -5.320459674835204 -0.11796555900573713 0.15178992 0.15178992 "" "" 44.679789910013106 "" 6.781941670910465 ""
206.24224213923 -62.84343273796 0.0133 0.0157 21.6677 "" "" 5865414739118079488 1753.41382 0.5285 0.0219 -5.015 -1.936 0.016 0.019 0.955 "" "" 14.950015 0.806499 15.264224 14.457726 "" "" 1701.09741 1814.00671 19721.52861 4.228 10708.0 10.558 13064.0 9.1397 "" "" 0.002765134573977659 0.0029884905 0.0038549586 0.006843449 206.24224213923 -62.84343273796 1753.41382 -5.014999999999997 -1.9360000000000002 -0.5614596748352048 0.37503444099426275 0.14078993 0.14378992 "" "" 5.61166518399845 "" 0.7952978694364993 ""
206.58287689731 -62.98337001429 0.0132 0.0155 23.3192 "" "" 5864663978848070656 2000.68005 0.4702 0.0221 -10.008 -5.171 0.016 0.019 0.931 6788.5 4.1291 14.950496 0.953577 15.336182 14.382605 "" "" 1932.2926 2109.63989 19712.79882 4.0707 10022.0 10.113 14000.0 9.8894 "" "" 0.002764427110188559 0.0029975616 0.0038564152 0.0068539768 206.58287689731 -62.98337001429 2000.68005 -10.008 -5.1710000000000065 -5.554459674835204 -2.8599655590057376 0.14078993 0.14378992 "" "" 59.24656670830888 "" 8.37887893871619 ""
