Clusters/Gulliver_43/Gulliver_43_stars_in_region.tsv
# %ECSV 1.0
# ---
# datatype:
# - name: RA_ICRS_1
#   unit: deg
#   datatype: float64
#   format: '{:15.11f}'
#   description: Right ascension (ICRS) at Ep=2016.0 (ra)
#   meta: !!omap
#   - {ucd: POS_EQ_RA_MAIN}
#   - {width: 15}
#   - {precision: '11'}
# - name: DE_ICRS_1
#   unit: deg
#   datatype: float64
#   format: '{:15.11f}'
#   description: Declination (ICRS) at Ep=2016.0 (dec)
#   meta: !!omap
#   - {ucd: POS_EQ_DEC_MAIN}
#   - {width: 15}
#   - {precision: '11'}
# - name: e_RA_ICRS
#   unit: mas
#   datatype: float64
#   format: '{:7.4f}'
#   description: Standard error of right ascension (ra_error)
#   meta: !!omap
#   - {ucd: ERROR}
#   - {width: 7}
#   - {precision: '4'}
# - name: e_DE_ICRS
#   unit: mas
#   datatype: float64
#   format: '{:7.4f}'
#   description: Standard error of declination (dec_error)
#   meta: !!omap
#   - {ucd: ERROR}
#   - {width: 7}
#   - {precision: '4'}
# - name: _r_1
#   unit: ''
#   datatype: float64
#   format: '{:7.4f}'
#   description: Distance from center (296.27980644000+24.56280608000)[ICRS], at Epoch=J2016.0
#   meta: !!omap
#   - {ucd: POS_ANG_DIST_GENERAL}
#   - {width: 7}
#   - {precision: '4'}
# - name: HIP
#   datatype: int32
#   description: '? HIP cross-id number, van Leeuwen, Cat. I/311 (hip_original_ext_source_id)'
#   meta: !!omap
#   - {ucd: ID_NUMBER}
#   - {width: 6}
#   - values: {'null': -2147483648}
# - name: TYC2
#   datatype: string
#   description: Tycho-2 cross-id name, Hog et al., Cat. I/259 (tyc2_original_ext_source_id)
#   meta: !!omap
#   - {ucd: ID_CROSSID}
#   - {_votable_string_dtype: char}
# - name: Source
#   datatype: int64
#   description: Source identifier, identical to the Gaia-EDR3 source_id (id)
#   meta: !!omap
#   - {ucd: ID_MAIN}
#   - {width: 19}
# - name: rgeo
#   unit: pc
#   datatype: float64
#   format: '{:15.8f}'
#   description: '? Median of the geometric distance posterior (r_med_geo)'
#   meta: !!omap
#   - {ucd: PHYS_DISTANCE_TRUE}
#   - {width: 15}
#   - {precision: '8'}
#   - values: {'null': .nan}
# - name: Plx
#   unit: mas
#   datatype: float64
#   format: '{:9.4f}'
#   description: '? Parallax (parallax)'
#   meta: !!omap
#   - {ucd: POS_PARLX_TRIG}
#   - {width: 9}
#   - {precision: '4'}
#   - values: {'null': .nan}
# - name: e_Plx
#   unit: mas
#   datatype: float32
#   format: '{:7.4f}'
#   description: '? Standard error of parallax (parallax_error)'
#   meta: !!omap
#   - {ucd: ERROR}
#   - {width: 7}
#   - {precision: '4'}
#   - values: {'null': .nan}
# - name: pmRA
#   unit: mas / yr
#   datatype: float64
#   format: '{:9.3f}'
#   description: '? Proper motion in right ascension direction, pmRA*cosDE (pmra)'
#   meta: !!omap
#   - {ucd: POS_EQ_PMRA}
#   - {width: 9}
#   - {precision: '3'}
#   - values: {'null': .nan}
# - name: pmDE
#   unit: mas / yr
#   datatype: float64
#   format: '{:9.3f}'
#   description: '? Proper motion in declination direction (pmdec)'
#   meta: !!omap
#   - {ucd: POS_EQ_PMDEC}
#   - {width: 9}
#   - {precision: '3'}
#   - values: {'null': .nan}
# - name: e_pmRA
#   unit: mas / yr
#   datatype: float32
#   format: '{:6.3f}'
#   description: '? Standard error of proper motion in right ascension direction (pmra_error)'
#   meta: !!omap
#   - {ucd: ERROR}
#   - {width: 6}
#   - {precision: '3'}
#   - values: {'null': .nan}
# - name: e_pmDE
[...]
#         unit: &id001 !astropy.units.Unit {unit: deg}
#         value: !astropy.table.SerializedColumn {name: SkyCoord.dec}
#       distance: !astropy.table.SerializedColumn
#         __class__: astropy.coordinates.distances.Distance
#         unit: !astropy.units.Unit {unit: pc}
#         value: !astropy.table.SerializedColumn {name: SkyCoord.distance}
#       frame: icrs
#       obstime: !astropy.time.Time {format: jyear_str, in_subfmt: '*', jd1: 367701545.0, jd2: 0.0, out_subfmt: '*', precision: 3, scale: tt}
#       pm_dec: !astropy.table.SerializedColumn
#         __class__: astropy.units.quantity.Quantity
#         unit: !astropy.units.Unit {unit: mas / yr}
#         value: !astropy.table.SerializedColumn {name: SkyCoord.pm_dec}
#       pm_ra_cosdec: !astropy.table.SerializedColumn
#         __class__: astropy.units.quantity.Quantity
#         unit: !astropy.units.Unit {unit: mas / yr}
#         value: !astropy.table.SerializedColumn {name: SkyCoord.pm_ra_cosdec}
#       ra: !astropy.table.SerializedColumn
#         __class__: astropy.coordinates.angles.Longitude
#         unit: *id001
#         value: !astropy.table.SerializedColumn {name: SkyCoord.ra}
#         wrap_angle: !astropy.coordinates.Angle
#           unit: *id001
#           value: 360.0
#       representation_type: spherical
# schema: astropy-2.0
RA_ICRS_1 DE_ICRS_1 e_RA_ICRS e_DE_ICRS _r_1 HIP TYC2 Source rgeo Plx e_Plx pmRA pmDE e_pmRA e_pmDE RUWE Teff logg Gmag BP-RP BPmag RPmag RV e_RV b_rgeo B_rgeo FG e_FG FBP e_FBP FRP e_FRP RAVE5 RAVE6 e_Gmag e_BPmag e_RPmag e_BP-RP SkyCoord.ra SkyCoord.dec SkyCoord.distance SkyCoord.pm_ra_cosdec SkyCoord.pm_dec
[from data line 162]
295.99857428616 24.65696953544 0.0136 0.0216 16.3484 "" "" 2020814690138762880 2819.9751 0.3352 0.0305 -2.338 -6.677 0.018 0.029 1.585 7694.0 3.417 14.771323 1.478241 15.404395 13.926154 110.65 4.59 2606.23584 3067.1106 23249.70928 8.4785 9411.5 9.836 21316.0 19.672 "" "" 0.002783622698850886 0.0030120774 0.0039099525 0.00692203 295.99857428616 24.65696953544 2819.9751 -2.338 -6.677000000000001
296.25524561571 24.44087562969 0.0104 0.0161 7.4377 "" "" 2020749578430636928 1994.56836 0.4698 0.0227 -1.644 -4.836 0.013 0.02 0.997 7195.3 3.7737 14.783924 1.243938 15.317925 14.073987 "" "" 1921.15564 2076.29272 22981.4303 3.8897 10192.0 9.431 18602.0 15.716 "" "" 0.002761441483331164 0.0029655364 0.0038891062 0.0068546426 296.25524561571 24.44087562969 1994.56836 -1.6439999999999997 -4.835999999999999
296.30352861274 24.68409243558 0.0096 0.0145 7.3913 "" "" 2020771603024421376 2756.30664 0.3332 0.02 -3.386 -6.135 0.013 0.018 1.031 "" "" 14.79045 1.337434 15.376005 14.038571 "" "" 2581.06445 2980.71924 22843.71668 4.1336 9660.8 9.8938 19219.0 9.5817 "" "" 0.0027623157041506527 0.0030035677 0.0038179483 0.006821516 296.30352861274 24.68409243558 2756.30664 -3.3860000000000006 -6.135
296.33218661118 24.53221608587 0.0097 0.0142 3.3972 "" "" 2020751846173349632 2755.57886 0.3275 0.0193 -2.756 -5.834 0.012 0.018 1.005 11595.4 3.507 14.791127 1.352046 15.380129 14.028083 "" "" 2623.86279 2880.6377 22829.46469 13.363 9624.2 26.477 19406.0 38.678 "" "" 0.002827663562173843 0.0040874123 0.0043550567 0.008442469 296.33218661118 24.53221608587 2755.57886 -2.7560000000000002 -5.834
296.02490657717 24.35969311091 0.011 0.0151 18.5018 "" "" 2020735697095737984 2430.8374 0.3667 0.0216 -7.189 -10.303 0.014 0.021 0.997 "" "" 14.795085 2.489589 16.152702 13.663114 13.33 2.11 2292.85571 2582.11133 22746.40885 6.3153 4724.3 8.4417 27159.0 13.628 "" "" 0.002771760701756777 0.0033983686 0.0038184475 0.007216816 296.02490657717 24.35969311091 2430.8374 -7.189 -10.303
296.05484605589 24.74295678131 0.0096 0.0154 16.35 "" "" 2020815480412741760 2345.33398 0.3935 0.0202 -2.691 -5.027 0.013 0.02 0.977 "" "" 14.795156 1.380262 15.405737 14.025475 "" "" 2229.38013 2470.54834 22744.93194 3.9264 9399.9 8.2894 19452.0 12.349 "" "" 0.002761687638786477 0.00294988 0.0038417217 0.006791602 296.05484605589 24.74295678131 2345.33398 -2.691 -5.027
296.17365689741 24.51220576416 0.0098 0.0153 6.5411 "" "" 2020762016656768640 2032.27661 0.4629 0.0214 -3.686 -6.478 0.013 0.02 0.997 "" "" 14.797769 1.476469 15.461916 13.985447 80.56 6.79 1956.66785 2149.49927 22690.25182 4.5967 8925.9 7.6523 20183.0 10.26 "" "" 0.002764085565407879 0.0029413379 0.0038194708 0.0067608086 296.17365689741 24.51220576416 2032.27661 -3.685999999999999 -6.478
296.25410051277 24.60266853103 0.0104 0.017 2.7727 "" "" 2020764971594238848 2828.99951 0.3228 0.0217 -2.825 -5.732 0.014 0.021 1.068 10661.0 3.6228 14.804339 1.286056 15.350998 14.064941 "" "" 2678.26611 3020.18579 22553.35234 5.1157 9885.9 11.425 18758.0 16.409 "" "" 0.0027663044302017603 0.0030593295 0.0038968956 0.0069562253 296.25410051277 24.60266853103 2828.99951 -2.8249999999999997 -5.732
296.12719733747 24.62855562208 0.0176 0.0278 9.2131 "" "" 2020766964459240960 2183.24927 0.4294 0.0371 -6.218 -5.523 0.024 0.037 1.913 5054.2 2.6001 14.804744 2.559828 16.210688 13.65086 -14.37 1.81 2009.49512 2341.02686 22544.95493 7.5273 4478.6 7.3234 27467.0 9.988 "" "" 0.002779064477955259 0.0033071244 0.003799948 0.0071070725 296.12719733747 24.62855562208 2183.24927 -6.217999999999999 -5.523
296.32122660016 24.55772280176 0.0113 0.0163 2.2808 "" "" 2020752155418541056 2711.24243 0.3348 0.0222 -3.082 -5.807 0.015 0.02 1.08 10460.0 3.7714 14.805433 1.465096 15.466202 14.001106 "" "" 2562.91699 2885.3894 22530.64333 4.2703 8890.7 8.4375 19894.0 11.647 "" "" 0.0027629940217770163 0.0029743493 0.0038324632 0.0068068122 296.32122660016 24.55772280176 2711.24243 -3.082 -5.8069999999999995
296.29566714828 24.52436742562 0.01 0.0159 2.4634 "" "" 2020750540503323008 2584.32227 0.3379 0.0211 0.905 -7.354 0.013 0.019 1.008 4533.8 2.0009 14.806476 3.017158 16.576927 13.55977 -32.51 1.15 2442.16992 2707.37817 22509.01107 7.2548 3196.3 6.6579 29871.0 12.624 "" "" 0.0027774533770817374 0.0035916348 0.0038071342 0.0073987693 296.29566714828 24.52436742562 2584.32227 0.9049999999999998 -7.353999999999999
296.44616776844 24.40033208409 0.0109 0.0151 13.325 "" "" 2020746314255270016 2402.38794 0.3815 0.0214 -0.123 -1.817 0.014 0.019 1.048 "" "" 14.820259 2.570819 16.240429 13.66961 22.92 1.78 2262.68408 2557.6084 22225.06996 5.8067 4357.6 6.3173 26997.0 12.126 "" "" 0.0027698839367523067 0.003203524 0.003810715 0.007014239 296.44616776844 24.40033208409 2402.38794 -0.123 -1.817
296.34078728227 24.71344308183 0.01 0.0153 9.6307 "" "" 2020771774823091840 2491.2312 0.3638 0.0212 -4.401 -6.195 0.013 0.019 1.058 4637.1 2.2648 14.827014 2.35822 16.0831 13.724879 27.78 2.73 2339.09155 2621.37207 22087.2192 5.9172 5037.1 7.5099 25657.0 16.239 "" "" 0.0027706307927093236 0.0032257366 0.0038413487 0.0070670852 296.34078728227 24.71344308183 2491.2312 -4.401 -6.195
296.32297984885 24.70744611717 0.0159 0.0234 8.9922 "" "" 2020771946621799680 2686.53711 0.3378 0.0321 -0.947 -1.775 0.022 0.03 1.769 "" "" 14.829995 2.406198 16.10449 13.698292 6.43 1.83 2504.03931 2906.30322 22026.65343 7.5076 4938.8 11.452 26293.0 27.042 "" "" 0.0027800605770857607 0.003758096 0.003940897 0.007698993 296.32297984885 24.70744611717 2686.53711 -0.9470000000000002 -1.7750000000000001
296.09911010189 24.49930049884 0.0108 0.017 10.5736 "" "" 2020739403614976000 2685.92627 0.3297 0.0241 -3.25 -3.236 0.014 0.023 1.083 4971.9 2.5022 14.832022 2.452426 16.147167 13.694741 8.5 1.77 2550.86255 2854.15918 21985.58452 6.2348 4748.4 12.019 26379.0 49.758 "" "" 0.002772470275373962 0.003916318 0.0042986055 0.008214924 296.09911010189 24.49930049884 2685.92627 -3.2500000000000004 -3.2359999999999998
296.03578413463 24.4905531893 0.0107 0.0154 14.0079 "" "" 2020741984927742464 2924.2832 0.3014 0.0231 -3.513 -8.375 0.014 0.022 0.975 "" "" 14.834275 2.303419 16.056778 13.753359 -8.16 1.92 2737.71533 3094.35278 21940.00026 5.7055 5160.7 5.9174 24993.0 13.603 "" "" 0.002769748829448594 0.0030553087 0.0038253018 0.0068806102 296.03578413463 24.4905531893 2924.2832 -3.513000000000001 -8.374999999999998
296.30748110807 24.79071198165 0.0097 0.0148 13.7573 "" "" 2020775687503633152 2495.99121 0.3631 0.0202 -0.989 -5.345 0.013 0.018 1.042 4811.1 2.5645 14.856062 2.293096 16.068092 13.774996 -26.51 1.67 2371.6897 2628.39795 21504.13914 5.3235 5107.2 7.579 24500.0 18.518 "" "" 0.0027683989865972623 0.0032219652 0.0038674509 0.007089416 296.30748110807 24.79071198165 2495.99121 -0.9890000000000001 -5.345
296.24207025547 24.63532145896 0.0101 0.0164 4.8134 "" "" 2020765349551398272 2439.55371 0.3802 0.0208 -2.806 -6.134 0.013 0.02 1.018 "" "" 14.864574 1.380547 15.476342 14.095796 "" "" 2341.65845 2551.44336 21336.21643 4.5837 8808.1 8.5871 18232.0 8.7582 "" "" 0.0027651754601028316 0.0029842015 0.0038152002 0.0067994017 296.24207025547 24.63532145896 2439.55371 -2.8060000000000005 -6.134
296.27592362476 24.72972929233 0.0099 0.0152 10.0176 "" "" 2020774897229359104 2705.59644 0.3322 0.0203 1.278 -6.896 0.014 0.02 1.033 "" "" 14.869255 2.287471 16.073204 13.785733 47.8 2.36 2589.36548 2880.15625 21244.40686 4.8157 5083.2 7.4876 24259.0 20.036 "" "" 0.00276629034690221 0.0032160233 0.0038843087 0.007100332 296.27592362476 24.72972929233 2705.59644 1.2780000000000005 -6.895999999999999
296.41597519809 24.38720664733 0.0117 0.0161 12.8957 "" "" 2020745008585235200 2063.74487 0.4387 0.024 2.006 -1.531 0.015 0.021 1.053 "" "" 14.885535 2.511511 16.259317 13.747807 -98.43 2.38 1963.87537 2164.28076 20928.22819 5.9601 4282.4 6.3528 25121.0 17.988 "" "" 0.002772615487468519 0.003221685 0.0038585165 0.0070802015 296.41597519809 24.38720664733 2063.74487 2.006 -1.5310000000000001
296.08656283592 24.77433789148 0.01 0.0164 16.4955 "" "" 2020817851234673920 2500.8269 0.3635 0.0213 -2.72 -2.879 0.013 0.021 0.955 4772.6 2.348 14.891405 2.379553 16.171059 13.791506 -4.02 2.01 2370.28198 2632.37012 20815.40402 5.878 4645.1 5.5757 24130.0 10.372 "" "" 0.0027723260296673253 0.0030795317 0.0038080872 0.006887619 296.08656283592 24.77433789148 2500.8269 -2.7199999999999998 -2.879
296.19112058958 24.78083231477 0.0114 0.0177 13.9466 "" "" 2020770400433114368 2088.52759 0.4464 0.0236 -4.061 -8.488 0.015 0.022 1.098 5088.1 2.7926 14.896314 2.350509 16.15437 13.803861 18.0 1.83 1980.0155 2170.09595 20721.49592 5.0033 4717.0 7.9828 23857.0 11.606 "" "" 0.0027677635659212924 0.0033408445 0.0038161122 0.007156957 296.19112058958 24.78083231477 2088.52759 -4.061 -8.488
295.9833332176 24.46382333298 0.0105 0.0168 17.2403 "" "" 2020740404380014592 2793.27222 0.3201 0.0233 -3.592 -5.786 0.014 0.024 0.971 "" "" 14.899547 2.460824 16.238256 13.777432 19.18 1.99 2610.55591 3004.78979 20659.89846 5.5049 4366.3 4.6134 24445.0 11.579 "" "" 0.0027704661679557713 0.0030167983 0.0038142127 0.006831011 295.9833332176 24.46382333298 2793.27222 -3.5920000000000005 -5.786
296.07727694466 24.40673131354 0.0107 0.0168 14.4912 "" "" 2020737724320348672 2374.63184 0.3904 0.0237 -3.708 -6.307 0.014 0.024 0.95 9256.0 3.5154 14.908388 1.332618 15.490266 14.157648 "" "" 2249.74731 2502.12573 20492.33457 4.0959 8695.8 8.6721 17223.0 9.425 "" "" 0.002763852977204646 0.0029929006 0.0038257996 0.0068187 296.07727694466 24.40673131354 2374.63184 -3.7080000000000006 -6.307000000000001
296.47385427976 24.78424802222 0.0107 0.0166 16.9843 "" "" 2020773458450178048 2675.74341 0.3352 0.0218 -3.855 -8.185 0.015 0.021 1.095 "" "" 14.916473 2.415729 16.207676 13.791946 49.58 2.08 2524.32861 2870.65137 20340.30847 5.6084 4491.0 5.9344 24120.0 14.833 "" "" 0.002771535810864622 0.0031374167 0.0038379082 0.006975325 296.47385427976 24.78424802222 2675.74341 -3.855 -8.185
296.24461912323 24.26486023531 0.0192 0.0258 17.9798 "" "" 2020720956766995072 2297.573 0.4074 0.0383 -1.885 -5.069 0.024 0.035 1.199 6954.4 3.4361 14.916482 1.9182 15.640584 13.722383 -26.4 8.09 2099.11719 2482.59521 20340.14 10.733 7571.5 138.77 25716.0 367.28 "" "" 0.0028142535331479417 0.020093968 0.01596058 0.036054548 296.24461912323 24.26486023531 2297.573 -1.8849999999999998 -5.069
296.13929054759 24.42030022599 0.0113 0.0172 11.488 "" "" 2020737621240897024 2885.63306 0.3113 0.0252 -2.319 -4.988 0.015 0.023 1.054 "" "" 14.918155 2.746619 16.472986 13.726367 10.66 1.61 2681.24097 3107.15527 20308.82148 5.9724 3517.4 5.9867 25622.0 11.35 "" "" 0.0027737586400006353 0.0033466348 0.0038098618 0.007156497 296.13929054759 24.42030022599 2885.63306 -2.3189999999999995 -4.9879999999999995
296.22217292125 24.55542620286 0.0107 0.0166 3.1762 "" "" 2020762669491771136 2777.07056 0.3204 0.0232 -0.898 -3.633 0.014 0.021 1.027 "" "" 14.927705 2.393575 16.214563 13.820989 2.17 1.91 2626.91162 2911.18115 20130.97065 5.4089 4462.6 8.0001 23483.0 11.821 "" "" 0.0027707202808889297 0.0034019868 0.0038186957 0.0072206827 296.22217292125 24.55542620286 2777.07056 -0.898 -3.633
296.18102577638 24.62985641058 0.0172 0.027 6.7251 "" "" 2020766758305870464 2195.46802 0.4145 0.0358 -2.672 -3.446 0.023 0.034 1.043 4680.7 1.9861 14.932236 2.391859 16.21864 13.82678 -22.47 2.32 2026.02185 2369.15283 20047.1421 5.0304 4445.9 7.2074 23359.0 12.261 "" "" 0.0027687567870328866 0.003298952 0.003822108 0.00712106 296.18102577638 24.62985641058 2195.46802 -2.6719999999999997 -3.446
296.44917928616 24.65331062561 0.0155 0.0214 10.717 "" "" 2020758992999436032 2098.55371 0.4489 0.0304 -2.362 -5.175 0.021 0.029 1.479 7541.1 3.1631 14.941807 1.426145 15.580779 14.154634 "" "" 1965.62378 2226.03882 19871.19801 4.2327 8000.3 8.0451 17270.0 10.587 "" "" 0.0027650090110051513 0.0029961828 0.0038375426 0.0068337256 296.44917928616 24.65331062561 2098.55371 -2.362 -5.175
296.26579560597 24.80143605159 0.0101 0.0155 14.3382 "" "" 2020776550826871040 2582.77686 0.3519 0.0214 -3.274 -7.929 0.014 0.02 1.0 5422.0 2.5815 14.947137 2.59428 16.384525 13.790245 -16.9 2.19 2426.53271 2753.32544 19773.8845 5.4582 3816.0 7.1612 24158.0 14.363 "" "" 0.002771571292755849 0.0034549288 0.0038341128 0.0072890418 296.26579560597 24.80143605159 2582.77686 -3.2739999999999996 -7.9289999999999985
296.42635856443 24.64329777576 0.0104 0.0146 9.3403 "" "" 2020758786841015936 2249.96582 0.4019 0.0204 0.059 -4.217 0.014 0.019 1.001 5598.9 2.5987 14.963458 2.380971 16.240198 13.859227 -10.97 2.09 2168.13477 2339.10327 19478.86226 5.1073 4358.5 5.5718 22671.0 14.45 "" "" 0.0027699874142827143 0.0031163332 0.0038422162 0.0069585494 296.42635856443 24.64329777576 2249.96582 0.05899999999999994 -4.217
296.07160368467 24.6290022632 0.0102 0.0162 12.0331 "" "" 2020767342416428416 2398.44287 0.3748 0.0216 -2.021 -2.123 0.014 0.021 1.018 "" "" 14.96972 2.256897 16.159613 13.902716 10.1 1.97 2248.73267 2534.854 19366.84765 4.8068 4694.3 5.6666 21781.0 11.042 "" "" 0.0027684665716254248 0.0030826558 0.0038192524 0.006901908 296.07160368467 24.6290022632 2398.44287 -2.021 -2.123
296.15390487768 24.76361214811 0.0188 0.0317 13.8669 "" "" 2020817198399578112 2814.93701 0.3133 0.0406 -3.364 -4.934 0.026 0.04 0.997 4724.5 1.1412 14.990658 4.413957 17.939222 13.525266 -5.15 1.09 2527.90625 3324.42456 18996.93512 13.9 911.44 7.4329 30836.0 50.481 "" "" 0.0028675613623109692 0.009283522 0.004176483 0.013460005 296.15390487768 24.76361214811 2814.93701 -3.363999999999999 -4.934
296.58784083727 24.54117548743 0.0106 0.0165 16.861 "" "" 2020753495441159552 2000.97668 0.4708 0.0209 -1.749 -4.539 0.014 0.023 1.001 "" "" 14.993667 1.500954 15.666133 14.165179 "" "" 1919.75061 2122.64624 18944.36962 4.8 7395.4 8.2621 17104.0 10.64 "" "" 0.0027690192484541984 0.0030424276 0.0038392588 0.0068816864 296.58784083727 24.54117548743 2000.97668 -1.7489999999999999 -4.539
296.14730609761 24.80274961781 0.0101 0.017 16.1073 "" "" 2020817576356718848 2538.72021 0.3654 0.0224 -2.16 -4.447 0.014 0.021 0.97 9496.7 3.8008 15.006265 1.327103 15.577291 14.250188 "" "" 2390.48657 2687.48779 18725.82693 3.8356 8026.0 14.477 15816.0 20.884 "" "" 0.0027642805621674394 0.0034088737 0.0040421607 0.007451034 296.14730609761 24.80274961781 2538.72021 -2.16 -4.447
296.14403583355 24.68115071164 0.0104 0.0168 10.2597 "" "" 2020769335281207168 2829.32324 0.3191 0.0211 -2.959 -5.749 0.014 0.021 0.952 10082.8 3.8075 15.025858 1.380257 15.63784 14.257584 "" "" 2692.97437 2967.4624 18390.92441 3.4259 7590.7 7.7833 15708.0 8.119 "" "" 0.002762733386883077 0.0030040725 0.0038208188 0.006824891 296.14403583355 24.68115071164 2829.32324 -2.9589999999999996 -5.748999999999999
296.14341243428 24.44160703063 0.0114 0.0173 10.4084 "" "" 2020738067917499648 2897.75586 0.3206 0.0258 -1.819 -6.248 0.015 0.023 1.014 "" "" 15.02701 1.592867 15.764457 14.17159 "" "" 2675.73169 3131.04639 18371.42774 4.2459 6755.1 8.1547 17003.0 9.6846 "" "" 0.00276672276431948 0.0030826873 0.003829643 0.00691233 296.14341243428 24.44160703063 2897.75586 -1.819 -6.248000000000001
296.23407295421 24.47721411869 0.0112 0.0181 5.7102 "" "" 2020749956387796608 2779.70752 0.3286 0.0238 -2.948 -5.811 0.014 0.023 0.978 10013.4 3.5699 15.027381 1.647856 15.798928 14.151072 "" "" 2601.22656 2975.48584 18365.1433 4.915 6544.0 8.9916 17327.0 10.321 "" "" 0.0027705994648808737 0.003163952 0.003834317 0.006998269 296.23407295421 24.47721411869 2779.70752 -2.9479999999999995 -5.810999999999999
