Clusters/Gulliver_43/Gulliver_43_stars_in_region.tsv
# %ECSV 1.0
# ---
# datatype:
# - name: RA_ICRS_1
#   unit: deg
#   datatype: float64
#   format: '{:15.11f}'
#   description: Right ascension (ICRS) at Ep=2016.0 (ra)
#   meta: !!omap
#   - {ucd: POS_EQ_RA_MAIN}
#   - {width: 15}
#   - {precision: '11'}
# - name: DE_ICRS_1
#   unit: deg
#   datatype: float64
#   format: '{:15.11f}'
#   description: Declination (ICRS) at Ep=2016.0 (dec)
#   meta: !!omap
#   - {ucd: POS_EQ_DEC_MAIN}
#   - {width: 15}
#   - {precision: '11'}
# - name: e_RA_ICRS
#   unit: mas
#   datatype: float64
#   format: '{:7.4f}'
#   description: Standard error of right ascension (ra_error)
#   meta: !!omap
#   - {ucd: ERROR}
#   - {width: 7}
#   - {precision: '4'}
# - name: e_DE_ICRS
#   unit: mas
#   datatype: float64
#   format: '{:7.4f}'
#   description: Standard error of declination (dec_error)
#   meta: !!omap
#   - {ucd: ERROR}
#   - {width: 7}
#   - {precision: '4'}
# - name: _r_1
#   unit: ''
#   datatype: float64
#   format: '{:7.4f}'
#   description: Distance from center (296.27980644000+24.56280608000)[ICRS], at Epoch=J2016.0
#   meta: !!omap
#   - {ucd: POS_ANG_DIST_GENERAL}
#   - {width: 7}
#   - {precision: '4'}
# - name: HIP
#   datatype: int32
#   description: '? HIP cross-id number, van Leeuwen, Cat. I/311 (hip_original_ext_source_id)'
#   meta: !!omap
#   - {ucd: ID_NUMBER}
#   - {width: 6}
#   - values: {'null': -2147483648}
# - name: TYC2
#   datatype: string
#   description: Tycho-2 cross-id name, Hog et al., Cat. I/259 (tyc2_original_ext_source_id)
#   meta: !!omap
#   - {ucd: ID_CROSSID}
#   - {_votable_string_dtype: char}
# - name: Source
#   datatype: int64
#   description: Source identifier, identical to the Gaia-EDR3 source_id (id)
#   meta: !!omap
#   - {ucd: ID_MAIN}
#   - {width: 19}
# - name: rgeo
#   unit: pc
#   datatype: float64
#   format: '{:15.8f}'
#   description: '? Median of the geometric distance posterior (r_med_geo)'
#   meta: !!omap
#   - {ucd: PHYS_DISTANCE_TRUE}
#   - {width: 15}
#   - {precision: '8'}
#   - values: {'null': .nan}
# - name: Plx
#   unit: mas
#   datatype: float64
#   format: '{:9.4f}'
#   description: '? Parallax (parallax)'
#   meta: !!omap
#   - {ucd: POS_PARLX_TRIG}
#   - {width: 9}
#   - {precision: '4'}
#   - values: {'null': .nan}
# - name: e_Plx
#   unit: mas
#   datatype: float32
#   format: '{:7.4f}'
#   description: '? Standard error of parallax (parallax_error)'
#   meta: !!omap
#   - {ucd: ERROR}
#   - {width: 7}
#   - {precision: '4'}
#   - values: {'null': .nan}
# - name: pmRA
#   unit: mas / yr
#   datatype: float64
#   format: '{:9.3f}'
#   description: '? Proper motion in right ascension direction, pmRA*cosDE (pmra)'
#   meta: !!omap
#   - {ucd: POS_EQ_PMRA}
#   - {width: 9}
#   - {precision: '3'}
#   - values: {'null': .nan}
# - name: pmDE
#   unit: mas / yr
#   datatype: float64
#   format: '{:9.3f}'
#   description: '? Proper motion in declination direction (pmdec)'
#   meta: !!omap
#   - {ucd: POS_EQ_PMDEC}
#   - {width: 9}
#   - {precision: '3'}
#   - values: {'null': .nan}
# - name: e_pmRA
#   unit: mas / yr
#   datatype: float32
#   format: '{:6.3f}'
#   description: '? Standard error of proper motion in right ascension direction (pmra_error)'
#   meta: !!omap
#   - {ucd: ERROR}
#   - {width: 6}
#   - {precision: '3'}
#   - values: {'null': .nan}
# - name: e_pmDE
[...]
#         unit: &id001 !astropy.units.Unit {unit: deg}
#         value: !astropy.table.SerializedColumn {name: SkyCoord.dec}
#       distance: !astropy.table.SerializedColumn
#         __class__: astropy.coordinates.distances.Distance
#         unit: !astropy.units.Unit {unit: pc}
#         value: !astropy.table.SerializedColumn {name: SkyCoord.distance}
#       frame: icrs
#       obstime: !astropy.time.Time {format: jyear_str, in_subfmt: '*', jd1: 367701545.0, jd2: 0.0, out_subfmt: '*', precision: 3, scale: tt}
#       pm_dec: !astropy.table.SerializedColumn
#         __class__: astropy.units.quantity.Quantity
#         unit: !astropy.units.Unit {unit: mas / yr}
#         value: !astropy.table.SerializedColumn {name: SkyCoord.pm_dec}
#       pm_ra_cosdec: !astropy.table.SerializedColumn
#         __class__: astropy.units.quantity.Quantity
#         unit: !astropy.units.Unit {unit: mas / yr}
#         value: !astropy.table.SerializedColumn {name: SkyCoord.pm_ra_cosdec}
#       ra: !astropy.table.SerializedColumn
#         __class__: astropy.coordinates.angles.Longitude
#         unit: *id001
#         value: !astropy.table.SerializedColumn {name: SkyCoord.ra}
#         wrap_angle: !astropy.coordinates.Angle
#           unit: *id001
#           value: 360.0
#       representation_type: spherical
# schema: astropy-2.0
RA_ICRS_1 DE_ICRS_1 e_RA_ICRS e_DE_ICRS _r_1 HIP TYC2 Source rgeo Plx e_Plx pmRA pmDE e_pmRA e_pmDE RUWE Teff logg Gmag BP-RP BPmag RPmag RV e_RV b_rgeo B_rgeo FG e_FG FBP e_FBP FRP e_FRP RAVE5 RAVE6 e_Gmag e_BPmag e_RPmag e_BP-RP SkyCoord.ra SkyCoord.dec SkyCoord.distance SkyCoord.pm_ra_cosdec SkyCoord.pm_dec
[from data line 364]
296.37565999992 24.27424913026 0.0579 0.0641 18.0881 "" "" 2020532837185944960 2631.66113 0.378 0.0953 -1.647 -7.285 0.07 0.083 2.061 4767.8 2.116 15.802749 4.031281 18.302378 14.271097 11.64 2.78 2049.69531 3368.41309 8991.80924 11.658 652.33 12.978 15514.0 36.082 "" "" 0.0030940794858645045 0.021780005 0.004545352 0.026325356 296.37565999992 24.27424913026 2631.66113 -1.6469999999999998 -7.285
296.3611993774 24.50972142565 0.016 0.0231 5.4664 "" "" 2020751051569989120 2500.73389 0.3707 0.0317 -2.703 -4.706 0.021 0.029 1.095 8509.5 2.995 15.80827 1.494347 16.460709 14.966362 "" "" 2295.59058 2697.33301 8946.19975 2.4401 3557.4 11.546 8177.4 37.825 "" "" 0.002771188695073949 0.004494763 0.006285342 0.010780105 296.3611993774 24.50972142565 2500.73389 -2.7029999999999994 -4.706
296.15444292858 24.70533824776 0.0146 0.0236 10.9491 "" "" 2020769541439644672 2694.02734 0.3484 0.0306 -2.064 -7.053 0.02 0.031 0.983 8797.7 3.902 15.808441 1.713323 16.623661 14.910338 "" "" 2476.09766 2927.36011 8944.79123 2.2992 3061.6 6.0009 8610.4 8.037 "" "" 0.002769417955525357 0.0035091112 0.0039128982 0.0074220095 296.15444292858 24.70533824776 2694.02734 -2.064 -7.053
296.32039322492 24.33221499167 0.02 0.0256 14.0119 "" "" 2020720922407117696 2803.51074 0.3095 0.0379 -2.769 -4.414 0.025 0.034 0.992 "" "" 15.808652 2.721805 17.343845 14.622041 "" "" 2566.81079 3074.99243 8943.05636 3.1511 1577.2 5.2477 11229.0 7.5447 "" "" 0.0027817516435445816 0.004564551 0.0038491425 0.008413694 296.32039322492 24.33221499167 2803.51074 -2.769 -4.414
296.01283113167 24.70415977074 0.0152 0.0253 16.8507 "" "" 2020815686571192064 2817.11304 0.3254 0.0323 0.011 -4.213 0.02 0.034 1.061 4693.5 2.2749 15.812264 2.58451 17.24294 14.658431 "" "" 2568.21802 3063.30078 8913.35273 3.0075 1730.8 5.105 10859.0 8.4479 "" "" 0.0027795678056674014 0.0042473874 0.0038726195 0.008120007 296.01283113167 24.70415977074 2817.11304 0.010999999999999899 -4.212999999999999
296.01046820203 24.56842096638 0.0159 0.0239 14.7014 "" "" 2020743599802552832 1978.68347 0.4752 0.0337 -1.042 -3.078 0.022 0.033 0.997 7444.3 3.909 15.829463 1.543438 16.528246 14.984808 "" "" 1867.19543 2103.02686 8773.27073 3.1933 3342.9 7.4933 8039.6 16.929 "" "" 0.002783516132258364 0.0037024498 0.0044170814 0.008119531 296.01046820203 24.56842096638 1978.68347 -1.042 -3.0779999999999994
296.15250977786 24.3980735141 0.0172 0.0258 12.0835 "" "" 2020725801499765120 2072.55835 0.4579 0.0365 1.89 -0.491 0.022 0.035 0.963 6639.3 4.0704 15.8397 1.804976 16.714972 14.909995 "" "" 1942.02222 2254.52173 8690.94133 2.4904 2814.7 6.4544 8613.1 8.6339 "" "" 0.0027728296872456763 0.0037394764 0.0039329696 0.007672446 296.15250977786 24.3980735141 2072.55835 1.8900000000000001 -0.491
296.45965248967 24.74251606968 0.0153 0.0225 14.5755 "" "" 2020772736895659904 2130.60522 0.4361 0.0309 -0.973 -4.436 0.021 0.031 1.035 8601.5 3.034 15.844789 1.886367 16.763605 14.877238 "" "" 2000.82446 2256.57715 8650.29284 2.5235 2691.4 5.7784 8876.9 8.0621 "" "" 0.0027734654852430954 0.0036357797 0.0039059026 0.0075416826 296.45965248967 24.74251606968 2130.60522 -0.9730000000000001 -4.435999999999999
296.42422130933 24.67125631956 0.0153 0.0214 10.2173 "" "" 2020759233517626880 2323.1084 0.401 0.0303 -5.244 -6.303 0.021 0.029 0.951 7788.8 3.2943 15.848612 1.839043 16.742996 14.903954 "" "" 2175.05176 2478.2312 8619.89234 6.4814 2743.0 9.8513 8661.2 25.04 "" "" 0.0028737192646004304 0.0047947853 0.0049128975 0.009707683 296.42422130933 24.67125631956 2323.1084 -5.244000000000001 -6.303
296.15877157034 24.5736404492 0.0175 0.0266 6.6365 "" "" 2020763631564534912 2226.8186 0.4207 0.0379 1.28 -0.462 0.023 0.036 0.992 7331.9 3.7242 15.862211 1.880434 16.787115 14.906681 "" "" 2039.3053 2429.27173 8512.60222 2.1795 2633.7 5.3723 8639.4 7.0066 "" "" 0.0027693075261424234 0.0035623056 0.0038806023 0.007442908 296.15877157034 24.5736404492 2226.8186 1.28 -0.46199999999999997
296.29017717672 24.31587236323 0.0197 0.0263 14.8268 "" "" 2020721540882411520 2658.35498 0.3467 0.0397 -2.085 -3.023 0.025 0.036 1.04 "" "" 15.863518 2.750624 17.412119 14.661495 "" "" 2460.46948 2913.05859 8502.3653 5.7634 1481.0 6.6575 10828.0 31.89 "" "" 0.0028519202624894373 0.0056219297 0.004950624 0.010572554 296.29017717672 24.31587236323 2658.35498 -2.085 -3.0230000000000006
296.5077612847 24.62134921225 0.0177 0.0263 12.9232 "" "" 2020757996566963456 2785.73535 0.3138 0.0356 -1.526 -3.435 0.023 0.036 0.969 "" "" 15.871781 3.475661 18.002304 14.526643 10.28 3.09 2497.85303 3079.20923 8437.89677 3.7965 859.99 6.2365 12260.0 13.815 "" "" 0.0027982908125421444 0.008353334 0.0039724736 0.0123258075 296.5077612847 24.62134921225 2785.73535 -1.526 -3.434999999999999
296.25670469719 24.58873769559 0.016 0.0255 2.0024 "" "" 2020764215679981824 2579.58301 0.3633 0.0328 -2.939 -5.771 0.021 0.032 0.997 9148.6 3.5634 15.873593 1.376954 16.480177 15.103223 "" "" 2364.2854 2773.02539 8423.82528 2.387 3494.2 7.0938 7208.9 7.6491 "" "" 0.002772443416125208 0.0035557905 0.0039510643 0.007506855 296.25670469719 24.58873769559 2579.58301 -2.9390000000000005 -5.770999999999999
296.23776592999 24.80108914353 0.0158 0.0242 14.4795 "" "" 2020776344668466048 2454.09814 0.3616 0.0321 -1.524 0.975 0.021 0.032 1.051 6088.6 2.9243 15.875353 2.672775 17.352362 14.679586 "" "" 2279.02539 2620.69434 8410.18375 3.1709 1564.8 9.1935 10649.0 21.175 "" "" 0.0027855631227998363 0.006962436 0.0043525524 0.011314988 296.23776592999 24.80108914353 2454.09814 -1.524 0.9750000000000001
296.12253330983 24.45116956919 0.0174 0.0259 10.8899 "" "" 2020738274075939328 2789.67627 0.3196 0.0391 -2.5 -5.89 0.022 0.035 0.994 4590.6 2.1405 15.875906 2.867574 17.520777 14.653203 "" "" 2562.24048 3084.2998 8405.89964 3.2166 1340.0 4.4842 10911.0 10.787 "" "" 0.002786467787587282 0.0045810603 0.003928856 0.008509916 296.12253330983 24.45116956919 2789.67627 -2.5 -5.889999999999999
296.4110297864 24.30820000915 0.0196 0.0242 16.8745 "" "" 2020556442327988480 2103.15161 0.4374 0.0351 0.824 -0.548 0.024 0.032 1.041 5102.6 2.6542 15.876328 2.508034 17.244352 14.736319 "" "" 1928.62012 2279.32739 8402.64148 2.8472 1728.5 4.9449 10107.0 8.7955 "" "" 0.0027797729619056643 0.004175257 0.0038956986 0.008070955 296.4110297864 24.30820000915 2103.15161 0.8239999999999998 -0.548
296.47415751088 24.76529848909 0.0153 0.0245 16.1218 "" "" 2020772874334613248 2275.01733 0.4124 0.0329 -4.067 -8.045 0.021 0.032 0.977 15014.9 4.5049 15.878456 1.915952 16.826797 14.910846 "" "" 2127.07422 2452.94434 8386.18172 2.2912 2539.2 5.6593 8606.4 7.4296 "" "" 0.0027712419579174986 0.0036933408 0.003893869 0.00758721 296.47415751088 24.76529848909 2275.01733 -4.067 -8.045
296.36493278215 24.45929748005 0.0175 0.024 7.7568 "" "" 2020749166113673088 2312.88428 0.4113 0.0353 -3.509 -6.29 0.022 0.031 1.031 "" "" 15.880154 1.434035 16.518938 15.084903 "" "" 2122.3374 2466.5249 8373.07738 2.3657 3371.6 5.1408 7331.6 5.4577 "" "" 0.0027723439832860147 0.003244318 0.0038648369 0.007109155 296.36493278215 24.45929748005 2312.88428 -3.509 -6.29
296.20342143567 24.73399546799 0.0165 0.0259 11.0839 "" "" 2020769919396729088 2794.70776 0.33 0.0325 -0.893 -2.601 0.022 0.033 1.055 7613.2 3.4991 15.899197 1.787975 16.761694 14.973719 "" "" 2586.49976 3081.84668 8227.50477 2.7747 2696.1 6.9092 8122.1 9.3934 "" "" 0.002779543729650114 0.00394039 0.0039825193 0.007922909 296.20342143567 24.73399546799 2794.70776 -0.8929999999999998 -2.6009999999999995
296.49252013984 24.43054973588 0.0175 0.0237 14.0661 "" "" 2020746795291592192 2781.75513 0.3168 0.0334 -4.047 -2.161 0.022 0.031 0.949 "" "" 15.902188 3.155064 17.774584 14.61952 "" "" 2546.13477 3101.96313 8204.86645 3.212 1060.7 4.3394 11255.0 10.777 "" "" 0.0027879108936204786 0.0052454607 0.0039197635 0.009165224 296.49252013984 24.43054973588 2781.75513 -4.047 -2.1609999999999996
296.43326998024 24.50159289776 0.0166 0.0243 9.1464 "" "" 2020748272760432000 2595.15381 0.3538 0.0346 -2.788 -7.394 0.022 0.032 1.035 4682.9 2.7358 15.905545 2.846296 17.536266 14.68997 "" "" 2415.60889 2882.40381 8179.53421 2.8902 1321.0 6.1454 10548.0 7.8023 "" "" 0.0027819002262342357 0.005770353 0.0038637698 0.009634123 296.43326998024 24.50159289776 2595.15381 -2.7880000000000003 -7.393999999999999
296.09622553851 24.57072666875 0.0167 0.025 10.029 "" "" 2020766139825515904 2279.23633 0.4111 0.0347 -2.296 -5.205 0.022 0.034 0.963 7842.8 4.2201 15.913609 1.671094 16.687368 15.016274 "" "" 2113.58057 2484.14722 8119.01238 2.5219 2887.1 9.1404 7810.0 20.385 "" "" 0.002775882812593576 0.0044272607 0.004723843 0.009151104 296.09622553851 24.57072666875 2279.23633 -2.296 -5.205
296.00231318744 24.5694299743 0.017 0.0261 15.1477 "" "" 2020743565475768320 2468.0564 0.3732 0.0368 -1.887 -4.31 0.023 0.035 0.959 7250.8 3.9664 15.914059 1.943396 16.870682 14.927286 "" "" 2236.35718 2727.09302 8115.65128 3.7124 2438.6 6.0765 8477.0 10.193 "" "" 0.0027997243759226623 0.0038864417 0.0039985143 0.007884956 296.00231318744 24.5694299743 2468.0564 -1.887 -4.31
296.3941399001 24.65417541008 0.0211 0.0309 8.3038 "" "" 2020770572232153088 2746.00537 0.3459 0.0422 -2.347 -5.384 0.028 0.04 1.409 5513.4 4.0779 15.914241 1.78574 16.759233 14.973494 "" "" 2441.31274 3112.5376 8114.28863 4.0289 2702.2 5.3022 8123.8 7.0977 "" "" 0.0028075623195003415 0.0035105112 0.0038966096 0.007407121 296.3941399001 24.65417541008 2746.00537 -2.3469999999999995 -5.384
296.4244881136 24.79579593484 0.0162 0.0254 16.0513 "" "" 2020773939486578432 2689.4873 0.3399 0.0343 -1.813 -3.084 0.022 0.032 0.997 "" "" 15.923759 2.588145 17.328022 14.739877 "" "" 2428.1792 2942.43652 8043.46204 3.2657 1600.3 4.4182 10074.0 9.4946 "" "" 0.002790359897033217 0.0040951716 0.003915463 0.008010635 296.4244881136 24.79579593484 2689.4873 -1.8130000000000002 -3.084
296.15213286023 24.68769444375 0.0156 0.0246 10.2295 "" "" 2020769369640941184 2478.34741 0.3721 0.0328 -1.792 -3.499 0.021 0.031 0.954 6707.5 3.8846 15.928158 1.837233 16.797518 14.960285 "" "" 2317.0708 2654.34814 8010.93967 2.438 2608.6 5.9502 8223.3 8.7041 "" "" 0.002775062323822756 0.0037307348 0.003950244 0.0076809786 296.15213286023 24.68769444375 2478.34741 -1.7919999999999996 -3.499
296.16469473547 24.43614079908 0.018 0.0265 9.862 "" "" 2020738033557753984 2700.41284 0.336 0.0388 -1.914 -6.212 0.024 0.036 0.992 4983.7 2.9171 15.931184 2.706616 17.45141 14.744794 "" "" 2417.13208 3099.54199 7988.64475 2.8293 1428.4 4.511 10029.0 9.5253 "" "" 0.0027820231287800806 0.004420633 0.003917539 0.008338172 296.16469473547 24.43614079908 2700.41284 -1.9139999999999997 -6.212
296.44390801082 24.54418655963 0.0171 0.0252 9.0252 "" "" 2020751365136901248 2577.76562 0.3576 0.0361 -2.059 -4.741 0.023 0.032 1.046 8528.5 3.125 15.934481 1.580136 16.666372 15.086236 "" "" 2343.54004 2845.26123 7964.42539 2.2075 2943.5 6.4971 7322.6 7.5186 "" "" 0.0027717053218494344 0.003678087 0.003940368 0.007618455 296.44390801082 24.54418655963 2577.76562 -2.059 -4.741
296.0141115246 24.71596402868 0.0162 0.0252 17.1584 "" "" 2020816064528320512 2737.2793 0.3323 0.0341 -2.004 -4.231 0.022 0.034 1.031 4942.9 3.417 15.942548 2.288762 17.151258 14.862496 "" "" 2484.3877 2978.84375 7905.4668 2.537 1883.3 5.0688 8998.3 9.3584 "" "" 0.002777263728411402 0.0040403344 0.003944463 0.0079847975 296.0141115246 24.71596402868 2737.2793 -2.0039999999999996 -4.231
296.03450118106 24.49142891861 0.0175 0.0251 14.0584 "" "" 2020741984927744512 2269.5022 0.4046 0.0378 -0.61 -5.314 0.023 0.036 1.025 7525.7 3.7362 15.94413 1.720265 16.712246 14.991981 "" "" 2080.98926 2457.14722 7893.9547 3.1047 2821.8 11.856 7986.7 28.164 "" "" 0.0027882138395596816 0.0053474354 0.005379839 0.010727274 296.03450118106 24.49142891861 2269.5022 -0.6100000000000001 -5.314000000000001
296.50022615308 24.3741849733 0.0185 0.0237 16.5221 "" "" 2020558332113565696 2685.20532 0.3431 0.0344 -3.501 -6.256 0.024 0.031 0.998 9202.0 3.8332 15.947786 1.658086 16.725311 15.067225 "" "" 2474.71094 2944.79175 7867.41708 2.2 2788.0 5.1828 7451.9 8.679 "" "" 0.002771997097551797 0.0034436574 0.0039853165 0.007428974 296.50022615308 24.3741849733 2685.20532 -3.5009999999999994 -6.256
296.31507072063 24.50432051029 0.0166 0.0244 4.0024 "" "" 2020750265625384192 2325.79126 0.3759 0.0335 -1.819 -8.088 0.021 0.031 1.017 4872.2 2.7479 15.952058 2.933836 17.651655 14.717819 "" "" 2130.54297 2593.71484 7836.52322 3.1421 1187.8 6.3277 10281.0 9.1682 "" "" 0.0027894988099947796 0.006421798 0.003901432 0.01032323 296.31507072063 24.50432051029 2325.79126 -1.819 -8.088
296.1916686525 24.65083803306 0.0161 0.0258 7.1425 "" "" 2020768338848711040 2564.39746 0.3672 0.0332 -3.203 -4.165 0.021 0.032 1.033 7180.4 4.0303 15.961836 1.770483 16.816244 15.045761 "" "" 2353.67139 2791.2356 7766.26514 2.2992 2564.0 4.7036 7600.7 7.2288 "" "" 0.00277400573231808 0.003428141 0.003917909 0.00734605 296.1916686525 24.65083803306 2564.39746 -3.2030000000000003 -4.165000000000001
296.44055549193 24.47931330628 0.0171 0.0242 10.1043 "" "" 2020747963522766464 2359.03418 0.3957 0.0344 -3.491 -5.988 0.022 0.032 0.956 9035.6 4.0431 15.968979 1.804629 16.84321 15.038581 "" "" 2182.76025 2538.28857 7715.34092 2.4159 2501.1 5.661 7651.1 6.7767 "" "" 0.0027762155922829265 0.003718085 0.0038998083 0.007617893 296.44055549193 24.47931330628 2359.03418 -3.4910000000000005 -5.988000000000001
296.07114257326 24.65440563777 0.0164 0.0252 12.6401 "" "" 2020767582934609792 2091.20752 0.4566 0.0331 -0.88 -1.994 0.022 0.034 1.002 8270.6 4.4081 15.970714 1.674018 16.765352 15.091334 "" "" 1976.66565 2216.34082 7703.02535 2.2508 2687.1 5.2619 7288.3 6.6414 "" "" 0.0027735241400387634 0.0035078963 0.0039067348 0.007414631 296.07114257326 24.65440563777 2091.20752 -0.8799999999999999 -1.9939999999999998
296.17913164164 24.34184002486 0.0202 0.0269 14.353 "" "" 2020724564539626624 2790.62817 0.3264 0.0388 -2.53 -4.664 0.026 0.038 1.008 4554.6 2.0453 15.971077 3.008132 17.727869 14.719737 "" "" 2455.1333 3132.1416 7700.44734 2.9333 1107.3 4.6999 10263.0 8.2432 "" "" 0.002786187717631977 0.0053872205 0.003878687 0.009265907 296.17913164164 24.34184002486 2790.62817 -2.5300000000000002 -4.664
296.05269721905 24.47933561703 0.0172 0.0262 13.3709 "" "" 2020739029990228096 2447.3772 0.3705 0.0389 -1.393 -3.564 0.023 0.037 1.006 5021.6 2.9011 15.973589 2.357722 17.232561 14.874839 "" "" 2255.90894 2709.31982 7682.65384 2.7378 1747.4 4.3727 8896.6 8.2969 "" "" 0.002782353686796643 0.0038944662 0.0039126696 0.0078071356 296.05269721905 24.47933561703 2447.3772 -1.393 -3.5639999999999996
296.19728140487 24.42281451261 0.0185 0.0281 9.5318 "" "" 2020726110727657344 2245.52051 0.427 0.0399 -2.142 -4.983 0.023 0.035 0.969 8619.5 3.9287 15.975672 1.57811 16.703114 15.125004 "" "" 2052.5918 2466.02979 7667.92733 2.372 2845.6 6.4127 7065.7 7.0177 "" "" 0.002775714816245087 0.0037110217 0.003930215 0.0076412363 296.19728140487 24.42281451261 2245.52051 -2.142 -4.982999999999999
296.29133637032 24.653853729 0.016 0.0241 5.4989 "" "" 2020765521350047104 2650.21484 0.3509 0.0329 -2.038 -5.292 0.021 0.03 0.979 8974.2 3.6125 15.978116 1.459095 16.633366 15.174271 "" "" 2392.52368 2926.74365 7650.68718 2.2305 3034.4 5.5197 6752.3 8.3799 "" "" 0.0027734429545096385 0.0034184312 0.004012398 0.007430829 296.29133637032 24.653853729 2650.21484 -2.038 -5.292
296.58324807973 24.51551734579 0.019 0.0281 16.8033 "" "" 2020753392361937536 2094.54517 0.4497 0.0369 -0.941 -4.765 0.025 0.037 1.12 "" "" 15.981054 2.067781 17.024538 14.956758 "" "" 1911.75696 2254.23877 7630.00604 2.6692 2116.4 5.1212 8250.0 8.0727 "" "" 0.0027813763565180285 0.0038324136 0.0039258664 0.0077582803 296.58324807973 24.51551734579 2094.54517 -0.9409999999999998 -4.765
