Clusters/Gulliver_43/Gulliver_43_stars_in_region.tsv
# %ECSV 1.0
# ---
# datatype:
# - name: RA_ICRS_1
#   unit: deg
#   datatype: float64
#   format: '{:15.11f}'
#   description: Right ascension (ICRS) at Ep=2016.0 (ra)
#   meta: !!omap
#   - {ucd: POS_EQ_RA_MAIN}
#   - {width: 15}
#   - {precision: '11'}
# - name: DE_ICRS_1
#   unit: deg
#   datatype: float64
#   format: '{:15.11f}'
#   description: Declination (ICRS) at Ep=2016.0 (dec)
#   meta: !!omap
#   - {ucd: POS_EQ_DEC_MAIN}
#   - {width: 15}
#   - {precision: '11'}
# - name: e_RA_ICRS
#   unit: mas
#   datatype: float64
#   format: '{:7.4f}'
#   description: Standard error of right ascension (ra_error)
#   meta: !!omap
#   - {ucd: ERROR}
#   - {width: 7}
#   - {precision: '4'}
# - name: e_DE_ICRS
#   unit: mas
#   datatype: float64
#   format: '{:7.4f}'
#   description: Standard error of declination (dec_error)
#   meta: !!omap
#   - {ucd: ERROR}
#   - {width: 7}
#   - {precision: '4'}
# - name: _r_1
#   unit: ''
#   datatype: float64
#   format: '{:7.4f}'
#   description: Distance from center (296.27980644000+24.56280608000)[ICRS], at Epoch=J2016.0
#   meta: !!omap
#   - {ucd: POS_ANG_DIST_GENERAL}
#   - {width: 7}
#   - {precision: '4'}
# - name: HIP
#   datatype: int32
#   description: '? HIP cross-id number, van Leeuwen, Cat. I/311 (hip_original_ext_source_id)'
#   meta: !!omap
#   - {ucd: ID_NUMBER}
#   - {width: 6}
#   - values: {'null': -2147483648}
# - name: TYC2
#   datatype: string
#   description: Tycho-2 cross-id name, Hog et al., Cat. I/259 (tyc2_original_ext_source_id)
#   meta: !!omap
#   - {ucd: ID_CROSSID}
#   - {_votable_string_dtype: char}
# - name: Source
#   datatype: int64
#   description: Source identifier, identical to the Gaia-EDR3 source_id (id)
#   meta: !!omap
#   - {ucd: ID_MAIN}
#   - {width: 19}
# - name: rgeo
#   unit: pc
#   datatype: float64
#   format: '{:15.8f}'
#   description: '? Median of the geometric distance posterior (r_med_geo)'
#   meta: !!omap
#   - {ucd: PHYS_DISTANCE_TRUE}
#   - {width: 15}
#   - {precision: '8'}
#   - values: {'null': .nan}
# - name: Plx
#   unit: mas
#   datatype: float64
#   format: '{:9.4f}'
#   description: '? Parallax (parallax)'
#   meta: !!omap
#   - {ucd: POS_PARLX_TRIG}
#   - {width: 9}
#   - {precision: '4'}
#   - values: {'null': .nan}
# - name: e_Plx
#   unit: mas
#   datatype: float32
#   format: '{:7.4f}'
#   description: '? Standard error of parallax (parallax_error)'
#   meta: !!omap
#   - {ucd: ERROR}
#   - {width: 7}
#   - {precision: '4'}
#   - values: {'null': .nan}
# - name: pmRA
#   unit: mas / yr
#   datatype: float64
#   format: '{:9.3f}'
#   description: '? Proper motion in right ascension direction, pmRA*cosDE (pmra)'
#   meta: !!omap
#   - {ucd: POS_EQ_PMRA}
#   - {width: 9}
#   - {precision: '3'}
#   - values: {'null': .nan}
# - name: pmDE
#   unit: mas / yr
#   datatype: float64
#   format: '{:9.3f}'
#   description: '? Proper motion in declination direction (pmdec)'
#   meta: !!omap
#   - {ucd: POS_EQ_PMDEC}
#   - {width: 9}
#   - {precision: '3'}
#   - values: {'null': .nan}
# - name: e_pmRA
#   unit: mas / yr
#   datatype: float32
#   format: '{:6.3f}'
#   description: '? Standard error of proper motion in right ascension direction (pmra_error)'
#   meta: !!omap
#   - {ucd: ERROR}
#   - {width: 6}
#   - {precision: '3'}
#   - values: {'null': .nan}
# - name: e_pmDE
[...]
#         unit: &id001 !astropy.units.Unit {unit: deg}
#         value: !astropy.table.SerializedColumn {name: SkyCoord.dec}
#       distance: !astropy.table.SerializedColumn
#         __class__: astropy.coordinates.distances.Distance
#         unit: !astropy.units.Unit {unit: pc}
#         value: !astropy.table.SerializedColumn {name: SkyCoord.distance}
#       frame: icrs
#       obstime: !astropy.time.Time {format: jyear_str, in_subfmt: '*', jd1: 367701545.0, jd2: 0.0, out_subfmt: '*', precision: 3, scale: tt}
#       pm_dec: !astropy.table.SerializedColumn
#         __class__: astropy.units.quantity.Quantity
#         unit: !astropy.units.Unit {unit: mas / yr}
#         value: !astropy.table.SerializedColumn {name: SkyCoord.pm_dec}
#       pm_ra_cosdec: !astropy.table.SerializedColumn
#         __class__: astropy.units.quantity.Quantity
#         unit: !astropy.units.Unit {unit: mas / yr}
#         value: !astropy.table.SerializedColumn {name: SkyCoord.pm_ra_cosdec}
#       ra: !astropy.table.SerializedColumn
#         __class__: astropy.coordinates.angles.Longitude
#         unit: *id001
#         value: !astropy.table.SerializedColumn {name: SkyCoord.ra}
#         wrap_angle: !astropy.coordinates.Angle
#           unit: *id001
#           value: 360.0
#       representation_type: spherical
# schema: astropy-2.0
RA_ICRS_1 DE_ICRS_1 e_RA_ICRS e_DE_ICRS _r_1 HIP TYC2 Source rgeo Plx e_Plx pmRA pmDE e_pmRA e_pmDE RUWE Teff logg Gmag BP-RP BPmag RPmag RV e_RV b_rgeo B_rgeo FG e_FG FBP e_FBP FRP e_FRP RAVE5 RAVE6 e_Gmag e_BPmag e_RPmag e_BP-RP SkyCoord.ra SkyCoord.dec SkyCoord.distance SkyCoord.pm_ra_cosdec SkyCoord.pm_dec
[from data line 855]
296.42028943605 24.71917908159 0.0292 0.0428 12.1131 "" "" 2020771431225627648 2738.39453 0.3925 0.0599 -0.904 -3.668 0.04 0.056 1.123 4901.7 3.5826 16.97475 2.366118 18.216211 15.850093 "" "" 2256.64722 3427.31519 3055.24614 1.7451 706.21 4.376 3623.4 5.3913 "" "" 0.0028242482859976983 0.007283353 0.0041101705 0.011393523 296.42028943605 24.71917908159 2738.39453 -0.904 -3.6679999999999997
296.06309280561 24.76294834194 0.0264 0.0447 16.8475 "" "" 2020817713798863872 2248.73999 0.421 0.0575 -1.49 -1.289 0.037 0.057 0.956 6302.3 4.2691 16.975517 2.043776 18.008348 15.964572 "" "" 2008.63477 2568.59155 3053.09262 1.4004 855.22 4.5798 3260.8 5.8561 "" "" 0.002799964557793186 0.006449065 0.004252737 0.010701802 296.06309280561 24.76294834194 2248.73999 -1.4899999999999998 -1.2890000000000001
296.00156259742 24.58603886822 0.0284 0.044 15.2463 "" "" 2020743805993945600 2792.49048 0.3454 0.0606 -0.809 -1.371 0.038 0.061 0.994 6475.4 4.0418 16.978428 1.950612 17.549423 15.598811 "" "" 2369.94116 3343.33936 3044.91829 3.4238 1305.1 34.377 4567.0 80.876 "" "" 0.0030136734910342 0.02873463 0.019594992 0.04832962 296.00156259742 24.58603886822 2792.49048 -0.8089999999999999 -1.371
296.48499625883 24.41886467565 0.0334 0.0486 14.1461 "" "" 2020746417334470016 2210.38721 0.4311 0.0684 0.141 -6.944 0.042 0.065 1.209 "" "" 16.979628 2.01266 17.856297 15.843637 "" "" 1904.51233 2553.42944 3041.55483 1.96 983.78 12.402 3645.1 31.697 "" "" 0.0028427642030258073 0.013968803 0.010169679 0.024138482 296.48499625883 24.41886467565 2210.38721 0.14100000000000024 -6.944000000000001
296.0499559022 24.52861321333 0.0283 0.045 12.7114 "" "" 2020742465964086272 2531.86279 0.3745 0.0613 -2.463 -4.554 0.037 0.061 1.032 "" "" 16.979704 1.583494 17.711025 16.127531 "" "" 2222.38403 2958.24023 3041.33882 1.508 1124.6 4.778 2806.4 11.158 "" "" 0.002807419624215642 0.0053910785 0.0057374574 0.0111285355 296.0499559022 24.52861321333 2531.86279 -2.463 -4.554
295.98761440135 24.63018372264 0.0273 0.0435 16.4454 "" "" 2020791016277596032 2573.92603 0.3775 0.0598 -2.441 -5.477 0.037 0.058 0.935 15016.1 4.6028 16.985153 1.636276 17.750198 16.113922 "" "" 2286.70679 3035.14185 3026.1154 1.4496 1084.8 4.9437 2841.8 8.5719 "" "" 0.002803978167671331 0.0056804414 0.005000918 0.010681359 295.98761440135 24.63018372264 2573.92603 -2.441 -5.477
296.38829960336 24.71210333097 0.0309 0.0468 10.7356 "" "" 2020771362506181376 2388.40503 0.4027 0.0655 -3.175 -6.226 0.042 0.059 1.102 "" "" 16.985266 3.31179 18.941278 15.629489 "" "" 2077.03076 2691.40161 3025.80216 1.9359 362.16 7.777 4439.8 10.829 "" "" 0.0028415364535403255 0.023481388 0.0046148286 0.028096216 296.38829960336 24.71210333097 2388.40503 -3.175 -6.226
296.03064594126 24.44908679798 0.0287 0.0436 15.2183 "" "" 2020738823831800192 2863.37646 0.351 0.0622 -0.706 -5.595 0.038 0.062 1.02 6474.3 4.3772 16.985714 1.954304 17.943241 15.988937 "" "" 2333.88745 3450.7644 3024.55539 1.4654 908.07 5.2745 3188.5 13.039 "" "" 0.002805086042579788 0.006896129 0.005830716 0.012726845 296.03064594126 24.44908679798 2863.37646 -0.7059999999999996 -5.595
296.00701901225 24.59989151791 0.0277 0.0453 15.0493 "" "" 2020743977792641792 2751.51172 0.3469 0.0621 -0.888 -4.032 0.037 0.059 1.02 5511.3 4.2251 16.987217 1.939749 17.95529 16.015541 "" "" 2395.37036 3222.54492 3020.36898 1.5886 898.05 4.3604 3111.3 4.7769 "" "" 0.002813875370620959 0.0059645455 0.004130681 0.010095227 296.00701901225 24.59989151791 2751.51172 -0.8879999999999999 -4.031999999999999
295.95247057494 24.64396428322 0.0298 0.0483 18.5091 "" "" 2020791256795796352 2901.8042 0.3182 0.0651 -1.07 -3.631 0.041 0.067 1.059 "" "" 16.98746 2.818888 18.582016 15.763128 "" "" 2464.99878 3431.11816 3019.69398 1.8989 504.21 3.2603 3925.6 6.0999 "" "" 0.00283865121755241 0.0075546675 0.0041388446 0.011693512 295.95247057494 24.64396428322 2901.8042 -1.0699999999999998 -3.631
296.40692869253 24.41632300046 0.0304 0.0445 11.1994 "" "" 2020745867578719744 2193.67407 0.4676 0.0683 -1.644 -4.943 0.039 0.058 0.995 7614.0 4.1712 16.988182 2.195233 18.136168 15.940934 "" "" 1904.25256 2565.1106 3017.68493 3.133 760.24 4.4709 3332.6 9.5638 "" "" 0.0029769828141337188 0.006968121 0.004898166 0.011866286 296.40692869253 24.41632300046 2193.67407 -1.644 -4.943
296.38833374688 24.60094096028 0.0277 0.04 6.3482 "" "" 2020752533368103296 2590.30664 0.3715 0.0553 -0.501 -2.693 0.035 0.05 0.967 8280.3 4.228 16.988619 1.923504 17.952774 16.02927 "" "" 2257.62354 2986.24561 3016.46931 1.5858 900.13 3.6615 3072.2 6.6496 "" "" 0.0028138206760100885 0.0052240314 0.004450426 0.009674458 296.38833374688 24.60094096028 2590.30664 -0.5010000000000001 -2.6930000000000005
296.41921857193 24.81379311972 0.0263 0.0401 16.8684 "" "" 2020774180004763136 2250.24023 0.4198 0.0563 -1.824 -7.131 0.037 0.054 0.992 7548.5 4.4047 16.990877 1.772543 17.855736 16.083193 "" "" 2014.71838 2639.00049 3010.20546 1.4448 984.29 4.2509 2923.4 4.4822 "" "" 0.0028041671034880005 0.0054563684 0.004129751 0.00958612 296.41921857193 24.81379311972 2250.24023 -1.8239999999999998 -7.131
296.08439707954 24.34996152908 0.0329 0.0428 16.6431 "" "" 2020724083503299200 2133.76172 0.4511 0.0623 -0.793 -3.434 0.043 0.059 0.94 7686.1 4.4134 16.991287 1.912985 17.947523 16.034538 "" "" 1904.02197 2460.04761 3009.06743 1.5741 904.5 4.4407 3057.3 7.836 "" "" 0.0028132504878247643 0.0060165753 0.004693363 0.010709938 296.08439707954 24.34996152908 2133.76172 -0.7929999999999999 -3.4340000000000006
296.21985740075 24.53478068176 0.0288 0.0481 3.6786 "" "" 2020762463333328512 2310.24243 0.4244 0.064 -1.861 -4.378 0.037 0.063 0.99 7734.4 4.1647 16.99161 1.990627 17.997967 16.00734 "" "" 2021.27441 2721.80542 3008.17133 1.5337 863.44 4.7082 3134.9 5.5278 "" "" 0.0028103762176498737 0.0065448866 0.0042366255 0.010781512 296.21985740075 24.53478068176 2310.24243 -1.8610000000000002 -4.378
296.22743295985 24.56806208706 0.0357 0.0579 2.8753 "" "" 2020762669491775104 2610.99365 0.3415 0.0786 -2.127 -4.826 0.048 0.073 0.981 4467.5 2.6118 16.992702 4.52396 19.97039 15.44643 "" "" 2228.13184 3342.13745 3005.1494 3.8646 140.37 4.6503 5255.2 10.527 "" "" 0.0030888994213534074 0.036077272 0.004360496 0.04043777 296.22743295985 24.56806208706 2610.99365 -2.127 -4.826
296.54463125061 24.46780685918 0.0295 0.0428 15.5401 "" "" 2020752842606129024 2791.43896 0.347 0.0581 -1.606 -5.519 0.038 0.058 1.063 8210.4 4.1109 16.995188 2.373941 18.257622 15.88368 "" "" 2454.31299 3249.79761 2998.27877 1.4595 679.78 3.9077 3513.1 6.5366 "" "" 0.002805550982720919 0.0068366104 0.004285414 0.011122024 296.54463125061 24.46780685918 2791.43896 -1.6059999999999999 -5.519
296.36257010938 24.35538545603 0.0407 0.049 13.2407 "" "" 2020744527548930176 2094.58057 0.5027 0.0801 -3.688 -6.909 0.05 0.065 1.081 5430.7 4.5947 16.995216 1.771189 17.860928 16.089739 "" "" 1725.15991 2467.11279 2998.19582 1.6027 979.59 4.6882 2905.8 5.7276 "" "" 0.0028157834987085706 0.00589793 0.0043432354 0.010241166 296.36257010938 24.35538545603 2094.58057 -3.6879999999999997 -6.909
296.22038078852 24.28820615722 0.0348 0.0466 16.7928 "" "" 2020721231644932992 2058.93213 0.4638 0.0702 -0.412 -3.825 0.045 0.066 1.015 5072.2 4.32 16.995657 1.826313 17.886028 16.059715 "" "" 1827.72095 2398.35205 2996.97873 1.6426 957.21 5.9495 2987.3 4.7435 "" "" 0.0028188481497926753 0.007302415 0.0041540344 0.0114564495 296.22038078852 24.28820615722 2058.93213 -0.41200000000000003 -3.8250000000000006
296.3393345462 24.85471552913 0.0272 0.0402 17.8126 "" "" 2020778165734523136 2546.00171 0.3754 0.0554 -0.929 -0.279 0.038 0.053 1.052 4933.8 3.6735 16.998531 2.257483 18.167942 15.910459 "" "" 2239.47461 2960.35059 2989.05877 1.4078 738.31 5.4181 3427.5 10.984 "" "" 0.002802371020664024 0.008442108 0.0051371315 0.013579239 296.3393345462 24.85471552913 2546.00171 -0.9290000000000002 -0.279
