Clusters/UBC_249/UBC_249_stars_in_region.tsv
# %ECSV 1.0
# ---
# datatype:
# - name: RA_ICRS_1
#   unit: deg
#   datatype: float64
#   format: '{:15.11f}'
#   description: Right ascension (ICRS) at Ep=2016.0 (ra)
#   meta: !!omap
#   - {ucd: POS_EQ_RA_MAIN}
#   - {width: 15}
#   - {precision: '11'}
# - name: DE_ICRS_1
#   unit: deg
#   datatype: float64
#   format: '{:15.11f}'
#   description: Declination (ICRS) at Ep=2016.0 (dec)
#   meta: !!omap
#   - {ucd: POS_EQ_DEC_MAIN}
#   - {width: 15}
#   - {precision: '11'}
# - name: e_RA_ICRS
#   unit: mas
#   datatype: float64
#   format: '{:7.4f}'
#   description: Standard error of right ascension (ra_error)
#   meta: !!omap
#   - {ucd: ERROR}
#   - {width: 7}
#   - {precision: '4'}
# - name: e_DE_ICRS
#   unit: mas
#   datatype: float64
#   format: '{:7.4f}'
#   description: Standard error of declination (dec_error)
#   meta: !!omap
#   - {ucd: ERROR}
#   - {width: 7}
#   - {precision: '4'}
# - name: _r_1
#   unit: ''
#   datatype: float64
#   format: '{:7.4f}'
#   description: Distance from center (136.96370943000-52.93200562000)[ICRS], at Epoch=J2016.0
#   meta: !!omap
#   - {ucd: POS_ANG_DIST_GENERAL}
#   - {width: 7}
#   - {precision: '4'}
# - name: HIP
#   datatype: int32
#   description: '? HIP cross-id number, van Leeuwen, Cat. I/311 (hip_original_ext_source_id)'
#   meta: !!omap
#   - {ucd: ID_NUMBER}
#   - {width: 6}
#   - values: {'null': -2147483648}
# - name: TYC2
#   datatype: string
#   description: Tycho-2 cross-id name, Hog et al., Cat. I/259 (tyc2_original_ext_source_id)
#   meta: !!omap
#   - {ucd: ID_CROSSID}
#   - {_votable_string_dtype: char}
# - name: Source
#   datatype: int64
#   description: Source identifier, identical to the Gaia-EDR3 source_id (id)
#   meta: !!omap
#   - {ucd: ID_MAIN}
#   - {width: 19}
# - name: rgeo
#   unit: pc
#   datatype: float64
#   format: '{:15.8f}'
#   description: '? Median of the geometric distance posterior (r_med_geo)'
#   meta: !!omap
#   - {ucd: PHYS_DISTANCE_TRUE}
#   - {width: 15}
#   - {precision: '8'}
#   - values: {'null': .nan}
# - name: Plx
#   unit: mas
#   datatype: float64
#   format: '{:9.4f}'
#   description: '? Parallax (parallax)'
#   meta: !!omap
#   - {ucd: POS_PARLX_TRIG}
#   - {width: 9}
#   - {precision: '4'}
#   - values: {'null': .nan}
# - name: e_Plx
#   unit: mas
#   datatype: float32
#   format: '{:7.4f}'
#   description: '? Standard error of parallax (parallax_error)'
#   meta: !!omap
#   - {ucd: ERROR}
#   - {width: 7}
#   - {precision: '4'}
#   - values: {'null': .nan}
# - name: pmRA
#   unit: mas / yr
#   datatype: float64
#   format: '{:9.3f}'
#   description: '? Proper motion in right ascension direction, pmRA*cosDE (pmra)'
#   meta: !!omap
#   - {ucd: POS_EQ_PMRA}
#   - {width: 9}
#   - {precision: '3'}
#   - values: {'null': .nan}
# - name: pmDE
#   unit: mas / yr
#   datatype: float64
#   format: '{:9.3f}'
#   description: '? Proper motion in declination direction (pmdec)'
#   meta: !!omap
#   - {ucd: POS_EQ_PMDEC}
#   - {width: 9}
#   - {precision: '3'}
#   - values: {'null': .nan}
# - name: e_pmRA
#   unit: mas / yr
#   datatype: float32
#   format: '{:6.3f}'
#   description: '? Standard error of proper motion in right ascension direction (pmra_error)'
#   meta: !!omap
#   - {ucd: ERROR}
#   - {width: 6}
#   - {precision: '3'}
#   - values: {'null': .nan}
# - name: e_pmDE
[...]
#         value: !astropy.table.SerializedColumn {name: SkyCoord.dec}
#       distance: !astropy.table.SerializedColumn
#         __class__: astropy.coordinates.distances.Distance
#         unit: !astropy.units.Unit {unit: pc}
#         value: !astropy.table.SerializedColumn {name: SkyCoord.distance}
#       frame: icrs
#       obstime: !astropy.time.Time {format: jyear_str, in_subfmt: '*', jd1: 367701545.0, jd2: 0.0, out_subfmt: '*', precision: 3, scale: tt}
#       pm_dec: !astropy.table.SerializedColumn
#         __class__: astropy.units.quantity.Quantity
#         unit: !astropy.units.Unit {unit: mas / yr}
#         value: !astropy.table.SerializedColumn {name: SkyCoord.pm_dec}
#       pm_ra_cosdec: !astropy.table.SerializedColumn
#         __class__: astropy.units.quantity.Quantity
#         unit: !astropy.units.Unit {unit: mas / yr}
#         value: !astropy.table.SerializedColumn {name: SkyCoord.pm_ra_cosdec}
#       ra: !astropy.table.SerializedColumn
#         __class__: astropy.coordinates.angles.Longitude
#         unit: *id001
#         value: !astropy.table.SerializedColumn {name: SkyCoord.ra}
#         wrap_angle: !astropy.coordinates.Angle
#           unit: *id001
#           value: 360.0
#       representation_type: spherical
# schema: astropy-2.0
RA_ICRS_1 DE_ICRS_1 e_RA_ICRS e_DE_ICRS _r_1 HIP TYC2 Source rgeo Plx e_Plx pmRA pmDE e_pmRA e_pmDE RUWE Teff logg Gmag BP-RP BPmag RPmag RV e_RV b_rgeo B_rgeo FG e_FG FBP e_FBP FRP e_FRP RAVE5 RAVE6 e_Gmag e_BPmag e_RPmag e_BP-RP SkyCoord.ra SkyCoord.dec SkyCoord.distance SkyCoord.pm_ra_cosdec SkyCoord.pm_dec rmRA rmDE e_rmRA e_rmDE rRV e_rRV v_pec v_pec3d e_vpec e_vpec3d
[from data line 385]
136.97082735059 -52.55031996192 0.0145 0.0148 22.9026 "" "" 5323826853504162560 2118.43579 0.4403 0.017 -5.047 4.318 0.018 0.018 1.065 "" "" 14.36917 0.914315 14.733953 13.819638 "" "" 2039.70178 2203.02124 33672.75195 5.4878 17452.0 14.451 23513.0 12.891 "" "" 0.00276099615285175 0.0029314354 0.0038259712 0.0067574065 136.97082735059 -52.55031996192 2118.43579 -5.047 4.318 0.9976667671203616 0.02828327941894493 0.08308678 0.08308678 "" "" 10.021981610320246 "" 0.8326941932846524 ""
137.2224262736 -52.53463943942 0.0139 0.0135 25.6279 "" "" 5311818124958880768 1793.17224 0.5229 0.0157 -2.086 2.324 0.018 0.017 0.945 7989.7 4.1229 14.369952 0.856479 14.709484 13.853005 "" "" 1749.1322 1843.84204 33648.50691 6.4367 17849.0 13.924 22801.0 12.343 "" "" 0.002763136943383026 0.0029158923 0.0038248105 0.006740703 137.2224262736 -52.53463943942 1793.17224 -2.0859999999999994 2.3239999999999994 3.9586667671203615 -1.9657167205810548 0.08308678 0.08208679 "" "" 37.5671283819432 "" 3.113936990891811 ""
136.87598928267 -52.56803946209 0.0139 0.0137 22.0691 "" "" 5323821836982342272 1789.37402 0.5276 0.0154 -5.558 3.972 0.017 0.016 1.015 "" "" 14.370369 1.017359 14.786297 13.768938 "" "" 1746.58997 1845.55286 33635.58506 7.4292 16630.0 19.093 24637.0 12.142 "" "" 0.002765736478527523 0.0030559632 0.0038170733 0.0068730367 136.87598928267 -52.56803946209 1789.37402 -5.557999999999996 3.9719999999999986 0.4866667671203615 -0.3177167205810547 0.08208679 0.081086785 "" "" 4.9294886540599645 "" 0.4031790778928905 ""
136.57683413896 -52.89169086494 0.0142 0.014 14.2056 "" "" 5323441131085327616 1655.34875 0.5694 0.0165 -3.424 -4.691 0.018 0.016 0.937 6609.5 3.8954 14.371256 1.220854 14.898042 13.677188 3.62 5.92 1596.3103 1699.78784 33608.12593 6.4604 15004.0 11.643 26809.0 12.19 "" "" 0.002763213436788907 0.0029146 0.003811489 0.006726089 136.57683413896 -52.89169086494 1655.34875 -3.4239999999999995 -4.690999999999999 2.6206667671203614 -8.980716720581054 0.08308678 0.081086785 -19.524285714285718 8.3166 73.40478941926519 75.95696704279159 5.963809328667449 6.147109095428637
136.87060939831 -53.44684853138 0.0137 0.0134 31.0714 "" "" 5311398661276210176 1614.35498 0.5846 0.0159 -2.236 4.943 0.018 0.017 1.012 6370.0 4.0335 14.374083 0.900789 14.734183 13.833394 -2.37 8.43 1573.48572 1650.39941 33520.70887 12.147 17448.0 19.645 23217.0 24.281 "" "" 0.0027832688706471414 0.0030462155 0.0039462736 0.006992489 136.87060939831 -53.44684853138 1614.35498 -2.2359999999999998 4.943 3.808666767120361 0.6532832794189449 0.08308678 0.08208679 -25.51428571428572 10.8266 29.569696255546962 39.05567451927457 2.4560107239993667 7.313151612334387
136.85991739285 -52.9490375035 0.0132 0.0127 3.8896 "" "" 5311430787630932096 2204.90503 0.4241 0.0148 -3.547 3.915 0.017 0.016 0.929 7995.2 3.711 14.377241 1.305831 14.950796 13.644965 "" "" 2135.72559 2278.33398 33423.36996 5.4488 14292.0 16.087 27617.0 14.634 "" "" 0.0027609995738517813 0.003046075 0.0038229206 0.0068689957 136.85991739285 -52.9490375035 2204.90503 -3.547 3.915 2.497666767120361 -0.37471672058105465 0.08208679 0.081086785 "" "" 26.395876348562922 "" 2.1661750900645846 ""
137.41334001062 -52.67543670426 0.0186 0.0195 22.427 "" "" 5311801666644822272 1845.24573 0.5052 0.0212 -5.429 5.401 0.024 0.024 1.442 7992.8 4.0911 14.379755 0.802862 14.697728 13.894866 "" "" 1780.74878 1916.92041 33346.08046 7.275 18044.0 18.851 21939.0 13.128 "" "" 0.0027654832192829364 0.003011922 0.0038348173 0.006846739 137.41334001062 -52.67543670426 1845.24573 -5.428999999999999 5.400999999999996 0.6156667671203611 1.1112832794189451 0.089086786 0.089086786 "" "" 11.111783997531266 "" 0.9899131220941638 ""
137.58339599374 -52.5934048304 0.0153 0.018 30.3139 "" "" 5311825890261869056 1618.5481 0.5874 0.0179 -3.009 3.945 0.02 0.021 1.049 6827.6 4.1716 14.381677 0.808798 14.702749 13.893951 9.41 6.61 1570.52075 1659.53528 33287.10816 6.1252 17960.0 13.92 21957.0 11.025 "" "" 0.0027625539786233495 0.0029143062 0.003818499 0.006732805 137.58339599374 -52.5934048304 1618.5481 -3.008999999999999 3.9449999999999985 3.0356667671203614 -0.34471672058105485 0.08508678 0.08608678 -13.734285714285718 9.0066 23.439062174405098 27.166527928634174 1.9946544022985626 4.867741995280647
137.12521672977 -53.04306596479 0.0132 0.013 8.8563 "" "" 5311789365858547456 1605.06763 0.5877 0.0149 -0.857 1.104 0.017 0.016 1.003 6366.8 3.9014 14.382094 0.868875 14.728844 13.859969 -12.81 10.28 1567.98621 1653.23999 33274.30653 5.7634 17534.0 18.437 22655.0 15.349 "" "" 0.002761730540584529 0.0030147 0.0038503027 0.0068650027 137.12521672977 -53.04306596479 1605.06763 -0.8569999999999999 1.1039999999999996 5.187666767120361 -3.1857167205810546 0.08208679 0.081086785 -35.95428571428572 12.6765995 46.31571310995369 58.63323240371476 3.7892811069543706 8.329755725906937
137.0240975964 -52.94400753641 0.0138 0.0133 2.2994 "" "" 5311802559997741824 1894.03467 0.4931 0.0155 -6.066 4.343 0.018 0.016 1.031 9014.6 4.2463 14.386131 0.625201 14.623918 13.998716 "" "" 1850.85205 1942.28455 33150.81972 10.283 19313.0 19.321 19938.0 11.827 "" "" 0.002775826371421642 0.0029941355 0.0038338653 0.006828001 137.0240975964 -52.94400753641 1894.03467 -6.066 4.343 -0.02133323287963851 0.053283279418945284 0.08308678 0.081086785 "" "" 0.5152787301950517 "" 0.0419261782267953 ""
136.43484981731 -52.60712884588 0.0142 0.0136 27.3593 "" "" 5323460544336925440 1789.04944 0.5275 0.0153 -6.027 4.207 0.018 0.016 0.995 7988.7 4.1112 14.39086 0.853783 14.727885 13.874103 "" "" 1739.11853 1839.96399 33006.75987 5.775 17549.0 13.915 22362.0 10.089 "" "" 0.0027618609801309695 0.0029199666 0.0038109946 0.006730961 136.43484981731 -52.60712884588 1789.04944 -6.027 4.207 0.017666767120361193 -0.08271672058105484 0.08308678 0.081086785 "" "" 0.717266137164588 "" 0.058224126277362356 ""
137.32954168677 -53.39906496673 0.0138 0.0134 30.9593 "" "" 5311357017270593024 1493.71863 0.6356 0.0153 -3.439 2.975 0.018 0.016 0.949 6361.8 4.1061 14.392367 0.878422 14.744746 13.866324 34.25 7.55 1461.68103 1525.72595 32960.94392 5.2191 17279.0 14.719 22523.0 11.758 "" "" 0.002760678368764422 0.0029394636 0.0038216477 0.0067611113 137.32954168677 -53.39906496673 1493.71863 -3.439 2.9749999999999974 2.6056667671203613 -1.3147167205810546 0.08308678 0.081086785 11.105714285714281 9.9466 20.664049377807668 23.459322805323936 1.708603854949718 4.943420524948719
137.5193126326 -52.86057115034 0.0135 0.0146 20.562 "" "" 5311795275734071168 1723.70691 0.5455 0.0149 -8.708 8.32 0.018 0.019 0.979 5034.3 3.4804 14.392611 1.322731 14.967589 13.644858 24.29 3.85 1682.43079 1768.71802 32953.55977 7.2686 14073.0 42.493 27619.0 61.808 "" "" 0.0027657080458991083 0.004304952 0.0044930386 0.00879799 137.5193126326 -52.86057115034 1723.70691 -8.708000000000006 8.319999999999993 -2.663333232879639 4.030283279418946 0.08308678 0.08408678 1.1457142857142806 6.2466 39.46934127066095 39.485966640876214 3.3069026975825375 3.31047580773717
136.7040248494 -52.50501554799 0.0219 0.023 27.3025 "" "" 5323825788352042496 1673.81458 0.5645 0.0254 -7.092 2.562 0.027 0.028 1.597 6709.6 3.6235 14.394283 1.326022 14.97568 13.649658 4.53 3.79 1615.19897 1736.46912 32902.83894 6.9539 13968.0 13.271 27498.0 15.76 "" "" 0.0027648588198288505 0.002974754 0.0038302673 0.0068050213 136.7040248494 -52.50501554799 1673.81458 -7.0920000000000005 2.5619999999999967 -1.0473332328796383 -1.7277167205810549 0.092086785 0.09308678 -18.614285714285717 6.1865997 16.029408815218442 24.56488509271851 1.4878355456473398 4.787433395217667
137.21927047608 -52.81899903299 0.0128 0.0134 11.4726 "" "" 5311805136978252928 1844.29639 0.509 0.0147 -1.998 0.188 0.017 0.017 0.995 6040.7 3.9258 14.396038 0.996301 14.805409 13.809109 -29.02 13.95 1792.68372 1889.93921 32849.70379 14.948 16340.0 24.436 23742.0 33.752 "" "" 0.0027992642693111 0.0032282206 0.0040824157 0.0073106363 137.21927047608 -52.81899903299 1844.29639 -1.9979999999999998 0.1879999999999999 4.046666767120361 -4.101716720581055 0.08208679 0.08208679 -52.16428571428572 16.3466 50.37040363234571 72.51406943598641 4.134744575322988 12.104884704769121
136.81348629433 -52.89906724002 0.0308 0.0294 5.7832 "" "" 5311431509185451136 1905.51746 0.489 0.0347 -7.394 4.069 0.042 0.038 2.564 "" "" 14.396226 1.193733 14.875093 13.68136 31.05 5.56 1784.15076 2037.52234 32844.01945 12.045 15324.0 15.356 26706.0 22.009 "" "" 0.0027839420488417243 0.0029947953 0.0038838584 0.0068786535 136.81348629433 -52.89906724002 1905.51746 -7.394000000000003 4.068999999999997 -1.3493332328796388 -0.22071672058105474 0.10708678 0.103086784 7.905714285714282 7.9566 12.349354482116558 14.663112714983788 1.3211887504390645 4.431813789222193
137.18444937666 -53.42923196991 0.0134 0.0132 30.8714 "" "" 5311358254221124864 2125.7146 0.4349 0.0151 -3.363 4.595 0.019 0.017 0.98 6423.0 3.7362 14.396898 1.109384 14.864576 13.755193 15.3 7.85 2054.36499 2220.25195 32823.70301 5.542 15473.0 13.891 24951.0 14.459 "" "" 0.0027614117044860863 0.0029555273 0.0038313959 0.006786923 137.18444937666 -53.42923196991 2125.7146 -3.362999999999997 4.594999999999997 2.6816667671203613 0.30528327941894506 0.08408678 0.08208679 -7.844285714285718 10.2466 27.194695491717265 28.303432322857493 2.28602678353173 3.5901538806133226
137.28690159324 -52.88146153524 0.0155 0.0153 12.0821 "" "" 5311792183357223936 1871.61902 0.4992 0.0177 -5.924 4.217 0.021 0.021 1.161 8070.3 4.1147 14.401237 0.709304 14.674843 13.965539 "" "" 1816.97522 1931.52039 32692.79192 9.4827 18428.0 15.875 20556.0 13.235 "" "" 0.002773259070240158 0.0029427658 0.0038434882 0.0067862542 137.28690159324 -52.88146153524 1871.61902 -5.923999999999999 4.216999999999999 0.12066676712036095 -0.07271672058105505 0.08608678 0.08608678 "" "" 1.2498452600115455 "" 0.10759515372373255 ""
137.52194995415 -52.69930017766 0.0146 0.0152 24.5914 "" "" 5311801013810163968 2164.92993 0.4283 0.0164 -4.847 5.352 0.019 0.018 1.035 9076.7 4.1832 14.407494 0.637856 14.649162 14.011307 "" "" 2092.95605 2248.16968 32504.92716 8.8941 18869.0 18.175 19708.0 15.83 "" "" 0.0027712898495244366 0.0029797235 0.0038786947 0.006858418 137.52194995415 -52.69930017766 2164.92993 -4.847000000000001 5.3519999999999985 1.197666767120361 1.0622832794189456 0.08408678 0.08308678 "" "" 16.427970083698604 "" 1.3741659663937478 ""
137.55081974433 -52.7277743725 0.014 0.0159 24.5588 "" "" 5311800635853033216 1787.51379 0.5236 0.0158 -6.822 7.84 0.018 0.019 1.099 6519.6 3.9019 14.41408 0.912233 14.78288 13.870646 30.34 7.79 1728.60449 1836.31665 32308.3676 5.7343 16683.0 13.723 22434.0 16.383 "" "" 0.0027620506982727294 0.0029296197 0.003861657 0.006791277 137.55081974433 -52.7277743725 1787.51379 -6.822 7.84 -0.7773332328796387 3.550283279418945 0.08308678 0.08408678 7.195714285714281 10.1866 30.793477720774746 31.62303866204959 2.5879238043453463 3.4239390420045113
137.44661691293 -52.85595430374 0.0131 0.0132 18.0658 "" "" 5311795378812956800 1640.21155 0.5822 0.0146 -9.892 6.743 0.017 0.016 0.986 4731.8 3.3734 14.414451 1.41921 15.061871 13.64266 104.86 2.77 1605.8717 1671.53503 32297.32989 5.3803 12902.0 12.647 27675.0 16.227 "" "" 0.002761250260958587 0.0029862574 0.0038326234 0.006818881 137.44661691293 -52.85595430374 1640.21155 -9.891999999999996 6.742999999999997 -3.847333232879638 2.4532832794189456 0.08208679 0.081086785 81.71571428571428 5.1666 35.47517399707362 89.08392633549073 2.901832779447629 4.878113651273491
137.6816402808 -53.2029891148 0.0139 0.0142 30.566 "" "" 5311734665151287936 1593.51831 0.591 0.0158 -7.341 5.274 0.019 0.017 0.971 6372.1 3.9441 14.418064 0.842438 14.742576 13.900138 42.39 6.45 1557.63538 1625.95264 32189.9986 5.9171 17314.0 26.909 21832.0 32.784 "" "" 0.0027625388153541836 0.0032607438 0.0041160556 0.0073767994 137.6816402808 -53.2029891148 1593.51831 -7.340999999999999 5.273999999999999 -1.2963332328796389 0.9842832794189453 0.08408678 0.08208679 19.245714285714282 8.8466 12.294204433840651 22.837359326954022 1.0248568656687422 7.475676350131726
136.82759057315 -53.07523288697 0.013 0.0131 9.8997 "" "" 5311425702389882112 1869.73328 0.5033 0.0148 -6.08 4.739 0.016 0.015 0.892 "" "" 14.423204 0.809404 14.741097 13.931693 "" "" 1825.0918 1923.06775 32037.97517 6.1307 17337.0 16.093 21207.0 13.501 "" "" 0.002763142249460048 0.002966609 0.00384207 0.006808679 136.82759057315 -53.07523288697 1869.73328 -6.08 4.739 -0.03533323287963874 0.4492832794189452 0.081086785 0.08008678 "" "" 3.994083445375408 "" 0.3198979956457623 ""
137.78300985171 -53.0853279228 0.0144 0.0152 30.9755 "" "" 5311741640178255744 1618.43127 0.5865 0.0157 -11.671 12.791 0.019 0.019 0.957 "" "" 14.427453 1.265327 14.984441 13.719114 60.21 5.11 1577.57715 1657.8313 31912.83769 5.0654 13856.0 12.275 25794.0 13.934 "" "" 0.002760704374034535 0.0029513058 0.0038246217 0.0067759277 137.78300985171 -53.0853279228 1618.43127 -11.671000000000003 12.791000000000004 -5.626333232879638 8.501283279418946 0.08408678 0.08408678 37.06571428571428 7.5066004 78.20557685242717 86.54466723219343 6.576055388190981 6.756347871776254
136.7216739383 -52.86783108528 0.0142 0.0148 9.5688 "" "" 5323441818280128768 2057.0979 0.4499 0.0168 -2.244 2.255 0.019 0.017 0.978 6722.2 3.6065 14.437014 1.656312 15.219141 13.562829 40.43 4.16 1975.21252 2137.52515 31633.05633 7.5961 11162.0 14.317 29787.0 16.652 "" "" 0.002767627893072533 0.0031184056 0.0038278105 0.0069462163 136.7216739383 -52.86783108528 2057.0979 -2.2439999999999998 2.255 3.800666767120361 -2.034716720581055 0.08408678 0.08208679 17.28571428571428 6.5565996 42.03550033662733 45.450843852649676 3.5160761948854895 4.09787631293902
137.48490032984 -52.98596898893 0.0146 0.014 19.1137 "" "" 5311793454667879808 1655.5343 0.5717 0.0157 -1.394 3.233 0.019 0.018 0.948 5587.8 4.0491 14.437514 1.033713 14.869472 13.835758 -4.48 4.94 1614.86523 1697.97119 31618.49106 5.4185 15404.0 11.488 23166.0 11.345 "" "" 0.0027615954082438735 0.0029052875 0.0038166014 0.0067218887 137.48490032984 -52.98596898893 1655.5343 -1.3939999999999997 3.2330000000000005 4.650666767120361 -1.0567167205810546 0.08408678 0.08308678 -27.62428571428572 7.3366003 37.425089886351905 46.51600277566861 3.145128481064041 5.038482520136644
137.69882811062 -53.16281601286 0.015 0.0159 29.9137 "" "" 5311740746824998144 1497.99646 0.6371 0.0172 -6.08 6.144 0.022 0.02 1.008 6138.3 4.1216 14.438435 0.875524 14.788273 13.912749 42.76 5.42 1460.11951 1536.26233 31591.69102 6.7709 16600.0 12.747 21580.0 18.473 "" "" 0.002765129120578886 0.0029120697 0.0038919842 0.0068040537 137.69882811062 -53.16281601286 1497.99646 -6.08 6.144 -0.03533323287963874 1.8542832794189454 0.08708678 0.08508678 19.61571428571428 7.8166 13.168734465755996 23.62608334803645 1.120494855211968 6.519766589105559
137.69816322047 -52.97095218788 0.0135 0.0159 26.6526 "" "" 5311747343894568832 1964.8313 0.4762 0.0155 -5.176 4.046 0.018 0.019 0.913 7119.5 4.0973 14.444 0.716793 14.720808 14.004015 "" "" 1905.98706 2025.74927 31430.15754 6.502 17664.0 14.064 19840.0 13.944 "" "" 0.002764459809265475 0.0029210164 0.0038556475 0.006776664 137.69816322047 -52.97095218788 1964.8313 -5.176 4.046 0.8686667671203612 -0.24371672058105442 0.08308678 0.08408678 "" "" 8.402536761057819 "" 0.6987563032494896 ""
