Clusters/UBC_249/UBC_249_members.tsv
# %ECSV 1.0
# ---
# datatype:
# - name: RA_ICRS_1
#   unit: deg
#   datatype: float64
#   format: '{:15.11f}'
#   description: Right ascension (ICRS) at Ep=2016.0 (ra)
#   meta: !!omap
#   - {ucd: POS_EQ_RA_MAIN}
#   - {width: 15}
#   - {precision: '11'}
# - name: DE_ICRS_1
#   unit: deg
#   datatype: float64
#   format: '{:15.11f}'
#   description: Declination (ICRS) at Ep=2016.0 (dec)
#   meta: !!omap
#   - {ucd: POS_EQ_DEC_MAIN}
#   - {width: 15}
#   - {precision: '11'}
# - name: e_RA_ICRS
#   unit: mas
#   datatype: float64
#   format: '{:7.4f}'
#   description: Standard error of right ascension (ra_error)
#   meta: !!omap
#   - {ucd: ERROR}
#   - {width: 7}
#   - {precision: '4'}
# - name: e_DE_ICRS
#   unit: mas
#   datatype: float64
#   format: '{:7.4f}'
#   description: Standard error of declination (dec_error)
#   meta: !!omap
#   - {ucd: ERROR}
#   - {width: 7}
#   - {precision: '4'}
# - name: _r_1
#   unit: ''
#   datatype: float64
#   format: '{:7.4f}'
#   description: Distance from center (136.96370943000-52.93200562000)[ICRS], at Epoch=J2016.0
#   meta: !!omap
#   - {ucd: POS_ANG_DIST_GENERAL}
#   - {width: 7}
#   - {precision: '4'}
# - name: HIP
#   datatype: int32
#   description: '? HIP cross-id number, van Leeuwen, Cat. I/311 (hip_original_ext_source_id)'
#   meta: !!omap
#   - {ucd: ID_NUMBER}
#   - {width: 6}
#   - values: {'null': -2147483648}
# - name: TYC2
#   datatype: string
#   description: Tycho-2 cross-id name, Hog et al., Cat. I/259 (tyc2_original_ext_source_id)
#   meta: !!omap
#   - {ucd: ID_CROSSID}
#   - {_votable_string_dtype: char}
# - name: Source
#   datatype: int64
#   description: Source identifier, identical to the Gaia-EDR3 source_id (id)
#   meta: !!omap
#   - {ucd: ID_MAIN}
#   - {width: 19}
# - name: rgeo
#   unit: pc
#   datatype: float64
#   format: '{:15.8f}'
#   description: '? Median of the geometric distance posterior (r_med_geo)'
#   meta: !!omap
#   - {ucd: PHYS_DISTANCE_TRUE}
#   - {width: 15}
#   - {precision: '8'}
#   - values: {'null': .nan}
# - name: Plx
#   unit: mas
#   datatype: float64
#   format: '{:9.4f}'
#   description: '? Parallax (parallax)'
#   meta: !!omap
#   - {ucd: POS_PARLX_TRIG}
#   - {width: 9}
#   - {precision: '4'}
#   - values: {'null': .nan}
# - name: e_Plx
#   unit: mas
#   datatype: float32
#   format: '{:7.4f}'
#   description: '? Standard error of parallax (parallax_error)'
#   meta: !!omap
#   - {ucd: ERROR}
#   - {width: 7}
#   - {precision: '4'}
#   - values: {'null': .nan}
# - name: pmRA
#   unit: mas / yr
#   datatype: float64
#   format: '{:9.3f}'
#   description: '? Proper motion in right ascension direction, pmRA*cosDE (pmra)'
#   meta: !!omap
#   - {ucd: POS_EQ_PMRA}
#   - {width: 9}
#   - {precision: '3'}
#   - values: {'null': .nan}
# - name: pmDE
#   unit: mas / yr
#   datatype: float64
#   format: '{:9.3f}'
#   description: '? Proper motion in declination direction (pmdec)'
#   meta: !!omap
#   - {ucd: POS_EQ_PMDEC}
#   - {width: 9}
#   - {precision: '3'}
#   - values: {'null': .nan}
# - name: e_pmRA
#   unit: mas / yr
#   datatype: float32
#   format: '{:6.3f}'
#   description: '? Standard error of proper motion in right ascension direction (pmra_error)'
#   meta: !!omap
#   - {ucd: ERROR}
#   - {width: 6}
#   - {precision: '3'}
#   - values: {'null': .nan}
# - name: e_pmDE
[...]
#       distance: !astropy.table.SerializedColumn
#         __class__: astropy.coordinates.distances.Distance
#         unit: !astropy.units.Unit {unit: pc}
#         value: !astropy.table.SerializedColumn {name: SkyCoord.distance}
#       frame: icrs
#       obstime: !astropy.time.Time {format: jyear_str, in_subfmt: '*', jd1: 367701545.0, jd2: 0.0, out_subfmt: '*', precision: 3, scale: tt}
#       pm_dec: !astropy.table.SerializedColumn
#         __class__: astropy.units.quantity.Quantity
#         unit: !astropy.units.Unit {unit: mas / yr}
#         value: !astropy.table.SerializedColumn {name: SkyCoord.pm_dec}
#       pm_ra_cosdec: !astropy.table.SerializedColumn
#         __class__: astropy.units.quantity.Quantity
#         unit: !astropy.units.Unit {unit: mas / yr}
#         value: !astropy.table.SerializedColumn {name: SkyCoord.pm_ra_cosdec}
#       ra: !astropy.table.SerializedColumn
#         __class__: astropy.coordinates.angles.Longitude
#         unit: *id001
#         value: !astropy.table.SerializedColumn {name: SkyCoord.ra}
#         wrap_angle: !astropy.coordinates.Angle
#           unit: *id001
#           value: 360.0
#       representation_type: spherical
# schema: astropy-2.0
RA_ICRS_1 DE_ICRS_1 e_RA_ICRS e_DE_ICRS _r_1 HIP TYC2 Source rgeo Plx e_Plx pmRA pmDE e_pmRA e_pmDE RUWE Teff logg Gmag BP-RP BPmag RPmag RV e_RV b_rgeo B_rgeo FG e_FG FBP e_FBP FRP e_FRP RAVE5 RAVE6 e_Gmag e_BPmag e_RPmag e_BP-RP SkyCoord.ra SkyCoord.dec SkyCoord.distance SkyCoord.pm_ra_cosdec SkyCoord.pm_dec rmRA rmDE e_rmRA e_rmDE rRV e_rRV v_pec v_pec3d e_vpec e_vpec3d Pmemb
[from data line 31]
136.88654569231 -52.90735512806 0.0155 0.0148 3.1591 "" "" 5311431303027034880 1759.73657 0.5369 0.0173 -5.998 4.266 0.02 0.018 1.024 9163.0 4.1947 14.670238 0.837993 15.000457 14.162464 "" "" 1703.51831 1817.52551 25518.2903 5.7421 13653.0 17.4 17146.0 12.126 "" "" 0.0027661304006925923 0.003114435 0.0038565954 0.0069710305 136.88654569231 -52.90735512806 1759.73657 -5.997999999999999 4.266000000000001 0.04666676712036111 -0.023716720581054673 0.08508678 0.08308678 "" "" 0.4366391554133316 "" 0.03697464756611188 "" 0.97
136.79415529063 -52.7187963521 0.0167 0.0162 14.1928 "" "" 5323818229209951360 1737.26599 0.5399 0.0185 -6.07 4.242 0.022 0.019 1.01 9046.5 4.1778 14.854959 0.885335 15.206261 14.320926 "" "" 1684.552 1790.01123 21525.9818 5.1967 11296.0 11.632 14818.0 9.4529 "" "" 0.0027677595210362197 0.0030058348 0.0038423247 0.0068481592 136.79415529063 -52.7187963521 1737.26599 -6.0699999999999985 4.241999999999996 -0.025333232879638956 -0.047716720581054695 0.08708678 0.08408678 "" "" 0.4448732287683515 "" 0.03770547499869418 "" 0.96
136.62365456391 -52.84728199325 0.0172 0.017 13.3186 "" "" 5323441302884042496 1772.14246 0.5306 0.0197 -6.04 4.325 0.023 0.02 0.94 9243.7 4.278 14.924522 0.949188 15.307894 14.358705 "" "" 1708.96521 1852.54761 20190.06835 4.6838 10286.0 15.368 14311.0 15.123 "" "" 0.0027668086957846425 0.0032274553 0.0039496985 0.0071771536 136.62365456391 -52.84728199325 1772.14246 -6.040000000000002 4.325000000000003 0.004666767120361293 0.03528327941894549 0.088086784 0.08508678 "" "" 0.29895917787126963 "" 0.025453160580391716 "" 0.96
137.12151841075 -53.04174959853 0.0158 0.0158 8.7091 "" "" 5311789434578023680 1784.4696 0.5276 0.018 -5.994 4.214 0.021 0.02 1.019 7199.9 4.196 14.936872 0.929627 15.30891 14.379283 "" "" 1718.36267 1845.03406 19961.7168 4.9431 10277.0 17.369 14043.0 14.361 "" "" 0.0027684065767310732 0.003339494 0.0039391043 0.0072785984 137.12151841075 -53.04174959853 1784.4696 -5.993999999999999 4.214 0.050666767120361555 -0.07571672058105428 0.08608678 0.08508678 "" "" 0.7706022709493733 "" 0.06580736535630918 "" 0.9
136.47831850496 -53.1230720452 0.0178 0.0179 20.9337 "" "" 5311421682300116608 1850.21155 0.5118 0.0198 -6.057 4.288 0.024 0.021 1.025 8987.1 4.302 15.131055 1.033096 15.559458 14.526361 "" "" 1786.46008 1908.11206 16692.62448 4.1187 8158.9 10.515 12263.0 11.49 "" "" 0.0027683127627302147 0.0031213793 0.003913901 0.00703528 136.47831850496 -53.1230720452 1850.21155 -6.057000000000003 4.288 -0.012333232879639056 -0.0017167205810544317 0.089086786 0.08608678 "" "" 0.10920529222941118 "" 0.009722624433666999 "" 0.93
137.22782650732 -53.16036513937 0.0187 0.0182 16.6881 "" "" 5311409622032966144 1762.31531 0.5296 0.0209 -6.127 4.219 0.024 0.022 0.972 6751.2 4.0225 15.163065 0.832105 15.491687 14.659582 "" "" 1701.54504 1817.41199 16207.67093 3.7593 8684.5 11.654 10847.0 11.952 "" "" 0.0027668047793790464 0.0031476733 0.00396421 0.0071118833 137.22782650732 -53.16036513937 1762.31531 -6.127000000000001 4.219 -0.08233323287963845 -0.07071672058105438 0.089086786 0.08708678 "" "" 0.9066246417761784 "" 0.08000350696352608 "" 0.97
136.80481739571 -53.04899175784 0.0182 0.0195 9.0665 "" "" 5311425771109365632 1740.27649 0.541 0.0217 -6.071 4.228 0.022 0.022 1.023 7566.6 4.1365 15.276033 1.002342 15.68375 14.681408 "" "" 1669.69836 1824.87549 14606.06617 3.9762 7276.4 9.9859 10632.0 9.7432 "" "" 0.0027711280372574305 0.0031631056 0.003908158 0.007071263 136.80481739571 -53.04899175784 1740.27649 -6.071 4.228 -0.026333232879638402 -0.06171672058105493 0.08708678 0.08708678 "" "" 0.5535008386337137 "" 0.048202606793088014 "" 0.9
136.95048991978 -52.90041030373 0.0224 0.0211 1.9551 "" "" 5311803659509057664 1946.83398 0.4744 0.0248 -5.989 4.369 0.03 0.026 0.961 6036.7 4.2301 15.551199 1.125636 16.027187 14.901551 "" "" 1850.22498 2053.62573 11336.19565 3.2702 5303.3 7.861 8680.4 8.8806 "" "" 0.002773064720652544 0.0032210434 0.0039392323 0.0071602757 136.95048991978 -52.90041030373 1946.83398 -5.989 4.369 0.05566676712036145 0.07928327941894509 0.09508678 0.09108678 "" "" 0.8939552426927385 "" 0.08262535223987119 "" 0.91
136.80112513232 -52.8945877747 0.0229 0.0217 6.2964 "" "" 5311432265099693952 1670.61755 0.5623 0.0254 -6.097 4.352 0.03 0.027 1.012 6033.1 4.181 15.5685 1.216112 16.050714 14.834602 "" "" 1616.56494 1736.63086 11156.98759 4.3603 5189.6 20.583 9232.5 34.069 "" "" 0.0027878014758528093 0.0051311622 0.0055077863 0.0106389485 136.80112513232 -52.8945877747 1670.61755 -6.097 4.352 -0.05233323287963909 0.062283279418945625 0.09508678 0.092086785 "" "" 0.6441958379647564 "" 0.06012923476154561 "" 0.9
137.05776098771 -53.01550272681 0.0209 0.0216 6.0536 "" "" 5311415119590827648 1697.06274 0.5517 0.024 -6.103 4.385 0.027 0.027 0.899 6367.5 4.3821 15.643444 0.972894 16.040575 15.067681 "" "" 1612.64612 1783.89099 10412.84058 2.8683 5238.3 7.8547 7448.8 8.4775 "" "" 0.0027715041174889827 0.0032304092 0.0039762584 0.0072066677 137.05776098771 -53.01550272681 1697.06274 -6.1030000000000015 4.3850000000000025 -0.05833323287963843 0.0952832794189451 0.092086785 0.092086785 "" "" 0.8986955218240182 "" 0.08275798088671535 "" 0.94
136.859000438 -52.90264218493 0.024 0.0216 4.1778 "" "" 5311431268667292288 1794.32227 0.5299 0.026 -6.097 4.341 0.031 0.027 0.967 7293.7 4.3873 15.644626 1.158416 16.139055 14.980639 "" "" 1707.84875 1876.82385 10401.51569 3.0693 4784.0 9.9061 8070.5 9.2989 "" "" 0.002773884191461994 0.003583221 0.0039810445 0.0075642653 136.859000438 -52.90264218493 1794.32227 -6.096999999999998 4.340999999999998 -0.05233323287963909 0.051283279418945504 0.096086785 0.092086785 "" "" 0.6231822236160026 "" 0.058671702553625894 "" 0.94
136.99152156978 -52.96177299229 0.0246 0.0257 2.0496 "" "" 5311427214218465536 2104.69849 0.447 0.0285 -6.033 4.35 0.033 0.033 0.97 6585.4 4.3668 15.808336 1.070744 16.253006 15.182261 "" "" 1972.65564 2280.50195 8945.65402 2.9462 4307.4 9.0074 6702.8 9.5214 "" "" 0.0027784264551937543 0.0035972088 0.004081962 0.007679171 136.99152156978 -52.96177299229 2104.69849 -6.033 4.35 0.011666767120360966 0.06028327941894496 0.09808678 0.09808678 "" "" 0.6125614898271542 "" 0.06008418519163235 "" 0.82
137.13728463751 -53.1749519396 0.0272 0.0244 15.864 "" "" 5311409965630316288 1801.41028 0.5341 0.0294 -5.946 4.316 0.036 0.031 0.98 6073.7 4.4243 15.878589 0.972039 16.28015 15.30811 "" "" 1702.33154 1887.78479 8385.15515 2.8344 4201.0 7.5545 5969.2 8.6861 "" "" 0.0027796552892609557 0.0034054462 0.0040963213 0.0075017675 137.13728463751 -53.1749519396 1801.41028 -5.946000000000002 4.316 0.0986667671203616 0.02628327941894515 0.10108678 0.096086785 "" "" 0.8718637572529337 "" 0.08785174887284773 "" 0.93
136.980250625 -52.98982883349 0.026 0.0272 3.5205 "" "" 5311427179858709888 1780.76917 0.5328 0.0307 -6.0 4.224 0.034 0.035 0.975 6129.7 4.4384 15.94323 1.091762 16.40346 15.311697 "" "" 1691.92114 1897.66235 7900.50211 2.8628 3750.0 7.4774 5949.5 8.5089 "" "" 0.002783266367433415 0.003531567 0.0040859436 0.007617511 136.980250625 -52.98982883349 1780.76917 -6.0 4.224 0.04466676712036133 -0.06571672058105449 0.099086784 0.10008678 "" "" 0.6707051428971621 "" 0.06691750639944126 "" 0.93
136.74414029393 -53.04056008661 0.0254 0.0267 10.2626 "" "" 5311428588607616512 1628.78369 0.591 0.0297 -6.057 4.317 0.032 0.033 0.947 6044.9 4.3893 15.970991 1.147552 16.456661 15.309109 "" "" 1541.58667 1717.86377 7701.05496 2.6288 3570.7 8.0392 5963.7 7.7552 "" "" 0.002780134950224725 0.003709509 0.004034497 0.007744006 136.74414029393 -53.04056008661 1628.78369 -6.057 4.317 -0.012333232879639056 0.027283279418945483 0.09708679 0.09808678 "" "" 0.23116043438890424 "" 0.022634728125950892 "" 0.94
137.28998852513 -53.11705537925 0.0287 0.0286 16.184 "" "" 5311785105251594624 1732.90747 0.5476 0.0331 -6.013 4.168 0.038 0.036 1.038 5221.3 4.3929 16.120287 0.997651 16.53226 15.53461 "" "" 1651.83362 1824.89355 6711.68894 3.1734 3330.5 10.681 4845.2 8.5424 "" "" 0.002802734763153241 0.0044619795 0.004236505 0.008698484 137.28998852513 -53.11705537925 1732.90747 -6.013 4.168 0.03166676712036143 -0.12171672058105454 0.103086784 0.10108678 "" "" 1.0330610551665547 "" 0.10456101260440741 "" 0.86
136.94334941588 -52.63504298198 0.0305 0.0303 17.8331 "" "" 5323820531312461696 1836.95239 0.5247 0.0338 -5.914 4.394 0.038 0.039 0.951 5170.2 4.1725 16.196451 1.735207 17.03614 15.300934 "" "" 1726.68689 1955.66626 6256.99666 2.4884 2093.9 7.9908 6008.8 8.9748 "" "" 0.0027889491098834155 0.004995293 0.004112606 0.009107899 136.94334941588 -52.63504298198 1836.95239 -5.913999999999995 4.394 0.13066676712036163 0.10428327941894544 0.103086784 0.10408679 "" "" 1.4556530502502243 "" 0.1506266663068797 "" 0.91
137.04575684618 -53.0945186085 0.0286 0.0294 10.1907 "" "" 5311413916999947008 1888.97107 0.5065 0.0335 -6.088 4.271 0.037 0.036 1.008 5689.8 4.4518 16.200438 1.23087 16.737732 15.506862 "" "" 1774.29919 2014.33557 6234.07174 2.9834 2756.3 9.9997 4970.7 8.4054 "" "" 0.0028038843009179177 0.004827078 0.0042017265 0.0090288045 137.04575684618 -53.0945186085 1888.97107 -6.088 4.271000000000003 -0.04333323287963875 -0.01871672058105478 0.10208678 0.10108678 "" "" 0.422638928508366 "" 0.04307967257315588 "" 0.91
136.67497887368 -52.76405613871 0.0336 0.0336 14.5261 "" "" 5323443433187621760 1828.24939 0.5182 0.038 -6.145 4.341 0.049 0.038 1.056 6335.4 4.4064 16.278484 1.299244 16.850918 15.551674 "" "" 1724.00647 1947.82166 5801.67353 2.5944 2483.4 7.5015 4769.7 9.0509 "" "" 0.0027977705312691383 0.0043059336 0.0043044696 0.008610403 136.67497887368 -52.76405613871 1828.24939 -6.145 4.341 -0.10033323287963825 0.051283279418945504 0.11408678 0.103086784 "" "" 0.9764719256864914 "" 0.1092643695109007 "" 0.92
136.43473769291 -52.87319056023 0.0359 0.0356 19.4661 "" "" 5323438279227025664 1892.58813 0.5021 0.0426 -6.234 4.241 0.048 0.04 0.929 7644.7 4.4188 16.335497 1.523478 17.033123 15.509645 "" "" 1759.49841 2036.47852 5504.87877 2.4493 2099.7 9.488 4957.9 6.395 "" "" 0.00279734787468319 0.005644064 0.0040305066 0.0096745705 136.43473769291 -52.87319056023 1892.58813 -6.234 4.241 -0.18933323287963866 -0.04871672058105503 0.11308678 0.10508678 "" "" 1.7538078989368946 "" 0.19749028998641913 "" 0.88
137.38366365667 -52.94127766481 0.0323 0.0333 15.1965 "" "" 5311788713023982464 1791.65027 0.5274 0.0361 -6.134 4.246 0.045 0.051 1.032 4676.5 4.2569 16.37821 1.165571 16.884838 15.719267 "" "" 1686.94153 1932.05176 5292.52182 2.3907 2407.0 7.022 4087.4 8.1553 "" "" 0.0027986285470829623 0.0042211083 0.0043562083 0.008577317 137.38366365667 -52.94127766481 1791.65027 -6.134 4.246 -0.08933323287963901 -0.04371672058105425 0.110086784 0.11608678 "" "" 0.8446258605446334 "" 0.0939825855663898 "" 0.86
136.84257470777 -52.94473104932 0.0316 0.0305 4.4463 "" "" 5311430787630929920 1923.40259 0.4905 0.0353 -6.039 4.325 0.042 0.038 0.941 7150.3 4.3826 16.392612 1.508608 17.083078 15.574471 "" "" 1802.76074 2074.76831 5222.78011 2.3251 2005.3 8.0539 4670.6 6.1451 "" "" 0.0027973950868893393 0.0051769014 0.0040403395 0.009217241 136.84257470777 -52.94473104932 1923.40259 -6.038999999999998 4.325000000000001 0.0056667671203616266 0.03528327941894549 0.10708678 0.103086784 "" "" 0.3257974924165109 "" 0.033618805283855815 "" 0.92
136.97839301893 -53.03659279066 0.0323 0.033 6.2976 "" "" 5311426767541826048 2004.04651 0.478 0.0379 -5.981 4.227 0.042 0.042 0.953 5711.8 4.5362 16.489635 1.217821 17.014256 15.796434 "" "" 1854.06262 2198.68604 4776.30764 2.4761 2136.6 6.5529 3807.0 9.0057 "" "" 0.0028122234042604554 0.004344359 0.0045694956 0.008913854 136.97839301893 -53.03659279066 2004.04651 -5.981 4.227 0.06366676712036146 -0.06271672058105437 0.10708678 0.10708678 "" "" 0.8489336461997771 "" 0.09090956864167161 "" 0.84
136.92991793049 -53.13991986049 0.0355 0.0359 12.5343 "" "" 5311412576970105856 1637.69873 0.5864 0.0402 -6.001 4.262 0.048 0.045 1.044 5478.3 4.6817 16.597134 1.147512 17.097124 15.949613 "" "" 1547.1925 1758.06885 4326.06794 2.1422 1979.6 6.6876 3306.1 6.6733 "" "" 0.002807284347180135 0.0046085264 0.0043688174 0.008977344 136.92991793049 -53.13991986049 1637.69873 -6.001000000000001 4.262 0.043666767120360994 -0.02771672058105512 0.11308678 0.110086784 "" "" 0.4014897875201659 "" 0.045060580212005284 "" 0.89
137.01969969788 -52.91602304814 0.038 0.0368 2.2409 "" "" 5311802731796448384 1905.9165 0.5178 0.0418 -6.047 4.268 0.048 0.046 1.04 4914.4 4.3904 16.617981 1.160911 17.120617 15.959706 "" "" 1730.9585 2091.07446 4243.79374 4.9314 1937.2 11.561 3275.5 11.087 "" "" 0.003030438907770454 0.0070547643 0.0052715805 0.012326345 137.01969969788 -52.91602304814 1905.9165 -6.047000000000002 4.267999999999999 -0.0023332328796383806 -0.021716720581054894 0.11308678 0.111086786 "" "" 0.1973188978104277 "" 0.021924065609383335 "" 0.9
136.96348343736 -52.78922313944 0.0391 0.0375 8.567 "" "" 5311807610879026432 1749.02649 0.5531 0.0435 -6.131 4.382 0.054 0.05 0.927 5698.9 4.6686 16.64837 1.250444 17.192032 15.941588 "" "" 1605.33398 1863.08643 4126.65922 2.1716 1813.9 9.2496 3330.6 7.9397 "" "" 0.0028139358933930137 0.006199813 0.004580694 0.010780507 136.96348343736 -52.78922313944 1749.02649 -6.131 4.382 -0.0863332328796389 0.09228327941894499 0.11908679 0.11508678 "" "" 1.0476643506288004 "" 0.12254603974723612 "" 0.91
137.04646584773 -53.01385601587 0.0386 0.039 5.7497 "" "" 5311415119590827136 1669.91626 0.5649 0.0437 -6.158 4.261 0.05 0.049 0.989 5261.6 4.6996 16.842365 1.282841 17.406633 16.123793 "" "" 1545.03235 1775.96521 3451.44056 2.3451 1488.6 6.498 2816.1 11.579 "" "" 0.0028523682076859926 0.0054997485 0.0058492003 0.011348949 137.04646584773 -53.01385601587 1669.91626 -6.158000000000002 4.261000000000003 -0.11333323287963903 -0.028716720581054567 0.11508678 0.11408678 "" "" 0.9254278096745508 "" 0.10644890302627605 "" 0.85
137.1075237209 -52.73917621669 0.0406 0.0413 12.6898 "" "" 5311806477007723776 2023.44543 0.4707 0.0457 -5.991 4.251 0.054 0.057 0.995 5314.1 4.6795 16.880674 1.189726 17.396305 16.20658 "" "" 1830.04224 2197.93945 3331.7824 2.4449 1502.8 7.6144 2609.3 7.5306 "" "" 0.00286819824051048 0.0061683413 0.0049094353 0.011077777 137.1075237209 -52.73917621669 2023.44543 -5.990999999999999 4.2509999999999994 0.05366676712036167 -0.038716720581054354 0.11908679 0.12208678 "" "" 0.6346913568323723 "" 0.07624047729126582 "" 0.88
137.29276370925 -52.70056546792 0.0441 0.0437 18.3088 "" "" 5311811905846804736 1733.84961 0.5698 0.0487 -6.106 4.236 0.056 0.056 1.051 4639.4 4.395 16.98217 1.363375 17.605013 16.241638 "" "" 1613.21301 1893.94678 3034.43975 1.9412 1240.0 7.0175 2526.4 7.4842 "" "" 0.0028415166651852308 0.0067483084 0.004962745 0.011711054 137.29276370925 -52.70056546792 1733.84961 -6.105999999999999 4.235999999999997 -0.061333232879638544 -0.05371672058105492 0.12108678 0.12108678 "" "" 0.670055571904573 "" 0.08113487410697427 "" 0.87
