Clusters/UBC_249/UBC_249_members.tsv
# %ECSV 1.0
# ---
# datatype:
# - name: RA_ICRS_1
#   unit: deg
#   datatype: float64
#   format: '{:15.11f}'
#   description: Right ascension (ICRS) at Ep=2016.0 (ra)
#   meta: !!omap
#   - {ucd: POS_EQ_RA_MAIN}
#   - {width: 15}
#   - {precision: '11'}
# - name: DE_ICRS_1
#   unit: deg
#   datatype: float64
#   format: '{:15.11f}'
#   description: Declination (ICRS) at Ep=2016.0 (dec)
#   meta: !!omap
#   - {ucd: POS_EQ_DEC_MAIN}
#   - {width: 15}
#   - {precision: '11'}
# - name: e_RA_ICRS
#   unit: mas
#   datatype: float64
#   format: '{:7.4f}'
#   description: Standard error of right ascension (ra_error)
#   meta: !!omap
#   - {ucd: ERROR}
#   - {width: 7}
#   - {precision: '4'}
# - name: e_DE_ICRS
#   unit: mas
#   datatype: float64
#   format: '{:7.4f}'
#   description: Standard error of declination (dec_error)
#   meta: !!omap
#   - {ucd: ERROR}
#   - {width: 7}
#   - {precision: '4'}
# - name: _r_1
#   unit: ''
#   datatype: float64
#   format: '{:7.4f}'
#   description: Distance from center (136.96370943000-52.93200562000)[ICRS], at Epoch=J2016.0
#   meta: !!omap
#   - {ucd: POS_ANG_DIST_GENERAL}
#   - {width: 7}
#   - {precision: '4'}
# - name: HIP
#   datatype: int32
#   description: '? HIP cross-id number, van Leeuwen, Cat. I/311 (hip_original_ext_source_id)'
#   meta: !!omap
#   - {ucd: ID_NUMBER}
#   - {width: 6}
#   - values: {'null': -2147483648}
# - name: TYC2
#   datatype: string
#   description: Tycho-2 cross-id name, Hog et al., Cat. I/259 (tyc2_original_ext_source_id)
#   meta: !!omap
#   - {ucd: ID_CROSSID}
#   - {_votable_string_dtype: char}
# - name: Source
#   datatype: int64
#   description: Source identifier, identical to the Gaia-EDR3 source_id (id)
#   meta: !!omap
#   - {ucd: ID_MAIN}
#   - {width: 19}
# - name: rgeo
#   unit: pc
#   datatype: float64
#   format: '{:15.8f}'
#   description: '? Median of the geometric distance posterior (r_med_geo)'
#   meta: !!omap
#   - {ucd: PHYS_DISTANCE_TRUE}
#   - {width: 15}
#   - {precision: '8'}
#   - values: {'null': .nan}
# - name: Plx
#   unit: mas
#   datatype: float64
#   format: '{:9.4f}'
#   description: '? Parallax (parallax)'
#   meta: !!omap
#   - {ucd: POS_PARLX_TRIG}
#   - {width: 9}
#   - {precision: '4'}
#   - values: {'null': .nan}
# - name: e_Plx
#   unit: mas
#   datatype: float32
#   format: '{:7.4f}'
#   description: '? Standard error of parallax (parallax_error)'
#   meta: !!omap
#   - {ucd: ERROR}
#   - {width: 7}
#   - {precision: '4'}
#   - values: {'null': .nan}
# - name: pmRA
#   unit: mas / yr
#   datatype: float64
#   format: '{:9.3f}'
#   description: '? Proper motion in right ascension direction, pmRA*cosDE (pmra)'
#   meta: !!omap
#   - {ucd: POS_EQ_PMRA}
#   - {width: 9}
#   - {precision: '3'}
#   - values: {'null': .nan}
# - name: pmDE
#   unit: mas / yr
#   datatype: float64
#   format: '{:9.3f}'
#   description: '? Proper motion in declination direction (pmdec)'
#   meta: !!omap
#   - {ucd: POS_EQ_PMDEC}
#   - {width: 9}
#   - {precision: '3'}
#   - values: {'null': .nan}
# - name: e_pmRA
#   unit: mas / yr
#   datatype: float32
#   format: '{:6.3f}'
#   description: '? Standard error of proper motion in right ascension direction (pmra_error)'
#   meta: !!omap
#   - {ucd: ERROR}
#   - {width: 6}
#   - {precision: '3'}
#   - values: {'null': .nan}
# - name: e_pmDE
[...]
#       distance: !astropy.table.SerializedColumn
#         __class__: astropy.coordinates.distances.Distance
#         unit: !astropy.units.Unit {unit: pc}
#         value: !astropy.table.SerializedColumn {name: SkyCoord.distance}
#       frame: icrs
#       obstime: !astropy.time.Time {format: jyear_str, in_subfmt: '*', jd1: 367701545.0, jd2: 0.0, out_subfmt: '*', precision: 3, scale: tt}
#       pm_dec: !astropy.table.SerializedColumn
#         __class__: astropy.units.quantity.Quantity
#         unit: !astropy.units.Unit {unit: mas / yr}
#         value: !astropy.table.SerializedColumn {name: SkyCoord.pm_dec}
#       pm_ra_cosdec: !astropy.table.SerializedColumn
#         __class__: astropy.units.quantity.Quantity
#         unit: !astropy.units.Unit {unit: mas / yr}
#         value: !astropy.table.SerializedColumn {name: SkyCoord.pm_ra_cosdec}
#       ra: !astropy.table.SerializedColumn
#         __class__: astropy.coordinates.angles.Longitude
#         unit: *id001
#         value: !astropy.table.SerializedColumn {name: SkyCoord.ra}
#         wrap_angle: !astropy.coordinates.Angle
#           unit: *id001
#           value: 360.0
#       representation_type: spherical
# schema: astropy-2.0
RA_ICRS_1 DE_ICRS_1 e_RA_ICRS e_DE_ICRS _r_1 HIP TYC2 Source rgeo Plx e_Plx pmRA pmDE e_pmRA e_pmDE RUWE Teff logg Gmag BP-RP BPmag RPmag RV e_RV b_rgeo B_rgeo FG e_FG FBP e_FBP FRP e_FRP RAVE5 RAVE6 e_Gmag e_BPmag e_RPmag e_BP-RP SkyCoord.ra SkyCoord.dec SkyCoord.distance SkyCoord.pm_ra_cosdec SkyCoord.pm_dec rmRA rmDE e_rmRA e_rmDE rRV e_rRV v_pec v_pec3d e_vpec e_vpec3d Pmemb
137.09623328977 -52.95539320926 0.0115 0.0112 4.9928 "" 8583-3902-1 5311790671528644864 1888.73352 0.5029 0.0129 -6.013 4.341 0.015 0.014 0.858 8122.6 2.9395 11.101239 0.42058 11.24564 10.82506 "" "" 1850.3219 1933.8418 683047.90141 152.32 433670.0 173.82 370800.0 104.23 "" "" 0.002765937696306039 0.0028239025 0.0037916845 0.006615587 137.09623328977 -52.95539320926 1888.73352 -6.012999999999998 4.340999999999999 0.03166676712036143 0.051283279418945504 0.08008678 0.07908678 "" "" 0.5395942543601018 "" 0.04282440125670258 "" 0.92
137.1836561461 -53.11269848384 0.0116 0.0115 13.4369 "" 8583-3773-1 5311786028646269696 1806.80859 0.5122 0.0132 -6.008 4.294 0.015 0.014 0.927 11232.6 3.7278 11.711518 0.296162 11.810763 11.514602 20.4 21.86 1761.40991 1849.16492 389349.37017 73.473 257700.0 95.662 196480.0 62.545 "" "" 0.002762927385691182 0.0028191293 0.0037951523 0.006614282 137.1836561461 -53.11269848384 1806.80859 -6.007999999999999 4.294 0.03666676712036132 0.0042832794189449075 0.08008678 0.07908678 -2.74428571428572 24.256601 0.3161595311476241 2.762437498074512 0.025315969587089253 24.09721307524841 0.92
137.12949953461 -52.82743475172 0.0115 0.0116 8.6836 "" 8583-3479-1 5311804926496686208 1848.53308 0.4957 0.013 -6.04 4.319 0.016 0.015 0.86 "" "" 11.828561 0.240943 11.905943 11.665 20.43 27.57 1812.60315 1888.63696 349560.63115 60.842 236070.0 129.25 171060.0 68.8 "" "" 0.002761793095661604 0.002852791 0.0038045258 0.006657317 137.12949953461 -52.82743475172 1848.53308 -6.040000000000001 4.319000000000002 0.004666767120361293 0.029283279418945263 0.081086785 0.08008678 -2.714285714285719 29.9666 0.25981931308278566 2.726692687896153 0.020814567365748077 29.830246716609683 0.9
137.16864824191 -53.11712142286 0.0101 0.0102 13.344 "" 8583-2689-1 5311410721544598400 1839.41809 0.4995 0.0115 -6.087 4.404 0.013 0.013 0.851 7882.8 3.4029 11.968011 0.318157 12.074653 11.756495 8.92 14.87 1803.27075 1882.58411 307427.16203 43.327 202100.0 82.941 157240.0 45.181 "" "" 0.0027595658562712916 0.002825525 0.003792236 0.006617761 137.16864824191 -53.11712142286 1839.41809 -6.087 4.404 -0.042333232879638416 0.11428327941894523 0.07808678 0.07808678 -14.224285714285719 17.2666 1.0625821868785719 14.263918991129486 0.0829736198877183 17.21862433364801 0.86
136.94841535417 -52.85922637368 0.0102 0.01 4.4017 "" 8583-3386-1 5311806786245267456 1937.55493 0.4775 0.0116 -6.029 4.441 0.013 0.012 0.905 7666.5 3.4932 12.014769 0.402488 12.15219 11.749702 10.76 18.2 1893.06555 1979.33533 294468.83355 65.342 188170.0 142.89 158230.0 119.24 "" "" 0.0027658331599902794 0.0029094333 0.003866933 0.0067763664 136.94841535417 -52.85922637368 1937.55493 -6.029000000000003 4.440999999999999 0.015666767120361413 0.15128327941894515 0.07808678 0.077086784 -12.384285714285719 20.596601 1.3968175772765146 12.462809955914837 0.1076910910248507 20.466832344047603 0.96
136.70655987618 -52.91083446736 0.0095 0.0097 9.3886 "" "" 5311430512752811392 1897.578 0.503 0.0109 -5.947 4.374 0.013 0.011 0.984 "" "" 12.379712 0.641385 12.616279 11.974894 "" "" 1862.93213 1940.79834 210407.77382 25.213 122720.0 63.095 128590.0 49.06 "" "" 0.002758390141462488 0.0028454622 0.0038020147 0.006647477 136.70655987618 -52.91083446736 1897.578 -5.947000000000002 4.3740000000000006 0.09766676712036126 0.08428327941894498 0.07808678 0.07608678 "" "" 1.1603442414167908 "" 0.0896243336212773 "" 0.95
136.9362671606 -52.77136158654 0.0103 0.0098 9.6898 "" 8583-3644-1 5311808431199972608 1845.172 0.5105 0.0112 -6.041 4.376 0.013 0.012 0.99 "" "" 12.452339 0.479544 12.622312 12.142768 "" "" 1795.59619 1881.72046 196793.61271 26.03 122040.0 48.675 110170.0 25.629 "" "" 0.0027590602571718557 0.0028235742 0.0037878123 0.0066113863 136.9362671606 -52.77136158654 1845.172 -6.041000000000002 4.3759999999999994 0.0036667671203609586 0.08628327941894565 0.07808678 0.077086784 "" "" 0.7553246373692453 "" 0.05822691758136683 "" 0.92
136.91090998007 -52.99891871832 0.0106 0.0112 4.4451 "" "" 5311427489096332672 1890.59912 0.5074 0.0123 -6.054 4.274 0.014 0.014 0.998 7007.3 3.3523 12.893355 0.601465 13.116117 12.514652 "" "" 1841.5592 1934.46521 131100.60519 23.209 77441.0 42.364 78216.0 22.388 "" "" 0.002762016310293687 0.0028526874 0.0037921376 0.006644825 136.91090998007 -52.99891871832 1890.59912 -6.054000000000001 4.274000000000003 -0.009333232879638942 -0.015716720581054666 0.07908678 0.07908678 "" "" 0.1638068206768122 "" 0.01295495407914831 "" 0.96
137.35401154993 -53.19073318628 0.01 0.0094 20.9533 "" "" 5311737585728704256 1796.35938 0.5258 0.011 -6.01 4.283 0.013 0.012 0.841 "" "" 12.995298 0.324175 13.114301 12.790126 "" "" 1765.36401 1829.51062 119351.40961 53.668 77570.0 32.436 60689.0 27.193 "" "" 0.0027982395224863807 0.002826865 0.0038105638 0.006637429 137.35401154993 -53.19073318628 1796.35938 -6.010000000000003 4.283000000000001 0.03466676712036154 -0.006716720581054325 0.07808678 0.077086784 "" "" 0.30066800754032125 "" 0.023467384802407662 "" 0.97
136.69294521585 -52.83039350432 0.01 0.0097 11.5449 "" "" 5323442093158044288 1792.45618 0.5255 0.0112 -6.055 4.24 0.014 0.012 0.911 "" "" 13.209456 0.79626 13.517163 12.720903 "" "" 1762.63428 1825.34082 97986.07377 17.591 53524.0 31.903 64684.0 22.785 "" "" 0.002762206033354178 0.0028642374 0.0037986836 0.006662921 136.69294521585 -52.83039350432 1792.45618 -6.055000000000001 4.240000000000004 -0.010333232879638388 -0.049716720581054474 0.07908678 0.077086784 "" "" 0.43143245813614006 "" 0.03329391531983076 "" 0.97
136.82826200421 -52.93814067505 0.0101 0.0102 4.912 "" "" 5311430856350406016 1773.17944 0.5302 0.0116 -6.082 4.258 0.013 0.012 1.113 7199.7 3.4609 13.243641 0.791346 13.549766 12.75842 "" "" 1744.98206 1805.66919 94949.02808 34.171 51941.0 60.01 62487.0 76.65 "" "" 0.0027828887328862606 0.0030591793 0.004007179 0.007066358 136.82826200421 -52.93814067505 1773.17944 -6.082 4.258 -0.03733323287963852 -0.03171672058105468 0.07808678 0.077086784 "" "" 0.41172891924470095 "" 0.03197863657629453 "" 0.88
136.53369851449 -52.69195354233 0.0108 0.0109 21.2284 "" "" 5323447414622988416 1762.74744 0.5323 0.0122 -5.95 4.213 0.015 0.012 1.0 "" "" 13.294492 0.750288 13.57918 12.828892 "" "" 1722.64478 1800.37439 90604.58081 16.036 50553.0 34.075 58560.0 27.294 "" "" 0.0027620130503271424 0.0028845503 0.0038131103 0.0066976603 136.53369851449 -52.69195354233 1762.74744 -5.950000000000001 4.212999999999999 0.09466676712036115 -0.07671672058105461 0.08008678 0.077086784 "" "" 1.018102430917108 "" 0.08033971289411929 "" 0.96
137.34876784942 -53.10585912449 0.0099 0.0101 17.377 "" "" 5311785341451501184 1798.82812 0.5197 0.0114 -5.961 4.406 0.013 0.013 0.884 9601.1 4.0502 13.366838 0.319701 13.482321 13.16262 "" "" 1761.53516 1832.25818 84764.02921 29.251 55270.0 26.927 43064.0 15.241 "" "" 0.0027806779599497903 0.0028398675 0.003798866 0.0066387337 137.34876784942 -53.10585912449 1798.82812 -5.961 4.406 0.08366676712036103 0.11628327941894501 0.07808678 0.07808678 "" "" 1.221453954748382 "" 0.09537940443869333 "" 0.91
136.84895171672 -52.78253797636 0.0104 0.0099 9.8849 "" "" 5311808229354156288 1829.74573 0.5098 0.0116 -6.042 4.242 0.014 0.012 1.017 "" "" 13.390309 0.608319 13.617011 13.008692 "" "" 1793.11572 1866.59753 82951.24348 19.163 48822.0 28.603 49623.0 17.102 "" "" 0.0027667130077843344 0.0028617587 0.0037978604 0.006659619 136.84895171672 -52.78253797636 1829.74573 -6.042 4.241999999999997 0.002666767120361513 -0.047716720581054695 0.07908678 0.077086784 "" "" 0.41449267042802296 "" 0.0319545215041823 "" 0.96
136.63693725402 -52.67569852284 0.0104 0.0101 19.4161 "" "" 5323447071010685696 1802.05579 0.5201 0.0118 -6.048 4.303 0.014 0.011 0.972 10059.0 3.8533 13.391941 0.740214 13.674863 12.934648 "" "" 1762.97559 1838.22644 82826.71897 15.029 46288.0 21.651 53125.0 25.48 "" "" 0.0027623543532459874 0.002836011 0.0038150887 0.0066511 136.63693725402 -52.67569852284 1802.05579 -6.047999999999997 4.303000000000001 -0.0033332328796387145 0.013283279418945249 0.07908678 0.07608678 "" "" 0.1169801034525643 "" 0.008921813272386113 "" 0.97
137.06016275005 -52.97293451156 0.0104 0.0108 4.2647 "" "" 5311790534089307520 1774.98669 0.5298 0.0119 -6.109 4.118 0.014 0.013 1.015 "" "" 13.522538 0.573006 13.735126 13.16212 "" "" 1744.84863 1812.7345 73439.80323 18.613 43789.0 26.078 43083.0 18.001 "" "" 0.0027690270435522897 0.0028641117 0.0038065102 0.006670622 137.06016275005 -52.97293451156 1774.98669 -6.109000000000003 4.118000000000002 -0.06433323287963866 -0.17171672058105436 0.07908678 0.07808678 "" "" 1.5427911985733664 "" 0.12066255325704471 "" 0.9
136.64486698231 -52.64905903356 0.011 0.0114 20.5438 "" "" 5323822489817304192 1876.35925 0.498 0.013 -6.031 4.289 0.015 0.013 1.017 "" "" 13.648196 0.758954 13.939748 13.180794 "" "" 1838.32458 1932.14441 65413.62164 10.385 36268.0 31.928 42349.0 16.337 "" "" 0.002760706603618437 0.002949343 0.00380252 0.0067518633 136.64486698231 -52.64905903356 1876.35925 -6.030999999999999 4.288999999999998 0.013666767120361634 -0.0007167205810549859 0.08008678 0.07808678 "" "" 0.12171847776753268 "" 0.009747381907437657 "" 0.96
137.36770801602 -53.06677934687 0.0108 0.0105 16.6794 "" "" 5311786926317529984 1871.67468 0.4966 0.0122 -6.037 4.224 0.013 0.014 0.887 9388.7 4.0076 13.673381 0.451139 13.836975 13.385836 "" "" 1823.91003 1920.26978 63913.78621 18.776 39868.0 29.263 35061.0 18.598 "" "" 0.002773720115665942 0.0029017478 0.0038230114 0.006724759 137.36770801602 -53.06677934687 1871.67468 -6.037000000000001 4.224 0.007666767120361406 -0.06571672058105449 0.07808678 0.07908678 "" "" 0.5869757123505712 "" 0.04641418676790268 "" 0.97
137.19640283364 -52.69855278694 0.0334 0.0329 16.3525 "" "" 5311812352523036160 1866.55127 0.5104 0.0363 -6.125 4.37 0.044 0.043 3.201 8136.6 4.2034 13.810169 0.619265 14.041985 13.422721 "" "" 1764.90662 1979.34265 56348.06221 14.983 33008.0 16.288 33890.0 12.805 "" "" 0.0027704035901427505 0.0028411425 0.0038015812 0.0066427235 137.19640283364 -52.69855278694 1866.55127 -6.124999999999996 4.369999999999999 -0.08033323287963867 0.08028327941894542 0.10908678 0.10808678 "" "" 1.0048320517507845 "" 0.10911294689524065 "" 0.92
136.98390081906 -53.05247299812 0.011 0.0115 7.2647 "" "" 5311414638554459008 1758.46655 0.5319 0.0128 -6.029 4.322 0.014 0.014 0.951 9420.7 4.1749 13.986447 0.522959 14.180196 13.657237 "" "" 1723.51086 1797.09058 47903.55852 13.313 29063.0 17.48 27306.0 14.038 "" "" 0.0027717929656105164 0.0028655683 0.003820378 0.006685946 136.98390081906 -53.05247299812 1758.46655 -6.029000000000002 4.322 0.015666767120361413 0.032283279418945376 0.07908678 0.07908678 "" "" 0.29909742318255134 "" 0.023654652269739347 "" 0.97
137.27191908389 -52.99657089441 0.0127 0.0123 11.7928 "" "" 5311788300706720768 1727.29431 0.5445 0.0139 -6.0 4.26 0.016 0.017 1.016 9353.8 4.1755 14.061757 0.535811 14.261245 13.725433 "" "" 1681.53345 1772.65808 44693.43487 11.357 26972.0 21.403 25644.0 17.864 "" "" 0.0027690986953002672 0.00292016 0.0038543192 0.0067744795 137.27191908389 -52.99657089441 1727.29431 -6.0 4.259999999999999 0.04466676712036133 -0.0297167205810549 0.081086785 0.08208679 "" "" 0.43924359522477185 "" 0.03575219259486858 "" 0.97
137.01540930547 -53.01181796617 0.0119 0.0122 5.1402 "" "" 5311426904980801152 1807.94055 0.5189 0.0136 -5.982 4.303 0.015 0.015 0.996 9198.5 4.0003 14.113972 0.636394 14.35633 13.719935 "" "" 1768.45459 1852.22778 42594.94307 12.289 24711.0 20.792 25774.0 16.417 "" "" 0.0027730689176920496 0.002935918 0.0038421345 0.0067780525 137.01540930547 -53.01181796617 1807.94055 -5.982 4.302999999999999 0.06266676712036112 0.013283279418945249 0.08008678 0.08008678 "" "" 0.548963372445575 "" 0.04396471025049737 "" 0.83
137.07083015652 -52.96116597569 0.013 0.013 4.2497 "" "" 5311802388199054336 1841.38855 0.5064 0.0146 -6.098 4.207 0.017 0.016 0.962 8694.6 4.1953 14.248209 0.617072 14.481647 13.864574 "" "" 1785.68506 1890.96851 37641.17471 10.054 22017.0 16.244 22559.0 13.172 "" "" 0.0027705396906529045 0.0029028826 0.0038321824 0.006735065 137.07083015652 -52.96116597569 1841.38855 -6.0980000000000025 4.207000000000004 -0.05333323287963854 -0.08271672058105484 0.08208679 0.081086785 "" "" 0.8590273437421275 "" 0.06990911345466935 "" 0.94
136.93237926395 -52.97160463088 0.0136 0.0132 2.6321 "" "" 5311427901413213056 1763.96399 0.5327 0.0154 -6.059 4.24 0.018 0.016 1.024 8305.7 4.3825 14.282276 0.643746 14.52576 13.882013 "" "" 1721.18506 1803.81458 36478.44421 8.3091 21140.0 13.895 22200.0 14.264 "" "" 0.0027663968845395067 0.0028799872 0.003843226 0.006723213 136.93237926395 -52.97160463088 1763.96399 -6.058999999999999 4.2399999999999975 -0.014333232879638835 -0.049716720581054474 0.08308678 0.081086785 "" "" 0.4326213694592821 "" 0.0351470269410755 "" 0.96
136.8199760824 -52.73768426856 0.014 0.0132 12.7703 "" "" 5323817954332043136 1792.80847 0.5233 0.0155 -5.873 4.4 0.019 0.016 0.959 7983.0 4.1179 14.334199 0.774844 14.635286 13.860442 "" "" 1753.35291 1842.11548 34775.0041 7.0622 19112.0 16.552 22645.0 17.763 "" "" 0.0027641286307962106 0.0029443542 0.0038741527 0.006818507 136.8199760824 -52.73768426856 1792.80847 -5.873000000000004 4.400000000000003 0.1716667671203611 0.11028327941894567 0.08408678 0.081086785 "" "" 1.7339048122729073 "" 0.14429823159587182 "" 0.82
137.0240975964 -52.94400753641 0.0138 0.0133 2.2994 "" "" 5311802559997741824 1894.03467 0.4931 0.0155 -6.066 4.343 0.018 0.016 1.031 9014.6 4.2463 14.386131 0.625201 14.623918 13.998716 "" "" 1850.85205 1942.28455 33150.81972 10.283 19313.0 19.321 19938.0 11.827 "" "" 0.002775826371421642 0.0029941355 0.0038338653 0.006828001 137.0240975964 -52.94400753641 1894.03467 -6.066 4.343 -0.02133323287963851 0.053283279418945284 0.08308678 0.081086785 "" "" 0.5152787301950517 "" 0.0419261782267953 "" 0.96
137.28690159324 -52.88146153524 0.0155 0.0153 12.0821 "" "" 5311792183357223936 1871.61902 0.4992 0.0177 -5.924 4.217 0.021 0.021 1.161 8070.3 4.1147 14.401237 0.709304 14.674843 13.965539 "" "" 1816.97522 1931.52039 32692.79192 9.4827 18428.0 15.875 20556.0 13.235 "" "" 0.002773259070240158 0.0029427658 0.0038434882 0.0067862542 137.28690159324 -52.88146153524 1871.61902 -5.923999999999999 4.216999999999999 0.12066676712036095 -0.07271672058105505 0.08608678 0.08608678 "" "" 1.2498452600115455 "" 0.10759515372373255 "" 0.83
137.09371738936 -52.89556999801 0.0144 0.0139 5.187 "" "" 5311803006674389376 1795.90015 0.5228 0.0162 -6.055 4.302 0.019 0.018 1.014 "" "" 14.552423 0.737593 14.838252 14.100659 "" "" 1738.28308 1852.07312 28443.11666 6.6632 15853.0 13.94 18151.0 17.088 "" "" 0.0027670350189724505 0.0029489892 0.0039151656 0.0068641547 137.09371738936 -52.89556999801 1795.90015 -6.054999999999999 4.302 -0.010333232879638388 0.012283279418944915 0.08408678 0.08308678 "" "" 0.13664052595115972 "" 0.011409845902468636 "" 0.97
136.78892198606 -52.8308903422 0.015 0.0145 8.767 "" "" 5311432746135817344 1735.53418 0.543 0.0167 -6.052 4.299 0.02 0.017 1.007 9488.8 4.1004 14.552973 0.876804 14.900353 14.023549 "" "" 1684.97021 1771.68335 28428.7524 5.9505 14972.0 14.315 19487.0 9.4603 "" "" 0.0027646764342383824 0.002977026 0.00381596 0.006792986 136.78892198606 -52.8308903422 1735.53418 -6.052000000000001 4.2989999999999995 -0.007333232879638274 0.009283279418945689 0.08508678 0.08208679 "" "" 0.09732101371226135 "" 0.008102197067241704 "" 0.94
136.54743383491 -52.95328330744 0.0155 0.0184 15.1052 "" "" 5323439756695766912 1787.46399 0.5264 0.0198 -6.158 4.175 0.021 0.019 0.933 9415.0 3.9947 14.601717 1.020487 15.018704 13.998218 "" "" 1731.61548 1839.91956 27180.65734 5.8342 13426.0 12.59 19947.0 14.578 "" "" 0.002765158375134914 0.0029701241 0.0038617824 0.0068319067 136.54743383491 -52.95328330744 1787.46399 -6.158 4.175 -0.11333323287963903 -0.11471672058105487 0.08608678 0.08408678 "" "" 1.3662765825962118 "" 0.11624352881053901 "" 0.92
