Clusters/UBC_249/UBC_249_stars_in_region.tsv
# %ECSV 1.0
# ---
# datatype:
# - name: RA_ICRS_1
#   unit: deg
#   datatype: float64
#   format: '{:15.11f}'
#   description: Right ascension (ICRS) at Ep=2016.0 (ra)
#   meta: !!omap
#   - {ucd: POS_EQ_RA_MAIN}
#   - {width: 15}
#   - {precision: '11'}
# - name: DE_ICRS_1
#   unit: deg
#   datatype: float64
#   format: '{:15.11f}'
#   description: Declination (ICRS) at Ep=2016.0 (dec)
#   meta: !!omap
#   - {ucd: POS_EQ_DEC_MAIN}
#   - {width: 15}
#   - {precision: '11'}
# - name: e_RA_ICRS
#   unit: mas
#   datatype: float64
#   format: '{:7.4f}'
#   description: Standard error of right ascension (ra_error)
#   meta: !!omap
#   - {ucd: ERROR}
#   - {width: 7}
#   - {precision: '4'}
# - name: e_DE_ICRS
#   unit: mas
#   datatype: float64
#   format: '{:7.4f}'
#   description: Standard error of declination (dec_error)
#   meta: !!omap
#   - {ucd: ERROR}
#   - {width: 7}
#   - {precision: '4'}
# - name: _r_1
#   unit: ''
#   datatype: float64
#   format: '{:7.4f}'
#   description: Distance from center (136.96370943000-52.93200562000)[ICRS], at Epoch=J2016.0
#   meta: !!omap
#   - {ucd: POS_ANG_DIST_GENERAL}
#   - {width: 7}
#   - {precision: '4'}
# - name: HIP
#   datatype: int32
#   description: '? HIP cross-id number, van Leeuwen, Cat. I/311 (hip_original_ext_source_id)'
#   meta: !!omap
#   - {ucd: ID_NUMBER}
#   - {width: 6}
#   - values: {'null': -2147483648}
# - name: TYC2
#   datatype: string
#   description: Tycho-2 cross-id name, Hog et al., Cat. I/259 (tyc2_original_ext_source_id)
#   meta: !!omap
#   - {ucd: ID_CROSSID}
#   - {_votable_string_dtype: char}
# - name: Source
#   datatype: int64
#   description: Source identifier, identical to the Gaia-EDR3 source_id (id)
#   meta: !!omap
#   - {ucd: ID_MAIN}
#   - {width: 19}
# - name: rgeo
#   unit: pc
#   datatype: float64
#   format: '{:15.8f}'
#   description: '? Median of the geometric distance posterior (r_med_geo)'
#   meta: !!omap
#   - {ucd: PHYS_DISTANCE_TRUE}
#   - {width: 15}
#   - {precision: '8'}
#   - values: {'null': .nan}
# - name: Plx
#   unit: mas
#   datatype: float64
#   format: '{:9.4f}'
#   description: '? Parallax (parallax)'
#   meta: !!omap
#   - {ucd: POS_PARLX_TRIG}
#   - {width: 9}
#   - {precision: '4'}
#   - values: {'null': .nan}
# - name: e_Plx
#   unit: mas
#   datatype: float32
#   format: '{:7.4f}'
#   description: '? Standard error of parallax (parallax_error)'
#   meta: !!omap
#   - {ucd: ERROR}
#   - {width: 7}
#   - {precision: '4'}
#   - values: {'null': .nan}
# - name: pmRA
#   unit: mas / yr
#   datatype: float64
#   format: '{:9.3f}'
#   description: '? Proper motion in right ascension direction, pmRA*cosDE (pmra)'
#   meta: !!omap
#   - {ucd: POS_EQ_PMRA}
#   - {width: 9}
#   - {precision: '3'}
#   - values: {'null': .nan}
# - name: pmDE
#   unit: mas / yr
#   datatype: float64
#   format: '{:9.3f}'
#   description: '? Proper motion in declination direction (pmdec)'
#   meta: !!omap
#   - {ucd: POS_EQ_PMDEC}
#   - {width: 9}
#   - {precision: '3'}
#   - values: {'null': .nan}
# - name: e_pmRA
#   unit: mas / yr
#   datatype: float32
#   format: '{:6.3f}'
#   description: '? Standard error of proper motion in right ascension direction (pmra_error)'
#   meta: !!omap
#   - {ucd: ERROR}
#   - {width: 6}
#   - {precision: '3'}
#   - values: {'null': .nan}
# - name: e_pmDE
[...]
#         value: !astropy.table.SerializedColumn {name: SkyCoord.dec}
#       distance: !astropy.table.SerializedColumn
#         __class__: astropy.coordinates.distances.Distance
#         unit: !astropy.units.Unit {unit: pc}
#         value: !astropy.table.SerializedColumn {name: SkyCoord.distance}
#       frame: icrs
#       obstime: !astropy.time.Time {format: jyear_str, in_subfmt: '*', jd1: 367701545.0, jd2: 0.0, out_subfmt: '*', precision: 3, scale: tt}
#       pm_dec: !astropy.table.SerializedColumn
#         __class__: astropy.units.quantity.Quantity
#         unit: !astropy.units.Unit {unit: mas / yr}
#         value: !astropy.table.SerializedColumn {name: SkyCoord.pm_dec}
#       pm_ra_cosdec: !astropy.table.SerializedColumn
#         __class__: astropy.units.quantity.Quantity
#         unit: !astropy.units.Unit {unit: mas / yr}
#         value: !astropy.table.SerializedColumn {name: SkyCoord.pm_ra_cosdec}
#       ra: !astropy.table.SerializedColumn
#         __class__: astropy.coordinates.angles.Longitude
#         unit: *id001
#         value: !astropy.table.SerializedColumn {name: SkyCoord.ra}
#         wrap_angle: !astropy.coordinates.Angle
#           unit: *id001
#           value: 360.0
#       representation_type: spherical
# schema: astropy-2.0
RA_ICRS_1 DE_ICRS_1 e_RA_ICRS e_DE_ICRS _r_1 HIP TYC2 Source rgeo Plx e_Plx pmRA pmDE e_pmRA e_pmDE RUWE Teff logg Gmag BP-RP BPmag RPmag RV e_RV b_rgeo B_rgeo FG e_FG FBP e_FBP FRP e_FRP RAVE5 RAVE6 e_Gmag e_BPmag e_RPmag e_BP-RP SkyCoord.ra SkyCoord.dec SkyCoord.distance SkyCoord.pm_ra_cosdec SkyCoord.pm_dec rmRA rmDE e_rmRA e_rmDE rRV e_rRV v_pec v_pec3d e_vpec e_vpec3d
[from data line 414]
137.33792089183 -53.04042037796 0.0179 0.0182 15.0004 "" "" 5311787201195441664 1650.07275 0.5741 0.0202 -3.848 3.908 0.024 0.024 1.337 7333.8 4.2181 14.4517 0.881808 14.804759 13.922951 "" "" 1598.24646 1699.73401 31208.03896 6.3552 16350.0 11.931 21379.0 13.97 "" "" 0.0027641769532332117 0.0029004775 0.0038453965 0.006745874 137.33792089183 -53.04042037796 1650.07275 -3.848 3.9080000000000013 2.1966667671203615 -0.38171672058105477 0.089086786 0.089086786 "" "" 17.43835885654202 "" 1.5535273421183469 ""
137.31500384184 -53.02688726729 0.0139 0.0138 13.9093 "" "" 5311787957109686656 1955.14697 0.4751 0.0156 -3.442 3.99 0.019 0.018 0.982 6318.8 3.6788 14.457171 0.932687 14.80441 13.871723 31.7 9.8 1907.61816 2009.15759 31051.22357 8.9407 16355.0 28.721 22411.0 43.367 "" "" 0.0027729985252196686 0.0033794085 0.004324102 0.00770351 137.31500384184 -53.02688726729 1955.14697 -3.4419999999999993 3.9899999999999975 2.602666767120361 -0.2997167205810545 0.08408678 0.08308678 8.55571428571428 12.1966 24.279348954118376 25.742708337986205 2.04125645601874 4.487553840012539
137.44103724419 -53.04762801374 0.0154 0.0148 18.5833 "" "" 5311740471946662528 2161.72168 0.4299 0.0169 -5.662 3.453 0.02 0.02 0.958 6174.4 3.7973 14.45931 0.947167 14.845457 13.89829 5.86 12.5 2091.48584 2240.46704 30990.09424 6.2201 15748.0 14.651 21870.0 14.973 "" "" 0.002763924546400932 0.0029673823 0.0038517884 0.006819171 137.44103724419 -53.04762801374 2161.72168 -5.662000000000001 3.4530000000000003 0.3826667671203614 -0.8367167205810548 0.08508678 0.08508678 -17.28428571428572 14.8966 9.427552717366774 19.68820161649588 0.8021600833195971 13.083374808690225
137.53228644724 -53.05738110453 0.015 0.0146 21.8677 "" "" 5311739509874151936 1912.82593 0.4877 0.0169 -6.217 5.769 0.02 0.019 0.934 8238.1 4.1278 14.470896 0.569345 14.6861 14.116756 "" "" 1854.28625 1976.41919 30661.14715 8.5205 18238.0 16.209 17884.0 13.1 "" "" 0.0027717905858871857 0.002952316 0.0038621533 0.0068144696 137.53228644724 -53.05738110453 1912.82593 -6.217 5.769 -0.1723332328796383 1.4792832794189454 0.08508678 0.08408678 "" "" 13.503065862924611 "" 1.1356112378985064 ""
137.48926580495 -53.07653694477 0.0149 0.0144 20.863 "" "" 5311740128349425152 1659.00586 0.5726 0.0165 -7.675 0.323 0.02 0.019 0.969 6597.9 4.1243 14.471881 0.805396 14.784108 13.978712 -4.26 8.51 1610.48914 1697.48767 30633.34279 7.443 16664.0 19.28 20308.0 13.624 "" "" 0.0027679199489361044 0.003059908 0.0038489315 0.0069088396 137.48926580495 -53.07653694477 1659.00586 -7.675 0.3229999999999988 -1.6303332328796385 -3.9667167205810547 0.08508678 0.08408678 -27.40428571428572 10.9066 33.72488802795903 43.455298273151676 2.840715726543673 7.2227363261035755
137.21087777268 -52.62583807994 0.0142 0.014 20.4433 "" "" 5311816132094296704 2027.22595 0.4599 0.0159 -6.33 4.266 0.018 0.018 0.917 8116.9 4.0344 14.473049 0.797808 14.78596 13.988152 "" "" 1972.13721 2095.90454 30600.4015 5.758 16635.0 14.933 20132.0 11.821 "" "" 0.00276288399690309 0.0029555017 0.0038327738 0.006788275 137.21087777268 -52.62583807994 2027.22595 -6.33 4.265999999999999 -0.28533323287963874 -0.023716720581054673 0.08308678 0.08308678 "" "" 2.7512365376441035 "" 0.2285913882429895 ""
137.50701502039 -52.87326402856 0.0138 0.0145 19.9757 "" "" 5311795241374325760 1536.8158 0.6159 0.0158 -6.858 6.428 0.019 0.017 1.049 5740.0 3.7149 14.473378 1.007611 14.889014 13.881403 18.57 9.67 1494.47485 1581.8313 30591.12196 5.7685 15129.0 14.325 22212.0 17.253 "" "" 0.0027629161699426084 0.0029735346 0.0038723305 0.0068458654 137.50701502039 -52.87326402856 1536.8158 -6.858000000000002 6.427999999999999 -0.8133332328796383 2.1382832794189452 0.08408678 0.08208679 -4.574285714285718 12.0666 16.665076938847037 17.281460562510617 1.372239997748039 3.457226004047137
136.8920783769 -52.86238071287 0.0445 0.0459 4.9166 "" "" 5311806923684205568 2130.42261 0.4463 0.0514 -7.526 4.256 0.059 0.055 3.131 5851.2 3.9732 14.476856 1.164196 14.94521 13.781014 53.17 5.29 1933.62903 2406.3999 30493.29175 16.677 14366.0 14.006 24364.0 19.13 "" "" 0.002818578386707658 0.0029842136 0.003874335 0.0068585486 136.8920783769 -52.86238071287 2130.42261 -7.526 4.256 -1.4813332328796385 -0.03371672058105446 0.12408678 0.12008678 30.025714285714283 7.6865997 14.96267827257693 33.54735845720185 1.8566401106528057 6.929355086178226
136.94092442149 -53.07220794929 0.0185 0.0196 8.4523 "" "" 5311426252148181632 1840.04846 0.5139 0.0213 -6.354 5.108 0.023 0.023 1.322 7473.8 4.0928 14.479016 0.738244 14.75346 14.015216 58.21 4.61 1762.4425 1921.25415 30432.67792 15.637 17141.0 24.439 19637.0 23.897 "" "" 0.0028112301301477616 0.0031908243 0.0040036845 0.007194509 136.94092442149 -53.07220794929 1840.04846 -6.354000000000001 5.108000000000008 -0.30933323287963876 0.818283279418945 0.088086784 0.088086784 35.06571428571428 7.0066004 7.629854300576803 35.88619504789239 0.6720893268562396 6.8478966567568404
136.87046128386 -52.48669596291 0.0145 0.015 26.9327 "" "" 5323831182831201152 1806.56384 0.5187 0.0166 -5.984 4.963 0.019 0.019 0.934 "" "" 14.47992 0.968143 14.86974 13.901597 "" "" 1753.79688 1852.69519 30407.34702 5.6968 15400.0 16.887 21803.0 14.237 "" "" 0.0027628184675729216 0.0030335644 0.003845304 0.0068788687 136.87046128386 -52.48669596291 1806.56384 -5.984 4.963 0.06066676712036134 0.6732832794189454 0.08408678 0.08408678 "" "" 5.788758052338332 "" 0.4867580435196543 ""
136.34679652848 -52.91339312523 0.0144 0.0142 22.3438 "" "" 5323437798190417024 1535.96741 0.6175 0.0161 -4.193 2.585 0.019 0.016 1.058 9131.3 4.1749 14.480593 1.19828 14.99218 13.7939 "" "" 1507.02478 1581.97021 30388.53372 5.6663 13758.0 18.087 24077.0 16.736 "" "" 0.002762747674987242 0.0031340746 0.0038539974 0.006988072 136.34679652848 -52.91339312523 1535.96741 -4.193 2.584999999999997 1.8516667671203617 -1.7047167205810547 0.08408678 0.081086785 "" "" 18.32417201294029 "" 1.5158495527993865 ""
137.1962030914 -52.89797028891 0.0184 0.0168 8.6559 "" "" 5311792664393168384 1521.49915 0.6184 0.0195 -10.372 9.134 0.025 0.021 1.287 5737.4 3.7133 14.485595 1.045625 14.919563 13.873939 7.09 7.2 1484.91882 1567.11584 30248.86079 5.3881 14709.0 13.281 22366.0 17.604 "" "" 0.0027620992039401977 0.0029573797 0.0038747923 0.006832172 137.1962030914 -52.89797028891 1521.49915 -10.371999999999998 9.134000000000004 -4.327333232879639 4.844283279418946 0.09008678 0.08608678 -16.05428571428572 9.5966 46.845697527412604 49.52029348283136 4.11701118732947 4.984751553983794
136.696273438 -52.99179019101 0.0139 0.0143 10.3095 "" "" 5311430066076373120 1764.53735 0.5356 0.0164 -6.376 5.21 0.017 0.017 0.99 6761.8 3.6315 14.486112 1.131871 14.963727 13.831856 20.26 4.94 1722.62646 1813.35522 30234.45441 5.5101 14123.0 13.895 23250.0 11.167 "" "" 0.0027624160163238994 0.002987661 0.0038151892 0.0068028504 136.696273438 -52.99179019101 1764.53735 -6.376000000000001 5.21 -0.331333232879639 0.9202832794189453 0.08208679 0.08208679 -2.884285714285717 7.3366003 8.18083758966424 8.674399561358474 0.6715386696592042 2.5203315461650155
137.61383123804 -53.04189248822 0.0158 0.0165 24.3902 "" "" 5311745282310221184 1744.88672 0.5355 0.017 -6.925 9.02 0.021 0.021 0.963 5966.3 4.04 14.489429 0.971366 14.887794 13.916428 37.47 4.91 1693.68518 1800.06982 30142.20293 5.6743 15146.0 17.116 21507.0 13.509 "" "" 0.0027628907064812 0.0030480267 0.0038404185 0.0068884455 137.61383123804 -53.04189248822 1744.88672 -6.925 9.019999999999998 -0.8803332328796385 4.730283279418945 0.08608678 0.08608678 14.32571428571428 7.3065996 39.79480586951575 42.294830227681054 3.4258066913796097 4.063800593876326
137.61376918988 -52.76625817744 0.0157 0.0164 25.5681 "" "" 5311797440397642880 1631.52832 0.583 0.0165 0.243 -6.382 0.02 0.019 1.015 5681.2 3.8498 14.491447 1.202367 15.010996 13.808629 4.32 11.38 1590.20862 1676.44336 30086.22369 4.9124 13521.0 15.143 23752.0 15.873 "" "" 0.002761017247150381 0.0030436264 0.0038484007 0.0068920273 137.61376918988 -52.76625817744 1631.52832 0.2430000000000021 -6.382 6.287666767120362 -10.671716720581054 0.08508678 0.08408678 -18.82428571428572 13.7766 95.78871772203895 97.62085932568675 8.079357346038892 8.360985092702515
137.44482169777 -52.75650731774 0.0142 0.0141 20.368 "" "" 5311800326615337600 1828.77966 0.5154 0.0156 -7.035 6.355 0.018 0.017 0.97 7315.1 4.1284 14.49255 0.810588 14.813215 14.002627 "" "" 1769.21924 1898.13586 30055.69225 12.305 16223.0 22.199 19866.0 22.114 "" "" 0.0027909454322036075 0.0031610609 0.0039679254 0.0071289865 137.44482169777 -52.75650731774 1828.77966 -7.035 6.355 -0.9903332328796388 2.0652832794189457 0.08308678 0.08208679 "" "" 19.854560627122932 "" 1.6335271787345065 ""
137.25098891696 -52.7559227466 0.0143 0.0137 14.8325 "" "" 5311811253011728768 1958.95825 0.4803 0.0156 -3.118 4.412 0.018 0.018 0.941 5612.2 3.569 14.49484 1.369698 15.110069 13.740371 4.18 3.35 1907.8396 2025.19702 29992.37155 8.3082 12342.0 15.763 25294.0 24.364 "" "" 0.0027716865119965326 0.0031157571 0.00392141 0.0070371674 137.25098891696 -52.7559227466 1958.95825 -3.1180000000000008 4.411999999999999 2.9266667671203614 0.12228327941894523 0.08308678 0.08308678 -18.96428571428572 5.7466 27.199164093259 33.15778430512345 2.2598909959414164 3.7734575154495036
137.44344062503 -53.18212728605 0.0152 0.0142 22.9018 "" "" 5311737242131346560 2071.64111 0.4502 0.0165 0.254 1.674 0.02 0.018 0.893 6003.1 3.8274 14.49501 1.017162 14.916055 13.898892 19.05 4.86 2008.96936 2143.04932 29987.65157 5.3713 14757.0 11.291 21858.0 13.299 "" "" 0.00276217477580713 0.0029112122 0.0038366793 0.006747891 137.44344062503 -53.18212728605 2071.64111 0.2539999999999999 1.674 6.298666767120361 -2.6157167205810548 0.08508678 0.08308678 -4.094285714285718 7.2566004 66.9715270002923 67.09656179165282 5.678887796073462 5.685574584420021
136.99231958466 -53.17721599304 0.0141 0.0145 14.7488 "" "" 5311411786696120192 1794.45312 0.5241 0.016 -6.933 8.069 0.019 0.018 0.93 6855.7 3.9381 14.495503 1.176099 14.998514 13.822415 14.48 11.79 1733.38513 1844.45898 29974.05211 5.704 13678.0 13.025 23453.0 13.209 "" "" 0.002763056002997414 0.0029755675 0.003828532 0.0068040993 136.99231958466 -53.17721599304 1794.45312 -6.933 8.068999999999999 -0.8883332328796385 3.779283279418946 0.08408678 0.08308678 -8.664285714285718 14.1866 33.021561187532065 34.13932263828179 2.745394007217585 4.473803685530495
136.64142369762 -53.3948807052 0.0152 0.0147 30.095 "" "" 5311403192443214720 2106.21362 0.4415 0.0166 -4.772 3.031 0.019 0.019 0.989 6539.0 3.9138 14.499042 1.07734 14.94451 13.867169 12.94 6.94 2040.32458 2173.49072 29876.52169 5.5021 14375.0 15.915 22506.0 13.599 "" "" 0.00276256577328336 0.0030380876 0.003835899 0.0068739867 136.64142369762 -53.3948807052 2106.21362 -4.772 3.0309999999999997 1.272666767120361 -1.2587167205810545 0.08408678 0.08408678 -10.204285714285719 9.3366 17.870236415011654 20.578454666645506 1.5026506957033825 4.8101395572675365
137.48864117246 -52.53650176336 0.1877 0.2032 30.4438 "" "" 5311838049285813760 1851.16833 0.7841 0.2205 -2.684 2.853 0.267 0.251 12.826 6252.5 3.8053 14.501552 0.902005 14.77187 13.869864 36.13 4.6 1313.74744 3054.00342 29807.54952 49.386 16853.0 13.482 22450.0 13.938 "" "" 0.003290555285081193 0.002922234 0.0038390239 0.0067612575 137.48864117246 -52.53650176336 1851.16833 -2.684 2.8529999999999998 3.360666767120361 -1.4367167205810545 0.33208677 0.31608677 12.985714285714284 6.9966 32.069988944652174 34.59932031731717 10.572357174711989 10.145215778330995
136.8076180841 -53.39042839937 0.042 0.0429 28.0727 "" "" 5311402715725349248 2024.76953 0.4738 0.0499 -13.964 4.732 0.06 0.059 3.115 "" "" 14.505527 1.41031 14.92741 13.5171 45.37 4.9 1823.99475 2309.99976 29698.59672 16.135 14603.0 93.401 31068.0 145.4 "" "" 0.0028177540099314532 0.0074839513 0.0063327244 0.013816675 136.8076180841 -53.39042839937 2024.76953 -13.964000000000002 4.732000000000003 -7.919333232879639 0.4422832794189455 0.12508678 0.12408678 22.22571428571428 7.2966003 76.12350865860009 79.30177139261245 9.521809159683103 9.366171083995553
136.54608800841 -53.16862551352 0.0137 0.0137 20.6985 "" "" 5311420617148224640 1916.34387 0.4887 0.0159 -5.867 5.852 0.019 0.016 0.954 7958.7 4.0505 14.512654 1.009379 14.926222 13.916842 "" "" 1854.50537 1983.50378 29504.26979 6.3064 14619.0 19.845 21499.0 14.156 "" "" 0.0027650761960303226 0.0031555232 0.0038464025 0.0070019257 136.54608800841 -53.16862551352 1916.34387 -5.866999999999998 5.851999999999999 0.17766676712036134 1.5622832794189456 0.08408678 0.081086785 "" "" 14.28242285917926 "" 1.1586727921156144 ""
137.03123756035 -53.2351981686 0.0169 0.0175 18.3536 "" "" 5311408385082291712 1562.0946 0.6062 0.0197 -3.793 2.912 0.023 0.021 1.257 6002.2 3.8647 14.514935 0.950779 14.886298 13.935519 37.19 9.49 1519.42615 1608.93188 29442.38418 7.0492 15167.0 31.363 21132.0 57.973 "" "" 0.002767555569083822 0.003581295 0.0048120343 0.00839333 137.03123756035 -53.2351981686 1562.0946 -3.793 2.912 2.251666767120361 -1.3777167205810548 0.088086784 0.08608678 14.04571428571428 11.8866 19.54533261661857 24.068695787062744 1.7111257216701339 7.074443598572601
136.8014303502 -53.34429482057 0.0153 0.0144 25.4176 "" "" 5311404502431762816 1997.74207 0.4705 0.0175 -4.523 8.14 0.021 0.019 0.976 4786.7 2.9458 14.518087 1.583783 15.261791 13.678008 25.86 3.27 1923.54468 2075.15625 29357.01977 5.4514 10732.0 14.431 26789.0 17.467 "" "" 0.0027626866540966847 0.003149051 0.0038451115 0.0069941627 136.8014303502 -53.34429482057 1997.74207 -4.5230000000000015 8.139999999999997 1.5216667671203616 3.850283279418946 0.08608678 0.08408678 2.715714285714281 5.6666 39.203521516345205 39.297470699323306 3.3071986336164905 3.3224506268086187
137.09658835436 -53.3584172298 0.0145 0.0141 26.0277 "" "" 5311359628610542080 1801.19031 0.5183 0.0163 -1.816 0.186 0.019 0.017 0.876 6571.3 3.8018 14.519475 1.104187 14.984405 13.880218 49.86 7.49 1747.20154 1873.07593 29319.5039 5.5186 13857.0 12.871 22237.0 14.261 "" "" 0.0027628884432802842 0.00296683 0.003842989 0.006809819 137.09658835436 -53.3584172298 1801.19031 -1.816 0.1859999999999999 4.2286667671203615 -4.103716720581055 0.08408678 0.08208679 26.71571428571428 9.8866 50.30845962833898 56.96200926909207 4.181778999287508 5.928027922472721
137.18230271422 -53.01151659624 0.0138 0.0139 9.2273 "" "" 5311789881254655744 1559.08142 0.6108 0.0157 -11.491 14.217 0.018 0.018 0.96 5599.3 4.0889 14.529999 0.983185 14.935735 13.95255 51.81 7.58 1515.76172 1592.0022 29036.70246 5.1025 14492.0 13.985 20804.0 12.284 "" "" 0.0027619179866382464 0.002980408 0.0038333694 0.0068137776 137.18230271422 -53.01151659624 1559.08142 -11.491000000000005 14.216999999999992 -5.446333232879638 9.927283279418946 0.08308678 0.08308678 28.665714285714284 9.9766 83.67852452874608 88.45235238713646 6.952579258972285 7.329065536099482
136.7358186537 -52.66990716852 0.0224 0.0242 17.7663 "" "" 5323819328721385472 1812.69836 0.5251 0.0263 -6.183 4.124 0.03 0.029 1.477 9548.7 4.0983 14.532098 0.852252 14.867855 14.015603 "" "" 1719.60193 1925.4895 28980.60863 8.5927 15427.0 15.516 19630.0 16.505 "" "" 0.002774062213519263 0.0029962496 0.0038880713 0.0068843206 136.7358186537 -52.66990716852 1812.69836 -6.183 4.1240000000000006 -0.1383332328796385 -0.16571672058105502 0.09508678 0.09408678 "" "" 1.8547614337637683 "" 0.17527259012849947 ""
