Clusters/UBC_249/UBC_249_stars_in_region.tsv
# %ECSV 1.0
# ---
# datatype:
# - name: RA_ICRS_1
#   unit: deg
#   datatype: float64
#   format: '{:15.11f}'
#   description: Right ascension (ICRS) at Ep=2016.0 (ra)
#   meta: !!omap
#   - {ucd: POS_EQ_RA_MAIN}
#   - {width: 15}
#   - {precision: '11'}
# - name: DE_ICRS_1
#   unit: deg
#   datatype: float64
#   format: '{:15.11f}'
#   description: Declination (ICRS) at Ep=2016.0 (dec)
#   meta: !!omap
#   - {ucd: POS_EQ_DEC_MAIN}
#   - {width: 15}
#   - {precision: '11'}
# - name: e_RA_ICRS
#   unit: mas
#   datatype: float64
#   format: '{:7.4f}'
#   description: Standard error of right ascension (ra_error)
#   meta: !!omap
#   - {ucd: ERROR}
#   - {width: 7}
#   - {precision: '4'}
# - name: e_DE_ICRS
#   unit: mas
#   datatype: float64
#   format: '{:7.4f}'
#   description: Standard error of declination (dec_error)
#   meta: !!omap
#   - {ucd: ERROR}
#   - {width: 7}
#   - {precision: '4'}
# - name: _r_1
#   unit: ''
#   datatype: float64
#   format: '{:7.4f}'
#   description: Distance from center (136.96370943000-52.93200562000)[ICRS], at Epoch=J2016.0
#   meta: !!omap
#   - {ucd: POS_ANG_DIST_GENERAL}
#   - {width: 7}
#   - {precision: '4'}
# - name: HIP
#   datatype: int32
#   description: '? HIP cross-id number, van Leeuwen, Cat. I/311 (hip_original_ext_source_id)'
#   meta: !!omap
#   - {ucd: ID_NUMBER}
#   - {width: 6}
#   - values: {'null': -2147483648}
# - name: TYC2
#   datatype: string
#   description: Tycho-2 cross-id name, Hog et al., Cat. I/259 (tyc2_original_ext_source_id)
#   meta: !!omap
#   - {ucd: ID_CROSSID}
#   - {_votable_string_dtype: char}
# - name: Source
#   datatype: int64
#   description: Source identifier, identical to the Gaia-EDR3 source_id (id)
#   meta: !!omap
#   - {ucd: ID_MAIN}
#   - {width: 19}
# - name: rgeo
#   unit: pc
#   datatype: float64
#   format: '{:15.8f}'
#   description: '? Median of the geometric distance posterior (r_med_geo)'
#   meta: !!omap
#   - {ucd: PHYS_DISTANCE_TRUE}
#   - {width: 15}
#   - {precision: '8'}
#   - values: {'null': .nan}
# - name: Plx
#   unit: mas
#   datatype: float64
#   format: '{:9.4f}'
#   description: '? Parallax (parallax)'
#   meta: !!omap
#   - {ucd: POS_PARLX_TRIG}
#   - {width: 9}
#   - {precision: '4'}
#   - values: {'null': .nan}
# - name: e_Plx
#   unit: mas
#   datatype: float32
#   format: '{:7.4f}'
#   description: '? Standard error of parallax (parallax_error)'
#   meta: !!omap
#   - {ucd: ERROR}
#   - {width: 7}
#   - {precision: '4'}
#   - values: {'null': .nan}
# - name: pmRA
#   unit: mas / yr
#   datatype: float64
#   format: '{:9.3f}'
#   description: '? Proper motion in right ascension direction, pmRA*cosDE (pmra)'
#   meta: !!omap
#   - {ucd: POS_EQ_PMRA}
#   - {width: 9}
#   - {precision: '3'}
#   - values: {'null': .nan}
# - name: pmDE
#   unit: mas / yr
#   datatype: float64
#   format: '{:9.3f}'
#   description: '? Proper motion in declination direction (pmdec)'
#   meta: !!omap
#   - {ucd: POS_EQ_PMDEC}
#   - {width: 9}
#   - {precision: '3'}
#   - values: {'null': .nan}
# - name: e_pmRA
#   unit: mas / yr
#   datatype: float32
#   format: '{:6.3f}'
#   description: '? Standard error of proper motion in right ascension direction (pmra_error)'
#   meta: !!omap
#   - {ucd: ERROR}
#   - {width: 6}
#   - {precision: '3'}
#   - values: {'null': .nan}
# - name: e_pmDE
[...]
#         value: !astropy.table.SerializedColumn {name: SkyCoord.dec}
#       distance: !astropy.table.SerializedColumn
#         __class__: astropy.coordinates.distances.Distance
#         unit: !astropy.units.Unit {unit: pc}
#         value: !astropy.table.SerializedColumn {name: SkyCoord.distance}
#       frame: icrs
#       obstime: !astropy.time.Time {format: jyear_str, in_subfmt: '*', jd1: 367701545.0, jd2: 0.0, out_subfmt: '*', precision: 3, scale: tt}
#       pm_dec: !astropy.table.SerializedColumn
#         __class__: astropy.units.quantity.Quantity
#         unit: !astropy.units.Unit {unit: mas / yr}
#         value: !astropy.table.SerializedColumn {name: SkyCoord.pm_dec}
#       pm_ra_cosdec: !astropy.table.SerializedColumn
#         __class__: astropy.units.quantity.Quantity
#         unit: !astropy.units.Unit {unit: mas / yr}
#         value: !astropy.table.SerializedColumn {name: SkyCoord.pm_ra_cosdec}
#       ra: !astropy.table.SerializedColumn
#         __class__: astropy.coordinates.angles.Longitude
#         unit: *id001
#         value: !astropy.table.SerializedColumn {name: SkyCoord.ra}
#         wrap_angle: !astropy.coordinates.Angle
#           unit: *id001
#           value: 360.0
#       representation_type: spherical
# schema: astropy-2.0
RA_ICRS_1 DE_ICRS_1 e_RA_ICRS e_DE_ICRS _r_1 HIP TYC2 Source rgeo Plx e_Plx pmRA pmDE e_pmRA e_pmDE RUWE Teff logg Gmag BP-RP BPmag RPmag RV e_RV b_rgeo B_rgeo FG e_FG FBP e_FBP FRP e_FRP RAVE5 RAVE6 e_Gmag e_BPmag e_RPmag e_BP-RP SkyCoord.ra SkyCoord.dec SkyCoord.distance SkyCoord.pm_ra_cosdec SkyCoord.pm_dec rmRA rmDE e_rmRA e_rmDE rRV e_rRV v_pec v_pec3d e_vpec e_vpec3d
[from data line 1127]
136.90650874028 -53.09702473022 0.0234 0.0233 10.1141 "" "" 5311424740317216768 1740.76392 0.5457 0.0266 -5.624 10.661 0.03 0.028 0.967 5882.5 4.0454 15.733494 1.087157 16.194504 15.107347 "" "" 1664.60706 1850.19751 9584.05052 2.7268 4545.9 11.2 7181.6 8.7227 "" "" 0.002772582418156988 0.003865311 0.004002844 0.007868155 136.90650874028 -53.09702473022 1740.76392 -5.624 10.661 0.42066676712036166 6.371283279418945 0.09508678 0.09308678 "" "" 52.685329283383396 "" 4.904769856804702 ""
136.5581194711 -53.11485701967 0.0233 0.0235 18.2926 "" "" 5311422953610455296 1557.64282 0.6152 0.0262 -6.149 11.412 0.031 0.028 1.005 6081.6 4.2779 15.734266 1.14637 16.221495 15.075125 "" "" 1491.07336 1628.09204 9577.24055 2.5812 4434.2 8.8304 7397.9 8.7588 "" "" 0.0027708151294456545 0.003529875 0.0039920104 0.0075218854 136.5581194711 -53.11485701967 1557.64282 -6.1489999999999965 11.41199999999999 -0.1043332328796387 7.122283279418946 0.096086785 0.09308678 "" "" 52.591075791026334 "" 4.8955682501971305 ""
136.74962686281 -53.2560132672 0.0257 0.0241 20.9148 "" "" 5311405808101559552 2181.57617 0.4272 0.0289 -2.757 2.074 0.038 0.03 0.985 5225.8 3.7591 15.734988 1.598999 16.48243 14.88343 "" "" 2049.90625 2319.6189 9570.8671 3.0128 3486.9 7.641 8826.4 9.7676 "" "" 0.0027764367764746252 0.0036668442 0.0039657736 0.007632618 136.74962686281 -53.2560132672 2181.57617 -2.7570000000000006 2.0740000000000016 3.287666767120361 -2.215716720581055 0.103086784 0.09508678 "" "" 40.99675509806135 "" 4.126584697580032 ""
137.28926563215 -52.47153063959 0.0242 0.0238 30.0571 "" "" 5311818709074453504 1947.13135 0.4766 0.0272 -9.948 8.235 0.032 0.03 0.965 6590.3 4.3446 15.735955 0.980898 16.13462 15.153723 "" "" 1847.57275 2053.84033 9562.35386 2.7195 4803.6 9.4617 6881.3 8.4485 "" "" 0.002772568165697427 0.0035154794 0.0040075732 0.0075230524 137.28926563215 -52.47153063959 1947.13135 -9.948 8.234999999999994 -3.903333232879639 3.9452832794189447 0.09708679 0.09508678 "" "" 51.222162097239874 "" 4.9214918811481985 ""
137.35098435114 -53.11902487623 0.0575 0.0707 17.9231 "" "" 5311738307283244416 1981.11682 0.506 0.069 -3.59 4.219 0.075 0.095 2.274 "" "" 15.736447 1.077799 15.827263 14.749464 "" "" 1719.75256 2197.76074 9558.01797 8.3187 6375.5 52.381 9985.6 86.844 "" "" 0.002912856417153999 0.009346571 0.0101708295 0.0195174 137.35098435114 -53.11902487623 1981.11682 -3.589999999999997 4.218999999999997 2.4546667671203615 -0.07071672058105438 0.14008678 0.16008678 "" "" 23.06009644776787 "" 3.2308245114915928 ""
137.09661677812 -53.13686534769 0.0251 0.0223 13.1939 "" "" 5311413195445733888 1799.35547 0.528 0.0267 -2.882 0.619 0.033 0.028 0.965 5207.8 4.2965 15.737093 1.149231 16.230457 15.081226 "" "" 1708.39819 1888.86145 9552.33246 2.6833 4397.8 8.3254 7356.4 8.1769 "" "" 0.0027721485643616766 0.0034654974 0.003967389 0.0074328864 137.09661677812 -53.13686534769 1799.35547 -2.8819999999999997 0.619 3.162666767120361 -3.670716720581055 0.09808678 0.09308678 "" "" 41.32502422355878 "" 3.936174643477452 ""
137.17472933669 -53.3297999164 0.0249 0.0229 25.0474 "" "" 5311359903488472064 2054.90576 0.4564 0.0269 -1.831 1.188 0.033 0.029 0.997 6604.8 4.2863 15.737476 1.074657 16.185722 15.111065 "" "" 1963.02002 2149.84375 9548.96509 3.1323 4582.8 11.054 7157.0 9.9892 "" "" 0.002778242480802122 0.0038266818 0.0040718704 0.007898552 137.17472933669 -53.3297999164 2054.90576 -1.8310000000000004 1.1880000000000002 4.213666767120362 -3.101716720581055 0.09808678 0.09408678 "" "" 50.96269028346561 "" 4.928087862375765 ""
137.3961325583 -52.99479222598 0.0246 0.0246 16.0752 "" "" 5311787746634079616 1992.32471 0.4768 0.0272 -3.692 2.685 0.033 0.032 0.965 5891.5 4.2687 15.738891 1.122598 16.208334 15.085736 "" "" 1905.1228 2089.35913 9536.52828 3.1245 4488.3 10.341 7325.9 17.158 "" "" 0.002778188215756511 0.0037473564 0.004555227 0.008302583 137.3961325583 -52.99479222598 1992.32471 -3.691999999999999 2.685000000000001 2.352666767120361 -1.6047167205810546 0.09808678 0.09708679 "" "" 26.89385660886454 "" 2.629422428062105 ""
136.4079294308 -52.96852457712 0.0231 0.023 20.2108 "" "" 5323434465295787392 2042.85791 0.4547 0.026 -5.407 2.763 0.031 0.028 1.049 7670.6 4.157 15.740768 1.701833 16.547714 14.845881 "" "" 1955.1936 2145.74805 9520.0611 2.9645 3283.5 8.0209 9137.0 10.06 "" "" 0.0027759856268916357 0.0038495904 0.00396393 0.007813521 136.4079294308 -52.96852457712 2042.85791 -5.407 2.762999999999999 0.6376667671203613 -1.5267167205810548 0.096086785 0.09308678 "" "" 16.021095374311574 "" 1.4985888656809916 ""
137.7423096251 -53.13789544253 0.0256 0.0285 30.6877 "" "" 5311740884264280576 1528.80347 0.6248 0.0287 -5.218 7.588 0.034 0.035 1.073 5235.2 4.3782 15.74203 1.002087 16.148603 15.146517 "" "" 1457.02136 1604.37537 9508.99531 3.9765 4742.2 7.0577 6927.1 10.512 "" "" 0.0027924789093345744 0.0032242981 0.0041229106 0.0073472084 137.7423096251 -53.13789544253 1528.80347 -5.218000000000002 7.588000000000003 0.8266667671203614 3.2982832794189454 0.099086784 0.10008678 "" "" 24.640381811116647 "" 2.46472691543354 ""
137.1188721936 -52.51321683326 0.0258 0.0256 25.7522 "" "" 5323827227156780160 1573.9884 0.6032 0.0296 -15.169 8.8 0.034 0.033 1.055 6169.9 4.1287 15.742548 1.365847 16.352232 14.986385 "" "" 1496.48511 1674.85291 9504.46189 3.4932 3931.2 9.6113 8027.9 8.5954 "" "" 0.002784066290351516 0.003851152 0.003954125 0.007805277 137.1188721936 -52.51321683326 1573.9884 -15.169 8.8 -9.12433323287964 4.510283279418946 0.099086784 0.09808678 "" "" 75.9366786229785 "" 7.509470508181129 ""
137.29292413921 -52.99410964989 0.0259 0.0244 12.4676 "" "" 5311788266346989056 1582.10596 0.5999 0.0275 -16.167 2.873 0.034 0.032 1.028 5324.3 4.3535 15.743295 1.002421 16.157099 15.154677 "" "" 1516.54956 1657.87646 9497.9254 2.9399 4705.2 8.0344 6875.2 8.5405 "" "" 0.002775739826507593 0.003349956 0.0040128264 0.007362782 137.29292413921 -52.99410964989 1582.10596 -16.167 2.873 -10.12233323287964 -1.4167167205810545 0.099086784 0.09708679 "" "" 76.64909605099942 "" 7.5919963658531096 ""
137.15241467873 -53.13857925797 0.0252 0.0249 14.1413 "" "" 5311410584105631872 2037.1521 0.4594 0.0281 -8.265 6.378 0.033 0.031 1.079 5380.1 4.265 15.744378 1.199298 16.265726 15.066428 "" "" 1918.60852 2151.55762 9488.45421 2.9219 4257.2 10.379 7457.4 8.881 "" "" 0.002775531596532315 0.0038459997 0.0039944435 0.007840443 137.15241467873 -53.13857925797 2037.1521 -8.265 6.378 -2.2203332328796392 2.0882832794189454 0.09808678 0.096086785 "" "" 29.432592008753918 "" 2.859468995746697 ""
136.68806517778 -53.38593936418 0.0252 0.0235 28.9851 "" "" 5311403265480847872 1517.17737 0.6226 0.0282 -1.391 6.219 0.033 0.029 1.019 4828.7 4.2589 15.74746 1.137816 16.22738 15.089565 "" "" 1458.33545 1581.91357 9461.55327 2.8855 4410.3 7.5928 7300.2 7.7066 "" "" 0.002775144790564229 0.0033584214 0.003949361 0.0073077823 136.68806517778 -53.38593936418 1517.17737 -1.3910000000000007 6.219000000000003 4.653666767120361 1.9292832794189456 0.09808678 0.09408678 "" "" 36.228453673537445 "" 3.5326508810958757 ""
136.81165428826 -52.89928877563 0.0557 0.0418 5.841 "" "" 5311431509175094912 1768.22192 0.5528 0.0542 -6.593 4.072 0.065 0.048 1.544 "" "" 15.749597 1.235564 15.694363 14.458798 "" "" 1639.12549 1952.87219 9442.96232 12.363 7205.6 105.22 13051.0 215.13 "" "" 0.003100384989647505 0.01609814 0.01829175 0.03438989 136.81165428826 -52.89928877563 1768.22192 -6.593 4.072 -0.5483332328796386 -0.21771672058105462 0.13008678 0.11308678 "" "" 4.944795654228644 "" 0.6324624456400119 ""
137.51292901376 -52.99603452141 0.0615 0.0601 20.2166 "" "" 5311746514948024320 2107.68579 0.4552 0.0662 -5.996 3.625 0.084 0.077 2.834 5626.8 4.1073 15.750483 1.083008 16.185717 15.102709 "" "" 1863.7865 2423.23633 9435.24763 7.449 4582.8 10.523 7212.3 12.77 "" "" 0.0028855738716942296 0.0037417111 0.004240202 0.007981913 137.51292901376 -52.99603452141 2107.68579 -5.996000000000001 3.625000000000001 0.04866676712036089 -0.6647167205810547 0.14908677 0.14208677 "" "" 6.658580974861456 "" 0.9463508915536679 ""
136.79432266269 -53.13410866835 0.0728 0.079 13.5793 "" "" 5311424328000312064 1516.60449 0.65 0.085 -15.408 13.947 0.099 0.099 3.685 5891.7 4.5915 15.751119 1.252622 16.270554 15.017932 "" "" 1347.19104 1784.28333 9429.7304 9.2986 4238.3 7.7487 7798.0 7.7358 "" "" 0.0029560200913190463 0.0034242212 0.0039298628 0.007354084 136.79432266269 -53.13410866835 1516.60449 -15.408000000000001 13.947 -9.363333232879638 9.657283279418944 0.16408679 0.16408679 "" "" 96.69680552227375 "" 15.866668314336245 ""
136.86371732947 -53.11466707551 0.0226 0.0229 11.5385 "" "" 5311424637237981696 1641.57068 0.5757 0.0259 -7.928 5.691 0.029 0.028 1.028 5906.9 4.3372 15.751297 1.054266 16.19524 15.140974 "" "" 1576.31128 1714.26294 9428.17897 2.5421 4542.8 7.8029 6962.6 9.917 "" "" 0.0027708281954114343 0.0033560274 0.0040835286 0.007439556 136.86371732947 -53.11466707551 1641.57068 -7.928000000000002 5.690999999999995 -1.8833332328796386 1.4012832794189451 0.09408678 0.09308678 "" "" 18.265642965383027 "" 1.7120692093030836 ""
137.45217265695 -52.53125440359 0.0242 0.0259 29.8852 "" "" 5311837950529779456 2205.55811 0.4213 0.0284 -2.277 3.968 0.035 0.032 0.992 6656.6 4.168 15.75242 1.064847 16.196014 15.131167 "" "" 2081.82275 2348.4978 9418.43312 2.8931 4539.5 9.578 7025.7 9.8496 "" "" 0.0027754312177509623 0.003610112 0.0040743863 0.007684498 137.45217265695 -52.53125440359 2205.55811 -2.277 3.968 3.767666767120361 -0.3217167205810547 0.10008678 0.09708679 "" "" 39.531824858356266 "" 3.955767321422798 ""
136.3764861225 -53.15996846611 0.027 0.0295 25.2136 "" "" 5323430720084683776 1503.15063 0.6431 0.0318 -9.303 8.482 0.039 0.036 1.177 5697.8 4.425 15.752776 1.194095 16.250364 15.05627 "" "" 1436.0094 1577.80481 9415.34757 3.4202 4317.9 8.8806 7527.5 9.8246 "" "" 0.0027834048565268197 0.0035737178 0.0040363087 0.0076100267 136.3764861225 -53.15996846611 1503.15063 -9.303000000000003 8.481999999999996 -3.2583332328796395 4.192283279418945 0.10408679 0.10108678 "" "" 37.8306316113268 "" 3.8673074087316537 ""
137.59304159976 -52.65736570289 0.0241 0.0264 28.1575 "" "" 5311824447153129728 1823.93555 0.5173 0.0274 -5.365 2.131 0.031 0.031 0.959 5846.7 4.2436 15.753164 1.151022 16.246483 15.095461 "" "" 1727.70166 1917.43579 9411.98468 2.9082 4333.3 10.801 7260.6 8.7107 "" "" 0.0027756686787053066 0.0038870159 0.003997555 0.007884571 137.59304159976 -52.65736570289 1823.93555 -5.364999999999998 2.1309999999999985 0.6796667671203611 -2.158716720581055 0.096086785 0.096086785 "" "" 19.56625999754892 "" 1.8800590214981845 ""
136.95272632708 -53.03076535731 0.0222 0.0237 5.9389 "" "" 5311426458304177408 1515.33728 0.6302 0.0262 -6.042 7.665 0.028 0.03 1.033 5639.8 4.3903 15.754619 1.038488 16.18867 15.150181 "" "" 1460.9115 1572.1134 9399.38046 3.4706 4570.3 10.895 6903.8 9.6143 "" "" 0.002784332137785032 0.003805799 0.004070613 0.007876412 136.95272632708 -53.03076535731 1515.33728 -6.041999999999998 7.664999999999999 0.002666767120361513 3.3752832794189453 0.09308678 0.09508678 "" "" 24.243650414408346 "" 2.305250700271791 ""
137.59393840955 -52.96744773307 0.0249 0.0282 22.8823 "" "" 5311746794138734720 1506.37109 0.6346 0.0283 -4.863 2.718 0.036 0.035 1.09 5730.0 4.4324 15.755315 0.968844 16.155058 15.186213 "" "" 1449.24402 1589.41541 9393.36 3.0398 4714.0 9.9925 6678.4 7.3028 "" "" 0.0027776322640393415 0.0036168909 0.003961475 0.007578366 137.59393840955 -52.96744773307 1506.37109 -4.862999999999998 2.718 1.181666767120361 -1.5717167205810547 0.10108678 0.10008678 "" "" 14.04030721359145 "" 1.410335555988944 ""
137.62259654407 -52.83010978953 0.0256 0.0277 24.628 "" "" 5311796272166515584 1872.76892 0.4993 0.0286 -11.541 6.343 0.033 0.033 0.977 6033.2 4.3006 15.75561 1.053124 16.193327 15.140203 "" "" 1777.33777 1972.63135 9390.79931 3.7921 4550.8 9.4821 6967.5 8.166 "" "" 0.002789984116388705 0.0035920516 0.0039878534 0.007579905 137.62259654407 -52.83010978953 1872.76892 -11.541 6.342999999999998 -5.496333232879639 2.0532832794189453 0.09808678 0.09808678 "" "" 52.08391449670269 "" 5.108743556517164 ""
136.52731431671 -52.95074370464 0.0276 0.0289 15.8191 "" "" 5323433949899981312 1663.43555 0.5662 0.0301 -6.006 8.171 0.035 0.036 1.076 5261.4 4.1891 15.756504 1.378249 16.366886 14.988637 "" "" 1583.76404 1743.28918 9383.07438 3.0644 3878.5 22.724 8011.3 28.757 "" "" 0.0027780429039956666 0.0069462997 0.005428881 0.012375181 136.52731431671 -52.95074370464 1663.43555 -6.0059999999999985 8.171 0.0386667671203611 3.8812832794189447 0.10008678 0.10108678 "" "" 30.604212742394097 "" 3.0936783115757227 ""
137.64794717272 -52.99417322447 0.031 0.0338 25.0078 "" "" 5311745930832469760 2148.10889 0.4257 0.0347 -4.996 6.523 0.041 0.042 1.321 5479.7 4.3445 15.758673 1.104482 16.221378 15.116897 "" "" 2008.19287 2317.03271 9364.3513 3.8542 4434.7 9.146 7118.7 8.721 "" "" 0.002791322602783413 0.0035775728 0.0040066116 0.0075841844 137.64794717272 -52.99417322447 2148.10889 -4.996 6.523 1.0486667671203609 2.233283279418945 0.10608678 0.10708678 "" "" 25.121491716512377 "" 2.685658655221149 ""
137.35526578769 -52.97052478492 0.0278 0.0278 14.342 "" "" 5311788575585009920 2127.47778 0.4451 0.0312 -8.737 11.286 0.04 0.04 1.129 6347.4 4.3784 15.760183 0.992085 16.160769 15.168684 "" "" 1983.99255 2263.36646 9351.32757 3.2161 4689.3 14.667 6787.1 13.403 "" "" 0.0027805073252975443 0.0043951483 0.0043452075 0.008740356 137.35526578769 -52.97052478492 2127.47778 -8.736999999999998 11.285999999999994 -2.6923332328796388 6.996283279418945 0.10508678 0.10508678 "" "" 75.59595217748301 "" 7.944135277352324 ""
136.97817223388 -52.71400324887 0.0245 0.0237 13.0906 "" "" 5311810153499527424 2016.38477 0.4567 0.0267 -2.924 2.779 0.035 0.031 1.004 7650.2 4.413 15.760623 1.004325 16.17063 15.166305 "" "" 1926.07593 2148.94775 9347.54287 5.309 4646.9 13.424 6802.0 14.34 "" "" 0.0028234815461444258 0.004197925 0.0044184877 0.008616412 136.97817223388 -52.71400324887 2016.38477 -2.9239999999999995 2.7789999999999964 3.1206667671203614 -1.5107167205810548 0.10008678 0.096086785 "" "" 33.13743638860237 "" 3.291863991388053 ""
136.75184484599 -52.5358824325 0.0251 0.0267 24.9827 "" "" 5323825444754656000 1791.89111 0.5286 0.0299 -4.031 5.701 0.032 0.031 1.072 7983.7 4.1879 15.760855 1.507349 16.447369 14.94002 "" "" 1692.87231 1889.37183 9345.55224 3.1306 3601.4 10.646 8378.2 8.4687 "" "" 0.0027792209875022954 0.004252768 0.003935499 0.008188267 136.75184484599 -52.5358824325 1791.89111 -4.031 5.701 2.0136667671203616 1.411283279418945 0.09708679 0.096086785 "" "" 20.885489335208106 "" 2.0208492783384937 ""
137.27215839866 -52.80610024049 0.0229 0.023 13.4859 "" "" 5311799295822754176 2155.34204 0.4313 0.0253 -4.549 2.607 0.031 0.03 0.973 6825.6 4.4048 15.763249 1.01192 16.183413 15.171493 "" "" 2023.15247 2286.05151 9324.96013 2.5936 4592.5 7.2074 6769.6 8.545 "" "" 0.002771819299432011 0.00326932 0.0040201927 0.0072895125 137.27215839866 -52.80610024049 2155.34204 -4.549 2.607 1.495666767120361 -1.6827167205810545 0.096086785 0.09508678 "" "" 23.000464559649455 "" 2.1972212009847083 ""
