Clusters/RSG_8/RSG_8_members.tsv
# %ECSV 1.0
# ---
# datatype:
# - name: RA_ICRS_1
#   unit: deg
#   datatype: float64
#   format: '{:15.11f}'
#   description: Right ascension (ICRS) at Ep=2016.0 (ra)
#   meta: !!omap
#   - {ucd: POS_EQ_RA_MAIN}
#   - {width: 15}
#   - {precision: '11'}
# - name: DE_ICRS_1
#   unit: deg
#   datatype: float64
#   format: '{:15.11f}'
#   description: Declination (ICRS) at Ep=2016.0 (dec)
#   meta: !!omap
#   - {ucd: POS_EQ_DEC_MAIN}
#   - {width: 15}
#   - {precision: '11'}
# - name: e_RA_ICRS
#   unit: mas
#   datatype: float64
#   format: '{:7.4f}'
#   description: Standard error of right ascension (ra_error)
#   meta: !!omap
#   - {ucd: ERROR}
#   - {width: 7}
#   - {precision: '4'}
# - name: e_DE_ICRS
#   unit: mas
#   datatype: float64
#   format: '{:7.4f}'
#   description: Standard error of declination (dec_error)
#   meta: !!omap
#   - {ucd: ERROR}
#   - {width: 7}
#   - {precision: '4'}
# - name: _r_1
#   unit: ''
#   datatype: float64
#   format: '{:8.4f}'
#   description: Distance from center (345.03241428000+59.36970387000)[ICRS], at Epoch=J2016.0
#   meta: !!omap
#   - {ucd: POS_ANG_DIST_GENERAL}
#   - {width: 8}
#   - {precision: '4'}
# - name: HIP
#   datatype: int32
#   description: '? HIP cross-id number, van Leeuwen, Cat. I/311 (hip_original_ext_source_id)'
#   meta: !!omap
#   - {ucd: ID_NUMBER}
#   - {width: 6}
#   - values: {'null': -2147483648}
# - name: TYC2
#   datatype: string
#   description: Tycho-2 cross-id name, Hog et al., Cat. I/259 (tyc2_original_ext_source_id)
#   meta: !!omap
#   - {ucd: ID_CROSSID}
#   - {_votable_string_dtype: char}
# - name: Source
#   datatype: int64
#   description: Source identifier, identical to the Gaia-EDR3 source_id (id)
#   meta: !!omap
#   - {ucd: ID_MAIN}
#   - {width: 19}
# - name: rgeo
#   unit: pc
#   datatype: float64
#   format: '{:15.8f}'
#   description: '? Median of the geometric distance posterior (r_med_geo)'
#   meta: !!omap
#   - {ucd: PHYS_DISTANCE_TRUE}
#   - {width: 15}
#   - {precision: '8'}
#   - values: {'null': .nan}
# - name: Plx
#   unit: mas
#   datatype: float64
#   format: '{:9.4f}'
#   description: '? Parallax (parallax)'
#   meta: !!omap
#   - {ucd: POS_PARLX_TRIG}
#   - {width: 9}
#   - {precision: '4'}
#   - values: {'null': .nan}
# - name: e_Plx
#   unit: mas
#   datatype: float32
#   format: '{:7.4f}'
#   description: '? Standard error of parallax (parallax_error)'
#   meta: !!omap
#   - {ucd: ERROR}
#   - {width: 7}
#   - {precision: '4'}
#   - values: {'null': .nan}
# - name: pmRA
#   unit: mas / yr
#   datatype: float64
#   format: '{:9.3f}'
#   description: '? Proper motion in right ascension direction, pmRA*cosDE (pmra)'
#   meta: !!omap
#   - {ucd: POS_EQ_PMRA}
#   - {width: 9}
#   - {precision: '3'}
#   - values: {'null': .nan}
# - name: pmDE
#   unit: mas / yr
#   datatype: float64
#   format: '{:9.3f}'
#   description: '? Proper motion in declination direction (pmdec)'
#   meta: !!omap
#   - {ucd: POS_EQ_PMDEC}
#   - {width: 9}
#   - {precision: '3'}
#   - values: {'null': .nan}
# - name: e_pmRA
#   unit: mas / yr
#   datatype: float32
#   format: '{:6.3f}'
#   description: '? Standard error of proper motion in right ascension direction (pmra_error)'
#   meta: !!omap
#   - {ucd: ERROR}
#   - {width: 6}
#   - {precision: '3'}
#   - values: {'null': .nan}
# - name: e_pmDE
[...]
#       distance: !astropy.table.SerializedColumn
#         __class__: astropy.coordinates.distances.Distance
#         unit: !astropy.units.Unit {unit: pc}
#         value: !astropy.table.SerializedColumn {name: SkyCoord.distance}
#       frame: icrs
#       obstime: !astropy.time.Time {format: jyear_str, in_subfmt: '*', jd1: 367701545.0, jd2: 0.0, out_subfmt: '*', precision: 3, scale: tt}
#       pm_dec: !astropy.table.SerializedColumn
#         __class__: astropy.units.quantity.Quantity
#         unit: !astropy.units.Unit {unit: mas / yr}
#         value: !astropy.table.SerializedColumn {name: SkyCoord.pm_dec}
#       pm_ra_cosdec: !astropy.table.SerializedColumn
#         __class__: astropy.units.quantity.Quantity
#         unit: !astropy.units.Unit {unit: mas / yr}
#         value: !astropy.table.SerializedColumn {name: SkyCoord.pm_ra_cosdec}
#       ra: !astropy.table.SerializedColumn
#         __class__: astropy.coordinates.angles.Longitude
#         unit: *id001
#         value: !astropy.table.SerializedColumn {name: SkyCoord.ra}
#         wrap_angle: !astropy.coordinates.Angle
#           unit: *id001
#           value: 360.0
#       representation_type: spherical
# schema: astropy-2.0
RA_ICRS_1 DE_ICRS_1 e_RA_ICRS e_DE_ICRS _r_1 HIP TYC2 Source rgeo Plx e_Plx pmRA pmDE e_pmRA e_pmDE RUWE Teff logg Gmag BP-RP BPmag RPmag RV e_RV b_rgeo B_rgeo FG e_FG FBP e_FBP FRP e_FRP RAVE5 RAVE6 e_Gmag e_BPmag e_RPmag e_BP-RP SkyCoord.ra SkyCoord.dec SkyCoord.distance SkyCoord.pm_ra_cosdec SkyCoord.pm_dec rmRA rmDE e_rmRA e_rmDE rRV e_rRV v_pec v_pec3d e_v_pec e_v_pec3d Pmemb
[from data line 88]
343.44036376941 59.50598998987 0.0334 0.031 49.2531 "" "" 2014265036773263616 414.843567 2.3789 0.0382 4.73 -2.12 0.044 0.039 0.992 3630.4 4.2482 16.458118 2.014642 17.47283 15.458188 "" "" 407.965302 421.698303 4916.99459 4.8111 1400.5 10.641 5198.6 14.32 "" "" 0.0029530295983821726 0.008708503 0.0048195794 0.0135280825 343.44036376941 59.50598998987 414.843567 4.73 -2.1199999999999997 -0.5470953178405757 -0.5099333477020265 0.45667323 0.45167324 "" "" 1.4706275596455054 "" 0.6681879392499587 "" 1.0
348.05812320222 58.3572770898 0.0383 0.0365 111.7959 "" "" 2010396370752821760 435.327026 2.2738 0.0474 5.583 -1.247 0.045 0.046 0.951 3781.2 4.3025 16.462214 2.447577 17.77835 15.330773 "" "" 426.793732 444.323792 4898.48284 7.048 1057.0 9.5246 5845.9 25.616 "" "" 0.003167359784314392 0.010173629 0.0060760267 0.016249657 348.05812320222 58.3572770898 435.327026 5.583 -1.2469999999999999 0.305904682159424 0.3630666522979735 0.45767325 0.45867324 "" "" 0.9796392485598461 "" 0.4489278531216248 "" 0.8
347.21944390949 59.14797876685 0.0369 0.0313 68.3786 "" "" 2013678344241981824 438.80954 2.238 0.0429 5.6 -1.227 0.048 0.039 1.021 4086.7 4.4641 16.463984 2.491332 17.74241 15.251079 "" "" 429.31897 446.096619 4890.50444 5.5313 1092.6 9.7738 6291.1 58.209 "" "" 0.003016582469439356 0.010105235 0.010733283 0.020838518 347.21944390949 59.14797876685 438.80954 5.6 -1.227 0.3229046821594235 0.38306665229797354 0.46067324 0.45167324 "" "" 1.0420720469301776 "" 0.47459441301913324 "" 0.8
347.21832863759 59.85657520924 0.0343 0.0317 72.485 "" "" 2013956314524626816 478.275513 2.0565 0.0395 5.854 -1.745 0.044 0.04 0.985 "" "" 16.471529 2.739183 17.999552 15.260368 "" "" 469.284485 488.756958 4856.62984 5.3669 862.18 13.149 6237.5 18.397 "" "" 0.003005218055043696 0.01679186 0.004953624 0.021745484 347.21832863759 59.85657520924 478.275513 5.854000000000001 -1.7449999999999999 0.5769046821594239 -0.13493334770202647 0.45667323 0.45267323 "" "" 1.3431550313500384 "" 0.6131054430391801 "" 0.8
343.62271748485 59.21742893371 0.043 0.0385 44.1457 "" "" 2013495206840227840 439.289276 2.248 0.049 5.674 -0.726 0.055 0.046 1.074 3521.9 4.1612 16.550097 2.924602 18.2227 15.298099 "" "" 430.472565 446.779602 4517.60046 4.4777 702.0 11.711 6024.5 15.122 "" "" 0.0029580198017845325 0.018326264 0.0046594986 0.022985762 343.62271748485 59.21742893371 439.289276 5.674 -0.7259999999999998 0.3969046821594242 0.8840666522979737 0.46767324 0.45867324 "" "" 2.01783904688297 "" 0.9285999601277678 "" 0.8
344.59017308996 60.04071374899 0.0406 0.0399 42.4271 "" "" 2014398107743358976 419.294556 2.3615 0.0506 4.76 -2.189 0.054 0.05 1.064 "" "" 16.702328 2.101766 17.77651 15.674745 "" "" 411.809692 429.294342 3926.58791 3.7895 1058.8 7.9603 4258.5 11.851 "" "" 0.0029478360449389854 0.008626502 0.004838718 0.01346522 344.59017308996 60.04071374899 419.294556 4.76 -2.189 -0.5170953178405764 -0.5789333477020264 0.46667323 0.46267325 "" "" 1.5427466472156366 "" 0.7165325751839067 "" 0.8
345.26879838609 59.20045743868 0.0605 0.0571 12.4739 "" "" 2013538362669165696 493.930359 1.9896 0.0711 5.6 -1.605 0.079 0.067 1.508 "" "" 16.708628 2.505302 18.051605 15.546303 "" "" 476.16333 512.770447 3903.87117 5.6861 821.82 10.54 4793.3 14.264 "" "" 0.0031768905695223827 0.014201563 0.004972203 0.019173766 345.26879838609 59.20045743868 493.930359 5.599999999999999 -1.6049999999999995 0.3229046821594235 0.005066652297973651 0.49167323 0.47967324 "" "" 0.7560871555756826 "" 0.3717456087791791 "" 0.9
343.84959414997 59.22129990683 0.0477 0.0446 37.315 "" "" 2013515238568187264 408.811707 2.3856 0.0576 5.242 -0.938 0.064 0.054 1.087 "" "" 16.748081 2.994585 18.480194 15.485609 "" "" 399.840271 418.310211 3764.56048 2.6697 553.78 9.0896 5068.9 11.011 "" "" 0.0028608808984266947 0.018038088 0.0044549173 0.022493005 343.84959414997 59.22129990683 408.811707 5.241999999999999 -0.9379999999999997 -0.03509531784057618 0.6720666522979737 0.47667325 0.46667323 "" "" 1.3040833531581901 "" 0.6086166279971179 "" 1.0
346.33531495036 59.59586800007 0.0404 0.0386 41.951 "" "" 2013579628715742848 484.968353 2.027 0.0474 5.582 -1.588 0.05 0.047 1.069 3613.9 4.2106 16.77464 2.42451 18.066803 15.642293 "" "" 475.392792 497.774963 3673.59142 3.6747 810.39 8.708 4387.7 13.47 "" "" 0.002961642111020109 0.011995722 0.0050392086 0.01703493 346.33531495036 59.59586800007 484.968353 5.581999999999999 -1.5880000000000003 0.3049046821594237 0.022066652297973555 0.46267325 0.45967323 "" "" 0.7027328070877049 "" 0.3251247202025818 "" 1.0
346.40021887921 59.5463628635 0.0449 0.0445 43.0296 "" "" 2013575608619728128 453.23941 2.1565 0.0544 5.605 -1.572 0.053 0.054 1.091 3608.4 4.2207 16.835192 2.416602 18.087242 15.67064 "" "" 442.73526 463.063385 3474.32048 3.1832 795.28 7.9445 4274.7 11.214 "" "" 0.002929391912939487 0.011199169 0.0047324724 0.015931642 346.40021887921 59.5463628635 453.23941 5.605000000000001 -1.572 0.32790468215942425 0.03806665229797357 0.46567324 0.46667323 "" "" 0.7091866959985625 "" 0.3302587056011861 "" 0.9
342.18193743453 59.84604459992 0.0437 0.0414 91.1154 "" "" 2008528918973620096 446.352539 2.1859 0.0509 5.099 -0.826 0.056 0.048 1.016 3495.8 4.063 16.864637 2.725459 18.397009 15.67155 "" "" 437.23291 457.316437 3381.3614 11.043 597.88 11.072 4271.1 34.949 "" "" 0.004490524234844185 0.020299165 0.009654692 0.029953856 342.18193743453 59.84604459992 446.352539 5.099000000000002 -0.8259999999999995 -0.17809531784057597 0.7840666522979737 0.46867323 0.46067324 "" "" 1.7011138478938164 "" 0.7843308290359922 "" 0.8
344.65572514966 59.10078180628 0.0471 0.0417 19.8495 "" "" 2013455658780665984 483.578369 2.0235 0.0561 5.424 -1.581 0.065 0.05 1.034 3586.3 4.2206 16.894863 2.446486 18.208567 15.762081 "" "" 469.323151 497.223999 3288.528 5.2135 711.2 8.1756 3929.4 17.53 "" "" 0.003248784757366115 0.0127891535 0.006143733 0.018932886 344.65572514966 59.10078180628 483.578369 5.424 -1.5809999999999997 0.1469046821594242 0.029066652297973672 0.47767323 0.46267325 "" "" 0.34325725218503783 "" 0.16377375801839475 "" 0.8
345.50761731065 60.68377547988 0.0412 0.0443 80.1202 "" "" 2014487516081746176 426.59436 2.3086 0.0498 5.157 -2.084 0.05 0.053 1.019 3681.9 4.4091 16.897781 2.186369 18.031075 15.844706 "" "" 418.140594 437.350891 3279.69917 3.0391 837.51 8.4829 3641.5 11.079 "" "" 0.0029332574416728397 0.0113455495 0.0050194967 0.016365046 345.50761731065 60.68377547988 426.59436 5.157 -2.0839999999999996 -0.12009531784057614 -0.47393334770202644 0.46267325 0.46567324 "" "" 0.9886096331978994 "" 0.46019063987671965 "" 0.9
346.26397615708 58.25849525757 0.0496 0.0465 76.869 "" "" 2010240240104772608 420.805725 2.3241 0.0595 5.4 -1.179 0.064 0.059 1.009 3479.5 4.1041 16.9104 2.822753 18.51841 15.695657 "" "" 411.646515 431.019531 3241.80469 3.0859 534.63 8.051 4177.3 10.664 "" "" 0.0029427801521740814 0.016586479 0.0046868045 0.021273283 346.26397615708 58.25849525757 420.805725 5.400000000000001 -1.1789999999999996 0.12290468215942418 0.4310666522979736 0.47667325 0.47167325 "" "" 0.8940790329041148 "" 0.4220508955541131 "" 0.9
343.88230546684 59.8339270225 0.0425 0.0431 44.665 "" "" 2014343239538200960 412.564331 2.3852 0.051 4.824 -2.166 0.062 0.059 0.994 3791.6 4.6982 16.963243 2.233184 18.125204 15.89202 "" "" 402.833038 421.1698 3087.80332 3.0937 767.95 10.459 3486.2 13.668 "" "" 0.0029622827208630976 0.015047984 0.0056924117 0.020740395 343.88230546684 59.8339270225 412.564331 4.824 -2.1660000000000004 -0.45309531784057633 -0.5559333477020263 0.47467324 0.47167325 "" "" 1.4024986562140875 "" 0.6632036329843503 "" 1.0
346.20219766182 58.83513020372 0.0479 0.0492 48.2455 "" "" 2013304063614463744 465.835968 2.1093 0.0576 5.219 -1.003 0.069 0.071 0.931 "" "" 16.964647 2.914028 18.632278 15.71825 "" "" 453.927155 479.727814 3083.81252 3.2694 481.4 7.0928 4091.3 15.39 "" "" 0.002986095732551046 0.016238412 0.005564531 0.021802943 346.20219766182 58.83513020372 465.835968 5.218999999999999 -1.0030000000000001 -0.058095317840575866 0.6070666522979737 0.48167324 0.48367324 "" "" 1.34656511877918 "" 0.6512731298831724 "" 0.8
343.42801140303 59.4444856293 0.048 0.0445 49.196 "" "" 2014263902902582400 421.880341 2.3249 0.0543 4.969 -0.517 0.061 0.059 1.08 3536.4 4.2769 16.978148 3.240671 18.90092 15.66025 "" "" 412.466034 432.241638 3045.70332 3.967 375.88 7.4027 4315.8 24.954 "" "" 0.003097037518409074 0.021564104 0.0073276 0.028891703 343.42801140303 59.4444856293 421.880341 4.969000000000002 -0.5169999999999999 -0.30809531784057587 1.0930666522979737 0.47367322 0.47167325 "" "" 2.2709883945640064 "" 1.0714994170745293 "" 0.9
