Clusters/RSG_8/RSG_8_stars_in_region.tsv
# %ECSV 1.0
# ---
# datatype:
# - name: RA_ICRS_1
#   unit: deg
#   datatype: float64
#   format: '{:15.11f}'
#   description: Right ascension (ICRS) at Ep=2016.0 (ra)
#   meta: !!omap
#   - {ucd: POS_EQ_RA_MAIN}
#   - {width: 15}
#   - {precision: '11'}
# - name: DE_ICRS_1
#   unit: deg
#   datatype: float64
#   format: '{:15.11f}'
#   description: Declination (ICRS) at Ep=2016.0 (dec)
#   meta: !!omap
#   - {ucd: POS_EQ_DEC_MAIN}
#   - {width: 15}
#   - {precision: '11'}
# - name: e_RA_ICRS
#   unit: mas
#   datatype: float64
#   format: '{:7.4f}'
#   description: Standard error of right ascension (ra_error)
#   meta: !!omap
#   - {ucd: ERROR}
#   - {width: 7}
#   - {precision: '4'}
# - name: e_DE_ICRS
#   unit: mas
#   datatype: float64
#   format: '{:7.4f}'
#   description: Standard error of declination (dec_error)
#   meta: !!omap
#   - {ucd: ERROR}
#   - {width: 7}
#   - {precision: '4'}
# - name: _r_1
#   unit: ''
#   datatype: float64
#   format: '{:8.4f}'
#   description: Distance from center (345.03241428000+59.36970387000)[ICRS], at Epoch=J2016.0
#   meta: !!omap
#   - {ucd: POS_ANG_DIST_GENERAL}
#   - {width: 8}
#   - {precision: '4'}
# - name: HIP
#   datatype: int32
#   description: '? HIP cross-id number, van Leeuwen, Cat. I/311 (hip_original_ext_source_id)'
#   meta: !!omap
#   - {ucd: ID_NUMBER}
#   - {width: 6}
#   - values: {'null': -2147483648}
# - name: TYC2
#   datatype: string
#   description: Tycho-2 cross-id name, Hog et al., Cat. I/259 (tyc2_original_ext_source_id)
#   meta: !!omap
#   - {ucd: ID_CROSSID}
#   - {_votable_string_dtype: char}
# - name: Source
#   datatype: int64
#   description: Source identifier, identical to the Gaia-EDR3 source_id (id)
#   meta: !!omap
#   - {ucd: ID_MAIN}
#   - {width: 19}
# - name: rgeo
#   unit: pc
#   datatype: float64
#   format: '{:15.8f}'
#   description: '? Median of the geometric distance posterior (r_med_geo)'
#   meta: !!omap
#   - {ucd: PHYS_DISTANCE_TRUE}
#   - {width: 15}
#   - {precision: '8'}
#   - values: {'null': .nan}
# - name: Plx
#   unit: mas
#   datatype: float64
#   format: '{:9.4f}'
#   description: '? Parallax (parallax)'
#   meta: !!omap
#   - {ucd: POS_PARLX_TRIG}
#   - {width: 9}
#   - {precision: '4'}
#   - values: {'null': .nan}
# - name: e_Plx
#   unit: mas
#   datatype: float32
#   format: '{:7.4f}'
#   description: '? Standard error of parallax (parallax_error)'
#   meta: !!omap
#   - {ucd: ERROR}
#   - {width: 7}
#   - {precision: '4'}
#   - values: {'null': .nan}
# - name: pmRA
#   unit: mas / yr
#   datatype: float64
#   format: '{:9.3f}'
#   description: '? Proper motion in right ascension direction, pmRA*cosDE (pmra)'
#   meta: !!omap
#   - {ucd: POS_EQ_PMRA}
#   - {width: 9}
#   - {precision: '3'}
#   - values: {'null': .nan}
# - name: pmDE
#   unit: mas / yr
#   datatype: float64
#   format: '{:9.3f}'
#   description: '? Proper motion in declination direction (pmdec)'
#   meta: !!omap
#   - {ucd: POS_EQ_PMDEC}
#   - {width: 9}
#   - {precision: '3'}
#   - values: {'null': .nan}
# - name: e_pmRA
#   unit: mas / yr
#   datatype: float32
#   format: '{:6.3f}'
#   description: '? Standard error of proper motion in right ascension direction (pmra_error)'
#   meta: !!omap
#   - {ucd: ERROR}
#   - {width: 6}
#   - {precision: '3'}
#   - values: {'null': .nan}
# - name: e_pmDE
[...]
#       distance: !astropy.table.SerializedColumn
#         __class__: astropy.coordinates.distances.Distance
#         unit: !astropy.units.Unit {unit: pc}
#         value: !astropy.table.SerializedColumn {name: SkyCoord.distance}
#       frame: icrs
#       obstime: !astropy.time.Time {format: jyear_str, in_subfmt: '*', jd1: 367701545.0, jd2: 0.0, out_subfmt: '*', precision: 3, scale: tt}
#       pm_dec: !astropy.table.SerializedColumn
#         __class__: astropy.units.quantity.Quantity
#         unit: !astropy.units.Unit {unit: mas / yr}
#         value: !astropy.table.SerializedColumn {name: SkyCoord.pm_dec}
#       pm_ra_cosdec: !astropy.table.SerializedColumn
#         __class__: astropy.units.quantity.Quantity
#         unit: !astropy.units.Unit {unit: mas / yr}
#         value: !astropy.table.SerializedColumn {name: SkyCoord.pm_ra_cosdec}
#       ra: !astropy.table.SerializedColumn
#         __class__: astropy.coordinates.angles.Longitude
#         unit: *id001
#         value: !astropy.table.SerializedColumn {name: SkyCoord.ra}
#         wrap_angle: !astropy.coordinates.Angle
#           unit: *id001
#           value: 360.0
#       representation_type: spherical
# schema: astropy-2.0
RA_ICRS_1 DE_ICRS_1 e_RA_ICRS e_DE_ICRS _r_1 HIP TYC2 Source rgeo Plx e_Plx pmRA pmDE e_pmRA e_pmDE RUWE Teff logg Gmag BP-RP BPmag RPmag RV e_RV b_rgeo B_rgeo FG e_FG FBP e_FBP FRP e_FRP RAVE5 RAVE6 e_Gmag e_BPmag e_RPmag e_BP-RP SkyCoord.ra SkyCoord.dec SkyCoord.distance SkyCoord.pm_ra_cosdec SkyCoord.pm_dec rmRA rmDE e_rmRA e_rmDE rRV e_rRV v_pec v_pec3d e_v_pec e_v_pec3d v_trans_upper v_trans_lower
[from data line 342]
345.98439724898 61.50649081521 0.0568 0.0532 131.2641 "" 4278-423-1 2014726384980081536 368.837219 2.6847 0.0663 10.427 9.618 0.073 0.064 5.408 5958.6 3.7644 11.67428 1.101255 12.134275 11.03302 -24.12 1.08 359.760803 376.385345 402934.79515 86.884 191300.0 105.68 306160.0 75.996 "" "" 0.002765248498916525 0.0028539097 0.0037889788 0.0066428883 345.98439724898 61.50649081521 368.837219 10.426999999999996 9.618000000000006 5.149904682159423 11.228066652297974 0.48567325 0.47667325 -12.377708333333334 5.6695833 21.59620983903995 24.89184490946614 1.32281965811521 9.393950829920765 22.038168797057995 21.06476622536706
346.74464490434 61.04869301303 0.0685 0.075 112.9231 "" "" 2014872310788738432 361.564575 2.7311 0.0855 17.246 0.847 0.093 0.093 6.061 6035.1 3.8508 11.676985 0.915462 12.045873 11.130411 19.09 1.19 352.055695 372.555908 401932.34594 71.829 207520.0 92.196 279890.0 70.37 "" "" 0.0027621436315004673 0.0028315587 0.0037892272 0.006620786 346.74464490434 61.04869301303 361.564575 17.245999999999995 0.8469999999999993 11.968904682159422 2.4570666522979736 0.5056732 0.5056732 30.832291666666666 5.7795835 20.940269805885606 37.2709687150963 1.4602731313859645 7.632375704650244 21.576840682737505 20.38955625007946
344.35588748791 59.85260512917 0.0073 0.008 35.5121 "" "" 2014299946267936896 477.563751 2.0505 0.0092 1.564 -5.887 0.01 0.009 0.769 "" "" 11.698851 0.907189 12.064827 11.157638 12.4 0.71 475.835449 479.523682 393918.77681 51.0 203930.0 100.98 272960.0 68.796 "" "" 0.0027589035661949894 0.0028414938 0.0037892757 0.0066307695 344.35588748791 59.85260512917 477.563751 1.5640000000000007 -5.886999999999998 -3.713095317840576 -4.276933347702026 0.42267323 0.42167324 24.142291666666665 5.2995834 12.820994167249951 27.335473991775963 1.0050034448153276 5.32446857026392 12.87361177875542 12.774595021973855
345.5438402491 58.15064013483 0.0253 0.0225 74.8545 "" 3997-714-1 2010246557994958080 375.426392 2.6161 0.03 5.872 -15.547 0.032 0.029 2.17 5899.4 4.0696 11.699096 0.961642 12.022045 11.060403 -10.07 1.58 371.586731 379.436066 393829.62138 115.01 212130.0 838.43 298540.0 1780.1 "" "" 0.002773503399706011 0.0051186243 0.007496342 0.012614966 345.5438402491 58.15064013483 375.426392 5.872 -15.547000000000004 0.5949046821594237 -13.936933347702027 0.44467324 0.44167322 1.6722916666666663 6.1695833 24.82365104605496 24.87991580923674 1.0454803575088247 10.947140140247054 25.088775582596433 24.569767976483366
341.34864583194 59.48124067242 0.0654 0.0608 112.6114 "" 3996-1158-1 2008494108256953728 494.066254 1.9945 0.0765 18.22 1.317 0.086 0.073 5.313 5781.2 3.9927 11.70649 1.01301 12.126094 11.113084 -6.44 6.43 479.402771 511.545288 391156.53652 46.958 192740.0 103.72 284400.0 84.821 "" "" 0.0027584014131791135 0.0028506878 0.0037932287 0.0066439165 341.34864583194 59.48124067242 494.066254 18.220000000000002 1.31699999999999 12.942904682159423 2.927066652297974 0.49867323 0.48567325 5.302291666666666 11.019583 31.07610389642601 31.525204682917867 2.1772275560291705 15.36908442938515 32.17551166248073 30.15379050727582
347.26102928133 60.45656086386 0.0599 0.0597 93.511 "" "" 2014037953264297856 377.752838 2.6117 0.0742 -1.144 -11.303 0.078 0.075 5.519 5684.5 3.7766 11.713193 1.044148 12.146692 11.102545 -22.8 0.62 367.974091 388.747559 388749.18453 66.881 189120.0 97.785 287170.0 79.671 "" "" 0.0027616445358957134 0.0028460848 0.0037913667 0.0066374512 347.26102928133 60.45656086386 377.752838 -1.1439999999999992 -11.303000000000004 -6.421095317840576 -9.692933347702027 0.49067324 0.48767322 -11.057708333333334 5.2095833 20.81842141057618 23.57285692514605 1.4472700025800056 9.309600827029564 21.424353946468106 20.279502690623616
348.4313938085 58.88762637096 0.0095 0.0087 108.5537 "" 4010-1090-1 2010630669808394496 453.688568 2.1616 0.0112 12.542 -1.182 0.013 0.011 0.903 6758.8 4.071 11.718242 0.880706 12.071732 11.191026 -17.97 2.43 451.669647 455.470093 386945.71037 60.176 202640.0 82.249 264700.0 66.947 "" "" 0.002760488954713769 0.002824757 0.0037893446 0.0066141016 348.4313938085 58.88762637096 453.688568 12.542 -1.1819999999999982 7.264904682159424 0.4280666522979737 0.42567325 0.42367324 -6.227708333333332 7.0195837 15.650157003104184 16.84374558424819 0.9809374835563625 6.711788689006512 15.711611374938732 15.58051356737436
344.38157763415 61.27378386124 0.0095 0.0088 115.8678 "" 4278-473-1 2014755350238812160 499.658691 1.9612 0.0105 15.088 3.566 0.012 0.011 0.848 6820.2 3.8857 11.720152 1.057236 12.162174 11.104938 -14.18 0.97 496.989624 502.24115 386265.61878 45.251 186440.0 99.501 286540.0 75.275 "" "" 0.0027582544666468808 0.0028497027 0.0037901294 0.006639832 344.38157763415 61.27378386124 499.658691 15.087999999999955 3.5659999999999825 9.810904682159423 5.1760666522979735 0.42467323 0.42367324 -2.437708333333333 5.5595837 26.271488787757153 26.384342801056324 1.1433329592938897 11.115261509730896 26.407271560848844 26.131152263991428
341.23310652786 60.18450700645 0.0147 0.0165 124.7036 "" 4265-663-1 2200749046435320192 427.648132 2.3026 0.0178 -4.221 -8.801 0.02 0.021 1.633 5786.3 3.9102 11.720983 1.273804 12.281223 11.00742 -49.66 1.1 425.021606 430.78363 385970.18813 91.972 167080.0 106.21 313470.0 173.05 "" "" 0.0027674400187382795 0.0028742657 0.0038266147 0.0067008804 341.23310652786 60.18450700645 427.648132 -4.221 -8.800999999999998 -9.498095317840576 -7.1909333477020265 0.43267325 0.43367323 -37.91770833333333 5.6895833 24.148592787312637 44.95450076309583 1.0404763669994206 7.3882055191662275 24.325649247335793 24.00027714631438
346.79117425775 60.48194963156 0.0088 0.0089 85.1404 "" 4278-170-1 2014048359965186048 480.839233 2.0331 0.0109 14.455 2.248 0.012 0.012 0.905 7014.7 4.1243 11.721047 0.779385 12.028419 11.249034 -39.1 7.47 478.792694 483.658905 385947.00237 97.965 210890.0 151.7 250930.0 136.17 "" "" 0.002769068558685247 0.0028974155 0.003825032 0.0067224475 346.79117425775 60.48194963156 480.839233 14.455 2.248 9.177904682159424 3.858066652297974 0.42467323 0.42467323 -27.357708333333335 12.059584 22.691115411330994 35.54336680538408 1.0827256939890155 11.135793691318009 22.82417756263448 22.594537907966597
344.15183322356 60.1284729394 0.0285 0.0296 52.7353 "" 4278-458-1 2014357047853517184 456.140991 2.1541 0.0354 10.66 2.843 0.038 0.035 2.85 6021.7 3.895 11.721946 1.042221 12.157949 11.115728 -41.14 0.59 448.981293 463.020569 385628.0104 62.906 187170.0 90.311 283700.0 89.668 "" "" 0.002761006706961737 0.002838925 0.0037949295 0.0066338545 344.15183322356 60.1284729394 456.140991 10.660000000000002 2.843000000000001 5.382904682159424 4.453066652297974 0.45067322 0.44767323 -29.397708333333334 5.1795835 15.104685002438126 33.0511234948922 1.2042229193339478 5.554360495003849 15.33249583437387 14.867598257031844
343.64890967533 60.35252520987 0.0099 0.0095 72.2084 "" 4278-1228-1 2014559121773609216 486.312164 2.0246 0.0106 -4.198 -0.783 0.013 0.011 0.902 4909.4 3.3912 11.727282 1.408822 12.366511 10.957689 -106.11 0.3 484.011871 488.43692 383737.53227 52.496 154460.0 78.836 328160.0 70.721 "" "" 0.002759320708543301 0.0028446685 0.003786618 0.0066312863 343.64890967533 60.35252520987 486.312164 -4.197999999999974 -0.7829999999999993 -9.475095317840577 0.8270666522979736 0.42567325 0.42367324 -94.36770833333333 4.8895836 21.92427777945013 96.88105249343423 1.0809396225961283 5.209966875576534 22.020067570876268 21.820574301644207
341.761809261 60.25191923031 0.0086 0.0091 111.9621 "" 4265-736-1 2008602002138199680 401.42746 2.4479 0.0104 -4.774 -0.805 0.011 0.01 0.91 6278.0 4.0434 11.727291 1.035638 12.15746 11.121822 -29.07 0.64 399.717682 403.297333 383733.85915 46.975 187250.0 88.391 282120.0 74.77 "" "" 0.0027585240147156667 0.0028368512 0.0037903204 0.0066271713 341.761809261 60.25191923031 401.42746 -4.773999999999998 -0.8049999999999999 -10.051095317840577 0.8050666522979736 0.42367324 0.42267323 -17.327708333333334 5.2295833 19.186134711358424 25.852606082317156 0.8916832982323225 6.9768628123803484 19.27550486872417 19.104416258329536
344.21680383426 59.59549625694 0.0269 0.0288 28.3027 "" 3997-419-1 2014280425635071872 402.392792 2.4258 0.0332 5.087 -1.097 0.036 0.036 2.587 6642.8 4.2131 11.729293 0.752906 12.022081 11.269176 -29.6 5.12 397.707306 408.160828 383027.11103 56.7 212120.0 102.6 246310.0 76.38 "" "" 0.0027600038525507527 0.0028391615 0.0037943488 0.0066335103 344.21680383426 59.59549625694 402.392792 5.087000000000009 -1.0969999999999942 -0.19009531784057643 0.5130666522979737 0.44867325 0.44867325 -17.857708333333335 9.709583 1.0436029508906082 17.888176375402566 0.8693288251641708 9.693083924367397 1.0585623127631818 1.0314511750308741
342.8037393554 59.21699295578 0.078 0.0842 68.8921 "" "" 2014253869857958016 396.589874 2.4833 0.0995 36.669 4.439 0.098 0.096 7.659 5724.3 4.1165 11.731128 0.978209 12.131115 11.152906 -79.71 0.65 383.134827 411.959351 382380.56858 83.179 191850.0 93.529 274150.0 59.602 "" "" 0.0027654240463352237 0.0028399322 0.003786746 0.006626678 342.8037393554 59.21699295578 396.589874 36.668999999999976 4.4389999999999805 31.39190468215942 6.049066652297974 0.5106732 0.50867325 -67.96770833333332 5.2395835 60.09723941381326 90.72644356110439 3.1438094284862435 20.701794129848068 62.426252834196504 58.05832910900021
347.95436978332 59.50255757588 0.0095 0.0081 89.4969 "" 4010-785-1 2013701537065643648 432.952515 2.2627 0.0109 14.89 1.765 0.012 0.01 0.831 6548.4 4.0823 11.734035 0.768853 12.035886 11.267033 -21.67 3.18 431.00824 434.666138 381358.1928 49.357 209440.0 88.4 246800.0 74.315 "" "" 0.00275890112896689 0.0028275528 0.003793496 0.006621049 347.95436978332 59.50255757588 432.952515 14.89 1.7649999999999986 9.612904682159424 3.3750666522979733 0.42467323 0.42267323 -9.927708333333335 7.7695837 20.908131213317112 23.145395731873357 0.9593863218459932 8.68181744346535 20.99088544915787 20.814238337294043
347.17145059669 57.5386997594 0.0084 0.0083 128.7402 "" 4006-1419-1 2009938389800985600 371.686279 2.6526 0.0103 27.047 6.704 0.011 0.01 0.924 6303.6 3.9683 11.749136 1.122288 12.224907 11.102619 1.74 0.57 370.110779 373.046265 376090.39184 49.681 175980.0 90.795 287150.0 74.493 "" "" 0.002759050543247098 0.0028458466 0.003789863 0.0066357097 347.17145059669 57.5386997594 371.686279 27.047 6.704 21.769904682159424 8.314066652297974 0.42367324 0.42267323 13.482291666666667 5.1595836 41.05591742454047 43.212967314866894 0.9083252340523668 16.599308241952762 41.20613946949933 40.881890021440206
343.36300511063 58.77091469258 0.0105 0.0108 62.7768 "" 3997-1714-1 2013465004630101760 453.289062 2.1611 0.0131 5.398 -2.397 0.014 0.013 0.917 6409.3 4.1166 11.751224 0.76749 12.052675 11.285185 -11.57 2.22 450.795135 456.262115 375368.20796 49.928 206230.0 84.3 242710.0 66.937 "" "" 0.0027591022039251817 0.0028252467 0.0037912251 0.006616472 343.36300511063 58.77091469258 453.289062 5.398000000000001 -2.3970000000000056 0.12090468215942352 -0.7869333477020262 0.42667323 0.42567325 0.1722916666666663 6.8095837 1.7106367713544328 1.7192913022267915 0.9249626828217965 0.9953034936784583 1.7218565739292975 1.701225109814553
345.21223402274 58.1619917822 0.0098 0.0089 72.6783 "" "" 2013156488540778624 524.714844 1.867 0.0118 13.1 1.165 0.012 0.011 0.89 "" "" 11.75171 1.189327 12.26877 11.079443 -46.0 0.53 522.04834 527.591187 375199.94328 53.329 169010.0 118.94 293350.0 87.391 "" "" 0.0027596384489293035 0.0028928998 0.0037931975 0.006686097 345.21223402274 58.1619917822 524.714844 13.1 1.1650000000000014 7.8229046821594235 2.7750666522979737 0.42467323 0.42367324 -34.25770833333333 5.119583 20.64465472154849 39.997404276073844 1.1649879588448626 6.300332740592997 20.757823061980922 20.539742396267243
343.51203642202 58.13883326943 0.0083 0.0076 87.7056 "" 3997-10-1 2013199094616702080 418.040497 2.3489 0.01 25.75 -9.909 0.011 0.009 0.791 5818.3 4.0699 11.755489 0.931313 12.134336 11.203024 -4.17 0.43 416.233826 419.547699 373896.11758 43.741 191290.0 120.26 261790.0 76.246 "" "" 0.0027582463159991568 0.0028724489 0.0037925877 0.0066650365 343.51203642202 58.13883326943 418.040497 25.75 -9.909 20.472904682159424 -8.298933347702027 0.42367324 0.42167324 7.572291666666667 5.019583 43.77357343189156 44.42370236801827 1.0124554465766402 18.282163452928316 43.93139454706379 43.58439452158668
343.09579614726 58.78684043231 0.0088 0.0089 69.1936 "" 3996-1115-1 2013467306732468864 510.535767 1.9138 0.011 14.366 4.427 0.011 0.011 0.864 "" "" 11.758861 0.866539 12.107622 11.241083 13.46 0.7 507.613068 512.88562 372737.16634 49.564 196050.0 92.806 252770.0 63.26 "" "" 0.0027591000628317893 0.0028371126 0.0037891371 0.0066262498 343.09579614726 58.78684043231 510.535767 14.366 4.427 9.088904682159423 6.037066652297973 0.42367324 0.42367324 25.202291666666667 5.289583 26.404452760045483 36.50137847820558 1.161609463608211 8.878343808021324 26.52598505326002 26.25329338460973
348.35636109365 60.03121240999 0.0082 0.0082 108.1504 "" 4279-604-1 2013791903179684864 500.342041 1.9546 0.0098 4.742 -0.958 0.011 0.01 0.918 "" "" 11.772788 0.899146 12.135905 11.236759 6.16 0.57 498.149231 503.205933 367986.18655 45.842 191010.0 98.936 253780.0 71.164 "" "" 0.002758637992318785 0.0028462799 0.0037916251 0.006637905 348.35636109365 60.03121240999 500.342041 4.742 -0.9579999999999991 -0.5350953178405762 0.6520666522979737 0.42367324 0.42267323 17.902291666666667 5.1595836 2.000498629513584 18.013718152704858 1.0134848947136688 5.128529593946611 2.0119492204126104 1.9917312003544905
348.11821110986 60.12783637318 0.0124 0.0125 103.763 "" 4279-1429-1 2013802211101080704 426.62851 2.2959 0.0155 -4.422 8.883 0.017 0.015 1.189 6529.2 4.1696 11.778278 0.791465 12.090222 11.298758 -1.39 4.81 423.899902 429.375214 366130.1496 49.697 199220.0 89.035 239690.0 72.837 "" "" 0.002759258652301168 0.0028320488 0.0037937558 0.0066258046 348.11821110986 60.12783637318 426.62851 -4.422 8.883 -9.699095317840577 10.493066652297973 0.42967322 0.42767322 10.352291666666666 9.399584 28.895586675186387 30.694052714735232 1.0521364366549588 12.08221042325037 29.081621179779344 28.710777814272223
348.91701067498 60.38035366005 0.0126 0.0121 131.7326 "" 4279-2373-1 2013902674671466240 446.604126 2.2025 0.0157 14.874 9.345 0.016 0.016 1.146 "" "" 11.778602 1.104606 12.246105 11.1415 -7.51 0.49 443.800842 449.83551 366021.09893 40.28 172570.0 89.538 277050.0 108.93 "" "" 0.0027579096598018956 0.0028464703 0.0038034143 0.0066498844 348.91701067498 60.38035366005 446.604126 14.873999999999999 9.345 9.596904682159424 10.955066652297974 0.42867324 0.42867324 4.232291666666667 5.079583 30.830871844923234 31.120008860374966 1.1157585544828905 13.111787094762551 31.053947226868395 30.637349920880546
341.03918669677 59.40441325305 0.0099 0.0099 122.0091 "" 3996-550-1 2008492600729625344 372.904572 2.6403 0.0119 17.806 13.031 0.013 0.012 0.962 5626.1 4.1288 11.783531 0.949561 12.172115 11.222554 -5.54 0.56 371.533997 374.802704 364363.02303 45.893 184740.0 110.55 257120.0 86.414 "" "" 0.002758711792256375 0.002864817 0.0037969565 0.0066617737 341.03918669677 59.40441325305 372.904572 17.806 13.031 12.528904682159425 14.641066652297974 0.42567325 0.42467323 6.2022916666666665 5.1495833 34.06109255757862 34.62118496144146 0.900668192114702 14.27484269233616 34.2344678782183 33.9359042776878
