Clusters/RSG_8/RSG_8_members.tsv
# %ECSV 1.0
# ---
# datatype:
# - name: RA_ICRS_1
#   unit: deg
#   datatype: float64
#   format: '{:15.11f}'
#   description: Right ascension (ICRS) at Ep=2016.0 (ra)
#   meta: !!omap
#   - {ucd: POS_EQ_RA_MAIN}
#   - {width: 15}
#   - {precision: '11'}
# - name: DE_ICRS_1
#   unit: deg
#   datatype: float64
#   format: '{:15.11f}'
#   description: Declination (ICRS) at Ep=2016.0 (dec)
#   meta: !!omap
#   - {ucd: POS_EQ_DEC_MAIN}
#   - {width: 15}
#   - {precision: '11'}
# - name: e_RA_ICRS
#   unit: mas
#   datatype: float64
#   format: '{:7.4f}'
#   description: Standard error of right ascension (ra_error)
#   meta: !!omap
#   - {ucd: ERROR}
#   - {width: 7}
#   - {precision: '4'}
# - name: e_DE_ICRS
#   unit: mas
#   datatype: float64
#   format: '{:7.4f}'
#   description: Standard error of declination (dec_error)
#   meta: !!omap
#   - {ucd: ERROR}
#   - {width: 7}
#   - {precision: '4'}
# - name: _r_1
#   unit: ''
#   datatype: float64
#   format: '{:8.4f}'
#   description: Distance from center (345.03241428000+59.36970387000)[ICRS], at Epoch=J2016.0
#   meta: !!omap
#   - {ucd: POS_ANG_DIST_GENERAL}
#   - {width: 8}
#   - {precision: '4'}
# - name: HIP
#   datatype: int32
#   description: '? HIP cross-id number, van Leeuwen, Cat. I/311 (hip_original_ext_source_id)'
#   meta: !!omap
#   - {ucd: ID_NUMBER}
#   - {width: 6}
#   - values: {'null': -2147483648}
# - name: TYC2
#   datatype: string
#   description: Tycho-2 cross-id name, Hog et al., Cat. I/259 (tyc2_original_ext_source_id)
#   meta: !!omap
#   - {ucd: ID_CROSSID}
#   - {_votable_string_dtype: char}
# - name: Source
#   datatype: int64
#   description: Source identifier, identical to the Gaia-EDR3 source_id (id)
#   meta: !!omap
#   - {ucd: ID_MAIN}
#   - {width: 19}
# - name: rgeo
#   unit: pc
#   datatype: float64
#   format: '{:15.8f}'
#   description: '? Median of the geometric distance posterior (r_med_geo)'
#   meta: !!omap
#   - {ucd: PHYS_DISTANCE_TRUE}
#   - {width: 15}
#   - {precision: '8'}
#   - values: {'null': .nan}
# - name: Plx
#   unit: mas
#   datatype: float64
#   format: '{:9.4f}'
#   description: '? Parallax (parallax)'
#   meta: !!omap
#   - {ucd: POS_PARLX_TRIG}
#   - {width: 9}
#   - {precision: '4'}
#   - values: {'null': .nan}
# - name: e_Plx
#   unit: mas
#   datatype: float32
#   format: '{:7.4f}'
#   description: '? Standard error of parallax (parallax_error)'
#   meta: !!omap
#   - {ucd: ERROR}
#   - {width: 7}
#   - {precision: '4'}
#   - values: {'null': .nan}
# - name: pmRA
#   unit: mas / yr
#   datatype: float64
#   format: '{:9.3f}'
#   description: '? Proper motion in right ascension direction, pmRA*cosDE (pmra)'
#   meta: !!omap
#   - {ucd: POS_EQ_PMRA}
#   - {width: 9}
#   - {precision: '3'}
#   - values: {'null': .nan}
# - name: pmDE
#   unit: mas / yr
#   datatype: float64
#   format: '{:9.3f}'
#   description: '? Proper motion in declination direction (pmdec)'
#   meta: !!omap
#   - {ucd: POS_EQ_PMDEC}
#   - {width: 9}
#   - {precision: '3'}
#   - values: {'null': .nan}
# - name: e_pmRA
#   unit: mas / yr
#   datatype: float32
#   format: '{:6.3f}'
#   description: '? Standard error of proper motion in right ascension direction (pmra_error)'
#   meta: !!omap
#   - {ucd: ERROR}
#   - {width: 6}
#   - {precision: '3'}
#   - values: {'null': .nan}
# - name: e_pmDE
[...]
#       distance: !astropy.table.SerializedColumn
#         __class__: astropy.coordinates.distances.Distance
#         unit: !astropy.units.Unit {unit: pc}
#         value: !astropy.table.SerializedColumn {name: SkyCoord.distance}
#       frame: icrs
#       obstime: !astropy.time.Time {format: jyear_str, in_subfmt: '*', jd1: 367701545.0, jd2: 0.0, out_subfmt: '*', precision: 3, scale: tt}
#       pm_dec: !astropy.table.SerializedColumn
#         __class__: astropy.units.quantity.Quantity
#         unit: !astropy.units.Unit {unit: mas / yr}
#         value: !astropy.table.SerializedColumn {name: SkyCoord.pm_dec}
#       pm_ra_cosdec: !astropy.table.SerializedColumn
#         __class__: astropy.units.quantity.Quantity
#         unit: !astropy.units.Unit {unit: mas / yr}
#         value: !astropy.table.SerializedColumn {name: SkyCoord.pm_ra_cosdec}
#       ra: !astropy.table.SerializedColumn
#         __class__: astropy.coordinates.angles.Longitude
#         unit: *id001
#         value: !astropy.table.SerializedColumn {name: SkyCoord.ra}
#         wrap_angle: !astropy.coordinates.Angle
#           unit: *id001
#           value: 360.0
#       representation_type: spherical
# schema: astropy-2.0
RA_ICRS_1 DE_ICRS_1 e_RA_ICRS e_DE_ICRS _r_1 HIP TYC2 Source rgeo Plx e_Plx pmRA pmDE e_pmRA e_pmDE RUWE Teff logg Gmag BP-RP BPmag RPmag RV e_RV b_rgeo B_rgeo FG e_FG FBP e_FBP FRP e_FRP RAVE5 RAVE6 e_Gmag e_BPmag e_RPmag e_BP-RP SkyCoord.ra SkyCoord.dec SkyCoord.distance SkyCoord.pm_ra_cosdec SkyCoord.pm_dec rmRA rmDE e_rmRA e_rmDE rRV e_rRV v_pec v_pec3d e_v_pec e_v_pec3d Pmemb
[from data line 29]
345.29423378849 60.58341668326 0.0083 0.0088 73.2456 "" "" 2014463258106053376 416.132324 2.3744 0.0101 4.86 -2.008 0.01 0.011 0.934 5444.7 4.3816 13.240293 1.00291 13.656407 12.653498 -10.17 2.01 413.827118 417.728516 95242.23126 38.931 47082.0 65.805 68827.0 68.697 "" "" 0.0027908333115885427 0.0031761376 0.0039316793 0.0071078166 345.29423378849 60.58341668326 416.132324 4.86 -2.008 -0.41709531784057585 -0.3979333477020264 0.42267323 0.42367324 1.5722916666666666 6.5995836 1.1370712424633278 1.940369061675263 0.4811517308446588 5.355106754298925 1.0
344.69053708963 59.13557524455 0.0102 0.0098 17.5305 "" "" 2013458716797373184 490.592804 2.0108 0.0124 5.569 -1.686 0.014 0.012 0.993 5505.1 4.3277 13.367916 0.977165 13.769743 12.792578 -7.58 3.23 487.523163 493.839081 84679.87598 75.793 42415.0 139.51 60552.0 142.61 "" "" 0.0029216722042381496 0.004531918 0.0045631602 0.009095078 344.69053708963 59.13557524455 490.592804 5.569 -1.6860000000000006 0.2919046821594238 -0.07593334770202631 0.42667323 0.42467323 4.1622916666666665 7.8195834 0.7013885599110125 4.2209735642831046 0.2991750129529661 7.711032257108541 0.8
343.95000113935 60.25508697763 0.0102 0.0093 62.3559 "" "" 2014372926351922688 421.110077 2.3483 0.0118 4.717 -2.183 0.013 0.01 0.988 5172.9 4.3259 13.418012 1.210409 13.944741 12.734332 6.45 4.53 418.593964 423.110718 80861.53001 20.486 36101.0 31.843 63889.0 32.843 "" "" 0.00276901636332355 0.002949948 0.0038203723 0.0067703202 343.95000113935 60.25508697763 421.110077 4.717 -2.183 -0.5600953178405765 -0.5729333477020262 0.42567325 0.42267323 18.192291666666666 9.119583 1.5992919535710801 18.262453582085474 0.6783267261770682 9.084741118079918 1.0
343.63411168087 59.69160842553 0.009 0.0095 46.7207 "" "" 2014293658435280768 413.953186 2.3848 0.0109 4.792 -2.198 0.012 0.012 0.997 5603.1 4.4111 13.445838 1.060418 13.891027 12.830608 -9.62 6.71 411.485474 415.713165 78815.46922 40.76 37932.0 86.158 58468.0 99.346 "" "" 0.002811950860484634 0.0037238146 0.0042056064 0.007929421 343.63411168087 59.69160842553 413.953186 4.792 -2.1980000000000004 -0.48509531784057636 -0.5879333477020263 0.42467323 0.42467323 2.1222916666666674 11.299583 1.495585743823589 2.5963240621176586 0.6351352277578396 9.243768031604912 1.0
344.03807903671 59.49147568627 0.0093 0.0095 31.209 "" "" 2014273592348234112 380.285065 2.5998 0.0111 6.077 -1.2 0.012 0.012 0.919 5641.7 4.5858 13.564747 1.015599 13.984401 12.968801 -34.65 3.17 378.972382 381.986481 70639.55745 9.7807 34806.0 24.876 51480.0 44.848 "" "" 0.0027594181585808776 0.0028960651 0.003895945 0.00679201 344.03807903671 59.49147568627 380.285065 6.077 -1.1999999999999997 0.7999046821594238 0.4100666522979737 0.42467323 0.42467323 -22.907708333333332 7.7595835 1.620294180370443 22.964939675862677 0.6880955622465941 7.740397927466856 0.8
345.3225336941 60.78186897033 0.0235 0.0249 85.1735 "" "" 2014503665158704000 411.956421 2.4004 0.0285 5.33 -1.281 0.031 0.03 2.672 5284.6 4.4047 13.566149 1.115273 14.032541 12.917269 -11.93 2.65 407.36499 416.674835 70548.43777 65.286 33297.0 103.33 53982.0 128.97 "" "" 0.0029327985346976867 0.0043746475 0.0045839264 0.008958574 345.3225336941 60.78186897033 411.956421 5.329999999999999 -1.2810000000000001 0.0529046821594239 0.3290666522979737 0.44367322 0.44267324 -0.18770833333333314 7.2395835 0.650811049216262 0.6773399738571093 0.28811304917166713 2.0252834107665434 0.9
347.39498516493 59.88164341273 0.0109 0.0118 77.9763 "" "" 2013774650288892672 401.579742 2.4619 0.0136 5.773 -1.058 0.016 0.018 1.077 5356.6 4.4629 13.690606 1.163062 14.190701 13.027638 -12.13 2.65 399.420135 403.388855 62907.79174 26.666 28783.0 56.442 48764.0 69.256 "" "" 0.0027934931167925728 0.003509701 0.004081846 0.0075915474 347.39498516493 59.88164341273 401.579742 5.773 -1.058 0.4959046821594235 0.5520666522979736 0.42867324 0.43067324 -0.3877083333333342 7.2395835 1.4125612836845727 1.4648027621153366 0.6070923757064153 2.003632155999904 0.8
344.91048406313 60.58082509431 0.0121 0.0129 72.7594 "" "" 2014474425020769024 399.77301 2.4692 0.0144 4.748 -2.146 0.016 0.017 1.27 5475.8 4.4822 13.757844 1.299657 14.332888 13.033231 -14.39 4.85 397.767365 401.807556 59130.19886 24.955 25250.0 35.308 48514.0 74.57 "" "" 0.0027931619198531656 0.0031764845 0.004131445 0.00730793 344.91048406313 60.58082509431 399.77301 4.748000000000001 -2.1459999999999995 -0.529095317840576 -0.5359333477020263 0.42867324 0.42967322 -2.647708333333334 9.439583 1.4270758682583382 3.0078073329533708 0.6124723390647908 8.314542078176709 1.0
346.48879397281 59.86337756979 0.0112 0.0117 53.2028 "" "" 2013596460684261632 473.549347 2.0798 0.0134 5.813 -1.663 0.015 0.015 0.943 5453.6 4.4096 14.04329 1.258705 14.595807 13.337102 -21.52 3.45 470.422546 475.993408 45460.14119 51.325 19820.0 76.572 36671.0 118.87 "" "" 0.0030156914572456294 0.0050378293 0.00516432 0.010202149 346.48879397281 59.86337756979 473.549347 5.813 -1.663 0.5359046821594236 -0.0529333477020264 0.42767322 0.42767322 -9.777708333333333 8.039583 1.2087581451545677 9.85214070673037 0.5169534889063906 7.979096686654042 0.9
346.81107341743 57.67813926798 0.0123 0.0126 115.7749 "" "" 2009995908004515968 438.352631 2.2534 0.0153 5.558 -1.235 0.015 0.015 1.177 5368.6 4.1702 14.184879 1.803013 15.045244 13.242231 "" "" 435.061188 441.427429 39902.04501 283.75 13101.0 352.0 40019.0 764.02 "" "" 0.008197761158174029 0.029304884 0.021069989 0.050374873 346.81107341743 57.67813926798 438.352631 5.558 -1.235 0.28090468215942366 0.37506665229797354 0.42767322 0.42767322 "" "" 0.9736452663146947 "" 0.4164020068003024 "" 1.0
346.02208644644 59.2199738149 0.0132 0.0115 31.6234 "" "" 2013374432360423808 472.917511 2.0892 0.0154 5.675 -1.568 0.017 0.014 1.052 5050.4 4.4188 14.25672 1.265576 14.810554 13.544977 -10.56 4.66 469.36731 475.932526 37347.28722 62.605 16263.0 108.73 30281.0 125.69 "" "" 0.003302155829464275 0.0077767097 0.005881642 0.013658352 346.02208644644 59.2199738149 472.917511 5.674999999999998 -1.568 0.39790468215942365 0.04206665229797357 0.42967322 0.42667323 1.182291666666666 9.249583 0.8969254281619249 1.4840110541208562 0.3853552019276651 7.372698390372325 0.9
344.28768382677 59.87890977668 0.0125 0.013 37.9993 "" "" 2014303107363839488 410.13501 2.411 0.0155 4.851 -2.078 0.017 0.015 0.964 4974.8 4.5098 14.34159 1.262029 14.891126 13.629097 -11.65 5.55 407.252167 413.836151 34539.08601 43.201 15100.0 80.742 28023.0 123.37 "" "" 0.003071810060677027 0.006441273 0.0060935384 0.012534811 344.28768382677 59.87890977668 410.13501 4.850999999999999 -2.0780000000000007 -0.4260953178405762 -0.4679333477020262 0.42967322 0.42767322 0.09229166666666622 10.139584 1.2303159618331692 1.2337727171880513 0.5272900318083545 0.9229190996638824 1.0
342.9804304517 59.85871665184 0.0138 0.0149 68.8378 "" "" 2014337329662614016 416.244995 2.3746 0.0168 4.945 -2.157 0.02 0.019 1.146 5158.9 4.5299 14.402308 1.331281 14.994205 13.662925 -11.06 3.6 413.748688 418.421204 32660.55193 14.636 13732.0 23.307 27164.0 31.156 "" "" 0.0027979484642990226 0.0033437912 0.003979257 0.007323048 342.9804304517 59.85871665184 416.244995 4.945000000000001 -2.157 -0.3320953178405759 -0.5469333477020264 0.43267325 0.43167323 0.6822916666666661 8.189583 1.2624485548605577 1.4350255301116728 0.5453056057850868 3.923227881304367 1.0
344.3068307076 59.50709833019 0.0132 0.0125 23.621 "" "" 2013528192189726848 426.73584 2.3091 0.0154 5.642 -0.809 0.017 0.016 1.008 4461.0 4.153 14.429648 1.622423 15.194278 13.571855 -64.36 4.74 423.529022 430.057312 31848.37068 50.1 11421.0 67.228 29540.0 133.7 "" "" 0.0032417399047430092 0.0069735367 0.0061993743 0.0131729115 344.3068307076 59.50709833019 426.73584 5.642 -0.8089999999999999 0.3649046821594242 0.8010666522979736 0.42967322 0.42867324 -52.61770833333333 9.329583 1.7805328111786263 52.64782547592464 0.763573029742843 9.324281947974955 0.9
346.18480123061 58.10427566565 0.0157 0.0141 83.975 "" "" 2010235189223285632 468.310669 2.1035 0.0194 5.848 -1.636 0.02 0.017 1.029 4832.8 4.366 14.518374 1.458868 15.178396 13.719528 -0.16 5.41 464.485809 472.482147 29349.23467 49.973 11589.0 76.93 25784.0 124.81 "" "" 0.0033180454950265258 0.0077285557 0.006473422 0.014201978 346.18480123061 58.10427566565 468.310669 5.848 -1.6360000000000003 0.5709046821594237 -0.025933347702026266 0.43267325 0.42967322 11.582291666666666 9.999583 1.268596781184055 11.651558610115929 0.5488800770030969 9.940316713442053 0.9
343.90950001407 60.05256502855 0.0138 0.0132 53.2282 "" "" 2014355128007552896 421.018799 2.3512 0.0167 4.793 -2.208 0.019 0.016 0.996 5128.5 4.5867 14.521771 1.324512 15.110637 13.786125 -15.03 4.92 418.22995 423.657257 29257.60082 28.251 12336.0 44.405 24250.0 59.665 "" "" 0.002948032139781929 0.0048020235 0.004628162 0.009430185 343.90950001407 60.05256502855 421.018799 4.793 -2.208 -0.484095317840576 -0.5979333477020266 0.43167323 0.42867324 -3.287708333333333 9.509583 1.5353024202927383 3.6285230613606663 0.6599705782556962 8.620904760095517 1.0
343.82628937234 59.23312330038 0.0142 0.0136 37.8425 "" "" 2013518090426462464 433.057434 2.281 0.0171 5.234 -0.819 0.019 0.018 1.007 4633.2 4.2064 14.547311 1.68271 15.345736 13.663027 6.95 11.42 430.022247 436.32605 28577.37225 54.785 9934.0 66.153 27161.0 144.41 "" "" 0.0034531402380088873 0.007749884 0.0068998053 0.014649689 343.82628937234 59.23312330038 433.057434 5.234 -0.8190000000000004 -0.043095317840576186 0.7910666522979737 0.43167323 0.43067324 18.692291666666666 16.009583 1.626224168857669 18.76289883784254 0.7003760519232656 15.949451945240273 1.0
343.86593886643 60.24282657952 0.0148 0.0137 63.1121 "" "" 2014372582754528512 418.393799 2.3573 0.0172 4.702 -2.144 0.02 0.016 1.011 5007.8 4.5367 14.561806 1.335085 15.155487 13.820402 -10.3 4.07 415.818329 421.080353 28198.39183 50.558 11836.0 73.902 23496.0 118.79 "" "" 0.003373613756198329 0.0073308926 0.0066644736 0.013995366 343.86593886643 60.24282657952 418.393799 4.702000000000001 -2.1439999999999992 -0.5750953178405762 -0.5339333477020265 0.43267325 0.42867324 1.4422916666666659 8.659584 1.5562891141965536 2.1218485004125065 0.6704899941335806 5.906717618121041 1.0
343.43473041338 59.33519314746 0.015 0.0135 48.9084 "" "" 2014249196933956480 427.667938 2.3062 0.0166 5.271 -0.733 0.019 0.017 1.048 4221.6 4.0932 14.592202 1.791902 15.461712 13.669809 -17.95 4.35 424.810913 430.663025 27419.90536 7.28 8927.5 14.801 26992.0 19.345 "" "" 0.0027703583314805 0.003320428 0.0038586564 0.0071790842 343.43473041338 59.33519314746 427.667938 5.271000000000001 -0.7329999999999999 -0.006095317840576264 0.8770666522979736 0.43167323 0.42967322 -6.207708333333333 8.939583 1.7779851136942568 6.457311655499871 0.7639527693848519 8.596602784556946 1.0
343.36275450975 59.22616387956 0.0158 0.0133 51.8676 "" "" 2014245073765028352 422.221924 2.3413 0.0164 4.815 -2.383 0.021 0.016 0.943 4930.0 4.5418 14.640553 1.332656 15.234929 13.902273 -13.83 5.15 419.780579 425.26059 26225.58719 23.921 11001.0 39.159 21790.0 57.651 "" "" 0.0029278893304137935 0.004766708 0.0047471584 0.009513866 343.36275450975 59.22616387956 422.221924 4.815 -2.3829999999999996 -0.4620953178405758 -0.7729333477020264 0.43367323 0.42867324 -2.0877083333333335 9.739584 1.802263613863074 2.758021069340159 0.774965094859973 7.3898359208456545 1.0
347.52868729341 58.25664554018 0.0154 0.0128 102.3375 "" "" 2010577034256263808 474.826111 2.0709 0.0177 5.782 -1.544 0.019 0.016 0.979 4741.5 4.3363 14.651971 1.474668 15.326209 13.851541 -5.22 6.42 470.139435 479.095917 25951.25407 19.545 10114.0 30.383 22832.0 57.893 "" "" 0.0028740991894222077 0.0042922194 0.0046757613 0.008967981 347.52868729341 58.25664554018 474.826111 5.782 -1.5439999999999996 0.5049046821594239 0.0660666522979736 0.43167323 0.42867324 6.522291666666667 11.009583 1.1460637704058532 6.622216453039445 0.49466736944207856 10.843794208036087 0.9
343.39648868708 58.9239255711 0.0196 0.0184 57.0005 "" "" 2013487269734886912 454.808075 2.1701 0.0232 4.766 -1.187 0.026 0.022 1.237 4463.4 4.2634 14.848758 1.665333 15.598996 13.933663 6.32 8.86 450.552155 459.212372 21649.29266 32.353 7867.2 44.868 21169.0 121.51 "" "" 0.003197565085368074 0.0067917346 0.007288558 0.014080293 343.39648868708 58.9239255711 454.808075 4.765999999999999 -1.1869999999999998 -0.5110953178405762 0.4230666522979736 0.43867323 0.43467325 18.062291666666667 13.449583 1.430320654660728 18.11883543241356 0.6251234538987718 13.407701519634118 0.8
345.10310548789 60.37161366699 0.0157 0.0159 60.1523 "" "" 2014455905121936384 421.698151 2.3481 0.0193 4.943 -2.114 0.021 0.02 1.036 4657.0 4.5373 14.890447 1.418375 15.53707 14.118695 -27.15 7.04 418.513214 424.662079 20833.78579 23.704 8328.9 31.853 17852.0 50.706 "" "" 0.0030195683097544623 0.0050026495 0.0048779105 0.0098805595 345.10310548789 60.37161366699 421.698151 4.943 -2.1140000000000003 -0.33409531784057656 -0.5039333477020262 0.43367323 0.43267325 -15.407708333333332 11.629583 1.2085494415888733 15.45503373784199 0.5232763092558346 11.594044209293894 1.0
345.39273931381 59.50767683268 0.021 0.0207 13.7611 "" "" 2013563376558485504 484.877075 2.0369 0.0248 5.367 -1.523 0.026 0.025 1.407 "" "" 14.911493 2.014416 15.911282 13.896866 -4.09 6.47 479.669586 491.481293 20433.81573 12.145 5900.7 17.243 21898.0 41.399 "" "" 0.0028298802094761776 0.004225078 0.0043008137 0.008525891 345.39273931381 59.50767683268 484.877075 5.367 -1.5230000000000001 0.08990468215942382 0.08706665229797372 0.43867323 0.43767324 7.652291666666667 11.059584 0.2876429659928167 7.657695882419284 0.12604214233573485 11.051779670218988 0.9
344.4908757233 60.35543954345 0.0159 0.0149 61.3522 "" "" 2014464563775893504 412.934784 2.3942 0.0184 4.867 -2.148 0.021 0.019 1.018 4664.1 4.5766 14.940989 1.433839 15.5961 14.162261 -21.78 6.88 409.415375 416.202637 19886.17862 13.482 7888.2 22.141 17150.0 45.801 "" "" 0.002851948261784047 0.004131864 0.004763538 0.008895402 344.4908757233 60.35543954345 412.934784 4.867000000000001 -2.1479999999999997 -0.4100953178405762 -0.5379333477020265 0.43367323 0.43167323 -10.037708333333335 11.4695835 1.3239735401490618 10.12464787141184 0.5724986431167886 11.371341558664534 1.0
345.46774136999 59.73773089236 0.0152 0.0158 25.7444 "" "" 2013617390069273600 487.903046 2.0218 0.0179 5.548 -1.668 0.019 0.019 1.002 4529.3 4.3571 14.951224 1.549246 15.669717 14.120471 2.7 6.81 483.170105 492.211548 19699.57726 24.462 7371.1 43.676 17823.0 63.051 "" "" 0.0030674867336195305 0.0070123174 0.005388544 0.012400862 345.46774136999 59.73773089236 487.903046 5.548000000000001 -1.668 0.27090468215942387 -0.057933347702026294 0.43167323 0.43167323 14.442291666666666 11.399584 0.6406763156900216 14.456495243542108 0.27656281377160263 11.388390265478856 0.9
346.32411611 58.20391316226 0.0197 0.0177 80.6547 "" "" 2010236769771229312 431.75769 2.2861 0.0225 5.511 -1.312 0.026 0.023 1.096 4369.7 4.1795 14.962392 1.839938 15.859306 14.019368 -3.66 12.17 427.5849 437.090729 19497.99625 30.081 6190.1 35.01 19562.0 75.701 "" "" 0.0032245258168491476 0.006744879 0.005651283 0.012396162 346.32411611 58.20391316226 431.75769 5.511 -1.3120000000000007 0.23390468215942395 0.2980666522979736 0.43867323 0.43567324 8.082291666666666 16.759583 0.7754035426632901 8.119402024721046 0.3387110128273385 16.683012903933687 1.0
