Clusters/RSG_8/RSG_8_members.tsv
# %ECSV 1.0
# ---
# datatype:
# - name: RA_ICRS_1
#   unit: deg
#   datatype: float64
#   format: '{:15.11f}'
#   description: Right ascension (ICRS) at Ep=2016.0 (ra)
#   meta: !!omap
#   - {ucd: POS_EQ_RA_MAIN}
#   - {width: 15}
#   - {precision: '11'}
# - name: DE_ICRS_1
#   unit: deg
#   datatype: float64
#   format: '{:15.11f}'
#   description: Declination (ICRS) at Ep=2016.0 (dec)
#   meta: !!omap
#   - {ucd: POS_EQ_DEC_MAIN}
#   - {width: 15}
#   - {precision: '11'}
# - name: e_RA_ICRS
#   unit: mas
#   datatype: float64
#   format: '{:7.4f}'
#   description: Standard error of right ascension (ra_error)
#   meta: !!omap
#   - {ucd: ERROR}
#   - {width: 7}
#   - {precision: '4'}
# - name: e_DE_ICRS
#   unit: mas
#   datatype: float64
#   format: '{:7.4f}'
#   description: Standard error of declination (dec_error)
#   meta: !!omap
#   - {ucd: ERROR}
#   - {width: 7}
#   - {precision: '4'}
# - name: _r_1
#   unit: ''
#   datatype: float64
#   format: '{:8.4f}'
#   description: Distance from center (345.03241428000+59.36970387000)[ICRS], at Epoch=J2016.0
#   meta: !!omap
#   - {ucd: POS_ANG_DIST_GENERAL}
#   - {width: 8}
#   - {precision: '4'}
# - name: HIP
#   datatype: int32
#   description: '? HIP cross-id number, van Leeuwen, Cat. I/311 (hip_original_ext_source_id)'
#   meta: !!omap
#   - {ucd: ID_NUMBER}
#   - {width: 6}
#   - values: {'null': -2147483648}
# - name: TYC2
#   datatype: string
#   description: Tycho-2 cross-id name, Hog et al., Cat. I/259 (tyc2_original_ext_source_id)
#   meta: !!omap
#   - {ucd: ID_CROSSID}
#   - {_votable_string_dtype: char}
# - name: Source
#   datatype: int64
#   description: Source identifier, identical to the Gaia-EDR3 source_id (id)
#   meta: !!omap
#   - {ucd: ID_MAIN}
#   - {width: 19}
# - name: rgeo
#   unit: pc
#   datatype: float64
#   format: '{:15.8f}'
#   description: '? Median of the geometric distance posterior (r_med_geo)'
#   meta: !!omap
#   - {ucd: PHYS_DISTANCE_TRUE}
#   - {width: 15}
#   - {precision: '8'}
#   - values: {'null': .nan}
# - name: Plx
#   unit: mas
#   datatype: float64
#   format: '{:9.4f}'
#   description: '? Parallax (parallax)'
#   meta: !!omap
#   - {ucd: POS_PARLX_TRIG}
#   - {width: 9}
#   - {precision: '4'}
#   - values: {'null': .nan}
# - name: e_Plx
#   unit: mas
#   datatype: float32
#   format: '{:7.4f}'
#   description: '? Standard error of parallax (parallax_error)'
#   meta: !!omap
#   - {ucd: ERROR}
#   - {width: 7}
#   - {precision: '4'}
#   - values: {'null': .nan}
# - name: pmRA
#   unit: mas / yr
#   datatype: float64
#   format: '{:9.3f}'
#   description: '? Proper motion in right ascension direction, pmRA*cosDE (pmra)'
#   meta: !!omap
#   - {ucd: POS_EQ_PMRA}
#   - {width: 9}
#   - {precision: '3'}
#   - values: {'null': .nan}
# - name: pmDE
#   unit: mas / yr
#   datatype: float64
#   format: '{:9.3f}'
#   description: '? Proper motion in declination direction (pmdec)'
#   meta: !!omap
#   - {ucd: POS_EQ_PMDEC}
#   - {width: 9}
#   - {precision: '3'}
#   - values: {'null': .nan}
# - name: e_pmRA
#   unit: mas / yr
#   datatype: float32
#   format: '{:6.3f}'
#   description: '? Standard error of proper motion in right ascension direction (pmra_error)'
#   meta: !!omap
#   - {ucd: ERROR}
#   - {width: 6}
#   - {precision: '3'}
#   - values: {'null': .nan}
# - name: e_pmDE
[...]
#       distance: !astropy.table.SerializedColumn
#         __class__: astropy.coordinates.distances.Distance
#         unit: !astropy.units.Unit {unit: pc}
#         value: !astropy.table.SerializedColumn {name: SkyCoord.distance}
#       frame: icrs
#       obstime: !astropy.time.Time {format: jyear_str, in_subfmt: '*', jd1: 367701545.0, jd2: 0.0, out_subfmt: '*', precision: 3, scale: tt}
#       pm_dec: !astropy.table.SerializedColumn
#         __class__: astropy.units.quantity.Quantity
#         unit: !astropy.units.Unit {unit: mas / yr}
#         value: !astropy.table.SerializedColumn {name: SkyCoord.pm_dec}
#       pm_ra_cosdec: !astropy.table.SerializedColumn
#         __class__: astropy.units.quantity.Quantity
#         unit: !astropy.units.Unit {unit: mas / yr}
#         value: !astropy.table.SerializedColumn {name: SkyCoord.pm_ra_cosdec}
#       ra: !astropy.table.SerializedColumn
#         __class__: astropy.coordinates.angles.Longitude
#         unit: *id001
#         value: !astropy.table.SerializedColumn {name: SkyCoord.ra}
#         wrap_angle: !astropy.coordinates.Angle
#           unit: *id001
#           value: 360.0
#       representation_type: spherical
# schema: astropy-2.0
RA_ICRS_1 DE_ICRS_1 e_RA_ICRS e_DE_ICRS _r_1 HIP TYC2 Source rgeo Plx e_Plx pmRA pmDE e_pmRA e_pmDE RUWE Teff logg Gmag BP-RP BPmag RPmag RV e_RV b_rgeo B_rgeo FG e_FG FBP e_FBP FRP e_FRP RAVE5 RAVE6 e_Gmag e_BPmag e_RPmag e_BP-RP SkyCoord.ra SkyCoord.dec SkyCoord.distance SkyCoord.pm_ra_cosdec SkyCoord.pm_dec rmRA rmDE e_rmRA e_rmDE rRV e_rRV v_pec v_pec3d e_v_pec e_v_pec3d Pmemb
346.79360149837 59.72738505391 0.0227 0.0253 57.6928 114163 4010-1851-1 2013579250758906240 460.861786 2.1417 0.0301 5.755 -1.961 0.031 0.028 0.859 18913.2 3.6906 6.37263 0.004251 6.356023 6.351772 "" "" 453.928925 465.58783 53197951.47809 20252.0 39175000.0 39083.0 22827000.0 15832.0 "" "" 0.0027861499217015718 0.0029930489 0.0038536708 0.0068467194 346.79360149837 59.72738505391 460.861786 5.755000000000001 -1.9610000000000007 0.4779046821594237 -0.35093334770202644 0.44367322 0.44067323 "" "" 1.2952118224053082 "" 0.5732925866022311 "" 1.0
344.78756174443 59.81464222809 0.0186 0.0208 27.7125 113498 3997-1421-1 2014377526259898240 413.160278 2.3854 0.0229 4.75 -2.244 0.025 0.027 0.964 "" "" 6.423488 0.086522 6.435745 6.349223 -12.62 0.34 409.697723 416.973724 50763522.41627 15159.0 36401000.0 26352.0 22881000.0 12122.0 "" "" 0.0027743304785872846 0.002898767 0.0038229034 0.0067216703 344.78756174443 59.81464222809 413.160278 4.749999999999999 -2.2440000000000007 -0.5270953178405762 -0.6339333477020266 0.43767324 0.43967324 -0.8777083333333326 4.9295835 1.6145661585649982 1.8377148306486812 0.708563401775793 2.4353211915336885 0.8
345.84885654457 60.4453983368 0.0368 0.037 69.0559 113853 4278-672-1 2014431578426474112 497.18457 1.9833 0.0446 5.696 -1.779 0.047 0.043 1.373 17547.9 3.5667 6.706712 -0.01422 6.684516 6.698736 "" "" 486.013763 509.377869 39107672.69911 17567.0 28947000.0 32781.0 16583000.0 16179.0 "" "" 0.0027981509163336007 0.0030490684 0.003925024 0.0069740927 345.84885654457 60.4453983368 497.18457 5.696000000000001 -1.7789999999999997 0.41890468215942356 -0.16893334770202628 0.45967323 0.45567325 "" "" 1.0644663542436907 "" 0.48871332304875176 "" 0.8
346.18775218724 58.73479389538 0.0208 0.022 52.1714 "" 3997-1467-1 2013290835115216128 481.454834 2.057 0.0259 5.464 -1.672 0.025 0.025 0.972 "" "" 8.234301 0.046819 8.234097 8.187278 -9.66 3.55 475.781097 486.479095 9576933.58282 3045.9 6946700.0 4084.2 4209700.0 1399.9 "" "" 0.0027768742793772634 0.002862259 0.0037965886 0.0066588474 346.18775218724 58.73479389538 481.454834 5.464 -1.6720000000000002 0.18690468215942424 -0.0619333477020263 0.43767324 0.43767324 2.0822916666666664 8.139584 0.44934172848037707 2.1302221888862145 0.19666485057563227 7.956549103395318 0.8
342.02682716731 59.11186197474 0.0139 0.0146 93.5092 "" 3996-510-1 2008292283458395392 424.069672 2.339 0.0164 4.791 -2.251 0.02 0.018 0.848 "" "" 8.547184 0.196351 8.600291 8.40394 "" "" 421.443085 426.296448 7179149.2187 2609.2 4957900.0 4377.9 3448100.0 2928.0 "" "" 0.0027834330824222323 0.0029502872 0.0038902122 0.006840499 342.02682716731 59.11186197474 424.069672 4.791 -2.2510000000000003 -0.4860953178405758 -0.6409333477020263 0.43267325 0.43067324 "" "" 1.6169476467291293 "" 0.6975587108334176 "" 1.0
342.92257511025 59.78261176284 0.011 0.0115 68.7214 "" 3996-20-1 2014330285916266624 416.529053 2.3882 0.0134 4.733 -2.139 0.015 0.014 0.885 10590.2 4.011 9.441169 0.196697 9.500034 9.303337 -15.09 2.87 414.066681 419.243011 3151223.67876 482.1 2164700.0 752.26 1506000.0 443.41 "" "" 0.0027603224834167493 0.0028155653 0.003792877 0.0066084424 342.92257511025 59.78261176284 416.529053 4.733 -2.1389999999999985 -0.5440953178405765 -0.5289333477020262 0.42767322 0.42667323 -3.3477083333333333 7.4595833 1.4981776639212123 3.6676542091290267 0.6400029903038505 6.813867548206128 1.0
344.64482034218 60.32166630914 0.0125 0.0125 58.2999 "" 4278-577-1 2014453774818090880 431.417389 2.3026 0.0149 4.718 -2.343 0.017 0.015 1.043 9979.8 4.1477 9.72823 0.319162 9.834204 9.515041 "" "" 428.804779 434.350922 2419104.97825 439.85 1591200.0 576.33 1239200.0 287.55 "" "" 0.002762383213595986 0.0028177465 0.00378777 0.006605516 344.64482034218 60.32166630914 431.417389 4.718 -2.343 -0.5590953178405762 -0.7329333477020263 0.42967322 0.42767322 "" "" 1.8850763763302099 "" 0.8075855690169793 "" 1.0
346.07904149897 58.51949894645 0.015 0.0163 60.4277 "" 3997-2140-1 2013261285739804800 481.265198 2.0656 0.0202 5.808 -1.692 0.019 0.021 1.082 "" "" 9.89622 0.116387 9.928503 9.812116 -14.18 7.21 475.740692 485.150116 2072328.04468 850.63 1458900.0 1198.8 942570.0 729.66 "" "" 0.0027911296703477364 0.0029293357 0.003871711 0.0068010464 346.07904149897 58.51949894645 481.265198 5.808000000000001 -1.6919999999999995 0.5309046821594237 -0.08193334770202632 0.43167323 0.43367323 -2.437708333333333 11.799583 1.2254357252119248 2.7283904843384224 0.5290449398735104 10.545135765446927 1.0
345.61773994096 59.45770948706 0.012 0.0125 18.6338 "" 3997-1350-1 2013560215462986368 486.519196 2.0449 0.0147 5.488 -1.641 0.015 0.015 0.921 "" "" 10.108906 0.160769 10.15891 9.99814 -15.42 3.07 483.453552 489.543854 1703665.64207 504.8 1179900.0 483.22 794150.0 165.76 "" "" 0.002774037527568956 0.0028253791 0.0037861702 0.0066115493 345.61773994096 59.45770948706 486.519196 5.4879999999999995 -1.641000000000001 0.21090468215942426 -0.03093334770202638 0.42767322 0.42767322 -3.6777083333333334 7.659583 0.4915710365366931 3.7104151612765928 0.21023176836626756 7.59211595082949 0.8
344.03183169619 59.96618747409 0.0096 0.0103 46.9037 "" 3997-1197-1 2014350592522171008 418.384644 2.3816 0.0118 4.629 -2.269 0.013 0.012 0.93 7915.4 4.1851 10.622675 0.377761 10.757559 10.379798 -13.43 1.9 416.272827 420.363129 1061394.57678 177.62 679820.0 303.87 558780.0 119.68 "" "" 0.0027613043868396476 0.0028320616 0.0037865292 0.006618591 344.03183169619 59.96618747409 418.384644 4.629 -2.269 -0.6480953178405766 -0.6589333477020265 0.42567325 0.42467323 -1.6877083333333331 6.4895835 1.8329014844984048 2.4915632181984133 0.7792859998624205 4.433068189288919 1.0
343.7030208419 59.24074582346 0.0281 0.0277 41.4444 "" 3997-1280-2 2013495653516828800 435.958679 2.2689 0.0318 5.941 -0.768 0.036 0.035 1.222 "" "" 10.630748 0.131064 10.149201 10.018137 "" "" 429.36496 442.786316 1053531.564 763.78 1190500.0 84525.0 779660.0 62033.0 "" "" 0.0028655468977400495 0.07713729 0.086468324 0.16360562 343.7030208419 59.24074582346 435.958679 5.940999999999999 -0.7679999999999996 0.6639046821594237 0.8420666522979736 0.44867325 0.44767323 "" "" 2.215865763538961 "" 0.9928337916171684 "" 1.0
344.58260788352 58.192527657 0.0106 0.0101 72.002 "" 3997-14-1 2013168514448754560 436.129974 2.2769 0.0129 4.964 -1.179 0.014 0.012 0.891 9368.2 4.2163 10.630943 0.349674 10.753674 10.403999 -20.15 10.17 433.792938 438.569977 1053342.195 241.84 682260.0 409.04 546460.0 99.117 "" "" 0.00276657344747243 0.0028650952 0.0037845091 0.006649604 344.58260788352 58.192527657 436.129974 4.964000000000001 -1.1789999999999994 -0.31309531784057576 0.4310666522979736 0.42667323 0.42467323 -8.407708333333332 14.759583 1.1013783522510214 8.479539709984849 0.4684878121247212 14.634679467008805 0.9
343.57927473768 59.43418752892 0.0096 0.0093 44.5474 "" 3997-853-1 2014252083151961856 422.242889 2.3557 0.0113 4.636 -2.24 0.012 0.012 0.908 8093.1 4.2839 10.668312 0.381986 10.804346 10.42236 -11.27 1.39 420.237488 423.881348 1017705.20912 195.34 651150.0 264.44 537300.0 132.08 "" "" 0.0027631900252075353 0.0028247952 0.0037887942 0.0066135894 343.57927473768 59.43418752892 422.242889 4.636 -2.24 -0.641095317840576 -0.6299333477020266 0.42467323 0.42467323 0.472291666666667 5.9795833 1.7988617173444361 1.859828727740851 0.7639284148493342 1.6887052378571266 1.0
343.99420329556 59.78698860263 0.01 0.0108 40.2706 "" 3997-93-1 2014295273343483392 420.772186 2.3622 0.0119 4.672 -2.154 0.014 0.013 0.984 8665.2 4.212 10.673836 0.424596 10.826287 10.401691 -18.54 4.77 418.605408 422.833282 1012540.53359 179.17 638120.0 301.57 547620.0 152.66 "" "" 0.0027620101879749104 0.0028369578 0.0037914822 0.0066284398 343.99420329556 59.78698860263 420.772186 4.671999999999999 -2.154 -0.6050953178405765 -0.5439333477020263 0.42667323 0.42567325 -6.797708333333333 9.359583 1.622764943414183 6.988719814575734 0.6916655975941608 9.105188939091839 1.0
346.25969536305 58.76631291308 0.0176 0.0176 52.3757 "" "" 2013290972554168704 480.871094 2.0659 0.0216 5.741 -1.784 0.022 0.022 1.428 9369.1 4.1974 10.678437 0.23103 10.758153 10.527123 -9.73 2.3 476.836548 485.050201 1008258.38171 258.52 679450.0 406.7 487880.0 199.31 "" "" 0.00276934791759435 0.0028648574 0.0038053202 0.006670178 346.25969536305 58.76631291308 480.871094 5.741 -1.7840000000000003 0.4639046821594235 -0.1739333477020264 0.43467325 0.43467325 2.012291666666666 6.8895836 1.1292697634092743 2.3075025352719654 0.4908633578733694 6.012963630352964 0.8
344.01775060748 59.10284433357 0.0106 0.0112 35.0147 "" 3997-1341-1 2013501322874231296 425.603485 2.3351 0.0133 5.481 -0.987 0.014 0.014 1.045 7989.7 4.1041 10.799761 0.459089 10.965836 10.506746 -10.82 0.46 423.014618 427.760895 901658.98953 221.99 561150.0 294.53 497120.0 176.26 "" "" 0.0027682565094030937 0.002847771 0.003798937 0.0066467077 344.01775060748 59.10284433357 425.603485 5.481 -0.9870000000000001 0.2039046821594237 0.6230666522979736 0.42667323 0.42667323 0.9222916666666663 5.0495834 1.3225474191121795 1.6123751406552584 0.5642955837816606 2.925254127830764 1.0
348.15842587734 59.69445502454 0.0117 0.0115 97.0695 "" 4010-689-1 2013730124368313088 502.799225 1.9422 0.0141 5.912 -2.02 0.015 0.015 0.958 8016.1 4.2433 11.159096 0.464931 11.328683 10.863752 -11.79 3.47 499.1922 506.878326 647602.26344 147.25 401740.0 230.04 357810.0 111.63 "" "" 0.002766357717924253 0.0028585945 0.0037945309 0.0066531254 348.15842587734 59.69445502454 502.799225 5.912 -2.0199999999999996 0.6349046821594237 -0.4099333477020264 0.42767322 0.42767322 -0.047708333333332575 8.059584 1.801141229227476 1.8017729636922926 0.7702998703212256 0.79905446049648 0.8
348.09937990823 59.52830884971 0.0117 0.0107 94.0116 "" 4010-403-1 2013724936047916160 457.787476 2.1321 0.014 5.61 -1.376 0.015 0.013 0.965 7915.0 4.1732 11.22135 0.522692 11.4163 10.893608 -7.99 1.51 455.465485 461.449402 611514.45975 170.53 370590.0 185.3 348110.0 124.56 "" "" 0.002771905736210297 0.0028424936 0.0037992967 0.0066417903 348.09937990823 59.52830884971 457.787476 5.609999999999999 -1.3759999999999997 0.33290468215942415 0.23406665229797374 0.42767322 0.42567325 3.7522916666666664 6.0995836 0.8830577382486077 3.8548000883076745 0.37707681228327106 5.938009329329566 1.0
343.26954527287 59.90956178186 0.0344 0.0397 62.5054 "" 3996-332-1 2014335508596499968 484.368286 2.0274 0.0474 4.942 -2.181 0.049 0.044 2.705 "" "" 11.359158 0.682576 11.622399 10.939823 -10.85 2.61 475.225952 496.292694 538621.16684 255.05 306520.0 246.82 333600.0 173.79 "" "" 0.00280287546903367 0.0029239352 0.0038214724 0.0067454074 343.26954527287 59.90956178186 484.368286 4.941999999999998 -2.181 -0.335095317840576 -0.5709333477020264 0.46167323 0.45667323 0.8922916666666669 7.199583 1.5199064809121814 1.7624698945291601 0.6960556566542342 3.6940529509870488 0.8
343.70438715669 59.70596403274 0.0104 0.0108 45.1531 "" 3997-973-1 2014293864593715328 420.936798 2.33 0.0123 4.739 -2.315 0.014 0.015 0.825 6670.2 4.0745 11.441594 0.716749 11.72049 11.003741 -8.23 1.3 418.376465 423.533691 499239.88466 372.78 280040.0 746.18 314530.0 414.34 "" "" 0.0028721153285562817 0.0040192627 0.0040409663 0.008060229 343.70438715669 59.70596403274 420.936798 4.739 -2.315 -0.5380953178405763 -0.7049333477020263 0.42667323 0.42767322 3.512291666666666 5.8895836 1.7694504783844793 3.932829483614967 0.7560956407545116 5.270799087647158 1.0
347.60234336634 58.3361607391 0.0092 0.0082 101.0156 "" 4010-1376-1 2010577893249684608 447.411652 2.1901 0.011 5.084 -1.063 0.011 0.01 0.978 7202.7 4.1282 11.802804 0.765181 12.10196 11.33678 -7.78 1.55 445.513 449.329224 357952.41626 120.2 197080.0 260.79 231440.0 175.18 "" "" 0.0027793370560182844 0.0031383464 0.0038676988 0.0070060454 347.60234336634 58.3361607391 447.411652 5.084 -1.0630000000000002 -0.19309531784057654 0.5470666522979737 0.42367324 0.42267323 3.9622916666666663 6.1395836 1.2303307109507258 4.148911774193882 0.5201642946245818 5.865450692832883 0.8
344.98255789239 58.67015992436 0.0089 0.0085 42.0009 "" "" 2013231530210808448 483.81543 2.0256 0.0104 5.525 -1.756 0.011 0.011 0.877 6865.3 4.2108 11.884942 0.670282 12.141898 11.471616 -1.56 2.09 481.463654 485.784882 331871.58018 47.187 189960.0 90.591 204410.0 51.753 "" "" 0.002759641463066762 0.0028378067 0.0037893655 0.006627172 344.98255789239 58.67015992436 483.81543 5.525 -1.7560000000000004 0.24790468215942418 -0.14593334770202637 0.42367324 0.42367324 10.182291666666666 6.6795835 0.6597063243347464 10.20364033173635 0.27949991741687225 6.665632621640172 0.9
343.84450934253 59.81577585915 0.0271 0.0261 44.9181 "" "" 2014342861581080832 419.936279 2.3714 0.0316 5.409 -1.188 0.037 0.034 2.949 5963.5 4.2494 12.496815 0.968455 12.885523 11.917068 -16.15 2.06 413.747559 425.43219 188895.11886 47.373 95765.0 76.476 135620.0 74.957 "" "" 0.0027687419886219225 0.0029217834 0.0038267255 0.0067485087 343.84450934253 59.81577585915 419.936279 5.408999999999999 -1.1879999999999997 0.13190468215942364 0.4220666522979737 0.44967324 0.44667324 -4.407708333333332 6.6495833 0.8801942921720938 4.494734112682132 0.3933949137680844 6.521291023866577 0.8
343.94964645412 60.74957168008 0.0078 0.0083 88.912 "" "" 2014586506485294464 410.931824 2.4162 0.0096 5.088 -2.449 0.01 0.01 1.02 5888.1 4.2468 12.648284 0.919635 13.024476 12.104841 -7.76 2.9 409.262726 412.903107 164298.40449 95.063 84261.0 169.06 114080.0 174.34 "" "" 0.0028260277646880343 0.003539844 0.0041275704 0.0076674144 343.94964645412 60.74957168008 410.931824 5.088 -2.4490000000000003 -0.1890953178405761 -0.8389333477020262 0.42267323 0.42267323 3.982291666666667 7.4895835 1.6750842113139206 4.3202493022273565 0.708013246417414 6.9091559460231275 0.9
344.11971743873 59.76327212943 0.0116 0.0119 36.4285 "" "" 2014297747244682496 419.037079 2.371 0.0138 4.635 -2.248 0.015 0.014 1.247 5743.9 4.3504 12.797067 0.894854 13.159945 12.265092 -12.95 1.89 416.501526 421.28418 143258.43039 25.944 74377.0 47.834 98429.0 58.41 "" "" 0.002762327136064093 0.0028762175 0.003833908 0.006710125 344.11971743873 59.76327212943 419.037079 4.635000000000001 -2.248 -0.6420953178405764 -0.6379333477020266 0.42767322 0.42667323 -1.2077083333333327 6.4795833 1.7977851501481221 2.16577719641146 0.7679720555016547 3.6690328897310063 0.9
343.5157741759 58.90042592864 0.0136 0.0141 54.5156 "" "" 2013474586693428096 472.523438 2.1031 0.0178 4.718 -1.173 0.017 0.017 1.107 5635.3 3.5517 12.822827 1.36938 13.585455 12.216075 "" "" 468.345062 476.073547 139899.32808 3883.7 50261.0 6121.6 102970.0 9466.2 "" "" 0.03026644592884068 0.132268 0.099885024 0.23215303 343.5157741759 58.90042592864 472.523438 4.718 -1.1730000000000003 -0.5590953178405762 0.4370666522979736 0.42967322 0.42967322 "" "" 1.5894649417671467 "" 0.6829505270569406 "" 0.9
344.0043339759 59.84265693463 0.0096 0.0099 42.1804 "" "" 2014302076571652992 488.141663 2.0232 0.0118 5.635 -1.583 0.013 0.013 1.13 5692.1 4.1062 13.035194 1.09738 13.49923 12.401851 "" "" 485.967712 490.257843 115045.37525 118.3 54416.0 186.84 86780.0 248.26 "" "" 0.0029729200529279914 0.0046564466 0.0048919735 0.00954842 344.0043339759 59.84265693463 488.141663 5.635 -1.5830000000000002 0.3579046821594236 0.02706665229797367 0.42567325 0.42567325 "" "" 0.8304815065515473 "" 0.35351375895539566 "" 0.9
343.94582634917 59.26032032954 0.0099 0.0097 33.911 "" "" 2013515685245092992 484.73941 2.0347 0.0118 5.683 -1.751 0.013 0.012 1.106 5881.3 4.206 13.099404 1.000823 13.511796 12.510973 -23.26 4.78 482.094727 487.088928 108438.82997 96.207 53790.0 166.39 78482.0 191.86 "" "" 0.0029188474604534293 0.0043663266 0.004618297 0.0089846235 343.94582634917 59.26032032954 484.73941 5.683000000000002 -1.751 0.40590468215942366 -0.14093334770202626 0.42567325 0.42467323 -11.517708333333335 9.369583 0.9872496962259393 11.559942353421766 0.4201396806841392 9.335420499094685 0.9
