Clusters/RSG_8/RSG_8_stars_in_region.tsv
# %ECSV 1.0
# ---
# datatype:
# - name: RA_ICRS_1
#   unit: deg
#   datatype: float64
#   format: '{:15.11f}'
#   description: Right ascension (ICRS) at Ep=2016.0 (ra)
#   meta: !!omap
#   - {ucd: POS_EQ_RA_MAIN}
#   - {width: 15}
#   - {precision: '11'}
# - name: DE_ICRS_1
#   unit: deg
#   datatype: float64
#   format: '{:15.11f}'
#   description: Declination (ICRS) at Ep=2016.0 (dec)
#   meta: !!omap
#   - {ucd: POS_EQ_DEC_MAIN}
#   - {width: 15}
#   - {precision: '11'}
# - name: e_RA_ICRS
#   unit: mas
#   datatype: float64
#   format: '{:7.4f}'
#   description: Standard error of right ascension (ra_error)
#   meta: !!omap
#   - {ucd: ERROR}
#   - {width: 7}
#   - {precision: '4'}
# - name: e_DE_ICRS
#   unit: mas
#   datatype: float64
#   format: '{:7.4f}'
#   description: Standard error of declination (dec_error)
#   meta: !!omap
#   - {ucd: ERROR}
#   - {width: 7}
#   - {precision: '4'}
# - name: _r_1
#   unit: ''
#   datatype: float64
#   format: '{:8.4f}'
#   description: Distance from center (345.03241428000+59.36970387000)[ICRS], at Epoch=J2016.0
#   meta: !!omap
#   - {ucd: POS_ANG_DIST_GENERAL}
#   - {width: 8}
#   - {precision: '4'}
# - name: HIP
#   datatype: int32
#   description: '? HIP cross-id number, van Leeuwen, Cat. I/311 (hip_original_ext_source_id)'
#   meta: !!omap
#   - {ucd: ID_NUMBER}
#   - {width: 6}
#   - values: {'null': -2147483648}
# - name: TYC2
#   datatype: string
#   description: Tycho-2 cross-id name, Hog et al., Cat. I/259 (tyc2_original_ext_source_id)
#   meta: !!omap
#   - {ucd: ID_CROSSID}
#   - {_votable_string_dtype: char}
# - name: Source
#   datatype: int64
#   description: Source identifier, identical to the Gaia-EDR3 source_id (id)
#   meta: !!omap
#   - {ucd: ID_MAIN}
#   - {width: 19}
# - name: rgeo
#   unit: pc
#   datatype: float64
#   format: '{:15.8f}'
#   description: '? Median of the geometric distance posterior (r_med_geo)'
#   meta: !!omap
#   - {ucd: PHYS_DISTANCE_TRUE}
#   - {width: 15}
#   - {precision: '8'}
#   - values: {'null': .nan}
# - name: Plx
#   unit: mas
#   datatype: float64
#   format: '{:9.4f}'
#   description: '? Parallax (parallax)'
#   meta: !!omap
#   - {ucd: POS_PARLX_TRIG}
#   - {width: 9}
#   - {precision: '4'}
#   - values: {'null': .nan}
# - name: e_Plx
#   unit: mas
#   datatype: float32
#   format: '{:7.4f}'
#   description: '? Standard error of parallax (parallax_error)'
#   meta: !!omap
#   - {ucd: ERROR}
#   - {width: 7}
#   - {precision: '4'}
#   - values: {'null': .nan}
# - name: pmRA
#   unit: mas / yr
#   datatype: float64
#   format: '{:9.3f}'
#   description: '? Proper motion in right ascension direction, pmRA*cosDE (pmra)'
#   meta: !!omap
#   - {ucd: POS_EQ_PMRA}
#   - {width: 9}
#   - {precision: '3'}
#   - values: {'null': .nan}
# - name: pmDE
#   unit: mas / yr
#   datatype: float64
#   format: '{:9.3f}'
#   description: '? Proper motion in declination direction (pmdec)'
#   meta: !!omap
#   - {ucd: POS_EQ_PMDEC}
#   - {width: 9}
#   - {precision: '3'}
#   - values: {'null': .nan}
# - name: e_pmRA
#   unit: mas / yr
#   datatype: float32
#   format: '{:6.3f}'
#   description: '? Standard error of proper motion in right ascension direction (pmra_error)'
#   meta: !!omap
#   - {ucd: ERROR}
#   - {width: 6}
#   - {precision: '3'}
#   - values: {'null': .nan}
# - name: e_pmDE
[...]
#       distance: !astropy.table.SerializedColumn
#         __class__: astropy.coordinates.distances.Distance
#         unit: !astropy.units.Unit {unit: pc}
#         value: !astropy.table.SerializedColumn {name: SkyCoord.distance}
#       frame: icrs
#       obstime: !astropy.time.Time {format: jyear_str, in_subfmt: '*', jd1: 367701545.0, jd2: 0.0, out_subfmt: '*', precision: 3, scale: tt}
#       pm_dec: !astropy.table.SerializedColumn
#         __class__: astropy.units.quantity.Quantity
#         unit: !astropy.units.Unit {unit: mas / yr}
#         value: !astropy.table.SerializedColumn {name: SkyCoord.pm_dec}
#       pm_ra_cosdec: !astropy.table.SerializedColumn
#         __class__: astropy.units.quantity.Quantity
#         unit: !astropy.units.Unit {unit: mas / yr}
#         value: !astropy.table.SerializedColumn {name: SkyCoord.pm_ra_cosdec}
#       ra: !astropy.table.SerializedColumn
#         __class__: astropy.coordinates.angles.Longitude
#         unit: *id001
#         value: !astropy.table.SerializedColumn {name: SkyCoord.ra}
#         wrap_angle: !astropy.coordinates.Angle
#           unit: *id001
#           value: 360.0
#       representation_type: spherical
# schema: astropy-2.0
RA_ICRS_1 DE_ICRS_1 e_RA_ICRS e_DE_ICRS _r_1 HIP TYC2 Source rgeo Plx e_Plx pmRA pmDE e_pmRA e_pmDE RUWE Teff logg Gmag BP-RP BPmag RPmag RV e_RV b_rgeo B_rgeo FG e_FG FBP e_FBP FRP e_FRP RAVE5 RAVE6 e_Gmag e_BPmag e_RPmag e_BP-RP SkyCoord.ra SkyCoord.dec SkyCoord.distance SkyCoord.pm_ra_cosdec SkyCoord.pm_dec rmRA rmDE e_rmRA e_rmDE rRV e_rRV v_pec v_pec3d e_v_pec e_v_pec3d v_trans_upper v_trans_lower
[from data line 1293]
345.06066152107 59.16401922487 0.0147 0.0136 12.3714 "" "" 2013537675477575168 482.264404 2.0465 0.0176 16.367 -3.841 0.02 0.016 1.162 5018.9 4.3571 13.888775 1.190202 14.403296 13.213094 -9.18 3.39 477.823944 486.272217 52412.73463 9.0806 23665.0 21.646 41107.0 19.233 "" "" 0.002761733725326278 0.0029616393 0.0038133687 0.006775008 345.06066152107 59.16401922487 482.264404 16.36700000000002 -3.840999999999999 11.089904682159425 -2.2309333477020266 0.43267325 0.42867324 2.562291666666667 7.9795837 25.858649525905403 25.985286103652527 1.2152030854664648 11.157613015305847 26.073545402260333 25.62055544738452
345.580372228 61.48163914309 0.0116 0.0113 127.7496 "" "" 2014773148583952384 452.478455 2.1834 0.0136 -6.166 6.359 0.015 0.014 0.992 5527.6 4.3659 13.894614 1.28304 14.458035 13.174995 -2.09 2.96 448.786713 455.373657 52131.60381 8.4258 22501.0 20.454 42576.0 14.305 "" "" 0.002760902677294294 0.002959585 0.0037969463 0.006756531 345.580372228 61.48163914309 452.478455 -6.166 6.359 -11.443095317840577 7.969066652297974 0.42767322 0.42667323 9.652291666666667 7.5495834 29.90754239365171 31.426546524339535 1.1342404916717808 12.382180718989467 30.09890703344033 29.663528719295826
349.36822479251 59.9155332807 0.0221 0.0124 135.4671 "" "" 2013816917059873408 437.954346 2.2599 0.0189 -2.7 -6.145 0.025 0.016 1.11 "" "" 13.895325 "" "" "" 17.51 4.56 434.288879 441.370209 52097.5126 15.78 "" "" "" "" "" "" 0.002774876558305729 "" "" "" 349.36822479251 59.9155332807 437.954346 -2.7 -6.145 -7.977095317840576 -4.534933347702026 0.43767324 0.42867324 29.252291666666668 9.149584 19.048569956398822 34.90765797265058 1.0580389378044528 8.903832429458406 19.197140933970477 18.889142597793796
345.54429095273 58.15092575981 0.0438 0.0521 74.8407 "" "" 2010246562298302080 398.525635 2.4813 0.0392 5.058 -15.358 0.067 0.081 1.637 "" "" 13.895689 "" "" "" 3.4 4.6 393.149841 404.186462 52080.01008 33.771 "" "" "" "" "" "" 0.0028438462281191565 "" "" "" 345.54429095273 58.15092575981 398.525635 5.0580000000000025 -15.358 -0.21909531784057634 -13.747933347702027 0.47967324 0.49367324 15.142291666666667 9.189583 25.973301990653386 30.064953238215455 1.2921952955307296 12.005258008678881 26.34223777865569 25.622942794810076
346.20415082464 59.22243882146 0.012 0.011 36.9684 "" "" 2013373710805972480 440.277557 2.2419 0.014 9.038 2.187 0.015 0.013 0.964 5287.3 4.4957 13.901904 1.091131 14.365192 13.274061 -18.72 3.79 437.676849 442.887054 51782.72968 26.621 24510.0 40.671 38863.0 51.862 "" "" 0.0028112878203654175 0.0033212833 0.004047595 0.0073688785 346.20415082464 59.22243882146 440.277557 9.038 2.1870000000000003 3.760904682159424 3.7970666522979735 0.42767322 0.42567325 -6.977708333333332 8.379583 11.153215747280566 13.156087377729621 0.9564065874773159 6.002270748469145 11.219320145676875 11.087333993921792
343.90016066705 58.01824430802 0.013 0.0122 88.4348 "" "" 2013188511817694976 528.810425 1.8579 0.0159 5.508 -0.603 0.018 0.015 1.164 5833.5 4.3362 13.902411 1.162732 14.397455 13.234723 -6.71 4.26 525.107849 533.762756 51758.57603 41.482 23792.0 60.392 40297.0 93.309 "" "" 0.0028894595817248376 0.0039217803 0.004539186 0.008460967 343.90016066705 58.01824430802 528.810425 5.508 -0.603000000000001 0.23090468215942384 1.0070666522979737 0.43067324 0.42767322 5.032291666666667 8.849584 2.5897767964063103 5.659585079633251 1.0935591341078095 7.885035669094505 2.614030160760698 2.5716439363899237
345.16065855987 58.01368385629 0.1997 0.1967 81.4594 "" "" 2010151695063315072 436.772125 2.4025 0.2458 4.767 -1.355 0.286 0.235 10.285 "" "" 13.904107 1.735496 14.234322 12.498825 "" "" 393.114716 507.285156 51677.78304 99.222 27650.0 201.49 79365.0 432.81 "" "" 0.0034550629492165696 0.008389503 0.0070243548 0.015413858 345.16065855987 58.01368385629 436.772125 4.767000000000001 -1.3550000000000024 -0.5100953178405758 0.25506665229797365 0.69867325 0.64767325 "" "" 1.1807176832035429 "" 1.5802865740864345 "" 1.3713342034267133 1.062699449303773
344.93645393737 58.75233725395 0.0117 0.0105 37.1601 "" "" 2013244724350269824 380.906952 2.5997 0.0138 8.304 -0.754 0.014 0.013 1.068 5112.0 4.5113 13.909602 1.194468 14.430459 13.235991 -20.98 2.56 378.726227 382.724152 51416.91611 25.116 23080.0 50.283 40250.0 62.815 "" "" 0.002805898876327405 0.0036579086 0.004141835 0.0077997437 344.93645393737 58.75233725395 380.906952 8.303999999999988 -0.7539999999999997 3.026904682159424 0.8560666522979736 0.42667323 0.42567325 -9.237708333333334 7.1495833 5.679435679404031 10.843949690413712 0.8000296269656249 6.221349371027783 5.706530670614937 5.646920422575722
343.14424601348 58.17381798326 0.0119 0.0107 92.7197 "" "" 2007386629478114048 474.091339 2.0807 0.0132 -12.102 -6.165 0.015 0.013 1.042 5258.1 4.4426 13.910667 1.10711 14.383512 13.276402 -27.52 3.8 471.247101 476.447845 51366.49564 20.042 24100.0 36.27 38779.0 39.223 "" "" 0.0027876963114076294 0.003233425 0.0039356956 0.007169121 343.14424601348 58.17381798326 474.091339 -12.102000000000002 -6.165000000000001 -17.379095317840576 -4.554933347702026 0.42767322 0.42567325 -15.777708333333333 8.389584 40.373269603715 43.34670666551259 1.1822217606245284 16.364755314948646 40.573947920811975 40.13105638836004
344.57038832295 58.8054398267 0.015 0.0146 36.729 "" "" 2013435627053123968 430.877258 2.288 0.0185 -11.589 -11.267 0.019 0.018 1.358 5012.8 4.4 13.911465 1.204186 14.434017 13.229831 -26.14 2.68 427.597687 434.083832 51328.76881 7.7262 23004.0 20.356 40479.0 18.882 "" "" 0.002760162762646075 0.0029509494 0.0038131648 0.006764114 344.57038832295 58.8054398267 430.877258 -11.589 -11.267 -16.866095317840575 -9.656933347702026 0.43167323 0.43067324 -14.397708333333334 7.2695837 39.693352941010396 42.22388273183027 1.1798864780042853 16.288182563853052 39.988749532847855 39.39123170629417
344.17028711012 57.84515865069 0.0119 0.0109 95.3566 "" "" 2013124327824779008 519.754395 1.8959 0.0148 4.818 0.127 0.015 0.013 0.984 5478.9 4.4191 13.91622 1.07654 14.371046 13.294506 -21.5 4.5 516.26532 523.683411 51104.4654 28.896 24378.0 44.503 38138.0 51.115 "" "" 0.0028228836754529804 0.0034225117 0.0040498464 0.007472358 344.17028711012 57.84515865069 519.754395 4.818 0.12700000000000006 -0.45909531784057656 1.7370666522979736 0.42767322 0.42567325 -9.757708333333333 9.089583 4.42644067287103 10.714767797243658 1.080614014396609 8.31422853725926 4.459901777565991 4.396726285384806
346.47398440539 61.41903275308 0.0127 0.0124 130.165 "" "" 2015083176501725312 509.329498 1.9399 0.0147 7.072 -1.205 0.017 0.017 1.08 5620.9 4.3943 13.919381 1.146573 14.393018 13.246445 -23.61 2.87 504.50354 512.263794 50955.86698 8.3517 23890.0 66.104 39864.0 142.56 "" "" 0.0027610607790309214 0.004100068 0.005418449 0.009518517 346.47398440539 61.41903275308 509.329498 7.0719999999999885 -1.2050000000000014 1.794904682159424 0.40506665229797356 0.42967322 0.42967322 -11.867708333333333 7.4595833 4.44227430263651 12.671870503794384 1.0711681990612159 7.018165812965041 4.467866670187012 4.400183221532459
348.7503453361 58.88110522752 0.0118 0.0111 118.1505 "" "" 2010619434174218368 524.766174 1.8764 0.0138 -10.129 -10.319 0.015 0.014 1.027 5908.4 4.3585 13.923172 1.137344 14.406902 13.269558 -18.7 3.43 520.73114 528.85614 50778.27201 7.8157 23586.0 20.443 39024.0 26.73 "" "" 0.002760383429728152 0.0029445936 0.0038518568 0.0067964504 348.7503453361 58.88110522752 524.766174 -10.129000000000026 -10.318999999999994 -15.406095317840576 -8.708933347702027 0.42767322 0.42667323 -6.957708333333333 8.019584 44.02003679509333 44.56650473946894 1.4039719943324334 18.626951703102506 44.36312379789753 43.681557765861065
347.25689057794 58.51090883706 0.0107 0.0104 85.9978 "" "" 2010223846205674624 445.985596 2.2161 0.0132 2.169 4.151 0.013 0.013 0.944 5674.1 4.5038 13.924474 1.07513 14.376958 13.301827 28.12 3.22 442.863129 448.463287 50717.44671 7.6212 24246.0 17.472 37882.0 20.104 "" "" 0.002760146322110221 0.0028977909 0.003823053 0.0067208437 347.25689057794 58.51090883706 445.985596 2.169000000000001 4.151 -3.108095317840576 5.761066652297973 0.42567325 0.42567325 39.862291666666664 7.8095837 13.838063671777181 42.19590386640108 0.9867422000593312 7.6263968392986055 13.914941593675334 13.741179607478786
341.3196764434 59.42429741333 0.0116 0.011 113.4388 "" "" 2008481674332868736 468.477203 2.101 0.0136 10.54 3.405 0.015 0.014 0.992 5567.0 4.4138 13.925729 1.183839 14.43637 13.252531 -14.32 4.11 465.673248 471.677368 50658.84861 20.762 22955.0 33.038 39641.0 57.458 "" "" 0.0027910203286913176 0.0031979543 0.0040939413 0.0072918953 341.3196764434 59.42429741333 468.477203 10.54 3.405 5.262904682159423 5.015066652297973 0.42767322 0.42667323 -2.5777083333333337 8.699583 16.143044136680704 16.347551934481118 1.0520739449848846 6.946783853141203 16.25331717560094 16.046423919021436
343.16366153877 61.17612520523 0.0112 0.0108 121.8025 "" "" 2206819415769686400 470.630066 2.0971 0.013 31.193 12.393 0.015 0.013 0.984 5178.2 4.4177 13.925921 1.195465 14.447539 13.252074 -54.1 3.51 468.027832 473.774689 50649.86049 6.7199 22720.0 21.83 39658.0 21.211 "" "" 0.0027590830700410717 0.0029788127 0.0038237344 0.006802547 343.16366153877 61.17612520523 470.630066 31.193 12.393 25.915904682159425 14.003066652297974 0.42767322 0.42567325 -42.357708333333335 8.099584 65.71247301714908 78.18122898292967 1.3542483072015659 24.001035689084198 66.15154601516831 65.3491319476703
343.0685909614 58.94607472025 0.0116 0.0114 65.5346 "" "" 2013483898180365952 470.307465 2.0983 0.0136 1.558 1.026 0.016 0.014 1.069 5355.3 4.4683 13.928432 1.068648 14.379139 13.310491 -12.53 3.49 467.554626 473.446991 50532.83839 28.439 24197.0 53.31 37580.0 68.088 "" "" 0.002822259935034755 0.0036751847 0.0042606825 0.007935867 343.0685909614 58.94607472025 470.307465 1.558 1.0259999999999998 -3.7190953178405763 2.6360666522979734 0.42867324 0.42667323 -0.7877083333333328 8.079583 10.162215303155506 10.192698577221378 1.0177943334640698 4.3811988459753906 10.230052923300137 10.102733060803848
342.59384479022 59.53468810062 0.011 0.0113 75.0168 "" "" 2014323104730651648 409.265137 2.4138 0.0131 -11.824 -6.717 0.014 0.013 1.01 5117.4 4.4545 13.931306 1.173689 14.439701 13.266012 -3.54 2.26 407.291687 411.678772 50399.29694 13.398 22884.0 27.577 39152.0 31.441 "" "" 0.0027703963682862457 0.003081712 0.0038786514 0.006960363 342.59384479022 59.53468810062 409.265137 -11.824000000000018 -6.717000000000001 -17.101095317840574 -5.106933347702026 0.42667323 0.42567325 8.202291666666667 6.8495836 34.62239098308141 35.580718738811704 1.0131178663730527 14.458293776831217 34.82657601402004 34.45544405477376
342.97565885782 59.95961933582 0.0115 0.0116 71.6716 "" "" 2014526102064717312 397.300293 2.4895 0.0137 -13.568 -13.342 0.016 0.014 1.007 5223.1 4.4926 13.937596 1.208533 14.464446 13.255913 -58.36 2.27 395.077911 399.385376 50108.13617 8.4374 22369.0 21.999 39518.0 23.533 "" "" 0.0027613787697605033 0.0029875068 0.0038342879 0.0068217944 342.97565885782 59.95961933582 397.300293 -13.568 -13.342 -18.845095317840574 -11.731933347702027 0.42867324 0.42667323 -46.61770833333333 6.8595834 41.80439542496223 62.61643719582215 1.0328468791995564 12.994210671479376 42.02379026499037 41.570553825672704
347.22738244119 60.15386601536 0.2634 0.2678 81.3099 "" "" 2013981259694785024 379.187195 2.7332 0.3205 40.852 23.107 0.353 0.354 23.647 5423.6 4.4747 13.938643 1.230237 14.425389 13.195152 7.82 2.88 341.851318 423.529449 50059.88854 103.28 23188.0 21.223 41792.0 21.006 "" "" 0.003550978728664996 0.0029618482 0.0038185788 0.006780427 347.22738244119 60.15386601536 379.187195 40.852 23.107 35.57490468215942 24.717066652297973 0.7656732 0.7666732 19.562291666666667 7.4695835 77.85869592186707 80.27863841586687 9.762271802919797 57.870514019091324 86.96351305757281 70.19250167097938
347.2222657462 60.01789599403 0.0104 0.0111 76.8618 "" "" 2013961949521890816 524.426636 1.879 0.0126 -0.467 -3.923 0.014 0.014 0.937 5143.0 4.3308 13.940359 1.155961 14.439626 13.283665 -25.49 3.39 520.854187 528.113586 49980.7671 6.8545 22886.0 20.956 38521.0 16.133 "" "" 0.0027593406576471935 0.0029619979 0.0038066383 0.0067686364 347.2222657462 60.01789599403 524.426636 -0.4670000000000002 -3.923 -5.744095317840576 -2.3129333477020264 0.42667323 0.42667323 -13.747708333333332 7.9795837 15.392651729767298 20.63814942508923 1.1671534849854825 7.228277787828056 15.50086884422955 15.287795379031985
347.6397946832 58.43710112574 0.0157 0.0137 98.2729 "" "" 2010583768764894720 465.82843 2.1186 0.0187 10.272 -0.347 0.019 0.017 1.133 5765.7 4.4275 13.942335 1.232725 14.441496 13.208771 -14.32 3.02 461.89978 469.867554 49889.8855 33.249 22846.0 47.052 41271.0 77.45 "" "" 0.002848748271363481 0.003575642 0.0042936224 0.007869264 347.6397946832 58.43710112574 465.82843 10.272 -0.3470000000000002 4.994904682159424 1.2630666522979737 0.43167323 0.42967322 -2.5777083333333337 7.6095834 11.376033747910537 11.664421292346034 1.050172035998234 5.074713164519421 11.47467352164868 11.28009186865742
343.87636166861 61.12674175144 0.0334 0.0316 110.8949 "" "" 2014655947516422656 418.243866 2.3652 0.0394 12.0 -3.685 0.044 0.039 2.964 5340.1 4.4526 13.944292 1.23468 14.48477 13.25009 -12.16 3.51 412.032745 425.763641 49800.06402 28.324 21954.0 42.4 39730.0 60.123 "" "" 0.00282367079232363 0.0034902743 0.004121078 0.0076113525 343.87636166861 61.12674175144 418.243866 12.0 -3.6849999999999974 6.722904682159424 -2.0749333477020264 0.45667323 0.45167324 -0.41770833333333357 8.099584 13.948348367078566 13.954601478405587 1.1334472121702428 6.365569286826779 14.199131342917948 13.741208737544637
343.05522580542 59.45080725554 0.0109 0.0108 60.5635 "" "" 2014261188482186880 422.521881 2.3382 0.0131 4.562 -2.291 0.014 0.013 0.975 5487.7 4.4889 13.948482 1.171368 14.4537 13.282332 -15.18 3.3 420.027191 424.714844 49608.27299 20.754 22591.0 46.891 38568.0 42.858 "" "" 0.0027925097419745446 0.0035866133 0.003967289 0.0075539025 343.05522580542 59.45080725554 422.521881 4.562 -2.291 -0.7150953178405759 -0.6809333477020263 0.42667323 0.42567325 -3.437708333333333 7.8895836 1.9775928255346529 3.965944019861548 0.8645397693141136 6.851648990112864 1.9878568807007402 1.965916552026032
341.01120148513 59.56007701734 0.0114 0.0112 123.0945 "" "" 2008544479634416640 392.970947 2.5167 0.0134 19.406 -0.487 0.016 0.013 0.967 5031.3 4.4462 13.950552 1.253154 14.501978 13.248824 -9.83 2.74 390.828369 394.670929 49513.75509 9.3107 21609.0 15.912 39777.0 21.598 "" "" 0.002762873984476665 0.0029024535 0.0038250845 0.006727538 341.01120148513 59.56007701734 392.970947 19.405999999999935 -0.4869999999999822 14.128904682159423 1.1230666522979735 0.42867324 0.42567325 1.9122916666666665 7.329583 26.400669856201315 26.469836196594404 0.9275229854268037 11.299608027785384 26.51487846089871 26.25672665925256
343.37025740028 60.16463220085 0.0565 0.0613 69.2526 "" "" 2014553108815517440 486.387421 2.0232 0.0757 -10.656 22.162 0.085 0.084 5.187 6001.7 4.475 13.95068 1.199228 14.406797 13.207569 14.38 3.91 467.946045 505.260986 49507.93317 37.076 23588.0 36.408 41317.0 72.338 "" "" 0.002872788919250321 0.003254759 0.0042305076 0.007485267 343.37025740028 60.16463220085 486.387421 -10.655999999999999 22.162000000000006 -15.933095317840577 23.772066652297973 0.49767324 0.49667323 26.12229166666667 8.499583 65.97750885424365 70.96059326506652 3.676633174514623 30.647265776808123 68.53767128471623 63.47597202209677
