Clusters/RSG_8/RSG_8_stars_in_region.tsv
# %ECSV 1.0
# ---
# datatype:
# - name: RA_ICRS_1
#   unit: deg
#   datatype: float64
#   format: '{:15.11f}'
#   description: Right ascension (ICRS) at Ep=2016.0 (ra)
#   meta: !!omap
#   - {ucd: POS_EQ_RA_MAIN}
#   - {width: 15}
#   - {precision: '11'}
# - name: DE_ICRS_1
#   unit: deg
#   datatype: float64
#   format: '{:15.11f}'
#   description: Declination (ICRS) at Ep=2016.0 (dec)
#   meta: !!omap
#   - {ucd: POS_EQ_DEC_MAIN}
#   - {width: 15}
#   - {precision: '11'}
# - name: e_RA_ICRS
#   unit: mas
#   datatype: float64
#   format: '{:7.4f}'
#   description: Standard error of right ascension (ra_error)
#   meta: !!omap
#   - {ucd: ERROR}
#   - {width: 7}
#   - {precision: '4'}
# - name: e_DE_ICRS
#   unit: mas
#   datatype: float64
#   format: '{:7.4f}'
#   description: Standard error of declination (dec_error)
#   meta: !!omap
#   - {ucd: ERROR}
#   - {width: 7}
#   - {precision: '4'}
# - name: _r_1
#   unit: ''
#   datatype: float64
#   format: '{:8.4f}'
#   description: Distance from center (345.03241428000+59.36970387000)[ICRS], at Epoch=J2016.0
#   meta: !!omap
#   - {ucd: POS_ANG_DIST_GENERAL}
#   - {width: 8}
#   - {precision: '4'}
# - name: HIP
#   datatype: int32
#   description: '? HIP cross-id number, van Leeuwen, Cat. I/311 (hip_original_ext_source_id)'
#   meta: !!omap
#   - {ucd: ID_NUMBER}
#   - {width: 6}
#   - values: {'null': -2147483648}
# - name: TYC2
#   datatype: string
#   description: Tycho-2 cross-id name, Hog et al., Cat. I/259 (tyc2_original_ext_source_id)
#   meta: !!omap
#   - {ucd: ID_CROSSID}
#   - {_votable_string_dtype: char}
# - name: Source
#   datatype: int64
#   description: Source identifier, identical to the Gaia-EDR3 source_id (id)
#   meta: !!omap
#   - {ucd: ID_MAIN}
#   - {width: 19}
# - name: rgeo
#   unit: pc
#   datatype: float64
#   format: '{:15.8f}'
#   description: '? Median of the geometric distance posterior (r_med_geo)'
#   meta: !!omap
#   - {ucd: PHYS_DISTANCE_TRUE}
#   - {width: 15}
#   - {precision: '8'}
#   - values: {'null': .nan}
# - name: Plx
#   unit: mas
#   datatype: float64
#   format: '{:9.4f}'
#   description: '? Parallax (parallax)'
#   meta: !!omap
#   - {ucd: POS_PARLX_TRIG}
#   - {width: 9}
#   - {precision: '4'}
#   - values: {'null': .nan}
# - name: e_Plx
#   unit: mas
#   datatype: float32
#   format: '{:7.4f}'
#   description: '? Standard error of parallax (parallax_error)'
#   meta: !!omap
#   - {ucd: ERROR}
#   - {width: 7}
#   - {precision: '4'}
#   - values: {'null': .nan}
# - name: pmRA
#   unit: mas / yr
#   datatype: float64
#   format: '{:9.3f}'
#   description: '? Proper motion in right ascension direction, pmRA*cosDE (pmra)'
#   meta: !!omap
#   - {ucd: POS_EQ_PMRA}
#   - {width: 9}
#   - {precision: '3'}
#   - values: {'null': .nan}
# - name: pmDE
#   unit: mas / yr
#   datatype: float64
#   format: '{:9.3f}'
#   description: '? Proper motion in declination direction (pmdec)'
#   meta: !!omap
#   - {ucd: POS_EQ_PMDEC}
#   - {width: 9}
#   - {precision: '3'}
#   - values: {'null': .nan}
# - name: e_pmRA
#   unit: mas / yr
#   datatype: float32
#   format: '{:6.3f}'
#   description: '? Standard error of proper motion in right ascension direction (pmra_error)'
#   meta: !!omap
#   - {ucd: ERROR}
#   - {width: 6}
#   - {precision: '3'}
#   - values: {'null': .nan}
# - name: e_pmDE
[...]
#       distance: !astropy.table.SerializedColumn
#         __class__: astropy.coordinates.distances.Distance
#         unit: !astropy.units.Unit {unit: pc}
#         value: !astropy.table.SerializedColumn {name: SkyCoord.distance}
#       frame: icrs
#       obstime: !astropy.time.Time {format: jyear_str, in_subfmt: '*', jd1: 367701545.0, jd2: 0.0, out_subfmt: '*', precision: 3, scale: tt}
#       pm_dec: !astropy.table.SerializedColumn
#         __class__: astropy.units.quantity.Quantity
#         unit: !astropy.units.Unit {unit: mas / yr}
#         value: !astropy.table.SerializedColumn {name: SkyCoord.pm_dec}
#       pm_ra_cosdec: !astropy.table.SerializedColumn
#         __class__: astropy.units.quantity.Quantity
#         unit: !astropy.units.Unit {unit: mas / yr}
#         value: !astropy.table.SerializedColumn {name: SkyCoord.pm_ra_cosdec}
#       ra: !astropy.table.SerializedColumn
#         __class__: astropy.coordinates.angles.Longitude
#         unit: *id001
#         value: !astropy.table.SerializedColumn {name: SkyCoord.ra}
#         wrap_angle: !astropy.coordinates.Angle
#           unit: *id001
#           value: 360.0
#       representation_type: spherical
# schema: astropy-2.0
RA_ICRS_1 DE_ICRS_1 e_RA_ICRS e_DE_ICRS _r_1 HIP TYC2 Source rgeo Plx e_Plx pmRA pmDE e_pmRA e_pmDE RUWE Teff logg Gmag BP-RP BPmag RPmag RV e_RV b_rgeo B_rgeo FG e_FG FBP e_FBP FRP e_FRP RAVE5 RAVE6 e_Gmag e_BPmag e_RPmag e_BP-RP SkyCoord.ra SkyCoord.dec SkyCoord.distance SkyCoord.pm_ra_cosdec SkyCoord.pm_dec rmRA rmDE e_rmRA e_rmDE rRV e_rRV v_pec v_pec3d e_v_pec e_v_pec3d v_trans_upper v_trans_lower
[from data line 2126]
343.03572391132 61.21086978095 0.0192 0.0181 125.4016 "" "" 2206820274763109632 500.781769 1.9725 0.0233 -9.219 -1.035 0.026 0.022 0.952 4992.3 4.6151 15.293041 1.39552 15.922599 14.527079 "" "" 496.88974 506.283356 14379.05826 3.6841 5839.5 10.481 12255.0 10.672 "" "" 0.0027693272259899965 0.0034033207 0.0038958539 0.0072991746 343.03572391132 61.21086978095 500.781769 -9.219000000000007 -1.0349999999999993 -14.496095317840576 0.5750666522979737 0.43867323 0.43467325 "" "" 34.436527628779714 "" 1.3642447681416932 "" 34.814847217182376 34.16889016174862
342.34526244986 59.06735276284 0.0212 0.0211 84.4758 "" "" 2008249436863613696 531.557556 1.8564 0.0272 -14.468 3.13 0.031 0.026 1.069 4974.3 4.6078 15.297458 1.335969 15.894691 14.558723 "" "" 524.203735 539.123779 14320.68448 3.8909 5991.6 11.725 11903.0 14.45 "" "" 0.0027710665491803453 0.00350704 0.0040026256 0.0075096656 342.34526244986 59.06735276284 531.557556 -14.46799999999999 3.1299999999999892 -19.745095317840576 4.7400666522979735 0.44367322 0.43867323 "" "" 51.16285865517555 "" 1.8352219763729816 "" 51.89111393728565 50.45504724293695
347.34723700678 57.45327810719 0.0195 0.0194 136.0502 "" "" 2009922446882489216 519.753662 1.8962 0.0235 21.659 0.112 0.024 0.023 1.018 5191.5 4.5986 15.297478 1.42629 15.942828 14.516539 "" "" 513.395264 524.622864 14320.41991 3.5281 5731.7 10.5 12375.0 13.968 "" "" 0.002768273997391908 0.0034265264 0.003973107 0.0073996335 347.34723700678 57.45327810719 519.753662 21.659 0.11199999999999982 16.381904682159423 1.7220666522979737 0.43667322 0.43567324 "" "" 40.58136578637643 "" 1.514090090660719 "" 40.961543708912664 40.08491430576452
342.19049388385 61.16102273984 0.0182 0.0179 136.738 "" "" 2206847762553261568 531.496765 1.8563 0.0213 6.066 -1.231 0.024 0.022 1.068 4919.5 4.4301 15.299094 1.567621 16.027515 14.459894 "" "" 525.417725 537.743164 14299.11539 4.1344 5301.6 10.913 13038.0 13.87 "" "" 0.002773146061398524 0.0035748992 0.003951936 0.0075268354 342.19049388385 61.16102273984 531.496765 6.065999999999996 -1.230999999999971 0.7889046821594237 0.37906665229797354 0.43667322 0.43467325 "" "" 2.205012026021775 "" 1.1247323741503994 "" 2.2309263604473673 2.17979201117057
344.81435786823 58.22327478442 0.0564 0.0517 69.1188 "" "" 2013171709904465664 407.995422 2.4214 0.0636 5.211 -0.799 0.069 0.062 3.278 3723.7 4.024 15.301161 2.372139 16.54119 14.16905 "" "" 397.613892 418.398407 14271.92073 21.119 3303.2 22.257 17043.0 66.446 "" "" 0.0031895205650867725 0.007829723 0.0056746732 0.013504396 344.81435786823 58.22327478442 407.995422 5.211 -0.7990000000000005 -0.06609531784057587 0.8110666522979736 0.48167324 0.47467324 "" "" 1.5737200119900951 "" 0.9581447531700001 "" 1.6138464075233587 1.533676372686526
341.14492033903 60.07704259576 0.0187 0.0184 124.9998 "" "" 2200747328448430080 376.929993 2.6226 0.0216 3.655 -3.32 0.024 0.023 1.025 4587.0 4.6017 15.302072 1.662918 16.093975 14.431057 "" "" 373.75412 380.102753 14259.95771 4.2161 4986.9 9.4672 13389.0 13.39 "" "" 0.002773956754116581 0.0034689333 0.0039322674 0.007401201 341.14492033903 60.07704259576 376.929993 3.6550000000000002 -3.319999999999999 -1.6220953178405764 -1.7099333477020262 0.43667322 0.43567324 "" "" 4.210984290999721 "" 0.8147043578373819 "" 4.246429712609119 4.175504091595133
345.75881987707 61.54470950765 0.0208 0.0201 132.2558 "" "" 2014774832211130112 420.588898 2.3486 0.0246 5.29 -1.948 0.027 0.025 0.999 4675.7 4.571 15.302279 1.583253 16.047304 14.464051 "" "" 416.360168 425.42807 14257.22621 5.6052 5205.9 10.816 12988.0 15.025 "" "" 0.0027881884067074785 0.0035879735 0.0039826264 0.0075706 345.75881987707 61.54470950765 420.588898 5.290000000000002 -1.948000000000002 0.012904682159423864 -0.3379333477020263 0.43967324 0.43767324 "" "" 0.6741920417260524 "" 0.8798152124046886 "" 0.681949096813473 0.6674135078033424
341.65638591034 57.99353468688 0.0205 0.0203 133.7784 "" "" 2007413082167133568 516.940857 1.917 0.0248 7.873 0.429 0.026 0.025 1.078 4718.3 4.5949 15.302659 1.423332 15.939822 14.51649 "" "" 510.502258 522.680664 14252.2379 15.889 5747.6 22.681 12375.0 37.29 "" "" 0.0030094712748776494 0.0051129223 0.004998765 0.010111688 341.65638591034 57.99353468688 516.940857 7.873000000000007 0.42900000000000094 2.595904682159424 2.0390666522979735 0.43867323 0.43767324 "" "" 8.088406869700366 "" 1.1692223664834775 "" 8.178215778671078 7.987664187674661
343.30894128681 60.33595803938 0.0194 0.0201 77.8299 "" "" 2014569700273728384 529.812256 1.8561 0.023 8.467 -13.459 0.026 0.026 0.954 4719.0 4.5406 15.302959 1.438346 15.958246 14.5199 "" "" 524.037292 535.490723 14248.30333 5.879 5650.9 13.897 12337.0 14.813 "" "" 0.0027915015746768435 0.0038619281 0.0039979 0.007859828 343.30894128681 60.33595803938 529.812256 8.466999999999995 -13.459000000000003 3.1899046821594244 -11.848933347702026 0.43867323 0.43867323 "" "" 30.81580238737491 "" 1.4347310489919645 "" 31.146082623351987 30.47990953589243
345.39952309308 57.51777785812 0.0208 0.0213 111.7114 "" "" 2010076653393490304 382.281494 2.5861 0.0247 -10.188 -3.763 0.027 0.027 1.07 4227.7 4.4597 15.303974 1.754601 16.149185 14.394585 "" "" 378.963104 385.704773 14234.98207 5.5701 4739.6 9.5772 13846.0 15.887 "" "" 0.002787881374260673 0.0035494142 0.003979409 0.0075288233 345.39952309308 57.51777785812 382.281494 -10.187999999999986 -3.762999999999999 -15.465095317840577 -2.1529333477020263 0.43967324 0.43967324 "" "" 28.293214526820503 "" 1.0461746085108978 "" 28.546576430685406 28.0476156118135
340.75629186262 59.67982026152 0.0759 0.0702 131.4221 "" "" 2008555616490923136 498.40564 1.9867 0.0898 5.256 -1.375 0.11 0.091 4.436 5493.9 4.2912 15.304398 1.464096 15.921148 14.457052 "" "" 479.168762 519.421021 14229.4427 13.291 5847.3 12.44 13072.0 11.593 "" "" 0.002936026438384708 0.0036222357 0.0039001142 0.00752235 340.75629186262 59.67982026152 498.40564 5.256 -1.3749999999999996 -0.021095317840575945 0.23506665229797363 0.52267325 0.50367326 "" "" 0.5575632294289166 "" 1.2127795127306387 "" 0.581073002909889 0.5360430559778093
345.8195390881 61.19886625475 0.0279 0.026 112.2167 "" "" 2014706284533249152 523.015442 1.8825 0.0322 -7.421 -0.664 0.04 0.036 1.416 4741.7 4.5114 15.306563 1.532519 16.009686 14.477166 "" "" 515.018127 532.724915 14201.07507 3.7467 5389.4 10.366 12832.0 20.968 "" "" 0.002770170430243588 0.003485124 0.004175079 0.007660203 345.8195390881 61.19886625475 523.015442 -7.421000000000001 -0.6640000000000025 -12.698095317840576 0.9460666522979736 0.45267323 0.44867325 "" "" 31.56701186839176 "" 1.6565182327415717 "" 32.15303481305814 31.084327577933916
343.24418833759 61.43845826849 0.0209 0.0182 134.9508 "" "" 2206878411440361856 501.086853 1.9643 0.0228 5.151 -1.583 0.029 0.022 0.981 4866.9 4.4225 15.310379 1.759215 16.162006 14.402791 "" "" 494.965515 506.726898 14151.26315 20.224 4684.0 26.826 13742.0 51.778 "" "" 0.003162188152651852 0.006815484 0.0055694925 0.012384976 343.24418833759 61.43845826849 501.086853 5.150999999999995 -1.5830000000000033 -0.12609531784057637 0.02706665229797367 0.44167322 0.43467325 "" "" 0.3063175293290873 "" 1.0519090338645332 "" 0.3097653241362379 0.30257551709882774
343.78941503019 59.48041145587 0.0219 0.0235 38.5128 "" "" 2014275344694851072 414.448975 2.3901 0.0257 4.941 -2.425 0.03 0.031 1.175 4966.4 4.6499 15.310966 1.561934 16.033491 14.471558 "" "" 409.596222 419.021301 14143.60323 27.26 5272.5 39.951 12898.0 63.285 "" "" 0.0034598904953768656 0.008687155 0.006531713 0.015218869 343.78941503019 59.48041145587 414.448975 4.941000000000004 -2.425 -0.33609531784057634 -0.8149333477020262 0.44267324 0.44367322 "" "" 1.731734375817098 "" 0.8909963797920184 "" 1.7508393913660982 1.7114576235644243
341.86690182938 59.72344143996 0.0178 0.0184 98.5657 "" "" 2008526616871147520 368.11319 2.6908 0.0212 -18.478 -43.563 0.024 0.023 1.035 4348.6 4.5822 15.311276 1.667678 16.102089 14.434411 "" "" 365.272675 370.629578 14139.57 3.9364 4949.7 13.632 13347.0 21.392 "" "" 0.0027718501605281044 0.0040898095 0.00416076 0.00825057 341.86690182938 59.72344143996 368.11319 -18.47800000000001 -43.563 -23.755095317840578 -41.95293334770203 0.43667322 0.43567324 "" "" 84.12223044840326 "" 1.372698309468264 "" 84.69728229925815 83.4731082112399
344.29834051088 57.67181206278 0.0201 0.0194 104.4358 "" "" 2010117541482556288 469.521301 2.1039 0.0239 10.61 -5.35 0.024 0.023 1.064 4602.4 4.5805 15.312488 1.513811 16.016924 14.503113 "" "" 464.614258 475.175751 14123.79949 3.7409 5353.6 10.423 12529.0 14.427 "" "" 0.0027702866122729522 0.003500478 0.0039807986 0.007481277 344.29834051088 57.67181206278 469.521301 10.61 -5.350000000000001 5.332904682159423 -3.739933347702026 0.43667322 0.43567324 "" "" 14.496216597431834 "" 1.1341368502122284 "" 14.67079468742428 14.344714294917743
342.76864521209 58.81018142414 0.2354 0.2491 77.4238 "" "" 2007477850280674560 490.065582 2.2084 0.2974 -5.849 -1.62 0.34 0.309 11.476 7933.5 4.1676 15.315508 1.198813 15.685471 14.486658 "" "" 428.783936 565.856201 14084.56821 50.942 7264.9 32.951 12720.0 31.819 "" "" 0.004797168489760219 0.005660024 0.00465405 0.010314073 342.76864521209 58.81018142414 490.065582 -5.849 -1.62 -11.126095317840576 -0.009933347702026474 0.75267327 0.72167325 "" "" 25.84493792884636 "" 5.362831725707172 "" 29.84196182848403 22.61308408066582
348.10884148814 58.76463502291 0.0198 0.0206 101.5796 "" "" 2010605965156070912 451.704437 2.1808 0.0247 -2.805 -11.698 0.026 0.027 1.025 4700.4 4.5764 15.315734 1.553599 16.041302 14.487702 "" "" 445.813843 456.908081 14081.63555 4.4172 5234.8 10.243 12708.0 15.271 "" "" 0.0027762895507881537 0.0035069128 0.0039982493 0.007505162 348.10884148814 58.76463502291 451.704437 -2.805000000000002 -11.698 -8.082095317840576 -10.087933347702027 0.43867323 0.43967324 "" "" 27.67601722595035 "" 1.2804117475434458 "" 27.99484548882551 27.315099405222636
348.90974503765 58.63527349649 0.0196 0.0191 127.6335 "" "" 2010427638115375360 486.104553 2.0231 0.0241 -10.42 -7.222 0.025 0.024 1.06 4247.2 4.1581 15.316109 1.946084 16.285906 14.339822 4.55 7.08 481.206268 491.310822 14076.77801 10.799 4178.8 16.713 14562.0 33.058 "" "" 0.0028784630056928394 0.0051615164 0.004512085 0.009673601 348.90974503765 58.63527349649 486.104553 -10.420000000000002 -7.221999999999998 -15.697095317840576 -5.611933347702027 0.43767324 0.43667322 16.292291666666667 11.669583 38.410195660532715 41.72267846665818 1.4074099826091488 16.129506968578927 38.82157590726611 38.02315117783878
347.41086863863 57.88164290856 0.0201 0.0188 116.139 "" "" 2009994293096826368 380.463318 2.6032 0.0242 15.45 3.398 0.025 0.023 1.014 4549.5 4.5826 15.319104 1.735277 16.154308 14.419031 "" "" 377.048553 383.67337 14037.99058 4.88 4717.3 14.52 13538.0 18.106 "" "" 0.0027810509950488764 0.0043535675 0.004048738 0.008402306 347.41086863863 57.88164290856 380.463318 15.45 3.3980000000000086 10.172904682159423 5.008066652297973 0.43767324 0.43567324 "" "" 20.44837471442143 "" 0.966624569369215 "" 20.620902112052907 20.264844815537217
347.44768128536 60.48744697315 0.1361 0.1265 98.8345 "" "" 2014039392070593152 448.325745 2.2515 0.1678 -7.508 -3.316 0.183 0.156 6.634 5164.1 4.6382 15.321081 1.405213 15.895373 14.49016 "" "" 421.910492 481.194183 14012.4547 25.951 5987.8 13.792 12679.0 15.722 "" "" 0.0034110143206617554 0.0037468923 0.004012019 0.0077589112 347.44768128536 60.48744697315 448.325745 -7.507999999999998 -3.3160000000000003 -12.785095317840575 -1.7059333477020262 0.5956732 0.56867325 "" "" 27.409938118909 "" 3.0771186931110224 "" 29.419463250340385 25.794950672392126
347.96956901222 58.10568043704 0.2963 0.2857 118.7921 "" "" 2010372318937252096 405.386902 2.7565 0.3729 5.873 -1.221 0.4 0.347 14.457 "" "" 15.321694 1.437851 15.645415 14.207564 "" "" 348.453949 488.579437 14004.5408 12.931 7537.9 21.855 16449.0 23.109 "" "" 0.0029320317536083323 0.004206483 0.0040755835 0.008282066 347.96956901222 58.10568043704 405.386902 5.873000000000009 -1.2210000000000125 0.595904682159424 0.38906665229797355 0.8126732 0.75967324 "" "" 1.3674994743348117 "" 1.7681948858209284 "" 1.6481344611087068 1.1754464432286695
346.70432321502 61.48707725587 0.0203 0.02 136.3365 "" "" 2015089670492280960 499.24765 1.9759 0.0244 -3.414 12.618 0.025 0.026 0.994 4647.0 4.5218 15.323621 1.399562 15.956548 14.556986 "" "" 493.504425 505.603455 13979.72278 3.7276 5659.8 17.778 11922.0 13.877 "" "" 0.002770487711213786 0.00440635 0.00398508 0.008391431 346.70432321502 61.48707725587 499.24765 -3.4139999999999997 12.618000000000011 -8.691095317840576 14.228066652297974 0.43767324 0.43867323 "" "" 39.45442264198646 "" 1.5155282885576615 "" 39.956707663658676 39.000548444525506
343.92089031008 60.92614234986 0.019 0.0196 99.1075 "" "" 2014638389690396160 477.38736 2.0613 0.0232 -0.47 -5.83 0.026 0.024 0.966 4673.7 4.6319 15.325757 1.539351 16.043919 14.504567 "" "" 471.808472 482.977112 13952.23854 4.3587 5222.2 10.187 12512.0 14.49 "" "" 0.0027761189199874887 0.0035029685 0.003983055 0.007486023 343.92089031008 60.92614234986 477.38736 -0.4700000000000002 -5.829999999999999 -5.747095317840576 -4.219933347702026 0.43867323 0.43667322 "" "" 16.133885368861467 "" 1.179782760795853 "" 16.322797823536355 15.945340076255235
348.7363723855 59.76413973691 0.0193 0.0207 115.0148 "" "" 2013723939615797760 374.28479 2.6418 0.0236 16.474 7.417 0.026 0.026 0.985 4452.4 4.6051 15.326026 1.724174 16.153631 14.429457 "" "" 371.306549 377.745544 13948.78243 4.6083 4720.2 9.0128 13408.0 16.075 "" "" 0.0027785704121629775 0.0034760407 0.003997268 0.0074733086 348.7363723855 59.76413973691 374.28479 16.474 7.417 11.196904682159424 9.027066652297973 0.43867323 0.43867323 "" "" 25.51627759161231 "" 0.9977387032537685 "" 25.75220905903925 25.313240689977274
344.42510272916 59.21650042193 0.0221 0.0212 20.7539 "" "" 2013506201957100928 535.389221 1.841 0.0269 38.336 12.229 0.032 0.029 1.05 4601.0 4.5404 15.326342 1.43569 15.978715 14.543025 "" "" 528.286743 542.437256 13944.73252 3.9447 5545.4 12.664 12077.0 12.968 "" "" 0.0027723853942231607 0.0037326824 0.0039551114 0.007687794 344.42510272916 59.21650042193 535.389221 38.33600000000012 12.229000000000006 33.05890468215942 13.839066652297973 0.44467324 0.44167322 "" "" 90.94942626262855 "" 2.3292468953852388 "" 92.14671360870481 89.74289039338485
341.07090730317 58.96792329318 0.0415 0.0447 124.1613 "" "" 2008277955446905856 378.883453 2.6139 0.053 32.54 17.334 0.054 0.052 2.419 4206.3 4.5566 15.329783 1.826102 16.211342 14.38524 "" "" 371.923187 386.997986 13900.5919 7.8719 4475.9 10.062 13966.0 11.987 "" "" 0.0028230891504607025 0.0037070806 0.003892575 0.0075996555 341.07090730317 58.96792329318 378.883453 32.54000000000004 17.333999999999996 27.262904682159423 18.944066652297973 0.46667323 0.46467322 "" "" 59.62152475664125 "" 2.0230277394529974 "" 60.898436763004554 58.526249498917586
344.44667327654 60.06762930344 0.0304 0.0275 45.4705 "" "" 2014446043876825216 538.180786 1.8297 0.0357 2.568 3.641 0.039 0.033 1.543 4643.4 4.4882 15.330279 1.460235 15.997251 14.537016 "" "" 528.282532 548.585754 13894.25124 4.1296 5451.5 11.648 12144.0 11.477 "" "" 0.002774152810227148 0.0036286009 0.003916199 0.0075447997 344.44667327654 60.06762930344 538.180786 2.568 3.641 -2.709095317840576 5.251066652297974 0.45167324 0.44567323 "" "" 15.07299249012223 "" 1.4244559448927152 "" 15.36440758446185 14.795769088454144
