Clusters/Ruprecht_127/Ruprecht_127_stars_in_region.tsv
# %ECSV 1.0
# ---
# datatype:
# - name: RA_ICRS_1
#   unit: deg
#   datatype: float64
#   format: '{:15.11f}'
#   description: Right ascension (ICRS) at Ep=2016.0 (ra)
#   meta: !!omap
#   - {ucd: POS_EQ_RA_MAIN}
#   - {width: 15}
#   - {precision: '11'}
# - name: DE_ICRS_1
#   unit: deg
#   datatype: float64
#   format: '{:15.11f}'
#   description: Declination (ICRS) at Ep=2016.0 (dec)
#   meta: !!omap
#   - {ucd: POS_EQ_DEC_MAIN}
#   - {width: 15}
#   - {precision: '11'}
# - name: e_RA_ICRS
#   unit: mas
#   datatype: float64
#   format: '{:7.4f}'
#   description: Standard error of right ascension (ra_error)
#   meta: !!omap
#   - {ucd: ERROR}
#   - {width: 7}
#   - {precision: '4'}
# - name: e_DE_ICRS
#   unit: mas
#   datatype: float64
#   format: '{:7.4f}'
#   description: Standard error of declination (dec_error)
#   meta: !!omap
#   - {ucd: ERROR}
#   - {width: 7}
#   - {precision: '4'}
# - name: _r_1
#   unit: ''
#   datatype: float64
#   format: '{:7.4f}'
#   description: Distance from center (264.46560860000-36.30759474000)[ICRS], at Epoch=J2016.0
#   meta: !!omap
#   - {ucd: POS_ANG_DIST_GENERAL}
#   - {width: 7}
#   - {precision: '4'}
# - name: HIP
#   datatype: int32
#   description: '? HIP cross-id number, van Leeuwen, Cat. I/311 (hip_original_ext_source_id)'
#   meta: !!omap
#   - {ucd: ID_NUMBER}
#   - {width: 6}
#   - values: {'null': -2147483648}
# - name: TYC2
#   datatype: string
#   description: Tycho-2 cross-id name, Hog et al., Cat. I/259 (tyc2_original_ext_source_id)
#   meta: !!omap
#   - {ucd: ID_CROSSID}
#   - {_votable_string_dtype: char}
# - name: Source
#   datatype: int64
#   description: Source identifier, identical to the Gaia-EDR3 source_id (id)
#   meta: !!omap
#   - {ucd: ID_MAIN}
#   - {width: 19}
# - name: rgeo
#   unit: pc
#   datatype: float64
#   format: '{:15.8f}'
#   description: '? Median of the geometric distance posterior (r_med_geo)'
#   meta: !!omap
#   - {ucd: PHYS_DISTANCE_TRUE}
#   - {width: 15}
#   - {precision: '8'}
#   - values: {'null': .nan}
# - name: Plx
#   unit: mas
#   datatype: float64
#   format: '{:9.4f}'
#   description: '? Parallax (parallax)'
#   meta: !!omap
#   - {ucd: POS_PARLX_TRIG}
#   - {width: 9}
#   - {precision: '4'}
#   - values: {'null': .nan}
# - name: e_Plx
#   unit: mas
#   datatype: float32
#   format: '{:7.4f}'
#   description: '? Standard error of parallax (parallax_error)'
#   meta: !!omap
#   - {ucd: ERROR}
#   - {width: 7}
#   - {precision: '4'}
#   - values: {'null': .nan}
# - name: pmRA
#   unit: mas / yr
#   datatype: float64
#   format: '{:9.3f}'
#   description: '? Proper motion in right ascension direction, pmRA*cosDE (pmra)'
#   meta: !!omap
#   - {ucd: POS_EQ_PMRA}
#   - {width: 9}
#   - {precision: '3'}
#   - values: {'null': .nan}
# - name: pmDE
#   unit: mas / yr
#   datatype: float64
#   format: '{:9.3f}'
#   description: '? Proper motion in declination direction (pmdec)'
#   meta: !!omap
#   - {ucd: POS_EQ_PMDEC}
#   - {width: 9}
#   - {precision: '3'}
#   - values: {'null': .nan}
# - name: e_pmRA
#   unit: mas / yr
#   datatype: float32
#   format: '{:6.3f}'
#   description: '? Standard error of proper motion in right ascension direction (pmra_error)'
#   meta: !!omap
#   - {ucd: ERROR}
#   - {width: 6}
#   - {precision: '3'}
#   - values: {'null': .nan}
# - name: e_pmDE
[...]
#         unit: &id001 !astropy.units.Unit {unit: deg}
#         value: !astropy.table.SerializedColumn {name: SkyCoord.dec}
#       distance: !astropy.table.SerializedColumn
#         __class__: astropy.coordinates.distances.Distance
#         unit: !astropy.units.Unit {unit: pc}
#         value: !astropy.table.SerializedColumn {name: SkyCoord.distance}
#       frame: icrs
#       obstime: !astropy.time.Time {format: jyear_str, in_subfmt: '*', jd1: 367701545.0, jd2: 0.0, out_subfmt: '*', precision: 3, scale: tt}
#       pm_dec: !astropy.table.SerializedColumn
#         __class__: astropy.units.quantity.Quantity
#         unit: !astropy.units.Unit {unit: mas / yr}
#         value: !astropy.table.SerializedColumn {name: SkyCoord.pm_dec}
#       pm_ra_cosdec: !astropy.table.SerializedColumn
#         __class__: astropy.units.quantity.Quantity
#         unit: !astropy.units.Unit {unit: mas / yr}
#         value: !astropy.table.SerializedColumn {name: SkyCoord.pm_ra_cosdec}
#       ra: !astropy.table.SerializedColumn
#         __class__: astropy.coordinates.angles.Longitude
#         unit: *id001
#         value: !astropy.table.SerializedColumn {name: SkyCoord.ra}
#         wrap_angle: !astropy.coordinates.Angle
#           unit: *id001
#           value: 360.0
#       representation_type: spherical
# schema: astropy-2.0
RA_ICRS_1 DE_ICRS_1 e_RA_ICRS e_DE_ICRS _r_1 HIP TYC2 Source rgeo Plx e_Plx pmRA pmDE e_pmRA e_pmDE RUWE Teff logg Gmag BP-RP BPmag RPmag RV e_RV b_rgeo B_rgeo FG e_FG FBP e_FBP FRP e_FRP RAVE5 RAVE6 e_Gmag e_BPmag e_RPmag e_BP-RP SkyCoord.ra SkyCoord.dec SkyCoord.distance SkyCoord.pm_ra_cosdec SkyCoord.pm_dec
[from data line 523]
264.45771129144 -36.30676266113 0.0455 0.0336 0.3851 "" "" 5962732990011710336 2275.81494 0.4263 0.0499 -0.284 -2.477 0.06 0.04 0.95 9541.3 4.3296 15.946774 1.704741 16.749998 15.045257 "" "" 2032.66919 2520.72925 7874.76325 3.7985 2725.3 10.037 7604.2 14.595 "" "" 0.002804651807043646 0.004875888 0.004315823 0.0091917105 264.45771129144 -36.30676266113 2275.81494 -0.2839999999999999 -2.477
264.231893426 -36.2998135296 0.0485 0.0373 11.3106 "" "" 5962711966238752128 3012.60083 0.3034 0.06 -1.227 -3.964 0.061 0.041 1.042 7440.8 3.6516 15.947044 2.633557 17.409163 14.775605 "" "" 2601.40601 3609.20508 7872.79359 4.5008 1485.1 13.264 9748.0 14.241 "" "" 0.0028243696601555316 0.010090557 0.0040987385 0.0141892955 264.231893426 -36.2998135296 3012.60083 -1.227 -3.963999999999999
264.35328367807 -36.52299983052 0.0428 0.0332 14.0161 "" "" 5962659395831491840 2689.5022 0.3379 0.0475 0.047 -2.265 0.054 0.038 0.97 7093.3 3.4592 15.949455 2.81675 17.527153 14.710403 "" "" 2367.4209 3111.44604 7855.33209 4.8351 1332.2 9.5133 10351.0 40.302 "" "" 0.0028352074762499437 0.008240059 0.005670471 0.01391053 264.35328367807 -36.52299983052 2689.5022 0.047000000000000014 -2.265
264.53869622255 -36.53661830045 0.0488 0.0367 14.1872 "" "" 5962678431131158912 2426.58594 0.3901 0.0527 -0.748 -2.919 0.066 0.043 0.882 "" "" 15.949894 1.564729 16.672525 15.107797 "" "" 2123.82251 2763.32764 7852.15991 4.328 2926.9 15.847 7178.6 13.418 "" "" 0.0028195607500993564 0.006507022 0.004289788 0.01079681 264.53869622255 -36.53661830045 2426.58594 -0.748 -2.9189999999999996
264.44384952503 -36.42523005304 0.0429 0.0324 7.136 "" "" 5962683615067391232 2125.21338 0.4335 0.0467 -2.1 -2.868 0.053 0.039 0.955 5125.9 3.2544 15.950649 2.225604 17.11675 14.891147 "" "" 1941.2594 2358.09863 7846.69788 3.8951 1944.1 8.8287 8763.9 16.006 "" "" 0.0028075374574617544 0.0056653484 0.004267995 0.009933343 264.44384952503 -36.42523005304 2125.21338 -2.1 -2.8679999999999994
264.64441381048 -36.38992336649 0.0438 0.034 9.9531 "" "" 5962681897080572416 2544.87402 0.3652 0.045 -0.175 -0.04 0.053 0.038 1.009 8049.5 3.3969 15.951179 1.624446 16.708157 15.083711 "" "" 2250.61475 2875.78955 7842.87333 3.8695 2832.4 6.6714 7339.6 18.433 "" "" 0.0028069094168307962 0.0037848358 0.004660363 0.008445199 264.64441381048 -36.38992336649 2544.87402 -0.175 -0.039999999999999994
264.78256402262 -36.33293154576 0.043 0.0354 15.3978 "" "" 5962687502103285760 2740.4375 0.3262 0.0473 -2.069 -3.32 0.052 0.039 1.059 "" "" 15.953585 2.822023 17.551441 14.729418 "" "" 2440.75049 3245.69189 7825.51251 4.4254 1302.7 9.7314 10172.0 19.31 "" "" 0.002822902385635703 0.008577153 0.0043048672 0.01288202 264.78256402262 -36.33293154576 2740.4375 -2.0690000000000004 -3.3199999999999994
264.21586351969 -36.35545128866 0.049 0.0363 12.4085 "" "" 5962711382123130752 2112.59961 0.4402 0.0558 -0.806 -2.189 0.065 0.045 1.033 4891.7 3.404 15.955959 2.721329 17.448904 14.727575 "" "" 1878.21619 2398.2417 7808.41545 5.0434 1431.7 11.308 10189.0 61.573 "" "" 0.0028431616087512533 0.00901797 0.007571858 0.016589828 264.21586351969 -36.35545128866 2112.59961 -0.8060000000000002 -2.189
264.35206743499 -36.39533979053 0.0452 0.0333 7.604 "" "" 5962731001537058304 2617.52441 0.3733 0.056 0.735 -0.928 0.065 0.039 1.017 "" "" 15.956439 1.868522 16.848654 14.980132 "" "" 2211.0564 3060.79224 7804.96715 4.4635 2488.6 9.9082 8074.3 14.926 "" "" 0.00282441477391495 0.0051450506 0.0042792596 0.00942431 264.35206743499 -36.39533979053 2617.52441 0.7350000000000001 -0.9279999999999999
264.5328122981 -36.19266210032 0.0428 0.0341 7.6242 "" "" 5962739831990365696 2411.72168 0.3854 0.0484 -0.218 -4.719 0.058 0.041 1.076 9242.0 4.0975 15.959891 1.707509 16.757841 15.050332 "" "" 2190.8291 2659.62134 7780.18797 4.4276 2705.7 12.854 7568.8 15.967 "" "" 0.0028237496957622963 0.0058643166 0.004419263 0.01028358 264.5328122981 -36.19266210032 2411.72168 -0.21800000000000005 -4.719000000000001
264.46661889278 -36.48192768872 0.0498 0.0374 10.4601 "" "" 5962682451220791936 3096.46802 0.3106 0.0523 -0.581 -0.979 0.06 0.045 1.139 5176.6 2.9414 15.960754 2.762229 17.491459 14.72923 "" "" 2665.38989 3792.36816 7774.00847 5.558 1376.7 14.084 10173.0 14.499 "" "" 0.0028625762843280072 0.011452448 0.0040839063 0.015536354 264.46661889278 -36.48192768872 3096.46802 -0.581 -0.9789999999999999
264.49131869862 -36.45700033056 0.0501 0.0375 9.05 "" "" 5962682584275138432 2174.34619 0.4375 0.0523 2.545 -0.256 0.054 0.043 1.049 4883.9 3.5076 15.961615 2.215522 17.090563 14.875041 "" "" 1974.23865 2502.06836 7767.85155 5.0474 1991.6 16.373 8894.9 28.561 "" "" 0.002844205701657701 0.009351799 0.0051417467 0.0144935455 264.49131869862 -36.45700033056 2174.34619 2.5449999999999995 -0.256
264.56321102066 -36.34638193063 0.0597 0.0469 5.2608 "" "" 5962684989457128832 2461.35059 0.3933 0.0621 0.367 -2.595 0.069 0.052 1.337 8176.9 3.6153 15.962216 1.677635 16.73939 15.061754 "" "" 2082.80493 2974.81738 7763.54609 5.3972 2752.1 9.8622 7489.6 16.519 "" "" 0.0028568364538645173 0.004787799 0.004474178 0.009261977 264.56321102066 -36.34638193063 2461.35059 0.367 -2.595
264.7004771534 -36.1844345281 0.0442 0.0344 13.5562 "" "" 5962693716830946816 2450.23071 0.3772 0.046 0.551 -3.065 0.056 0.04 1.057 7804.2 3.8029 15.9632 2.572972 17.304276 14.731303 "" "" 2200.69995 2827.16846 7756.52232 5.5043 1635.7 14.445 10154.0 128.32 "" "" 0.0028610178883806433 0.009985945 0.014231861 0.024217807 264.7004771534 -36.1844345281 2450.23071 0.551 -3.0649999999999995
264.32372996344 -36.06334704608 0.0387 0.0308 16.1855 "" "" 5962751170705415296 2575.56323 0.363 0.0456 -0.291 -0.007 0.051 0.037 0.98 "" "" 15.965454 1.839509 16.846138 15.006629 "" "" 2357.47314 2887.94922 7740.428 4.0469 2494.4 10.355 7879.6 32.071 "" "" 0.0028131863843309218 0.0053009475 0.0058148145 0.0111157615 264.32372996344 -36.06334704608 2575.56323 -0.291 -0.006999999999999998
264.60224545125 -36.10884102796 0.0452 0.0355 13.637 "" "" 5962740587904674176 2540.56689 0.3662 0.0488 -0.334 -3.203 0.057 0.042 0.91 4818.3 3.4827 15.968435 2.266498 17.154482 14.887984 "" "" 2298.79932 2958.48438 7719.20917 3.8845 1877.7 8.3395 8789.5 24.064 "" "" 0.0028089694334577893 0.005571167 0.004808298 0.010379465 264.60224545125 -36.10884102796 2540.56689 -0.3340000000000001 -3.2030000000000003
264.38323535065 -36.54146058369 0.0451 0.034 14.5846 "" "" 5962658601177534720 2143.82886 0.4464 0.053 0.375 -2.69 0.058 0.039 1.007 6598.4 3.996 15.970225 2.00294 16.978981 14.976041 "" "" 1954.2063 2412.93726 7706.49292 4.0841 2207.1 10.866 8104.8 14.632 "" "" 0.002814758497423945 0.006029699 0.0042574466 0.010287145 264.38323535065 -36.54146058369 2143.82886 0.3750000000000001 -2.69
264.33883928143 -36.04935676571 0.0401 0.0329 16.6663 "" "" 5962751269392850688 2729.05664 0.3167 0.0482 -1.633 -1.901 0.052 0.038 0.99 7581.0 3.7809 15.979201 2.525714 17.346708 14.820994 "" "" 2461.97729 3152.06494 7643.04077 4.3935 1573.0 12.592 9348.9 19.546 "" "" 0.0028251223567128296 0.00912829 0.004408688 0.0135369785 264.33883928143 -36.04935676571 2729.05664 -1.6329999999999996 -1.9009999999999998
264.48437419379 -36.570442499 0.0445 0.0339 15.7969 "" "" 5962655547540594432 2690.90088 0.3528 0.0508 0.569 -1.567 0.059 0.042 1.01 "" "" 15.984702 1.94252 16.948603 15.006083 "" "" 2345.39185 3091.92871 7604.41535 16.473 2269.7 17.951 7883.6 59.991 "" "" 0.0036226422717785165 0.009028989 0.009085405 0.018114394 264.48437419379 -36.570442499 2690.90088 0.569 -1.5670000000000002
264.60219272528 -36.40897903446 0.0452 0.0371 8.9755 "" "" 5962681656562356096 2463.09082 0.3868 0.0495 -1.382 -3.858 0.056 0.041 1.058 7932.3 3.8378 15.987935 1.74133 16.821394 15.080064 "" "" 2161.57251 2823.69702 7581.80368 4.0743 2551.9 9.8217 7364.3 15.077 "" "" 0.0028164170540444676 0.0050246464 0.004384602 0.009409249 264.60219272528 -36.40897903446 2463.09082 -1.382 -3.858
264.47775323072 -36.0562324036 0.048 0.0381 15.0932 "" "" 5962744814152798464 2972.35596 0.3096 0.0557 0.589 -1.979 0.06 0.046 1.203 6705.1 3.8114 15.987999 2.012845 16.947958 14.935113 "" "" 2537.5376 3563.00024 7581.36108 5.6141 2271.1 15.401 8416.1 60.754 "" "" 0.0028702280422213816 0.00787365 0.008701332 0.016574983 264.47775323072 -36.0562324036 2972.35596 0.589 -1.979
264.70982787215 -36.34006013391 0.0437 0.0363 11.9654 "" "" 5962687983139705216 2488.51221 0.3671 0.0471 1.111 -0.022 0.055 0.041 1.051 7360.4 3.5185 15.988114 2.721905 17.532576 14.810671 "" "" 2250.5791 2824.06592 7580.55699 4.7324 1325.5 9.2009 9438.2 10.586 "" "" 0.0028374651952164424 0.008036494 0.003970731 0.012007225 264.70982787215 -36.34006013391 2488.51221 1.1110000000000002 -0.022000000000000006
264.47142433532 -36.10880348561 0.0507 0.0389 11.9308 "" "" 5962744122567220864 2933.96118 0.3187 0.0536 0.301 -1.183 0.066 0.047 1.074 "" "" 15.990353 1.606016 16.690582 15.084566 "" "" 2502.86646 3781.57422 7564.94547 4.6993 2878.6 15.385 7333.8 41.12 "" "" 0.002836666378779523 0.006438787 0.0071654017 0.013604188 264.47142433532 -36.10880348561 2933.96118 0.30099999999999993 -1.183
264.5102414359 -36.56419899207 0.0458 0.0343 15.5463 "" "" 5962678293692195456 2455.10254 0.3805 0.0524 -1.943 -2.638 0.058 0.042 1.033 7182.7 3.4759 15.990637 2.523905 17.35055 14.826645 "" "" 2157.26465 2932.05957 7562.96184 5.0853 1567.5 13.398 9300.4 34.137 "" "" 0.002850395322176295 0.009690559 0.005492303 0.015182862 264.5102414359 -36.56419899207 2455.10254 -1.9430000000000003 -2.6380000000000003
264.73934132095 -36.45434302583 0.0447 0.0372 15.8861 "" "" 5962669050920881920 2668.62158 0.345 0.049 0.375 -3.245 0.059 0.043 0.899 10132.4 4.1834 15.991895 1.653683 16.769709 15.116026 "" "" 2322.06494 3109.67749 7554.20868 4.1253 2676.3 9.1945 7124.4 14.333 "" "" 0.002818392276424621 0.0046581663 0.004365193 0.009023359 264.73934132095 -36.45434302583 2668.62158 0.375 -3.245
264.4706126013 -36.13195675965 0.0499 0.0393 10.5411 "" "" 5962743916408764032 2668.21411 0.349 0.0509 -1.339 -2.298 0.064 0.048 0.96 7540.9 3.6234 15.991916 2.732559 17.515774 14.783215 "" "" 2331.1355 3054.72876 7554.06217 4.2866 1346.2 9.4573 9679.9 22.48 "" "" 0.002823362928621921 0.008121805 0.004543283 0.012665088 264.4706126013 -36.13195675965 2668.21411 -1.339 -2.298
264.18210264549 -36.42843918785 0.0488 0.0385 15.4979 "" "" 5962709457977719424 2484.28882 0.3759 0.0529 -1.425 0.289 0.069 0.052 0.986 "" "" 15.992606 2.947912 17.693642 14.745729 "" "" 2178.37158 2865.39819 7549.25866 5.0555 1142.8 7.7825 10020.0 17.38 "" "" 0.002849638470304044 0.007902828 0.0042225975 0.012125425 264.18210264549 -36.42843918785 2484.28882 -1.4250000000000003 0.28900000000000003
264.56888523114 -36.32476914648 0.0455 0.0366 5.0982 "" "" 5962685474877936896 2280.85669 0.4082 0.0479 -3.372 -8.309 0.056 0.043 1.014 5001.6 3.5138 15.994369 2.291311 17.203201 14.91189 "" "" 2059.26221 2511.80713 7537.01508 4.3318 1795.3 9.3558 8598.1 16.373 "" "" 0.0028250984101392167 0.006308628 0.004307943 0.010616571 264.56888523114 -36.32476914648 2280.85669 -3.372 -8.309
264.51359053833 -36.061489792 0.0451 0.0356 14.948 "" "" 5962744573602425088 3036.10229 0.3035 0.0498 -2.922 -0.815 0.055 0.043 0.976 "" "" 15.995655 2.70393 17.44772 14.74379 "" "" 2670.18286 3506.70264 7528.08702 6.8612 1433.3 10.361 10038.0 29.178 "" "" 0.0029276283305469017 0.0083297435 0.0049238056 0.013253549 264.51359053833 -36.061489792 3036.10229 -2.9220000000000006 -0.815
264.44347214295 -36.4742870924 0.0466 0.0353 10.0585 "" "" 5962682618634826240 2893.09058 0.3084 0.0548 -2.156 -5.581 0.061 0.042 1.042 4710.1 2.8506 16.002241 2.903779 17.670252 14.766473 "" "" 2524.15234 3418.71289 7482.56028 4.709 1167.7 10.181 9830.3 18.7 "" "" 0.0028387796090608253 0.009869002 0.0043069134 0.014175915 264.44347214295 -36.4742870924 2893.09058 -2.1559999999999997 -5.5809999999999995
264.34001639397 -36.09390445291 0.0406 0.0314 14.1903 "" "" 5962739312203863552 2607.8479 0.3567 0.0475 1.81 -0.816 0.052 0.037 1.056 9306.2 3.7343 16.005732 1.697744 16.803263 15.105518 "" "" 2374.22827 2959.25806 7458.54252 4.155 2594.8 10.948 7193.7 18.987 "" "" 0.002820925784474363 0.005363778 0.0047429814 0.010106759 264.34001639397 -36.09390445291 2607.8479 1.8100000000000003 -0.8159999999999998
264.25821830666 -36.45336739571 0.0469 0.0345 13.2989 "" "" 5962707666888259712 2656.21338 0.3539 0.0549 -1.163 0.269 0.065 0.04 1.024 "" "" 16.010418 2.150495 17.09351 14.943014 "" "" 2390.35278 2972.36475 7426.41922 4.5286 1986.2 11.869 8355.1 45.289 "" "" 0.0028337494569959866 0.007062584 0.0069942814 0.014056865 264.25821830666 -36.45336739571 2656.21338 -1.163 0.269
264.28780786663 -36.47017883483 0.0497 0.0403 12.9966 "" "" 5962706743506529152 2848.86206 0.322 0.0623 -0.139 -6.368 0.063 0.045 0.995 4772.3 2.8528 16.01054 2.853338 17.594658 14.74132 "" "" 2449.86841 3393.00513 7425.58749 4.3764 1251.9 29.491 10061.0 44.655 "" "" 0.0028286495590032043 0.025728418 0.0061242217 0.03185264 264.28780786663 -36.47017883483 2848.86206 -0.139 -6.368
264.40765547838 -36.34190715231 0.0452 0.0336 3.4766 "" "" 5962731585652088192 2774.86865 0.3414 0.0505 -0.869 -3.062 0.059 0.038 1.013 "" "" 16.010738 1.512283 16.699692 15.187408 "" "" 2446.05054 3230.55713 7424.2351 3.6024 2854.6 14.118 6671.1 17.682 "" "" 0.002805232901540308 0.006051365 0.004750302 0.010801667 264.40765547838 -36.34190715231 2774.86865 -0.8689999999999999 -3.0619999999999994
264.53977840629 -36.32498815634 0.0472 0.0375 3.7346 "" "" 5962685818475362176 2117.7832 0.4422 0.0526 -2.543 -3.228 0.06 0.043 1.147 7974.6 4.2021 16.016682 1.866724 16.876043 15.009319 "" "" 1881.88086 2392.53394 7383.70452 6.7028 2426.6 11.258 7860.1 25.769 "" "" 0.002926298267603208 0.0057583177 0.0051917285 0.010950046 264.53977840629 -36.32498815634 2117.7832 -2.543 -3.2279999999999998
264.7639627852 -36.41746408725 0.0517 0.042 15.8513 "" "" 5962674960796788608 2493.37939 0.3684 0.057 0.306 -1.803 0.065 0.048 1.141 4741.0 3.4035 16.024609 2.366481 17.283474 14.916993 "" "" 2215.81128 2909.03833 7329.9871 4.7504 1667.4 8.4111 8557.8 15.398 "" "" 0.0028437475900943026 0.0061466927 0.0042544235 0.010401117 264.7639627852 -36.41746408725 2493.37939 0.30599999999999994 -1.803
264.60400843295 -36.52499427915 0.045 0.0339 14.6561 "" "" 5962678706008991616 2949.06006 0.3144 0.0497 -0.007 -0.543 0.057 0.04 0.989 6401.2 3.5973 16.024971 2.712382 17.52375 14.811368 "" "" 2575.45728 3397.12183 7327.53668 5.119 1336.3 7.8987 9432.2 14.653 "" "" 0.0028578139579289344 0.0069979476 0.0041386816 0.011136629 264.60400843295 -36.52499427915 2949.06006 -0.006999999999999996 -0.543
264.17583952985 -36.16194419198 0.0422 0.0319 16.5237 "" "" 5962749555797745152 2867.94751 0.3139 0.0501 -2.569 -3.295 0.054 0.043 0.904 9328.7 3.9202 16.025515 2.076795 17.035778 14.958983 "" "" 2482.75537 3392.66382 7323.87273 4.3347 2094.6 14.655 8233.1 74.497 "" "" 0.002829262749304072 0.008092629 0.010526146 0.018618774 264.17583952985 -36.16194419198 2867.94751 -2.569 -3.2950000000000004
264.32753778287 -36.50930179217 0.0507 0.039 13.8174 "" "" 5962659670628259840 2492.3457 0.3746 0.0562 -2.023 -3.738 0.063 0.045 1.212 7198.6 3.2843 16.02945 2.687631 17.491426 14.803796 "" "" 2203.37695 2806.9541 7297.37893 5.0956 1376.7 9.6945 9498.2 22.366 "" "" 0.0028577219071303003 0.008138792 0.0045629144 0.012701706 264.32753778287 -36.50930179217 2492.3457 -2.023 -3.7379999999999995
264.69684502939 -36.43418634096 0.0451 0.037 13.509 "" "" 5962680831928549760 2555.32617 0.3677 0.0505 -0.48 -3.565 0.057 0.041 1.003 "" "" 16.031845 2.575499 17.433712 14.858212 "" "" 2243.09155 2975.91699 7281.29127 5.3499 1451.9 21.781 9033.9 20.398 "" "" 0.002868480256619147 0.016525166 0.004504854 0.02103002 264.69684502939 -36.43418634096 2555.32617 -0.4799999999999999 -3.5649999999999995
