Clusters/Ruprecht_127/Ruprecht_127_stars_in_region.tsv
# %ECSV 1.0
# ---
# datatype:
# - name: RA_ICRS_1
#   unit: deg
#   datatype: float64
#   format: '{:15.11f}'
#   description: Right ascension (ICRS) at Ep=2016.0 (ra)
#   meta: !!omap
#   - {ucd: POS_EQ_RA_MAIN}
#   - {width: 15}
#   - {precision: '11'}
# - name: DE_ICRS_1
#   unit: deg
#   datatype: float64
#   format: '{:15.11f}'
#   description: Declination (ICRS) at Ep=2016.0 (dec)
#   meta: !!omap
#   - {ucd: POS_EQ_DEC_MAIN}
#   - {width: 15}
#   - {precision: '11'}
# - name: e_RA_ICRS
#   unit: mas
#   datatype: float64
#   format: '{:7.4f}'
#   description: Standard error of right ascension (ra_error)
#   meta: !!omap
#   - {ucd: ERROR}
#   - {width: 7}
#   - {precision: '4'}
# - name: e_DE_ICRS
#   unit: mas
#   datatype: float64
#   format: '{:7.4f}'
#   description: Standard error of declination (dec_error)
#   meta: !!omap
#   - {ucd: ERROR}
#   - {width: 7}
#   - {precision: '4'}
# - name: _r_1
#   unit: ''
#   datatype: float64
#   format: '{:7.4f}'
#   description: Distance from center (264.46560860000-36.30759474000)[ICRS], at Epoch=J2016.0
#   meta: !!omap
#   - {ucd: POS_ANG_DIST_GENERAL}
#   - {width: 7}
#   - {precision: '4'}
# - name: HIP
#   datatype: int32
#   description: '? HIP cross-id number, van Leeuwen, Cat. I/311 (hip_original_ext_source_id)'
#   meta: !!omap
#   - {ucd: ID_NUMBER}
#   - {width: 6}
#   - values: {'null': -2147483648}
# - name: TYC2
#   datatype: string
#   description: Tycho-2 cross-id name, Hog et al., Cat. I/259 (tyc2_original_ext_source_id)
#   meta: !!omap
#   - {ucd: ID_CROSSID}
#   - {_votable_string_dtype: char}
# - name: Source
#   datatype: int64
#   description: Source identifier, identical to the Gaia-EDR3 source_id (id)
#   meta: !!omap
#   - {ucd: ID_MAIN}
#   - {width: 19}
# - name: rgeo
#   unit: pc
#   datatype: float64
#   format: '{:15.8f}'
#   description: '? Median of the geometric distance posterior (r_med_geo)'
#   meta: !!omap
#   - {ucd: PHYS_DISTANCE_TRUE}
#   - {width: 15}
#   - {precision: '8'}
#   - values: {'null': .nan}
# - name: Plx
#   unit: mas
#   datatype: float64
#   format: '{:9.4f}'
#   description: '? Parallax (parallax)'
#   meta: !!omap
#   - {ucd: POS_PARLX_TRIG}
#   - {width: 9}
#   - {precision: '4'}
#   - values: {'null': .nan}
# - name: e_Plx
#   unit: mas
#   datatype: float32
#   format: '{:7.4f}'
#   description: '? Standard error of parallax (parallax_error)'
#   meta: !!omap
#   - {ucd: ERROR}
#   - {width: 7}
#   - {precision: '4'}
#   - values: {'null': .nan}
# - name: pmRA
#   unit: mas / yr
#   datatype: float64
#   format: '{:9.3f}'
#   description: '? Proper motion in right ascension direction, pmRA*cosDE (pmra)'
#   meta: !!omap
#   - {ucd: POS_EQ_PMRA}
#   - {width: 9}
#   - {precision: '3'}
#   - values: {'null': .nan}
# - name: pmDE
#   unit: mas / yr
#   datatype: float64
#   format: '{:9.3f}'
#   description: '? Proper motion in declination direction (pmdec)'
#   meta: !!omap
#   - {ucd: POS_EQ_PMDEC}
#   - {width: 9}
#   - {precision: '3'}
#   - values: {'null': .nan}
# - name: e_pmRA
#   unit: mas / yr
#   datatype: float32
#   format: '{:6.3f}'
#   description: '? Standard error of proper motion in right ascension direction (pmra_error)'
#   meta: !!omap
#   - {ucd: ERROR}
#   - {width: 6}
#   - {precision: '3'}
#   - values: {'null': .nan}
# - name: e_pmDE
[...]
#         unit: &id001 !astropy.units.Unit {unit: deg}
#         value: !astropy.table.SerializedColumn {name: SkyCoord.dec}
#       distance: !astropy.table.SerializedColumn
#         __class__: astropy.coordinates.distances.Distance
#         unit: !astropy.units.Unit {unit: pc}
#         value: !astropy.table.SerializedColumn {name: SkyCoord.distance}
#       frame: icrs
#       obstime: !astropy.time.Time {format: jyear_str, in_subfmt: '*', jd1: 367701545.0, jd2: 0.0, out_subfmt: '*', precision: 3, scale: tt}
#       pm_dec: !astropy.table.SerializedColumn
#         __class__: astropy.units.quantity.Quantity
#         unit: !astropy.units.Unit {unit: mas / yr}
#         value: !astropy.table.SerializedColumn {name: SkyCoord.pm_dec}
#       pm_ra_cosdec: !astropy.table.SerializedColumn
#         __class__: astropy.units.quantity.Quantity
#         unit: !astropy.units.Unit {unit: mas / yr}
#         value: !astropy.table.SerializedColumn {name: SkyCoord.pm_ra_cosdec}
#       ra: !astropy.table.SerializedColumn
#         __class__: astropy.coordinates.angles.Longitude
#         unit: *id001
#         value: !astropy.table.SerializedColumn {name: SkyCoord.ra}
#         wrap_angle: !astropy.coordinates.Angle
#           unit: *id001
#           value: 360.0
#       representation_type: spherical
# schema: astropy-2.0
RA_ICRS_1 DE_ICRS_1 e_RA_ICRS e_DE_ICRS _r_1 HIP TYC2 Source rgeo Plx e_Plx pmRA pmDE e_pmRA e_pmDE RUWE Teff logg Gmag BP-RP BPmag RPmag RV e_RV b_rgeo B_rgeo FG e_FG FBP e_FBP FRP e_FRP RAVE5 RAVE6 e_Gmag e_BPmag e_RPmag e_BP-RP SkyCoord.ra SkyCoord.dec SkyCoord.distance SkyCoord.pm_ra_cosdec SkyCoord.pm_dec
264.45342522884 -36.31541335515 0.0452 0.0346 0.753 "" 7388-673-1 5962732994401343360 2550.63184 0.3455 0.0501 -0.689 -3.455 0.056 0.038 0.884 "" "" 8.461908 3.527985 10.648155 7.12017 -7.05 0.84 2247.94531 2920.88403 7765752.15216 13388.0 751890.0 5928.4 11248000.0 43671.0 "" "" 0.0033309723728522336 0.00900389 0.0056615896 0.014665479 264.45342522884 -36.31541335515 2550.63184 -0.689 -3.455
264.22785493255 -36.16545608533 0.0709 0.0549 14.3221 "" "" 5962748937322368128 2909.3833 0.3403 0.0833 -0.913 -5.065 0.092 0.066 0.961 "" "" 10.013553 5.023351 13.555329 8.531979 "" "" 2304.3291 3792.58057 1860053.91755 6666.2 51676.0 719.8 3064600.0 59733.0 "" "" 0.0047678902429522454 0.015378555 0.021497225 0.03687578 264.22785493255 -36.16545608533 2909.3833 -0.9130000000000001 -5.065000000000001
264.44170953753 -36.30081558788 0.0175 0.0125 1.2251 "" 7388-436-1 5962733200559820032 2455.19385 0.3761 0.0184 -0.368 -2.324 0.023 0.015 0.857 "" "" 10.105423 1.278807 10.660392 9.381585 58.85 9.27 2342.78882 2567.64795 1709138.97797 916.05 743460.0 1151.9 1401300.0 3218.9 "" "" 0.0028161009666635554 0.003258051 0.0045281216 0.0077861724 264.44170953753 -36.30081558788 2455.19385 -0.368 -2.324
264.48297327415 -36.30239894806 0.0174 0.0131 0.8956 "" 7388-844-1 5962733063120803584 2342.38184 0.3941 0.0196 -0.355 -2.281 0.026 0.017 0.861 16312.4 3.2589 10.755747 1.127541 11.228011 10.100471 "" "" 2224.56812 2442.57764 938962.0273 480.37 440770.0 500.17 722720.0 540.16 "" "" 0.002810751550164188 0.003050083 0.0038655172 0.0069156 264.48297327415 -36.30239894806 2342.38184 -0.355 -2.281
264.43828581198 -36.29347591967 0.0178 0.0129 1.5695 "" "" 5962733196168905984 2510.18115 0.3672 0.0192 -0.291 -2.352 0.023 0.015 0.72 "" "" 11.106857 1.180158 11.608976 10.428819 "" "" 2395.29321 2611.32031 679522.63171 410.38 310330.0 385.88 534110.0 650.87 "" "" 0.002832266700020896 0.0030996304 0.004004283 0.0071039135 264.43828581198 -36.29347591967 2510.18115 -0.291 -2.352
264.46982777535 -36.31670475598 0.0148 0.0111 0.5834 "" "" 5962732925681842816 2491.34985 0.3683 0.0158 -0.418 -2.236 0.02 0.014 0.692 18628.1 3.2113 11.708724 1.298486 12.272465 10.973979 "" "" 2398.32153 2581.23633 390352.56754 419.77 168430.0 605.37 323270.0 1027.6 "" "" 0.0029924876388611656 0.004797223 0.0051181256 0.009915348 264.46982777535 -36.31670475598 2491.34985 -0.4179999999999999 -2.2359999999999998
264.44635625193 -36.18835097606 0.0466 0.0361 7.215 "" "" 5962734879797507328 2299.93848 0.433 0.0503 -0.711 -3.708 0.061 0.042 0.824 3613.8 0.3263 11.802103 3.985841 14.374191 10.38835 24.12 0.25 2131.73999 2530.58057 358183.3427 315.53 24308.0 136.54 554390.0 1168.3 "" "" 0.0029166032771010793 0.0067066234 0.004418014 0.011124637 264.44635625193 -36.18835097606 2299.93848 -0.7109999999999999 -3.708
264.76044718608 -36.40370325211 0.0515 0.0407 15.3697 "" "" 5962675128212080640 2442.65601 0.4233 0.0541 -1.666 -0.684 0.065 0.047 0.894 3538.4 0.2444 11.938597 4.095096 14.616019 10.520924 11.48 0.39 2087.5127 2795.20825 315869.81844 695.25 19454.0 316.49 490670.0 2890.3 "" "" 0.003647302775920487 0.017882457 0.007428779 0.025311235 264.76044718608 -36.40370325211 2442.65601 -1.6659999999999997 -0.684
264.43097663977 -36.31916475168 0.0146 0.0109 1.8126 "" "" 5962731512541726592 2451.98608 0.3819 0.0158 -0.549 -2.269 0.019 0.013 0.699 6857.7 2.6818 11.997464 1.127628 12.466134 11.338506 "" "" 2363.71558 2564.47705 299199.68648 173.58 140920.0 280.96 231080.0 432.15 "" "" 0.0028264018489934065 0.0035314218 0.0042902837 0.007821705 264.43097663977 -36.31916475168 2451.98608 -0.549 -2.269
264.39735291646 -36.39828559717 0.0256 0.0185 6.363 "" "" 5962730859707729792 2519.20752 0.3969 0.0277 2.837 1.276 0.033 0.022 0.755 "" "" 12.071435 3.182152 13.96757 10.785419 -34.37 0.29 2345.06006 2684.09106 279494.26447 121.21 35350.0 80.39 384580.0 333.74 "" "" 0.0027952632367467325 0.003725782 0.0038950583 0.0076208403 264.39735291646 -36.39828559717 2519.20752 2.8369999999999997 1.2760000000000002
264.45012472247 -36.32791732248 0.0161 0.0119 1.4308 "" "" 5962731448213655552 2308.84326 0.4184 0.018 -0.401 -2.092 0.025 0.015 0.781 15249.8 3.5217 12.146749 1.262068 12.692677 11.430609 "" "" 2226.80615 2397.70581 260763.75253 117.76 114380.0 152.98 212280.0 194.16 "" "" 0.0027986064171468174 0.0031454351 0.0039076707 0.007053106 264.45012472247 -36.32791732248 2308.84326 -0.4010000000000001 -2.0919999999999996
264.45243384579 -36.31440053202 0.0225 0.0151 0.7566 "" "" 5962732994362587008 2499.18237 0.3865 0.0188 -0.322 -2.22 0.027 0.018 0.858 20918.1 3.8213 12.17864 1.424996 12.698272 11.273275 "" "" 2348.92627 2598.62939 253215.58249 257.33 113790.0 568.56 245390.0 7655.9 "" "" 0.0029680350413178176 0.006100429 0.034083966 0.040184394 264.45243384579 -36.31440053202 2499.18237 -0.32200000000000006 -2.2200000000000006
264.27690392218 -36.31570591043 0.0161 0.0121 9.1366 "" "" 5962735193424850944 2280.29858 0.4266 0.0179 -0.274 -2.418 0.021 0.015 0.904 5753.3 2.8454 12.360959 1.306037 12.923402 11.617365 "" "" 2199.56567 2374.8584 214073.63567 72.213 92482.0 129.81 178740.0 201.49 "" "" 0.002779555314671354 0.0031792326 0.0039726226 0.007151855 264.27690392218 -36.31570591043 2280.29858 -0.274 -2.418
264.47717082659 -36.29053637412 0.015 0.0113 1.1663 "" "" 5962733127450694272 2349.8999 0.4011 0.0159 -0.414 -2.358 0.02 0.014 0.785 15861.3 3.7618 12.407407 1.117295 12.869414 11.752119 "" "" 2257.15527 2441.99341 205108.67195 88.926 97197.0 147.33 157870.0 228.32 "" "" 0.002795241181225885 0.0032393713 0.0040926044 0.0073319757 264.47717082659 -36.29053637412 2349.8999 -0.41400000000000003 -2.358
264.35331922126 -36.29131954986 0.0345 0.0259 5.517 "" "" 5962732650804154240 2510.18701 0.3958 0.0353 1.871 -2.609 0.044 0.031 0.809 30008.6 3.5398 12.477782 3.559077 14.681994 11.122916 "" "" 2278.23315 2732.35547 192235.66234 112.64 18307.0 85.675 281830.0 333.4 "" "" 0.0028278118600623342 0.005796813 0.00399167 0.009788483 264.35331922126 -36.29131954986 2510.18701 1.8709999999999998 -2.6089999999999995
264.46074299407 -36.28309494338 0.0151 0.0115 1.4887 "" "" 5962733230529925888 2360.13037 0.4041 0.0165 -0.414 -2.292 0.021 0.014 0.806 "" "" 12.623594 1.175187 13.121319 11.946132 "" "" 2268.44653 2460.97778 168077.23945 73.888 77071.0 127.9 132040.0 196.37 "" "" 0.0027963552067836353 0.003321369 0.0041098674 0.007431236 264.46074299407 -36.28309494338 2360.13037 -0.414 -2.2919999999999994
264.42239439831 -36.43482908139 0.0501 0.0374 7.9144 "" "" 5962683546347883776 2938.28027 0.3459 0.0525 -0.072 -1.523 0.061 0.044 0.849 "" "" 12.629433 4.131404 15.331853 11.200449 -24.26 0.91 2538.01562 3618.5874 167175.88061 217.21 10062.0 91.783 262410.0 915.61 "" "" 0.0030954524553260796 0.0102893375 0.005351225 0.015640562 264.42239439831 -36.43482908139 2938.28027 -0.07200000000000001 -1.5230000000000001
264.44349383573 -36.38176150221 0.0161 0.0121 4.5765 "" "" 5962684267902543104 2652.32886 0.3658 0.0172 -0.249 0.005 0.022 0.015 0.786 4536.6 1.6585 12.632833 2.431766 13.94833 11.516564 -27.65 0.35 2531.50317 2807.28979 166653.1635 43.97 35982.0 34.753 196120.0 82.358 "" "" 0.0027701714659749818 0.0029807247 0.0038067845 0.006787509 264.44349383573 -36.38176150221 2652.32886 -0.249 0.004999999999999999
264.44402590841 -36.26235817207 0.015 0.0117 2.908 "" "" 5962733402328652032 2403.13062 0.4009 0.0174 -0.292 -2.291 0.02 0.014 0.836 15052.3 3.5418 12.712255 1.407133 13.337339 11.930206 "" "" 2317.61206 2489.70874 154897.63653 93.399 63166.0 121.77 133990.0 391.53 "" "" 0.0028320276965397404 0.0034879704 0.00493449 0.00842246 264.44402590841 -36.26235817207 2403.13062 -0.29200000000000004 -2.2910000000000004
264.69240834154 -36.2398567388 0.0554 0.0414 11.6994 "" "" 5962691895764735488 2807.79956 0.3616 0.0527 -2.394 -2.667 0.062 0.045 0.928 3664.7 0.6971 12.780657 3.920769 15.298618 11.37785 -81.51 0.46 2472.87476 3221.45044 145440.05745 136.9 10375.0 54.325 222850.0 406.58 "" "" 0.0029387478086055963 0.0063328575 0.004267037 0.010599894 264.69240834154 -36.2398567388 2807.79956 -2.394 -2.666999999999999
264.43595170373 -36.09394726364 0.0163 0.013 12.899 "" "" 5962744294365928064 2757.19116 0.3536 0.0193 0.37 -1.66 0.021 0.015 0.833 "" "" 12.783093 2.521165 14.16171 11.640545 -37.87 0.62 2587.87207 2886.93774 145114.01508 32.209 29562.0 24.365 174960.0 62.985 "" "" 0.0027658387065052433 0.0029301585 0.0037995393 0.006729698 264.43595170373 -36.09394726364 2757.19116 0.3699999999999999 -1.6599999999999997
264.4626553353 -36.2751598559 0.0155 0.0118 1.9513 "" "" 5962733337998789120 2436.92407 0.3878 0.0169 -0.186 -2.637 0.021 0.014 0.794 11783.4 3.6663 12.790874 1.143927 13.271836 12.12791 "" "" 2358.36255 2555.96191 144077.79597 29.9 67094.0 56.411 111680.0 52.691 "" "" 0.0027645177165085497 0.0029357048 0.003813939 0.006749644 264.4626553353 -36.2751598559 2436.92407 -0.186 -2.637
264.77534126748 -36.19116948905 0.0492 0.0379 16.5351 "" "" 5962690933689628928 2450.36499 0.3967 0.0474 -1.59 -1.961 0.057 0.042 0.91 3665.2 1.0882 12.848887 3.769585 15.236922 11.467338 10.85 0.43 2203.57202 2900.03345 136581.63616 95.878 10981.0 53.699 205220.0 384.89 "" "" 0.0028587917128315866 0.005997932 0.004293045 0.010290977 264.77534126748 -36.19116948905 2450.36499 -1.5900000000000003 -1.9609999999999999
264.65057150218 -36.38707242535 0.0185 0.0146 10.1311 "" "" 5962682000159795200 2275.90723 0.4251 0.0197 -0.011 -2.979 0.023 0.017 0.872 4650.2 1.8672 12.897264 2.467143 14.238723 11.77158 -12.47 0.47 2187.69385 2374.31201 130629.48519 31.528 27538.0 23.118 155070.0 69.263 "" "" 0.0027677532654499975 0.0029352726 0.003810368 0.0067456407 264.65057150218 -36.38707242535 2275.90723 -0.01100000000000001 -2.979
264.58217208547 -36.17224589396 0.0538 0.0434 9.8878 "" "" 5962740136837494912 2174.17847 0.4314 0.0614 -3.719 -7.837 0.066 0.047 2.127 5104.2 2.0566 12.951508 2.926095 14.594268 11.668173 -37.24 1.85 1897.37659 2480.7981 124263.48237 80.948 19848.0 415.76 170560.0 700.43 "" "" 0.0028446483214420847 0.022913644 0.0058450033 0.028758647 264.58217208547 -36.17224589396 2174.17847 -3.718999999999999 -7.836999999999999
264.61585173883 -36.34865635839 0.0178 0.0136 7.669 "" "" 5962685234359637632 2358.93188 0.3875 0.0178 -1.442 -4.05 0.022 0.016 0.719 4719.2 1.9073 12.980703 3.004539 14.735908 11.731368 -30.9 0.28 2261.21094 2472.42017 120966.61667 60.149 17420.0 31.754 160920.0 84.757 "" "" 0.0028077119273003403 0.0034208198 0.0038224012 0.0072432207 264.61585173883 -36.34865635839 2358.93188 -1.4419999999999997 -4.050000000000001
264.72526728493 -36.45703177878 0.0179 0.0132 15.4179 "" "" 5962669016561154048 2644.4519 0.348 0.0183 0.267 -0.549 0.023 0.016 0.783 6985.0 3.2761 12.987362 1.083165 13.431801 12.348636 "" "" 2515.40088 2786.71143 120226.96889 54.312 57902.0 86.196 91139.0 126.5 "" "" 0.002798634773339722 0.0032245037 0.0040687528 0.0072932565 264.72526728493 -36.45703177878 2644.4519 0.267 -0.5489999999999999
264.75771181634 -36.22837236146 0.0179 0.0136 14.9087 "" "" 5962690418296005376 2766.1001 0.3217 0.0175 1.415 -0.566 0.022 0.016 0.751 "" "" 12.999812 3.089679 14.82406 11.734382 -31.97 1.14 2661.0647 2919.71289 118856.17481 50.955 16062.0 31.453 160470.0 107.64 "" "" 0.002794360286975493 0.003507907 0.0038489131 0.00735682 264.75771181634 -36.22837236146 2766.1001 1.4149999999999998 -0.566
264.3843187499 -36.32551608091 0.0195 0.0136 4.0744 "" "" 5962731620011894784 2290.65015 0.4029 0.0219 -0.186 -2.261 0.026 0.016 0.926 "" "" 13.009436 1.111342 13.45519 12.343847 "" "" 2196.66968 2429.81079 117807.34191 98.736 56668.0 211.64 91542.0 287.1 "" "" 0.0029016954301926074 0.0049221506 0.005087123 0.010009274 264.3843187499 -36.32551608091 2290.65015 -0.18599999999999997 -2.261
264.61098271097 -36.37956840451 0.0162 0.0132 8.2468 "" "" 5962682141983125760 2164.67529 0.4257 0.0174 -0.274 -2.3 0.021 0.015 0.852 13198.6 3.868 13.030303 1.1484 13.510798 12.362397 "" "" 2078.81567 2240.4563 115564.76229 55.301 53839.0 77.524 89991.0 118.5 "" "" 0.0028038771716108043 0.003198311 0.004040762 0.0072390726 264.61098271097 -36.37956840451 2164.67529 -0.274 -2.3
264.55162806274 -36.35677732375 0.0166 0.0129 5.0986 "" "" 5962684955097371904 2601.38965 0.3289 0.0179 1.352 -0.947 0.02 0.015 0.9 "" "" 13.107092 3.001467 14.859859 11.858393 -20.88 0.44 2501.59619 2731.65747 107673.7421 59.361 15541.0 32.851 143150.0 115.1 "" "" 0.002819588040753171 0.003612803 0.0038788961 0.0074916994 264.55162806274 -36.35677732375 2601.38965 1.3520000000000003 -0.9470000000000001
264.53747605231 -36.08416556474 0.0195 0.0146 13.85 "" "" 5962741648666083200 2221.73633 0.4021 0.0197 -0.286 -2.257 0.025 0.018 0.955 6231.1 2.7816 13.164625 1.170149 13.657929 12.487781 "" "" 2111.52368 2328.03906 102116.65476 43.321 47016.0 67.948 80176.0 82.136 "" "" 0.0027935540028686603 0.003201121 0.003939656 0.007140777 264.53747605231 -36.08416556474 2221.73633 -0.286 -2.2570000000000006
264.48632333978 -36.30559261738 0.0195 0.0154 1.0088 "" "" 5962733058731200896 2374.33862 0.3806 0.0227 -0.177 -2.281 0.027 0.019 0.893 "" "" 13.197126 1.109301 13.652993 12.543693 "" "" 2258.82837 2511.81592 99105.15629 51.473 47230.0 67.588 76152.0 86.769 "" "" 0.002812433212140196 0.0031936078 0.0039767027 0.0071703102 264.48632333978 -36.30559261738 2374.33862 -0.17700000000000002 -2.281
264.72660627254 -36.16369694249 0.017 0.0131 15.3 "" "" 5962693854267401856 2590.13745 0.3323 0.0174 -3.855 -5.649 0.022 0.016 0.919 4791.7 1.5973 13.198685 3.025512 14.96682 11.941308 -46.75 2.05 2474.3418 2715.948 98962.99736 55.417 14083.0 33.378 132630.0 183.47 "" "" 0.0028216020073920586 0.003795641 0.0040668785 0.0078625195 264.72660627254 -36.16369694249 2590.13745 -3.855 -5.649
264.2197244641 -36.41440540587 0.0163 0.0122 13.4989 "" "" 5962708010485697536 2223.43652 0.3964 0.0178 0.488 -1.617 0.021 0.015 0.918 "" "" 13.214844 2.497737 14.575574 12.077837 -3.13 0.9 2146.22656 2319.49805 97501.01865 35.707 20192.0 17.662 116960.0 75.259 "" "" 0.002783862657751806 0.0029473668 0.0038434109 0.0067907777 264.2197244641 -36.41440540587 2223.43652 0.48799999999999993 -1.617
264.71815482763 -36.28380088318 0.0177 0.0136 12.2959 "" "" 5962688700308995584 2249.43579 0.4032 0.018 -0.209 -2.357 0.022 0.016 0.879 15041.7 3.6268 13.219831 1.395667 13.839494 12.443827 113.19 7.54 2162.98608 2363.33008 97054.22905 21.491 39776.0 33.768 83489.0 41.951 "" "" 0.002765789232472323 0.002938478 0.003818554 0.006757032 264.71815482763 -36.28380088318 2249.43579 -0.20899999999999996 -2.357
264.13887495051 -36.37731739315 0.0205 0.0167 16.3356 "" "" 5962710553106398464 2630.34668 0.3242 0.0234 -1.742 -2.831 0.026 0.02 0.964 "" "" 13.283542 3.274471 15.246285 11.971814 45.16 0.94 2487.0498 2761.95996 91522.92482 50.364 10887.0 26.716 128950.0 144.7 "" "" 0.0028193540675751937 0.003857938 0.0039709066 0.007828845 264.13887495051 -36.37731739315 2630.34668 -1.7420000000000002 -2.831
264.23076326868 -36.27508638677 0.0168 0.0126 11.5236 "" "" 5962712756512770944 2416.97559 0.3734 0.0199 -0.517 -2.193 0.021 0.016 0.954 "" "" 13.293044 1.253865 13.826838 12.572972 "" "" 2297.44531 2546.04541 90725.46968 27.256 40242.0 60.27 74126.0 107.55 "" "" 0.0027745599171595534 0.0032294323 0.004094546 0.0073239785 264.23076326868 -36.27508638677 2416.97559 -0.5169999999999999 -2.193
264.65350978246 -36.17433399834 0.018 0.0137 12.1084 "" "" 5962693240180016000 2286.2478 0.3841 0.0198 2.045 -0.183 0.024 0.016 0.99 "" "" 13.331102 2.731023 14.871315 12.140292 3.78 1.11 2199.01611 2390.53076 87600.36381 46.395 15378.0 25.545 110420.0 94.558 "" "" 0.0028146842631783047 0.0033223296 0.0038920683 0.007214398 264.65350978246 -36.17433399834 2286.2478 2.0450000000000004 -0.18300000000000005
