Clusters/Ruprecht_127/Ruprecht_127_stars_in_region.tsv
# %ECSV 1.0
# ---
# datatype:
# - name: RA_ICRS_1
#   unit: deg
#   datatype: float64
#   format: '{:15.11f}'
#   description: Right ascension (ICRS) at Ep=2016.0 (ra)
#   meta: !!omap
#   - {ucd: POS_EQ_RA_MAIN}
#   - {width: 15}
#   - {precision: '11'}
# - name: DE_ICRS_1
#   unit: deg
#   datatype: float64
#   format: '{:15.11f}'
#   description: Declination (ICRS) at Ep=2016.0 (dec)
#   meta: !!omap
#   - {ucd: POS_EQ_DEC_MAIN}
#   - {width: 15}
#   - {precision: '11'}
# - name: e_RA_ICRS
#   unit: mas
#   datatype: float64
#   format: '{:7.4f}'
#   description: Standard error of right ascension (ra_error)
#   meta: !!omap
#   - {ucd: ERROR}
#   - {width: 7}
#   - {precision: '4'}
# - name: e_DE_ICRS
#   unit: mas
#   datatype: float64
#   format: '{:7.4f}'
#   description: Standard error of declination (dec_error)
#   meta: !!omap
#   - {ucd: ERROR}
#   - {width: 7}
#   - {precision: '4'}
# - name: _r_1
#   unit: ''
#   datatype: float64
#   format: '{:7.4f}'
#   description: Distance from center (264.46560860000-36.30759474000)[ICRS], at Epoch=J2016.0
#   meta: !!omap
#   - {ucd: POS_ANG_DIST_GENERAL}
#   - {width: 7}
#   - {precision: '4'}
# - name: HIP
#   datatype: int32
#   description: '? HIP cross-id number, van Leeuwen, Cat. I/311 (hip_original_ext_source_id)'
#   meta: !!omap
#   - {ucd: ID_NUMBER}
#   - {width: 6}
#   - values: {'null': -2147483648}
# - name: TYC2
#   datatype: string
#   description: Tycho-2 cross-id name, Hog et al., Cat. I/259 (tyc2_original_ext_source_id)
#   meta: !!omap
#   - {ucd: ID_CROSSID}
#   - {_votable_string_dtype: char}
# - name: Source
#   datatype: int64
#   description: Source identifier, identical to the Gaia-EDR3 source_id (id)
#   meta: !!omap
#   - {ucd: ID_MAIN}
#   - {width: 19}
# - name: rgeo
#   unit: pc
#   datatype: float64
#   format: '{:15.8f}'
#   description: '? Median of the geometric distance posterior (r_med_geo)'
#   meta: !!omap
#   - {ucd: PHYS_DISTANCE_TRUE}
#   - {width: 15}
#   - {precision: '8'}
#   - values: {'null': .nan}
# - name: Plx
#   unit: mas
#   datatype: float64
#   format: '{:9.4f}'
#   description: '? Parallax (parallax)'
#   meta: !!omap
#   - {ucd: POS_PARLX_TRIG}
#   - {width: 9}
#   - {precision: '4'}
#   - values: {'null': .nan}
# - name: e_Plx
#   unit: mas
#   datatype: float32
#   format: '{:7.4f}'
#   description: '? Standard error of parallax (parallax_error)'
#   meta: !!omap
#   - {ucd: ERROR}
#   - {width: 7}
#   - {precision: '4'}
#   - values: {'null': .nan}
# - name: pmRA
#   unit: mas / yr
#   datatype: float64
#   format: '{:9.3f}'
#   description: '? Proper motion in right ascension direction, pmRA*cosDE (pmra)'
#   meta: !!omap
#   - {ucd: POS_EQ_PMRA}
#   - {width: 9}
#   - {precision: '3'}
#   - values: {'null': .nan}
# - name: pmDE
#   unit: mas / yr
#   datatype: float64
#   format: '{:9.3f}'
#   description: '? Proper motion in declination direction (pmdec)'
#   meta: !!omap
#   - {ucd: POS_EQ_PMDEC}
#   - {width: 9}
#   - {precision: '3'}
#   - values: {'null': .nan}
# - name: e_pmRA
#   unit: mas / yr
#   datatype: float32
#   format: '{:6.3f}'
#   description: '? Standard error of proper motion in right ascension direction (pmra_error)'
#   meta: !!omap
#   - {ucd: ERROR}
#   - {width: 6}
#   - {precision: '3'}
#   - values: {'null': .nan}
# - name: e_pmDE
[...]
#         unit: &id001 !astropy.units.Unit {unit: deg}
#         value: !astropy.table.SerializedColumn {name: SkyCoord.dec}
#       distance: !astropy.table.SerializedColumn
#         __class__: astropy.coordinates.distances.Distance
#         unit: !astropy.units.Unit {unit: pc}
#         value: !astropy.table.SerializedColumn {name: SkyCoord.distance}
#       frame: icrs
#       obstime: !astropy.time.Time {format: jyear_str, in_subfmt: '*', jd1: 367701545.0, jd2: 0.0, out_subfmt: '*', precision: 3, scale: tt}
#       pm_dec: !astropy.table.SerializedColumn
#         __class__: astropy.units.quantity.Quantity
#         unit: !astropy.units.Unit {unit: mas / yr}
#         value: !astropy.table.SerializedColumn {name: SkyCoord.pm_dec}
#       pm_ra_cosdec: !astropy.table.SerializedColumn
#         __class__: astropy.units.quantity.Quantity
#         unit: !astropy.units.Unit {unit: mas / yr}
#         value: !astropy.table.SerializedColumn {name: SkyCoord.pm_ra_cosdec}
#       ra: !astropy.table.SerializedColumn
#         __class__: astropy.coordinates.angles.Longitude
#         unit: *id001
#         value: !astropy.table.SerializedColumn {name: SkyCoord.ra}
#         wrap_angle: !astropy.coordinates.Angle
#           unit: *id001
#           value: 360.0
#       representation_type: spherical
# schema: astropy-2.0
RA_ICRS_1 DE_ICRS_1 e_RA_ICRS e_DE_ICRS _r_1 HIP TYC2 Source rgeo Plx e_Plx pmRA pmDE e_pmRA e_pmDE RUWE Teff logg Gmag BP-RP BPmag RPmag RV e_RV b_rgeo B_rgeo FG e_FG FBP e_FBP FRP e_FRP RAVE5 RAVE6 e_Gmag e_BPmag e_RPmag e_BP-RP SkyCoord.ra SkyCoord.dec SkyCoord.distance SkyCoord.pm_ra_cosdec SkyCoord.pm_dec
[from data line 1097]
264.17122399113 -36.21158163877 0.0673 0.0505 15.3635 "" "" 5962725126018739712 2538.44165 0.3746 0.0844 -0.274 -2.565 0.086 0.067 0.976 "" "" 16.899864 2.017023 17.921274 15.904251 "" "" 2131.01978 3150.77417 3273.41677 2.6617 926.63 14.005 3447.1 16.039 "" "" 0.002893301968444681 0.016645234 0.006309088 0.022954322 264.17122399113 -36.21158163877 2538.44165 -0.274 -2.565
264.53675082722 -36.28421501437 0.0688 0.0552 3.7153 "" "" 5962686505605292416 2615.83398 0.3869 0.0758 -0.835 -0.908 0.088 0.064 0.953 6308.3 4.1053 16.900835 1.813738 17.756683 15.942946 "" "" 2127.63281 3167.22681 3270.48977 2.5835 1078.3 7.4771 3326.4 19.822 "" "" 0.0028857211211832583 0.00802906 0.0074928827 0.015521944 264.53675082722 -36.28421501437 2615.83398 -0.835 -0.9080000000000001
264.37099413071 -36.39170240028 0.0765 0.0551 6.8097 "" "" 5962730825348004736 3090.01562 0.3388 0.0881 -0.425 -2.279 0.103 0.064 1.032 5021.7 4.3138 16.902414 1.792662 17.755068 15.962406 "" "" 2502.87573 4426.9209 3265.73434 2.4815 1079.9 9.8293 3267.3 11.746 "" "" 0.0028761825727315294 0.010268753 0.0054331403 0.015701894 264.37099413071 -36.39170240028 3090.01562 -0.425 -2.279
264.49073642924 -36.55079322852 0.0787 0.0609 14.6422 "" "" 5962655650537479552 2112.7793 0.4538 0.0909 -2.589 -3.668 0.097 0.071 0.968 4632.9 4.1254 16.909388 2.439491 18.052416 15.612925 "" "" 1808.88757 2551.01807 3244.82954 7.1236 821.2 32.062 4508.0 81.631 "" "" 0.0036432541662352867 0.042481974 0.020020505 0.06250248 264.49073642924 -36.55079322852 2112.7793 -2.589 -3.668
264.64061886373 -36.21956485199 0.0793 0.0631 9.9791 "" "" 5962692789137036800 2107.02222 0.482 0.0836 -1.788 -3.172 0.092 0.067 0.972 "" "" 16.911058 2.074932 17.650444 15.575512 "" "" 1743.05359 2848.1731 3239.83585 4.855 1189.2 13.397 4666.1 82.714 "" "" 0.003199836628806055 0.012545627 0.019613955 0.03215958 264.64061886373 -36.21956485199 2107.02222 -1.7880000000000003 -3.1719999999999997
264.789928478 -36.36626191008 0.074 0.0597 16.0656 "" "" 5962675579272134528 2854.58008 0.3693 0.0807 2.422 -0.834 0.091 0.07 1.084 5133.2 3.7944 16.914305 2.205701 17.999165 15.793464 "" "" 2341.79224 3593.51465 3230.16754 3.3397 862.48 10.537 3817.4 15.776 "" "" 0.002975216599153955 0.013554817 0.005866572 0.01942139 264.789928478 -36.36626191008 2854.58008 2.422 -0.834
264.44857765635 -36.43094167145 0.2254 0.1705 7.4464 "" "" 5962683615067372032 3095.6792 0.4917 0.235 -3.96 -7.875 0.259 0.199 3.226 "" "" 16.914951 2.480188 17.956215 15.476027 "" "" 1859.25903 4495.27441 3228.24476 13.649 897.29 11.521 5113.8 14.025 "" "" 0.005353910033912093 0.014217086 0.0048114993 0.019028585 264.44857765635 -36.43094167145 3095.6792 -3.959999999999999 -7.875
264.38778902289 -36.34595626118 0.0773 0.0552 4.41 "" "" 5962731173296654848 2900.49536 0.3801 0.0879 0.131 -0.584 0.102 0.063 1.031 "" "" 16.915354 2.116611 17.8976 15.78099 "" "" 2297.68652 4277.08936 3227.04777 3.3151 947.06 15.072 3861.6 64.152 "" "" 0.002972510738470036 0.017502787 0.018428821 0.03593161 264.38778902289 -36.34595626118 2900.49536 0.131 -0.5840000000000001
264.52950265175 -36.444330912 0.0697 0.0567 8.7656 "" "" 5962683035336321280 3000.76782 0.3165 0.0745 -2.092 -5.121 0.089 0.065 0.897 "" "" 16.915815 2.695968 18.295465 15.599498 "" "" 2393.177 3723.61279 3225.67369 3.2635 656.49 12.025 4564.1 128.91 "" "" 0.002966213369096036 0.020082323 0.030897917 0.05098024 264.52950265175 -36.444330912 3000.76782 -2.092 -5.121
264.42822944132 -36.32350244351 0.0762 0.0599 2.0437 "" "" 5962731482572877440 2108.77661 0.4891 0.0872 -0.43 -2.329 0.101 0.067 1.158 "" "" 16.917906 1.733655 17.711731 15.978076 "" "" 1733.93579 2632.53345 3219.46826 3.2157 1123.9 17.229 3220.5 20.579 "" "" 0.0029610563033847436 0.016876211 0.007900479 0.02477669 264.42822944132 -36.32350244351 2108.77661 -0.43000000000000005 -2.3290000000000006
264.2585344192 -36.38709471676 0.0869 0.0648 11.0858 "" "" 5962708461545284608 2734.33179 0.3588 0.0984 -3.351 -4.727 0.118 0.081 1.076 5005.6 2.9934 16.919825 3.637123 19.137653 15.50053 "" "" 2171.93457 3483.92773 3213.78782 3.9393 302.24 10.951 4999.7 17.236 "" "" 0.003059890043270414 0.039438084 0.005319171 0.044757254 264.2585344192 -36.38709471676 2734.33179 -3.3510000000000004 -4.727000000000001
264.24432240181 -36.37860083789 0.0736 0.0548 11.5119 "" "" 5962708152307663872 2536.30225 0.4331 0.0918 0.358 -1.554 0.105 0.068 1.029 "" "" 16.922476 2.027657 17.946974 15.919317 "" "" 2038.02502 3129.69897 3205.94579 2.4379 904.96 9.8588 3399.6 15.899 "" "" 0.002876360501056722 0.012152841 0.006329824 0.018482666 264.24432240181 -36.37860083789 2536.30225 0.35800000000000004 -1.5540000000000003
264.46188485429 -36.21128707301 0.0748 0.0597 5.7813 "" "" 5962734678028707840 2558.11768 0.4124 0.0823 -2.098 -3.32 0.094 0.07 0.986 6132.2 4.3927 16.927357 1.968831 17.872787 15.903956 "" "" 2157.15088 3136.01904 3191.56798 2.9237 968.95 11.332 3448.1 24.332 "" "" 0.002929341121395828 0.013000767 0.008543102 0.021543868 264.46188485429 -36.21128707301 2558.11768 -2.0980000000000003 -3.3200000000000003
264.61705545692 -36.43972454747 0.0746 0.0586 10.7879 "" "" 5962681386068741376 3075.19116 0.3179 0.0792 -1.831 -1.968 0.087 0.064 1.058 "" "" 16.927362 2.278224 18.13881 15.860585 "" "" 2549.48828 3857.21069 3191.55361 2.8712 758.39 7.3936 3588.6 18.959 "" "" 0.00292332681506697 0.01094649 0.0068692253 0.017815715 264.61705545692 -36.43972454747 3075.19116 -1.8310000000000004 -1.9680000000000004
264.65938730813 -36.45756803788 0.0683 0.0564 12.9841 "" "" 5962680389636214784 2457.57471 0.3918 0.0773 -0.954 -4.276 0.089 0.066 1.025 "" "" 16.927387 1.932978 17.758713 15.825735 "" "" 2123.7688 2951.30908 3191.47897 4.5619 1076.3 46.617 3705.6 48.723 "" "" 0.0031623317974457422 0.0471084 0.014767584 0.061875984 264.65938730813 -36.45756803788 2457.57471 -0.954 -4.276
264.76709247092 -36.17750547166 0.0865 0.065 16.5459 "" "" 5962693893014884864 3040.12402 0.3219 0.0813 -0.911 -0.289 0.097 0.072 1.014 4899.5 3.5784 16.928604 2.666666 18.265879 15.599213 "" "" 2466.47656 3876.01758 3187.90517 10.007 674.63 13.37 4565.3 70.144 "" "" 0.004382635650552502 0.02169756 0.017104663 0.03880222 264.76709247092 -36.17750547166 3040.12402 -0.911 -0.2889999999999999
264.45690490293 -36.35566955362 0.0734 0.0578 2.915 "" "" 5962684474080316544 2416.26514 0.4205 0.0809 -1.386 -1.328 0.093 0.067 1.081 5310.7 4.3319 16.92875 1.926662 17.853207 15.926545 "" "" 2050.03076 3382.27222 3187.47782 3.1618 986.58 11.323 3377.1 17.074 "" "" 0.0029583265475564544 0.012769573 0.00666453 0.019434104 264.45690490293 -36.35566955362 2416.26514 -1.386 -1.328
264.22984976533 -36.26332863599 0.0699 0.0548 11.7076 "" "" 5962736292936630144 2211.56665 0.4811 0.0895 1.454 -2.019 0.087 0.065 0.957 "" "" 16.928814 1.906258 17.865576 15.959318 "" "" 1827.94238 2721.15039 3187.28792 2.5214 975.41 8.7862 3276.7 11.895 "" "" 0.0028860883334866903 0.010170209 0.0054606297 0.01563084 264.22984976533 -36.26332863599 2211.56665 1.4540000000000002 -2.0190000000000006
264.23916817472 -36.12362539263 0.0971 0.0738 15.5562 "" "" 5962749349639295488 2659.11816 0.3903 0.1087 -1.014 -3.171 0.124 0.091 0.972 4705.7 3.1184 16.92885 3.640808 19.15237 15.511562 "" "" 2100.80835 3327.0481 3187.18071 4.6143 298.17 13.051 4949.2 23.462 "" "" 0.0031721667526449383 0.04760487 0.0063855583 0.053990427 264.23916817472 -36.12362539263 2659.11816 -1.014 -3.170999999999999
264.42682724683 -36.38495614311 0.0695 0.0517 5.0058 "" "" 5962684341006668800 2383.07153 0.4314 0.0778 -3.735 -8.195 0.09 0.06 0.958 4828.7 4.2595 16.930008 2.057024 17.972221 15.915197 "" "" 2034.33984 2831.44092 3183.782 2.3773 884.16 12.653 3412.6 13.941 "" "" 0.0028721139200712587 0.015786242 0.005827221 0.021613464 264.42682724683 -36.38495614311 2383.07153 -3.735 -8.195
264.18547499753 -36.38976476571 0.0853 0.0659 14.4074 "" "" 5962711210273724672 2725.17871 0.4136 0.0962 0.388 -2.074 0.114 0.088 1.096 "" "" 16.93284 1.911965 17.895502 15.983537 "" "" 2198.73315 3518.46387 3175.48668 2.917 948.89 7.9299 3204.4 9.7008 "" "" 0.0029302746320469188 0.009492837 0.0050087296 0.014501566 264.18547499753 -36.38976476571 2725.17871 0.38799999999999996 -2.074
264.55241325152 -36.11988494913 0.0778 0.0599 12.021 "" "" 5962741270718444160 2873.61206 0.3569 0.0838 0.159 -1.642 0.108 0.079 1.051 "" "" 16.935284 1.941177 17.919796 15.978619 "" "" 2326.26001 3520.38599 3168.34939 2.5722 927.89 9.795 3218.9 13.327 "" "" 0.0028928770085414786 0.011795993 0.0058728675 0.01766886 264.55241325152 -36.11988494913 2873.61206 0.15899999999999997 -1.642
264.37180996444 -36.29900602449 0.0826 0.062 4.5647 "" "" 5962732479005421312 3061.20264 0.3689 0.0849 0.032 -3.265 0.11 0.075 1.087 4739.1 4.3058 16.936735 1.766419 17.761824 15.995404 "" "" 2374.40869 3974.08081 3164.11742 2.7967 1073.2 7.724 3169.5 19.307 "" "" 0.002917659600385428 0.008297418 0.007617449 0.015914867 264.37180996444 -36.29900602449 3061.20264 0.03200000000000003 -3.2649999999999997
264.35949185375 -36.56074541009 0.0679 0.0527 16.0296 "" "" 5962658463738536704 2996.85352 0.3492 0.0766 -0.226 -3.259 0.087 0.062 1.017 5050.2 4.2533 16.939056 2.065403 17.977999 15.912596 "" "" 2361.85669 4238.05078 3157.35841 2.4823 879.46 5.8805 3420.7 12.61 "" "" 0.0028845144041546463 0.0077774804 0.0055048363 0.013282317 264.35949185375 -36.56074541009 2996.85352 -0.22600000000000006 -3.2590000000000012
264.41396925589 -36.32877204795 0.0736 0.0543 2.8012 "" "" 5962731585613479296 2775.21655 0.3591 0.0794 -0.256 -2.358 0.096 0.062 0.985 6096.7 4.5205 16.93918 1.801947 17.725464 15.923517 "" "" 2281.14844 3663.82886 3156.99911 3.1322 1109.8 9.6194 3386.5 68.584 "" "" 0.002958405848433706 0.009815732 0.022310955 0.032126687 264.41396925589 -36.32877204795 2775.21655 -0.256 -2.358
264.3808708143 -36.05567508434 0.0657 0.0527 15.6624 "" "" 5962745363908761728 2614.46582 0.3854 0.0765 -2.328 -3.872 0.084 0.061 1.056 "" "" 16.939444 2.13874 18.013662 15.874923 "" "" 2233.70581 3397.30151 3156.23501 2.8262 851.04 17.178 3541.5 25.616 "" "" 0.002921809704819377 0.022092178 0.008715329 0.030807506 264.3808708143 -36.05567508434 2614.46582 -2.3279999999999994 -3.8720000000000003
264.51443149622 -36.03833210895 0.0726 0.0592 16.3279 "" "" 5962744917231993216 2230.50122 0.4367 0.0834 -0.466 -0.49 0.091 0.069 0.94 7147.0 4.3188 16.94034 2.179936 18.07212 15.892185 "" "" 1957.30457 2600.84863 3153.63151 4.7911 806.43 14.622 3485.7 47.455 "" "" 0.003211322602661854 0.019883057 0.01525694 0.035139997 264.51443149622 -36.03833210895 2230.50122 -0.4660000000000001 -0.4899999999999999
264.47364996164 -36.43114813796 0.0696 0.0526 7.4234 "" "" 5962683241494873344 2246.55249 0.437 0.0753 -1.513 -2.958 0.086 0.064 1.036 5032.0 4.3032 16.94057 1.9046 17.892475 15.987875 "" "" 1922.599 2734.65967 3152.95828 5.6687 951.54 9.8681 3191.6 31.294 "" "" 0.0033767239182465126 0.011600355 0.011296728 0.022897083 264.47364996164 -36.43114813796 2246.55249 -1.513 -2.958
264.50890436561 -36.43916692696 0.0742 0.0578 8.1667 "" "" 5962683000976628352 2537.36426 0.425 0.0814 -1.555 -3.168 0.089 0.066 1.038 5335.2 4.4634 16.94064 1.733099 17.761715 16.028616 "" "" 2063.03955 3069.15723 3152.7623 2.6498 1073.3 10.114 3074.1 19.552 "" "" 0.0029024983411080974 0.010604823 0.007872114 0.018476937 264.50890436561 -36.43916692696 2537.36426 -1.5550000000000002 -3.168
264.59604790379 -36.16158195767 0.1008 0.0826 10.7982 "" "" 5962740171197247104 3056.35645 0.4208 0.1195 -4.068 -5.92 0.124 0.086 1.26 4507.1 4.3247 16.940907 2.153145 17.94288 15.789736 "" "" 2112.90161 6879.61475 3151.98299 3.8084 908.37 10.54 3830.6 56.899 "" "" 0.0030516766128506094 0.012903295 0.01656424 0.029467536 264.59604790379 -36.16158195767 3056.35645 -4.0680000000000005 -5.92
264.2935275753 -36.14442591047 0.076 0.0583 12.8537 "" "" 5962738766837908736 2502.36523 0.4103 0.0847 0.427 -2.185 0.098 0.07 1.056 5020.6 4.2737 16.941454 2.026098 17.917667 15.891569 "" "" 2060.50513 3101.44043 3150.39753 2.8574 929.71 11.138 3487.6 17.602 "" "" 0.0029260108945936506 0.013303098 0.006656668 0.019959766 264.2935275753 -36.14442591047 2502.36523 0.42699999999999994 -2.1850000000000005
264.37260939334 -36.21610617503 0.077 0.0602 7.0976 "" "" 5962737392448150656 2299.55542 0.4401 0.0827 -1.543 -5.163 0.098 0.07 1.018 4787.5 4.2591 16.942398 2.134032 17.935905 15.801873 "" "" 1876.31409 2808.74951 3147.65598 3.4471 914.23 21.525 3788.0 53.548 "" "" 0.0030009280800787747 0.02571483 0.015806679 0.04152151 264.37260939334 -36.21610617503 2299.55542 -1.5430000000000001 -5.163
264.2609881012 -36.11617488988 0.0639 0.0501 15.1668 "" "" 5962750792720200960 2279.60327 0.4159 0.0748 -0.964 -2.903 0.084 0.06 0.952 6021.4 4.265 16.943968 2.038095 17.872137 15.834042 "" "" 1943.75842 2674.44116 3143.10767 3.0648 969.53 12.857 3677.4 20.921 "" "" 0.0029517123088209944 0.014665877 0.0072413394 0.021907218 264.2609881012 -36.11617488988 2279.60327 -0.9640000000000002 -2.9029999999999996
264.70896588675 -36.14895162538 0.0683 0.0542 15.1439 "" "" 5962694610181652864 2798.2356 0.3392 0.0715 0.42 -2.175 0.086 0.064 0.997 4774.0 3.5272 16.945257 2.687731 18.440563 15.752832 "" "" 2342.86035 3526.93652 3139.37938 2.7734 574.37 11.904 3963.0 24.212 "" "" 0.002917496455415864 0.02267455 0.007634438 0.030308988 264.70896588675 -36.14895162538 2798.2356 0.42 -2.1750000000000003
264.35355904037 -36.31567268071 0.0754 0.0553 5.4391 "" "" 5962732066688556928 2551.68555 0.3738 0.0775 -1.907 -1.567 0.105 0.069 0.926 "" "" 16.945852 1.936535 17.849327 15.912792 "" "" 2110.01392 3288.74756 3137.66077 2.8162 990.12 13.049 3420.1 41.537 "" "" 0.0029225741134931344 0.014578637 0.013717155 0.028295793 264.35355904037 -36.31567268071 2551.68555 -1.9069999999999998 -1.5669999999999997
264.74671362929 -36.31741016066 0.24 0.1962 13.6036 "" "" 5962687673832294784 2491.98096 0.6742 0.2617 -6.916 -7.395 0.29 0.212 3.207 "" "" 16.946148 "" "" "" "" "" 1545.5636 3667.16577 3136.80578 8.1529 "" "" "" "" "" "" 0.00394400451770401 "" "" "" 264.74671362929 -36.31741016066 2491.98096 -6.916000000000001 -7.395
264.60334591935 -36.08903474657 0.08 0.0623 14.712 "" "" 5962742821254712832 2890.33569 0.3347 0.0804 0.203 -5.455 0.1 0.074 1.072 4751.9 3.4808 16.946245 2.981958 18.632654 15.650696 "" "" 2420.39795 3576.76978 3136.52503 3.3265 481.23 11.032 4353.9 20.636 "" "" 0.002986257905533747 0.025045952 0.0063847657 0.031430718 264.60334591935 -36.08903474657 2890.33569 0.203 -5.455
264.15072325026 -36.37636543506 0.0726 0.0585 15.7678 "" "" 5962710557489449984 2315.40698 0.4427 0.0864 4.39 -0.428 0.092 0.072 1.057 4828.9 4.2586 16.947615 2.065416 17.89702 15.831604 "" "" 1984.20312 2997.20776 3132.57073 2.9883 947.56 27.801 3685.7 54.501 "" "" 0.0029435575884971844 0.03197699 0.016493784 0.048470773 264.15072325026 -36.37636543506 2315.40698 4.389999999999999 -0.42799999999999994
264.56188674463 -36.36411453011 0.0987 0.0818 5.758 "" "" 5962684993774741248 2856.1604 0.4686 0.1077 1.709 -0.818 0.118 0.09 1.716 "" "" 16.9493 1.835648 17.661556 15.825909 "" "" 2022.99341 4057.24194 3127.70711 3.8958 1177.0 22.501 3705.1 56.855 "" "" 0.003069314055269959 0.02094298 0.01708398 0.03802696 264.56188674463 -36.36411453011 2856.1604 1.709 -0.8180000000000001
264.27124818395 -36.15454235079 0.0665 0.0493 13.146 "" "" 5962749001653960576 2605.70386 0.3899 0.0766 -0.15 0.155 0.084 0.059 0.993 "" "" 16.949392 1.942406 17.936493 15.994087 "" "" 2164.74365 3305.10181 3127.44746 2.3753 913.73 11.716 3173.4 17.038 "" "" 0.002876070929138942 0.014198344 0.0069472827 0.021145627 264.27124818395 -36.15454235079 2605.70386 -0.14999999999999997 0.155
