Clusters/NGC_7160/NGC_7160_members.tsv
# %ECSV 1.0
# ---
# datatype:
# - name: RA_ICRS_1
#   unit: deg
#   datatype: float64
#   format: '{:15.11f}'
#   description: Right ascension (ICRS) at Ep=2016.0 (ra)
#   meta: !!omap
#   - {ucd: POS_EQ_RA_MAIN}
#   - {width: 15}
#   - {precision: '11'}
# - name: DE_ICRS_1
#   unit: deg
#   datatype: float64
#   format: '{:15.11f}'
#   description: Declination (ICRS) at Ep=2016.0 (dec)
#   meta: !!omap
#   - {ucd: POS_EQ_DEC_MAIN}
#   - {width: 15}
#   - {precision: '11'}
# - name: e_RA_ICRS
#   unit: mas
#   datatype: float64
#   format: '{:7.4f}'
#   description: Standard error of right ascension (ra_error)
#   meta: !!omap
#   - {ucd: ERROR}
#   - {width: 7}
#   - {precision: '4'}
# - name: e_DE_ICRS
#   unit: mas
#   datatype: float64
#   format: '{:7.4f}'
#   description: Standard error of declination (dec_error)
#   meta: !!omap
#   - {ucd: ERROR}
#   - {width: 7}
#   - {precision: '4'}
# - name: _r_1
#   unit: ''
#   datatype: float64
#   format: '{:7.4f}'
#   description: Distance from center (328.44291289000+62.58760505000)[ICRS], at Epoch=J2016.0
#   meta: !!omap
#   - {ucd: POS_ANG_DIST_GENERAL}
#   - {width: 7}
#   - {precision: '4'}
# - name: HIP
#   datatype: int32
#   description: '? HIP cross-id number, van Leeuwen, Cat. I/311 (hip_original_ext_source_id)'
#   meta: !!omap
#   - {ucd: ID_NUMBER}
#   - {width: 6}
#   - values: {'null': -2147483648}
# - name: TYC2
#   datatype: string
#   description: Tycho-2 cross-id name, Hog et al., Cat. I/259 (tyc2_original_ext_source_id)
#   meta: !!omap
#   - {ucd: ID_CROSSID}
#   - {_votable_string_dtype: char}
# - name: Source
#   datatype: int64
#   description: Source identifier, identical to the Gaia-EDR3 source_id (id)
#   meta: !!omap
#   - {ucd: ID_MAIN}
#   - {width: 19}
# - name: rgeo
#   unit: pc
#   datatype: float64
#   format: '{:15.8f}'
#   description: '? Median of the geometric distance posterior (r_med_geo)'
#   meta: !!omap
#   - {ucd: PHYS_DISTANCE_TRUE}
#   - {width: 15}
#   - {precision: '8'}
#   - values: {'null': .nan}
# - name: Plx
#   unit: mas
#   datatype: float64
#   format: '{:9.4f}'
#   description: '? Parallax (parallax)'
#   meta: !!omap
#   - {ucd: POS_PARLX_TRIG}
#   - {width: 9}
#   - {precision: '4'}
#   - values: {'null': .nan}
# - name: e_Plx
#   unit: mas
#   datatype: float32
#   format: '{:7.4f}'
#   description: '? Standard error of parallax (parallax_error)'
#   meta: !!omap
#   - {ucd: ERROR}
#   - {width: 7}
#   - {precision: '4'}
#   - values: {'null': .nan}
# - name: pmRA
#   unit: mas / yr
#   datatype: float64
#   format: '{:9.3f}'
#   description: '? Proper motion in right ascension direction, pmRA*cosDE (pmra)'
#   meta: !!omap
#   - {ucd: POS_EQ_PMRA}
#   - {width: 9}
#   - {precision: '3'}
#   - values: {'null': .nan}
# - name: pmDE
#   unit: mas / yr
#   datatype: float64
#   format: '{:9.3f}'
#   description: '? Proper motion in declination direction (pmdec)'
#   meta: !!omap
#   - {ucd: POS_EQ_PMDEC}
#   - {width: 9}
#   - {precision: '3'}
#   - values: {'null': .nan}
# - name: e_pmRA
#   unit: mas / yr
#   datatype: float32
#   format: '{:6.3f}'
#   description: '? Standard error of proper motion in right ascension direction (pmra_error)'
#   meta: !!omap
#   - {ucd: ERROR}
#   - {width: 6}
#   - {precision: '3'}
#   - values: {'null': .nan}
# - name: e_pmDE
[...]
#         unit: &id001 !astropy.units.Unit {unit: deg}
#         value: !astropy.table.SerializedColumn {name: SkyCoord.dec}
#       distance: !astropy.table.SerializedColumn
#         __class__: astropy.coordinates.distances.Distance
#         unit: !astropy.units.Unit {unit: pc}
#         value: !astropy.table.SerializedColumn {name: SkyCoord.distance}
#       frame: icrs
#       obstime: !astropy.time.Time {format: jyear_str, in_subfmt: '*', jd1: 367701545.0, jd2: 0.0, out_subfmt: '*', precision: 3, scale: tt}
#       pm_dec: !astropy.table.SerializedColumn
#         __class__: astropy.units.quantity.Quantity
#         unit: !astropy.units.Unit {unit: mas / yr}
#         value: !astropy.table.SerializedColumn {name: SkyCoord.pm_dec}
#       pm_ra_cosdec: !astropy.table.SerializedColumn
#         __class__: astropy.units.quantity.Quantity
#         unit: !astropy.units.Unit {unit: mas / yr}
#         value: !astropy.table.SerializedColumn {name: SkyCoord.pm_ra_cosdec}
#       ra: !astropy.table.SerializedColumn
#         __class__: astropy.coordinates.angles.Longitude
#         unit: *id001
#         value: !astropy.table.SerializedColumn {name: SkyCoord.ra}
#         wrap_angle: !astropy.coordinates.Angle
#           unit: *id001
#           value: 360.0
#       representation_type: spherical
# schema: astropy-2.0
RA_ICRS_1 DE_ICRS_1 e_RA_ICRS e_DE_ICRS _r_1 HIP TYC2 Source rgeo Plx e_Plx pmRA pmDE e_pmRA e_pmDE RUWE Teff logg Gmag BP-RP BPmag RPmag RV e_RV b_rgeo B_rgeo FG e_FG FBP e_FBP FRP e_FRP RAVE5 RAVE6 e_Gmag e_BPmag e_RPmag e_BP-RP SkyCoord.ra SkyCoord.dec SkyCoord.distance SkyCoord.pm_ra_cosdec SkyCoord.pm_dec Pmemb
328.47204244755 62.60020318145 0.0214 0.0199 1.1039 108080 4266-1263-1 2204369806948781056 877.020447 1.1238 0.0225 -3.303 -1.375 0.027 0.024 0.986 22720.2 3.91 7.902309 0.089626 7.912065 7.822439 "" "" 858.872559 895.719482 13002384.71369 4181.5 9345200.0 6618.1 5890900.0 2700.6 "" "" 0.002777356137833758 0.0028941757 0.003812017 0.0067061926 328.47204244755 62.60020318145 877.020447 -3.3029999999999995 -1.3749999999999996 0.9
328.36057586061 62.58698068398 0.014 0.0132 2.2748 108052 4266-1293-1 2204369910027981568 918.030212 1.0737 0.0149 -3.446 -1.477 0.019 0.016 0.951 19090.3 4.0212 8.945154 0.244607 9.016001 8.771394 "" "" 903.162903 930.572815 4976053.25091 4434.7 3380800.0 7720.3 2458100.0 5366.1 "" "" 0.0029202863535798367 0.003732594 0.004461114 0.008193708 328.36057586061 62.58698068398 918.030212 -3.4460000000000006 -1.4770000000000005 1.0
328.39189119998 62.59854302533 0.014 0.0119 1.5545 "" 4266-863-1 2204369944387721600 896.780457 1.1009 0.0142 -3.878 -1.742 0.019 0.014 0.96 17568.4 3.9869 9.301863 0.240934 9.373229 9.132295 "" "" 886.056702 908.368408 3582628.36652 1286.0 2432900.0 2255.1 1763000.0 1422.3 "" "" 0.0027827466020616852 0.00296612 0.0038795564 0.0068456763 328.39189119998 62.59854302533 896.780457 -3.878 -1.742 0.8
328.3740421442 62.59793542417 0.0137 0.0115 2.0006 "" 4266-1949-1 2204369910027981056 901.908203 1.0943 0.0135 -3.415 -1.41 0.018 0.014 0.98 15206.2 4.0437 9.807588 0.305527 9.906845 9.601318 "" "" 889.796814 914.402649 2248597.95379 577.18 1488300.0 693.19 1144500.0 404.32 "" "" 0.0027693786961648825 0.0028356255 0.0037987954 0.0066344207 328.3740421442 62.59793542417 901.908203 -3.415 -1.4099999999999995 1.0
328.50699014793 62.61929873382 0.0129 0.0117 2.5973 "" "" 2204463677751576192 896.916809 1.1057 0.0135 -3.601 -1.471 0.017 0.014 0.88 16130.2 4.1404 9.993352 0.208171 10.05646 9.848289 "" "" 884.337646 909.749756 1894986.38371 766.0 1296700.0 870.38 911680.0 617.69 "" "" 0.0027900548575460174 0.0028837756 0.0038503066 0.0067340825 328.50699014793 62.61929873382 896.916809 -3.6010000000000004 -1.4709999999999996 1.0
328.38876697052 62.62230663503 0.0125 0.0114 2.5631 "" "" 2204370116186407936 899.265015 1.0579 0.0134 -3.49 -1.462 0.015 0.013 0.84 10956.9 4.1549 11.484426 0.419683 11.632373 11.212689 "" "" 889.760925 910.057922 479928.20668 83.78 303720.0 196.03 259470.0 72.581 "" "" 0.002761831412031479 0.002876825 0.0037915653 0.0066683902 328.38876697052 62.62230663503 899.265015 -3.49 -1.4620000000000002 0.9
328.49142211162 62.62570506669 0.0524 0.0483 2.6494 "" "" 2204463712111308928 884.576416 1.083 0.0573 -3.476 -1.406 0.067 0.056 4.098 9712.7 4.0905 11.503873 0.458425 11.666415 11.207991 "" "" 846.353027 929.242065 471408.62744 91.68 294340.0 180.5 260590.0 89.255 "" "" 0.0027633993269954994 0.002868511 0.0037976333 0.0066661444 328.49142211162 62.62570506669 884.576416 -3.4759999999999995 -1.4059999999999997 0.9
328.51190534803 62.44302015741 0.0096 0.0093 8.883 "" "" 2204353035093492352 927.216858 1.0374 0.0102 -3.49 -1.471 0.013 0.011 0.95 "" "" 11.941304 0.522736 12.133232 11.610496 -6.14 7.9 919.306152 935.702942 315083.08975 53.631 191480.0 124.33 179870.0 60.916 "" "" 0.0027615109104527458 0.0028778543 0.003797227 0.0066750813 328.51190534803 62.44302015741 927.216858 -3.49 -1.4710000000000005 0.9
328.4819799815 62.57289849489 0.0118 0.0107 1.3942 "" "" 2204366783291813248 928.75415 1.0419 0.0124 -3.356 -1.328 0.016 0.013 1.066 9207.9 4.2505 12.052613 0.465261 12.2211 11.755838 -21.2 9.36 917.052002 941.68927 284381.45301 47.477 176590.0 106.03 157330.0 51.453 "" "" 0.0027612760181038847 0.0028653156 0.0037960252 0.0066613406 328.4819799815 62.57289849489 928.75415 -3.356 -1.328 0.8
328.59754024373 62.59581676136 0.012 0.0113 4.2991 "" 4266-1741-1 2204460477994184704 871.492493 1.1224 0.0127 -3.327 -1.523 0.015 0.014 1.141 "" "" 12.128155 0.56618 12.336074 11.769894 -31.5 26.69 862.470459 881.01825 265268.09101 43.546 158850.0 85.715 155310.0 49.681 "" "" 0.002761078833963338 0.002851014 0.0037953062 0.00664632 328.59754024373 62.59581676136 871.492493 -3.3270000000000004 -1.523 1.0
328.36572411735 62.58856327792 0.012 0.0118 2.133 "" "" 2204369905726304896 884.878906 1.1121 0.0123 -3.416 -1.383 0.016 0.015 1.147 9248.6 4.2285 12.411002 0.53926 12.610616 12.071356 "" "" 872.731506 894.541382 204430.55835 46.131 123360.0 121.36 117660.0 91.34 "" "" 0.0027661915804427593 0.0029876342 0.0038722272 0.0068598613 328.36572411735 62.58856327792 884.878906 -3.415999999999999 -1.3830000000000002 0.9
328.40338441124 62.54681693836 0.0106 0.01 2.6801 "" "" 2204366675909621376 885.114075 1.1113 0.011 -3.63 -1.4 0.014 0.013 1.096 8635.1 4.2116 12.525104 0.613572 12.757021 12.143449 "" "" 876.300781 892.86145 184037.11133 31.834 107800.0 69.615 110100.0 54.25 "" "" 0.002761713345137461 0.0028769174 0.0038170577 0.006693975 328.40338441124 62.54681693836 885.114075 -3.6299999999999994 -1.3999999999999995 1.0
328.46976092464 62.63451811707 0.0111 0.0099 2.9107 "" "" 2204463918269731072 897.116882 1.0974 0.0117 -3.484 -1.445 0.014 0.012 1.126 8951.8 4.259 12.576949 0.581466 12.796497 12.215032 "" "" 887.579529 905.006775 175455.58912 27.396 103950.0 56.948 103070.0 29.189 "" "" 0.002760530658885325 0.0028528664 0.0037918687 0.006644735 328.46976092464 62.63451811707 897.116882 -3.484 -1.445 0.9
328.43959200532 62.68262506495 0.0285 0.0247 5.7019 "" "" 2204464841680953984 964.691101 1.025 0.0309 -3.316 -1.277 0.037 0.029 2.682 9137.1 4.0253 12.608466 0.644137 12.843743 12.199606 "" "" 933.844482 987.779236 170435.54889 41.723 99522.0 116.09 104550.0 131.07 "" "" 0.002768110196570351 0.0030641528 0.0040170182 0.007081171 328.43959200532 62.68262506495 964.691101 -3.3159999999999994 -1.2769999999999995 0.9
328.48170539581 62.60501266689 0.0169 0.016 1.4962 "" "" 2204369806948781440 866.463318 1.1327 0.0177 -3.508 -1.582 0.021 0.019 1.516 9159.9 4.3333 12.728188 0.626925 12.964555 12.337629 "" "" 854.119263 879.508911 152641.07883 34.035 89042.0 66.51 92068.0 57.468 "" "" 0.002765935185638848 0.0029056421 0.003839663 0.006745305 328.48170539581 62.60501266689 866.463318 -3.507999999999999 -1.5819999999999999 0.9
328.39776633006 62.50088262652 0.0116 0.0109 5.3511 "" "" 2204365919995378560 904.846008 1.0947 0.0122 -3.393 -1.314 0.015 0.013 1.172 6160.9 3.6886 12.768326 1.106681 13.234923 12.128243 -30.61 5.08 895.149475 912.998779 147101.33001 41.455 69414.0 74.158 111650.0 104.06 "" "" 0.0027722571199771066 0.0030216728 0.0039125085 0.0069341813 328.39776633006 62.50088262652 904.846008 -3.3930000000000007 -1.3140000000000007 1.0
328.34706088322 62.64286840968 0.0163 0.0155 4.2417 "" "" 2204370833437960704 895.577087 1.0997 0.0178 -3.309 -1.311 0.021 0.018 1.419 7986.0 4.1856 12.90009 0.769302 13.200381 12.431079 "" "" 883.602051 911.795776 130289.86439 35.283 71658.0 68.227 84475.0 37.359 "" "" 0.0027709633852234152 0.0029755149 0.003809762 0.006785277 328.34706088322 62.64286840968 895.577087 -3.3089999999999993 -1.310999999999999 0.9
328.43505842516 62.63804611629 0.0101 0.0084 3.0342 "" "" 2204370146243193472 911.091003 1.0727 0.01 -3.984 -1.533 0.012 0.01 0.934 "" "" 13.089047 1.092891 13.54958 12.456689 -26.58 3.44 901.232727 919.755615 109478.34636 21.624 51950.0 36.88 82505.0 39.713 "" "" 0.0027636532867382746 0.0028946756 0.0038153436 0.006710019 328.43505842516 62.63804611629 911.091003 -3.984 -1.533 0.8
328.38772807639 62.61755209716 0.0185 0.0168 2.3558 "" "" 2204370013107320576 873.728271 1.1211 0.0195 -3.278 -1.721 0.024 0.02 1.926 6859.4 3.9055 13.185398 1.065633 13.626368 12.560736 -22.86 3.31 857.785706 888.928467 100181.46933 27.864 48403.0 27.27 74966.0 30.808 "" "" 0.0027718193022101037 0.0028564353 0.0038056294 0.0066620647 328.38772807639 62.61755209716 873.728271 -3.278 -1.721 0.9
328.65335008737 62.56651062336 0.0114 0.011 5.9512 "" "" 2204459481561773184 1000.50372 0.9737 0.0123 -3.095 -1.528 0.014 0.013 0.986 7949.8 4.2532 13.787634 0.982013 14.192189 13.210176 "" "" 985.612061 1014.40765 57529.83672 11.587 28744.0 25.263 41218.0 24.425 "" "" 0.002763984229974714 0.0029488371 0.0038337545 0.0067825913 328.65335008737 62.56651062336 1000.50372 -3.0949999999999998 -1.5280000000000005 0.9
328.53587552643 62.5038678146 0.0149 0.0146 5.6441 "" "" 2204365443262037888 926.721619 1.0482 0.0156 -3.507 -1.819 0.02 0.019 1.011 5357.3 4.106 14.54221 1.444983 15.196807 13.751823 -11.78 6.21 914.673279 944.338562 28711.95513 38.264 11394.0 49.743 25028.0 91.73 "" "" 0.003112143657417685 0.005500257 0.0054880567 0.010988314 328.53587552643 62.5038678146 926.721619 -3.507 -1.819 0.9
328.68398455166 62.5147976383 0.0145 0.0144 7.971 "" "" 2204447356875925248 900.307922 1.0855 0.0164 -3.42 -1.344 0.02 0.018 0.952 5883.4 4.165 14.627361 1.196207 15.141284 13.945077 -32.27 14.19 890.220459 913.765625 26546.18888 11.3 11992.0 18.855 20947.0 22.94 "" "" 0.002793812691526711 0.0032709695 0.003962012 0.0072329817 328.68398455166 62.5147976383 900.307922 -3.42 -1.344 1.0
328.4478146159 62.51998222579 0.0252 0.0226 4.0596 "" "" 2204366336615222400 907.496582 1.071 0.0255 -3.476 -1.163 0.032 0.028 1.276 4975.0 4.1889 15.151235 1.475699 15.806379 14.33068 "" "" 889.64978 930.88092 16385.2373 26.05 6499.3 35.866 14685.0 122.5 "" "" 0.0032513679481329075 0.006609385 0.009813958 0.016423343 328.4478146159 62.51998222579 907.496582 -3.4760000000000004 -1.1630000000000007 0.9
328.37674402452 62.52270929834 0.0222 0.0196 4.3023 "" "" 2204366199176258176 905.518066 1.0729 0.0225 -3.518 -1.305 0.029 0.024 0.948 4742.0 4.1478 15.45239 1.568215 16.181488 14.613273 "" "" 887.768433 924.495239 12416.26128 15.739 4600.7 21.549 11320.0 39.9 "" "" 0.003079930069739825 0.0058005713 0.0053785816 0.011179153 328.37674402452 62.52270929834 905.518066 -3.5179999999999993 -1.3049999999999997 0.9
328.60634772494 62.54492484892 0.0279 0.0256 5.1932 "" "" 2204459348424583168 918.543274 1.0663 0.0297 -3.405 -1.262 0.035 0.032 1.109 4933.1 4.1956 15.635802 1.724272 16.459034 14.734762 "" "" 897.330505 943.82959 10486.38389 14.435 3562.9 19.87 10122.0 37.796 "" "" 0.0031345684651418082 0.006666994 0.0055425772 0.012209572 328.60634772494 62.54492484892 918.543274 -3.405 -1.2620000000000007 1.0
328.37171597848 62.58322222502 0.0264 0.024 1.9844 "" "" 2204369703869554048 944.824768 1.0314 0.0275 -3.463 -1.502 0.034 0.029 1.052 4681.3 4.1448 15.845163 1.789272 16.702492 14.913219 "" "" 922.27533 970.074951 8647.31448 19.284 2847.2 36.375 8587.6 56.704 "" "" 0.003668004281037084 0.014148889 0.008104326 0.022253215 328.37171597848 62.58322222502 944.824768 -3.463 -1.5019999999999996 1.0
328.45849716359 62.46616134623 0.0275 0.0265 7.2994 "" "" 2204364927865960704 905.772156 1.0808 0.0294 -3.581 -1.245 0.037 0.032 1.074 4581.5 4.1852 15.985752 1.62984 16.755714 15.125875 "" "" 881.741943 927.787903 7597.06748 12.002 2711.0 17.982 7060.1 28.101 "" "" 0.0032456020839011102 0.007723276 0.0057410058 0.013464281 328.45849716359 62.46616134623 905.772156 -3.5810000000000004 -1.2449999999999997 0.8
328.4043585634 62.47969410045 0.0283 0.0279 6.562 "" "" 2204365168384120320 923.353821 1.0686 0.0306 -3.485 -1.245 0.037 0.034 1.036 5019.8 4.2267 16.14367 1.824958 17.012486 15.187528 "" "" 895.025879 951.801697 6568.69812 21.474 2140.0 25.364 6670.3 55.082 "" "" 0.0044933512545701345 0.013167521 0.009729807 0.02289733 328.4043585634 62.47969410045 923.353821 -3.4849999999999985 -1.2449999999999999 1.0
328.48194270859 62.75820339193 0.0426 0.0352 10.2922 "" "" 2216475258166849024 912.250305 1.0771 0.0436 -3.566 -1.083 0.055 0.043 1.181 4681.5 4.2701 16.175709 1.716392 16.98283 15.266438 "" "" 876.548584 946.580933 6377.68841 13.339 2199.3 18.37 6202.7 34.762 "" "" 0.00357049716610217 0.009488302 0.00716302 0.016651321 328.48194270859 62.75820339193 912.250305 -3.566 -1.0829999999999997 0.8
328.49843078154 62.61886155214 0.0468 0.0399 2.4221 "" "" 2204463643391835904 856.172485 1.1283 0.0486 -3.466 -1.312 0.059 0.047 1.047 4228.2 4.2818 16.67846 1.992038 17.676924 15.684886 "" "" 823.565369 900.109192 4013.86873 3.9572 1160.5 15.035 4218.9 20.746 "" "" 0.0029559366506159146 0.014340443 0.0065412987 0.020881742 328.49843078154 62.61886155214 856.172485 -3.466000000000001 -1.312 1.0
328.67277545037 62.56241611112 0.0425 0.0397 6.5296 "" "" 2204459412843185664 965.951599 1.0132 0.0453 -3.357 -1.389 0.053 0.048 1.0 4109.1 4.1403 16.722902 2.358605 17.97672 15.618115 "" "" 928.883362 1008.21259 3852.88073 6.3757 880.5 10.926 4486.5 26.721 "" "" 0.003289344479013894 0.013758631 0.007489951 0.021248583 328.67277545037 62.56241611112 965.951599 -3.3570000000000007 -1.3890000000000007 0.8
328.29277753068 62.51658424708 0.0442 0.0389 5.9497 "" "" 2204369085394270848 919.310669 1.0688 0.0446 -3.352 -1.292 0.058 0.048 1.0 "" "" 16.81422 1.968808 17.740578 15.77177 "" "" 882.890198 952.329102 3542.07934 6.7124 1094.4 13.747 3894.5 21.406 "" "" 0.0034387749920786127 0.013920659 0.007063806 0.020984465 328.29277753068 62.51658424708 919.310669 -3.3520000000000003 -1.2919999999999998 1.0
328.3125619814 62.58517566916 0.0527 0.0464 3.6038 "" "" 2204369566430592512 877.554016 1.1041 0.0538 -3.496 -1.329 0.069 0.056 1.088 3829.5 4.0426 16.972237 2.325769 18.204994 15.879226 "" "" 838.194092 920.983643 3062.33007 5.2458 713.54 13.136 3527.5 25.117 "" "" 0.0033242937274134063 0.020181794 0.008605182 0.028786976 328.3125619814 62.58517566916 877.554016 -3.496000000000001 -1.3290000000000006 0.9
