Clusters/NGC_7160/NGC_7160_stars_in_region.tsv
# %ECSV 1.0
# ---
# datatype:
# - name: RA_ICRS_1
#   unit: deg
#   datatype: float64
#   format: '{:15.11f}'
#   description: Right ascension (ICRS) at Ep=2016.0 (ra)
#   meta: !!omap
#   - {ucd: POS_EQ_RA_MAIN}
#   - {width: 15}
#   - {precision: '11'}
# - name: DE_ICRS_1
#   unit: deg
#   datatype: float64
#   format: '{:15.11f}'
#   description: Declination (ICRS) at Ep=2016.0 (dec)
#   meta: !!omap
#   - {ucd: POS_EQ_DEC_MAIN}
#   - {width: 15}
#   - {precision: '11'}
# - name: e_RA_ICRS
#   unit: mas
#   datatype: float64
#   format: '{:7.4f}'
#   description: Standard error of right ascension (ra_error)
#   meta: !!omap
#   - {ucd: ERROR}
#   - {width: 7}
#   - {precision: '4'}
# - name: e_DE_ICRS
#   unit: mas
#   datatype: float64
#   format: '{:7.4f}'
#   description: Standard error of declination (dec_error)
#   meta: !!omap
#   - {ucd: ERROR}
#   - {width: 7}
#   - {precision: '4'}
# - name: _r_1
#   unit: ''
#   datatype: float64
#   format: '{:7.4f}'
#   description: Distance from center (328.44291289000+62.58760505000)[ICRS], at Epoch=J2016.0
#   meta: !!omap
#   - {ucd: POS_ANG_DIST_GENERAL}
#   - {width: 7}
#   - {precision: '4'}
# - name: HIP
#   datatype: int32
#   description: '? HIP cross-id number, van Leeuwen, Cat. I/311 (hip_original_ext_source_id)'
#   meta: !!omap
#   - {ucd: ID_NUMBER}
#   - {width: 6}
#   - values: {'null': -2147483648}
# - name: TYC2
#   datatype: string
#   description: Tycho-2 cross-id name, Hog et al., Cat. I/259 (tyc2_original_ext_source_id)
#   meta: !!omap
#   - {ucd: ID_CROSSID}
#   - {_votable_string_dtype: char}
# - name: Source
#   datatype: int64
#   description: Source identifier, identical to the Gaia-EDR3 source_id (id)
#   meta: !!omap
#   - {ucd: ID_MAIN}
#   - {width: 19}
# - name: rgeo
#   unit: pc
#   datatype: float64
#   format: '{:15.8f}'
#   description: '? Median of the geometric distance posterior (r_med_geo)'
#   meta: !!omap
#   - {ucd: PHYS_DISTANCE_TRUE}
#   - {width: 15}
#   - {precision: '8'}
#   - values: {'null': .nan}
# - name: Plx
#   unit: mas
#   datatype: float64
#   format: '{:9.4f}'
#   description: '? Parallax (parallax)'
#   meta: !!omap
#   - {ucd: POS_PARLX_TRIG}
#   - {width: 9}
#   - {precision: '4'}
#   - values: {'null': .nan}
# - name: e_Plx
#   unit: mas
#   datatype: float32
#   format: '{:7.4f}'
#   description: '? Standard error of parallax (parallax_error)'
#   meta: !!omap
#   - {ucd: ERROR}
#   - {width: 7}
#   - {precision: '4'}
#   - values: {'null': .nan}
# - name: pmRA
#   unit: mas / yr
#   datatype: float64
#   format: '{:9.3f}'
#   description: '? Proper motion in right ascension direction, pmRA*cosDE (pmra)'
#   meta: !!omap
#   - {ucd: POS_EQ_PMRA}
#   - {width: 9}
#   - {precision: '3'}
#   - values: {'null': .nan}
# - name: pmDE
#   unit: mas / yr
#   datatype: float64
#   format: '{:9.3f}'
#   description: '? Proper motion in declination direction (pmdec)'
#   meta: !!omap
#   - {ucd: POS_EQ_PMDEC}
#   - {width: 9}
#   - {precision: '3'}
#   - values: {'null': .nan}
# - name: e_pmRA
#   unit: mas / yr
#   datatype: float32
#   format: '{:6.3f}'
#   description: '? Standard error of proper motion in right ascension direction (pmra_error)'
#   meta: !!omap
#   - {ucd: ERROR}
#   - {width: 6}
#   - {precision: '3'}
#   - values: {'null': .nan}
# - name: e_pmDE
[...]
#         unit: &id001 !astropy.units.Unit {unit: deg}
#         value: !astropy.table.SerializedColumn {name: SkyCoord.dec}
#       distance: !astropy.table.SerializedColumn
#         __class__: astropy.coordinates.distances.Distance
#         unit: !astropy.units.Unit {unit: pc}
#         value: !astropy.table.SerializedColumn {name: SkyCoord.distance}
#       frame: icrs
#       obstime: !astropy.time.Time {format: jyear_str, in_subfmt: '*', jd1: 367701545.0, jd2: 0.0, out_subfmt: '*', precision: 3, scale: tt}
#       pm_dec: !astropy.table.SerializedColumn
#         __class__: astropy.units.quantity.Quantity
#         unit: !astropy.units.Unit {unit: mas / yr}
#         value: !astropy.table.SerializedColumn {name: SkyCoord.pm_dec}
#       pm_ra_cosdec: !astropy.table.SerializedColumn
#         __class__: astropy.units.quantity.Quantity
#         unit: !astropy.units.Unit {unit: mas / yr}
#         value: !astropy.table.SerializedColumn {name: SkyCoord.pm_ra_cosdec}
#       ra: !astropy.table.SerializedColumn
#         __class__: astropy.coordinates.angles.Longitude
#         unit: *id001
#         value: !astropy.table.SerializedColumn {name: SkyCoord.ra}
#         wrap_angle: !astropy.coordinates.Angle
#           unit: *id001
#           value: 360.0
#       representation_type: spherical
# schema: astropy-2.0
RA_ICRS_1 DE_ICRS_1 e_RA_ICRS e_DE_ICRS _r_1 HIP TYC2 Source rgeo Plx e_Plx pmRA pmDE e_pmRA e_pmDE RUWE Teff logg Gmag BP-RP BPmag RPmag RV e_RV b_rgeo B_rgeo FG e_FG FBP e_FBP FRP e_FRP RAVE5 RAVE6 e_Gmag e_BPmag e_RPmag e_BP-RP SkyCoord.ra SkyCoord.dec SkyCoord.distance SkyCoord.pm_ra_cosdec SkyCoord.pm_dec
[from data line 397]
328.28787613885 62.36079561135 0.0114 0.0116 14.2714 "" "" 2204350909092351616 1060.86047 0.9185 0.0125 -2.388 -0.74 0.015 0.015 1.035 7044.6 4.2375 14.08614 0.994676 14.496493 13.501818 "" "" 1048.29041 1072.46545 43700.93309 7.5972 21718.0 14.861 31509.0 19.265 "" "" 0.0027617776872667327 0.0028873873 0.0038372388 0.006724626 328.28787613885 62.36079561135 1060.86047 -2.388000000000001 -0.7400000000000001
329.30789077259 62.84056556202 0.0131 0.0125 28.2205 "" "" 2204459039187202816 867.149536 1.1253 0.0139 4.008 -9.608 0.017 0.015 1.028 5521.8 4.1059 14.087647 1.255654 14.635068 13.379414 -5.3 4.61 858.085449 878.759033 43640.29996 7.9772 19116.0 21.152 35269.0 22.102 "" "" 0.002762458747208067 0.00303782 0.0038401391 0.0068779592 329.30789077259 62.84056556202 867.149536 4.008 -9.607999999999999
328.01676963367 63.15467915602 0.0118 0.0123 35.9664 "" "" 2216545901790416896 1008.18958 0.9658 0.0131 4.201 4.249 0.016 0.015 1.042 5037.5 3.6875 14.088645 1.392765 14.720072 13.327307 -47.26 3.71 996.048462 1021.79156 43600.21213 6.6926 17676.0 14.88 37003.0 19.418 "" "" 0.0027603559288679877 0.0029360573 0.0038220875 0.006758145 328.01676963367 63.15467915602 1008.18958 4.201 4.249
326.99783996027 62.71931392427 0.0132 0.0128 40.605 "" "" 2216417052772307712 929.159668 1.0485 0.015 1.552 5.338 0.018 0.015 1.068 5431.3 4.0739 14.092018 1.273218 14.652731 13.379513 -30.7 8.71 917.556091 943.526367 43464.99696 7.3624 18807.0 14.462 35266.0 20.707 "" "" 0.002761451084255621 0.002912405 0.0038327721 0.0067451773 326.99783996027 62.71931392427 929.159668 1.552 5.337999999999999
327.11779378907 62.3367687063 0.034 0.0391 39.7196 "" "" 2216348505092838144 1064.87671 0.9146 0.0394 -4.093 -2.584 0.043 0.045 2.289 6006.9 4.0871 14.093491 1.101879 14.387596 13.285717 -13.34 11.58 1027.72498 1105.90076 43406.0921 24.499 24009.0 165.11 38448.0 325.96 "" "" 0.002822643943238896 0.007970907 0.009950491 0.017921397 327.11779378907 62.3367687063 1064.87671 -4.092999999999999 -2.584
329.04210932318 62.24009615516 0.0118 0.0121 26.6816 "" "" 2204390594586627328 794.521118 1.2304 0.0135 -12.742 11.583 0.015 0.014 1.061 5866.5 4.0559 14.093698 1.169813 14.595048 13.425235 -12.79 5.21 785.007812 805.324951 43397.79265 8.091 19833.0 19.662 33811.0 17.122 "" "" 0.0027627457870727833 0.0029905904 0.003819166 0.006809756 329.04210932318 62.24009615516 794.521118 -12.742000000000003 11.583000000000002
329.36711469044 63.0976063294 0.0121 0.0129 39.7104 "" "" 2204500511391706240 950.010193 1.026 0.0138 2.96 -2.741 0.017 0.016 0.996 6569.6 4.23 14.095107 1.00835 14.512061 13.503711 -31.29 14.7 937.77832 961.337524 43341.49874 7.857 21409.0 15.904 31454.0 15.969 "" "" 0.002762341204143812 0.002904407 0.003819368 0.006723775 329.36711469044 63.0976063294 950.010193 2.96 -2.741
328.61735466242 61.94814484357 0.0124 0.0121 38.6755 "" "" 2204292119578548992 944.060669 1.0323 0.0135 -7.083 -18.997 0.017 0.015 0.906 6029.2 4.029 14.110055 1.20194 14.62749 13.42555 -46.69 4.79 930.763428 959.680176 42748.88675 7.1333 19250.0 23.105 33802.0 25.502 "" "" 0.002761270093869804 0.003079495 0.0038671321 0.006946627 328.61735466242 61.94814484357 944.060669 -7.082999999999998 -18.997
327.30288022022 62.5811981492 0.0127 0.0138 31.497 "" "" 2216388121871580160 937.729858 1.0421 0.0142 2.207 -0.907 0.016 0.018 0.977 5664.0 4.1568 14.112547 1.060833 14.558349 13.497516 -33.68 4.36 925.216736 949.990234 42650.86474 7.1649 20515.0 17.067 31634.0 17.384 "" "" 0.0027613504613085782 0.0029327318 0.0038261886 0.0067589204 327.30288022022 62.5811981492 937.729858 2.207 -0.9069999999999999
329.14771483788 62.32769248333 0.0187 0.0209 25.011 "" "" 2204392553091689344 1049.18225 0.9243 0.0218 -4.48 -7.65 0.027 0.025 1.533 6523.9 4.1742 14.114225 0.971609 14.51237 13.540761 -15.68 5.06 1019.79138 1071.54199 42584.98023 8.8792 21403.0 23.934 30399.0 16.824 "" "" 0.002764604522839194 0.0030428865 0.0038268517 0.006869738 329.14771483788 62.32769248333 1049.18225 -4.48 -7.65
329.13330668174 62.36724771912 0.0128 0.0135 23.2638 "" "" 2204395679827840000 798.378418 1.2243 0.0149 -2.419 -0.062 0.018 0.016 0.992 5824.4 4.2605 14.130408 1.045879 14.567562 13.521683 -10.92 8.06 787.715759 808.608337 41954.95964 7.8007 20342.0 24.944 30937.0 18.187 "" "" 0.002762705454489328 0.0030915332 0.0038328997 0.0069244327 329.13330668174 62.36724771912 798.378418 -2.4190000000000005 -0.06200000000000002
329.62575783351 62.99362106726 0.0126 0.0127 40.5763 "" "" 2204484912070585472 1076.77246 0.9024 0.0146 -10.841 -3.869 0.017 0.016 1.061 5816.9 4.0289 14.136029 1.204257 14.654561 13.450304 -33.23 5.28 1058.32117 1098.00305 41738.33109 8.2367 18776.0 19.21 33040.0 17.482 "" "" 0.0027636383711514417 0.0030031644 0.0038227942 0.0068259584 329.62575783351 62.99362106726 1076.77246 -10.841000000000001 -3.8690000000000007
328.33907349085 62.27911012676 0.0117 0.0114 18.7329 "" "" 2204349706501612928 905.517395 1.0782 0.0127 -3.511 -1.488 0.015 0.013 1.051 5502.4 4.0851 14.136462 1.286456 14.701654 13.415197 -8.93 4.37 895.499146 917.520325 41721.69962 18.111 17979.0 23.167 34126.0 43.329 "" "" 0.0027953390753709733 0.0031212734 0.0040229447 0.0071442183 328.33907349085 62.27911012676 905.517395 -3.511 -1.4879999999999995
327.4388456741 62.1125547701 0.0192 0.0191 39.9245 "" "" 2204332354834589056 960.566528 1.0152 0.0207 -0.793 -4.531 0.025 0.024 1.518 6520.1 4.1098 14.139145 1.234322 14.671893 13.437571 3.53 5.28 939.606812 980.731445 41618.72607 13.035 18478.0 27.941 33430.0 26.042 "" "" 0.0027762250297425316 0.0032373513 0.0038728653 0.0071102167 327.4388456741 62.1125547701 960.566528 -0.7930000000000001 -4.5310000000000015
328.90924608863 62.8261382463 0.0175 0.0167 19.2208 "" "" 2204472542564327296 790.26416 1.2416 0.0189 -1.378 4.238 0.025 0.02 1.32 6043.1 4.2891 14.140086 1.037108 14.569576 13.532469 -41.81 4.99 778.594299 802.30481 41582.6494 8.7106 20304.0 18.826 30632.0 20.063 "" "" 0.0027646910825148982 0.0029662258 0.003845702 0.006811928 328.90924608863 62.8261382463 790.26416 -1.378 4.2379999999999995
328.45838864661 62.94360041768 0.0585 0.0577 21.3639 "" "" 2216481683437872768 1060.39673 0.9332 0.0633 9.351 5.097 0.077 0.075 4.971 5373.6 4.1839 14.151714 1.220258 14.640924 13.420667 -45.56 9.77 994.060547 1129.16016 41139.69604 37.583 19013.0 16.18 33954.0 20.02 "" "" 0.0029284116990843357 0.0029391744 0.0038332166 0.006772391 328.45838864661 62.94360041768 1060.39673 9.350999999999999 5.097000000000001
327.35182297991 62.40713959571 0.0124 0.0135 32.1114 "" "" 2216350257439532544 984.711914 0.9857 0.0137 3.3 -1.223 0.016 0.016 1.025 5862.6 4.0232 14.153656 1.182812 14.665126 13.482314 -33.0 4.21 971.512634 999.242676 41066.17011 7.0808 18594.0 24.436 32080.0 20.48 "" "" 0.002761672667090809 0.0031338444 0.003842417 0.0069762613 327.35182297991 62.40713959571 984.711914 3.2999999999999994 -1.223
327.90280505083 62.57406245104 0.0135 0.0122 14.9451 "" "" 2216373244104995968 807.429382 1.2097 0.014 6.803 0.75 0.018 0.015 0.959 6021.2 4.2748 14.157883 1.08374 14.615221 13.531481 -16.92 4.76 799.539673 815.3172 40906.61811 7.5909 19468.0 17.417 30660.0 22.472 "" "" 0.0027626766202507136 0.0029544155 0.0038622527 0.0068166684 327.90280505083 62.57406245104 807.429382 6.803 0.7499999999999998
329.65056286678 62.53388375486 0.0118 0.0127 33.5444 "" "" 2204401589703240960 907.534424 1.0711 0.0138 -1.805 -3.889 0.016 0.016 0.935 6240.4 4.1449 14.162094 1.020893 14.584805 13.563911 -4.94 6.79 898.513 917.463318 40748.25329 7.9814 20021.0 19.052 29757.0 25.513 "" "" 0.0027635150554659108 0.0029753193 0.0038923356 0.0068676546 329.65056286678 62.53388375486 907.534424 -1.8049999999999997 -3.8889999999999993
328.14153993626 62.67338364246 0.0151 0.013 9.7772 "" "" 2216381284284040960 871.770081 1.1189 0.0167 -3.361 5.055 0.02 0.016 0.95 5919.5 4.0404 14.16272 1.144011 14.650989 13.506977 -16.25 7.18 859.843811 884.612732 40724.78055 8.0172 18837.0 25.455 31359.0 20.748 "" "" 0.0027635981458451996 0.0031524098 0.0038470456 0.0069994554 328.14153993626 62.67338364246 871.770081 -3.3609999999999998 5.054999999999999
327.70334618785 62.11919690749 0.0139 0.0165 34.8395 "" "" 2204330327602646272 996.481506 0.9773 0.0163 -4.851 -9.08 0.019 0.02 1.323 "" "" 14.163516 "" "" "" -16.84 5.42 980.721252 1012.7489 40694.92797 14.892 "" "" "" "" "" "" 0.0027838193430088235 "" "" "" 327.70334618785 62.11919690749 996.481506 -4.851 -9.079999999999998
328.19850528729 62.19391562265 0.0119 0.012 24.5795 "" "" 2204343315590279040 769.61554 1.2747 0.013 -6.393 -10.937 0.015 0.015 1.002 5721.4 4.233 14.164196 1.16802 14.665796 13.497776 -17.32 3.61 761.835022 775.859497 40669.45552 7.3705 18582.0 15.306 31626.0 27.702 "" "" 0.0027623371935098762 0.002929993 0.0038972006 0.0068271933 328.19850528729 62.19391562265 769.61554 -6.393000000000001 -10.936999999999998
327.7202428161 62.5211319929 0.0132 0.0147 20.379 "" "" 2216372831788113536 964.412842 1.0098 0.0149 -4.624 -4.04 0.017 0.019 1.138 6620.5 4.198 14.166978 1.081654 14.617323 13.535668 -26.09 8.61 950.785156 977.276123 40565.38742 7.2424 19431.0 20.188 30542.0 33.18 "" "" 0.002762130463396635 0.0030095698 0.003959164 0.006968734 327.7202428161 62.5211319929 964.412842 -4.623999999999999 -4.039999999999999
327.37976350168 62.56582858419 0.0137 0.013 29.4074 "" "" 2216387121137283456 892.095764 1.0981 0.0145 3.319 4.77 0.017 0.015 1.049 5925.4 4.1357 14.169587 1.073194 14.621388 13.548195 -19.49 4.24 880.547302 901.963745 40468.01667 7.3422 19358.0 16.553 30191.0 25.804 "" "" 0.0027623528851168947 0.0029405775 0.0038916392 0.006832217 327.37976350168 62.56582858419 892.095764 3.3190000000000004 4.77
328.69946861766 62.0326642341 0.0132 0.0128 34.0561 "" "" 2204292944212244736 855.03418 1.1413 0.0139 -5.072 -3.955 0.018 0.016 1.092 5884.6 4.0506 14.172559 1.128796 14.64584 13.517044 -48.71 5.44 845.277527 864.663879 40357.41902 7.5783 18927.0 22.752 31070.0 33.787 "" "" 0.002762852889574935 0.0030803373 0.003959512 0.007039849 328.69946861766 62.0326642341 855.03418 -5.071999999999999 -3.955
329.09053377778 62.46077286593 0.0125 0.0138 19.4759 "" "" 2204444023981437952 984.971985 0.9913 0.0148 -5.823 -6.838 0.016 0.016 1.011 6625.3 4.0893 14.178348 1.109879 14.648067 13.538187 -42.15 7.38 969.333679 1004.10474 40142.79215 8.6165 18888.0 17.133 30471.0 18.917 "" "" 0.002765158464550936 0.0029588824 0.003839019 0.0067979014 329.09053377778 62.46077286593 984.971985 -5.8229999999999995 -6.838
328.99547291861 62.2572184759 0.0126 0.0135 25.0704 "" "" 2204390491507374720 937.009155 1.0381 0.0145 -2.641 1.284 0.017 0.016 1.105 6143.9 4.185 14.180718 1.14471 14.670344 13.525634 -4.11 4.06 925.866455 948.495789 40055.24345 7.0102 18505.0 15.005 30825.0 17.205 "" "" 0.002761864649511341 0.0029257683 0.0038276582 0.0067534265 328.99547291861 62.2572184759 937.009155 -2.641 1.2840000000000003
328.68228005958 63.19222586416 0.0112 0.0119 36.8628 "" "" 2216502127482375680 898.051453 1.0875 0.0123 -9.302 1.36 0.015 0.015 1.013 5810.4 4.1572 14.180857 1.089376 14.637238 13.547861 -11.93 4.97 890.014404 907.26593 40050.14167 6.9065 19078.0 21.546 30200.0 19.639 "" "" 0.0027616742988162443 0.0030477191 0.0038447673 0.0068924865 328.68228005958 63.19222586416 898.051453 -9.302 1.36
327.52190534758 62.19507398789 0.0283 0.0314 34.7921 "" "" 2204334377750710784 806.442139 1.2099 0.0325 -2.067 -0.414 0.037 0.039 2.606 5605.5 4.2316 14.180982 1.20262 14.691661 13.489041 -38.81 6.41 786.314453 831.399963 40045.54206 9.5947 18145.0 14.36 31882.0 21.224 "" "" 0.002767573029610322 0.0029194804 0.0038478745 0.006767355 327.52190534758 62.19507398789 806.442139 -2.067 -0.41399999999999976
329.20012978658 62.6857141338 0.0127 0.0135 21.6961 "" "" 2204455500133970944 881.266724 1.1094 0.0144 8.194 -0.574 0.016 0.016 1.031 6261.9 4.2404 14.192022 1.06632 14.638673 13.572352 -23.87 8.04 870.458069 894.003174 39640.39677 6.9685 19052.0 20.141 29527.0 11.981 "" "" 0.002761923015131458 0.0030170323 0.0038049724 0.006822005 329.20012978658 62.6857141338 881.266724 8.194 -0.5739999999999998
327.35751834056 62.62870083772 0.0243 0.0258 30.0626 "" "" 2216388362389744512 921.065125 1.0638 0.0282 -2.574 -2.702 0.032 0.031 1.977 6520.3 4.2989 14.192597 1.010799 14.596443 13.585644 -28.81 8.74 896.337036 948.656677 39619.37623 16.868 19808.0 22.328 29168.0 17.787 "" "" 0.002793826722322538 0.003046784 0.0038369384 0.0068837227 327.35751834056 62.62870083772 921.065125 -2.574 -2.702
327.96965197648 62.59249949573 0.0138 0.012 13.0753 "" "" 2216379257059219712 872.197449 1.1249 0.0137 -10.915 -4.741 0.018 0.015 0.94 5467.7 4.1326 14.195998 1.239351 14.735796 13.496445 -91.83 3.8 861.500244 882.589172 39495.48393 6.2561 17422.0 17.631 31665.0 15.964 "" "" 0.0027606823217278015 0.0029987204 0.003818815 0.0068175355 327.96965197648 62.59249949573 872.197449 -10.915000000000001 -4.7410000000000005
327.74246966819 63.16760421228 0.0126 0.0129 39.7251 "" "" 2216455776198002944 1038.67859 0.9391 0.0147 -0.841 -9.191 0.016 0.015 1.046 6209.9 4.0854 14.197028 1.189994 14.708676 13.518683 -55.38 5.61 1022.29504 1056.44666 39458.03767 7.2417 17863.0 14.326 31023.0 16.047 "" "" 0.002762516178823772 0.0029228854 0.003820881 0.0067437664 327.74246966819 63.16760421228 1038.67859 -0.8410000000000002 -9.191000000000003
328.54144329847 63.20744330897 0.0121 0.0127 37.2877 "" "" 2216502711597885824 878.866821 1.1144 0.0132 2.306 -4.514 0.017 0.016 1.017 5908.0 4.1406 14.199065 1.021734 14.624195 13.602461 -6.39 6.08 868.682434 888.077515 39384.07618 7.2303 19308.0 16.564 28719.0 17.583 "" "" 0.0027625205029106832 0.0029415332 0.0038373948 0.006778928 328.54144329847 63.20744330897 878.866821 2.306 -4.514
327.2990433686 62.39223778699 0.013 0.0138 33.7987 "" "" 2216349845122662272 1099.85791 0.8833 0.014 2.801 0.294 0.017 0.016 1.04 6309.8 4.0529 14.206119 1.119455 14.676605 13.55715 -27.32 5.93 1085.23621 1120.00659 39129.06103 9.1849 18398.0 16.625 29943.0 23.497 "" "" 0.00276708191490144 0.0029576367 0.0038742272 0.006831864 327.2990433686 62.39223778699 1099.85791 2.8010000000000006 0.29400000000000015
328.44187737061 63.03252949534 0.0137 0.0127 26.6955 "" "" 2216494671419163776 983.970032 0.9903 0.0143 -0.664 -0.665 0.019 0.016 0.92 5983.7 4.2384 14.213105 0.962285 14.608144 13.645859 -40.46 4.77 969.58374 997.036865 38878.07288 7.5019 19596.0 17.059 27594.0 16.918 "" "" 0.002763273608466272 0.0029459118 0.0038375568 0.0067834686 328.44187737061 63.03252949534 983.970032 -0.6639999999999999 -0.6649999999999998
329.20385747118 62.92846768581 0.0137 0.0129 29.241 "" "" 2204472229022130432 860.844482 1.1345 0.015 3.71 5.361 0.021 0.017 0.966 5903.3 4.0771 14.221224 1.157209 14.714702 13.557492 -15.91 5.46 847.911133 873.933655 38588.42399 8.456 17764.0 21.106 29934.0 23.615 "" "" 0.0027655732988756693 0.0030739463 0.0038752274 0.0069491738 329.20385747118 62.92846768581 860.844482 3.71 5.361000000000001
327.98586909097 62.57981384113 0.0132 0.0123 12.6354 "" "" 2216378432425509632 979.058228 0.9975 0.0137 -4.324 -2.837 0.017 0.015 1.012 "" "" 14.225943 1.067876 14.669209 13.601334 -24.22 6.79 965.098694 995.183838 38421.09995 7.3168 18524.0 22.695 28749.0 25.217 "" "" 0.0027630673002680697 0.0030910359 0.0038975237 0.00698856 327.98586909097 62.57981384113 979.058228 -4.324 -2.8370000000000006
