Clusters/NGC_7160/NGC_7160_stars_in_region.tsv
# %ECSV 1.0
# ---
# datatype:
# - name: RA_ICRS_1
#   unit: deg
#   datatype: float64
#   format: '{:15.11f}'
#   description: Right ascension (ICRS) at Ep=2016.0 (ra)
#   meta: !!omap
#   - {ucd: POS_EQ_RA_MAIN}
#   - {width: 15}
#   - {precision: '11'}
# - name: DE_ICRS_1
#   unit: deg
#   datatype: float64
#   format: '{:15.11f}'
#   description: Declination (ICRS) at Ep=2016.0 (dec)
#   meta: !!omap
#   - {ucd: POS_EQ_DEC_MAIN}
#   - {width: 15}
#   - {precision: '11'}
# - name: e_RA_ICRS
#   unit: mas
#   datatype: float64
#   format: '{:7.4f}'
#   description: Standard error of right ascension (ra_error)
#   meta: !!omap
#   - {ucd: ERROR}
#   - {width: 7}
#   - {precision: '4'}
# - name: e_DE_ICRS
#   unit: mas
#   datatype: float64
#   format: '{:7.4f}'
#   description: Standard error of declination (dec_error)
#   meta: !!omap
#   - {ucd: ERROR}
#   - {width: 7}
#   - {precision: '4'}
# - name: _r_1
#   unit: ''
#   datatype: float64
#   format: '{:7.4f}'
#   description: Distance from center (328.44291289000+62.58760505000)[ICRS], at Epoch=J2016.0
#   meta: !!omap
#   - {ucd: POS_ANG_DIST_GENERAL}
#   - {width: 7}
#   - {precision: '4'}
# - name: HIP
#   datatype: int32
#   description: '? HIP cross-id number, van Leeuwen, Cat. I/311 (hip_original_ext_source_id)'
#   meta: !!omap
#   - {ucd: ID_NUMBER}
#   - {width: 6}
#   - values: {'null': -2147483648}
# - name: TYC2
#   datatype: string
#   description: Tycho-2 cross-id name, Hog et al., Cat. I/259 (tyc2_original_ext_source_id)
#   meta: !!omap
#   - {ucd: ID_CROSSID}
#   - {_votable_string_dtype: char}
# - name: Source
#   datatype: int64
#   description: Source identifier, identical to the Gaia-EDR3 source_id (id)
#   meta: !!omap
#   - {ucd: ID_MAIN}
#   - {width: 19}
# - name: rgeo
#   unit: pc
#   datatype: float64
#   format: '{:15.8f}'
#   description: '? Median of the geometric distance posterior (r_med_geo)'
#   meta: !!omap
#   - {ucd: PHYS_DISTANCE_TRUE}
#   - {width: 15}
#   - {precision: '8'}
#   - values: {'null': .nan}
# - name: Plx
#   unit: mas
#   datatype: float64
#   format: '{:9.4f}'
#   description: '? Parallax (parallax)'
#   meta: !!omap
#   - {ucd: POS_PARLX_TRIG}
#   - {width: 9}
#   - {precision: '4'}
#   - values: {'null': .nan}
# - name: e_Plx
#   unit: mas
#   datatype: float32
#   format: '{:7.4f}'
#   description: '? Standard error of parallax (parallax_error)'
#   meta: !!omap
#   - {ucd: ERROR}
#   - {width: 7}
#   - {precision: '4'}
#   - values: {'null': .nan}
# - name: pmRA
#   unit: mas / yr
#   datatype: float64
#   format: '{:9.3f}'
#   description: '? Proper motion in right ascension direction, pmRA*cosDE (pmra)'
#   meta: !!omap
#   - {ucd: POS_EQ_PMRA}
#   - {width: 9}
#   - {precision: '3'}
#   - values: {'null': .nan}
# - name: pmDE
#   unit: mas / yr
#   datatype: float64
#   format: '{:9.3f}'
#   description: '? Proper motion in declination direction (pmdec)'
#   meta: !!omap
#   - {ucd: POS_EQ_PMDEC}
#   - {width: 9}
#   - {precision: '3'}
#   - values: {'null': .nan}
# - name: e_pmRA
#   unit: mas / yr
#   datatype: float32
#   format: '{:6.3f}'
#   description: '? Standard error of proper motion in right ascension direction (pmra_error)'
#   meta: !!omap
#   - {ucd: ERROR}
#   - {width: 6}
#   - {precision: '3'}
#   - values: {'null': .nan}
# - name: e_pmDE
[...]
#         unit: &id001 !astropy.units.Unit {unit: deg}
#         value: !astropy.table.SerializedColumn {name: SkyCoord.dec}
#       distance: !astropy.table.SerializedColumn
#         __class__: astropy.coordinates.distances.Distance
#         unit: !astropy.units.Unit {unit: pc}
#         value: !astropy.table.SerializedColumn {name: SkyCoord.distance}
#       frame: icrs
#       obstime: !astropy.time.Time {format: jyear_str, in_subfmt: '*', jd1: 367701545.0, jd2: 0.0, out_subfmt: '*', precision: 3, scale: tt}
#       pm_dec: !astropy.table.SerializedColumn
#         __class__: astropy.units.quantity.Quantity
#         unit: !astropy.units.Unit {unit: mas / yr}
#         value: !astropy.table.SerializedColumn {name: SkyCoord.pm_dec}
#       pm_ra_cosdec: !astropy.table.SerializedColumn
#         __class__: astropy.units.quantity.Quantity
#         unit: !astropy.units.Unit {unit: mas / yr}
#         value: !astropy.table.SerializedColumn {name: SkyCoord.pm_ra_cosdec}
#       ra: !astropy.table.SerializedColumn
#         __class__: astropy.coordinates.angles.Longitude
#         unit: *id001
#         value: !astropy.table.SerializedColumn {name: SkyCoord.ra}
#         wrap_angle: !astropy.coordinates.Angle
#           unit: *id001
#           value: 360.0
#       representation_type: spherical
# schema: astropy-2.0
RA_ICRS_1 DE_ICRS_1 e_RA_ICRS e_DE_ICRS _r_1 HIP TYC2 Source rgeo Plx e_Plx pmRA pmDE e_pmRA e_pmDE RUWE Teff logg Gmag BP-RP BPmag RPmag RV e_RV b_rgeo B_rgeo FG e_FG FBP e_FBP FRP e_FRP RAVE5 RAVE6 e_Gmag e_BPmag e_RPmag e_BP-RP SkyCoord.ra SkyCoord.dec SkyCoord.distance SkyCoord.pm_ra_cosdec SkyCoord.pm_dec
[from data line 39]
328.10179168695 63.19905201926 0.0332 0.0365 37.8535 "" 4266-1518-1 2216546073589110912 863.499634 1.1121 0.0376 5.597 -0.37 0.043 0.044 2.502 9429.4 3.9694 11.167596 0.476239 11.334854 10.858615 -17.97 3.27 836.79657 896.740295 642552.00917 220.73 399460.0 203.61 359510.0 88.85 "" "" 0.0027804492896342774 0.0028445236 0.0037888954 0.006633419 328.10179168695 63.19905201926 863.499634 5.5969999999999995 -0.3699999999999997
327.3723577341 62.66497369805 0.0148 0.0149 29.8962 "" 4266-1999-1 2216391695286437888 975.148926 0.9991 0.0178 -3.585 -4.166 0.022 0.018 1.007 "" "" 11.224608 0.519587 11.413762 10.894175 -32.09 10.59 960.082581 991.987671 609681.84598 172.47 371460.0 216.08 347930.0 101.69 "" "" 0.0027723859053854602 0.0028607585 0.0037926806 0.0066534393 327.3723577341 62.66497369805 975.148926 -3.585 -4.166
328.55934647899 62.76604242127 0.0151 0.013 11.1761 "" 4266-1067-1 2204465773695573504 927.041931 1.0279 0.016 -3.458 -1.319 0.02 0.016 0.985 9803.0 4.0932 11.258851 0.356775 11.385548 11.028772 -33.28 34.9 914.934998 942.669495 590753.28685 202.48 381240.0 216.38 307360.0 111.2 "" "" 0.002780336979104005 0.0028574092 0.0037997402 0.0066571496 328.55934647899 62.76604242127 927.041931 -3.458 -1.319
327.97314524057 62.14834429909 0.0221 0.0227 29.4194 "" 4266-2537-1 2204342147359093376 841.974182 1.1412 0.0251 -2.072 -2.232 0.028 0.028 1.601 "" "" 11.260894 0.564713 11.467312 10.902598 -19.8 4.12 824.485901 859.460938 589642.84504 125.14 353580.0 166.45 345240.0 109.24 "" "" 0.0027649386118889937 0.002836598 0.003794964 0.006631562 327.97314524057 62.14834429909 841.974182 -2.0720000000000005 -2.232
329.15080959991 62.50690968069 0.0116 0.0124 20.1707 "" 4266-2661-1 2204444608096986624 839.082825 1.1402 0.0136 -1.794 -5.31 0.015 0.015 0.868 9269.0 3.9639 11.26115 0.529917 11.456056 10.926139 -15.45 7.48 830.603088 848.431824 589503.65702 168.12 357270.0 174.6 337830.0 118.83 "" "" 0.0027726641294098307 0.0028401744 0.0037986282 0.0066388026 329.15080959991 62.50690968069 839.082825 -1.794 -5.3100000000000005
329.64685519112 62.76873050876 0.0141 0.0141 34.8907 "" 4266-1525-1 2204477284209241984 1046.45984 0.9237 0.0154 -17.83 -7.278 0.018 0.017 1.073 "" "" 11.280514 1.585343 12.024471 10.439128 -41.85 0.36 1024.99646 1062.92065 579083.64689 108.95 211650.0 144.15 529060.0 123.23 "" "" 0.0027628819595691594 0.002886497 0.0037878335 0.0066743307 329.64685519112 62.76873050876 1046.45984 -17.83 -7.2780000000000005
328.2444029869 62.29302008512 0.0111 0.0112 18.5142 "" 4266-2821-1 2204350462415790336 895.525085 1.064 0.0122 -3.465 -1.472 0.014 0.014 0.862 12547.1 4.1806 11.281566 0.366901 11.408452 11.041551 "" "" 884.619568 904.628906 578522.98073 149.06 373280.0 190.15 303770.0 98.137 "" "" 0.002769485070663083 0.0028444582 0.003795624 0.006640082 328.2444029869 62.29302008512 895.525085 -3.465 -1.4720000000000004
327.15733414995 62.39671250212 0.01 0.0111 37.4213 "" 4266-2279-1 2216349295366800128 940.979919 1.0328 0.0116 -0.044 3.931 0.014 0.013 0.849 4772.5 2.5931 11.283383 1.606635 12.041214 10.434579 -57.89 0.27 931.214783 954.212097 577554.9591 137.47 208420.0 129.38 531280.0 177.01 "" "" 0.002767412913813491 0.0028704195 0.0037966543 0.006667074 327.15733414995 62.39671250212 940.979919 -0.04399999999999982 3.9310000000000005
328.6170466892 61.91044815385 0.0103 0.0106 40.9196 "" 4266-2613-1 2204274385647364096 826.223145 1.1892 0.0117 -0.066 2.585 0.014 0.013 0.967 4651.8 2.3973 11.286999 1.648243 12.072218 10.423975 -33.38 0.86 818.734741 835.922791 575635.19941 130.88 202550.0 104.35 536500.0 113.78 "" "" 0.0027663566529543978 0.0028456848 0.0037863897 0.0066320747 328.6170466892 61.91044815385 826.223145 -0.06599999999999984 2.585
327.01819657304 62.45931661691 0.0106 0.0106 40.1838 "" 4266-2447-1 2216362283347804544 972.185303 0.999 0.0118 -17.532 -1.352 0.014 0.014 0.876 "" "" 11.30166 1.454781 11.967261 10.512481 -14.05 0.28 962.856079 982.299072 567914.5475 98.403 223110.0 136.79 494500.0 115.28 "" "" 0.0027617351299942037 0.002868478 0.003787848 0.006656326 327.01819657304 62.45931661691 972.185303 -17.532 -1.3519999999999999
328.07740815474 63.09247053497 0.014 0.0141 31.9031 "" "" 2216498412328571008 853.378052 1.1179 0.0151 -3.529 -1.366 0.019 0.018 0.924 10115.2 4.1649 11.360265 0.450325 11.521123 11.070798 -38.54 13.23 843.013428 864.722595 538072.50613 134.06 336490.0 243.37 295690.0 61.389 "" "" 0.002768567293221489 0.002898568 0.003786098 0.006684666 328.07740815474 63.09247053497 853.378052 -3.529 -1.366
327.45972780018 62.08595596956 0.0092 0.0105 40.6937 "" "" 2204329331176052992 959.110718 1.0171 0.0107 -0.998 -9.56 0.012 0.014 0.866 "" "" 11.366804 1.712647 12.192661 10.480014 -44.92 0.19 950.286499 969.786438 534841.48606 97.054 181280.0 91.805 509510.0 128.5 "" "" 0.002762355281967461 0.0028438317 0.0037892885 0.00663312 327.45972780018 62.08595596956 959.110718 -0.9979999999999993 -9.559999999999999
327.68713288464 62.34832400921 0.0103 0.011 25.4064 "" 4266-1237-1 2204359705185144832 972.487854 0.9804 0.0117 -6.019 -5.137 0.013 0.014 0.797 "" "" 11.376172 0.574308 11.587504 11.013196 -38.16 6.8 963.108521 980.299744 530246.48559 99.37 316530.0 181.61 311800.0 82.308 "" "" 0.002762822780096522 0.0028588648 0.0037902337 0.0066490984 327.68713288464 62.34832400921 972.487854 -6.018999999999999 -5.137
328.21339655228 62.79222324091 0.0109 0.0103 13.8075 "" "" 2216385304373403520 819.278076 1.1902 0.0117 -0.518 -8.102 0.014 0.012 0.895 "" "" 11.397778 1.476243 12.075225 10.598982 -33.52 0.25 813.274902 826.492798 519799.35187 78.797 201990.0 149.69 456630.0 107.96 "" "" 0.0027602316248966797 0.0029038682 0.0037880894 0.006691958 328.21339655228 62.79222324091 819.278076 -0.5179999999999989 -8.102
328.90822367552 61.95462985144 0.0133 0.0136 40.1384 "" 4266-2807-1 2204281124464867840 1098.06506 0.8822 0.0148 2.314 -0.917 0.018 0.017 1.135 4727.4 2.5219 11.437139 1.570767 12.172952 10.602184 -34.46 0.24 1077.71948 1119.97388 501292.6933 98.072 184600.0 97.742 455290.0 140.33 "" "" 0.0027634956188958 0.002848777 0.0037941686 0.0066429456 328.90822367552 61.95462985144 1098.06506 2.314 -0.9170000000000003
328.94239359986 62.78107929765 0.012 0.0113 17.9968 "" 4266-2301-1 2204469239727461248 1054.78284 0.9245 0.0128 -8.689 -1.518 0.016 0.014 0.939 4685.6 2.3265 11.453637 1.692585 12.265179 10.572594 -25.22 0.21 1038.58484 1072.06836 493732.72363 84.627 169570.0 108.69 467870.0 161.48 "" "" 0.0027615976913653523 0.0028756503 0.003797914 0.006673564 328.94239359986 62.78107929765 1054.78284 -8.688999999999998 -1.5180000000000002
328.38876697052 62.62230663503 0.0125 0.0114 2.5631 "" "" 2204370116186407936 899.265015 1.0579 0.0134 -3.49 -1.462 0.015 0.013 0.84 10956.9 4.1549 11.484426 0.419683 11.632373 11.212689 "" "" 889.760925 910.057922 479928.20668 83.78 303720.0 196.03 259470.0 72.581 "" "" 0.002761831412031479 0.002876825 0.0037915653 0.0066683902 328.38876697052 62.62230663503 899.265015 -3.49 -1.4620000000000002
328.49142211162 62.62570506669 0.0524 0.0483 2.6494 "" "" 2204463712111308928 884.576416 1.083 0.0573 -3.476 -1.406 0.067 0.056 4.098 9712.7 4.0905 11.503873 0.458425 11.666415 11.207991 "" "" 846.353027 929.242065 471408.62744 91.68 294340.0 180.5 260590.0 89.255 "" "" 0.0027633993269954994 0.002868511 0.0037976333 0.0066661444 328.49142211162 62.62570506669 884.576416 -3.4759999999999995 -1.4059999999999997
328.58084331044 62.46851327326 0.0155 0.0151 8.1014 "" 4266-1493-1 2204353554792574080 1005.19507 0.9502 0.0162 -2.002 -2.849 0.021 0.019 1.137 "" "" 11.504312 0.651901 11.747338 11.095437 -20.74 10.55 989.143555 1020.03888 471217.75631 75.404 273200.0 168.57 289060.0 124.12 "" "" 0.002760792387522191 0.0028694673 0.0038080278 0.0066774953 328.58084331044 62.46851327326 1005.19507 -2.002 -2.8489999999999998
327.98189936446 62.45383563969 0.0132 0.0137 15.0773 "" 4266-2475-1 2204362144726601984 906.244751 1.0487 0.0147 -1.547 -2.754 0.017 0.018 1.001 10888.7 4.1369 11.516312 0.323468 11.628275 11.304807 -4.83 18.44 892.973511 918.147034 466038.85689 83.467 304860.0 146.43 238360.0 73.888 "" "" 0.002762173380599181 0.0028384873 0.003794338 0.0066328254 327.98189936446 62.45383563969 906.244751 -1.5470000000000002 -2.7540000000000004
328.1635661492 62.7470587679 0.0165 0.0146 12.2783 "" 4266-2165-1 2216384715955579776 938.907898 1.0158 0.0172 -1.453 -3.273 0.021 0.018 1.08 11592.2 4.0967 11.541253 0.480474 11.712483 11.232009 "" "" 925.951599 951.676208 455454.97408 100.29 282110.0 153.87 254890.0 133.36 "" "" 0.002765672951096661 0.002852321 0.0038218352 0.006674156 328.1635661492 62.7470587679 938.907898 -1.4529999999999994 -3.2729999999999997
328.15482408952 63.23112419348 0.0102 0.0114 39.4053 "" 4266-1304-1 2216547757216289280 963.782959 0.9823 0.0116 -4.542 -3.948 0.013 0.014 0.883 "" "" 11.583591 0.428777 11.735849 11.307073 -46.18 14.72 951.082764 973.622559 438036.2273 92.775 276110.0 139.03 237860.0 81.401 "" "" 0.002764899507247725 0.0028432254 0.0037976028 0.006640828 328.15482408952 63.23112419348 963.782959 -4.541999999999999 -3.948
328.54927652418 62.5456191806 0.0119 0.0113 3.8718 "" 4266-2553-1 2204459588942741120 974.264099 0.9801 0.0127 -3.383 0.075 0.015 0.014 0.949 "" "" 11.585306 0.739026 11.871005 11.131979 -19.09 6.87 964.551636 984.27002 437344.99379 104.79 243790.0 141.75 279490.0 72.229 "" "" 0.0027675740690482 0.0028606956 0.0037897832 0.0066504786 328.54927652418 62.5456191806 974.264099 -3.383 0.07499999999999968
327.99800123641 62.16050633317 0.0099 0.0103 28.4587 "" 4266-1483-1 2204342181718833792 935.455078 1.0155 0.0112 -4.63 -2.831 0.013 0.012 0.858 "" "" 11.614593 0.469728 11.784637 11.31491 -16.58 2.78 926.375061 945.63031 425705.98061 167.51 263970.0 270.3 236150.0 269.01 "" "" 0.002788244867750917 0.003003512 0.0039766114 0.0069801235 327.99800123641 62.16050633317 935.455078 -4.630000000000001 -2.831
329.51269054077 62.87593767797 0.0104 0.0097 34.1182 "" 4266-2592-1 2204482502582613888 788.435852 1.2263 0.0107 6.685 0.576 0.013 0.012 0.839 7095.1 3.7079 11.665409 0.871904 12.014293 11.142388 -8.93 2.68 780.899475 793.899658 406240.50927 115.11 213650.0 197.95 276820.0 124.27 "" "" 0.0027724423723486315 0.0029659714 0.0038106816 0.006776653 329.51269054077 62.87593767797 788.435852 6.684999999999999 0.5760000000000006
328.41898037421 62.59059863122 0.0118 0.0111 0.685 "" "" 2204369738229299456 882.189819 1.0757 0.0127 -3.728 -1.217 0.015 0.013 0.919 "" "" 11.679966 0.394589 11.819976 11.425386 -42.54 16.22 873.215942 891.551514 400830.08682 65.604 255520.0 115.43 213310.0 67.638 "" "" 0.002761044673818364 0.0028329517 0.0037950298 0.0066279816 328.41898037421 62.59059863122 882.189819 -3.7279999999999998 -1.2169999999999999
328.15451574017 63.02183834694 0.0108 0.0113 27.2277 "" 4266-1626-1 2216493915504688768 1044.70825 0.8976 0.0118 -2.588 -2.418 0.015 0.015 0.91 10502.5 4.0591 11.717718 0.338534 11.834421 11.495887 -43.76 18.22 1031.89453 1058.20288 387132.52332 76.399 252140.0 157.18 199900.0 78.066 "" "" 0.0027636387471156637 0.0028710882 0.003803092 0.0066741803 328.15451574017 63.02183834694 1044.70825 -2.588 -2.418
327.60876931571 62.8815392546 0.1685 0.164 28.9258 "" 4266-2494-1 2216401346068942592 840.07251 1.2411 0.1955 3.067 5.728 0.243 0.189 14.502 7193.5 4.2446 11.757073 0.88989 12.098759 11.208869 16.31 5.62 722.125793 1063.2677 373351.00257 324.81 197660.0 402.29 260380.0 340.77 "" "" 0.0029127325675312368 0.0035592245 0.004037675 0.0075968998 327.60876931571 62.8815392546 840.07251 3.0669999999999993 5.728
327.85182491012 62.35364701258 0.0106 0.011 21.5812 "" 4266-1285-1 2204359151126924800 860.587341 1.1059 0.0119 -3.549 -1.516 0.014 0.014 0.956 10087.8 4.0976 11.769462 0.37138 11.899861 11.528481 -33.33 38.72 852.143921 867.536743 369115.2367 52.685 237400.0 118.2 193980.0 59.669 "" "" 0.0027596748526909033 0.002842055 0.0037941097 0.0066361646 327.85182491012 62.35364701258 860.587341 -3.549 -1.5160000000000002
328.55851694129 62.28553388965 0.0107 0.0103 18.4063 "" 4266-2531-1 2204348194673241856 891.908752 1.0643 0.0116 -2.041 -2.884 0.014 0.012 0.983 "" "" 11.790686 0.446744 11.950307 11.503563 -22.43 11.67 883.940369 900.843079 361970.0764 57.103 226620.0 113.01 198490.0 70.563 "" "" 0.002760638833525311 0.0028422168 0.00379904 0.0066412566 328.55851694129 62.28553388965 891.908752 -2.0410000000000004 -2.884
328.04774713923 62.64597806277 0.012 0.0099 11.4537 "" 4266-1413-1 2216379703736068224 743.130615 1.2931 0.012 -2.021 -5.397 0.016 0.012 0.893 9232.1 4.1601 11.793677 0.523716 11.986487 11.462771 "" "" 737.073792 750.148438 360974.06048 58.002 219190.0 122.25 206090.0 57.81 "" "" 0.002760837744697837 0.0028551258 0.0037916333 0.006646759 328.04774713923 62.64597806277 743.130615 -2.021 -5.397000000000001
328.57499783585 62.27655721256 0.0105 0.0103 19.0198 "" 4266-1479-1 2204347438759016448 908.321655 1.0451 0.0114 -2.247 -2.692 0.013 0.012 0.965 "" "" 11.793743 0.420333 11.942501 11.522168 "" "" 899.522278 919.740845 360952.07657 49.229 228250.0 129.99 195120.0 58.299 "" "" 0.0027592964734125557 0.002857864 0.0037932787 0.0066511426 328.57499783585 62.27655721256 908.321655 -2.2470000000000003 -2.692000000000001
328.84411815971 62.00736178356 0.0342 0.0344 36.5688 "" 4266-2827-1 2204280810918430208 856.921021 1.119 0.0386 -3.622 -1.775 0.046 0.041 3.436 "" "" 11.81945 0.704542 12.086133 11.381591 -28.03 6.5 832.973694 879.473633 352506.12395 60.669 199970.0 135.88 222090.0 74.039 "" "" 0.0027616493936246695 0.0028860592 0.0037966748 0.006682734 328.84411815971 62.00736178356 856.921021 -3.6219999999999994 -1.7749999999999997
329.03134196946 62.12392583111 0.0089 0.0089 32.2849 "" "" 2204377052549266560 835.194885 1.1562 0.0099 5.129 0.033 0.011 0.01 0.913 8904.5 4.0086 11.89033 0.674007 12.146669 11.472662 -25.82 8.75 829.510925 841.205994 330228.49305 53.566 189130.0 132.89 204220.0 73.145 "" "" 0.0027609430049942408 0.0028925824 0.0037993356 0.006691918 329.03134196946 62.12392583111 835.194885 5.129 0.033
329.09096960052 62.56388592678 0.0098 0.0113 17.9651 "" 4266-1523-1 2204445707608564608 891.930481 1.0773 0.0116 -7.833 -3.371 0.013 0.014 0.989 8803.6 4.0077 11.90195 0.564404 12.112122 11.547718 -20.16 11.07 883.488892 901.241516 326713.24003 48.21 195240.0 119.14 190580.0 79.99 "" "" 0.0027599741387760047 0.0028677534 0.003806756 0.0066745095 329.09096960052 62.56388592678 891.930481 -7.833 -3.371
328.51190534803 62.44302015741 0.0096 0.0093 8.883 "" "" 2204353035093492352 927.216858 1.0374 0.0102 -3.49 -1.471 0.013 0.011 0.95 "" "" 11.941304 0.522736 12.133232 11.610496 -6.14 7.9 919.306152 935.702942 315083.08975 53.631 191480.0 124.33 179870.0 60.916 "" "" 0.0027615109104527458 0.0028778543 0.003797227 0.0066750813 328.51190534803 62.44302015741 927.216858 -3.49 -1.4710000000000003
327.60667147306 62.24094138917 0.0094 0.0097 31.1841 "" "" 2204334824427128064 976.496826 0.9811 0.0104 -3.377 -2.156 0.012 0.012 0.866 10574.6 4.1373 11.949868 0.412024 12.097078 11.685055 -21.97 32.69 968.743774 984.281433 312607.53783 48.622 197960.0 89.244 167930.0 47.087 "" "" 0.002760490384301651 0.0028327776 0.0037916235 0.006624401 327.60667147306 62.24094138917 976.496826 -3.3769999999999993 -2.1559999999999997
328.00644026371 62.1561361535 0.0283 0.0287 28.595 "" "" 2204342177411142656 896.188843 1.0725 0.0316 -2.006 -2.94 0.036 0.035 2.594 9887.7 3.9702 11.978929 0.408405 12.119098 11.710692 "" "" 867.68927 927.948792 304351.45084 53.191 193990.0 140.42 164010.0 74.745 "" "" 0.0027618463653086176 0.0028987422 0.003811635 0.0067103775 328.00644026371 62.1561361535 896.188843 -2.006 -2.9399999999999995
