Clusters/NGC_7160/NGC_7160_stars_in_region.tsv
# %ECSV 1.0
# ---
# datatype:
# - name: RA_ICRS_1
#   unit: deg
#   datatype: float64
#   format: '{:15.11f}'
#   description: Right ascension (ICRS) at Ep=2016.0 (ra)
#   meta: !!omap
#   - {ucd: POS_EQ_RA_MAIN}
#   - {width: 15}
#   - {precision: '11'}
# - name: DE_ICRS_1
#   unit: deg
#   datatype: float64
#   format: '{:15.11f}'
#   description: Declination (ICRS) at Ep=2016.0 (dec)
#   meta: !!omap
#   - {ucd: POS_EQ_DEC_MAIN}
#   - {width: 15}
#   - {precision: '11'}
# - name: e_RA_ICRS
#   unit: mas
#   datatype: float64
#   format: '{:7.4f}'
#   description: Standard error of right ascension (ra_error)
#   meta: !!omap
#   - {ucd: ERROR}
#   - {width: 7}
#   - {precision: '4'}
# - name: e_DE_ICRS
#   unit: mas
#   datatype: float64
#   format: '{:7.4f}'
#   description: Standard error of declination (dec_error)
#   meta: !!omap
#   - {ucd: ERROR}
#   - {width: 7}
#   - {precision: '4'}
# - name: _r_1
#   unit: ''
#   datatype: float64
#   format: '{:7.4f}'
#   description: Distance from center (328.44291289000+62.58760505000)[ICRS], at Epoch=J2016.0
#   meta: !!omap
#   - {ucd: POS_ANG_DIST_GENERAL}
#   - {width: 7}
#   - {precision: '4'}
# - name: HIP
#   datatype: int32
#   description: '? HIP cross-id number, van Leeuwen, Cat. I/311 (hip_original_ext_source_id)'
#   meta: !!omap
#   - {ucd: ID_NUMBER}
#   - {width: 6}
#   - values: {'null': -2147483648}
# - name: TYC2
#   datatype: string
#   description: Tycho-2 cross-id name, Hog et al., Cat. I/259 (tyc2_original_ext_source_id)
#   meta: !!omap
#   - {ucd: ID_CROSSID}
#   - {_votable_string_dtype: char}
# - name: Source
#   datatype: int64
#   description: Source identifier, identical to the Gaia-EDR3 source_id (id)
#   meta: !!omap
#   - {ucd: ID_MAIN}
#   - {width: 19}
# - name: rgeo
#   unit: pc
#   datatype: float64
#   format: '{:15.8f}'
#   description: '? Median of the geometric distance posterior (r_med_geo)'
#   meta: !!omap
#   - {ucd: PHYS_DISTANCE_TRUE}
#   - {width: 15}
#   - {precision: '8'}
#   - values: {'null': .nan}
# - name: Plx
#   unit: mas
#   datatype: float64
#   format: '{:9.4f}'
#   description: '? Parallax (parallax)'
#   meta: !!omap
#   - {ucd: POS_PARLX_TRIG}
#   - {width: 9}
#   - {precision: '4'}
#   - values: {'null': .nan}
# - name: e_Plx
#   unit: mas
#   datatype: float32
#   format: '{:7.4f}'
#   description: '? Standard error of parallax (parallax_error)'
#   meta: !!omap
#   - {ucd: ERROR}
#   - {width: 7}
#   - {precision: '4'}
#   - values: {'null': .nan}
# - name: pmRA
#   unit: mas / yr
#   datatype: float64
#   format: '{:9.3f}'
#   description: '? Proper motion in right ascension direction, pmRA*cosDE (pmra)'
#   meta: !!omap
#   - {ucd: POS_EQ_PMRA}
#   - {width: 9}
#   - {precision: '3'}
#   - values: {'null': .nan}
# - name: pmDE
#   unit: mas / yr
#   datatype: float64
#   format: '{:9.3f}'
#   description: '? Proper motion in declination direction (pmdec)'
#   meta: !!omap
#   - {ucd: POS_EQ_PMDEC}
#   - {width: 9}
#   - {precision: '3'}
#   - values: {'null': .nan}
# - name: e_pmRA
#   unit: mas / yr
#   datatype: float32
#   format: '{:6.3f}'
#   description: '? Standard error of proper motion in right ascension direction (pmra_error)'
#   meta: !!omap
#   - {ucd: ERROR}
#   - {width: 6}
#   - {precision: '3'}
#   - values: {'null': .nan}
# - name: e_pmDE
[...]
#         value: !astropy.table.SerializedColumn {name: SkyCoord.dec}
#       distance: !astropy.table.SerializedColumn
#         __class__: astropy.coordinates.distances.Distance
#         unit: !astropy.units.Unit {unit: pc}
#         value: !astropy.table.SerializedColumn {name: SkyCoord.distance}
#       frame: icrs
#       obstime: !astropy.time.Time {format: jyear_str, in_subfmt: '*', jd1: 367701545.0, jd2: 0.0, out_subfmt: '*', precision: 3, scale: tt}
#       pm_dec: !astropy.table.SerializedColumn
#         __class__: astropy.units.quantity.Quantity
#         unit: !astropy.units.Unit {unit: mas / yr}
#         value: !astropy.table.SerializedColumn {name: SkyCoord.pm_dec}
#       pm_ra_cosdec: !astropy.table.SerializedColumn
#         __class__: astropy.units.quantity.Quantity
#         unit: !astropy.units.Unit {unit: mas / yr}
#         value: !astropy.table.SerializedColumn {name: SkyCoord.pm_ra_cosdec}
#       ra: !astropy.table.SerializedColumn
#         __class__: astropy.coordinates.angles.Longitude
#         unit: *id001
#         value: !astropy.table.SerializedColumn {name: SkyCoord.ra}
#         wrap_angle: !astropy.coordinates.Angle
#           unit: *id001
#           value: 360.0
#       representation_type: spherical
# schema: astropy-2.0
RA_ICRS_1 DE_ICRS_1 e_RA_ICRS e_DE_ICRS _r_1 HIP TYC2 Source rgeo Plx e_Plx pmRA pmDE e_pmRA e_pmDE RUWE Teff logg Gmag BP-RP BPmag RPmag RV e_RV b_rgeo B_rgeo FG e_FG FBP e_FBP FRP e_FRP RAVE5 RAVE6 e_Gmag e_BPmag e_RPmag e_BP-RP SkyCoord.ra SkyCoord.dec SkyCoord.distance SkyCoord.pm_ra_cosdec SkyCoord.pm_dec rmRA rmDE e_rmRA e_rmDE rRV e_rRV v_pec v_pec3d e_vpec e_vpec3d
[from data line 29]
328.64444339777 62.62587294747 0.0096 0.0092 6.0186 "" 4266-1385-1 2204460963332267648 766.189453 1.283 0.0104 -5.314 -13.042 0.012 0.011 0.934 4892.7 2.5814 10.854909 1.766574 11.711807 9.945233 -56.9 0.16 759.551025 770.963989 857004.71424 244.6 282290.0 316.39 833810.0 460.95 "" "" 0.0027726912547238938 0.0030439894 0.003826747 0.0068707364 328.64444339777 62.62587294747 766.189453 -5.313999999999999 -13.042 -1.8507574691772462 -11.634454552650451 0.17106222 0.17006221 -32.19652173913043 3.5531428 42.78456136528555 53.54563197234844 7.277096210472266 6.194699108488095
327.44433822558 62.10402765478 0.0106 0.0113 40.1881 "" 4266-2015-1 2204332286113544320 931.589539 1.0568 0.0119 -1.269 -1.616 0.014 0.014 0.987 "" "" 10.855687 0.520655 11.043949 10.523294 2.2 5.96 920.776001 943.152039 856390.27136 134.89 522200.0 203.02 489600.0 122.07 "" "" 0.002760622264029886 0.0028219188 0.003789064 0.006610983 327.44433822558 62.10402765478 931.589539 -1.2690000000000003 -1.616 2.194242530822754 -0.20845455265045176 0.17306222 0.17306222 26.903478260869562 9.353143 9.732817163307667 28.609873688421928 1.684382947236444 8.813933822719878
327.53635959163 62.7119382205 0.0104 0.0099 26.0792 "" 4266-1287-1 2216390458333791616 1017.78467 0.96 0.0114 -5.761 0.229 0.015 0.012 0.992 4680.3 2.4717 10.882805 1.707336 11.702349 9.995012 -14.53 0.18 1006.04797 1028.63855 835266.00997 113.33 284760.0 239.69 796440.0 419.57 "" "" 0.002759255489230505 0.0029360258 0.0038224182 0.006758444 327.53635959163 62.7119382205 1017.78467 -5.761000000000009 0.2290000000000006 -2.297757469177246 1.6365454473495484 0.17406222 0.17106222 10.173478260869564 3.5731428 13.6092880483675 16.991538515032243 2.3552011592495097 2.852259509302249
328.25786870051 62.67331595076 0.0109 0.0101 7.2457 "" 4266-2217-1 2216380768887983232 1019.01648 0.9563 0.0111 3.311 1.623 0.013 0.013 0.878 4709.7 2.3098 10.925284 1.462881 11.595809 10.132928 -22.07 0.24 1006.146 1028.98047 803216.88714 102.69 314120.0 142.97 701430.0 206.4 "" "" 0.0027588145136733227 0.002833593 0.0037928612 0.006626454 328.25786870051 62.67331595076 1019.01648 3.311 1.6229999999999998 6.774242530822754 3.0305454473495486 0.17206222 0.17206222 2.6334782608695626 3.6331427 35.845537527578 35.94214473833574 6.167662699180699 6.156842394336145
327.89272222884 63.00828570627 0.0284 0.0302 29.4076 "" 4266-1912-1 2216403858631959168 1031.47266 0.9513 0.0332 -3.328 -1.235 0.037 0.033 1.993 13250.2 4.0796 10.961616 0.285493 11.053906 10.768413 -5.27 13.7 1002.39069 1064.19421 776784.55748 485.73 517430.0 994.57 390650.0 542.84 "" "" 0.002837731819490513 0.0034842973 0.004069393 0.00755369 327.89272222884 63.00828570627 1031.47266 -3.3279999999999994 -1.2349999999999997 0.13524253082275406 0.17254544734954824 0.19606222 0.19206223 19.433478260869563 17.093143 1.0718626106372229 19.463015356613475 0.2075063830127921 17.067206713709822
327.83872286143 62.41517081312 0.0091 0.0089 19.6775 "" "" 2204361698049979008 798.252747 1.2282 0.01 -0.047 -0.765 0.011 0.011 0.896 4798.4 2.5642 10.990188 1.525853 11.696786 10.170933 -0.19 0.25 792.195068 805.186279 756609.09935 163.15 286220.0 151.1 677310.0 248.33 "" "" 0.0027652489768880367 0.0028484347 0.0038002883 0.006648723 327.83872286143 62.41517081312 798.252747 -0.0470000000000001 -0.765 3.4162425308227538 0.6425454473495483 0.17006221 0.17006221 24.51347826086956 3.6431427 13.152749007245365 27.81915568261766 2.2367856181488492 3.3799433442344258
329.48421330043 62.25663682058 0.0116 0.0118 35.0845 "" 4266-1751-1 2204384753431296128 919.983093 1.0546 0.0126 -1.439 -2.896 0.016 0.015 0.849 12407.2 4.0928 10.99955 0.318566 11.105038 10.786471 "" "" 909.915527 930.379883 750113.04969 173.19 493630.0 262.61 384210.0 111.56 "" "" 0.002766700214142978 0.00284933 0.0037925076 0.006641838 329.48421330043 62.25663682058 919.983093 -1.4389999999999998 -2.896 2.024242530822754 -1.4884545526504516 0.17506222 0.17406222 "" "" 10.95665449020097 "" 1.9142583231583552 ""
329.19242071185 62.50229566926 0.0111 0.0132 21.3561 "" 4266-1885-1 2204397634032711936 842.907776 1.1543 0.0139 -1.674 -5.464 0.015 0.015 0.853 "" "" 11.056763 0.421646 11.2045 10.782854 -3.29 13.17 832.990479 853.925171 711609.64024 174.63 450420.0 215.36 385490.0 103.56 "" "" 0.0027681727378555954 0.0028380519 0.0037906205 0.0066286726 329.19242071185 62.50229566926 842.907776 -1.6739999999999955 -5.4639999999999995 1.789242530822754 -4.056454552650452 0.17406222 0.17406222 21.413478260869564 16.563143 17.713660627560614 27.79048081730729 3.083279132880116 12.91287548750632
328.83282889341 61.96253179045 0.0293 0.0301 39.0516 "" 4266-1231-1 2204279956231240320 857.917297 1.1365 0.0332 -5.724 -7.577 0.042 0.037 2.775 "" "" 11.154565 1.47425 11.830396 10.356146 -30.01 0.48 836.921631 881.552429 650310.59401 196.9 253080.0 154.66 571080.0 200.87 "" "" 0.0027748617474684747 0.0028679762 0.0037986273 0.0066666035 328.83282889341 61.96253179045 857.917297 -5.724000000000002 -7.577000000000001 -2.2607574691772463 -6.169454552650452 0.20106222 0.19606222 -5.306521739130439 3.8731427 26.719655500513564 27.241497077693595 5.254708199652815 5.208976925348968
328.73021687709 62.13245253773 0.0127 0.0123 28.4559 "" 4266-2095-1 2204295757404609152 877.329712 1.0923 0.0139 -3.445 -1.79 0.016 0.014 0.935 11444.7 4.0049 11.162743 0.362332 11.286454 10.924122 "" "" 866.575073 888.458191 645430.80865 141.75 417670.0 226.53 338460.0 102.32 "" "" 0.002765618900599714 0.0028516334 0.003793608 0.0066452413 328.73021687709 62.13245253773 877.329712 -3.445 -1.7900000000000003 0.018242530822754066 -0.3824545526504517 0.17506222 0.17306222 "" "" 1.592261873941445 "" 0.2755676455886976 ""
328.10179168695 63.19905201926 0.0332 0.0365 37.8535 "" 4266-1518-1 2216546073589110912 863.499634 1.1121 0.0376 5.597 -0.37 0.043 0.044 2.502 9429.4 3.9694 11.167596 0.476239 11.334854 10.858615 -17.97 3.27 836.79657 896.740295 642552.00917 220.73 399460.0 203.61 359510.0 88.85 "" "" 0.0027804492896342774 0.0028445236 0.0037888954 0.006633419 328.10179168695 63.19905201926 863.499634 5.5969999999999995 -0.36999999999999755 9.060242530822755 1.0375454473495482 0.20206222 0.20306222 6.733478260869564 6.6631427 37.32583032804993 37.928318433170425 7.542624451550288 7.516476104068243
327.3723577341 62.66497369805 0.0148 0.0149 29.8962 "" 4266-1999-1 2216391695286437888 975.148926 0.9991 0.0178 -3.585 -4.166 0.022 0.018 1.007 "" "" 11.224608 0.519587 11.413762 10.894175 -32.09 10.59 960.082581 991.987671 609681.84598 172.47 371460.0 216.08 347930.0 101.69 "" "" 0.0027723859053854602 0.0028607585 0.0037926806 0.0066534393 327.3723577341 62.66497369805 975.148926 -3.585 -4.166 -0.12175746917724606 -2.758454552650452 0.18106222 0.17706221 -7.3865217391304405 13.983143 12.762559549980853 14.74596994671609 2.2598674307225846 7.272364703185401
328.55934647899 62.76604242127 0.0151 0.013 11.1761 "" 4266-1067-1 2204465773695573504 927.041931 1.0279 0.016 -3.458 -1.319 0.02 0.016 0.985 9803.0 4.0932 11.258851 0.356775 11.385548 11.028772 -33.28 34.9 914.934998 942.669495 590753.28685 202.48 381240.0 216.38 307360.0 111.2 "" "" 0.002780336979104005 0.0028574092 0.0037997402 0.0066571496 328.55934647899 62.76604242127 927.041931 -3.458 -1.319 0.0052425308227537215 0.08854544734954839 0.17906222 0.17506222 -8.576521739130438 38.293144 0.38976589397709865 8.585373759708121 0.06823879253211663 38.25366188865019
327.97314524057 62.14834429909 0.0221 0.0227 29.4194 "" 4266-2537-1 2204342147359093376 841.974182 1.1412 0.0251 -2.072 -2.232 0.028 0.028 1.601 "" "" 11.260894 0.564713 11.467312 10.902598 -19.8 4.12 824.485901 859.460938 589642.84504 125.14 353580.0 166.45 345240.0 109.24 "" "" 0.0027649386118889937 0.002836598 0.003794964 0.006631562 327.97314524057 62.14834429909 841.974182 -2.0720000000000014 -2.231999999999998 1.3912425308227538 -0.8244545526504519 0.18706222 0.18706222 4.903478260869562 7.5131426 6.45410910919893 8.105530423622195 1.2073199702490771 4.645665177454035
329.15080959991 62.50690968069 0.0116 0.0124 20.1707 "" 4266-2661-1 2204444608096986624 839.082825 1.1402 0.0136 -1.794 -5.31 0.015 0.015 0.868 9269.0 3.9639 11.26115 0.529917 11.456056 10.926139 -15.45 7.48 830.603088 848.431824 589503.65702 168.12 357270.0 174.6 337830.0 118.83 "" "" 0.0027726641294098307 0.0028401744 0.0037986282 0.0066388026 329.15080959991 62.50690968069 839.082825 -1.794 -5.3100000000000005 1.6692425308227539 -3.9024545526504513 0.17406222 0.17406222 9.253478260869564 10.873142 16.881327701068912 19.25113204139596 2.9384014140494865 5.827067211737701
329.64685519112 62.76873050876 0.0141 0.0141 34.8907 "" 4266-1525-1 2204477284209241984 1046.45984 0.9237 0.0154 -17.83 -7.278 0.018 0.017 1.073 "" "" 11.280514 1.585343 12.024471 10.439128 -41.85 0.36 1024.99646 1062.92065 579083.64689 108.95 211650.0 144.15 529060.0 123.23 "" "" 0.0027628819595691594 0.002886497 0.0037878335 0.0066743307 329.64685519112 62.76873050876 1046.45984 -17.830000000000002 -7.278000000000012 -14.366757469177244 -5.870454552650451 0.17706221 0.17606223 -17.14652173913044 3.7531428 76.98189881229747 78.86834569393021 13.61959791869424 13.318849378254658
328.2444029869 62.29302008512 0.0111 0.0112 18.5142 "" 4266-2821-1 2204350462415790336 895.525085 1.064 0.0122 -3.465 -1.472 0.014 0.014 0.862 12547.1 4.1806 11.281566 0.366901 11.408452 11.041551 "" "" 884.619568 904.628906 578522.98073 149.06 373280.0 190.15 303770.0 98.137 "" "" 0.002769485070663083 0.0028444582 0.003795624 0.006640082 328.2444029869 62.29302008512 895.525085 -3.465 -1.4720000000000006 -0.0017574691772459516 -0.06445455265045164 0.17306222 0.17306222 "" "" 0.27369765725411316 "" 0.04736672423225917 ""
327.15733414995 62.39671250212 0.01 0.0111 37.4213 "" 4266-2279-1 2216349295366800128 940.979919 1.0328 0.0116 -0.044 3.931 0.014 0.013 0.849 4772.5 2.5931 11.283383 1.606635 12.041214 10.434579 -57.89 0.27 931.214783 954.212097 577554.9591 137.47 208420.0 129.38 531280.0 177.01 "" "" 0.002767412913813491 0.0028704195 0.0037966543 0.006667074 327.15733414995 62.39671250212 940.979919 -0.04399999999999915 3.9310000000000027 3.419242530822754 5.338545447349548 0.17306222 0.17206222 -33.18652173913044 3.6631427 28.276434968988532 43.599334853839395 4.873548375914688 4.21483312334343
328.6170466892 61.91044815385 0.0103 0.0106 40.9196 "" 4266-2613-1 2204274385647364096 826.223145 1.1892 0.0117 -0.066 2.585 0.014 0.013 0.967 4651.8 2.3973 11.286999 1.648243 12.072218 10.423975 -33.38 0.86 818.734741 835.922791 575635.19941 130.88 202550.0 104.35 536500.0 113.78 "" "" 0.0027663566529543978 0.0028456848 0.0037863897 0.0066320747 328.6170466892 61.91044815385 826.223145 -0.06599999999999939 2.585 3.397242530822754 3.9925454473495483 0.17306222 0.17206222 -8.67652173913044 4.253143 20.53039502215755 22.28854300432028 3.541141806366653 3.657958951710011
327.01819657304 62.45931661691 0.0106 0.0106 40.1838 "" 4266-2447-1 2216362283347804544 972.185303 0.999 0.0118 -17.532 -1.352 0.014 0.014 0.876 "" "" 11.30166 1.454781 11.967261 10.512481 -14.05 0.28 962.856079 982.299072 567914.5475 98.403 223110.0 136.79 494500.0 115.28 "" "" 0.0027617351299942037 0.002868478 0.003787848 0.006656326 327.01819657304 62.45931661691 972.185303 -17.532 -1.3519999999999999 -14.068757469177246 0.05554544734954825 0.17306222 0.17306222 10.653478260869562 3.6731427 64.83156729742103 65.70105567869403 11.21989497656157 11.08741988187528
328.07740815474 63.09247053497 0.014 0.0141 31.9031 "" "" 2216498412328571008 853.378052 1.1179 0.0151 -3.529 -1.366 0.019 0.018 0.924 10115.2 4.1649 11.360265 0.450325 11.521123 11.070798 -38.54 13.23 843.013428 864.722595 538072.50613 134.06 336490.0 243.37 295690.0 61.389 "" "" 0.002768567293221489 0.002898568 0.003786098 0.006684666 328.07740815474 63.09247053497 853.378052 -3.529 -1.366 -0.06575746917724601 0.04154544734954824 0.17806222 0.17706221 -13.836521739130436 16.623142 0.31462988586746726 13.840098475173871 0.05593411401154781 16.618846325111445
327.45972780018 62.08595596956 0.0092 0.0105 40.6937 "" "" 2204329331176052992 959.110718 1.0171 0.0107 -0.998 -9.56 0.012 0.014 0.866 "" "" 11.366804 1.712647 12.192661 10.480014 -44.92 0.19 950.286499 969.786438 534841.48606 97.054 181280.0 91.805 509510.0 128.5 "" "" 0.002762355281967461 0.0028438317 0.0037892885 0.00663312 327.45972780018 62.08595596956 959.110718 -0.9979999999999958 -9.559999999999992 2.4652425308227537 -8.152454552650452 0.17106222 0.17306222 -20.21652173913044 3.5831428 38.720028638257745 43.68006832613971 6.694520536857807 6.161701128701139
327.68713288464 62.34832400921 0.0103 0.011 25.4064 "" 4266-1237-1 2204359705185144832 972.487854 0.9804 0.0117 -6.019 -5.137 0.013 0.014 0.797 "" "" 11.376172 0.574308 11.587504 11.013196 -38.16 6.8 963.108521 980.299744 530246.48559 99.37 316530.0 181.61 311800.0 82.308 "" "" 0.002762822780096522 0.0028588648 0.0037902337 0.0066490984 327.68713288464 62.34832400921 972.487854 -6.018999999999994 -5.136999999999992 -2.555757469177246 -3.7294545526504512 0.17206222 0.17306222 -13.456521739130434 10.193143 20.840623212244765 24.807449550295274 3.6000779427112954 6.302270240163279
328.21339655228 62.79222324091 0.0109 0.0103 13.8075 "" "" 2216385304373403520 819.278076 1.1902 0.0117 -0.518 -8.102 0.014 0.012 0.895 "" "" 11.397778 1.476243 12.075225 10.598982 -33.52 0.25 813.274902 826.492798 519799.35187 78.797 201990.0 149.69 456630.0 107.96 "" "" 0.0027602316248966797 0.0029038682 0.0037880894 0.006691958 328.21339655228 62.79222324091 819.278076 -0.5179999999999976 -8.102 2.945242530822754 -6.694454552650452 0.17306222 0.17106222 -8.81652173913044 3.6431427 28.401853672411942 29.73880205397755 4.867740889372312 4.772720220918152
328.90822367552 61.95462985144 0.0133 0.0136 40.1384 "" 4266-2807-1 2204281124464867840 1098.06506 0.8822 0.0148 2.314 -0.917 0.018 0.017 1.135 4727.4 2.5219 11.437139 1.570767 12.172952 10.602184 -34.46 0.24 1077.71948 1119.97388 501292.6933 98.072 184600.0 97.742 455290.0 140.33 "" "" 0.0027634956188958 0.002848777 0.0037941686 0.0066429456 328.90822367552 61.95462985144 1098.06506 2.314 -0.9170000000000003 5.777242530822754 0.4905454473495483 0.17706221 0.17606223 -9.756521739130438 3.6331427 30.177757497910644 31.715717933681194 5.343125131854122 5.205424594791306
328.94239359986 62.78107929765 0.012 0.0113 17.9968 "" 4266-2301-1 2204469239727461248 1054.78284 0.9245 0.0128 -8.689 -1.518 0.016 0.014 0.939 4685.6 2.3265 11.453637 1.692585 12.265179 10.572594 -25.22 0.21 1038.58484 1072.06836 493732.72363 84.627 169570.0 108.69 467870.0 161.48 "" "" 0.0027615976913653523 0.0028756503 0.003797914 0.006673564 328.94239359986 62.78107929765 1054.78284 -8.68899999999999 -1.517999999999999 -5.225757469177246 -0.11045455265045168 0.17506222 0.17306222 -0.516521739130436 3.6031427 26.132901841213606 26.138005917619267 4.574860716594297 4.57452153829325
328.38876697052 62.62230663503 0.0125 0.0114 2.5631 "" "" 2204370116186407936 899.265015 1.0579 0.0134 -3.49 -1.462 0.015 0.013 0.84 10956.9 4.1549 11.484426 0.419683 11.632373 11.212689 "" "" 889.760925 910.057922 479928.20668 83.78 303720.0 196.03 259470.0 72.581 "" "" 0.002761831412031479 0.002876825 0.0037915653 0.0066683902 328.38876697052 62.62230663503 899.265015 -3.49 -1.4620000000000002 -0.026757469177246307 -0.054454552650451626 0.17406222 0.17206222 "" "" 0.2586213133030959 "" 0.044600024576943564 ""
