Clusters/NGC_7160/NGC_7160_stars_in_region.tsv
# %ECSV 1.0
# ---
# datatype:
# - name: RA_ICRS_1
#   unit: deg
#   datatype: float64
#   format: '{:15.11f}'
#   description: Right ascension (ICRS) at Ep=2016.0 (ra)
#   meta: !!omap
#   - {ucd: POS_EQ_RA_MAIN}
#   - {width: 15}
#   - {precision: '11'}
# - name: DE_ICRS_1
#   unit: deg
#   datatype: float64
#   format: '{:15.11f}'
#   description: Declination (ICRS) at Ep=2016.0 (dec)
#   meta: !!omap
#   - {ucd: POS_EQ_DEC_MAIN}
#   - {width: 15}
#   - {precision: '11'}
# - name: e_RA_ICRS
#   unit: mas
#   datatype: float64
#   format: '{:7.4f}'
#   description: Standard error of right ascension (ra_error)
#   meta: !!omap
#   - {ucd: ERROR}
#   - {width: 7}
#   - {precision: '4'}
# - name: e_DE_ICRS
#   unit: mas
#   datatype: float64
#   format: '{:7.4f}'
#   description: Standard error of declination (dec_error)
#   meta: !!omap
#   - {ucd: ERROR}
#   - {width: 7}
#   - {precision: '4'}
# - name: _r_1
#   unit: ''
#   datatype: float64
#   format: '{:7.4f}'
#   description: Distance from center (328.44291289000+62.58760505000)[ICRS], at Epoch=J2016.0
#   meta: !!omap
#   - {ucd: POS_ANG_DIST_GENERAL}
#   - {width: 7}
#   - {precision: '4'}
# - name: HIP
#   datatype: int32
#   description: '? HIP cross-id number, van Leeuwen, Cat. I/311 (hip_original_ext_source_id)'
#   meta: !!omap
#   - {ucd: ID_NUMBER}
#   - {width: 6}
#   - values: {'null': -2147483648}
# - name: TYC2
#   datatype: string
#   description: Tycho-2 cross-id name, Hog et al., Cat. I/259 (tyc2_original_ext_source_id)
#   meta: !!omap
#   - {ucd: ID_CROSSID}
#   - {_votable_string_dtype: char}
# - name: Source
#   datatype: int64
#   description: Source identifier, identical to the Gaia-EDR3 source_id (id)
#   meta: !!omap
#   - {ucd: ID_MAIN}
#   - {width: 19}
# - name: rgeo
#   unit: pc
#   datatype: float64
#   format: '{:15.8f}'
#   description: '? Median of the geometric distance posterior (r_med_geo)'
#   meta: !!omap
#   - {ucd: PHYS_DISTANCE_TRUE}
#   - {width: 15}
#   - {precision: '8'}
#   - values: {'null': .nan}
# - name: Plx
#   unit: mas
#   datatype: float64
#   format: '{:9.4f}'
#   description: '? Parallax (parallax)'
#   meta: !!omap
#   - {ucd: POS_PARLX_TRIG}
#   - {width: 9}
#   - {precision: '4'}
#   - values: {'null': .nan}
# - name: e_Plx
#   unit: mas
#   datatype: float32
#   format: '{:7.4f}'
#   description: '? Standard error of parallax (parallax_error)'
#   meta: !!omap
#   - {ucd: ERROR}
#   - {width: 7}
#   - {precision: '4'}
#   - values: {'null': .nan}
# - name: pmRA
#   unit: mas / yr
#   datatype: float64
#   format: '{:9.3f}'
#   description: '? Proper motion in right ascension direction, pmRA*cosDE (pmra)'
#   meta: !!omap
#   - {ucd: POS_EQ_PMRA}
#   - {width: 9}
#   - {precision: '3'}
#   - values: {'null': .nan}
# - name: pmDE
#   unit: mas / yr
#   datatype: float64
#   format: '{:9.3f}'
#   description: '? Proper motion in declination direction (pmdec)'
#   meta: !!omap
#   - {ucd: POS_EQ_PMDEC}
#   - {width: 9}
#   - {precision: '3'}
#   - values: {'null': .nan}
# - name: e_pmRA
#   unit: mas / yr
#   datatype: float32
#   format: '{:6.3f}'
#   description: '? Standard error of proper motion in right ascension direction (pmra_error)'
#   meta: !!omap
#   - {ucd: ERROR}
#   - {width: 6}
#   - {precision: '3'}
#   - values: {'null': .nan}
# - name: e_pmDE
[...]
#         value: !astropy.table.SerializedColumn {name: SkyCoord.dec}
#       distance: !astropy.table.SerializedColumn
#         __class__: astropy.coordinates.distances.Distance
#         unit: !astropy.units.Unit {unit: pc}
#         value: !astropy.table.SerializedColumn {name: SkyCoord.distance}
#       frame: icrs
#       obstime: !astropy.time.Time {format: jyear_str, in_subfmt: '*', jd1: 367701545.0, jd2: 0.0, out_subfmt: '*', precision: 3, scale: tt}
#       pm_dec: !astropy.table.SerializedColumn
#         __class__: astropy.units.quantity.Quantity
#         unit: !astropy.units.Unit {unit: mas / yr}
#         value: !astropy.table.SerializedColumn {name: SkyCoord.pm_dec}
#       pm_ra_cosdec: !astropy.table.SerializedColumn
#         __class__: astropy.units.quantity.Quantity
#         unit: !astropy.units.Unit {unit: mas / yr}
#         value: !astropy.table.SerializedColumn {name: SkyCoord.pm_ra_cosdec}
#       ra: !astropy.table.SerializedColumn
#         __class__: astropy.coordinates.angles.Longitude
#         unit: *id001
#         value: !astropy.table.SerializedColumn {name: SkyCoord.ra}
#         wrap_angle: !astropy.coordinates.Angle
#           unit: *id001
#           value: 360.0
#       representation_type: spherical
# schema: astropy-2.0
RA_ICRS_1 DE_ICRS_1 e_RA_ICRS e_DE_ICRS _r_1 HIP TYC2 Source rgeo Plx e_Plx pmRA pmDE e_pmRA e_pmDE RUWE Teff logg Gmag BP-RP BPmag RPmag RV e_RV b_rgeo B_rgeo FG e_FG FBP e_FBP FRP e_FRP RAVE5 RAVE6 e_Gmag e_BPmag e_RPmag e_BP-RP SkyCoord.ra SkyCoord.dec SkyCoord.distance SkyCoord.pm_ra_cosdec SkyCoord.pm_dec rmRA rmDE e_rmRA e_rmDE rRV e_rRV v_pec v_pec3d e_vpec e_vpec3d
[from data line 692]
328.52859006076 62.32217735504 0.0164 0.0162 16.1021 "" "" 2204348538270571008 1037.61414 0.9313 0.0178 3.037 11.856 0.021 0.02 0.995 5424.9 4.2593 15.080544 1.22706 15.61344 14.386379 "" "" 1021.14856 1059.82581 17487.55614 3.9154 7763.2 11.114 13951.0 12.883 "" "" 0.002766023012419208 0.0031939175 0.0039101113 0.007104029 328.52859006076 62.32217735504 1037.61414 3.0370000000000092 11.856000000000003 6.500242530822754 13.263545447349548 0.18006222 0.17906222 "" "" 72.6468030560799 "" 13.022398573255826 ""
327.72514027542 62.15240530206 0.0164 0.0171 32.8741 "" "" 2204330533766925312 905.11731 1.0765 0.0183 8.596 1.131 0.021 0.022 1.02 5515.3 4.3504 15.081096 1.223131 15.612667 14.389536 "" "" 891.715027 920.73822 17478.66587 3.9412 7768.7 9.7003 13911.0 12.582 "" "" 0.0027661752607221076 0.0031020879 0.0039048777 0.0070069656 327.72514027542 62.15240530206 905.11731 8.595999999999997 1.1310000000000036 12.059242530822754 2.5385454473495486 0.18006222 0.18106222 "" "" 52.87112554627681 "" 9.522341638872984 ""
327.16511718469 62.40634624678 0.0184 0.0205 37.0368 "" "" 2216361080757057408 843.30719 1.1651 0.0213 0.66 -3.922 0.025 0.027 1.079 5724.5 4.3781 15.083061 1.221677 15.615952 14.394275 "" "" 827.550354 861.091858 17447.06214 4.5117 7745.3 16.179 13850.0 14.591 "" "" 0.002769588078591877 0.0035956567 0.0039486787 0.0075443354 327.16511718469 62.40634624678 843.30719 0.6599999999999997 -3.922 4.123242530822754 -2.514454552650452 0.18406223 0.18606222 "" "" 19.30465463601417 "" 3.563765078758169 ""
328.22538126892 63.05706914643 0.0185 0.0182 28.7917 "" "" 2216494430900926976 1063.93811 0.9149 0.0193 -5.286 -3.189 0.027 0.025 0.967 5846.3 4.2951 15.089313 1.125173 15.566535 14.441362 "" "" 1040.41943 1087.3302 17346.87268 6.1838 8105.9 15.553 13262.0 16.383 "" "" 0.002782371512330132 0.0034820822 0.00401032 0.0074924026 328.22538126892 63.05706914643 1063.93811 -5.285999999999997 -3.1890000000000036 -1.8227574691772457 -1.7814545526504517 0.18606222 0.18406223 "" "" 12.853415737282386 "" 2.3790109334550573 ""
328.01377350788 62.82582936832 0.0354 0.0349 18.5392 "" "" 2216397880037595904 1031.63098 0.945 0.0406 -13.444 0.392 0.05 0.04 1.848 5755.3 4.3955 15.092848 1.22745 15.618905 14.391455 "" "" 993.034485 1081.13831 17290.50095 5.9568 7724.2 13.408 13886.0 12.578 "" "" 0.0027805939759561666 0.0033670492 0.0039052437 0.007272293 328.01377350788 62.82582936832 1031.63098 -13.444000000000017 0.39200000000000534 -9.980757469177247 1.7995454473495482 0.20906222 0.19906223 "" "" 49.59216454215773 "" 10.352596038414175 ""
329.1149487544 62.50363120317 0.0184 0.0203 19.2608 "" "" 2204444505017761792 865.988892 1.1283 0.0213 -3.459 -1.205 0.024 0.024 1.003 5816.3 4.2407 15.095327 1.402253 15.722686 14.320433 "" "" 851.135437 882.251404 17251.06639 13.632 7020.1 21.353 14825.0 31.29 "" "" 0.0028858079991449545 0.0043233563 0.0044198493 0.008743206 329.1149487544 62.50363120317 865.988892 -3.458999999999999 -1.2049999999999996 0.004242530822753832 0.20254544734954827 0.18306223 0.18306223 "" "" 0.8315883543033958 "" 0.15223241490536837 ""
327.29966467158 62.27728303498 0.0178 0.0193 36.802 "" "" 2216344622442483840 974.371155 0.9998 0.0199 -2.218 -4.019 0.023 0.025 1.017 6218.0 4.1717 15.101242 1.501122 15.789264 14.288141 -2.59 7.36 958.394958 1001.93414 17157.34267 5.2885 6602.5 13.297 15272.0 16.159 "" "" 0.0027755698977588897 0.0035448938 0.0039501213 0.007495015 327.29966467158 62.27728303498 974.371155 -2.2179999999999995 -4.019 1.245242530822754 -2.611454552650452 0.18206222 0.18406223 22.113478260869563 10.753143 13.362074561920528 25.83700751620192 2.4545244246366544 9.29057186300792
328.21720372327 62.0938270963 0.0176 0.0179 30.2863 "" "" 2204338677025709312 895.033752 1.0888 0.0192 1.032 -1.367 0.022 0.021 1.069 4927.8 4.2634 15.114257 1.421689 15.758036 14.336347 "" "" 876.693665 912.090698 16952.90318 4.412 6795.2 13.227 14609.0 14.287 "" "" 0.002769771003580413 0.0035002204 0.0039257044 0.0074259248 328.21720372327 62.0938270963 895.033752 1.032 -1.367 4.495242530822754 0.04054544734954835 0.18106222 0.18006222 "" "" 19.071662286483427 "" 3.4531559946597365 ""
328.52078547876 62.02740729785 0.0255 0.0227 33.6819 "" "" 2204287687172200704 737.153687 1.3277 0.0262 0.96 -4.682 0.033 0.028 1.366 5752.2 4.4373 15.117856 1.344731 15.715471 14.37074 "" "" 727.363159 750.066467 16896.79245 4.2908 7066.9 11.779 14153.0 14.734 "" "" 0.002769080611189483 0.0033256607 0.003944784 0.0072704447 328.52078547876 62.02740729785 737.153687 0.96 -4.682 4.423242530822754 -3.274454552650452 0.19206223 0.18706222 "" "" 19.229386288098407 "" 3.659490264856924 ""
327.35589216001 62.49308178934 0.0188 0.0204 30.6048 "" "" 2216351494390069504 1009.93585 0.9554 0.0219 -2.68 -2.442 0.024 0.024 1.003 5832.2 4.3052 15.118482 1.177946 15.623212 14.445266 "" "" 986.046936 1033.51404 16887.0689 15.971 7693.6 26.414 13215.0 40.007 "" "" 0.002940439872903331 0.004656181 0.005008769 0.009664951 327.35589216001 62.49308178934 1009.93585 -2.6800000000000015 -2.442 0.7832425308227537 -1.0344545526504518 0.18306223 0.18306223 "" "" 6.211365499504942 "" 1.1370663922315414 ""
328.90550624584 62.36048322997 0.0194 0.02 18.7147 "" "" 2204394889553765760 862.968201 1.1357 0.0216 0.824 -0.962 0.025 0.023 1.102 5719.7 4.3644 15.121242 1.254667 15.669951 14.415284 "" "" 845.222778 876.174988 16844.18892 4.7717 7369.5 12.593 13585.0 10.139 "" "" 0.0027724339789368508 0.0033507026 0.0038652755 0.007215978 328.90550624584 62.36048322997 862.968201 0.8239999999999995 -0.9620000000000012 4.287242530822754 0.4455454473495484 0.18406223 0.18206222 "" "" 17.63127932658686 "" 3.2448778028627436 ""
328.89288435034 62.62569675776 0.0182 0.0185 12.6303 "" "" 2204449796417352192 819.40686 1.192 0.0204 5.694 2.899 0.024 0.023 1.014 5752.2 4.3441 15.121502 1.353618 15.724548 14.370931 "" "" 805.844055 834.074646 16840.15115 4.0616 7008.1 11.719 14151.0 13.097 "" "" 0.002767735909329903 0.0033288687 0.0039106887 0.0072395573 328.89288435034 62.62569675776 819.40686 5.694000000000001 2.898999999999995 9.157242530822753 4.306545447349548 0.18306223 0.18206222 "" "" 39.30347374392452 "" 7.1878788891050265 ""
328.81505341971 62.83546287679 0.0663 0.061 18.0542 "" "" 2204467659180909056 940.093872 1.0545 0.0716 -8.661 -9.135 0.091 0.072 3.863 6005.1 4.4929 15.122563 1.13369 15.540067 14.406377 "" "" 888.591248 995.692627 16823.69778 12.566 8306.0 17.596 13696.0 20.713 "" "" 0.002872185038221365 0.003616006 0.004120667 0.007736673 328.81505341971 62.83546287679 940.093872 -8.661000000000005 -9.135000000000009 -5.197757469177246 -7.7274545526504514 0.25006223 0.23106222 "" "" 41.49873218532644 "" 9.84117805756654 ""
327.92973482564 63.21297544516 0.0177 0.0185 40.0579 "" "" 2216549647001836672 830.235107 1.1773 0.0199 -0.388 -3.667 0.022 0.022 1.047 5710.5 4.4125 15.125143 1.225518 15.657469 14.431951 "" "" 817.546387 844.691284 16783.77163 4.7391 7454.7 13.163 13378.0 16.622 "" "" 0.002772323028601958 0.00338532 0.004012925 0.007398245 327.92973482564 63.21297544516 830.235107 -0.3880000000000001 -3.667 3.075242530822754 -2.2594545526504515 0.18106222 0.18106222 "" "" 15.017363708858756 "" 2.7190772346064107 ""
329.46782878468 62.32600546848 0.0191 0.0193 32.4801 "" "" 2204385887302602112 806.790161 1.2132 0.0216 -9.237 -4.097 0.027 0.024 1.025 5442.6 4.4005 15.127031 1.301065 15.682938 14.381873 "" "" 795.632141 820.526123 16754.59937 9.076 7281.8 32.624 14009.0 41.642 "" "" 0.0028173932037087878 0.0056077386 0.0049698735 0.010577612 329.46782878468 62.32600546848 806.790161 -9.237 -4.097 -5.773757469177246 -2.689454552650452 0.18606222 0.18306223 "" "" 24.357821711930434 "" 4.519128554378996 ""
327.69016045742 62.05057770324 0.1775 0.2058 38.4501 "" "" 2204317816360377472 895.254883 1.1302 0.2001 1.856 -0.348 0.23 0.262 11.914 6570.1 4.3659 15.129301 1.226409 15.576728 14.350319 "" "" 795.291565 1044.81689 16719.62347 37.055 8030.2 16.32 14422.0 11.884 "" "" 0.0036581322709699935 0.003557247 0.0038838326 0.0074410797 327.69016045742 62.05057770324 895.254883 1.8560000000000005 -0.34800000000000075 5.319242530822754 1.0595454473495485 0.38906223 0.42106223 "" "" 23.015693502022625 "" 8.983752221250926 ""
329.4703327522 62.93541896012 0.0427 0.0382 35.0932 "" "" 2204494601516796544 795.672058 1.2244 0.0462 -1.707 -2.609 0.059 0.051 2.044 5042.1 4.2348 15.133605 1.642861 15.87483 14.231969 3.5 11.56 770.885803 823.762939 16653.47307 28.928 6102.2 28.296 16083.0 98.929 "" "" 0.003338970344285939 0.0057560406 0.007673753 0.0134297935 329.4703327522 62.93541896012 795.672058 -1.7069999999999999 -2.609 1.7562425308227538 -1.2014545526504516 0.21806222 0.21006222 28.203478260869563 14.953143 8.02527539540368 29.323049486426438 1.729800415484427 14.390013033212826
329.65688912796 62.50069660566 0.0259 0.0252 33.9852 "" "" 2204400765060541696 908.857361 1.0748 0.0286 -0.172 0.988 0.032 0.031 1.343 "" "" 15.138874 "" "" "" "" "" 886.392761 931.210144 16572.8437 9.9054 "" "" "" "" "" "" 0.002830707038521544 "" "" "" 329.65688912796 62.50069660566 908.857361 -0.1719999999999996 0.9879999999999992 3.2912425308227538 2.3955454473495483 0.19106223 0.19006222 "" "" 17.536677709440752 "" 3.3445340020733987 ""
328.83622929768 62.96023514468 0.0188 0.0179 24.8281 "" "" 2216483951180913024 1004.23407 0.9712 0.0202 -3.254 -2.096 0.025 0.023 1.071 5451.1 4.3386 15.141459 1.171853 15.644541 14.472688 "" "" 984.353638 1023.57672 16533.43713 8.5578 7544.0 17.143 12885.0 19.379 "" "" 0.002812048095282317 0.0037245492 0.004117066 0.007841615 328.83622929768 62.96023514468 1004.23407 -3.2539999999999987 -2.096 0.2092425308227539 -0.6884545526504517 0.18406223 0.18206222 "" "" 3.425107689489801 "" 0.624164904660592 ""
328.05996618062 62.11421022332 0.0174 0.0186 30.3389 "" "" 2204341185286499328 958.033386 1.0135 0.0199 -3.205 -1.715 0.022 0.022 1.062 5144.6 4.2363 15.142951 1.318728 15.724216 14.405488 "" "" 942.549316 978.319946 16510.73198 25.513 7010.2 38.052 13708.0 51.774 "" "" 0.0032259160483619964 0.006520589 0.0055767167 0.012097306 328.05996618062 62.11421022332 958.033386 -3.205 -1.7150000000000007 0.25824253082275384 -0.30745455265045174 0.18106222 0.18106222 "" "" 1.8233291938166432 "" 0.33013603440765704 ""
327.19341597192 62.76668237444 0.0395 0.0373 36.0492 "" "" 2216439936358390144 774.490173 1.2624 0.0438 0.088 -2.053 0.061 0.046 2.209 6010.9 4.4621 15.144393 1.241672 15.61943 14.377757 "" "" 745.833984 805.422729 16488.82477 7.9817 7720.5 21.768 14062.0 36.494 "" "" 0.0028049977741221683 0.004142009 0.0047141598 0.008856169 327.19341597192 62.76668237444 774.490173 0.08799999999999975 -2.053 3.551242530822754 -0.6454545526504516 0.22006223 0.20506223 "" "" 13.250493286778552 "" 2.9097872610602478 ""
328.9293452238 62.01518676142 0.0415 0.0416 36.9271 "" "" 2204281605498683776 955.937561 1.0192 0.0463 2.045 2.718 0.057 0.048 2.219 5859.6 4.4454 15.144689 1.253924 15.674005 14.420081 "" "" 919.717224 997.267883 16484.33084 9.4192 7342.0 14.718 13525.0 12.128 "" "" 0.0028243011599863024 0.0035386723 0.003902769 0.0074414415 328.9293452238 62.01518676142 955.937561 2.045 2.718 5.508242530822754 4.125545447349548 0.21606222 0.20706221 "" "" 31.182983338511985 "" 6.637974130935769 ""
327.90639878462 62.37961612701 0.0172 0.0177 19.4143 "" "" 2204360667257869056 824.831665 1.1914 0.0192 -4.152 -6.973 0.022 0.022 1.026 5260.8 4.3848 15.146601 1.246581 15.692579 14.445998 "" "" 811.006897 839.449951 16455.32444 3.8037 7217.5 10.346 13206.0 10.899 "" "" 0.002766726587851984 0.0031948872 0.003884155 0.0070790425 327.90639878462 62.37961612701 824.831665 -4.151999999999999 -6.973000000000004 -0.6887574691772462 -5.5654545526504515 0.18106222 0.18106222 "" "" 21.9252632670881 "" 3.9698368747054853 ""
328.41704563001 63.15639331369 0.0182 0.0202 34.1346 "" "" 2216499584861686272 927.005859 1.0552 0.0203 -1.889 -2.954 0.025 0.028 1.004 5684.6 4.442 15.147828 1.168071 15.641373 14.473302 "" "" 906.422974 944.217468 16436.72923 8.554 7566.0 22.29 12878.0 23.491 "" "" 0.002812660315964118 0.0042445813 0.004266867 0.008511448 328.41704563001 63.15639331369 927.005859 -1.8890000000000007 -2.954 1.574242530822754 -1.5464545526504518 0.18406223 0.18706222 "" "" 9.696492247670413 "" 1.7991024302545873 ""
327.31612196221 62.59162626201 0.0231 0.0229 31.1244 "" "" 2216388121871579392 948.457703 1.0309 0.0245 -7.74 3.601 0.031 0.029 1.103 5696.3 4.3694 15.148512 1.223428 15.678087 14.454659 "" "" 927.778809 966.13269 16426.37993 4.7877 7314.5 16.408 13101.0 17.427 "" "" 0.002773433248560821 0.003703634 0.0040459344 0.0077495687 327.31612196221 62.59162626201 948.457703 -7.739999999999997 3.6010000000000035 -4.276757469177246 5.008545447349548 0.19006222 0.18806222 "" "" 29.60887937555678 "" 5.593358760326106 ""
329.80105237359 62.38501830539 0.0179 0.0182 39.5573 "" "" 2204387227332486144 840.852661 1.1628 0.0199 7.849 1.479 0.025 0.022 1.03 5618.3 4.3824 15.148788 1.277424 15.709444 14.43202 "" "" 826.567627 856.690857 16422.19393 4.3533 7106.2 14.282 13377.0 9.7796 "" "" 0.0027703115768624585 0.0035421231 0.0038618357 0.0074039586 329.80105237359 62.38501830539 840.852661 7.84900000000001 1.4790000000000012 11.312242530822754 2.8865454473495484 0.18406223 0.18106222 "" "" 46.53123084125314 "" 8.556173786774732 ""
328.4478146159 62.51998222579 0.0252 0.0226 4.0596 "" "" 2204366336615222400 907.496582 1.071 0.0255 -3.476 -1.163 0.032 0.028 1.276 4975.0 4.1889 15.151235 1.475699 15.806379 14.33068 "" "" 889.64978 930.88092 16385.2373 26.05 6499.3 35.866 14685.0 122.5 "" "" 0.0032513679481329075 0.006609385 0.009813958 0.016423343 328.4478146159 62.51998222579 907.496582 -3.4760000000000013 -1.1630000000000014 -0.012757469177246072 0.2445454473495483 0.19106223 0.18706222 "" "" 1.0533509404615888 "" 0.1970537217302339 ""
327.00928057616 62.71281787492 0.0192 0.0193 40.2254 "" "" 2216416984052840576 937.394104 1.0371 0.0229 -0.466 -1.823 0.027 0.024 0.978 5273.7 4.2761 15.153458 1.4103 15.791299 14.380999 "" "" 917.493042 956.802917 16351.72916 4.1519 6590.2 9.3732 14020.0 13.177 "" "" 0.002769077399866205 0.0031889987 0.0039147222 0.0071037207 327.00928057616 62.71281787492 937.394104 -0.46600000000000097 -1.823 2.9972425308227537 -0.4154545526504516 0.18606222 0.18306223 "" "" 13.444820218824566 "" 2.5008187206007975 ""
327.13276060964 62.69194272291 0.0207 0.0193 36.6652 "" "" 2216416056339950848 834.166504 1.1745 0.0234 -2.572 -5.149 0.029 0.023 1.026 5810.4 4.3689 15.155451 1.296684 15.722996 14.426312 "" "" 817.426147 849.950256 16321.74276 8.7029 7018.1 21.252 13447.0 28.291 "" "" 0.0028154826763111427 0.00431215 0.004416063 0.008728214 327.13276060964 62.69194272291 834.166504 -2.572 -5.149 0.8912425308227538 -3.7414545526504517 0.18806222 0.18206222 "" "" 15.207443582120387 "" 2.7736767217277767 ""
327.927791433 62.48373265503 0.0177 0.0179 15.5572 "" "" 2216371934133414016 752.104675 1.3044 0.0196 -0.504 -0.276 0.023 0.023 1.013 5054.0 4.2677 15.15588 1.529773 15.852351 14.322578 "" "" 743.823059 760.986938 16315.28144 17.176 6229.8 25.039 14795.0 55.32 "" "" 0.0029829971244480446 0.0051795756 0.005546594 0.01072617 327.927791433 62.48373265503 752.104675 -0.504 -0.2760000000000001 2.959242530822754 1.1315454473495483 0.18206222 0.18206222 "" "" 11.294568842220533 "" 2.0563143174945293 ""
328.19184270939 62.44537618483 0.019 0.018 11.007 "" "" 2204364103231780096 788.233032 1.2422 0.0206 13.679 6.17 0.025 0.022 1.13 5612.3 4.4377 15.15627 1.23991 15.697164 14.457253 "" "" 775.929382 799.820312 16309.42977 4.1971 7187.1 11.549 13069.0 17.532 "" "" 0.002769450632338975 0.0032907363 0.004050327 0.0073410636 328.19184270939 62.44537618483 788.233032 13.679000000000002 6.170000000000002 17.142242530822756 7.577545447349548 0.18406223 0.18106222 "" "" 70.02562765110963 "" 12.854968697483207 ""
