Clusters/NGC_7160/NGC_7160_stars_in_region.tsv
# %ECSV 1.0
# ---
# datatype:
# - name: RA_ICRS_1
#   unit: deg
#   datatype: float64
#   format: '{:15.11f}'
#   description: Right ascension (ICRS) at Ep=2016.0 (ra)
#   meta: !!omap
#   - {ucd: POS_EQ_RA_MAIN}
#   - {width: 15}
#   - {precision: '11'}
# - name: DE_ICRS_1
#   unit: deg
#   datatype: float64
#   format: '{:15.11f}'
#   description: Declination (ICRS) at Ep=2016.0 (dec)
#   meta: !!omap
#   - {ucd: POS_EQ_DEC_MAIN}
#   - {width: 15}
#   - {precision: '11'}
# - name: e_RA_ICRS
#   unit: mas
#   datatype: float64
#   format: '{:7.4f}'
#   description: Standard error of right ascension (ra_error)
#   meta: !!omap
#   - {ucd: ERROR}
#   - {width: 7}
#   - {precision: '4'}
# - name: e_DE_ICRS
#   unit: mas
#   datatype: float64
#   format: '{:7.4f}'
#   description: Standard error of declination (dec_error)
#   meta: !!omap
#   - {ucd: ERROR}
#   - {width: 7}
#   - {precision: '4'}
# - name: _r_1
#   unit: ''
#   datatype: float64
#   format: '{:7.4f}'
#   description: Distance from center (328.44291289000+62.58760505000)[ICRS], at Epoch=J2016.0
#   meta: !!omap
#   - {ucd: POS_ANG_DIST_GENERAL}
#   - {width: 7}
#   - {precision: '4'}
# - name: HIP
#   datatype: int32
#   description: '? HIP cross-id number, van Leeuwen, Cat. I/311 (hip_original_ext_source_id)'
#   meta: !!omap
#   - {ucd: ID_NUMBER}
#   - {width: 6}
#   - values: {'null': -2147483648}
# - name: TYC2
#   datatype: string
#   description: Tycho-2 cross-id name, Hog et al., Cat. I/259 (tyc2_original_ext_source_id)
#   meta: !!omap
#   - {ucd: ID_CROSSID}
#   - {_votable_string_dtype: char}
# - name: Source
#   datatype: int64
#   description: Source identifier, identical to the Gaia-EDR3 source_id (id)
#   meta: !!omap
#   - {ucd: ID_MAIN}
#   - {width: 19}
# - name: rgeo
#   unit: pc
#   datatype: float64
#   format: '{:15.8f}'
#   description: '? Median of the geometric distance posterior (r_med_geo)'
#   meta: !!omap
#   - {ucd: PHYS_DISTANCE_TRUE}
#   - {width: 15}
#   - {precision: '8'}
#   - values: {'null': .nan}
# - name: Plx
#   unit: mas
#   datatype: float64
#   format: '{:9.4f}'
#   description: '? Parallax (parallax)'
#   meta: !!omap
#   - {ucd: POS_PARLX_TRIG}
#   - {width: 9}
#   - {precision: '4'}
#   - values: {'null': .nan}
# - name: e_Plx
#   unit: mas
#   datatype: float32
#   format: '{:7.4f}'
#   description: '? Standard error of parallax (parallax_error)'
#   meta: !!omap
#   - {ucd: ERROR}
#   - {width: 7}
#   - {precision: '4'}
#   - values: {'null': .nan}
# - name: pmRA
#   unit: mas / yr
#   datatype: float64
#   format: '{:9.3f}'
#   description: '? Proper motion in right ascension direction, pmRA*cosDE (pmra)'
#   meta: !!omap
#   - {ucd: POS_EQ_PMRA}
#   - {width: 9}
#   - {precision: '3'}
#   - values: {'null': .nan}
# - name: pmDE
#   unit: mas / yr
#   datatype: float64
#   format: '{:9.3f}'
#   description: '? Proper motion in declination direction (pmdec)'
#   meta: !!omap
#   - {ucd: POS_EQ_PMDEC}
#   - {width: 9}
#   - {precision: '3'}
#   - values: {'null': .nan}
# - name: e_pmRA
#   unit: mas / yr
#   datatype: float32
#   format: '{:6.3f}'
#   description: '? Standard error of proper motion in right ascension direction (pmra_error)'
#   meta: !!omap
#   - {ucd: ERROR}
#   - {width: 6}
#   - {precision: '3'}
#   - values: {'null': .nan}
# - name: e_pmDE
[...]
#         value: !astropy.table.SerializedColumn {name: SkyCoord.dec}
#       distance: !astropy.table.SerializedColumn
#         __class__: astropy.coordinates.distances.Distance
#         unit: !astropy.units.Unit {unit: pc}
#         value: !astropy.table.SerializedColumn {name: SkyCoord.distance}
#       frame: icrs
#       obstime: !astropy.time.Time {format: jyear_str, in_subfmt: '*', jd1: 367701545.0, jd2: 0.0, out_subfmt: '*', precision: 3, scale: tt}
#       pm_dec: !astropy.table.SerializedColumn
#         __class__: astropy.units.quantity.Quantity
#         unit: !astropy.units.Unit {unit: mas / yr}
#         value: !astropy.table.SerializedColumn {name: SkyCoord.pm_dec}
#       pm_ra_cosdec: !astropy.table.SerializedColumn
#         __class__: astropy.units.quantity.Quantity
#         unit: !astropy.units.Unit {unit: mas / yr}
#         value: !astropy.table.SerializedColumn {name: SkyCoord.pm_ra_cosdec}
#       ra: !astropy.table.SerializedColumn
#         __class__: astropy.coordinates.angles.Longitude
#         unit: *id001
#         value: !astropy.table.SerializedColumn {name: SkyCoord.ra}
#         wrap_angle: !astropy.coordinates.Angle
#           unit: *id001
#           value: 360.0
#       representation_type: spherical
# schema: astropy-2.0
RA_ICRS_1 DE_ICRS_1 e_RA_ICRS e_DE_ICRS _r_1 HIP TYC2 Source rgeo Plx e_Plx pmRA pmDE e_pmRA e_pmDE RUWE Teff logg Gmag BP-RP BPmag RPmag RV e_RV b_rgeo B_rgeo FG e_FG FBP e_FBP FRP e_FRP RAVE5 RAVE6 e_Gmag e_BPmag e_RPmag e_BP-RP SkyCoord.ra SkyCoord.dec SkyCoord.distance SkyCoord.pm_ra_cosdec SkyCoord.pm_dec rmRA rmDE e_rmRA e_rmDE rRV e_rRV v_pec v_pec3d e_vpec e_vpec3d
[from data line 818]
329.58911053818 62.80224791496 0.0227 0.0211 34.0744 "" "" 2204478345055209728 752.604858 1.3005 0.0237 -4.462 -7.025 0.028 0.027 0.958 5155.6 4.4572 15.447624 1.348109 16.04801 14.699901 "" "" 737.84137 764.723083 12470.87825 7.0296 5202.5 17.484 10452.0 19.976 "" "" 0.0028224713514709283 0.004593361 0.0043115723 0.008904934 329.58911053818 62.80224791496 752.604858 -4.462 -7.024999999999999 -0.9987574691772458 -5.617454552650452 0.18706222 0.18606222 "" "" 20.35368037169625 "" 3.787676203483958 ""
328.37674402452 62.52270929834 0.0222 0.0196 4.3023 "" "" 2204366199176258176 905.518066 1.0729 0.0225 -3.518 -1.305 0.029 0.024 0.948 4742.0 4.1478 15.45239 1.568215 16.181488 14.613273 "" "" 887.768433 924.495239 12416.26128 15.739 4600.7 21.549 11320.0 39.9 "" "" 0.003079930069739825 0.0058005713 0.0053785816 0.011179153 328.37674402452 62.52270929834 905.518066 -3.5179999999999993 -1.3049999999999997 -0.05475746917724589 0.1025454473495484 0.18806222 0.18306223 "" "" 0.49896100074704547 "" 0.09190028709073766 ""
328.89790999727 62.25358410011 0.0206 0.0221 23.6938 "" "" 2204393343365480704 852.896973 1.1511 0.0232 -7.518 -1.184 0.027 0.027 1.022 5470.1 4.4987 15.455091 1.250502 16.001154 14.750652 "" "" 836.091736 867.43335 12385.40337 3.6607 5431.9 12.098 9974.6 11.526 "" "" 0.002773944896245498 0.0036922318 0.0039821807 0.007674413 328.89790999727 62.25358410011 852.896973 -7.517999999999999 -1.1839999999999997 -4.054757469177246 0.2235454473495484 0.18606222 0.18606222 "" "" 16.417189638347477 "" 3.054618697059352 ""
329.31027664707 62.02857486785 0.0204 0.0207 41.3508 "" "" 2204372143406956032 803.087585 1.218 0.0237 -4.174 1.284 0.027 0.025 1.014 4693.0 4.1946 15.455761 1.541149 16.170902 14.629753 "" "" 786.773071 819.461853 12377.77148 3.9841 4645.8 10.742 11150.0 13.756 "" "" 0.0027773944482821075 0.0037533094 0.0040097353 0.007763045 329.31027664707 62.02857486785 803.087585 -4.174 1.283999999999999 -0.7107574691772465 2.691545447349548 0.18606222 0.18406223 "" "" 10.596945558440863 "" 1.9518859851239756 ""
328.93057036304 63.03043906148 0.0373 0.0477 29.7443 "" "" 2216486803035235328 942.112427 1.0338 0.046 2.314 0.847 0.05 0.056 1.501 "" "" 15.460723 "" "" "" "" "" 905.544495 976.430603 12321.33066 15.717 "" "" "" "" "" "" 0.0030838119191922034 "" "" "" 328.93057036304 63.03043906148 942.112427 2.314 0.8470000000000001 5.777242530822754 2.2545454473495483 0.20906222 0.21506223 "" "" 27.693823967247763 "" 5.8119655868929945 ""
327.52454260196 62.42573138385 0.0203 0.0225 27.2285 "" "" 2216370632764848640 1025.43896 0.9538 0.0225 2.677 -1.597 0.025 0.027 0.965 5313.1 4.3632 15.46165 1.315162 16.047848 14.732686 "" "" 1006.88892 1050.34619 12310.8182 3.8023 5203.3 12.159 10141.0 14.541 "" "" 0.0027756515426484254 0.0037712194 0.0040874695 0.007858689 327.52454260196 62.42573138385 1025.43896 2.6770000000000005 -1.5970000000000006 6.1402425308227535 -0.18945455265045164 0.18406223 0.18606222 "" "" 29.859347134433204 "" 5.496035054820722 ""
327.66681318114 62.85771415781 0.0255 0.0231 26.797 "" "" 2216400422658131072 855.157166 1.1428 0.0277 -1.986 -4.234 0.037 0.027 0.955 4876.7 4.3049 15.470529 1.423248 16.116392 14.693144 "" "" 837.667969 874.571106 12210.55588 23.645 4885.0 37.317 10517.0 52.697 "" "" 0.0034658529301205944 0.008750786 0.0066241957 0.015374982 327.66681318114 62.85771415781 855.157166 -1.9859999999999998 -4.234 1.477242530822754 -2.8264545526504516 0.19606222 0.18606222 "" "" 12.927306547386642 "" 2.433598031007992 ""
328.90623635713 62.81530191161 0.0301 0.0284 18.6867 "" "" 2204472473844853632 1026.91833 0.9479 0.0321 -1.7 -2.9 0.041 0.035 1.272 5628.3 4.4491 15.475069 1.230076 15.99266 14.762585 "" "" 996.04425 1055.82544 12159.59029 10.044 5474.6 17.479 9865.6 24.818 "" "" 0.002897602546474943 0.00444989 0.00466301 0.0091129 328.90623635713 62.81530191161 1026.91833 -1.7000000000000002 -2.9 1.763242530822754 -1.4924545526504516 0.20006222 0.19406222 "" "" 11.244502849985832 "" 2.221688699704746 ""
328.54778039703 62.25769298757 0.0198 0.0195 20.0079 "" "" 2204345961290270848 782.435242 1.2483 0.0218 2.141 7.327 0.025 0.023 0.999 5652.5 4.5758 15.477389 1.352146 16.052853 14.700707 "" "" 770.172729 795.206177 12133.63609 3.467 5179.4 23.817 10444.0 37.984 "" "" 0.0027727303427119154 0.005719414 0.005465917 0.011185331 328.54778039703 62.25769298757 782.435242 2.1409999999999996 7.327000000000001 5.604242530822754 8.734545447349548 0.18406223 0.18206222 "" "" 38.48878758903058 "" 7.029889641327803 ""
328.07180001423 62.33988147895 0.0206 0.0203 18.0801 "" "" 2204357574881518208 846.932129 1.1507 0.0227 -1.249 -3.427 0.026 0.024 1.006 4812.0 4.2936 15.478505 1.459431 16.134792 14.675362 "" "" 829.983887 863.880859 12121.1754 14.521 4802.9 28.191 10691.0 41.701 "" "" 0.003046900354875189 0.0069568534 0.005676167 0.01263302 328.07180001423 62.33988147895 846.932129 -1.2490000000000012 -3.427 2.214242530822754 -2.0194545526504517 0.18506223 0.18306223 "" "" 12.030700364783222 "" 2.2155346017448307 ""
329.50443276349 62.50605916417 0.0203 0.0217 29.7676 "" "" 2204401314824992384 957.86261 1.0268 0.0235 7.82 1.732 0.026 0.026 0.913 5154.6 4.373 15.479787 1.255948 16.031477 14.775529 "" "" 937.697144 977.106628 12106.86925 3.6118 5282.3 13.83 9748.7 10.664 "" "" 0.002774293265398526 0.003983178 0.003961603 0.007944781 329.50443276349 62.50605916417 957.86261 7.819999999999998 1.732000000000002 11.283242530822754 3.1395454473495485 0.18506223 0.18506223 "" "" 53.175116840260706 "" 9.84070568347155 ""
327.93341644769 62.15139326724 0.0196 0.0198 29.7656 "" "" 2204341838121425024 1019.6756 0.9523 0.0218 -2.985 -1.898 0.026 0.025 0.986 5736.4 4.3998 15.481313 1.24758 16.025331 14.777751 "" "" 999.636414 1042.94739 12089.86695 3.5021 5312.3 12.345 9728.8 15.037 "" "" 0.002773211948274353 0.003761786 0.004135197 0.007896983 327.93341644769 62.15139326724 1019.6756 -2.984999999999997 -1.8979999999999975 0.47824253082275403 -0.49045455265045157 0.18506223 0.18406223 "" "" 3.31091377769976 "" 0.6110301337521532 ""
327.98690435195 62.52456098204 0.0225 0.022 13.165 "" "" 2216377951389199360 985.593018 0.9871 0.0242 3.493 2.127 0.028 0.027 1.043 5302.8 4.3628 15.487988 1.297577 16.058218 14.760641 "" "" 966.496033 1006.474 12015.76467 4.6676 5153.8 16.49 9883.3 19.677 "" "" 0.0027874131106602374 0.0044556744 0.004353891 0.008809566 327.98690435195 62.52456098204 985.593018 3.493 2.1270000000000016 6.956242530822754 3.534545447349548 0.18706222 0.18606222 "" "" 36.452016870570716 "" 6.811331118539934 ""
329.45920096311 62.95021314415 0.0266 0.0243 35.3811 "" "" 2204494670236264704 903.221924 1.0872 0.0282 -13.542 9.716 0.037 0.033 1.061 5586.8 4.4036 15.488841 1.242359 16.02622 14.783861 "" "" 880.615784 932.151184 12006.33548 3.9588 5308.0 9.3967 9674.2 10.966 "" "" 0.002778479816447665 0.0033881254 0.0039747185 0.007362844 329.45920096311 62.95021314415 903.221924 -13.541999999999994 9.715999999999996 -10.078757469177246 11.123545447349548 0.19606222 0.19206223 "" "" 64.26396158729105 "" 12.459227691917702 ""
327.23307603218 62.85809145512 0.0228 0.023 37.0145 "" "" 2216441585625820544 1078.46606 0.9094 0.0268 0.124 -3.577 0.031 0.025 1.025 5825.7 4.4518 15.497978 1.165874 15.996141 14.830268 "" "" 1050.73926 1108.75732 11905.71404 3.7688 5457.1 11.263 9269.4 11.487 "" "" 0.002776673361907564 0.0035786228 0.0040117404 0.0075903633 327.23307603218 62.85809145512 1078.46606 0.12399999999999989 -3.577 3.587242530822754 -2.1694545526504516 0.19006222 0.18406223 "" "" 21.43041290922991 "" 4.0390789958291275 ""
328.4729849527 62.39776551453 0.0207 0.0202 11.4208 "" "" 2204352627079331200 838.689697 1.1696 0.0227 -9.487 -13.574 0.027 0.024 1.039 5376.0 4.486 15.499869 1.309052 16.082294 14.773242 "" "" 824.598633 857.513428 11884.99405 3.4908 5040.8 10.815 9769.3 11.242 "" "" 0.002773713149224733 0.00363474 0.0039805463 0.007615286 328.4729849527 62.39776551453 838.689697 -9.48700000000001 -13.573999999999998 -6.023757469177246 -12.166454552650452 0.18606222 0.18306223 "" "" 53.9699556779854 "" 9.911945169933757 ""
328.71730495099 62.89072469666 0.0229 0.0208 19.6885 "" "" 2216477663348792960 928.678345 1.05 0.0237 -3.817 -5.079 0.031 0.027 1.034 5534.8 4.5178 15.500153 1.206644 16.023577 14.816933 "" "" 911.993347 947.589722 11881.89809 5.5936 5320.9 11.876 9383.9 14.383 "" "" 0.002802327866360887 0.0036956044 0.0041295392 0.007825144 328.71730495099 62.89072469666 928.678345 -3.817 -5.079000000000001 -0.35375746917724626 -3.6714545526504514 0.19006222 0.18606222 "" "" 16.23635395207202 "" 3.021575777513682 ""
328.30036845694 63.08583229696 0.0227 0.0221 30.1475 "" "" 2216495977089160704 735.349854 1.3353 0.0241 -5.572 -6.607 0.032 0.031 1.032 5253.6 4.5392 15.500333 1.308474 16.081825 14.773351 "" "" 720.4198 748.222778 11879.92266 13.424 5043.0 23.678 9768.3 30.648 "" "" 0.0030161164230442373 0.0058113956 0.0050880173 0.010899413 328.30036845694 63.08583229696 735.349854 -5.572000000000003 -6.607000000000004 -2.108757469177246 -5.199454552650452 0.19106223 0.19006222 "" "" 19.55680443232655 "" 3.719778489377987 ""
328.38444387755 62.07620968613 0.022 0.0198 30.7269 "" "" 2204291672901742208 1023.55267 0.9473 0.0231 0.122 -3.777 0.029 0.025 0.942 5635.5 4.393 15.501871 1.272766 16.060127 14.787361 "" "" 1001.81927 1047.1781 11863.10333 9.7437 5144.8 15.536 9643.0 20.319 "" "" 0.002896037336209209 0.0043051825 0.0044178804 0.008723063 328.38444387755 62.07620968613 1023.55267 0.12199999999999966 -3.7769999999999966 3.585242530822754 -2.369454552650452 0.18806222 0.18406223 "" "" 20.849793077402765 "" 3.895894149346065 ""
329.41488059243 62.88855147835 0.0229 0.0218 32.2429 "" "" 2204482678687588096 1016.45514 0.9638 0.0246 1.627 -3.369 0.03 0.029 0.987 5752.6 4.4311 15.502167 1.2317 16.036247 14.804547 "" "" 991.85675 1045.70483 11859.86943 3.8156 5259.2 9.7414 9491.6 12.496 "" "" 0.0027773737164501896 0.0034393934 0.00404066 0.007480053 329.41488059243 62.88855147835 1016.45514 1.627000000000001 -3.3690000000000015 5.090242530822754 -1.9614545526504519 0.18906222 0.18806222 "" "" 26.282550096805643 "" 4.965647176118037 ""
327.88271950294 62.7953788908 0.0255 0.0238 19.8292 "" "" 2216396402568827008 980.296814 0.9877 0.0269 4.423 -4.11 0.035 0.029 1.078 5507.9 4.4341 15.503429 1.221001 16.03311 14.812109 "" "" 942.807739 1013.52148 11846.08822 3.9806 5274.4 17.604 9425.7 13.492 "" "" 0.0027793695014383555 0.0045734975 0.0040864465 0.008659944 327.88271950294 62.7953788908 980.296814 4.422999999999998 -4.110000000000002 7.886242530822754 -2.702454552650452 0.19406222 0.18806222 "" "" 38.736117805216175 "" 7.4931315467228865 ""
328.0050301216 62.71351912049 0.0227 0.0213 14.2395 "" "" 2216383311508563712 742.909424 1.3212 0.0246 -16.466 -12.709 0.03 0.026 1.018 5418.6 4.5083 15.508189 1.407296 16.143442 14.736146 "" "" 731.225525 760.357849 11794.27255 3.5473 4764.7 12.983 10109.0 14.05 "" "" 0.002774603573985977 0.004066627 0.0040695015 0.008136129 328.0050301216 62.71351912049 742.909424 -16.466000000000005 -12.709000000000014 -13.002757469177247 -11.301454552650451 0.18906222 0.18506223 "" "" 60.66555703939233 "" 11.365772793554337 ""
329.60570494591 62.21051106374 0.0229 0.0236 39.4549 "" "" 2204381317457528576 792.03833 1.2318 0.0257 -7.405 -1.743 0.031 0.03 1.003 4855.3 4.3888 15.508328 1.282889 16.075544 14.792655 "" "" 777.735352 812.487793 11792.76807 3.9207 5072.2 12.007 9596.1 11.232 "" "" 0.0027788647656606913 0.003793526 0.003987321 0.007780847 329.60570494591 62.21051106374 792.03833 -7.404999999999994 -1.7430000000000019 -3.9417574691772463 -0.33545455265045176 0.19006222 0.18906222 "" "" 14.851880908716714 "" 2.8226750165660905 ""
327.61788228981 62.93243673977 0.023 0.0244 30.6827 "" "" 2216448491933539584 821.695618 1.1914 0.027 -6.478 -4.015 0.031 0.027 1.097 5089.6 4.4325 15.508994 1.271919 16.042055 14.770136 "" "" 803.004333 838.706116 11785.53229 4.7236 5231.1 19.275 9797.2 27.808 "" "" 0.0027894718102670036 0.004877488 0.004876544 0.009754032 327.61788228981 62.93243673977 821.695618 -6.478000000000001 -4.015000000000001 -3.014757469177246 -2.6074545526504513 0.19006222 0.18606222 "" "" 15.524521137341514 "" 2.9242125777123147 ""
328.69997966584 62.65862760441 0.0243 0.0226 8.2743 "" "" 2204461135130958720 1007.76923 0.9684 0.0255 -16.674 -2.7 0.03 0.028 1.072 5713.9 4.4153 15.509731 1.266618 16.064392 14.797774 "" "" 979.600464 1036.41675 11777.53499 3.7997 5124.6 12.998 9551.0 11.151 "" "" 0.002777496653846145 0.003920301 0.0039863004 0.007906601 328.69997966584 62.65862760441 1007.76923 -16.673999999999992 -2.7000000000000046 -13.210757469177246 -1.2924545526504518 0.18906222 0.18706222 "" "" 63.40677624406199 "" 11.986630081968464 ""
329.29367723961 62.67253268884 0.0218 0.0234 24.0142 "" "" 2204452545196686848 748.36908 1.3007 0.0245 -6.382 -11.268 0.029 0.031 0.988 5351.0 4.589 15.510615 1.355884 16.118505 14.762622 "" "" 734.716553 764.075684 11767.94858 3.8359 4875.5 9.299 9865.3 12.763 "" "" 0.0027779561787664455 0.0034746688 0.004031967 0.007506636 329.29367723961 62.67253268884 748.36908 -6.381999999999998 -11.267999999999992 -2.9187574691772458 -9.860454552650452 0.18806222 0.19006222 "" "" 36.47788595982843 "" 6.9272192157737384 ""
328.85718648318 62.8916241083 0.0237 0.0218 21.5025 "" "" 2204473951313570176 947.193176 1.0397 0.0246 -4.632 0.048 0.032 0.027 0.963 5372.4 4.4797 15.514988 1.23523 16.054974 14.819743 "" "" 927.496643 969.494629 11720.64409 3.5209 5169.2 10.059 9359.7 11.86 "" "" 0.0027745572080116027 0.0034998455 0.0040219994 0.007521845 328.85718648318 62.8916241083 947.193176 -4.632 0.048000000000000015 -1.1687574691772458 1.4555454473495484 0.19106223 0.18606222 "" "" 8.380960191966837 "" 1.5759398784925363 ""
328.53501609559 62.1775186982 0.0195 0.0193 24.7382 "" "" 2204298510489663744 1074.00854 0.9071 0.0211 -2.574 -4.578 0.025 0.024 0.925 5797.8 4.3997 15.518958 1.18966 16.029997 14.840337 "" "" 1043.59827 1098.81128 11677.86732 6.3778 5289.5 13.111 9183.8 16.333 "" "" 0.002818404002972388 0.0038765434 0.004244083 0.008120626 328.53501609559 62.1775186982 1074.00854 -2.573999999999998 -4.578000000000002 0.8892425308227541 -3.170454552650452 0.18406223 0.18306223 "" "" 16.76298975876952 "" 3.0698958439767168 ""
329.92334729441 62.57948749282 0.0216 0.0211 40.9024 "" "" 2204424645088125056 758.781799 1.2971 0.0237 -10.623 -2.071 0.028 0.026 0.998 5340.6 4.5715 15.519443 1.331299 16.110914 14.779615 "" "" 746.547119 773.251038 11672.64449 3.2998 4909.7 12.052 9712.1 18.401 "" "" 0.002772363048086771 0.0038585353 0.0043029445 0.00816148 329.92334729441 62.57948749282 758.781799 -10.62300000000001 -2.0710000000000037 -7.159757469177245 -0.6634545526504518 0.18706222 0.18506223 "" "" 25.86128937356317 "" 4.837232162804687 ""
328.49522991148 63.15478152467 0.0208 0.0216 34.0607 "" "" 2216502471079733120 1024.98401 0.952 0.0223 8.725 0.302 0.028 0.028 1.023 5247.7 4.3914 15.521141 1.242579 16.06554 14.822962 "" "" 1006.96698 1044.09265 11654.40652 3.5406 5119.2 16.823 9332.0 14.47 "" "" 0.0027749932756332865 0.004529428 0.004137386 0.008666814 328.49522991148 63.15478152467 1024.98401 8.724999999999998 0.3020000000000013 12.188242530822754 1.7095454473495484 0.18706222 0.18706222 "" "" 59.79530174025048 "" 11.185441816466925 ""
328.05861055484 62.72316770038 0.0244 0.0223 13.3543 "" "" 2216384617178628352 931.622925 1.0516 0.0258 7.601 -6.205 0.032 0.028 1.043 4939.5 4.3191 15.528453 1.34648 16.129398 14.782918 "" "" 911.018982 956.571289 11576.18807 3.3063 4826.8 10.46 9682.6 10.176 "" "" 0.0027727154674124584 0.0036497964 0.003947879 0.0075976755 328.05861055484 62.72316770038 931.622925 7.601000000000006 -6.20500000000001 11.064242530822753 -4.797454552650452 0.19106223 0.18706222 "" "" 53.253730884731425 "" 10.14136358892834 ""
