Clusters/NGC_7160/NGC_7160_stars_in_region.tsv
# %ECSV 1.0
# ---
# datatype:
# - name: RA_ICRS_1
#   unit: deg
#   datatype: float64
#   format: '{:15.11f}'
#   description: Right ascension (ICRS) at Ep=2016.0 (ra)
#   meta: !!omap
#   - {ucd: POS_EQ_RA_MAIN}
#   - {width: 15}
#   - {precision: '11'}
# - name: DE_ICRS_1
#   unit: deg
#   datatype: float64
#   format: '{:15.11f}'
#   description: Declination (ICRS) at Ep=2016.0 (dec)
#   meta: !!omap
#   - {ucd: POS_EQ_DEC_MAIN}
#   - {width: 15}
#   - {precision: '11'}
# - name: e_RA_ICRS
#   unit: mas
#   datatype: float64
#   format: '{:7.4f}'
#   description: Standard error of right ascension (ra_error)
#   meta: !!omap
#   - {ucd: ERROR}
#   - {width: 7}
#   - {precision: '4'}
# - name: e_DE_ICRS
#   unit: mas
#   datatype: float64
#   format: '{:7.4f}'
#   description: Standard error of declination (dec_error)
#   meta: !!omap
#   - {ucd: ERROR}
#   - {width: 7}
#   - {precision: '4'}
# - name: _r_1
#   unit: ''
#   datatype: float64
#   format: '{:7.4f}'
#   description: Distance from center (328.44291289000+62.58760505000)[ICRS], at Epoch=J2016.0
#   meta: !!omap
#   - {ucd: POS_ANG_DIST_GENERAL}
#   - {width: 7}
#   - {precision: '4'}
# - name: HIP
#   datatype: int32
#   description: '? HIP cross-id number, van Leeuwen, Cat. I/311 (hip_original_ext_source_id)'
#   meta: !!omap
#   - {ucd: ID_NUMBER}
#   - {width: 6}
#   - values: {'null': -2147483648}
# - name: TYC2
#   datatype: string
#   description: Tycho-2 cross-id name, Hog et al., Cat. I/259 (tyc2_original_ext_source_id)
#   meta: !!omap
#   - {ucd: ID_CROSSID}
#   - {_votable_string_dtype: char}
# - name: Source
#   datatype: int64
#   description: Source identifier, identical to the Gaia-EDR3 source_id (id)
#   meta: !!omap
#   - {ucd: ID_MAIN}
#   - {width: 19}
# - name: rgeo
#   unit: pc
#   datatype: float64
#   format: '{:15.8f}'
#   description: '? Median of the geometric distance posterior (r_med_geo)'
#   meta: !!omap
#   - {ucd: PHYS_DISTANCE_TRUE}
#   - {width: 15}
#   - {precision: '8'}
#   - values: {'null': .nan}
# - name: Plx
#   unit: mas
#   datatype: float64
#   format: '{:9.4f}'
#   description: '? Parallax (parallax)'
#   meta: !!omap
#   - {ucd: POS_PARLX_TRIG}
#   - {width: 9}
#   - {precision: '4'}
#   - values: {'null': .nan}
# - name: e_Plx
#   unit: mas
#   datatype: float32
#   format: '{:7.4f}'
#   description: '? Standard error of parallax (parallax_error)'
#   meta: !!omap
#   - {ucd: ERROR}
#   - {width: 7}
#   - {precision: '4'}
#   - values: {'null': .nan}
# - name: pmRA
#   unit: mas / yr
#   datatype: float64
#   format: '{:9.3f}'
#   description: '? Proper motion in right ascension direction, pmRA*cosDE (pmra)'
#   meta: !!omap
#   - {ucd: POS_EQ_PMRA}
#   - {width: 9}
#   - {precision: '3'}
#   - values: {'null': .nan}
# - name: pmDE
#   unit: mas / yr
#   datatype: float64
#   format: '{:9.3f}'
#   description: '? Proper motion in declination direction (pmdec)'
#   meta: !!omap
#   - {ucd: POS_EQ_PMDEC}
#   - {width: 9}
#   - {precision: '3'}
#   - values: {'null': .nan}
# - name: e_pmRA
#   unit: mas / yr
#   datatype: float32
#   format: '{:6.3f}'
#   description: '? Standard error of proper motion in right ascension direction (pmra_error)'
#   meta: !!omap
#   - {ucd: ERROR}
#   - {width: 6}
#   - {precision: '3'}
#   - values: {'null': .nan}
# - name: e_pmDE
[...]
#         unit: &id001 !astropy.units.Unit {unit: deg}
#         value: !astropy.table.SerializedColumn {name: SkyCoord.dec}
#       distance: !astropy.table.SerializedColumn
#         __class__: astropy.coordinates.distances.Distance
#         unit: !astropy.units.Unit {unit: pc}
#         value: !astropy.table.SerializedColumn {name: SkyCoord.distance}
#       frame: icrs
#       obstime: !astropy.time.Time {format: jyear_str, in_subfmt: '*', jd1: 367701545.0, jd2: 0.0, out_subfmt: '*', precision: 3, scale: tt}
#       pm_dec: !astropy.table.SerializedColumn
#         __class__: astropy.units.quantity.Quantity
#         unit: !astropy.units.Unit {unit: mas / yr}
#         value: !astropy.table.SerializedColumn {name: SkyCoord.pm_dec}
#       pm_ra_cosdec: !astropy.table.SerializedColumn
#         __class__: astropy.units.quantity.Quantity
#         unit: !astropy.units.Unit {unit: mas / yr}
#         value: !astropy.table.SerializedColumn {name: SkyCoord.pm_ra_cosdec}
#       ra: !astropy.table.SerializedColumn
#         __class__: astropy.coordinates.angles.Longitude
#         unit: *id001
#         value: !astropy.table.SerializedColumn {name: SkyCoord.ra}
#         wrap_angle: !astropy.coordinates.Angle
#           unit: *id001
#           value: 360.0
#       representation_type: spherical
# schema: astropy-2.0
RA_ICRS_1 DE_ICRS_1 e_RA_ICRS e_DE_ICRS _r_1 HIP TYC2 Source rgeo Plx e_Plx pmRA pmDE e_pmRA e_pmDE RUWE Teff logg Gmag BP-RP BPmag RPmag RV e_RV b_rgeo B_rgeo FG e_FG FBP e_FBP FRP e_FRP RAVE5 RAVE6 e_Gmag e_BPmag e_RPmag e_BP-RP SkyCoord.ra SkyCoord.dec SkyCoord.distance SkyCoord.pm_ra_cosdec SkyCoord.pm_dec
[from data line 797]
328.11716442327 61.94877941165 0.0386 0.0391 39.3937 "" "" 2204289022898864512 857.781677 1.1439 0.0431 -17.749 -5.508 0.052 0.05 2.311 5703.2 4.5026 15.387405 1.326309 15.961564 14.635255 "" "" 824.170105 895.725342 13182.0951 6.5433 5633.7 8.3101 11093.0 12.593 "" "" 0.002807532860927896 0.0032171365 0.003975287 0.0071924236 328.11716442327 61.94877941165 857.781677 -17.749 -5.507999999999999
329.32066787038 62.20718767513 0.0205 0.0229 33.4125 "" "" 2204378362519927808 853.68103 1.1486 0.0245 -5.776 -5.618 0.027 0.028 1.01 5669.6 4.4288 15.390113 1.31297 15.972803 14.659833 "" "" 834.319031 875.658142 13149.27218 4.1773 5575.7 9.2363 10845.0 13.197 "" "" 0.0027768253715875044 0.0033196139 0.0040036617 0.0073232753 329.32066787038 62.20718767513 853.68103 -5.775999999999999 -5.617999999999999
329.48426179659 62.93552942301 0.0522 0.0416 35.4053 "" "" 2204494601512712576 1065.91272 0.913 0.0537 -3.08 1.186 0.072 0.054 2.005 "" "" 15.395118 1.330576 15.323848 13.993272 "" "" 1022.74091 1137.14368 13088.79004 11.649 10136.0 147.61 20038.0 218.86 "" "" 0.002919851259386981 0.016055811 0.012446365 0.028502177 329.48426179659 62.93552942301 1065.91272 -3.08 1.1859999999999995
328.19862476894 62.01030579094 0.0216 0.0202 35.3017 "" "" 2204289783116560512 846.647034 1.1602 0.0232 -7.522 2.379 0.029 0.025 0.93 5650.0 4.5014 15.397185 1.190502 15.907599 14.717097 "" "" 829.796875 861.387329 13063.88743 4.1331 5920.8 14.722 10288.0 11.862 "" "" 0.002776649461570914 0.0038824307 0.0039813123 0.007863743 328.19862476894 62.01030579094 846.647034 -7.522 2.3790000000000004
327.26364918435 62.53762271985 0.0222 0.0222 32.74 "" "" 2216364241852940160 829.820496 1.1801 0.0238 3.731 -1.214 0.028 0.027 0.99 5285.3 4.4443 15.398522 1.286933 15.967219 14.680286 "" "" 812.271851 845.593628 13047.81699 3.7619 5604.4 15.533 10642.0 14.584 "" "" 0.0027730453775906437 0.004103695 0.0040617255 0.008165421 327.26364918435 62.53762271985 829.820496 3.731 -1.2139999999999997
329.26929808371 62.84765041292 0.023 0.022 27.5677 "" "" 2204470480980071680 1033.98755 0.9397 0.0244 7.664 2.971 0.03 0.028 1.018 5804.5 4.3911 15.398785 1.219091 15.922703 14.703612 "" "" 1007.88635 1061.48218 13044.65845 4.1407 5839.0 11.52 10416.0 11.603 "" "" 0.0027767905835975513 0.0035176142 0.0039681904 0.0074858046 329.26929808371 62.84765041292 1033.98755 7.664000000000001 2.9710000000000005
328.06411688111 62.69742226639 0.0235 0.021 12.349 "" "" 2216383070990413184 871.043762 1.1269 0.0262 3.444 -7.421 0.032 0.025 0.941 5255.9 4.4016 15.401169 1.386918 16.026583 14.639665 "" "" 852.440918 891.880554 13016.05396 3.9532 5306.2 10.656 11048.0 11.567 "" "" 0.002774982694627473 0.0035410682 0.003946632 0.0074877003 328.06411688111 62.69742226639 871.043762 3.444 -7.421
327.24289329334 62.62854664084 0.0213 0.0234 33.2164 "" "" 2216391420406442752 965.038208 1.0157 0.0258 -1.125 -2.56 0.029 0.028 0.999 5227.8 4.3131 15.404431 1.41387 16.038 14.62413 "" "" 943.202759 989.742798 12976.99768 7.3931 5250.7 18.465 11207.0 18.487 "" "" 0.002823897434162689 0.004729011 0.0041822833 0.008911295 327.24289329334 62.62854664084 965.038208 -1.1250000000000004 -2.5599999999999996
327.57752760617 62.13434478094 0.0256 0.0287 36.3283 "" "" 2204330911724023936 1000.52856 0.98 0.0296 -3.214 -2.397 0.034 0.04 1.377 5113.8 4.3046 15.404764 1.327798 15.993472 14.665674 "" "" 972.333496 1032.97925 12973.02492 3.6102 5470.5 9.2005 10787.0 10.228 "" "" 0.0027718370341463937 0.0033345832 0.003917083 0.0072516664 327.57752760617 62.13434478094 1000.52856 -3.214 -2.397
328.50357859808 62.93657577751 0.0256 0.0231 21.0044 "" "" 2216481511639188864 854.472717 1.1405 0.0262 12.917 1.373 0.035 0.03 1.234 5756.3 4.6061 15.406569 1.203471 15.924729 14.721258 "" "" 836.311707 871.693359 12951.47842 4.0138 5828.1 14.396 10248.0 10.172 "" "" 0.002775789786720357 0.0038700802 0.0039300295 0.0078001097 328.50357859808 62.93657577751 854.472717 12.917 1.3729999999999989
327.28004686609 62.31194791911 0.0205 0.0244 36.2621 "" "" 2216347886617609856 918.966064 1.0552 0.0237 -3.69 -1.62 0.029 0.03 1.079 4912.6 4.1233 15.407867 1.775858 16.255692 14.479834 "" "" 902.407104 942.746521 12936.00957 22.698 4296.7 27.897 12800.0 59.586 "" "" 0.003349789775017123 0.0075814147 0.0063110525 0.013892467 327.28004686609 62.31194791911 918.966064 -3.69 -1.6200000000000003
327.75746232371 62.19501729397 0.0196 0.0205 30.3001 "" "" 2204354791742679424 1057.90979 0.9185 0.0218 2.586 -3.696 0.026 0.027 0.955 5725.4 4.4008 15.417757 1.173636 15.922215 14.748579 "" "" 1035.20435 1081.60181 12818.69293 3.815 5841.6 12.761 9993.7 12.797 "" "" 0.0027742028337509436 0.0036620297 0.004026989 0.0076890187 327.75746232371 62.19501729397 1057.90979 2.586 -3.6959999999999993
328.92391791869 62.44800724249 0.0206 0.0225 15.7331 "" "" 2204442718311337472 874.77179 1.1218 0.0243 11.136 1.715 0.026 0.026 0.958 5329.4 4.4142 15.419054 1.301854 15.993827 14.691973 "" "" 857.588928 893.210205 12803.39241 3.6046 5468.7 17.741 10529.0 14.158 "" "" 0.0027722238477449973 0.00449346 0.0040515666 0.008545026 328.92391791869 62.44800724249 874.77179 11.136 1.714999999999999
329.77074683035 62.60940426116 0.0211 0.0202 36.6887 "" "" 2204425572800983040 737.886108 1.3299 0.0228 3.886 -0.979 0.027 0.024 1.005 4862.1 4.4076 15.41907 1.333516 16.013182 14.679666 "" "" 725.665588 749.408691 12803.1986 4.4027 5372.1 12.108 10649.0 13.243 "" "" 0.0027805008973436347 0.0037112492 0.0040133274 0.0077245766 329.77074683035 62.60940426116 737.886108 3.886 -0.9790000000000005
329.8027513191 62.73058404516 0.0262 0.0249 38.4417 "" "" 2204430241421319424 1018.56311 0.9519 0.0281 -9.961 -8.983 0.034 0.03 1.253 6029.9 4.3688 15.422541 1.260005 15.912828 14.652822 "" "" 991.853333 1045.19592 12762.33993 4.9774 5892.3 13.038 10915.0 27.172 "" "" 0.0027876683200813834 0.0036819438 0.0046464107 0.008328354 329.8027513191 62.73058404516 1018.56311 -9.960999999999999 -8.983
327.14786279037 62.94507771532 0.0224 0.0252 41.5252 "" "" 2216445811873817856 957.865051 1.0113 0.0277 11.717 7.062 0.03 0.029 0.959 5604.6 4.4448 15.428943 1.194203 15.946796 14.752593 "" "" 933.699402 982.289124 12687.31583 4.0844 5710.8 10.115 9956.8 10.346 "" "" 0.002777401610376439 0.0033886891 0.003944174 0.0073328633 327.14786279037 62.94507771532 957.865051 11.717000000000002 7.062000000000001
329.63620382347 62.31489484607 0.0218 0.023 36.9353 "" "" 2204385230174011648 1059.07043 0.9231 0.0254 -5.4 -2.352 0.03 0.028 1.016 5311.5 4.2755 15.436927 1.291012 15.96775 14.676738 "" "" 1023.29224 1095.68811 12594.35969 5.4861 5601.7 21.443 10677.0 46.235 "" "" 0.002795615800943566 0.00500585 0.0060323128 0.011038163 329.63620382347 62.31489484607 1059.07043 -5.4 -2.3520000000000003
328.59211372654 62.8174157196 0.0279 0.0242 14.3869 "" "" 2216477010513506816 942.4646 1.0321 0.0299 -3.43 -1.322 0.037 0.029 1.252 4944.9 4.3081 15.439566 1.480357 16.113365 14.633008 "" "" 911.090759 970.52533 12563.78016 17.99 4898.6 21.862 11116.0 43.023 "" "" 0.0031636614333465742 0.0055914493 0.005651742 0.011243192 328.59211372654 62.8174157196 942.4646 -3.4300000000000006 -1.322
328.83940115928 62.73652249783 0.0223 0.0214 14.1134 "" "" 2204463402873691264 790.21051 1.2447 0.0241 2.27 2.247 0.029 0.027 1.059 5448.0 4.539 15.440839 1.239597 15.98239 14.742793 "" "" 774.312317 807.481079 12549.05843 3.556 5526.6 8.7957 10047.0 11.376 "" "" 0.0027724440064008996 0.0032819102 0.0039742975 0.007256208 328.83940115928 62.73652249783 790.21051 2.27 2.2469999999999994
327.78075442702 62.45206838392 0.0212 0.0211 20.0554 "" "" 2216371629197317760 995.052551 0.9795 0.0236 1.96 -3.049 0.027 0.027 1.08 5369.6 4.3809 15.444427 1.198203 15.952335 14.754132 "" "" 970.07373 1018.43158 12507.66421 4.6592 5681.8 14.807 9942.7 21.258 "" "" 0.002784845622698965 0.0039737844 0.004435362 0.008409146 327.78075442702 62.45206838392 995.052551 1.9599999999999997 -3.0489999999999995
328.57011449018 62.21836553784 0.0192 0.0186 22.4347 "" "" 2204345583333182208 1037.95581 0.9321 0.0208 -4.748 -2.904 0.023 0.023 0.993 5353.9 4.3545 15.447137 1.244947 15.99015 14.745203 "" "" 1016.69043 1058.20935 12476.47799 6.3934 5487.3 15.082 10025.0 15.534 "" "" 0.0028109318181631367 0.0040853834 0.0041369214 0.008222304 328.57011449018 62.21836553784 1037.95581 -4.747999999999999 -2.903999999999999
329.58911053818 62.80224791496 0.0227 0.0211 34.0744 "" "" 2204478345055209728 752.604858 1.3005 0.0237 -4.462 -7.025 0.028 0.027 0.958 5155.6 4.4572 15.447624 1.348109 16.04801 14.699901 "" "" 737.84137 764.723083 12470.87825 7.0296 5202.5 17.484 10452.0 19.976 "" "" 0.0028224713514709283 0.004593361 0.0043115723 0.008904934 329.58911053818 62.80224791496 752.604858 -4.462 -7.024999999999999
328.37674402452 62.52270929834 0.0222 0.0196 4.3023 "" "" 2204366199176258176 905.518066 1.0729 0.0225 -3.518 -1.305 0.029 0.024 0.948 4742.0 4.1478 15.45239 1.568215 16.181488 14.613273 "" "" 887.768433 924.495239 12416.26128 15.739 4600.7 21.549 11320.0 39.9 "" "" 0.003079930069739825 0.0058005713 0.0053785816 0.011179153 328.37674402452 62.52270929834 905.518066 -3.5179999999999993 -1.3049999999999997
328.89790999727 62.25358410011 0.0206 0.0221 23.6938 "" "" 2204393343365480704 852.896973 1.1511 0.0232 -7.518 -1.184 0.027 0.027 1.022 5470.1 4.4987 15.455091 1.250502 16.001154 14.750652 "" "" 836.091736 867.43335 12385.40337 3.6607 5431.9 12.098 9974.6 11.526 "" "" 0.002773944896245498 0.0036922318 0.0039821807 0.007674413 328.89790999727 62.25358410011 852.896973 -7.517999999999999 -1.1839999999999997
329.31027664707 62.02857486785 0.0204 0.0207 41.3508 "" "" 2204372143406956032 803.087585 1.218 0.0237 -4.174 1.284 0.027 0.025 1.014 4693.0 4.1946 15.455761 1.541149 16.170902 14.629753 "" "" 786.773071 819.461853 12377.77148 3.9841 4645.8 10.742 11150.0 13.756 "" "" 0.0027773944482821075 0.0037533094 0.0040097353 0.007763045 329.31027664707 62.02857486785 803.087585 -4.174 1.2839999999999996
328.93057036304 63.03043906148 0.0373 0.0477 29.7443 "" "" 2216486803035235328 942.112427 1.0338 0.046 2.314 0.847 0.05 0.056 1.501 "" "" 15.460723 "" "" "" "" "" 905.544495 976.430603 12321.33066 15.717 "" "" "" "" "" "" 0.0030838119191922034 "" "" "" 328.93057036304 63.03043906148 942.112427 2.314 0.8470000000000001
327.52454260196 62.42573138385 0.0203 0.0225 27.2285 "" "" 2216370632764848640 1025.43896 0.9538 0.0225 2.677 -1.597 0.025 0.027 0.965 5313.1 4.3632 15.46165 1.315162 16.047848 14.732686 "" "" 1006.88892 1050.34619 12310.8182 3.8023 5203.3 12.159 10141.0 14.541 "" "" 0.0027756515426484254 0.0037712194 0.0040874695 0.007858689 327.52454260196 62.42573138385 1025.43896 2.677 -1.5970000000000004
327.66681318114 62.85771415781 0.0255 0.0231 26.797 "" "" 2216400422658131072 855.157166 1.1428 0.0277 -1.986 -4.234 0.037 0.027 0.955 4876.7 4.3049 15.470529 1.423248 16.116392 14.693144 "" "" 837.667969 874.571106 12210.55588 23.645 4885.0 37.317 10517.0 52.697 "" "" 0.0034658529301205944 0.008750786 0.0066241957 0.015374982 327.66681318114 62.85771415781 855.157166 -1.9859999999999998 -4.234
328.90623635713 62.81530191161 0.0301 0.0284 18.6867 "" "" 2204472473844853632 1026.91833 0.9479 0.0321 -1.7 -2.9 0.041 0.035 1.272 5628.3 4.4491 15.475069 1.230076 15.99266 14.762585 "" "" 996.04425 1055.82544 12159.59029 10.044 5474.6 17.479 9865.6 24.818 "" "" 0.002897602546474943 0.00444989 0.00466301 0.0091129 328.90623635713 62.81530191161 1026.91833 -1.7000000000000002 -2.9
328.54778039703 62.25769298757 0.0198 0.0195 20.0079 "" "" 2204345961290270848 782.435242 1.2483 0.0218 2.141 7.327 0.025 0.023 0.999 5652.5 4.5758 15.477389 1.352146 16.052853 14.700707 "" "" 770.172729 795.206177 12133.63609 3.467 5179.4 23.817 10444.0 37.984 "" "" 0.0027727303427119154 0.005719414 0.005465917 0.011185331 328.54778039703 62.25769298757 782.435242 2.1409999999999996 7.327000000000001
328.07180001423 62.33988147895 0.0206 0.0203 18.0801 "" "" 2204357574881518208 846.932129 1.1507 0.0227 -1.249 -3.427 0.026 0.024 1.006 4812.0 4.2936 15.478505 1.459431 16.134792 14.675362 "" "" 829.983887 863.880859 12121.1754 14.521 4802.9 28.191 10691.0 41.701 "" "" 0.003046900354875189 0.0069568534 0.005676167 0.01263302 328.07180001423 62.33988147895 846.932129 -1.2490000000000006 -3.427
329.50443276349 62.50605916417 0.0203 0.0217 29.7676 "" "" 2204401314824992384 957.86261 1.0268 0.0235 7.82 1.732 0.026 0.026 0.913 5154.6 4.373 15.479787 1.255948 16.031477 14.775529 "" "" 937.697144 977.106628 12106.86925 3.6118 5282.3 13.83 9748.7 10.664 "" "" 0.002774293265398526 0.003983178 0.003961603 0.007944781 329.50443276349 62.50605916417 957.86261 7.82 1.7320000000000002
327.93341644769 62.15139326724 0.0196 0.0198 29.7656 "" "" 2204341838121425024 1019.6756 0.9523 0.0218 -2.985 -1.898 0.026 0.025 0.986 5736.4 4.3998 15.481313 1.24758 16.025331 14.777751 "" "" 999.636414 1042.94739 12089.86695 3.5021 5312.3 12.345 9728.8 15.037 "" "" 0.002773211948274353 0.003761786 0.004135197 0.007896983 327.93341644769 62.15139326724 1019.6756 -2.9849999999999994 -1.8979999999999992
327.98690435195 62.52456098204 0.0225 0.022 13.165 "" "" 2216377951389199360 985.593018 0.9871 0.0242 3.493 2.127 0.028 0.027 1.043 5302.8 4.3628 15.487988 1.297577 16.058218 14.760641 "" "" 966.496033 1006.474 12015.76467 4.6676 5153.8 16.49 9883.3 19.677 "" "" 0.0027874131106602374 0.0044556744 0.004353891 0.008809566 327.98690435195 62.52456098204 985.593018 3.4930000000000003 2.1270000000000002
329.45920096311 62.95021314415 0.0266 0.0243 35.3811 "" "" 2204494670236264704 903.221924 1.0872 0.0282 -13.542 9.716 0.037 0.033 1.061 5586.8 4.4036 15.488841 1.242359 16.02622 14.783861 "" "" 880.615784 932.151184 12006.33548 3.9588 5308.0 9.3967 9674.2 10.966 "" "" 0.002778479816447665 0.0033881254 0.0039747185 0.007362844 329.45920096311 62.95021314415 903.221924 -13.541999999999998 9.715999999999998
327.23307603218 62.85809145512 0.0228 0.023 37.0145 "" "" 2216441585625820544 1078.46606 0.9094 0.0268 0.124 -3.577 0.031 0.025 1.025 5825.7 4.4518 15.497978 1.165874 15.996141 14.830268 "" "" 1050.73926 1108.75732 11905.71404 3.7688 5457.1 11.263 9269.4 11.487 "" "" 0.002776673361907564 0.0035786228 0.0040117404 0.0075903633 327.23307603218 62.85809145512 1078.46606 0.12399999999999989 -3.577
328.4729849527 62.39776551453 0.0207 0.0202 11.4208 "" "" 2204352627079331200 838.689697 1.1696 0.0227 -9.487 -13.574 0.027 0.024 1.039 5376.0 4.486 15.499869 1.309052 16.082294 14.773242 "" "" 824.598633 857.513428 11884.99405 3.4908 5040.8 10.815 9769.3 11.242 "" "" 0.002773713149224733 0.00363474 0.0039805463 0.007615286 328.4729849527 62.39776551453 838.689697 -9.487 -13.574000000000002
328.71730495099 62.89072469666 0.0229 0.0208 19.6885 "" "" 2216477663348792960 928.678345 1.05 0.0237 -3.817 -5.079 0.031 0.027 1.034 5534.8 4.5178 15.500153 1.206644 16.023577 14.816933 "" "" 911.993347 947.589722 11881.89809 5.5936 5320.9 11.876 9383.9 14.383 "" "" 0.002802327866360887 0.0036956044 0.0041295392 0.007825144 328.71730495099 62.89072469666 928.678345 -3.8170000000000006 -5.079
328.30036845694 63.08583229696 0.0227 0.0221 30.1475 "" "" 2216495977089160704 735.349854 1.3353 0.0241 -5.572 -6.607 0.032 0.031 1.032 5253.6 4.5392 15.500333 1.308474 16.081825 14.773351 "" "" 720.4198 748.222778 11879.92266 13.424 5043.0 23.678 9768.3 30.648 "" "" 0.0030161164230442373 0.0058113956 0.0050880173 0.010899413 328.30036845694 63.08583229696 735.349854 -5.572000000000001 -6.607000000000001
