Clusters/NGC_1220/NGC_1220_members.tsv
# %ECSV 1.0
# ---
# datatype:
# - name: RA_ICRS_1
#   unit: deg
#   datatype: float64
#   format: '{:15.11f}'
#   description: Right ascension (ICRS) at Ep=2016.0 (ra)
#   meta: !!omap
#   - {ucd: POS_EQ_RA_MAIN}
#   - {width: 15}
#   - {precision: '11'}
# - name: DE_ICRS_1
#   unit: deg
#   datatype: float64
#   format: '{:15.11f}'
#   description: Declination (ICRS) at Ep=2016.0 (dec)
#   meta: !!omap
#   - {ucd: POS_EQ_DEC_MAIN}
#   - {width: 15}
#   - {precision: '11'}
# - name: e_RA_ICRS
#   unit: mas
#   datatype: float64
#   format: '{:7.4f}'
#   description: Standard error of right ascension (ra_error)
#   meta: !!omap
#   - {ucd: ERROR}
#   - {width: 7}
#   - {precision: '4'}
# - name: e_DE_ICRS
#   unit: mas
#   datatype: float64
#   format: '{:7.4f}'
#   description: Standard error of declination (dec_error)
#   meta: !!omap
#   - {ucd: ERROR}
#   - {width: 7}
#   - {precision: '4'}
# - name: _r_1
#   unit: ''
#   datatype: float64
#   format: '{:7.4f}'
#   description: Distance from center (047.91981386000+53.34599759000)[ICRS], at Epoch=J2016.0
#   meta: !!omap
#   - {ucd: POS_ANG_DIST_GENERAL}
#   - {width: 7}
#   - {precision: '4'}
# - name: HIP
#   datatype: int32
#   description: '? HIP cross-id number, van Leeuwen, Cat. I/311 (hip_original_ext_source_id)'
#   meta: !!omap
#   - {ucd: ID_NUMBER}
#   - {width: 6}
#   - values: {'null': -2147483648}
# - name: TYC2
#   datatype: string
#   description: Tycho-2 cross-id name, Hog et al., Cat. I/259 (tyc2_original_ext_source_id)
#   meta: !!omap
#   - {ucd: ID_CROSSID}
#   - {_votable_string_dtype: char}
# - name: Source
#   datatype: int64
#   description: Source identifier, identical to the Gaia-EDR3 source_id (id)
#   meta: !!omap
#   - {ucd: ID_MAIN}
#   - {width: 19}
# - name: rgeo
#   unit: pc
#   datatype: float64
#   format: '{:15.8f}'
#   description: '? Median of the geometric distance posterior (r_med_geo)'
#   meta: !!omap
#   - {ucd: PHYS_DISTANCE_TRUE}
#   - {width: 15}
#   - {precision: '8'}
#   - values: {'null': .nan}
# - name: Plx
#   unit: mas
#   datatype: float64
#   format: '{:9.4f}'
#   description: '? Parallax (parallax)'
#   meta: !!omap
#   - {ucd: POS_PARLX_TRIG}
#   - {width: 9}
#   - {precision: '4'}
#   - values: {'null': .nan}
# - name: e_Plx
#   unit: mas
#   datatype: float32
#   format: '{:7.4f}'
#   description: '? Standard error of parallax (parallax_error)'
#   meta: !!omap
#   - {ucd: ERROR}
#   - {width: 7}
#   - {precision: '4'}
#   - values: {'null': .nan}
# - name: pmRA
#   unit: mas / yr
#   datatype: float64
#   format: '{:9.3f}'
#   description: '? Proper motion in right ascension direction, pmRA*cosDE (pmra)'
#   meta: !!omap
#   - {ucd: POS_EQ_PMRA}
#   - {width: 9}
#   - {precision: '3'}
#   - values: {'null': .nan}
# - name: pmDE
#   unit: mas / yr
#   datatype: float64
#   format: '{:9.3f}'
#   description: '? Proper motion in declination direction (pmdec)'
#   meta: !!omap
#   - {ucd: POS_EQ_PMDEC}
#   - {width: 9}
#   - {precision: '3'}
#   - values: {'null': .nan}
# - name: e_pmRA
#   unit: mas / yr
#   datatype: float32
#   format: '{:6.3f}'
#   description: '? Standard error of proper motion in right ascension direction (pmra_error)'
#   meta: !!omap
#   - {ucd: ERROR}
#   - {width: 6}
#   - {precision: '3'}
#   - values: {'null': .nan}
# - name: e_pmDE
#   unit: mas / yr
#   datatype: float32
#   format: '{:6.3f}'
#   description: '? Standard error of proper motion in declination direction (pmdec_error)'
#   meta: !!omap
#   - {ucd: ERROR}
#   - {width: 6}
#   - {precision: '3'}
#   - values: {'null': .nan}
# - name: RUWE
#   datatype: float64
#   format: '{:7.3f}'
#   description: '? Renormalised unit weight error (ruwe)'
#   meta: !!omap
#   - {ucd: ERROR}
#   - {width: 7}
#   - {precision: '3'}
#   - values: {'null': .nan}
# - name: Teff
#   unit: K
#   datatype: float64
#   format: '{:7.1f}'
#   description: '? Effective temperature from GSP-Phot Aeneas best library using BP/RP spectra (teff_gspphot)'
#   meta: !!omap
#   - {ucd: PHYS_TEMP_EFFEC}
#   - {width: 7}
#   - {precision: '1'}
#   - values: {'null': .nan}
# - name: logg
#   unit: log(cm.s**-2)
#   datatype: float64
#   format: '{:7.4f}'
#   description: '? Surface gravity from GSP-Phot Aeneas best library using BP/RP spectra (logg_gspphot)'
#   meta: !!omap
#   - {ucd: PHYS_GRAVITY_SURFACE}
#   - {width: 7}
#   - {precision: '4'}
#   - values: {'null': .nan}
# - name: Gmag
#   unit: mag
#   datatype: float64
#   format: '{:9.6f}'
#   description: '? G-band mean magnitude (phot_g_mean_mag)'
#   meta: !!omap
#   - {ucd: PHOT_MAG_OPTICAL}
#   - {width: 9}
#   - {precision: '6'}
#   - values: {'null': .nan}
# - name: BP-RP
#   unit: mag
#   datatype: float64
#   format: '{:9.6f}'
#   description: '? BP-RP colour (bp_rp)'
#   meta: !!omap
#   - {ucd: PHOT_CI_B-R}
#   - {width: 9}
#   - {precision: '6'}
#   - values: {'null': .nan}
# - name: BPmag
#   unit: mag
#   datatype: float64
#   format: '{:9.6f}'
#   description: '? Integrated BP mean magnitude (phot_bp_mean_mag)'
#   meta: !!omap
#   - {ucd: PHOT_MAG_B}
#   - {width: 9}
#   - {precision: '6'}
#   - values: {'null': .nan}
# - name: RPmag
#   unit: mag
#   datatype: float64
#   format: '{:9.6f}'
#   description: '? Integrated RP mean magnitude (phot_rp_mean_mag)'
#   meta: !!omap
#   - {ucd: PHOT_MAG_R}
#   - {width: 9}
#   - {precision: '6'}
#   - values: {'null': .nan}
# - name: RV
#   unit: km / s
#   datatype: float64
#   format: '{:7.2f}'
#   description: '? Radial velocity (radial_velocity)'
#   meta: !!omap
#   - {ucd: VELOC_BARYCENTER}
#   - {width: 7}
#   - {precision: '2'}
#   - values: {'null': .nan}
# - name: e_RV
#   unit: km / s
#   datatype: float32
#   format: '{:5.2f}'
#   description: '? Radial velocity error (radial_velocity_error)'
#   meta: !!omap
#   - {ucd: ERROR}
#   - {width: 5}
#   - {precision: '2'}
#   - values: {'null': .nan}
# - name: b_rgeo
#   unit: pc
#   datatype: float64
#   format: '{:14.8f}'
#   description: '? 16th percentile of the geometric distance posterior (r_lo_geo)'
#   meta: !!omap
#   - {ucd: ERROR}
#   - {width: 14}
#   - {precision: '8'}
#   - values: {'null': .nan}
# - name: B_rgeo
#   unit: pc
#   datatype: float64
#   format: '{:14.8f}'
#   description: '? 84th percentile of the geometric distance posterior (r_hi_geo)'
#   meta: !!omap
#   - {ucd: ERROR}
#   - {width: 14}
#   - {precision: '8'}
#   - values: {'null': .nan}
# - name: FG
#   unit: ''
#   datatype: float64
#   format: '{:16.5f}'
#   description: '? G-band mean flux (phot_g_mean_flux)'
#   meta: !!omap
#   - {ucd: PHOT_FLUX_OPTICAL}
#   - {width: 16}
#   - {precision: '5'}
#   - values: {'null': .nan}
# - name: e_FG
#   unit: ''
#   datatype: float32
#   format: '{:11.4g}'
#   description: '? Error on G-band mean flux (phot_g_mean_flux_error)'
#   meta: !!omap
#   - {ucd: ERROR}
#   - {width: 11}
#   - {precision: E4}
#   - values: {'null': .nan}
# - name: FBP
#   unit: ''
#   datatype: float32
#   format: '{:11.4g}'
#   description: '? Integrated BP mean flux (phot_bp_mean_flux)'
#   meta: !!omap
#   - {ucd: PHOT_FLUX_B}
#   - {width: 11}
#   - {precision: E4}
#   - values: {'null': .nan}
# - name: e_FBP
#   unit: ''
#   datatype: float32
#   format: '{:11.4g}'
#   description: '? Error on the integrated BP mean flux (phot_bp_mean_flux_error)'
#   meta: !!omap
#   - {ucd: ERROR}
#   - {width: 11}
#   - {precision: E4}
#   - values: {'null': .nan}
# - name: FRP
#   unit: ''
#   datatype: float32
#   format: '{:11.4g}'
#   description: '? Integrated RP mean flux (phot_rp_mean_flux)'
#   meta: !!omap
#   - {ucd: PHOT_FLUX_R}
#   - {width: 11}
#   - {precision: E4}
#   - values: {'null': .nan}
# - name: e_FRP
#   unit: ''
#   datatype: float32
#   format: '{:11.4g}'
#   description: '? Error on the integrated RP mean flux (phot_rp_mean_flux_error)'
#   meta: !!omap
#   - {ucd: ERROR}
#   - {width: 11}
#   - {precision: E4}
#   - values: {'null': .nan}
# - name: RAVE5
#   datatype: string
#   description: RAVE DR5 cross-id name, Kunder et al., Cat. III/279 (rave5_original_ext_source_id)
#   meta: !!omap
#   - {ucd: ID_CROSSID}
#   - {_votable_string_dtype: char}
# - name: RAVE6
#   datatype: string
#   description: RAVE DR6 cross-id name, Steinmetz et al., Cat. III/283 (rave6_original_ext_source_id)
#   meta: !!omap
#   - {ucd: ID_CROSSID}
#   - {_votable_string_dtype: char}
# - name: e_Gmag
#   unit: ''
#   datatype: float64
#   format: '{:11.4g}'
#   description: '? Error on G-band mean flux (phot_g_mean_flux_error)'
#   meta: !!omap
#   - {ucd: ERROR}
#   - {width: 11}
#   - {precision: E4}
#   - values: {'null': .nan}
# - name: e_BPmag
#   unit: ''
#   datatype: float32
#   format: '{:11.4g}'
#   description: '? Error on the integrated BP mean flux (phot_bp_mean_flux_error)'
#   meta: !!omap
#   - {ucd: ERROR}
#   - {width: 11}
#   - {precision: E4}
#   - values: {'null': .nan}
# - name: e_RPmag
#   unit: ''
#   datatype: float32
#   format: '{:11.4g}'
#   description: '? Error on the integrated RP mean flux (phot_rp_mean_flux_error)'
#   meta: !!omap
#   - {ucd: ERROR}
#   - {width: 11}
#   - {precision: E4}
#   - values: {'null': .nan}
# - name: e_BP-RP
#   unit: ''
#   datatype: float32
#   format: '{:11.4g}'
#   description: '? Error on the integrated BP mean flux (phot_bp_mean_flux_error)'
#   meta: !!omap
#   - {ucd: ERROR}
#   - {width: 11}
#   - {precision: E4}
#   - values: {'null': .nan}
# - name: SkyCoord.ra
#   unit: deg
#   datatype: float64
#   format: '{:15.11f}'
#   description: Right ascension (ICRS) at Ep=2016.0 (ra)
#   meta: !!omap
#   - {ucd: POS_EQ_RA_MAIN}
#   - {width: 15}
#   - {precision: '11'}
# - name: SkyCoord.dec
#   unit: deg
#   datatype: float64
#   format: '{:15.11f}'
#   description: Declination (ICRS) at Ep=2016.0 (dec)
#   meta: !!omap
#   - {ucd: POS_EQ_DEC_MAIN}
#   - {width: 15}
#   - {precision: '11'}
# - name: SkyCoord.distance
#   unit: pc
#   datatype: float64
#   format: '{:15.8f}'
#   description: '? Median of the geometric distance posterior (r_med_geo)'
#   meta: !!omap
#   - {ucd: PHYS_DISTANCE_TRUE}
#   - {width: 15}
#   - {precision: '8'}
#   - values: {'null': .nan}
# - {name: SkyCoord.pm_ra_cosdec, unit: mas / yr, datatype: float64}
# - {name: SkyCoord.pm_dec, unit: mas / yr, datatype: float64}
# - {name: Pmemb, datatype: float64}
# meta: !!omap
# - {ID: I_352_gedr3dis}
# - {name: I/352/gedr3dis}
# - {description: Estimating distances from parallaxes (1467744818 sources)}
# - __serialized_columns__:
#     SkyCoord:
#       __class__: astropy.coordinates.sky_coordinate.SkyCoord
#       dec: !astropy.table.SerializedColumn
#         __class__: astropy.coordinates.angles.Latitude
#         unit: &id001 !astropy.units.Unit {unit: deg}
#         value: !astropy.table.SerializedColumn {name: SkyCoord.dec}
#       distance: !astropy.table.SerializedColumn
#         __class__: astropy.coordinates.distances.Distance
#         unit: !astropy.units.Unit {unit: pc}
#         value: !astropy.table.SerializedColumn {name: SkyCoord.distance}
#       frame: icrs
#       obstime: !astropy.time.Time {format: jyear_str, in_subfmt: '*', jd1: 367701545.0, jd2: 0.0, out_subfmt: '*', precision: 3, scale: tt}
#       pm_dec: !astropy.table.SerializedColumn
#         __class__: astropy.units.quantity.Quantity
#         unit: !astropy.units.Unit {unit: mas / yr}
#         value: !astropy.table.SerializedColumn {name: SkyCoord.pm_dec}
#       pm_ra_cosdec: !astropy.table.SerializedColumn
#         __class__: astropy.units.quantity.Quantity
#         unit: !astropy.units.Unit {unit: mas / yr}
#         value: !astropy.table.SerializedColumn {name: SkyCoord.pm_ra_cosdec}
#       ra: !astropy.table.SerializedColumn
#         __class__: astropy.coordinates.angles.Longitude
#         unit: *id001
#         value: !astropy.table.SerializedColumn {name: SkyCoord.ra}
#         wrap_angle: !astropy.coordinates.Angle
#           unit: *id001
#           value: 360.0
#       representation_type: spherical
# schema: astropy-2.0
RA_ICRS_1 DE_ICRS_1 e_RA_ICRS e_DE_ICRS _r_1 HIP TYC2 Source rgeo Plx e_Plx pmRA pmDE e_pmRA e_pmDE RUWE Teff logg Gmag BP-RP BPmag RPmag RV e_RV b_rgeo B_rgeo FG e_FG FBP e_FBP FRP e_FRP RAVE5 RAVE6 e_Gmag e_BPmag e_RPmag e_BP-RP SkyCoord.ra SkyCoord.dec SkyCoord.distance SkyCoord.pm_ra_cosdec SkyCoord.pm_dec Pmemb
47.91432136293 53.3416064117 0.0088 0.0096 0.3288 "" "" 446272532561257856 2823.12158 0.3195 0.013 0.1 -1.004 0.012 0.014 0.998 15343.6 3.9257 13.162819 0.895521 13.518536 12.623014 "" "" 2736.4436 2933.8938 102286.68813 22.121 53457.0 35.283 70787.0 31.534 "" "" 0.002765307117996129 0.0028807262 0.0038102053 0.0066909315 47.91432136293 53.3416064117 2823.12158 0.10000000000000003 -1.004 1.0
47.92474265296 53.34464825549 0.0101 0.0107 0.1942 "" "" 446272566920993408 2823.48071 0.32 0.0149 0.148 -0.918 0.014 0.016 0.965 15001.8 3.9433 13.552619 0.951602 13.936712 12.98511 "" "" 2707.19946 2933.86011 71433.019 16.574 36369.0 31.93 50712.0 35.02 "" "" 0.00276681227497169 0.0029485032 0.003853036 0.006801539 47.92474265296 53.34464825549 2823.48071 0.14800000000000002 -0.9179999999999999 1.0
47.92055952166 53.35100761939 0.0101 0.0107 0.3018 "" "" 446272566920990464 2627.30249 0.3426 0.0149 0.176 -0.817 0.014 0.016 1.013 "" "" 13.559516 1.036855 13.980749 12.943894 "" "" 2531.21729 2753.75439 70980.72099 22.307 34923.0 46.204 52674.0 34.649 "" "" 0.0027763673079024324 0.0031382246 0.0038462717 0.0069844965 47.92055952166 53.35100761939 2627.30249 0.176 -0.8170000000000001 1.0
47.9225342966 53.35157146673 0.0107 0.0113 0.3483 "" "" 446272566920989824 2597.06641 0.3532 0.0154 0.234 -0.778 0.015 0.017 0.974 15001.3 4.0051 13.65263 0.997049 14.05689 13.05984 "" "" 2488.24512 2723.59985 65147.0501 13.073 32558.0 27.997 47339.0 30.416 "" "" 0.002763920829527588 0.0029422315 0.0038432246 0.006785456 47.9225342966 53.35157146673 2597.06641 0.23400000000000004 -0.7780000000000002 1.0
47.86729378847 53.31472345294 0.0145 0.0152 2.6576 "" "" 446272017165194752 2623.35376 0.3401 0.0215 0.183 -0.675 0.021 0.023 1.147 9546.6 3.8743 14.400031 1.091149 14.85584 13.76469 "" "" 2481.80762 2784.9939 32729.12779 6.027 15598.0 17.143 24733.0 16.799 "" "" 0.002762564717494373 0.0030346275 0.0038506566 0.006885284 47.86729378847 53.31472345294 2623.35376 0.1829999999999999 -0.6750000000000003 0.8
47.96316537316 53.3712927319 0.0137 0.0151 2.171 "" "" 446260953329411968 2720.18018 0.3249 0.0205 0.279 -0.741 0.02 0.023 1.092 12771.5 4.4014 14.480063 0.942927 14.858987 13.916059 "" "" 2589.69873 2893.8999 30403.36246 16.879 15553.0 34.564 21515.0 39.538 "" "" 0.0028204817491100415 0.003688766 0.0042737285 0.007962494 47.96316537316 53.3712927319 2720.18018 0.279 -0.741 0.9
47.93006879485 53.34195909698 0.015 0.0158 0.4401 "" "" 446260815890471808 2734.67871 0.3286 0.0217 0.073 -0.94 0.021 0.024 0.99 9391.1 3.5419 14.615366 1.042057 15.042079 14.000022 "" "" 2569.96948 2918.02075 26841.0999 14.958 13140.0 28.641 19914.0 30.355 "" "" 0.0028209724372913825 0.0036586397 0.0041258605 0.0077845003 47.93006879485 53.34195909698 2734.67871 0.07299999999999979 -0.94 1.0
47.89397267795 53.32211906041 0.0172 0.0178 1.7058 "" "" 446272154604143360 2603.02783 0.3464 0.025 0.119 -0.824 0.025 0.026 0.985 11302.2 4.201 14.85987 1.002105 15.268002 14.265897 "" "" 2473.50195 2750.46948 21428.85379 4.9498 10671.0 14.089 15588.0 11.597 "" "" 0.002766710292335084 0.003136875 0.0038647375 0.0070016123 47.89397267795 53.32211906041 2603.02783 0.119 -0.824 1.0
47.90027474357 53.34413053075 0.0172 0.0175 0.7088 "" "" 446272532562447232 2724.46265 0.3396 0.0248 0.222 -0.782 0.025 0.028 0.992 11894.3 4.1737 14.96344 1.040172 15.392179 14.352007 "" "" 2561.05249 2931.05249 19479.17842 10.177 9518.0 18.794 14400.0 20.405 "" "" 0.002813105113522636 0.003518695 0.0040805293 0.0075992243 47.90027474357 53.34413053075 2724.46265 0.22200000000000017 -0.782 1.0
47.92341932939 53.34250718405 0.018 0.019 0.246 "" "" 446260781530733696 2779.74609 0.3273 0.0266 0.193 -0.806 0.026 0.029 0.981 10215.2 4.2183 15.094675 1.032793 15.518534 14.485741 "" "" 2598.75073 2988.32861 17261.43511 4.4934 8472.3 15.22 12731.0 12.997 "" "" 0.0027697780913154475 0.003404314 0.0039385688 0.0073428825 47.92341932939 53.34250718405 2779.74609 0.19299999999999992 -0.806 1.0
47.91696538509 53.34130832798 0.0194 0.021 0.2993 "" "" 446272532561257728 2662.31226 0.3513 0.0286 0.22 -0.796 0.027 0.031 0.944 10170.6 4.0533 15.222153 1.045625 15.644425 14.598801 "" "" 2441.86304 2867.77319 15349.20161 4.4004 7544.8 14.849 11472.0 14.947 "" "" 0.0027728460986034546 0.0035144233 0.004035452 0.0075498754 47.91696538509 53.34130832798 2662.31226 0.22000000000000008 -0.7960000000000003 1.0
47.89466538345 53.33362675692 0.0206 0.022 1.1673 "" "" 446272154605325568 2592.86133 0.3604 0.0299 0.3 -0.81 0.031 0.037 1.029 9279.8 4.052 15.308791 1.132697 15.783049 14.650352 "" "" 2416.38843 2804.43896 14171.97169 3.7286 6640.4 11.462 10940.0 12.613 "" "" 0.0027700879828463387 0.00336114 0.003981289 0.007342429 47.89466538345 53.33362675692 2592.86133 0.29999999999999993 -0.8099999999999998 1.0
47.91301142414 53.35465984071 0.0219 0.0242 0.574 "" "" 446272566920989312 2767.94531 0.3206 0.0314 0.253 -0.839 0.033 0.04 1.052 9256.6 4.1023 15.361628 1.210748 15.878962 14.668214 "" "" 2579.31274 3033.38037 13498.81267 3.632 6079.0 11.627 10762.0 17.393 "" "" 0.0027707632010907147 0.0034781396 0.0041668625 0.007645002 47.91301142414 53.35465984071 2767.94531 0.25299999999999995 -0.8389999999999995 1.0
47.8722585972 53.29961415949 0.024 0.0268 3.2634 "" "" 446260266135851392 2174.99683 0.4289 0.0356 0.272 -0.939 0.036 0.046 1.097 "" "" 15.455191 1.050274 15.883163 14.83289 "" "" 2028.92273 2381.17798 12384.267 3.4498 6055.5 16.282 9247.0 21.956 "" "" 0.002771869949024183 0.0040382533 0.0045748902 0.008613143 47.8722585972 53.29961415949 2174.99683 0.272 -0.9389999999999997 0.9
47.91231190687 53.34438895643 0.0223 0.0236 0.2855 "" "" 446272532561256064 2724.18481 0.3358 0.0326 0.235 -0.887 0.032 0.035 0.99 9378.6 4.1513 15.520493 1.172678 16.018108 14.84543 "" "" 2478.60889 3008.677 11661.36891 3.3406 5347.8 14.043 9140.8 12.59 "" "" 0.0027728194508540856 0.003989197 0.0040644845 0.008053681 47.91231190687 53.34438895643 2724.18481 0.235 -0.887 1.0
