Clusters/NGC_1220/NGC_1220_stars_in_region.tsv
# %ECSV 1.0
# ---
# datatype:
# - name: RA_ICRS_1
#   unit: deg
#   datatype: float64
#   format: '{:15.11f}'
#   description: Right ascension (ICRS) at Ep=2016.0 (ra)
#   meta: !!omap
#   - {ucd: POS_EQ_RA_MAIN}
#   - {width: 15}
#   - {precision: '11'}
# - name: DE_ICRS_1
#   unit: deg
#   datatype: float64
#   format: '{:15.11f}'
#   description: Declination (ICRS) at Ep=2016.0 (dec)
#   meta: !!omap
#   - {ucd: POS_EQ_DEC_MAIN}
#   - {width: 15}
#   - {precision: '11'}
# - name: e_RA_ICRS
#   unit: mas
#   datatype: float64
#   format: '{:7.4f}'
#   description: Standard error of right ascension (ra_error)
#   meta: !!omap
#   - {ucd: ERROR}
#   - {width: 7}
#   - {precision: '4'}
# - name: e_DE_ICRS
#   unit: mas
#   datatype: float64
#   format: '{:7.4f}'
#   description: Standard error of declination (dec_error)
#   meta: !!omap
#   - {ucd: ERROR}
#   - {width: 7}
#   - {precision: '4'}
# - name: _r_1
#   unit: ''
#   datatype: float64
#   format: '{:7.4f}'
#   description: Distance from center (047.91981386000+53.34599759000)[ICRS], at Epoch=J2016.0
#   meta: !!omap
#   - {ucd: POS_ANG_DIST_GENERAL}
#   - {width: 7}
#   - {precision: '4'}
# - name: HIP
#   datatype: int32
#   description: '? HIP cross-id number, van Leeuwen, Cat. I/311 (hip_original_ext_source_id)'
#   meta: !!omap
#   - {ucd: ID_NUMBER}
#   - {width: 6}
#   - values: {'null': -2147483648}
# - name: TYC2
#   datatype: string
#   description: Tycho-2 cross-id name, Hog et al., Cat. I/259 (tyc2_original_ext_source_id)
#   meta: !!omap
#   - {ucd: ID_CROSSID}
#   - {_votable_string_dtype: char}
# - name: Source
#   datatype: int64
#   description: Source identifier, identical to the Gaia-EDR3 source_id (id)
#   meta: !!omap
#   - {ucd: ID_MAIN}
#   - {width: 19}
# - name: rgeo
#   unit: pc
#   datatype: float64
#   format: '{:15.8f}'
#   description: '? Median of the geometric distance posterior (r_med_geo)'
#   meta: !!omap
#   - {ucd: PHYS_DISTANCE_TRUE}
#   - {width: 15}
#   - {precision: '8'}
#   - values: {'null': .nan}
# - name: Plx
#   unit: mas
#   datatype: float64
#   format: '{:9.4f}'
#   description: '? Parallax (parallax)'
#   meta: !!omap
#   - {ucd: POS_PARLX_TRIG}
#   - {width: 9}
#   - {precision: '4'}
#   - values: {'null': .nan}
# - name: e_Plx
#   unit: mas
#   datatype: float32
#   format: '{:7.4f}'
#   description: '? Standard error of parallax (parallax_error)'
#   meta: !!omap
#   - {ucd: ERROR}
#   - {width: 7}
#   - {precision: '4'}
#   - values: {'null': .nan}
# - name: pmRA
#   unit: mas / yr
#   datatype: float64
#   format: '{:9.3f}'
#   description: '? Proper motion in right ascension direction, pmRA*cosDE (pmra)'
#   meta: !!omap
#   - {ucd: POS_EQ_PMRA}
#   - {width: 9}
#   - {precision: '3'}
#   - values: {'null': .nan}
# - name: pmDE
#   unit: mas / yr
#   datatype: float64
#   format: '{:9.3f}'
#   description: '? Proper motion in declination direction (pmdec)'
#   meta: !!omap
#   - {ucd: POS_EQ_PMDEC}
#   - {width: 9}
#   - {precision: '3'}
#   - values: {'null': .nan}
# - name: e_pmRA
#   unit: mas / yr
#   datatype: float32
#   format: '{:6.3f}'
#   description: '? Standard error of proper motion in right ascension direction (pmra_error)'
#   meta: !!omap
#   - {ucd: ERROR}
#   - {width: 6}
#   - {precision: '3'}
#   - values: {'null': .nan}
# - name: e_pmDE
[...]
#         unit: &id001 !astropy.units.Unit {unit: deg}
#         value: !astropy.table.SerializedColumn {name: SkyCoord.dec}
#       distance: !astropy.table.SerializedColumn
#         __class__: astropy.coordinates.distances.Distance
#         unit: !astropy.units.Unit {unit: pc}
#         value: !astropy.table.SerializedColumn {name: SkyCoord.distance}
#       frame: icrs
#       obstime: !astropy.time.Time {format: jyear_str, in_subfmt: '*', jd1: 367701545.0, jd2: 0.0, out_subfmt: '*', precision: 3, scale: tt}
#       pm_dec: !astropy.table.SerializedColumn
#         __class__: astropy.units.quantity.Quantity
#         unit: !astropy.units.Unit {unit: mas / yr}
#         value: !astropy.table.SerializedColumn {name: SkyCoord.pm_dec}
#       pm_ra_cosdec: !astropy.table.SerializedColumn
#         __class__: astropy.units.quantity.Quantity
#         unit: !astropy.units.Unit {unit: mas / yr}
#         value: !astropy.table.SerializedColumn {name: SkyCoord.pm_ra_cosdec}
#       ra: !astropy.table.SerializedColumn
#         __class__: astropy.coordinates.angles.Longitude
#         unit: *id001
#         value: !astropy.table.SerializedColumn {name: SkyCoord.ra}
#         wrap_angle: !astropy.coordinates.Angle
#           unit: *id001
#           value: 360.0
#       representation_type: spherical
# schema: astropy-2.0
RA_ICRS_1 DE_ICRS_1 e_RA_ICRS e_DE_ICRS _r_1 HIP TYC2 Source rgeo Plx e_Plx pmRA pmDE e_pmRA e_pmDE RUWE Teff logg Gmag BP-RP BPmag RPmag RV e_RV b_rgeo B_rgeo FG e_FG FBP e_FBP FRP e_FRP RAVE5 RAVE6 e_Gmag e_BPmag e_RPmag e_BP-RP SkyCoord.ra SkyCoord.dec SkyCoord.distance SkyCoord.pm_ra_cosdec SkyCoord.pm_dec
[from data line 246]
48.07595188697 53.29715731911 0.046 0.0462 6.3167 "" "" 446353346665069568 2387.10571 0.406 0.066 -1.057 -2.712 0.065 0.065 1.049 "" "" 16.938091 1.610956 17.6907 16.079744 "" "" 2087.89233 2940.69409 3160.1664 2.1469 1145.9 9.3349 2932.7 9.1243 "" "" 0.002852342254123776 0.009274441 0.0050689676 0.014343409 48.07595188697 53.29715731911 2387.10571 -1.0569999999999995 -2.7119999999999997
48.06365342952 53.49498179301 0.0452 0.0524 10.313 "" "" 446367331078518784 2766.09717 0.3508 0.0672 -0.796 -0.348 0.067 0.077 1.063 5214.8 3.8251 16.941923 2.181652 18.078953 15.897301 "" "" 2275.14941 3316.37207 3149.03468 2.0336 801.37 8.4911 3469.3 12.488 "" "" 0.0028431327947497772 0.01183769 0.0054366947 0.017274385 48.06365342952 53.49498179301 2766.09717 -0.7960000000000002 -0.34800000000000003
47.96864218604 53.43650731475 0.0458 0.0503 5.7047 "" "" 446366953121429888 2133.66748 0.4449 0.0664 0.09 -1.251 0.07 0.075 1.045 5497.4 4.6618 16.953863 1.509575 17.645954 16.13638 "" "" 1861.61646 2427.16992 3114.59288 2.0347 1194.1 8.5291 2783.6 6.8378 "" "" 0.0028451503703062495 0.008241752 0.004625686 0.012867438 47.96864218604 53.43650731475 2133.66748 0.08999999999999997 -1.251
48.24935415179 53.46016174196 0.0494 0.0567 13.6336 "" "" 446356159865555200 2402.48193 0.399 0.0688 0.887 -1.477 0.066 0.076 1.033 "" "" 16.972792 1.537151 17.679626 16.142475 "" "" 2062.51831 2842.10181 3060.76818 2.0251 1157.6 8.6937 2768.0 9.0934 "" "" 0.002847424484421891 0.00861816 0.0051967422 0.013814902 48.24935415179 53.46016174196 2402.48193 0.887 -1.4769999999999999
48.08839110594 53.21486722625 0.0458 0.0462 9.9235 "" "" 446256074246609024 2563.05981 0.3678 0.0655 1.369 -0.451 0.063 0.066 1.0 4911.9 4.3122 16.983423 1.840464 17.893278 16.052814 "" "" 2227.646 3034.34375 3030.94085 1.7699 950.84 7.0045 3006.3 8.2158 "" "" 0.002827323300900962 0.008470936 0.0048049768 0.013275912 48.08839110594 53.21486722625 2563.05981 1.3689999999999998 -0.45099999999999996
47.71294880693 53.41524232278 0.0455 0.0502 8.4897 "" "" 446276655729851264 1977.04724 0.4712 0.0684 -2.068 -1.563 0.067 0.074 1.052 4739.4 4.3423 16.986166 1.770994 17.828884 16.05789 "" "" 1760.3407 2239.35815 3023.2918 1.9892 1008.9 9.4192 2992.3 9.8908 "" "" 0.002846421032477996 0.010513549 0.005211842 0.015725391 47.71294880693 53.41524232278 1977.04724 -2.068 -1.5629999999999997
47.82098375345 53.21752389906 0.0487 0.0514 8.4846 "" "" 446258513789196672 2107.35449 0.4595 0.0683 -0.716 -1.06 0.07 0.082 0.989 5046.5 4.5177 16.993855 1.661961 17.780666 16.118706 "" "" 1865.51746 2400.88354 3001.96269 1.7799 1054.8 6.7146 2829.3 8.1829 "" "" 0.0028295226547755893 0.007453477 0.004913692 0.012367168 47.82098375345 53.21752389906 2107.35449 -0.7159999999999999 -1.0599999999999996
47.82720992116 53.22403450884 0.0595 0.0689 8.0364 "" "" 446258513783298944 2733.20947 0.3842 0.0885 1.04 -0.077 0.084 0.103 1.3 "" "" 16.994429 "" "" "" "" "" 2217.03857 3391.87598 3000.37251 4.161 "" "" "" "" "" "" 0.0031399059230832658 "" "" "" 47.82720992116 53.22403450884 2733.20947 1.04 -0.077
47.7634578929 53.55061027894 0.0462 0.0496 13.4883 "" "" 446278476795585664 2022.41553 0.4748 0.0639 0.194 -1.153 0.063 0.067 0.976 5178.8 4.5113 16.99475 1.695761 17.806784 16.111023 "" "" 1800.86755 2340.8479 2999.48968 1.8343 1029.7 7.7045 2849.4 6.6673 "" "" 0.0028341918074853366 0.008589577 0.0045538903 0.013143467 47.7634578929 53.55061027894 2022.41553 0.194 -1.153
