Clusters/NGC_1220/NGC_1220_stars_in_region.tsv
# %ECSV 1.0
# ---
# datatype:
# - name: RA_ICRS_1
#   unit: deg
#   datatype: float64
#   format: '{:15.11f}'
#   description: Right ascension (ICRS) at Ep=2016.0 (ra)
#   meta: !!omap
#   - {ucd: POS_EQ_RA_MAIN}
#   - {width: 15}
#   - {precision: '11'}
# - name: DE_ICRS_1
#   unit: deg
#   datatype: float64
#   format: '{:15.11f}'
#   description: Declination (ICRS) at Ep=2016.0 (dec)
#   meta: !!omap
#   - {ucd: POS_EQ_DEC_MAIN}
#   - {width: 15}
#   - {precision: '11'}
# - name: e_RA_ICRS
#   unit: mas
#   datatype: float64
#   format: '{:7.4f}'
#   description: Standard error of right ascension (ra_error)
#   meta: !!omap
#   - {ucd: ERROR}
#   - {width: 7}
#   - {precision: '4'}
# - name: e_DE_ICRS
#   unit: mas
#   datatype: float64
#   format: '{:7.4f}'
#   description: Standard error of declination (dec_error)
#   meta: !!omap
#   - {ucd: ERROR}
#   - {width: 7}
#   - {precision: '4'}
# - name: _r_1
#   unit: ''
#   datatype: float64
#   format: '{:7.4f}'
#   description: Distance from center (047.91981386000+53.34599759000)[ICRS], at Epoch=J2016.0
#   meta: !!omap
#   - {ucd: POS_ANG_DIST_GENERAL}
#   - {width: 7}
#   - {precision: '4'}
# - name: HIP
#   datatype: int32
#   description: '? HIP cross-id number, van Leeuwen, Cat. I/311 (hip_original_ext_source_id)'
#   meta: !!omap
#   - {ucd: ID_NUMBER}
#   - {width: 6}
#   - values: {'null': -2147483648}
# - name: TYC2
#   datatype: string
#   description: Tycho-2 cross-id name, Hog et al., Cat. I/259 (tyc2_original_ext_source_id)
#   meta: !!omap
#   - {ucd: ID_CROSSID}
#   - {_votable_string_dtype: char}
# - name: Source
#   datatype: int64
#   description: Source identifier, identical to the Gaia-EDR3 source_id (id)
#   meta: !!omap
#   - {ucd: ID_MAIN}
#   - {width: 19}
# - name: rgeo
#   unit: pc
#   datatype: float64
#   format: '{:15.8f}'
#   description: '? Median of the geometric distance posterior (r_med_geo)'
#   meta: !!omap
#   - {ucd: PHYS_DISTANCE_TRUE}
#   - {width: 15}
#   - {precision: '8'}
#   - values: {'null': .nan}
# - name: Plx
#   unit: mas
#   datatype: float64
#   format: '{:9.4f}'
#   description: '? Parallax (parallax)'
#   meta: !!omap
#   - {ucd: POS_PARLX_TRIG}
#   - {width: 9}
#   - {precision: '4'}
#   - values: {'null': .nan}
# - name: e_Plx
#   unit: mas
#   datatype: float32
#   format: '{:7.4f}'
#   description: '? Standard error of parallax (parallax_error)'
#   meta: !!omap
#   - {ucd: ERROR}
#   - {width: 7}
#   - {precision: '4'}
#   - values: {'null': .nan}
# - name: pmRA
#   unit: mas / yr
#   datatype: float64
#   format: '{:9.3f}'
#   description: '? Proper motion in right ascension direction, pmRA*cosDE (pmra)'
#   meta: !!omap
#   - {ucd: POS_EQ_PMRA}
#   - {width: 9}
#   - {precision: '3'}
#   - values: {'null': .nan}
# - name: pmDE
#   unit: mas / yr
#   datatype: float64
#   format: '{:9.3f}'
#   description: '? Proper motion in declination direction (pmdec)'
#   meta: !!omap
#   - {ucd: POS_EQ_PMDEC}
#   - {width: 9}
#   - {precision: '3'}
#   - values: {'null': .nan}
# - name: e_pmRA
#   unit: mas / yr
#   datatype: float32
#   format: '{:6.3f}'
#   description: '? Standard error of proper motion in right ascension direction (pmra_error)'
#   meta: !!omap
#   - {ucd: ERROR}
#   - {width: 6}
#   - {precision: '3'}
#   - values: {'null': .nan}
# - name: e_pmDE
[...]
#         unit: &id001 !astropy.units.Unit {unit: deg}
#         value: !astropy.table.SerializedColumn {name: SkyCoord.dec}
#       distance: !astropy.table.SerializedColumn
#         __class__: astropy.coordinates.distances.Distance
#         unit: !astropy.units.Unit {unit: pc}
#         value: !astropy.table.SerializedColumn {name: SkyCoord.distance}
#       frame: icrs
#       obstime: !astropy.time.Time {format: jyear_str, in_subfmt: '*', jd1: 367701545.0, jd2: 0.0, out_subfmt: '*', precision: 3, scale: tt}
#       pm_dec: !astropy.table.SerializedColumn
#         __class__: astropy.units.quantity.Quantity
#         unit: !astropy.units.Unit {unit: mas / yr}
#         value: !astropy.table.SerializedColumn {name: SkyCoord.pm_dec}
#       pm_ra_cosdec: !astropy.table.SerializedColumn
#         __class__: astropy.units.quantity.Quantity
#         unit: !astropy.units.Unit {unit: mas / yr}
#         value: !astropy.table.SerializedColumn {name: SkyCoord.pm_ra_cosdec}
#       ra: !astropy.table.SerializedColumn
#         __class__: astropy.coordinates.angles.Longitude
#         unit: *id001
#         value: !astropy.table.SerializedColumn {name: SkyCoord.ra}
#         wrap_angle: !astropy.coordinates.Angle
#           unit: *id001
#           value: 360.0
#       representation_type: spherical
# schema: astropy-2.0
RA_ICRS_1 DE_ICRS_1 e_RA_ICRS e_DE_ICRS _r_1 HIP TYC2 Source rgeo Plx e_Plx pmRA pmDE e_pmRA e_pmDE RUWE Teff logg Gmag BP-RP BPmag RPmag RV e_RV b_rgeo B_rgeo FG e_FG FBP e_FBP FRP e_FRP RAVE5 RAVE6 e_Gmag e_BPmag e_RPmag e_BP-RP SkyCoord.ra SkyCoord.dec SkyCoord.distance SkyCoord.pm_ra_cosdec SkyCoord.pm_dec
[from data line 205]
47.74146741325 53.31817399946 0.0391 0.0428 6.6047 "" "" 446271536128866176 2524.26099 0.3671 0.0568 0.216 -0.816 0.056 0.063 0.967 8494.6 4.4121 16.697323 1.340747 17.297747 15.957 "" "" 2195.78833 2984.06128 3944.73076 2.154 1645.6 8.0858 3283.7 7.6247 "" "" 0.002818381305533653 0.0060204472 0.0045430698 0.010563517 47.74146741325 53.31817399946 2524.26099 0.21599999999999997 -0.8159999999999997
48.10956238097 53.56886181437 0.0372 0.0439 14.9919 "" "" 446369633180953728 2014.45435 0.4751 0.0552 4.254 -2.345 0.053 0.066 0.947 5227.2 3.8321 16.699265 2.064227 17.755476 15.691249 "" "" 1805.68262 2312.86426 3937.68408 2.1599 1079.5 7.6684 4194.3 8.8048 "" "" 0.0028189479129311795 0.008201877 0.0044134483 0.012615325 48.10956238097 53.56886181437 2014.45435 4.254 -2.3450000000000006
47.52253744078 53.41524114278 0.0409 0.0428 14.813 "" "" 447026350862765312 2746.63013 0.3269 0.058 -1.63 1.193 0.056 0.06 1.012 6495.7 4.4098 16.702124 1.541474 17.41129 15.869815 "" "" 2435.10742 3133.72656 3927.32733 2.2419 1482.2 8.3164 3558.2 11.758 "" "" 0.002824168379779981 0.006700471 0.005211141 0.011911612 47.52253744078 53.41524114278 2746.63013 -1.63 1.1930000000000003
47.62977407094 53.28674534622 0.0422 0.0439 10.9872 "" "" 446271226891243520 2845.04468 0.3266 0.0577 1.723 -1.002 0.059 0.062 0.933 8917.0 4.4953 16.706404 1.403367 17.33803 15.934663 "" "" 2495.40088 3327.53589 3911.87759 2.29 1585.6 7.466 3351.9 14.301 "" "" 0.0028276773743348047 0.005824168 0.00597848 0.011802648 47.62977407094 53.28674534622 2845.04468 1.723 -1.002
47.84577962052 53.47786794183 0.0439 0.049 8.3435 "" "" 446277102406432384 2705.78052 0.3554 0.0616 1.422 -1.664 0.061 0.072 0.961 8215.7 4.4059 16.731092 1.603355 17.486855 15.883499 "" "" 2209.01782 3442.89844 3823.93065 2.1222 1382.5 12.52 3513.7 11.185 "" "" 0.0028204376443178906 0.01022071 0.0051214127 0.015342123 47.84577962052 53.47786794183 2705.78052 1.4219999999999997 -1.664
48.25545854502 53.23369832609 0.0401 0.0433 13.7956 "" "" 446302562971765376 2286.20532 0.4206 0.0599 -0.165 1.572 0.053 0.057 1.033 5237.9 4.3879 16.731634 1.685909 17.53567 15.84976 "" "" 2035.59839 2659.90576 3822.02142 2.2316 1321.8 10.414 3624.6 10.827 "" "" 0.002827307585678067 0.0089976825 0.004980161 0.013977843 48.25545854502 53.23369832609 2286.20532 -0.16500000000000004 1.572
47.90988409406 53.41494196785 0.0382 0.042 4.1519 "" "" 446273047957310208 2262.41748 0.4216 0.0548 0.115 -0.919 0.057 0.064 0.935 9140.6 4.3888 16.742348 1.312811 17.324091 16.01128 "" "" 2012.73645 2577.8999 3784.49581 2.0447 1606.1 7.5617 3123.5 7.1027 "" "" 0.0028170720531565364 0.0058236774 0.004514341 0.010338018 47.90988409406 53.41494196785 2262.41748 0.1150000000000001 -0.9189999999999999
47.72939177746 53.46590134074 0.445 0.4886 9.907 "" "" 446277617802130432 2167.95532 1.125 0.6515 3.011 -5.864 0.633 0.65 11.708 "" "" 16.745615 1.645228 17.378601 15.733373 "" "" 1144.24207 3346.28101 3773.12441 25.306 1527.5 8.8936 4034.7 10.069 "" "" 0.0077857779540935566 0.006909885 0.004650319 0.0115602035 47.72939177746 53.46590134074 2167.95532 3.011 -5.863999999999999
47.83483509243 53.32556694404 0.0409 0.0436 3.2821 "" "" 446272292043100928 2409.70801 0.3949 0.0594 -0.485 -0.757 0.06 0.066 1.016 7654.9 4.4214 16.751915 1.481807 17.432163 15.950356 "" "" 2101.69751 2727.52319 3751.28855 2.1339 1454.0 9.7104 3303.8 10.078 "" "" 0.002823692224053037 0.0077692876 0.005025216 0.012794504 47.83483509243 53.32556694404 2409.70801 -0.4850000000000001 -0.7569999999999999
47.84032941684 53.27043959163 0.0414 0.0445 5.3547 "" "" 446258754306203648 2197.28931 0.4354 0.0597 0.482 -1.297 0.058 0.066 0.921 6512.6 4.3734 16.756516 1.820861 17.65508 15.83422 "" "" 1982.29114 2479.58569 3735.42883 2.0143 1184.1 7.2659 3676.8 10.426 "" "" 0.002816836844309865 0.0072229863 0.004874661 0.012097647 47.84032941684 53.27043959163 2197.28931 0.48200000000000004 -1.2970000000000002
48.02104325146 53.38742890707 0.0432 0.0468 4.3948 "" "" 446354858493537920 2180.60815 0.4303 0.0657 -1.18 -0.47 0.061 0.065 1.109 "" "" 16.775562 1.306385 17.342314 16.035929 "" "" 1937.05798 2493.83252 3670.4727 2.2247 1579.4 9.618 3053.4 9.487 "" "" 0.002832816416027144 0.0071763773 0.0050659296 0.012242307 48.02104325146 53.38742890707 2180.60815 -1.18 -0.47
47.56729666116 53.49788751234 0.0411 0.0472 15.5538 "" "" 447027278575171072 2208.68848 0.4524 0.0598 0.78 -2.51 0.059 0.063 1.045 5451.1 4.4877 16.785364 1.578042 17.516323 15.938281 "" "" 1888.58008 2604.45825 3637.48293 2.2375 1345.5 11.223 3340.8 8.0005 "" "" 0.0028351064048799867 0.009476347 0.004587404 0.014063751 47.56729666116 53.49788751234 2208.68848 0.7799999999999997 -2.5099999999999993
47.98098035895 53.35854128076 0.0381 0.0407 2.3163 "" "" 446260884609938304 2147.15479 0.4372 0.0579 0.898 -1.427 0.055 0.06 0.993 "" "" 16.787304 1.688362 17.59737 15.909008 "" "" 1903.01404 2472.57104 3630.98968 1.9957 1248.7 8.4445 3432.1 7.767 "" "" 0.0028192026214205203 0.007854706 0.0045078737 0.012362579 47.98098035895 53.35854128076 2147.15479 0.8979999999999999 -1.4269999999999996
47.93050767764 53.161851058 0.0432 0.0417 11.0555 "" "" 446254321899989120 2228.84888 0.4462 0.0587 1.594 -2.003 0.058 0.056 0.942 "" "" 16.788311 1.525818 17.498384 15.972567 "" "" 1956.10217 2561.09619 3627.62179 2.2131 1367.9 10.123 3236.9 9.7619 "" "" 0.0028338187629195558 0.008505545 0.0050005303 0.013506075 47.93050767764 53.161851058 2228.84888 1.5939999999999996 -2.003
48.18757815453 53.17727003998 0.0417 0.0448 13.9585 "" "" 446208176771330176 2097.81958 0.4686 0.0613 1.711 -0.252 0.056 0.061 1.003 "" "" 16.79316 1.477631 17.472729 15.995098 "" "" 1863.83813 2325.53516 3611.46357 2.2565 1400.6 6.8241 3170.4 10.045 "" "" 0.002837603907212671 0.0059807305 0.005110521 0.011091251 48.18757815453 53.17727003998 2097.81958 1.7110000000000003 -0.252
47.58220900286 53.40267860818 0.0458 0.0534 12.554 "" "" 446275723719897344 2243.06567 0.4259 0.0677 0.969 -1.406 0.063 0.076 0.957 5535.5 4.6507 16.807173 1.393486 17.426697 16.03321 "" "" 1931.76685 2604.03833 3565.14606 2.0786 1461.3 7.6116 3061.1 11.453 "" "" 0.0028271017971048164 0.006306206 0.0055484734 0.011854679 47.58220900286 53.40267860818 2243.06567 0.9690000000000002 -1.4060000000000001
48.24023201218 53.28795462745 0.0415 0.0444 12.0012 "" "" 446349807612010624 2565.94092 0.3898 0.0624 -0.015 0.912 0.057 0.06 1.01 6654.9 4.3204 16.820934 1.767438 17.680338 15.9129 "" "" 2236.77124 2986.8501 3520.24755 2.0059 1156.9 8.0634 3419.8 11.226 "" "" 0.00282392356299548 0.008065394 0.0051948493 0.013260243 48.24023201218 53.28795462745 2565.94092 -0.014999999999999958 0.9120000000000001
47.91727719278 53.13795020037 0.043 0.0437 12.4832 "" "" 446254180163425024 2332.50854 0.4225 0.0625 -3.128 0.008 0.057 0.061 0.988 6688.0 4.3024 16.824883 1.747811 17.669859 15.922048 "" "" 2028.37842 2731.44214 3507.46952 1.9854 1168.1 9.3636 3391.1 11.794 "" "" 0.0028230299265118667 0.009139672 0.0053425413 0.014482213 47.91727719278 53.13795020037 2332.50854 -3.1280000000000006 0.007999999999999664
48.22349938135 53.29010737235 0.0417 0.0439 11.3896 "" "" 446349876331857024 2052.98535 0.4641 0.0644 2.051 -3.175 0.059 0.063 1.019 5098.7 4.3651 16.824896 1.610587 17.581985 15.971398 "" "" 1842.08276 2275.87158 3507.42663 2.0297 1266.6 6.7879 3240.4 8.0277 "" "" 0.0028260486892495175 0.0064530172 0.0046388195 0.011091837 48.22349938135 53.29010737235 2052.98535 2.0510000000000006 -3.175
47.78336596804 53.33067840915 0.0441 0.0458 4.974 "" "" 446271600551187712 2526.34644 0.3916 0.0636 1.522 0.03 0.064 0.068 0.983 7180.6 4.3406 16.831104 1.571082 17.564053 15.99297 "" "" 2166.37817 3016.04834 3487.42919 2.0266 1287.6 10.544 3176.7 8.892 "" "" 0.0028266362609488003 0.00931849 0.004849739 0.014168229 47.78336596804 53.33067840915 2526.34644 1.5220000000000002 0.02999999999999986
47.75695834467 53.45111261875 0.0421 0.0461 8.5861 "" "" 446276827528530560 2552.25122 0.3723 0.0622 1.492 -0.191 0.063 0.069 1.036 6881.2 4.3319 16.832567 1.622682 17.598446 15.975764 "" "" 2209.74756 2973.2605 3482.72761 1.9384 1247.5 8.8259 3227.4 10.75 "" "" 0.002820808477639162 0.00817249 0.005230897 0.013403387 47.75695834467 53.45111261875 2552.25122 1.4920000000000004 -0.19099999999999995
47.65426777239 53.26238778435 0.0484 0.058 10.7617 "" "" 446270952013344256 2088.97119 0.4762 0.0716 0.248 -1.475 0.068 0.086 1.051 4992.7 4.5306 16.839788 1.591268 17.587362 15.996095 "" "" 1789.10498 2434.21069 3459.64658 2.2623 1260.3 6.8042 3167.5 8.1482 "" "" 0.0028453212864980736 0.006491932 0.004699417 0.0111913495 47.65426777239 53.26238778435 2088.97119 0.24800000000000005 -1.475
47.82126948062 53.15298317836 0.044 0.046 12.1092 "" "" 446256967599859328 2764.08643 0.3596 0.0634 3.896 -6.295 0.059 0.06 1.012 "" "" 16.844273 1.819175 17.730211 15.911036 "" "" 2289.92285 3381.99658 3445.38744 2.1377 1104.9 8.0966 3425.7 9.557 "" "" 0.0028364750936262268 0.008431232 0.004843393 0.013274625 47.82126948062 53.15298317836 2764.08643 3.896000000000001 -6.295
47.91539474816 53.3779640649 0.0424 0.0478 1.9245 "" "" 446272738719673728 2588.6814 0.3708 0.058 0.154 -0.805 0.063 0.074 0.989 7099.1 4.3346 16.84871 1.606849 17.60137 15.994521 "" "" 2312.75879 3017.06494 3431.3355 2.1472 1244.1 6.275 3172.1 7.9507 "" "" 0.0028378497144924647 0.0061460794 0.00465719 0.010803269 47.91539474816 53.3779640649 2588.6814 0.15400000000000008 -0.8050000000000002
47.52030954501 53.37962520124 0.0426 0.0464 14.4457 "" "" 446275620640656768 2452.31934 0.384 0.0622 -0.757 1.032 0.058 0.063 1.064 6012.6 4.4676 16.85788 1.630368 17.6234 15.993032 "" "" 2150.06055 2840.68091 3402.47198 1.9001 1219.1 7.705 3176.5 10.308 "" "" 0.002821244524811133 0.0074076713 0.0051669506 0.012574622 47.52030954501 53.37962520124 2452.31934 -0.757 1.032
48.06549750448 53.48358073775 0.0502 0.0596 9.7615 "" "" 446367331078524288 2283.88818 0.4054 0.071 0.392 -1.55 0.07 0.084 1.076 5079.0 3.7168 16.86413 2.357157 18.128984 15.771828 "" "" 1975.48047 2644.05786 3382.94136 2.433 765.28 8.9951 3894.3 8.7135 "" "" 0.002863831048872027 0.013063194 0.0044928165 0.017556012 48.06549750448 53.48358073775 2283.88818 0.39199999999999985 -1.5500000000000003
48.10116225344 53.54649494018 0.0404 0.0478 13.6643 "" "" 446369182206675584 2593.52344 0.3672 0.0594 0.973 -1.591 0.059 0.069 1.0 9111.5 4.3802 16.864508 1.428421 17.50764 16.07922 "" "" 2196.08911 3147.85522 3381.76585 1.8733 1356.3 9.5916 2934.1 7.7642 "" "" 0.0028201972401305235 0.008169446 0.004747447 0.012916893 48.10116225344 53.54649494018 2593.52344 0.9729999999999999 -1.5910000000000002
47.68476224217 53.53364344134 0.0411 0.0486 14.0475 "" "" 447028996562039168 2074.64233 0.4688 0.061 -2.471 -1.738 0.057 0.067 0.997 5707.1 4.5721 16.870283 1.635336 17.644642 16.009306 "" "" 1847.8252 2424.78638 3363.82341 1.9057 1195.5 6.0594 3129.2 10.923 "" "" 0.002823143146755756 0.0061699864 0.0053523276 0.011522314 47.68476224217 53.53364344134 2074.64233 -2.4710000000000005 -1.7380000000000002
47.99557830877 53.24604374892 0.043 0.0428 6.584 "" "" 446259029184105856 2387.11328 0.3998 0.0622 1.011 0.016 0.057 0.059 1.022 "" "" 16.875826 1.509033 17.566965 16.057932 "" "" 2134.0293 2852.23145 3346.69911 2.0223 1284.2 8.8935 2992.2 11.586 "" "" 0.0028323529532581697 0.008020069 0.0056531155 0.013673184 47.99557830877 53.24604374892 2387.11328 1.011 0.01600000000000005
47.86653884021 53.109444519 0.0441 0.046 14.3216 "" "" 446253669064992512 2800.80371 0.3403 0.0653 -2.484 0.736 0.059 0.062 1.051 "" "" 16.880842 1.679819 17.674767 15.994947 "" "" 2414.48535 3280.90894 3331.26993 2.0381 1162.8 7.9917 3170.9 14.263 "" "" 0.0028342608472970124 0.007966638 0.006175326 0.014141964 47.86653884021 53.109444519 2800.80371 -2.4839999999999995 0.736
48.02345225487 53.17575789714 0.0436 0.0441 10.8706 "" "" 446255593210293248 2283.68237 0.4193 0.0604 -0.401 -1.2 0.06 0.063 1.031 7713.7 4.4128 16.881634 1.508066 17.57934 16.071274 "" "" 2010.01978 2684.05786 3328.8439 2.6308 1269.6 8.5485 2955.6 9.2851 "" "" 0.0028858378218209893 0.007824865 0.005090949 0.012915814 48.02345225487 53.17575789714 2283.68237 -0.401 -1.2000000000000002
47.82319018479 53.13363682375 0.0454 0.0463 13.2056 "" "" 446256898880392832 2470.15723 0.3717 0.0659 -0.924 1.413 0.061 0.062 0.963 "" "" 16.889418 1.648716 17.670273 16.021557 "" "" 2170.23535 2866.60913 3305.06254 2.0994 1167.6 11.554 3094.1 10.181 "" "" 0.0028403223118286967 0.011100305 0.005200669 0.016300974 47.82319018479 53.13363682375 2470.15723 -0.9240000000000002 1.4130000000000003
47.9556892391 53.39200503164 0.0419 0.0463 3.0446 "" "" 446272773080614528 2821.95117 0.333 0.0622 1.96 -0.799 0.064 0.075 1.013 7212.7 4.3344 16.891418 1.519293 17.592802 16.07351 "" "" 2376.27222 3320.94653 3298.97844 1.9879 1254.0 8.487 2949.5 8.9026 "" "" 0.0028319293547653906 0.007860095 0.005002326 0.012862422 47.9556892391 53.39200503164 2821.95117 1.9600000000000004 -0.7990000000000002
47.77049884481 53.42504724547 0.0468 0.0561 7.1447 "" "" 446276518290890880 2636.85571 0.3636 0.0623 -0.871 -0.8 0.066 0.081 1.038 8674.9 4.3969 16.900259 1.452171 17.548803 16.096632 "" "" 2333.47729 3175.61011 3272.22214 1.903 1305.9 7.0017 2887.4 11.435 "" "" 0.0028267444616197897 0.006455405 0.0057247235 0.012180129 47.77049884481 53.42504724547 2636.85571 -0.871 -0.8000000000000003
47.96500307326 53.54699468547 0.0455 0.0542 12.1675 "" "" 446368671108302976 2490.02222 0.3903 0.069 1.333 -1.125 0.065 0.078 1.023 "" "" 16.900568 1.892771 17.840982 15.948212 "" "" 2149.34082 2934.3877 3271.29422 2.0786 997.76 10.562 3310.3 9.2698 "" "" 0.0028403746805372087 0.011827121 0.0048505273 0.016677648 47.96500307326 53.54699468547 2490.02222 1.333 -1.1249999999999998
47.7602001366 53.1071248889 0.0441 0.0466 15.4365 "" "" 446251023365149696 2141.84204 0.4672 0.066 0.687 3.65 0.06 0.063 1.001 5108.7 4.5094 16.909006 1.647688 17.662437 16.01475 "" "" 1859.11108 2484.88501 3245.96654 2.2299 1176.1 11.056 3113.6 12.459 "" "" 0.0028544908222239355 0.010581034 0.0057583703 0.016339405 47.7602001366 53.1071248889 2141.84204 0.6869999999999996 3.65
47.86759623846 53.37757814308 0.0428 0.0473 2.662 "" "" 446272876158631040 2647.17236 0.3637 0.0621 0.858 -3.356 0.064 0.073 0.959 5113.7 4.3554 16.917307 1.642246 17.694921 16.052675 "" "" 2230.80176 3129.02124 3221.247 1.855 1141.4 6.6659 3006.7 6.9698 "" "" 0.0028253689674374253 0.006927555 0.0045407247 0.01146828 47.86759623846 53.37757814308 2647.17236 0.8579999999999998 -3.356
47.8761066735 53.37069992881 0.0462 0.0503 2.1555 "" "" 446272803142089856 2558.77148 0.3939 0.0656 -2.389 0.567 0.068 0.078 1.046 5426.7 4.5027 16.917871 1.596739 17.659292 16.062553 "" "" 2144.22998 3141.84546 3219.57155 1.9043 1179.5 9.4196 2979.5 9.2352 "" "" 0.0028291683740134473 0.00910866 0.0050605484 0.014169209 47.8761066735 53.37069992881 2558.77148 -2.3889999999999993 0.5669999999999997
47.72384766065 53.28827815554 0.045 0.0479 7.8314 "" "" 446271055092543232 2882.87646 0.3371 0.0637 1.21 0.214 0.064 0.071 1.015 5157.0 4.3825 16.92556 1.565683 17.665337 16.099653 "" "" 2481.07178 3387.73511 3196.85204 1.8455 1173.0 6.2323 2879.4 8.4818 "" "" 0.002825711199363245 0.006407998 0.004951003 0.011359001 47.72384766065 53.28827815554 2882.87646 1.21 0.21400000000000002
48.076478345 53.56799634048 0.0414 0.0491 14.448 "" "" 446370011138078720 2555.50562 0.3792 0.0621 1.837 -2.54 0.059 0.074 1.012 7132.2 4.347 16.926477 1.861272 17.841436 15.980165 "" "" 2172.46655 2988.41797 3194.1547 1.9509 997.34 7.8887 3214.3 10.643 "" "" 0.0028339972263708335 0.00902978 0.005216122 0.014245901 48.076478345 53.56799634048 2555.50562 1.8370000000000002 -2.54
