Clusters/NGC_1220/NGC_1220_stars_in_region.tsv
# %ECSV 1.0
# ---
# datatype:
# - name: RA_ICRS_1
#   unit: deg
#   datatype: float64
#   format: '{:15.11f}'
#   description: Right ascension (ICRS) at Ep=2016.0 (ra)
#   meta: !!omap
#   - {ucd: POS_EQ_RA_MAIN}
#   - {width: 15}
#   - {precision: '11'}
# - name: DE_ICRS_1
#   unit: deg
#   datatype: float64
#   format: '{:15.11f}'
#   description: Declination (ICRS) at Ep=2016.0 (dec)
#   meta: !!omap
#   - {ucd: POS_EQ_DEC_MAIN}
#   - {width: 15}
#   - {precision: '11'}
# - name: e_RA_ICRS
#   unit: mas
#   datatype: float64
#   format: '{:7.4f}'
#   description: Standard error of right ascension (ra_error)
#   meta: !!omap
#   - {ucd: ERROR}
#   - {width: 7}
#   - {precision: '4'}
# - name: e_DE_ICRS
#   unit: mas
#   datatype: float64
#   format: '{:7.4f}'
#   description: Standard error of declination (dec_error)
#   meta: !!omap
#   - {ucd: ERROR}
#   - {width: 7}
#   - {precision: '4'}
# - name: _r_1
#   unit: ''
#   datatype: float64
#   format: '{:7.4f}'
#   description: Distance from center (047.91981386000+53.34599759000)[ICRS], at Epoch=J2016.0
#   meta: !!omap
#   - {ucd: POS_ANG_DIST_GENERAL}
#   - {width: 7}
#   - {precision: '4'}
# - name: HIP
#   datatype: int32
#   description: '? HIP cross-id number, van Leeuwen, Cat. I/311 (hip_original_ext_source_id)'
#   meta: !!omap
#   - {ucd: ID_NUMBER}
#   - {width: 6}
#   - values: {'null': -2147483648}
# - name: TYC2
#   datatype: string
#   description: Tycho-2 cross-id name, Hog et al., Cat. I/259 (tyc2_original_ext_source_id)
#   meta: !!omap
#   - {ucd: ID_CROSSID}
#   - {_votable_string_dtype: char}
# - name: Source
#   datatype: int64
#   description: Source identifier, identical to the Gaia-EDR3 source_id (id)
#   meta: !!omap
#   - {ucd: ID_MAIN}
#   - {width: 19}
# - name: rgeo
#   unit: pc
#   datatype: float64
#   format: '{:15.8f}'
#   description: '? Median of the geometric distance posterior (r_med_geo)'
#   meta: !!omap
#   - {ucd: PHYS_DISTANCE_TRUE}
#   - {width: 15}
#   - {precision: '8'}
#   - values: {'null': .nan}
# - name: Plx
#   unit: mas
#   datatype: float64
#   format: '{:9.4f}'
#   description: '? Parallax (parallax)'
#   meta: !!omap
#   - {ucd: POS_PARLX_TRIG}
#   - {width: 9}
#   - {precision: '4'}
#   - values: {'null': .nan}
# - name: e_Plx
#   unit: mas
#   datatype: float32
#   format: '{:7.4f}'
#   description: '? Standard error of parallax (parallax_error)'
#   meta: !!omap
#   - {ucd: ERROR}
#   - {width: 7}
#   - {precision: '4'}
#   - values: {'null': .nan}
# - name: pmRA
#   unit: mas / yr
#   datatype: float64
#   format: '{:9.3f}'
#   description: '? Proper motion in right ascension direction, pmRA*cosDE (pmra)'
#   meta: !!omap
#   - {ucd: POS_EQ_PMRA}
#   - {width: 9}
#   - {precision: '3'}
#   - values: {'null': .nan}
# - name: pmDE
#   unit: mas / yr
#   datatype: float64
#   format: '{:9.3f}'
#   description: '? Proper motion in declination direction (pmdec)'
#   meta: !!omap
#   - {ucd: POS_EQ_PMDEC}
#   - {width: 9}
#   - {precision: '3'}
#   - values: {'null': .nan}
# - name: e_pmRA
#   unit: mas / yr
#   datatype: float32
#   format: '{:6.3f}'
#   description: '? Standard error of proper motion in right ascension direction (pmra_error)'
#   meta: !!omap
#   - {ucd: ERROR}
#   - {width: 6}
#   - {precision: '3'}
#   - values: {'null': .nan}
# - name: e_pmDE
[...]
#         unit: &id001 !astropy.units.Unit {unit: deg}
#         value: !astropy.table.SerializedColumn {name: SkyCoord.dec}
#       distance: !astropy.table.SerializedColumn
#         __class__: astropy.coordinates.distances.Distance
#         unit: !astropy.units.Unit {unit: pc}
#         value: !astropy.table.SerializedColumn {name: SkyCoord.distance}
#       frame: icrs
#       obstime: !astropy.time.Time {format: jyear_str, in_subfmt: '*', jd1: 367701545.0, jd2: 0.0, out_subfmt: '*', precision: 3, scale: tt}
#       pm_dec: !astropy.table.SerializedColumn
#         __class__: astropy.units.quantity.Quantity
#         unit: !astropy.units.Unit {unit: mas / yr}
#         value: !astropy.table.SerializedColumn {name: SkyCoord.pm_dec}
#       pm_ra_cosdec: !astropy.table.SerializedColumn
#         __class__: astropy.units.quantity.Quantity
#         unit: !astropy.units.Unit {unit: mas / yr}
#         value: !astropy.table.SerializedColumn {name: SkyCoord.pm_ra_cosdec}
#       ra: !astropy.table.SerializedColumn
#         __class__: astropy.coordinates.angles.Longitude
#         unit: *id001
#         value: !astropy.table.SerializedColumn {name: SkyCoord.ra}
#         wrap_angle: !astropy.coordinates.Angle
#           unit: *id001
#           value: 360.0
#       representation_type: spherical
# schema: astropy-2.0
RA_ICRS_1 DE_ICRS_1 e_RA_ICRS e_DE_ICRS _r_1 HIP TYC2 Source rgeo Plx e_Plx pmRA pmDE e_pmRA e_pmDE RUWE Teff logg Gmag BP-RP BPmag RPmag RV e_RV b_rgeo B_rgeo FG e_FG FBP e_FBP FRP e_FRP RAVE5 RAVE6 e_Gmag e_BPmag e_RPmag e_BP-RP SkyCoord.ra SkyCoord.dec SkyCoord.distance SkyCoord.pm_ra_cosdec SkyCoord.pm_dec
[from data line 163]
47.8847149143 53.40195753362 0.0337 0.0359 3.585 "" "" 446272910518361088 2341.24219 0.4031 0.0484 4.871 -2.215 0.052 0.058 1.009 5795.0 4.0357 16.397839 1.967301 17.389105 15.421803 "" "" 2080.27295 2611.73901 5197.70559 2.6564 1512.8 8.27 5375.7 9.8615 "" "" 0.002810638928121614 0.0065584867 0.0042720893 0.010830576 47.8847149143 53.40195753362 2341.24219 4.871 -2.2150000000000003
48.02990400791 53.21255821615 0.0348 0.0362 8.9275 "" "" 446255936807662720 2138.59961 0.4393 0.0497 1.873 -1.236 0.046 0.05 1.073 5010.7 3.7696 16.399609 2.089899 17.473013 15.383114 "" "" 1958.58704 2375.98926 5189.23083 2.5775 1400.3 10.15 5570.7 11.581 "" "" 0.002807600387906217 0.008349873 0.004402097 0.01275197 48.02990400791 53.21255821615 2138.59961 1.8729999999999998 -1.2359999999999998
47.67646395211 53.40850237095 0.0531 0.0444 9.4832 "" "" 446275212620450304 2032.15063 0.4936 0.0703 0.472 -0.889 0.074 0.06 1.233 "" "" 16.405245 "" "" "" "" "" 1774.69885 2414.88428 5162.36179 3.0369 "" "" "" "" "" "" 0.0028283820187453776 "" "" "" 47.67646395211 53.40850237095 2032.15063 0.47200000000000003 -0.889
47.60032212698 53.34802155476 0.0355 0.0369 11.4442 "" "" 446274559785428736 2624.21094 0.3806 0.0524 0.531 -0.675 0.05 0.051 0.974 7107.5 4.3367 16.42818 1.394402 17.054901 15.660499 "" "" 2234.71558 3064.60034 5054.46078 2.6149 2058.1 8.4514 4314.8 9.5349 "" "" 0.0028119915538353433 0.0052595683 0.004476633 0.009736201 47.60032212698 53.34802155476 2624.21094 0.5310000000000001 -0.675
47.54437274989 53.35058156503 0.0358 0.0413 13.45 "" "" 446269474544151680 2430.40625 0.3859 0.0512 -1.557 1.409 0.049 0.057 0.944 6636.0 4.3577 16.429201 1.578646 17.167267 15.588621 "" "" 2173.79956 2717.77026 5049.71071 2.2471 1855.7 6.4559 4610.1 8.4341 "" "" 0.0027973597250840875 0.0046960097 0.0042695734 0.0089655835 47.54437274989 53.35058156503 2430.40625 -1.557 1.409
48.0164809185 53.32427853502 0.0346 0.0358 3.7004 "" "" 446259853817796864 2380.67627 0.3917 0.0523 0.124 -0.336 0.049 0.052 1.004 7166.2 4.3368 16.442133 1.56885 17.169588 15.600739 "" "" 2089.53296 2684.23389 4989.9227 2.5712 1851.7 8.2678 4558.9 10.025 "" "" 0.002811544229414457 0.0055933977 0.0044703493 0.010063747 48.0164809185 53.32427853502 2380.67627 0.12400000000000005 -0.3360000000000001
48.25529266511 53.40097848386 0.0341 0.0371 12.4536 "" "" 446352655172052480 2276.35181 0.4193 0.0519 0.308 -1.042 0.049 0.052 0.913 9110.2 4.4715 16.445839 1.341653 16.934402 15.59275 "" "" 2011.96143 2552.45581 4972.91599 3.5572 2299.6 32.408 4592.6 82.108 "" "" 0.0028626847281655347 0.01555347 0.019775648 0.03532912 48.25529266511 53.40097848386 2276.35181 0.30800000000000005 -1.042
47.89164161565 53.45985886568 0.0343 0.0367 6.9056 "" "" 446367915194102656 2205.74902 0.4527 0.0487 -1.416 -2.596 0.053 0.056 1.039 7715.7 4.4054 16.461592 1.696509 17.269545 15.573035 "" "" 1930.22632 2657.60327 4901.28474 2.5553 1688.9 10.586 4676.7 10.558 "" "" 0.0028128640530019487 0.0073551494 0.0045046383 0.011859788 47.89164161565 53.45985886568 2205.74902 -1.4159999999999997 -2.596
47.53642398429 53.37364833577 0.0347 0.0372 13.828 "" "" 446275556217840256 2184.72388 0.4358 0.0504 1.057 1.341 0.047 0.051 0.937 7141.9 4.3582 16.46168 1.536571 17.172827 15.636256 "" "" 1974.13989 2404.82959 4900.89106 2.4411 1846.2 10.416 4412.2 9.8678 "" "" 0.002807890935709643 0.0067310967 0.0044922177 0.011223314 47.53642398429 53.37364833577 2184.72388 1.0570000000000002 1.341
47.51630996168 53.26966023629 0.0374 0.0388 15.1738 "" "" 446268100154628096 2822.78784 0.3301 0.0543 0.508 -0.877 0.052 0.054 0.993 "" "" 16.467987 1.221658 16.990427 15.768769 "" "" 2526.33496 3222.20679 4872.50405 2.3507 2184.0 12.006 3905.3 8.9052 "" "" 0.002804667651148642 0.0065885377 0.0045181033 0.011106641 47.51630996168 53.26966023629 2822.78784 0.508 -0.877
47.76571783557 53.33921197322 0.0358 0.0375 5.535 "" "" 446271673567810944 2561.33032 0.366 0.0518 -0.803 0.624 0.053 0.056 1.027 7127.0 4.3242 16.471382 1.602422 17.221159 15.618737 "" "" 2279.11743 2968.37524 4857.28483 2.4244 1765.8 8.1493 4484.0 10.262 "" "" 0.0028081072788325185 0.0057352157 0.004523045 0.010258261 47.76571783557 53.33921197322 2561.33032 -0.8029999999999999 0.6239999999999999
47.68312457799 53.40552652843 0.0357 0.038 9.1941 "" "" 446275212622393984 2019.8717 0.4727 0.054 1.002 0.75 0.05 0.053 0.987 6731.6 4.3526 16.475136 1.535675 17.183216 15.647541 "" "" 1824.57068 2222.59985 4840.52731 2.4399 1828.7 10.849 4366.6 8.0993 "" "" 0.002809145178815548 0.0070196167 0.0042824456 0.011302062 47.68312457799 53.40552652843 2019.8717 1.002 0.75
48.17798924087 53.53343612662 0.0371 0.0408 14.5472 "" "" 446357572912793472 2277.35742 0.4098 0.0553 1.155 0.299 0.05 0.054 1.035 7230.4 4.3391 16.498802 1.814648 17.381962 15.567314 "" "" 2046.60156 2527.83716 4736.15467 2.5987 1522.8 10.838 4701.5 8.0598 "" "" 0.002818987762583836 0.008215655 0.0042128493 0.0124285035 48.17798924087 53.53343612662 2277.35742 1.155 0.2989999999999999
47.90897994871 53.34386274027 0.0414 0.0468 0.4087 "" "" 446272532561257344 2029.34167 0.4716 0.0593 0.086 -0.574 0.061 0.075 1.2 8973.2 4.3942 16.499153 1.327076 17.085716 15.75864 "" "" 1840.12622 2304.99512 4734.62665 2.6597 2000.5 14.735 3941.9 10.398 "" "" 0.002822018589670868 0.008469926 0.0047419462 0.013211872 47.90897994871 53.34386274027 2029.34167 0.08599999999999997 -0.5739999999999998
47.54364005461 53.2954747859 0.0358 0.0384 13.8187 "" "" 446268512471483904 2258.43115 0.416 0.0527 3.137 -6.564 0.049 0.053 0.99 6461.8 4.2355 16.502844 1.933203 17.464163 15.53096 "" "" 1973.75781 2598.45337 4718.55306 2.3241 1411.7 8.7027 4861.5 8.5885 "" "" 0.002806737010365321 0.0072515104 0.0042382586 0.011489769 47.54364005461 53.2954747859 2258.43115 3.136999999999999 -6.564
48.00566373724 53.47704744932 0.0358 0.0402 8.4412 "" "" 446367468517486592 2110.73193 0.4606 0.0521 -3.698 -1.623 0.052 0.061 1.022 6782.7 4.3341 16.515524 1.843006 17.419783 15.576776 "" "" 1903.23376 2335.24316 4663.7666 2.3608 1470.6 8.4232 4660.7 9.4088 "" "" 0.002809599531146038 0.0068160524 0.004368965 0.011185017 48.00566373724 53.47704744932 2110.73193 -3.6979999999999995 -1.6229999999999998
47.91796362511 53.28498273959 0.0368 0.0377 3.6615 "" "" 446260094335986304 2018.4646 0.4926 0.0558 2.565 -2.226 0.052 0.056 1.069 6895.0 4.3371 16.522255 1.713506 17.33344 15.619935 "" "" 1809.99951 2285.08472 4634.94503 2.3052 1592.4 15.358 4479.0 11.441 "" "" 0.0028077361215249307 0.010836803 0.0046877805 0.015524584 47.91796362511 53.28498273959 2018.4646 2.5649999999999995 -2.226
48.0445489295 53.38807545331 0.0414 0.0437 5.1299 "" "" 446354652335105792 2674.69434 0.3379 0.0624 -1.135 -1.248 0.059 0.06 1.212 7196.3 4.3247 16.533306 1.595435 17.26431 15.668876 "" "" 2287.53833 3144.09082 4588.00715 3.1262 1697.0 7.4413 4281.6 9.703 "" "" 0.002852910805732042 0.0055182828 0.004509746 0.010028029 48.0445489295 53.38807545331 2674.69434 -1.135 -1.248
48.16345719979 53.24880124226 0.0352 0.0377 10.5045 "" "" 446349326575685248 2290.53174 0.4095 0.0531 -2.347 -0.735 0.048 0.054 0.958 "" "" 16.533775 1.9178 17.482271 15.564471 "" "" 2011.24622 2631.51904 4586.02801 2.4519 1388.4 10.128 4713.8 13.253 "" "" 0.0028158038358283293 0.008397251 0.0048581874 0.013255439 48.16345719979 53.24880124226 2290.53174 -2.3470000000000004 -0.7349999999999997
48.10886273635 53.23532964173 0.0358 0.0378 9.4902 "" "" 446256211685552640 1931.38171 0.4984 0.0525 0.952 -2.32 0.048 0.053 0.946 7165.7 4.3332 16.540857 1.578349 17.27888 15.70053 "" "" 1754.19714 2157.0918 4556.2103 2.3589 1674.4 8.6772 4158.6 8.92 "" "" 0.0028120757164763906 0.0062804045 0.0044392883 0.010719692 48.10886273635 53.23532964173 1931.38171 0.9519999999999997 -2.3199999999999994
47.55471600321 53.45214785509 0.0365 0.041 14.5312 "" "" 447026866258348032 2314.62476 0.4116 0.0519 -1.543 -0.975 0.051 0.056 0.957 6685.1 4.3557 16.540924 1.593885 17.289026 15.695141 "" "" 2076.84521 2596.82349 4555.92826 2.5376 1658.8 9.2156 4179.3 10.233 "" "" 0.0028209046566375546 0.006645963 0.0046207067 0.011266669 47.55471600321 53.45214785509 2314.62476 -1.5430000000000001 -0.9750000000000003
47.830165787 53.33310104224 0.0388 0.0403 3.3035 "" "" 446272292043098496 2084.52686 0.461 0.0558 0.204 -2.166 0.058 0.06 0.991 6561.3 4.3793 16.547846 1.62099 17.307562 15.686572 "" "" 1845.76672 2320.16235 4526.97656 2.5637 1630.8 8.0905 4212.4 11.37 "" "" 0.0028230930552389987 0.0060661687 0.0047824774 0.010848646 47.830165787 53.33310104224 2084.52686 0.2040000000000003 -2.166
48.10978565775 53.49260998431 0.0361 0.0397 11.1142 "" "" 446368769889646080 2837.95337 0.3343 0.0518 -2.381 -1.015 0.05 0.053 0.911 9045.8 4.4919 16.564274 1.51973 17.254416 15.734686 "" "" 2469.83081 3429.66602 4459.00009 2.2809 1712.6 7.046 4029.8 12.725 "" "" 0.0028107366274789346 0.0052667526 0.0051027485 0.010369501 48.10978565775 53.49260998431 2837.95337 -2.381 -1.0149999999999997
48.08481215677 53.29301102698 0.0728 0.0699 6.7141 "" "" 446353346661344896 2277.90869 0.4309 0.1 -1.704 -0.643 0.113 0.098 1.008 "" "" 16.564531 "" "" "" "" "" 1875.29504 2907.20776 4457.94072 4.5408 "" "" "" "" "" "" 0.0029689798034418 "" "" "" 48.08481215677 53.29301102698 2277.90869 -1.7039999999999997 -0.643
48.23435787009 53.26688537466 0.0383 0.0398 12.2353 "" "" 446349567093847168 1925.07446 0.4871 0.0567 -1.236 -1.543 0.053 0.053 1.037 7335.4 4.3466 16.572306 1.549519 17.286585 15.737066 "" "" 1759.65881 2135.99414 4426.13468 2.3303 1662.6 10.442 4021.0 9.195 "" "" 0.0028139909404407623 0.0073677483 0.0045219497 0.011889698 48.23435787009 53.26688537466 1925.07446 -1.2360000000000002 -1.543
47.91686784389 53.60063622151 0.0352 0.0428 15.2787 "" "" 446371969643167104 2753.09692 0.3235 0.0548 1.468 -0.944 0.049 0.061 1.041 4813.3 3.6038 16.573381 2.316789 17.803967 15.487178 "" "" 2426.57007 3340.4314 4421.74926 2.4251 1032.4 11.951 5061.6 11.625 "" "" 0.002818931330253701 0.012874398 0.004527896 0.017402295 47.91686784389 53.60063622151 2753.09692 1.468 -0.9439999999999997
47.6523935696 53.50283737637 0.0347 0.041 13.4152 "" "" 447028481165991552 2327.92065 0.4123 0.0509 6.139 -1.646 0.049 0.059 0.959 6731.0 4.3467 16.574852 1.704961 17.390703 15.685742 "" "" 2115.03101 2699.28589 4415.76558 2.121 1510.6 7.3004 4215.6 7.5 "" "" 0.0028042391988505723 0.0059428425 0.0042444034 0.010187246 47.6523935696 53.50283737637 2327.92065 6.138999999999999 -1.646
47.92040015679 53.34283724103 0.0382 0.0416 0.1908 "" "" 446272532561255808 2632.59595 0.3567 0.0562 0.156 -0.826 0.054 0.063 1.011 9487.1 4.4718 16.580791 1.282064 17.133776 15.851712 "" "" 2297.27417 2970.70239 4391.67689 2.66 1913.8 16.381 3618.0 11.96 "" "" 0.002832711520047754 0.00970308 0.005212048 0.014915128 47.92040015679 53.34283724103 2632.59595 0.15600000000000006 -0.8260000000000001
47.99219437684 53.48277653211 0.0389 0.0421 8.6053 "" "" 446367434158269824 2356.31592 0.3953 0.058 0.79 -1.027 0.061 0.07 1.042 8938.9 4.3884 16.583668 1.396798 17.204178 15.80738 "" "" 2108.13989 2646.70166 4380.05709 2.4313 1793.7 6.9672 3768.8 10.04 "" "" 0.0028204620857749203 0.005056731 0.0047591566 0.009815888 47.99219437684 53.48277653211 2356.31592 0.7900000000000001 -1.0270000000000001
47.83717797636 53.37909696447 0.037 0.04 3.5635 "" "" 446273254115754752 2011.61035 0.4777 0.0532 4.961 -2.423 0.056 0.062 1.027 5033.4 4.1887 16.60265 1.709229 17.417425 15.708197 "" "" 1817.57703 2176.35718 4304.14425 1.9917 1473.8 6.1046 4129.3 8.4127 "" "" 0.0028007514841287265 0.0052924403 0.0043791127 0.009671553 47.83717797636 53.37909696447 2011.61035 4.961 -2.423
47.87537996523 53.58254921182 0.0794 0.0905 14.2816 "" "" 446372588118470656 2149.69922 0.5067 0.1216 -0.519 1.096 0.111 0.122 2.036 8236.5 4.4067 16.606663 1.775432 17.438835 15.663403 "" "" 1741.70337 2794.59253 4288.26361 3.654 1445.0 8.5766 4303.3 8.4271 "" "" 0.002906490810976345 0.0070223403 0.0043364023 0.011358743 47.87537996523 53.58254921182 2149.69922 -0.519 1.0960000000000003
48.03157040614 53.27945730693 0.0374 0.0371 5.6558 "" "" 446259544580166016 2168.57812 0.4371 0.0538 2.882 -1.143 0.052 0.053 0.967 7206.0 4.3392 16.63251 1.583919 17.367666 15.783748 "" "" 1933.29529 2450.50146 4187.38645 2.1604 1542.9 11.717 3851.8 8.6486 "" "" 0.0028116851524277063 0.008704535 0.004497424 0.0132019585 48.03157040614 53.27945730693 2168.57812 2.8819999999999997 -1.143
47.76774871914 53.50892870458 0.0359 0.0403 11.1858 "" "" 446278064479105920 2604.93091 0.3781 0.0522 -1.16 -0.77 0.05 0.058 0.992 6056.7 4.3919 16.644876 1.623688 17.409092 15.785404 "" "" 2205.71973 3079.20972 4139.96044 2.1156 1485.2 10.319 3845.9 10.775 "" "" 0.0028106277247765027 0.008043041 0.0048514768 0.012894519 47.76774871914 53.50892870458 2604.93091 -1.16 -0.77
48.33956462395 53.28239692665 0.0391 0.0439 15.5226 "" "" 446304177879453312 2455.13867 0.3748 0.0588 -1.333 -0.846 0.054 0.06 1.071 9080.7 4.4022 16.648539 1.444409 17.297625 15.853215 "" "" 2206.18774 2795.95898 4126.0208 2.1173 1645.8 8.4297 3613.0 8.1856 "" "" 0.0028110869911520805 0.0062217913 0.004509384 0.010731176 48.33956462395 53.28239692665 2455.13867 -1.3329999999999997 -0.8459999999999999
48.25466694842 53.50218034905 0.0398 0.0426 15.2035 "" "" 446356576480386560 2720.6936 0.329 0.0598 -1.516 0.541 0.056 0.06 0.996 5429.7 3.8764 16.652224 2.274252 17.85293 15.578678 "" "" 2346.71387 3195.82422 4112.03963 2.5657 986.84 8.0397 4652.5 9.5194 "" "" 0.0028373788476102908 0.009275026 0.004383927 0.013658953 48.25466694842 53.50218034905 2720.6936 -1.5160000000000002 0.541
47.94102489823 53.41650322877 0.0377 0.041 4.2979 "" "" 446366815682486528 2298.79224 0.4225 0.0542 0.124 -0.866 0.058 0.061 1.003 "" "" 16.658691 1.278065 17.21985 15.941786 "" "" 2012.91638 2615.32007 4087.61852 2.0689 1768.0 9.9501 3330.0 9.0145 "" "" 0.0028095863584185967 0.006717292 0.004787727 0.011505019 47.94102489823 53.41650322877 2298.79224 0.12399999999999994 -0.8659999999999999
48.17343551676 53.16281523613 0.0388 0.0417 14.2717 "" "" 446208142411597824 2501.37524 0.3778 0.0554 -3.38 -2.17 0.051 0.057 0.919 7097.3 4.3339 16.659311 1.689512 17.459032 15.76952 "" "" 2239.25366 2852.64697 4085.2871 2.1171 1418.4 7.4036 3902.6 14.425 "" "" 0.00281218267623653 0.0063168197 0.0055126357 0.011829455 48.17343551676 53.16281523613 2501.37524 -3.38 -2.17
47.78924531616 53.11418793694 0.0397 0.0425 14.6779 "" "" 446250989005406336 2387.9231 0.3969 0.0594 -1.732 -1.549 0.053 0.057 1.01 6759.6 4.3464 16.673801 1.602352 17.427427 15.825075 "" "" 2116.75659 2769.63379 4031.12691 2.3625 1460.3 8.259 3707.9 10.97 "" "" 0.002827840423289027 0.006744762 0.004960038 0.0117048 47.78924531616 53.11418793694 2387.9231 -1.7320000000000002 -1.549
48.26403875749 53.46172925287 0.0386 0.0445 14.136 "" "" 446356194225300224 2481.92285 0.3662 0.0574 0.384 0.69 0.053 0.059 0.979 9565.7 4.3555 16.67533 1.552428 17.36553 15.813102 "" "" 2177.56665 2853.77563 4025.45537 2.3497 1546.0 11.695 3749.0 11.86 "" "" 0.002827266405906085 0.008674245 0.00510697 0.013781216 48.26403875749 53.46172925287 2481.92285 0.384 0.6900000000000001
48.06292256658 53.44314110658 0.0395 0.041 7.7581 "" "" 446355373889589760 2393.31201 0.4154 0.0589 0.747 -1.232 0.056 0.057 0.968 7529.9 4.3954 16.675924 1.494214 17.360107 15.865893 "" "" 2085.21069 3059.08276 4023.2531 2.264 1553.7 9.4984 3571.1 12.826 "" "" 0.0028222472764856165 0.0072001438 0.0054304837 0.0126306275 48.06292256658 53.44314110658 2393.31201 0.747 -1.232
47.77389491015 53.4651506468 0.0392 0.0429 8.8517 "" "" 446277205485650688 1926.85535 0.5058 0.0589 3.423 -2.428 0.059 0.063 1.029 5034.1 4.3231 16.681238 1.646222 17.441715 15.795493 "" "" 1709.89294 2236.62231 4003.60616 2.2336 1441.2 10.58 3810.3 15.684 "" "" 0.0028211162586827647 0.008444759 0.0058529275 0.0142976865 47.77389491015 53.4651506468 1926.85535 3.4230000000000005 -2.428
