Clusters/ASCC_67/ASCC_67_stars_in_region.tsv
# %ECSV 1.0
# ---
# datatype:
# - name: RA_ICRS_1
#   unit: deg
#   datatype: float64
#   format: '{:15.11f}'
#   description: Right ascension (ICRS) at Ep=2016.0 (ra)
#   meta: !!omap
#   - {ucd: POS_EQ_RA_MAIN}
#   - {width: 15}
#   - {precision: '11'}
# - name: DE_ICRS_1
#   unit: deg
#   datatype: float64
#   format: '{:15.11f}'
#   description: Declination (ICRS) at Ep=2016.0 (dec)
#   meta: !!omap
#   - {ucd: POS_EQ_DEC_MAIN}
#   - {width: 15}
#   - {precision: '11'}
# - name: e_RA_ICRS
#   unit: mas
#   datatype: float64
#   format: '{:7.4f}'
#   description: Standard error of right ascension (ra_error)
#   meta: !!omap
#   - {ucd: ERROR}
#   - {width: 7}
#   - {precision: '4'}
# - name: e_DE_ICRS
#   unit: mas
#   datatype: float64
#   format: '{:7.4f}'
#   description: Standard error of declination (dec_error)
#   meta: !!omap
#   - {ucd: ERROR}
#   - {width: 7}
#   - {precision: '4'}
# - name: _r_1
#   unit: ''
#   datatype: float64
#   format: '{:7.4f}'
#   description: Distance from center (175.28921592000-60.99060297000)[ICRS], at Epoch=J2016.0
#   meta: !!omap
#   - {ucd: POS_ANG_DIST_GENERAL}
#   - {width: 7}
#   - {precision: '4'}
# - name: HIP
#   datatype: int32
#   description: '? HIP cross-id number, van Leeuwen, Cat. I/311 (hip_original_ext_source_id)'
#   meta: !!omap
#   - {ucd: ID_NUMBER}
#   - {width: 6}
#   - values: {'null': -2147483648}
# - name: TYC2
#   datatype: string
#   description: Tycho-2 cross-id name, Hog et al., Cat. I/259 (tyc2_original_ext_source_id)
#   meta: !!omap
#   - {ucd: ID_CROSSID}
#   - {_votable_string_dtype: char}
# - name: Source
#   datatype: int64
#   description: Source identifier, identical to the Gaia-EDR3 source_id (id)
#   meta: !!omap
#   - {ucd: ID_MAIN}
#   - {width: 19}
# - name: rgeo
#   unit: pc
#   datatype: float64
#   format: '{:15.8f}'
#   description: '? Median of the geometric distance posterior (r_med_geo)'
#   meta: !!omap
#   - {ucd: PHYS_DISTANCE_TRUE}
#   - {width: 15}
#   - {precision: '8'}
#   - values: {'null': .nan}
# - name: Plx
#   unit: mas
#   datatype: float64
#   format: '{:9.4f}'
#   description: '? Parallax (parallax)'
#   meta: !!omap
#   - {ucd: POS_PARLX_TRIG}
#   - {width: 9}
#   - {precision: '4'}
#   - values: {'null': .nan}
# - name: e_Plx
#   unit: mas
#   datatype: float32
#   format: '{:7.4f}'
#   description: '? Standard error of parallax (parallax_error)'
#   meta: !!omap
#   - {ucd: ERROR}
#   - {width: 7}
#   - {precision: '4'}
#   - values: {'null': .nan}
# - name: pmRA
#   unit: mas / yr
#   datatype: float64
#   format: '{:9.3f}'
#   description: '? Proper motion in right ascension direction, pmRA*cosDE (pmra)'
#   meta: !!omap
#   - {ucd: POS_EQ_PMRA}
#   - {width: 9}
#   - {precision: '3'}
#   - values: {'null': .nan}
# - name: pmDE
#   unit: mas / yr
#   datatype: float64
#   format: '{:9.3f}'
#   description: '? Proper motion in declination direction (pmdec)'
#   meta: !!omap
#   - {ucd: POS_EQ_PMDEC}
#   - {width: 9}
#   - {precision: '3'}
#   - values: {'null': .nan}
# - name: e_pmRA
#   unit: mas / yr
#   datatype: float32
#   format: '{:6.3f}'
#   description: '? Standard error of proper motion in right ascension direction (pmra_error)'
#   meta: !!omap
#   - {ucd: ERROR}
#   - {width: 6}
#   - {precision: '3'}
#   - values: {'null': .nan}
# - name: e_pmDE
[...]
#         value: !astropy.table.SerializedColumn {name: SkyCoord.dec}
#       distance: !astropy.table.SerializedColumn
#         __class__: astropy.coordinates.distances.Distance
#         unit: !astropy.units.Unit {unit: pc}
#         value: !astropy.table.SerializedColumn {name: SkyCoord.distance}
#       frame: icrs
#       obstime: !astropy.time.Time {format: jyear_str, in_subfmt: '*', jd1: 367701545.0, jd2: 0.0, out_subfmt: '*', precision: 3, scale: tt}
#       pm_dec: !astropy.table.SerializedColumn
#         __class__: astropy.units.quantity.Quantity
#         unit: !astropy.units.Unit {unit: mas / yr}
#         value: !astropy.table.SerializedColumn {name: SkyCoord.pm_dec}
#       pm_ra_cosdec: !astropy.table.SerializedColumn
#         __class__: astropy.units.quantity.Quantity
#         unit: !astropy.units.Unit {unit: mas / yr}
#         value: !astropy.table.SerializedColumn {name: SkyCoord.pm_ra_cosdec}
#       ra: !astropy.table.SerializedColumn
#         __class__: astropy.coordinates.angles.Longitude
#         unit: *id001
#         value: !astropy.table.SerializedColumn {name: SkyCoord.ra}
#         wrap_angle: !astropy.coordinates.Angle
#           unit: *id001
#           value: 360.0
#       representation_type: spherical
# schema: astropy-2.0
RA_ICRS_1 DE_ICRS_1 e_RA_ICRS e_DE_ICRS _r_1 HIP TYC2 Source rgeo Plx e_Plx pmRA pmDE e_pmRA e_pmDE RUWE Teff logg Gmag BP-RP BPmag RPmag RV e_RV b_rgeo B_rgeo FG e_FG FBP e_FBP FRP e_FRP RAVE5 RAVE6 e_Gmag e_BPmag e_RPmag e_BP-RP SkyCoord.ra SkyCoord.dec SkyCoord.distance SkyCoord.pm_ra_cosdec SkyCoord.pm_dec rmRA rmDE e_rmRA e_rmDE rRV e_rRV v_pec v_pec3d e_vpec e_vpec3d
[from data line 532]
175.28902104712 -61.27496115606 0.011 0.0107 17.0615 "" "" 5335684605418198272 2110.41211 0.4404 0.0132 -5.774 2.391 0.013 0.013 0.889 7052.0 3.8958 13.759003 0.734722 14.040494 13.305772 -3.69 8.16 2048.83545 2173.66797 59067.1091 14.941 33054.0 50.566 37744.0 43.443 "" "" 0.002768973564507953 0.003247127 0.003980629 0.007227756 175.28902104712 -61.27496115606 2110.41211 -5.774 2.391000000000001 0.9615833053588867 1.4293333563804627 0.062805384 0.062805384 "" "" 17.232605623262184 "" 1.0823004203396174 ""
175.32140993601 -61.09292322067 0.0928 0.0968 6.21 "" "" 5335781362441302784 1915.20337 0.5938 0.1164 -11.755 -0.07 0.122 0.122 10.197 6338.4 3.8824 13.759913 0.824387 14.059788 13.235401 -14.94 4.87 1568.04126 2525.49463 59017.58279 42.76 32471.0 27.856 40272.0 28.821 "" "" 0.0028654152905648223 0.00294153 0.0038584298 0.0067999596 175.32140993601 -61.09292322067 1915.20337 -11.755 -0.07 -5.019416694641114 -1.0316666436195374 0.17180538 0.17180538 "" "" 46.519103689174024 "" 7.992232369144811 ""
175.54745636049 -61.08480072132 0.0606 0.0622 9.3935 "" "" 5335031426791609088 1921.64856 0.5185 0.0778 -6.991 2.287 0.078 0.075 6.482 8672.3 3.5841 13.762629 0.572263 13.968407 13.396144 "" "" 1545.54712 2246.93115 58870.1846 28.673 35323.0 20.586 34730.0 17.685 "" "" 0.0028056073304728027 0.0028610197 0.0038196065 0.0066806264 175.54745636049 -61.08480072132 1921.64856 -6.991000000000001 2.286999999999999 -0.25541669464111294 1.3253333563804626 0.12780538 0.12480539 "" "" 12.294085860152169 "" 1.5357042520668598 ""
174.76203546557 -60.87011863791 0.0159 0.0157 16.9838 "" "" 5335800466457986304 1940.1925 0.4797 0.0197 -6.744 1.02 0.021 0.019 1.709 7149.5 3.8971 13.763804 0.738446 14.047954 13.309507 "" "" 1856.03345 2027.37793 58806.43753 24.647 32827.0 45.212 37615.0 32.976 "" "" 0.0027926446349553855 0.0031656218 0.0038973985 0.00706302 174.76203546557 -60.87011863791 1940.1925 -6.744 1.02 -0.008416694641113054 0.058333356380462664 0.070805386 0.06880538 "" "" 0.5420188524791862 "" 0.03731623640060139 ""
175.71742989657 -60.97148579245 0.011 0.0123 12.5162 "" "" 5335036507682509184 2023.1604 0.4578 0.015 -9.708 1.314 0.014 0.015 0.959 "" "" 13.767749 0.791217 14.077448 13.286231 "" "" 1969.86169 2100.68433 58593.19843 12.157 31948.0 24.043 38430.0 17.036 "" "" 0.002764513702324113 0.0029073497 0.0038099058 0.0067172553 175.71742989657 -60.97148579245 2023.1604 -9.708 1.314 -2.9724166946411135 0.3523333563804627 0.06380539 0.06480538 "" "" 28.704376373919164 "" 1.831894616565556 ""
174.5727896542 -61.24451003364 0.0169 0.016 25.7519 "" "" 5335694397944503552 2070.2417 0.4467 0.0205 -7.102 0.496 0.021 0.021 1.502 8447.5 3.8848 13.768176 0.47841 13.925507 13.447097 "" "" 1982.52209 2176.70142 58570.13714 14.213 36746.0 57.981 33137.0 88.571 "" "" 0.0027678884898320274 0.00327414 0.0047650323 0.008039173 174.5727896542 -61.24451003364 2070.2417 -7.101999999999997 0.4959999999999998 -0.3664166946411136 -0.46566664361953736 0.070805386 0.070805386 "" "" 5.814587375619237 "" 0.41170410186829104 ""
175.34035474553 -60.78508500181 0.0124 0.011 12.4211 "" "" 5335792460638153728 1891.20496 0.4945 0.0144 -7.076 1.563 0.016 0.015 0.926 9480.8 4.1211 13.772503 0.380992 13.912139 13.531147 "" "" 1842.92859 1940.39001 58337.21736 20.793 37202.0 24.955 30669.0 11.646 "" "" 0.002782363722772763 0.0028836578 0.0038018033 0.006685461 175.34035474553 -60.78508500181 1891.20496 -7.076 1.5629999999999997 -0.3404166946411129 0.6013333563804626 0.06580538 0.06480538 "" "" 6.194367349709048 "" 0.4029404351639184 ""
175.53987714427 -61.13597932319 0.0106 0.0112 11.3594 "" "" 5335030877035660032 1669.26636 0.5603 0.0138 -8.327 2.075 0.014 0.013 0.915 9205.5 4.2524 13.773395 0.465666 13.946713 13.481047 "" "" 1635.13391 1700.20581 58289.30513 16.495 36036.0 22.052 32117.0 14.914 "" "" 0.0027723979120362766 0.0028681855 0.0038128626 0.0066810483 175.53987714427 -61.13597932319 1669.26636 -8.327000000000012 2.0750000000000015 -1.5914166946411132 1.1133333563804628 0.06380539 0.062805384 "" "" 15.367266852018298 "" 0.9754914389120785 ""
175.35648581615 -61.17800963441 0.0108 0.0105 11.4125 "" "" 5335780400368556160 1736.50513 0.5408 0.013 -3.601 -3.71 0.015 0.013 0.98 6153.6 3.6065 13.778102 1.226188 14.305975 13.079787 38.19 8.62 1700.70935 1781.99377 58037.11179 97.179 25884.0 170.52 46478.0 237.81 "" "" 0.0033010405649540036 0.0076776138 0.0067190034 0.014396617 175.35648581615 -61.17800963441 1736.50513 -3.601 -3.71 3.1345833053588867 -4.671666643619537 0.06480538 0.062805384 "" "" 46.306486502585074 "" 2.937360437649538 ""
175.09129827646 -60.77095096889 0.0124 0.0106 14.3904 "" "" 5335796102769890304 2003.05603 0.4648 0.0139 -7.641 1.975 0.016 0.014 1.004 7671.7 3.9113 13.782208 0.584481 13.949373 13.364892 "" "" 1939.56592 2064.75854 57818.08425 14.977 35947.0 211.41 35744.0 264.94 "" "" 0.002769636867847002 0.006968372 0.008890909 0.015859282 175.09129827646 -60.77095096889 2003.05603 -7.641000000000004 1.9750000000000005 -0.9054166946411133 1.0133333563804627 0.06580538 0.06380539 "" "" 12.902107713686805 "" 0.8347777787894357 ""
175.14115227419 -61.03352233504 0.0106 0.0104 5.0167 "" "" 5335782427593459712 1913.75635 0.485 0.0132 -6.726 0.913 0.014 0.014 0.981 9462.5 4.1616 13.782761 0.357015 13.912577 13.555562 "" "" 1860.46765 1968.9801 57788.62739 20.751 37187.0 29.83 29987.0 20.021 "" "" 0.002782766396873701 0.00292294 0.003848273 0.0067712134 175.14115227419 -61.03352233504 1913.75635 -6.726 0.913 0.00958330535888674 -0.04866664361953732 0.06380539 0.06380539 "" "" 0.4499429236601589 "" 0.028708782112909857 ""
175.19980096784 -60.86253245821 0.0199 0.021 8.1144 "" "" 5335791154967895040 1832.78442 0.5098 0.0246 -9.555 1.288 0.028 0.027 1.867 "" "" 13.783687 0.891219 13.950192 13.058973 "" "" 1751.04871 1932.36511 57739.35842 40.715 35920.0 318.06 47377.0 1208.2 "" "" 0.002859710813494486 0.010010546 0.027945003 0.03795555 175.19980096784 -60.86253245821 1832.78442 -9.555000000000005 1.288 -2.819416694641113 0.3263333563804627 0.077805385 0.07680538 "" "" 24.65691734620221 "" 1.9181170541180665 ""
174.77495686135 -60.81985926958 0.0116 0.0103 18.1675 "" "" 5335801016213857024 1735.71521 0.541 0.0133 -5.847 -0.754 0.015 0.013 0.962 7558.3 3.9164 13.785558 0.699794 14.058805 13.359012 "" "" 1695.17932 1775.89307 57639.96571 13.88 32501.0 24.682 35938.0 22.998 "" "" 0.0027676968673520665 0.0029094506 0.0038427173 0.006752168 174.77495686135 -60.81985926958 1735.71521 -5.847 -0.7540000000000001 0.8885833053588863 -1.7156666436195374 0.06480538 0.062805384 "" "" 15.896121592927392 "" 1.00517019346004 ""
175.74647910503 -60.65588256519 0.0129 0.0111 24.1293 "" "" 5335072898984316416 2013.00916 0.4593 0.0151 -6.311 0.694 0.016 0.014 0.996 7999.5 4.0641 13.786461 0.380589 13.919203 13.538614 "" "" 1943.60083 2074.16382 57592.04115 17.814 36960.0 32.525 30459.0 41.574 "" "" 0.002775711287062661 0.0029492269 0.0040595406 0.0070087677 175.74647910503 -60.65588256519 2013.00916 -6.311 0.6940000000000002 0.4245833053588868 -0.2676666436195374 0.06580538 0.06380539 "" "" 4.789082589431878 "" 0.31245325253989636 ""
174.72009401327 -60.65900395052 0.012 0.0117 25.941 "" "" 5335808678436085760 1778.26367 0.531 0.0143 -6.75 1.004 0.015 0.015 1.062 9586.5 4.1828 13.790989 0.357945 13.90693 13.548985 "" "" 1729.01733 1825.22156 57352.3494 16.815 37380.0 38.74 30169.0 48.321 "" "" 0.002773647392194301 0.003008523 0.0041602696 0.0071687927 174.72009401327 -60.65900395052 1778.26367 -6.75 1.004 -0.014416694641113281 0.04233335638046265 0.06480538 0.06480538 "" "" 0.37695066770211144 "" 0.024428431638655542 ""
175.44980295073 -60.54949174883 0.0124 0.0114 26.8816 "" "" 5335824964954537088 1616.15588 0.5847 0.0161 -9.798 0.923 0.015 0.016 0.983 4728.4 3.0819 13.792648 1.523251 14.501291 12.978041 -4.55 1.71 1577.12427 1658.98914 57264.73218 8.9584 21622.0 16.67 51044.0 18.145 "" "" 0.0027605504318500757 0.0029130296 0.0037990378 0.0067120674 175.44980295073 -60.54949174883 1616.15588 -9.798000000000002 0.9230000000000003 -3.0624166946411133 -0.03866664361953731 0.06480538 0.06580538 "" "" 23.46175454545824 "" 1.5204517107944788 ""
174.44846457548 -60.75441524903 0.0113 0.0103 28.35 "" "" 5335805689137951104 2087.75952 0.4478 0.0134 -9.211 3.374 0.014 0.013 0.892 4806.4 3.0628 13.79422 1.489113 14.483219 12.994106 -4.22 1.64 2036.70264 2144.78931 57181.90777 7.8646 21985.0 12.243 50294.0 18.633 "" "" 0.002759363760505072 0.0028549288 0.0038007272 0.006655656 174.44846457548 -60.75441524903 2087.75952 -9.210999999999993 3.3739999999999997 -2.4754166946411136 2.4123333563804628 0.06380539 0.062805384 "" "" 34.20495109999262 "" 2.1658664831156056 ""
175.71628801616 -60.95432506689 0.0113 0.0121 12.6228 "" "" 5335036924350504448 1915.84851 0.4845 0.0152 -6.178 0.547 0.014 0.014 0.928 9655.0 3.9922 13.794596 0.381312 13.935352 13.55404 "" "" 1861.76587 1972.10376 57162.1361 21.005 36415.0 19.042 30029.0 16.058 "" "" 0.0027840555321441383 0.0028473474 0.003823718 0.0066710655 175.71628801616 -60.95432506689 1915.84851 -6.1780000000000035 0.5470000000000002 0.5575833053588868 -0.4146666436195373 0.06380539 0.06380539 "" "" 6.310220442942513 "" 0.40262605378297933 ""
175.38803473317 -61.07599874026 0.0105 0.0111 5.8735 "" "" 5335782633751653632 1866.39294 0.4971 0.0135 -6.621 0.893 0.014 0.015 0.929 "" "" 13.797896 0.645214 14.043951 13.398737 "" "" 1821.55444 1914.19958 56988.64901 11.101 32949.0 20.426 34647.0 15.232 "" "" 0.0027634252506699886 0.002870206 0.003809405 0.0066796113 175.38803473317 -61.07599874026 1866.39294 -6.620999999999997 0.8930000000000005 0.11458330535888628 -0.06866664361953734 0.06380539 0.06480538 "" "" 1.1817698570093393 "" 0.07571733740881652 ""
176.06147824232 -61.03375891918 0.0105 0.0119 22.6041 "" "" 5335023627130171520 1783.68701 0.5188 0.0141 -4.519 0.842 0.014 0.015 0.96 9183.8 4.0822 13.800812 0.48977 13.983276 13.493506 "" "" 1739.34314 1832.06042 56835.79799 21.193 34842.0 17.781 31751.0 13.117 "" "" 0.0027849045632207443 0.0028446547 0.0038059053 0.00665056 176.06147824232 -61.03375891918 1783.68701 -4.519000000000004 0.8420000000000005 2.2165833053588866 -0.11966664361953738 0.06380539 0.06480538 "" "" 18.7677852193811 "" 1.1975407556022666 ""
176.10567232698 -61.08999682872 0.0106 0.0115 24.4574 "" "" 5335023386611938048 1646.41748 0.5745 0.0144 -16.292 -0.591 0.014 0.015 0.999 4632.2 2.9266 13.801672 1.522687 14.502998 12.980311 21.72 1.61 1600.64868 1682.60339 56790.80889 8.881 21588.0 27.048 50937.0 42.425 "" "" 0.0027605465976612486 0.0031041214 0.0038860631 0.0069901845 176.10567232698 -61.08999682872 1646.41748 -16.292 -0.5909999999999996 -9.556416694641115 -1.5526666436195373 0.06380539 0.06480538 "" "" 75.55639458616955 "" 4.822862992157889 ""
175.99612160848 -61.07266693877 0.0106 0.0117 21.1241 "" "" 5335023317892443392 1702.4126 0.5492 0.0145 -10.945 2.891 0.014 0.014 1.049 6690.4 3.8964 13.80327 0.748407 14.045815 13.297408 "" "" 1674.99329 1741.0979 56707.24792 13.732 32892.0 129.47 38036.0 371.61 "" "" 0.0027678358027155322 0.00510387 0.011260762 0.016364632 175.99612160848 -61.07266693877 1702.4126 -10.945000000000002 2.890999999999998 -4.209416694641114 1.9293333563804627 0.06380539 0.06380539 "" "" 37.36550979857255 "" 2.3841207916300955 ""
175.48192274532 -60.53068471585 0.0144 0.0151 28.1671 "" "" 5335825102393489920 1894.86536 0.4933 0.019 -5.431 -3.572 0.018 0.021 1.354 6478.5 3.8075 13.811402 0.919122 14.184728 13.265606 10.45 6.55 1818.17236 1954.94629 56284.10261 8.2542 28942.0 20.685 39167.0 24.502 "" "" 0.0027599170771621545 0.0028960656 0.0038399291 0.0067359945 175.48192274532 -60.53068471585 1894.86536 -5.430999999999998 -3.572 1.3045833053588867 -4.533666643619537 0.06780538 0.070805386 "" "" 42.372193379136185 "" 2.990649576803605 ""
175.07948450325 -60.57364719069 0.011 0.0113 25.7604 "" "" 5335822525411636096 2276.44849 0.3984 0.0138 -8.273 0.792 0.014 0.014 1.019 9521.4 3.9498 13.812465 0.681939 14.045601 13.363662 "" "" 2214.89648 2345.8186 56229.08742 12.883 32899.0 73.311 35784.0 267.86 "" "" 0.0027665268599747265 0.0036930512 0.008963025 0.012656076 175.07948450325 -60.57364719069 2276.44849 -8.273 0.7920000000000004 -1.537416694641113 -0.16966664361953732 0.06380539 0.06380539 "" "" 16.690002903000035 "" 1.0649120846446776 ""
174.6998685617 -60.93721352126 0.0106 0.0107 17.4591 "" "" 5335799126428092672 2178.48096 0.4229 0.0133 -9.021 2.871 0.014 0.014 0.88 7060.0 3.7732 13.813458 0.789309 14.123505 13.334195 -26.79 9.9 2124.60425 2234.85498 56177.64027 9.6433 30621.0 15.542 36769.0 21.749 "" "" 0.002761616348714593 0.0028440699 0.0038335584 0.0066776285 174.6998685617 -60.93721352126 2178.48096 -9.020999999999994 2.8710000000000018 -2.285416694641114 1.9093333563804626 0.06380539 0.06380539 "" "" 30.751172842748947 "" 1.9620904662247989 ""
175.21577734863 -61.12171628438 0.0109 0.0108 8.1507 "" "" 5335781499880202752 1844.98767 0.5072 0.0133 -0.27 -1.545 0.015 0.014 0.924 "" "" 13.814907 1.515181 14.521073 13.005892 11.68 1.45 1802.94885 1885.5343 56102.72776 7.3391 21232.0 15.044 49751.0 23.193 "" "" 0.0027589784716970833 0.002894283 0.003813124 0.006707407 175.21577734863 -61.12171628438 1844.98767 -0.27 -1.5449999999999997 6.465583305358887 -2.5066666436195373 0.06480538 0.06380539 "" "" 60.64378606849883 "" 3.922172850318708 ""
174.7389212087 -61.06790407789 0.0446 0.0499 16.6515 "" "" 5335702231965951872 2167.43945 0.4869 0.0586 -4.324 0.514 0.055 0.059 3.482 6081.6 3.7985 13.815866 1.08162 13.993768 12.912147 -21.52 10.79 1888.87439 2690.07275 56053.18724 37.743 34507.0 291.61 54237.0 1062.2 "" "" 0.0028506589208308116 0.009590145 0.02159677 0.031186916 174.7389212087 -61.06790407789 2167.43945 -4.323999999999997 0.5140000000000003 2.411583305358887 -0.44766664361953734 0.10480538 0.10880539 "" "" 25.199055501976208 "" 2.644416110696054 ""
174.95875829499 -61.01555055096 0.0108 0.0105 9.7275 "" "" 5335786035365849728 1602.3125 0.5924 0.0131 -7.255 1.857 0.014 0.014 0.931 "" "" 13.821819 1.441327 14.479755 13.038428 9.96 1.9 1567.74976 1633.87756 55746.66361 7.7282 22055.0 16.807 48282.0 18.076 "" "" 0.0027594283078347572 0.0029102599 0.0038011782 0.0067114383 174.95875829499 -61.01555055096 1602.3125 -7.255 1.8569999999999993 -0.5194166946411132 0.8953333563804626 0.06380539 0.06380539 "" "" 7.861483898939828 "" 0.5016050180384181 ""
175.49975329086 -61.11034696272 0.0112 0.0113 9.4343 "" "" 5335031736029164032 1909.9812 0.4867 0.0143 -6.977 1.545 0.015 0.014 0.918 9339.3 4.2948 13.83029 0.369706 13.966296 13.59659 "" "" 1864.49353 1957.23657 55313.44391 16.785 35391.0 21.504 28875.0 14.262 "" "" 0.0027749485431173538 0.0028670996 0.0038172386 0.006684338 175.49975329086 -61.11034696272 1909.9812 -6.976999999999995 1.544999999999999 -0.2414166946411136 0.5833333563804626 0.06480538 0.06380539 "" "" 5.715499538041148 "" 0.36552101731126674 ""
174.69014035706 -60.70551424399 0.0119 0.0112 24.4779 "" "" 5335808128680150400 1899.81982 0.4894 0.0141 -8.61 1.084 0.015 0.014 0.901 9498.5 4.1578 13.831593 0.413656 13.982575 13.568919 "" "" 1857.66992 1960.76245 55247.14497 17.84 34865.0 24.522 29620.0 18.598 "" "" 0.0027775363721752083 0.0028927838 0.0038403734 0.006733157 174.69014035706 -60.70551424399 1899.81982 -8.61 1.084 -1.8744166946411127 0.12233335638046272 0.06480538 0.06380539 "" "" 16.915306500905338 "" 1.096131689172532 ""
