Clusters/ASCC_67/ASCC_67_stars_in_region.tsv
# %ECSV 1.0
# ---
# datatype:
# - name: RA_ICRS_1
#   unit: deg
#   datatype: float64
#   format: '{:15.11f}'
#   description: Right ascension (ICRS) at Ep=2016.0 (ra)
#   meta: !!omap
#   - {ucd: POS_EQ_RA_MAIN}
#   - {width: 15}
#   - {precision: '11'}
# - name: DE_ICRS_1
#   unit: deg
#   datatype: float64
#   format: '{:15.11f}'
#   description: Declination (ICRS) at Ep=2016.0 (dec)
#   meta: !!omap
#   - {ucd: POS_EQ_DEC_MAIN}
#   - {width: 15}
#   - {precision: '11'}
# - name: e_RA_ICRS
#   unit: mas
#   datatype: float64
#   format: '{:7.4f}'
#   description: Standard error of right ascension (ra_error)
#   meta: !!omap
#   - {ucd: ERROR}
#   - {width: 7}
#   - {precision: '4'}
# - name: e_DE_ICRS
#   unit: mas
#   datatype: float64
#   format: '{:7.4f}'
#   description: Standard error of declination (dec_error)
#   meta: !!omap
#   - {ucd: ERROR}
#   - {width: 7}
#   - {precision: '4'}
# - name: _r_1
#   unit: ''
#   datatype: float64
#   format: '{:7.4f}'
#   description: Distance from center (175.28921592000-60.99060297000)[ICRS], at Epoch=J2016.0
#   meta: !!omap
#   - {ucd: POS_ANG_DIST_GENERAL}
#   - {width: 7}
#   - {precision: '4'}
# - name: HIP
#   datatype: int32
#   description: '? HIP cross-id number, van Leeuwen, Cat. I/311 (hip_original_ext_source_id)'
#   meta: !!omap
#   - {ucd: ID_NUMBER}
#   - {width: 6}
#   - values: {'null': -2147483648}
# - name: TYC2
#   datatype: string
#   description: Tycho-2 cross-id name, Hog et al., Cat. I/259 (tyc2_original_ext_source_id)
#   meta: !!omap
#   - {ucd: ID_CROSSID}
#   - {_votable_string_dtype: char}
# - name: Source
#   datatype: int64
#   description: Source identifier, identical to the Gaia-EDR3 source_id (id)
#   meta: !!omap
#   - {ucd: ID_MAIN}
#   - {width: 19}
# - name: rgeo
#   unit: pc
#   datatype: float64
#   format: '{:15.8f}'
#   description: '? Median of the geometric distance posterior (r_med_geo)'
#   meta: !!omap
#   - {ucd: PHYS_DISTANCE_TRUE}
#   - {width: 15}
#   - {precision: '8'}
#   - values: {'null': .nan}
# - name: Plx
#   unit: mas
#   datatype: float64
#   format: '{:9.4f}'
#   description: '? Parallax (parallax)'
#   meta: !!omap
#   - {ucd: POS_PARLX_TRIG}
#   - {width: 9}
#   - {precision: '4'}
#   - values: {'null': .nan}
# - name: e_Plx
#   unit: mas
#   datatype: float32
#   format: '{:7.4f}'
#   description: '? Standard error of parallax (parallax_error)'
#   meta: !!omap
#   - {ucd: ERROR}
#   - {width: 7}
#   - {precision: '4'}
#   - values: {'null': .nan}
# - name: pmRA
#   unit: mas / yr
#   datatype: float64
#   format: '{:9.3f}'
#   description: '? Proper motion in right ascension direction, pmRA*cosDE (pmra)'
#   meta: !!omap
#   - {ucd: POS_EQ_PMRA}
#   - {width: 9}
#   - {precision: '3'}
#   - values: {'null': .nan}
# - name: pmDE
#   unit: mas / yr
#   datatype: float64
#   format: '{:9.3f}'
#   description: '? Proper motion in declination direction (pmdec)'
#   meta: !!omap
#   - {ucd: POS_EQ_PMDEC}
#   - {width: 9}
#   - {precision: '3'}
#   - values: {'null': .nan}
# - name: e_pmRA
#   unit: mas / yr
#   datatype: float32
#   format: '{:6.3f}'
#   description: '? Standard error of proper motion in right ascension direction (pmra_error)'
#   meta: !!omap
#   - {ucd: ERROR}
#   - {width: 6}
#   - {precision: '3'}
#   - values: {'null': .nan}
# - name: e_pmDE
[...]
#         value: !astropy.table.SerializedColumn {name: SkyCoord.dec}
#       distance: !astropy.table.SerializedColumn
#         __class__: astropy.coordinates.distances.Distance
#         unit: !astropy.units.Unit {unit: pc}
#         value: !astropy.table.SerializedColumn {name: SkyCoord.distance}
#       frame: icrs
#       obstime: !astropy.time.Time {format: jyear_str, in_subfmt: '*', jd1: 367701545.0, jd2: 0.0, out_subfmt: '*', precision: 3, scale: tt}
#       pm_dec: !astropy.table.SerializedColumn
#         __class__: astropy.units.quantity.Quantity
#         unit: !astropy.units.Unit {unit: mas / yr}
#         value: !astropy.table.SerializedColumn {name: SkyCoord.pm_dec}
#       pm_ra_cosdec: !astropy.table.SerializedColumn
#         __class__: astropy.units.quantity.Quantity
#         unit: !astropy.units.Unit {unit: mas / yr}
#         value: !astropy.table.SerializedColumn {name: SkyCoord.pm_ra_cosdec}
#       ra: !astropy.table.SerializedColumn
#         __class__: astropy.coordinates.angles.Longitude
#         unit: *id001
#         value: !astropy.table.SerializedColumn {name: SkyCoord.ra}
#         wrap_angle: !astropy.coordinates.Angle
#           unit: *id001
#           value: 360.0
#       representation_type: spherical
# schema: astropy-2.0
RA_ICRS_1 DE_ICRS_1 e_RA_ICRS e_DE_ICRS _r_1 HIP TYC2 Source rgeo Plx e_Plx pmRA pmDE e_pmRA e_pmDE RUWE Teff logg Gmag BP-RP BPmag RPmag RV e_RV b_rgeo B_rgeo FG e_FG FBP e_FBP FRP e_FRP RAVE5 RAVE6 e_Gmag e_BPmag e_RPmag e_BP-RP SkyCoord.ra SkyCoord.dec SkyCoord.distance SkyCoord.pm_ra_cosdec SkyCoord.pm_dec rmRA rmDE e_rmRA e_rmDE rRV e_rRV v_pec v_pec3d e_vpec e_vpec3d
[from data line 2006]
174.70417991173 -61.37942334578 0.0668 0.0659 28.818 "" "" 5335668903016418944 2005.76428 0.5259 0.0834 -3.132 0.752 0.091 0.089 3.211 11143.0 3.9809 15.47608 0.949511 15.823286 14.873775 "" "" 1679.21411 2431.74365 12148.27902 11.914 6398.9 10.582 8905.3 11.592 "" "" 0.002953909890225122 0.0033179645 0.0040349895 0.007352954 174.70417991173 -61.37942334578 2005.76428 -3.132000000000002 0.7520000000000007 3.6035833053588866 -0.20966664361953735 0.14080538 0.13880539 "" "" 34.31837021953588 "" 4.831981182585556 ""
175.49713731699 -61.39727087427 0.1759 0.1177 25.1296 "" "" 5334932058418980352 1648.62842 0.6359 0.0812 -6.613 2.175 0.397 0.21 1.469 "" "" 15.476418 "" "" "" "" "" 1421.38184 1883.79443 12144.4918 18.947 "" "" "" "" "" "" 0.003234355518765749 "" "" "" 175.49713731699 -61.39727087427 1648.62842 -6.613000000000002 2.175 0.12258330535888629 1.2133333563804625 0.4468054 0.25980538 "" "" 9.529858875402283 "" 2.500274963461171 ""
175.44844071364 -61.14233855313 0.0263 0.0263 10.2102 "" "" 5335030292893997568 1887.04089 0.5074 0.0318 -3.091 -0.371 0.036 0.035 1.207 "" "" 15.476769 0.931217 15.450956 14.519739 "" "" 1757.10925 1994.82556 12140.56209 7.5957 9016.4 91.514 12339.0 152.63 "" "" 0.002837819632619254 0.011367665 0.013951898 0.025319561 175.44844071364 -61.14233855313 1887.04089 -3.091 -0.37099999999999994 3.6445833053588865 -1.3326666436195373 0.08580539 0.084805384 "" "" 34.71023420757198 "" 2.9742525218302505 ""
174.74401090764 -60.8166266914 0.0376 0.0317 19.0264 "" "" 5335801084933329920 1675.6781 0.579 0.0409 -9.979 2.604 0.046 0.039 1.528 "" "" 15.477024 0.988398 15.72073 14.732332 "" "" 1571.45947 1779.94067 12137.72312 6.4568 7032.7 18.664 10144.0 19.493 "" "" 0.0028152044640434547 0.0040109404 0.004317026 0.008327967 174.74401090764 -60.8166266914 1675.6781 -9.979 2.604 -3.2434166946411125 1.6423333563804627 0.095805384 0.088805385 "" "" 28.8759018101349 "" 2.726434272597836 ""
174.71744144941 -60.63634598805 0.0234 0.0205 27.0493 "" "" 5335810190264624512 1914.15356 0.4856 0.0267 -8.108 1.748 0.028 0.025 1.045 5058.3 3.3867 15.477453 1.368206 16.006382 14.638176 "" "" 1822.76831 2015.66638 12132.92262 3.6857 5405.9 22.501 11063.0 181.1 "" "" 0.0027749903713846598 0.00531111 0.018170761 0.023481872 174.71744144941 -60.63634598805 1914.15356 -8.107999999999997 1.7479999999999998 -1.3724166946411138 0.7863333563804626 0.077805385 0.07480539 "" "" 14.351112008168505 "" 1.1061092779385482 ""
176.22563471325 -60.97427842296 0.0209 0.0209 27.2715 "" "" 5335048194345478656 2249.23291 0.4182 0.0268 -6.095 1.578 0.027 0.026 1.045 6596.0 4.0686 15.477794 1.008997 15.885279 14.876282 "" "" 2103.89136 2385.5437 12129.11678 3.2556 6043.7 10.356 8884.8 10.922 "" "" 0.0027706890263795953 0.0033535429 0.0040081306 0.0073616737 176.22563471325 -60.97427842296 2249.23291 -6.094999999999996 1.578 0.640583305358887 0.6163333563804627 0.07680538 0.07580538 "" "" 9.477309632260647 "" 0.7233680095595945 ""
175.11564856132 -61.1179914017 0.0202 0.0215 9.1555 "" "" 5335687972672722688 1934.09119 0.4913 0.0262 -7.987 0.218 0.027 0.027 1.032 6155.0 4.1243 15.478969 0.904247 15.846389 14.942142 "" "" 1832.60095 2021.06152 12115.99842 3.8188 6264.1 10.0 8361.8 9.7159 "" "" 0.0027764899994359537 0.0032847016 0.003984377 0.0072690784 175.11564856132 -61.1179914017 1934.09119 -7.987000000000001 0.21799999999999975 -1.2514166946411134 -0.7436666436195374 0.07680538 0.07680538 "" "" 13.345331191110073 "" 1.0249932729545959 ""
175.03556780184 -61.36635785935 0.0213 0.0205 23.709 "" "" 5335681444321597696 2246.89404 0.4179 0.0257 -5.379 2.417 0.027 0.024 1.044 5471.9 4.2051 15.479888 0.968348 15.850482 14.882134 "" "" 2113.42627 2416.09277 12105.75043 3.4386 6240.6 18.229 8837.0 20.378 "" "" 0.0027725259092070426 0.0042241304 0.004533454 0.008757584 175.03556780184 -61.36635785935 2246.89404 -5.378999999999999 2.416999999999997 1.3565833053588872 1.4553333563804625 0.07680538 0.073805384 "" "" 21.189271445497333 "" 1.5937519672479972 ""
175.85425331296 -61.10169083821 0.0515 0.0547 17.714 "" "" 5335033625815331200 1773.52014 0.5624 0.0685 -8.772 2.269 0.066 0.067 2.867 "" "" 15.480299 1.082701 15.803399 14.720698 "" "" 1521.27869 1996.09521 12101.16671 10.445 6517.1 100.06 10254.0 88.129 "" "" 0.0029103307263877334 0.016901694 0.010067768 0.026969463 175.85425331296 -61.10169083821 1773.52014 -8.771999999999993 2.268999999999999 -2.0364166946411135 1.3073333563804628 0.11580539 0.11680539 "" "" 20.34319712916297 "" 2.3618071558244504 ""
174.40319895226 -61.17227010744 0.0214 0.0208 27.922 "" "" 5335697868278130688 2005.41235 0.463 0.0263 -3.611 1.391 0.027 0.025 0.961 5525.3 4.245 15.480609 1.044744 15.920024 14.875279 "" "" 1915.65979 2124.00854 12097.71443 3.4519 5853.4 9.4637 8893.0 10.499 "" "" 0.0027726818159766434 0.0032964363 0.003990835 0.0072872713 174.40319895226 -61.17227010744 2005.41235 -3.611 1.391 3.1245833053588865 0.42933335638046266 0.07680538 0.07480539 "" "" 29.98027980841748 "" 2.3015499930936887 ""
175.73333157024 -60.74230779365 0.0225 0.0213 19.7544 "" "" 5335066297576381568 1937.70935 0.4854 0.0284 -6.676 1.877 0.028 0.026 1.002 5862.2 4.0861 15.482042 1.084291 15.930597 14.846306 "" "" 1839.26074 2033.74902 12081.74976 3.3374 5796.7 11.035 9133.5 13.811 "" "" 0.0027715952614012383 0.0034723266 0.0041205743 0.0075929007 175.73333157024 -60.74230779365 1937.70935 -6.675999999999997 1.8770000000000007 0.05958330535888656 0.9153333563804626 0.077805385 0.07580538 "" "" 8.42489394737667 "" 0.6387243256092152 ""
174.47202727659 -60.99703142303 0.048 0.048 23.7785 "" "" 5335706595652386304 1793.17261 0.5495 0.0586 -4.921 -7.601 0.055 0.056 2.552 6009.2 4.4498 15.4827 1.017399 15.818203 14.800804 "" "" 1604.90125 2026.62085 12074.42387 7.7934 6428.9 43.518 9524.4 70.87 "" "" 0.0028430422199542324 0.007861291 0.00891916 0.016780451 174.47202727659 -60.99703142303 1793.17261 -4.921 -7.600999999999992 1.8145833053588865 -8.562666643619536 0.10480538 0.10580538 "" "" 74.39585865564399 "" 7.868299248270867 ""
174.71872053695 -60.83284816139 0.0216 0.02 19.1445 "" "" 5335801428530685824 2073.33008 0.4444 0.0258 -15.279 2.16 0.028 0.026 0.96 5666.7 3.9217 15.482942 1.180526 15.938265 14.757739 "" "" 1980.59241 2210.61963 12071.74984 4.2057 5755.9 16.105 9909.7 64.464 "" "" 0.0027811636597755308 0.0041247807 0.0080104815 0.012135262 174.71872053695 -60.83284816139 2073.33008 -15.279 2.16 -8.543416694641113 1.1983333563804628 0.077805385 0.07580538 "" "" 84.78305212322307 "" 6.593347590846357 ""
174.97323414449 -61.24957509545 0.0218 0.0208 18.0356 "" "" 5335682509473833984 1686.80957 0.5646 0.026 -8.356 -1.091 0.027 0.028 1.044 5517.1 4.2963 15.48334 1.004177 15.895371 14.891194 "" "" 1613.04651 1755.45276 12067.31489 3.392 5987.8 9.324 8763.6 11.049 "" "" 0.002772170628622418 0.0032624255 0.004019646 0.0072820717 174.97323414449 -61.24957509545 1686.80957 -8.356 -1.0910000000000002 -1.6204166946411132 -2.0526666436195375 0.07680538 0.077805385 "" "" 20.90964945275981 "" 1.6188874694050437 ""
175.73024779544 -61.29331378445 0.0214 0.0203 22.2034 "" "" 5335025138959057664 1816.02661 0.5113 0.0273 -10.81 2.719 0.027 0.025 0.987 6174.1 4.264 15.48361 0.916416 15.852788 14.936372 "" "" 1736.34302 1906.21021 12064.32039 3.5759 6227.3 9.0488 8406.4 10.747 "" "" 0.0027740502066686355 0.003205321 0.0040262113 0.0072315326 175.73024779544 -61.29331378445 1816.02661 -10.81 2.7189999999999994 -4.074416694641114 1.7573333563804625 0.07680538 0.07480539 "" "" 38.19560495324487 "" 2.9217782481755648 ""
176.08794149635 -60.7664830861 0.0227 0.0204 26.9213 "" "" 5335056681201674624 2215.15845 0.4273 0.0284 -7.706 5.243 0.029 0.025 1.001 5539.7 3.7173 15.483644 1.250265 16.029009 14.778744 "" "" 2075.74951 2331.12939 12063.94725 3.5261 5294.4 10.036 9719.9 13.692 "" "" 0.0027735349730406713 0.003467111 0.0040771165 0.0075442274 176.08794149635 -60.7664830861 2215.15845 -7.705999999999997 5.242999999999998 -0.9704166946411137 4.281333356380463 0.07880539 0.07480539 "" "" 46.0936571331929 "" 3.457291855287332 ""
174.881323734 -60.63901586623 0.0367 0.0323 24.2369 "" "" 5335809674868638976 1892.83191 0.4986 0.0413 -3.599 1.328 0.045 0.04 1.669 6093.1 4.2617 15.483962 1.01998 15.869496 14.849516 "" "" 1763.51794 2028.55347 12060.40811 8.3515 6132.2 12.417 9106.5 15.387 "" "" 0.0028560560640188493 0.00355224 0.004201102 0.0077533424 174.881323734 -60.63901586623 1892.83191 -3.599 1.3280000000000005 3.1365833053588865 0.3663333563804627 0.09480539 0.08980538 "" "" 28.332784264924747 "" 2.6842438760485865 ""
174.85687531677 -60.80936658024 0.0218 0.0188 16.6554 "" "" 5335800913134670464 1696.19812 0.5516 0.0247 -8.696 1.14 0.028 0.024 0.999 6178.7 4.0146 15.484815 0.901578 15.849612 14.948034 "" "" 1617.56262 1770.56433 12050.93757 3.6409 6245.6 10.997 8316.6 9.9812 "" "" 0.002774777902132365 0.0033822658 0.0039977077 0.0073799733 174.85687531677 -60.80936658024 1696.19812 -8.696 1.1400000000000008 -1.960416694641113 0.17833335638046255 0.077805385 0.073805384 "" "" 15.826789002717483 "" 1.2309030952223594 ""
175.93396050426 -60.65600742753 0.0213 0.0215 27.5442 "" "" 5335070528178025088 1809.73486 0.5208 0.028 -10.394 0.383 0.028 0.027 0.994 5799.2 4.188 15.48495 1.110246 15.958323 14.848077 "" "" 1718.52563 1914.94263 12049.43272 3.3391 5650.5 9.3104 9118.6 9.3179 "" "" 0.0027716990438457195 0.0033144383 0.003938863 0.0072533013 175.93396050426 -60.65600742753 1809.73486 -10.394 0.3830000000000006 -3.6584166946411134 -0.5786666436195373 0.077805385 0.07680538 "" "" 31.772576148055293 "" 2.471306864931896 ""
175.53516178865 -60.8886025301 0.0231 0.022 9.4251 "" "" 5335041047519167104 2048.16602 0.4534 0.0288 -5.823 1.275 0.029 0.028 1.048 6617.0 4.3337 15.486112 0.884134 15.833931 14.949797 "" "" 1943.21326 2158.96484 12036.55066 3.9898 6336.4 11.866 8303.1 11.713 "" "" 0.002778724952414008 0.0034523997 0.0040779407 0.0075303405 175.53516178865 -60.8886025301 2048.16602 -5.823000000000004 1.2749999999999997 0.9125833053588863 0.31333335638046256 0.07880539 0.077805385 "" "" 9.367314304256771 "" 0.7372126044976868 ""
174.50338050353 -61.19093788242 0.0209 0.0206 25.7685 "" "" 5335697559040496256 1674.23157 0.5639 0.0258 -6.247 -0.295 0.028 0.028 0.967 6029.2 4.324 15.487188 0.911955 15.8604 14.948445 "" "" 1612.34448 1753.99133 12024.62572 3.4405 6183.8 9.4097 8313.4 10.686 "" "" 0.0027727773324565776 0.0032426205 0.004028824 0.0072714444 174.50338050353 -61.19093788242 1674.23157 -6.247 -0.29500000000000004 0.48858330535888683 -1.2566666436195373 0.077805385 0.077805385 "" "" 10.699951612593194 "" 0.8325138546302034 ""
175.22996201299 -60.91139809287 0.0207 0.0199 5.0561 "" "" 5335790502132854400 1586.31335 0.5963 0.0251 -7.04 1.514 0.028 0.028 1.007 5949.9 4.2853 15.487447 0.911744 15.85664 14.944896 "" "" 1516.79614 1653.69446 12021.76164 3.6915 6205.3 9.0939 8340.6 10.506 "" "" 0.002775417378589412 0.0032119795 0.0040192166 0.0072311964 175.22996201299 -60.91139809287 1586.31335 -7.04 1.5140000000000002 -0.3044166946411133 0.5523333563804627 0.077805385 0.077805385 "" "" 4.742068925442072 "" 0.3689584984099854 ""
174.58840262677 -61.22215276757 0.021 0.0207 24.613 "" "" 5335694329225069696 2069.43359 0.4538 0.0261 -6.733 0.919 0.028 0.029 1.052 5942.7 3.7882 15.487551 0.873197 15.789158 14.915961 "" "" 1944.44263 2187.40894 12020.60382 4.2391 6603.2 26.101 8565.9 49.755 "" "" 0.0027817966467390525 0.005118939 0.007352251 0.01247119 174.58840262677 -61.22215276757 2069.43359 -6.732999999999996 0.9189999999999997 0.002583305358887067 -0.042666643619537314 0.077805385 0.07880539 "" "" 0.41928844061386616 "" 0.033040666080130725 ""
175.59318665094 -60.64918422056 0.0206 0.0211 22.3318 "" "" 5335073448755632768 2019.0155 0.464 0.0267 -5.035 3.068 0.027 0.028 1.002 6634.8 4.2283 15.48924 0.923209 15.86035 14.93714 "" "" 1904.0769 2110.70142 12001.91972 3.4143 6184.1 11.465 8400.4 11.367 "" "" 0.0027725781993530553 0.0034404662 0.0040548947 0.007495361 175.59318665094 -60.64918422056 2019.0155 -5.035000000000003 3.0679999999999987 1.7005833053588866 2.1063333563804627 0.07680538 0.077805385 "" "" 25.90772082967025 "" 2.0055765781710595 ""
175.26688195338 -61.44457726526 0.0215 0.0209 27.2461 "" "" 5335677321152936320 2080.43481 0.4422 0.0255 -9.078 1.535 0.026 0.025 1.039 6277.8 4.272 15.489843 0.861855 15.829643 14.967789 "" "" 1980.80139 2201.84937 11995.24746 3.3935 6361.5 10.957 8166.6 11.47 "" "" 0.0027723881285132653 0.0033588968 0.0040754266 0.0074343234 175.26688195338 -61.44457726526 2080.43481 -9.078 1.5349999999999988 -2.3424166946411127 0.5733333563804626 0.07580538 0.07480539 "" "" 23.78103377034898 "" 1.801394549577289 ""
175.14735677998 -60.78378860985 0.0238 0.0206 13.0816 "" "" 5335795823540391936 1831.94666 0.5053 0.0265 1.499 0.998 0.03 0.028 1.017 6315.5 4.2495 15.491307 0.958435 15.831275 14.87284 "" "" 1754.07324 1947.89514 11979.09513 4.4318 6351.9 19.222 8913.0 45.768 "" "" 0.002784445434666265 0.0043105036 0.006735492 0.011045996 175.14735677998 -60.78378860985 1831.94666 1.499000000000001 0.9979999999999999 8.234583305358887 0.036333356380462645 0.07980538 0.077805385 "" "" 71.50510042502027 "" 5.706489076265849 ""
175.7239956136 -61.41304999596 0.0213 0.0209 28.2909 "" "" 5334929069138041856 1661.02698 0.572 0.0281 -9.015 1.448 0.026 0.026 0.98 5672.7 4.1963 15.492242 0.993603 15.896871 14.903268 "" "" 1597.3999 1720.43347 11968.78091 3.8008 5979.6 11.486 8666.6 10.64 "" "" 0.002776808721105744 0.0034834715 0.0040075565 0.007491028 175.7239956136 -61.41304999596 1661.02698 -9.015 1.448 -2.279416694641114 0.4863333563804626 0.07580538 0.07580538 "" "" 18.350391172772202 "" 1.391058393258035 ""
174.53149404288 -61.23767191814 0.0228 0.0204 26.4965 "" "" 5335694432304236160 2045.44446 0.4539 0.0255 0.54 -2.912 0.03 0.028 0.963 5666.9 3.9944 15.492542 1.086329 15.933268 14.846938 "" "" 1949.91797 2150.4231 11965.47559 3.5922 5782.4 15.097 9128.2 23.591 "" "" 0.002774533240205322 0.003977507 0.0047071525 0.008684659 174.53149404288 -61.23767191814 2045.44446 0.5400000000000005 -2.912 7.275583305358887 -3.8736666436195373 0.07980538 0.077805385 "" "" 79.91474261401623 "" 6.34267273205208 ""
174.61509141083 -61.21862688693 0.0214 0.0208 23.8572 "" "" 5335695806693837696 1821.72949 0.5099 0.0266 -10.86 2.58 0.029 0.03 1.083 6016.4 4.0174 15.492669 0.889569 15.853532 14.963963 "" "" 1754.39258 1908.50684 11964.07359 3.8332 6223.1 11.258 8195.5 12.005 "" "" 0.0027771923255877845 0.003412185 0.0041003847 0.0075125694 174.61509141083 -61.21862688693 1821.72949 -10.859999999999998 2.5800000000000005 -4.124416694641113 1.6183333563804627 0.07880539 0.07980538 "" "" 38.25783095905727 "" 3.0200555103914355 ""
174.4133267536 -61.08055294303 0.0207 0.0202 26.0156 "" "" 5335699964221997824 2287.70996 0.403 0.0255 -9.98 1.891 0.025 0.025 0.945 6884.3 4.299 15.492859 0.856399 15.834621 14.978223 "" "" 2167.96338 2440.97339 11961.97958 3.3563 6332.4 11.538 8088.5 10.303 "" "" 0.0027721098172211003 0.0034203243 0.004024475 0.007444799 174.4133267536 -61.08055294303 2287.70996 -9.979999999999993 1.891 -3.2444166946411137 0.9293333563804627 0.07480539 0.07480539 "" "" 36.59647565035056 "" 2.7376135006020266 ""
