Clusters/ASCC_67/ASCC_67_members.tsv
# %ECSV 1.0
# ---
# datatype:
# - name: RA_ICRS_1
#   unit: deg
#   datatype: float64
#   format: '{:15.11f}'
#   description: Right ascension (ICRS) at Ep=2016.0 (ra)
#   meta: !!omap
#   - {ucd: POS_EQ_RA_MAIN}
#   - {width: 15}
#   - {precision: '11'}
# - name: DE_ICRS_1
#   unit: deg
#   datatype: float64
#   format: '{:15.11f}'
#   description: Declination (ICRS) at Ep=2016.0 (dec)
#   meta: !!omap
#   - {ucd: POS_EQ_DEC_MAIN}
#   - {width: 15}
#   - {precision: '11'}
# - name: e_RA_ICRS
#   unit: mas
#   datatype: float64
#   format: '{:7.4f}'
#   description: Standard error of right ascension (ra_error)
#   meta: !!omap
#   - {ucd: ERROR}
#   - {width: 7}
#   - {precision: '4'}
# - name: e_DE_ICRS
#   unit: mas
#   datatype: float64
#   format: '{:7.4f}'
#   description: Standard error of declination (dec_error)
#   meta: !!omap
#   - {ucd: ERROR}
#   - {width: 7}
#   - {precision: '4'}
# - name: _r_1
#   unit: ''
#   datatype: float64
#   format: '{:7.4f}'
#   description: Distance from center (175.28921592000-60.99060297000)[ICRS], at Epoch=J2016.0
#   meta: !!omap
#   - {ucd: POS_ANG_DIST_GENERAL}
#   - {width: 7}
#   - {precision: '4'}
# - name: HIP
#   datatype: int32
#   description: '? HIP cross-id number, van Leeuwen, Cat. I/311 (hip_original_ext_source_id)'
#   meta: !!omap
#   - {ucd: ID_NUMBER}
#   - {width: 6}
#   - values: {'null': -2147483648}
# - name: TYC2
#   datatype: string
#   description: Tycho-2 cross-id name, Hog et al., Cat. I/259 (tyc2_original_ext_source_id)
#   meta: !!omap
#   - {ucd: ID_CROSSID}
#   - {_votable_string_dtype: char}
# - name: Source
#   datatype: int64
#   description: Source identifier, identical to the Gaia-EDR3 source_id (id)
#   meta: !!omap
#   - {ucd: ID_MAIN}
#   - {width: 19}
# - name: rgeo
#   unit: pc
#   datatype: float64
#   format: '{:15.8f}'
#   description: '? Median of the geometric distance posterior (r_med_geo)'
#   meta: !!omap
#   - {ucd: PHYS_DISTANCE_TRUE}
#   - {width: 15}
#   - {precision: '8'}
#   - values: {'null': .nan}
# - name: Plx
#   unit: mas
#   datatype: float64
#   format: '{:9.4f}'
#   description: '? Parallax (parallax)'
#   meta: !!omap
#   - {ucd: POS_PARLX_TRIG}
#   - {width: 9}
#   - {precision: '4'}
#   - values: {'null': .nan}
# - name: e_Plx
#   unit: mas
#   datatype: float32
#   format: '{:7.4f}'
#   description: '? Standard error of parallax (parallax_error)'
#   meta: !!omap
#   - {ucd: ERROR}
#   - {width: 7}
#   - {precision: '4'}
#   - values: {'null': .nan}
# - name: pmRA
#   unit: mas / yr
#   datatype: float64
#   format: '{:9.3f}'
#   description: '? Proper motion in right ascension direction, pmRA*cosDE (pmra)'
#   meta: !!omap
#   - {ucd: POS_EQ_PMRA}
#   - {width: 9}
#   - {precision: '3'}
#   - values: {'null': .nan}
# - name: pmDE
#   unit: mas / yr
#   datatype: float64
#   format: '{:9.3f}'
#   description: '? Proper motion in declination direction (pmdec)'
#   meta: !!omap
#   - {ucd: POS_EQ_PMDEC}
#   - {width: 9}
#   - {precision: '3'}
#   - values: {'null': .nan}
# - name: e_pmRA
#   unit: mas / yr
#   datatype: float32
#   format: '{:6.3f}'
#   description: '? Standard error of proper motion in right ascension direction (pmra_error)'
#   meta: !!omap
#   - {ucd: ERROR}
#   - {width: 6}
#   - {precision: '3'}
#   - values: {'null': .nan}
# - name: e_pmDE
#   unit: mas / yr
#   datatype: float32
#   format: '{:6.3f}'
#   description: '? Standard error of proper motion in declination direction (pmdec_error)'
#   meta: !!omap
#   - {ucd: ERROR}
#   - {width: 6}
#   - {precision: '3'}
#   - values: {'null': .nan}
# - name: RUWE
#   datatype: float64
#   format: '{:7.3f}'
#   description: '? Renormalised unit weight error (ruwe)'
#   meta: !!omap
#   - {ucd: ERROR}
#   - {width: 7}
#   - {precision: '3'}
#   - values: {'null': .nan}
# - name: Teff
#   unit: K
#   datatype: float64
#   format: '{:7.1f}'
#   description: '? Effective temperature from GSP-Phot Aeneas best library using BP/RP spectra (teff_gspphot)'
#   meta: !!omap
#   - {ucd: PHYS_TEMP_EFFEC}
#   - {width: 7}
#   - {precision: '1'}
#   - values: {'null': .nan}
# - name: logg
#   unit: log(cm.s**-2)
#   datatype: float64
#   format: '{:7.4f}'
#   description: '? Surface gravity from GSP-Phot Aeneas best library using BP/RP spectra (logg_gspphot)'
#   meta: !!omap
#   - {ucd: PHYS_GRAVITY_SURFACE}
#   - {width: 7}
#   - {precision: '4'}
#   - values: {'null': .nan}
# - name: Gmag
#   unit: mag
#   datatype: float64
#   format: '{:9.6f}'
#   description: '? G-band mean magnitude (phot_g_mean_mag)'
#   meta: !!omap
#   - {ucd: PHOT_MAG_OPTICAL}
#   - {width: 9}
#   - {precision: '6'}
#   - values: {'null': .nan}
# - name: BP-RP
#   unit: mag
#   datatype: float64
#   format: '{:9.6f}'
#   description: '? BP-RP colour (bp_rp)'
#   meta: !!omap
#   - {ucd: PHOT_CI_B-R}
#   - {width: 9}
#   - {precision: '6'}
#   - values: {'null': .nan}
# - name: BPmag
#   unit: mag
#   datatype: float64
#   format: '{:9.6f}'
#   description: '? Integrated BP mean magnitude (phot_bp_mean_mag)'
#   meta: !!omap
#   - {ucd: PHOT_MAG_B}
#   - {width: 9}
#   - {precision: '6'}
#   - values: {'null': .nan}
# - name: RPmag
#   unit: mag
#   datatype: float64
#   format: '{:9.6f}'
#   description: '? Integrated RP mean magnitude (phot_rp_mean_mag)'
#   meta: !!omap
#   - {ucd: PHOT_MAG_R}
#   - {width: 9}
#   - {precision: '6'}
#   - values: {'null': .nan}
# - name: RV
#   unit: km / s
#   datatype: float64
#   format: '{:7.2f}'
#   description: '? Radial velocity (radial_velocity)'
#   meta: !!omap
#   - {ucd: VELOC_BARYCENTER}
#   - {width: 7}
#   - {precision: '2'}
#   - values: {'null': .nan}
# - name: e_RV
#   unit: km / s
#   datatype: float32
#   format: '{:5.2f}'
#   description: '? Radial velocity error (radial_velocity_error)'
#   meta: !!omap
#   - {ucd: ERROR}
#   - {width: 5}
#   - {precision: '2'}
#   - values: {'null': .nan}
# - name: b_rgeo
#   unit: pc
#   datatype: float64
#   format: '{:14.8f}'
#   description: '? 16th percentile of the geometric distance posterior (r_lo_geo)'
#   meta: !!omap
#   - {ucd: ERROR}
#   - {width: 14}
#   - {precision: '8'}
#   - values: {'null': .nan}
# - name: B_rgeo
#   unit: pc
#   datatype: float64
#   format: '{:14.8f}'
#   description: '? 84th percentile of the geometric distance posterior (r_hi_geo)'
#   meta: !!omap
#   - {ucd: ERROR}
#   - {width: 14}
#   - {precision: '8'}
#   - values: {'null': .nan}
# - name: FG
#   unit: ''
#   datatype: float64
#   format: '{:16.5f}'
#   description: '? G-band mean flux (phot_g_mean_flux)'
#   meta: !!omap
#   - {ucd: PHOT_FLUX_OPTICAL}
#   - {width: 16}
#   - {precision: '5'}
#   - values: {'null': .nan}
# - name: e_FG
#   unit: ''
#   datatype: float32
#   format: '{:11.4g}'
#   description: '? Error on G-band mean flux (phot_g_mean_flux_error)'
#   meta: !!omap
#   - {ucd: ERROR}
#   - {width: 11}
#   - {precision: E4}
#   - values: {'null': .nan}
# - name: FBP
#   unit: ''
#   datatype: float32
#   format: '{:11.4g}'
#   description: '? Integrated BP mean flux (phot_bp_mean_flux)'
#   meta: !!omap
#   - {ucd: PHOT_FLUX_B}
#   - {width: 11}
#   - {precision: E4}
#   - values: {'null': .nan}
# - name: e_FBP
#   unit: ''
#   datatype: float32
#   format: '{:11.4g}'
#   description: '? Error on the integrated BP mean flux (phot_bp_mean_flux_error)'
#   meta: !!omap
#   - {ucd: ERROR}
#   - {width: 11}
#   - {precision: E4}
#   - values: {'null': .nan}
# - name: FRP
#   unit: ''
#   datatype: float32
#   format: '{:11.4g}'
#   description: '? Integrated RP mean flux (phot_rp_mean_flux)'
#   meta: !!omap
#   - {ucd: PHOT_FLUX_R}
#   - {width: 11}
#   - {precision: E4}
#   - values: {'null': .nan}
# - name: e_FRP
#   unit: ''
#   datatype: float32
#   format: '{:11.4g}'
#   description: '? Error on the integrated RP mean flux (phot_rp_mean_flux_error)'
#   meta: !!omap
#   - {ucd: ERROR}
#   - {width: 11}
#   - {precision: E4}
#   - values: {'null': .nan}
# - name: RAVE5
#   datatype: string
#   description: RAVE DR5 cross-id name, Kunder et al., Cat. III/279 (rave5_original_ext_source_id)
#   meta: !!omap
#   - {ucd: ID_CROSSID}
#   - {_votable_string_dtype: char}
# - name: RAVE6
#   datatype: string
#   description: RAVE DR6 cross-id name, Steinmetz et al., Cat. III/283 (rave6_original_ext_source_id)
#   meta: !!omap
#   - {ucd: ID_CROSSID}
#   - {_votable_string_dtype: char}
# - name: e_Gmag
#   unit: ''
#   datatype: float64
#   format: '{:11.4g}'
#   description: '? Error on G-band mean flux (phot_g_mean_flux_error)'
#   meta: !!omap
#   - {ucd: ERROR}
#   - {width: 11}
#   - {precision: E4}
#   - values: {'null': .nan}
# - name: e_BPmag
#   unit: ''
#   datatype: float32
#   format: '{:11.4g}'
#   description: '? Error on the integrated BP mean flux (phot_bp_mean_flux_error)'
#   meta: !!omap
#   - {ucd: ERROR}
#   - {width: 11}
#   - {precision: E4}
#   - values: {'null': .nan}
# - name: e_RPmag
#   unit: ''
#   datatype: float32
#   format: '{:11.4g}'
#   description: '? Error on the integrated RP mean flux (phot_rp_mean_flux_error)'
#   meta: !!omap
#   - {ucd: ERROR}
#   - {width: 11}
#   - {precision: E4}
#   - values: {'null': .nan}
# - name: e_BP-RP
#   unit: ''
#   datatype: float32
#   format: '{:11.4g}'
#   description: '? Error on the integrated BP mean flux (phot_bp_mean_flux_error)'
#   meta: !!omap
#   - {ucd: ERROR}
#   - {width: 11}
#   - {precision: E4}
#   - values: {'null': .nan}
# - name: SkyCoord.ra
#   unit: deg
#   datatype: float64
#   format: '{:15.11f}'
#   description: Right ascension (ICRS) at Ep=2016.0 (ra)
#   meta: !!omap
#   - {ucd: POS_EQ_RA_MAIN}
#   - {width: 15}
#   - {precision: '11'}
# - name: SkyCoord.dec
#   unit: deg
#   datatype: float64
#   format: '{:15.11f}'
#   description: Declination (ICRS) at Ep=2016.0 (dec)
#   meta: !!omap
#   - {ucd: POS_EQ_DEC_MAIN}
#   - {width: 15}
#   - {precision: '11'}
# - name: SkyCoord.distance
#   unit: pc
#   datatype: float64
#   format: '{:15.8f}'
#   description: '? Median of the geometric distance posterior (r_med_geo)'
#   meta: !!omap
#   - {ucd: PHYS_DISTANCE_TRUE}
#   - {width: 15}
#   - {precision: '8'}
#   - values: {'null': .nan}
# - {name: SkyCoord.pm_ra_cosdec, unit: mas / yr, datatype: float64}
# - {name: SkyCoord.pm_dec, unit: mas / yr, datatype: float64}
# - {name: rmRA, unit: mas / yr, datatype: float64}
# - {name: rmDE, unit: mas / yr, datatype: float64}
# - {name: e_rmRA, unit: mas / yr, datatype: float32}
# - {name: e_rmDE, unit: mas / yr, datatype: float32}
# - name: rRV
#   unit: km / s
#   datatype: float64
#   format: '{:7.2f}'
#   description: '? Radial velocity (radial_velocity)'
#   meta: !!omap
#   - {ucd: VELOC_BARYCENTER}
#   - {width: 7}
#   - {precision: '2'}
#   - values: {'null': .nan}
# - name: e_rRV
#   unit: km / s
#   datatype: float32
#   format: '{:5.2f}'
#   description: '? Radial velocity error (radial_velocity_error)'
#   meta: !!omap
#   - {ucd: ERROR}
#   - {width: 5}
#   - {precision: '2'}
#   - values: {'null': .nan}
# - {name: v_pec, unit: km / s, datatype: float64}
# - name: v_pec3d
#   unit: km / s
#   datatype: float64
#   format: '{:7.2f}'
#   description: '? Radial velocity (radial_velocity)'
#   meta: !!omap
#   - {ucd: VELOC_BARYCENTER}
#   - {width: 7}
#   - {precision: '2'}
#   - values: {'null': .nan}
# - {name: e_vpec, unit: km / s, datatype: float64}
# - name: e_vpec3d
#   unit: km / s
#   datatype: float64
#   format: '{:7.2f}'
#   description: '? Radial velocity (radial_velocity)'
#   meta: !!omap
#   - {ucd: VELOC_BARYCENTER}
#   - {width: 7}
#   - {precision: '2'}
#   - values: {'null': .nan}
# - {name: Pmemb, datatype: float64}
# meta: !!omap
# - {ID: I_352_gedr3dis}
# - {name: I/352/gedr3dis}
# - {description: Estimating distances from parallaxes (1467744818 sources)}
# - __serialized_columns__:
#     SkyCoord:
#       __class__: astropy.coordinates.sky_coordinate.SkyCoord
#       dec: !astropy.table.SerializedColumn
#         __class__: astropy.coordinates.angles.Latitude
#         unit: &id001 !astropy.units.Unit {unit: deg}
#         value: !astropy.table.SerializedColumn {name: SkyCoord.dec}
#       distance: !astropy.table.SerializedColumn
#         __class__: astropy.coordinates.distances.Distance
#         unit: !astropy.units.Unit {unit: pc}
#         value: !astropy.table.SerializedColumn {name: SkyCoord.distance}
#       frame: icrs
#       obstime: !astropy.time.Time {format: jyear_str, in_subfmt: '*', jd1: 367701545.0, jd2: 0.0, out_subfmt: '*', precision: 3, scale: tt}
#       pm_dec: !astropy.table.SerializedColumn
#         __class__: astropy.units.quantity.Quantity
#         unit: !astropy.units.Unit {unit: mas / yr}
#         value: !astropy.table.SerializedColumn {name: SkyCoord.pm_dec}
#       pm_ra_cosdec: !astropy.table.SerializedColumn
#         __class__: astropy.units.quantity.Quantity
#         unit: !astropy.units.Unit {unit: mas / yr}
#         value: !astropy.table.SerializedColumn {name: SkyCoord.pm_ra_cosdec}
#       ra: !astropy.table.SerializedColumn
#         __class__: astropy.coordinates.angles.Longitude
#         unit: *id001
#         value: !astropy.table.SerializedColumn {name: SkyCoord.ra}
#         wrap_angle: !astropy.coordinates.Angle
#           unit: *id001
#           value: 360.0
#       representation_type: spherical
# schema: astropy-2.0
RA_ICRS_1 DE_ICRS_1 e_RA_ICRS e_DE_ICRS _r_1 HIP TYC2 Source rgeo Plx e_Plx pmRA pmDE e_pmRA e_pmDE RUWE Teff logg Gmag BP-RP BPmag RPmag RV e_RV b_rgeo B_rgeo FG e_FG FBP e_FBP FRP e_FRP RAVE5 RAVE6 e_Gmag e_BPmag e_RPmag e_BP-RP SkyCoord.ra SkyCoord.dec SkyCoord.distance SkyCoord.pm_ra_cosdec SkyCoord.pm_dec rmRA rmDE e_rmRA e_rmDE rRV e_rRV v_pec v_pec3d e_vpec e_vpec3d Pmemb
174.85707007791 -61.02064047759 0.0152 0.0139 12.6968 "" 8972-1234-1 5335692370718945920 1944.02148 0.5035 0.0178 -6.758 1.106 0.019 0.018 0.815 15861.5 3.7047 10.663996 0.034325 10.664636 10.630311 "" "" 1877.58057 2034.24548 1021759.35261 231.28 740560.0 349.13 443640.0 158.53 "" "" 0.0027662588621089825 0.0028367322 0.0037992438 0.006635976 174.85707007791 -61.02064047759 1944.02148 -6.757999999999998 1.1060000000000003 -0.02241669464111329 0.14433335638046274 0.06880538 0.06780538 "" "" 1.3459282773150605 "" 0.09129310756126842 "" 0.8
175.08193248822 -60.91915443499 0.0152 0.0145 7.4052 "" 8972-1835-1 5335787650273724416 2097.46387 0.4486 0.0183 -6.778 1.044 0.021 0.02 0.845 14127.1 3.6804 11.118551 0.075915 11.135647 11.059731 "" "" 2015.73633 2178.74243 672243.11332 178.62 479910.0 259.29 298720.0 106.11 "" "" 0.0027703817122516346 0.0028511684 0.003799009 0.0066501773 175.08193248822 -60.91915443499 2097.46387 -6.778 1.0439999999999987 -0.04241669464111286 0.08233335638046269 0.070805386 0.06980538 "" "" 0.9207988681883679 "" 0.06447094073867662 "" 0.8
175.37295491178 -61.06041487131 0.0101 0.0114 4.8445 "" "" 5335782736830878976 1859.40479 0.5012 0.0131 -6.713 0.929 0.013 0.014 1.087 10750.2 3.9998 13.193795 0.252213 13.282245 13.030032 "" "" 1823.89795 1902.05676 99409.70889 31.108 66454.0 44.294 48657.0 18.27 "" "" 0.002776188717308628 0.0028824927 0.0038013062 0.006683799 175.37295491178 -61.06041487131 1859.40479 -6.713 0.929 0.02258330535888664 -0.032666643619537306 0.062805384 0.06380539 "" "" 0.3500128651564586 "" 0.02222012233099423 "" 0.8
175.36481130928 -61.03336406008 0.0105 0.011 3.3785 "" "" 5335783213515998720 1829.86694 0.5079 0.0129 -6.775 0.945 0.014 0.015 0.931 7982.0 4.1045 13.698107 0.541874 13.893585 13.351711 "" "" 1793.89441 1874.21387 62474.67616 16.976 37843.0 31.304 36180.0 47.061 "" "" 0.0027710698098981426 0.0029311574 0.004034628 0.0069657853 175.36481130928 -61.03336406008 1829.86694 -6.775 0.945 -0.039416694641113637 -0.016666643619537402 0.06380539 0.06480538 "" "" 0.3711895326947955 "" 0.023740563060255532 "" 0.8
175.14115227419 -61.03352233504 0.0106 0.0104 5.0167 "" "" 5335782427593459712 1913.75635 0.485 0.0132 -6.726 0.913 0.014 0.014 0.981 9462.5 4.1616 13.782761 0.357015 13.912577 13.555562 "" "" 1860.46765 1968.9801 57788.62739 20.751 37187.0 29.83 29987.0 20.021 "" "" 0.002782766396873701 0.00292294 0.003848273 0.0067712134 175.14115227419 -61.03352233504 1913.75635 -6.726 0.913 0.00958330535888674 -0.04866664361953732 0.06380539 0.06380539 "" "" 0.4499429236601589 "" 0.028708782112909857 "" 0.8
175.16937525564 -61.11261716295 0.011 0.0114 8.106 "" "" 5335781774758107392 1924.0509 0.4798 0.0139 -6.709 1.041 0.014 0.015 0.985 9328.5 4.019 13.852635 0.395803 13.997338 13.601536 "" "" 1874.33826 1980.94995 54186.66651 16.873 34394.0 25.45 28744.0 17.094 "" "" 0.00277598450232915 0.002903531 0.003834141 0.006737672 175.16937525564 -61.11261716295 1924.0509 -6.709 1.0409999999999997 0.026583305358887088 0.07933335638046257 0.06380539 0.06480538 "" "" 0.7630587697553797 "" 0.04937382164966904 "" 0.8
175.26777581732 -61.35142480079 0.0117 0.0113 21.6582 "" "" 5335678042707647360 1860.30713 0.4983 0.014 -6.674 0.949 0.014 0.014 0.978 "" "" 13.91191 0.425283 14.067599 13.642316 "" "" 1801.05884 1913.03491 51307.70387 20.044 32239.0 21.091 27684.0 14.681 "" "" 0.0027877765611867573 0.0028791612 0.0038229886 0.0067021498 175.26777581732 -61.35142480079 1860.30713 -6.674 0.9489999999999998 0.06158330535888634 -0.012666643619537399 0.06380539 0.06380539 "" "" 0.5544003652880213 "" 0.035373729540844785 "" 1.0
175.70463945568 -60.80708796998 0.0133 0.0131 16.3766 "" "" 5335064240345014016 1871.14612 0.4989 0.0166 -6.612 0.861 0.017 0.016 0.958 "" "" 14.193837 0.572207 14.398825 13.826617 "" "" 1820.25659 1919.81677 39574.1788 13.635 23762.0 21.434 23362.0 17.361 "" "" 0.0027805983542212817 0.00295706 0.0038645468 0.006821607 175.70463945568 -60.80708796998 1871.14612 -6.612 0.8609999999999999 0.12358330535888662 -0.10066664361953737 0.066805385 0.06580538 "" "" 1.413706893468837 "" 0.09388190804593627 "" 0.8
175.46766160517 -61.04401382549 0.0118 0.0126 6.0979 "" "" 5335032595022749952 1854.53845 0.5022 0.0153 -6.77 0.945 0.015 0.016 0.988 8323.7 4.0621 14.215125 0.516797 14.405474 13.888677 "" "" 1802.18591 1913.06482 38805.81801 12.634 23617.0 20.754 22064.0 16.921 "" "" 0.0027779020001445836 0.002948794 0.0038700185 0.0068188123 175.46766160517 -61.04401382549 1854.53845 -6.77 0.9449999999999998 -0.034416694641112855 -0.016666643619537402 0.06480538 0.06580538 "" "" 0.33614784141984194 "" 0.021848441892059582 "" 0.9
175.38971785812 -61.02566557542 0.0145 0.017 3.6011 "" "" 5335783183507848960 1894.62451 0.4866 0.0194 -6.791 0.909 0.018 0.021 1.219 9972.8 4.4292 14.290635 0.484102 14.451959 13.967856 "" "" 1835.74792 1966.81567 36198.68638 12.801 22627.0 66.631 20512.0 31.811 "" "" 0.002781943112822461 0.004243503 0.0041375053 0.008381008 175.38971785812 -61.02566557542 1894.62451 -6.791 0.909 -0.05541669464111365 -0.05266664361953732 0.06780538 0.070805386 "" "" 0.6865715097481729 "" 0.047541854988551256 "" 0.8
175.39863377668 -61.07562119579 0.0126 0.0132 6.0108 "" "" 5335782633751655296 1819.52124 0.509 0.016 -6.756 0.963 0.016 0.017 1.003 9089.3 4.3842 14.34777 0.533326 14.54237 14.009044 "" "" 1761.26099 1869.27258 34343.05254 10.045 20819.0 23.667 19749.0 16.576 "" "" 0.0027735605620529766 0.0030509757 0.0038876967 0.0069386726 175.39863377668 -61.07562119579 1819.52124 -6.756000000000001 0.9629999999999999 -0.02041669464111351 0.0013333563804626136 0.06580538 0.066805385 "" "" 0.17645951197492823 "" 0.011612740853366544 "" 0.8
174.83815943655 -61.07692444781 0.0134 0.0131 14.0928 "" "" 5335691717884464896 1954.01697 0.4771 0.0167 -6.765 0.935 0.017 0.017 0.939 7959.7 4.1307 14.489588 0.547239 14.693964 14.146725 "" "" 1892.98169 2010.61731 30137.81684 9.8511 18106.0 12.417 17397.0 12.159 "" "" 0.002778081774069564 0.0028878134 0.0038548098 0.006742623 174.83815943655 -61.07692444781 1954.01697 -6.764999999999995 0.9349999999999987 -0.02941669464111296 -0.0266666436195373 0.066805385 0.066805385 "" "" 0.3677452077137442 "" 0.024567360202770176 "" 1.0
