Clusters/ASCC_67/ASCC_67_stars_in_region.tsv
# %ECSV 1.0
# ---
# datatype:
# - name: RA_ICRS_1
#   unit: deg
#   datatype: float64
#   format: '{:15.11f}'
#   description: Right ascension (ICRS) at Ep=2016.0 (ra)
#   meta: !!omap
#   - {ucd: POS_EQ_RA_MAIN}
#   - {width: 15}
#   - {precision: '11'}
# - name: DE_ICRS_1
#   unit: deg
#   datatype: float64
#   format: '{:15.11f}'
#   description: Declination (ICRS) at Ep=2016.0 (dec)
#   meta: !!omap
#   - {ucd: POS_EQ_DEC_MAIN}
#   - {width: 15}
#   - {precision: '11'}
# - name: e_RA_ICRS
#   unit: mas
#   datatype: float64
#   format: '{:7.4f}'
#   description: Standard error of right ascension (ra_error)
#   meta: !!omap
#   - {ucd: ERROR}
#   - {width: 7}
#   - {precision: '4'}
# - name: e_DE_ICRS
#   unit: mas
#   datatype: float64
#   format: '{:7.4f}'
#   description: Standard error of declination (dec_error)
#   meta: !!omap
#   - {ucd: ERROR}
#   - {width: 7}
#   - {precision: '4'}
# - name: _r_1
#   unit: ''
#   datatype: float64
#   format: '{:7.4f}'
#   description: Distance from center (175.28921592000-60.99060297000)[ICRS], at Epoch=J2016.0
#   meta: !!omap
#   - {ucd: POS_ANG_DIST_GENERAL}
#   - {width: 7}
#   - {precision: '4'}
# - name: HIP
#   datatype: int32
#   description: '? HIP cross-id number, van Leeuwen, Cat. I/311 (hip_original_ext_source_id)'
#   meta: !!omap
#   - {ucd: ID_NUMBER}
#   - {width: 6}
#   - values: {'null': -2147483648}
# - name: TYC2
#   datatype: string
#   description: Tycho-2 cross-id name, Hog et al., Cat. I/259 (tyc2_original_ext_source_id)
#   meta: !!omap
#   - {ucd: ID_CROSSID}
#   - {_votable_string_dtype: char}
# - name: Source
#   datatype: int64
#   description: Source identifier, identical to the Gaia-EDR3 source_id (id)
#   meta: !!omap
#   - {ucd: ID_MAIN}
#   - {width: 19}
# - name: rgeo
#   unit: pc
#   datatype: float64
#   format: '{:15.8f}'
#   description: '? Median of the geometric distance posterior (r_med_geo)'
#   meta: !!omap
#   - {ucd: PHYS_DISTANCE_TRUE}
#   - {width: 15}
#   - {precision: '8'}
#   - values: {'null': .nan}
# - name: Plx
#   unit: mas
#   datatype: float64
#   format: '{:9.4f}'
#   description: '? Parallax (parallax)'
#   meta: !!omap
#   - {ucd: POS_PARLX_TRIG}
#   - {width: 9}
#   - {precision: '4'}
#   - values: {'null': .nan}
# - name: e_Plx
#   unit: mas
#   datatype: float32
#   format: '{:7.4f}'
#   description: '? Standard error of parallax (parallax_error)'
#   meta: !!omap
#   - {ucd: ERROR}
#   - {width: 7}
#   - {precision: '4'}
#   - values: {'null': .nan}
# - name: pmRA
#   unit: mas / yr
#   datatype: float64
#   format: '{:9.3f}'
#   description: '? Proper motion in right ascension direction, pmRA*cosDE (pmra)'
#   meta: !!omap
#   - {ucd: POS_EQ_PMRA}
#   - {width: 9}
#   - {precision: '3'}
#   - values: {'null': .nan}
# - name: pmDE
#   unit: mas / yr
#   datatype: float64
#   format: '{:9.3f}'
#   description: '? Proper motion in declination direction (pmdec)'
#   meta: !!omap
#   - {ucd: POS_EQ_PMDEC}
#   - {width: 9}
#   - {precision: '3'}
#   - values: {'null': .nan}
# - name: e_pmRA
#   unit: mas / yr
#   datatype: float32
#   format: '{:6.3f}'
#   description: '? Standard error of proper motion in right ascension direction (pmra_error)'
#   meta: !!omap
#   - {ucd: ERROR}
#   - {width: 6}
#   - {precision: '3'}
#   - values: {'null': .nan}
# - name: e_pmDE
[...]
#         value: !astropy.table.SerializedColumn {name: SkyCoord.dec}
#       distance: !astropy.table.SerializedColumn
#         __class__: astropy.coordinates.distances.Distance
#         unit: !astropy.units.Unit {unit: pc}
#         value: !astropy.table.SerializedColumn {name: SkyCoord.distance}
#       frame: icrs
#       obstime: !astropy.time.Time {format: jyear_str, in_subfmt: '*', jd1: 367701545.0, jd2: 0.0, out_subfmt: '*', precision: 3, scale: tt}
#       pm_dec: !astropy.table.SerializedColumn
#         __class__: astropy.units.quantity.Quantity
#         unit: !astropy.units.Unit {unit: mas / yr}
#         value: !astropy.table.SerializedColumn {name: SkyCoord.pm_dec}
#       pm_ra_cosdec: !astropy.table.SerializedColumn
#         __class__: astropy.units.quantity.Quantity
#         unit: !astropy.units.Unit {unit: mas / yr}
#         value: !astropy.table.SerializedColumn {name: SkyCoord.pm_ra_cosdec}
#       ra: !astropy.table.SerializedColumn
#         __class__: astropy.coordinates.angles.Longitude
#         unit: *id001
#         value: !astropy.table.SerializedColumn {name: SkyCoord.ra}
#         wrap_angle: !astropy.coordinates.Angle
#           unit: *id001
#           value: 360.0
#       representation_type: spherical
# schema: astropy-2.0
RA_ICRS_1 DE_ICRS_1 e_RA_ICRS e_DE_ICRS _r_1 HIP TYC2 Source rgeo Plx e_Plx pmRA pmDE e_pmRA e_pmDE RUWE Teff logg Gmag BP-RP BPmag RPmag RV e_RV b_rgeo B_rgeo FG e_FG FBP e_FBP FRP e_FRP RAVE5 RAVE6 e_Gmag e_BPmag e_RPmag e_BP-RP SkyCoord.ra SkyCoord.dec SkyCoord.distance SkyCoord.pm_ra_cosdec SkyCoord.pm_dec rmRA rmDE e_rmRA e_rmDE rRV e_rRV v_pec v_pec3d e_vpec e_vpec3d
[from data line 2955]
175.03501361144 -61.31087567313 0.0268 0.0262 20.5773 "" "" 5335682062797009280 2013.35437 0.4719 0.0319 -9.016 4.454 0.034 0.033 0.987 5874.4 4.055 16.022856 0.968073 16.423634 15.455561 "" "" 1886.82581 2145.72388 7341.83239 2.6591 3681.0 10.037 5211.2 7.2186 "" "" 0.0027832399914682043 0.004068108 0.004067635 0.008135743 175.03501361144 -61.31087567313 2013.35437 -9.016 4.454000000000001 -2.2804166946411133 3.4923333563804624 0.08380538 0.08280538 "" "" 39.80447569775403 "" 3.3079734964313663 ""
175.44760590936 -61.20275395447 0.0274 0.0254 13.5324 "" "" 5335029708804316032 1568.94092 0.6069 0.0324 3.004 0.286 0.035 0.031 1.066 5622.1 4.4904 16.023191 1.079137 16.473577 15.394441 "" "" 1497.77917 1651.39026 7339.55905 2.4834 3515.5 8.8164 5512.9 6.2197 "" "" 0.002779702944278009 0.003898605 0.003972933 0.007871538 175.44760590936 -61.20275395447 1568.94092 3.004 0.286 9.739583305358886 -0.6756666436195373 0.084805384 0.08080538 "" "" 72.605221580866 "" 6.155955371787586 ""
175.23102210225 -60.71053732461 0.0297 0.0256 16.8898 "" "" 5335817096573130880 1861.69177 0.5092 0.0344 -7.69 0.635 0.037 0.035 0.906 5620.0 4.418 16.023308 1.142274 16.434244 15.29197 "" "" 1761.5083 1986.15417 7338.77557 3.1412 3645.2 20.401 6058.6 34.138 "" "" 0.002794236746982603 0.006686483 0.007190988 0.013877471 175.23102210225 -60.71053732461 1861.69177 -7.69 0.6349999999999996 -0.9544166946411137 -0.32666664361953734 0.08680539 0.084805384 "" "" 8.901832807556397 "" 0.7708793996703912 ""
174.61313335747 -61.04556276549 0.0277 0.0249 19.9297 "" "" 5335703297117827584 2157.44678 0.442 0.0331 -7.538 2.103 0.034 0.033 0.97 4862.5 3.7105 16.023916 1.386582 16.656076 15.269494 "" "" 2014.48816 2326.58081 7334.66086 2.5804 2971.6 7.3456 6185.3 7.9088 "" "" 0.002781670695642459 0.0038714595 0.0040262914 0.007897751 174.61313335747 -61.04556276549 2157.44678 -7.537999999999999 2.1029999999999984 -0.8024166946411135 1.1413333563804628 0.08380538 0.08280538 "" "" 14.26747898273088 "" 1.1861624562682147 ""
175.07414322516 -61.27935911732 0.0272 0.0254 18.4113 "" "" 5335688037040825472 1793.54126 0.5275 0.032 -6.497 0.569 0.034 0.031 0.957 5273.7 4.3546 16.024712 1.034298 16.40976 15.375462 "" "" 1686.00684 1888.37 7329.2952 3.1395 3728.3 12.972 5610.1 57.67 "" "" 0.0027942948524968254 0.004696339 0.011783546 0.016479885 175.07414322516 -61.27935911732 1793.54126 -6.497000000000004 0.5690000000000001 0.23858330535888683 -0.3926666436195374 0.08380538 0.08080538 "" "" 3.9060983769458466 "" 0.3188358270104084 ""
175.01360694347 -60.97280462945 0.0267 0.0242 8.0925 "" "" 5335785863567217408 1967.44604 0.4949 0.0323 -1.13 3.016 0.037 0.034 0.969 5768.4 4.4294 16.02546 1.071487 16.46975 15.398263 "" "" 1840.60559 2103.28418 7324.25172 2.5558 3527.9 9.8746 5493.5 8.8958 "" "" 0.0027812461878201885 0.004125583 0.0041683186 0.008293902 175.01360694347 -60.97280462945 1967.44604 -1.13 3.016 5.605583305358887 2.0543333563804627 0.08680539 0.08380538 "" "" 55.675917361436326 "" 4.813495205423536 ""
174.99871941945 -61.27217113408 0.0386 0.0313 18.8739 "" "" 5335682406350874112 2146.89111 0.4369 0.0442 -6.323 0.783 0.049 0.037 1.151 "" "" 16.025537 0.701001 15.516569 14.815568 "" "" 1991.01746 2326.15234 7323.71919 8.2361 8487.7 1870.7 9395.7 1342.6 "" "" 0.0030137386640499125 0.2393139 0.15519246 0.39450637 174.99871941945 -61.27217113408 2146.89111 -6.322999999999997 0.7829999999999998 0.4125833053588863 -0.17866664361953732 0.09880538 0.08680539 "" "" 4.575322849148294 "" 0.4438482406366639 ""
174.99547327613 -61.09266581212 0.0379 0.0339 10.5033 "" "" 5335691133768849792 2050.16992 0.4671 0.0451 -6.675 0.99 0.05 0.044 1.487 5987.4 3.7185 16.025866 1.064712 16.206951 15.14224 "" "" 1901.16589 2235.35278 7321.5089 11.294 4494.0 39.846 6954.4 63.937 "" "" 0.003224415351464249 0.010022863 0.010673507 0.02069637 174.99547327613 -61.09266581212 2050.16992 -6.675 0.9899999999999992 0.060583305358886896 0.028333356380462638 0.099805385 0.09380539 "" "" 0.6499400178063118 "" 0.06418510233161188 ""
175.92920493299 -61.10156666381 0.028 0.0279 19.7455 "" "" 5335033488376418432 2173.81226 0.428 0.037 -8.424 -0.016 0.035 0.034 1.001 5668.2 4.2007 16.026249 1.094503 16.493008 15.398504 "" "" 2005.19165 2356.51343 7318.9235 2.9106 3453.1 8.6027 5492.3 7.3852 "" "" 0.00278894619426331 0.0038860634 0.0040515587 0.007937622 175.92920493299 -61.10156666381 2173.81226 -8.423999999999992 -0.015999999999999917 -1.6884166946411128 -0.9776666436195374 0.084805384 0.08380538 "" "" 20.103331186441345 "" 1.6998451295775898 ""
174.36835243939 -61.15067357893 0.0266 0.0267 28.4 "" "" 5335698624192400512 2191.58789 0.4359 0.0324 -7.29 2.819 0.035 0.033 1.017 5899.5 4.4569 16.026264 0.916474 16.382328 15.465854 "" "" 2035.59851 2344.93823 7318.81974 3.4772 3823.7 16.879 5162.0 13.12 "" "" 0.0028031906351856936 0.005545787 0.004679627 0.010225413 174.36835243939 -61.15067357893 2191.58789 -7.29 2.819 -0.5544166946411133 1.8573333563804626 0.084805384 0.08280538 "" "" 20.135461685127517 "" 1.6706557253594598 ""
175.4976761526 -61.21538149501 0.0264 0.0253 14.7791 "" "" 5335029468286143360 1895.39038 0.4977 0.0324 -7.398 1.364 0.033 0.031 1.0 5606.0 4.4495 16.026373 1.081372 16.478636 15.397264 "" "" 1770.8363 1994.80249 7318.08194 2.4184 3499.1 7.5934 5498.6 11.215 "" "" 0.0027785838959240227 0.0036519205 0.00438037 0.00803229 175.4976761526 -61.21538149501 1895.39038 -7.398 1.364 -0.662416694641113 0.40233335638046275 0.08280538 0.08080538 "" "" 6.962965834736883 "" 0.5728515080452399 ""
175.22469276095 -60.78276758458 0.0302 0.0261 12.6116 "" "" 5335793319631518720 2292.0957 0.4132 0.035 -2.887 1.412 0.039 0.036 0.987 6186.1 4.3596 16.026701 1.023333 16.403015 15.379682 "" "" 2135.92065 2470.66772 7315.8741 3.0155 3751.6 17.165 5588.4 55.688 "" "" 0.002791427614784886 0.0056976015 0.011460393 0.017157994 175.22469276095 -60.78276758458 2292.0957 -2.8869999999999982 1.411999999999999 3.8485833053588867 0.45033335638046257 0.088805385 0.08580539 "" "" 42.098341451304776 "" 3.736881982840682 ""
175.37929177863 -61.46194543894 0.0269 0.0257 28.3999 "" "" 5334926389077852800 2203.7876 0.423 0.0328 -6.563 1.651 0.033 0.031 1.031 6439.1 4.3711 16.027029 0.927128 16.401024 15.473896 "" "" 2050.77173 2439.89526 7313.67256 2.6341 3758.4 7.1393 5123.9 6.149 "" "" 0.002782930397123238 0.0034696716 0.003997675 0.0074673467 175.37929177863 -61.46194543894 2203.7876 -6.563 1.6510000000000005 0.172583305358887 0.6893333563804627 0.08280538 0.08080538 "" "" 7.42299074585694 "" 0.60070347477046 ""
174.88296545135 -60.98202808144 0.0269 0.0239 11.8335 "" "" 5335786310243454464 1991.90723 0.4698 0.0317 -7.049 2.204 0.035 0.032 0.99 5250.5 4.3386 16.027786 0.956105 16.400097 15.443992 "" "" 1889.90674 2116.76758 7308.56621 2.775 3761.6 13.548 5267.0 14.883 "" "" 0.0027859890761210457 0.004803819 0.0048678727 0.009671692 174.88296545135 -60.98202808144 1991.90723 -7.049 2.2040000000000006 -0.31341669464111366 1.2423333563804628 0.084805384 0.081805386 "" "" 12.09717760937677 "" 0.9918232144283489 ""
174.75767811217 -61.27150600827 0.0274 0.0252 22.8287 "" "" 5335694638463073536 1580.7666 0.6015 0.0329 -4.863 0.985 0.036 0.034 0.976 5101.2 4.4891 16.028034 0.979971 16.42697 15.446999 "" "" 1499.27014 1655.66797 7306.90033 2.5305 3669.7 9.6687 5252.4 10.861 "" "" 0.0027808580807834153 0.0039960304 0.004395932 0.008391962 174.75767811217 -61.27150600827 1580.7666 -4.863 0.9850000000000003 1.8725833053588863 0.023333356380462633 0.08580539 0.08380538 "" "" 14.032044478751075 "" 1.2040206912238423 ""
174.72609473133 -60.90971814108 0.0262 0.0246 17.1088 "" "" 5335798885909963264 2283.43188 0.4105 0.0322 -10.278 0.391 0.033 0.031 1.037 5358.2 4.3536 16.02805 0.979939 16.431871 15.451932 "" "" 2140.10791 2500.40454 7306.79332 2.5971 3653.2 7.8221 5228.6 11.782 "" "" 0.002782214227661429 0.0036317296 0.0045021595 0.008133889 174.72609473133 -60.90971814108 2283.43188 -10.277999999999993 0.39100000000000024 -3.5424166946411138 -0.5706666436195373 0.08280538 0.08080538 "" "" 38.83555390932057 "" 3.213851242516985 ""
175.52489611554 -60.58356365351 0.0286 0.0258 25.3787 "" "" 5335074239030140416 1727.94202 0.5479 0.0351 -7.488 1.703 0.035 0.037 0.965 5345.7 4.3755 16.02842 1.15863 16.531221 15.372591 "" "" 1614.3219 1845.60181 7304.31056 2.5523 3333.7 8.8913 5625.0 8.818 "" "" 0.002781316262035902 0.0040212553 0.00414496 0.008166215 175.52489611554 -60.58356365351 1727.94202 -7.488 1.703 -0.7524166946411137 0.7413333563804627 0.084805384 0.08680539 "" "" 8.651320418881514 "" 0.7422519236926234 ""
175.37885822012 -60.65434595013 0.0293 0.0264 20.3451 "" "" 5335818196084885760 2154.70923 0.4359 0.0346 -5.521 2.771 0.037 0.038 1.009 6034.7 4.3775 16.028728 1.022068 16.438398 15.41633 "" "" 1986.72192 2314.90479 7302.22252 2.9066 3631.3 11.444 5402.9 19.488 "" "" 0.0027890070333546433 0.004415085 0.005442457 0.009857542 175.37885822012 -60.65434595013 2154.70923 -5.520999999999997 2.770999999999999 1.2145833053588868 1.8093333563804626 0.08680539 0.08780538 "" "" 22.25684066960222 "" 1.9473837588560285 ""
175.3896763063 -60.8627681334 0.0291 0.0268 8.2103 "" "" 5335791601644357888 2208.65552 0.4253 0.0347 -8.799 1.814 0.035 0.034 1.028 5238.9 3.8946 16.02944 1.22922 16.564672 15.335452 "" "" 2026.69189 2357.46753 7297.44752 2.5545 3232.6 7.919 5820.7 9.0717 "" "" 0.002781409663035208 0.0038547865 0.0041409037 0.00799569 175.3896763063 -60.8627681334 2208.65552 -8.798999999999994 1.8139999999999983 -2.0634166946411128 0.8523333563804627 0.084805384 0.08380538 "" "" 23.372347826572096 "" 1.9787114553407545 ""
174.59856969472 -60.9412813087 0.0275 0.0251 20.3279 "" "" 5335705564860727040 1537.16516 0.6244 0.0327 -12.383 2.239 0.036 0.032 1.028 5579.1 4.5111 16.029572 1.054925 16.470062 15.415137 "" "" 1456.97229 1619.98474 7296.55471 3.2973 3526.9 9.7434 5408.8 9.875 "" "" 0.0027986638278831156 0.0040965537 0.0042676786 0.008364232 174.59856969472 -60.9412813087 1537.16516 -12.383000000000004 2.2390000000000008 -5.647416694641112 1.2773333563804625 0.08580539 0.081805386 "" "" 42.18738368287613 "" 3.6118746148510703 ""
175.04768349567 -61.33201674792 0.0281 0.0257 21.6446 "" "" 5335681616120366976 1876.23572 0.5013 0.0338 -6.635 1.344 0.037 0.032 1.054 5819.2 4.4146 16.031267 1.124425 16.508104 15.383679 "" "" 1767.37366 2008.81189 7285.17725 10.521 3405.5 21.481 5567.8 21.826 "" "" 0.003170230006377047 0.0073951017 0.0056919567 0.013087058 175.04768349567 -61.33201674792 1876.23572 -6.635 1.3440000000000005 0.10058330535888693 0.38233335638046273 0.08680539 0.081805386 "" "" 3.5159232878242452 "" 0.28879178120871507 ""
174.76906187876 -60.77408712564 0.0287 0.0254 19.9848 "" "" 5335807132248124032 1608.06189 0.5909 0.0335 -2.906 -1.09 0.036 0.032 0.958 6311.5 4.4535 16.031286 1.015121 16.458427 15.443307 "" "" 1527.10242 1710.4104 7285.04973 2.9393 3564.9 9.7646 5270.3 9.1361 "" "" 0.0027899261351308283 0.004077908 0.004222102 0.00830001 174.76906187876 -60.77408712564 1608.06189 -2.9059999999999993 -1.089999999999999 3.8295833053588866 -2.051666643619537 0.08580539 0.081805386 "" "" 33.115025296974466 "" 2.8124480720950262 ""
174.44972472115 -60.80984397443 0.0285 0.0244 26.7896 "" "" 5335803283956179072 1707.37012 0.5509 0.0329 -5.109 0.668 0.035 0.03 0.986 5794.3 4.4496 16.03188 0.981585 16.387589 15.406004 "" "" 1604.04248 1812.32483 7281.06055 2.9778 3805.2 12.137 5454.5 38.683 "" "" 0.002790871496366278 0.004447216 0.008577493 0.013024709 174.44972472115 -60.80984397443 1707.37012 -5.109 0.668 1.6265833053588867 -0.2936666436195373 0.084805384 0.07980538 "" "" 13.376651936030303 "" 1.1323612211575294 ""
175.74582626107 -61.05293763365 0.0345 0.0391 13.7899 "" "" 5335034690967279232 2166.87451 0.4461 0.0473 -9.967 -1.186 0.043 0.046 1.381 5062.5 4.3378 16.031908 1.261932 16.57615 15.314219 "" "" 1994.87988 2341.51074 7280.8709 3.8938 3198.6 6.2498 5935.7 11.795 "" "" 0.0028158380890888853 0.0035050751 0.0043518413 0.007856917 175.74582626107 -61.05293763365 2166.87451 -9.966999999999993 -1.1860000000000006 -3.231416694641114 -2.1476666436195373 0.092805386 0.095805384 "" "" 39.851589082445074 "" 3.7354783901493276 ""
176.00404531968 -60.72569687072 0.0294 0.0254 26.246 "" "" 5335068599678868352 1971.97827 0.4843 0.0354 -7.486 3.638 0.036 0.033 1.008 5928.4 4.3256 16.033243 1.193274 16.545113 15.351839 "" "" 1839.7218 2101.40063 7271.92856 2.5736 3291.3 6.7379 5733.5 10.978 "" "" 0.0027819846789577177 0.0035672756 0.004313402 0.0078806775 176.00404531968 -60.72569687072 1971.97827 -7.486 3.6380000000000003 -0.750416694641113 2.6763333563804625 0.08580539 0.08280538 "" "" 25.98092438760704 "" 2.157136593499383 ""
175.67247636022 -60.85808592972 0.0273 0.0283 13.7149 "" "" 5335063724948760576 1808.4375 0.5248 0.0358 -6.592 1.193 0.034 0.034 0.999 5802.1 4.4408 16.034811 1.053839 16.472893 15.419054 "" "" 1723.0614 1941.37817 7261.42949 8.9768 3517.7 15.513 5389.4 30.653 "" "" 0.0030648562800872432 0.005541728 0.0072400174 0.012781745 175.67247636022 -60.85808592972 1808.4375 -6.591999999999991 1.1929999999999994 0.14358330535888708 0.2313333563804627 0.08380538 0.08380538 "" "" 2.3339020031553175 "" 0.19559354951253188 ""
175.04233372569 -60.93737865986 0.0268 0.0244 7.8669 "" "" 5335787409755501696 2171.58276 0.4284 0.0316 -8.027 0.804 0.036 0.034 0.951 6300.3 4.2193 16.035158 0.877224 16.387913 15.510689 "" "" 2041.33203 2301.64771 7259.11422 2.436 3804.1 7.4166 4953.2 9.7817 "" "" 0.002779305638803635 0.0035022618 0.0043452336 0.007847495 175.04233372569 -60.93737865986 2171.58276 -8.027 0.804 -1.2914166946411125 -0.1576666436195373 0.08580539 0.08380538 "" "" 13.391645013521641 "" 1.1486864359041609 ""
174.60331295604 -61.07830416475 0.0284 0.0247 20.6131 "" "" 5335702781721687168 2304.22998 0.4032 0.0328 -3.179 0.391 0.038 0.034 0.975 5931.8 4.2962 16.035189 1.095121 16.487698 15.392576 "" "" 2091.91284 2504.40698 7258.90558 2.727 3470.1 7.5086 5522.4 10.746 "" "" 0.002785347377027587 0.0036475102 0.00432982 0.00797733 174.60331295604 -61.07830416475 2304.22998 -3.179 0.3909999999999996 3.556583305358887 -0.5706666436195373 0.08780538 0.08380538 "" "" 39.34204502819601 "" 3.4505813245696495 ""
175.97028908206 -60.95874258133 0.0267 0.0269 19.9191 "" "" 5335059258182692352 2166.15088 0.4409 0.0363 -4.924 5.27 0.032 0.033 1.013 6000.0 4.3779 16.03519 1.15183 16.520859 15.369029 "" "" 1983.62097 2297.17871 7258.88999 2.7246 3365.7 8.6292 5643.5 9.0911 "" "" 0.00278529496131508 0.0039413106 0.0041644643 0.008105775 175.97028908206 -60.95874258133 2166.15088 -4.924 5.27 1.8115833053588863 4.308333356380462 0.081805386 0.08280538 "" "" 47.98758101067621 "" 3.9664572138690803 ""
174.93212091411 -61.18238435029 0.026 0.0253 15.4828 "" "" 5335689690671985664 1596.95508 0.5965 0.0314 -5.631 0.534 0.033 0.033 1.002 5133.9 4.3485 16.036686 1.087018 16.436665 15.349647 "" "" 1521.8623 1698.60486 7248.90406 3.0246 3637.1 43.245 5745.1 45.733 "" "" 0.002792314258508471 0.013207452 0.009433048 0.0226405 174.93212091411 -61.18238435029 1596.95508 -5.631000000000001 0.534 1.1045833053588865 -0.4276666436195373 0.08280538 0.08280538 "" "" 8.966033297911936 "" 0.7424357963452365 ""
