Clusters/BH_54/BH_54_stars_in_region.tsv
# %ECSV 1.0
# ---
# datatype:
# - name: RA_ICRS_1
#   unit: deg
#   datatype: float64
#   format: '{:15.11f}'
#   description: Right ascension (ICRS) at Ep=2016.0 (ra)
#   meta: !!omap
#   - {ucd: POS_EQ_RA_MAIN}
#   - {width: 15}
#   - {precision: '11'}
# - name: DE_ICRS_1
#   unit: deg
#   datatype: float64
#   format: '{:15.11f}'
#   description: Declination (ICRS) at Ep=2016.0 (dec)
#   meta: !!omap
#   - {ucd: POS_EQ_DEC_MAIN}
#   - {width: 15}
#   - {precision: '11'}
# - name: e_RA_ICRS
#   unit: mas
#   datatype: float64
#   format: '{:7.4f}'
#   description: Standard error of right ascension (ra_error)
#   meta: !!omap
#   - {ucd: ERROR}
#   - {width: 7}
#   - {precision: '4'}
# - name: e_DE_ICRS
#   unit: mas
#   datatype: float64
#   format: '{:7.4f}'
#   description: Standard error of declination (dec_error)
#   meta: !!omap
#   - {ucd: ERROR}
#   - {width: 7}
#   - {precision: '4'}
# - name: _r_1
#   unit: ''
#   datatype: float64
#   format: '{:7.4f}'
#   description: Distance from center (132.39290818000-44.35420579000)[ICRS], at Epoch=J2016.0
#   meta: !!omap
#   - {ucd: POS_ANG_DIST_GENERAL}
#   - {width: 7}
#   - {precision: '4'}
# - name: HIP
#   datatype: int32
#   description: '? HIP cross-id number, van Leeuwen, Cat. I/311 (hip_original_ext_source_id)'
#   meta: !!omap
#   - {ucd: ID_NUMBER}
#   - {width: 6}
#   - values: {'null': -2147483648}
# - name: TYC2
#   datatype: string
#   description: Tycho-2 cross-id name, Hog et al., Cat. I/259 (tyc2_original_ext_source_id)
#   meta: !!omap
#   - {ucd: ID_CROSSID}
#   - {_votable_string_dtype: char}
# - name: Source
#   datatype: int64
#   description: Source identifier, identical to the Gaia-EDR3 source_id (id)
#   meta: !!omap
#   - {ucd: ID_MAIN}
#   - {width: 19}
# - name: rgeo
#   unit: pc
#   datatype: float64
#   format: '{:15.8f}'
#   description: '? Median of the geometric distance posterior (r_med_geo)'
#   meta: !!omap
#   - {ucd: PHYS_DISTANCE_TRUE}
#   - {width: 15}
#   - {precision: '8'}
#   - values: {'null': .nan}
# - name: Plx
#   unit: mas
#   datatype: float64
#   format: '{:9.4f}'
#   description: '? Parallax (parallax)'
#   meta: !!omap
#   - {ucd: POS_PARLX_TRIG}
#   - {width: 9}
#   - {precision: '4'}
#   - values: {'null': .nan}
# - name: e_Plx
#   unit: mas
#   datatype: float32
#   format: '{:7.4f}'
#   description: '? Standard error of parallax (parallax_error)'
#   meta: !!omap
#   - {ucd: ERROR}
#   - {width: 7}
#   - {precision: '4'}
#   - values: {'null': .nan}
# - name: pmRA
#   unit: mas / yr
#   datatype: float64
#   format: '{:9.3f}'
#   description: '? Proper motion in right ascension direction, pmRA*cosDE (pmra)'
#   meta: !!omap
#   - {ucd: POS_EQ_PMRA}
#   - {width: 9}
#   - {precision: '3'}
#   - values: {'null': .nan}
# - name: pmDE
#   unit: mas / yr
#   datatype: float64
#   format: '{:9.3f}'
#   description: '? Proper motion in declination direction (pmdec)'
#   meta: !!omap
#   - {ucd: POS_EQ_PMDEC}
#   - {width: 9}
#   - {precision: '3'}
#   - values: {'null': .nan}
# - name: e_pmRA
#   unit: mas / yr
#   datatype: float32
#   format: '{:6.3f}'
#   description: '? Standard error of proper motion in right ascension direction (pmra_error)'
#   meta: !!omap
#   - {ucd: ERROR}
#   - {width: 6}
#   - {precision: '3'}
#   - values: {'null': .nan}
# - name: e_pmDE
[...]
#         value: !astropy.table.SerializedColumn {name: SkyCoord.dec}
#       distance: !astropy.table.SerializedColumn
#         __class__: astropy.coordinates.distances.Distance
#         unit: !astropy.units.Unit {unit: pc}
#         value: !astropy.table.SerializedColumn {name: SkyCoord.distance}
#       frame: icrs
#       obstime: !astropy.time.Time {format: jyear_str, in_subfmt: '*', jd1: 367701545.0, jd2: 0.0, out_subfmt: '*', precision: 3, scale: tt}
#       pm_dec: !astropy.table.SerializedColumn
#         __class__: astropy.units.quantity.Quantity
#         unit: !astropy.units.Unit {unit: mas / yr}
#         value: !astropy.table.SerializedColumn {name: SkyCoord.pm_dec}
#       pm_ra_cosdec: !astropy.table.SerializedColumn
#         __class__: astropy.units.quantity.Quantity
#         unit: !astropy.units.Unit {unit: mas / yr}
#         value: !astropy.table.SerializedColumn {name: SkyCoord.pm_ra_cosdec}
#       ra: !astropy.table.SerializedColumn
#         __class__: astropy.coordinates.angles.Longitude
#         unit: *id001
#         value: !astropy.table.SerializedColumn {name: SkyCoord.ra}
#         wrap_angle: !astropy.coordinates.Angle
#           unit: *id001
#           value: 360.0
#       representation_type: spherical
# schema: astropy-2.0
RA_ICRS_1 DE_ICRS_1 e_RA_ICRS e_DE_ICRS _r_1 HIP TYC2 Source rgeo Plx e_Plx pmRA pmDE e_pmRA e_pmDE RUWE Teff logg Gmag BP-RP BPmag RPmag RV e_RV b_rgeo B_rgeo FG e_FG FBP e_FBP FRP e_FRP RAVE5 RAVE6 e_Gmag e_BPmag e_RPmag e_BP-RP SkyCoord.ra SkyCoord.dec SkyCoord.distance SkyCoord.pm_ra_cosdec SkyCoord.pm_dec rmRA rmDE e_rmRA e_rmDE rRV e_rRV v_pec v_pec3d e_vpec e_vpec3d
[from data line 121]
132.68476138833 -44.51412770587 0.0168 0.0189 15.7613 "" "" 5331545047171034624 2224.69312 0.4127 0.0204 -4.829 4.98 0.022 0.025 1.088 5643.0 3.1546 14.988954 2.366925 16.25327 13.886344 29.34 2.95 2130.61816 2307.2644 19026.7761 6.355 4306.4 11.01 22112.0 19.32 "" "" 0.0027790819584208076 0.003935789 0.0038966208 0.00783241 132.68476138833 -44.51412770587 2224.69312 -4.829000000000002 4.980000000000002 -0.03980636978149388 -0.37287094116210895 0.108302325 0.11130232 16.15 18.395 3.95428355773213 16.627052007344854 0.43998905350213646 17.86753008888369
132.65271290979 -44.3514818882 0.0162 0.0191 11.1476 "" "" 5331555870488611584 1815.01099 0.5171 0.0212 -5.352 4.337 0.021 0.025 1.088 "" "" 15.00198 1.649432 15.772463 14.123031 121.23 10.62 1745.63684 1892.27063 18799.86658 6.3453 6705.5 12.808 17781.0 17.277 "" "" 0.0027795825806158974 0.00347647 0.003923859 0.007400329 132.65271290979 -44.3514818882 1815.01099 -5.3519999999999985 4.336999999999996 -0.5628063697814945 -1.0158709411621096 0.10730232 0.11130232 108.04 26.065 9.991311264794918 108.5010041464595 1.1028005076075493 25.954453008903126
132.12854395048 -44.41748756298 0.0164 0.0192 11.9546 "" "" 5523694049964382848 2416.7395 0.3824 0.0208 -4.957 5.813 0.024 0.025 1.117 9242.8 3.7622 15.008983 1.241292 15.534325 14.293033 "" "" 2290.70361 2545.53271 18678.99919 4.1888 8350.0 16.315 15204.0 21.799 "" "" 0.0027660569599010595 0.0035050584 0.0040874225 0.0075924806 132.12854395048 -44.41748756298 2416.7395 -4.957 5.812999999999995 -0.167806369781494 0.46012905883789035 0.11030233 0.11130232 "" "" 5.610520401453554 "" 0.6238079624520134 ""
132.60982863647 -44.58899634177 0.0166 0.0192 16.8735 "" "" 5331544359976343680 2458.28271 0.3656 0.0211 1.171 5.034 0.021 0.024 1.063 "" "" 15.033115 2.543631 16.428543 13.884913 42.15 2.83 2333.41235 2593.00586 18268.4098 6.4232 3664.4 9.4407 22141.0 13.948 "" "" 0.0027816397619486524 0.0039508794 0.0038407743 0.0077916537 132.60982863647 -44.58899634177 2458.28271 1.1709999999999974 5.034000000000001 5.960193630218506 -0.31887094116210957 0.10730232 0.11030233 28.959999999999997 18.275002 69.54904668272971 75.33758354550879 7.46337806974401 9.839782812962307
132.2860756691 -44.48051179036 0.0163 0.0186 8.854 "" "" 5523681130708100480 2460.96631 0.3689 0.0202 -5.527 8.141 0.022 0.023 1.053 "" "" 15.042419 2.649353 16.518967 13.869614 5.23 2.42 2355.10547 2587.87915 18112.54732 6.3196 3371.6 11.369 22455.0 16.088 "" "" 0.002781239824610393 0.0046031117 0.0038586042 0.008461716 132.2860756691 -44.48051179036 2460.96631 -5.526999999999998 8.141 -0.7378063697814943 2.7881290588378906 0.108302325 0.10930233 -7.960000000000001 17.865002 33.64294762292182 34.571802451689734 3.675060174030363 5.450651100675919
132.07844136632 -44.22301780006 0.0173 0.0194 15.6326 "" "" 5523723285807919488 2201.73901 0.4107 0.0223 -6.136 1.013 0.023 0.024 1.056 6096.4 2.8343 15.047014 2.71247 16.571096 13.858626 85.33 3.59 2094.46338 2300.9375 18036.02804 6.7929 3213.5 11.111 22683.0 31.719 "" "" 0.0027854990888938453 0.00467738 0.0040729363 0.008750316 132.07844136632 -44.22301780006 2201.73901 -6.136000000000001 1.0130000000000003 -1.3468063697814943 -4.3398709411621095 0.10930233 0.11030233 72.14 19.035 47.42278292016703 86.33133811017461 5.226694710415153 16.163027099742273
132.181952562 -44.22337038434 0.0176 0.019 11.9882 "" "" 5523722740351222912 1706.40186 0.553 0.0219 -6.501 5.97 0.022 0.024 1.079 15006.2 4.5328 15.05903 1.714219 15.87724 14.163021 37.07 5.37 1656.08386 1768.24072 17837.53408 4.7649 6088.6 13.03 17138.0 13.921 "" "" 0.0027705427163530155 0.003630966 0.0038809185 0.0075118844 132.181952562 -44.22337038434 1706.40186 -6.5009999999999994 5.9700000000000015 -1.7118063697814945 0.6171290588378904 0.108302325 0.11030233 23.88 20.815 14.717963758020343 28.051254110688173 1.5974030484360024 17.7395959412982
132.52816900606 -44.42001181182 0.0163 0.0201 7.0161 "" "" 5523702949142020096 1810.76489 0.5157 0.0215 -4.376 3.093 0.024 0.024 1.003 "" "" 15.062556 1.557899 15.776362 14.218463 3.79 5.76 1750.02039 1873.67578 17779.6947 4.4982 6681.5 24.336 16284.0 13.834 "" "" 0.0027689786158708045 0.004839803 0.0038903106 0.0087301135 132.52816900606 -44.42001181182 1810.76489 -4.375999999999999 3.092999999999997 0.4131936302185055 -2.2598709411621094 0.11030233 0.11030233 -9.400000000000002 21.205002 19.71808048071046 21.8440540615467 2.1749502016822357 9.333814125128203
132.76445871409 -44.49170617913 0.0175 0.0198 17.932 "" "" 5331550750887663616 2202.49341 0.4224 0.0214 -3.523 3.545 0.024 0.026 0.978 "" "" 15.080545 1.401668 15.702839 14.30117 "" "" 2106.99268 2303.35547 17487.52974 5.0263 7149.6 10.943 15090.0 12.713 "" "" 0.0027729359181768412 0.0032475574 0.0038884985 0.007136056 132.76445871409 -44.49170617913 2202.49341 -3.523 3.545 1.2661936302185057 -1.8078709411621094 0.11030233 0.112302326 "" "" 23.042559406903727 "" 2.5726576717827867 ""
132.17585899494 -44.12755958949 0.0178 0.0197 16.4916 "" "" 5523725489130262912 1837.1897 0.5102 0.0226 -5.813 4.748 0.023 0.026 1.137 "" "" 15.090337 1.377195 15.698594 14.321399 "" "" 1756.47131 1911.67419 17330.54445 4.1233 7177.6 11.552 14811.0 15.643 "" "" 0.0027674028125450906 0.003292202 0.00394952 0.007241722 132.17585899494 -44.12755958949 1837.1897 -5.812999999999997 4.747999999999994 -1.0238063697814939 -0.6048709411621092 0.10930233 0.112302326 "" "" 10.355342591940223 "" 1.1399822065723313 ""
131.96620456213 -44.37128292588 0.0174 0.018 18.3324 "" "" 5523697520303334016 1818.55652 0.5099 0.021 -4.806 3.967 0.023 0.022 1.042 9724.2 4.3443 15.094792 1.203116 15.573826 14.37071 "" "" 1757.96741 1888.70593 17259.56066 5.282 8051.7 27.923 14154.0 101.24 "" "" 0.002775282632949785 0.0046864147 0.008636807 0.013323221 131.96620456213 -44.37128292588 1818.55652 -4.805999999999999 3.9669999999999987 -0.01680636978149419 -1.3858709411621093 0.10930233 0.108302325 "" "" 11.94702755791419 "" 1.2938926262994395 ""
132.27628146323 -44.06754249458 0.0172 0.0196 17.9162 "" "" 5523725351691271680 2036.4928 0.4579 0.022 -4.951 6.086 0.022 0.025 1.069 "" "" 15.095424 1.772417 15.942313 14.169896 "" "" 1955.66174 2114.66382 17249.52897 5.5091 5734.5 12.254 17029.0 15.435 "" "" 0.002777054409964156 0.0036287615 0.0039054055 0.007534167 132.27628146323 -44.06754249458 2036.4928 -4.951 6.086 -0.16180636978149376 0.7331290588378909 0.108302325 0.11130232 "" "" 7.247189930113288 "" 0.8056322037888899 ""
132.21395294899 -44.61002396953 0.0161 0.0176 17.1546 "" "" 5523675908027330944 2486.84253 0.3703 0.0201 -4.377 3.724 0.021 0.022 1.059 9180.4 3.6157 15.108119 1.430777 15.745299 14.314523 "" "" 2373.45654 2654.40942 17049.00671 4.5086 6875.4 11.61 14906.0 14.322 "" "" 0.0027702398136721547 0.0033386261 0.003920713 0.007259339 132.21395294899 -44.61002396953 2486.84253 -4.377 3.7240000000000024 0.4121936302185061 -1.6288709411621092 0.10730232 0.108302325 "" "" 19.805764688578225 "" 2.1438235697388013 ""
132.31469276183 -44.28164309266 0.0166 0.0184 5.4981 "" "" 5523719991572130816 1744.75793 0.5379 0.021 -4.209 2.15 0.021 0.024 1.033 7192.5 3.9396 15.10957 1.678387 15.903585 14.225199 26.62 9.98 1689.98486 1801.44434 17026.25081 4.7613 5942.7 9.706 16184.0 13.637 "" "" 0.0027719983223906132 0.0033059977 0.003888535 0.007194533 132.31469276183 -44.28164309266 1744.75793 -4.209 2.1499999999999995 0.5801936302185062 -3.2028709411621095 0.10730232 0.11030233 13.43 25.425 26.919323698911775 30.08346536565881 2.9667320660805876 11.656661543278963
132.07989760531 -44.34035377582 0.0234 0.0261 13.456 "" "" 5523698482375987200 2030.48682 0.4682 0.0295 -2.644 3.526 0.031 0.032 1.479 7610.0 3.8089 15.112622 1.836599 16.004658 14.168058 41.02 5.96 1899.12268 2157.78613 16978.44546 5.859 5414.4 9.8011 17058.0 18.616 "" "" 0.0027806775486828687 0.0034128882 0.003960773 0.007373661 132.07989760531 -44.34035377582 2030.48682 -2.6440000000000006 3.5260000000000016 2.1451936302185057 -1.8268709411621096 0.11730233 0.11830233 27.830000000000002 21.405 27.118769669000315 38.85790226402207 3.1925228578380858 15.491307811436943
132.35454815793 -44.14469446896 0.0162 0.0179 12.6783 "" "" 5523721812638220416 1970.33093 0.4728 0.0204 -6.038 4.78 0.021 0.024 0.969 "" "" 15.11587 1.813726 15.997551 14.183825 52.11 5.95 1896.49646 2051.16577 16927.72104 4.7127 5450.0 13.342 16812.0 16.116 "" "" 0.0027718507882099905 0.003853545 0.003920072 0.0077736173 132.35454815793 -44.14469446896 1970.33093 -6.038 4.78 -1.2488063697814944 -0.5728709411621091 0.10730232 0.11030233 38.92 21.395 12.831689080087651 40.98071064108138 1.3836394384522115 20.323773319671254
132.67094935326 -44.23042423597 0.0188 0.0195 14.0623 "" "" 5523711504716666752 2331.34082 0.398 0.0225 -3.55 3.593 0.024 0.024 1.083 "" "" 15.122472 1.12021 15.587254 14.467044 "" "" 2215.97729 2452.42358 16825.11415 4.1513 7952.7 16.566 12952.0 12.746 "" "" 0.0027683122003289234 0.0035916786 0.003927512 0.0075191907 132.67094935326 -44.23042423597 2331.34082 -3.5499999999999985 3.5929999999999964 1.239193630218506 -1.7598709411621094 0.11030233 0.11030233 "" "" 23.78501237838197 "" 2.6235422621377 ""
132.56416800521 -44.2673180225 0.0173 0.0207 9.0134 "" "" 5523710473924545024 2426.09937 0.3663 0.0236 -7.648 5.326 0.022 0.026 1.012 "" "" 15.12325 2.645261 16.595783 13.950522 43.82 3.25 2276.52979 2557.66479 16813.05202 7.3918 3141.3 12.472 20842.0 19.473 "" "" 0.0027963624566362867 0.0051349252 0.003913154 0.009048079 132.56416800521 -44.2673180225 2426.09937 -7.648 5.325999999999999 -2.858806369781494 -0.02687094116210975 0.108302325 0.112302326 30.63 18.695 32.87689930332327 44.93425650659926 3.5606564655929382 13.007249893249435
132.42256943334 -44.34678127721 0.1556 0.1907 1.3483 "" "" 5523706934871539072 2236.04517 0.4903 0.2133 -5.1 1.664 0.211 0.242 10.405 8604.3 2.9833 15.128777 1.488272 15.684634 14.196362 72.86 6.4 1557.31592 3158.82715 16727.67571 33.429 7270.5 15.109 16619.0 20.517 "" "" 0.003507086593582364 0.0035883023 0.004010036 0.0075983386 132.42256943334 -44.34678127721 2236.04517 -5.1 1.664000000000001 -0.3108063697814938 -3.6888709411621097 0.2973023 0.32830232 59.67 21.845001 39.23633579188736 71.4142769085688 12.873208659418182 19.574960467829452
132.51800465139 -44.49333394216 0.0187 0.0219 9.9206 "" "" 5331548758022545280 2437.021 0.3675 0.025 -4.672 3.128 0.025 0.028 1.067 6938.1 3.3693 15.129066 2.501815 16.4941 13.992286 30.0 3.73 2309.13306 2598.37622 16723.23038 7.0131 3449.7 11.833 20056.0 15.109 "" "" 0.0027926874641148263 0.004653496 0.0038668767 0.008520373 132.51800465139 -44.49333394216 2437.021 -4.672000000000001 3.1279999999999997 0.11719363021850615 -2.2248709411621093 0.11130232 0.11430232 16.81 19.175001 25.73618066799511 30.739666481204463 2.9414943835932297 10.771171907362955
132.24778441282 -44.5174109513 0.0171 0.019 11.5994 "" "" 5523680958908861696 1922.77844 0.4835 0.0206 -5.744 4.162 0.023 0.023 1.024 9172.4 3.7404 15.133779 1.5286 15.831201 14.302601 "" "" 1846.00977 1991.47632 16650.81028 5.0817 6352.4 12.413 15070.0 12.982 "" "" 0.0027751734682791426 0.0035051717 0.0038933945 0.007398566 132.24778441282 -44.5174109513 1922.77844 -5.744000000000002 4.162 -0.9548063697814939 -1.1908709411621095 0.10930233 0.10930233 "" "" 13.911360028580342 "" 1.5205440233713572 ""
132.65216484094 -44.41109156994 0.0188 0.0214 11.6293 "" "" 5331555114574372480 2336.74146 0.3968 0.0231 -4.609 5.984 0.025 0.029 1.051 8672.8 4.058 15.142009 1.766577 15.973352 14.206776 "" "" 2215.98389 2456.09595 16525.06077 75.941 5572.8 77.193 16461.0 184.37 "" "" 0.005699733242078705 0.015295974 0.012734449 0.028030422 132.65216484094 -44.41109156994 2336.74146 -4.608999999999996 5.983999999999995 0.18019363021850587 0.6311290588378906 0.11130232 0.115302324 "" "" 7.269819766345144 "" 0.8360705983384555 ""
132.30109195084 -44.24421422561 0.2728 0.3016 7.6876 "" "" 5523720300811246080 2046.33337 0.6927 0.3455 0.325 19.818 0.351 0.393 11.687 "" "" 15.1427 1.200455 15.403859 14.203404 32.94 4.72 1240.02576 3635.10425 16514.55408 36.669 9416.1 15.897 16512.0 12.526 "" "" 0.003661095597066084 0.0033384173 0.0038680884 0.0072065056 132.30109195084 -44.24421422561 2046.33337 0.3249999999999993 19.818000000000016 5.114193630218506 14.465129058837892 0.43730235 0.47930235 19.749999999999996 20.165 148.81725352563345 150.1220751485692 70.66128634806107 70.09733574057593
132.61867451187 -44.30783007123 0.0186 0.022 10.0812 "" "" 5523709752366552192 1873.27966 0.5026 0.0247 -7.829 7.396 0.025 0.029 1.164 8375.8 4.0631 15.142784 1.476792 15.754772 14.27798 "" "" 1798.6709 1966.4978 16513.26441 6.374 6815.7 22.436 15416.0 41.693 "" "" 0.002787009633035919 0.0045341817 0.004786041 0.009320223 132.61867451187 -44.30783007123 1873.27966 -7.829 7.396 -3.039806369781494 2.0431290588378905 0.11130232 0.115302324 "" "" 32.52168553031241 "" 3.660714638336465 ""
132.72060359753 -44.52174524453 0.0171 0.0191 17.2665 "" "" 5331550647808457984 1968.37085 0.4748 0.0213 -4.629 5.524 0.023 0.025 0.985 9060.5 3.8577 15.153491 1.659779 15.93471 14.274931 78.45 5.84 1881.23853 2048.52759 16351.22838 4.7141 5774.7 16.168 15459.0 16.319 "" "" 0.002773043669375027 0.0041262205 0.003949349 0.008075569 132.72060359753 -44.52174524453 1968.37085 -4.629 5.524 0.1601936302185063 0.17112905883789065 0.10930233 0.11130232 65.26 21.285 2.1870457489981434 65.29663673657481 0.2413903075426774 21.273058763653207
132.36240665211 -44.30258972963 0.0169 0.0184 3.3623 "" "" 5523708137462386816 2143.59839 0.4292 0.0213 -4.843 5.255 0.021 0.025 1.022 "" "" 15.161777 1.687609 15.95224 14.264631 "" "" 2039.16846 2228.9519 16226.90371 5.9267 5682.3 10.586 15607.0 15.868 "" "" 0.0027837104629907746 0.0034462116 0.003937297 0.0073835086 132.36240665211 -44.30258972963 2143.59839 -4.842999999999999 5.255 -0.05380636978149411 -0.09787094116210948 0.10730232 0.11130232 "" "" 1.134806886180444 "" 0.12526776686736 ""
132.08840426506 -44.337722575 0.036 0.0421 13.103 "" "" 5523698482375984640 2064.62305 0.446 0.0446 -4.397 5.62 0.047 0.051 2.249 9752.4 3.4362 15.166502 1.222097 15.66334 14.441242 "" "" 1887.55762 2279.57642 16156.44381 9.3591 7414.5 10.987 13264.0 15.271 "" "" 0.00282619198256116 0.0032207947 0.0039807386 0.0072015333 132.08840426506 -44.337722575 2064.62305 -4.397 5.62 0.3921936302185056 0.26712905883789073 0.13330233 0.13730232 "" "" 4.643848256918704 "" 0.6249821186857699 ""
132.47057449141 -44.45092435669 0.0183 0.021 6.6903 "" "" 5523702674264000768 2011.50647 0.4619 0.0233 -4.747 5.147 0.028 0.027 1.086 9470.4 3.5928 15.175079 1.628577 15.932163 14.303586 "" "" 1916.82507 2091.48535 16029.3163 4.9583 5788.3 12.91 15056.0 13.72 "" "" 0.0027757130512228736 0.003694471 0.003906741 0.007601212 132.47057449141 -44.45092435669 2011.50647 -4.747000000000001 5.147000000000001 0.04219363021850597 -0.20587094116210913 0.11430232 0.11330233 "" "" 2.0036865421353407 "" 0.22710346320959565 ""
132.40883749662 -44.35687509845 0.0175 0.0206 0.7019 "" "" 5523706831792332160 2039.47412 0.4541 0.0231 -4.622 5.07 0.023 0.027 1.073 "" "" 15.178202 1.370762 15.77562 14.404859 "" "" 1965.78333 2138.26196 15983.27944 5.161 6686.0 15.149 13716.0 13.494 "" "" 0.0027775346331498957 0.00371979 0.003927429 0.007647219 132.40883749662 -44.35687509845 2039.47412 -4.621999999999999 5.07 0.16719363021850597 -0.2828709411621091 0.10930233 0.11330233 "" "" 3.176489661232388 "" 0.3566574851901967 ""
