Clusters/BH_54/BH_54_stars_in_region.tsv
# %ECSV 1.0
# ---
# datatype:
# - name: RA_ICRS_1
#   unit: deg
#   datatype: float64
#   format: '{:15.11f}'
#   description: Right ascension (ICRS) at Ep=2016.0 (ra)
#   meta: !!omap
#   - {ucd: POS_EQ_RA_MAIN}
#   - {width: 15}
#   - {precision: '11'}
# - name: DE_ICRS_1
#   unit: deg
#   datatype: float64
#   format: '{:15.11f}'
#   description: Declination (ICRS) at Ep=2016.0 (dec)
#   meta: !!omap
#   - {ucd: POS_EQ_DEC_MAIN}
#   - {width: 15}
#   - {precision: '11'}
# - name: e_RA_ICRS
#   unit: mas
#   datatype: float64
#   format: '{:7.4f}'
#   description: Standard error of right ascension (ra_error)
#   meta: !!omap
#   - {ucd: ERROR}
#   - {width: 7}
#   - {precision: '4'}
# - name: e_DE_ICRS
#   unit: mas
#   datatype: float64
#   format: '{:7.4f}'
#   description: Standard error of declination (dec_error)
#   meta: !!omap
#   - {ucd: ERROR}
#   - {width: 7}
#   - {precision: '4'}
# - name: _r_1
#   unit: ''
#   datatype: float64
#   format: '{:7.4f}'
#   description: Distance from center (132.39290818000-44.35420579000)[ICRS], at Epoch=J2016.0
#   meta: !!omap
#   - {ucd: POS_ANG_DIST_GENERAL}
#   - {width: 7}
#   - {precision: '4'}
# - name: HIP
#   datatype: int32
#   description: '? HIP cross-id number, van Leeuwen, Cat. I/311 (hip_original_ext_source_id)'
#   meta: !!omap
#   - {ucd: ID_NUMBER}
#   - {width: 6}
#   - values: {'null': -2147483648}
# - name: TYC2
#   datatype: string
#   description: Tycho-2 cross-id name, Hog et al., Cat. I/259 (tyc2_original_ext_source_id)
#   meta: !!omap
#   - {ucd: ID_CROSSID}
#   - {_votable_string_dtype: char}
# - name: Source
#   datatype: int64
#   description: Source identifier, identical to the Gaia-EDR3 source_id (id)
#   meta: !!omap
#   - {ucd: ID_MAIN}
#   - {width: 19}
# - name: rgeo
#   unit: pc
#   datatype: float64
#   format: '{:15.8f}'
#   description: '? Median of the geometric distance posterior (r_med_geo)'
#   meta: !!omap
#   - {ucd: PHYS_DISTANCE_TRUE}
#   - {width: 15}
#   - {precision: '8'}
#   - values: {'null': .nan}
# - name: Plx
#   unit: mas
#   datatype: float64
#   format: '{:9.4f}'
#   description: '? Parallax (parallax)'
#   meta: !!omap
#   - {ucd: POS_PARLX_TRIG}
#   - {width: 9}
#   - {precision: '4'}
#   - values: {'null': .nan}
# - name: e_Plx
#   unit: mas
#   datatype: float32
#   format: '{:7.4f}'
#   description: '? Standard error of parallax (parallax_error)'
#   meta: !!omap
#   - {ucd: ERROR}
#   - {width: 7}
#   - {precision: '4'}
#   - values: {'null': .nan}
# - name: pmRA
#   unit: mas / yr
#   datatype: float64
#   format: '{:9.3f}'
#   description: '? Proper motion in right ascension direction, pmRA*cosDE (pmra)'
#   meta: !!omap
#   - {ucd: POS_EQ_PMRA}
#   - {width: 9}
#   - {precision: '3'}
#   - values: {'null': .nan}
# - name: pmDE
#   unit: mas / yr
#   datatype: float64
#   format: '{:9.3f}'
#   description: '? Proper motion in declination direction (pmdec)'
#   meta: !!omap
#   - {ucd: POS_EQ_PMDEC}
#   - {width: 9}
#   - {precision: '3'}
#   - values: {'null': .nan}
# - name: e_pmRA
#   unit: mas / yr
#   datatype: float32
#   format: '{:6.3f}'
#   description: '? Standard error of proper motion in right ascension direction (pmra_error)'
#   meta: !!omap
#   - {ucd: ERROR}
#   - {width: 6}
#   - {precision: '3'}
#   - values: {'null': .nan}
# - name: e_pmDE
[...]
#         value: !astropy.table.SerializedColumn {name: SkyCoord.dec}
#       distance: !astropy.table.SerializedColumn
#         __class__: astropy.coordinates.distances.Distance
#         unit: !astropy.units.Unit {unit: pc}
#         value: !astropy.table.SerializedColumn {name: SkyCoord.distance}
#       frame: icrs
#       obstime: !astropy.time.Time {format: jyear_str, in_subfmt: '*', jd1: 367701545.0, jd2: 0.0, out_subfmt: '*', precision: 3, scale: tt}
#       pm_dec: !astropy.table.SerializedColumn
#         __class__: astropy.units.quantity.Quantity
#         unit: !astropy.units.Unit {unit: mas / yr}
#         value: !astropy.table.SerializedColumn {name: SkyCoord.pm_dec}
#       pm_ra_cosdec: !astropy.table.SerializedColumn
#         __class__: astropy.units.quantity.Quantity
#         unit: !astropy.units.Unit {unit: mas / yr}
#         value: !astropy.table.SerializedColumn {name: SkyCoord.pm_ra_cosdec}
#       ra: !astropy.table.SerializedColumn
#         __class__: astropy.coordinates.angles.Longitude
#         unit: *id001
#         value: !astropy.table.SerializedColumn {name: SkyCoord.ra}
#         wrap_angle: !astropy.coordinates.Angle
#           unit: *id001
#           value: 360.0
#       representation_type: spherical
# schema: astropy-2.0
RA_ICRS_1 DE_ICRS_1 e_RA_ICRS e_DE_ICRS _r_1 HIP TYC2 Source rgeo Plx e_Plx pmRA pmDE e_pmRA e_pmDE RUWE Teff logg Gmag BP-RP BPmag RPmag RV e_RV b_rgeo B_rgeo FG e_FG FBP e_FBP FRP e_FRP RAVE5 RAVE6 e_Gmag e_BPmag e_RPmag e_BP-RP SkyCoord.ra SkyCoord.dec SkyCoord.distance SkyCoord.pm_ra_cosdec SkyCoord.pm_dec rmRA rmDE e_rmRA e_rmDE rRV e_rRV v_pec v_pec3d e_vpec e_vpec3d
[from data line 277]
132.22534462784 -44.20027439228 0.0275 0.0314 11.7097 "" "" 5523722843430416512 2327.27832 0.4028 0.0356 -5.099 2.651 0.035 0.041 0.997 "" "" 16.185312 2.118931 17.267164 15.148233 "" "" 2170.19849 2503.37427 6321.52015 2.9861 1692.6 12.54 6916.2 9.9502 "" "" 0.0028026460394477135 0.008514084 0.0040894565 0.01260354 132.22534462784 -44.20027439228 2327.27832 -5.099000000000002 2.6510000000000016 -0.30980636978149434 -2.7018709411621096 0.12130232 0.12730232 "" "" 30.000442354255945 "" 3.8168443266261636 ""
132.28922166897 -44.12781875521 0.0276 0.0309 14.2957 "" "" 5523724905014683520 2061.25391 0.4532 0.0355 -4.876 5.623 0.037 0.042 1.053 "" "" 16.195784 2.608509 17.628487 15.019978 "" "" 1923.91748 2247.97754 6260.84647 3.0452 1213.5 9.8759 7783.4 11.117 "" "" 0.0028054709698361645 0.009266171 0.0040851636 0.013351334 132.28922166897 -44.12781875521 2061.25391 -4.875999999999999 5.622999999999999 -0.08680636978149447 0.27012905883789085 0.123302326 0.12830232 "" "" 2.7721798832775115 "" 0.35440271819070823 ""
132.72217035864 -44.53572851376 0.028 0.0317 17.8198 "" "" 5331550579088983168 1702.44263 0.5695 0.0347 -6.629 7.903 0.038 0.043 1.073 "" "" 16.200098 1.816754 17.083687 15.266932 "" "" 1602.92871 1816.37378 6236.01859 2.8472 2004.2 9.6647 6199.9 9.1387 "" "" 0.0027995581675033508 0.0059327236 0.0041042604 0.010036984 132.72217035864 -44.53572851376 1702.44263 -6.628999999999998 7.9030000000000005 -1.8398063697814937 2.55012905883789 0.12430233 0.12930232 "" "" 25.375000515046594 "" 3.2381741867937492 ""
132.59026893624 -44.13530432154 0.0327 0.0376 15.6354 "" "" 5523715902763173888 2196.03125 0.4471 0.0428 -5.342 4.322 0.044 0.046 1.072 "" "" 16.222399 1.762522 17.062578 15.300056 "" "" 2012.8031 2381.10449 6109.24149 3.8161 2043.6 9.6255 6013.6 18.162 "" "" 0.002837559239746912 0.005825544 0.005003615 0.010829158 132.59026893624 -44.13530432154 2196.03125 -5.3420000000000005 4.322 -0.5528063697814938 -1.0308709411621093 0.13030232 0.13230233 "" "" 12.176035317848621 "" 1.605511044434042 ""
132.60410978124 -44.451024473 0.0284 0.0328 10.7569 "" "" 5331549135979901312 1909.11108 0.5087 0.0367 -4.899 5.353 0.04 0.042 1.027 7783.3 4.0843 16.233961 2.002635 17.234259 15.231624 "" "" 1784.20618 2032.42847 6044.52337 3.0502 1744.7 7.9927 6404.8 10.362 "" "" 0.002809264846201425 0.005703046 0.0041676397 0.009870686 132.60410978124 -44.451024473 1909.11108 -4.899 5.353 -0.10980636978149416 0.00012905883789038342 0.12630233 0.12830232 "" "" 0.9936590074701028 "" 0.12550145231129442 ""
132.25741149003 -44.50470635759 0.0271 0.0313 10.7353 "" "" 5523680993268600832 2146.59106 0.4376 0.034 -6.229 5.495 0.036 0.038 1.039 9272.5 3.9752 16.240805 1.553336 16.952728 15.399392 "" "" 2015.44849 2354.95312 6006.54366 2.4968 2261.1 8.6626 5487.8 9.4618 "" "" 0.002792038332183206 0.005008734 0.0042175837 0.0092263175 132.25741149003 -44.50470635759 2146.59106 -6.229000000000001 5.494999999999999 -1.4398063697814942 0.14212905883789073 0.12230232 0.12430233 "" "" 14.721005912685351 "" 1.8006996572190577 ""
132.05579019128 -44.45481797591 0.0286 0.0324 15.6608 "" "" 5523693122256134912 2153.28833 0.4495 0.0356 -1.927 1.003 0.041 0.038 1.035 7574.1 4.0695 16.241627 1.851942 17.147215 15.295273 "" "" 1995.14709 2342.43774 6002.00522 2.5548 1890.3 7.1373 6040.2 11.223 "" "" 0.00279380992232926 0.0049589 0.0042840913 0.009242991 132.05579019128 -44.45481797591 2153.28833 -1.927 1.003 2.862193630218506 -4.349870941162109 0.12730232 0.12430233 "" "" 53.14636388708092 "" 6.654792667078121 ""
132.47009225979 -44.50668683005 0.0292 0.0331 9.7282 "" "" 5523700818838148224 2365.40283 0.3941 0.0379 -6.159 4.828 0.037 0.041 0.971 "" "" 16.243658 1.774087 17.098965 15.324878 "" "" 2188.34058 2599.5332 5990.78501 3.0944 1976.2 11.128 5877.7 9.6538 "" "" 0.0028118141977022124 0.006720378 0.004178965 0.010899343 132.47009225979 -44.50668683005 2365.40283 -6.159000000000001 4.828 -1.369806369781494 -0.5248709411621091 0.123302326 0.12730232 "" "" 16.44713884650843 "" 2.03651159524365 ""
132.64903281883 -44.22789778801 0.0292 0.032 13.3579 "" "" 5523712260630915584 2473.88892 0.3685 0.0363 -6.51 7.383 0.039 0.041 1.033 "" "" 16.245083 1.844571 17.123968 15.279397 "" "" 2254.23584 2686.77319 5982.92525 3.0344 1931.2 18.547 6129.1 18.54 "" "" 0.0028098070886466812 0.010794123 0.0050070034 0.015801126 132.64903281883 -44.22789778801 2473.88892 -6.51 7.383000000000001 -1.720806369781494 2.0301290588378906 0.12530233 0.12730232 "" "" 31.207203322039515 "" 3.9467746199087714 ""
132.53579839378 -44.10993600165 0.0292 0.0327 15.8915 "" "" 5523716899195795712 1696.91736 0.5644 0.0377 -4.883 3.295 0.042 0.042 1.032 7982.6 4.1147 16.245218 1.625944 17.009256 15.383312 "" "" 1580.8313 1806.39417 5982.18363 5.0488 2146.4 10.111 5569.7 12.348 "" "" 0.002903696478395135 0.005826123 0.0044808174 0.01030694 132.53579839378 -44.10993600165 1696.91736 -4.883 3.295 -0.09380636978149415 -2.0578709411621094 0.12830232 0.12830232 "" "" 16.569443212504265 "" 2.125898019157322 ""
132.27195426633 -44.38674192806 0.0277 0.0332 5.5429 "" "" 5523706041518396928 1850.74731 0.5135 0.0362 -3.023 5.493 0.041 0.044 0.989 7230.5 4.0911 16.250484 1.754449 17.093987 15.339538 "" "" 1730.69934 1978.11877 5953.23473 2.6326 1985.3 7.9861 5798.9 8.6803 "" "" 0.002796839535786342 0.005182673 0.0041140104 0.009296684 132.27195426633 -44.38674192806 1850.74731 -3.0229999999999997 5.493 1.7661936302185057 0.14012905883789095 0.12730232 0.13030232 "" "" 15.542697339911332 "" 1.9789165043959618 ""
132.61880392576 -44.40416660635 0.0274 0.0323 10.1404 "" "" 5331555252013327104 1726.92371 0.5561 0.0356 -8.344 9.639 0.036 0.041 1.008 8528.3 4.1674 16.255495 1.989114 17.2508 15.261685 "" "" 1627.33545 1851.80347 5925.82135 3.0193 1718.3 11.51 6229.9 11.596 "" "" 0.0028103059308425076 0.007789635 0.0042857775 0.012075413 132.61880392576 -44.40416660635 1726.92371 -8.343999999999998 9.639000000000003 -3.5548063697814936 4.28612905883789 0.12230232 0.12730232 "" "" 45.58114439452969 "" 5.7108041317860865 ""
132.12244998631 -44.38047231551 0.0275 0.0338 11.7071 "" "" 5523695252561821696 1890.49109 0.508 0.036 -4.121 3.128 0.04 0.039 0.992 7509.0 4.1977 16.265625 1.521426 16.962965 15.441539 "" "" 1754.05334 2018.11206 5870.79381 2.6802 2239.9 8.2515 5278.9 8.4172 "" "" 0.0027995500473399805 0.0048767547 0.004157018 0.009033773 132.12244998631 -44.38047231551 1890.49109 -4.121 3.128000000000002 0.6681936302185054 -2.2248709411621093 0.12630233 0.12530233 "" "" 20.81662949489267 "" 2.6101007404669505 ""
132.10056343948 -44.57668972626 0.0273 0.031 18.3004 "" "" 5523679855097738240 1898.43494 0.4924 0.0341 -1.587 5.092 0.035 0.036 0.981 7888.5 4.0228 16.269434 2.023948 17.292696 15.268748 "" "" 1801.7843 2040.96899 5850.23001 2.5863 1653.2 6.2464 6189.5 9.976 "" "" 0.002796815638961461 0.004961251 0.0041648583 0.009126109 132.10056343948 -44.57668972626 1898.43494 -1.5869999999999989 5.0920000000000005 3.202193630218506 -0.26087094116210974 0.12130232 0.12230232 "" "" 28.910662415200683 "" 3.507121857605876 ""
132.12841726557 -44.3973150435 0.0289 0.032 11.6342 "" "" 5523695183840454400 1799.99097 0.5277 0.036 -2.615 2.557 0.04 0.039 1.081 8289.1 4.4118 16.273245 1.57291 17.001902 15.428991 "" "" 1702.00012 1906.17371 5829.73367 2.7884 2161.0 10.556 5340.3 10.388 "" "" 0.002803832589110363 0.005992744 0.0043294574 0.010322202 132.12841726557 -44.3973150435 1799.99097 -2.615000000000001 2.5569999999999995 2.1741936302185056 -2.7958709411621094 0.12630233 0.12530233 "" "" 30.21808252995357 "" 3.7978118534388865 ""
132.41517466624 -44.27334763273 0.0302 0.0341 4.9448 "" "" 5523708476761282560 1874.58557 0.5146 0.0387 -4.177 0.957 0.039 0.042 1.058 7159.3 4.109 16.278437 1.882116 17.205883 15.323767 "" "" 1742.04736 2078.66772 5801.92859 2.6328 1790.9 9.0257 5883.7 10.339 "" "" 0.002799022763479254 0.006142161 0.0042336453 0.010375806 132.41517466624 -44.27334763273 1874.58557 -4.177 0.9569999999999995 0.6121936302185063 -4.3958709411621095 0.12530233 0.12830232 "" "" 39.43662809886366 "" 5.057585792080755 ""
132.19103154268 -44.26261281333 0.0288 0.0324 10.263 "" "" 5523719334437939072 2030.55579 0.4739 0.0368 -3.927 2.677 0.037 0.04 1.062 "" "" 16.287752 1.4902 16.969448 15.479248 "" "" 1886.34924 2199.7854 5752.35911 2.5778 2226.6 9.5077 5098.7 9.7149 "" "" 0.002797949315825507 0.005411002 0.0043085217 0.009719524 132.19103154268 -44.26261281333 2030.55579 -3.9269999999999987 2.677000000000001 0.8621936302185058 -2.6758709411621093 0.123302326 0.12630233 "" "" 27.05873436964097 "" 3.4100285425119226 ""
132.07386910197 -44.5609042133 0.0283 0.0316 18.4524 "" "" 5523679756317949312 2142.5061 0.4388 0.0348 -5.888 7.348 0.037 0.037 0.954 6366.6 4.0196 16.288122 2.084139 17.355314 15.271175 "" "" 1977.078 2321.74731 5750.39629 2.7241 1560.6 8.867 6175.7 10.14 "" "" 0.0028029152995356094 0.0067705736 0.0041787215 0.010949295 132.07386910197 -44.5609042133 2142.5061 -5.887999999999998 7.348000000000002 -1.098806369781494 1.9951290588378905 0.123302326 0.123302326 "" "" 23.131130108301086 "" 2.8521221362564964 ""
132.28182974502 -44.63874475843 0.0283 0.0305 17.7219 "" "" 5523676320344224896 2269.91479 0.4112 0.0344 -5.248 5.167 0.037 0.038 1.052 9223.3 3.5271 16.291544 1.688864 17.081537 15.392674 "" "" 2106.28662 2480.42261 5732.30385 10.135 2008.2 18.658 5521.9 39.195 "" "" 0.0033580933718713804 0.01046624 0.008583495 0.019049736 132.28182974502 -44.63874475843 2269.91479 -5.248000000000001 5.166999999999997 -0.45880636978149436 -0.18587094116210956 0.123302326 0.12430233 "" "" 5.3261868045524645 "" 0.6574847343265403 ""
132.45411835622 -44.35493371434 0.0281 0.0326 2.6264 "" "" 5523703941275719552 1966.93201 0.4908 0.0369 -7.126 6.602 0.037 0.041 0.996 6992.0 3.7453 16.292366 1.753758 17.124401 15.370644 "" "" 1823.05139 2140.84814 5727.96368 2.881 1930.4 8.0327 5635.1 9.1421 "" "" 0.002808915795075946 0.0053100516 0.0041697016 0.009479754 132.45411835622 -44.35493371434 1966.93201 -7.126000000000001 6.602000000000007 -2.3368063697814945 1.249129058837891 0.123302326 0.12730232 "" "" 24.703972038982357 "" 3.0682927644945597 ""
132.42240840579 -44.13818280957 0.0372 0.0422 13.0232 "" "" 5523726932239224576 2028.94336 0.4877 0.0485 -5.297 4.587 0.05 0.055 1.262 5515.7 4.2224 16.294146 1.609683 16.91798 15.308297 "" "" 1802.97473 2187.13062 5718.58651 4.4112 2334.7 18.226 5968.1 50.679 "" "" 0.0028797951228654185 0.008923314 0.009964255 0.018887568 132.42240840579 -44.13818280957 2028.94336 -5.297 4.587 -0.5078063697814938 -0.7658709411621096 0.13630232 0.14130232 "" "" 8.837490554763654 "" 1.2354317549320843 ""
132.63236374574 -44.09928347623 0.029 0.0336 18.4375 "" "" 5523716452518972672 2001.88538 0.4781 0.0374 -6.674 6.212 0.039 0.041 0.955 "" "" 16.295195 1.515863 16.981052 15.465189 "" "" 1859.64636 2159.42944 5713.05686 2.4624 2202.9 10.065 5165.1 10.128 "" "" 0.0027947775662040845 0.00569154 0.0043377685 0.0100293085 132.63236374574 -44.09928347623 2001.88538 -6.673999999999997 6.212000000000003 -1.8848063697814945 0.8591290588378904 0.12530233 0.12730232 "" "" 19.655154048685926 "" 2.4696435889067763 ""
132.52743063695 -44.44793792225 0.029 0.0363 8.055 "" "" 5523702502465290752 2345.85327 0.3812 0.0389 -5.27 4.627 0.04 0.044 1.064 7996.2 2.7318 16.29533 2.573579 17.68694 15.11336 "" "" 2125.43359 2607.8562 5712.34594 3.8186 1149.8 8.4835 7141.9 11.951 "" "" 0.0028493100402400178 0.008482824 0.0041934 0.012676224 132.52743063695 -44.44793792225 2345.85327 -5.270000000000001 4.627000000000002 -0.4808063697814937 -0.7258709411621096 0.12630233 0.13030232 "" "" 9.681261410165328 "" 1.2498086850417567 ""
132.15953921433 -44.10875454648 0.031 0.0341 17.8198 "" "" 5523725764008168064 1887.70874 0.4972 0.0391 -6.807 5.451 0.04 0.045 1.085 7977.9 4.0723 16.295374 1.771924 17.152853 15.380929 "" "" 1804.74756 2013.38379 5712.11335 2.7664 1880.5 10.03 5582.0 11.666 "" "" 0.0028050459733471584 0.0064281 0.0044082436 0.010836344 132.15953921433 -44.10875454648 1887.70874 -6.807000000000001 5.451 -2.0178063697814945 0.09812905883789025 0.12630233 0.13130233 "" "" 18.07614306423452 "" 2.2832764759146613 ""
132.07099811599 -44.29382786389 0.0331 0.0388 14.2847 "" "" 5523698856033808384 1777.88953 0.5327 0.0433 -5.902 -0.009 0.044 0.047 1.143 7062.4 4.1454 16.296942 2.008277 17.302906 15.294629 "" "" 1671.5708 1915.52344 5703.87256 3.3158 1637.8 10.1 6043.8 12.324 "" "" 0.0028266868350382748 0.007253629 0.004380098 0.011633728 132.07099811599 -44.29382786389 1777.88953 -5.901999999999999 -0.008999999999999946 -1.1128063697814943 -5.36187094116211 0.13030232 0.13330233 "" "" 46.148421507314424 "" 6.146036856526285 ""
132.46723982995 -44.65341957252 0.0287 0.0346 18.2324 "" "" 5331545356408452224 2308.96411 0.4049 0.0369 -5.571 2.76 0.038 0.042 1.034 7965.8 4.1443 16.300306 1.954863 17.270996 15.316133 "" "" 2127.91406 2514.36035 5686.22668 2.8881 1686.6 9.9941 5925.2 10.186 "" "" 0.0028099635588340146 0.0070126033 0.004215151 0.011227755 132.46723982995 -44.65341957252 2308.96411 -5.571 2.76 -0.7818063697814939 -2.5928709411621096 0.12430233 0.12830232 "" "" 29.639571832767146 "" 3.793086950935879 ""
132.01137419014 -44.42340417686 0.0275 0.0319 16.8775 "" "" 5523696420790989568 1811.26355 0.5149 0.035 -3.546 3.1 0.039 0.039 0.992 6784.1 4.021 16.309214 1.759813 17.154318 15.394505 "" "" 1709.46704 1921.04089 5639.76407 2.3739 1878.0 10.986 5512.6 13.998 "" "" 0.002792963949316768 0.0069372267 0.0046781055 0.011615332 132.01137419014 -44.42340417686 1811.26355 -3.5460000000000003 3.0999999999999996 1.243193630218506 -2.2528709411621093 0.12530233 0.12530233 "" "" 22.09125565503216 "" 2.7680857986782934 ""
132.19492618818 -44.47464094599 0.052 0.0576 11.1451 "" "" 5523681680458807296 2148.0542 0.464 0.0622 -5.275 5.582 0.07 0.07 1.799 9497.3 3.9043 16.31528 1.725031 17.050564 15.325533 "" "" 1847.92725 2567.45605 5608.33676 5.1092 2066.3 11.133 5874.1 32.44 "" "" 0.002927476959116283 0.0064811683 0.007087743 0.013568912 132.19492618818 -44.47464094599 2148.0542 -5.275000000000003 5.582000000000001 -0.4858063697814945 0.22912905883789048 0.15630233 0.15630233 "" "" 5.468931363070207 "" 0.8548067303981507 ""
132.63006428218 -44.11594127765 0.031 0.0343 17.5588 "" "" 5523716349439761408 2228.21216 0.4223 0.0397 -3.764 2.353 0.043 0.043 0.98 9153.6 4.1811 16.323242 1.551117 17.03685 15.485733 "" "" 2048.92285 2467.72144 5567.36456 2.8882 2092.6 12.91 5068.3 10.719 "" "" 0.002812301728368676 0.0072561842 0.004422264 0.011678448 132.63006428218 -44.11594127765 2228.21216 -3.764000000000002 2.3530000000000006 1.025193630218506 -2.999870941162109 0.12930232 0.12930232 "" "" 33.482915219971474 "" 4.32941871421852 ""
132.13166573491 -44.10585815254 0.0383 0.0439 18.6596 "" "" 5523771221942036096 2136.70068 0.4293 0.0497 -6.899 6.482 0.05 0.058 1.276 7522.9 2.9397 16.326458 3.187443 18.189955 15.002512 "" "" 1941.25 2393.46631 5550.90352 3.6905 723.49 13.323 7909.6 12.585 "" "" 0.002848307240965805 0.020187477 0.0041554845 0.024342962 132.13166573491 -44.10585815254 2136.70068 -6.899 6.482 -2.109806369781494 1.1291290588378908 0.13630232 0.14430232 "" "" 24.235716759245076 "" 3.3475247572063385 ""
132.64318086448 -44.42824651213 0.0286 0.0328 11.6136 "" "" 5331555011495158656 1966.13037 0.4989 0.0363 -1.491 2.912 0.04 0.043 1.009 7475.2 4.1065 16.328352 2.02151 17.348827 15.327317 "" "" 1808.63098 2094.15894 5541.22991 2.5626 1570.0 9.2004 5864.5 9.046 "" "" 0.0028006970446114326 0.006947454 0.004133825 0.011081279 132.64318086448 -44.42824651213 1966.13037 -1.491 2.912 3.2981936302185058 -2.4408709411621095 0.12630233 0.12930232 "" "" 38.239238667907046 "" 4.870609765695713 ""
