Clusters/BH_54/BH_54_stars_in_region.tsv
# %ECSV 1.0
# ---
# datatype:
# - name: RA_ICRS_1
#   unit: deg
#   datatype: float64
#   format: '{:15.11f}'
#   description: Right ascension (ICRS) at Ep=2016.0 (ra)
#   meta: !!omap
#   - {ucd: POS_EQ_RA_MAIN}
#   - {width: 15}
#   - {precision: '11'}
# - name: DE_ICRS_1
#   unit: deg
#   datatype: float64
#   format: '{:15.11f}'
#   description: Declination (ICRS) at Ep=2016.0 (dec)
#   meta: !!omap
#   - {ucd: POS_EQ_DEC_MAIN}
#   - {width: 15}
#   - {precision: '11'}
# - name: e_RA_ICRS
#   unit: mas
#   datatype: float64
#   format: '{:7.4f}'
#   description: Standard error of right ascension (ra_error)
#   meta: !!omap
#   - {ucd: ERROR}
#   - {width: 7}
#   - {precision: '4'}
# - name: e_DE_ICRS
#   unit: mas
#   datatype: float64
#   format: '{:7.4f}'
#   description: Standard error of declination (dec_error)
#   meta: !!omap
#   - {ucd: ERROR}
#   - {width: 7}
#   - {precision: '4'}
# - name: _r_1
#   unit: ''
#   datatype: float64
#   format: '{:7.4f}'
#   description: Distance from center (132.39290818000-44.35420579000)[ICRS], at Epoch=J2016.0
#   meta: !!omap
#   - {ucd: POS_ANG_DIST_GENERAL}
#   - {width: 7}
#   - {precision: '4'}
# - name: HIP
#   datatype: int32
#   description: '? HIP cross-id number, van Leeuwen, Cat. I/311 (hip_original_ext_source_id)'
#   meta: !!omap
#   - {ucd: ID_NUMBER}
#   - {width: 6}
#   - values: {'null': -2147483648}
# - name: TYC2
#   datatype: string
#   description: Tycho-2 cross-id name, Hog et al., Cat. I/259 (tyc2_original_ext_source_id)
#   meta: !!omap
#   - {ucd: ID_CROSSID}
#   - {_votable_string_dtype: char}
# - name: Source
#   datatype: int64
#   description: Source identifier, identical to the Gaia-EDR3 source_id (id)
#   meta: !!omap
#   - {ucd: ID_MAIN}
#   - {width: 19}
# - name: rgeo
#   unit: pc
#   datatype: float64
#   format: '{:15.8f}'
#   description: '? Median of the geometric distance posterior (r_med_geo)'
#   meta: !!omap
#   - {ucd: PHYS_DISTANCE_TRUE}
#   - {width: 15}
#   - {precision: '8'}
#   - values: {'null': .nan}
# - name: Plx
#   unit: mas
#   datatype: float64
#   format: '{:9.4f}'
#   description: '? Parallax (parallax)'
#   meta: !!omap
#   - {ucd: POS_PARLX_TRIG}
#   - {width: 9}
#   - {precision: '4'}
#   - values: {'null': .nan}
# - name: e_Plx
#   unit: mas
#   datatype: float32
#   format: '{:7.4f}'
#   description: '? Standard error of parallax (parallax_error)'
#   meta: !!omap
#   - {ucd: ERROR}
#   - {width: 7}
#   - {precision: '4'}
#   - values: {'null': .nan}
# - name: pmRA
#   unit: mas / yr
#   datatype: float64
#   format: '{:9.3f}'
#   description: '? Proper motion in right ascension direction, pmRA*cosDE (pmra)'
#   meta: !!omap
#   - {ucd: POS_EQ_PMRA}
#   - {width: 9}
#   - {precision: '3'}
#   - values: {'null': .nan}
# - name: pmDE
#   unit: mas / yr
#   datatype: float64
#   format: '{:9.3f}'
#   description: '? Proper motion in declination direction (pmdec)'
#   meta: !!omap
#   - {ucd: POS_EQ_PMDEC}
#   - {width: 9}
#   - {precision: '3'}
#   - values: {'null': .nan}
# - name: e_pmRA
#   unit: mas / yr
#   datatype: float32
#   format: '{:6.3f}'
#   description: '? Standard error of proper motion in right ascension direction (pmra_error)'
#   meta: !!omap
#   - {ucd: ERROR}
#   - {width: 6}
#   - {precision: '3'}
#   - values: {'null': .nan}
# - name: e_pmDE
[...]
#         value: !astropy.table.SerializedColumn {name: SkyCoord.dec}
#       distance: !astropy.table.SerializedColumn
#         __class__: astropy.coordinates.distances.Distance
#         unit: !astropy.units.Unit {unit: pc}
#         value: !astropy.table.SerializedColumn {name: SkyCoord.distance}
#       frame: icrs
#       obstime: !astropy.time.Time {format: jyear_str, in_subfmt: '*', jd1: 367701545.0, jd2: 0.0, out_subfmt: '*', precision: 3, scale: tt}
#       pm_dec: !astropy.table.SerializedColumn
#         __class__: astropy.units.quantity.Quantity
#         unit: !astropy.units.Unit {unit: mas / yr}
#         value: !astropy.table.SerializedColumn {name: SkyCoord.pm_dec}
#       pm_ra_cosdec: !astropy.table.SerializedColumn
#         __class__: astropy.units.quantity.Quantity
#         unit: !astropy.units.Unit {unit: mas / yr}
#         value: !astropy.table.SerializedColumn {name: SkyCoord.pm_ra_cosdec}
#       ra: !astropy.table.SerializedColumn
#         __class__: astropy.coordinates.angles.Longitude
#         unit: *id001
#         value: !astropy.table.SerializedColumn {name: SkyCoord.ra}
#         wrap_angle: !astropy.coordinates.Angle
#           unit: *id001
#           value: 360.0
#       representation_type: spherical
# schema: astropy-2.0
RA_ICRS_1 DE_ICRS_1 e_RA_ICRS e_DE_ICRS _r_1 HIP TYC2 Source rgeo Plx e_Plx pmRA pmDE e_pmRA e_pmDE RUWE Teff logg Gmag BP-RP BPmag RPmag RV e_RV b_rgeo B_rgeo FG e_FG FBP e_FBP FRP e_FRP RAVE5 RAVE6 e_Gmag e_BPmag e_RPmag e_BP-RP SkyCoord.ra SkyCoord.dec SkyCoord.distance SkyCoord.pm_ra_cosdec SkyCoord.pm_dec rmRA rmDE e_rmRA e_rmDE rRV e_rRV v_pec v_pec3d e_vpec e_vpec3d
[from data line 31]
132.34531513538 -44.34282256167 0.0101 0.0109 2.1532 "" "" 5523706419475485696 2146.79199 0.4352 0.0125 -4.711 5.167 0.013 0.015 1.089 "" "" 13.557238 1.134105 14.031261 12.897156 "" "" 2101.19336 2200.28516 71129.79447 15.993 33336.0 34.29 54992.0 36.363 "" "" 0.00276611348079599 0.0030053798 0.0038469671 0.006852347 132.34531513538 -44.34282256167 2146.79199 -4.711 5.167 0.07819363021850556 -0.18587094116210956 0.09930232 0.101302326 "" "" 2.051936959351393 "" 0.20725409039092316 ""
132.11781152558 -44.31235201192 0.0132 0.0145 12.0705 "" "" 5523698619814926592 1805.94275 0.5185 0.0167 -5.944 5.03 0.017 0.018 1.287 7087.7 3.7102 13.558107 0.969525 13.948968 12.979443 "" "" 1745.97937 1856.80115 71072.88828 18.38 35961.0 38.949 50978.0 32.581 "" "" 0.00276958962427597 0.0030278552 0.003842557 0.0068704123 132.11781152558 -44.31235201192 1805.94275 -5.943999999999998 5.029999999999999 -1.154806369781494 -0.3228709411621091 0.10330233 0.104302324 "" "" 10.26443605346016 "" 1.0610876888715535 ""
132.4496129629 -44.37395739482 0.0094 0.0109 2.7057 "" "" 5523703911214563328 2035.2644 0.4554 0.0124 -4.588 5.255 0.013 0.014 1.03 13213.6 3.7081 13.575275 1.292319 14.136142 12.843822 "" "" 1987.47449 2069.7605 69957.88509 14.968 30266.0 32.265 57760.0 20.202 "" "" 0.0027650955210295715 0.003020717 0.003798412 0.006819129 132.4496129629 -44.37395739482 2035.2644 -4.587999999999999 5.254999999999999 0.20119363021850578 -0.09787094116210948 0.09930232 0.10030232 "" "" 2.1584111748212025 "" 0.2147499406477059 ""
132.69567399115 -44.20522023334 0.0127 0.0141 15.7815 "" "" 5523711642155610240 1998.83777 0.4631 0.0164 -3.278 3.33 0.017 0.019 1.327 "" "" 13.606794 1.944765 14.577782 12.633017 12.71 1.51 1926.38574 2075.24756 67956.199 16.234 20151.0 20.242 70138.0 50.04 "" "" 0.002767501130260563 0.0029957541 0.003857948 0.006853702 132.69567399115 -44.20522023334 1998.83777 -3.2779999999999996 3.329999999999999 1.5111936302185058 -2.0228709411621093 0.10330233 0.10530233 -0.4800000000000004 16.955 23.92325501089941 23.928069924599512 2.5021415418925272 2.5246532662421166
132.42105962572 -44.35256809551 0.01 0.0118 1.2118 "" "" 5523706934871541760 2151.46216 0.4279 0.0131 -4.737 5.309 0.013 0.014 0.97 11699.0 3.9618 13.710542 1.074388 14.154334 13.079946 "" "" 2096.62842 2208.66333 61763.24054 13.819 29763.0 29.651 46471.0 26.241 "" "" 0.0027660082409049977 0.0029924933 0.0038287863 0.0068212794 132.42105962572 -44.35256809551 2151.46216 -4.737000000000003 5.309 0.05219363021850576 -0.04387094116210921 0.09930232 0.10030232 "" "" 0.6953190003779077 "" 0.06933550580926892 ""
132.79139835582 -44.26835221214 0.0101 0.0108 17.8672 "" "" 5331557760274203264 1851.46057 0.5024 0.0128 -5.525 5.549 0.014 0.013 1.003 4676.0 2.6856 13.719171 2.227772 14.887793 12.660021 78.62 1.2 1805.98132 1889.10388 61274.32267 18.966 15146.0 19.606 68415.0 26.032 "" "" 0.0027757392115380615 0.0031241537 0.0038018941 0.0069260476 132.79139835582 -44.26835221214 1851.46057 -5.525 5.549 -0.7358063697814945 0.196129058837891 0.10030232 0.09930232 65.43 16.645 6.682838771526086 65.7703978553134 0.6698630104266937 16.55899334279302
132.35073488945 -44.46526989433 0.0098 0.0105 6.9047 "" "" 5523701746551102592 2350.07422 0.3918 0.0122 -6.116 5.008 0.013 0.013 1.049 "" "" 13.725171 1.794596 14.587982 12.793386 "" "" 2290.20288 2408.25732 60936.63208 15.139 19963.0 23.785 60507.0 26.571 "" "" 0.002768492062954697 0.0030754614 0.003809338 0.0068847993 132.35073488945 -44.46526989433 2350.07422 -6.115999999999998 5.008 -1.3268063697814938 -0.34487094116210937 0.09930232 0.09930232 "" "" 15.270873596292873 "" 1.516433202078239 ""
132.41805464745 -44.33781550691 0.1303 0.163 1.4599 "" "" 5523707141029968128 2267.80762 0.5328 0.1749 -4.642 3.883 0.168 0.21 16.343 "" "" 13.802696 1.446511 14.419454 12.972942 "" "" 1716.37341 2946.33057 56737.24929 81.454 23315.0 26.132 51284.0 21.675 "" "" 0.0031656596768727427 0.0030440006 0.0038071382 0.0068511385 132.41805464745 -44.33781550691 2267.80762 -4.642000000000003 3.883000000000001 0.1471936302185055 -1.4698709411621094 0.25430232 0.29630232 "" "" 15.879268385950283 "" 4.698907666830113 ""
132.61403325007 -44.2479537289 0.0109 0.0122 11.4369 "" "" 5523710783162178176 2038.73022 0.4538 0.014 -4.946 6.015 0.014 0.015 1.059 "" "" 13.857431 1.381558 14.469116 13.087558 "" "" 1980.91711 2088.2605 53947.87567 11.05 22273.0 17.798 46146.0 41.088 "" "" 0.002764280382297292 0.002921946 0.0039010632 0.0068230093 132.61403325007 -44.2479537289 2038.73022 -4.946 6.015000000000001 -0.15680636978149387 0.6621290588378903 0.10030232 0.101302326 "" "" 6.575519420601832 "" 0.6657678428918092 ""
132.70057583833 -44.26343985914 0.022 0.0242 14.2883 "" "" 5523711229838760832 1702.81079 0.5479 0.0274 -5.576 2.703 0.029 0.03 2.252 "" "" 13.862663 2.172737 14.990587 12.81785 3.82 1.6 1630.4939 1787.47852 53688.5236 14.586 13778.0 15.087 59159.0 23.956 "" "" 0.0027710642701689113 0.0030329034 0.003804869 0.006837772 132.70057583833 -44.26343985914 1702.81079 -5.575999999999999 2.703000000000001 -0.7868063697814938 -2.6498709411621095 0.115302324 0.11630233 -9.370000000000001 17.045 22.31086623138704 24.19858780992904 2.593005161106584 7.019693741311563
132.28938659067 -44.16477724433 0.0104 0.0115 12.2052 "" "" 5523721537760331136 1777.51477 0.5235 0.0132 -5.172 2.733 0.013 0.015 0.953 "" "" 13.879799 2.584929 15.307169 12.72224 24.88 1.01 1729.40833 1833.23572 52847.84727 14.141 10293.0 16.563 64604.0 43.813 "" "" 0.002770594104490481 0.0032920293 0.0038504412 0.00714247 132.28938659067 -44.16477724433 1777.51477 -5.171999999999999 2.732999999999998 -0.38280636978149385 -2.6198709411621093 0.09930232 0.101302326 11.689999999999998 16.455 22.307903693160796 25.185286720292407 2.258918904998488 7.895479960113734
132.22755070918 -44.46304068712 0.0106 0.0121 9.6372 "" "" 5523682088481045632 1725.32532 0.5443 0.0129 -6.177 6.546 0.014 0.015 1.089 "" "" 13.883886 2.163482 15.002027 12.838545 20.12 1.31 1681.25488 1774.39246 52649.24191 14.22 13633.0 19.659 58042.0 34.018 "" "" 0.002770881176022875 0.0031994225 0.0038325787 0.0070320014 132.22755070918 -44.46304068712 1725.32532 -6.177000000000003 6.546000000000003 -1.3878063697814937 1.1931290588378909 0.10030232 0.101302326 6.93 16.755001 14.967299302057366 16.493785144634536 1.5076341370226005 7.171458485660545
132.04411953434 -44.43649297681 0.0103 0.0122 15.7472 "" "" 5523693397134032512 1735.62244 0.5368 0.0132 0.848 0.819 0.014 0.015 1.066 4914.2 2.4862 13.893708 2.363216 15.156792 12.793575 22.09 1.05 1699.24365 1771.95935 52175.11566 15.683 11822.0 19.841 60496.0 46.861 "" "" 0.002774580483377906 0.0033324878 0.0038718279 0.0072043156 132.04411953434 -44.43649297681 1735.62244 0.848 0.8189999999999997 5.637193630218506 -4.533870941162109 0.10030232 0.101302326 8.899999999999999 16.495 59.5148447281597 60.17662954184921 5.99292428931513 6.409452053233094
132.18702215166 -44.53751955532 0.0105 0.0115 14.0979 "" "" 5523680718390669824 2115.71289 0.4313 0.0131 -6.952 6.81 0.013 0.014 1.058 5115.9 2.6874 13.901892 2.417997 15.206915 12.788918 -0.29 1.03 2059.62134 2162.98828 51783.32401 15.881 11289.0 12.948 60756.0 24.705 "" "" 0.002775367010498117 0.0030554547 0.003805081 0.0068605356 132.18702215166 -44.53751955532 2115.71289 -6.952000000000004 6.810000000000001 -2.162806369781494 1.4571290588378902 0.09930232 0.10030232 -13.48 16.475 26.1529131630223 29.42252992032781 2.605238010321787 7.895302126371219
132.11001215952 -44.5443794472 0.0105 0.0119 16.6439 "" "" 5523680099915345536 1755.60828 0.5298 0.0131 -4.572 4.686 0.014 0.014 1.055 5282.5 2.7716 13.91478 2.350279 15.167092 12.816813 35.26 1.12 1723.07996 1792.12805 51172.30714 13.373 11711.0 15.107 59215.0 33.355 "" "" 0.002769891133822663 0.003121967 0.003828545 0.006950512 132.11001215952 -44.5443794472 1755.60828 -4.571999999999999 4.686 0.2171936302185058 -0.6668709411621094 0.10030232 0.10030232 22.069999999999997 16.565 5.8363311544373655 22.82865877234701 0.5853975766669204 16.015199564684846
132.54635013578 -44.54713424821 0.0107 0.0125 13.3113 "" "" 5331547624151187072 2148.80811 0.4302 0.0136 -4.93 4.251 0.014 0.016 0.976 11903.7 3.7746 13.91555 1.295713 14.478753 13.183041 "" "" 2100.27051 2215.3584 51135.96995 13.719 22076.0 26.518 42261.0 25.466 "" "" 0.002770674500596329 0.0030799333 0.003835593 0.0069155265 132.54635013578 -44.54713424821 2148.80811 -4.93 4.2509999999999994 -0.14080636978149386 -1.101870941162109 0.10030232 0.10230233 "" "" 11.314205281804604 "" 1.1571094521542604 ""
132.19249892463 -44.27760095938 0.011 0.0124 9.7543 "" "" 5523719270017661312 2374.62085 0.3779 0.014 -1.708 4.259 0.014 0.016 1.05 "" "" 13.946269 2.609113 15.392424 12.783311 18.71 1.18 2308.67798 2458.8877 49709.45423 13.168 9515.8 11.607 61071.0 35.608 "" "" 0.0027702904824118382 0.0030885143 0.0038320331 0.006920547 132.19249892463 -44.27760095938 2374.62085 -1.7079999999999997 4.259 3.0811936302185057 -1.093870941162109 0.10030232 0.10230233 5.52 16.625 36.80168669968063 37.21336512519998 3.699605827053087 4.412179460206515
132.34609041378 -44.27815627842 0.0142 0.0147 4.986 "" "" 5523708206181859712 2126.59741 0.4378 0.0181 -4.852 5.327 0.018 0.02 1.27 "" "" 13.978879 1.609484 14.724991 13.115507 "" "" 2045.63 2223.18848 48238.65379 28.961 17596.0 28.611 44973.0 74.192 "" "" 0.002831375652224626 0.0033017707 0.004182333 0.0074841036 132.34609041378 -44.27815627842 2126.59741 -4.852 5.327 -0.06280636978149445 -0.025870941162109418 0.104302324 0.10630232 "" "" 0.684699263945198 "" 0.07161599501176433 ""
132.17523825329 -44.56811046597 0.0121 0.0126 15.8621 "" "" 5523679137842706944 2043.72363 0.4546 0.0147 -6.323 8.467 0.015 0.015 1.228 "" "" 13.986117 2.061821 15.023751 12.96193 41.61 1.43 1982.76648 2104.98218 47918.13581 15.065 13363.0 18.562 51807.0 38.019 "" "" 0.002776383582879741 0.0031716826 0.0038624578 0.0070341406 132.17523825329 -44.56811046597 2043.72363 -6.323000000000002 8.467 -1.5338063697814945 3.114129058837891 0.101302326 0.101302326 28.419999999999998 16.875 33.62796221623814 44.028811508110685 3.406590781916026 11.199019439323045
131.95948719402 -44.32279304582 0.0254 0.0277 18.6948 "" "" 5523697829542142464 2501.84302 0.3598 0.0315 -3.798 9.604 0.034 0.034 1.076 "" "" 14.072371 2.505984 15.440341 12.934357 12.28 1.38 2298.18408 2736.08667 44258.65585 14.245 9105.0 19.041 53139.0 36.054 "" "" 0.0027773920623140502 0.003597293 0.003850505 0.007447798 131.95948719402 -44.32279304582 2501.84302 -3.7980000000000045 9.604000000000006 0.9911936302185058 4.25112905883789 0.12030233 0.12030233 -0.9100000000000019 16.825 51.765199879498 51.77319787848129 6.227474001946225 6.23353078219975
132.19908694592 -44.0901011131 0.0113 0.0132 17.9042 "" "" 5523725832727629056 1825.39624 0.5139 0.0148 -4.34 2.938 0.015 0.017 1.078 7536.2 3.6188 14.075347 1.138452 14.555842 13.417391 "" "" 1778.2926 1874.79468 44137.53639 28.375 20563.0 40.024 34057.0 59.504 "" "" 0.0028423557006964067 0.0035001466 0.0042287447 0.0077288914 132.19908694592 -44.0901011131 1825.39624 -4.339999999999998 2.9380000000000024 0.449193630218506 -2.414870941162109 0.101302326 0.10330233 "" "" 21.252778201977808 "" 2.194053290552722 ""
132.56928025136 -44.22849263485 0.0116 0.0134 10.6898 "" "" 5523713909898373376 2292.66016 0.4009 0.0153 -5.302 3.041 0.015 0.017 1.092 "" "" 14.08225 2.2383 15.250524 13.012224 34.93 1.5 2234.15088 2374.38574 43857.81645 13.985 10844.0 15.224 49462.0 39.457 "" "" 0.0027769859297498505 0.0031793814 0.0038773557 0.0070567373 132.56928025136 -44.22849263485 2292.66016 -5.301999999999997 3.0409999999999977 -0.5128063697814937 -2.3118709411621094 0.101302326 0.10330233 21.74 16.945 25.734225021096293 33.68794943947195 2.6560141032298548 11.121827257017712
132.43992355498 -44.41717308785 0.0111 0.0129 4.2823 "" "" 5523703498897719296 2376.13306 0.3845 0.0143 -5.22 4.596 0.015 0.016 1.107 9746.6 3.5009 14.085329 1.455139 14.73943 13.284291 "" "" 2305.32129 2454.44067 43733.59465 32.422 17364.0 42.925 38498.0 86.424 "" "" 0.0028704833031083492 0.0038715606 0.004497163 0.008368723 132.43992355498 -44.41717308785 2376.13306 -5.22 4.596000000000001 -0.4308063697814939 -0.7568709411621093 0.101302326 0.10230233 "" "" 9.808710848274764 "" 1.0010626118533228 ""
132.2417488658 -44.53435959763 0.014 0.0149 12.6002 "" "" 5523680580951741568 1933.56396 0.4789 0.0167 -2.201 4.263 0.018 0.018 1.418 "" "" 14.090745 2.351937 15.33252 12.980582 -5.05 1.42 1863.86328 1998.79639 43515.98328 14.024 10056.0 15.308 50924.0 33.96 "" "" 0.00277744871596504 0.0032429555 0.0038481136 0.007091069 132.2417488658 -44.53435959763 1933.56396 -2.2009999999999987 4.262999999999996 2.588193630218506 -1.0898709411621095 0.104302324 0.104302324 -18.240000000000002 16.865 25.738357333896136 31.546166775811688 2.6845704949958824 9.994312804377923
132.49107540081 -44.46073462623 0.0109 0.013 7.6524 "" "" 5523702433745828992 1760.84888 0.5331 0.0147 -6.04 5.202 0.015 0.017 1.007 "" "" 14.128708 1.53771 14.832571 13.294861 "" "" 1715.15662 1812.3667 42020.74194 8.5562 15936.0 18.985 38125.0 17.651 "" "" 0.002764175100179177 0.0030754034 0.0038126637 0.0068880673 132.49107540081 -44.46073462623 1760.84888 -6.040000000000001 5.202000000000003 -1.2508063697814942 -0.15087094116210942 0.101302326 0.10330233 "" "" 10.515429348387691 "" 1.0655419718872405 ""
132.42190183727 -44.09802838122 0.0115 0.0127 15.4211 "" "" 5523728169189798016 1805.59985 0.5117 0.0146 -8.919 5.181 0.015 0.017 1.039 "" "" 14.134133 2.539838 15.529685 12.989847 79.05 1.12 1762.47925 1854.00037 41811.28679 12.233 8385.8 12.882 50492.0 32.641 "" "" 0.0027735713140119725 0.003250669 0.0038440041 0.007094673 132.42190183727 -44.09802838122 1805.59985 -8.919 5.181000000000001 -4.129806369781495 -0.17187094116210933 0.101302326 0.10330233 65.86 16.565 35.375722062439536 74.75948977513806 3.583766453796339 14.691278567348787
132.37966657174 -44.34576432816 0.0135 0.0145 0.7611 "" "" 5523707072310505856 2097.32373 0.4377 0.0168 -4.805 5.196 0.018 0.019 1.198 10171.1 3.4856 14.203069 1.431336 14.841786 13.41045 "" "" 2025.76624 2195.59399 39239.13239 9.8209 15802.0 15.318 34275.0 18.813 "" "" 0.002768687941351451 0.002982074 0.0038260783 0.0068081524 132.37966657174 -44.34576432816 2097.32373 -4.805000000000001 5.196 -0.015806369781493856 -0.15687094116210965 0.104302324 0.10530233 "" "" 1.5673999100641998 "" 0.16503517760396885 ""
132.40461823282 -44.51838889282 0.017 0.0191 9.8638 "" "" 5523700647039002752 1912.7605 0.4854 0.0211 -5.556 3.381 0.022 0.024 1.523 "" "" 14.21339 2.300069 15.429711 13.129642 18.36 1.63 1842.76587 1997.39099 38867.87316 11.292 9194.6 15.365 44392.0 25.32 "" "" 0.0027733168105181683 0.0033282065 0.0038297817 0.007157988 132.40461823282 -44.51838889282 1912.7605 -5.5559999999999965 3.380999999999996 -0.7668063697814942 -1.9718709411621096 0.108302325 0.11030233 5.169999999999998 17.075 19.18213437044962 19.866634818357756 2.1108344269343626 4.888632806596021
132.10818039501 -44.48890975816 0.012 0.0138 14.6354 "" "" 5523692125823755520 1940.61719 0.4771 0.015 -6.382 7.206 0.016 0.016 1.098 4570.0 2.1725 14.213849 2.341124 15.455098 13.113974 77.92 1.37 1882.88818 1992.38135 38851.44851 11.118 8982.1 15.163 45037.0 42.47 "" "" 0.0027727828995636945 0.0033383318 0.00391561 0.0072539416 132.10818039501 -44.48890975816 1940.61719 -6.381999999999999 7.206000000000001 -1.5928063697814938 1.853129058837891 0.10230233 0.10230233 64.73 16.815 22.47740107380911 68.52157659476958 2.2994904516685235 15.90245830666165
