Clusters/BH_87/BH_87_stars_in_region.tsv
# %ECSV 1.0
# ---
# datatype:
# - name: RA_ICRS_1
#   unit: deg
#   datatype: float64
#   format: '{:15.11f}'
#   description: Right ascension (ICRS) at Ep=2016.0 (ra)
#   meta: !!omap
#   - {ucd: POS_EQ_RA_MAIN}
#   - {width: 15}
#   - {precision: '11'}
# - name: DE_ICRS_1
#   unit: deg
#   datatype: float64
#   format: '{:15.11f}'
#   description: Declination (ICRS) at Ep=2016.0 (dec)
#   meta: !!omap
#   - {ucd: POS_EQ_DEC_MAIN}
#   - {width: 15}
#   - {precision: '11'}
# - name: e_RA_ICRS
#   unit: mas
#   datatype: float64
#   format: '{:7.4f}'
#   description: Standard error of right ascension (ra_error)
#   meta: !!omap
#   - {ucd: ERROR}
#   - {width: 7}
#   - {precision: '4'}
# - name: e_DE_ICRS
#   unit: mas
#   datatype: float64
#   format: '{:7.4f}'
#   description: Standard error of declination (dec_error)
#   meta: !!omap
#   - {ucd: ERROR}
#   - {width: 7}
#   - {precision: '4'}
# - name: _r_1
#   unit: ''
#   datatype: float64
#   format: '{:7.4f}'
#   description: Distance from center (151.16191161000-55.37680488000)[ICRS], at Epoch=J2016.0
#   meta: !!omap
#   - {ucd: POS_ANG_DIST_GENERAL}
#   - {width: 7}
#   - {precision: '4'}
# - name: HIP
#   datatype: int32
#   description: '? HIP cross-id number, van Leeuwen, Cat. I/311 (hip_original_ext_source_id)'
#   meta: !!omap
#   - {ucd: ID_NUMBER}
#   - {width: 6}
#   - values: {'null': -2147483648}
# - name: TYC2
#   datatype: string
#   description: Tycho-2 cross-id name, Hog et al., Cat. I/259 (tyc2_original_ext_source_id)
#   meta: !!omap
#   - {ucd: ID_CROSSID}
#   - {_votable_string_dtype: char}
# - name: Source
#   datatype: int64
#   description: Source identifier, identical to the Gaia-EDR3 source_id (id)
#   meta: !!omap
#   - {ucd: ID_MAIN}
#   - {width: 19}
# - name: rgeo
#   unit: pc
#   datatype: float64
#   format: '{:15.8f}'
#   description: '? Median of the geometric distance posterior (r_med_geo)'
#   meta: !!omap
#   - {ucd: PHYS_DISTANCE_TRUE}
#   - {width: 15}
#   - {precision: '8'}
#   - values: {'null': .nan}
# - name: Plx
#   unit: mas
#   datatype: float64
#   format: '{:9.4f}'
#   description: '? Parallax (parallax)'
#   meta: !!omap
#   - {ucd: POS_PARLX_TRIG}
#   - {width: 9}
#   - {precision: '4'}
#   - values: {'null': .nan}
# - name: e_Plx
#   unit: mas
#   datatype: float32
#   format: '{:7.4f}'
#   description: '? Standard error of parallax (parallax_error)'
#   meta: !!omap
#   - {ucd: ERROR}
#   - {width: 7}
#   - {precision: '4'}
#   - values: {'null': .nan}
# - name: pmRA
#   unit: mas / yr
#   datatype: float64
#   format: '{:9.3f}'
#   description: '? Proper motion in right ascension direction, pmRA*cosDE (pmra)'
#   meta: !!omap
#   - {ucd: POS_EQ_PMRA}
#   - {width: 9}
#   - {precision: '3'}
#   - values: {'null': .nan}
# - name: pmDE
#   unit: mas / yr
#   datatype: float64
#   format: '{:9.3f}'
#   description: '? Proper motion in declination direction (pmdec)'
#   meta: !!omap
#   - {ucd: POS_EQ_PMDEC}
#   - {width: 9}
#   - {precision: '3'}
#   - values: {'null': .nan}
# - name: e_pmRA
#   unit: mas / yr
#   datatype: float32
#   format: '{:6.3f}'
#   description: '? Standard error of proper motion in right ascension direction (pmra_error)'
#   meta: !!omap
#   - {ucd: ERROR}
#   - {width: 6}
#   - {precision: '3'}
#   - values: {'null': .nan}
# - name: e_pmDE
[...]
#         value: !astropy.table.SerializedColumn {name: SkyCoord.dec}
#       distance: !astropy.table.SerializedColumn
#         __class__: astropy.coordinates.distances.Distance
#         unit: !astropy.units.Unit {unit: pc}
#         value: !astropy.table.SerializedColumn {name: SkyCoord.distance}
#       frame: icrs
#       obstime: !astropy.time.Time {format: jyear_str, in_subfmt: '*', jd1: 367701545.0, jd2: 0.0, out_subfmt: '*', precision: 3, scale: tt}
#       pm_dec: !astropy.table.SerializedColumn
#         __class__: astropy.units.quantity.Quantity
#         unit: !astropy.units.Unit {unit: mas / yr}
#         value: !astropy.table.SerializedColumn {name: SkyCoord.pm_dec}
#       pm_ra_cosdec: !astropy.table.SerializedColumn
#         __class__: astropy.units.quantity.Quantity
#         unit: !astropy.units.Unit {unit: mas / yr}
#         value: !astropy.table.SerializedColumn {name: SkyCoord.pm_ra_cosdec}
#       ra: !astropy.table.SerializedColumn
#         __class__: astropy.coordinates.angles.Longitude
#         unit: *id001
#         value: !astropy.table.SerializedColumn {name: SkyCoord.ra}
#         wrap_angle: !astropy.coordinates.Angle
#           unit: *id001
#           value: 360.0
#       representation_type: spherical
# schema: astropy-2.0
RA_ICRS_1 DE_ICRS_1 e_RA_ICRS e_DE_ICRS _r_1 HIP TYC2 Source rgeo Plx e_Plx pmRA pmDE e_pmRA e_pmDE RUWE Teff logg Gmag BP-RP BPmag RPmag RV e_RV b_rgeo B_rgeo FG e_FG FBP e_FBP FRP e_FRP RAVE5 RAVE6 e_Gmag e_BPmag e_RPmag e_BP-RP SkyCoord.ra SkyCoord.dec SkyCoord.distance SkyCoord.pm_ra_cosdec SkyCoord.pm_dec rmRA rmDE e_rmRA e_rmDE rRV e_rRV v_pec v_pec3d e_vpec e_vpec3d
[from data line 597]
150.75977734065 -55.5012514931 0.0221 0.0217 15.5916 "" "" 5260076001108104320 1687.92078 0.5608 0.0265 -10.561 4.248 0.03 0.027 0.965 5530.7 4.1094 15.602283 1.439992 16.256195 14.816203 "" "" 1615.47778 1762.36243 10815.1813 2.9455 4294.8 8.3837 9390.2 7.6386 "" "" 0.002771141851682521 0.003503854 0.003881209 0.007385063 150.75977734065 -55.5012514931 1687.92078 -10.561 4.248 -4.244661937713623 1.6510675888061526 0.14032045 0.13732044 "" "" 36.43913512706013 "" 5.098923317793677 ""
151.04000835756 -55.20596372992 0.0238 0.0256 11.0642 "" "" 5260108917738895232 1576.0 0.6048 0.0282 -7.572 5.175 0.032 0.033 0.91 5934.3 4.1292 15.606981 1.176146 16.115145 14.938998 "" "" 1506.53064 1650.38 10768.47926 3.0751 4890.6 8.6471 8386.1 8.7571 "" "" 0.002772709734319842 0.0033867809 0.0039457777 0.0073325587 151.04000835756 -55.20596372992 1576.0 -7.572 5.175000000000001 -1.255661937713623 2.578067588806152 0.14232045 0.14332044 "" "" 21.42164672238293 "" 3.066064160287251 ""
150.91494035875 -55.4804749379 0.0241 0.0237 10.459 "" "" 5260075588791269120 1712.71912 0.5493 0.029 -7.62 4.308 0.034 0.029 0.967 6869.8 4.1883 15.608024 1.526853 16.312069 14.785216 "" "" 1641.02673 1804.73694 10758.1411 3.5531 4079.3 8.3266 9662.1 10.693 "" "" 0.0027785561030913815 0.0035632194 0.0039657936 0.007529013 150.91494035875 -55.4804749379 1712.71912 -7.620000000000001 4.308 -1.3036619377136232 1.7110675888061522 0.14432046 0.13932045 "" "" 17.46335545715251 "" 2.465432090909112 ""
151.4088861856 -55.25736694597 0.0242 0.0259 11.0661 "" "" 5259917911938473216 2110.56494 0.4366 0.0283 -4.887 1.566 0.032 0.032 1.037 7477.0 4.2987 15.608578 0.998056 16.019949 15.021893 "" "" 2011.72485 2246.20386 10752.64898 3.2688 5338.7 9.0434 7769.6 12.449 "" "" 0.00277501912797674 0.003341792 0.0041605392 0.0075023314 151.4088861856 -55.25736694597 2110.56494 -4.887 1.5660000000000012 1.4293380622863774 -1.0309324111938476 0.14232045 0.14232045 "" "" 17.63054862657532 "" 2.509187686930155 ""
150.92549581902 -55.31653127275 0.0251 0.0235 8.8393 "" "" 5260102389388561664 1860.72046 0.4967 0.0289 -9.25 4.153 0.034 0.029 1.053 6431.7 4.0698 15.609188 1.344091 16.204672 14.860581 "" "" 1770.96033 1966.25366 10746.61172 3.4182 4503.5 8.6774 9014.2 11.277 "" "" 0.002776877914770611 0.003487342 0.004016051 0.007503393 150.92549581902 -55.31653127275 1860.72046 -9.250000000000007 4.152999999999998 -2.933661937713623 1.556067588806152 0.14432046 0.13932045 "" "" 29.28884964198099 "" 4.195263513348291 ""
151.61324689837 -55.24302795203 0.0253 0.0273 17.3771 "" "" 5355994058304468608 1614.15344 0.5936 0.0296 -2.843 0.166 0.033 0.031 1.026 6003.9 4.3021 15.610166 1.106621 16.028465 14.921845 "" "" 1532.26392 1700.7439 10736.94072 4.473 5297.0 24.981 8519.6 20.543 "" "" 0.002792199816623438 0.0058312584 0.004597568 0.010428826 151.61324689837 -55.24302795203 1614.15344 -2.842999999999999 0.16600000000000067 3.473338062286377 -2.4309324111938477 0.14332044 0.14132045 "" "" 32.43691947351245 "" 4.627644490193423 ""
151.26567755202 -55.52192969096 0.0228 0.025 9.3962 "" "" 5259908669168915968 2226.68994 0.4253 0.0285 -3.757 2.78 0.029 0.033 1.056 9194.9 4.0128 15.613947 1.603066 16.35002 14.746953 "" "" 2082.59912 2396.24121 10699.60651 3.3261 3939.2 11.659 10009.0 15.242 "" "" 0.002775915184388948 0.004255772 0.0041252184 0.0083809905 151.26567755202 -55.52192969096 2226.68994 -3.756999999999997 2.7799999999999976 2.559338062286377 0.18306758880615215 0.13932045 0.14332044 "" "" 27.08157584095926 "" 3.7735765766596145 ""
150.58499972973 -55.41811408361 0.023 0.0217 19.8126 "" "" 5260078921685724288 1818.39587 0.524 0.0264 -7.718 6.927 0.032 0.028 1.041 5829.9 4.0701 15.618212 1.536459 16.317202 14.780743 "" "" 1735.1676 1894.74951 10657.66348 3.4744 4060.1 9.1487 9702.0 10.415 "" "" 0.002777961503900668 0.0037108567 0.0039550196 0.0076658763 150.58499972973 -55.41811408361 1818.39587 -7.718 6.926999999999998 -1.401661937713623 4.330067588806152 0.14232045 0.13832045 "" "" 39.22836860414297 "" 5.441162353137282 ""
151.73041741858 -55.43773852565 0.0236 0.0247 19.7078 "" "" 5259903652647331840 1571.41748 0.6004 0.0297 -12.494 8.478 0.031 0.031 1.075 5615.1 4.349 15.627924 1.155645 16.11591 14.960264 "" "" 1506.20215 1668.37158 10562.75639 3.8195 4887.1 11.504 8223.4 12.351 "" "" 0.00278315045961279 0.003783783 0.004116178 0.0078999605 151.73041741858 -55.43773852565 1571.41748 -12.494000000000007 8.478000000000007 -6.177661937713623 5.881067588806152 0.14132045 0.14132045 "" "" 63.531308802412966 "" 8.978273282085482 ""
151.58670395379 -55.46237127207 0.0246 0.0273 15.3498 "" "" 5259902690574623744 2172.53076 0.4412 0.0302 -8.78 3.951 0.031 0.031 1.051 7199.6 4.2128 15.628723 1.171102 16.131134 14.960031 "" "" 2030.84778 2351.89868 10554.98352 3.3927 4819.1 7.6677 8225.2 9.6524 "" "" 0.0027773337908278783 0.0032816732 0.0039883745 0.0072700474 151.58670395379 -55.46237127207 2172.53076 -8.78 3.9510000000000005 -2.4636619377136224 1.3540675888061524 0.14132045 0.14132045 "" "" 28.949683240593764 "" 4.091182323541066 ""
150.8884219728 -55.29444037766 0.0243 0.0226 10.5607 "" "" 5260102458107832320 1615.72253 0.5781 0.0285 -11.892 6.429 0.034 0.03 0.996 6367.1 4.3437 15.629191 1.132177 16.113857 14.98168 "" "" 1540.52002 1692.11816 10550.42683 3.1696 4896.4 8.788 8062.8 8.386 "" "" 0.0027745600515833233 0.003403285 0.0039444836 0.0073477686 150.8884219728 -55.29444037766 1615.72253 -11.892 6.429 -5.5756619377136225 3.8320675888061526 0.14432046 0.14032045 "" "" 51.81417839281354 "" 7.41198547325121 ""
150.67302668993 -55.35806971161 0.0264 0.0237 16.7082 "" "" 5260080777111625856 1894.10034 0.4899 0.0294 -6.757 5.394 0.036 0.031 1.102 7054.9 4.0823 15.631533 1.620951 16.381369 14.760418 "" "" 1801.80652 1980.44092 10527.7077 3.6845 3827.1 6.9628 9885.3 8.5385 "" "" 0.002781398878909946 0.0034186188 0.0038939978 0.0073126163 150.67302668993 -55.35806971161 1894.10034 -6.757 5.393999999999998 -0.4406619377136227 2.7970675888061525 0.14632045 0.14132045 "" "" 25.4219067693362 "" 3.595766923828091 ""
150.80357344636 -55.58815472893 0.0265 0.0265 17.5852 "" "" 5260073286688865792 1531.10071 0.6178 0.0303 -2.178 2.599 0.037 0.034 1.164 6671.0 4.0988 15.635928 1.717355 16.453897 14.736543 "" "" 1476.90112 1588.80237 10485.17186 3.9807 3579.8 8.3725 10105.0 9.9255 "" "" 0.0027859824865451204 0.0037727032 0.0039269635 0.0076996665 150.80357344636 -55.58815472893 1531.10071 -2.178 2.5989999999999984 4.138338062286377 0.0020675888061525427 0.14732045 0.14432046 "" "" 30.033650265606532 "" 4.424570830556132 ""
150.68941945875 -55.22023547268 0.0265 0.0226 18.6743 "" "" 5260117095334184832 1726.30811 0.5434 0.0281 -5.972 17.674 0.034 0.03 1.097 6004.7 4.2333 15.637081 1.119228 16.050032 14.930803 "" "" 1639.36621 1838.71411 10474.04012 3.8576 5192.8 37.116 8449.6 33.569 "" "" 0.0027841859927632685 0.008246745 0.0057349573 0.013981702 150.68941945875 -55.22023547268 1726.30811 -5.972000000000009 17.674 0.34433806228637653 15.077067588806152 0.14432046 0.14032045 "" "" 123.40329851438791 "" 17.316267387380684 ""
151.16933099095 -55.49346592853 0.024 0.0254 7.0042 "" "" 5259910455875306368 1541.52698 0.6218 0.0289 0.359 -5.746 0.032 0.031 0.996 5265.4 4.1991 15.64297 1.319459 16.22772 14.908261 "" "" 1473.5481 1610.64661 10417.38315 3.0384 4408.9 7.9818 8626.9 16.548 "" "" 0.002773458308424775 0.0034130085 0.004315221 0.0077282297 151.16933099095 -55.49346592853 1541.52698 0.3590000000000002 -5.746 6.675338062286377 -8.342932411193848 0.14232045 0.14132045 "" "" 78.07200173793602 "" 11.063708840336194 ""
151.55517587038 -55.08552814 0.0259 0.0276 22.0565 "" "" 5355997601669579648 1557.49976 0.6106 0.0312 -1.89 -2.04 0.035 0.032 1.092 5224.7 4.3034 15.643231 0.972959 16.043505 15.070546 "" "" 1501.71033 1626.17017 10414.88181 4.0433 5224.1 8.5428 7429.2 7.888 "" "" 0.0027873748358305263 0.0033071646 0.003951284 0.0072584487 151.55517587038 -55.08552814 1557.49976 -1.8899999999999997 -2.039999999999999 4.426338062286377 -4.636932411193848 0.14532045 0.14232045 "" "" 47.3253115769505 "" 6.803419986424919 ""
151.19540903468 -55.19163529906 0.0248 0.0255 11.169 "" "" 5260109811071585280 2059.35547 0.4504 0.0283 -6.303 2.73 0.034 0.037 0.945 7113.4 4.1753 15.646685 1.027597 16.046934 15.019338 "" "" 1928.73792 2183.31567 10381.80172 3.4954 5207.7 12.537 7788.0 17.231 "" "" 0.0027794634781330486 0.0038232168 0.004478201 0.008301417 151.19540903468 -55.19163529906 2059.35547 -6.303000000000001 2.7300000000000004 0.013338062286377017 0.13306758880615233 0.14432046 0.14732045 "" "" 1.3054275105049709 "" 0.1922776044301691 ""
150.61930085397 -55.37900381575 0.0232 0.0217 18.4978 "" "" 5260080536593444608 1988.41858 0.4739 0.0268 -9.562 5.766 0.032 0.029 0.974 7546.2 4.0315 15.651215 1.648904 16.426886 14.777982 "" "" 1870.6886 2083.01196 10338.5776 3.2982 3670.0 6.2498 9726.7 8.7134 "" "" 0.0027770058867299355 0.0033471857 0.0039025287 0.0072497143 150.61930085397 -55.37900381575 1988.41858 -9.561999999999992 5.766 -3.2456619377136224 3.1690675888061524 0.14232045 0.13932045 "" "" 42.754365223716505 "" 6.022561562552788 ""
150.74120567796 -55.20794235594 0.0258 0.0227 17.5848 "" "" 5260106856154118528 2207.83447 0.4245 0.0279 -6.544 3.336 0.032 0.03 0.979 5662.5 4.1136 15.653642 1.431002 16.299286 14.868284 "" "" 2071.58862 2328.83545 10315.49657 3.1751 4127.6 10.272 8950.4 10.705 "" "" 0.0027755128170762473 0.0038840354 0.0039962525 0.007880288 150.74120567796 -55.20794235594 2207.83447 -6.544000000000003 3.336000000000001 -0.22766193771362264 0.7390675888061522 0.14232045 0.14032045 "" "" 8.09308143362993 "" 1.1370367218691437 ""
151.23452728816 -55.12841880084 0.0257 0.0243 15.1086 "" "" 5260110395207670016 1675.84607 0.5628 0.0285 -5.477 3.677 0.035 0.033 1.021 6331.8 4.3088 15.65586 1.081206 16.106085 15.024878 "" "" 1607.69763 1754.31372 10294.43824 3.2413 4931.5 9.9812 7748.3 9.9032 "" "" 0.0027764462330983363 0.0035516242 0.004026092 0.0075777164 151.23452728816 -55.12841880084 1675.84607 -5.477000000000001 3.676999999999998 0.8393380622863766 1.0800675888061524 0.14532045 0.14332044 "" "" 10.865590932031312 "" 1.5654790122243654 ""
151.0892902371 -55.35300066197 0.0252 0.0263 2.8588 "" "" 5259913513891758592 1958.92126 0.4772 0.0297 -7.393 4.852 0.034 0.032 0.969 7166.2 4.3014 15.656463 1.180946 16.160858 14.979912 "" "" 1846.547 2078.2417 10288.72731 3.6769 4688.9 11.13 8075.9 9.3371 "" "" 0.002782506464663528 0.0037982918 0.0039823973 0.007780689 151.0892902371 -55.35300066197 1958.92126 -7.392999999999997 4.851999999999996 -1.0766619377136228 2.2550675888061527 0.14432046 0.14232045 "" "" 23.20305801235191 "" 3.310933515919824 ""
151.62677041901 -55.27021996467 0.0265 0.0284 17.1088 "" "" 5355993959535036544 1622.12097 0.5878 0.0306 -9.834 3.75 0.034 0.032 1.054 5846.9 4.0904 15.660104 1.338896 16.25527 14.916374 "" "" 1556.01526 1715.70544 10254.27985 3.4546 4298.4 8.3848 8562.7 11.162 "" "" 0.0027794932154749014 0.0035029482 0.004035699 0.0075386474 151.62677041901 -55.27021996467 1622.12097 -9.834 3.75 -3.5176619377136227 1.1530675888061523 0.14432046 0.14232045 "" "" 28.46279184973334 "" 4.102274623764854 ""
150.68715264958 -55.20331283066 0.0254 0.0217 19.2731 "" "" 5260117164075617280 2048.88208 0.4549 0.027 -6.04 1.859 0.032 0.028 1.042 5674.1 4.109 15.660189 1.336549 16.254936 14.918387 "" "" 1956.82068 2148.87476 10253.47954 3.1458 4299.7 10.279 8546.8 8.2724 "" "" 0.002775382835639289 0.0038107957 0.0039227633 0.0077335592 150.68715264958 -55.20331283066 2048.88208 -6.040000000000001 1.8589999999999984 0.2763380622863769 -0.7379324111938477 0.14232045 0.13832045 "" "" 7.652592231898316 "" 1.0623221872415973 ""
151.68738740964 -55.47396924548 0.0241 0.0256 18.8176 "" "" 5259903102891499264 1693.10168 0.555 0.0299 -6.028 3.437 0.031 0.03 1.065 6300.5 4.302 15.66207 1.105024 16.12917 15.024145 "" "" 1604.32239 1776.87256 10235.72166 3.0851 4827.8 9.1376 7753.5 9.165 "" "" 0.0027746855154123463 0.0034652536 0.003991343 0.007456597 151.68738740964 -55.47396924548 1693.10168 -6.028000000000003 3.4369999999999994 0.2883380622863774 0.8400675888061522 0.14132045 0.14032045 "" "" 7.127861553452521 "" 1.0009383561714045 ""
150.69583056937 -55.29934794475 0.0251 0.0229 16.5696 "" "" 5260104622771309440 1724.30627 0.5514 0.0284 -6.655 6.311 0.035 0.032 1.067 5883.4 4.1486 15.664177 1.184497 16.172018 14.987521 "" "" 1638.00415 1814.66077 10215.88262 3.7553 4641.0 9.2498 8019.5 8.8978 "" "" 0.0027840758855546517 0.0035309603 0.003966724 0.007497684 150.69583056937 -55.29934794475 1724.30627 -6.655000000000003 6.310999999999995 -0.3386619377136233 3.7140675888061523 0.14532045 0.14232045 "" "" 30.481795557779293 "" 4.338944912369547 ""
150.86333345434 -55.26364656573 0.027 0.0234 12.2474 "" "" 5260105516124555008 1857.53577 0.5022 0.0288 -8.96 3.647 0.037 0.03 1.008 5649.5 4.146 15.664355 1.218293 16.194807 14.976514 "" "" 1772.68433 1949.61719 10214.20953 2.9224 4544.6 9.6557 8101.3 10.151 "" "" 0.0027727761212570324 0.003620281 0.0040167794 0.0076370602 150.86333345434 -55.26364656573 1857.53577 -8.96 3.647000000000001 -2.643661937713624 1.0500675888061521 0.14732045 0.14032045 "" "" 25.04565950211586 "" 3.6663403982721308 ""
150.59832857303 -55.2337627583 0.0241 0.0212 21.0743 "" "" 5260116889197678336 1999.98926 0.4604 0.0263 -6.581 2.862 0.031 0.028 1.036 5348.3 4.1614 15.665179 1.319515 16.219343 14.899828 "" "" 1927.75781 2094.75269 10206.45676 3.4661 4443.0 13.569 8694.1 23.29 "" "" 0.0027798812741209513 0.004333585 0.004768973 0.009102559 150.59832857303 -55.2337627583 1999.98926 -6.581 2.862 -0.26466193771362345 0.26506758880615244 0.14132045 0.13832045 "" "" 3.55095619937779 "" 0.49651670351600546 ""
151.06667684706 -55.37520730072 0.0245 0.0261 3.2481 "" "" 5259913376452801664 1985.37354 0.4671 0.0288 -6.365 2.638 0.033 0.032 0.989 9625.6 4.4393 15.669646 1.104669 16.128454 15.023786 "" "" 1872.94519 2100.4231 10164.55147 3.3127 4831.0 10.357 7756.1 7.8332 "" "" 0.002777948641403343 0.003633606 0.003935239 0.0075688446 151.06667684706 -55.37520730072 1985.37354 -6.365000000000002 2.637999999999998 -0.04866193771362326 0.041067588806152244 0.14332044 0.14232045 "" "" 0.5992263266609937 "" 0.08563263633363359 ""
150.71808856667 -55.193524876 0.0263 0.0221 18.7326 "" "" 5260118607184640896 2220.74487 0.4172 0.0279 -8.125 5.071 0.033 0.029 0.983 6700.2 4.1556 15.673512 1.353325 16.275696 14.922371 "" "" 2107.01807 2337.69214 10128.42585 3.0424 4218.3 7.9819 8515.5 9.5538 "" "" 0.002774554748564537 0.0034649337 0.0039708368 0.0074357707 150.71808856667 -55.193524876 2220.74487 -8.125000000000004 5.071000000000002 -1.808661937713623 2.474067588806152 0.14332044 0.13932045 "" "" 32.259843597811084 "" 4.539815538137062 ""
151.45367782095 -55.15784738573 0.0245 0.0254 16.4946 "" "" 5355998391940946048 1871.35339 0.5072 0.0286 -3.927 6.979 0.033 0.031 0.989 5515.4 4.1998 15.676362 1.169825 16.162468 14.992643 "" "" 1753.63782 1962.10449 10101.8756 3.4079 4682.0 9.1993 7981.8 11.983 "" "" 0.002779558945919669 0.003512254 0.0041159014 0.0076281554 151.45367782095 -55.15784738573 1871.35339 -3.9269999999999996 6.978999999999999 2.389338062286377 4.382067588806152 0.14332044 0.14132045 "" "" 44.27246233761464 "" 6.277006368915427 ""
150.80587508346 -55.67732620851 0.025 0.023 21.71 "" "" 5260072427695394304 1817.37891 0.5215 0.028 -6.506 3.985 0.033 0.03 1.052 7976.0 4.3514 15.677516 1.495296 16.35992 14.864625 "" "" 1741.26514 1902.77148 10091.13912 3.3413 3903.5 11.125 8980.7 9.146 "" "" 0.002778674154817338 0.004166543 0.0039378097 0.008104352 150.80587508346 -55.67732620851 1817.37891 -6.506000000000001 3.9850000000000008 -0.18966193771362327 1.3880675888061522 0.14332044 0.14032045 "" "" 12.068440397182922 "" 1.6941195035383199 ""
