Clusters/BH_87/BH_87_stars_in_region.tsv
# %ECSV 1.0
# ---
# datatype:
# - name: RA_ICRS_1
#   unit: deg
#   datatype: float64
#   format: '{:15.11f}'
#   description: Right ascension (ICRS) at Ep=2016.0 (ra)
#   meta: !!omap
#   - {ucd: POS_EQ_RA_MAIN}
#   - {width: 15}
#   - {precision: '11'}
# - name: DE_ICRS_1
#   unit: deg
#   datatype: float64
#   format: '{:15.11f}'
#   description: Declination (ICRS) at Ep=2016.0 (dec)
#   meta: !!omap
#   - {ucd: POS_EQ_DEC_MAIN}
#   - {width: 15}
#   - {precision: '11'}
# - name: e_RA_ICRS
#   unit: mas
#   datatype: float64
#   format: '{:7.4f}'
#   description: Standard error of right ascension (ra_error)
#   meta: !!omap
#   - {ucd: ERROR}
#   - {width: 7}
#   - {precision: '4'}
# - name: e_DE_ICRS
#   unit: mas
#   datatype: float64
#   format: '{:7.4f}'
#   description: Standard error of declination (dec_error)
#   meta: !!omap
#   - {ucd: ERROR}
#   - {width: 7}
#   - {precision: '4'}
# - name: _r_1
#   unit: ''
#   datatype: float64
#   format: '{:7.4f}'
#   description: Distance from center (151.16191161000-55.37680488000)[ICRS], at Epoch=J2016.0
#   meta: !!omap
#   - {ucd: POS_ANG_DIST_GENERAL}
#   - {width: 7}
#   - {precision: '4'}
# - name: HIP
#   datatype: int32
#   description: '? HIP cross-id number, van Leeuwen, Cat. I/311 (hip_original_ext_source_id)'
#   meta: !!omap
#   - {ucd: ID_NUMBER}
#   - {width: 6}
#   - values: {'null': -2147483648}
# - name: TYC2
#   datatype: string
#   description: Tycho-2 cross-id name, Hog et al., Cat. I/259 (tyc2_original_ext_source_id)
#   meta: !!omap
#   - {ucd: ID_CROSSID}
#   - {_votable_string_dtype: char}
# - name: Source
#   datatype: int64
#   description: Source identifier, identical to the Gaia-EDR3 source_id (id)
#   meta: !!omap
#   - {ucd: ID_MAIN}
#   - {width: 19}
# - name: rgeo
#   unit: pc
#   datatype: float64
#   format: '{:15.8f}'
#   description: '? Median of the geometric distance posterior (r_med_geo)'
#   meta: !!omap
#   - {ucd: PHYS_DISTANCE_TRUE}
#   - {width: 15}
#   - {precision: '8'}
#   - values: {'null': .nan}
# - name: Plx
#   unit: mas
#   datatype: float64
#   format: '{:9.4f}'
#   description: '? Parallax (parallax)'
#   meta: !!omap
#   - {ucd: POS_PARLX_TRIG}
#   - {width: 9}
#   - {precision: '4'}
#   - values: {'null': .nan}
# - name: e_Plx
#   unit: mas
#   datatype: float32
#   format: '{:7.4f}'
#   description: '? Standard error of parallax (parallax_error)'
#   meta: !!omap
#   - {ucd: ERROR}
#   - {width: 7}
#   - {precision: '4'}
#   - values: {'null': .nan}
# - name: pmRA
#   unit: mas / yr
#   datatype: float64
#   format: '{:9.3f}'
#   description: '? Proper motion in right ascension direction, pmRA*cosDE (pmra)'
#   meta: !!omap
#   - {ucd: POS_EQ_PMRA}
#   - {width: 9}
#   - {precision: '3'}
#   - values: {'null': .nan}
# - name: pmDE
#   unit: mas / yr
#   datatype: float64
#   format: '{:9.3f}'
#   description: '? Proper motion in declination direction (pmdec)'
#   meta: !!omap
#   - {ucd: POS_EQ_PMDEC}
#   - {width: 9}
#   - {precision: '3'}
#   - values: {'null': .nan}
# - name: e_pmRA
#   unit: mas / yr
#   datatype: float32
#   format: '{:6.3f}'
#   description: '? Standard error of proper motion in right ascension direction (pmra_error)'
#   meta: !!omap
#   - {ucd: ERROR}
#   - {width: 6}
#   - {precision: '3'}
#   - values: {'null': .nan}
# - name: e_pmDE
[...]
#         value: !astropy.table.SerializedColumn {name: SkyCoord.dec}
#       distance: !astropy.table.SerializedColumn
#         __class__: astropy.coordinates.distances.Distance
#         unit: !astropy.units.Unit {unit: pc}
#         value: !astropy.table.SerializedColumn {name: SkyCoord.distance}
#       frame: icrs
#       obstime: !astropy.time.Time {format: jyear_str, in_subfmt: '*', jd1: 367701545.0, jd2: 0.0, out_subfmt: '*', precision: 3, scale: tt}
#       pm_dec: !astropy.table.SerializedColumn
#         __class__: astropy.units.quantity.Quantity
#         unit: !astropy.units.Unit {unit: mas / yr}
#         value: !astropy.table.SerializedColumn {name: SkyCoord.pm_dec}
#       pm_ra_cosdec: !astropy.table.SerializedColumn
#         __class__: astropy.units.quantity.Quantity
#         unit: !astropy.units.Unit {unit: mas / yr}
#         value: !astropy.table.SerializedColumn {name: SkyCoord.pm_ra_cosdec}
#       ra: !astropy.table.SerializedColumn
#         __class__: astropy.coordinates.angles.Longitude
#         unit: *id001
#         value: !astropy.table.SerializedColumn {name: SkyCoord.ra}
#         wrap_angle: !astropy.coordinates.Angle
#           unit: *id001
#           value: 360.0
#       representation_type: spherical
# schema: astropy-2.0
RA_ICRS_1 DE_ICRS_1 e_RA_ICRS e_DE_ICRS _r_1 HIP TYC2 Source rgeo Plx e_Plx pmRA pmDE e_pmRA e_pmDE RUWE Teff logg Gmag BP-RP BPmag RPmag RV e_RV b_rgeo B_rgeo FG e_FG FBP e_FBP FRP e_FRP RAVE5 RAVE6 e_Gmag e_BPmag e_RPmag e_BP-RP SkyCoord.ra SkyCoord.dec SkyCoord.distance SkyCoord.pm_ra_cosdec SkyCoord.pm_dec rmRA rmDE e_rmRA e_rmDE rRV e_rRV v_pec v_pec3d e_vpec e_vpec3d
[from data line 251]
151.33004057951 -55.27447315432 0.0153 0.0155 8.4045 "" "" 5259920763796734592 1852.09619 0.5027 0.0174 -5.497 3.69 0.02 0.02 1.041 8988.4 4.2502 14.473374 0.745001 14.763957 14.018956 "" "" 1809.25537 1903.36816 30591.24648 7.0881 16976.0 16.055 19569.0 9.959 "" "" 0.0027667808587826504 0.002973118 0.00381956 0.006792678 151.33004057951 -55.27447315432 1852.09619 -5.496999999999997 3.6899999999999995 0.8193380622863771 1.0930675888061523 0.13032044 0.13032044 "" "" 11.992526530343216 "" 1.562871390548078 ""
151.50903941345 -55.34711688767 0.0163 0.0166 11.9715 "" "" 5259916503189472128 2253.06152 0.4114 0.0189 -6.609 5.178 0.021 0.02 1.055 "" "" 14.479808 1.019234 14.899905 13.880672 62.14 21.9 2163.07324 2363.04517 30410.51032 6.1108 14978.0 13.276 22227.0 15.065 "" "" 0.0027639443450533496 0.0029514718 0.0038503585 0.0068018306 151.50903941345 -55.34711688767 2253.06152 -6.608999999999999 5.177999999999995 -0.29266193771362303 2.5810675888061523 0.13132045 0.13032044 "" "" 27.741171596043067 "" 3.6155952894971546 ""
151.51051840109 -55.38589692542 0.0167 0.0198 11.8954 "" "" 5259914819562143744 1880.38416 0.4975 0.0194 -7.004 2.131 0.021 0.024 1.035 8701.1 4.2542 14.490324 0.816385 14.811619 13.995234 "" "" 1805.62085 1949.99463 30117.3646 7.7295 16247.0 20.396 20002.0 16.955 "" "" 0.0027693744989294405 0.0031052888 0.003889827 0.006995116 151.51051840109 -55.38589692542 1880.38416 -7.004000000000003 2.131000000000001 -0.6876619377136226 -0.4659324111938479 0.13132045 0.13432045 "" "" 7.403560747913494 "" 0.9792816122960474 ""
151.58878597189 -55.27348043006 0.0155 0.0169 15.8353 "" "" 5355993890815551744 1954.49731 0.4724 0.0191 -4.585 1.627 0.021 0.019 1.057 5023.4 2.9086 14.505758 2.199076 15.653796 13.454721 -21.26 2.59 1892.88379 2030.9458 29692.28422 8.9301 7479.9 13.481 32906.0 18.764 "" "" 0.002774602331297287 0.0034079596 0.0038297568 0.0072377166 151.58878597189 -55.27348043006 1954.49731 -4.585000000000001 1.6269999999999976 1.731338062286377 -0.9699324111938477 0.13132045 0.12932044 "" "" 18.385177906958624 "" 2.40561726502422 ""
151.69803648953 -55.41108328974 0.0142 0.0148 18.3843 "" "" 5259903721366836480 2255.82446 0.4055 0.0174 -5.985 3.841 0.018 0.018 0.973 7999.3 4.1573 14.516287 0.740047 14.801324 14.061277 "" "" 2185.02368 2335.38867 29405.72715 6.964 16402.0 21.572 18821.0 24.419 "" "" 0.002767291952766774 0.0031343477 0.004033371 0.0071677184 151.69803648953 -55.41108328974 2255.82446 -5.985000000000004 3.841000000000001 0.33133806228637663 1.2440675888061525 0.12832046 0.12832046 "" "" 13.766038525201214 "" 1.766464334688466 ""
151.4368208077 -55.17854131209 0.0146 0.0149 15.1585 "" "" 5355998254502159488 1942.47522 0.4814 0.0169 -8.781 5.992 0.019 0.018 0.966 8356.8 4.1655 14.518964 0.72543 14.798381 14.072951 "" "" 1882.2179 1998.42871 29333.31092 8.4075 16446.0 12.698 18620.0 12.375 "" "" 0.0027728380086824832 0.002913382 0.003847651 0.006761033 151.4368208077 -55.17854131209 1942.47522 -8.781 5.992000000000001 -2.4646619377136236 3.3950675888061523 0.12932044 0.12832046 "" "" 38.62807122233279 "" 4.970136960930978 ""
151.03370625759 -55.36015015214 0.0152 0.0155 4.4843 "" "" 5260101118078247424 2020.07019 0.4639 0.0177 -10.504 1.552 0.021 0.019 1.028 "" "" 14.521919 1.954064 15.502998 13.548934 30.1 2.67 1933.98413 2117.104 29253.58681 6.8827 8594.4 10.689 30171.0 12.806 "" "" 0.0027671363418549145 0.0030997563 0.0038073743 0.0069071306 151.03370625759 -55.36015015214 2020.07019 -10.503999999999994 1.5519999999999996 -4.187661937713623 -1.0449324111938476 0.13132045 0.12932044 "" "" 41.32687200756255 "" 5.422253382954346 ""
150.60708621438 -55.34144524828 0.0154 0.0139 19.0413 "" "" 5260092768660312064 2273.08276 0.4068 0.0172 -6.841 3.847 0.021 0.018 1.015 7986.2 3.4757 14.525372 1.259959 15.073611 13.813652 27.82 7.84 2192.60205 2362.89771 29160.67417 5.7019 12764.0 12.772 23643.0 14.255 "" "" 0.0027634869165938394 0.0029942193 0.0038356555 0.0068298746 150.60708621438 -55.34144524828 2273.08276 -6.841000000000002 3.8469999999999978 -0.5246619377136232 1.2500675888061523 0.13132045 0.12832046 "" "" 14.606936836212569 "" 1.8809968600808025 ""
151.20037659423 -55.65036531591 0.0143 0.0158 16.4656 "" "" 5259882899364264064 1963.2074 0.4747 0.0164 -6.943 4.64 0.02 0.02 1.062 "" "" 14.532263 1.489428 15.209111 13.719684 6.96 9.02 1895.99353 2037.67969 28976.21376 6.1053 11266.0 16.945 25780.0 16.298 "" "" 0.0027648006897499004 0.0032329336 0.0038412067 0.00707414 151.20037659423 -55.65036531591 1963.2074 -6.943 4.64 -0.6266619377136227 2.043067588806152 0.13032044 0.13032044 "" "" 19.886207362165703 "" 2.5915793868955372 ""
151.53563350407 -55.24040932829 0.016 0.0161 15.1608 "" "" 5355994200053028480 1541.82654 0.6147 0.0185 -8.559 2.823 0.02 0.019 1.054 6699.8 4.1672 14.537019 0.759105 14.831957 14.072852 -22.68 12.77 1506.52295 1575.57788 28849.5618 6.3479 15945.0 12.339 18622.0 12.419 "" "" 0.0027656576714412016 0.0029139277 0.0038481182 0.006762046 151.53563350407 -55.24040932829 1541.82654 -8.559000000000001 2.823000000000004 -2.2426619377136223 0.2260675888061523 0.13032044 0.12932044 "" "" 16.473012680737984 "" 2.146605263876989 ""
151.37207959905 -55.64296892713 0.0142 0.0146 17.4935 "" "" 5259894031920497280 1653.92493 0.5706 0.0169 -5.28 4.192 0.019 0.018 1.099 "" "" 14.542317 1.330641 15.127407 13.796766 "" "" 1612.52087 1700.84998 28709.11186 7.6438 12147.0 16.691 24013.0 19.607 "" "" 0.002770443110571202 0.0031639836 0.0038819644 0.007045948 151.37207959905 -55.64296892713 1653.92493 -5.280000000000004 4.192000000000001 1.0363380622863767 1.5950675888061525 0.12932044 0.12832046 "" "" 14.91223200673961 "" 1.9179828250938633 ""
151.04993323495 -55.73901774859 0.0152 0.0143 22.0625 "" "" 5259880837779931904 1522.03333 0.6199 0.0171 -4.964 14.846 0.021 0.017 1.102 5661.3 3.7804 14.550488 1.199463 15.07081 13.871347 0.91 6.83 1482.1106 1565.85046 28493.87513 4.5324 12797.0 10.084 22419.0 15.425 "" "" 0.002760727419594371 0.0029183945 0.0038525015 0.006770896 151.04993323495 -55.73901774859 1522.03333 -4.9639999999999995 14.846000000000002 1.3523380622863765 12.249067588806152 0.13132045 0.12732045 "" "" 88.90707462405834 "" 11.324038009505273 ""
151.2645157324 -55.07891375319 0.015 0.0147 18.215 "" "" 5356187439231035904 1996.65967 0.4653 0.0174 -7.742 4.721 0.02 0.018 1.049 "" "" 14.551898 0.699075 14.809465 14.110391 "" "" 1924.66309 2064.71997 28456.89072 7.8384 16279.0 16.959 17989.0 14.847 "" "" 0.002771502974009785 0.003010716 0.0038841628 0.006894879 151.2645157324 -55.07891375319 1996.65967 -7.741999999999997 4.721 -1.425661937713623 2.1240675888061524 0.13032044 0.12832046 "" "" 24.21083915336453 "" 3.1218652034294903 ""
150.96692722146 -55.43904490072 0.0342 0.0359 7.6198 "" "" 5260099022134176384 1826.6416 0.5082 0.0416 -3.007 3.428 0.047 0.046 2.381 5498.0 2.8394 14.553318 2.571349 15.954108 13.382759 40.82 2.15 1705.58972 1941.21143 28419.7141 19.044 5672.5 11.664 35160.0 22.783 "" "" 0.0028497575755523806 0.0035734072 0.0038443063 0.0074177133 150.96692722146 -55.43904490072 1826.6416 -3.0070000000000014 3.4280000000000017 3.309338062286377 0.8310675888061523 0.15732044 0.15632045 "" "" 29.542877249658282 "" 4.645951104580045 ""
151.77122086219 -55.33002655034 0.017 0.0158 20.9726 "" "" 5355980868474723968 1535.49902 0.6169 0.0191 -5.585 3.664 0.021 0.018 1.054 6052.8 4.0949 14.562137 0.881687 14.915154 14.033466 43.86 7.84 1497.39526 1580.86865 28189.81797 5.8946 14769.0 13.911 19310.0 13.503 "" "" 0.0027646578018703004 0.0029716801 0.003854887 0.0068265675 151.77122086219 -55.33002655034 1535.49902 -5.585000000000002 3.6640000000000006 0.731338062286377 1.0670675888061525 0.13132045 0.12832046 "" "" 9.415410608249596 "" 1.2172886554461564 ""
151.367975585 -55.10179118573 0.0211 0.023 17.9435 "" "" 5355999560172054016 1558.98987 0.6038 0.0252 -5.94 4.993 0.028 0.028 1.434 "" "" 14.564179 0.793633 14.875208 14.081574 -13.16 10.25 1499.93921 1636.61597 28136.82289 6.1495 15323.0 14.641 18473.0 12.278 "" "" 0.002765519560703242 0.0029767887 0.0038476586 0.0068244473 151.367975585 -55.10179118573 1558.98987 -5.94 4.993 0.37633806228637656 2.3960675888061527 0.13832045 0.13832045 "" "" 17.92307729814942 "" 2.479128045830672 ""
151.29969450255 -55.24023239253 0.0158 0.016 9.4491 "" "" 5259921073034241664 1766.24097 0.537 0.0178 -6.299 3.929 0.021 0.021 1.062 5040.6 3.1558 14.565855 1.769978 15.425106 13.655129 5.1 3.03 1701.33704 1835.7312 28093.44008 6.8947 9233.7 11.588 27359.0 16.758 "" "" 0.002768174710534511 0.0031050975 0.0038374474 0.006942545 151.29969450255 -55.24023239253 1766.24097 -6.298999999999997 3.9289999999999994 0.017338062286376577 1.3320675888061522 0.13132045 0.13132045 "" "" 11.152990754591332 "" 1.464615728264702 ""
151.07529814867 -55.241379915 0.0156 0.0157 8.6471 "" "" 5260107990025955968 2203.10864 0.4223 0.018 -6.344 2.646 0.02 0.02 0.962 9368.0 4.0046 14.571999 0.677493 14.830701 14.153208 "" "" 2105.36597 2289.30591 27934.90463 6.9126 15964.0 15.91 17293.0 12.209 "" "" 0.002768388116754626 0.0029926426 0.0038563337 0.006848976 151.07529814867 -55.241379915 2203.10864 -6.344000000000002 2.6459999999999995 -0.027661937713623352 0.04906758880615225 0.13032044 0.13032044 "" "" 0.5882153604854637 "" 0.07665648735966117 ""
151.73267621974 -55.52545406407 0.0216 0.0217 21.3711 "" "" 5259898395608014464 2144.11523 0.44 0.0268 -6.468 2.907 0.028 0.025 1.416 8713.8 3.5997 14.573366 0.836936 14.900045 14.063109 "" "" 2012.80042 2256.64062 27899.73869 9.5671 14976.0 16.374 18789.0 12.779 "" "" 0.002780360407453161 0.0030321986 0.0038508475 0.006883046 151.73267621974 -55.52545406407 2144.11523 -6.467999999999998 2.906999999999998 -0.15166193771362302 0.31006758880615237 0.13832045 0.13532045 "" "" 3.5080129678315073 "" 0.47675573087979933 ""
151.64266242812 -55.46424203711 0.0146 0.0157 17.191 "" "" 5259901900300651264 1642.33545 0.5674 0.0188 -3.527 1.084 0.018 0.018 0.968 7567.2 4.0015 14.578064 0.895136 14.937305 14.04217 "" "" 1584.88062 1694.82483 27779.29263 6.2055 14471.0 12.827 19155.0 10.817 "" "" 0.0027659743525128276 0.0029514811 0.0038287921 0.0067802733 151.64266242812 -55.46424203711 1642.33545 -3.5269999999999992 1.0839999999999996 2.789338062286377 -1.5129324111938476 0.12832046 0.12832046 "" "" 24.702527236040225 "" 3.1698395481933095 ""
151.09859340867 -55.15382851939 0.0153 0.0163 13.5526 "" "" 5260109433134823168 2010.64856 0.4631 0.0184 -10.566 7.064 0.02 0.021 0.947 6677.0 3.777 14.586492 1.200526 15.101287 13.900761 -2.96 12.09 1946.66052 2085.9436 27564.50938 5.3824 12442.0 13.27 21820.0 23.312 "" "" 0.002763464552460824 0.0030209254 0.0039533875 0.006974313 151.09859340867 -55.15382851939 2010.64856 -10.566 7.064 -4.249661937713624 4.467067588806152 0.13032044 0.13132045 "" "" 58.760856667673046 "" 7.688642114084985 ""
151.44435672161 -55.27591225632 0.0175 0.0175 11.3839 "" "" 5259918015017688448 1725.61743 0.5448 0.0204 -5.431 3.65 0.023 0.021 1.145 7991.2 3.9582 14.589028 0.771861 14.884074 14.112213 "" "" 1661.95215 1778.10852 27500.18343 7.5729 15198.0 13.159 17959.0 11.555 "" "" 0.0027714945524356847 0.0029442797 0.003843401 0.006787681 151.44435672161 -55.27591225632 1725.61743 -5.431000000000001 3.6499999999999995 0.8853380622863769 1.0530675888061523 0.13332045 0.13132045 "" "" 11.25310410547235 "" 1.4871241210168087 ""
150.94071435779 -55.63973070101 0.0149 0.0146 17.4743 "" "" 5259885098387425152 2026.23083 0.4547 0.0168 -5.37 3.638 0.019 0.019 1.01 "" "" 14.590976 2.534212 15.98245 13.448237 -11.38 1.89 1974.58008 2086.13379 27450.89041 8.1419 5526.3 9.9403 33103.0 16.796 "" "" 0.002774074879513255 0.0034057351 0.00381932 0.0072250552 150.94071435779 -55.63973070101 2026.23083 -5.37 3.638 0.9463380622863768 1.0410675888061522 0.12932044 0.12932044 "" "" 13.51237128905943 "" 1.7474258367109914 ""
151.13135182789 -55.39296442781 0.0176 0.0185 1.423 "" "" 5259913204654228608 2108.97144 0.4367 0.0213 -6.31 2.576 0.024 0.022 1.132 "" "" 14.591928 0.97775 14.979736 14.001986 "" "" 2027.19409 2210.20166 27426.83928 6.945 13916.0 14.747 19878.0 11.819 "" "" 0.0027690026081263527 0.003018089 0.0038341188 0.0068522077 151.13135182789 -55.39296442781 2108.97144 -6.3100000000000005 2.5759999999999987 0.006338062286377344 -0.02093241119384759 0.13432045 0.13232045 "" "" 0.21863312872597088 "" 0.028966609571327 ""
150.61855237975 -55.19751077022 0.0165 0.014 21.4569 "" "" 5260117301514557312 1877.26746 0.4982 0.0178 -4.262 4.434 0.021 0.018 1.04 6865.5 3.9139 14.594968 1.162596 15.088456 13.92586 4.88 6.98 1814.74915 1935.11487 27350.14133 5.3162 12590.0 15.767 21321.0 15.083 "" "" 0.0027633905877284953 0.0031038478 0.0038566396 0.0069604875 150.61855237975 -55.19751077022 1877.26746 -4.261999999999998 4.433999999999999 2.0543380622863774 1.8370675888061525 0.13132045 0.12832046 "" "" 24.522902804246435 "" 3.187878720294068 ""
151.09134933247 -55.20319351074 0.0155 0.0165 10.692 "" "" 5260108505421868672 2182.47168 0.4209 0.0181 -6.29 2.477 0.02 0.021 1.108 "" "" 14.595111 0.766862 14.890082 14.12322 "" "" 2099.04785 2286.34839 27346.54621 7.0035 15114.0 20.42 17777.0 15.377 "" "" 0.002769315116307692 0.0031522762 0.0038943214 0.0070465975 151.09134933247 -55.20319351074 2182.47168 -6.289999999999999 2.477 0.026338062286376918 -0.11993241119384779 0.13032044 0.13132045 "" "" 1.2702561106392025 "" 0.1667523694493943 ""
150.82137395302 -55.11348400265 0.0173 0.0165 19.6287 "" "" 5260113453223942912 1808.25061 0.5191 0.0183 -9.516 5.365 0.022 0.021 0.952 8618.4 4.1017 14.595922 0.847334 14.931691 14.084357 "" "" 1723.66016 1880.49622 27326.10476 6.1701 14546.0 13.212 18425.0 13.61 "" "" 0.0027662049519040833 0.002959319 0.0038635388 0.006822858 150.82137395302 -55.11348400265 1808.25061 -9.516 5.364999999999994 -3.199661937713623 2.7680675888061526 0.13232045 0.13132045 "" "" 36.26301405424255 "" 4.782849355792809 ""
150.92952375001 -55.28719226059 0.0161 0.0145 9.5819 "" "" 5260102526827524352 1904.17102 0.4917 0.0184 -6.189 3.921 0.021 0.018 0.935 "" "" 14.599075 0.856394 14.938477 14.082083 "" "" 1839.10376 1969.58777 27246.88078 5.3915 14455.0 18.524 18464.0 11.147 "" "" 0.0027636834205057585 0.0031178428 0.0038358017 0.0069536446 150.92952375001 -55.28719226059 1904.17102 -6.189 3.921 0.1273380622863769 1.3240675888061522 0.13132045 0.12832046 "" "" 12.00586948789971 "" 1.5409325382548973 ""
151.72837952067 -55.2144384057 0.0162 0.0178 21.6647 "" "" 5355984201369502848 1750.24878 0.5431 0.0199 -7.866 7.098 0.021 0.02 1.088 5737.7 3.9718 14.601872 1.214314 15.128756 13.914441 -14.51 3.99 1686.99817 1814.3446 27176.77751 5.6695 12132.0 9.6042 21547.0 12.605 "" "" 0.0027646143195996283 0.002919557 0.0038323817 0.0067519387 151.72837952067 -55.2144384057 1750.24878 -7.866 7.098 -1.5496619377136227 4.501067588806152 0.13132045 0.13032044 "" "" 39.492829526289924 "" 5.150922617580729 ""
151.00671151004 -55.43434490749 0.0156 0.016 6.3144 "" "" 5260099365731565824 1567.79382 0.6055 0.0191 -9.473 8.35 0.021 0.02 1.07 6017.7 3.8635 14.602039 1.527199 15.308529 13.78133 41.46 4.92 1525.79236 1611.71448 27172.59037 8.0269 10280.0 12.602 24357.0 14.318 "" "" 0.0027739246312852746 0.003091367 0.003832894 0.006924261 151.00671151004 -55.43434490749 1567.79382 -9.473 8.35 -3.156661937713624 5.753067588806152 0.13132045 0.13032044 "" "" 48.76586222862765 "" 6.366506397215417 ""
