Clusters/BH_87/BH_87_stars_in_region.tsv
# %ECSV 1.0
# ---
# datatype:
# - name: RA_ICRS_1
#   unit: deg
#   datatype: float64
#   format: '{:15.11f}'
#   description: Right ascension (ICRS) at Ep=2016.0 (ra)
#   meta: !!omap
#   - {ucd: POS_EQ_RA_MAIN}
#   - {width: 15}
#   - {precision: '11'}
# - name: DE_ICRS_1
#   unit: deg
#   datatype: float64
#   format: '{:15.11f}'
#   description: Declination (ICRS) at Ep=2016.0 (dec)
#   meta: !!omap
#   - {ucd: POS_EQ_DEC_MAIN}
#   - {width: 15}
#   - {precision: '11'}
# - name: e_RA_ICRS
#   unit: mas
#   datatype: float64
#   format: '{:7.4f}'
#   description: Standard error of right ascension (ra_error)
#   meta: !!omap
#   - {ucd: ERROR}
#   - {width: 7}
#   - {precision: '4'}
# - name: e_DE_ICRS
#   unit: mas
#   datatype: float64
#   format: '{:7.4f}'
#   description: Standard error of declination (dec_error)
#   meta: !!omap
#   - {ucd: ERROR}
#   - {width: 7}
#   - {precision: '4'}
# - name: _r_1
#   unit: ''
#   datatype: float64
#   format: '{:7.4f}'
#   description: Distance from center (151.16191161000-55.37680488000)[ICRS], at Epoch=J2016.0
#   meta: !!omap
#   - {ucd: POS_ANG_DIST_GENERAL}
#   - {width: 7}
#   - {precision: '4'}
# - name: HIP
#   datatype: int32
#   description: '? HIP cross-id number, van Leeuwen, Cat. I/311 (hip_original_ext_source_id)'
#   meta: !!omap
#   - {ucd: ID_NUMBER}
#   - {width: 6}
#   - values: {'null': -2147483648}
# - name: TYC2
#   datatype: string
#   description: Tycho-2 cross-id name, Hog et al., Cat. I/259 (tyc2_original_ext_source_id)
#   meta: !!omap
#   - {ucd: ID_CROSSID}
#   - {_votable_string_dtype: char}
# - name: Source
#   datatype: int64
#   description: Source identifier, identical to the Gaia-EDR3 source_id (id)
#   meta: !!omap
#   - {ucd: ID_MAIN}
#   - {width: 19}
# - name: rgeo
#   unit: pc
#   datatype: float64
#   format: '{:15.8f}'
#   description: '? Median of the geometric distance posterior (r_med_geo)'
#   meta: !!omap
#   - {ucd: PHYS_DISTANCE_TRUE}
#   - {width: 15}
#   - {precision: '8'}
#   - values: {'null': .nan}
# - name: Plx
#   unit: mas
#   datatype: float64
#   format: '{:9.4f}'
#   description: '? Parallax (parallax)'
#   meta: !!omap
#   - {ucd: POS_PARLX_TRIG}
#   - {width: 9}
#   - {precision: '4'}
#   - values: {'null': .nan}
# - name: e_Plx
#   unit: mas
#   datatype: float32
#   format: '{:7.4f}'
#   description: '? Standard error of parallax (parallax_error)'
#   meta: !!omap
#   - {ucd: ERROR}
#   - {width: 7}
#   - {precision: '4'}
#   - values: {'null': .nan}
# - name: pmRA
#   unit: mas / yr
#   datatype: float64
#   format: '{:9.3f}'
#   description: '? Proper motion in right ascension direction, pmRA*cosDE (pmra)'
#   meta: !!omap
#   - {ucd: POS_EQ_PMRA}
#   - {width: 9}
#   - {precision: '3'}
#   - values: {'null': .nan}
# - name: pmDE
#   unit: mas / yr
#   datatype: float64
#   format: '{:9.3f}'
#   description: '? Proper motion in declination direction (pmdec)'
#   meta: !!omap
#   - {ucd: POS_EQ_PMDEC}
#   - {width: 9}
#   - {precision: '3'}
#   - values: {'null': .nan}
# - name: e_pmRA
#   unit: mas / yr
#   datatype: float32
#   format: '{:6.3f}'
#   description: '? Standard error of proper motion in right ascension direction (pmra_error)'
#   meta: !!omap
#   - {ucd: ERROR}
#   - {width: 6}
#   - {precision: '3'}
#   - values: {'null': .nan}
# - name: e_pmDE
[...]
#         value: !astropy.table.SerializedColumn {name: SkyCoord.dec}
#       distance: !astropy.table.SerializedColumn
#         __class__: astropy.coordinates.distances.Distance
#         unit: !astropy.units.Unit {unit: pc}
#         value: !astropy.table.SerializedColumn {name: SkyCoord.distance}
#       frame: icrs
#       obstime: !astropy.time.Time {format: jyear_str, in_subfmt: '*', jd1: 367701545.0, jd2: 0.0, out_subfmt: '*', precision: 3, scale: tt}
#       pm_dec: !astropy.table.SerializedColumn
#         __class__: astropy.units.quantity.Quantity
#         unit: !astropy.units.Unit {unit: mas / yr}
#         value: !astropy.table.SerializedColumn {name: SkyCoord.pm_dec}
#       pm_ra_cosdec: !astropy.table.SerializedColumn
#         __class__: astropy.units.quantity.Quantity
#         unit: !astropy.units.Unit {unit: mas / yr}
#         value: !astropy.table.SerializedColumn {name: SkyCoord.pm_ra_cosdec}
#       ra: !astropy.table.SerializedColumn
#         __class__: astropy.coordinates.angles.Longitude
#         unit: *id001
#         value: !astropy.table.SerializedColumn {name: SkyCoord.ra}
#         wrap_angle: !astropy.coordinates.Angle
#           unit: *id001
#           value: 360.0
#       representation_type: spherical
# schema: astropy-2.0
RA_ICRS_1 DE_ICRS_1 e_RA_ICRS e_DE_ICRS _r_1 HIP TYC2 Source rgeo Plx e_Plx pmRA pmDE e_pmRA e_pmDE RUWE Teff logg Gmag BP-RP BPmag RPmag RV e_RV b_rgeo B_rgeo FG e_FG FBP e_FBP FRP e_FRP RAVE5 RAVE6 e_Gmag e_BPmag e_RPmag e_BP-RP SkyCoord.ra SkyCoord.dec SkyCoord.distance SkyCoord.pm_ra_cosdec SkyCoord.pm_dec rmRA rmDE e_rmRA e_rmDE rRV e_rRV v_pec v_pec3d e_vpec e_vpec3d
[from data line 629]
151.63487210179 -55.2845335317 0.0278 0.0339 17.0653 "" "" 5355982105425295872 2239.36011 0.4109 0.0326 -8.364 2.631 0.039 0.04 1.028 5533.2 4.1055 15.682071 1.423555 16.323168 14.899612 "" "" 2092.26147 2419.33154 10048.89555 3.4766 4037.8 12.352 8695.9 12.932 "" "" 0.0027808070015846727 0.0043378016 0.0041098404 0.0084476415 151.63487210179 -55.2845335317 2239.36011 -8.363999999999999 2.630999999999997 -2.047661937713624 0.03406758880615213 0.14932045 0.15032044 "" "" 21.73805259364561 "" 3.245941904922826 ""
150.6903025586 -55.39029936034 0.1579 0.1506 16.095 "" "" 5260079918118160896 1625.86292 0.6882 0.1871 -2.034 1.325 0.219 0.202 6.623 5103.6 4.3741 15.684625 1.277325 16.15737 14.880045 "" "" 1325.14221 2295.77148 10025.28948 15.755 4704.0 8.0983 8854.0 11.037 "" "" 0.0032408518310039196 0.003358404 0.0040144115 0.007372815 150.6903025586 -55.39029936034 1625.86292 -2.034000000000001 1.3250000000000002 4.282338062286377 -1.2719324111938477 0.32932043 0.31232047 "" "" 34.427186566333525 "" 11.291259986000346 ""
151.37241780388 -55.13046495282 0.0255 0.0263 16.4402 "" "" 5355999354013614080 1891.47437 0.4937 0.029 -3.718 3.407 0.033 0.032 1.024 7149.5 4.2763 15.685316 1.186615 16.189552 15.002937 "" "" 1801.28687 1977.03284 10018.90269 3.1101 4566.6 10.232 7906.5 9.3794 "" "" 0.002775857313859718 0.003701779 0.0039928267 0.0076946057 151.37241780388 -55.13046495282 1891.47437 -3.718000000000001 3.4070000000000005 2.598338062286377 0.8100675888061524 0.14332044 0.14232045 "" "" 24.401509330881787 "" 3.4950803492026816 ""
151.44092330055 -55.49701969839 0.0231 0.024 11.9257 "" "" 5259908222492343168 2200.53223 0.4197 0.0278 -6.352 2.581 0.03 0.029 0.984 8300.8 3.6088 15.686555 1.167202 16.185793 15.018591 "" "" 2072.12964 2351.95288 10007.47736 3.0101 4582.5 9.0647 7793.3 7.7296 "" "" 0.00277460618410095 0.0035210366 0.003929804 0.0074508404 151.44092330055 -55.49701969839 2200.53223 -6.352 2.581000000000001 -0.03566193771362336 -0.015932411193847695 0.14032045 0.13932045 "" "" 0.40740713037316356 "" 0.057099966331478624 ""
151.4147908758 -55.29778715551 0.0275 0.0293 9.846 "" "" 5259917705780029184 2141.62695 0.4291 0.0324 -6.272 1.612 0.036 0.036 1.106 7653.4 4.2108 15.688628 1.116583 16.160763 15.04418 "" "" 2017.04602 2305.60449 9988.38697 11.06 4689.3 23.549 7611.8 18.046 "" "" 0.0030061808497843577 0.0061248555 0.0045726895 0.0106975455 151.4147908758 -55.29778715551 2141.62695 -6.271999999999997 1.612 0.04433806228637671 -0.9849324111938476 0.14632045 0.14632045 "" "" 10.008481517707175 "" 1.4644454927219797 ""
150.84903313861 -55.18140150911 0.0273 0.0242 15.8678 "" "" 5260107096672323328 1966.63818 0.4765 0.0289 -5.608 3.772 0.034 0.03 0.978 6611.9 4.2586 15.692053 1.094779 16.143272 15.048493 "" "" 1880.51562 2073.75415 9956.93335 2.8072 4765.5 10.948 7581.6 13.687 "" "" 0.0027722716998456473 0.0037425442 0.0042574173 0.007999961 150.84903313861 -55.18140150911 1966.63818 -5.608000000000001 3.7719999999999976 0.7083380622863773 1.1750675888061521 0.14432046 0.14032045 "" "" 12.790083337676583 "" 1.8084873210035135 ""
150.72875873501 -55.60221169178 0.0255 0.0266 19.9928 "" "" 5260073561566651008 1727.81201 0.5457 0.0295 -6.526 2.497 0.036 0.036 1.103 9538.9 4.171 15.693295 1.75114 16.529799 14.778659 "" "" 1653.59753 1796.85828 9945.54403 3.4479 3338.1 9.3259 9720.6 9.3341 "" "" 0.0027809111625711 0.004121404 0.003920545 0.008041949 150.72875873501 -55.60221169178 1727.81201 -6.525999999999998 2.4969999999999968 -0.20966193771362285 -0.09993241119384777 0.14632045 0.14632045 "" "" 1.9021680328872295 "" 0.2783260774607186 ""
150.9175589702 -55.06361338105 0.0325 0.0335 20.5684 "" "" 5260113865519196288 1737.48108 0.5445 0.0368 3.028 0.148 0.042 0.041 1.32 6047.4 3.7998 15.696156 0.987077 15.968296 14.981219 "" "" 1624.3324 1848.9386 9919.38203 7.0707 5598.8 78.709 8066.2 83.985 "" "" 0.0028619500690113438 0.015516412 0.011919681 0.027436092 150.9175589702 -55.06361338105 1737.48108 3.028 0.14799999999999883 9.344338062286377 -2.4489324111938475 0.15232044 0.15132046 "" "" 79.55576414588658 "" 12.112872105691487 ""
150.58232004466 -55.24997043308 0.0249 0.0217 21.203 "" "" 5260116747443219072 2190.17969 0.4225 0.0266 -4.336 4.177 0.032 0.027 1.035 6969.4 4.1813 15.697178 1.13808 16.176537 15.038457 "" "" 2094.83569 2349.43896 9910.04634 2.8979 4621.7 9.4926 7652.0 8.3782 "" "" 0.002773551914237795 0.003571836 0.0039619333 0.007533769 150.58232004466 -55.24997043308 2190.17969 -4.335999999999999 4.176999999999997 1.9803380622863767 1.580067588806152 0.14232045 0.13732044 "" "" 26.300855128833565 "" 3.6925535466338353 ""
151.59857176457 -55.47957764178 0.0256 0.0255 16.0947 "" "" 5259901831581849216 1945.00623 0.4786 0.0296 -7.208 6.103 0.031 0.029 1.041 6200.0 4.0735 15.698251 1.266185 16.205717 14.939532 "" "" 1834.37463 2055.00562 9900.25594 3.55 4499.1 16.88 8382.0 34.505 "" "" 0.002782689188135714 0.0049374797 0.0058532157 0.010790695 151.59857176457 -55.47957764178 1945.00623 -7.208000000000002 6.1030000000000015 -0.8916619377136232 3.506067588806152 0.14132045 0.13932045 "" "" 33.35253610141709 "" 4.650769864176904 ""
151.52739245596 -55.45536035569 0.0253 0.026 13.3096 "" "" 5259902828013438080 2084.01245 0.448 0.0306 -6.746 6.826 0.031 0.03 1.067 5521.6 4.1205 15.701116 1.548878 16.41689 14.868011 "" "" 1941.58398 2220.63135 9874.16488 3.302 3703.9 11.684 8952.7 10.642 "" "" 0.002779139379315904 0.004417631 0.0039936686 0.008411299 151.52739245596 -55.45536035569 2084.01245 -6.746 6.825999999999999 -0.4296619377136235 4.229067588806152 0.14132045 0.14032045 "" "" 41.9907068346558 "" 5.892585396068297 ""
151.54444708615 -55.52288056985 0.0287 0.0303 15.6924 "" "" 5259902033431254272 1966.28137 0.4803 0.0348 -5.337 3.927 0.036 0.036 1.293 8089.6 3.6223 15.705051 1.12497 16.16232 15.037349 "" "" 1843.39722 2111.74707 9838.43875 3.6568 4682.6 11.935 7659.8 9.5214 "" "" 0.002784716051239188 0.0039297733 0.0040131244 0.007942898 151.54444708615 -55.52288056985 1966.28137 -5.337 3.9270000000000005 0.9793380622863772 1.3300675888061524 0.14632045 0.14632045 "" "" 15.39432821959501 "" 2.2525049913698885 ""
150.73359211052 -55.42450072555 0.0253 0.0238 14.8708 "" "" 5260079643240251008 1619.74512 0.5924 0.0298 -9.126 3.923 0.034 0.03 1.042 5906.9 4.1659 15.70674 1.237683 16.246466 15.008782 "" "" 1546.57458 1704.52429 9823.14988 3.5026 4333.4 9.0957 7864.0 10.137 "" "" 0.0027823845950055302 0.0036025804 0.0040301965 0.007632777 150.73359211052 -55.42450072555 1619.74512 -9.126 3.923 -2.8096619377136225 1.3260675888061524 0.14432046 0.14032045 "" "" 23.853297465637304 "" 3.425335047000412 ""
150.76019880496 -55.1035315754 0.0261 0.0236 21.3934 "" "" 5260119358777987072 1862.80005 0.5053 0.0278 -1.238 0.535 0.034 0.031 1.076 5674.5 4.2075 15.707841 1.329421 16.286022 14.956601 "" "" 1778.84119 1963.99426 9813.19591 2.8898 4178.4 7.3248 8251.2 15.615 "" "" 0.0027738089058007218 0.0033775207 0.0043018055 0.0076793265 150.76019880496 -55.1035315754 1862.80005 -1.238 0.535 5.078338062286377 -2.0619324111938475 0.14432046 0.14132045 "" "" 48.39520940017721 "" 6.964055226708108 ""
151.49294546515 -55.12855735662 0.0259 0.0266 18.7085 "" "" 5355998907337038080 2165.28003 0.4379 0.0299 -11.668 6.347 0.034 0.031 0.943 6107.5 3.8664 15.715622 1.319938 16.295538 14.9756 "" "" 2023.31104 2293.06201 9743.11545 4.0249 4141.9 9.0218 8108.1 10.137 "" "" 0.002791587243990535 0.0036575855 0.004015759 0.0076733446 151.49294546515 -55.12855735662 2165.28003 -11.668000000000001 6.3469999999999995 -5.351661937713622 3.7500675888061528 0.14432046 0.14132045 "" "" 67.06919478321959 "" 9.613660365711885 ""
151.09650268245 -55.0381528112 0.0265 0.0249 20.4421 "" "" 5260111838316548864 2160.67896 0.4278 0.0296 -7.954 3.862 0.033 0.033 0.998 6972.7 3.6456 15.721036 1.042552 16.15169 15.109138 "" "" 2030.23132 2301.94849 9694.65837 3.4877 4728.7 10.724 7169.7 11.18 "" "" 0.002782868453345704 0.0037212798 0.004141266 0.007862546 151.09650268245 -55.0381528112 2160.67896 -7.954 3.8620000000000014 -1.6376619377136228 1.2650675888061524 0.14332044 0.14332044 "" "" 21.193797645977064 "" 3.0375044303005616 ""
151.72392030007 -55.52530404473 0.0259 0.0263 21.097 "" "" 5259898601765762560 1736.50989 0.5485 0.0321 -6.16 4.462 0.033 0.031 1.032 6398.0 4.3252 15.722831 1.159046 16.220364 15.061317 "" "" 1653.23181 1818.62476 9678.6405 3.1387 4438.9 8.0955 7492.6 8.1824 "" "" 0.0027777257316904404 0.003421395 0.0039610094 0.0073824045 151.72392030007 -55.52530404473 1736.50989 -6.16 4.462 0.1563380622863768 1.865067588806152 0.14332044 0.14132045 "" "" 15.40531672880129 "" 2.177302815021123 ""
151.30346459255 -55.55919430664 0.027 0.0264 11.9556 "" "" 5259906367066580608 2070.96387 0.4558 0.0304 -6.391 2.662 0.034 0.034 0.982 9212.4 4.1056 15.723082 1.305772 16.295315 14.989543 "" "" 1925.40466 2200.35278 9676.40707 3.5159 4142.8 9.8459 8004.6 9.0402 "" "" 0.0027834186561833335 0.0038004569 0.003973324 0.0077737807 151.30346459255 -55.55919430664 2070.96387 -6.391000000000004 2.6620000000000017 -0.07466193771362306 0.06506758880615227 0.14432046 0.14432046 "" "" 0.9721772035140102 "" 0.1403050594372187 ""
150.69343494763 -55.38748400502 0.0234 0.0225 15.9813 "" "" 5260079918118162560 1555.36011 0.6152 0.028 -10.134 5.638 0.032 0.029 0.946 5284.1 4.3259 15.723775 0.994603 16.126562 15.131959 "" "" 1477.37305 1639.9303 9670.23279 3.9461 4839.4 10.055 7020.6 11.353 "" "" 0.0027907140940726604 0.003588038 0.004167296 0.007755334 150.69343494763 -55.38748400502 1555.36011 -10.134000000000002 5.638000000000001 -3.8176619377136234 3.0410675888061522 0.14232045 0.13932045 "" "" 35.983565518564745 "" 5.079562624767604 ""
151.74230097258 -55.37092382669 0.0299 0.033 19.7904 "" "" 5355980696676200832 2235.48975 0.4244 0.0345 -7.51 7.989 0.039 0.04 1.246 6243.8 4.089 15.725543 1.14001 16.195576 15.055566 "" "" 2070.80396 2430.34302 9654.49789 3.1548 4541.4 21.887 7532.4 15.747 "" "" 0.002778068120865886 0.005930056 0.0044085993 0.010338655 151.74230097258 -55.37092382669 2235.48975 -7.510000000000005 7.989 -1.1936619377136228 5.392067588806152 0.14932045 0.15032044 "" "" 58.518798820405124 "" 8.793846507807498 ""
151.58261978071 -55.49898812204 0.0239 0.0254 16.0874 "" "" 5259901419264295040 1597.599 0.6009 0.0294 -10.129 0.922 0.03 0.029 1.0 5419.0 4.2461 15.726809 1.324556 16.312468 14.987911 "" "" 1530.37219 1676.89343 9643.24206 3.2334 4077.8 11.973 8016.7 8.6856 "" "" 0.002779266376282021 0.0042364607 0.0039582164 0.0081946775 151.58261978071 -55.49898812204 1597.599 -10.129000000000003 0.9220000000000024 -3.8126619377136226 -1.6749324111938475 0.14032045 0.13932045 "" "" 31.535017658864682 "" 4.4199216640564165 ""
151.22626939405 -55.31734971221 0.0272 0.0275 4.1889 "" "" 5259919733004555136 1651.99817 0.5721 0.0318 -4.095 2.184 0.035 0.035 1.029 5968.3 4.2557 15.728598 1.146874 16.217651 15.070778 "" "" 1572.19177 1745.86646 9627.37248 3.1774 4450.0 8.2864 7427.6 8.6229 "" "" 0.002778523511070961 0.00344566 0.003984029 0.007429689 151.22626939405 -55.31734971221 1651.99817 -4.095 2.184 2.221338062286377 -0.4129324111938475 0.14532045 0.14532045 "" "" 17.692110774095095 "" 2.5710254159733634 ""
150.94043702451 -55.31689930004 0.0286 0.027 8.3673 "" "" 5260102183230134144 1765.18298 0.5377 0.0352 -1.098 -2.529 0.04 0.032 1.081 5383.8 4.2659 15.730461 1.28686 16.298079 15.011218 "" "" 1643.19727 1874.90271 9610.85977 3.0779 4132.2 8.094 7846.4 10.889 "" "" 0.0027771732584863863 0.0035082616 0.0040686643 0.0075769257 150.94043702451 -55.31689930004 1765.18298 -1.0980000000000005 -2.529 5.218338062286377 -5.125932411193848 0.15032044 0.14232045 "" "" 61.202656088360065 "" 8.96291634990747 ""
150.92656423083 -55.22744008223 0.026 0.0238 12.0386 "" "" 5260105997166264192 1657.94958 0.5777 0.0296 -7.981 5.02 0.033 0.03 1.028 5869.2 4.3572 15.731717 1.060574 16.173468 15.112893 "" "" 1571.18909 1751.03174 9599.74988 3.8619 4634.8 9.9664 7145.0 10.513 "" "" 0.002789725528747504 0.0036381157 0.0041031484 0.007741264 150.92656423083 -55.22744008223 1657.94958 -7.980999999999997 5.02 -1.664661937713623 2.423067588806152 0.14332044 0.14032045 "" "" 23.10285936373668 "" 3.2641870622507043 ""
151.57667798274 -55.20325687684 0.0251 0.0267 17.585 "" "" 5355994715449125504 1695.20776 0.5599 0.0298 -2.995 -1.269 0.033 0.031 1.018 6047.9 4.1938 15.736309 1.14513 16.222494 15.077364 "" "" 1590.58923 1838.95642 9559.23468 2.9306 4430.2 8.0016 7382.7 11.63 "" "" 0.002775352805601931 0.0034103626 0.004148382 0.007558745 151.57667798274 -55.20325687684 1695.20776 -2.9949999999999988 -1.2689999999999997 3.321338062286377 -3.865932411193848 0.14332044 0.14132045 "" "" 40.95372685892061 "" 5.822522622853693 ""
150.53042584181 -55.30059577416 0.025 0.0228 22.0282 "" "" 5260093112257695488 2244.25781 0.4106 0.0276 -6.508 2.679 0.032 0.028 0.938 6754.6 4.2019 15.736457 1.184976 16.23831 15.053334 "" "" 2120.94043 2374.00415 9557.93149 2.6407 4366.1 10.047 7547.9 8.2314 "" "" 0.0027716009971812273 0.0037452898 0.003960519 0.0077058086 150.53042584181 -55.30059577416 2244.25781 -6.507999999999998 2.6789999999999994 -0.19166193771362305 0.08206758880615217 0.14232045 0.13832045 "" "" 2.217904526714036 "" 0.3142950144762739 ""
151.55162261059 -55.32519471069 0.027 0.027 13.65 "" "" 5259916911198350848 1822.23059 0.5224 0.0306 -5.932 1.878 0.035 0.032 0.999 5400.0 4.2171 15.736569 1.171884 16.233967 15.062082 "" "" 1730.10925 1904.24854 9556.94654 3.1132 4383.6 10.579 7487.3 10.269 "" "" 0.0027779272683474093 0.0038276112 0.0040621646 0.007889776 151.55162261059 -55.32519471069 1822.23059 -5.9319999999999995 1.877999999999999 0.38433806228637657 -0.7189324111938478 0.14532045 0.14232045 "" "" 7.041337544998519 "" 1.0068598724546924 ""
151.66344983829 -55.40536723032 0.0247 0.0249 17.1772 "" "" 5259903613979432320 1683.8772 0.5623 0.0305 -9.538 3.383 0.033 0.03 0.944 5972.2 4.2362 15.738821 1.156312 16.230434 15.074122 "" "" 1598.98474 1791.21545 9537.14702 3.0873 4397.9 9.452 7404.7 9.7347 "" "" 0.0027776462195159817 0.0036373262 0.0040399428 0.007677269 151.66344983829 -55.40536723032 1683.8772 -9.537999999999997 3.383000000000001 -3.2216619377136233 0.7860675888061524 0.14332044 0.14032045 "" "" 26.468298672759655 "" 3.789030761692618 ""
151.47813993661 -55.37109486662 0.0295 0.0304 10.7866 "" "" 5259915094440050176 2134.57153 0.4322 0.0358 -7.961 4.814 0.041 0.037 1.059 9308.6 4.1324 15.74111 1.1611 16.2323 15.071199 "" "" 1984.24072 2315.03931 9517.06245 3.3504 4390.3 9.2499 7424.7 9.6431 "" "" 0.0027817053503059108 0.0036080256 0.004033884 0.0076419096 151.47813993661 -55.37109486662 2134.57153 -7.961000000000004 4.814000000000002 -1.6446619377136233 2.2170675888061524 0.15132046 0.14732045 "" "" 27.93027000379732 "" 4.154700621890051 ""
151.32394693939 -55.16194968179 0.0284 0.0308 14.0309 "" "" 5259922481783543808 2214.03345 0.4208 0.0334 0.093 -1.287 0.037 0.038 1.071 5898.9 4.1742 15.748669 1.191666 16.264505 15.07284 "" "" 2044.56909 2365.21118 9451.02967 3.3345 4262.0 8.5362 7413.5 9.0184 "" "" 0.002781821439277143 0.0035374917 0.004003522 0.007541014 151.32394693939 -55.16194968179 2214.03345 0.0929999999999997 -1.2869999999999993 6.409338062286377 -3.8839324111938476 0.14732045 0.14832045 "" "" 78.64907941087114 "" 11.607794035553127 ""
