Clusters/BH_87/BH_87_members.tsv
# %ECSV 1.0
# ---
# datatype:
# - name: RA_ICRS_1
#   unit: deg
#   datatype: float64
#   format: '{:15.11f}'
#   description: Right ascension (ICRS) at Ep=2016.0 (ra)
#   meta: !!omap
#   - {ucd: POS_EQ_RA_MAIN}
#   - {width: 15}
#   - {precision: '11'}
# - name: DE_ICRS_1
#   unit: deg
#   datatype: float64
#   format: '{:15.11f}'
#   description: Declination (ICRS) at Ep=2016.0 (dec)
#   meta: !!omap
#   - {ucd: POS_EQ_DEC_MAIN}
#   - {width: 15}
#   - {precision: '11'}
# - name: e_RA_ICRS
#   unit: mas
#   datatype: float64
#   format: '{:7.4f}'
#   description: Standard error of right ascension (ra_error)
#   meta: !!omap
#   - {ucd: ERROR}
#   - {width: 7}
#   - {precision: '4'}
# - name: e_DE_ICRS
#   unit: mas
#   datatype: float64
#   format: '{:7.4f}'
#   description: Standard error of declination (dec_error)
#   meta: !!omap
#   - {ucd: ERROR}
#   - {width: 7}
#   - {precision: '4'}
# - name: _r_1
#   unit: ''
#   datatype: float64
#   format: '{:7.4f}'
#   description: Distance from center (151.16191161000-55.37680488000)[ICRS], at Epoch=J2016.0
#   meta: !!omap
#   - {ucd: POS_ANG_DIST_GENERAL}
#   - {width: 7}
#   - {precision: '4'}
# - name: HIP
#   datatype: int32
#   description: '? HIP cross-id number, van Leeuwen, Cat. I/311 (hip_original_ext_source_id)'
#   meta: !!omap
#   - {ucd: ID_NUMBER}
#   - {width: 6}
#   - values: {'null': -2147483648}
# - name: TYC2
#   datatype: string
#   description: Tycho-2 cross-id name, Hog et al., Cat. I/259 (tyc2_original_ext_source_id)
#   meta: !!omap
#   - {ucd: ID_CROSSID}
#   - {_votable_string_dtype: char}
# - name: Source
#   datatype: int64
#   description: Source identifier, identical to the Gaia-EDR3 source_id (id)
#   meta: !!omap
#   - {ucd: ID_MAIN}
#   - {width: 19}
# - name: rgeo
#   unit: pc
#   datatype: float64
#   format: '{:15.8f}'
#   description: '? Median of the geometric distance posterior (r_med_geo)'
#   meta: !!omap
#   - {ucd: PHYS_DISTANCE_TRUE}
#   - {width: 15}
#   - {precision: '8'}
#   - values: {'null': .nan}
# - name: Plx
#   unit: mas
#   datatype: float64
#   format: '{:9.4f}'
#   description: '? Parallax (parallax)'
#   meta: !!omap
#   - {ucd: POS_PARLX_TRIG}
#   - {width: 9}
#   - {precision: '4'}
#   - values: {'null': .nan}
# - name: e_Plx
#   unit: mas
#   datatype: float32
#   format: '{:7.4f}'
#   description: '? Standard error of parallax (parallax_error)'
#   meta: !!omap
#   - {ucd: ERROR}
#   - {width: 7}
#   - {precision: '4'}
#   - values: {'null': .nan}
# - name: pmRA
#   unit: mas / yr
#   datatype: float64
#   format: '{:9.3f}'
#   description: '? Proper motion in right ascension direction, pmRA*cosDE (pmra)'
#   meta: !!omap
#   - {ucd: POS_EQ_PMRA}
#   - {width: 9}
#   - {precision: '3'}
#   - values: {'null': .nan}
# - name: pmDE
#   unit: mas / yr
#   datatype: float64
#   format: '{:9.3f}'
#   description: '? Proper motion in declination direction (pmdec)'
#   meta: !!omap
#   - {ucd: POS_EQ_PMDEC}
#   - {width: 9}
#   - {precision: '3'}
#   - values: {'null': .nan}
# - name: e_pmRA
#   unit: mas / yr
#   datatype: float32
#   format: '{:6.3f}'
#   description: '? Standard error of proper motion in right ascension direction (pmra_error)'
#   meta: !!omap
#   - {ucd: ERROR}
#   - {width: 6}
#   - {precision: '3'}
#   - values: {'null': .nan}
# - name: e_pmDE
[...]
#       distance: !astropy.table.SerializedColumn
#         __class__: astropy.coordinates.distances.Distance
#         unit: !astropy.units.Unit {unit: pc}
#         value: !astropy.table.SerializedColumn {name: SkyCoord.distance}
#       frame: icrs
#       obstime: !astropy.time.Time {format: jyear_str, in_subfmt: '*', jd1: 367701545.0, jd2: 0.0, out_subfmt: '*', precision: 3, scale: tt}
#       pm_dec: !astropy.table.SerializedColumn
#         __class__: astropy.units.quantity.Quantity
#         unit: !astropy.units.Unit {unit: mas / yr}
#         value: !astropy.table.SerializedColumn {name: SkyCoord.pm_dec}
#       pm_ra_cosdec: !astropy.table.SerializedColumn
#         __class__: astropy.units.quantity.Quantity
#         unit: !astropy.units.Unit {unit: mas / yr}
#         value: !astropy.table.SerializedColumn {name: SkyCoord.pm_ra_cosdec}
#       ra: !astropy.table.SerializedColumn
#         __class__: astropy.coordinates.angles.Longitude
#         unit: *id001
#         value: !astropy.table.SerializedColumn {name: SkyCoord.ra}
#         wrap_angle: !astropy.coordinates.Angle
#           unit: *id001
#           value: 360.0
#       representation_type: spherical
# schema: astropy-2.0
RA_ICRS_1 DE_ICRS_1 e_RA_ICRS e_DE_ICRS _r_1 HIP TYC2 Source rgeo Plx e_Plx pmRA pmDE e_pmRA e_pmDE RUWE Teff logg Gmag BP-RP BPmag RPmag RV e_RV b_rgeo B_rgeo FG e_FG FBP e_FBP FRP e_FRP RAVE5 RAVE6 e_Gmag e_BPmag e_RPmag e_BP-RP SkyCoord.ra SkyCoord.dec SkyCoord.distance SkyCoord.pm_ra_cosdec SkyCoord.pm_dec rmRA rmDE e_rmRA e_rmDE rRV e_rRV v_pec v_pec3d e_vpec e_vpec3d Pmemb
[from data line 63]
151.20411412307 -55.54006265437 0.0328 0.0345 9.9001 "" "" 5259907260419632896 1775.75452 0.536 0.0401 -6.299 2.523 0.041 0.043 1.017 8504.0 4.4269 16.268528 1.490369 16.945908 15.455539 "" "" 1671.77258 1908.63904 5855.11575 2.523 2275.4 8.4189 5211.3 9.5616 "" "" 0.0027947580340291476 0.004891097 0.0042722533 0.00916335 151.20411412307 -55.54006265437 1775.75452 -6.298999999999998 2.5230000000000024 0.017338062286376577 -0.07393241119384752 0.15132046 0.15332045 "" "" 0.6391776113223662 "" 0.09793276989583882 "" 0.9
151.08901790532 -55.35442062418 0.0349 0.0363 2.8253 "" "" 5259913513891758464 2215.94849 0.4183 0.0411 -6.268 2.669 0.047 0.044 1.025 7230.2 4.3465 16.303108 1.319109 16.882578 15.563469 "" "" 2053.24292 2436.06812 5671.5722 2.6619 2412.0 7.5684 4718.1 9.1457 "" "" 0.0028020459388205165 0.004403586 0.004325871 0.008729457 151.08901790532 -55.35442062418 2215.94849 -6.268 2.669 0.04833806228637716 0.07206758880615238 0.15732044 0.15432045 "" "" 0.9114740401428989 "" 0.14151319425356335 "" 0.8
151.15565196581 -55.50920874626 0.0363 0.0391 7.9471 "" "" 5259910352795920768 2128.88574 0.4537 0.044 -6.3 2.64 0.047 0.048 1.077 8503.9 4.4481 16.308533 1.471345 16.977556 15.506211 "" "" 1939.94556 2315.82739 5643.30773 2.5723 2210.0 6.6216 4973.6 8.8793 "" "" 0.002799412342042345 0.0042857425 0.0042474614 0.008533204 151.15565196581 -55.50920874626 2128.88574 -6.3000000000000025 2.6399999999999997 0.01633806228637713 0.04306758880615247 0.15732044 0.15832046 "" "" 0.46481244485139106 "" 0.07353100220445902 "" 1.0
151.15161348577 -55.38579182184 0.0359 0.0363 0.6434 "" "" 5259913548251728896 1808.26318 0.5312 0.0435 -6.291 2.58 0.048 0.043 0.998 5472.5 4.5022 16.331322 1.317867 16.919062 15.601194 "" "" 1684.12793 1957.43823 5526.08803 2.6794 2332.3 5.4109 4557.0 9.227 "" "" 0.0028051599473031975 0.0037589706 0.0043722615 0.008131232 151.15161348577 -55.38579182184 1808.26318 -6.291 2.58 0.025338062286376584 -0.016932411193847585 0.15832046 0.15332045 "" "" 0.2612060930935197 "" 0.04095552650085149 "" 0.9
150.94123607797 -55.30477337367 0.0345 0.0331 8.682 "" "" 5260102217589876608 1784.52649 0.539 0.0415 -6.119 2.775 0.047 0.041 0.994 5891.2 4.472 16.332872 1.409522 16.906492 15.49697 "" "" 1662.56274 1910.52954 5518.20257 2.7876 2359.5 9.946 5016.1 30.306 "" "" 0.002809379760687293 0.0053601554 0.007570597 0.012930753 150.94123607797 -55.30477337367 1784.52649 -6.118999999999997 2.775 0.19733806228637718 0.17806758880615225 0.15732044 0.15132046 "" "" 2.2483223755875974 "" 0.34771750512084 "" 1.0
151.14384798475 -55.39582804263 0.0345 0.0353 1.2968 "" "" 5259913170294492160 2188.0813 0.436 0.0427 -6.238 2.693 0.048 0.043 0.952 7180.9 4.4913 16.345425 1.331551 16.9406 15.609049 "" "" 2032.40918 2404.08154 5454.77609 2.6315 2286.5 6.9786 4524.2 6.9338 "" "" 0.0028046634789923724 0.004331982 0.004129483 0.008461465 151.14384798475 -55.39582804263 2188.0813 -6.2379999999999995 2.6929999999999987 0.07833806228637652 0.0960675888061524 0.15832046 0.15332045 "" "" 1.2856414306920703 "" 0.19970725817830973 "" 0.9
151.25366420532 -55.33931491154 0.0371 0.0353 3.8539 "" "" 5259918908370831744 2076.83862 0.4548 0.043 -6.407 2.546 0.048 0.046 1.009 7150.1 4.3698 16.372923 1.314708 16.950426 15.635718 "" "" 1888.8075 2291.85034 5318.36184 2.6566 2265.9 7.5032 4414.4 9.5753 "" "" 0.0028081886303192036 0.004550927 0.0044531017 0.0090040285 151.25366420532 -55.33931491154 2076.83862 -6.407000000000001 2.5459999999999985 -0.09066193771362308 -0.05093241119384784 0.15832046 0.15632045 "" "" 1.0236893858011236 "" 0.1615821872439175 "" 1.0
151.29030487538 -55.3045727496 0.0383 0.0371 6.1625 "" "" 5259919355047598208 2129.77075 0.4581 0.0429 -6.393 2.627 0.048 0.047 0.939 5937.9 4.4778 16.42614 1.240004 16.970352 15.730349 "" "" 1948.09106 2352.36987 5063.9699 2.4239 2224.7 10.26 4045.9 11.446 "" "" 0.0028039028984056776 0.0057321647 0.0048701516 0.010602316 151.29030487538 -55.3045727496 2129.77075 -6.393000000000001 2.6269999999999993 -0.07666193771362284 0.030067588806152123 0.15832046 0.15732044 "" "" 0.8313074594402473 "" 0.13150244826448967 "" 0.9
151.13222072307 -55.3284856822 0.0407 0.0407 3.071 "" "" 5259913960568363008 1915.99939 0.516 0.0478 -6.036 2.229 0.055 0.051 1.074 6019.2 4.4787 16.47774 1.310838 17.0216 15.710763 "" "" 1743.72522 2133.95312 4828.93169 2.7128 2122.2 8.8179 4119.6 15.413 "" "" 0.0028220246053713245 0.0053044334 0.0055484073 0.010852841 151.13222072307 -55.3284856822 1915.99939 -6.036 2.228999999999999 0.28033806228637737 -0.36793241119384756 0.16532046 0.16132045 "" "" 4.200913566443652 "" 0.683913272261314 "" 1.0
151.1790518329 -55.44906605505 0.0405 0.0434 4.3748 "" "" 5259912208221805440 1881.96033 0.509 0.0496 -6.287 2.673 0.057 0.054 1.079 7652.5 4.3737 16.632952 1.541467 17.345236 15.803769 "" "" 1702.66736 2091.90625 4185.68171 2.3573 1575.2 9.7947 3781.4 10.152 "" "" 0.002822353834952715 0.0073050316 0.0047728773 0.012077909 151.1790518329 -55.44906605505 1881.96033 -6.286999999999999 2.672999999999999 0.02933806228637703 0.07606758880615239 0.16732045 0.16432045 "" "" 0.7272799997239205 "" 0.11979174574498815 "" 1.0
151.14535624319 -55.33213141352 0.0507 0.0517 2.7392 "" "" 5259913956261087616 1649.04248 0.5978 0.0577 -6.03 2.407 0.07 0.067 1.083 4944.7 4.6388 16.826767 1.344767 17.427927 16.08316 "" "" 1504.09888 1843.98792 3501.38422 2.269 1459.6 7.0416 2923.4 12.028 "" "" 0.0028437346641316482 0.0059347474 0.0058514155 0.011786163 151.14535624319 -55.33213141352 1649.04248 -6.030000000000003 2.407 0.2863380622863767 -0.18993241119384763 0.18032044 0.17732045 "" "" 2.6857685012544597 "" 0.48185135950580826 "" 0.9
