Clusters/BH_87/BH_87_members.tsv
# %ECSV 1.0
# ---
# datatype:
# - name: RA_ICRS_1
#   unit: deg
#   datatype: float64
#   format: '{:15.11f}'
#   description: Right ascension (ICRS) at Ep=2016.0 (ra)
#   meta: !!omap
#   - {ucd: POS_EQ_RA_MAIN}
#   - {width: 15}
#   - {precision: '11'}
# - name: DE_ICRS_1
#   unit: deg
#   datatype: float64
#   format: '{:15.11f}'
#   description: Declination (ICRS) at Ep=2016.0 (dec)
#   meta: !!omap
#   - {ucd: POS_EQ_DEC_MAIN}
#   - {width: 15}
#   - {precision: '11'}
# - name: e_RA_ICRS
#   unit: mas
#   datatype: float64
#   format: '{:7.4f}'
#   description: Standard error of right ascension (ra_error)
#   meta: !!omap
#   - {ucd: ERROR}
#   - {width: 7}
#   - {precision: '4'}
# - name: e_DE_ICRS
#   unit: mas
#   datatype: float64
#   format: '{:7.4f}'
#   description: Standard error of declination (dec_error)
#   meta: !!omap
#   - {ucd: ERROR}
#   - {width: 7}
#   - {precision: '4'}
# - name: _r_1
#   unit: ''
#   datatype: float64
#   format: '{:7.4f}'
#   description: Distance from center (151.16191161000-55.37680488000)[ICRS], at Epoch=J2016.0
#   meta: !!omap
#   - {ucd: POS_ANG_DIST_GENERAL}
#   - {width: 7}
#   - {precision: '4'}
# - name: HIP
#   datatype: int32
#   description: '? HIP cross-id number, van Leeuwen, Cat. I/311 (hip_original_ext_source_id)'
#   meta: !!omap
#   - {ucd: ID_NUMBER}
#   - {width: 6}
#   - values: {'null': -2147483648}
# - name: TYC2
#   datatype: string
#   description: Tycho-2 cross-id name, Hog et al., Cat. I/259 (tyc2_original_ext_source_id)
#   meta: !!omap
#   - {ucd: ID_CROSSID}
#   - {_votable_string_dtype: char}
# - name: Source
#   datatype: int64
#   description: Source identifier, identical to the Gaia-EDR3 source_id (id)
#   meta: !!omap
#   - {ucd: ID_MAIN}
#   - {width: 19}
# - name: rgeo
#   unit: pc
#   datatype: float64
#   format: '{:15.8f}'
#   description: '? Median of the geometric distance posterior (r_med_geo)'
#   meta: !!omap
#   - {ucd: PHYS_DISTANCE_TRUE}
#   - {width: 15}
#   - {precision: '8'}
#   - values: {'null': .nan}
# - name: Plx
#   unit: mas
#   datatype: float64
#   format: '{:9.4f}'
#   description: '? Parallax (parallax)'
#   meta: !!omap
#   - {ucd: POS_PARLX_TRIG}
#   - {width: 9}
#   - {precision: '4'}
#   - values: {'null': .nan}
# - name: e_Plx
#   unit: mas
#   datatype: float32
#   format: '{:7.4f}'
#   description: '? Standard error of parallax (parallax_error)'
#   meta: !!omap
#   - {ucd: ERROR}
#   - {width: 7}
#   - {precision: '4'}
#   - values: {'null': .nan}
# - name: pmRA
#   unit: mas / yr
#   datatype: float64
#   format: '{:9.3f}'
#   description: '? Proper motion in right ascension direction, pmRA*cosDE (pmra)'
#   meta: !!omap
#   - {ucd: POS_EQ_PMRA}
#   - {width: 9}
#   - {precision: '3'}
#   - values: {'null': .nan}
# - name: pmDE
#   unit: mas / yr
#   datatype: float64
#   format: '{:9.3f}'
#   description: '? Proper motion in declination direction (pmdec)'
#   meta: !!omap
#   - {ucd: POS_EQ_PMDEC}
#   - {width: 9}
#   - {precision: '3'}
#   - values: {'null': .nan}
# - name: e_pmRA
#   unit: mas / yr
#   datatype: float32
#   format: '{:6.3f}'
#   description: '? Standard error of proper motion in right ascension direction (pmra_error)'
#   meta: !!omap
#   - {ucd: ERROR}
#   - {width: 6}
#   - {precision: '3'}
#   - values: {'null': .nan}
# - name: e_pmDE
[...]
#       distance: !astropy.table.SerializedColumn
#         __class__: astropy.coordinates.distances.Distance
#         unit: !astropy.units.Unit {unit: pc}
#         value: !astropy.table.SerializedColumn {name: SkyCoord.distance}
#       frame: icrs
#       obstime: !astropy.time.Time {format: jyear_str, in_subfmt: '*', jd1: 367701545.0, jd2: 0.0, out_subfmt: '*', precision: 3, scale: tt}
#       pm_dec: !astropy.table.SerializedColumn
#         __class__: astropy.units.quantity.Quantity
#         unit: !astropy.units.Unit {unit: mas / yr}
#         value: !astropy.table.SerializedColumn {name: SkyCoord.pm_dec}
#       pm_ra_cosdec: !astropy.table.SerializedColumn
#         __class__: astropy.units.quantity.Quantity
#         unit: !astropy.units.Unit {unit: mas / yr}
#         value: !astropy.table.SerializedColumn {name: SkyCoord.pm_ra_cosdec}
#       ra: !astropy.table.SerializedColumn
#         __class__: astropy.coordinates.angles.Longitude
#         unit: *id001
#         value: !astropy.table.SerializedColumn {name: SkyCoord.ra}
#         wrap_angle: !astropy.coordinates.Angle
#           unit: *id001
#           value: 360.0
#       representation_type: spherical
# schema: astropy-2.0
RA_ICRS_1 DE_ICRS_1 e_RA_ICRS e_DE_ICRS _r_1 HIP TYC2 Source rgeo Plx e_Plx pmRA pmDE e_pmRA e_pmDE RUWE Teff logg Gmag BP-RP BPmag RPmag RV e_RV b_rgeo B_rgeo FG e_FG FBP e_FBP FRP e_FRP RAVE5 RAVE6 e_Gmag e_BPmag e_RPmag e_BP-RP SkyCoord.ra SkyCoord.dec SkyCoord.distance SkyCoord.pm_ra_cosdec SkyCoord.pm_dec rmRA rmDE e_rmRA e_rmDE rRV e_rRV v_pec v_pec3d e_vpec e_vpec3d Pmemb
151.17012856334 -55.38944311508 0.0086 0.0091 0.8084 "" "" 5259913543943195904 2077.48877 0.4601 0.0108 -6.469 2.686 0.011 0.011 0.891 "" "" 12.397643 0.698948 12.662076 11.963128 "" "" 2021.90344 2146.52954 206961.39481 26.063 117650.0 54.946 129990.0 37.068 "" "" 0.0027587105888676085 0.002835872 0.0037920424 0.0066279145 151.17012856334 -55.38944311508 2077.48877 -6.468999999999999 2.6860000000000013 -0.15266193771362335 0.08906758880615229 0.12132045 0.12132045 "" "" 1.7404578929221133 "" 0.2111531327143517 "" 0.9
151.3318264546 -55.39725460712 0.0095 0.0104 5.9196 "" "" 5259915506756729472 2256.6084 0.4237 0.012 -6.126 2.466 0.012 0.012 0.95 "" "" 12.577178 0.701242 12.842113 12.14087 "" "" 2188.4165 2327.93579 175418.52677 22.105 99672.0 43.815 110360.0 33.017 "" "" 0.002758714960526718 0.0028306968 0.003793315 0.006624012 151.3318264546 -55.39725460712 2256.6084 -6.1259999999999994 2.466000000000001 0.19033806228637662 -0.13093241119384746 0.12232045 0.12232045 "" "" 2.4711025517943797 "" 0.30226637821324553 "" 1.0
151.12838171304 -55.39012456857 0.0104 0.011 1.3946 "" "" 5259913239013967488 2136.6814 0.4307 0.0129 -6.324 2.683 0.014 0.014 1.084 11525.5 3.8928 13.509333 0.823738 13.831121 13.007382 "" "" 2090.4375 2210.17407 74338.49708 13.391 40084.0 26.402 49683.0 20.733 "" "" 0.002762252845378581 0.0028803595 0.0038064434 0.006686803 151.12838171304 -55.39012456857 2136.6814 -6.323999999999999 2.6830000000000007 -0.0076619377136228906 0.08606758880615217 0.12432045 0.12432045 "" "" 0.8751285471229616 "" 0.10879637255014563 "" 1.0
151.20847422571 -55.26649454903 0.0112 0.0117 6.8068 "" "" 5259920420199193856 2211.57495 0.4154 0.0127 -6.339 2.568 0.014 0.015 1.021 "" "" 13.533883 0.621676 13.762086 13.140409 "" "" 2150.30371 2275.0415 72676.42726 18.193 42715.0 24.605 43954.0 20.982 "" "" 0.002768692786590328 0.0028594038 0.0038147545 0.0066741584 151.20847422571 -55.26649454903 2211.57495 -6.339 2.568 -0.02266193771362346 -0.028932411193847596 0.12432045 0.12532045 "" "" 0.3852574695321281 "" 0.04813451394612768 "" 1.0
151.0523367978 -55.3191462971 0.0117 0.0119 5.0934 "" "" 5260101633474335104 2184.46167 0.4212 0.0139 -6.236 2.702 0.016 0.015 1.057 10382.6 3.8272 13.634339 0.655065 13.880027 13.224962 "" "" 2123.52441 2260.62915 66253.84747 15.413 38318.0 30.258 40661.0 19.762 "" "" 0.0027668730502988315 0.0029189226 0.0038160426 0.0067349654 151.0523367978 -55.3191462971 2184.46167 -6.236000000000002 2.702 0.08033806228637719 0.1050675888061523 0.12632045 0.12532045 "" "" 1.3694933078887972 "" 0.1721320619426033 "" 0.8
151.12018003808 -55.39550436529 0.0119 0.0125 1.8116 "" "" 5259913204654225408 2243.33496 0.409 0.0148 -6.587 2.509 0.016 0.015 0.998 9378.5 3.674 13.90765 0.926692 14.279656 13.352964 "" "" 2172.15747 2369.24707 51509.44239 9.2536 26519.0 19.334 36139.0 16.945 "" "" 0.002762215469281528 0.002900281 0.0038135147 0.0067137955 151.12018003808 -55.39550436529 2243.33496 -6.586999999999998 2.5089999999999986 -0.2706619377136228 -0.08793241119384776 0.12632045 0.12532045 "" "" 3.026133951084876 "" 0.38197473676595056 "" 1.0
151.17576493721 -55.40648229901 0.0119 0.0124 1.8422 "" "" 5259912414380250880 2167.65796 0.4279 0.0146 -6.295 2.754 0.016 0.016 1.002 "" "" 13.924775 0.773696 14.223211 13.449515 "" "" 2087.30542 2233.73779 50703.36735 10.231 27934.0 20.041 33064.0 18.757 "" "" 0.0027640162954582314 0.0028968628 0.0038292424 0.006726105 151.17576493721 -55.40648229901 2167.65796 -6.295000000000001 2.754000000000001 0.021338062286377024 0.15706758880615235 0.12632045 0.12632045 "" "" 1.6286463932628572 "" 0.2057313477276049 "" 0.9
151.12139038068 -55.35859213987 0.0135 0.0149 1.7616 "" "" 5259913823129405312 2131.73755 0.432 0.0161 -6.384 2.494 0.019 0.019 0.977 "" "" 14.081015 0.711971 14.351946 13.639975 "" "" 2049.10889 2203.57812 43907.71501 9.2751 24811.0 22.137 27744.0 14.436 "" "" 0.00276484929654036 0.002953552 0.003821372 0.0067749238 151.12139038068 -55.35859213987 2131.73755 -6.384 2.4940000000000007 -0.06766193771362339 -0.10293241119384744 0.12932044 0.12932044 "" "" 1.244660597743472 "" 0.16096005948223788 "" 1.0
151.14952176845 -55.39585328934 0.013 0.0133 1.2184 "" "" 5259913170294493312 2083.08765 0.4458 0.0157 -6.258 2.656 0.017 0.016 1.012 "" "" 14.095574 0.941283 14.475137 13.533854 "" "" 2016.50623 2138.69263 43322.83875 7.5095 22149.0 13.647 30593.0 19.539 "" "" 0.0027617401122238005 0.0028692456 0.0038424702 0.006711716 151.14952176845 -55.39585328934 2083.08765 -6.258 2.6560000000000006 0.058338062286376946 0.05906758880615248 0.12732045 0.12632045 "" "" 0.819725175276751 "" 0.10395363217571926 "" 0.9
151.41137748751 -55.27245271995 0.0135 0.0147 10.5697 "" "" 5259917911938467840 2232.14746 0.414 0.0161 -6.287 2.658 0.018 0.018 1.03 9867.5 3.9315 14.132319 0.673185 14.388577 13.715392 "" "" 2162.6272 2299.70068 41881.17588 10.458 23988.0 22.653 25882.0 15.931 "" "" 0.002768626540970686 0.0029725935 0.0038380136 0.0068106074 151.41137748751 -55.27245271995 2232.14746 -6.287 2.6579999999999995 0.02933806228637703 0.06106758880615226 0.12832046 0.12832046 "" "" 0.7168136314605305 "" 0.09198185173428758 "" 1.0
151.05992339533 -55.26134290335 0.0137 0.0127 7.7535 "" "" 5260107955666210816 1869.92297 0.4975 0.0157 -6.228 2.266 0.017 0.016 1.026 7171.1 3.6847 14.168903 1.032418 14.594638 13.56222 "" "" 1811.6001 1933.2262 40493.51026 25.698 19841.0 45.584 29804.0 47.014 "" "" 0.002840167577740174 0.0037426304 0.004149338 0.007891969 151.05992339533 -55.26134290335 1869.92297 -6.228 2.266 0.0883380622863772 -0.33093241119384764 0.12732045 0.12632045 "" "" 3.0359027261879445 "" 0.3836992844137812 "" 0.9
151.14445214126 -55.3296648856 0.0153 0.0153 2.8904 "" "" 5259913960568363904 2165.30786 0.4271 0.0179 -6.327 2.727 0.02 0.019 0.962 7968.9 3.9659 14.304594 0.762821 14.600398 13.837577 "" "" 2102.51562 2249.54834 35736.27367 8.5069 19736.0 15.561 23127.0 13.831 "" "" 0.0027674155507763465 0.002918541 0.0038347547 0.0067532957 151.14445214126 -55.3296648856 2165.30786 -6.327 2.7270000000000003 -0.010661937713623004 0.1300675888061522 0.13032044 0.12932044 "" "" 1.3394339862138278 "" 0.1732251705792651 "" 1.0
151.13846381124 -55.42623265353 0.0181 0.0188 3.0714 "" "" 5259913032855526656 2273.27246 0.4075 0.0218 -6.249 2.244 0.024 0.023 1.313 8749.7 3.4894 14.405565 1.229068 14.9352 13.706132 "" "" 2159.04517 2380.09985 32562.70796 5.7393 14499.0 13.042 26104.0 17.186 "" "" 0.002761957638750963 0.0029561557 0.0038463857 0.006802541 151.13846381124 -55.42623265353 2273.27246 -6.2490000000000006 2.2440000000000007 0.06733806228637729 -0.35293241119384744 0.13432045 0.13332045 "" "" 3.8715575843047874 "" 0.5162942809076421 "" 0.8
151.20832381985 -55.39204744336 0.0149 0.0154 1.8273 "" "" 5259912757977644416 2211.53711 0.4205 0.0183 -6.356 2.761 0.02 0.022 0.984 "" "" 14.466173 0.856579 14.803562 13.946983 "" "" 2128.91406 2303.12012 30794.81309 6.4632 16368.0 13.076 20911.0 12.284 "" "" 0.0027647270859517716 0.0029218788 0.003832822 0.006754701 151.20832381985 -55.39204744336 2211.53711 -6.356 2.761 -0.03966193771362292 0.16406758880615246 0.13032044 0.13232045 "" "" 1.7694091606471039 "" 0.23393502345212908 "" 0.9
151.07529814867 -55.241379915 0.0156 0.0157 8.6471 "" "" 5260107990025955968 2203.10864 0.4223 0.018 -6.344 2.646 0.02 0.02 0.962 9368.0 4.0046 14.571999 0.677493 14.830701 14.153208 "" "" 2105.36597 2289.30591 27934.90463 6.9126 15964.0 15.91 17293.0 12.209 "" "" 0.002768388116754626 0.0029926426 0.0038563337 0.006848976 151.07529814867 -55.241379915 2203.10864 -6.344000000000002 2.6459999999999995 -0.027661937713623352 0.04906758880615225 0.13032044 0.13032044 "" "" 0.5882153604854637 "" 0.07665648735966117 "" 1.0
151.13135182789 -55.39296442781 0.0176 0.0185 1.423 "" "" 5259913204654228608 2108.97144 0.4367 0.0213 -6.31 2.576 0.024 0.022 1.132 "" "" 14.591928 0.97775 14.979736 14.001986 "" "" 2027.19409 2210.20166 27426.83928 6.945 13916.0 14.747 19878.0 11.819 "" "" 0.0027690026081263527 0.003018089 0.0038341188 0.0068522077 151.13135182789 -55.39296442781 2108.97144 -6.3100000000000005 2.575999999999999 0.006338062286377344 -0.02093241119384759 0.13432045 0.13232045 "" "" 0.21863312872597088 "" 0.028966609571327 "" 1.0
151.09134933247 -55.20319351074 0.0155 0.0165 10.692 "" "" 5260108505421868672 2182.47168 0.4209 0.0181 -6.29 2.477 0.02 0.021 1.108 "" "" 14.595111 0.766862 14.890082 14.12322 "" "" 2099.04785 2286.34839 27346.54621 7.0035 15114.0 20.42 17777.0 15.377 "" "" 0.002769315116307692 0.0031522762 0.0038943214 0.0070465975 151.09134933247 -55.20319351074 2182.47168 -6.289999999999999 2.477 0.026338062286376918 -0.11993241119384779 0.13032044 0.13132045 "" "" 1.2702561106392025 "" 0.1667523694493943 "" 0.9
151.09533442951 -55.37322645274 0.0168 0.0178 2.2799 "" "" 5259913410812542080 2012.2168 0.4592 0.0207 -6.267 2.547 0.024 0.022 1.109 "" "" 14.674705 0.879017 15.020158 14.141141 "" "" 1935.76709 2105.72412 25413.52895 5.8156 13408.0 13.556 17486.0 17.215 "" "" 0.0027664997789138166 0.0029983392 0.0039276322 0.0069259712 151.09533442951 -55.37322645274 2012.2168 -6.267000000000001 2.5470000000000015 0.049338062286376605 -0.049932411193847503 0.13432045 0.13232045 "" "" 0.6695237564115084 "" 0.0892557029815951 "" 1.0
151.10311806568 -55.38383816854 0.0162 0.0178 2.0481 "" "" 5259913410812656896 2204.1167 0.425 0.0207 -6.265 2.663 0.023 0.023 0.949 7396.4 4.0249 14.752949 1.07474 15.202956 14.128216 "" "" 2103.44409 2293.41235 23646.51342 5.4605 11330.0 15.835 17696.0 16.669 "" "" 0.0027667038316595933 0.0031761113 0.003915315 0.0070914263 151.10311806568 -55.38383816854 2204.1167 -6.265 2.663 0.05133806228637727 0.06606758880615216 0.13332045 0.13332045 "" "" 0.8741343125578793 "" 0.1165399805949084 "" 1.0
151.12750240629 -55.38695789303 0.0163 0.0171 1.3216 "" "" 5259913239013969024 2009.1814 0.462 0.0202 -6.267 2.654 0.023 0.021 1.004 7998.8 3.9891 14.793612 0.897067 15.151649 14.254581 "" "" 1932.97827 2086.43311 22777.29588 5.0143 11878.0 12.43 15752.0 11.201 "" "" 0.0027656680009955294 0.0030126371 0.0038574329 0.00687007 151.12750240629 -55.38695789303 2009.1814 -6.267000000000001 2.6540000000000004 0.049338062286376605 0.05706758880615226 0.13332045 0.13132045 "" "" 0.7184392179538635 "" 0.09496303053764044 "" 1.0
151.06345572171 -55.27774618714 0.0179 0.0171 6.8278 "" "" 5260102011431469312 2002.61902 0.465 0.0204 -6.32 2.665 0.024 0.022 0.986 8288.2 4.3044 14.81697 0.797476 15.128611 14.331135 "" "" 1934.1991 2076.25854 22292.50248 5.4342 12133.0 12.602 14679.0 11.033 "" "" 0.0027680026091095686 0.0030094464 0.0038664816 0.006875928 151.06345572171 -55.27774618714 2002.61902 -6.32 2.665000000000001 -0.003661937713623331 0.06806758880615238 0.13432045 0.13232045 "" "" 0.6470601036423644 "" 0.08562304617843473 "" 1.0
151.09054423018 -55.42860349454 0.0331 0.0355 3.946 "" "" 5259911589746508800 1818.6283 0.5154 0.0403 -6.601 2.079 0.045 0.044 2.039 9252.0 3.496 14.826434 1.003644 15.21712 14.213476 "" "" 1706.66663 1953.00989 22099.02108 13.96 11183.0 12.785 16359.0 12.499 "" "" 0.002839400632005178 0.0030538177 0.0038693515 0.006923169 151.09054423018 -55.42860349454 1818.6283 -6.600999999999997 2.0789999999999993 -0.284661937713623 -0.5179324111938475 0.15532045 0.15432045 "" "" 5.094635593672989 "" 0.7873913153889917 "" 0.9
151.137329073 -55.39307612484 0.0174 0.0175 1.2865 "" "" 5259913239013968512 2264.42236 0.4066 0.0208 -6.213 2.713 0.023 0.021 1.013 "" "" 14.835116 0.915235 15.202395 14.287159 "" "" 2169.86255 2378.48071 21923.01761 5.1673 11336.0 9.3751 15286.0 11.276 "" "" 0.0027671789713055754 0.0029310952 0.0038633132 0.0067944084 151.137329073 -55.39307612484 2264.42236 -6.212999999999997 2.7129999999999983 0.10333806228637687 0.11606758880615242 0.13332045 0.13132045 "" "" 1.6680086663817688 "" 0.22052497838727436 "" 0.9
151.182770192 -55.41040371967 0.0166 0.0178 2.1376 "" "" 5259912414380250752 2275.27759 0.4029 0.0209 -6.425 2.727 0.023 0.022 1.05 8846.8 3.6554 14.878481 0.932535 15.2474 14.314865 "" "" 2189.94604 2380.96289 21064.66192 5.1532 10876.0 13.941 14901.0 10.692 "" "" 0.0027680929988287296 0.0031179972 0.0038588408 0.006976838 151.182770192 -55.41040371967 2275.27759 -6.425000000000001 2.7269999999999994 -0.10866193771362287 0.1300675888061522 0.13332045 0.13232045 "" "" 1.827859065750207 "" 0.24261614223943437 "" 0.9
151.20928779588 -55.37337463664 0.0193 0.0187 1.6282 "" "" 5259912929776342144 2242.43945 0.4111 0.0226 -6.619 2.533 0.027 0.025 1.006 9527.9 4.1449 14.895188 0.98456 15.294064 14.309504 "" "" 2129.38306 2346.89697 20742.98501 5.2016 10418.0 13.123 14975.0 12.157 "" "" 0.002768739247236964 0.0031073298 0.003880803 0.006988133 151.20928779588 -55.37337463664 2242.43945 -6.619 2.5330000000000013 -0.3026619377136228 -0.06393241119384774 0.13732044 0.13532045 "" "" 3.2880315707040904 "" 0.4512350272467669 "" 1.0
151.14685923793 -55.42208247332 0.0171 0.0179 2.7646 "" "" 5259912276941285120 2074.11719 0.4457 0.0208 -6.344 2.684 0.023 0.022 0.975 7990.6 4.0827 14.965604 1.061643 15.405546 14.343904 "" "" 1983.98706 2166.17896 19440.40832 4.7275 9401.5 10.125 14508.0 14.222 "" "" 0.0027679415351292425 0.0030252747 0.0039263894 0.006951664 151.14685923793 -55.42208247332 2074.11719 -6.344000000000001 2.684 -0.027661937713623352 0.08706758880615251 0.13332045 0.13232045 "" "" 0.8981512219120658 "" 0.11892640067161667 "" 1.0
151.07658313662 -55.34086196242 0.0186 0.0189 3.6222 "" "" 5260101564754855936 2128.08081 0.4361 0.0218 -6.357 2.599 0.026 0.024 0.958 9433.4 4.109 14.972801 0.841322 15.305675 14.464354 "" "" 2044.91895 2232.69604 19311.95375 4.695 10307.0 12.043 12984.0 9.6712 "" "" 0.0027679347652766074 0.00306503 0.0038649384 0.0069299685 151.07658313662 -55.34086196242 2128.08081 -6.356999999999999 2.599 -0.04066193771362325 0.0020675888061525427 0.13632044 0.13432045 "" "" 0.41069105838516873 "" 0.055983483855053 "" 1.0
151.40404971179 -55.27899505153 0.0186 0.0195 10.1365 "" "" 5259917877578724992 2195.25513 0.4199 0.0219 -6.34 2.587 0.025 0.024 0.949 9179.9 4.0704 15.000376 0.829507 15.326265 14.496758 "" "" 2114.78931 2303.31128 18827.66365 5.2789 10114.0 13.183 12602.0 12.623 "" "" 0.00277208588203471 0.0031285489 0.0039327447 0.0070612933 151.40404971179 -55.27899505153 2195.25513 -6.340000000000001 2.5869999999999997 -0.023661937713622905 -0.009932411193847468 0.13532045 0.13432045 "" "" 0.2670265540262953 "" 0.03609427847368604 "" 0.9
151.18743222482 -55.42315156827 0.0177 0.0192 2.9136 "" "" 5259912345660769152 2095.83179 0.4507 0.0222 -6.262 2.521 0.024 0.024 1.021 7969.3 4.1111 15.018276 0.954186 15.40397 14.449784 "" "" 1989.33691 2202.60645 18519.79672 4.1669 9415.2 11.698 13160.0 11.376 "" "" 0.0027661282996102867 0.0030991617 0.0038941759 0.0069933375 151.18743222482 -55.42315156827 2095.83179 -6.262000000000002 2.5210000000000012 0.05433806228637739 -0.07593241119384775 0.13432045 0.13432045 "" "" 0.9275814750449007 "" 0.12459316374558083 "" 1.0
151.12952696301 -55.21098652779 0.019 0.0204 10.0104 "" "" 5260108471062304512 2027.68518 0.46 0.0223 -6.398 2.612 0.025 0.028 0.973 8070.8 4.3796 15.061245 0.827193 15.390548 14.563355 "" "" 1932.70471 2132.01978 17801.17821 4.8247 9532.3 12.287 11853.0 11.605 "" "" 0.002770989746728444 0.003121481 0.003926033 0.0070475144 151.12952696301 -55.21098652779 2027.68518 -6.397999999999998 2.612000000000001 -0.08166193771362273 0.015067588806152443 0.13532045 0.13832045 "" "" 0.7981199813406197 "" 0.10808163432543122 "" 1.0
