Clusters/Dolidze_53/Dolidze_53_stars_in_region.tsv
# %ECSV 1.0
# ---
# datatype:
# - name: RA_ICRS_1
#   unit: deg
#   datatype: float64
#   format: '{:15.11f}'
#   description: Right ascension (ICRS) at Ep=2016.0 (ra)
#   meta: !!omap
#   - {ucd: POS_EQ_RA_MAIN}
#   - {width: 15}
#   - {precision: '11'}
# - name: DE_ICRS_1
#   unit: deg
#   datatype: float64
#   format: '{:15.11f}'
#   description: Declination (ICRS) at Ep=2016.0 (dec)
#   meta: !!omap
#   - {ucd: POS_EQ_DEC_MAIN}
#   - {width: 15}
#   - {precision: '11'}
# - name: e_RA_ICRS
#   unit: mas
#   datatype: float64
#   format: '{:7.4f}'
#   description: Standard error of right ascension (ra_error)
#   meta: !!omap
#   - {ucd: ERROR}
#   - {width: 7}
#   - {precision: '4'}
# - name: e_DE_ICRS
#   unit: mas
#   datatype: float64
#   format: '{:7.4f}'
#   description: Standard error of declination (dec_error)
#   meta: !!omap
#   - {ucd: ERROR}
#   - {width: 7}
#   - {precision: '4'}
# - name: _r_1
#   unit: ''
#   datatype: float64
#   format: '{:7.4f}'
#   description: Distance from center (296.59410646000+24.61000607000)[ICRS], at Epoch=J2016.0
#   meta: !!omap
#   - {ucd: POS_ANG_DIST_GENERAL}
#   - {width: 7}
#   - {precision: '4'}
# - name: HIP
#   datatype: int32
#   description: '? HIP cross-id number, van Leeuwen, Cat. I/311 (hip_original_ext_source_id)'
#   meta: !!omap
#   - {ucd: ID_NUMBER}
#   - {width: 6}
#   - values: {'null': -2147483648}
# - name: TYC2
#   datatype: string
#   description: Tycho-2 cross-id name, Hog et al., Cat. I/259 (tyc2_original_ext_source_id)
#   meta: !!omap
#   - {ucd: ID_CROSSID}
#   - {_votable_string_dtype: char}
# - name: Source
#   datatype: int64
#   description: Source identifier, identical to the Gaia-EDR3 source_id (id)
#   meta: !!omap
#   - {ucd: ID_MAIN}
#   - {width: 19}
# - name: rgeo
#   unit: pc
#   datatype: float64
#   format: '{:15.8f}'
#   description: '? Median of the geometric distance posterior (r_med_geo)'
#   meta: !!omap
#   - {ucd: PHYS_DISTANCE_TRUE}
#   - {width: 15}
#   - {precision: '8'}
#   - values: {'null': .nan}
# - name: Plx
#   unit: mas
#   datatype: float64
#   format: '{:9.4f}'
#   description: '? Parallax (parallax)'
#   meta: !!omap
#   - {ucd: POS_PARLX_TRIG}
#   - {width: 9}
#   - {precision: '4'}
#   - values: {'null': .nan}
# - name: e_Plx
#   unit: mas
#   datatype: float32
#   format: '{:7.4f}'
#   description: '? Standard error of parallax (parallax_error)'
#   meta: !!omap
#   - {ucd: ERROR}
#   - {width: 7}
#   - {precision: '4'}
#   - values: {'null': .nan}
# - name: pmRA
#   unit: mas / yr
#   datatype: float64
#   format: '{:9.3f}'
#   description: '? Proper motion in right ascension direction, pmRA*cosDE (pmra)'
#   meta: !!omap
#   - {ucd: POS_EQ_PMRA}
#   - {width: 9}
#   - {precision: '3'}
#   - values: {'null': .nan}
# - name: pmDE
#   unit: mas / yr
#   datatype: float64
#   format: '{:9.3f}'
#   description: '? Proper motion in declination direction (pmdec)'
#   meta: !!omap
#   - {ucd: POS_EQ_PMDEC}
#   - {width: 9}
#   - {precision: '3'}
#   - values: {'null': .nan}
# - name: e_pmRA
#   unit: mas / yr
#   datatype: float32
#   format: '{:6.3f}'
#   description: '? Standard error of proper motion in right ascension direction (pmra_error)'
#   meta: !!omap
#   - {ucd: ERROR}
#   - {width: 6}
#   - {precision: '3'}
#   - values: {'null': .nan}
# - name: e_pmDE
[...]
#         value: !astropy.table.SerializedColumn {name: SkyCoord.dec}
#       distance: !astropy.table.SerializedColumn
#         __class__: astropy.coordinates.distances.Distance
#         unit: !astropy.units.Unit {unit: pc}
#         value: !astropy.table.SerializedColumn {name: SkyCoord.distance}
#       frame: icrs
#       obstime: !astropy.time.Time {format: jyear_str, in_subfmt: '*', jd1: 367701545.0, jd2: 0.0, out_subfmt: '*', precision: 3, scale: tt}
#       pm_dec: !astropy.table.SerializedColumn
#         __class__: astropy.units.quantity.Quantity
#         unit: !astropy.units.Unit {unit: mas / yr}
#         value: !astropy.table.SerializedColumn {name: SkyCoord.pm_dec}
#       pm_ra_cosdec: !astropy.table.SerializedColumn
#         __class__: astropy.units.quantity.Quantity
#         unit: !astropy.units.Unit {unit: mas / yr}
#         value: !astropy.table.SerializedColumn {name: SkyCoord.pm_ra_cosdec}
#       ra: !astropy.table.SerializedColumn
#         __class__: astropy.coordinates.angles.Longitude
#         unit: *id001
#         value: !astropy.table.SerializedColumn {name: SkyCoord.ra}
#         wrap_angle: !astropy.coordinates.Angle
#           unit: *id001
#           value: 360.0
#       representation_type: spherical
# schema: astropy-2.0
RA_ICRS_1 DE_ICRS_1 e_RA_ICRS e_DE_ICRS _r_1 HIP TYC2 Source rgeo Plx e_Plx pmRA pmDE e_pmRA e_pmDE RUWE Teff logg Gmag BP-RP BPmag RPmag RV e_RV b_rgeo B_rgeo FG e_FG FBP e_FBP FRP e_FRP RAVE5 RAVE6 e_Gmag e_BPmag e_RPmag e_BP-RP SkyCoord.ra SkyCoord.dec SkyCoord.distance SkyCoord.pm_ra_cosdec SkyCoord.pm_dec rmRA rmDE e_rmRA e_rmDE rRV e_rRV v_pec v_pec3d e_vpec e_vpec3d
[from data line 332]
296.4306512905 24.56849584011 0.0148 0.0223 9.2592 "" "" 2020757515530660096 1937.02307 0.4854 0.0294 -1.21 -3.462 0.019 0.028 1.005 9221.5 3.6523 15.717287 1.674284 16.50315 14.828867 "" "" 1848.35583 2047.93201 9728.18912 2.5007 3421.0 8.1982 9281.4 10.358 "" "" 0.002769419447207117 0.0038150891 0.0039688647 0.007783954 296.4306512905 24.56849584011 1937.02307 -1.21 -3.4620000000000006 0.24580005645751957 1.1231998329162596 0.14520562 0.15420562 "" "" 10.55669875217147 "" 1.623681369575164 ""
296.39333948182 24.63563322487 0.0146 0.0212 11.0581 "" "" 2020758718121555200 2316.81128 0.4064 0.0288 -2.853 -5.241 0.019 0.027 1.005 9235.4 3.8969 15.71793 1.414996 16.3469 14.931905 "" "" 2175.41016 2474.82617 9722.43095 2.6042 3950.5 7.1303 8441.0 6.6567 "" "" 0.002770625465150315 0.0034095899 0.0038751585 0.0072847484 296.39333948182 24.63563322487 2316.81128 -2.8530000000000024 -5.241 -1.3971999435424807 -0.6558001670837399 0.14520562 0.15320562 "" "" 16.949695379713866 "" 2.4862179559291255 ""
296.83229747562 24.53941148771 0.0191 0.0286 13.6697 "" "" 2020657494312002048 1744.70215 0.5404 0.0384 -1.966 -4.71 0.024 0.039 1.374 6327.6 4.067 15.720941 1.735943 16.525291 14.789349 "" "" 1630.60583 1892.17383 9695.50355 3.7113 3352.0 6.6546 9625.4 8.9119 "" "" 0.0027864881640360067 0.0035257773 0.003910788 0.007436565 296.83229747562 24.53941148771 1744.70215 -1.9660000000000002 -4.71 -0.5101999435424804 -0.1248001670837402 0.15020563 0.16520563 "" "" 4.343691869513243 "" 0.6562976918555414 ""
296.34886458277 24.41687010364 0.016 0.0226 17.7068 "" "" 2020746000688209280 1854.00159 0.5048 0.0338 -1.55 -6.458 0.02 0.03 0.981 5419.9 3.4066 15.721902 1.704473 16.533678 14.829206 "" "" 1743.51135 1978.41675 9686.92736 2.6051 3326.2 6.2627 9278.5 10.092 "" "" 0.0027707481785479394 0.0034589123 0.003959586 0.0074184984 296.34886458277 24.41687010364 1854.00159 -1.5499999999999994 -6.458 -0.09419994354248051 -1.8728001670837404 0.14620562 0.15620562 "" "" 16.478913323346273 "" 2.573696361485788 ""
296.37448434643 24.56000066187 0.0223 0.0309 12.3526 "" "" 2020752327209660160 2214.28345 0.4205 0.0426 -2.327 -5.949 0.029 0.039 1.515 8602.6 3.1098 15.726717 1.514099 16.41013 14.89603 "" "" 2028.6123 2446.03711 9644.06512 2.9615 3727.0 5.7785 8724.6 8.2015 "" "" 0.002775418930535107 0.0032586483 0.003914771 0.0071734195 296.37448434643 24.56000066187 2214.28345 -2.327 -5.949 -0.8711999435424804 -1.36380016708374 0.15520562 0.16520563 "" "" 16.985344112421625 "" 2.7579262859604596 ""
296.27058668237 24.66697054248 0.0143 0.0232 17.9719 "" "" 2020765796227988224 1994.69153 0.467 0.0308 -2.08 -13.372 0.019 0.03 1.003 4884.4 3.4544 15.728501 2.197991 16.869904 14.671912 "" "" 1897.84656 2122.13989 9628.22463 2.8155 2440.4 5.2164 10725.0 14.144 "" "" 0.0027735520487865155 0.0036291976 0.0040415265 0.007670724 296.27058668237 24.66697054248 1994.69153 -2.0800000000000005 -13.37200000000001 -0.6241999435424805 -8.78680016708374 0.14520562 0.15620562 "" "" 83.28713091735254 "" 13.005479361974741 ""
296.58001312484 24.60730022199 0.0154 0.0231 0.7858 "" "" 2020756209860517632 1648.07446 0.5683 0.0312 -0.196 -0.533 0.021 0.031 1.026 5206.1 3.4143 15.730696 2.050528 16.778233 14.727704 "" "" 1580.67993 1745.29858 9608.78766 2.9457 2655.4 6.4932 10188.0 8.7014 "" "" 0.002775351564427183 0.0038514547 0.0038914816 0.0077429363 296.58001312484 24.60730022199 1648.07446 -0.196 -0.533 1.2598000564575196 4.052199832916259 0.14720562 0.15720563 "" "" 33.14980010461111 "" 5.182970334055025 ""
296.3439074532 24.64853392332 0.0146 0.0212 13.8406 "" "" 2020770709671158144 1917.49915 0.4831 0.0301 -2.72 -3.993 0.019 0.027 0.978 5162.5 3.4859 15.73772 2.137105 16.84064 14.703534 "" "" 1784.16211 2037.58569 9546.82536 2.5633 2507.0 5.3707 10417.0 8.5917 "" "" 0.0027706988119192964 0.0036325066 0.0038840224 0.007516529 296.3439074532 24.64853392332 1917.49915 -2.7199999999999993 -3.993000000000002 -1.2641999435424807 0.5921998329162599 0.14520562 0.15320562 "" "" 12.688448986449895 "" 1.8611086703123545 ""
296.77600279235 24.7862845218 0.0147 0.0243 14.4977 "" "" 2020853104312384512 1810.45886 0.531 0.0301 -2.019 -4.876 0.02 0.033 0.953 8399.4 3.9359 15.742823 1.374483 16.356783 14.9823 "" "" 1721.4657 1904.79517 9502.05548 2.3978 3914.7 5.8259 8058.2 7.5019 "" "" 0.0027689085805295503 0.0032242632 0.003912213 0.007136476 296.77600279235 24.7862845218 1810.45886 -2.0189999999999992 -4.876 -0.5631999435424806 -0.29080016708374057 0.14620562 0.15920562 "" "" 5.439384542002756 "" 0.8106651520802707 ""
296.24835328475 24.66324098881 0.0145 0.0233 19.1254 "" "" 2020765830587748608 1785.59204 0.52 0.0308 2.524 3.844 0.019 0.03 0.997 5017.7 3.4736 15.743405 2.045369 16.77255 14.727181 "" "" 1699.91748 1883.68726 9496.95813 2.8433 2669.3 6.2917 10193.0 16.871 "" "" 0.0027744283917759314 0.0037860628 0.004184873 0.007970936 296.24835328475 24.66324098881 1785.59204 2.524 3.8440000000000003 3.9798000564575196 8.42919983291626 0.14520562 0.15620562 "" "" 78.89437264614205 "" 12.170163553255868 ""
296.72397410539 24.73925505613 0.0164 0.0253 10.5011 "" "" 2020851351965740160 1983.06689 0.4557 0.0328 -2.179 -5.89 0.022 0.033 1.044 "" "" 15.744203 2.861201 17.356836 14.495635 -0.11 4.38 1878.15833 2097.73315 9489.99205 3.4978 1558.4 13.76 12615.0 20.418 "" "" 0.0027842291576398526 0.009984368 0.00416796 0.0141523285 296.72397410539 24.73925505613 1983.06689 -2.1790000000000003 -5.890000000000001 -0.7231999435424803 -1.30480016708374 0.14820562 0.15920562 -79.88333333333333 7.8100004 14.022699110681348 81.10476579580973 2.1972159693594784 7.701757093330535
296.70887812033 24.59661852202 0.0151 0.0236 6.3124 "" "" 2020568055919441792 2056.97119 0.4607 0.0302 -1.326 -3.379 0.02 0.031 1.0 8311.4 4.1471 15.744461 1.617328 16.501726 14.884398 "" "" 1942.44238 2164.01172 9487.72946 2.4775 3425.5 5.8463 8818.6 7.5212 "" "" 0.0027698682324512856 0.0033494404 0.0038911703 0.0072406107 296.70887812033 24.59661852202 2056.97119 -1.3260000000000007 -3.3789999999999982 0.12980005645751946 1.2061998329162598 0.14620562 0.15720563 "" "" 11.828398488585968 "" 1.8580528842277526 ""
296.74712679674 24.36768484286 0.0179 0.0237 16.7691 "" "" 2020560148861825408 2322.97241 0.3897 0.0315 -1.591 -5.07 0.023 0.034 0.967 4768.9 2.6947 15.74686 2.993952 17.49644 14.502489 -35.09 3.65 2158.43628 2508.5144 9466.79406 4.0742 1370.4 4.7519 12536.0 7.8557 "" "" 0.0027946603464510176 0.0046860348 0.0038401354 0.008526171 296.74712679674 24.36768484286 2322.97241 -1.5910000000000009 -5.069999999999999 -0.13519994354248044 -0.4848001670837405 0.14920563 0.16020563 -114.86333333333333 7.08 5.541773290915933 114.99694167956099 0.88356522227618 7.071902263933895
296.36022453977 24.72087909419 0.0164 0.0235 14.3834 "" "" 2020772152784943616 1854.83972 0.5016 0.0332 -2.398 -6.612 0.022 0.03 1.004 6307.7 3.9181 15.750897 1.852697 16.636309 14.783611 "" "" 1742.18396 1974.2301 9431.65096 3.5599 3026.2 14.075 9676.4 20.553 "" "" 0.002785628714280927 0.0057693706 0.0044274153 0.010196786 296.36022453977 24.72087909419 1854.83972 -2.398 -6.612 -0.9421999435424806 -2.0268001670837403 0.14820562 0.15620562 "" "" 19.650841395982273 "" 3.0422295183832837 ""
296.33089937323 24.6862772059 0.0145 0.0211 15.0654 "" "" 2020771568664654464 1983.93176 0.4701 0.0301 -1.263 -2.644 0.019 0.027 1.001 8004.2 3.9753 15.757379 1.578165 16.491928 14.913763 "" "" 1863.67993 2107.11865 9375.51766 2.3686 3456.6 6.3239 8583.3 6.2365 "" "" 0.002768939895420608 0.003425013 0.0038608366 0.0072858497 296.33089937323 24.6862772059 1983.93176 -1.263 -2.644 0.19280005645751963 1.9411998329162596 0.14520562 0.15320562 "" "" 18.34454158436071 "" 2.809090383074971 ""
296.70373940158 24.56609319742 0.0161 0.0253 6.5361 "" "" 2020567643602561408 2131.06567 0.4185 0.0327 -0.762 -3.928 0.021 0.033 1.062 15003.2 3.6305 15.758142 2.847462 17.386261 14.538799 29.58 5.94 2011.80688 2315.63184 9368.92578 3.7205 1516.7 4.6213 12124.0 8.4651 "" "" 0.002788850311600011 0.0043277116 0.0038546596 0.008182371 296.70373940158 24.56609319742 2131.06567 -0.7619999999999995 -3.9279999999999995 0.6938000564575195 0.6571998329162598 0.14720562 0.15920562 -50.19333333333333 9.37 9.653277779507478 51.11317328242733 1.476933263543168 9.205602943972435
296.33896630462 24.53691252676 0.0151 0.0214 14.5963 "" "" 2020751944923265280 1608.25977 0.6048 0.0299 1.93 1.462 0.02 0.027 1.037 6608.7 4.0343 15.763171 1.725059 16.575045 14.849986 "" "" 1514.04077 1695.20557 9325.62918 2.5425 3201.8 6.2476 9102.6 12.948 "" "" 0.0027711751342323434 0.0035033408 0.0040827584 0.007586099 296.33896630462 24.53691252676 1608.25977 1.929999999999999 1.462000000000001 3.3858000564575192 6.0471998329162595 0.14620562 0.15320562 "" "" 52.832490814775724 "" 8.00752135160449 ""
296.56903210595 24.64248907946 0.0279 0.0421 2.3809 "" "" 2020756622177397120 2286.90137 0.4047 0.0582 -3.309 -3.01 0.038 0.057 1.664 6026.9 4.0604 15.766027 2.174553 16.754173 14.57962 "" "" 2033.40527 2585.46362 9301.135 5.8363 2714.9 10.606 11676.0 70.809 "" "" 0.0028382974677323885 0.0050769667 0.0075920057 0.012668973 296.56903210595 24.64248907946 2286.90137 -3.309 -3.0100000000000016 -1.8531999435424806 1.57519983291626 0.16420563 0.18320562 "" "" 26.364852335954634 "" 4.5460946886989335 ""
296.42194139251 24.81002101887 0.0148 0.0219 15.2342 "" "" 2020774180004759168 1736.60913 0.5406 0.0309 -0.624 -3.822 0.021 0.029 1.029 8127.0 4.2362 15.775135 1.605564 16.52222 14.916657 "" "" 1653.74817 1843.27234 9223.43678 2.7416 3361.5 6.8821 8560.4 8.0175 "" "" 0.002774156137580251 0.003567374 0.0039137923 0.007481166 296.42194139251 24.81002101887 1736.60913 -0.624 -3.8219999999999983 0.8318000564575195 0.7631998329162597 0.14720562 0.15520562 "" "" 9.292389246414338 "" 1.402359148015998 ""
296.62116372521 24.67112392276 0.0155 0.0256 3.9528 "" "" 2020757000134499712 1875.14575 0.5069 0.0336 -1.534 -4.631 0.021 0.033 1.061 7596.4 4.0288 15.776386 1.710446 16.594395 14.883948 "" "" 1747.40051 2007.18823 9212.81618 2.6171 3145.3 6.2568 8822.2 8.715 "" "" 0.0027725289062302634 0.0035284283 0.0039286227 0.007457051 296.62116372521 24.67112392276 1875.14575 -1.5339999999999987 -4.631 -0.0781999435424805 -0.04580016708374046 0.14720562 0.15920562 "" "" 0.8054920927227641 "" 0.1211151079217762 ""
296.52115265062 24.4727459132 0.0153 0.0223 9.1477 "" "" 2020747035809759488 1795.33337 0.5225 0.0314 -1.459 -4.838 0.02 0.031 1.054 7187.5 3.7329 15.776961 1.982598 16.755024 14.772426 "" "" 1700.349 1905.66187 9207.93489 2.7108 2712.7 5.0196 9776.6 8.2284 "" "" 0.002773798547328972 0.0034382185 0.003888285 0.0073265033 296.52115265062 24.4727459132 1795.33337 -1.4589999999999992 -4.837999999999999 -0.0031999435424805434 -0.2528001670837403 0.14620562 0.15720563 "" "" 2.151471468704342 "" 0.3382197611681139 ""
296.65943233903 24.63534866367 0.0312 0.0498 3.874 "" "" 2020755969350373504 2359.65576 0.3993 0.063 -1.583 -4.595 0.042 0.066 1.771 9553.7 3.3628 15.783063 1.895641 16.68294 14.787298 "" "" 2092.35498 2675.66919 9156.33286 5.0214 2899.0 9.53 9643.6 12.689 "" "" 0.0028189219832636526 0.004530356 0.0040403763 0.008570733 296.65943233903 24.63534866367 2359.65576 -1.583 -4.595 -0.12719994354248043 -0.009800167083739986 0.16820562 0.19220562 "" "" 1.4269182205952455 "" 0.24023206634648822 ""
296.29943181342 24.45044235732 0.0162 0.024 18.7183 "" "" 2020749269192953472 2209.3252 0.4268 0.0326 -1.466 -1.417 0.02 0.031 0.968 8132.1 3.9668 15.790131 1.743895 16.612408 14.868513 "" "" 2060.64355 2367.22656 9096.92625 2.9635 3093.5 7.9315 8948.6 9.5568 "" "" 0.0027779295901298926 0.0039413557 0.003953256 0.007894612 296.29943181342 24.45044235732 2209.3252 -1.4659999999999997 -1.4170000000000005 -0.010199943542480439 3.16819983291626 0.14620562 0.15720563 "" "" 33.17819882293166 "" 5.215795877296566 ""
296.37206028658 24.39509843976 0.0174 0.0243 17.6984 "" "" 2020745730139787392 1729.54578 0.5564 0.0371 -1.458 -4.996 0.022 0.032 1.119 7958.8 4.0386 15.802558 1.534094 16.433857 14.899763 "" "" 1641.74036 1878.71814 8993.38982 3.6073 3646.5 7.5385 8694.7 48.51 "" "" 0.0027895242040132696 0.0035809414 0.0071399095 0.010720851 296.37206028658 24.39509843976 1729.54578 -1.4580000000000002 -4.996 -0.0021999435424804314 -0.4108001670837407 0.14820562 0.15820563 "" "" 3.367807367605429 "" 0.5328051456075407 ""
296.60508114233 24.47419856552 0.0157 0.0232 8.1704 "" "" 2020565066622237184 2342.07227 0.3836 0.031 -3.113 -4.086 0.02 0.03 0.971 6856.6 3.211 15.810304 2.524244 17.193062 14.668817 "" "" 2211.55615 2511.87988 8929.46508 2.7981 1812.1 6.0746 10756.0 7.574 "" "" 0.0027762457130230157 0.004586078 0.0038559362 0.008442014 296.60508114233 24.47419856552 2342.07227 -3.113 -4.086 -1.6571999435424805 0.49919983291625947 0.14620562 0.15620562 "" "" 19.21384021651601 "" 2.825653930410361 ""
296.67420500446 24.91981619354 0.0149 0.0231 19.094 "" "" 2020869940585207936 2067.01147 0.4511 0.0313 -1.139 -2.662 0.02 0.03 0.984 7487.6 4.0715 15.815953 1.678199 16.612923 14.934724 "" "" 1936.44824 2218.00269 8883.12049 2.5809 3092.1 7.3563 8419.2 10.11 "" "" 0.0027733189198585234 0.0038022513 0.003997946 0.007800197 296.67420500446 24.91981619354 2067.01147 -1.1390000000000002 -2.662 0.3168000564575195 1.9231998329162598 0.14620562 0.15620562 "" "" 19.09674272688872 "" 2.978131184501129 ""
296.83388822417 24.85574100433 0.0218 0.0306 19.7012 "" "" 2020859770102181120 1663.72791 0.5648 0.0436 -2.485 -1.343 0.03 0.041 1.405 5228.9 3.6312 15.817616 2.254469 16.994469 14.74 "" "" 1571.50354 1769.26672 8869.52317 3.1809 2175.9 4.9726 10073.0 8.0581 "" "" 0.002782697698924598 0.0037338457 0.0038779012 0.007611747 296.83388822417 24.85574100433 1663.72791 -2.484999999999998 -1.3430000000000004 -1.0291999435424803 3.24219983291626 0.15620562 0.16720563 "" "" 26.82552299381311 "" 4.459177987862026 ""
296.6511345841 24.93097309739 0.0147 0.0246 19.507 "" "" 2020869837506003456 2149.59692 0.4365 0.0317 -2.864 -5.365 0.02 0.033 0.986 7220.0 3.3316 15.818713 1.933971 16.779427 14.845455 "" "" 2013.6792 2290.0061 8860.56354 2.5888 2652.4 4.9378 9140.6 7.3876 "" "" 0.002773520930558435 0.0034453557 0.0038799169 0.0073252725 296.6511345841 24.93097309739 2149.59692 -2.8640000000000008 -5.365000000000003 -1.4081999435424803 -0.7798001670837404 0.14620562 0.15920562 "" "" 16.40131799801244 "" 2.449670228170054 ""
296.71358545118 24.62575858905 0.0155 0.0249 6.5853 "" "" 2020755763183874048 1864.35522 0.5057 0.0314 -1.626 -4.834 0.02 0.032 0.986 "" "" 15.820918 2.309571 17.023321 14.71375 "" "" 1765.16089 1953.72803 8842.58962 4.8902 2118.8 6.1074 10319.0 15.075 "" "" 0.002819985938811733 0.0041927947 0.004098731 0.008291526 296.71358545118 24.62575858905 1864.35522 -1.6260000000000008 -4.834 -0.17019994354248036 -0.24880016708373986 0.14620562 0.15820563 "" "" 2.6638893335001987 "" 0.4115214326499418 ""
296.6806278129 24.77037469973 0.0156 0.0238 10.716 "" "" 2020854581781195904 1857.64807 0.5115 0.0329 -1.191 -2.939 0.021 0.033 1.033 7122.9 3.7602 15.825937 1.483437 16.500578 15.017141 "" "" 1747.69226 1971.32739 8801.80583 2.4595 3429.1 6.9016 7803.7 8.4107 "" "" 0.0027719729601306687 0.0035440384 0.0039563957 0.0075004343 296.6806278129 24.77037469973 1857.64807 -1.1910000000000007 -2.9390000000000014 0.2648000564575195 1.6461998329162597 0.14720562 0.15920562 "" "" 14.681534207437776 "" 2.333102693629224 ""
296.51040982515 24.69846179622 0.0154 0.0232 6.9999 "" "" 2020760745346068224 1848.14343 0.5082 0.0315 -0.128 -3.46 0.021 0.029 0.964 6358.9 3.98 15.832213 1.704101 16.645658 14.941558 "" "" 1743.3844 1966.21936 8751.07784 2.3874 3000.2 7.17 8366.3 6.8707 "" "" 0.0027711955902334 0.0038102109 0.0038831376 0.0076933485 296.51040982515 24.69846179622 1848.14343 -0.12799999999999978 -3.4599999999999995 1.3278000564575194 1.1251998329162598 0.14720562 0.15520562 "" "" 15.2465928296991 "" 2.296152966755591 ""
