Clusters/Dolidze_53/Dolidze_53_stars_in_region.tsv
# %ECSV 1.0
# ---
# datatype:
# - name: RA_ICRS_1
#   unit: deg
#   datatype: float64
#   format: '{:15.11f}'
#   description: Right ascension (ICRS) at Ep=2016.0 (ra)
#   meta: !!omap
#   - {ucd: POS_EQ_RA_MAIN}
#   - {width: 15}
#   - {precision: '11'}
# - name: DE_ICRS_1
#   unit: deg
#   datatype: float64
#   format: '{:15.11f}'
#   description: Declination (ICRS) at Ep=2016.0 (dec)
#   meta: !!omap
#   - {ucd: POS_EQ_DEC_MAIN}
#   - {width: 15}
#   - {precision: '11'}
# - name: e_RA_ICRS
#   unit: mas
#   datatype: float64
#   format: '{:7.4f}'
#   description: Standard error of right ascension (ra_error)
#   meta: !!omap
#   - {ucd: ERROR}
#   - {width: 7}
#   - {precision: '4'}
# - name: e_DE_ICRS
#   unit: mas
#   datatype: float64
#   format: '{:7.4f}'
#   description: Standard error of declination (dec_error)
#   meta: !!omap
#   - {ucd: ERROR}
#   - {width: 7}
#   - {precision: '4'}
# - name: _r_1
#   unit: ''
#   datatype: float64
#   format: '{:7.4f}'
#   description: Distance from center (296.59410646000+24.61000607000)[ICRS], at Epoch=J2016.0
#   meta: !!omap
#   - {ucd: POS_ANG_DIST_GENERAL}
#   - {width: 7}
#   - {precision: '4'}
# - name: HIP
#   datatype: int32
#   description: '? HIP cross-id number, van Leeuwen, Cat. I/311 (hip_original_ext_source_id)'
#   meta: !!omap
#   - {ucd: ID_NUMBER}
#   - {width: 6}
#   - values: {'null': -2147483648}
# - name: TYC2
#   datatype: string
#   description: Tycho-2 cross-id name, Hog et al., Cat. I/259 (tyc2_original_ext_source_id)
#   meta: !!omap
#   - {ucd: ID_CROSSID}
#   - {_votable_string_dtype: char}
# - name: Source
#   datatype: int64
#   description: Source identifier, identical to the Gaia-EDR3 source_id (id)
#   meta: !!omap
#   - {ucd: ID_MAIN}
#   - {width: 19}
# - name: rgeo
#   unit: pc
#   datatype: float64
#   format: '{:15.8f}'
#   description: '? Median of the geometric distance posterior (r_med_geo)'
#   meta: !!omap
#   - {ucd: PHYS_DISTANCE_TRUE}
#   - {width: 15}
#   - {precision: '8'}
#   - values: {'null': .nan}
# - name: Plx
#   unit: mas
#   datatype: float64
#   format: '{:9.4f}'
#   description: '? Parallax (parallax)'
#   meta: !!omap
#   - {ucd: POS_PARLX_TRIG}
#   - {width: 9}
#   - {precision: '4'}
#   - values: {'null': .nan}
# - name: e_Plx
#   unit: mas
#   datatype: float32
#   format: '{:7.4f}'
#   description: '? Standard error of parallax (parallax_error)'
#   meta: !!omap
#   - {ucd: ERROR}
#   - {width: 7}
#   - {precision: '4'}
#   - values: {'null': .nan}
# - name: pmRA
#   unit: mas / yr
#   datatype: float64
#   format: '{:9.3f}'
#   description: '? Proper motion in right ascension direction, pmRA*cosDE (pmra)'
#   meta: !!omap
#   - {ucd: POS_EQ_PMRA}
#   - {width: 9}
#   - {precision: '3'}
#   - values: {'null': .nan}
# - name: pmDE
#   unit: mas / yr
#   datatype: float64
#   format: '{:9.3f}'
#   description: '? Proper motion in declination direction (pmdec)'
#   meta: !!omap
#   - {ucd: POS_EQ_PMDEC}
#   - {width: 9}
#   - {precision: '3'}
#   - values: {'null': .nan}
# - name: e_pmRA
#   unit: mas / yr
#   datatype: float32
#   format: '{:6.3f}'
#   description: '? Standard error of proper motion in right ascension direction (pmra_error)'
#   meta: !!omap
#   - {ucd: ERROR}
#   - {width: 6}
#   - {precision: '3'}
#   - values: {'null': .nan}
# - name: e_pmDE
[...]
#         unit: &id001 !astropy.units.Unit {unit: deg}
#         value: !astropy.table.SerializedColumn {name: SkyCoord.dec}
#       distance: !astropy.table.SerializedColumn
#         __class__: astropy.coordinates.distances.Distance
#         unit: !astropy.units.Unit {unit: pc}
#         value: !astropy.table.SerializedColumn {name: SkyCoord.distance}
#       frame: icrs
#       obstime: !astropy.time.Time {format: jyear_str, in_subfmt: '*', jd1: 367701545.0, jd2: 0.0, out_subfmt: '*', precision: 3, scale: tt}
#       pm_dec: !astropy.table.SerializedColumn
#         __class__: astropy.units.quantity.Quantity
#         unit: !astropy.units.Unit {unit: mas / yr}
#         value: !astropy.table.SerializedColumn {name: SkyCoord.pm_dec}
#       pm_ra_cosdec: !astropy.table.SerializedColumn
#         __class__: astropy.units.quantity.Quantity
#         unit: !astropy.units.Unit {unit: mas / yr}
#         value: !astropy.table.SerializedColumn {name: SkyCoord.pm_ra_cosdec}
#       ra: !astropy.table.SerializedColumn
#         __class__: astropy.coordinates.angles.Longitude
#         unit: *id001
#         value: !astropy.table.SerializedColumn {name: SkyCoord.ra}
#         wrap_angle: !astropy.coordinates.Angle
#           unit: *id001
#           value: 360.0
#       representation_type: spherical
# schema: astropy-2.0
RA_ICRS_1 DE_ICRS_1 e_RA_ICRS e_DE_ICRS _r_1 HIP TYC2 Source rgeo Plx e_Plx pmRA pmDE e_pmRA e_pmDE RUWE Teff logg Gmag BP-RP BPmag RPmag RV e_RV b_rgeo B_rgeo FG e_FG FBP e_FBP FRP e_FRP RAVE5 RAVE6 e_Gmag e_BPmag e_RPmag e_BP-RP SkyCoord.ra SkyCoord.dec SkyCoord.distance SkyCoord.pm_ra_cosdec SkyCoord.pm_dec
[from data line 529]
296.6423872172 24.76820942441 0.0207 0.0343 9.8504 "" "" 2020854444342272128 1617.20837 0.5952 0.0461 2.594 0.695 0.028 0.043 0.996 7314.0 4.1786 16.396181 1.569114 17.123158 15.554044 "" "" 1514.30786 1749.59302 5205.6377 1.9457 1932.7 5.3508 4759.3 6.7786 "" "" 0.0027850446707645493 0.004101299 0.0040835124 0.008184811 296.6423872172 24.76820942441 1617.20837 2.5939999999999994 0.6949999999999998
296.53773612169 24.53022645793 0.0213 0.0311 5.6899 "" "" 2020753358002230016 1735.41406 0.566 0.043 -5.222 -4.482 0.028 0.041 1.009 7412.2 4.3564 16.39658 1.721097 17.222988 15.501891 "" "" 1616.65869 1867.22656 5203.72961 1.9112 1762.9 5.4299 4993.5 6.5683 "" "" 0.00278402621468928 0.004355287 0.0040402133 0.0083955005 296.53773612169 24.53022645793 1735.41406 -5.222000000000001 -4.482000000000001
296.37395730082 24.43003624006 0.0219 0.0325 16.1563 "" "" 2020746103767441664 2087.83618 0.4519 0.0466 -2.189 -5.03 0.028 0.042 0.972 9488.6 3.9904 16.397034 1.717358 17.186049 15.468691 "" "" 1916.60815 2310.05347 5201.55717 2.0761 1823.9 5.9935 5148.5 13.771 "" "" 0.0027891902034713383 0.0045292866 0.0047662803 0.009295567 296.37395730082 24.43003624006 2087.83618 -2.1889999999999996 -5.030000000000001
296.82675791723 24.71516520767 0.0214 0.0305 14.1682 "" "" 2020664160101348480 2125.18799 0.4508 0.0422 -3.945 -6.024 0.028 0.041 1.013 7076.5 4.085 16.397594 1.975396 17.389229 15.413833 "" "" 1936.74707 2354.81885 5198.87085 2.0046 1512.6 6.3097 5415.3 6.0837 "" "" 0.002786942893537931 0.005319541 0.003971336 0.009290877 296.82675791723 24.71516520767 2125.18799 -3.9450000000000003 -6.023999999999999
296.2888493854 24.76977881506 0.0195 0.0291 19.2048 "" "" 2020775279516497408 2036.14893 0.4648 0.0399 1.02 0.43 0.026 0.036 0.957 5565.7 4.1988 16.397924 1.579622 17.117308 15.537685 "" "" 1911.80664 2200.61816 5197.29275 1.7303 1943.1 5.4665 4831.5 10.725 "" "" 0.0027789292390103205 0.0041370215 0.0044824583 0.00861948 296.2888493854 24.76977881506 2036.14893 1.02 0.42999999999999994
296.48914118387 24.42932803138 0.0222 0.0308 12.2618 "" "" 2020746795291878400 1744.1698 0.5548 0.0431 -3.524 -5.238 0.028 0.04 1.046 7044.8 4.3032 16.400465 1.833719 17.29083 15.457111 "" "" 1605.39893 1877.59644 5185.14562 2.0252 1656.1 4.9982 5203.7 6.9614 "" "" 0.0027877624617099095 0.004303782 0.004048878 0.00835266 296.48914118387 24.42932803138 1744.1698 -3.5239999999999996 -5.2379999999999995
296.72834799799 24.60525541453 0.0203 0.034 7.3285 "" "" 2020568021559683328 1624.09326 0.5983 0.0431 -1.292 -3.908 0.027 0.043 0.967 7470.0 4.1514 16.402489 1.796594 17.275055 15.478461 "" "" 1539.93396 1729.2196 5175.48856 1.8696 1680.3 4.1365 5102.4 5.8986 "" "" 0.002783095438918893 0.0038638117 0.003982355 0.007846166 296.72834799799 24.60525541453 1624.09326 -1.2919999999999998 -3.9080000000000004
296.47778421834 24.35675751304 0.0251 0.0304 16.4691 "" "" 2020556820275805312 1635.23096 0.5921 0.0453 -7.202 -8.556 0.031 0.04 1.026 7085.2 4.2122 16.405832 1.781146 17.254543 15.473397 "" "" 1522.02344 1731.89575 5159.57209 2.0352 1712.4 5.8916 5126.2 11.503 "" "" 0.002788405397846779 0.0046625356 0.0044966135 0.00915915 296.47778421834 24.35675751304 1635.23096 -7.202 -8.555999999999997
296.69253597038 24.54165964616 0.0221 0.0331 6.7573 "" "" 2020567231285696384 1660.55872 0.5841 0.043 -1.531 -4.623 0.029 0.042 1.096 6551.8 4.0086 16.41513 2.002423 17.312202 15.309779 "" "" 1543.64941 1787.61682 5115.57227 2.9114 1623.8 9.8368 5960.0 93.96 "" "" 0.002823758850596189 0.007144614 0.01752902 0.024673633 296.69253597038 24.54165964616 1660.55872 -1.5310000000000001 -4.622999999999999
296.36313940523 24.49225634357 0.0211 0.0302 14.45 "" "" 2020750746661811072 1773.89172 0.5382 0.0439 -0.295 -3.816 0.027 0.038 0.967 7602.7 4.2813 16.416615 1.636859 17.188004 15.551145 "" "" 1664.70605 1917.65344 5108.59235 1.8014 1820.6 4.9907 4772.0 6.8366 "" "" 0.0027817919741175675 0.004079606 0.00408696 0.0081665665 296.36313940523 24.49225634357 1773.89172 -0.295 -3.8160000000000003
296.88714287615 24.76989404528 0.0205 0.03 18.634 "" "" 2020664812936355328 2014.01892 0.4719 0.0419 -2.349 -4.587 0.028 0.043 0.993 5089.2 4.1724 16.419592 1.747712 17.250587 15.502875 "" "" 1869.48096 2224.85425 5094.60174 1.793 1718.6 4.301 4988.9 10.145 "" "" 0.0027816903943338874 0.0038946287 0.004377028 0.008271657 296.88714287615 24.76989404528 2014.01892 -2.349 -4.587
296.64665916003 24.65050231285 0.0211 0.0338 3.7576 "" "" 2020756725256572672 2264.33423 0.4324 0.0433 -1.774 -4.687 0.027 0.043 1.013 7996.1 3.9128 16.421877 2.2444 17.582977 15.338577 "" "" 2007.59412 2607.10303 5083.892 3.0263 1265.4 5.9482 5804.0 9.2685 "" "" 0.0028301067554470515 0.005816565 0.0041581113 0.009974676 296.64665916003 24.65050231285 2264.33423 -1.7739999999999998 -4.687
296.63396504541 24.90309595804 0.0193 0.031 17.719 "" "" 2020869493908464256 1613.91382 0.6002 0.0423 0.518 -5.857 0.027 0.042 0.97 7201.8 4.1269 16.424845 1.682003 17.228674 15.546671 "" "" 1513.24268 1725.97058 5070.00845 1.7331 1753.7 4.0597 4791.7 5.6414 "" "" 0.002780204175014177 0.0037552984 0.0039896984 0.007744997 296.63396504541 24.90309595804 1613.91382 0.5180000000000002 -5.857000000000001
296.78756369128 24.50118367653 0.0319 0.0558 12.4135 "" "" 2020563486074436608 1848.4104 0.533 0.0717 1.591 -5.638 0.04 0.081 1.457 "" "" 16.426044 1.923515 16.74469 14.821175 "" "" 1656.2782 2137.80054 5064.40969 3.5486 2738.7 10.28 9347.4 13.754 "" "" 0.0028584188096732713 0.0049390425 0.004103168 0.009042211 296.78756369128 24.50118367653 1848.4104 1.5910000000000002 -5.638
296.57372625428 24.38785989577 0.0229 0.0306 13.3751 "" "" 2020558057235583232 1849.61829 0.517 0.0428 -1.968 -7.131 0.028 0.041 0.976 6490.0 3.9636 16.428385 1.940685 17.400854 15.460169 "" "" 1736.4209 1986.84656 5053.50559 1.9154 1496.5 5.0389 5189.1 7.7434 "" "" 0.0027858819437145414 0.0045989105 0.004112021 0.008710932 296.57372625428 24.38785989577 1849.61829 -1.968 -7.131
296.86528554966 24.55643486877 0.0213 0.0306 15.141 "" "" 2020657627437109760 1880.32251 0.5088 0.0391 -1.277 -4.394 0.028 0.038 0.968 7493.8 4.2908 16.429934 1.772107 17.276314 15.504207 "" "" 1772.42346 2012.66479 5046.30623 1.9096 1678.4 4.5816 4982.8 7.6463 "" "" 0.0027857844074337295 0.004070509 0.0041303304 0.008200839 296.86528554966 24.55643486877 1880.32251 -1.277 -4.394
296.70978327523 24.39962541146 0.0233 0.0326 14.1146 "" "" 2020561046532663680 2194.82104 0.4451 0.0442 -3.305 -6.119 0.029 0.046 0.945 7192.9 3.344 16.430382 1.77655 17.28235 15.5058 "" "" 1998.6405 2490.74805 5044.21604 1.9312 1669.1 5.1962 4975.5 7.1011 "" "" 0.0027864992843550946 0.004382925 0.0040847175 0.008467643 296.70978327523 24.39962541146 2194.82104 -3.3050000000000006 -6.119
296.67178659925 24.72512448149 0.0215 0.035 8.1023 "" "" 2020851180167080960 2284.86084 0.4293 0.0497 -5.403 -15.18 0.029 0.043 1.022 6369.1 3.9794 16.43201 1.617476 17.182747 15.565271 "" "" 2040.59534 2511.62769 5036.65897 1.926 1829.4 4.531 4710.3 6.8625 "" "" 0.002786425151171042 0.0038751 0.0040970594 0.007972159 296.67178659925 24.72512448149 2284.86084 -5.403000000000001 -15.180000000000003
296.2455489328 24.62506819592 0.0203 0.034 19.0341 "" "" 2020765143392957952 1678.22534 0.576 0.0426 -1.204 -2.258 0.027 0.042 0.969 7347.0 4.3029 16.434708 1.694574 17.240685 15.54611 "" "" 1571.83447 1825.73169 5024.1595 1.8977 1734.4 4.1142 4794.2 6.8561 "" "" 0.002785672337948255 0.0037971323 0.0040859003 0.007883033 296.2455489328 24.62506819592 1678.22534 -1.2040000000000002 -2.258
296.4064799904 24.67336989117 0.0201 0.0297 10.9158 "" "" 2020770984549013120 1743.02246 0.5567 0.0404 -2.284 -6.489 0.027 0.038 0.983 7452.1 4.3167 16.436588 1.742435 17.267937 15.525502 "" "" 1615.11951 1879.48511 5015.46896 1.8989 1691.4 5.0765 4886.0 6.0633 "" "" 0.0027858153606362367 0.0042899973 0.0040123654 0.008302363 296.4064799904 24.67336989117 1743.02246 -2.2840000000000003 -6.488999999999999
296.32893727243 24.70246597222 0.0197 0.0304 15.4873 "" "" 2020771740463359360 2164.28003 0.4231 0.0416 -2.095 -3.379 0.027 0.04 0.978 6243.3 3.7744 16.438232 2.305868 17.66265 15.356781 "" "" 1954.67627 2390.49438 5007.87581 1.9854 1175.9 4.6761 5707.5 5.71 "" "" 0.002788740440273358 0.005140653 0.0039323764 0.009073029 296.32893727243 24.70246597222 2164.28003 -2.095 -3.379
296.35227871339 24.75576146031 0.0208 0.0314 15.8208 "" "" 2020772462017876608 2030.06506 0.472 0.0438 -3.875 -6.617 0.028 0.039 1.026 8460.8 4.2675 16.438658 1.612849 17.156513 15.543664 "" "" 1878.66699 2208.87451 5005.91665 1.9592 1874.2 7.7055 4805.0 24.388 "" "" 0.0027878946615151425 0.005264121 0.0066821845 0.011946306 296.35227871339 24.75576146031 2030.06506 -3.875 -6.617
296.50652791111 24.76937663877 0.0205 0.0313 10.6879 "" "" 2020773217931979008 2014.76367 0.4662 0.0433 -8.591 -9.942 0.028 0.039 0.977 5178.1 3.7619 16.440815 1.931336 17.401337 15.47 "" "" 1856.34534 2178.78613 4995.98458 1.802 1495.8 4.4677 5142.3 5.6072 "" "" 0.002783011100772431 0.004278026 0.003960471 0.008238497 296.50652791111 24.76937663877 2014.76367 -8.591 -9.942
296.79033037384 24.43079867469 0.0225 0.0334 15.1774 "" "" 2020561905526054528 1721.52515 0.546 0.0438 -0.096 -4.836 0.028 0.044 0.999 7437.3 4.0888 16.44108 1.727396 17.27113 15.543734 "" "" 1605.37561 1897.29199 4994.76136 1.9184 1686.4 5.536 4804.7 5.1015 "" "" 0.0027866985023706175 0.0045264154 0.003951289 0.008477705 296.79033037384 24.43079867469 1721.52515 -0.09599999999999997 -4.835999999999999
296.46639318795 24.75368369847 0.026 0.0389 11.0813 "" "" 2020772839974875136 2099.71777 0.4633 0.0564 -4.102 -7.581 0.035 0.049 1.203 6009.2 4.299 16.441362 2.221064 17.445557 15.224493 "" "" 1897.09778 2324.59766 4993.46622 2.3397 1436.1 4.9053 6447.1 38.691 "" "" 0.0028018903711615863 0.0046409545 0.007532582 0.012173537 296.46639318795 24.75368369847 2099.71777 -4.101999999999999 -7.581000000000001
296.58888779171 24.6913878927 0.021 0.0336 4.8912 "" "" 2020760092510977536 2023.72388 0.4665 0.0448 -4.493 -9.375 0.028 0.045 0.977 6401.8 4.133 16.445177 1.785822 17.313063 15.527241 "" "" 1859.50696 2181.30859 4975.9495 1.8846 1622.5 5.0253 4878.2 6.2585 "" "" 0.0027858366908277837 0.0043696114 0.004027907 0.008397518 296.58888779171 24.6913878927 2023.72388 -4.493 -9.375
296.79754777671 24.60988238827 0.0336 0.051 11.0977 "" "" 2020660964635385984 2169.35034 0.4572 0.0655 -2.781 -6.164 0.045 0.07 1.613 9574.3 3.6621 16.4491 1.843506 17.257795 15.414289 "" "" 1915.59058 2423.73682 4958.00243 3.0639 1707.3 8.2088 5413.1 33.559 "" "" 0.002835836283964601 0.005919156 0.0077195647 0.013638721 296.79754777671 24.60988238827 2169.35034 -2.7810000000000006 -6.164
296.5033769596 24.79371934996 0.0217 0.0328 12.0814 "" "" 2020773595889109760 1920.48547 0.5055 0.0452 3.223 -1.09 0.03 0.042 1.053 6702.4 4.3022 16.45055 1.704225 17.241653 15.537429 "" "" 1761.83337 2075.36133 4951.38096 1.8869 1732.8 4.6974 4832.7 8.1212 "" "" 0.0027862134574276024 0.0040556155 0.0041967477 0.008252364 296.5033769596 24.79371934996 1920.48547 3.223 -1.0900000000000003
296.6078586689 24.62002502515 0.0221 0.0356 0.9613 "" "" 2020756278579986304 1933.45544 0.5061 0.0465 -1.602 -4.634 0.029 0.045 1.032 7953.6 4.0667 16.452047 1.805651 17.327923 15.522272 "" "" 1754.37292 2136.53857 4944.55866 2.1624 1600.5 6.5262 4900.6 7.0084 "" "" 0.0027959340831356047 0.0052330806 0.004085912 0.0093189925 296.6078586689 24.62002502515 1933.45544 -1.6019999999999999 -4.634
296.55486519154 24.44608087027 0.0214 0.0308 10.0661 "" "" 2020559225466753664 2226.88086 0.4211 0.0418 -0.291 2.824 0.027 0.041 1.002 4904.4 3.5008 16.454859 2.36697 17.730045 15.363075 "" "" 2000.95044 2387.11621 4931.77457 1.948 1105.1 5.9222 5674.5 6.6254 "" "" 0.0027884952302481784 0.006452842 0.003986318 0.01043916 296.55486519154 24.44608087027 2226.88086 -0.2909999999999999 2.8240000000000003
296.27496457455 24.59791539212 0.0225 0.0346 17.4251 "" "" 2020764250039704704 1742.18811 0.548 0.047 -6.137 -6.591 0.03 0.043 1.072 6464.1 4.0329 16.455969 1.771033 17.291676 15.520642 "" "" 1624.7594 1928.1925 4926.73555 2.1627 1654.8 5.0306 4908.0 7.9988 "" "" 0.0027962375716027534 0.0043219547 0.004173101 0.008495055 296.27496457455 24.59791539212 1742.18811 -6.136999999999999 -6.591
296.539402528 24.88664635627 0.0265 0.043 16.8639 "" "" 2020868841073495680 1826.77686 0.5307 0.0581 -2.578 -5.138 0.037 0.053 1.388 "" "" 16.457865 1.449597 17.062632 15.613034 "" "" 1616.69751 2089.77441 4918.13889 2.8086 2043.5 5.6955 4507.6 9.6897 "" "" 0.002824221628555004 0.0041160975 0.0044419584 0.008558055 296.539402528 24.88664635627 1826.77686 -2.5780000000000003 -5.138
296.72533711069 24.36695498277 0.0237 0.0321 16.2484 "" "" 2020559843941780992 2085.14136 0.4764 0.0429 -1.66 -5.244 0.03 0.045 0.992 9027.7 4.2406 16.459667 1.704214 17.261776 15.557562 "" "" 1884.82837 2292.40161 4909.98259 2.0728 1701.0 4.3145 4743.9 7.0515 "" "" 0.0027931842889336892 0.0039203432 0.0041095405 0.008029884 296.72533711069 24.36695498277 2085.14136 -1.6599999999999997 -5.244
296.27750321692 24.56364079639 0.0211 0.0334 17.4964 "" "" 2020763906442293504 1936.80994 0.5033 0.0447 2.552 5.881 0.028 0.04 0.97 6643.0 4.2807 16.464178 1.763425 17.311686 15.548261 "" "" 1772.03552 2200.37354 4889.6234 1.7673 1624.6 5.3747 4784.7 6.8464 "" "" 0.0027831256832101846 0.0045483247 0.004086235 0.00863456 296.27750321692 24.56364079639 1936.80994 2.5519999999999996 5.881000000000001
296.40554419938 24.35387692699 0.027 0.0334 18.4983 "" "" 2020744664987840000 1838.11218 0.5248 0.0505 0.294 -1.169 0.034 0.044 1.045 6623.7 3.9803 16.465187 1.832097 17.35988 15.527783 "" "" 1696.20667 2076.03516 4885.08695 1.9457 1554.1 6.1963 4875.8 7.6452 "" "" 0.0027890492120480875 0.0051501887 0.0041451138 0.009295302 296.40554419938 24.35387692699 1838.11218 0.29399999999999993 -1.169
296.8000083191 24.46915470632 0.0387 0.0578 14.0612 "" "" 2020563176836389376 2348.28735 0.4639 0.0744 -0.2 -5.781 0.048 0.078 1.766 8245.1 4.2533 16.472818 1.741232 17.207422 15.46619 "" "" 1910.81763 2936.24927 4850.86746 3.9972 1788.3 13.842 5160.4 17.886 "" "" 0.002896932194408397 0.008855009 0.005333404 0.0141884135 296.8000083191 24.46915470632 2348.28735 -0.19999999999999962 -5.781
296.56376048659 24.32154868958 0.0263 0.0312 17.3866 "" "" 2020557266961560960 1732.61914 0.5464 0.0462 -0.975 -2.769 0.032 0.042 1.02 6024.4 4.1664 16.475813 1.796466 17.335032 15.538566 "" "" 1608.58057 1883.16321 4837.50351 1.8933 1590.0 5.5216 4827.6 9.4708 "" "" 0.002787895102894582 0.004690551 0.0043382747 0.009028826 296.56376048659 24.32154868958 1732.61914 -0.9750000000000001 -2.769
296.76308923787 24.56554821301 0.0216 0.0338 9.5977 "" "" 2020566990767464320 2107.6438 0.4564 0.044 -2.304 -5.968 0.028 0.047 1.0 "" "" 16.47715 2.008589 17.48524 15.476652 "" "" 1915.35742 2402.17993 4831.55188 1.9478 1384.6 4.7992 5110.9 6.371 "" "" 0.0027898701614056417 0.0046848133 0.00401441 0.008699223 296.76308923787 24.56554821301 2107.6438 -2.3039999999999994 -5.968
296.51375499289 24.55184439862 0.0228 0.0338 5.6035 "" "" 2020754182635971840 1777.11914 0.5119 0.0478 -2.946 -3.581 0.03 0.045 0.973 "" "" 16.478668 3.490758 18.615828 15.12507 "" "" 1656.76953 1918.01819 4824.80358 3.347 488.75 3.662 7065.3 12.289 "" "" 0.002856409224123614 0.0086001605 0.004224932 0.012825092 296.51375499289 24.55184439862 1777.11914 -2.9459999999999997 -3.581
296.58170143416 24.83329509853 0.0208 0.0333 13.4144 "" "" 2020867363604690048 2290.62988 0.4112 0.0446 -0.502 -2.501 0.028 0.042 0.977 6838.4 4.0175 16.480453 1.877145 17.402784 15.52564 "" "" 2088.13306 2517.11792 4816.87096 2.0197 1493.8 5.1485 4885.4 5.6255 "" "" 0.0027926758387710085 0.0046677804 0.0039808 0.00864858 296.58170143416 24.83329509853 2290.62988 -0.5020000000000001 -2.501
