Clusters/Dolidze_53/Dolidze_53_members.tsv
# %ECSV 1.0
# ---
# datatype:
# - name: RA_ICRS_1
#   unit: deg
#   datatype: float64
#   format: '{:15.11f}'
#   description: Right ascension (ICRS) at Ep=2016.0 (ra)
#   meta: !!omap
#   - {ucd: POS_EQ_RA_MAIN}
#   - {width: 15}
#   - {precision: '11'}
# - name: DE_ICRS_1
#   unit: deg
#   datatype: float64
#   format: '{:15.11f}'
#   description: Declination (ICRS) at Ep=2016.0 (dec)
#   meta: !!omap
#   - {ucd: POS_EQ_DEC_MAIN}
#   - {width: 15}
#   - {precision: '11'}
# - name: e_RA_ICRS
#   unit: mas
#   datatype: float64
#   format: '{:7.4f}'
#   description: Standard error of right ascension (ra_error)
#   meta: !!omap
#   - {ucd: ERROR}
#   - {width: 7}
#   - {precision: '4'}
# - name: e_DE_ICRS
#   unit: mas
#   datatype: float64
#   format: '{:7.4f}'
#   description: Standard error of declination (dec_error)
#   meta: !!omap
#   - {ucd: ERROR}
#   - {width: 7}
#   - {precision: '4'}
# - name: _r_1
#   unit: ''
#   datatype: float64
#   format: '{:7.4f}'
#   description: Distance from center (296.59410646000+24.61000607000)[ICRS], at Epoch=J2016.0
#   meta: !!omap
#   - {ucd: POS_ANG_DIST_GENERAL}
#   - {width: 7}
#   - {precision: '4'}
# - name: HIP
#   datatype: int32
#   description: '? HIP cross-id number, van Leeuwen, Cat. I/311 (hip_original_ext_source_id)'
#   meta: !!omap
#   - {ucd: ID_NUMBER}
#   - {width: 6}
#   - values: {'null': -2147483648}
# - name: TYC2
#   datatype: string
#   description: Tycho-2 cross-id name, Hog et al., Cat. I/259 (tyc2_original_ext_source_id)
#   meta: !!omap
#   - {ucd: ID_CROSSID}
#   - {_votable_string_dtype: char}
# - name: Source
#   datatype: int64
#   description: Source identifier, identical to the Gaia-EDR3 source_id (id)
#   meta: !!omap
#   - {ucd: ID_MAIN}
#   - {width: 19}
# - name: rgeo
#   unit: pc
#   datatype: float64
#   format: '{:15.8f}'
#   description: '? Median of the geometric distance posterior (r_med_geo)'
#   meta: !!omap
#   - {ucd: PHYS_DISTANCE_TRUE}
#   - {width: 15}
#   - {precision: '8'}
#   - values: {'null': .nan}
# - name: Plx
#   unit: mas
#   datatype: float64
#   format: '{:9.4f}'
#   description: '? Parallax (parallax)'
#   meta: !!omap
#   - {ucd: POS_PARLX_TRIG}
#   - {width: 9}
#   - {precision: '4'}
#   - values: {'null': .nan}
# - name: e_Plx
#   unit: mas
#   datatype: float32
#   format: '{:7.4f}'
#   description: '? Standard error of parallax (parallax_error)'
#   meta: !!omap
#   - {ucd: ERROR}
#   - {width: 7}
#   - {precision: '4'}
#   - values: {'null': .nan}
# - name: pmRA
#   unit: mas / yr
#   datatype: float64
#   format: '{:9.3f}'
#   description: '? Proper motion in right ascension direction, pmRA*cosDE (pmra)'
#   meta: !!omap
#   - {ucd: POS_EQ_PMRA}
#   - {width: 9}
#   - {precision: '3'}
#   - values: {'null': .nan}
# - name: pmDE
#   unit: mas / yr
#   datatype: float64
#   format: '{:9.3f}'
#   description: '? Proper motion in declination direction (pmdec)'
#   meta: !!omap
#   - {ucd: POS_EQ_PMDEC}
#   - {width: 9}
#   - {precision: '3'}
#   - values: {'null': .nan}
# - name: e_pmRA
#   unit: mas / yr
#   datatype: float32
#   format: '{:6.3f}'
#   description: '? Standard error of proper motion in right ascension direction (pmra_error)'
#   meta: !!omap
#   - {ucd: ERROR}
#   - {width: 6}
#   - {precision: '3'}
#   - values: {'null': .nan}
# - name: e_pmDE
#   unit: mas / yr
#   datatype: float32
#   format: '{:6.3f}'
#   description: '? Standard error of proper motion in declination direction (pmdec_error)'
#   meta: !!omap
#   - {ucd: ERROR}
#   - {width: 6}
#   - {precision: '3'}
#   - values: {'null': .nan}
# - name: RUWE
#   datatype: float64
#   format: '{:7.3f}'
#   description: '? Renormalised unit weight error (ruwe)'
#   meta: !!omap
#   - {ucd: ERROR}
#   - {width: 7}
#   - {precision: '3'}
#   - values: {'null': .nan}
# - name: Teff
#   unit: K
#   datatype: float64
#   format: '{:7.1f}'
#   description: '? Effective temperature from GSP-Phot Aeneas best library using BP/RP spectra (teff_gspphot)'
#   meta: !!omap
#   - {ucd: PHYS_TEMP_EFFEC}
#   - {width: 7}
#   - {precision: '1'}
#   - values: {'null': .nan}
# - name: logg
#   unit: log(cm.s**-2)
#   datatype: float64
#   format: '{:7.4f}'
#   description: '? Surface gravity from GSP-Phot Aeneas best library using BP/RP spectra (logg_gspphot)'
#   meta: !!omap
#   - {ucd: PHYS_GRAVITY_SURFACE}
#   - {width: 7}
#   - {precision: '4'}
#   - values: {'null': .nan}
# - name: Gmag
#   unit: mag
#   datatype: float64
#   format: '{:9.6f}'
#   description: '? G-band mean magnitude (phot_g_mean_mag)'
#   meta: !!omap
#   - {ucd: PHOT_MAG_OPTICAL}
#   - {width: 9}
#   - {precision: '6'}
#   - values: {'null': .nan}
# - name: BP-RP
#   unit: mag
#   datatype: float64
#   format: '{:9.6f}'
#   description: '? BP-RP colour (bp_rp)'
#   meta: !!omap
#   - {ucd: PHOT_CI_B-R}
#   - {width: 9}
#   - {precision: '6'}
#   - values: {'null': .nan}
# - name: BPmag
#   unit: mag
#   datatype: float64
#   format: '{:9.6f}'
#   description: '? Integrated BP mean magnitude (phot_bp_mean_mag)'
#   meta: !!omap
#   - {ucd: PHOT_MAG_B}
#   - {width: 9}
#   - {precision: '6'}
#   - values: {'null': .nan}
# - name: RPmag
#   unit: mag
#   datatype: float64
#   format: '{:9.6f}'
#   description: '? Integrated RP mean magnitude (phot_rp_mean_mag)'
#   meta: !!omap
#   - {ucd: PHOT_MAG_R}
#   - {width: 9}
#   - {precision: '6'}
#   - values: {'null': .nan}
# - name: RV
#   unit: km / s
#   datatype: float64
#   format: '{:7.2f}'
#   description: '? Radial velocity (radial_velocity)'
#   meta: !!omap
#   - {ucd: VELOC_BARYCENTER}
#   - {width: 7}
#   - {precision: '2'}
#   - values: {'null': .nan}
# - name: e_RV
#   unit: km / s
#   datatype: float32
#   format: '{:5.2f}'
#   description: '? Radial velocity error (radial_velocity_error)'
#   meta: !!omap
#   - {ucd: ERROR}
#   - {width: 5}
#   - {precision: '2'}
#   - values: {'null': .nan}
# - name: b_rgeo
#   unit: pc
#   datatype: float64
#   format: '{:14.8f}'
#   description: '? 16th percentile of the geometric distance posterior (r_lo_geo)'
#   meta: !!omap
#   - {ucd: ERROR}
#   - {width: 14}
#   - {precision: '8'}
#   - values: {'null': .nan}
# - name: B_rgeo
#   unit: pc
#   datatype: float64
#   format: '{:14.8f}'
#   description: '? 84th percentile of the geometric distance posterior (r_hi_geo)'
#   meta: !!omap
#   - {ucd: ERROR}
#   - {width: 14}
#   - {precision: '8'}
#   - values: {'null': .nan}
# - name: FG
#   unit: ''
#   datatype: float64
#   format: '{:16.5f}'
#   description: '? G-band mean flux (phot_g_mean_flux)'
#   meta: !!omap
#   - {ucd: PHOT_FLUX_OPTICAL}
#   - {width: 16}
#   - {precision: '5'}
#   - values: {'null': .nan}
# - name: e_FG
#   unit: ''
#   datatype: float32
#   format: '{:11.4g}'
#   description: '? Error on G-band mean flux (phot_g_mean_flux_error)'
#   meta: !!omap
#   - {ucd: ERROR}
#   - {width: 11}
#   - {precision: E4}
#   - values: {'null': .nan}
# - name: FBP
#   unit: ''
#   datatype: float32
#   format: '{:11.4g}'
#   description: '? Integrated BP mean flux (phot_bp_mean_flux)'
#   meta: !!omap
#   - {ucd: PHOT_FLUX_B}
#   - {width: 11}
#   - {precision: E4}
#   - values: {'null': .nan}
# - name: e_FBP
#   unit: ''
#   datatype: float32
#   format: '{:11.4g}'
#   description: '? Error on the integrated BP mean flux (phot_bp_mean_flux_error)'
#   meta: !!omap
#   - {ucd: ERROR}
#   - {width: 11}
#   - {precision: E4}
#   - values: {'null': .nan}
# - name: FRP
#   unit: ''
#   datatype: float32
#   format: '{:11.4g}'
#   description: '? Integrated RP mean flux (phot_rp_mean_flux)'
#   meta: !!omap
#   - {ucd: PHOT_FLUX_R}
#   - {width: 11}
#   - {precision: E4}
#   - values: {'null': .nan}
# - name: e_FRP
#   unit: ''
#   datatype: float32
#   format: '{:11.4g}'
#   description: '? Error on the integrated RP mean flux (phot_rp_mean_flux_error)'
#   meta: !!omap
#   - {ucd: ERROR}
#   - {width: 11}
#   - {precision: E4}
#   - values: {'null': .nan}
# - name: RAVE5
#   datatype: string
#   description: RAVE DR5 cross-id name, Kunder et al., Cat. III/279 (rave5_original_ext_source_id)
#   meta: !!omap
#   - {ucd: ID_CROSSID}
#   - {_votable_string_dtype: char}
# - name: RAVE6
#   datatype: string
#   description: RAVE DR6 cross-id name, Steinmetz et al., Cat. III/283 (rave6_original_ext_source_id)
#   meta: !!omap
#   - {ucd: ID_CROSSID}
#   - {_votable_string_dtype: char}
# - name: e_Gmag
#   unit: ''
#   datatype: float64
#   format: '{:11.4g}'
#   description: '? Error on G-band mean flux (phot_g_mean_flux_error)'
#   meta: !!omap
#   - {ucd: ERROR}
#   - {width: 11}
#   - {precision: E4}
#   - values: {'null': .nan}
# - name: e_BPmag
#   unit: ''
#   datatype: float32
#   format: '{:11.4g}'
#   description: '? Error on the integrated BP mean flux (phot_bp_mean_flux_error)'
#   meta: !!omap
#   - {ucd: ERROR}
#   - {width: 11}
#   - {precision: E4}
#   - values: {'null': .nan}
# - name: e_RPmag
#   unit: ''
#   datatype: float32
#   format: '{:11.4g}'
#   description: '? Error on the integrated RP mean flux (phot_rp_mean_flux_error)'
#   meta: !!omap
#   - {ucd: ERROR}
#   - {width: 11}
#   - {precision: E4}
#   - values: {'null': .nan}
# - name: e_BP-RP
#   unit: ''
#   datatype: float32
#   format: '{:11.4g}'
#   description: '? Error on the integrated BP mean flux (phot_bp_mean_flux_error)'
#   meta: !!omap
#   - {ucd: ERROR}
#   - {width: 11}
#   - {precision: E4}
#   - values: {'null': .nan}
# - name: SkyCoord.ra
#   unit: deg
#   datatype: float64
#   format: '{:15.11f}'
#   description: Right ascension (ICRS) at Ep=2016.0 (ra)
#   meta: !!omap
#   - {ucd: POS_EQ_RA_MAIN}
#   - {width: 15}
#   - {precision: '11'}
# - name: SkyCoord.dec
#   unit: deg
#   datatype: float64
#   format: '{:15.11f}'
#   description: Declination (ICRS) at Ep=2016.0 (dec)
#   meta: !!omap
#   - {ucd: POS_EQ_DEC_MAIN}
#   - {width: 15}
#   - {precision: '11'}
# - name: SkyCoord.distance
#   unit: pc
#   datatype: float64
#   format: '{:15.8f}'
#   description: '? Median of the geometric distance posterior (r_med_geo)'
#   meta: !!omap
#   - {ucd: PHYS_DISTANCE_TRUE}
#   - {width: 15}
#   - {precision: '8'}
#   - values: {'null': .nan}
# - {name: SkyCoord.pm_ra_cosdec, unit: mas / yr, datatype: float64}
# - {name: SkyCoord.pm_dec, unit: mas / yr, datatype: float64}
# - {name: Pmemb, datatype: float64}
# meta: !!omap
# - {ID: I_352_gedr3dis}
# - {name: I/352/gedr3dis}
# - {description: Estimating distances from parallaxes (1467744818 sources)}
# - __serialized_columns__:
#     SkyCoord:
#       __class__: astropy.coordinates.sky_coordinate.SkyCoord
#       dec: !astropy.table.SerializedColumn
#         __class__: astropy.coordinates.angles.Latitude
#         unit: &id001 !astropy.units.Unit {unit: deg}
#         value: !astropy.table.SerializedColumn {name: SkyCoord.dec}
#       distance: !astropy.table.SerializedColumn
#         __class__: astropy.coordinates.distances.Distance
#         unit: !astropy.units.Unit {unit: pc}
#         value: !astropy.table.SerializedColumn {name: SkyCoord.distance}
#       frame: icrs
#       obstime: !astropy.time.Time {format: jyear_str, in_subfmt: '*', jd1: 367701545.0, jd2: 0.0, out_subfmt: '*', precision: 3, scale: tt}
#       pm_dec: !astropy.table.SerializedColumn
#         __class__: astropy.units.quantity.Quantity
#         unit: !astropy.units.Unit {unit: mas / yr}
#         value: !astropy.table.SerializedColumn {name: SkyCoord.pm_dec}
#       pm_ra_cosdec: !astropy.table.SerializedColumn
#         __class__: astropy.units.quantity.Quantity
#         unit: !astropy.units.Unit {unit: mas / yr}
#         value: !astropy.table.SerializedColumn {name: SkyCoord.pm_ra_cosdec}
#       ra: !astropy.table.SerializedColumn
#         __class__: astropy.coordinates.angles.Longitude
#         unit: *id001
#         value: !astropy.table.SerializedColumn {name: SkyCoord.ra}
#         wrap_angle: !astropy.coordinates.Angle
#           unit: *id001
#           value: 360.0
#       representation_type: spherical
# schema: astropy-2.0
RA_ICRS_1 DE_ICRS_1 e_RA_ICRS e_DE_ICRS _r_1 HIP TYC2 Source rgeo Plx e_Plx pmRA pmDE e_pmRA e_pmDE RUWE Teff logg Gmag BP-RP BPmag RPmag RV e_RV b_rgeo B_rgeo FG e_FG FBP e_FBP FRP e_FRP RAVE5 RAVE6 e_Gmag e_BPmag e_RPmag e_BP-RP SkyCoord.ra SkyCoord.dec SkyCoord.distance SkyCoord.pm_ra_cosdec SkyCoord.pm_dec Pmemb
296.59471832979 24.63092529344 0.0057 0.0092 1.2556 "" "" 2020756347270442624 1970.02771 0.4904 0.0138 -1.528 -4.698 0.008 0.012 0.961 "" "" 12.430814 1.069009 12.826097 11.757088 "" "" 1919.12097 2027.43713 200734.10616 66.58 101150.0 926.78 157150.0 883.44 "" "" 0.00277875433138247 0.010331865 0.0071789846 0.01751085 296.59471832979 24.63092529344 1970.02771 -1.5280000000000005 -4.698000000000002 0.9
296.58677303496 24.61275968362 0.005 0.0085 0.4328 "" "" 2020756244220254336 1971.74695 0.4932 0.0111 -1.434 -4.649 0.007 0.011 0.86 "" "" 12.59026 1.069983 13.02272 11.952737 "" "" 1935.70264 2011.802 173317.67498 102.8 84397.0 156.5 131240.0 225.8 "" "" 0.002829576614732242 0.0034407098 0.0042158314 0.007656541 296.58677303496 24.61275968362 1971.74695 -1.434 -4.648999999999998 0.9
296.58776977791 24.61270952104 0.0059 0.0097 0.3818 "" "" 2020756244220253824 1834.53503 0.5154 0.0126 -1.387 -4.609 0.008 0.013 0.968 13493.6 3.8178 13.029431 1.074904 13.468167 12.393263 "" "" 1792.98987 1876.33667 115657.60906 24.853 55995.0 69.805 87469.0 90.294 "" "" 0.0027651802558947922 0.0031011351 0.003942071 0.007043206 296.58776977791 24.61270952104 1834.53503 -1.3869999999999996 -4.608999999999999 0.9
296.61115099816 24.53588578974 0.0062 0.0094 4.5434 "" "" 2020753529800884736 1944.91528 0.4806 0.0123 -1.474 -4.73 0.008 0.013 0.943 12672.1 3.8369 13.4015 1.149492 13.885177 12.735684 "" "" 1902.84106 2000.66516 82100.68112 13.896 38137.0 20.659 63809.0 20.324 "" "" 0.002761441596034429 0.002851485 0.0037951705 0.0066466555 296.61115099816 24.53588578974 1944.91528 -1.474 -4.73 0.9
296.73289929659 24.60343086931 0.0082 0.0143 7.5816 "" "" 2020568017239873152 1592.41333 0.5923 0.0176 -1.186 -4.688 0.011 0.018 1.378 5067.8 2.7146 13.409504 2.127888 14.507548 12.379661 -59.03 0.81 1546.32751 1638.45557 81497.6356 14.671 21498.0 13.015 88571.0 26.177 "" "" 0.002762243778593107 0.0028665492 0.0037929798 0.006659529 296.73289929659 24.60343086931 1592.41333 -1.1860000000000004 -4.688 0.9
296.58499198304 24.63388364387 0.0071 0.0117 1.5165 "" "" 2020756553457908096 1993.31592 0.4699 0.0155 -1.461 -4.321 0.009 0.015 1.034 7020.4 3.6138 13.865397 1.165679 14.355936 13.190257 "" "" 1935.69934 2059.96338 53553.47436 9.6158 24720.0 17.227 41981.0 17.898 "" "" 0.002762208301863051 0.0028909415 0.003807623 0.0066985646 296.58499198304 24.63388364387 1993.31592 -1.4609999999999999 -4.321 0.9
296.58667356472 24.62831571112 0.0074 0.0134 1.171 "" "" 2020756553457905024 1954.18481 0.4817 0.0161 -1.486 -4.538 0.01 0.018 0.965 "" "" 14.045947 1.145897 14.528003 13.382106 "" "" 1897.16907 2026.89636 45349.01223 6.9652 21097.0 15.195 35182.0 15.148 "" "" 0.0027603619449771185 0.0028976828 0.0038081834 0.006705866 296.58667356472 24.62831571112 1954.18481 -1.4859999999999993 -4.538000000000002 1.0
296.58500049604 24.57536604248 0.0076 0.0114 2.137 "" "" 2020753907758035712 2021.49683 0.4619 0.0157 -1.435 -4.562 0.01 0.015 1.017 "" "" 14.04776 1.621416 14.799554 13.178138 192.89 5.94 1969.44299 2079.64722 45273.35622 61.581 16428.0 96.771 42452.0 147.51 "" "" 0.0031261469151902354 0.0069777803 0.0053401017 0.012317882 296.58500049604 24.57536604248 2021.49683 -1.435 -4.562000000000001 0.9
296.58906053948 24.60874425311 0.0076 0.0121 0.2855 "" "" 2020756244220251648 1988.79321 0.4758 0.0159 -1.212 -4.555 0.01 0.017 1.005 "" "" 14.051281 1.358166 14.647319 13.289153 "" "" 1929.52637 2055.21411 45126.7837 16.958 18901.0 28.54 38326.0 45.166 "" "" 0.0027853647494220733 0.0032361685 0.0039900956 0.007226264 296.58906053948 24.60874425311 1988.79321 -1.2119999999999997 -4.554999999999999 0.8
296.71081297233 24.54946882837 0.0084 0.0136 7.3309 "" "" 2020567196925943680 1919.57959 0.4914 0.0175 -1.707 -4.676 0.011 0.018 0.988 11141.4 3.9193 14.419615 1.077574 14.863223 13.785649 "" "" 1852.42163 1976.43896 32144.07167 29.368 15493.0 57.067 24260.0 64.889 "" "" 0.0029284450511689645 0.0048763407 0.004766262 0.009642603 296.71081297233 24.54946882837 1919.57959 -1.7069999999999999 -4.676 0.8
296.59522268131 24.64450436688 0.0089 0.0137 2.0708 "" "" 2020756587817644160 1941.05945 0.4895 0.0184 -1.363 -4.499 0.012 0.018 1.004 "" "" 14.540335 1.263291 15.085737 13.822446 "" "" 1873.57251 2034.24438 28761.58555 5.0951 12622.0 10.477 23452.0 12.99 "" "" 0.002762025191031251 0.0029321075 0.00382693 0.0067590373 296.59522268131 24.64450436688 1941.05945 -1.3630000000000004 -4.499 1.0
296.59441266081 24.57666562451 0.0093 0.0138 2.0005 "" "" 2020755385226780160 2037.95264 0.4592 0.0182 -1.59 -4.571 0.012 0.019 1.003 "" "" 14.589573 1.649702 15.359274 13.709572 105.46 3.54 1968.8833 2098.14087 27486.37958 43.635 9810.9 75.968 26021.0 113.32 "" "" 0.0032500243035365074 0.008858011 0.0060531595 0.014911171 296.59441266081 24.57666562451 2037.95264 -1.5899999999999999 -4.571 0.9
296.57519582678 24.57107520688 0.0099 0.0152 2.5536 "" "" 2020753873398301312 1858.98401 0.4969 0.0199 -1.525 -4.523 0.013 0.02 0.997 "" "" 14.819164 1.353115 15.406309 14.053194 "" "" 1793.53735 1934.5354 22247.4863 16.23 9394.9 31.015 18962.0 45.074 "" "" 0.0028669076408966926 0.004542271 0.0045765294 0.009118801 296.57519582678 24.57107520688 1858.98401 -1.525 -4.523 1.0
296.62411483499 24.61750468306 0.0116 0.017 1.6976 "" "" 2020755557025469440 1829.58289 0.5164 0.0226 -1.603 -4.634 0.015 0.022 1.012 7982.7 4.0545 15.120561 1.293322 15.679875 14.386554 "" "" 1761.29236 1894.06165 16854.75587 3.6494 7302.4 8.7906 13949.0 11.433 "" "" 0.002765330712568913 0.0030811215 0.0038827374 0.006963859 296.62411483499 24.61750468306 1829.58289 -1.6030000000000002 -4.633999999999999 0.9
296.62399623064 24.66745411979 0.0116 0.0183 3.8129 "" "" 2020757000134496768 1893.87036 0.5022 0.0251 -1.347 -4.511 0.016 0.024 0.973 "" "" 15.128109 1.296132 15.689493 14.393361 "" "" 1817.95996 1962.48071 16737.98192 3.7032 7238.0 10.696 13862.0 9.284 "" "" 0.0027657715350598287 0.0032185896 0.0038487008 0.00706729 296.62399623064 24.66745411979 1893.87036 -1.3470000000000002 -4.510999999999999 0.8
296.57894896158 24.58949510601 0.014 0.0209 1.4827 "" "" 2020754663672286464 1890.31201 0.4972 0.0285 -1.383 -4.387 0.019 0.029 1.062 10041.8 4.2214 15.531942 1.522843 16.209248 14.686404 "" "" 1814.32458 1999.08752 11539.03909 3.2013 4484.5 9.0622 10583.0 17.626 "" "" 0.0027717362307585467 0.0035494852 0.0041897083 0.0077391937 296.57894896158 24.58949510601 1890.31201 -1.3829999999999998 -4.386999999999998 0.9
296.62116372521 24.67112392276 0.0155 0.0256 3.9528 "" "" 2020757000134499712 1875.14575 0.5069 0.0336 -1.534 -4.631 0.021 0.033 1.061 7596.4 4.0288 15.776386 1.710446 16.594395 14.883948 "" "" 1747.40051 2007.18823 9212.81618 2.6171 3145.3 6.2568 8822.2 8.715 "" "" 0.0027725289062302634 0.0035284283 0.0039286227 0.007457051 296.62116372521 24.67112392276 1875.14575 -1.5339999999999994 -4.631 1.0
296.6078586689 24.62002502515 0.0221 0.0356 0.9613 "" "" 2020756278579986304 1933.45544 0.5061 0.0465 -1.602 -4.634 0.029 0.045 1.032 7953.6 4.0667 16.452047 1.805651 17.327923 15.522272 "" "" 1754.37292 2136.53857 4944.55866 2.1624 1600.5 6.5262 4900.6 7.0084 "" "" 0.0027959340831356047 0.0052330806 0.004085912 0.0093189925 296.6078586689 24.62002502515 1933.45544 -1.6019999999999999 -4.634 1.0
296.60009879179 24.59431426918 0.0218 0.0322 0.9966 "" "" 2020755419586522624 1715.85999 0.5465 0.0418 -1.352 -4.507 0.029 0.042 0.984 6742.1 4.1161 16.501513 2.213046 17.661804 15.448758 "" "" 1620.69983 1812.33252 4724.34323 4.0946 1176.8 6.749 5243.9 15.5 "" "" 0.002911578553296364 0.006823298 0.004958117 0.011781415 296.60009879179 24.59431426918 1715.85999 -1.352 -4.506999999999998 0.9
296.60298201381 24.60175773043 0.0236 0.0353 0.6924 "" "" 2020756175500767232 1760.74402 0.547 0.0462 -1.507 -4.781 0.031 0.046 1.038 6697.9 4.092 16.621136 2.228289 17.772146 15.543858 "" "" 1608.36755 1944.03284 4231.47822 10.386 1063.1 15.26 4804.1 31.58 "" "" 0.0038332058485085496 0.015832718 0.008076047 0.023908764 296.60298201381 24.60175773043 1760.74402 -1.507 -4.781 0.8
