Clusters/Dolidze_53/Dolidze_53_stars_in_region.tsv
# %ECSV 1.0
# ---
# datatype:
# - name: RA_ICRS_1
#   unit: deg
#   datatype: float64
#   format: '{:15.11f}'
#   description: Right ascension (ICRS) at Ep=2016.0 (ra)
#   meta: !!omap
#   - {ucd: POS_EQ_RA_MAIN}
#   - {width: 15}
#   - {precision: '11'}
# - name: DE_ICRS_1
#   unit: deg
#   datatype: float64
#   format: '{:15.11f}'
#   description: Declination (ICRS) at Ep=2016.0 (dec)
#   meta: !!omap
#   - {ucd: POS_EQ_DEC_MAIN}
#   - {width: 15}
#   - {precision: '11'}
# - name: e_RA_ICRS
#   unit: mas
#   datatype: float64
#   format: '{:7.4f}'
#   description: Standard error of right ascension (ra_error)
#   meta: !!omap
#   - {ucd: ERROR}
#   - {width: 7}
#   - {precision: '4'}
# - name: e_DE_ICRS
#   unit: mas
#   datatype: float64
#   format: '{:7.4f}'
#   description: Standard error of declination (dec_error)
#   meta: !!omap
#   - {ucd: ERROR}
#   - {width: 7}
#   - {precision: '4'}
# - name: _r_1
#   unit: ''
#   datatype: float64
#   format: '{:7.4f}'
#   description: Distance from center (296.59410646000+24.61000607000)[ICRS], at Epoch=J2016.0
#   meta: !!omap
#   - {ucd: POS_ANG_DIST_GENERAL}
#   - {width: 7}
#   - {precision: '4'}
# - name: HIP
#   datatype: int32
#   description: '? HIP cross-id number, van Leeuwen, Cat. I/311 (hip_original_ext_source_id)'
#   meta: !!omap
#   - {ucd: ID_NUMBER}
#   - {width: 6}
#   - values: {'null': -2147483648}
# - name: TYC2
#   datatype: string
#   description: Tycho-2 cross-id name, Hog et al., Cat. I/259 (tyc2_original_ext_source_id)
#   meta: !!omap
#   - {ucd: ID_CROSSID}
#   - {_votable_string_dtype: char}
# - name: Source
#   datatype: int64
#   description: Source identifier, identical to the Gaia-EDR3 source_id (id)
#   meta: !!omap
#   - {ucd: ID_MAIN}
#   - {width: 19}
# - name: rgeo
#   unit: pc
#   datatype: float64
#   format: '{:15.8f}'
#   description: '? Median of the geometric distance posterior (r_med_geo)'
#   meta: !!omap
#   - {ucd: PHYS_DISTANCE_TRUE}
#   - {width: 15}
#   - {precision: '8'}
#   - values: {'null': .nan}
# - name: Plx
#   unit: mas
#   datatype: float64
#   format: '{:9.4f}'
#   description: '? Parallax (parallax)'
#   meta: !!omap
#   - {ucd: POS_PARLX_TRIG}
#   - {width: 9}
#   - {precision: '4'}
#   - values: {'null': .nan}
# - name: e_Plx
#   unit: mas
#   datatype: float32
#   format: '{:7.4f}'
#   description: '? Standard error of parallax (parallax_error)'
#   meta: !!omap
#   - {ucd: ERROR}
#   - {width: 7}
#   - {precision: '4'}
#   - values: {'null': .nan}
# - name: pmRA
#   unit: mas / yr
#   datatype: float64
#   format: '{:9.3f}'
#   description: '? Proper motion in right ascension direction, pmRA*cosDE (pmra)'
#   meta: !!omap
#   - {ucd: POS_EQ_PMRA}
#   - {width: 9}
#   - {precision: '3'}
#   - values: {'null': .nan}
# - name: pmDE
#   unit: mas / yr
#   datatype: float64
#   format: '{:9.3f}'
#   description: '? Proper motion in declination direction (pmdec)'
#   meta: !!omap
#   - {ucd: POS_EQ_PMDEC}
#   - {width: 9}
#   - {precision: '3'}
#   - values: {'null': .nan}
# - name: e_pmRA
#   unit: mas / yr
#   datatype: float32
#   format: '{:6.3f}'
#   description: '? Standard error of proper motion in right ascension direction (pmra_error)'
#   meta: !!omap
#   - {ucd: ERROR}
#   - {width: 6}
#   - {precision: '3'}
#   - values: {'null': .nan}
# - name: e_pmDE
[...]
#         unit: &id001 !astropy.units.Unit {unit: deg}
#         value: !astropy.table.SerializedColumn {name: SkyCoord.dec}
#       distance: !astropy.table.SerializedColumn
#         __class__: astropy.coordinates.distances.Distance
#         unit: !astropy.units.Unit {unit: pc}
#         value: !astropy.table.SerializedColumn {name: SkyCoord.distance}
#       frame: icrs
#       obstime: !astropy.time.Time {format: jyear_str, in_subfmt: '*', jd1: 367701545.0, jd2: 0.0, out_subfmt: '*', precision: 3, scale: tt}
#       pm_dec: !astropy.table.SerializedColumn
#         __class__: astropy.units.quantity.Quantity
#         unit: !astropy.units.Unit {unit: mas / yr}
#         value: !astropy.table.SerializedColumn {name: SkyCoord.pm_dec}
#       pm_ra_cosdec: !astropy.table.SerializedColumn
#         __class__: astropy.units.quantity.Quantity
#         unit: !astropy.units.Unit {unit: mas / yr}
#         value: !astropy.table.SerializedColumn {name: SkyCoord.pm_ra_cosdec}
#       ra: !astropy.table.SerializedColumn
#         __class__: astropy.coordinates.angles.Longitude
#         unit: *id001
#         value: !astropy.table.SerializedColumn {name: SkyCoord.ra}
#         wrap_angle: !astropy.coordinates.Angle
#           unit: *id001
#           value: 360.0
#       representation_type: spherical
# schema: astropy-2.0
RA_ICRS_1 DE_ICRS_1 e_RA_ICRS e_DE_ICRS _r_1 HIP TYC2 Source rgeo Plx e_Plx pmRA pmDE e_pmRA e_pmDE RUWE Teff logg Gmag BP-RP BPmag RPmag RV e_RV b_rgeo B_rgeo FG e_FG FBP e_FBP FRP e_FRP RAVE5 RAVE6 e_Gmag e_BPmag e_RPmag e_BP-RP SkyCoord.ra SkyCoord.dec SkyCoord.distance SkyCoord.pm_ra_cosdec SkyCoord.pm_dec
[from data line 204]
296.50723108561 24.37034178926 0.0121 0.0158 15.142 "" "" 2020558332113556736 2000.53015 0.4647 0.0226 -3.443 -2.707 0.015 0.02 0.982 15374.0 4.4355 15.029577 1.807578 15.90664 14.099062 17.4 5.5 1925.26221 2106.00513 18328.03408 4.016 5926.0 9.7497 18177.0 10.364 "" "" 0.002765571878052816 0.0033129908 0.0038297463 0.007142737 296.50723108561 24.37034178926 2000.53015 -3.4430000000000005 -2.7069999999999994
296.49084213436 24.87673759608 0.0108 0.0169 16.9643 "" "" 2020868600555356416 2337.96167 0.3892 0.0236 -2.233 -6.946 0.015 0.021 1.003 4883.6 2.3825 15.064011 2.585247 16.489471 13.904224 -14.11 2.2 2240.66162 2449.87769 17755.89558 4.6725 3464.4 7.4604 21750.0 10.833 "" "" 0.00277009417134295 0.0036402803 0.0038178738 0.007458154 296.49084213436 24.87673759608 2337.96167 -2.2330000000000005 -6.945999999999999
296.72554983021 24.80335784399 0.0135 0.0215 13.6352 "" "" 2020856231048615040 1769.23206 0.5345 0.0293 -0.854 -3.481 0.019 0.029 1.262 8854.5 4.0126 15.071816 1.294173 15.530034 14.235861 "" "" 1680.56409 1863.29297 17628.70112 5.9331 8383.1 63.899 16026.0 132.33 "" "" 0.0027794454662383268 0.008733561 0.009729214 0.018462775 296.72554983021 24.80335784399 1769.23206 -0.854 -3.4809999999999994
296.71095539673 24.82359314145 0.011 0.0174 14.3105 "" "" 2020856505926547456 2268.47729 0.4161 0.0237 -2.693 -3.979 0.015 0.023 0.993 5672.1 2.8259 15.072348 2.3353 16.314974 13.979674 -14.67 2.64 2135.94946 2412.54028 17620.06501 4.0979 4068.4 6.8144 20290.0 10.691 "" "" 0.0027668665636316897 0.0033304982 0.003822435 0.007152933 296.71095539673 24.82359314145 2268.47729 -2.693 -3.979
296.48625473437 24.57214441261 0.0113 0.0166 6.3075 "" "" 2020757378091665536 2105.89282 0.4289 0.0231 -2.191 -7.908 0.015 0.022 1.002 5125.8 2.7937 15.074354 2.522463 16.433966 13.911503 21.46 2.61 2006.79553 2207.28418 17587.54538 5.116 3646.1 11.6 21605.0 48.616 "" "" 0.0027733619074644844 0.0044403705 0.0045002983 0.008940669 296.48625473437 24.57214441261 2105.89282 -2.191 -7.9079999999999995
296.82759318478 24.56455892624 0.0115 0.0167 13.0275 "" "" 2020660621048213632 1811.12134 0.5192 0.022 -1.207 -4.08 0.015 0.022 0.976 7911.0 3.7948 15.0801 1.358796 15.682193 14.323397 "" "" 1734.68188 1868.81763 17494.70726 3.1978 7286.8 7.349 14784.0 7.4528 "" "" 0.00276245815100024 0.002997346 0.0038188088 0.006816155 296.82759318478 24.56455892624 1811.12134 -1.207 -4.08
296.58050679938 24.83061025499 0.0113 0.018 13.257 "" "" 2020867363604689792 1972.63855 0.4753 0.024 -5.23 -12.891 0.016 0.024 0.984 5502.3 3.0688 15.098712 2.097986 16.174482 14.076496 59.53 3.22 1893.34241 2073.35864 17197.36161 4.5677 4630.5 7.266 18559.0 12.498 "" "" 0.0027703700962114237 0.0032691932 0.0038494566 0.00711865 296.58050679938 24.83061025499 1972.63855 -5.23 -12.890999999999998
296.60876812318 24.6636506453 0.014 0.022 3.3165 "" "" 2020756965774765568 1925.85974 0.4854 0.0292 -0.964 -1.958 0.019 0.029 1.341 "" "" 15.099502 1.920436 16.05018 14.129745 30.91 4.15 1818.96594 2045.72729 17184.86071 4.6887 5192.1 7.3331 17671.0 9.7123 "" "" 0.0027711987147332855 0.0031837884 0.0038262026 0.007009991 296.60876812318 24.6636506453 1925.85974 -0.964 -1.9579999999999995
296.4871488687 24.41941827683 0.0121 0.0172 12.8397 "" "" 2020746417334469376 2118.25293 0.4325 0.0243 -2.2 -5.281 0.015 0.022 1.077 4868.5 2.7662 15.107724 2.620866 16.56109 13.940225 -42.26 2.99 2029.56873 2216.39917 17055.20685 4.858 3243.3 5.7299 21041.0 17.351 "" "" 0.0027726217948207637 0.0033859084 0.003883985 0.007269894 296.4871488687 24.41941827683 2118.25293 -2.2 -5.280999999999999
296.91824858025 24.5643270307 0.0123 0.0165 17.8962 "" "" 2020657116354827776 2161.86377 0.4184 0.0226 -1.135 -5.365 0.015 0.02 1.005 "" "" 15.112047 2.790346 16.699385 13.909039 44.41 2.5 2061.38843 2266.80078 16987.43273 4.7335 2855.4 5.3232 21654.0 15.175 "" "" 0.002771879909333318 0.003447027 0.0038552124 0.0073022395 296.91824858025 24.5643270307 2161.86377 -1.1350000000000002 -5.365
296.62411483499 24.61750468306 0.0116 0.017 1.6976 "" "" 2020755557025469440 1829.58289 0.5164 0.0226 -1.603 -4.634 0.015 0.022 1.012 7982.7 4.0545 15.120561 1.293322 15.679875 14.386554 "" "" 1761.29236 1894.06165 16854.75587 3.6494 7302.4 8.7906 13949.0 11.433 "" "" 0.002765330712568913 0.0030811215 0.0038827374 0.006963859 296.62411483499 24.61750468306 1829.58289 -1.6030000000000002 -4.6339999999999995
296.44000195025 24.52600480379 0.011 0.0165 9.8039 "" "" 2020748375839655680 1958.87756 0.4844 0.0229 -1.196 -1.391 0.014 0.021 1.013 7848.2 3.4824 15.127606 1.442405 15.773579 14.331174 "" "" 1864.30603 2049.83765 16745.73488 3.0709 6698.6 8.5511 14679.0 9.9018 "" "" 0.0027625048161411137 0.003115451 0.003849691 0.0069651417 296.44000195025 24.52600480379 1958.87756 -1.196 -1.3909999999999996
296.62399623064 24.66745411979 0.0116 0.0183 3.8129 "" "" 2020757000134496768 1893.87036 0.5022 0.0251 -1.347 -4.511 0.016 0.024 0.973 "" "" 15.128109 1.296132 15.689493 14.393361 "" "" 1817.95996 1962.48071 16737.98192 3.7032 7238.0 10.696 13862.0 9.284 "" "" 0.0027657715350598287 0.0032185896 0.0038487008 0.00706729 296.62399623064 24.66745411979 1893.87036 -1.347 -4.510999999999999
296.26809579603 24.70891732574 0.0109 0.0162 18.7412 "" "" 2020768957323950208 2226.36401 0.4146 0.0223 -0.693 -3.059 0.015 0.021 0.96 7851.2 3.6594 15.132557 1.530184 15.822947 14.292764 "" "" 2130.18237 2328.81714 16669.5603 4.0744 6400.9 9.7948 15207.0 28.68 "" "" 0.0027680705420837495 0.0032473614 0.004298451 0.007545812 296.26809579603 24.70891732574 2226.36401 -0.6929999999999998 -3.059000000000001
296.47163571196 24.38961259982 0.0133 0.0185 14.8181 "" "" 2020558606991500800 1974.99292 0.449 0.0257 0.969 -3.149 0.016 0.023 0.975 4859.4 2.6399 15.144091 3.212827 17.06767 13.854844 -7.31 2.3 1896.17029 2062.62109 16493.40861 5.3498 2034.0 6.6647 22763.0 13.71 "" "" 0.002777735152837883 0.004521215 0.0038355382 0.008356753 296.47163571196 24.38961259982 1974.99292 0.9689999999999999 -3.1489999999999996
296.69479135364 24.75608553111 0.0117 0.0206 10.3417 "" "" 2020851626843675136 1889.54651 0.4971 0.0266 -1.006 -3.194 0.016 0.027 0.986 7597.3 3.7505 15.147076 1.749253 15.984896 14.235642 -3.32 10.4 1817.03491 1973.34277 16448.12824 4.0358 5513.9 8.3571 16029.0 10.676 "" "" 0.0027681689655486025 0.003239291 0.0038479434 0.0070872344 296.69479135364 24.75608553111 1889.54651 -1.0060000000000002 -3.194
296.90656607769 24.50277525757 0.0119 0.0158 18.2253 "" "" 2020656291721082880 2039.67871 0.4605 0.0213 -1.526 -4.384 0.015 0.02 0.999 "" "" 15.147942 1.575386 15.87478 14.299394 "" "" 1961.32239 2138.03955 16435.01464 3.3556 6102.5 8.1024 15115.0 8.3383 "" "" 0.002764223390589161 0.0031405604 0.0038265486 0.0069671087 296.90656607769 24.50277525757 2039.67871 -1.5260000000000002 -4.384
296.2683305339 24.52485472763 0.0112 0.0186 18.4967 "" "" 2020750570533691520 2168.21802 0.4274 0.0245 -1.701 -4.893 0.014 0.023 0.953 7193.6 3.4937 15.151007 1.718283 15.965383 14.2471 16.19 5.37 2068.73926 2315.30518 16388.69051 3.3454 5613.9 6.2867 15861.0 9.4488 "" "" 0.002764219449621872 0.0030435761 0.0038343288 0.0068779048 296.2683305339 24.52485472763 2168.21802 -1.701 -4.893
296.62048480865 24.6255502942 0.0119 0.0182 1.7147 "" "" 2020756312939720064 2283.82666 0.4087 0.0244 -1.7 -4.833 0.016 0.024 1.059 "" "" 15.155991 1.469861 15.799579 14.329718 "" "" 2118.29883 2412.95508 16313.63234 6.7218 6540.1 8.9861 14698.0 25.976 "" "" 0.0027914014867015313 0.0031639407 0.0042385925 0.007402533 296.62048480865 24.6255502942 2283.82666 -1.7000000000000002 -4.833
296.83989127988 24.44588621528 0.0126 0.0183 16.6422 "" "" 2020562146044188416 2221.07227 0.4043 0.0243 -6.866 -8.004 0.016 0.022 1.014 4951.9 2.5813 15.156383 2.82086 16.769156 13.948296 37.0 2.85 2126.28076 2345.34692 16307.73999 5.6416 2677.7 6.1389 20885.0 14.157 "" "" 0.002780803746565398 0.0037391135 0.0038503741 0.0075894874 296.83989127988 24.44588621528 2221.07227 -6.866 -8.004
296.2675668595 24.72432871863 0.011 0.0166 19.0801 "" "" 2020774901559366784 2370.00098 0.3891 0.0226 -1.125 -3.908 0.015 0.022 0.961 "" "" 15.160143 1.727585 15.984957 14.257372 80.6 6.77 2240.53882 2517.35571 16251.35511 3.4248 5513.6 6.0157 15711.0 10.888 "" "" 0.0027648041877233135 0.0030312287 0.0038535548 0.0068847835 296.2675668595 24.72432871863 2370.00098 -1.1249999999999998 -3.9079999999999995
296.82136800521 24.76859796253 0.0111 0.0169 15.6217 "" "" 2020852245318887296 2106.65161 0.4387 0.0231 -1.2 -4.903 0.015 0.023 1.004 "" "" 15.160147 1.529818 15.857579 14.327761 "" "" 2031.23328 2229.84229 16251.29198 5.0816 6199.9 10.411 14725.0 14.965 "" "" 0.0027761570802567748 0.0033330275 0.0039371676 0.007270195 296.82136800521 24.76859796253 2106.65161 -1.1999999999999997 -4.9030000000000005
296.37476539232 24.86645397298 0.0112 0.0165 19.4839 "" "" 2020777925216324736 1980.48059 0.4804 0.0235 -1.356 -3.127 0.016 0.021 1.086 9196.1 4.185 15.161457 1.277217 15.719933 14.442717 "" "" 1892.91248 2064.78931 16231.69695 3.0292 7037.9 6.7346 13246.0 7.371 "" "" 0.0027627604687938383 0.002977324 0.0038273698 0.0068046935 296.37476539232 24.86645397298 1980.48059 -1.356 -3.127
296.54368048487 24.76939002903 0.0115 0.0176 9.9503 "" "" 2020761604339535488 1865.15466 0.5109 0.0237 -4.024 -7.191 0.016 0.023 0.938 7001.2 3.5963 15.171731 1.617793 15.930191 14.312398 63.95 7.34 1770.22388 1961.57397 16078.82128 3.3624 5798.8 7.5931 14935.0 9.1275 "" "" 0.002764659224262471 0.003131494 0.003837189 0.0069686826 296.54368048487 24.76939002903 1865.15466 -4.024000000000001 -7.191000000000001
296.51657626589 24.92174311232 0.0109 0.0177 19.1752 "" "" 2020869219030648832 1903.06335 0.4962 0.024 -2.392 -4.251 0.015 0.022 1.026 7409.5 3.5618 15.196115 1.461361 15.860868 14.399508 "" "" 1825.59241 2010.29651 15721.73573 3.1439 6181.2 6.0117 13783.0 8.3736 "" "" 0.002763861231931554 0.0029833047 0.0038365119 0.0068198163 296.51657626589 24.92174311232 1903.06335 -2.3920000000000003 -4.251
296.72971525031 24.66191251749 0.012 0.0184 8.0249 "" "" 2020849805777478528 2024.23865 0.4508 0.0241 -2.738 -12.83 0.016 0.024 1.027 5203.2 2.4774 15.205895 2.626384 16.664377 14.037993 25.15 3.72 1935.7334 2127.8855 15580.76415 5.1491 2948.9 4.9833 19229.0 11.976 "" "" 0.0027785851422398936 0.003339375 0.0038393987 0.0071787736 296.72971525031 24.66191251749 2024.23865 -2.738 -12.829999999999998
296.43974951325 24.31708344633 0.0211 0.0279 19.4925 "" "" 2020556648486406144 1593.40833 0.6089 0.0366 0.27 -10.33 0.026 0.035 1.479 5055.5 3.0673 15.211875 2.271209 16.286102 14.014894 0.7 5.23 1503.04211 1714.5658 15495.18848 8.6133 4178.1 35.506 19643.0 124.24 "" "" 0.0028206443889744453 0.009639365 0.007838481 0.017477846 296.43974951325 24.31708344633 1593.40833 0.2700000000000007 -10.33
296.75006714367 24.56310590056 0.0128 0.0201 8.9624 "" "" 2020566956407741056 1809.74329 0.5289 0.0251 -2.839 -4.828 0.017 0.027 0.997 7485.2 4.0382 15.216909 1.573872 15.947667 14.373795 "" "" 1733.50293 1929.00256 15423.5064 3.5531 5706.2 6.8023 14114.0 10.747 "" "" 0.0027666495037360667 0.0030757515 0.0038687468 0.006944498 296.75006714367 24.56310590056 1809.74329 -2.839 -4.827999999999999
296.59205794265 24.83926025572 0.0119 0.019 13.7557 "" "" 2020867741561808512 1688.02112 0.5618 0.0251 2.474 0.41 0.016 0.024 0.971 "" "" 15.224422 1.469564 15.890456 14.420892 "" "" 1631.56799 1743.20886 15317.14021 3.5217 6015.0 6.6608 13515.0 8.2883 "" "" 0.0027666053514093115 0.0030381882 0.0038375875 0.0068757758 296.59205794265 24.83926025572 1688.02112 2.4739999999999998 0.4099999999999999
296.43846677576 24.71618110818 0.0116 0.0164 10.6115 "" "" 2020771225067177216 2295.02368 0.4084 0.0234 -2.69 -5.805 0.016 0.021 1.046 9002.7 3.4358 15.231119 1.528887 15.920965 14.392078 "" "" 2144.00757 2432.53711 15222.95758 3.6649 5848.3 7.4341 13878.0 13.036 "" "" 0.0027676910311393932 0.0031128498 0.0039145686 0.0070274184 296.43846677576 24.71618110818 2295.02368 -2.69 -5.805
296.72214514988 24.355079761 0.0143 0.0183 16.8178 "" "" 2020559775222297600 1670.1687 0.5696 0.0254 -2.154 -5.136 0.018 0.026 1.013 8444.6 3.8595 15.234788 1.493327 15.915323 14.421996 "" "" 1603.64392 1735.39954 15171.60248 3.6441 5878.8 7.525 13501.0 11.822 "" "" 0.0027676340766366854 0.0031171304 0.003897125 0.007014255 296.72214514988 24.355079761 1670.1687 -2.154 -5.136
296.4785731176 24.30438830271 0.0149 0.018 19.3924 "" "" 2020555858212377984 1773.28162 0.5332 0.0267 -3.16 -5.546 0.018 0.024 1.025 6818.6 3.8019 15.243438 1.918745 16.19084 14.272095 -6.69 5.95 1677.08618 1856.42029 15051.21272 3.7857 4561.2 7.4518 15500.0 9.6576 "" "" 0.0027688201859166163 0.0033062727 0.0038394488 0.0071457215 296.4785731176 24.30438830271 1773.28162 -3.16 -5.545999999999999
296.574126713 24.68782592046 0.0118 0.0185 4.7946 "" "" 2020760058151247488 1906.33533 0.4968 0.0251 -1.479 -4.736 0.016 0.024 0.957 "" "" 15.250572 1.460152 15.895697 14.435545 "" "" 1811.42249 1993.29968 14952.63842 5.4498 5986.0 16.162 13333.0 13.478 "" "" 0.0027835917511381506 0.0040470306 0.0039355215 0.007982552 296.574126713 24.68782592046 1906.33533 -1.479 -4.735999999999999
296.36597582522 24.62339041981 0.0115 0.0169 12.4697 "" "" 2020764559277298560 1885.9552 0.5 0.0234 -1.242 -4.923 0.015 0.022 0.993 9551.1 4.1519 15.255767 1.418467 15.88965 14.471184 "" "" 1818.9021 1967.39636 14881.27138 3.1001 6019.4 6.4098 12903.0 9.1248 "" "" 0.0027645882438756967 0.0030202218 0.0038565877 0.0068768095 296.36597582522 24.62339041981 1885.9552 -1.2419999999999998 -4.922999999999999
296.34002962517 24.72905739493 0.0116 0.0181 15.5864 "" "" 2020771980981533696 2276.35669 0.4025 0.0244 -1.932 -4.44 0.016 0.023 1.001 8799.3 3.3838 15.261027 1.410101 15.890491 14.48039 "" "" 2151.32642 2407.7019 14809.3386 2.9931 6014.8 7.0555 12794.0 7.4246 "" "" 0.002764044500230676 0.0030670979 0.0038315428 0.0068986407 296.34002962517 24.72905739493 2276.35669 -1.932 -4.4399999999999995
296.72056698382 24.4105828995 0.0131 0.0198 13.8143 "" "" 2020561080892398976 2130.2583 0.438 0.026 -4.479 -11.425 0.016 0.026 1.022 "" "" 15.269303 2.388955 16.553007 14.164052 10.73 2.81 2025.09619 2245.86475 14696.89468 4.4605 3267.5 5.4703 17121.0 9.9164 "" "" 0.002774954607225605 0.0033300219 0.0038313423 0.007161364 296.72056698382 24.4105828995 2130.2583 -4.478999999999999 -11.425
296.48205705387 24.84877914784 0.0119 0.0186 15.5735 "" "" 2020868355711703680 2219.00757 0.4254 0.0256 -3.656 -5.918 0.016 0.024 1.026 7362.3 3.5119 15.270099 1.659143 16.053417 14.394274 "" "" 2108.98462 2354.36694 14686.1208 3.4146 5176.7 6.2488 13850.0 8.3174 "" "" 0.0027668601377005713 0.0030826454 0.0038352131 0.0069178585 296.48205705387 24.84877914784 2219.00757 -3.656 -5.918000000000001
296.66893763601 24.49535975353 0.0127 0.0203 7.9997 "" "" 2020564791744266368 2317.82446 0.3792 0.0261 -3.153 -4.246 0.016 0.027 0.969 7002.2 2.5878 15.281771 3.166889 17.165367 13.998478 43.21 2.81 2195.35181 2484.2688 14529.09722 4.9051 1859.0 4.8387 19942.0 11.541 "" "" 0.0027795950252097338 0.003971319 0.003831259 0.007802578 296.66893763601 24.49535975353 2317.82446 -3.1530000000000005 -4.246
296.47990071583 24.75552692825 0.012 0.018 10.7239 "" "" 2020772874334603776 2168.22656 0.4207 0.0245 -2.101 -6.033 0.016 0.023 1.013 "" "" 15.285383 2.479832 16.63434 14.154509 -5.6 3.97 2043.35742 2312.36743 14480.83103 4.0863 3031.7 5.0485 17272.0 9.563 "" "" 0.002772302001543893 0.0033247469 0.0038268913 0.007151638 296.47990071583 24.75552692825 2168.22656 -2.1009999999999995 -6.0329999999999995
