Clusters/Dolidze_53/Dolidze_53_stars_in_region.tsv
# %ECSV 1.0
# ---
# datatype:
# - name: RA_ICRS_1
#   unit: deg
#   datatype: float64
#   format: '{:15.11f}'
#   description: Right ascension (ICRS) at Ep=2016.0 (ra)
#   meta: !!omap
#   - {ucd: POS_EQ_RA_MAIN}
#   - {width: 15}
#   - {precision: '11'}
# - name: DE_ICRS_1
#   unit: deg
#   datatype: float64
#   format: '{:15.11f}'
#   description: Declination (ICRS) at Ep=2016.0 (dec)
#   meta: !!omap
#   - {ucd: POS_EQ_DEC_MAIN}
#   - {width: 15}
#   - {precision: '11'}
# - name: e_RA_ICRS
#   unit: mas
#   datatype: float64
#   format: '{:7.4f}'
#   description: Standard error of right ascension (ra_error)
#   meta: !!omap
#   - {ucd: ERROR}
#   - {width: 7}
#   - {precision: '4'}
# - name: e_DE_ICRS
#   unit: mas
#   datatype: float64
#   format: '{:7.4f}'
#   description: Standard error of declination (dec_error)
#   meta: !!omap
#   - {ucd: ERROR}
#   - {width: 7}
#   - {precision: '4'}
# - name: _r_1
#   unit: ''
#   datatype: float64
#   format: '{:7.4f}'
#   description: Distance from center (296.59410646000+24.61000607000)[ICRS], at Epoch=J2016.0
#   meta: !!omap
#   - {ucd: POS_ANG_DIST_GENERAL}
#   - {width: 7}
#   - {precision: '4'}
# - name: HIP
#   datatype: int32
#   description: '? HIP cross-id number, van Leeuwen, Cat. I/311 (hip_original_ext_source_id)'
#   meta: !!omap
#   - {ucd: ID_NUMBER}
#   - {width: 6}
#   - values: {'null': -2147483648}
# - name: TYC2
#   datatype: string
#   description: Tycho-2 cross-id name, Hog et al., Cat. I/259 (tyc2_original_ext_source_id)
#   meta: !!omap
#   - {ucd: ID_CROSSID}
#   - {_votable_string_dtype: char}
# - name: Source
#   datatype: int64
#   description: Source identifier, identical to the Gaia-EDR3 source_id (id)
#   meta: !!omap
#   - {ucd: ID_MAIN}
#   - {width: 19}
# - name: rgeo
#   unit: pc
#   datatype: float64
#   format: '{:15.8f}'
#   description: '? Median of the geometric distance posterior (r_med_geo)'
#   meta: !!omap
#   - {ucd: PHYS_DISTANCE_TRUE}
#   - {width: 15}
#   - {precision: '8'}
#   - values: {'null': .nan}
# - name: Plx
#   unit: mas
#   datatype: float64
#   format: '{:9.4f}'
#   description: '? Parallax (parallax)'
#   meta: !!omap
#   - {ucd: POS_PARLX_TRIG}
#   - {width: 9}
#   - {precision: '4'}
#   - values: {'null': .nan}
# - name: e_Plx
#   unit: mas
#   datatype: float32
#   format: '{:7.4f}'
#   description: '? Standard error of parallax (parallax_error)'
#   meta: !!omap
#   - {ucd: ERROR}
#   - {width: 7}
#   - {precision: '4'}
#   - values: {'null': .nan}
# - name: pmRA
#   unit: mas / yr
#   datatype: float64
#   format: '{:9.3f}'
#   description: '? Proper motion in right ascension direction, pmRA*cosDE (pmra)'
#   meta: !!omap
#   - {ucd: POS_EQ_PMRA}
#   - {width: 9}
#   - {precision: '3'}
#   - values: {'null': .nan}
# - name: pmDE
#   unit: mas / yr
#   datatype: float64
#   format: '{:9.3f}'
#   description: '? Proper motion in declination direction (pmdec)'
#   meta: !!omap
#   - {ucd: POS_EQ_PMDEC}
#   - {width: 9}
#   - {precision: '3'}
#   - values: {'null': .nan}
# - name: e_pmRA
#   unit: mas / yr
#   datatype: float32
#   format: '{:6.3f}'
#   description: '? Standard error of proper motion in right ascension direction (pmra_error)'
#   meta: !!omap
#   - {ucd: ERROR}
#   - {width: 6}
#   - {precision: '3'}
#   - values: {'null': .nan}
# - name: e_pmDE
[...]
#         value: !astropy.table.SerializedColumn {name: SkyCoord.dec}
#       distance: !astropy.table.SerializedColumn
#         __class__: astropy.coordinates.distances.Distance
#         unit: !astropy.units.Unit {unit: pc}
#         value: !astropy.table.SerializedColumn {name: SkyCoord.distance}
#       frame: icrs
#       obstime: !astropy.time.Time {format: jyear_str, in_subfmt: '*', jd1: 367701545.0, jd2: 0.0, out_subfmt: '*', precision: 3, scale: tt}
#       pm_dec: !astropy.table.SerializedColumn
#         __class__: astropy.units.quantity.Quantity
#         unit: !astropy.units.Unit {unit: mas / yr}
#         value: !astropy.table.SerializedColumn {name: SkyCoord.pm_dec}
#       pm_ra_cosdec: !astropy.table.SerializedColumn
#         __class__: astropy.units.quantity.Quantity
#         unit: !astropy.units.Unit {unit: mas / yr}
#         value: !astropy.table.SerializedColumn {name: SkyCoord.pm_ra_cosdec}
#       ra: !astropy.table.SerializedColumn
#         __class__: astropy.coordinates.angles.Longitude
#         unit: *id001
#         value: !astropy.table.SerializedColumn {name: SkyCoord.ra}
#         wrap_angle: !astropy.coordinates.Angle
#           unit: *id001
#           value: 360.0
#       representation_type: spherical
# schema: astropy-2.0
RA_ICRS_1 DE_ICRS_1 e_RA_ICRS e_DE_ICRS _r_1 HIP TYC2 Source rgeo Plx e_Plx pmRA pmDE e_pmRA e_pmDE RUWE Teff logg Gmag BP-RP BPmag RPmag RV e_RV b_rgeo B_rgeo FG e_FG FBP e_FBP FRP e_FRP RAVE5 RAVE6 e_Gmag e_BPmag e_RPmag e_BP-RP SkyCoord.ra SkyCoord.dec SkyCoord.distance SkyCoord.pm_ra_cosdec SkyCoord.pm_dec rmRA rmDE e_rmRA e_rmDE rRV e_rRV v_pec v_pec3d e_vpec e_vpec3d
[from data line 396]
296.71691455503 24.70330910193 0.0176 0.0261 8.7284 "" "" 2020850115015150336 1775.52759 0.5372 0.035 -1.289 -5.119 0.023 0.034 0.987 7477.2 4.0566 15.984107 1.549789 16.695168 15.145379 "" "" 1678.35852 1889.90234 7608.58831 2.3016 2866.5 5.193 6934.4 8.943 "" "" 0.0027748259868228056 0.00341378 0.0040304298 0.0074442094 296.71691455503 24.70330910193 1775.52759 -1.2889999999999988 -5.119 0.1668000564575196 -0.53380016708374 0.14920563 0.16020563 "" "" 4.706680899670321 "" 0.7495761525407285 ""
296.49083450239 24.80578966082 0.0165 0.0258 13.0261 "" "" 2020773664608604160 2286.68042 0.4005 0.0349 -6.1 -9.625 0.023 0.034 0.975 6095.8 3.126 15.986477 2.18454 17.118967 14.934427 "" "" 2107.69751 2512.55371 7591.99917 2.256 1940.1 4.4715 8421.5 7.5118 "" "" 0.0027741450451340684 0.0037479273 0.0039014907 0.007649418 296.49083450239 24.80578966082 2286.68042 -6.1 -9.625 -4.64419994354248 -5.03980016708374 0.14920563 0.16020563 "" "" 74.28235694738515 "" 11.532413574191045 ""
296.87565744935 24.46424707403 0.0237 0.0364 17.6817 "" "" 2020562317842854272 2327.66602 0.4149 0.0462 -3.623 -6.414 0.029 0.046 1.19 6899.0 3.7854 15.992256 2.361445 17.040993 14.679547 "" "" 2114.63599 2585.29395 7551.69431 3.9009 2084.6 8.6354 10650.0 82.621 "" "" 0.00281182133611879 0.0052928017 0.009232016 0.0145248175 296.87565744935 24.46424707403 2327.66602 -3.623 -6.413999999999998 -2.1671999435424807 -1.82880016708374 0.15520562 0.17220563 "" "" 31.286804833339872 "" 5.083868366006963 ""
296.9273726445 24.67812538946 0.0168 0.0228 18.6285 "" "" 2020663301107781120 1784.21436 0.542 0.0319 -0.035 -2.643 0.022 0.029 0.987 "" "" 15.992498 1.642996 16.76744 15.124445 "" "" 1700.54871 1896.90637 7550.00855 2.4195 2681.9 4.7868 7069.4 7.1 "" "" 0.0027772019407994166 0.0033971206 0.003933545 0.007330666 296.9273726445 24.67812538946 1784.21436 -0.034999999999999865 -2.6430000000000007 1.4208000564575196 1.94219983291626 0.14820562 0.15520562 "" "" 20.351439916912152 "" 3.109737501640488 ""
296.7712692822 24.32586074603 0.0221 0.0269 19.6027 "" "" 2020547744996184704 1752.85913 0.5405 0.0358 -0.861 1.191 0.026 0.034 1.055 6721.6 4.0116 15.993818 2.008408 17.000294 14.991886 "" "" 1648.21704 1851.80188 7540.8378 2.5034 2164.2 6.056 7987.4 8.0709 "" "" 0.0027787960656736007 0.0041249916 0.003935394 0.0080603855 296.7712692822 24.32586074603 1752.85913 -0.8609999999999999 1.1909999999999998 0.5948000564575195 5.77619983291626 0.15220562 0.16020563 "" "" 48.245633027524704 "" 7.725272530923554 ""
296.60876869175 24.78085261766 0.0178 0.0272 10.2819 "" "" 2020855234616287872 1598.93494 0.6064 0.0376 -0.542 -4.904 0.025 0.036 0.995 6302.5 3.6769 15.995772 1.96273 16.979753 15.017023 "" "" 1503.37866 1698.13757 7527.27643 2.8067 2205.5 6.7779 7804.6 10.155 "" "" 0.0027849028853635894 0.004349525 0.004034784 0.00838431 296.60876869175 24.78085261766 1598.93494 -0.5420000000000003 -4.903999999999999 0.9138000564575195 -0.31880016708374015 0.15120563 0.16220562 "" "" 7.335016070604333 "" 1.1181321656532501 ""
296.69182944499 24.30859457596 0.0213 0.0256 18.8558 "" "" 2020553521749916160 2340.81128 0.4032 0.0375 -3.249 -6.322 0.026 0.036 1.014 "" "" 16.00147 2.032525 17.023932 14.991406 "" "" 2162.0354 2516.79663 7487.87685 2.6824 2117.6 6.8354 7990.9 7.5103 "" "" 0.0027826369275937668 0.0044796877 0.003914718 0.008394405 296.69182944499 24.30859457596 2340.81128 -3.2490000000000006 -6.321999999999999 -1.7931999435424806 -1.7368001670837403 0.15220562 0.16220562 "" "" 27.69873206145665 "" 4.3521738056650205 ""
296.38767633293 24.36112531412 0.0209 0.0271 18.7095 "" "" 2020744871146292224 2031.42432 0.4704 0.0417 -3.875 -9.32 0.026 0.037 0.947 6553.4 4.0718 16.009682 1.636891 16.784037 15.147145 "" "" 1862.58057 2179.62549 7431.46193 2.3777 2641.2 5.5869 6923.1 8.9974 "" "" 0.0027771322518987365 0.0036138105 0.0040342007 0.007648011 296.38767633293 24.36112531412 2031.42432 -3.875 -9.32 -2.4191999435424805 -4.7348001670837405 0.15220562 0.16320562 "" "" 51.197470768976565 "" 8.242288314260483 ""
296.85599498958 24.59762337643 0.0178 0.0263 14.306 "" "" 2020661033365067264 2254.38867 0.3933 0.034 -4.1 -14.875 0.023 0.035 1.018 15039.8 3.9984 16.010674 2.654355 17.474642 14.820287 "" "" 2103.47168 2452.1438 7424.67936 2.5839 1398.2 9.6557 9355.0 13.916 "" "" 0.002781108034832467 0.008000208 0.004110015 0.012110223 296.85599498958 24.59762337643 2254.38867 -4.1 -14.875 -2.64419994354248 -10.28980016708374 0.14920563 0.16120562 "" "" 113.527172988811 "" 18.21978935517223 ""
296.83132378868 24.57843108226 0.0178 0.0258 13.0797 "" "" 2020660621048217344 1654.65198 0.5711 0.0341 1.726 0.475 0.023 0.034 1.064 6721.0 4.0639 16.021593 1.766339 16.87651 15.110171 "" "" 1552.58789 1764.08118 7350.36896 2.3948 2425.6 4.7236 7162.9 6.5195 "" "" 0.0027779347569862793 0.0035007931 0.003906442 0.007407235 296.83132378868 24.57843108226 1654.65198 1.726 0.47500000000000003 3.1818000564575195 5.060199832916259 0.14920563 0.16020563 "" "" 46.881156433486325 "" 7.368170517483505 ""
296.60871911372 24.85843174774 0.0171 0.0262 14.9268 "" "" 2020867879000760448 1945.47192 0.493 0.0356 0.237 -1.907 0.023 0.033 1.024 7759.1 4.2888 16.022573 1.599703 16.762373 15.16267 "" "" 1798.30481 2087.50903 7343.74608 2.3349 2694.4 5.6195 6824.8 6.4279 "" "" 0.0027768605845351043 0.003593427 0.0039152815 0.007508708 296.60871911372 24.85843174774 1945.47192 0.23699999999999954 -1.907 1.6928000564575196 2.6781998329162597 0.14920563 0.15920562 "" "" 29.216888580441346 "" 4.569994767980883 ""
296.4178903723 24.64758218282 0.0168 0.0235 9.872 "" "" 2020758786841023488 1904.04321 0.4951 0.0328 -4.883 -9.006 0.022 0.031 0.999 5220.2 4.0876 16.023672 1.916835 16.968979 15.052144 "" "" 1790.53406 2022.15588 7336.31869 2.3726 2227.5 6.1294 7556.2 8.7524 "" "" 0.002777603862416774 0.004087895 0.0039831297 0.008071025 296.4178903723 24.64758218282 1904.04321 -4.883000000000001 -9.006 -3.4271999435424805 -4.4208001670837405 0.14820562 0.15720563 "" "" 50.48381747262687 "" 7.768895055180587 ""
296.64226473751 24.42936851406 0.0205 0.0284 11.1525 "" "" 2020563932741181568 2084.32471 0.4457 0.0379 -3.99 -3.317 0.026 0.037 1.126 7481.5 4.0662 16.026743 1.745296 16.859758 15.114463 "" "" 1943.77295 2211.58179 7315.58763 2.673 2463.3 6.1864 7134.7 7.0273 "" "" 0.0027837329044254375 0.003901308 0.0039277636 0.007829072 296.64226473751 24.42936851406 2084.32471 -3.9899999999999984 -3.317 -2.5341999435424807 1.2681998329162596 0.15220562 0.16320562 "" "" 27.997226879431157 "" 4.324771302042241 ""
296.53527615626 24.64678726318 0.0174 0.0261 3.8944 "" "" 2020759508395442176 1595.92395 0.6069 0.0357 -1.872 -2.42 0.023 0.036 1.045 7825.0 4.3433 16.0359 1.681493 16.826557 15.145064 "" "" 1499.76404 1701.71875 7254.1532 2.3609 2539.8 6.1475 6936.4 6.6272 "" "" 0.0027778861413490243 0.0038329319 0.0039191577 0.0077520898 296.53527615626 24.64678726318 1595.92395 -1.872 -2.42 -0.4161999435424806 2.16519983291626 0.14920563 0.16220562 "" "" 16.678896478151067 "" 2.6979840700421165 ""
296.4578353968 24.59343370934 0.0189 0.0267 7.5003 "" "" 2020757652969605504 1789.547 0.5318 0.0373 -4.442 -9.199 0.025 0.035 1.148 6737.2 4.0559 16.036379 1.875014 16.951532 15.076518 "" "" 1682.37708 1893.7616 7250.95497 2.359 2263.6 7.3108 7388.4 7.4498 "" "" 0.002777869782267941 0.004481236 0.0039347457 0.008415982 296.4578353968 24.59343370934 1789.547 -4.442 -9.199 -2.9861999435424806 -4.61380016708374 0.15120563 0.16120562 "" "" 46.618423054358246 "" 7.3805827825078065 ""
296.40223621272 24.50345743486 0.0168 0.0245 12.2682 "" "" 2020750815381103616 1694.75842 0.5669 0.0348 -1.963 -4.374 0.022 0.032 0.992 7480.5 4.2661 16.039736 1.566068 16.766962 15.200894 "" "" 1593.78943 1799.74451 7228.57207 2.0582 2683.1 6.3333 6588.7 6.2199 "" "" 0.0027726086569887934 0.0037885453 0.0039159004 0.0077044456 296.40223621272 24.50345743486 1694.75842 -1.9630000000000005 -4.374 -0.5071999435424805 0.2111998329162601 0.14820562 0.15820563 "" "" 4.413538071092435 "" 0.6608186766598908 ""
296.69075418371 24.86760847505 0.0179 0.0287 16.3288 "" "" 2020857502358998144 1681.25598 0.5731 0.0385 -2.471 -2.462 0.025 0.038 1.024 5867.5 4.1014 16.040976 1.984799 16.714699 14.729899 "" "" 1571.18823 1768.89783 7220.31669 4.0611 2815.4 42.207 10167.0 212.21 "" "" 0.002822182862911526 0.016514203 0.02297494 0.039489143 296.69075418371 24.86760847505 1681.25598 -2.471 -2.462 -1.0151999435424806 2.1231998329162596 0.15120563 0.16420563 "" "" 18.754803399682274 "" 3.035758539892819 ""
296.71877864467 24.50459891612 0.0177 0.0281 9.2892 "" "" 2020566337932442752 1965.07507 0.48 0.0356 -1.555 -5.054 0.022 0.039 1.033 9225.7 3.6714 16.052391 1.673258 16.83921 15.165953 "" "" 1807.02783 2122.52661 7144.80284 2.2444 2510.3 5.6236 6804.2 7.1227 "" "" 0.0027763489002340007 0.003701489 0.00394658 0.007648069 296.71877864467 24.50459891612 1965.07507 -1.555 -5.054 -0.0991999435424804 -0.4688001670837405 0.14820562 0.16520563 "" "" 4.463308264554558 "" 0.7342726294302734 ""
296.59527532436 24.55041439651 0.018 0.0259 3.5761 "" "" 2020753804678804480 1831.01465 0.5109 0.0341 -0.826 -3.223 0.024 0.035 0.995 "" "" 16.058945 3.023546 17.816004 14.792458 "" "" 1717.77209 1930.03247 7101.801 3.0802 1021.0 5.1228 9597.9 9.1935 "" "" 0.002795271431122181 0.0061205793 0.0039198603 0.01004044 296.59527532436 24.55041439651 1831.01465 -0.826000000000001 -3.2229999999999985 0.6298000564575196 1.36219983291626 0.15020563 0.16120562 "" "" 13.024982744168119 "" 2.0751856463968115 ""
296.53308472948 24.4969016904 0.0197 0.0299 7.5593 "" "" 2020753151814741248 1739.14917 0.5506 0.0422 -1.662 -4.592 0.026 0.039 1.132 8465.1 4.1493 16.061468 1.659533 16.83321 15.173677 "" "" 1606.5835 1903.23169 7085.32364 2.3468 2524.3 5.9685 6756.0 6.6382 "" "" 0.0027786892763527137 0.0037914675 0.00392706 0.0077185277 296.53308472948 24.4969016904 1739.14917 -1.6620000000000004 -4.592 -0.2061999435424804 -0.006800167083739872 0.15220562 0.16520563 "" "" 1.7007471610039215 "" 0.25888831430316345 ""
296.38471446419 24.52438196703 0.0179 0.0277 12.528 "" "" 2020751090259043456 2168.72632 0.4402 0.0377 -1.633 -1.56 0.023 0.034 0.998 6517.9 4.0511 16.061571 1.572698 16.789396 15.216699 "" "" 1961.22302 2364.46899 7084.64935 2.2283 2628.2 5.9074 6493.5 10.059 "" "" 0.0027764015758423776 0.0037068361 0.0041367277 0.007843563 296.38471446419 24.52438196703 2168.72632 -1.6329999999999987 -1.5600000000000005 -0.17719994354248048 3.0251998329162597 0.14920563 0.16020563 "" "" 31.151639880864206 "" 4.989536594865706 ""
296.70752025391 24.30502203999 0.0217 0.028 19.319 "" "" 2020553453030420096 2174.91187 0.4332 0.0404 0.844 -0.467 0.026 0.038 1.024 5258.6 3.09 16.062407 2.430196 17.377317 14.947122 "" "" 2015.38477 2370.16553 7079.19869 2.8379 1529.3 5.6046 8323.6 7.9296 "" "" 0.0027894857342445835 0.0048597995 0.003918366 0.008778166 296.70752025391 24.30502203999 2174.91187 0.8440000000000004 -0.46699999999999997 2.2998000564575194 4.11819983291626 0.15220562 0.16420563 "" "" 48.62636871234162 "" 7.849937260384814 ""
296.4401819428 24.8122306573 0.017 0.0251 14.7516 "" "" 2020774351803433984 1646.25757 0.5817 0.0348 -2.549 -0.624 0.023 0.032 1.029 6736.0 4.2534 16.065573 1.805662 16.932837 15.127174 "" "" 1559.2334 1765.61084 7058.58826 2.3747 2302.9 5.6215 7051.6 9.362 "" "" 0.0027794266153870323 0.0038482912 0.0040449426 0.007893234 296.4401819428 24.8122306573 1646.25757 -2.5489999999999995 -0.6240000000000001 -1.0931999435424804 3.9611998329162597 0.14920563 0.15820563 "" "" 32.065791580780655 "" 5.053106165654545 ""
296.57027689832 24.48698807044 0.0179 0.0254 7.4948 "" "" 2020752980045074432 2147.1106 0.4239 0.0346 1.879 -7.203 0.023 0.034 0.961 4936.8 2.9392 16.065756 2.482534 17.420015 14.937482 "" "" 1991.75916 2343.34619 7057.39101 2.254 1470.3 4.5565 8397.8 10.154 "" "" 0.0027770550372563842 0.00437109 0.004000894 0.008371984 296.57027689832 24.48698807044 2147.1106 1.879 -7.202999999999999 3.3348000564575195 -2.6178001670837405 0.14920563 0.16020563 "" "" 43.14717211800782 "" 6.622772509422555 ""
296.37962793452 24.41300834916 0.0224 0.0327 16.6376 "" "" 2020745901938482816 2331.06079 0.4039 0.0492 1.69 1.174 0.029 0.044 1.136 6037.4 3.8827 16.069033 2.22828 17.06167 14.83339 "" "" 2092.83008 2569.95312 7036.1273 3.0801 2045.3 7.3992 9242.8 51.077 "" "" 0.00279601262979053 0.0048179715 0.007091042 0.011909014 296.37962793452 24.41300834916 2331.06079 1.6899999999999995 1.174 3.1458000564575195 5.759199832916259 0.15520562 0.17020562 "" "" 72.5089049987258 "" 12.100143576329572 ""
296.42874202533 24.49159218885 0.0175 0.026 11.4859 "" "" 2020748169681214976 2268.18359 0.4083 0.0365 -4.675 -7.777 0.023 0.034 1.022 7096.4 3.6029 16.069107 1.842898 16.966135 15.123237 "" "" 2086.47778 2506.47412 7035.64597 2.2223 2233.4 6.0927 7077.2 9.1091 "" "" 0.0027765806113955196 0.004069126 0.004029468 0.008098595 296.42874202533 24.49159218885 2268.18359 -4.674999999999997 -7.777000000000001 -3.2191999435424803 -3.1918001670837404 0.14920563 0.16020563 "" "" 48.73840344742803 "" 7.5425786479344055 ""
296.32577793702 24.75223781169 0.0167 0.0263 16.9361 "" "" 2020775382595663744 1697.2749 0.5695 0.0359 -1.856 -4.254 0.023 0.032 1.03 6357.8 3.9909 16.069357 1.6669 16.859236 15.192336 "" "" 1606.0824 1800.63501 7034.02379 2.2553 2464.5 5.5382 6640.9 5.8973 "" "" 0.00277722426385672 0.0037064732 0.0039004278 0.007606901 296.32577793702 24.75223781169 1697.2749 -1.8559999999999994 -4.2540000000000004 -0.40019994354248056 0.3311998329162602 0.14920563 0.15820563 "" "" 4.17921213708739 "" 0.6391184015672953 ""
296.93667820457 24.59186745093 0.0185 0.0247 18.7202 "" "" 2020659384097558784 1923.09985 0.4962 0.0338 -3.696 -7.34 0.024 0.031 0.961 7001.3 4.0939 16.073275 1.590238 16.801434 15.211196 "" "" 1808.6593 2078.13989 7008.68847 2.1627 2599.2 8.6036 6526.5 11.457 "" "" 0.002775614266041978 0.004549845 0.00423278 0.008782625 296.93667820457 24.59186745093 1923.09985 -3.6959999999999997 -7.34 -2.2401999435424806 -2.75480016708374 0.15020563 0.15720563 "" "" 32.366316887284405 "" 4.999211507826518 ""
296.59859092488 24.54649353708 0.0181 0.0262 3.8186 "" "" 2020753598520370432 2104.56323 0.4339 0.0344 -2.63 -4.443 0.023 0.035 0.956 "" "" 16.074667 3.008242 17.82571 14.817469 "" "" 1951.62341 2231.72632 6999.71405 2.757 1011.9 3.6763 9379.3 7.7765 "" "" 0.002788309063825948 0.004831618 0.0038851104 0.008716729 296.59859092488 24.54649353708 2104.56323 -2.63 -4.443 -1.1741999435424804 0.14219983291626015 0.14920563 0.16120562 "" "" 11.79896591096815 "" 1.7625996144147063 ""
296.68830209971 24.60004920863 0.0186 0.0288 5.1732 "" "" 2020755625715793152 2364.19775 0.3796 0.0367 -0.535 -3.714 0.024 0.038 1.085 7988.1 2.6634 16.07917 2.504189 17.405802 14.901612 "" "" 2185.74951 2632.26636 6970.73479 3.0924 1489.7 5.3854 8679.9 9.8438 "" "" 0.0027971032613991783 0.0048156977 0.003974907 0.008790605 296.68830209971 24.60004920863 2364.19775 -0.5349999999999999 -3.7139999999999973 0.9208000564575195 0.8711998329162598 0.15020563 0.16420563 "" "" 14.205332941822665 "" 2.229869319536821 ""
