Clusters/Dolidze_53/Dolidze_53_stars_in_region.tsv
# %ECSV 1.0
# ---
# datatype:
# - name: RA_ICRS_1
#   unit: deg
#   datatype: float64
#   format: '{:15.11f}'
#   description: Right ascension (ICRS) at Ep=2016.0 (ra)
#   meta: !!omap
#   - {ucd: POS_EQ_RA_MAIN}
#   - {width: 15}
#   - {precision: '11'}
# - name: DE_ICRS_1
#   unit: deg
#   datatype: float64
#   format: '{:15.11f}'
#   description: Declination (ICRS) at Ep=2016.0 (dec)
#   meta: !!omap
#   - {ucd: POS_EQ_DEC_MAIN}
#   - {width: 15}
#   - {precision: '11'}
# - name: e_RA_ICRS
#   unit: mas
#   datatype: float64
#   format: '{:7.4f}'
#   description: Standard error of right ascension (ra_error)
#   meta: !!omap
#   - {ucd: ERROR}
#   - {width: 7}
#   - {precision: '4'}
# - name: e_DE_ICRS
#   unit: mas
#   datatype: float64
#   format: '{:7.4f}'
#   description: Standard error of declination (dec_error)
#   meta: !!omap
#   - {ucd: ERROR}
#   - {width: 7}
#   - {precision: '4'}
# - name: _r_1
#   unit: ''
#   datatype: float64
#   format: '{:7.4f}'
#   description: Distance from center (296.59410646000+24.61000607000)[ICRS], at Epoch=J2016.0
#   meta: !!omap
#   - {ucd: POS_ANG_DIST_GENERAL}
#   - {width: 7}
#   - {precision: '4'}
# - name: HIP
#   datatype: int32
#   description: '? HIP cross-id number, van Leeuwen, Cat. I/311 (hip_original_ext_source_id)'
#   meta: !!omap
#   - {ucd: ID_NUMBER}
#   - {width: 6}
#   - values: {'null': -2147483648}
# - name: TYC2
#   datatype: string
#   description: Tycho-2 cross-id name, Hog et al., Cat. I/259 (tyc2_original_ext_source_id)
#   meta: !!omap
#   - {ucd: ID_CROSSID}
#   - {_votable_string_dtype: char}
# - name: Source
#   datatype: int64
#   description: Source identifier, identical to the Gaia-EDR3 source_id (id)
#   meta: !!omap
#   - {ucd: ID_MAIN}
#   - {width: 19}
# - name: rgeo
#   unit: pc
#   datatype: float64
#   format: '{:15.8f}'
#   description: '? Median of the geometric distance posterior (r_med_geo)'
#   meta: !!omap
#   - {ucd: PHYS_DISTANCE_TRUE}
#   - {width: 15}
#   - {precision: '8'}
#   - values: {'null': .nan}
# - name: Plx
#   unit: mas
#   datatype: float64
#   format: '{:9.4f}'
#   description: '? Parallax (parallax)'
#   meta: !!omap
#   - {ucd: POS_PARLX_TRIG}
#   - {width: 9}
#   - {precision: '4'}
#   - values: {'null': .nan}
# - name: e_Plx
#   unit: mas
#   datatype: float32
#   format: '{:7.4f}'
#   description: '? Standard error of parallax (parallax_error)'
#   meta: !!omap
#   - {ucd: ERROR}
#   - {width: 7}
#   - {precision: '4'}
#   - values: {'null': .nan}
# - name: pmRA
#   unit: mas / yr
#   datatype: float64
#   format: '{:9.3f}'
#   description: '? Proper motion in right ascension direction, pmRA*cosDE (pmra)'
#   meta: !!omap
#   - {ucd: POS_EQ_PMRA}
#   - {width: 9}
#   - {precision: '3'}
#   - values: {'null': .nan}
# - name: pmDE
#   unit: mas / yr
#   datatype: float64
#   format: '{:9.3f}'
#   description: '? Proper motion in declination direction (pmdec)'
#   meta: !!omap
#   - {ucd: POS_EQ_PMDEC}
#   - {width: 9}
#   - {precision: '3'}
#   - values: {'null': .nan}
# - name: e_pmRA
#   unit: mas / yr
#   datatype: float32
#   format: '{:6.3f}'
#   description: '? Standard error of proper motion in right ascension direction (pmra_error)'
#   meta: !!omap
#   - {ucd: ERROR}
#   - {width: 6}
#   - {precision: '3'}
#   - values: {'null': .nan}
# - name: e_pmDE
[...]
#         value: !astropy.table.SerializedColumn {name: SkyCoord.dec}
#       distance: !astropy.table.SerializedColumn
#         __class__: astropy.coordinates.distances.Distance
#         unit: !astropy.units.Unit {unit: pc}
#         value: !astropy.table.SerializedColumn {name: SkyCoord.distance}
#       frame: icrs
#       obstime: !astropy.time.Time {format: jyear_str, in_subfmt: '*', jd1: 367701545.0, jd2: 0.0, out_subfmt: '*', precision: 3, scale: tt}
#       pm_dec: !astropy.table.SerializedColumn
#         __class__: astropy.units.quantity.Quantity
#         unit: !astropy.units.Unit {unit: mas / yr}
#         value: !astropy.table.SerializedColumn {name: SkyCoord.pm_dec}
#       pm_ra_cosdec: !astropy.table.SerializedColumn
#         __class__: astropy.units.quantity.Quantity
#         unit: !astropy.units.Unit {unit: mas / yr}
#         value: !astropy.table.SerializedColumn {name: SkyCoord.pm_ra_cosdec}
#       ra: !astropy.table.SerializedColumn
#         __class__: astropy.coordinates.angles.Longitude
#         unit: *id001
#         value: !astropy.table.SerializedColumn {name: SkyCoord.ra}
#         wrap_angle: !astropy.coordinates.Angle
#           unit: *id001
#           value: 360.0
#       representation_type: spherical
# schema: astropy-2.0
RA_ICRS_1 DE_ICRS_1 e_RA_ICRS e_DE_ICRS _r_1 HIP TYC2 Source rgeo Plx e_Plx pmRA pmDE e_pmRA e_pmDE RUWE Teff logg Gmag BP-RP BPmag RPmag RV e_RV b_rgeo B_rgeo FG e_FG FBP e_FBP FRP e_FRP RAVE5 RAVE6 e_Gmag e_BPmag e_RPmag e_BP-RP SkyCoord.ra SkyCoord.dec SkyCoord.distance SkyCoord.pm_ra_cosdec SkyCoord.pm_dec rmRA rmDE e_rmRA e_rmDE rRV e_rRV v_pec v_pec3d e_vpec e_vpec3d
[from data line 618]
296.60720774028 24.58899102775 0.0269 0.0407 1.4494 "" "" 2020755419586515328 1858.86987 0.5186 0.0527 -0.935 6.439 0.036 0.054 1.188 5686.9 4.2098 16.588118 1.880176 17.351582 15.471406 "" "" 1674.13904 2086.12231 4362.14094 2.2021 1566.0 24.384 5135.7 100.31 "" "" 0.002809306957247356 0.01713457 0.02154064 0.03867521 296.60720774028 24.58899102775 1858.86987 -0.9349999999999999 6.439 0.5208000564575195 11.02419983291626 0.16220562 0.18020563 "" "" 97.24303115667963 "" 17.52003807529551 ""
296.38738007671 24.6074588312 0.022 0.0331 11.278 "" "" 2020758615042334720 1701.31274 0.5628 0.0441 0.808 -3.596 0.029 0.042 0.982 6463.2 4.1965 16.59073 1.960773 17.575354 15.61458 "" "" 1588.34351 1844.18176 4351.65724 1.7813 1274.3 5.0251 4501.2 7.1834 "" "" 0.002790933612395177 0.0051104217 0.004157645 0.009268067 296.38738007671 24.6074588312 1701.31274 0.8080000000000004 -3.5959999999999996 2.2638000564575194 0.9891998329162597 0.15520562 0.16820562 "" "" 19.922558186021096 "" 3.13505678272398 ""
296.35122674271 24.81458378677 0.0215 0.0321 18.0532 "" "" 2020777100582594176 1664.94055 0.5944 0.0444 -7.591 -7.293 0.029 0.041 0.977 6713.8 4.252 16.592104 1.802339 17.468964 15.666625 "" "" 1525.24988 1798.45239 4346.15757 1.6166 1405.5 4.8747 4290.5 5.9785 "" "" 0.002784759455389611 0.004686711 0.0040709428 0.008757654 296.35122674271 24.81458378677 1664.94055 -7.590999999999999 -7.293000000000005 -6.135199943542481 -2.7078001670837404 0.15520562 0.16720563 "" "" 52.92395924839318 "" 8.320945863219755 ""
296.75472044095 24.66907013581 0.0235 0.0366 9.4491 "" "" 2020849771417727232 1636.41553 0.5838 0.0464 -3.113 -7.451 0.031 0.047 1.051 6712.8 4.2575 16.59602 1.764134 17.455214 15.691079 "" "" 1528.5907 1773.07617 4330.50642 1.7328 1423.4 5.1527 4194.9 6.1264 "" "" 0.0027893603593304845 0.004820038 0.004098539 0.008918577 296.75472044095 24.66907013581 1636.41553 -3.1129999999999995 -7.450999999999998 -1.6571999435424805 -2.86580016708374 0.15720563 0.17320561 "" "" 25.677918722894873 "" 4.348249828800968 ""
296.75467264619 24.47437453197 0.0251 0.0385 11.9593 "" "" 2020563108116967808 1954.30566 0.4953 0.05 -1.68 -4.995 0.031 0.051 1.033 8736.8 4.2151 16.596329 1.749646 17.43415 15.684504 "" "" 1768.40479 2208.47363 4329.27271 1.9478 1451.3 5.3259 4220.4 7.763 "" "" 0.002798286927689903 0.0048641837 0.0042745927 0.009138776 296.75467264619 24.47437453197 1954.30566 -1.6799999999999997 -4.995000000000003 -0.2241999435424804 -0.40980016708374034 0.15720563 0.17720562 "" "" 4.32713044522845 "" 0.747744084945547 ""
296.26375333001 24.56509407632 0.0225 0.0378 18.2243 "" "" 2020763906442308864 1811.42383 0.5382 0.0484 -2.925 -8.772 0.029 0.047 0.987 5056.1 4.2297 16.596514 1.930778 17.560585 15.629807 "" "" 1632.2561 2005.72791 4328.54108 1.7372 1291.8 4.4737 4438.5 7.374 "" "" 0.002789563272013608 0.0046822187 0.004187776 0.008869994 296.26375333001 24.56509407632 1811.42383 -2.9250000000000007 -8.772000000000006 -1.4691999435424803 -4.1868001670837405 0.15520562 0.17320561 "" "" 38.09758962702323 "" 6.527048563667259 ""
296.37565368985 24.50832240315 0.0221 0.032 13.3919 "" "" 2020750849740873728 1914.15796 0.5072 0.045 -1.417 -3.431 0.029 0.041 0.942 5142.0 4.2639 16.596914 1.760319 17.451 15.690681 "" "" 1753.63538 2095.87915 4326.93859 1.7263 1428.9 4.1481 4196.5 6.0919 "" "" 0.0027891624049607663 0.0042094523 0.004094861 0.008304313 296.37565368985 24.50832240315 1914.15796 -1.417 -3.431 0.038800056457519494 1.1541998329162597 0.15520562 0.16720563 "" "" 10.478096022442148 "" 1.7518598218446584 ""
296.82613505297 24.54288978932 0.0251 0.0375 13.2855 "" "" 2020657528671748480 1642.44263 0.5901 0.0501 -0.679 -3.814 0.032 0.051 1.115 6543.5 4.3225 16.598772 1.77858 17.448133 15.669554 "" "" 1509.4801 1817.01257 4319.54581 2.2142 1432.7 5.8424 4278.9 5.6509 "" "" 0.002810967040670907 0.0052333516 0.004042241 0.009275593 296.82613505297 24.54288978932 1642.44263 -0.6790000000000003 -3.814000000000002 0.7768000564575195 0.7711998329162597 0.15820563 0.17720562 "" "" 8.521721166830668 "" 1.4308467728784013 ""
296.47301591869 24.42250542482 0.0533 0.071 13.0484 "" "" 2020746451662996096 1778.71216 0.5696 0.1 -1.882 -4.875 0.066 0.091 2.375 7546.9 3.703 16.598879 2.903922 18.197727 15.293805 "" "" 1541.88452 2157.40356 4319.12273 4.9121 718.33 4.5476 6048.3 14.413 "" "" 0.0030193568236048366 0.007418291 0.004580153 0.011998445 296.47301591869 24.42250542482 1778.71216 -1.8820000000000001 -4.875 -0.42619994354248036 -0.28980016708374023 0.19220562 0.21720561 "" "" 4.345332453258634 "" 0.8710097097835764 ""
296.72479394194 24.78829523586 0.0231 0.0358 12.8524 "" "" 2020853241751369472 2000.55652 0.4901 0.0485 -2.778 -7.779 0.032 0.047 0.988 7656.7 4.2895 16.59961 1.665982 17.391863 15.725881 "" "" 1812.74744 2166.27563 4316.21148 1.7721 1508.9 4.8771 4062.6 4.7477 "" "" 0.0027911466028306187 0.00448336 0.003986685 0.008470045 296.72479394194 24.78829523586 2000.55652 -2.7780000000000005 -7.778999999999998 -1.3221999435424805 -3.19380016708374 0.15820563 0.17320561 "" "" 32.77835642554674 "" 5.608150401454489 ""
296.68644382263 24.79315278969 0.0226 0.0362 12.0867 "" "" 2020854749255143424 2053.26611 0.4732 0.0479 0.514 -5.535 0.031 0.047 0.971 7434.4 4.221 16.600843 1.678552 17.40125 15.722699 "" "" 1850.82214 2272.78296 4311.31298 1.8475 1495.9 5.2339 4074.5 5.6728 "" "" 0.0027943263472878176 0.004713383 0.0040704757 0.008783858 296.68644382263 24.79315278969 2053.26611 0.5140000000000003 -5.5349999999999975 1.9698000564575195 -0.9498001670837404 0.15720563 0.17320561 "" "" 21.28329817260798 "" 3.412693646690519 ""
296.43265151191 24.35597108041 0.0274 0.0344 17.6082 "" "" 2020556957724066560 2178.07373 0.4346 0.0509 -0.612 -4.413 0.034 0.043 0.959 8525.9 4.3078 16.60088 1.745894 17.444504 15.698609 "" "" 2008.57715 2391.91187 4311.16648 2.061 1437.5 5.8998 4166.0 7.6803 "" "" 0.0028037832009973965 0.0052575436 0.0042767087 0.009534253 296.43265151191 24.35597108041 2178.07373 -0.612 -4.413 0.8438000564575195 0.1721998329162595 0.16020563 0.16920562 "" "" 8.891003987051668 "" 1.427674318875532 ""
296.619678996 24.77421955005 0.0229 0.038 9.9509 "" "" 2020854474384561280 1927.58594 0.507 0.0516 -1.085 -5.56 0.031 0.048 0.996 5345.7 4.3726 16.602287 1.706917 17.382994 15.676077 "" "" 1759.31189 2109.98999 4305.58324 1.7976 1521.3 6.5422 4253.3 10.765 "" "" 0.0027923592145379108 0.0054392596 0.004672802 0.010112062 296.619678996 24.77421955005 1927.58594 -1.085 -5.56 0.37080005645751957 -0.9748001670837398 0.15720563 0.17420563 "" "" 9.5291081312343 "" 1.6404310576329642 ""
296.47539974232 24.89026375743 0.0221 0.0352 18.0166 "" "" 2020871624212506368 1773.01208 0.5415 0.0477 -0.87 -2.399 0.031 0.044 1.035 5137.9 4.1726 16.603157 1.901371 17.503065 15.601694 "" "" 1625.1228 1921.48425 4302.1318 1.7587 1362.0 8.8065 4554.9 16.382 "" "" 0.0027908401438750266 0.0075543695 0.0054343487 0.012988718 296.47539974232 24.89026375743 1773.01208 -0.8699999999999999 -2.399 0.5858000564575195 2.1861998329162597 0.15720563 0.17020562 "" "" 19.02114212177374 "" 3.2215337659237004 ""
296.40922217052 24.87163899807 0.0325 0.0511 18.6528 "" "" 2020777890861279872 1829.92444 0.4958 0.0711 -2.719 -5.501 0.046 0.064 1.205 "" "" 16.608503 2.874195 18.238216 15.364021 "" "" 1625.11768 2134.25708 4281.00386 3.5462 692.04 4.756 5669.6 8.9776 "" "" 0.002898390742566261 0.0079662595 0.0041520423 0.012118302 296.40922217052 24.87163899807 1829.92444 -2.7189999999999976 -5.500999999999994 -1.2631999435424803 -0.9158001670837406 0.17220563 0.19020563 "" "" 13.53331721231001 "" 2.4172121935487225 ""
296.55845146064 24.49303778429 0.0235 0.0348 7.2829 "" "" 2020752980045083904 1851.78723 0.5225 0.0467 -5.7 -13.619 0.031 0.047 1.038 5371.1 4.2232 16.609146 1.87217 17.510418 15.638248 "" "" 1666.34375 2062.79419 4278.46549 1.9203 1352.8 5.9073 4404.1 5.4782 "" "" 0.0027980815734240916 0.0055011944 0.0040134354 0.00951463 296.55845146064 24.49303778429 1851.78723 -5.699999999999999 -13.619000000000002 -4.244199943542481 -9.03380016708374 0.15720563 0.17320561 "" "" 87.60900578674931 "" 14.93066587608807 ""
296.56514012297 24.78469443043 0.0233 0.0367 10.5996 "" "" 2020855372055273856 1955.43347 0.4951 0.05 0.273 -7.673 0.032 0.047 1.03 6884.6 4.2798 16.612514 1.867997 17.525324 15.657327 "" "" 1736.55286 2153.20874 4265.21711 1.8394 1334.4 5.2082 4327.4 6.0525 "" "" 0.0027948217911868507 0.0050737355 0.004073052 0.009146787 296.56514012297 24.78469443043 1955.43347 0.2730000000000006 -7.673 1.7288000564575197 -3.0878001670837403 0.15820563 0.17320561 "" "" 32.80047071169206 "" 5.567756691155374 ""
296.71674246 24.76050980384 0.0268 0.0424 11.2358 "" "" 2020851661203397376 1811.90527 0.5429 0.0568 3.275 -11.555 0.036 0.056 1.146 6750.9 4.2553 16.61281 1.813878 17.46898 15.655103 "" "" 1662.36523 2041.63721 4264.05378 2.1182 1405.5 5.9852 4336.3 7.7448 "" "" 0.0028076119802611164 0.005400178 0.0042478344 0.009648012 296.71674246 24.76050980384 1811.90527 3.2749999999999995 -11.555 4.73080005645752 -6.96980016708374 0.16220562 0.18220562 "" "" 72.3462956203614 "" 12.743287824827842 ""
296.26038711519 24.61810278949 0.0224 0.0381 18.2102 "" "" 2020765074673458304 1650.49524 0.5845 0.0485 -3.23 -6.324 0.03 0.048 0.974 7407.8 4.3365 16.613878 1.745808 17.44366 15.697853 "" "" 1541.76184 1768.57971 4259.85922 1.8241 1438.6 4.6414 4168.9 6.55 "" "" 0.002794269045427443 0.0044783554 0.004146528 0.008624883 296.26038711519 24.61810278949 1650.49524 -3.2299999999999986 -6.323999999999999 -1.7741999435424805 -1.73880016708374 0.15620562 0.17420563 "" "" 19.434699586487962 "" 3.2119611525385077 ""
296.68409866397 24.65736199197 0.0239 0.0361 5.6712 "" "" 2020849943216461568 2027.38708 0.4758 0.0471 -8.156 -9.701 0.032 0.045 1.007 6382.9 3.865 16.614794 2.158147 17.73448 15.576333 "" "" 1832.9574 2241.26196 4256.26855 1.919 1100.6 6.9424 4662.6 7.5515 "" "" 0.0027984672690885433 0.007395197 0.0041684364 0.011563634 296.68409866397 24.65736199197 2027.38708 -8.156000000000002 -9.701 -6.700199943542481 -5.115800167083741 0.15820563 0.17120562 "" "" 81.01027709803503 "" 13.213895835871005 ""
296.60298201381 24.60175773043 0.0236 0.0353 0.6924 "" "" 2020756175500767232 1760.74402 0.547 0.0462 -1.507 -4.781 0.031 0.046 1.038 6697.9 4.092 16.621136 2.228289 17.772146 15.543858 "" "" 1608.36755 1944.03284 4231.47822 10.386 1063.1 15.26 4804.1 31.58 "" "" 0.0038332058485085496 0.015832718 0.008076047 0.023908764 296.60298201381 24.60175773043 1760.74402 -1.507 -4.781 -0.051199943542480364 -0.19580016708373993 0.15720563 0.17220563 "" "" 1.689079054935818 "" 0.28931383675993616 ""
296.60657209782 24.78557470991 0.034 0.0563 10.556 "" "" 2020855230291509632 1943.09937 0.4775 0.0767 -0.396 -3.423 0.049 0.072 1.483 "" "" 16.621197 2.379059 17.637207 15.258148 "" "" 1671.75061 2424.72852 4231.2461 3.8643 1203.7 12.24 6250.3 32.965 "" "" 0.0029283128420224086 0.01138758 0.006861094 0.018248674 296.60657209782 24.78557470991 1943.09937 -0.39600000000000024 -3.423 1.0598000564575196 1.1621998329162597 0.17520562 0.19820562 "" "" 14.486486705248158 "" 2.725084675290161 ""
296.52802594397 24.57055818978 0.0277 0.0432 4.3128 "" "" 2020754766751522816 1708.66553 0.5616 0.0575 -1.245 -4.697 0.037 0.059 1.26 8607.6 3.1482 16.621422 1.867035 17.451256 15.584221 "" "" 1547.29199 1930.88135 4230.36968 2.4787 1428.6 6.599 4628.8 7.461 "" "" 0.00282780756057159 0.0057391366 0.0041649053 0.009904042 296.52802594397 24.57055818978 1708.66553 -1.2450000000000012 -4.697 0.21080005645751942 -0.1118001670837403 0.16320562 0.18520562 "" "" 1.9325407125476892 "" 0.3252116407252787 ""
296.59869369288 24.44914183848 0.0235 0.0342 9.6551 "" "" 2020564860463795840 1591.85547 0.5958 0.0452 -4.923 -9.223 0.03 0.047 0.977 6721.1 4.257 16.62165 1.862056 17.53343 15.671374 "" "" 1494.99182 1705.04126 4229.47638 1.7847 1324.5 5.6033 4271.8 5.177 "" "" 0.002793149876047804 0.005374255 0.0040018833 0.009376138 296.59869369288 24.44914183848 1591.85547 -4.923 -9.223 -3.4671999435424805 -4.637800167083741 0.15620562 0.17320561 "" "" 43.69211464729187 "" 7.310105616713479 ""
296.86215748877 24.53999209734 0.0236 0.0333 15.2175 "" "" 2020657391232766976 2318.12085 0.3988 0.0429 -1.957 -6.621 0.03 0.042 1.024 8110.1 4.0707 16.626204 2.226418 17.785921 15.559504 "" "" 2108.58765 2629.53638 4211.77754 1.7423 1049.7 4.6838 4735.4 9.4535 "" "" 0.0027916869836403157 0.00559063 0.0043568118 0.0099474415 296.86215748877 24.53999209734 2318.12085 -1.957 -6.621 -0.5011999435424805 -2.0358001670837407 0.15620562 0.16820562 "" "" 23.037090701945047 "" 3.8597034808144466 ""
296.83095257963 24.68539242739 0.024 0.0348 13.6851 "" "" 2020663850863683456 1975.33203 0.4921 0.0472 -4.008 -5.912 0.032 0.047 1.003 5238.5 3.4961 16.628017 2.251207 17.79955 15.548342 "" "" 1805.55847 2186.72119 4204.74848 1.726 1036.6 4.5639 4784.3 14.256 "" "" 0.0027911327108171616 0.005534952 0.004974974 0.010509926 296.83095257963 24.68539242739 1975.33203 -4.008 -5.912 -2.5521999435424805 -1.3268001670837402 0.15820563 0.17320561 "" "" 26.932671875651945 "" 4.349996163371924 ""
296.39210124704 24.40382336947 0.0257 0.0351 16.5731 "" "" 2020745833218989056 1912.52405 0.519 0.0545 -0.225 -2.207 0.032 0.046 1.052 7375.1 4.0363 16.628235 1.965916 17.609009 15.643093 "" "" 1724.47485 2129.3208 4203.90485 1.8315 1235.4 6.4413 4384.5 6.8258 "" "" 0.0027956280427974766 0.0063112234 0.0041401405 0.010451363 296.39210124704 24.40382336947 1912.52405 -0.2249999999999999 -2.207 1.2308000564575194 2.37819983291626 0.15820563 0.17220563 "" "" 24.275384703104628 "" 4.110902157618474 ""
296.85626428716 24.82285880424 0.0232 0.0335 19.1641 "" "" 2020852863794388480 2194.65381 0.4314 0.0484 -1.182 -4.721 0.032 0.045 0.989 7190.9 4.2426 16.62903 1.845757 17.532965 15.687207 "" "" 1967.66797 2483.75806 4200.82889 1.7082 1325.0 5.4983 4209.9 6.6457 "" "" 0.002790467565178923 0.0052994345 0.0041498537 0.009449288 296.85626428716 24.82285880424 2194.65381 -1.1820000000000002 -4.720999999999999 0.2738000564575196 -0.13580016708374032 0.15820563 0.17120562 "" "" 3.179338469623597 "" 0.5114140551247073 ""
296.84923055175 24.45526855216 0.0274 0.0368 16.7367 "" "" 2020562180403921792 2075.28442 0.4609 0.049 -2.536 -5.789 0.036 0.05 0.977 5217.3 4.1578 16.63107 2.158341 17.746895 15.588553 "" "" 1862.37122 2318.60986 4192.94276 1.9351 1088.1 6.0906 4610.4 7.9078 "" "" 0.00280051290411091 0.006687261 0.0042132833 0.010900544 296.84923055175 24.45526855216 2075.28442 -2.5360000000000005 -5.7890000000000015 -1.0801999435424805 -1.20380016708374 0.16220562 0.17620562 "" "" 15.9100695448255 "" 2.7063575665821498 ""
296.57101562656 24.84485889099 0.023 0.037 14.1472 "" "" 2020867810281301632 1785.62695 0.5551 0.0488 -0.509 -3.089 0.031 0.044 1.024 7759.7 4.1907 16.633606 1.711094 17.449472 15.738379 "" "" 1609.39221 1994.71008 4183.15604 1.6447 1431.0 4.6566 4016.1 6.4696 "" "" 0.00278819240638001 0.0045019677 0.0041644727 0.008666441 296.57101562656 24.84485889099 1785.62695 -0.5089999999999999 -3.0889999999999986 0.9468000564575195 1.4961998329162598 0.15720563 0.17020562 "" "" 14.986178935706638 "" 2.4965777916184413 ""
296.45452915784 24.67099912572 0.0229 0.033 8.4461 "" "" 2020759302237085056 2303.57812 0.4164 0.0464 -1.756 -4.674 0.031 0.042 0.997 6331.0 4.0451 16.633839 2.013822 17.638735 15.624913 "" "" 2116.89136 2601.48462 4182.25959 2.5662 1202.1 6.2999 4458.5 12.95 "" "" 0.0028347151931314178 0.006337343 0.004922282 0.011259625 296.45452915784 24.67099912572 2303.57812 -1.7560000000000004 -4.673999999999999 -0.3001999435424805 -0.08880016708374061 0.15720563 0.16820562 "" "" 3.418270737320802 "" 0.5404935206830428 ""
