Clusters/Dolidze_53/Dolidze_53_stars_in_region.tsv
# %ECSV 1.0
# ---
# datatype:
# - name: RA_ICRS_1
#   unit: deg
#   datatype: float64
#   format: '{:15.11f}'
#   description: Right ascension (ICRS) at Ep=2016.0 (ra)
#   meta: !!omap
#   - {ucd: POS_EQ_RA_MAIN}
#   - {width: 15}
#   - {precision: '11'}
# - name: DE_ICRS_1
#   unit: deg
#   datatype: float64
#   format: '{:15.11f}'
#   description: Declination (ICRS) at Ep=2016.0 (dec)
#   meta: !!omap
#   - {ucd: POS_EQ_DEC_MAIN}
#   - {width: 15}
#   - {precision: '11'}
# - name: e_RA_ICRS
#   unit: mas
#   datatype: float64
#   format: '{:7.4f}'
#   description: Standard error of right ascension (ra_error)
#   meta: !!omap
#   - {ucd: ERROR}
#   - {width: 7}
#   - {precision: '4'}
# - name: e_DE_ICRS
#   unit: mas
#   datatype: float64
#   format: '{:7.4f}'
#   description: Standard error of declination (dec_error)
#   meta: !!omap
#   - {ucd: ERROR}
#   - {width: 7}
#   - {precision: '4'}
# - name: _r_1
#   unit: ''
#   datatype: float64
#   format: '{:7.4f}'
#   description: Distance from center (296.59410646000+24.61000607000)[ICRS], at Epoch=J2016.0
#   meta: !!omap
#   - {ucd: POS_ANG_DIST_GENERAL}
#   - {width: 7}
#   - {precision: '4'}
# - name: HIP
#   datatype: int32
#   description: '? HIP cross-id number, van Leeuwen, Cat. I/311 (hip_original_ext_source_id)'
#   meta: !!omap
#   - {ucd: ID_NUMBER}
#   - {width: 6}
#   - values: {'null': -2147483648}
# - name: TYC2
#   datatype: string
#   description: Tycho-2 cross-id name, Hog et al., Cat. I/259 (tyc2_original_ext_source_id)
#   meta: !!omap
#   - {ucd: ID_CROSSID}
#   - {_votable_string_dtype: char}
# - name: Source
#   datatype: int64
#   description: Source identifier, identical to the Gaia-EDR3 source_id (id)
#   meta: !!omap
#   - {ucd: ID_MAIN}
#   - {width: 19}
# - name: rgeo
#   unit: pc
#   datatype: float64
#   format: '{:15.8f}'
#   description: '? Median of the geometric distance posterior (r_med_geo)'
#   meta: !!omap
#   - {ucd: PHYS_DISTANCE_TRUE}
#   - {width: 15}
#   - {precision: '8'}
#   - values: {'null': .nan}
# - name: Plx
#   unit: mas
#   datatype: float64
#   format: '{:9.4f}'
#   description: '? Parallax (parallax)'
#   meta: !!omap
#   - {ucd: POS_PARLX_TRIG}
#   - {width: 9}
#   - {precision: '4'}
#   - values: {'null': .nan}
# - name: e_Plx
#   unit: mas
#   datatype: float32
#   format: '{:7.4f}'
#   description: '? Standard error of parallax (parallax_error)'
#   meta: !!omap
#   - {ucd: ERROR}
#   - {width: 7}
#   - {precision: '4'}
#   - values: {'null': .nan}
# - name: pmRA
#   unit: mas / yr
#   datatype: float64
#   format: '{:9.3f}'
#   description: '? Proper motion in right ascension direction, pmRA*cosDE (pmra)'
#   meta: !!omap
#   - {ucd: POS_EQ_PMRA}
#   - {width: 9}
#   - {precision: '3'}
#   - values: {'null': .nan}
# - name: pmDE
#   unit: mas / yr
#   datatype: float64
#   format: '{:9.3f}'
#   description: '? Proper motion in declination direction (pmdec)'
#   meta: !!omap
#   - {ucd: POS_EQ_PMDEC}
#   - {width: 9}
#   - {precision: '3'}
#   - values: {'null': .nan}
# - name: e_pmRA
#   unit: mas / yr
#   datatype: float32
#   format: '{:6.3f}'
#   description: '? Standard error of proper motion in right ascension direction (pmra_error)'
#   meta: !!omap
#   - {ucd: ERROR}
#   - {width: 6}
#   - {precision: '3'}
#   - values: {'null': .nan}
# - name: e_pmDE
[...]
#         unit: &id001 !astropy.units.Unit {unit: deg}
#         value: !astropy.table.SerializedColumn {name: SkyCoord.dec}
#       distance: !astropy.table.SerializedColumn
#         __class__: astropy.coordinates.distances.Distance
#         unit: !astropy.units.Unit {unit: pc}
#         value: !astropy.table.SerializedColumn {name: SkyCoord.distance}
#       frame: icrs
#       obstime: !astropy.time.Time {format: jyear_str, in_subfmt: '*', jd1: 367701545.0, jd2: 0.0, out_subfmt: '*', precision: 3, scale: tt}
#       pm_dec: !astropy.table.SerializedColumn
#         __class__: astropy.units.quantity.Quantity
#         unit: !astropy.units.Unit {unit: mas / yr}
#         value: !astropy.table.SerializedColumn {name: SkyCoord.pm_dec}
#       pm_ra_cosdec: !astropy.table.SerializedColumn
#         __class__: astropy.units.quantity.Quantity
#         unit: !astropy.units.Unit {unit: mas / yr}
#         value: !astropy.table.SerializedColumn {name: SkyCoord.pm_ra_cosdec}
#       ra: !astropy.table.SerializedColumn
#         __class__: astropy.coordinates.angles.Longitude
#         unit: *id001
#         value: !astropy.table.SerializedColumn {name: SkyCoord.ra}
#         wrap_angle: !astropy.coordinates.Angle
#           unit: *id001
#           value: 360.0
#       representation_type: spherical
# schema: astropy-2.0
RA_ICRS_1 DE_ICRS_1 e_RA_ICRS e_DE_ICRS _r_1 HIP TYC2 Source rgeo Plx e_Plx pmRA pmDE e_pmRA e_pmDE RUWE Teff logg Gmag BP-RP BPmag RPmag RV e_RV b_rgeo B_rgeo FG e_FG FBP e_FBP FRP e_FRP RAVE5 RAVE6 e_Gmag e_BPmag e_RPmag e_BP-RP SkyCoord.ra SkyCoord.dec SkyCoord.distance SkyCoord.pm_ra_cosdec SkyCoord.pm_dec
[from data line 163]
296.63572148452 24.92522983384 0.0094 0.0149 19.0488 "" "" 2020869803146271872 2276.60596 0.3969 0.02 -0.038 -1.147 0.013 0.02 0.996 "" "" 14.782553 2.453723 16.114988 13.661265 -22.55 2.31 2170.88965 2385.19531 23010.4722 6.0188 4891.3 5.8957 27205.0 14.647 "" "" 0.0027699172937868336 0.0030818349 0.0038243209 0.0069061555 296.63572148452 24.92522983384 2276.60596 -0.038000000000000006 -1.1470000000000002
296.89932819155 24.61979503974 0.0105 0.0143 16.6595 "" "" 2020658250226234624 2309.5271 0.3902 0.0201 -0.255 -2.431 0.013 0.018 1.009 4845.0 2.4507 14.786987 2.364104 16.05256 13.688457 21.59 2.81 2214.2793 2431.38989 22916.68051 6.0699 5180.7 6.585 26532.0 12.368 "" "" 0.0027702869764858013 0.0031128055 0.00381312 0.0069259256 296.89932819155 24.61979503974 2309.5271 -0.2549999999999999 -2.431
296.64814074656 24.61048247452 0.01 0.015 2.9477 "" "" 2020755866263097216 2007.40271 0.4664 0.02 -1.177 -4.534 0.013 0.02 0.94 7875.3 3.5159 14.812261 1.256738 15.353164 14.096426 "" "" 1938.80115 2077.60059 22389.39795 4.176 9866.2 12.135 18222.0 8.9944 "" "" 0.002762752057589304 0.0030932773 0.0038171897 0.006910467 296.64814074656 24.61048247452 2007.40271 -1.177 -4.534
296.59673586145 24.5940747651 0.01 0.0151 0.9666 "" "" 2020756141141029376 1773.9292 0.531 0.0199 -2.788 -6.407 0.013 0.02 0.951 "" "" 14.816123 1.62207 15.577523 13.955453 -7.96 7.11 1714.78198 1834.17212 22309.89874 4.3183 8024.3 7.1944 20748.0 12.839 "" "" 0.002763323086659852 0.0029551047 0.0038386357 0.00679374 296.59673586145 24.5940747651 1773.9292 -2.7879999999999994 -6.407
296.57519582678 24.57107520688 0.0099 0.0152 2.5536 "" "" 2020753873398301312 1858.98401 0.4969 0.0199 -1.525 -4.523 0.013 0.02 0.997 "" "" 14.819164 1.353115 15.406309 14.053194 "" "" 1793.53735 1934.5354 22247.4863 16.23 9394.9 31.015 18962.0 45.074 "" "" 0.0028669076408966926 0.004542271 0.0045765294 0.009118801 296.57519582678 24.57107520688 1858.98401 -1.525 -4.523
296.34723724995 24.74946002353 0.0109 0.0171 15.848 "" "" 2020772462017877888 1748.14343 0.5405 0.0234 0.876 -1.862 0.015 0.021 1.139 7701.2 3.8557 14.82092 1.421849 15.461012 14.039163 "" "" 1665.25037 1823.89734 22211.55251 5.0994 8933.3 10.386 19208.0 11.781 "" "" 0.0027665724913902394 0.003062423 0.003837601 0.006900024 296.34723724995 24.74946002353 1748.14343 0.876 -1.862
296.45538962308 24.60094660698 0.0096 0.0138 7.5867 "" "" 2020757652969610240 1652.90125 0.5721 0.0192 -1.551 -2.922 0.013 0.018 0.973 8976.4 3.9921 14.824945 1.371847 15.424103 14.052256 "" "" 1600.2605 1703.38452 22129.35856 3.8956 9242.2 14.746 18978.0 50.467 "" "" 0.002761941390526809 0.0032841912 0.00475603 0.008040221 296.45538962308 24.60094660698 1652.90125 -1.551 -2.9220000000000006
296.75674196217 24.36566432607 0.0116 0.0164 17.1403 "" "" 2020559981380699904 2284.09521 0.3967 0.0214 -1.847 -4.583 0.014 0.022 0.961 5093.9 2.6649 14.827052 2.571031 16.246778 13.675748 -1.23 1.83 2176.01099 2402.79248 22086.44644 6.9724 4332.2 7.7035 26845.0 11.733 "" "" 0.0027765569963504894 0.0033930019 0.0038090567 0.0072020586 296.75674196217 24.36566432607 2284.09521 -1.847 -4.583
296.93558965072 24.55448497547 0.0104 0.0141 18.9274 "" "" 2020657047635329792 1838.37061 0.5122 0.0193 1.634 -2.739 0.013 0.018 0.975 "" "" 14.843065 1.617063 15.587825 13.970761 7.41 6.1 1777.54785 1891.70239 21763.09658 4.23 7948.5 13.159 20458.0 24.272 "" "" 0.002763389769254776 0.0033190288 0.003992876 0.007311905 296.93558965072 24.55448497547 1838.37061 1.634 -2.739
296.6060326244 24.31363396497 0.0127 0.0155 17.7943 "" "" 2020554071505837056 2247.72119 0.4078 0.0224 -1.354 -4.943 0.016 0.021 0.956 9994.3 3.6795 14.85981 1.672522 15.646355 13.973833 "" "" 2151.38745 2429.21289 21430.02344 5.1974 7531.4 8.5338 20400.0 14.448 "" "" 0.002767874291757004 0.003049352 0.003856815 0.0069061667 296.6060326244 24.31363396497 2247.72119 -1.354 -4.942999999999999
296.78753513237 24.40159831257 0.0113 0.0162 16.3671 "" "" 2020561802446826752 1636.56714 0.5704 0.0212 -0.986 -1.801 0.014 0.021 1.011 5988.9 3.0512 14.872787 2.331336 16.113945 13.782609 -2.68 3.31 1595.58997 1697.18237 21175.42422 7.1487 4896.0 8.8021 24328.0 16.276 "" "" 0.0027795934369479686 0.0034051675 0.0038485527 0.0072537204 296.78753513237 24.40159831257 1636.56714 -0.9859999999999999 -1.8009999999999997
296.79665928447 24.872449738 0.0107 0.0164 19.2298 "" "" 2020856918243544064 1774.97351 0.5287 0.0231 -5.797 -4.787 0.015 0.023 1.022 6636.6 3.6279 14.875912 1.67979 15.672074 13.992285 35.17 3.87 1702.13831 1869.15723 21114.56293 4.4449 7355.1 8.3025 20056.0 11.758 "" "" 0.0027647839041189436 0.0030474768 0.0038326085 0.006880085 296.79665928447 24.872449738 1774.97351 -5.797 -4.787
296.51816257192 24.52293809407 0.0131 0.019 6.6682 "" "" 2020753976477528832 1645.71741 0.5815 0.027 0.26 -5.748 0.017 0.026 1.346 "" "" 14.876736 1.745856 15.702102 13.956245 25.54 5.68 1570.08691 1719.26306 21098.53955 4.3329 7154.5 12.772 20733.0 37.495 "" "" 0.0027643273998976515 0.0033973164 0.004259007 0.0076563237 296.51816257192 24.52293809407 1645.71741 0.2599999999999999 -5.748000000000001
296.65629489576 24.48510039167 0.011 0.0163 8.2271 "" "" 2020565513298778752 2307.65259 0.3898 0.0216 -1.692 -5.894 0.014 0.022 1.001 "" "" 14.884515 2.570731 16.305182 13.73445 -1.48 1.83 2208.83545 2433.16406 20947.9167 5.5243 4105.3 4.5413 25432.0 11.955 "" "" 0.002770157389381872 0.0030376897 0.0038136877 0.0068513774 296.65629489576 24.48510039167 2307.65259 -1.6919999999999997 -5.894
296.6058806087 24.32786230573 0.0136 0.0173 16.9408 "" "" 2020554655621401088 1853.19727 0.5097 0.025 -3.261 -6.355 0.017 0.023 1.131 "" "" 14.88502 1.567312 15.59306 14.025748 "" "" 1785.46216 1944.42773 20938.16128 5.5829 7910.3 8.3337 19447.0 10.74 "" "" 0.002770487053037863 0.0030155333 0.0038266527 0.0068421857 296.6058806087 24.32786230573 1853.19727 -3.261 -6.3549999999999995
296.41597519809 24.38720664733 0.0117 0.0161 16.5315 "" "" 2020745008585235200 2063.74487 0.4387 0.024 2.006 -1.531 0.015 0.021 1.053 "" "" 14.885535 2.511511 16.259317 13.747807 -98.43 2.38 1963.87537 2164.28076 20928.22819 5.9601 4282.4 6.3528 25121.0 17.988 "" "" 0.002772615487468519 0.003221685 0.0038585165 0.0070802015 296.41597519809 24.38720664733 2063.74487 2.006 -1.5310000000000001
296.42032140704 24.77157008344 0.0097 0.0145 13.5545 "" "" 2020773767687873280 1601.52429 0.5999 0.0204 -1.832 -4.339 0.013 0.019 1.009 9197.1 4.0959 14.888702 1.312433 15.465721 14.153288 "" "" 1550.19128 1659.33777 20867.27621 3.4101 8894.6 9.1226 17292.0 10.434 "" "" 0.002761027092638172 0.0030041772 0.0038357435 0.0068399208 296.42032140704 24.77157008344 1601.52429 -1.8319999999999999 -4.339
296.79234927512 24.51136481204 0.0106 0.0169 12.3315 "" "" 2020563554793551616 2165.43213 0.4196 0.0225 -4.972 -9.371 0.013 0.022 0.992 "" "" 14.89446 2.841538 16.52323 13.681691 13.49 2.14 2052.57666 2268.07617 20756.90935 5.4127 3358.3 6.6731 26698.0 11.404 "" "" 0.0027698281891279223 0.003526962 0.0038077303 0.0073346924 296.79234927512 24.51136481204 2165.43213 -4.972 -9.371
296.94669781497 24.62738382496 0.0108 0.0149 19.2607 "" "" 2020659590255998848 1849.73645 0.5072 0.0203 0.783 -3.914 0.014 0.019 1.019 "" "" 14.902286 2.124681 15.991103 13.866423 30.8 2.74 1778.78223 1920.71826 20607.84209 4.5612 5482.5 7.7021 22521.0 13.233 "" "" 0.002765779827713981 0.0031798717 0.0038328478 0.0070127193 296.94669781497 24.62738382496 1849.73645 0.7829999999999999 -3.9140000000000006
296.30901370506 24.67225519109 0.0104 0.0154 15.9902 "" "" 2020765658788992640 1882.1875 0.5027 0.0209 -1.468 -5.764 0.014 0.019 0.993 "" "" 14.90486 1.649258 15.682085 14.032827 51.44 5.82 1808.55908 1935.82068 20559.05279 4.3523 7287.6 8.7891 19321.0 9.4155 "" "" 0.0027648904747959264 0.0030821536 0.0038162381 0.006898392 296.30901370506 24.67225519109 1882.1875 -1.468 -5.764
296.3720031218 24.85711349356 0.0101 0.0149 19.1396 "" "" 2020777547259198208 1947.5896 0.4674 0.0216 -1.482 -1.206 0.014 0.02 1.026 "" "" 14.910291 2.866689 16.559437 13.692748 -61.77 1.81 1861.53149 2036.62817 20456.45112 6.5711 3248.2 5.651 26428.0 18.975 "" "" 0.00277730552495 0.003369415 0.0038589402 0.007228355 296.3720031218 24.85711349356 1947.5896 -1.4819999999999998 -1.206
296.78844021734 24.51354898285 0.011 0.0172 12.0814 "" "" 2020563554793557376 2131.58008 0.4172 0.0229 -5.113 -6.561 0.014 0.024 1.056 "" "" 14.913708 2.927461 16.608856 13.681396 -63.66 1.91 2040.83386 2252.29907 20392.17166 5.8928 3103.7 7.2128 26705.0 12.151 "" "" 0.00277312601898602 0.0037618468 0.0038115326 0.007573379 296.78844021734 24.51354898285 2131.58008 -5.113000000000001 -6.561000000000001
296.95693071963 24.57997653758 0.0137 0.0189 19.8762 "" "" 2020658559463814016 1905.96216 0.4831 0.0269 -1.106 -3.448 0.018 0.024 1.288 7495.5 3.9114 14.928039 1.340124 15.517697 14.177573 "" "" 1824.39038 1993.62354 20124.79221 4.1349 8478.9 10.842 16909.0 13.232 "" "" 0.0027643359898408856 0.0031164917 0.0038737068 0.0069901985 296.95693071963 24.57997653758 1905.96216 -1.106 -3.4480000000000004
296.69958067881 24.67306738493 0.0107 0.0173 6.885 "" "" 2020849977576196096 1838.3241 0.515 0.0218 -3.657 -6.563 0.014 0.022 1.017 7185.0 3.4923 14.928322 1.696159 15.734486 14.038326 41.74 7.08 1767.64758 1904.94031 20119.54357 4.3776 6944.2 8.0607 19223.0 11.059 "" "" 0.0027654286957407787 0.0030616026 0.0038306504 0.0068922527 296.69958067881 24.67306738493 1838.3241 -3.657 -6.563
296.4714663464 24.72944685641 0.01 0.0147 9.8016 "" "" 2020772668176168960 1650.98718 0.5722 0.0201 -5.214 -9.48 0.014 0.019 0.977 5860.0 3.3988 14.931128 1.764892 15.783246 14.018354 77.38 3.75 1601.91809 1696.15686 20067.61445 4.2184 6639.2 8.0193 19580.0 10.183 "" "" 0.0027647566257119364 0.0030830011 0.0038213308 0.006904332 296.4714663464 24.72944685641 1650.98718 -5.214 -9.48
296.66394814044 24.45873903661 0.0109 0.0163 9.8441 "" "" 2020564585585817344 1676.22754 0.5631 0.0212 -2.881 -4.89 0.014 0.022 1.025 "" "" 14.939854 1.547448 15.654737 14.107288 57.05 7.71 1607.70605 1745.16418 19906.98155 4.7035 7473.5 8.1203 18040.0 10.674 "" "" 0.0027672364556322274 0.0030293143 0.0038335915 0.006862906 296.66394814044 24.45873903661 1676.22754 -2.881 -4.889999999999999
296.44917928616 24.65331062561 0.0155 0.0214 8.3205 "" "" 2020758992999436032 2098.55371 0.4489 0.0304 -2.362 -5.175 0.021 0.029 1.479 7541.1 3.1631 14.941807 1.426145 15.580779 14.154634 "" "" 1965.62378 2226.03882 19871.19801 4.2327 8000.3 8.0451 17270.0 10.587 "" "" 0.0027650090110051513 0.0029961828 0.0038375426 0.0068337256 296.44917928616 24.65331062561 2098.55371 -2.362 -5.175
296.37900108441 24.48383599103 0.0107 0.0153 13.969 "" "" 2020750677942162816 1780.51123 0.5335 0.022 -2.362 -9.551 0.014 0.019 0.968 "" "" 14.943874 1.449462 15.597936 14.148474 "" "" 1724.33765 1850.5686 19833.38406 4.0108 7874.9 9.6808 17369.0 11.843 "" "" 0.0027640544794536874 0.0030929805 0.0038512049 0.006944185 296.37900108441 24.48383599103 1780.51123 -2.3620000000000005 -9.551
296.74386110766 24.44384076119 0.0129 0.0199 12.8927 "" "" 2020562901958529408 1752.7666 0.5347 0.0261 -1.291 -4.769 0.016 0.027 1.173 "" "" 14.949962 1.29766 15.503174 14.205514 "" "" 1676.48364 1827.59326 19722.50661 4.5134 8593.1 12.052 16480.0 29.854 "" "" 0.0027665004040903197 0.0031786582 0.0042605395 0.007439198 296.74386110766 24.44384076119 1752.7666 -1.2909999999999997 -4.769
296.83003726769 24.80148366265 0.0119 0.0177 17.2445 "" "" 2020852726355231488 2023.98779 0.4669 0.0248 -1.133 -4.896 0.016 0.023 1.174 "" "" 14.952397 1.293579 15.513053 14.219474 "" "" 1938.79761 2114.84473 19678.30686 4.4069 8515.2 9.0348 16269.0 12.189 "" "" 0.002766027854959197 0.0030186295 0.0038659319 0.0068845614 296.83003726769 24.80148366265 2023.98779 -1.1329999999999998 -4.896000000000001
296.82641273376 24.71980672447 0.0108 0.0157 14.2775 "" "" 2020664160101350656 1939.8606 0.4859 0.0223 -1.167 -4.817 0.015 0.021 0.944 "" "" 14.958937 1.267639 15.505229 14.23759 "" "" 1862.86792 2041.91895 19560.13846 3.7144 8576.8 8.0786 16000.0 9.3396 "" "" 0.002763023438604478 0.002971683 0.0038321526 0.0068038357 296.82641273376 24.71980672447 1939.8606 -1.1670000000000003 -4.817
296.42635856443 24.64329777576 0.0104 0.0146 9.3649 "" "" 2020758786841015936 2249.96582 0.4019 0.0204 0.059 -4.217 0.014 0.019 1.001 5598.9 2.5987 14.963458 2.380971 16.240198 13.859227 -10.97 2.09 2168.13477 2339.10327 19478.86226 5.1073 4358.5 5.5718 22671.0 14.45 "" "" 0.0027699874142827143 0.0031163332 0.0038422162 0.0069585494 296.42635856443 24.64329777576 2249.96582 0.05899999999999994 -4.217
296.58830509099 24.93387118077 0.0098 0.0156 19.4345 "" "" 2020870593420137344 1859.16785 0.5084 0.0205 0.014 -6.022 0.013 0.02 1.045 7059.8 3.6994 14.968718 1.471596 15.637156 14.16556 35.23 5.17 1794.16809 1925.3114 19384.73099 5.4956 7595.5 9.4268 17098.0 11.606 "" "" 0.0027724601111394197 0.0030985211 0.003850569 0.0069490904 296.58830509099 24.93387118077 1859.16785 0.014000000000000234 -6.022
296.83991014196 24.46633376187 0.0116 0.0163 15.947 "" "" 2020562386562369920 2193.62915 0.4088 0.0217 -3.3 -5.096 0.014 0.02 1.014 "" "" 14.969402 2.803105 16.566607 13.763501 7.87 3.11 2111.52661 2329.24365 19372.51393 6.0745 3226.8 5.5356 24760.0 11.662 "" "" 0.0027762732612750165 0.0033547406 0.0038138223 0.007168563 296.83991014196 24.46633376187 2193.62915 -3.3 -5.096
296.57560532205 24.78846487354 0.0105 0.017 10.7549 "" "" 2020855406415008384 2001.85059 0.4633 0.0224 -0.963 -3.48 0.014 0.022 0.975 7056.8 3.7549 14.973835 1.265941 15.51909 14.253149 "" "" 1918.8009 2080.01196 19293.57912 3.6497 8468.0 9.8384 15772.0 9.8438 "" "" 0.0027629644208823356 0.0030620724 0.0038396518 0.0069017243 296.57560532205 24.78846487354 2001.85059 -0.963 -3.4799999999999995
296.69693929416 24.83206857724 0.0107 0.0174 14.4545 "" "" 2020856574646039424 2312.20898 0.3859 0.0239 -1.15 -1.63 0.015 0.023 0.962 4957.3 2.9046 14.982427 2.469509 16.323948 13.854439 -14.68 1.85 2195.08716 2438.76416 19141.51327 5.0654 4034.9 5.533 22771.0 12.333 "" "" 0.002770260031576026 0.003162552 0.0038248561 0.006987408 296.69693929416 24.83206857724 2312.20898 -1.15 -1.6300000000000001
296.79746281762 24.43046917792 0.0119 0.0192 15.4684 "" "" 2020561939885786752 2203.4187 0.4123 0.0241 -0.869 -7.465 0.015 0.024 1.046 "" "" 14.988742 2.699334 16.508083 13.808749 -43.96 2.55 2064.86353 2318.78174 19030.49801 6.1176 3405.5 6.5237 23750.0 12.882 "" "" 0.0027773381347373934 0.0034800763 0.0038249881 0.0073050642 296.79746281762 24.43046917792 2203.4187 -0.869 -7.464999999999999
296.58784083727 24.54117548743 0.0106 0.0165 4.144 "" "" 2020753495441159552 2000.97668 0.4708 0.0209 -1.749 -4.539 0.014 0.023 1.001 "" "" 14.993667 1.500954 15.666133 14.165179 "" "" 1919.75061 2122.64624 18944.36962 4.8 7395.4 8.2621 17104.0 10.64 "" "" 0.0027690192484541984 0.0030424276 0.0038392588 0.0068816864 296.58784083727 24.54117548743 2000.97668 -1.7489999999999999 -4.539
296.9361943002 24.66799670023 0.0109 0.0153 18.9782 "" "" 2020663232388293120 1781.12036 0.5335 0.021 -1.466 2.821 0.014 0.019 1.031 6079.3 3.0457 14.993891 2.201445 16.14357 13.942125 -36.74 2.43 1709.71057 1837.4054 18940.46258 4.4865 4764.2 6.3014 21004.0 11.251 "" "" 0.0027672969186366744 0.0031380416 0.0038238682 0.00696191 296.9361943002 24.66799670023 1781.12036 -1.466 2.8209999999999997
296.88551062846 24.45019503051 0.012 0.0167 18.5728 "" "" 2020550498093306368 1626.68262 0.5773 0.0223 1.776 -3.94 0.015 0.021 0.997 5788.5 3.1218 14.999577 2.361316 16.262127 13.900811 -89.29 3.16 1575.24182 1688.87744 18841.51431 4.9453 4271.4 7.3754 21819.0 11.267 "" "" 0.002770017700454392 0.003361499 0.0038207413 0.0071822405 296.88551062846 24.45019503051 1626.68262 1.776 -3.9400000000000004
