Clusters/IC_2948/IC_2948_stars_in_region.tsv
# %ECSV 1.0
# ---
# datatype:
# - name: RA_ICRS_1
#   unit: deg
#   datatype: float64
#   format: '{:15.11f}'
#   description: Right ascension (ICRS) at Ep=2016.0 (ra)
#   meta: !!omap
#   - {ucd: POS_EQ_RA_MAIN}
#   - {width: 15}
#   - {precision: '11'}
# - name: DE_ICRS_1
#   unit: deg
#   datatype: float64
#   format: '{:15.11f}'
#   description: Declination (ICRS) at Ep=2016.0 (dec)
#   meta: !!omap
#   - {ucd: POS_EQ_DEC_MAIN}
#   - {width: 15}
#   - {precision: '11'}
# - name: e_RA_ICRS
#   unit: mas
#   datatype: float64
#   format: '{:7.4f}'
#   description: Standard error of right ascension (ra_error)
#   meta: !!omap
#   - {ucd: ERROR}
#   - {width: 7}
#   - {precision: '4'}
# - name: e_DE_ICRS
#   unit: mas
#   datatype: float64
#   format: '{:7.4f}'
#   description: Standard error of declination (dec_error)
#   meta: !!omap
#   - {ucd: ERROR}
#   - {width: 7}
#   - {precision: '4'}
# - name: _r_1
#   unit: ''
#   datatype: float64
#   format: '{:7.4f}'
#   description: Distance from center (174.79661692000-63.44540302000)[ICRS], at Epoch=J2016.0
#   meta: !!omap
#   - {ucd: POS_ANG_DIST_GENERAL}
#   - {width: 7}
#   - {precision: '4'}
# - name: HIP
#   datatype: int32
#   description: '? HIP cross-id number, van Leeuwen, Cat. I/311 (hip_original_ext_source_id)'
#   meta: !!omap
#   - {ucd: ID_NUMBER}
#   - {width: 6}
#   - values: {'null': -2147483648}
# - name: TYC2
#   datatype: string
#   description: Tycho-2 cross-id name, Hog et al., Cat. I/259 (tyc2_original_ext_source_id)
#   meta: !!omap
#   - {ucd: ID_CROSSID}
#   - {_votable_string_dtype: char}
# - name: Source
#   datatype: int64
#   description: Source identifier, identical to the Gaia-EDR3 source_id (id)
#   meta: !!omap
#   - {ucd: ID_MAIN}
#   - {width: 19}
# - name: rgeo
#   unit: pc
#   datatype: float64
#   format: '{:15.8f}'
#   description: '? Median of the geometric distance posterior (r_med_geo)'
#   meta: !!omap
#   - {ucd: PHYS_DISTANCE_TRUE}
#   - {width: 15}
#   - {precision: '8'}
#   - values: {'null': .nan}
# - name: Plx
#   unit: mas
#   datatype: float64
#   format: '{:9.4f}'
#   description: '? Parallax (parallax)'
#   meta: !!omap
#   - {ucd: POS_PARLX_TRIG}
#   - {width: 9}
#   - {precision: '4'}
#   - values: {'null': .nan}
# - name: e_Plx
#   unit: mas
#   datatype: float32
#   format: '{:7.4f}'
#   description: '? Standard error of parallax (parallax_error)'
#   meta: !!omap
#   - {ucd: ERROR}
#   - {width: 7}
#   - {precision: '4'}
#   - values: {'null': .nan}
# - name: pmRA
#   unit: mas / yr
#   datatype: float64
#   format: '{:9.3f}'
#   description: '? Proper motion in right ascension direction, pmRA*cosDE (pmra)'
#   meta: !!omap
#   - {ucd: POS_EQ_PMRA}
#   - {width: 9}
#   - {precision: '3'}
#   - values: {'null': .nan}
# - name: pmDE
#   unit: mas / yr
#   datatype: float64
#   format: '{:9.3f}'
#   description: '? Proper motion in declination direction (pmdec)'
#   meta: !!omap
#   - {ucd: POS_EQ_PMDEC}
#   - {width: 9}
#   - {precision: '3'}
#   - values: {'null': .nan}
# - name: e_pmRA
#   unit: mas / yr
#   datatype: float32
#   format: '{:6.3f}'
#   description: '? Standard error of proper motion in right ascension direction (pmra_error)'
#   meta: !!omap
#   - {ucd: ERROR}
#   - {width: 6}
#   - {precision: '3'}
#   - values: {'null': .nan}
# - name: e_pmDE
[...]
#         value: !astropy.table.SerializedColumn {name: SkyCoord.dec}
#       distance: !astropy.table.SerializedColumn
#         __class__: astropy.coordinates.distances.Distance
#         unit: !astropy.units.Unit {unit: pc}
#         value: !astropy.table.SerializedColumn {name: SkyCoord.distance}
#       frame: icrs
#       obstime: !astropy.time.Time {format: jyear_str, in_subfmt: '*', jd1: 367701545.0, jd2: 0.0, out_subfmt: '*', precision: 3, scale: tt}
#       pm_dec: !astropy.table.SerializedColumn
#         __class__: astropy.units.quantity.Quantity
#         unit: !astropy.units.Unit {unit: mas / yr}
#         value: !astropy.table.SerializedColumn {name: SkyCoord.pm_dec}
#       pm_ra_cosdec: !astropy.table.SerializedColumn
#         __class__: astropy.units.quantity.Quantity
#         unit: !astropy.units.Unit {unit: mas / yr}
#         value: !astropy.table.SerializedColumn {name: SkyCoord.pm_ra_cosdec}
#       ra: !astropy.table.SerializedColumn
#         __class__: astropy.coordinates.angles.Longitude
#         unit: *id001
#         value: !astropy.table.SerializedColumn {name: SkyCoord.ra}
#         wrap_angle: !astropy.coordinates.Angle
#           unit: *id001
#           value: 360.0
#       representation_type: spherical
# schema: astropy-2.0
RA_ICRS_1 DE_ICRS_1 e_RA_ICRS e_DE_ICRS _r_1 HIP TYC2 Source rgeo Plx e_Plx pmRA pmDE e_pmRA e_pmDE RUWE Teff logg Gmag BP-RP BPmag RPmag RV e_RV b_rgeo B_rgeo FG e_FG FBP e_FBP FRP e_FRP RAVE5 RAVE6 e_Gmag e_BPmag e_RPmag e_BP-RP SkyCoord.ra SkyCoord.dec SkyCoord.distance SkyCoord.pm_ra_cosdec SkyCoord.pm_dec rmRA rmDE e_rmRA e_rmDE rRV e_rRV v_pec v_pec3d e_vpec e_vpec3d
[from data line 2261]
175.1215674913 -63.64663068682 0.0452 0.0418 14.8731 "" "" 5332821026111050624 1946.35693 0.503 0.0535 -9.349 -0.941 0.055 0.051 1.001 5192.9 4.6876 16.989347 1.34783 17.581884 16.234055 "" "" 1771.56689 2149.17114 3014.4459 1.8135 1266.7 8.3617 2544.1 12.251 "" "" 0.002831684386670933 0.0076910835 0.0064512785 0.014142362 175.1215674913 -63.64663068682 1946.35693 -9.349000000000007 -0.9410000000000002 -3.366235279083252 -1.6136764440536497 0.16469881 0.1606988 "" "" 34.43990736613088 "" 5.64672559356715 ""
174.84939541545 -63.32058681202 0.0483 0.0448 7.6222 "" "" 5333952599689612672 2473.74219 0.3866 0.0558 -5.689 0.933 0.063 0.058 1.067 4744.3 4.2858 16.990105 1.613646 17.740871 16.127226 "" "" 2174.57471 2799.57837 3012.34373 4.7861 1094.1 10.243 2807.2 14.248 "" "" 0.0032507821719889216 0.010540689 0.006682161 0.01722285 174.84939541545 -63.32058681202 2473.74219 -5.689000000000001 0.9330000000000005 0.293764720916748 0.26032355594635015 0.1726988 0.1676988 "" "" 4.602420262153149 "" 0.7847933469107423 ""
174.41044336955 -63.14924126869 0.0697 0.0572 20.5953 "" "" 5333970604197585536 1979.66907 0.491 0.0687 -6.216 1.274 0.086 0.075 1.099 "" "" 16.990181 "" "" "" "" "" 1780.28833 2294.24341 3012.13284 4.3948 "" "" "" "" "" "" 0.0031782447962638897 "" "" "" 174.41044336955 -63.14924126869 1979.66907 -6.215999999999993 1.2739999999999991 -0.23323527908325214 0.6013235559463501 0.1956988 0.1846988 "" "" 6.052178295279992 "" 1.1267595266837025 ""
175.10580542317 -63.50239428336 0.0482 0.0416 8.963 "" "" 5332824569492068608 2241.60229 0.435 0.0542 -6.704 0.588 0.061 0.054 1.044 4551.2 4.1837 16.990292 1.601458 17.7611 16.159643 "" "" 1987.95215 2526.42261 3011.83016 2.35 1073.9 7.987 2724.6 11.001 "" "" 0.0028826128718815866 0.008543486 0.005788065 0.014331551 175.10580542317 -63.50239428336 2241.60229 -6.703999999999998 0.5879999999999997 -0.7212352790832517 -0.08467644405364994 0.1706988 0.1636988 "" "" 7.715899364736367 "" 1.316375312082778 ""
174.40875001923 -63.64684939511 0.0478 0.0464 15.9238 "" "" 5333569557329432192 2499.99463 0.3867 0.0564 -6.86 1.43 0.06 0.056 1.101 9574.7 4.1842 16.990429 1.786144 17.821772 16.035627 "" "" 2200.37964 2966.27783 3011.44718 2.7432 1015.6 7.0865 3054.3 11.485 "" "" 0.002927448800595803 0.008073357 0.0055634403 0.013636798 174.40875001923 -63.64684939511 2499.99463 -6.859999999999995 1.4299999999999997 -0.8772352790832523 0.75732355594635 0.1696988 0.1656988 "" "" 13.733096512953534 "" 2.307192117444789 ""
174.59061638397 -63.66722430203 0.0444 0.0429 14.4025 "" "" 5333568423458517376 2400.43628 0.3947 0.052 -7.203 -4.282 0.056 0.057 1.036 5598.1 4.6215 16.991156 1.353893 17.610638 16.256744 "" "" 2138.35181 2772.52319 3009.43427 1.8418 1233.6 7.6529 2491.5 10.938 "" "" 0.0028343117375226184 0.0072906306 0.0060830447 0.013373675 174.59061638397 -63.66722430203 2400.43628 -7.2029999999999985 -4.282000000000001 -1.2202352790832522 -4.95467644405365 0.1656988 0.1666988 "" "" 58.05914113807021 "" 9.675078338734805 ""
174.6080731934 -63.31513172714 0.0511 0.0508 9.3159 "" "" 5333955485907607040 2656.56274 0.3625 0.0616 -6.207 0.558 0.065 0.059 1.071 6027.8 4.4487 16.991417 1.720455 17.781729 16.061274 "" "" 2245.91235 3274.33398 3008.70633 4.3354 1053.7 14.684 2983.0 30.887 "" "" 0.003168505746006616 0.015385559 0.01186036 0.02724592 174.6080731934 -63.31513172714 2656.56274 -6.207 0.5580000000000006 -0.2242352790832518 -0.11467644405364985 0.1746988 0.1686988 "" "" 3.171415358955201 "" 0.5501515738812341 ""
174.53796367621 -63.20762251814 0.0568 0.0458 15.8769 "" "" 5333957100814253440 2808.06274 0.3533 0.0608 -6.083 0.808 0.073 0.062 0.977 4739.1 4.4366 16.99343 1.570734 17.724787 16.154053 "" "" 2336.54883 3651.49097 3003.13653 5.3351 1110.5 14.741 2738.7 16.035 "" "" 0.003363352125262138 0.01467988 0.0073955758 0.022075456 174.53796367621 -63.20762251814 2808.06274 -6.083000000000001 0.8080000000000002 -0.10023527908325214 0.13532355594635015 0.1826988 0.17169881 "" "" 2.241480758364844 "" 0.39377132682932964 ""
174.30548818287 -63.38134506776 0.0446 0.0457 13.7369 "" "" 5333590619848793088 2016.38074 0.4871 0.0558 -12.083 1.157 0.06 0.057 0.969 4945.9 4.6786 16.993608 1.292557 17.547844 16.255287 "" "" 1843.05737 2322.56445 3002.64043 1.8021 1307.0 13.631 2494.8 15.944 "" "" 0.002831326309585853 0.011662083 0.00790133 0.019563412 174.30548818287 -63.38134506776 2016.38074 -12.082999999999993 1.1570000000000003 -6.100235279083252 0.4843235559463501 0.1696988 0.1666988 "" "" 58.48735043691927 "" 9.92414401995337 ""
175.37757535086 -63.29215804851 0.0499 0.0428 18.1293 "" "" 5333205275396660096 2188.05713 0.4586 0.0568 -8.051 1.149 0.064 0.054 0.987 5140.7 4.6955 16.99366 1.148392 17.480474 16.332083 "" "" 1935.4314 2629.80249 3002.49891 2.2468 1390.7 10.325 2324.5 8.1196 "" "" 0.002872610723407024 0.008530087 0.0053541604 0.013884247 175.37757535086 -63.29215804851 2188.05713 -8.051 1.1490000000000007 -2.068235279083252 0.4763235559463501 0.17369881 0.1636988 "" "" 22.011994367896946 "" 3.8126741044609416 ""
174.56635433154 -63.46900769109 0.0489 0.0464 6.3342 "" "" 5333577425709638144 1939.51685 0.4949 0.0582 -11.176 0.662 0.063 0.055 1.066 4737.7 4.6497 16.9961 1.43162 17.640467 16.208847 "" "" 1777.32495 2153.73608 2995.76092 1.8271 1200.1 8.9147 2603.9 9.4686 "" "" 0.00283377462911003 0.008534168 0.0054654414 0.013999609 174.56635433154 -63.46900769109 1939.51685 -11.176 0.6620000000000001 -5.193235279083252 -0.01067644405364987 0.1726988 0.16469881 "" "" 47.74312203522839 "" 8.245178106120253 ""
175.55039493778 -63.39195488436 0.0518 0.0457 20.4899 "" "" 5333203557409594240 2110.89453 0.4758 0.0629 -1.945 -2.008 0.074 0.064 0.982 4999.7 4.6878 16.996136 1.335772 17.504978 16.169207 "" "" 1860.76172 2387.89355 2995.65835 2.0451 1359.6 7.399 2700.7 43.4 "" "" 0.0028532779474612566 0.0065342835 0.01785232 0.024386603 175.55039493778 -63.39195488436 2110.89453 -1.945 -2.008 4.037764720916748 -2.68067644405365 0.1836988 0.17369881 "" "" 48.49337499661168 "" 8.762671789371044 ""
175.04751281742 -63.16921797012 0.0513 0.0494 17.8977 "" "" 5333960326314986880 2359.26514 0.4115 0.0568 -4.824 -1.157 0.06 0.064 0.964 5218.6 4.7163 16.996258 1.110508 17.463766 16.353258 "" "" 2058.61938 2694.78687 2995.32118 1.7734 1412.2 9.8673 2279.6 12.252 "" "" 0.0028293115021020073 0.008083072 0.006952405 0.015035477 175.04751281742 -63.16921797012 2359.26514 -4.824 -1.157 1.1587647209167482 -1.82967644405365 0.1696988 0.17369881 "" "" 24.219346487892196 "" 4.179368000282844 ""
174.38321119405 -63.16125787523 0.0909 0.1495 20.3676 "" "" 5333969195442830592 2596.63965 0.3852 0.1153 -6.435 2.352 0.123 0.184 1.547 "" "" 16.996742 "" "" "" "" "" 2033.40479 3509.81543 2993.98758 4.698 "" "" "" "" "" "" 0.003239491573123109 "" "" "" 174.38321119405 -63.16125787523 2596.63965 -6.4350000000000005 2.351999999999999 -0.45223527908325156 1.67932355594635 0.2326988 0.2936988 "" "" 21.40558908648512 "" 6.207170046085037 ""
175.00635974467 -63.23453910842 0.054 0.0489 13.8547 "" "" 5333959643436036096 2545.46631 0.3673 0.062 -8.404 -0.937 0.071 0.059 1.1 9047.3 4.2893 16.997406 1.952271 17.962671 16.0104 "" "" 2236.19702 2949.22217 2992.15877 2.1065 891.97 7.0097 3126.1 9.1271 "" "" 0.0028593782795671226 0.008977063 0.0049327873 0.01390985 175.00635974467 -63.23453910842 2545.46631 -8.404000000000007 -0.9369999999999995 -2.421235279083252 -1.60967644405365 0.18069881 0.1686988 "" "" 35.08022696970245 "" 6.212958355536635 ""
174.18937941731 -63.272088578 0.0495 0.0461 19.3659 "" "" 5333593574786416896 2265.09985 0.4304 0.0578 -11.699 1.625 0.06 0.057 1.006 5214.1 4.6859 16.998688 1.185791 17.52073 16.334938 "" "" 2017.1969 2597.85571 2988.62576 2.0217 1340.1 8.8617 2318.4 10.204 "" "" 0.0028515301333103963 0.0077027683 0.006092565 0.013795333 174.18937941731 -63.272088578 2265.09985 -11.699000000000009 1.6249999999999998 -5.716235279083252 0.9523235559463501 0.1696988 0.1666988 "" "" 62.218665390240865 "" 10.553435687778862 ""
174.51765214492 -63.4675101725 0.048 0.0455 7.5965 "" "" 5333578215983615744 2709.25464 0.3515 0.0588 -5.19 1.003 0.063 0.054 1.048 9383.8 3.9386 16.999872 1.778732 17.855932 16.0772 "" "" 2450.69287 3265.37646 2985.3666 1.829 984.11 9.9691 2939.5 16.108 "" "" 0.0028344763548684335 0.0113469735 0.0070485626 0.018395536 174.51765214492 -63.4675101725 2709.25464 -5.19 1.0030000000000008 0.7927647209167477 0.33032355594635 0.1726988 0.1636988 "" "" 11.02898500710478 "" 1.8903370355546296 ""
