Clusters/IC_2948/IC_2948_members.tsv
# %ECSV 1.0
# ---
# datatype:
# - name: RA_ICRS_1
#   unit: deg
#   datatype: float64
#   format: '{:15.11f}'
#   description: Right ascension (ICRS) at Ep=2016.0 (ra)
#   meta: !!omap
#   - {ucd: POS_EQ_RA_MAIN}
#   - {width: 15}
#   - {precision: '11'}
# - name: DE_ICRS_1
#   unit: deg
#   datatype: float64
#   format: '{:15.11f}'
#   description: Declination (ICRS) at Ep=2016.0 (dec)
#   meta: !!omap
#   - {ucd: POS_EQ_DEC_MAIN}
#   - {width: 15}
#   - {precision: '11'}
# - name: e_RA_ICRS
#   unit: mas
#   datatype: float64
#   format: '{:7.4f}'
#   description: Standard error of right ascension (ra_error)
#   meta: !!omap
#   - {ucd: ERROR}
#   - {width: 7}
#   - {precision: '4'}
# - name: e_DE_ICRS
#   unit: mas
#   datatype: float64
#   format: '{:7.4f}'
#   description: Standard error of declination (dec_error)
#   meta: !!omap
#   - {ucd: ERROR}
#   - {width: 7}
#   - {precision: '4'}
# - name: _r_1
#   unit: ''
#   datatype: float64
#   format: '{:7.4f}'
#   description: Distance from center (174.79661692000-63.44540302000)[ICRS], at Epoch=J2016.0
#   meta: !!omap
#   - {ucd: POS_ANG_DIST_GENERAL}
#   - {width: 7}
#   - {precision: '4'}
# - name: HIP
#   datatype: int32
#   description: '? HIP cross-id number, van Leeuwen, Cat. I/311 (hip_original_ext_source_id)'
#   meta: !!omap
#   - {ucd: ID_NUMBER}
#   - {width: 6}
#   - values: {'null': -2147483648}
# - name: TYC2
#   datatype: string
#   description: Tycho-2 cross-id name, Hog et al., Cat. I/259 (tyc2_original_ext_source_id)
#   meta: !!omap
#   - {ucd: ID_CROSSID}
#   - {_votable_string_dtype: char}
# - name: Source
#   datatype: int64
#   description: Source identifier, identical to the Gaia-EDR3 source_id (id)
#   meta: !!omap
#   - {ucd: ID_MAIN}
#   - {width: 19}
# - name: rgeo
#   unit: pc
#   datatype: float64
#   format: '{:15.8f}'
#   description: '? Median of the geometric distance posterior (r_med_geo)'
#   meta: !!omap
#   - {ucd: PHYS_DISTANCE_TRUE}
#   - {width: 15}
#   - {precision: '8'}
#   - values: {'null': .nan}
# - name: Plx
#   unit: mas
#   datatype: float64
#   format: '{:9.4f}'
#   description: '? Parallax (parallax)'
#   meta: !!omap
#   - {ucd: POS_PARLX_TRIG}
#   - {width: 9}
#   - {precision: '4'}
#   - values: {'null': .nan}
# - name: e_Plx
#   unit: mas
#   datatype: float32
#   format: '{:7.4f}'
#   description: '? Standard error of parallax (parallax_error)'
#   meta: !!omap
#   - {ucd: ERROR}
#   - {width: 7}
#   - {precision: '4'}
#   - values: {'null': .nan}
# - name: pmRA
#   unit: mas / yr
#   datatype: float64
#   format: '{:9.3f}'
#   description: '? Proper motion in right ascension direction, pmRA*cosDE (pmra)'
#   meta: !!omap
#   - {ucd: POS_EQ_PMRA}
#   - {width: 9}
#   - {precision: '3'}
#   - values: {'null': .nan}
# - name: pmDE
#   unit: mas / yr
#   datatype: float64
#   format: '{:9.3f}'
#   description: '? Proper motion in declination direction (pmdec)'
#   meta: !!omap
#   - {ucd: POS_EQ_PMDEC}
#   - {width: 9}
#   - {precision: '3'}
#   - values: {'null': .nan}
# - name: e_pmRA
#   unit: mas / yr
#   datatype: float32
#   format: '{:6.3f}'
#   description: '? Standard error of proper motion in right ascension direction (pmra_error)'
#   meta: !!omap
#   - {ucd: ERROR}
#   - {width: 6}
#   - {precision: '3'}
#   - values: {'null': .nan}
# - name: e_pmDE
[...]
#       distance: !astropy.table.SerializedColumn
#         __class__: astropy.coordinates.distances.Distance
#         unit: !astropy.units.Unit {unit: pc}
#         value: !astropy.table.SerializedColumn {name: SkyCoord.distance}
#       frame: icrs
#       obstime: !astropy.time.Time {format: jyear_str, in_subfmt: '*', jd1: 367701545.0, jd2: 0.0, out_subfmt: '*', precision: 3, scale: tt}
#       pm_dec: !astropy.table.SerializedColumn
#         __class__: astropy.units.quantity.Quantity
#         unit: !astropy.units.Unit {unit: mas / yr}
#         value: !astropy.table.SerializedColumn {name: SkyCoord.pm_dec}
#       pm_ra_cosdec: !astropy.table.SerializedColumn
#         __class__: astropy.units.quantity.Quantity
#         unit: !astropy.units.Unit {unit: mas / yr}
#         value: !astropy.table.SerializedColumn {name: SkyCoord.pm_ra_cosdec}
#       ra: !astropy.table.SerializedColumn
#         __class__: astropy.coordinates.angles.Longitude
#         unit: *id001
#         value: !astropy.table.SerializedColumn {name: SkyCoord.ra}
#         wrap_angle: !astropy.coordinates.Angle
#           unit: *id001
#           value: 360.0
#       representation_type: spherical
# schema: astropy-2.0
RA_ICRS_1 DE_ICRS_1 e_RA_ICRS e_DE_ICRS _r_1 HIP TYC2 Source rgeo Plx e_Plx pmRA pmDE e_pmRA e_pmDE RUWE Teff logg Gmag BP-RP BPmag RPmag RV e_RV b_rgeo B_rgeo FG e_FG FBP e_FBP FRP e_FRP RAVE5 RAVE6 e_Gmag e_BPmag e_RPmag e_BP-RP SkyCoord.ra SkyCoord.dec SkyCoord.distance SkyCoord.pm_ra_cosdec SkyCoord.pm_dec rmRA rmDE e_rmRA e_rmDE rRV e_rRV v_pec v_pec3d e_vpec e_vpec3d Pmemb
174.7923806462 -63.42085538671 0.0104 0.0117 1.4772 "" "" 5333576497997161728 2319.25098 0.4196 0.0133 -5.995 0.684 0.014 0.015 0.875 19317.3 3.9825 10.634773 0.28316 10.721422 10.438262 "" "" 2250.7854 2397.8291 1049633.02564 13521.0 702830.0 28027.0 529480.0 20425.0 "" "" 0.014254889398778465 0.043386094 0.04205308 0.085439175 174.7923806462 -63.42085538671 2319.25098 -5.995 0.6840000000000002 -0.01223527908325206 0.01132355594635015 0.1236988 0.1246988 "" "" 0.18326936577531802 "" 0.022754937142755303 "" 1.0
174.92375591077 -63.45760725039 0.012 0.0114 3.4873 "" "" 5333575432845123072 2259.36011 0.4026 0.0141 -6.004 0.816 0.016 0.015 0.789 "" "" 11.517975 0.287502 11.607304 11.319801 "" "" 2177.67603 2346.02026 465325.62624 118.11 310810.0 187.43 235090.0 92.829 "" "" 0.0027690677033708247 0.002865961 0.0038036203 0.0066695814 174.92375591077 -63.45760725039 2259.36011 -6.004000000000005 0.8160000000000008 -0.021235279083251513 0.14332355594635005 0.1256988 0.1246988 "" "" 1.5516604627831247 "" 0.19352366381137392 "" 0.9
174.62612421268 -63.47055874208 0.0112 0.0121 4.8139 "" "" 5333577597508338048 2514.57104 0.3554 0.0145 -6.245 0.632 0.016 0.016 0.918 13511.7 3.7128 12.044255 0.26571 12.129284 11.863574 "" "" 2425.34912 2602.86816 286579.25144 51.29 192180.0 105.78 142470.0 49.922 "" "" 0.0027621637815357925 0.002853452 0.003798482 0.0066519342 174.62612421268 -63.47055874208 2514.57104 -6.245000000000007 0.6320000000000003 -0.26223527908325206 -0.040676444053649896 0.1256988 0.1256988 "" "" 3.162977959582931 "" 0.3975825493033775 "" 0.9
174.94888845631 -63.40738744039 0.0088 0.0092 4.6805 "" "" 5333950911746527872 2344.64648 0.3919 0.0107 -5.844 0.748 0.012 0.012 0.897 "" "" 12.284561 0.465402 12.447354 11.981953 "" "" 2297.24683 2411.0835 229679.49097 35.097 143380.0 66.024 127750.0 39.757 "" "" 0.0027603107565585716 0.0028346095 0.0037944561 0.0066290656 174.94888845631 -63.40738744039 2344.64648 -5.844000000000001 0.748 0.13876472091674774 0.0753235559463501 0.121698804 0.121698804 "" "" 1.754731330983755 "" 0.2135487046724632 "" 0.9
174.62665988443 -63.38220662397 0.0102 0.011 5.9334 "" "" 5333579414261709056 2482.53613 0.3654 0.0135 -6.089 0.757 0.015 0.013 0.888 13309.6 3.842 12.424412 0.312779 12.519798 12.207019 "" "" 2408.48999 2565.13696 201921.2739 39.843 134120.0 100.51 103840.0 113.84 "" "" 0.0027636365254929017 0.0029063865 0.003962389 0.006868776 174.62665988443 -63.38220662397 2482.53613 -6.089000000000003 0.7570000000000008 -0.10623527908325237 0.0843235559463501 0.1246988 0.1226988 "" "" 1.5960272477675688 "" 0.19779501894608426 "" 0.8
174.83599499655 -63.43018986365 0.0099 0.0105 1.3962 "" "" 5333576463637263872 2490.74707 0.3699 0.0122 -6.018 0.733 0.013 0.013 0.857 "" "" 12.561254 0.323461 12.667927 12.344466 "" "" 2406.83521 2586.31909 178010.40661 85.622 117020.0 200.03 91490.0 129.85 "" "" 0.0028043745638624716 0.003351043 0.004081458 0.007432501 174.83599499655 -63.43018986365 2490.74707 -6.017999999999999 0.733 -0.03523527908325175 0.06032355594635008 0.1226988 0.1226988 "" "" 0.8247801186626438 "" 0.10119952981396335 "" 0.9
174.78886153866 -63.58380614956 0.009 0.0092 8.3068 "" "" 5333567804983380096 2494.62231 0.3715 0.0111 -6.0 0.768 0.012 0.012 0.899 6953.5 3.2958 12.661125 0.448043 12.816417 12.368374 "" "" 2432.80957 2559.19507 162366.63381 28.11 102060.0 58.197 89497.0 29.26 "" "" 0.002761724479023209 0.0028580322 0.0037960152 0.0066540474 174.78886153866 -63.58380614956 2494.62231 -6.0 0.7679999999999999 -0.017235279083251953 0.09532355594635011 0.121698804 0.121698804 "" "" 1.1454303881276997 "" 0.13939750852913427 "" 0.9
174.56128080077 -63.42991657086 0.0122 0.0132 6.3821 "" "" 5333578009825213056 2439.88574 0.381 0.0156 -6.123 0.779 0.016 0.016 0.993 "" "" 12.938229 0.30009 13.039932 12.739842 "" "" 2340.71533 2542.5752 125792.69566 51.944 83070.0 70.23 63565.0 61.594 "" "" 0.0027915578422299434 0.0029372806 0.0039230827 0.0068603633 174.56128080077 -63.42991657086 2439.88574 -6.123 0.7789999999999991 -0.14023527908325217 0.10632355594635012 0.1256988 0.1256988 "" "" 2.0352739065533476 "" 0.25583149760702834 "" 1.0
174.91979819412 -63.51910631777 0.0106 0.0099 5.5177 "" "" 5333574848729744640 2294.65942 0.4006 0.0122 -5.949 0.672 0.014 0.013 0.927 "" "" 13.55372 0.459316 13.716363 13.257047 "" "" 2232.93604 2357.56396 71360.63516 26.321 44552.0 30.289 39477.0 22.915 "" "" 0.002784270842058311 0.002886158 0.0038315686 0.0067177266 174.91979819412 -63.51910631777 2294.65942 -5.949 0.672 0.0337647209167482 -0.0006764440536498606 0.1236988 0.1226988 "" "" 0.3673219480532485 "" 0.04543713770734969 "" 0.8
174.88098090521 -63.45204597898 0.0102 0.0102 2.2975 "" "" 5333575669046045952 2313.70801 0.3949 0.0122 -5.905 0.717 0.013 0.013 0.91 9991.6 3.8315 13.556 0.476739 13.726143 13.249404 "" "" 2240.0415 2375.76709 71210.98175 18.993 44153.0 30.39 39755.0 32.242 "" "" 0.002770495783580763 0.0028885126 0.003880605 0.006769118 174.88098090521 -63.45204597898 2313.70801 -5.905000000000004 0.7169999999999999 0.0777647209167478 0.04432355594635007 0.1226988 0.1226988 "" "" 0.9816472391046468 "" 0.12044693705959594 "" 0.8
174.5448534317 -63.38841381297 0.01 0.0108 7.5754 "" "" 5333579551696579968 2372.8772 0.3853 0.013 -6.02 0.617 0.013 0.013 0.996 "" "" 13.581417 0.390861 13.714071 13.323211 "" "" 2306.48413 2454.13428 69563.2485 27.601 44647.0 57.834 37143.0 28.223 "" "" 0.0027887941022477335 0.0031245907 0.003868377 0.006992968 174.5448534317 -63.38841381297 2372.8772 -6.02 0.617 -0.03723527908325153 -0.05567644405364991 0.1226988 0.1226988 "" "" 0.7533544025423821 "" 0.09243568024431505 "" 1.0
174.87857732305 -63.44235761918 0.0101 0.0106 2.2061 "" "" 5333575707723024512 2210.46216 0.4137 0.0123 -5.964 0.718 0.014 0.015 0.921 "" "" 13.672906 0.439379 13.827416 13.388038 "" "" 2144.15942 2271.83936 63941.75428 28.891 40221.0 54.865 34990.0 47.465 "" "" 0.0027986514296533317 0.0031588809 0.0040562255 0.0072151064 174.87857732305 -63.44235761918 2210.46216 -5.964 0.7180000000000011 0.018764720916747635 0.04532355594635007 0.1236988 0.1246988 "" "" 0.5139724898676457 "" 0.06401680321108316 "" 0.9
175.02175601088 -63.49396252767 0.0114 0.0104 6.7004 "" "" 5332824706931182720 2303.52319 0.399 0.013 -5.903 0.697 0.015 0.014 0.983 9732.1 3.7743 13.685931 0.834564 14.010551 13.175987 "" "" 2235.82397 2366.44019 63179.20367 14.254 33978.0 22.467 42537.0 27.919 "" "" 0.0027661873615386404 0.0028810496 0.0038459788 0.0067270286 175.02175601088 -63.49396252767 2303.52319 -5.902999999999994 0.6969999999999992 0.07976472091674847 0.02432355594635005 0.1246988 0.1236988 "" "" 0.9105204668272637 "" 0.11346363125051802 "" 1.0
174.85774094569 -63.4660264877 0.0106 0.0106 2.0536 "" "" 5333575261046418560 2245.36987 0.4089 0.0129 -5.904 0.659 0.014 0.014 1.066 7899.7 3.7044 13.785645 0.530432 13.98031 13.449878 "" "" 2188.69995 2311.3623 57635.31393 18.22 34938.0 21.285 33053.0 20.85 "" "" 0.002776615847099436 0.0028675024 0.0038409373 0.0067084394 174.85774094569 -63.4660264877 2245.36987 -5.904 0.6590000000000001 0.07876472091674813 -0.013676444053649872 0.1236988 0.1236988 "" "" 0.850840471950617 "" 0.10524794605429542 "" 1.0
174.73941491443 -63.43774010878 0.0103 0.0119 1.6019 "" "" 5333576291838553472 2327.07959 0.3963 0.0136 -5.886 0.602 0.014 0.015 0.857 "" "" 13.791645 0.54474 13.991896 13.447156 "" "" 2252.98682 2390.14233 57317.6797 14.967 34567.0 28.276 33136.0 18.856 "" "" 0.002769867884708134 0.0029281117 0.0038295495 0.0067576612 174.73941491443 -63.43774010878 2327.07959 -5.886 0.6020000000000003 0.09676472091674793 -0.07067644405364992 0.1236988 0.1246988 "" "" 1.3217374279227234 "" 0.16395835959424565 "" 0.9
174.66904733561 -63.47210360239 0.0106 0.011 3.7768 "" "" 5333577563148604928 2240.28662 0.4106 0.0135 -5.946 0.659 0.015 0.014 0.976 "" "" 13.808039 0.393101 13.948406 13.555305 "" "" 2175.90869 2317.80005 56458.73219 24.79 35979.0 24.734 29994.0 21.254 "" "" 0.0027962578556627376 0.002888279 0.0038568957 0.0067451745 174.66904733561 -63.47210360239 2240.28662 -5.946 0.6589999999999995 0.03676472091674832 -0.013676444053649872 0.1246988 0.1236988 "" "" 0.4165407242930717 "" 0.051891672841874126 "" 0.9
174.9865470813 -63.49071191752 0.0112 0.0108 5.7709 "" "" 5333575329766038144 2226.48218 0.4114 0.0133 -5.909 0.737 0.015 0.015 0.924 "" "" 13.889827 0.636743 14.116141 13.479399 "" "" 2173.31396 2288.24194 52361.97279 28.683 30829.0 46.537 32166.0 63.653 "" "" 0.0028187788830887936 0.0032359194 0.0043474142 0.0075833336 174.9865470813 -63.49071191752 2226.48218 -5.909 0.7370000000000007 0.07376472091674824 0.06432355594635009 0.1246988 0.1246988 "" "" 1.032885243729907 "" 0.1287995533526411 "" 1.0
174.68120619313 -63.41900363285 0.0103 0.0115 3.4786 "" "" 5333579315495296000 2256.20972 0.4048 0.0133 -6.022 0.621 0.014 0.014 0.971 "" "" 13.893141 0.410788 14.038032 13.627244 "" "" 2202.58911 2330.0459 52202.37801 17.785 33129.0 21.261 28071.0 23.417 "" "" 0.0027800391477052684 0.002875858 0.0038863954 0.006762253 174.68120619313 -63.41900363285 2256.20972 -6.022 0.6209999999999993 -0.039235279083252195 -0.051676444053649906 0.1236988 0.1236988 "" "" 0.6938917710952268 "" 0.08583357997101562 "" 1.0
174.95536478102 -63.49226665662 0.0121 0.011 5.0998 "" "" 5333574951808785792 2313.05493 0.399 0.0141 -5.898 0.701 0.016 0.014 0.921 "" "" 13.991237 0.53714 14.174146 13.637006 "" "" 2235.76538 2406.99854 47692.71325 14.98 29225.0 67.053 27820.0 84.73 "" "" 0.0027763440560849163 0.0037403926 0.0050218003 0.008762193 174.95536478102 -63.49226665662 2313.05493 -5.898 0.701 0.08476472091674836 0.028323555946350054 0.1256988 0.1236988 "" "" 0.9798594599898572 "" 0.12297174394284639 "" 1.0
174.84896219734 -63.42413957954 0.0109 0.012 1.8975 "" "" 5333575810802238080 2326.1543 0.3918 0.0138 -5.86 0.678 0.015 0.015 0.949 9990.1 4.1922 14.017989 0.518166 14.203986 13.685821 "" "" 2269.31177 2391.64526 46531.92861 13.652 28433.0 21.417 26597.0 20.163 "" "" 0.002773672608510251 0.0029075567 0.0038679712 0.006775528 174.84896219734 -63.42413957954 2326.1543 -5.860000000000001 0.6780000000000002 0.12276472091674773 0.005323555946350145 0.1246988 0.1246988 "" "" 1.354872375106534 "" 0.1689509631615824 "" 0.8
174.6612789851 -63.36616201374 0.0132 0.0143 5.9849 "" "" 5333579826572514432 2339.74341 0.388 0.0166 -6.068 0.539 0.018 0.017 1.064 10011.3 3.8793 14.091606 0.551914 14.251945 13.70003 "" "" 2246.91113 2438.81201 43481.47002 16.428 27204.0 50.844 26251.0 354.52 "" "" 0.002785688516308573 0.0034500468 0.015142115 0.018592162 174.6612789851 -63.36616201374 2339.74341 -6.068 0.539 -0.08523527908325157 -0.13367644405364987 0.12769881 0.1266988 "" "" 1.7582524044928582 "" 0.22327812430424218 "" 0.8
174.60749605318 -63.40040906199 0.0121 0.0138 5.7499 "" "" 5333579487293988992 2247.63159 0.4108 0.0159 -6.122 0.487 0.016 0.017 0.976 6490.7 3.7402 14.131289 1.197657 14.643754 13.446097 -45.44 8.08 2155.86768 2330.19507 41920.92621 9.5583 18963.0 37.157 33168.0 21.634 "" "" 0.002766418905609565 0.0035087124 0.0038451583 0.0073538707 174.60749605318 -63.40040906199 2247.63159 -6.122 0.487 -0.13923527908325184 -0.18567644405364991 0.1256988 0.1266988 -37.21125 8.80438 2.472552561379143 37.29330560209543 0.31238177355438107 8.785032754631127 1.0
174.98592575637 -63.40358665811 0.0116 0.0112 5.6672 "" "" 5333950984781928064 2293.4397 0.4031 0.0137 -5.854 0.639 0.015 0.015 0.893 "" "" 14.149705 0.625839 14.379339 13.7535 "" "" 2223.55981 2383.51074 41215.89754 11.671 24193.0 24.388 24990.0 23.162 "" "" 0.0027724198634526886 0.0029971572 0.003911061 0.0069082184 174.98592575637 -63.40358665811 2293.4397 -5.854 0.639 0.12876472091674795 -0.03367644405364989 0.1246988 0.1246988 "" "" 1.4468702286887694 "" 0.18042298536610538 "" 0.8
174.69628719902 -63.36542515149 0.0126 0.013 5.5036 "" "" 5333579865251168640 2281.21631 0.4052 0.0156 -6.031 0.744 0.018 0.016 0.97 6354.9 3.6805 14.201193 1.131787 14.678554 13.546766 10.73 7.47 2207.30591 2360.47852 39306.98784 8.079 18365.0 16.724 30231.0 22.18 "" "" 0.0027643423862561845 0.0029601718 0.0038624187 0.0068225907 174.69628719902 -63.36542515149 2281.21631 -6.031 0.744 -0.04823527908325165 0.07132355594635009 0.12769881 0.1256988 18.95875 8.194381 0.931026565156605 18.981596666970017 0.11761647076138261 8.184519856555905 0.8
174.86497701059 -63.49229169738 0.0122 0.0126 3.3573 "" "" 5333575157967199872 2241.55811 0.4091 0.0152 -5.909 0.733 0.017 0.016 0.998 "" "" 14.207888 1.168033 14.682986 13.514954 6.04 10.79 2162.94019 2304.82251 39065.36104 9.9929 18290.0 50.071 31130.0 74.965 "" "" 0.002769282177362607 0.004076737 0.0045956294 0.008672366 174.86497701059 -63.49229169738 2241.55811 -5.909000000000001 0.733000000000001 0.07376472091674824 0.06032355594635008 0.1266988 0.1256988 14.268749999999997 11.51438 1.012453823177807 14.304624752385756 0.1278719061547151 11.48550695807748 0.9
174.63658160686 -63.44153753599 0.0125 0.0136 4.2992 "" "" 5333577769307047424 2392.10596 0.386 0.0161 -5.989 0.608 0.016 0.017 0.992 "" "" 14.260286 0.472748 14.430819 13.958071 "" "" 2299.16089 2497.53564 37224.80033 15.396 23072.0 21.186 20698.0 17.905 "" "" 0.0027916733453297628 0.002962942 0.0038943386 0.0068572806 174.63658160686 -63.44153753599 2392.10596 -5.989000000000005 0.6079999999999998 -0.006235279083251832 -0.06467644405364992 0.1256988 0.1266988 "" "" 0.7367392579003544 "" 0.09333722701155031 "" 0.9
174.83929754583 -63.53202025531 0.0135 0.0147 5.3213 "" "" 5333573508699941888 2218.02637 0.4149 0.0172 -5.902 0.705 0.018 0.019 1.122 "" "" 14.365539 0.630733 14.597169 13.966436 "" "" 2144.89966 2296.90454 33785.58816 9.962 19795.0 15.439 20539.0 15.544 "" "" 0.002773856296550928 0.0029158434 0.0038676737 0.006783517 174.83929754583 -63.53202025531 2218.02637 -5.902 0.7050000000000007 0.08076472091674791 0.03232355594635006 0.12769881 0.1286988 "" "" 0.9145943295774671 "" 0.11691930047567813 "" 1.0
175.02041785584 -63.5067379613 0.0155 0.0135 7.0358 "" "" 5332824328973888768 2388.1709 0.3895 0.0174 -5.927 0.802 0.021 0.018 0.973 7494.2 3.8141 14.5995 0.82016 14.919932 14.099772 "" "" 2286.10034 2466.15112 27236.2328 6.9874 14704.0 15.547 18166.0 16.229 "" "" 0.0027693637955808308 0.0030171035 0.0039018665 0.00691897 175.02041785584 -63.5067379613 2388.1709 -5.926999999999994 0.8019999999999998 0.055764720916748445 0.12932355594635014 0.1306988 0.12769881 "" "" 1.594233870883245 "" 0.20433901627262932 "" 1.0
174.98011833404 -63.43509609558 0.0218 0.0221 4.9616 "" "" 5333950812983225088 2556.94263 0.364 0.0267 -6.019 0.528 0.03 0.029 0.985 6851.8 4.0136 15.748059 1.406505 16.369833 14.963328 "" "" 2363.33447 2752.18311 9456.34001 8.6422 3868.0 21.112 8200.2 27.498 "" "" 0.002928543932706109 0.0065500704 0.0052477997 0.01179787 174.98011833404 -63.43509609558 2556.94263 -6.019 0.5279999999999999 -0.03623527908325208 -0.14467644405364988 0.1396988 0.1386988 "" "" 1.807625228021923 "" 0.25082251181246923 "" 0.9
174.72897503052 -63.4106480695 0.024 0.0261 2.7648 "" "" 5333576772874674816 2014.63062 0.4596 0.0312 -6.038 0.712 0.033 0.033 1.061 6404.7 4.3711 15.906505 0.973561 16.301674 15.328113 "" "" 1909.31592 2141.26318 8172.3096 2.5806 4118.6 13.409 5860.2 8.3541 "" "" 0.002776568634701139 0.0045033563 0.004084039 0.008587396 174.72897503052 -63.4106480695 2014.63062 -6.037999999999995 0.712 -0.05523527908325221 0.039323555946350064 0.1426988 0.1426988 "" "" 0.6474767237008223 "" 0.0923941480058322 "" 0.8
174.93874368009 -63.48287898039 0.0291 0.0287 4.4238 "" "" 5333575020528260992 2554.33667 0.3709 0.0343 -5.838 0.68 0.04 0.04 1.005 5519.3 3.5796 16.154396 1.558398 16.863117 15.304719 "" "" 2357.07153 2832.94409 6504.11791 6.8371 2455.7 19.844 5987.8 29.957 "" "" 0.0029823486089462976 0.0092065865 0.0066173826 0.01582397 174.93874368009 -63.48287898039 2554.33667 -5.838 0.6799999999999999 0.14476472091674797 0.0073235559463501465 0.1496988 0.1496988 "" "" 1.7549883943041595 "" 0.26271964591493197 "" 0.8
