Clusters/IC_2948/IC_2948_stars_in_region.tsv
# %ECSV 1.0
# ---
# datatype:
# - name: RA_ICRS_1
#   unit: deg
#   datatype: float64
#   format: '{:15.11f}'
#   description: Right ascension (ICRS) at Ep=2016.0 (ra)
#   meta: !!omap
#   - {ucd: POS_EQ_RA_MAIN}
#   - {width: 15}
#   - {precision: '11'}
# - name: DE_ICRS_1
#   unit: deg
#   datatype: float64
#   format: '{:15.11f}'
#   description: Declination (ICRS) at Ep=2016.0 (dec)
#   meta: !!omap
#   - {ucd: POS_EQ_DEC_MAIN}
#   - {width: 15}
#   - {precision: '11'}
# - name: e_RA_ICRS
#   unit: mas
#   datatype: float64
#   format: '{:7.4f}'
#   description: Standard error of right ascension (ra_error)
#   meta: !!omap
#   - {ucd: ERROR}
#   - {width: 7}
#   - {precision: '4'}
# - name: e_DE_ICRS
#   unit: mas
#   datatype: float64
#   format: '{:7.4f}'
#   description: Standard error of declination (dec_error)
#   meta: !!omap
#   - {ucd: ERROR}
#   - {width: 7}
#   - {precision: '4'}
# - name: _r_1
#   unit: ''
#   datatype: float64
#   format: '{:7.4f}'
#   description: Distance from center (174.79661692000-63.44540302000)[ICRS], at Epoch=J2016.0
#   meta: !!omap
#   - {ucd: POS_ANG_DIST_GENERAL}
#   - {width: 7}
#   - {precision: '4'}
# - name: HIP
#   datatype: int32
#   description: '? HIP cross-id number, van Leeuwen, Cat. I/311 (hip_original_ext_source_id)'
#   meta: !!omap
#   - {ucd: ID_NUMBER}
#   - {width: 6}
#   - values: {'null': -2147483648}
# - name: TYC2
#   datatype: string
#   description: Tycho-2 cross-id name, Hog et al., Cat. I/259 (tyc2_original_ext_source_id)
#   meta: !!omap
#   - {ucd: ID_CROSSID}
#   - {_votable_string_dtype: char}
# - name: Source
#   datatype: int64
#   description: Source identifier, identical to the Gaia-EDR3 source_id (id)
#   meta: !!omap
#   - {ucd: ID_MAIN}
#   - {width: 19}
# - name: rgeo
#   unit: pc
#   datatype: float64
#   format: '{:15.8f}'
#   description: '? Median of the geometric distance posterior (r_med_geo)'
#   meta: !!omap
#   - {ucd: PHYS_DISTANCE_TRUE}
#   - {width: 15}
#   - {precision: '8'}
#   - values: {'null': .nan}
# - name: Plx
#   unit: mas
#   datatype: float64
#   format: '{:9.4f}'
#   description: '? Parallax (parallax)'
#   meta: !!omap
#   - {ucd: POS_PARLX_TRIG}
#   - {width: 9}
#   - {precision: '4'}
#   - values: {'null': .nan}
# - name: e_Plx
#   unit: mas
#   datatype: float32
#   format: '{:7.4f}'
#   description: '? Standard error of parallax (parallax_error)'
#   meta: !!omap
#   - {ucd: ERROR}
#   - {width: 7}
#   - {precision: '4'}
#   - values: {'null': .nan}
# - name: pmRA
#   unit: mas / yr
#   datatype: float64
#   format: '{:9.3f}'
#   description: '? Proper motion in right ascension direction, pmRA*cosDE (pmra)'
#   meta: !!omap
#   - {ucd: POS_EQ_PMRA}
#   - {width: 9}
#   - {precision: '3'}
#   - values: {'null': .nan}
# - name: pmDE
#   unit: mas / yr
#   datatype: float64
#   format: '{:9.3f}'
#   description: '? Proper motion in declination direction (pmdec)'
#   meta: !!omap
#   - {ucd: POS_EQ_PMDEC}
#   - {width: 9}
#   - {precision: '3'}
#   - values: {'null': .nan}
# - name: e_pmRA
#   unit: mas / yr
#   datatype: float32
#   format: '{:6.3f}'
#   description: '? Standard error of proper motion in right ascension direction (pmra_error)'
#   meta: !!omap
#   - {ucd: ERROR}
#   - {width: 6}
#   - {precision: '3'}
#   - values: {'null': .nan}
# - name: e_pmDE
[...]
#         value: !astropy.table.SerializedColumn {name: SkyCoord.dec}
#       distance: !astropy.table.SerializedColumn
#         __class__: astropy.coordinates.distances.Distance
#         unit: !astropy.units.Unit {unit: pc}
#         value: !astropy.table.SerializedColumn {name: SkyCoord.distance}
#       frame: icrs
#       obstime: !astropy.time.Time {format: jyear_str, in_subfmt: '*', jd1: 367701545.0, jd2: 0.0, out_subfmt: '*', precision: 3, scale: tt}
#       pm_dec: !astropy.table.SerializedColumn
#         __class__: astropy.units.quantity.Quantity
#         unit: !astropy.units.Unit {unit: mas / yr}
#         value: !astropy.table.SerializedColumn {name: SkyCoord.pm_dec}
#       pm_ra_cosdec: !astropy.table.SerializedColumn
#         __class__: astropy.units.quantity.Quantity
#         unit: !astropy.units.Unit {unit: mas / yr}
#         value: !astropy.table.SerializedColumn {name: SkyCoord.pm_ra_cosdec}
#       ra: !astropy.table.SerializedColumn
#         __class__: astropy.coordinates.angles.Longitude
#         unit: *id001
#         value: !astropy.table.SerializedColumn {name: SkyCoord.ra}
#         wrap_angle: !astropy.coordinates.Angle
#           unit: *id001
#           value: 360.0
#       representation_type: spherical
# schema: astropy-2.0
RA_ICRS_1 DE_ICRS_1 e_RA_ICRS e_DE_ICRS _r_1 HIP TYC2 Source rgeo Plx e_Plx pmRA pmDE e_pmRA e_pmDE RUWE Teff logg Gmag BP-RP BPmag RPmag RV e_RV b_rgeo B_rgeo FG e_FG FBP e_FBP FRP e_FRP RAVE5 RAVE6 e_Gmag e_BPmag e_RPmag e_BP-RP SkyCoord.ra SkyCoord.dec SkyCoord.distance SkyCoord.pm_ra_cosdec SkyCoord.pm_dec rmRA rmDE e_rmRA e_rmDE rRV e_rRV v_pec v_pec3d e_vpec e_vpec3d
[from data line 334]
174.78342635339 -63.28213694996 0.0162 0.0158 9.8024 "" "" 5333952908926813056 2557.74854 0.3595 0.0192 -6.102 0.658 0.022 0.02 1.428 "" "" 14.042891 0.577859 14.240815 13.662956 "" "" 2439.5896 2692.58496 45476.87297 15.674 27485.0 27.559 27163.0 43.819 "" "" 0.0027806152795877576 0.0029950337 0.004165509 0.0071605425 174.78342635339 -63.28213694996 2557.74854 -6.101999999999998 0.6580000000000003 -0.11923527908325227 -0.014676444053649873 0.1316988 0.1296988 "" "" 1.4564856654780596 "" 0.1917742677819631 ""
174.73969871482 -63.65143994669 0.0115 0.0115 12.4555 "" "" 5333567186507968384 2253.92456 0.4055 0.0137 -8.738 1.616 0.015 0.016 1.037 "" "" 14.044305 1.935795 15.009394 13.073599 -3.85 1.71 2195.26709 2327.25 45417.65358 9.6386 13541.0 12.501 46743.0 23.437 "" "" 0.0027649378244283787 0.002964751 0.003818388 0.006783139 174.73969871482 -63.65143994669 2253.92456 -8.738000000000007 1.616 -2.7552352790832515 0.9433235559463502 0.1246988 0.1256988 4.378749999999998 2.434381 31.113285751906524 31.41989818319419 3.8830656548668663 3.8601101379796474
174.91695126126 -63.19383845886 0.0128 0.0124 15.4381 "" "" 5333960090112254592 2051.68311 0.4459 0.0148 -7.724 2.258 0.017 0.015 0.942 9479.7 4.0474 14.045959 0.512603 14.238041 13.725438 "" "" 1999.6615 2118.64722 45348.50302 15.652 27555.0 20.812 25644.0 14.278 "" "" 0.0027806870020325117 0.0029081819 0.0038274226 0.0067356043 174.91695126126 -63.19383845886 2051.68311 -7.724 2.258 -1.7412352790832522 1.58532355594635 0.1266988 0.1246988 "" "" 22.900518541524285 "" 2.8807999764720185 ""
175.09580407197 -63.13349077115 0.0121 0.0134 20.38 "" "" 5333211357070596736 2763.04761 0.3268 0.0149 -7.665 1.635 0.015 0.016 0.981 8087.5 3.7708 14.046413 0.672624 14.3059 13.633276 "" "" 2655.18018 2878.19214 45329.56165 10.797 25886.0 19.621 27916.0 16.298 "" "" 0.0027674299834943307 0.002909006 0.0038321703 0.0067411764 175.09580407197 -63.13349077115 2763.04761 -7.665 1.635 -1.682235279083252 0.9623235559463501 0.1246988 0.1256988 "" "" 25.382153745638682 "" 3.171401234418705 ""
174.46401858986 -63.38179433476 0.0117 0.0127 9.7125 "" "" 5333579074977116416 2495.33936 0.3673 0.0154 -6.07 0.567 0.017 0.015 0.99 "" "" 14.047417 1.016359 14.441393 13.425034 -13.33 6.91 2390.23315 2599.2356 45287.66571 153.78 22849.0 200.15 33818.0 235.86 "" "" 0.0046026023713051055 0.009911536 0.008463109 0.018374644 174.46401858986 -63.38179433476 2495.33936 -6.069999999999999 0.5669999999999997 -0.08723527908325224 -0.10567644405364995 0.1266988 0.1246988 -5.101250000000002 7.634381 1.6207905609989468 5.352542723334705 0.20343059182574186 7.276220457699374
174.72765396622 -63.61685473903 0.011 0.0116 10.4511 "" "" 5333567530105356160 2016.6571 0.4627 0.0136 -2.445 2.24 0.014 0.015 0.982 5518.9 3.1791 14.064369 1.586438 14.804859 13.218421 -45.86 1.85 1966.35669 2091.40991 44586.0548 8.3258 16348.0 18.15 40906.0 21.897 "" "" 0.002762769470174837 0.0030394197 0.003823809 0.006863229 174.72765396622 -63.61685473903 2016.6571 -2.444999999999998 2.24 3.537764720916748 1.5673235559463503 0.1236988 0.1246988 -37.63125 2.5743809 36.98745124047481 52.76535346066585 4.581392386286193 3.6992424960424466
174.1422349893 -63.35548950778 0.4816 0.3825 18.3891 "" "" 5333591581926389248 2516.16235 1.1173 0.5275 -5.358 1.352 0.594 0.481 10.595 "" "" 14.081034 0.498093 13.747663 13.24957 "" "" 1152.95142 8294.63281 43906.9554 72.542 43286.0 47.028 39749.0 29.179 "" "" 0.0032877962375543923 0.0030292731 0.0038625076 0.0068917805 174.1422349893 -63.35548950778 2516.16235 -5.358 1.3520000000000005 0.6247647209167484 0.6793235559463502 0.70369875 0.59069884 "" "" 11.007501114064304 "" 7.099197268246475 ""
174.92776241389 -63.35757536622 0.0146 0.0161 6.3389 "" "" 5333951671976690432 2290.74805 0.3992 0.0186 -5.955 0.587 0.02 0.021 1.495 10803.6 3.7456 14.082454 0.758925 14.349173 13.590247 "" "" 2206.78442 2395.16553 43849.56297 30.348 24874.0 33.405 29044.0 91.264 "" "" 0.0028559478185152557 0.0031481949 0.005091487 0.008239682 174.92776241389 -63.35757536622 2290.74805 -5.955000000000003 0.5870000000000004 0.027764720916747976 -0.08567644405364994 0.1296988 0.1306988 "" "" 0.9779165076297033 "" 0.12771989732211536 ""
175.07898588002 -63.50145451173 0.0128 0.0115 8.2803 "" "" 5332824466412851840 2538.57373 0.3635 0.0144 -5.551 2.047 0.017 0.015 1.009 "" "" 14.082797 0.94627 14.458684 13.512414 "" "" 2445.32886 2635.21606 43835.69089 8.0042 22488.0 18.314 31203.0 20.219 "" "" 0.00276244324540306 0.0029269233 0.0038443066 0.00677123 175.07898588002 -63.50145451173 2538.57373 -5.551000000000003 2.0470000000000015 0.4317647209167479 1.3743235559463503 0.1266988 0.1246988 "" "" 17.333914047275496 "" 2.164655359670263 ""
174.22424857911 -63.30630269753 0.012 0.0116 17.5072 "" "" 5333591994238415360 2159.33374 0.4281 0.0146 -5.615 1.295 0.015 0.014 0.938 9295.5 4.1146 14.08314 0.557663 14.292089 13.734426 "" "" 2095.34644 2227.35547 43821.8271 15.105 26217.0 23.72 25432.0 18.936 "" "" 0.0027806200324242045 0.0029580423 0.0038648746 0.0068229167 174.22424857911 -63.30630269753 2159.33374 -5.614999999999995 1.2949999999999995 0.36776472091674783 0.62232355594635 0.1246988 0.1236988 "" "" 7.398724279887429 "" 0.9171340973173071 ""
174.52168760296 -63.44864099246 0.0114 0.0128 7.3766 "" "" 5333578250343366144 2513.50562 0.3631 0.0149 -6.336 0.898 0.015 0.015 1.032 6296.4 3.4365 14.083665 1.184519 14.583443 13.398924 16.81 5.84 2419.85693 2620.34473 43800.68915 8.2543 20047.0 21.257 34641.0 29.665 "" "" 0.0027629068086100464 0.0030183552 0.0038920701 0.0069104256 174.52168760296 -63.44864099246 2513.50562 -6.336 0.898 -0.35323527908325225 0.22532355594635012 0.1246988 0.1246988 25.038749999999997 6.564381 4.991757821679989 25.531483460872444 0.622466224374737 6.438845018206734
174.6612789851 -63.36616201374 0.0132 0.0143 5.9849 "" "" 5333579826572514432 2339.74341 0.388 0.0166 -6.068 0.539 0.018 0.017 1.064 10011.3 3.8793 14.091606 0.551914 14.251945 13.70003 "" "" 2246.91113 2438.81201 43481.47002 16.428 27204.0 50.844 26251.0 354.52 "" "" 0.002785688516308573 0.0034500468 0.015142115 0.018592162 174.6612789851 -63.36616201374 2339.74341 -6.068 0.539 -0.08523527908325157 -0.13367644405364987 0.12769881 0.1266988 "" "" 1.7582524044928582 "" 0.22327812430424218 ""
174.98097818102 -63.37997520226 0.0114 0.0111 6.3183 "" "" 5333951397098793600 2297.52734 0.3977 0.0137 -5.774 0.782 0.015 0.015 0.958 9919.0 3.8188 14.107291 0.564 14.3141 13.7501 "" "" 2233.4541 2361.13623 42857.83033 12.285 25691.0 16.147 25068.0 14.563 "" "" 0.002772841156991794 0.0028724049 0.0038316536 0.0067040585 174.98097818102 -63.37997520226 2297.52734 -5.774 0.7820000000000005 0.20876472091674803 0.10932355594635013 0.1246988 0.1246988 "" "" 2.566373550707269 "" 0.3200237093846643 ""
174.5655182705 -63.36022697288 0.0123 0.0133 8.0409 "" "" 5333579693452449664 2125.06567 0.4369 0.0158 -9.654 5.563 0.016 0.016 0.973 4887.8 3.0722 14.107746 1.516581 14.809571 13.292991 53.9 2.82 2054.94629 2202.89746 42839.87621 7.95 16278.0 25.188 38191.0 26.248 "" "" 0.0027626772707303256 0.003256923 0.0038523437 0.0071092667 174.5655182705 -63.36022697288 2125.06567 -9.654 5.562999999999999 -3.671235279083252 4.89032355594635 0.1256988 0.1256988 62.12875 3.544381 61.595247504386286 87.4868909705283 7.742448996070631 6.004145507201682
175.40424776702 -63.6441377075 0.0125 0.0124 20.1489 "" "" 5332819552970189056 2627.88452 0.3456 0.0151 -6.437 0.761 0.016 0.016 0.954 6593.3 3.5983 14.114428 0.732508 14.38587 13.653362 "" "" 2524.61523 2741.78076 42577.07034 34.468 24047.0 75.195 27404.0 71.971 "" "" 0.002892117568932599 0.0043945126 0.004734403 0.009128915 175.40424776702 -63.6441377075 2627.88452 -6.436999999999999 0.7609999999999999 -0.45423527908325223 0.08832355594635011 0.1256988 0.1256988 "" "" 5.764002048902599 "" 0.7245281687308263 ""
174.40335192551 -63.66621103396 0.0118 0.0121 16.9096 "" "" 5333546089626952320 2296.69897 0.3979 0.0141 -8.452 1.598 0.014 0.015 0.904 9455.2 3.8504 14.116973 0.70345 14.385373 13.681923 "" "" 2220.07861 2382.05786 42477.35965 10.457 24058.0 23.06 26692.0 18.057 "" "" 0.002768254041780854 0.0029779351 0.0038500922 0.0068280273 174.40335192551 -63.66621103396 2296.69897 -8.452 1.5979999999999999 -2.469235279083252 0.9253235559463502 0.1236988 0.1246988 "" "" 28.70644114924536 "" 3.554499733015623 ""
174.9065369326 -63.22876744166 0.0124 0.0122 13.3308 "" "" 5333954077158000128 2098.99487 0.4397 0.0146 -7.348 0.681 0.017 0.016 0.918 "" "" 14.117306 0.518565 14.30882 13.790255 "" "" 2026.83533 2166.01514 42464.34446 10.805 25816.0 21.494 24158.0 15.747 "" "" 0.002769135484298681 0.0029329516 0.003845074 0.0067780255 174.9065369326 -63.22876744166 2098.99487 -7.347999999999996 0.6809999999999998 -1.3652352790832518 0.008323555946350147 0.1266988 0.1256988 "" "" 13.583299999982987 "" 1.7209874006237909 ""
175.16550433134 -63.70922686057 0.0118 0.0119 18.6433 "" "" 5332814914405282048 2692.90771 0.3379 0.0143 -6.67 1.454 0.015 0.015 1.078 "" "" 14.11865 1.245418 14.647037 13.40162 "" "" 2578.35425 2814.23071 42411.81934 9.5241 18906.0 27.486 34555.0 29.037 "" "" 0.0027660866609472024 0.003205716 0.003887946 0.007093662 175.16550433134 -63.70922686057 2692.90771 -6.67 1.454 -0.6872352790832519 0.7813235559463501 0.1246988 0.1246988 "" "" 13.282067348507654 "" 1.6562578974502489 ""
174.85620709197 -63.5027818221 0.0118 0.0119 3.795 "" "" 5333573646138707456 2262.69458 0.4075 0.0145 -5.898 0.458 0.016 0.015 0.89 6963.1 3.5788 14.121266 0.904148 14.483324 13.579176 "" "" 2196.02515 2318.46802 42309.74265 7.5539 21983.0 21.292 29342.0 19.783 "" "" 0.002762130586827428 0.002981766 0.003849622 0.006831388 174.85620709197 -63.5027818221 2262.69458 -5.898 0.4579999999999999 0.08476472091674836 -0.21467644405364988 0.1256988 0.1246988 "" "" 2.4754253817868515 "" 0.3090176181161887 ""
175.10935027872 -63.54031982677 0.0116 0.0117 10.1275 "" "" 5332823985376490112 2097.4624 0.441 0.014 -5.826 1.044 0.015 0.015 0.906 9722.2 4.064 14.122756 0.489457 14.300345 13.810888 "" "" 2037.09302 2153.77734 42251.72146 12.559 26018.0 23.474 23703.0 19.724 "" "" 0.002774156079414229 0.0029571296 0.003885871 0.0068430007 175.10935027872 -63.54031982677 2097.4624 -5.826 1.044 0.15676472091674842 0.37132355594635014 0.1246988 0.1246988 "" "" 4.007198777904908 "" 0.4996928903017275 ""
174.67650124146 -63.2898174259 0.0121 0.0122 9.8783 "" "" 5333955829504544768 2346.37939 0.3936 0.0147 -5.786 0.625 0.016 0.015 0.93 10315.4 3.9662 14.123918 0.486026 14.300069 13.814043 "" "" 2269.52734 2440.07007 42206.54653 12.871 26025.0 18.548 23634.0 17.993 "" "" 0.0027751424108936416 0.0028954828 0.0038687182 0.006764201 174.67650124146 -63.2898174259 2346.37939 -5.7860000000000005 0.6250000000000003 0.19676472091674846 -0.0476764440536499 0.1256988 0.1246988 "" "" 2.2517094512568967 "" 0.28291278876762144 ""
174.9901189894 -63.14343590093 0.0127 0.0132 18.8543 "" "" 5333961876818718336 2193.27344 0.4193 0.0149 -6.435 0.621 0.016 0.017 1.029 "" "" 14.128284 0.455985 14.289724 13.833739 "" "" 2127.93848 2281.88135 42037.10744 13.143 26274.0 16.331 23209.0 16.716 "" "" 0.0027761522103829216 0.0028706235 0.0038594343 0.0067300578 174.9901189894 -63.14343590093 2193.27344 -6.435000000000003 0.621 -0.45223527908325156 -0.051676444053649906 0.1256988 0.1266988 "" "" 4.732085516001961 "" 0.5948787257050351 ""
174.57326847889 -63.57860566329 0.0118 0.0129 9.9799 "" "" 5333570794280594688 1929.15564 0.479 0.0146 -6.141 1.385 0.015 0.017 0.876 8418.4 3.9396 14.129684 0.75002 14.420308 13.670288 "" "" 1878.95984 1979.25098 41982.94732 11.197 23297.0 23.094 26980.0 23.374 "" "" 0.002770494537870067 0.0029905546 0.0038946755 0.00688523 174.57326847889 -63.57860566329 1929.15564 -6.140999999999994 1.3850000000000002 -0.15823527908325197 0.7123235559463501 0.1246988 0.1266988 "" "" 6.672403050843313 "" 0.8447626819377266 ""
174.60749605318 -63.40040906199 0.0121 0.0138 5.7499 "" "" 5333579487293988992 2247.63159 0.4108 0.0159 -6.122 0.487 0.016 0.017 0.976 6490.7 3.7402 14.131289 1.197657 14.643754 13.446097 -45.44 8.08 2155.86768 2330.19507 41920.92621 9.5583 18963.0 37.157 33168.0 21.634 "" "" 0.002766418905609565 0.0035087124 0.0038451583 0.0073538707 174.60749605318 -63.40040906199 2247.63159 -6.122 0.487 -0.13923527908325184 -0.18567644405364991 0.1256988 0.1266988 -37.21125 8.80438 2.472552561379143 37.29330560209543 0.31238177355438107 8.785032754631127
174.3014497768 -63.25762670259 0.0129 0.012 17.4499 "" "" 5333593231189092736 2628.77368 0.3455 0.0151 -7.901 1.436 0.017 0.015 1.012 4902.4 2.865 14.135709 1.894226 15.075362 13.181136 6.29 1.99 2537.39478 2736.97217 41750.65272 9.7248 12743.0 20.113 42335.0 17.223 "" "" 0.0027669018266602767 0.0032744075 0.003805106 0.0070795137 174.3014497768 -63.25762670259 2628.77368 -7.901 1.436 -1.9182352790832518 0.76332355594635 0.1266988 0.1246988 14.518749999999997 2.714381 25.724859317698098 29.539168716770934 3.252323723450207 3.130846148933987
174.71804170001 -63.25393228303 0.026 0.0258 11.6812 "" "" 5333957410052894848 2634.73389 0.3485 0.0315 -6.065 0.734 0.035 0.033 2.016 10109.5 3.6125 14.147329 0.600289 14.364137 13.763847 "" "" 2462.97437 2831.60376 41306.19496 13.443 24534.0 20.224 24753.0 17.242 "" "" 0.0027778851198450353 0.0029302002 0.003854308 0.006784508 174.71804170001 -63.25393228303 2634.73389 -6.065000000000002 0.7340000000000002 -0.08223527908325234 0.06132355594635008 0.1446988 0.1426988 "" "" 1.281118837004174 "" 0.18446480008586857 ""
174.98592575637 -63.40358665811 0.0116 0.0112 5.6672 "" "" 5333950984781928064 2293.4397 0.4031 0.0137 -5.854 0.639 0.015 0.015 0.893 "" "" 14.149705 0.625839 14.379339 13.7535 "" "" 2223.55981 2383.51074 41215.89754 11.671 24193.0 24.388 24990.0 23.162 "" "" 0.0027724198634526886 0.0029971572 0.003911061 0.0069082184 174.98592575637 -63.40358665811 2293.4397 -5.854 0.639 0.12876472091674795 -0.03367644405364989 0.1246988 0.1246988 "" "" 1.4468702286887694 "" 0.18042298536610538 ""
174.54333368873 -63.63030099197 0.0113 0.0118 12.9974 "" "" 5333569041933943936 2045.32629 0.4524 0.0139 -7.38 1.491 0.014 0.015 0.896 9496.0 3.999 14.162643 0.549709 14.366865 13.817156 "" "" 1988.28784 2105.58545 40727.70098 10.333 24472.0 21.039 23567.0 19.686 "" "" 0.002769055510910834 0.0029421647 0.0038866776 0.006828842 174.54333368873 -63.63030099197 2045.32629 -7.379999999999996 1.4909999999999994 -1.3972352790832518 0.8183235559463502 0.1236988 0.1246988 "" "" 15.698228617758184 "" 1.945873523226943 ""
174.33431241521 -63.70443696926 0.0121 0.0125 19.8477 "" "" 5333545574230847360 2651.2146 0.3432 0.0149 -6.228 0.054 0.015 0.015 1.017 7986.2 3.0943 14.166108 1.031313 14.582215 13.550902 "" "" 2552.83887 2765.99561 40597.88232 6.4207 20069.0 18.09 30116.0 17.093 "" "" 0.0027606656399800805 0.0029568307 0.003829291 0.006786122 174.33431241521 -63.70443696926 2651.2146 -6.228 0.054000000000000034 -0.2452352790832517 -0.6186764440536499 0.1246988 0.1246988 "" "" 8.363277325575588 "" 1.04289067022443 ""
175.19757061248 -63.4709253817 0.012 0.0118 10.8585 "" "" 5333199193722483456 2114.70142 0.4331 0.0146 -7.958 1.19 0.016 0.016 0.983 9338.2 4.2091 14.170974 0.595056 14.394651 13.799596 "" "" 2056.83545 2176.54272 40416.37517 12.865 23854.0 24.963 23951.0 23.384 "" "" 0.002776910227736151 0.0030126448 0.0039252257 0.0069378708 175.19757061248 -63.4709253817 2114.70142 -7.958000000000008 1.1900000000000004 -1.9752352790832521 0.51732355594635 0.1256988 0.1256988 "" "" 20.466926073567652 "" 2.5726681465101873 ""
