Clusters/IC_2948/IC_2948_stars_in_region.tsv
# %ECSV 1.0
# ---
# datatype:
# - name: RA_ICRS_1
#   unit: deg
#   datatype: float64
#   format: '{:15.11f}'
#   description: Right ascension (ICRS) at Ep=2016.0 (ra)
#   meta: !!omap
#   - {ucd: POS_EQ_RA_MAIN}
#   - {width: 15}
#   - {precision: '11'}
# - name: DE_ICRS_1
#   unit: deg
#   datatype: float64
#   format: '{:15.11f}'
#   description: Declination (ICRS) at Ep=2016.0 (dec)
#   meta: !!omap
#   - {ucd: POS_EQ_DEC_MAIN}
#   - {width: 15}
#   - {precision: '11'}
# - name: e_RA_ICRS
#   unit: mas
#   datatype: float64
#   format: '{:7.4f}'
#   description: Standard error of right ascension (ra_error)
#   meta: !!omap
#   - {ucd: ERROR}
#   - {width: 7}
#   - {precision: '4'}
# - name: e_DE_ICRS
#   unit: mas
#   datatype: float64
#   format: '{:7.4f}'
#   description: Standard error of declination (dec_error)
#   meta: !!omap
#   - {ucd: ERROR}
#   - {width: 7}
#   - {precision: '4'}
# - name: _r_1
#   unit: ''
#   datatype: float64
#   format: '{:7.4f}'
#   description: Distance from center (174.79661692000-63.44540302000)[ICRS], at Epoch=J2016.0
#   meta: !!omap
#   - {ucd: POS_ANG_DIST_GENERAL}
#   - {width: 7}
#   - {precision: '4'}
# - name: HIP
#   datatype: int32
#   description: '? HIP cross-id number, van Leeuwen, Cat. I/311 (hip_original_ext_source_id)'
#   meta: !!omap
#   - {ucd: ID_NUMBER}
#   - {width: 6}
#   - values: {'null': -2147483648}
# - name: TYC2
#   datatype: string
#   description: Tycho-2 cross-id name, Hog et al., Cat. I/259 (tyc2_original_ext_source_id)
#   meta: !!omap
#   - {ucd: ID_CROSSID}
#   - {_votable_string_dtype: char}
# - name: Source
#   datatype: int64
#   description: Source identifier, identical to the Gaia-EDR3 source_id (id)
#   meta: !!omap
#   - {ucd: ID_MAIN}
#   - {width: 19}
# - name: rgeo
#   unit: pc
#   datatype: float64
#   format: '{:15.8f}'
#   description: '? Median of the geometric distance posterior (r_med_geo)'
#   meta: !!omap
#   - {ucd: PHYS_DISTANCE_TRUE}
#   - {width: 15}
#   - {precision: '8'}
#   - values: {'null': .nan}
# - name: Plx
#   unit: mas
#   datatype: float64
#   format: '{:9.4f}'
#   description: '? Parallax (parallax)'
#   meta: !!omap
#   - {ucd: POS_PARLX_TRIG}
#   - {width: 9}
#   - {precision: '4'}
#   - values: {'null': .nan}
# - name: e_Plx
#   unit: mas
#   datatype: float32
#   format: '{:7.4f}'
#   description: '? Standard error of parallax (parallax_error)'
#   meta: !!omap
#   - {ucd: ERROR}
#   - {width: 7}
#   - {precision: '4'}
#   - values: {'null': .nan}
# - name: pmRA
#   unit: mas / yr
#   datatype: float64
#   format: '{:9.3f}'
#   description: '? Proper motion in right ascension direction, pmRA*cosDE (pmra)'
#   meta: !!omap
#   - {ucd: POS_EQ_PMRA}
#   - {width: 9}
#   - {precision: '3'}
#   - values: {'null': .nan}
# - name: pmDE
#   unit: mas / yr
#   datatype: float64
#   format: '{:9.3f}'
#   description: '? Proper motion in declination direction (pmdec)'
#   meta: !!omap
#   - {ucd: POS_EQ_PMDEC}
#   - {width: 9}
#   - {precision: '3'}
#   - values: {'null': .nan}
# - name: e_pmRA
#   unit: mas / yr
#   datatype: float32
#   format: '{:6.3f}'
#   description: '? Standard error of proper motion in right ascension direction (pmra_error)'
#   meta: !!omap
#   - {ucd: ERROR}
#   - {width: 6}
#   - {precision: '3'}
#   - values: {'null': .nan}
# - name: e_pmDE
[...]
#         value: !astropy.table.SerializedColumn {name: SkyCoord.dec}
#       distance: !astropy.table.SerializedColumn
#         __class__: astropy.coordinates.distances.Distance
#         unit: !astropy.units.Unit {unit: pc}
#         value: !astropy.table.SerializedColumn {name: SkyCoord.distance}
#       frame: icrs
#       obstime: !astropy.time.Time {format: jyear_str, in_subfmt: '*', jd1: 367701545.0, jd2: 0.0, out_subfmt: '*', precision: 3, scale: tt}
#       pm_dec: !astropy.table.SerializedColumn
#         __class__: astropy.units.quantity.Quantity
#         unit: !astropy.units.Unit {unit: mas / yr}
#         value: !astropy.table.SerializedColumn {name: SkyCoord.pm_dec}
#       pm_ra_cosdec: !astropy.table.SerializedColumn
#         __class__: astropy.units.quantity.Quantity
#         unit: !astropy.units.Unit {unit: mas / yr}
#         value: !astropy.table.SerializedColumn {name: SkyCoord.pm_ra_cosdec}
#       ra: !astropy.table.SerializedColumn
#         __class__: astropy.coordinates.angles.Longitude
#         unit: *id001
#         value: !astropy.table.SerializedColumn {name: SkyCoord.ra}
#         wrap_angle: !astropy.coordinates.Angle
#           unit: *id001
#           value: 360.0
#       representation_type: spherical
# schema: astropy-2.0
RA_ICRS_1 DE_ICRS_1 e_RA_ICRS e_DE_ICRS _r_1 HIP TYC2 Source rgeo Plx e_Plx pmRA pmDE e_pmRA e_pmDE RUWE Teff logg Gmag BP-RP BPmag RPmag RV e_RV b_rgeo B_rgeo FG e_FG FBP e_FBP FRP e_FRP RAVE5 RAVE6 e_Gmag e_BPmag e_RPmag e_BP-RP SkyCoord.ra SkyCoord.dec SkyCoord.distance SkyCoord.pm_ra_cosdec SkyCoord.pm_dec rmRA rmDE e_rmRA e_rmDE rRV e_rRV v_pec v_pec3d e_vpec e_vpec3d
[from data line 1653]
174.21090038613 -63.54798309241 0.033 0.0333 16.847 "" "" 5333581892475536768 2149.53467 0.4508 0.041 -5.518 0.013 0.04 0.041 0.992 5435.2 4.6064 16.527388 1.090011 16.992294 15.902284 "" "" 1938.47107 2359.32642 4613.08621 2.4017 2180.2 10.897 3453.4 16.168 "" "" 0.002812705645935653 0.0061019673 0.0063342117 0.012436179 174.21090038613 -63.54798309241 2149.53467 -5.518 0.01300000000000004 0.46476472091674825 -0.6596764440536499 0.1496988 0.15069881 "" "" 8.221916744173523 "" 1.2363117534849137 ""
175.0393581942 -63.53511843818 0.0349 0.0319 8.4402 "" "" 5332824225894649088 2048.75073 0.4647 0.0406 -7.849 1.171 0.042 0.039 0.941 5492.8 4.5271 16.529465 1.266497 17.075802 15.809305 "" "" 1877.86707 2228.67578 4604.27078 2.3678 2018.8 14.717 3762.1 10.015 "" "" 0.002811324759038075 0.008392383 0.0047579026 0.013150286 175.0393581942 -63.53511843818 2048.75073 -7.848999999999993 1.171 -1.8662352790832522 0.49832355594635014 0.1516988 0.1486988 "" "" 18.758125086442575 "" 2.8418743267937137 ""
174.47328935226 -63.36360962186 0.0394 0.0417 9.9757 "" "" 5333580380647193216 2259.87695 0.4075 0.0525 -6.112 0.545 0.048 0.044 1.002 5376.2 4.2041 16.529734 1.805594 17.378222 15.572628 "" "" 2062.52368 2547.698 4603.1331 6.5812 1528.0 21.807 4678.5 31.128 "" "" 0.003162503264415451 0.015744392 0.008152777 0.02389717 174.47328935226 -63.36360962186 2259.87695 -6.111999999999999 0.5449999999999999 -0.12923527908325205 -0.12767644405364986 0.15769881 0.1536988 "" "" 1.9459875285458184 "" 0.3030601512686503 ""
175.2042123638 -63.62923634733 0.0361 0.034 15.5055 "" "" 5332821270957052416 2415.67871 0.398 0.0434 -5.139 0.575 0.044 0.042 1.053 5941.1 4.5076 16.530045 1.120496 17.001299 15.880803 "" "" 2195.0498 2655.95581 4601.81042 2.2963 2162.2 11.515 3522.4 8.794 "" "" 0.002808080589407931 0.0064201853 0.0046509467 0.0110711325 175.2042123638 -63.62923634733 2415.67871 -5.139000000000003 0.575 0.8437647209167478 -0.09767644405364995 0.1536988 0.1516988 "" "" 9.725894155744493 "" 1.494602705094387 ""
175.12795212305 -63.55533840565 0.0339 0.0318 11.054 "" "" 5332823951016740864 2714.28906 0.3428 0.0393 -14.009 3.194 0.042 0.041 0.972 5087.8 4.3479 16.532402 1.326941 17.111885 15.784944 "" "" 2440.38184 3183.5625 4591.8332 2.0413 1952.8 7.9993 3847.5 11.431 "" "" 0.002797276194072 0.005250289 0.004968818 0.010219106 175.12795212305 -63.55533840565 2714.28906 -14.008999999999999 3.193999999999999 -8.026235279083252 2.52132355594635 0.1516988 0.15069881 "" "" 108.23858959917297 "" 16.40997150156138 ""
174.90165752229 -63.14060231494 0.0382 0.0343 18.5061 "" "" 5333961395782363392 2186.45728 0.4318 0.0427 2.29 -0.651 0.047 0.044 1.004 5042.5 4.3177 16.534157 1.3849 17.1548 15.7699 "" "" 2003.3158 2382.67188 4584.41791 2.0219 1877.1 6.6828 3901.2 10.399 "" "" 0.0027966206382639375 0.004767224 0.0047602206 0.009527445 174.90165752229 -63.14060231494 2186.45728 2.29 -0.651 8.272764720916747 -1.32367644405365 0.1566988 0.1536988 "" "" 86.82789978923773 "" 13.599385587785735 ""
175.19590965445 -63.55306266231 0.0345 0.0338 12.4901 "" "" 5332823538701883264 2211.93115 0.4329 0.0408 -3.133 -1.157 0.043 0.042 1.02 6605.1 4.2523 16.534506 1.264978 17.076653 15.811675 "" "" 2066.44214 2391.04639 4582.94059 2.2931 2017.2 7.9924 3753.9 14.545 "" "" 0.002808365100203632 0.005127449 0.00565519 0.010782639 175.19590965445 -63.55306266231 2211.93115 -3.133 -1.157 2.849764720916748 -1.82967644405365 0.1526988 0.1516988 "" "" 35.50670347903738 "" 5.411490811971681 ""
174.50283037768 -63.2086247993 0.0462 0.0376 16.2617 "" "" 5333957066454498944 2082.95264 0.46 0.049 -5.364 0.886 0.055 0.046 1.053 6100.6 4.4756 16.53683 1.317351 17.10945 15.792098 "" "" 1895.7821 2460.93872 4573.14042 2.602 1957.2 6.2802 3822.2 9.1234 "" "" 0.002823723075403538 0.004463455 0.004582587 0.009046042 174.50283037768 -63.2086247993 2082.95264 -5.364 0.8859999999999995 0.6187647209167482 0.2133235559463501 0.16469881 0.1556988 "" "" 6.4620552590225655 "" 1.0582663060406057 ""
174.95015954811 -63.68975539478 0.037 0.0351 15.2239 "" "" 5333566155715607552 2651.91431 0.3442 0.0447 -6.624 3.807 0.046 0.044 1.099 6728.9 3.7709 16.536848 2.156042 17.650671 15.494629 "" "" 2406.34253 3015.65625 4573.06941 2.3513 1188.9 6.497 5027.0 8.5983 "" "" 0.0028113033426100252 0.0065565524 0.0042109895 0.010767542 174.95015954811 -63.68975539478 2651.91431 -6.624 3.8069999999999995 -0.6412352790832516 3.13432355594635 0.1556988 0.1536988 "" "" 40.21474244276597 "" 6.18420904553274 ""
174.45612540839 -63.60486290582 0.0365 0.0544 13.2093 "" "" 5333569935291189504 2100.62134 0.4599 0.0515 -9.035 1.371 0.046 0.065 1.075 "" "" 16.538366 "" "" "" "" "" 1886.18286 2334.33789 4566.67607 2.9103 "" "" "" "" "" "" 0.0028408723749775064 "" "" "" 174.45612540839 -63.60486290582 2100.62134 -9.035 1.371 -3.052235279083252 0.6983235559463501 0.1556988 0.1746988 "" "" 31.17620492073299 "" 4.885259906259854 ""
174.8433676387 -63.10793253856 0.0401 0.0408 20.2875 "" "" 5333961498861598720 2777.80566 0.3361 0.0464 -6.718 1.649 0.047 0.049 1.016 8160.7 4.3674 16.538591 1.230611 17.073341 15.842731 "" "" 2454.72021 3230.79834 4565.72831 2.3288 2023.4 8.8757 3648.1 10.631 "" "" 0.002810422502688581 0.005519739 0.004928935 0.010448674 174.8433676387 -63.10793253856 2777.80566 -6.718 1.6490000000000005 -0.7352352790832519 0.9763235559463501 0.1566988 0.1586988 "" "" 16.09249256247386 "" 2.542259084953719 ""
174.56531350364 -63.3073732495 0.0387 0.0366 10.3569 "" "" 5333955550311239808 2630.05078 0.3627 0.0458 -12.477 2.967 0.048 0.042 1.0 8019.8 4.1939 16.540491 1.35383 17.132292 15.778461 "" "" 2359.19971 2905.66748 4557.75118 2.5343 1916.5 7.7946 3870.6 10.009 "" "" 0.0028206844545345354 0.0052234405 0.0047081206 0.009931561 174.56531350364 -63.3073732495 2630.05078 -12.477 2.9670000000000014 -6.494235279083252 2.29432355594635 0.15769881 0.1516988 "" "" 85.86383765112217 "" 13.484430145152436 ""
174.52118972608 -63.69212919912 0.0349 0.0329 16.5304 "" "" 5333568457818322176 2827.24609 0.3144 0.041 -11.67 3.056 0.043 0.042 1.034 5007.8 3.5887 16.54145 2.235502 17.661436 15.425934 "" "" 2573.73584 3165.18652 4553.72285 2.3519 1177.2 11.049 5355.3 43.097 "" "" 0.00281180379079057 0.010565608 0.009519861 0.020085469 174.52118972608 -63.69212919912 2827.24609 -11.67 3.056 -5.687235279083252 2.38332355594635 0.1526988 0.1516988 "" "" 82.63725045573575 "" 12.606298853116016 ""
174.70717983706 -63.32363128648 0.0386 0.0345 7.6917 "" "" 5333955348468178560 2089.74731 0.4588 0.0444 -10.726 1.697 0.048 0.043 0.958 4935.6 4.4005 16.54164 1.181515 17.03614 15.854626 "" "" 1920.5332 2308.0752 4552.93184 2.1784 2093.9 6.0551 3608.3 11.588 "" "" 0.002803863636219268 0.0042003375 0.0051421467 0.009342484 174.70717983706 -63.32363128648 2089.74731 -10.726 1.6969999999999996 -4.743235279083253 1.0243235559463502 0.15769881 0.1526988 "" "" 48.06674358284938 "" 7.569521803199935 ""
174.5782654738 -63.26315353853 0.0418 0.0384 12.4135 "" "" 5333956104382457856 2049.01562 0.4732 0.0482 -4.223 0.936 0.054 0.047 1.118 5013.0 4.3681 16.542257 1.348861 17.139097 15.790236 "" "" 1877.69238 2266.74805 4550.34155 2.958 1904.5 6.3945 3828.8 10.137 "" "" 0.002844281230884923 0.004590673 0.004748348 0.0093390215 174.5782654738 -63.26315353853 2049.01562 -4.223 0.936 1.7597647209167482 0.26332355594635015 0.1636988 0.1566988 "" "" 17.281709107010034 "" 2.826401278687101 ""
175.54404738461 -63.38721972119 0.0381 0.0361 20.37 "" "" 5333203557409603328 1978.39233 0.4889 0.0491 -10.36 1.707 0.049 0.047 0.939 5328.2 4.6835 16.542305 1.097706 17.009752 15.912046 "" "" 1781.91199 2167.55542 4550.13795 2.4294 2145.4 8.504 3422.5 10.477 "" "" 0.0028156410426513224 0.005129001 0.0050329417 0.010161943 175.54404738461 -63.38721972119 1978.39233 -10.360000000000007 1.7069999999999999 -4.377235279083251 1.0343235559463502 0.1586988 0.1566988 "" "" 42.17827868246573 "" 6.689207694625746 ""
174.34149595729 -63.17140169794 0.0422 0.0353 20.5117 "" "" 5333969264161621632 2354.22754 0.4132 0.045 -6.994 2.054 0.053 0.045 0.938 6109.0 4.4635 16.542374 1.225824 17.064783 15.838959 "" "" 2083.82861 2663.44385 4549.85374 2.3621 2039.4 10.684 3660.8 9.5255 "" "" 0.0028123857391583362 0.0063354415 0.0047185803 0.011054022 174.34149595729 -63.17140169794 2354.22754 -6.9940000000000015 2.053999999999999 -1.0112352790832517 1.38132355594635 0.1626988 0.1546988 "" "" 19.103320861608534 "" 3.0094685847787184 ""
174.22241655929 -63.53147206701 0.0337 0.034 16.2225 "" "" 5333582300475272576 2003.61853 0.4775 0.0416 -12.334 2.07 0.042 0.042 1.02 5514.1 4.596 16.544413 1.08784 17.012466 15.924626 "" "" 1845.42664 2230.63672 4541.31646 2.1731 2140.1 6.8018 3383.0 10.275 "" "" 0.0028038750402976263 0.004437652 0.005015795 0.009453448 174.22241655929 -63.53147206701 2003.61853 -12.333999999999998 2.069999999999998 -6.351235279083252 1.39732355594635 0.1516988 0.1516988 "" "" 61.76121510727237 "" 9.369102091161587 ""
174.95447008013 -63.12119925485 0.0383 0.0353 19.9128 "" "" 5333962113021455360 2216.80786 0.445 0.043 -9.556 2.076 0.045 0.045 0.986 5535.2 4.6074 16.54446 1.067148 16.979746 15.912598 "" "" 1994.86621 2452.44019 4541.11341 2.114 2205.6 9.2727 3420.7 11.85 "" "" 0.0028012953935303802 0.005349834 0.0053320196 0.010681854 174.95447008013 -63.12119925485 2216.80786 -9.556 2.0759999999999983 -3.573235279083251 1.4033235559463502 0.1546988 0.1546988 "" "" 40.33812984880178 "" 6.240260444048662 ""
175.4071793652 -63.65711973786 0.0363 0.0341 20.6783 "" "" 5332819449890947968 2223.63452 0.4292 0.043 -6.317 1.684 0.045 0.044 1.032 5913.8 4.6476 16.544687 1.102622 17.008533 15.905911 "" "" 2038.01636 2479.05518 4540.17031 2.2547 2147.8 13.497 3441.9 9.5268 "" "" 0.0028075815270466 0.007371345 0.004828555 0.0121999 175.4071793652 -63.65711973786 2223.63452 -6.316999999999997 1.6839999999999993 -0.3342352790832521 1.01132355594635 0.1546988 0.1536988 "" "" 11.226433520152233 "" 1.7265980932181861 ""
174.49415699344 -63.66182791099 0.0343 0.0325 15.2952 "" "" 5333568560897459584 2014.0061 0.4736 0.0397 -12.547 1.149 0.042 0.043 0.944 5801.1 4.6004 16.54833 1.221382 17.07592 15.854538 "" "" 1895.13257 2183.42139 4524.95654 2.0481 2018.6 8.5378 3608.6 11.86 "" "" 0.002798801915626837 0.0053733857 0.005197789 0.010571174 174.49415699344 -63.66182791099 2014.0061 -12.547 1.149 -6.5642352790832525 0.4763235559463501 0.1516988 0.1526988 "" "" 62.829505461921435 "" 9.531490626519167 ""
174.47920736762 -63.160124478 0.0689 0.0607 19.1361 "" "" 5333958818801236224 2397.77759 0.4151 0.0775 -6.824 0.612 0.083 0.075 2.36 6051.3 4.4917 16.54974 1.324643 17.020945 15.696301 "" "" 1982.29297 3034.396 4519.09111 3.9245 2123.4 9.467 4174.8 39.448 "" "" 0.0029121841727249745 0.0055872244 0.0109332055 0.01652043 174.47920736762 -63.160124478 2397.77759 -6.824000000000001 0.612 -0.8412352790832518 -0.060676444053649914 0.1926988 0.1846988 "" "" 9.585868753788318 "" 1.8467967732034731 ""
174.90899727658 -63.26443310218 0.0384 0.0356 11.2714 "" "" 5333953905359703552 2535.76514 0.3681 0.0454 -8.106 2.578 0.05 0.046 1.006 6948.6 4.1643 16.54984 1.421295 17.182951 15.761656 "" "" 2252.88892 2835.85107 4518.669 2.3378 1829.1 8.2818 3930.9 12.495 "" "" 0.0028119958328802516 0.0056526163 0.0051180487 0.0107706655 174.90899727658 -63.26443310218 2535.76514 -8.106 2.577999999999999 -2.123235279083252 1.90532355594635 0.1596988 0.1556988 "" "" 34.289133341098136 "" 5.415181852580875 ""
175.37254084569 -63.45886730585 0.0395 0.0339 15.4655 "" "" 5333197922412276096 2562.44556 0.3742 0.0459 -6.256 1.204 0.051 0.044 1.032 9205.0 3.93 16.550398 1.469007 17.20701 15.738004 "" "" 2299.21191 2869.12866 4516.34971 2.7166 1789.0 8.4348 4017.5 8.4243 "" "" 0.0028316594293918973 0.0058300644 0.004412143 0.010242207 175.37254084569 -63.45886730585 2562.44556 -6.256 1.2040000000000002 -0.2732352790832522 0.5313235559463501 0.1606988 0.1536988 "" "" 7.256782849087743 "" 1.1261724710226293 ""
174.97278129914 -63.46676574023 0.0445 0.0369 4.8943 "" "" 5333575364125651456 2204.54468 0.4303 0.0469 -6.384 0.585 0.056 0.045 1.076 5362.7 3.8206 16.55043 1.888668 17.470608 15.58194 "" "" 2040.79993 2387.0415 4516.21137 5.0726 1403.4 14.803 4638.5 19.436 "" "" 0.0030131315351081857 0.011787287 0.00591445 0.017701738 174.97278129914 -63.46676574023 2204.54468 -6.384000000000004 0.5850000000000004 -0.4012352790832523 -0.08767644405364994 0.1656988 0.1546988 "" "" 4.2916575714277565 "" 0.7090394233486408 ""
174.92652275067 -63.19105032324 0.0419 0.0364 15.6573 "" "" 5333960085796796032 2277.26367 0.426 0.047 -7.438 1.674 0.053 0.046 1.079 6323.5 4.4316 16.550444 1.237939 17.034609 15.79667 "" "" 2039.50732 2504.49854 4516.15894 3.1816 2096.9 8.3655 3806.2 10.96 "" "" 0.0028595193141745224 0.005152374 0.0049049 0.010057274 174.92652275067 -63.19105032324 2277.26367 -7.437999999999998 1.6739999999999993 -1.4552352790832517 1.00132355594635 0.1626988 0.1556988 "" "" 19.067506877104773 "" 3.060007409602523 ""
174.3805224711 -63.57607183016 0.0411 0.0428 13.6185 "" "" 5333570210164497280 2052.73267 0.4846 0.0518 -3.891 -0.622 0.052 0.05 1.316 4782.4 4.3607 16.551746 1.309739 17.038656 15.728917 "" "" 1842.15076 2336.14917 4510.74219 3.1241 2089.1 13.518 4051.3 29.782 "" "" 0.0028560900006875875 0.0075592827 0.008831073 0.016390355 174.3805224711 -63.57607183016 2052.73267 -3.8909999999999982 -0.6220000000000001 2.091764720916748 -1.2946764440536498 0.1616988 0.1596988 "" "" 23.935816016973728 "" 3.857192814708884 ""
175.37908137713 -63.60005790349 0.0361 0.0345 18.135 "" "" 5332820064038409344 2118.66528 0.4569 0.0446 -7.591 -1.928 0.046 0.047 0.985 5548.7 4.5803 16.551964 1.162075 17.050611 15.888536 "" "" 1964.44153 2287.3667 4509.84178 2.2086 2066.2 10.285 3497.4 7.4757 "" "" 0.002806156042963491 0.00608225 0.0044350503 0.0105173 175.37908137713 -63.60005790349 2118.66528 -7.591000000000004 -1.9279999999999995 -1.6082352790832521 -2.60067644405365 0.1556988 0.1566988 "" "" 30.707543274669522 "" 4.8033602683888965 ""
174.43886148595 -63.41228006905 0.0358 0.0365 9.8051 "" "" 5333578903178406784 2286.03979 0.4353 0.0448 -6.133 0.349 0.047 0.043 0.99 7076.1 4.3156 16.553915 1.793948 17.41914 15.625192 "" "" 2062.55005 2524.97363 4501.74578 9.4455 1471.5 15.783 4457.4 30.737 "" "" 0.0035751114918951997 0.011974968 0.008386773 0.02036174 174.43886148595 -63.41228006905 2286.03979 -6.1329999999999965 0.3489999999999997 -0.15023527908325196 -0.3236764440536499 0.1566988 0.1526988 "" "" 3.866691907722773 "" 0.5932101166112502 ""
174.848913393 -63.62398204063 0.0343 0.0329 10.8056 "" "" 5333567010389709952 2331.13281 0.401 0.0406 -5.938 0.739 0.041 0.042 0.993 5846.5 4.315 16.55416 1.524442 17.249023 15.724582 "" "" 2120.63086 2545.12646 4500.72973 4.1113 1721.1 11.997 4067.5 12.779 "" "" 0.0029283853032420837 0.008066117 0.0050910986 0.013157215 174.848913393 -63.62398204063 2331.13281 -5.938 0.7390000000000003 0.044764720916748324 0.06632355594635009 0.15069881 0.1516988 "" "" 0.8841516106549685 "" 0.13384865104908528 ""
175.37492610923 -63.42100324416 0.0563 0.0532 15.5875 "" "" 5333198094197363328 2242.9126 0.4344 0.0693 -6.078 1.188 0.072 0.066 1.611 5407.3 4.6876 16.555618 1.109728 16.985563 15.875835 "" "" 1995.07288 2623.90625 4494.6882 3.6196 2193.8 11.377 3538.5 15.467 "" "" 0.0028907226345832177 0.0062840083 0.0060668383 0.012350846 175.37492610923 -63.42100324416 2242.9126 -6.078 1.1880000000000002 -0.09523527908325224 0.51532355594635 0.1816988 0.1756988 "" "" 5.5713853618916795 "" 0.9800079294110026 ""
174.04392006257 -63.47393850787 0.0348 0.0341 20.2519 "" "" 5333586359241056640 1932.70691 0.5043 0.0429 -11.893 -1.775 0.046 0.043 0.967 5439.7 4.6339 16.556667 1.080637 17.01418 15.933542 "" "" 1780.0387 2142.2312 4490.34607 2.2951 2136.7 8.4089 3355.4 7.0528 "" "" 0.00281064901784464 0.0051031844 0.0044149603 0.009518145 174.04392006257 -63.47393850787 1932.70691 -11.893 -1.775 -5.910235279083253 -2.44767644405365 0.1556988 0.1526988 "" "" 58.6033944376572 "" 9.098951548490685 ""
