Clusters/UBC_499/UBC_499_stars_in_region.tsv
# %ECSV 1.0
# ---
# datatype:
# - name: RA_ICRS_1
#   unit: deg
#   datatype: float64
#   format: '{:15.11f}'
#   description: Right ascension (ICRS) at Ep=2016.0 (ra)
#   meta: !!omap
#   - {ucd: POS_EQ_RA_MAIN}
#   - {width: 15}
#   - {precision: '11'}
# - name: DE_ICRS_1
#   unit: deg
#   datatype: float64
#   format: '{:15.11f}'
#   description: Declination (ICRS) at Ep=2016.0 (dec)
#   meta: !!omap
#   - {ucd: POS_EQ_DEC_MAIN}
#   - {width: 15}
#   - {precision: '11'}
# - name: e_RA_ICRS
#   unit: mas
#   datatype: float64
#   format: '{:7.4f}'
#   description: Standard error of right ascension (ra_error)
#   meta: !!omap
#   - {ucd: ERROR}
#   - {width: 7}
#   - {precision: '4'}
# - name: e_DE_ICRS
#   unit: mas
#   datatype: float64
#   format: '{:7.4f}'
#   description: Standard error of declination (dec_error)
#   meta: !!omap
#   - {ucd: ERROR}
#   - {width: 7}
#   - {precision: '4'}
# - name: _r_1
#   unit: ''
#   datatype: float64
#   format: '{:7.4f}'
#   description: Distance from center (158.63711361000-59.74930437000)[ICRS], at Epoch=J2016.0
#   meta: !!omap
#   - {ucd: POS_ANG_DIST_GENERAL}
#   - {width: 7}
#   - {precision: '4'}
# - name: HIP
#   datatype: int32
#   description: '? HIP cross-id number, van Leeuwen, Cat. I/311 (hip_original_ext_source_id)'
#   meta: !!omap
#   - {ucd: ID_NUMBER}
#   - {width: 6}
#   - values: {'null': -2147483648}
# - name: TYC2
#   datatype: string
#   description: Tycho-2 cross-id name, Hog et al., Cat. I/259 (tyc2_original_ext_source_id)
#   meta: !!omap
#   - {ucd: ID_CROSSID}
#   - {_votable_string_dtype: char}
# - name: Source
#   datatype: int64
#   description: Source identifier, identical to the Gaia-EDR3 source_id (id)
#   meta: !!omap
#   - {ucd: ID_MAIN}
#   - {width: 19}
# - name: rgeo
#   unit: pc
#   datatype: float64
#   format: '{:15.8f}'
#   description: '? Median of the geometric distance posterior (r_med_geo)'
#   meta: !!omap
#   - {ucd: PHYS_DISTANCE_TRUE}
#   - {width: 15}
#   - {precision: '8'}
#   - values: {'null': .nan}
# - name: Plx
#   unit: mas
#   datatype: float64
#   format: '{:9.4f}'
#   description: '? Parallax (parallax)'
#   meta: !!omap
#   - {ucd: POS_PARLX_TRIG}
#   - {width: 9}
#   - {precision: '4'}
#   - values: {'null': .nan}
# - name: e_Plx
#   unit: mas
#   datatype: float32
#   format: '{:7.4f}'
#   description: '? Standard error of parallax (parallax_error)'
#   meta: !!omap
#   - {ucd: ERROR}
#   - {width: 7}
#   - {precision: '4'}
#   - values: {'null': .nan}
# - name: pmRA
#   unit: mas / yr
#   datatype: float64
#   format: '{:9.3f}'
#   description: '? Proper motion in right ascension direction, pmRA*cosDE (pmra)'
#   meta: !!omap
#   - {ucd: POS_EQ_PMRA}
#   - {width: 9}
#   - {precision: '3'}
#   - values: {'null': .nan}
# - name: pmDE
#   unit: mas / yr
#   datatype: float64
#   format: '{:9.3f}'
#   description: '? Proper motion in declination direction (pmdec)'
#   meta: !!omap
#   - {ucd: POS_EQ_PMDEC}
#   - {width: 9}
#   - {precision: '3'}
#   - values: {'null': .nan}
# - name: e_pmRA
#   unit: mas / yr
#   datatype: float32
#   format: '{:6.3f}'
#   description: '? Standard error of proper motion in right ascension direction (pmra_error)'
#   meta: !!omap
#   - {ucd: ERROR}
#   - {width: 6}
#   - {precision: '3'}
#   - values: {'null': .nan}
# - name: e_pmDE
[...]
#         value: !astropy.table.SerializedColumn {name: SkyCoord.dec}
#       distance: !astropy.table.SerializedColumn
#         __class__: astropy.coordinates.distances.Distance
#         unit: !astropy.units.Unit {unit: pc}
#         value: !astropy.table.SerializedColumn {name: SkyCoord.distance}
#       frame: icrs
#       obstime: !astropy.time.Time {format: jyear_str, in_subfmt: '*', jd1: 367701545.0, jd2: 0.0, out_subfmt: '*', precision: 3, scale: tt}
#       pm_dec: !astropy.table.SerializedColumn
#         __class__: astropy.units.quantity.Quantity
#         unit: !astropy.units.Unit {unit: mas / yr}
#         value: !astropy.table.SerializedColumn {name: SkyCoord.pm_dec}
#       pm_ra_cosdec: !astropy.table.SerializedColumn
#         __class__: astropy.units.quantity.Quantity
#         unit: !astropy.units.Unit {unit: mas / yr}
#         value: !astropy.table.SerializedColumn {name: SkyCoord.pm_ra_cosdec}
#       ra: !astropy.table.SerializedColumn
#         __class__: astropy.coordinates.angles.Longitude
#         unit: *id001
#         value: !astropy.table.SerializedColumn {name: SkyCoord.ra}
#         wrap_angle: !astropy.coordinates.Angle
#           unit: *id001
#           value: 360.0
#       representation_type: spherical
# schema: astropy-2.0
RA_ICRS_1 DE_ICRS_1 e_RA_ICRS e_DE_ICRS _r_1 HIP TYC2 Source rgeo Plx e_Plx pmRA pmDE e_pmRA e_pmDE RUWE Teff logg Gmag BP-RP BPmag RPmag RV e_RV b_rgeo B_rgeo FG e_FG FBP e_FBP FRP e_FRP RAVE5 RAVE6 e_Gmag e_BPmag e_RPmag e_BP-RP SkyCoord.ra SkyCoord.dec SkyCoord.distance SkyCoord.pm_ra_cosdec SkyCoord.pm_dec rmRA rmDE e_rmRA e_rmDE rRV e_rRV v_pec v_pec3d e_vpec e_vpec3d
[from data line 2555]
158.887938837 -59.88048158082 0.0396 0.0409 10.918 "" "" 5254507215246292736 2310.77393 0.4234 0.0481 -6.277 0.508 0.05 0.051 1.014 4658.9 4.1375 16.646935 1.799744 17.528406 15.728663 "" "" 2089.05029 2641.6521 4132.1172 2.5819 1330.6 6.6467 4052.2 9.5209 "" "" 0.0028376093857020632 0.006099167 0.0045597544 0.010658922 158.887938837 -59.88048158082 2310.77393 -6.277 0.5080000000000001 0.26620812225341783 -2.299833433151245 0.104790494 0.105790496 "" "" 25.358424673980444 "" 2.682346616091724 ""
158.88009043047 -59.54986526447 0.0424 0.0369 14.0519 "" "" 5254544353787647744 2704.96509 0.3594 0.0458 -5.007 3.065 0.05 0.045 1.083 5704.0 4.5903 16.646969 1.136971 17.117159 15.980188 "" "" 2410.68042 3112.896 4131.98668 2.3643 1943.4 9.1196 3214.3 7.1575 "" "" 0.002824490005202427 0.0058089 0.004486526 0.0102954265 158.88009043047 -59.54986526447 2704.96509 -5.007 3.064999999999998 1.5362081222534183 0.25716656684875483 0.104790494 0.0997905 "" "" 19.970625763471507 "" 2.090072993485114 ""
158.48004898483 -60.05847050541 0.0403 0.0373 19.1424 "" "" 5254413035220239616 2415.1394 0.4107 0.046 -6.153 0.88 0.05 0.041 1.033 5005.6 4.5572 16.650019 1.142193 17.149155 16.006962 "" "" 2206.21899 2656.9668 4120.39647 2.2644 1886.9 6.4644 3136.0 9.6398 "" "" 0.0028191863065723296 0.0046498324 0.0050420607 0.009691893 158.48004898483 -60.05847050541 2415.1394 -6.153 0.8800000000000003 0.3902081222534184 -1.9278334331512452 0.104790494 0.09579049 "" "" 22.516916417498535 "" 2.16524071936115 ""
158.1273079083 -59.68253868127 0.0356 0.0348 15.937 "" "" 5254527693651274752 2056.47217 0.4797 0.0416 -3.385 -0.19 0.046 0.044 1.021 6013.1 4.453 16.651136 1.314923 17.228724 15.9138 "" "" 1890.32849 2224.80688 4116.15741 2.4025 1753.6 7.6498 3416.9 10.302 "" "" 0.0028272579043961588 0.005497096 0.004999959 0.010497055 158.1273079083 -59.68253868127 2056.47217 -3.384999999999999 -0.19000000000000078 3.158208122253418 -2.997833433151245 0.10079049 0.0987905 "" "" 42.44583172321536 "" 4.238112594527103 ""
158.91798782875 -59.60816665728 0.0407 0.0375 12.004 "" "" 5254520478105934336 2814.25903 0.3333 0.046 -5.848 2.498 0.049 0.045 1.004 9468.5 4.332 16.651491 1.080122 17.10261 16.022488 "" "" 2531.00659 3234.29736 4114.8131 2.3377 1969.6 11.608 3091.5 7.7057 "" "" 0.002823519822828459 0.0069807344 0.0046483856 0.0116291195 158.91798782875 -59.60816665728 2814.25903 -5.848 2.498 0.6952081222534181 -0.3098334331512449 0.10379049 0.0997905 "" "" 10.153092222951072 "" 1.0471735139752547 ""
159.17324576627 -59.93745786205 0.0381 0.0459 19.7127 "" "" 5254459317776125440 2581.69214 0.389 0.0504 -6.98 4.443 0.052 0.052 1.039 6123.1 4.4182 16.652233 1.354264 17.257833 15.903569 "" "" 2271.02808 2925.2832 4112.00327 2.4464 1707.2 10.507 3449.3 9.3257 "" "" 0.0028300246745843506 0.007241317 0.0047854567 0.012026774 159.17324576627 -59.93745786205 2581.69214 -6.98 4.443 -0.43679187774658246 1.6351665668487545 0.1067905 0.1067905 "" "" 20.711498262457603 "" 2.21179121168327 ""
159.01183344149 -59.53050460707 0.0383 0.0378 17.3631 "" "" 5254541643695133696 2688.02905 0.3554 0.0447 -12.986 5.835 0.048 0.045 0.977 4727.3 4.246 16.652573 1.32763 17.234264 15.906634 "" "" 2391.30591 3055.82056 4110.72125 2.3164 1744.7 12.126 3439.6 12.578 "" "" 0.002822429191804391 0.008045389 0.005481546 0.013526935 159.01183344149 -59.53050460707 2688.02905 -12.986000000000002 5.8350000000000035 -6.442791877746583 3.027166566848755 0.10279049 0.0997905 "" "" 90.69887770628937 "" 9.274367673089847 ""
159.0528235191 -59.58083842117 0.043 0.0415 16.1512 "" "" 5254540952180388352 2552.47485 0.3795 0.0483 0.676 -2.246 0.051 0.05 0.965 5437.2 4.5536 16.652782 1.286557 17.204756 15.918199 "" "" 2272.62622 2921.36743 4109.9274 2.2692 1792.7 11.282 3403.1 13.824 "" "" 0.002819777685735702 0.0073805884 0.0058082556 0.013188845 159.0528235191 -59.58083842117 2552.47485 0.6759999999999999 -2.2459999999999996 7.219208122253418 -5.053833433151246 0.105790496 0.104790494 "" "" 106.6187210172608 "" 11.244292723058555 ""
158.78872018841 -59.47177895858 0.0395 0.038 17.2756 "" "" 5254545595076172544 2138.23926 0.4387 0.046 -7.79 3.97 0.055 0.047 0.958 5284.1 4.625 16.653187 1.024731 17.087303 16.062572 "" "" 1940.06836 2368.46753 4108.39652 2.2672 1997.5 6.7338 2979.4 7.4091 "" "" 0.002819712822046947 0.004602355 0.0046447427 0.009247098 158.78872018841 -59.47177895858 2138.23926 -7.790000000000001 3.9699999999999998 -1.246791877746582 1.162166566848755 0.10979049 0.10179049 "" "" 17.274948546174805 "" 1.8336701536065914 ""
159.1299957339 -59.52790819304 0.0429 0.0434 19.9972 "" "" 5254542262170958848 2320.09448 0.4235 0.0495 -4.344 2.92 0.052 0.052 1.11 5900.8 4.4866 16.653223 1.272359 17.153679 15.88132 "" "" 2003.47998 2654.09863 4108.25341 2.7683 1879.1 10.253 3520.7 24.23 "" "" 0.0028507970909059386 0.00654832 0.008373623 0.014921943 159.1299957339 -59.52790819304 2320.09448 -4.344000000000001 2.920000000000001 2.1992081222534177 0.11216656684875481 0.1067905 0.1067905 "" "" 24.216673130820148 "" 2.5861105810989624 ""
157.95730246563 -59.69204570098 0.0381 0.0368 20.8512 "" "" 5255184823649054080 2489.53296 0.3925 0.0457 -3.718 3.3 0.046 0.044 1.036 5417.1 4.5763 16.654251 1.360979 17.269255 15.908276 "" "" 2185.63892 2692.64282 4104.36571 2.0372 1689.3 11.415 3434.4 7.1645 "" "" 0.0028075269518478586 0.007849229 0.004406103 0.0122553315 157.95730246563 -59.69204570098 2489.53296 -3.7180000000000004 3.3 2.825208122253418 0.4921665668487547 0.10079049 0.0987905 "" "" 33.840637442597746 "" 3.4088402852074715 ""
159.0794175806 -59.72673840209 0.0404 0.0393 13.4424 "" "" 5254515633382752768 2827.10352 0.3368 0.0472 -6.698 3.349 0.049 0.046 0.943 6341.4 4.3914 16.654404 1.317684 17.23389 15.916206 "" "" 2480.64185 3227.52588 4103.79446 2.247 1745.3 13.238 3409.4 15.389 "" "" 0.0028187236875077825 0.008695074 0.006188735 0.014883809 159.0794175806 -59.72673840209 2827.10352 -6.698 3.349000000000001 -0.15479187774658243 0.5411665668487551 0.10379049 0.10079049 "" "" 7.542712716105818 "" 0.761968538584139 ""
158.3400995802 -59.46193507773 0.0586 0.0564 19.4573 "" "" 5254536317928159744 2393.34766 0.4083 0.0655 -6.123 6.273 0.073 0.067 1.52 5907.3 4.4653 16.654848 1.364763 17.1616 15.796837 "" "" 2062.12012 2919.25928 4102.11533 3.5895 1865.4 15.089 3805.6 21.621 "" "" 0.0029145155246016936 0.009214958 0.0072342004 0.016449159 158.3400995802 -59.46193507773 2393.34766 -6.123000000000002 6.273 0.42020812225341775 3.4651665668487546 0.1277905 0.1217905 "" "" 39.59845666975371 "" 4.826242564826654 ""
158.89078404029 -59.60535137867 0.049 0.0466 11.5606 "" "" 5254520478106012544 2503.146 0.3877 0.0556 -6.962 1.172 0.062 0.059 1.225 5580.4 4.2287 16.656168 1.700849 17.131077 15.430228 "" "" 2175.573 2913.11157 4097.12921 5.2218 1918.6 91.743 5334.2 117.26 "" "" 0.003083280278964118 0.051992305 0.024164766 0.07615707 158.89078404029 -59.60535137867 2503.146 -6.962 1.1720000000000013 -0.4187918777465818 -1.6358334331512452 0.11679049 0.1137905 "" "" 20.03497698534916 "" 2.283532716493118 ""
158.28573293933 -59.9796441825 0.0386 0.036 17.4079 "" "" 5254425782684411776 2266.76953 0.4283 0.0448 -4.627 3.707 0.05 0.045 1.018 5390.3 4.6278 16.65647 1.084971 17.106556 16.021585 "" "" 2059.38623 2460.32227 4095.99456 2.1479 1962.4 12.155 3094.0 10.68 "" "" 0.0028135295143279643 0.0072808345 0.005322561 0.012603396 158.28573293933 -59.9796441825 2266.76953 -4.627000000000002 3.706999999999999 1.9162081222534182 0.8991665668487547 0.104790494 0.0997905 "" "" 22.742692360813894 "" 2.3631025242799817 ""
158.72575662329 -59.92596711255 0.0397 0.0407 10.9314 "" "" 5254506115734556288 2261.55029 0.4156 0.0465 1.445 0.612 0.051 0.052 0.998 5649.2 4.5003 16.657177 1.438978 17.310612 15.871634 "" "" 2047.49438 2534.6521 4093.32527 2.483 1626.2 10.878 3552.3 9.5854 "" "" 0.0028329400775046138 0.0077802427 0.0047819386 0.012562182 158.72575662329 -59.92596711255 2261.55029 1.4450000000000005 0.6120000000000003 7.988208122253418 -2.195833433151245 0.105790496 0.1067905 "" "" 88.80789335790371 "" 9.401297506604347 ""
158.94158920165 -59.99367593899 0.0403 0.0437 17.2935 "" "" 5254458149544938880 2436.1438 0.3867 0.0474 -6.288 6.013 0.052 0.056 1.025 5470.7 4.6176 16.65796 1.154895 17.150871 15.995976 "" "" 2179.38672 2825.49292 4090.36902 2.4938 1883.9 9.0728 3167.9 8.9498 "" "" 0.0028337190444927794 0.0059267296 0.0048674927 0.010794222 158.94158920165 -59.99367593899 2436.1438 -6.287999999999999 6.012999999999996 0.2552081222534177 3.205166566848755 0.1067905 0.11079049 "" "" 37.12822854791608 "" 4.112535827009849 ""
158.55516633188 -59.80000343608 0.0441 0.0406 3.9217 "" "" 5254510960438739456 2681.09644 0.3628 0.0486 -5.073 2.913 0.061 0.052 1.208 6346.6 4.4024 16.658 1.293255 17.137558 15.844303 "" "" 2391.70386 3079.87817 4090.22075 3.606 1907.2 14.708 3642.8 20.428 "" "" 0.0029168516698211615 0.008825666 0.007166194 0.01599186 158.55516633188 -59.80000343608 2681.09644 -5.073 2.9129999999999994 1.4702081222534176 0.1051665668487547 0.115790494 0.1067905 "" "" 18.731728725144936 "" 2.1681310896256805 ""
158.05874407503 -59.57224856679 0.0383 0.0351 20.4965 "" "" 5255279342956066176 2561.36133 0.3797 0.0435 -7.823 2.802 0.048 0.044 1.048 5826.7 4.5468 16.658106 1.001432 17.06845 16.067019 "" "" 2260.16528 2843.1499 4089.82339 2.2495 2032.5 11.147 2967.2 8.501 "" "" 0.0028192932031691187 0.006575878 0.0048948657 0.011470743 158.05874407503 -59.57224856679 2561.36133 -7.823000000000001 2.8020000000000005 -1.2797918777465824 -0.005833433151245071 0.10279049 0.0987905 "" "" 15.537926088118411 "" 1.597149766827893 ""
158.73789923514 -59.60813611343 0.0429 0.0409 9.0035 "" "" 5254521062221368832 2660.13159 0.355 0.0475 -6.192 3.064 0.054 0.048 1.032 4791.6 3.5003 16.658512 2.459141 17.980625 15.521484 "" "" 2350.22192 3009.73608 4088.29492 2.6847 877.34 8.3885 4904.2 9.0948 "" "" 0.002846072925273728 0.010749464 0.0042822734 0.015031737 158.73789923514 -59.60813611343 2660.13159 -6.191999999999999 3.064 0.3512081222534178 0.25616656684875494 0.108790495 0.10279049 "" "" 5.481205925673646 "" 0.5850921946497146 ""
158.99244980848 -59.58053374681 0.0397 0.0389 14.7813 "" "" 5254541093950389632 2056.67944 0.4655 0.0458 -8.806 4.93 0.048 0.046 1.069 6092.6 4.4665 16.65883 1.231427 17.17101 15.939582 "" "" 1886.99316 2286.39502 4087.09311 2.5402 1849.3 10.3 3336.8 9.5531 "" "" 0.0028367498873389445 0.0066598533 0.0048934594 0.011553313 158.99244980848 -59.58053374681 2056.67944 -8.806 4.93 -2.262791877746581 2.1221665668487546 0.10279049 0.10079049 "" "" 30.242566851459063 "" 3.0804913475541893 ""
158.52473173329 -59.49893176822 0.0381 0.0378 15.4044 "" "" 5254534290721738752 2102.8584 0.4678 0.0439 -1.081 0.809 0.048 0.047 1.075 5267.6 4.5729 16.659834 1.128494 17.148151 16.019657 "" "" 1933.34875 2367.92188 4083.31889 2.1921 1888.7 7.9752 3099.5 8.6185 "" "" 0.0028162965641074034 0.0053669126 0.0048371623 0.010204075 158.52473173329 -59.49893176822 2102.8584 -1.081 0.8090000000000003 5.4622081222534185 -1.998833433151245 0.10279049 0.10179049 "" "" 57.975716803793816 "" 5.952534977684704 ""
157.9249392286 -59.78167356873 0.0403 0.0414 21.6039 "" "" 5255182452826964224 2833.34033 0.3432 0.0487 -6.53 2.052 0.055 0.053 1.034 5865.2 4.5458 16.66068 1.238543 17.130735 15.892193 "" "" 2495.93848 3290.23267 4080.13372 2.393 1919.2 8.557 3485.6 19.566 "" "" 0.0028279469721311035 0.005587424 0.007171366 0.01275879 157.9249392286 -59.78167356873 2833.34033 -6.530000000000001 2.0520000000000005 0.01320812225341772 -0.7558334331512451 0.10979049 0.10779049 "" "" 10.152417853645478 "" 1.0943403763806814 ""
158.60973941516 -59.68528094321 0.0416 0.0361 3.9297 "" "" 5254513258226391936 2361.63159 0.3977 0.0438 -6.502 2.874 0.052 0.045 0.974 5647.3 4.5721 16.660755 1.242194 17.194159 15.951964 "" "" 2124.18774 2683.76074 4079.8526 3.8684 1810.3 8.7282 3298.9 14.399 "" "" 0.002941357806240156 0.0059319446 0.0060615125 0.011993457 158.60973941516 -59.68528094321 2361.63159 -6.502000000000001 2.8740000000000006 0.04120812225341819 0.06616656684875499 0.1067905 0.0997905 "" "" 0.872577081599745 "" 0.08882423026111178 ""
158.74571550997 -59.39858116539 0.0376 0.0383 21.3006 "" "" 5254558033301613696 2029.55933 0.4764 0.0446 -11.522 6.759 0.052 0.051 1.054 5668.7 4.6744 16.662294 1.135227 17.142 16.006773 "" "" 1831.21777 2219.58398 4074.0756 2.2967 1899.4 10.316 3136.5 7.2797 "" "" 0.002822484064153992 0.0065236297 0.0045424546 0.011066085 158.74571550997 -59.39858116539 2029.55933 -11.522 6.759 -4.978791877746582 3.9511665668487552 0.1067905 0.105790496 "" "" 61.1464484267226 "" 6.5062990619347065 ""
159.06034629785 -60.02140737363 0.0437 0.0485 20.7092 "" "" 5254457183135182848 2737.01465 0.3521 0.0543 -1.233 -2.739 0.057 0.056 1.099 5457.6 4.6285 16.663406 1.210384 17.181377 15.970993 "" "" 2402.67969 3232.69604 4069.90334 2.41 1831.7 8.3632 3241.6 10.214 "" "" 0.002829334925218699 0.005688546 0.005097782 0.010786328 159.06034629785 -60.02140737363 2737.01465 -1.2330000000000003 -2.7390000000000003 5.310208122253417 -5.546833433151245 0.11179049 0.11079049 "" "" 99.6219613318964 "" 11.084918607430822 ""
158.2459879763 -59.86920226304 0.0375 0.0375 13.8211 "" "" 5254428943780460160 2081.63916 0.4601 0.0433 -5.056 4.315 0.048 0.044 0.953 5841.5 4.5825 16.663557 1.116337 17.135971 16.019634 "" "" 1920.92615 2242.11523 4069.33985 2.0754 1910.0 7.937 3099.6 7.839 "" "" 0.0028104113805905665 0.005304823 0.0046715634 0.009976387 158.2459879763 -59.86920226304 2081.63916 -5.056 4.315 1.487208122253418 1.5071665668487553 0.10279049 0.0987905 "" "" 20.892219647889455 "" 2.105594696149226 ""
159.19230558539 -59.95278755601 0.0421 0.0443 20.7116 "" "" 5254459107280710784 2828.79883 0.3502 0.0513 -2.635 1.235 0.054 0.051 1.012 5560.7 4.6076 16.66378 1.165326 17.164001 15.998675 "" "" 2464.24072 3326.90186 4068.50512 2.4687 1861.3 10.299 3160.0 17.06 "" "" 0.002832986961640021 0.006623944 0.006974388 0.013598332 159.19230558539 -59.95278755601 2828.79883 -2.635 1.2349999999999999 3.908208122253418 -1.572833433151245 0.108790495 0.105790496 "" "" 56.487693199571616 "" 6.121984698315971 ""
158.6902212101 -59.98806680541 0.0473 0.0457 14.4148 "" "" 5254412073147691776 2607.47339 0.3956 0.053 -6.716 2.519 0.06 0.056 1.184 5377.9 4.5834 16.664028 1.026457 17.083725 16.057268 "" "" 2298.45972 2990.79541 4067.57389 2.6951 2004.1 10.941 2994.0 8.324 "" "" 0.002847684987406264 0.00655124 0.004836903 0.0113881435 158.6902212101 -59.98806680541 2607.47339 -6.716 2.519 -0.17279187774658222 -0.288833433151245 0.11479049 0.11079049 "" "" 4.15985572853906 "" 0.46531576682604653 ""
159.11174727028 -59.89351949992 0.0849 0.0919 16.7276 "" "" 5254466017925673472 2350.82642 0.4406 0.1042 -6.441 -2.974 0.113 0.109 2.515 "" "" 16.66408 1.222696 17.088434 15.865738 "" "" 1891.32434 3073.18628 4067.38073 9.127 1995.5 14.894 3571.6 27.485 "" "" 0.0036779792474880006 0.008570599 0.009170235 0.017740835 159.11174727028 -59.89351949992 2350.82642 -6.4410000000000025 -2.974 0.10220812225341813 -5.781833433151245 0.16779049 0.1637905 "" "" 64.43655700084955 "" 10.554177017295409 ""
158.1782948221 -59.58764681883 0.0381 0.0365 16.9514 "" "" 5254530098833085056 2079.6958 0.4639 0.0442 -7.394 3.231 0.048 0.048 0.95 5302.6 4.5351 16.6649 1.194142 17.145773 15.951631 "" "" 1901.81409 2323.80713 4064.30912 6.7952 1892.8 16.686 3299.9 24.543 "" "" 0.0032995413324348297 0.009969714 0.008915826 0.01888554 158.1782948221 -59.58764681883 2079.6958 -7.394000000000002 3.2310000000000008 -0.8507918777465822 0.42316656684875475 0.10279049 0.10279049 "" "" 9.36703222429332 "" 0.9628418302402739 ""
