Clusters/UBC_499/UBC_499_stars_in_region.tsv
# %ECSV 1.0
# ---
# datatype:
# - name: RA_ICRS_1
#   unit: deg
#   datatype: float64
#   format: '{:15.11f}'
#   description: Right ascension (ICRS) at Ep=2016.0 (ra)
#   meta: !!omap
#   - {ucd: POS_EQ_RA_MAIN}
#   - {width: 15}
#   - {precision: '11'}
# - name: DE_ICRS_1
#   unit: deg
#   datatype: float64
#   format: '{:15.11f}'
#   description: Declination (ICRS) at Ep=2016.0 (dec)
#   meta: !!omap
#   - {ucd: POS_EQ_DEC_MAIN}
#   - {width: 15}
#   - {precision: '11'}
# - name: e_RA_ICRS
#   unit: mas
#   datatype: float64
#   format: '{:7.4f}'
#   description: Standard error of right ascension (ra_error)
#   meta: !!omap
#   - {ucd: ERROR}
#   - {width: 7}
#   - {precision: '4'}
# - name: e_DE_ICRS
#   unit: mas
#   datatype: float64
#   format: '{:7.4f}'
#   description: Standard error of declination (dec_error)
#   meta: !!omap
#   - {ucd: ERROR}
#   - {width: 7}
#   - {precision: '4'}
# - name: _r_1
#   unit: ''
#   datatype: float64
#   format: '{:7.4f}'
#   description: Distance from center (158.63711361000-59.74930437000)[ICRS], at Epoch=J2016.0
#   meta: !!omap
#   - {ucd: POS_ANG_DIST_GENERAL}
#   - {width: 7}
#   - {precision: '4'}
# - name: HIP
#   datatype: int32
#   description: '? HIP cross-id number, van Leeuwen, Cat. I/311 (hip_original_ext_source_id)'
#   meta: !!omap
#   - {ucd: ID_NUMBER}
#   - {width: 6}
#   - values: {'null': -2147483648}
# - name: TYC2
#   datatype: string
#   description: Tycho-2 cross-id name, Hog et al., Cat. I/259 (tyc2_original_ext_source_id)
#   meta: !!omap
#   - {ucd: ID_CROSSID}
#   - {_votable_string_dtype: char}
# - name: Source
#   datatype: int64
#   description: Source identifier, identical to the Gaia-EDR3 source_id (id)
#   meta: !!omap
#   - {ucd: ID_MAIN}
#   - {width: 19}
# - name: rgeo
#   unit: pc
#   datatype: float64
#   format: '{:15.8f}'
#   description: '? Median of the geometric distance posterior (r_med_geo)'
#   meta: !!omap
#   - {ucd: PHYS_DISTANCE_TRUE}
#   - {width: 15}
#   - {precision: '8'}
#   - values: {'null': .nan}
# - name: Plx
#   unit: mas
#   datatype: float64
#   format: '{:9.4f}'
#   description: '? Parallax (parallax)'
#   meta: !!omap
#   - {ucd: POS_PARLX_TRIG}
#   - {width: 9}
#   - {precision: '4'}
#   - values: {'null': .nan}
# - name: e_Plx
#   unit: mas
#   datatype: float32
#   format: '{:7.4f}'
#   description: '? Standard error of parallax (parallax_error)'
#   meta: !!omap
#   - {ucd: ERROR}
#   - {width: 7}
#   - {precision: '4'}
#   - values: {'null': .nan}
# - name: pmRA
#   unit: mas / yr
#   datatype: float64
#   format: '{:9.3f}'
#   description: '? Proper motion in right ascension direction, pmRA*cosDE (pmra)'
#   meta: !!omap
#   - {ucd: POS_EQ_PMRA}
#   - {width: 9}
#   - {precision: '3'}
#   - values: {'null': .nan}
# - name: pmDE
#   unit: mas / yr
#   datatype: float64
#   format: '{:9.3f}'
#   description: '? Proper motion in declination direction (pmdec)'
#   meta: !!omap
#   - {ucd: POS_EQ_PMDEC}
#   - {width: 9}
#   - {precision: '3'}
#   - values: {'null': .nan}
# - name: e_pmRA
#   unit: mas / yr
#   datatype: float32
#   format: '{:6.3f}'
#   description: '? Standard error of proper motion in right ascension direction (pmra_error)'
#   meta: !!omap
#   - {ucd: ERROR}
#   - {width: 6}
#   - {precision: '3'}
#   - values: {'null': .nan}
# - name: e_pmDE
[...]
#         value: !astropy.table.SerializedColumn {name: SkyCoord.dec}
#       distance: !astropy.table.SerializedColumn
#         __class__: astropy.coordinates.distances.Distance
#         unit: !astropy.units.Unit {unit: pc}
#         value: !astropy.table.SerializedColumn {name: SkyCoord.distance}
#       frame: icrs
#       obstime: !astropy.time.Time {format: jyear_str, in_subfmt: '*', jd1: 367701545.0, jd2: 0.0, out_subfmt: '*', precision: 3, scale: tt}
#       pm_dec: !astropy.table.SerializedColumn
#         __class__: astropy.units.quantity.Quantity
#         unit: !astropy.units.Unit {unit: mas / yr}
#         value: !astropy.table.SerializedColumn {name: SkyCoord.pm_dec}
#       pm_ra_cosdec: !astropy.table.SerializedColumn
#         __class__: astropy.units.quantity.Quantity
#         unit: !astropy.units.Unit {unit: mas / yr}
#         value: !astropy.table.SerializedColumn {name: SkyCoord.pm_ra_cosdec}
#       ra: !astropy.table.SerializedColumn
#         __class__: astropy.coordinates.angles.Longitude
#         unit: *id001
#         value: !astropy.table.SerializedColumn {name: SkyCoord.ra}
#         wrap_angle: !astropy.coordinates.Angle
#           unit: *id001
#           value: 360.0
#       representation_type: spherical
# schema: astropy-2.0
RA_ICRS_1 DE_ICRS_1 e_RA_ICRS e_DE_ICRS _r_1 HIP TYC2 Source rgeo Plx e_Plx pmRA pmDE e_pmRA e_pmDE RUWE Teff logg Gmag BP-RP BPmag RPmag RV e_RV b_rgeo B_rgeo FG e_FG FBP e_FBP FRP e_FRP RAVE5 RAVE6 e_Gmag e_BPmag e_RPmag e_BP-RP SkyCoord.ra SkyCoord.dec SkyCoord.distance SkyCoord.pm_ra_cosdec SkyCoord.pm_dec rmRA rmDE e_rmRA e_rmDE rRV e_rRV v_pec v_pec3d e_vpec e_vpec3d
[from data line 1223]
159.12027635625 -59.88738486672 0.0216 0.0254 16.7645 "" "" 5254466052285420544 2134.11157 0.4342 0.0272 -3.644 2.66 0.03 0.031 0.949 6040.3 4.1692 15.590347 1.032641 16.020979 14.988338 "" "" 2018.41785 2277.48389 10934.72578 3.4439 5333.7 11.077 8013.5 10.317 "" "" 0.002776458454955494 0.0035873947 0.0040295986 0.007616993 159.12027635625 -59.88738486672 2134.11157 -3.6440000000000037 2.6600000000000006 2.899208122253418 -0.14783343315124498 0.08479049 0.08579049 "" "" 29.36558939281241 "" 2.48999933332316 ""
158.37387504021 -59.44508334354 0.0353 0.0349 19.9266 "" "" 5254537829774763904 2455.13745 0.3722 0.0395 -9.399 2.393 0.046 0.044 1.599 5805.2 4.1835 15.594236 1.109009 16.055162 14.946154 "" "" 2258.88501 2703.58594 10895.62894 4.19 5168.3 9.5231 8331.0 15.302 "" "" 0.0027867758000098292 0.003433271 0.004273252 0.007706523 158.37387504021 -59.44508334354 2455.13745 -9.399 2.393 -2.855791877746581 -0.4148334331512453 0.10079049 0.0987905 "" "" 33.582650379351755 "" 3.383437447722202 ""
158.37069719229 -59.89201646551 0.022 0.0215 11.7428 "" "" 5254427981707933184 2640.78052 0.345 0.0243 -8.188 3.877 0.031 0.027 1.032 9973.9 4.3665 15.594311 0.863731 15.935479 15.071748 "" "" 2500.58203 2833.18774 10894.87565 3.6394 5770.7 11.684 7420.9 12.748 "" "" 0.0027790881883528957 0.0035521232 0.0042145518 0.007766675 158.37069719229 -59.89201646551 2640.78052 -8.187999999999995 3.8770000000000002 -1.6447918777465826 1.0691665668487547 0.08579049 0.08179049 "" "" 24.5557947715079 "" 2.0779630292229094 ""
158.70947566829 -60.05540800089 0.023 0.0242 18.4948 "" "" 5254411248514183296 2715.07983 0.3303 0.0271 -7.248 2.811 0.031 0.029 0.972 6947.6 4.305 15.595066 0.756353 15.885169 15.128816 "" "" 2549.80786 2979.17578 10887.30113 3.5849 6044.3 14.099 7041.0 9.645 "" "" 0.0027784165698254894 0.0037681707 0.0040614926 0.007829663 158.70947566829 -60.05540800089 2715.07983 -7.248 2.811 -0.7047918777465823 0.003166566848754826 0.08579049 0.083790496 "" "" 9.07039539029322 "" 0.7781533266396531 ""
158.27166934367 -59.55992827535 0.0278 0.0266 15.8688 "" "" 5254529716539589376 2697.31104 0.3414 0.032 -6.383 2.804 0.036 0.034 1.303 5682.6 4.1822 15.595254 1.050038 15.919764 14.869726 "" "" 2481.00366 2995.44604 10885.42194 6.3287 5854.8 54.147 8938.6 91.721 "" "" 0.002826703301075639 0.010421671 0.011764577 0.022186248 158.27166934367 -59.55992827535 2697.31104 -6.383000000000002 2.8039999999999985 0.16020812225341796 -0.0038334331512452913 0.090790495 0.08879049 "" "" 2.048887873275004 "" 0.18601722578511215 ""
158.62292346795 -59.47285505487 0.0227 0.0229 16.5925 "" "" 5254534015843954688 2204.53833 0.4266 0.0265 -8.314 6.866 0.03 0.026 1.019 5536.2 4.2334 15.596898 1.066752 16.027138 14.960386 "" "" 2092.7854 2331.96899 10868.9454 3.3097 5303.5 20.281 8222.5 35.77 "" "" 0.0027750850766381 0.005002365 0.006049187 0.011051552 158.62292346795 -59.47285505487 2204.53833 -8.313999999999998 6.865999999999998 -1.770791877746582 4.0581665668487545 0.08479049 0.08079049 "" "" 46.26717599518924 "" 3.7681600429885123 ""
158.17974604759 -59.50001556954 0.0233 0.0226 20.4028 "" "" 5254530854747464064 1932.6488 0.4855 0.0277 -9.122 4.106 0.031 0.032 0.998 6394.1 4.3313 15.598447 0.925115 15.972907 15.047792 "" "" 1842.24561 2013.63086 10853.45338 3.7935 5575.1 9.7198 7586.5 12.158 "" "" 0.0027813305235687247 0.0033716671 0.0041606813 0.0075323484 158.17974604759 -59.50001556954 1932.6488 -9.122 4.106 -2.578791877746582 1.2981665668487548 0.08579049 0.086790495 "" "" 26.448108002163757 "" 2.274368258885924 ""
158.03403719378 -59.90846178499 0.0249 0.0264 20.5405 "" "" 5254430077640683904 2391.94702 0.3841 0.0298 -6.878 4.315 0.032 0.032 1.057 "" "" 15.598606 0.999415 15.814432 14.815017 "" "" 2226.1958 2554.73413 10851.86024 5.5849 6451.3 292.7 9400.5 551.42 "" "" 0.002811408332041742 0.04933957 0.06379978 0.11313935 158.03403719378 -59.90846178499 2391.94702 -6.878000000000004 4.315000000000003 -0.33479187774658214 1.5071665668487553 0.086790495 0.086790495 "" "" 17.504508704408 "" 1.5192249685496697 ""
158.46799563153 -59.80414449093 0.0225 0.0232 6.0758 "" "" 5254522711489248384 2319.60791 0.3955 0.0262 -6.025 1.69 0.03 0.029 0.969 9110.3 4.2429 15.598789 0.942965 15.980812 15.037847 "" "" 2211.91797 2467.43286 10850.03177 3.7334 5534.7 14.188 7656.3 12.877 "" "" 0.002780532420362702 0.0039410023 0.004197416 0.008138418 158.46799563153 -59.80414449093 2319.60791 -6.025 1.6899999999999997 0.5182081222534176 -1.1178334331512452 0.08479049 0.083790496 "" "" 13.546960364458615 "" 1.1375146222983286 ""
158.07949775843 -59.5652074562 0.0218 0.0215 20.1908 "" "" 5255280824746470144 2130.97095 0.4386 0.0257 -5.573 5.458 0.029 0.026 0.957 4869.8 3.5961 15.599092 1.410652 16.24237 14.831718 "" "" 2011.58362 2241.5542 10847.01448 3.3302 4349.8 8.5474 9257.0 9.6162 "" "" 0.002775410494155079 0.0035123776 0.0039440854 0.007456463 158.07949775843 -59.5652074562 2130.97095 -5.573000000000002 5.458000000000002 0.9702081222534176 2.650166566848755 0.083790496 0.08079049 "" "" 28.506258407042804 "" 2.313306356667268 ""
159.21660964284 -59.55811258316 0.0229 0.024 20.9803 "" "" 5254541918584447488 2527.3291 0.3693 0.0272 -5.518 3.189 0.028 0.028 0.974 7972.9 4.3003 15.600442 1.096081 16.060843 14.964762 "" "" 2363.22827 2687.52441 10833.52991 4.1799 5141.4 7.8973 8189.4 11.016 "" "" 0.0027869830590203856 0.0032505873 0.004051757 0.0073023443 159.21660964284 -59.55811258316 2527.3291 -5.518000000000002 3.189000000000002 1.0252081222534182 0.38116656684875494 0.082790494 0.082790494 "" "" 13.102898811302754 "" 1.0847954649631175 ""
158.6792234168 -59.61624146422 0.0244 0.0227 8.085 "" "" 5254519756551260672 2496.42188 0.3624 0.0266 -6.324 4.727 0.031 0.027 0.999 7446.8 4.1656 15.600596 1.280069 16.156876 14.876806 "" "" 2347.18604 2668.43433 10831.99122 3.4509 4706.2 13.905 8880.5 13.36 "" "" 0.0027769470680984914 0.0042515723 0.004117248 0.00836882 158.6792234168 -59.61624146422 2496.42188 -6.323999999999999 4.727 0.21920812225341813 1.9191665668487552 0.08579049 0.08179049 "" "" 22.85723231806292 "" 1.8707101282638245 ""
158.47187826333 -60.06407046814 0.0226 0.0231 19.5292 "" "" 5254412657263112448 2321.43652 0.4033 0.0273 -7.61 3.0 0.03 0.025 1.039 6126.8 4.2316 15.601547 1.035116 16.030907 14.995791 "" "" 2192.18188 2468.6665 10822.50737 3.8292 5285.1 11.098 7958.7 13.074 "" "" 0.0027819710780129826 0.003603192 0.0041790977 0.0077822898 158.47187826333 -60.06407046814 2321.43652 -7.610000000000001 3.0000000000000004 -1.0667918777465824 0.19216656684875488 0.08479049 0.079790495 "" "" 11.927490490157288 "" 1.009517062729058 ""
158.5289915049 -59.50057415106 0.022 0.0223 15.2801 "" "" 5254534290721739264 2716.56421 0.3287 0.0255 -8.221 3.833 0.028 0.027 0.989 7427.5 4.2117 15.601713 0.831775 15.930295 15.09852 "" "" 2530.95703 2912.56128 10820.85681 3.169 5798.3 12.305 7240.2 11.974 "" "" 0.0027736066281551126 0.0036185663 0.004184251 0.0078028175 158.5289915049 -59.50057415106 2716.56421 -8.221000000000002 3.8330000000000006 -1.6777918777465821 1.025166566848755 0.082790494 0.08179049 "" "" 25.317834074458496 "" 2.0892236399615 ""
159.09559377569 -59.47921136194 0.0217 0.0229 21.3595 "" "" 5254543224254562816 2514.13818 0.3678 0.0253 -7.566 2.85 0.028 0.027 0.977 9289.2 3.7358 15.602716 1.026731 16.018227 14.991495 "" "" 2377.5625 2665.35425 10810.85383 3.322 5347.2 9.3004 7990.2 12.148 "" "" 0.002775445511935361 0.003369153 0.004124146 0.007493299 159.09559377569 -59.47921136194 2514.13818 -7.565999999999999 2.850000000000001 -1.0227918777465819 0.04216656684875497 0.082790494 0.08179049 "" "" 12.198979981459443 "" 1.0099390043609364 ""
158.31104369257 -59.99161431406 0.0245 0.0219 17.5445 "" "" 5254425576525980544 2125.0061 0.4412 0.0273 -7.148 6.425 0.033 0.026 1.065 5759.6 3.7521 15.603373 1.09249 16.063574 14.971084 "" "" 2012.97021 2231.15381 10804.32262 3.2459 5128.5 9.2769 8141.9 8.2112 "" "" 0.0027745603305740054 0.0034120758 0.0039348067 0.0073468825 158.31104369257 -59.99161431406 2125.0061 -7.1480000000000015 6.4250000000000025 -0.6047918777465817 3.6171665668487547 0.08779049 0.08079049 "" "" 36.939778898633485 "" 2.991710710704795 ""
158.07401729428 -59.59257080223 0.0231 0.0207 19.4807 "" "" 5255279312917937280 2862.83862 0.3165 0.0268 -8.367 3.928 0.03 0.026 1.003 7478.7 4.3411 15.603654 0.800405 15.917348 15.116943 "" "" 2655.53296 3098.72656 10801.53056 3.4563 5867.8 12.102 7118.4 12.225 "" "" 0.0027771365887267548 0.003577621 0.004214326 0.0077919466 158.07401729428 -59.59257080223 2862.83862 -8.367 3.928 -1.823791877746583 1.1201665668487548 0.08479049 0.08079049 "" "" 29.043896367941965 "" 2.4313767786345393 ""
158.08928497499 -59.97374105011 0.0229 0.023 21.3003 "" "" 5254423824179015936 2380.33838 0.3838 0.0269 -7.21 2.624 0.031 0.027 1.046 5558.1 4.1959 15.604084 0.969103 15.966306 14.997203 "" "" 2254.63696 2549.01587 10797.2497 3.7354 5609.1 22.49 7948.3 40.274 "" "" 0.002780805549228018 0.0051707295 0.00667453 0.011845259 158.08928497499 -59.97374105011 2380.33838 -7.209999999999996 2.6239999999999997 -0.666791877746582 -0.183833433151245 0.08579049 0.08179049 "" "" 7.803966796771906 "" 0.6673489898886282 ""
158.29498542977 -59.88772691335 0.0215 0.0223 13.247 "" "" 5254428668902558720 2011.91882 0.4627 0.0248 -8.225 3.381 0.028 0.025 0.993 5814.2 4.1971 15.60481 1.030871 16.03179 15.000918 "" "" 1928.82056 2124.22119 10790.0315 3.3489 5280.8 10.842 7921.2 8.8321 "" "" 0.0027758502733205995 0.0035712793 0.003968533 0.0075398125 158.29498542977 -59.88772691335 2011.91882 -8.225000000000003 3.3810000000000002 -1.6817918777465817 0.5731665668487547 0.082790494 0.079790495 "" "" 16.94424500359838 "" 1.3976188168378578 ""
159.06819212234 -59.75255452202 0.0231 0.0241 13.031 "" "" 5254515495943760896 2440.98071 0.3813 0.0275 -5.972 3.774 0.03 0.029 1.012 7171.4 4.2785 15.60573 1.117041 16.077082 14.960041 "" "" 2285.42651 2706.62061 10780.89049 3.586 5065.1 9.9028 8225.1 10.541 "" "" 0.00277888720829868 0.003505855 0.0040273857 0.007533241 159.06819212234 -59.75255452202 2440.98071 -5.972000000000001 3.7740000000000005 0.5712081222534175 0.9661665668487549 0.08479049 0.083790496 "" "" 12.986317070358341 "" 1.0915082308685495 ""
158.59475200358 -60.01805005648 0.0245 0.0228 16.1751 "" "" 5254414443969577984 2368.35156 0.3953 0.0273 -6.614 4.619 0.032 0.028 0.995 6371.7 4.2504 15.606113 0.882725 15.936373 15.053648 "" "" 2207.03687 2536.89771 10777.09529 3.6154 5765.9 28.101 7545.7 30.249 "" "" 0.002779290354799253 0.00598206 0.005764349 0.011746408 158.59475200358 -60.01805005648 2368.35156 -6.614000000000001 4.619 -0.07079187774658191 1.8111665668487547 0.086790495 0.082790494 "" "" 20.34765643765681 "" 1.684719676187212 ""
159.25267249576 -59.68904596006 0.0239 0.0245 18.9709 "" "" 5254492543636892672 2280.03174 0.3968 0.0288 -6.254 3.027 0.031 0.029 1.016 9014.8 3.5859 15.606289 0.841107 15.932899 15.091792 "" "" 2130.29199 2442.78101 10775.34377 4.1414 5784.4 11.752 7285.2 9.6032 "" "" 0.0027867404324036556 0.0035568052 0.0040412927 0.007598098 159.25267249576 -59.68904596006 2280.03174 -6.254 3.0270000000000015 0.2892081222534184 0.21916656684875502 0.08579049 0.083790496 "" "" 3.921673459091702 "" 0.3336024853353779 ""
159.02059894419 -59.96264411659 0.024 0.0243 17.244 "" "" 5254459730092938240 2172.90234 0.4366 0.0287 -8.166 4.63 0.033 0.03 1.017 6414.2 4.3197 15.606671 0.933841 15.969167 15.035326 "" "" 2044.81445 2313.67554 10771.54701 3.9933 5594.4 10.908 7674.1 15.26 "" "" 0.0027845654591555757 0.0035023757 0.0043525835 0.007854959 159.02059894419 -59.96264411659 2172.90234 -8.166 4.63 -1.6227918777465824 1.8221665668487548 0.08779049 0.08479049 "" "" 25.13122422726345 "" 2.164560768413236 ""
159.11633250282 -59.8836655013 0.0218 0.025 16.5521 "" "" 5254466047947985920 2654.32251 0.3438 0.0271 -6.988 3.682 0.03 0.03 0.961 5650.3 4.1186 15.60812 1.200365 16.122025 14.921659 "" "" 2499.24023 2830.53809 10757.19257 3.7053 4859.7 8.5593 8521.1 13.948 "" "" 0.0027805845938066454 0.0033825864 0.0041763894 0.007558976 159.11633250282 -59.8836655013 2654.32251 -6.988 3.6819999999999973 -0.44479187774658246 0.8741665668487548 0.08479049 0.08479049 "" "" 12.340170155908357 "" 1.0463290812081651 ""
158.91251562443 -59.736550219 0.0236 0.0246 8.3613 "" "" 5254515049267079040 2538.58521 0.3622 0.0276 -7.109 2.704 0.03 0.029 1.008 7176.6 4.3379 15.60814 0.933535 15.991672 15.058137 "" "" 2383.07593 2690.21436 10756.9917 3.7613 5479.6 11.576 7514.6 9.9561 "" "" 0.0027813513948493117 0.0036119309 0.0040438827 0.0076558134 158.91251562443 -59.736550219 2538.58521 -7.108999999999999 2.7040000000000024 -0.565791877746582 -0.10383343315124494 0.08479049 0.083790496 "" "" 6.921809970923056 "" 0.5866794261954769 ""
158.53039452481 -60.10267895209 0.0227 0.022 21.4439 "" "" 5254412348025671296 2210.43018 0.4175 0.0255 -6.452 3.916 0.03 0.026 0.97 5910.9 4.2464 15.608462 0.916694 15.978539 15.061845 "" "" 2099.28613 2322.63843 10753.80111 3.3147 5546.3 10.719 7488.9 11.874 "" "" 0.0027755698732245667 0.0034911411 0.0041529797 0.0076441206 158.53039452481 -60.10267895209 2210.43018 -6.452000000000002 3.916 0.09120812225341801 1.1081665668487548 0.08479049 0.08079049 "" "" 11.650007954432418 "" 0.9415311105632123 ""
159.30618096549 -59.86474346522 0.0221 0.0245 21.344 "" "" 5254464162499907456 2190.15723 0.4268 0.0276 -7.559 2.113 0.03 0.029 0.942 6805.1 4.3211 15.60895 0.965918 16.004807 15.038889 "" "" 2070.61475 2344.73315 10748.96655 3.237 5413.7 8.059 7649.0 8.7213 "" "" 0.0027746522377596005 0.0032244914 0.0039769625 0.0072014537 159.30618096549 -59.86474346522 2190.15723 -7.558999999999999 2.113 -1.0157918777465822 -0.6948334331512451 0.08479049 0.083790496 "" "" 12.776339121911244 "" 1.0792559946521991 ""
159.17352174917 -59.744957341 0.0244 0.0264 16.2172 "" "" 5254468835424379904 1952.41565 0.4782 0.0298 -6.996 2.56 0.032 0.031 1.08 6793.7 4.3147 15.609679 1.039004 16.033176 14.994172 "" "" 1843.95081 2075.59888 10741.74939 3.6276 5274.1 9.8425 7970.6 8.489 "" "" 0.0027796100710536335 0.0034482626 0.0039523253 0.007400588 159.17352174917 -59.744957341 1952.41565 -6.996 2.5599999999999996 -0.45279187774658247 -0.24783343315124506 0.086790495 0.08579049 "" "" 4.776963015434435 "" 0.41349866777391436 ""
158.48941515391 -59.53208411707 0.0248 0.0241 13.7814 "" "" 5254532946361257856 2310.89844 0.3981 0.0286 -7.55 2.767 0.032 0.03 1.06 7169.9 4.3144 15.610147 0.877549 15.942223 15.064673 "" "" 2182.92822 2442.17773 10737.12028 4.019 5734.9 23.142 7469.5 31.971 "" "" 0.002785130330925483 0.0051942775 0.0059899883 0.011184266 158.48941515391 -59.53208411707 2310.89844 -7.55 2.767000000000002 -1.0067918777465819 -0.04083343315124521 0.086790495 0.08479049 "" "" 11.037121081269856 "" 0.9578813634127405 ""
158.28107297007 -59.80930741137 0.0223 0.0221 11.3391 "" "" 5254429596615588736 2579.65479 0.3547 0.0255 -6.165 3.226 0.031 0.027 0.989 6933.0 3.9955 15.610447 1.020624 16.02376 15.003136 "" "" 2437.16089 2788.97534 10734.15307 5.1209 5320.0 10.264 7905.0 13.478 "" "" 0.0028035834447931577 0.0034889781 0.0042083943 0.0076973727 158.28107297007 -59.80930741137 2579.65479 -6.164999999999999 3.225999999999998 0.37820812225341793 0.41816656684875486 0.08579049 0.08179049 "" "" 6.894271499220115 "" 0.5764574630860657 ""
158.59443541004 -59.89770969512 0.0224 0.0249 8.9969 "" "" 5254509276830461696 2171.08545 0.4257 0.0266 -7.223 2.915 0.031 0.031 1.0 "" "" 15.611255 1.057186 16.049688 14.992502 "" "" 2037.23157 2312.94019 10726.17602 3.3761 5194.5 10.27 7982.8 12.051 "" "" 0.0027764320667673812 0.0035203602 0.0041194917 0.007639852 158.59443541004 -59.89770969512 2171.08545 -7.223 2.915 -0.6797918777465819 0.10716656684875492 0.08579049 0.08579049 "" "" 7.082097005430286 "" 0.6075765906960711 ""
