Clusters/UBC_499/UBC_499_stars_in_region.tsv
# %ECSV 1.0
# ---
# datatype:
# - name: RA_ICRS_1
#   unit: deg
#   datatype: float64
#   format: '{:15.11f}'
#   description: Right ascension (ICRS) at Ep=2016.0 (ra)
#   meta: !!omap
#   - {ucd: POS_EQ_RA_MAIN}
#   - {width: 15}
#   - {precision: '11'}
# - name: DE_ICRS_1
#   unit: deg
#   datatype: float64
#   format: '{:15.11f}'
#   description: Declination (ICRS) at Ep=2016.0 (dec)
#   meta: !!omap
#   - {ucd: POS_EQ_DEC_MAIN}
#   - {width: 15}
#   - {precision: '11'}
# - name: e_RA_ICRS
#   unit: mas
#   datatype: float64
#   format: '{:7.4f}'
#   description: Standard error of right ascension (ra_error)
#   meta: !!omap
#   - {ucd: ERROR}
#   - {width: 7}
#   - {precision: '4'}
# - name: e_DE_ICRS
#   unit: mas
#   datatype: float64
#   format: '{:7.4f}'
#   description: Standard error of declination (dec_error)
#   meta: !!omap
#   - {ucd: ERROR}
#   - {width: 7}
#   - {precision: '4'}
# - name: _r_1
#   unit: ''
#   datatype: float64
#   format: '{:7.4f}'
#   description: Distance from center (158.63711361000-59.74930437000)[ICRS], at Epoch=J2016.0
#   meta: !!omap
#   - {ucd: POS_ANG_DIST_GENERAL}
#   - {width: 7}
#   - {precision: '4'}
# - name: HIP
#   datatype: int32
#   description: '? HIP cross-id number, van Leeuwen, Cat. I/311 (hip_original_ext_source_id)'
#   meta: !!omap
#   - {ucd: ID_NUMBER}
#   - {width: 6}
#   - values: {'null': -2147483648}
# - name: TYC2
#   datatype: string
#   description: Tycho-2 cross-id name, Hog et al., Cat. I/259 (tyc2_original_ext_source_id)
#   meta: !!omap
#   - {ucd: ID_CROSSID}
#   - {_votable_string_dtype: char}
# - name: Source
#   datatype: int64
#   description: Source identifier, identical to the Gaia-EDR3 source_id (id)
#   meta: !!omap
#   - {ucd: ID_MAIN}
#   - {width: 19}
# - name: rgeo
#   unit: pc
#   datatype: float64
#   format: '{:15.8f}'
#   description: '? Median of the geometric distance posterior (r_med_geo)'
#   meta: !!omap
#   - {ucd: PHYS_DISTANCE_TRUE}
#   - {width: 15}
#   - {precision: '8'}
#   - values: {'null': .nan}
# - name: Plx
#   unit: mas
#   datatype: float64
#   format: '{:9.4f}'
#   description: '? Parallax (parallax)'
#   meta: !!omap
#   - {ucd: POS_PARLX_TRIG}
#   - {width: 9}
#   - {precision: '4'}
#   - values: {'null': .nan}
# - name: e_Plx
#   unit: mas
#   datatype: float32
#   format: '{:7.4f}'
#   description: '? Standard error of parallax (parallax_error)'
#   meta: !!omap
#   - {ucd: ERROR}
#   - {width: 7}
#   - {precision: '4'}
#   - values: {'null': .nan}
# - name: pmRA
#   unit: mas / yr
#   datatype: float64
#   format: '{:9.3f}'
#   description: '? Proper motion in right ascension direction, pmRA*cosDE (pmra)'
#   meta: !!omap
#   - {ucd: POS_EQ_PMRA}
#   - {width: 9}
#   - {precision: '3'}
#   - values: {'null': .nan}
# - name: pmDE
#   unit: mas / yr
#   datatype: float64
#   format: '{:9.3f}'
#   description: '? Proper motion in declination direction (pmdec)'
#   meta: !!omap
#   - {ucd: POS_EQ_PMDEC}
#   - {width: 9}
#   - {precision: '3'}
#   - values: {'null': .nan}
# - name: e_pmRA
#   unit: mas / yr
#   datatype: float32
#   format: '{:6.3f}'
#   description: '? Standard error of proper motion in right ascension direction (pmra_error)'
#   meta: !!omap
#   - {ucd: ERROR}
#   - {width: 6}
#   - {precision: '3'}
#   - values: {'null': .nan}
# - name: e_pmDE
[...]
#         value: !astropy.table.SerializedColumn {name: SkyCoord.dec}
#       distance: !astropy.table.SerializedColumn
#         __class__: astropy.coordinates.distances.Distance
#         unit: !astropy.units.Unit {unit: pc}
#         value: !astropy.table.SerializedColumn {name: SkyCoord.distance}
#       frame: icrs
#       obstime: !astropy.time.Time {format: jyear_str, in_subfmt: '*', jd1: 367701545.0, jd2: 0.0, out_subfmt: '*', precision: 3, scale: tt}
#       pm_dec: !astropy.table.SerializedColumn
#         __class__: astropy.units.quantity.Quantity
#         unit: !astropy.units.Unit {unit: mas / yr}
#         value: !astropy.table.SerializedColumn {name: SkyCoord.pm_dec}
#       pm_ra_cosdec: !astropy.table.SerializedColumn
#         __class__: astropy.units.quantity.Quantity
#         unit: !astropy.units.Unit {unit: mas / yr}
#         value: !astropy.table.SerializedColumn {name: SkyCoord.pm_ra_cosdec}
#       ra: !astropy.table.SerializedColumn
#         __class__: astropy.coordinates.angles.Longitude
#         unit: *id001
#         value: !astropy.table.SerializedColumn {name: SkyCoord.ra}
#         wrap_angle: !astropy.coordinates.Angle
#           unit: *id001
#           value: 360.0
#       representation_type: spherical
# schema: astropy-2.0
RA_ICRS_1 DE_ICRS_1 e_RA_ICRS e_DE_ICRS _r_1 HIP TYC2 Source rgeo Plx e_Plx pmRA pmDE e_pmRA e_pmDE RUWE Teff logg Gmag BP-RP BPmag RPmag RV e_RV b_rgeo B_rgeo FG e_FG FBP e_FBP FRP e_FRP RAVE5 RAVE6 e_Gmag e_BPmag e_RPmag e_BP-RP SkyCoord.ra SkyCoord.dec SkyCoord.distance SkyCoord.pm_ra_cosdec SkyCoord.pm_dec rmRA rmDE e_rmRA e_rmDE rRV e_rRV v_pec v_pec3d e_vpec e_vpec3d
[from data line 2745]
158.69211391869 -59.67532443243 0.0432 0.0374 4.7406 "" "" 5254519000636936192 2425.11841 0.3976 0.0462 -8.039 3.756 0.052 0.046 1.02 5726.9 4.6013 16.759169 1.133789 17.240902 16.107113 "" "" 2196.37695 2749.77759 3726.31417 2.1256 1734.0 7.4595 2859.7 8.6528 "" "" 0.002824069154414589 0.0054406603 0.005007614 0.010448274 158.69211391869 -59.67532443243 2425.11841 -8.039 3.756000000000002 -1.4957918777465817 0.9481665668487547 0.1067905 0.10079049 "" "" 20.357663211468974 "" 2.1397061077640243 ""
159.29204642657 -59.7065609673 0.0439 0.041 19.9746 "" "" 5254491783390460928 2794.93408 0.3511 0.0501 -9.774 4.825 0.053 0.048 0.899 8359.2 4.4452 16.759548 1.316938 17.328875 16.011936 "" "" 2452.49219 3406.19385 3725.01135 2.3214 1599.1 11.312 3121.6 11.142 "" "" 0.0028371830992799064 0.008171582 0.0054131337 0.013584715 159.29204642657 -59.7065609673 2794.93408 -9.774 4.825000000000002 -3.230791877746581 2.017166566848755 0.10779049 0.10279049 "" "" 50.45896915791452 "" 5.369429014920973 ""
158.50094924351 -59.94441001718 0.1054 0.0989 12.4048 "" "" 5254416054527646208 2377.65234 0.4787 0.1192 -15.964 12.139 0.129 0.12 2.612 5083.7 4.7648 16.75972 1.280926 17.269638 15.988712 "" "" 1898.84973 3287.7356 3724.41992 7.2249 1688.7 7.0806 3189.1 8.5019 "" "" 0.0034681154376714203 0.0053394316 0.0047604414 0.010099873 158.50094924351 -59.94441001718 2377.65234 -15.96399999999999 12.138999999999994 -9.420791877746582 9.331166566848754 0.18379049 0.17479049 "" "" 149.43877148030188 "" 26.807813460934454 ""
159.33415864512 -59.82899772498 0.0413 0.0434 21.5808 "" "" 5254464329958637568 2007.4032 0.4959 0.0499 -6.475 2.872 0.051 0.048 1.01 4857.4 4.541 16.759853 1.15653 17.257896 16.101366 "" "" 1848.18579 2212.01489 3723.96575 2.688 1707.1 8.1628 2874.8 11.736 "" "" 0.002864606345428588 0.005893909 0.0058249207 0.01171883 159.33415864512 -59.82899772498 2007.4032 -6.475 2.872 0.06820812225341832 0.06416656684875477 0.105790496 0.10279049 "" "" 0.8910564725940721 "" 0.09301982520527982 ""
158.36527945157 -59.83069386249 0.0432 0.0412 9.5497 "" "" 5254428600183197568 2603.38745 0.379 0.051 -3.391 2.023 0.058 0.05 1.074 5379.2 4.2906 16.760324 1.529734 17.408298 15.878565 "" "" 2279.85938 3034.51245 3722.34976 2.411 1486.3 13.983 3529.7 22.29 "" "" 0.0028436486512083644 0.0105887465 0.007829051 0.018417798 158.36527945157 -59.83069386249 2603.38745 -3.3909999999999996 2.0229999999999997 3.152208122253418 -0.784833433151245 0.112790495 0.104790494 "" "" 40.085965715854506 "" 4.50322439585164 ""
158.06306420737 -59.69669581493 0.0377 0.0382 17.65 "" "" 5254434097741331200 2731.0813 0.3438 0.0453 -6.568 2.256 0.048 0.049 1.028 7104.2 4.3395 16.760994 1.45408 17.407978 15.953898 "" "" 2434.31152 3062.10425 3720.05405 2.2006 1486.7 10.516 3293.1 9.1691 "" "" 0.00282918668176997 0.008170974 0.004839689 0.013010664 158.06306420737 -59.69669581493 2731.0813 -6.567999999999999 2.2560000000000002 -0.024791877746581648 -0.5518334331512453 0.10279049 0.10379049 "" "" 7.150869015456782 "" 0.7421778771786728 ""
158.25782000874 -59.74399952597 0.0388 0.0396 11.4702 "" "" 5254526525420167680 2624.37915 0.3729 0.047 -6.634 2.22 0.05 0.049 1.036 5438.7 4.5963 16.761478 1.209675 17.286722 16.077047 "" "" 2357.36133 2995.41797 3718.39593 2.1064 1662.4 9.4246 2939.9 8.4025 "" "" 0.0028231320098829993 0.006758195 0.004890108 0.011648303 158.25782000874 -59.74399952597 2624.37915 -6.634 2.2199999999999998 -0.09079187774658237 -0.5878334331512449 0.104790494 0.10379049 "" "" 7.3990932582833615 "" 0.7681287348772271 ""
158.92472425288 -59.70183797491 0.0444 0.0427 9.1541 "" "" 5254515186706095360 2791.354 0.335 0.0507 -3.641 4.598 0.054 0.05 1.007 4723.2 4.1877 16.76157 1.726126 17.593628 15.867502 "" "" 2464.6189 3224.58301 3718.08204 2.6005 1253.0 7.3946 3565.8 9.6335 "" "" 0.00285805099720527 0.0069886316 0.004784117 0.011772748 158.92472425288 -59.70183797491 2791.354 -3.641 4.598 2.902208122253418 1.7901665668487547 0.108790495 0.104790494 "" "" 45.11662335464559 "" 4.8591898987126285 ""
158.78937792071 -59.97777000332 0.0438 0.0419 14.455 "" "" 5254505733445598080 2460.69287 0.3756 0.0484 -8.921 2.168 0.056 0.053 0.978 5191.9 4.5821 16.761885 1.285053 17.327599 16.042545 "" "" 2153.75928 2839.62866 3716.99949 2.1628 1601.0 6.6247 3034.9 10.606 "" "" 0.0028268184947757907 0.005288538 0.005355411 0.01064395 158.78937792071 -59.97777000332 2460.69287 -8.920999999999996 2.168 -2.3777918777465814 -0.639833433151245 0.11079049 0.10779049 "" "" 28.72034164404387 "" 3.176196828911449 ""
159.26295142279 -59.92925043045 0.0412 0.0425 21.7371 "" "" 5254462135275264128 1994.98267 0.4856 0.0492 -3.449 2.751 0.057 0.051 1.026 5826.6 4.5817 16.762173 1.220039 17.296371 16.076332 "" "" 1822.11597 2156.66211 3716.01356 2.1093 1647.7 6.2778 2941.9 8.5663 "" "" 0.002823402767007804 0.00498972 0.0049273367 0.009917056 159.26295142279 -59.92925043045 1994.98267 -3.449 2.751 3.094208122253418 -0.05683343315124523 0.11179049 0.105790496 "" "" 29.264441344670225 "" 3.271428699802099 ""
158.42265417779 -59.84816846162 0.0404 0.0373 8.7798 "" "" 5254428325295899776 2588.75073 0.3595 0.0447 -6.576 4.795 0.052 0.047 0.946 6052.5 4.4879 16.762232 1.157484 17.248337 16.090853 "" "" 2325.97241 2859.61206 3715.81749 2.0645 1722.2 6.4348 2902.8 7.9883 "" "" 0.002820581320759716 0.004923625 0.004817789 0.009741414 158.42265417779 -59.84816846162 2588.75073 -6.576000000000005 4.795 -0.032791877746581655 1.9871665668487548 0.1067905 0.10179049 "" "" 24.387201753480348 "" 2.4824191722544353 ""
158.67473516747 -60.11175057595 0.0404 0.0397 21.7762 "" "" 5254409594898638336 2264.13599 0.4325 0.0471 -5.806 2.602 0.052 0.048 0.971 4848.7 4.5171 16.762484 1.137692 17.252018 16.114326 "" "" 2046.84839 2560.60864 3714.95366 2.0842 1716.4 8.0321 2840.7 9.5434 "" "" 0.002821848556562174 0.005796543 0.005252466 0.011049009 158.67473516747 -60.11175057595 2264.13599 -5.806 2.6019999999999994 0.7372081222534179 -0.20583343315124525 0.1067905 0.10279049 "" "" 8.214318784017584 "" 0.874876388581051 ""
158.68699165461 -59.9387862797 0.0427 0.0428 11.4679 "" "" 5254508933233078656 2114.48877 0.4593 0.0484 -6.509 2.721 0.052 0.052 0.965 5584.9 4.6442 16.763405 1.164457 17.245312 16.080854 "" "" 1896.60449 2388.30176 3711.79988 2.6823 1727.0 6.2643 2929.7 13.152 "" "" 0.00286485309115503 0.004826484 0.006167691 0.010994175 158.68699165461 -59.9387862797 2114.48877 -6.508999999999999 2.720999999999998 0.03420812225341763 -0.08683343315124503 0.1067905 0.1067905 "" "" 0.9354030979720633 "" 0.09989216256875563 ""
158.23608756601 -59.7453721694 0.0378 0.0382 12.1248 "" "" 5254526594139629312 2325.90332 0.4137 0.0446 -6.924 2.047 0.05 0.047 0.982 6035.6 4.4795 16.764894 1.159285 17.27186 16.112576 "" "" 2050.05811 2684.32471 3706.71403 1.9652 1685.3 6.7125 2845.3 6.4805 "" "" 0.0028148067595346825 0.0051464513 0.0045165154 0.009662967 158.23608756601 -59.7453721694 2325.90332 -6.924 2.0470000000000006 -0.3807918777465824 -0.760833433151245 0.104790494 0.10179049 "" "" 9.37994473276676 "" 0.960492043323358 ""
158.48072487604 -59.6090339569 0.0457 0.0426 9.6578 "" "" 5254532022978800000 2222.17334 0.4388 0.0516 -7.327 1.405 0.06 0.057 1.014 5884.2 4.3573 16.76493 1.160309 17.260416 16.100107 "" "" 1950.62659 2522.07471 3706.58658 2.3983 1703.1 7.3318 2878.2 8.7055 "" "" 0.0028434683542437208 0.005443522 0.005006803 0.010450325 158.48072487604 -59.6090339569 2222.17334 -7.327000000000003 1.405000000000001 -0.783791877746582 -1.402833433151245 0.11479049 0.11179049 "" "" 16.926112103422167 "" 1.9043814670745167 ""
159.28657028886 -59.7503983238 0.0436 0.0416 19.6309 "" "" 5254468109530054528 2588.052 0.3901 0.0508 -6.472 1.616 0.056 0.049 1.033 5363.4 4.7046 16.765055 1.072742 17.220293 16.14755 "" "" 2213.59277 2973.79736 3706.1668 2.4477 1767.3 8.9873 2755.1 10.138 "" "" 0.002847098385938313 0.0061862804 0.005499582 0.011685862 159.28657028886 -59.7503983238 2588.052 -6.472 1.6160000000000017 0.07120812225341755 -1.191833433151245 0.11079049 0.10379049 "" "" 14.646729714445188 "" 1.520568217721518 ""
158.87847265813 -59.5460945782 0.045 0.0423 14.22 "" "" 5254544358125484672 2380.27319 0.4149 0.0501 -7.574 3.265 0.057 0.054 1.069 "" "" 16.765781 1.331422 17.13877 15.807347 "" "" 2143.97754 2686.1001 3703.68585 2.8787 1905.1 11.364 3768.9 38.015 "" "" 0.0028816561500334967 0.007051922 0.011585083 0.018637005 158.87847265813 -59.5460945782 2380.27319 -7.574 3.265 -1.0307918777465819 0.457166566848755 0.11179049 0.108790495 "" "" 12.722398443277632 "" 1.4160403272646547 ""
158.76166419499 -59.49057379321 0.0434 0.0397 15.9773 "" "" 5254545457637120512 2798.23145 0.3383 0.0487 -6.62 4.044 0.058 0.048 1.047 6011.4 4.4876 16.765913 1.067249 17.193817 16.126568 "" "" 2495.43286 3340.51123 3703.23794 2.0997 1810.9 9.1682 2808.9 12.302 "" "" 0.0028232525609086147 0.006164447 0.006074136 0.012238583 158.76166419499 -59.49057379321 2798.23145 -6.620000000000001 4.0440000000000005 -0.07679187774658214 1.2361665668487545 0.112790495 0.10279049 "" "" 16.42764580954629 "" 1.6892678562009034 ""
158.61394334029 -60.0648582127 0.0434 0.0411 18.9461 "" "" 5254409908484337792 2459.70386 0.3915 0.049 -8.157 3.986 0.056 0.053 1.01 5479.8 4.3856 16.76611 1.304031 17.340702 16.03667 "" "" 2227.19067 2769.88208 3702.56775 2.1774 1581.7 6.7787 3051.3 7.3798 "" "" 0.0028283332722165975 0.0054255696 0.0046020932 0.010027663 158.61394334029 -60.0648582127 2459.70386 -8.156999999999993 3.9859999999999975 -1.613791877746582 1.178166566848755 0.11079049 0.10779049 "" "" 23.295831962939232 "" 2.5568748446249745 ""
158.14860970615 -59.62683369965 0.0418 0.0409 16.5176 "" "" 5254528552644805120 2823.78931 0.3362 0.05 -7.829 4.344 0.05 0.052 1.016 5615.0 4.6201 16.767416 1.148939 17.24303 16.094091 "" "" 2496.15625 3359.66455 3698.11257 2.2974 1730.6 8.268 2894.2 12.526 "" "" 0.0028366771420406554 0.005889947 0.006030307 0.011920255 158.14860970615 -59.62683369965 2823.78931 -7.828999999999999 4.344 -1.2857918777465818 1.5361665668487552 0.104790494 0.1067905 "" "" 26.81321660088078 "" 2.841426859063156 ""
158.16832427371 -59.83965303466 0.0405 0.0397 15.1537 "" "" 5254432031803097600 2641.0603 0.3709 0.0466 -7.095 0.663 0.053 0.048 1.029 "" "" 16.767439 1.262979 17.316648 16.053669 "" "" 2329.50879 3147.12842 3698.03693 2.0472 1617.2 7.7232 3003.9 7.6711 "" "" 0.002820116134409999 0.0058881575 0.0046873624 0.01057552 158.16832427371 -59.83965303466 2641.0603 -7.095 0.663000000000002 -0.5517918777465818 -2.144833433151245 0.10779049 0.10279049 "" "" 27.724685880670382 "" 2.8586350741007087 ""
159.00275804112 -60.03168347942 0.0442 0.0473 20.2034 "" "" 5254457835970183296 2329.76587 0.415 0.0523 -8.047 2.709 0.058 0.061 0.995 5053.1 4.393 16.768312 1.012218 17.196495 16.184277 "" "" 2054.57617 2650.94849 3695.06075 2.4526 1806.4 9.1171 2663.5 11.192 "" "" 0.0028480059601126368 0.006149275 0.005924346 0.012073621 159.00275804112 -60.03168347942 2329.76587 -8.047 2.709000000000001 -1.5037918777465826 -0.09883343315124504 0.112790495 0.115790494 "" "" 16.642336547511352 "" 1.8773149543702419 ""
158.65414547968 -59.41111016817 0.1117 0.2806 20.2982 "" "" 5254557758411934080 2425.18921 0.5499 0.1187 -5.938 2.543 0.124 0.257 1.586 "" "" 16.769539 "" "" "" "" "" 1717.31042 4661.07617 3690.89081 12.957 "" "" "" "" "" "" 0.004703129965035409 "" "" "" 158.65414547968 -59.41111016817 2425.18921 -5.937999999999997 2.543000000000001 0.6052081222534182 -0.26483343315124497 0.1787905 0.3117905 "" "" 7.594044125259611 "" 1.5646686588212138 ""
159.25736782353 -59.85626953315 0.0412 0.0426 19.788 "" "" 5254465708688124032 2438.58179 0.4045 0.0503 -9.099 4.274 0.052 0.049 1.035 5697.8 4.6589 16.770496 1.156593 17.26922 16.112627 "" "" 2147.63965 2744.27661 3687.63484 2.2142 1689.4 8.0405 2845.2 8.3937 "" "" 0.0028313931204780696 0.0058725984 0.004954121 0.01082672 159.25736782353 -59.85626953315 2438.58179 -9.099 4.273999999999999 -2.5557918777465822 1.466166566848755 0.1067905 0.10379049 "" "" 34.057947261102285 "" 3.612035475097847 ""
159.15301366163 -59.75225119412 0.0402 0.0411 15.5944 "" "" 5254468663625673216 1937.10742 0.49 0.0485 -6.586 2.247 0.05 0.047 0.983 6095.8 4.4823 16.77101 1.290068 17.334085 16.044018 "" "" 1792.39819 2167.6084 3685.89302 2.2027 1591.4 9.5005 3030.8 8.2931 "" "" 0.002830685678239303 0.0070567667 0.004807266 0.011864033 159.15301366163 -59.75225119412 1937.10742 -6.586000000000003 2.2470000000000008 -0.04279187774658233 -0.5608334331512452 0.104790494 0.10179049 "" "" 5.164478300817391 "" 0.5257857562110648 ""
158.50478896049 -60.08641850686 0.0451 0.0409 20.6146 "" "" 5254412554183892352 2217.42896 0.4387 0.0505 -6.289 1.879 0.058 0.046 1.086 5528.6 4.6778 16.77102 1.136194 17.146917 16.010723 "" "" 2014.78735 2496.58887 3685.85347 2.3408 1890.8 17.514 3125.1 27.808 "" "" 0.00284028789227818 0.010436773 0.010374107 0.02081088 158.50478896049 -60.08641850686 2217.42896 -6.289000000000001 1.879 0.25420812225341827 -0.9288334331512451 0.112790495 0.10079049 "" "" 10.121634987710348 "" 1.0290931600285445 ""
158.56119653298 -59.83695016529 0.0409 0.0397 5.7364 "" "" 5254510616860296192 2467.59277 0.3828 0.0455 -6.567 3.321 0.057 0.05 0.995 "" "" 16.772047 1.277775 17.332132 16.054358 "" "" 2222.92505 2780.80542 3682.37525 2.1174 1594.3 6.9028 3002.0 8.9107 "" "" 0.0028251637653391223 0.005466568 0.004966869 0.010433437 158.56119653298 -59.83695016529 2467.59277 -6.567000000000003 3.3210000000000033 -0.023791877746582202 0.5131665668487551 0.11179049 0.104790494 "" "" 6.008643608373386 "" 0.6297419531799416 ""
158.84499506413 -59.6043034322 0.0437 0.0401 10.7399 "" "" 5254520340666935936 2204.90845 0.4313 0.0486 -8.435 3.651 0.055 0.047 1.001 5473.7 4.5898 16.773737 1.247675 17.326275 16.0786 "" "" 2025.43823 2427.98706 3676.64751 2.2263 1602.9 9.114 2935.7 7.9653 "" "" 0.0028326694957475046 0.006774685 0.0047918605 0.011566546 158.84499506413 -59.6043034322 2204.90845 -8.435000000000004 3.6509999999999976 -1.8917918777465825 0.8431665668487547 0.10979049 0.10179049 "" "" 21.646503118274268 "" 2.3487639644286125 ""
158.21252742107 -59.51763452066 0.0419 0.0423 18.9491 "" "" 5254530786027982592 2361.34033 0.4096 0.0495 -9.81 4.23 0.05 0.053 0.988 5125.9 4.4532 16.77398 1.093952 17.243004 16.149052 "" "" 2097.28467 2612.96899 3675.82527 2.2076 1730.7 6.3386 2751.3 13.217 "" "" 0.0028314265229519124 0.0048576975 0.0064411247 0.011298822 158.21252742107 -59.51763452066 2361.34033 -9.810000000000006 4.230000000000001 -3.2667918777465825 1.4221665668487553 0.104790494 0.10779049 "" "" 39.87902231182684 "" 4.198232018791544 ""
158.48501267638 -59.65285991652 0.0437 0.0413 7.3949 "" "" 5254525322829564416 2320.43237 0.4276 0.0491 -7.138 3.295 0.055 0.054 1.007 5627.6 4.6703 16.774086 1.145542 17.263245 16.117702 "" "" 2059.17383 2577.25977 3675.46693 2.1483 1698.7 8.1537 2831.9 8.168 "" "" 0.002827458017735052 0.005911407 0.004908203 0.01081961 158.48501267638 -59.65285991652 2320.43237 -7.138 3.295 -0.5947918777465819 0.4871665668487548 0.10979049 0.108790495 "" "" 8.456310307403584 "" 0.9250365258699563 ""
159.22708305473 -59.62102768224 0.0471 0.0479 19.4544 "" "" 5254493368270499968 2399.09131 0.4046 0.0555 -6.694 1.382 0.056 0.056 1.124 "" "" 16.774448 1.492965 17.234291 15.741326 "" "" 2112.39893 2816.20874 3674.23706 3.2284 1744.6 49.516 4005.2 26.634 "" "" 0.0029157998943492814 0.030941896 0.008149353 0.039091248 159.22708305473 -59.62102768224 2399.09131 -6.694 1.382000000000001 -0.15079187774658198 -1.4258334331512452 0.11079049 0.11079049 "" "" 16.304561556597065 "" 1.8063903820928413 ""
