Clusters/UBC_499/UBC_499_members.tsv
# %ECSV 1.0
# ---
# datatype:
# - name: RA_ICRS_1
#   unit: deg
#   datatype: float64
#   format: '{:15.11f}'
#   description: Right ascension (ICRS) at Ep=2016.0 (ra)
#   meta: !!omap
#   - {ucd: POS_EQ_RA_MAIN}
#   - {width: 15}
#   - {precision: '11'}
# - name: DE_ICRS_1
#   unit: deg
#   datatype: float64
#   format: '{:15.11f}'
#   description: Declination (ICRS) at Ep=2016.0 (dec)
#   meta: !!omap
#   - {ucd: POS_EQ_DEC_MAIN}
#   - {width: 15}
#   - {precision: '11'}
# - name: e_RA_ICRS
#   unit: mas
#   datatype: float64
#   format: '{:7.4f}'
#   description: Standard error of right ascension (ra_error)
#   meta: !!omap
#   - {ucd: ERROR}
#   - {width: 7}
#   - {precision: '4'}
# - name: e_DE_ICRS
#   unit: mas
#   datatype: float64
#   format: '{:7.4f}'
#   description: Standard error of declination (dec_error)
#   meta: !!omap
#   - {ucd: ERROR}
#   - {width: 7}
#   - {precision: '4'}
# - name: _r_1
#   unit: ''
#   datatype: float64
#   format: '{:7.4f}'
#   description: Distance from center (158.63711361000-59.74930437000)[ICRS], at Epoch=J2016.0
#   meta: !!omap
#   - {ucd: POS_ANG_DIST_GENERAL}
#   - {width: 7}
#   - {precision: '4'}
# - name: HIP
#   datatype: int32
#   description: '? HIP cross-id number, van Leeuwen, Cat. I/311 (hip_original_ext_source_id)'
#   meta: !!omap
#   - {ucd: ID_NUMBER}
#   - {width: 6}
#   - values: {'null': -2147483648}
# - name: TYC2
#   datatype: string
#   description: Tycho-2 cross-id name, Hog et al., Cat. I/259 (tyc2_original_ext_source_id)
#   meta: !!omap
#   - {ucd: ID_CROSSID}
#   - {_votable_string_dtype: char}
# - name: Source
#   datatype: int64
#   description: Source identifier, identical to the Gaia-EDR3 source_id (id)
#   meta: !!omap
#   - {ucd: ID_MAIN}
#   - {width: 19}
# - name: rgeo
#   unit: pc
#   datatype: float64
#   format: '{:15.8f}'
#   description: '? Median of the geometric distance posterior (r_med_geo)'
#   meta: !!omap
#   - {ucd: PHYS_DISTANCE_TRUE}
#   - {width: 15}
#   - {precision: '8'}
#   - values: {'null': .nan}
# - name: Plx
#   unit: mas
#   datatype: float64
#   format: '{:9.4f}'
#   description: '? Parallax (parallax)'
#   meta: !!omap
#   - {ucd: POS_PARLX_TRIG}
#   - {width: 9}
#   - {precision: '4'}
#   - values: {'null': .nan}
# - name: e_Plx
#   unit: mas
#   datatype: float32
#   format: '{:7.4f}'
#   description: '? Standard error of parallax (parallax_error)'
#   meta: !!omap
#   - {ucd: ERROR}
#   - {width: 7}
#   - {precision: '4'}
#   - values: {'null': .nan}
# - name: pmRA
#   unit: mas / yr
#   datatype: float64
#   format: '{:9.3f}'
#   description: '? Proper motion in right ascension direction, pmRA*cosDE (pmra)'
#   meta: !!omap
#   - {ucd: POS_EQ_PMRA}
#   - {width: 9}
#   - {precision: '3'}
#   - values: {'null': .nan}
# - name: pmDE
#   unit: mas / yr
#   datatype: float64
#   format: '{:9.3f}'
#   description: '? Proper motion in declination direction (pmdec)'
#   meta: !!omap
#   - {ucd: POS_EQ_PMDEC}
#   - {width: 9}
#   - {precision: '3'}
#   - values: {'null': .nan}
# - name: e_pmRA
#   unit: mas / yr
#   datatype: float32
#   format: '{:6.3f}'
#   description: '? Standard error of proper motion in right ascension direction (pmra_error)'
#   meta: !!omap
#   - {ucd: ERROR}
#   - {width: 6}
#   - {precision: '3'}
#   - values: {'null': .nan}
# - name: e_pmDE
[...]
#       distance: !astropy.table.SerializedColumn
#         __class__: astropy.coordinates.distances.Distance
#         unit: !astropy.units.Unit {unit: pc}
#         value: !astropy.table.SerializedColumn {name: SkyCoord.distance}
#       frame: icrs
#       obstime: !astropy.time.Time {format: jyear_str, in_subfmt: '*', jd1: 367701545.0, jd2: 0.0, out_subfmt: '*', precision: 3, scale: tt}
#       pm_dec: !astropy.table.SerializedColumn
#         __class__: astropy.units.quantity.Quantity
#         unit: !astropy.units.Unit {unit: mas / yr}
#         value: !astropy.table.SerializedColumn {name: SkyCoord.pm_dec}
#       pm_ra_cosdec: !astropy.table.SerializedColumn
#         __class__: astropy.units.quantity.Quantity
#         unit: !astropy.units.Unit {unit: mas / yr}
#         value: !astropy.table.SerializedColumn {name: SkyCoord.pm_ra_cosdec}
#       ra: !astropy.table.SerializedColumn
#         __class__: astropy.coordinates.angles.Longitude
#         unit: *id001
#         value: !astropy.table.SerializedColumn {name: SkyCoord.ra}
#         wrap_angle: !astropy.coordinates.Angle
#           unit: *id001
#           value: 360.0
#       representation_type: spherical
# schema: astropy-2.0
RA_ICRS_1 DE_ICRS_1 e_RA_ICRS e_DE_ICRS _r_1 HIP TYC2 Source rgeo Plx e_Plx pmRA pmDE e_pmRA e_pmDE RUWE Teff logg Gmag BP-RP BPmag RPmag RV e_RV b_rgeo B_rgeo FG e_FG FBP e_FBP FRP e_FRP RAVE5 RAVE6 e_Gmag e_BPmag e_RPmag e_BP-RP SkyCoord.ra SkyCoord.dec SkyCoord.distance SkyCoord.pm_ra_cosdec SkyCoord.pm_dec rmRA rmDE e_rmRA e_rmDE rRV e_rRV v_pec v_pec3d e_vpec e_vpec3d Pmemb
158.33206585613 -59.70420197845 0.0144 0.0144 9.6156 "" 8613-2115-1 5254524223297713664 2486.09155 0.3657 0.0171 -6.61 2.855 0.019 0.019 0.825 15150.2 3.6306 11.278525 0.152775 11.322907 11.170133 "" "" 2369.37231 2586.30273 580145.26156 239.96 403880.0 273.77 269840.0 163.65 "" "" 0.0027916777705523565 0.0028856013 0.0038363142 0.0067219157 158.33206585613 -59.70420197845 2486.09155 -6.6099999999999985 2.8550000000000013 -0.06679187774658235 0.047166566848754865 0.07379049 0.07379049 "" "" 0.9635482066866137 "" 0.07110069491444951 "" 0.86
158.68936162867 -59.74334036102 0.0113 0.0109 1.6195 "" "" 5254512880270453760 2633.65869 0.3401 0.013 -6.522 2.868 0.015 0.013 0.828 13248.6 3.7338 12.10421 0.233713 12.179229 11.945516 "" "" 2530.38916 2713.8269 271183.19403 45.769 183540.0 125.0 132110.0 61.04 "" "" 0.0027614069350751225 0.0028864893 0.0038125296 0.006699019 158.68936162867 -59.74334036102 2633.65869 -6.522000000000001 2.868 0.021208122253417727 0.060166566848754766 0.06979049 0.06779049 "" "" 0.7963873970432253 "" 0.05416582599686026 "" 0.96
158.68539828072 -59.87143820511 0.0117 0.0116 7.4714 "" "" 5254509650455049728 2469.41309 0.3667 0.0134 -6.478 2.872 0.017 0.014 0.894 8053.2 3.6354 12.295979 0.200365 12.358662 12.158297 "" "" 2385.42285 2551.55957 227276.94615 65.155 155580.0 126.03 108600.0 74.518 "" "" 0.0027728449673814774 0.0029255084 0.00385211 0.006777618 158.68539828072 -59.87143820511 2469.41309 -6.477999999999999 2.872 0.06520812225341821 0.06416656684875477 0.071790494 0.068790495 "" "" 1.070829883757814 "" 0.07531214969825024 "" 0.88
158.63847812109 -59.78148058778 0.0097 0.0098 1.931 "" "" 5254512330515667328 2261.2063 0.4081 0.0112 -6.506 2.806 0.013 0.012 0.952 7157.7 3.6806 13.337152 0.413977 13.4813 13.067324 "" "" 2206.32568 2319.88696 87113.63988 76.436 55322.0 146.97 47014.0 95.062 "" "" 0.002915363226826842 0.0040130783 0.0043707313 0.00838381 158.63847812109 -59.78148058778 2261.2063 -6.506000000000004 2.806 0.03720812225341774 -0.0018334331512450674 0.06779049 0.06679049 "" "" 0.39928489732614775 "" 0.02706676016999725 "" 0.97
158.68456506026 -59.740219954 0.0106 0.0098 1.5346 "" "" 5254512884603174016 2259.08887 0.4065 0.0119 -6.529 2.796 0.014 0.012 0.949 7555.1 3.7158 13.475608 0.389738 13.614605 13.224867 "" "" 2206.63452 2322.8938 76683.7745 26.149 48930.0 46.051 40664.0 34.671 "" "" 0.0027800831591145974 0.002971402 0.0038911037 0.0068625053 158.68456506026 -59.740219954 2259.08887 -6.528999999999997 2.795999999999998 0.014208122253418054 -0.011833433151245298 0.068790495 0.06679049 "" "" 0.19799843870252182 "" 0.013459633234408205 "" 0.98
158.77382592387 -59.83058793448 0.0103 0.0107 6.3891 "" "" 5254508310426236800 2294.72876 0.4036 0.0121 -6.484 2.892 0.014 0.013 1.032 9908.1 3.8282 13.504335 0.503633 13.689095 13.185462 "" "" 2229.15308 2365.39062 74681.44061 20.132 45686.0 25.203 42167.0 20.488 "" "" 0.002770821746130608 0.0028537333 0.0038160214 0.0066697546 158.77382592387 -59.83058793448 2294.72876 -6.484 2.8920000000000003 0.05920812225341798 0.08416656684875479 0.068790495 0.06779049 "" "" 1.1193083383347404 "" 0.076250822137615 "" 0.97
158.81423886833 -59.78546011753 0.0117 0.0123 5.7741 "" "" 5254508864513799168 2158.90576 0.4285 0.014 -6.532 2.821 0.015 0.015 0.963 7498.4 3.9196 14.017944 0.506857 14.202402 13.695545 "" "" 2097.52588 2218.15015 46533.86793 13.626 28474.0 23.812 26360.0 17.802 "" "" 0.0027736014813073318 0.0029341879 0.0038498535 0.0067840414 158.81423886833 -59.78546011753 2158.90576 -6.532 2.820999999999999 0.01120812225341794 0.013166566848755057 0.06979049 0.06979049 "" "" 0.17694302563622039 "" 0.012348940456215877 "" 0.97
158.48083463683 -59.68769537801 0.0147 0.0142 6.0017 "" "" 5254524807433549824 2202.09888 0.4158 0.0168 -6.492 2.854 0.021 0.019 1.059 8629.7 4.018 14.230309 0.668033 14.482401 13.814368 "" "" 2119.41724 2308.65186 38266.89937 10.988 22002.0 17.216 23627.0 16.864 "" "" 0.0027729016180036057 0.0029166422 0.0038580152 0.0067746574 158.48083463683 -59.68769537801 2202.09888 -6.492000000000002 2.854 0.051208122253417976 0.046166566848754975 0.075790495 0.07379049 "" "" 0.7196603183748164 "" 0.05390282432948972 "" 0.97
158.54341025859 -59.75781258658 0.0124 0.0129 2.8777 "" "" 5254512575365447040 2257.69263 0.4065 0.0149 -6.516 2.77 0.017 0.016 0.967 "" "" 14.268249 0.56588 14.47698 13.9111 "" "" 2191.20801 2331.59766 36952.78531 8.0333 22112.0 18.142 21613.0 14.743 "" "" 0.0027654114657660925 0.002928921 0.0038512652 0.006780186 158.54341025859 -59.75781258658 2257.69263 -6.516 2.77 0.027208122253417955 -0.0378334331512451 0.071790494 0.07079049 "" "" 0.49869857946947543 "" 0.03547390434809239 "" 0.95
159.0422266081 -59.76022887565 0.0142 0.0141 12.2609 "" "" 5254514087194458240 2169.15283 0.4241 0.0173 -6.547 2.718 0.019 0.018 0.995 9667.9 4.0272 14.31932 0.506955 14.503875 13.99692 "" "" 2086.66699 2261.40381 35254.84525 14.143 21571.0 18.36 19971.0 16.471 "" "" 0.002789534202840281 0.0029392242 0.0038840147 0.006823239 159.0422266081 -59.76022887565 2169.15283 -6.547000000000001 2.7179999999999978 -0.00379187774658174 -0.08983343315124515 0.07379049 0.07279049 "" "" 0.9244704548428889 "" 0.06729431157425274 "" 0.94
158.64960209105 -59.80887936703 0.0132 0.0133 3.5943 "" "" 5254511475853815680 2112.94824 0.4373 0.0154 -6.486 2.773 0.018 0.017 0.946 9548.2 4.0996 14.37691 0.470796 14.55104 14.080244 "" "" 2042.81873 2177.86841 33433.56059 13.005 20654.0 19.102 18495.0 13.233 "" "" 0.0027874992585637166 0.002965361 0.0038583933 0.0068237544 158.64960209105 -59.80887936703 2112.94824 -6.486 2.7730000000000015 0.0572081222534182 -0.034833433151244986 0.07279049 0.071790494 "" "" 0.6708161064135746 "" 0.04864850970151031 "" 0.96
158.69052020697 -59.77037646047 0.0134 0.0141 2.0501 "" "" 5254511991249946112 2237.55078 0.4095 0.0162 -6.558 2.704 0.018 0.017 0.984 9497.9 4.1254 14.4153 0.524702 14.608004 14.083302 "" "" 2159.38135 2326.61157 32272.06257 9.397 19598.0 11.361 18443.0 13.337 "" "" 0.002773398151111759 0.002860279 0.0038600755 0.006720355 158.69052020697 -59.77037646047 2237.55078 -6.558000000000001 2.703999999999998 -0.01479187774658186 -0.10383343315124494 0.07279049 0.071790494 "" "" 1.1123748650174734 "" 0.07988021771758885 "" 0.88
158.63525606534 -59.8726153503 0.0152 0.0161 7.3989 "" "" 5254509723507096448 2395.22778 0.383 0.0176 -6.499 2.765 0.022 0.019 0.942 9041.3 3.8791 14.559464 0.578208 14.774411 14.196203 "" "" 2300.58252 2488.72168 28259.27431 10.706 16813.0 18.476 16622.0 15.444 "" "" 0.0027858538915848156 0.003034568 0.0039116982 0.006946266 158.63525606534 -59.8726153503 2395.22778 -6.498999999999999 2.765 0.0442081222534183 -0.04283343315124499 0.0767905 0.07379049 "" "" 0.6988612555697111 "" 0.052661137611168016 "" 0.87
158.31399175397 -59.72594052264 0.0146 0.0148 9.8705 "" "" 5254524085878792704 2030.87927 0.4576 0.0173 -6.543 2.85 0.02 0.02 0.945 9385.2 4.1782 14.560869 0.535934 14.75904 14.223105 "" "" 1967.34619 2106.98389 28222.72439 8.4957 17053.0 15.434 16215.0 11.902 "" "" 0.0027746366505324383 0.002958152 0.003862492 0.0068206443 158.31399175397 -59.72594052264 2030.87927 -6.543 2.849999999999999 0.00020812225341781954 0.04216656684875497 0.07479049 0.07479049 "" "" 0.405915823040275 "" 0.03035864438117384 "" 0.96
158.9563376229 -59.84475288569 0.0154 0.016 11.2089 "" "" 5254507696282699392 2360.92163 0.394 0.0182 -6.579 2.746 0.02 0.019 0.945 7952.3 4.0731 14.736626 0.711695 15.003118 14.291423 "" "" 2236.6106 2459.4187 24004.71578 6.1946 13620.0 16.185 15226.0 26.286 "" "" 0.002769529136707714 0.0030740341 0.0042186626 0.0072926967 158.9563376229 -59.84475288569 2360.92163 -6.579 2.746 -0.03579187774658177 -0.06183343315124512 0.07479049 0.07379049 "" "" 0.7995278988388324 "" 0.0591992286837616 "" 0.8
158.45497645831 -59.7210897285 0.0161 0.0167 5.7621 "" "" 5254524669994413568 2138.04224 0.434 0.0188 -6.481 2.807 0.022 0.022 1.043 9254.2 4.2286 14.913904 0.672829 15.171314 14.498486 "" "" 2031.82666 2238.07959 20388.49902 5.2911 11665.0 13.102 12582.0 12.395 "" "" 0.002769689545363977 0.003045028 0.00392782 0.006972848 158.45497645831 -59.7210897285 2138.04224 -6.481000000000002 2.807 0.0622081222534181 -0.0008334331512451776 0.0767905 0.0767905 "" "" 0.6304936080094217 "" 0.048415917329608454 "" 0.96
158.30699546908 -59.69451581587 0.0182 0.02 10.5138 "" "" 5254527178255274112 2107.11646 0.4413 0.0228 -6.627 2.879 0.025 0.028 1.086 7684.3 4.1185 14.924295 0.837693 15.255171 14.417478 "" "" 2016.20984 2190.50464 20194.29303 6.3829 10798.0 16.04 13557.0 13.082 "" "" 0.002776608982079272 0.0032227675 0.003921912 0.0071446793 158.30699546908 -59.69451581587 2107.11646 -6.627 2.879 -0.08379187774658181 0.07116656684875489 0.079790495 0.082790494 "" "" 1.0980038084542407 "" 0.08900550202216577 "" 0.89
158.61147945643 -59.77070617688 0.0209 0.0204 1.4996 "" "" 5254512403566772224 2384.8147 0.3859 0.0238 -6.5 2.792 0.029 0.026 1.057 8296.4 4.2235 15.274439 0.979596 15.673269 14.693673 "" "" 2255.34009 2523.24585 14627.54219 3.6289 7347.0 10.374 10512.0 13.531 "" "" 0.0027684548921895224 0.0031836042 0.004029502 0.0072131064 158.61147945643 -59.77070617688 2384.8147 -6.5 2.792 0.04320812225341797 -0.015833433151245302 0.083790496 0.08079049 "" "" 0.5201863951174883 "" 0.043404856344406745 "" 0.89
158.63978895037 -59.82849834173 0.0192 0.0204 4.7523 "" "" 5254509964025306752 2154.45825 0.4255 0.023 -6.536 2.801 0.027 0.025 0.998 7916.9 4.1256 15.276462 0.806651 15.59442 14.787768 "" "" 2060.54468 2245.52319 14600.31208 4.1577 7900.4 13.752 9639.4 17.954 "" "" 0.0027726131013334813 0.0033699863 0.004286401 0.007656387 158.63978895037 -59.82849834173 2154.45825 -6.536 2.8009999999999993 0.007208122253418381 -0.006833433151244961 0.08179049 0.079790495 "" "" 0.10143111730178887 "" 0.008200704930492051 "" 0.94
158.5002795265 -59.73171277838 0.0196 0.0201 4.2697 "" "" 5254524395116519680 2092.10181 0.4396 0.023 -6.548 2.817 0.025 0.025 0.984 8182.6 4.1765 15.325316 0.783764 15.63514 14.851377 "" "" 1996.00769 2180.86768 13957.89897 4.0604 7609.6 9.4532 9090.9 8.9188 "" "" 0.0027733638487988234 0.0030990737 0.0039266194 0.007025693 158.5002795265 -59.73171277838 2092.10181 -6.547999999999999 2.8169999999999984 -0.004791877746582074 0.009166566848755053 0.079790495 0.079790495 "" "" 0.10257198799229952 "" 0.008184269729509542 "" 0.95
158.67143678439 -59.84651695505 0.021 0.0211 5.924 "" "" 5254509890974179584 2353.21777 0.3899 0.0238 -6.696 2.803 0.029 0.026 1.057 6622.6 4.1375 15.366423 1.055517 15.804132 14.748614 "" "" 2244.34326 2472.44336 13439.3295 4.7964 6512.7 12.442 9993.4 12.705 "" "" 0.002782434007741197 0.0034766954 0.0040235636 0.007500259 158.67143678439 -59.84651695505 2353.21777 -6.695999999999999 2.803 -0.15279187774658176 -0.004833433151245181 0.083790496 0.08079049 "" "" 1.705131679624039 "" 0.14286880667661722 "" 0.83
158.76115975216 -59.79748728121 0.0225 0.024 4.7325 "" "" 5254511682012306048 2169.0459 0.4288 0.027 -6.54 2.794 0.03 0.029 1.018 6831.1 4.2258 15.671886 0.965274 16.046646 15.081372 "" "" 2050.64771 2299.1189 10143.5991 3.2255 5209.1 11.253 7355.5 30.415 "" "" 0.002776865957899796 0.0036450347 0.0058685197 0.009513554 158.76115975216 -59.79748728121 2169.0459 -6.54 2.794 0.0032081222534179332 -0.013833433151245078 0.08479049 0.083790496 "" "" 0.14599990504486507 "" 0.012240898082463005 "" 0.87
158.91989520246 -59.77745250936 0.0253 0.0255 8.7094 "" "" 5254514533870948992 2167.63281 0.4405 0.0296 -6.588 2.87 0.031 0.03 0.963 6536.1 4.2362 15.834964 1.085416 16.290358 15.204942 "" "" 2040.15479 2284.83057 8728.93419 3.2588 4161.7 11.163 6564.2 10.002 "" "" 0.0027849759295825974 0.0040331716 0.0041256063 0.008158778 158.91989520246 -59.77745250936 2167.63281 -6.588 2.87 -0.04479187774658211 0.06216656684875499 0.08579049 0.08479049 "" "" 0.7872630868610122 "" 0.06702249775541483 "" 0.81
158.42998740457 -59.73199796787 0.0243 0.0263 6.3479 "" "" 5254523158165902080 2215.24292 0.424 0.0285 -6.64 2.735 0.033 0.035 0.935 5567.9 4.2428 15.856234 1.13942 16.341618 15.202197 "" "" 2036.99072 2366.64551 8559.60022 3.2021 3969.8 10.94 6580.8 10.02 "" "" 0.0027850963803835813 0.004091159 0.004125124 0.008216282 158.42998740457 -59.73199796787 2215.24292 -6.64 2.7350000000000003 -0.09679187774658171 -0.07283343315124524 0.08779049 0.08979049 "" "" 1.2719344512683883 "" 0.1125900409598631 "" 0.89
