Clusters/UBC_46/UBC_46_stars_in_region.tsv
# %ECSV 1.0
# ---
# datatype:
# - name: RA_ICRS_1
#   unit: deg
#   datatype: float64
#   format: '{:15.11f}'
#   description: Right ascension (ICRS) at Ep=2016.0 (ra)
#   meta: !!omap
#   - {ucd: POS_EQ_RA_MAIN}
#   - {width: 15}
#   - {precision: '11'}
# - name: DE_ICRS_1
#   unit: deg
#   datatype: float64
#   format: '{:15.11f}'
#   description: Declination (ICRS) at Ep=2016.0 (dec)
#   meta: !!omap
#   - {ucd: POS_EQ_DEC_MAIN}
#   - {width: 15}
#   - {precision: '11'}
# - name: e_RA_ICRS
#   unit: mas
#   datatype: float64
#   format: '{:7.4f}'
#   description: Standard error of right ascension (ra_error)
#   meta: !!omap
#   - {ucd: ERROR}
#   - {width: 7}
#   - {precision: '4'}
# - name: e_DE_ICRS
#   unit: mas
#   datatype: float64
#   format: '{:7.4f}'
#   description: Standard error of declination (dec_error)
#   meta: !!omap
#   - {ucd: ERROR}
#   - {width: 7}
#   - {precision: '4'}
# - name: _r_1
#   unit: ''
#   datatype: float64
#   format: '{:7.4f}'
#   description: Distance from center (033.74291571000+57.30999903000)[ICRS], at Epoch=J2016.0
#   meta: !!omap
#   - {ucd: POS_ANG_DIST_GENERAL}
#   - {width: 7}
#   - {precision: '4'}
# - name: HIP
#   datatype: int32
#   description: '? HIP cross-id number, van Leeuwen, Cat. I/311 (hip_original_ext_source_id)'
#   meta: !!omap
#   - {ucd: ID_NUMBER}
#   - {width: 6}
#   - values: {'null': -2147483648}
# - name: TYC2
#   datatype: string
#   description: Tycho-2 cross-id name, Hog et al., Cat. I/259 (tyc2_original_ext_source_id)
#   meta: !!omap
#   - {ucd: ID_CROSSID}
#   - {_votable_string_dtype: char}
# - name: Source
#   datatype: int64
#   description: Source identifier, identical to the Gaia-EDR3 source_id (id)
#   meta: !!omap
#   - {ucd: ID_MAIN}
#   - {width: 19}
# - name: rgeo
#   unit: pc
#   datatype: float64
#   format: '{:15.8f}'
#   description: '? Median of the geometric distance posterior (r_med_geo)'
#   meta: !!omap
#   - {ucd: PHYS_DISTANCE_TRUE}
#   - {width: 15}
#   - {precision: '8'}
#   - values: {'null': .nan}
# - name: Plx
#   unit: mas
#   datatype: float64
#   format: '{:9.4f}'
#   description: '? Parallax (parallax)'
#   meta: !!omap
#   - {ucd: POS_PARLX_TRIG}
#   - {width: 9}
#   - {precision: '4'}
#   - values: {'null': .nan}
# - name: e_Plx
#   unit: mas
#   datatype: float32
#   format: '{:7.4f}'
#   description: '? Standard error of parallax (parallax_error)'
#   meta: !!omap
#   - {ucd: ERROR}
#   - {width: 7}
#   - {precision: '4'}
#   - values: {'null': .nan}
# - name: pmRA
#   unit: mas / yr
#   datatype: float64
#   format: '{:9.3f}'
#   description: '? Proper motion in right ascension direction, pmRA*cosDE (pmra)'
#   meta: !!omap
#   - {ucd: POS_EQ_PMRA}
#   - {width: 9}
#   - {precision: '3'}
#   - values: {'null': .nan}
# - name: pmDE
#   unit: mas / yr
#   datatype: float64
#   format: '{:9.3f}'
#   description: '? Proper motion in declination direction (pmdec)'
#   meta: !!omap
#   - {ucd: POS_EQ_PMDEC}
#   - {width: 9}
#   - {precision: '3'}
#   - values: {'null': .nan}
# - name: e_pmRA
#   unit: mas / yr
#   datatype: float32
#   format: '{:6.3f}'
#   description: '? Standard error of proper motion in right ascension direction (pmra_error)'
#   meta: !!omap
#   - {ucd: ERROR}
#   - {width: 6}
#   - {precision: '3'}
#   - values: {'null': .nan}
# - name: e_pmDE
[...]
#         value: !astropy.table.SerializedColumn {name: SkyCoord.dec}
#       distance: !astropy.table.SerializedColumn
#         __class__: astropy.coordinates.distances.Distance
#         unit: !astropy.units.Unit {unit: pc}
#         value: !astropy.table.SerializedColumn {name: SkyCoord.distance}
#       frame: icrs
#       obstime: !astropy.time.Time {format: jyear_str, in_subfmt: '*', jd1: 367701545.0, jd2: 0.0, out_subfmt: '*', precision: 3, scale: tt}
#       pm_dec: !astropy.table.SerializedColumn
#         __class__: astropy.units.quantity.Quantity
#         unit: !astropy.units.Unit {unit: mas / yr}
#         value: !astropy.table.SerializedColumn {name: SkyCoord.pm_dec}
#       pm_ra_cosdec: !astropy.table.SerializedColumn
#         __class__: astropy.units.quantity.Quantity
#         unit: !astropy.units.Unit {unit: mas / yr}
#         value: !astropy.table.SerializedColumn {name: SkyCoord.pm_ra_cosdec}
#       ra: !astropy.table.SerializedColumn
#         __class__: astropy.coordinates.angles.Longitude
#         unit: *id001
#         value: !astropy.table.SerializedColumn {name: SkyCoord.ra}
#         wrap_angle: !astropy.coordinates.Angle
#           unit: *id001
#           value: 360.0
#       representation_type: spherical
# schema: astropy-2.0
RA_ICRS_1 DE_ICRS_1 e_RA_ICRS e_DE_ICRS _r_1 HIP TYC2 Source rgeo Plx e_Plx pmRA pmDE e_pmRA e_pmDE RUWE Teff logg Gmag BP-RP BPmag RPmag RV e_RV b_rgeo B_rgeo FG e_FG FBP e_FBP FRP e_FRP RAVE5 RAVE6 e_Gmag e_BPmag e_RPmag e_BP-RP SkyCoord.ra SkyCoord.dec SkyCoord.distance SkyCoord.pm_ra_cosdec SkyCoord.pm_dec rmRA rmDE e_rmRA e_rmDE rRV e_rRV v_pec v_pec3d e_vpec e_vpec3d
[from data line 973]
33.14537413061 57.26690216849 0.0305 0.0379 19.5468 "" "" 458599569743373184 2237.06396 0.4171 0.0499 0.31 -1.168 0.041 0.047 0.991 5842.9 4.6016 16.634155 1.238537 17.180382 15.941845 "" "" 2028.50623 2472.93506 4181.04293 1.8783 1833.4 9.7484 3329.8 8.9815 "" "" 0.002798159662786263 0.006411895 0.004781237 0.011193132 33.14537413061 57.26690216849 2237.06396 0.3099999999999999 -1.1680000000000001 1.1325606083869935 -0.03222729492187493 0.18204117 0.18804115 "" "" 12.014174856960906 "" 2.1871337063295204 ""
34.14934008249 57.31474846609 0.0308 0.0377 13.1726 "" "" 458577716949022464 2261.76611 0.417 0.0516 -0.78 -1.092 0.041 0.046 0.993 6458.7 4.3976 16.636784 1.50869 17.331505 15.822815 "" "" 2034.17041 2518.55542 4170.93587 3.9951 1595.2 11.244 3715.6 12.631 "" "" 0.0029450492735003282 0.008145736 0.005282662 0.0134283975 34.14934008249 57.31474846609 2261.76611 -0.7799999999999994 -1.092 0.04256060838699338 0.04377270507812492 0.18204117 0.18704116 "" "" 0.6545340499514528 "" 0.12084548530496639 ""
34.38062090359 57.13730196935 0.0336 0.0431 23.1607 "" "" 458558956531992704 2042.13171 0.4843 0.0564 0.074 4.371 0.043 0.057 1.025 5574.5 4.612 16.636839 1.350235 17.196762 15.846527 "" "" 1844.96118 2284.3916 4170.72497 2.1474 1806.0 18.179 3635.4 15.519 "" "" 0.0028114569877718733 0.011279448 0.005980433 0.01725988 34.38062090359 57.13730196935 2042.13171 0.07400000000000007 4.371 0.8965606083869934 5.506772705078125 0.18404116 0.19804116 "" "" 54.0057817053242 "" 10.676516817696001 ""
33.65152594266 57.69998464581 0.035 0.0403 23.5838 "" "" 458636540822395776 2193.14746 0.4458 0.0583 2.462 4.911 0.048 0.052 1.102 5638.6 4.5935 16.640223 1.403363 17.27839 15.875028 "" "" 1955.15161 2457.23535 4157.74703 1.9672 1675.2 7.5832 3541.2 6.6871 "" "" 0.0028027992096168607 0.0056516184 0.0042996914 0.00995131 33.65152594266 57.69998464581 2193.14746 2.462 4.911 3.2845606083869936 6.046772705078125 0.18904117 0.19304116 "" "" 71.53431363102936 "" 13.744399313982958 ""
33.79581372708 57.46708656502 0.0312 0.0409 9.5792 "" "" 458628844241230592 2063.31543 0.447 0.0527 -0.942 -1.795 0.042 0.054 0.969 5686.9 4.5687 16.643084 1.356158 17.253681 15.897523 "" "" 1846.27136 2335.42334 4146.80411 2.0476 1713.7 8.3096 3468.6 9.2426 "" "" 0.002806992335996609 0.005958322 0.0047595995 0.010717921 33.79581372708 57.46708656502 2063.31543 -0.9420000000000003 -1.795 -0.11943939161300654 -0.6592272949218749 0.18304116 0.19504116 "" "" 6.552285887179185 "" 1.2755410164531626 ""
33.9507066213 57.33913917633 0.0352 0.0476 6.9543 "" "" 458577128528991616 1867.01941 0.5238 0.0573 -0.007 -2.349 0.047 0.057 1.078 5480.0 4.6028 16.647097 1.442577 17.298157 15.855579 "" "" 1686.44495 2093.62573 4131.50253 2.304 1645.0 8.6843 3605.2 10.169 "" "" 0.0028210624949266067 0.006374866 0.0048644124 0.011239278 33.9507066213 57.33913917633 1867.01941 -0.00700000000000045 -2.3490000000000006 0.8155606083869934 -1.2132272949218752 0.18804115 0.19804116 "" "" 12.937056930225872 "" 2.5225156164187017 ""
33.61840063505 57.60471921112 0.0326 0.0398 18.1341 "" "" 458633654604422528 1985.95972 0.4693 0.0544 -1.828 2.326 0.042 0.049 1.049 5794.5 4.6046 16.649212 1.267081 17.201426 15.934344 "" "" 1807.16577 2298.65796 4123.46498 2.0324 1798.2 9.6125 3352.9 7.5151 "" "" 0.0028068076435319076 0.006439777 0.0044950913 0.010934869 33.61840063505 57.60471921112 1985.95972 -1.8280000000000012 2.3259999999999996 -1.0054393916130067 3.461772705078125 0.18304116 0.19004115 "" "" 33.93385659751355 "" 6.430665217982582 ""
33.96559986431 56.98514598146 0.0323 0.0391 20.7952 "" "" 458537069377780224 1626.2749 0.5875 0.0522 -3.411 -3.67 0.044 0.048 0.983 5625.5 4.6145 16.656065 1.27078 17.216547 15.945767 "" "" 1500.57532 1760.48486 4097.51673 2.0187 1773.4 12.831 3317.8 7.9343 "" "" 0.002806761663121615 0.008336375 0.0045853425 0.012921717 33.96559986431 56.98514598146 1626.2749 -3.410999999999998 -3.6699999999999986 -2.5884393916130066 -2.534227294921875 0.18504116 0.18904117 "" "" 27.924005824658142 "" 5.222055125332019 ""
33.89777974935 57.46086035422 0.0322 0.041 10.3448 "" "" 458581805757764224 2105.03174 0.4599 0.0562 1.473 -1.923 0.044 0.05 1.002 5720.1 4.5738 16.656866 1.425382 17.298546 15.873164 "" "" 1896.76636 2343.15063 4094.49806 2.0463 1644.4 11.2 3547.3 9.2516 "" "" 0.002808241797504819 0.0079038115 0.0047225105 0.012626322 33.89777974935 57.46086035422 2105.03174 1.472999999999999 -1.9229999999999987 2.2955606083869933 -0.787227294921875 0.18504116 0.19104116 "" "" 24.2141797917612 "" 4.496129093599794 ""
33.93340665398 57.09619185623 0.0318 0.0396 14.2441 "" "" 458549713761401088 1820.20715 0.5136 0.0524 -0.72 -1.214 0.042 0.048 1.051 7191.1 4.3506 16.659517 1.280402 17.21759 15.937188 "" "" 1638.82568 2046.79126 4084.51092 1.9283 1771.7 9.0637 3344.1 8.572 "" "" 0.002802592418261388 0.006215848 0.00469354 0.010909388 33.93340665398 57.09619185623 1820.20715 -0.7200000000000001 -1.2140000000000009 0.10256060838699343 -0.07822729492187497 0.18304116 0.18904117 "" "" 1.112889825955519 "" 0.2061857060926521 ""
33.01480410012 57.25090401415 0.0328 0.0423 23.8785 "" "" 458611007234416128 1620.9751 0.5916 0.0551 -1.102 -1.061 0.044 0.055 1.021 5296.0 4.6178 16.659527 1.418615 17.302492 15.883877 "" "" 1478.16174 1771.18213 4084.4761 4.8798 1638.4 13.449 3512.4 23.749 "" "" 0.0030453876147913117 0.0093389405 0.008256912 0.017595854 33.01480410012 57.25090401415 1620.9751 -1.1020000000000008 -1.0610000000000004 -0.2794393916130067 0.07477270507812506 0.18504116 0.19604117 "" "" 2.222586105455532 "" 0.4129485784829542 ""
33.93886585434 57.69106326037 0.0519 0.0666 23.7204 "" "" 458638018291305728 1953.87939 0.5034 0.0925 1.286 1.513 0.074 0.092 1.481 5661.2 4.6563 16.65956 1.528262 17.271744 15.743482 "" "" 1685.56824 2492.19067 4084.35236 5.6887 1685.5 20.92 3997.3 15.16 "" "" 0.003143022410916048 0.013761703 0.0055892165 0.01935092 33.93886585434 57.69106326037 1953.87939 1.286 1.513 2.1085606083869934 2.648772705078125 0.21504116 0.23304117 "" "" 31.35499697517719 "" 7.093415710223901 ""
33.71236647335 57.21300963394 0.033 0.0452 5.9032 "" "" 458554455405221120 2018.72986 0.4877 0.0545 -0.445 -3.59 0.043 0.056 1.014 5750.0 4.6186 16.662363 1.359068 17.270432 15.911364 "" "" 1796.80432 2229.80615 4073.81878 2.0715 1687.5 8.1497 3424.6 7.7691 "" "" 0.0028100871010168457 0.0059396503 0.0045111724 0.010450823 33.71236647335 57.21300963394 2018.72986 -0.44500000000000006 -3.5899999999999994 0.3775606083869934 -2.454227294921875 0.18404116 0.19704115 "" "" 23.760232648234272 "" 4.674832807470464 ""
33.41382852379 57.63792668971 0.0351 0.0386 22.3572 "" "" 458646092829705728 1807.3335 0.5263 0.057 -1.101 -0.963 0.049 0.05 0.967 5644.9 4.6289 16.662966 1.254288 17.184818 15.930531 "" "" 1667.59412 1995.68665 4071.55311 2.945 1826.0 17.55 3364.7 15.082 "" "" 0.0028650523400616397 0.010801776 0.006161879 0.016963655 33.41382852379 57.63792668971 1807.3335 -1.101 -0.9630000000000002 -0.27843939161300657 0.17277270507812503 0.19004115 0.19104116 "" "" 2.8072178743574088 "" 0.534268790292266 ""
33.40281498485 57.69348408891 0.1373 0.1736 25.4876 "" "" 458647535938689408 2379.50757 0.6616 0.2382 -1.281 -2.081 0.187 0.218 4.104 "" "" 16.662968 1.357941 17.200977 15.843037 "" "" 1438.20459 4163.20557 4071.55227 10.126 1799.0 8.0555 3647.1 7.1893 "" "" 0.0038578595588519807 0.005605435 0.004343313 0.009948748 33.40281498485 57.69348408891 2379.50757 -1.2810000000000008 -2.0810000000000017 -0.4584393916130065 -0.945227294921875 0.32804117 0.35904115 "" "" 11.848830102397788 "" 4.186753557572973 ""
33.49292721393 57.40522799894 0.0314 0.0382 9.9047 "" "" 458608503275194752 2264.04175 0.4536 0.0498 -2.815 1.298 0.042 0.049 0.983 5817.1 4.6114 16.663282 1.242688 17.195686 15.952998 "" "" 2041.87952 2584.26538 4070.37172 2.0012 1807.8 7.4094 3295.8 7.8972 "" "" 0.002806552099796171 0.0052523585 0.004588238 0.0098405965 33.49292721393 57.40522799894 2264.04175 -2.815000000000001 1.2979999999999985 -1.9924393916130065 2.433772705078125 0.18304116 0.19004115 "" "" 33.75422872718104 "" 6.320941176271744 ""
34.31784964303 57.41646543521 0.0311 0.0386 19.6702 "" "" 458572631707623936 2088.93311 0.4763 0.053 -0.645 -3.322 0.043 0.051 1.008 5643.0 4.6288 16.663527 1.307109 17.234598 15.927489 "" "" 1852.8313 2403.6626 4069.453 2.0525 1744.1 11.211 3374.1 10.789 "" "" 0.0028092109548132527 0.0075161434 0.005131932 0.012648076 34.31784964303 57.41646543521 2088.93311 -0.645000000000001 -3.3220000000000023 0.1775606083869934 -2.186227294921875 0.18404116 0.19204116 "" "" 21.718301586119313 "" 4.169692788276619 ""
34.43099746916 57.24898207279 0.0336 0.0431 22.6144 "" "" 458561877109671808 2226.68042 0.4122 0.0567 -0.615 -1.322 0.044 0.057 1.043 5683.4 4.5891 16.665106 1.376471 17.283512 15.907042 "" "" 1987.9115 2524.93042 4063.53934 2.3307 1667.3 10.456 3438.3 13.767 "" "" 0.00282481742887499 0.0073583964 0.005760448 0.0131188445 34.43099746916 57.24898207279 2226.68042 -0.615 -1.322 0.20756060838699342 -0.18622729492187506 0.18504116 0.19804116 "" "" 2.943201356908307 "" 0.5619993565691376 ""
33.45426693217 57.63923949591 0.0332 0.0399 21.8391 "" "" 458646058469965696 2189.03491 0.4374 0.054 -0.945 -1.141 0.046 0.052 1.027 5721.6 4.6169 16.665302 1.247328 17.204844 15.957516 "" "" 1990.64343 2429.89893 4062.80221 2.049 1792.6 8.1561 3282.1 14.583 "" "" 0.0028092033801726413 0.00567347 0.006128295 0.011801764 33.45426693217 57.63923949591 2189.03491 -0.945 -1.141 -0.12243939161300654 -0.005227294921875014 0.18704116 0.19304116 "" "" 1.2715915201139991 "" 0.23785406052998706 ""
33.34977768592 57.46045656231 0.0312 0.039 15.5928 "" "" 458608365836201600 2102.21802 0.4512 0.0503 -2.036 -2.174 0.042 0.05 0.959 5464.8 4.5846 16.665894 1.311521 17.24846 15.93694 "" "" 1882.90576 2329.24414 4060.58974 1.949 1722.0 7.3978 3344.9 6.5287 "" "" 0.0028041695898504216 0.0054352065 0.0043329727 0.009768179 33.34977768592 57.46045656231 2102.21802 -2.036 -2.1739999999999995 -1.2134393916130066 -1.038227294921875 0.18304116 0.19104116 "" "" 15.913147204193844 "" 2.9672333621886198 ""
34.40592185978 57.26395119953 0.0317 0.0428 21.6753 "" "" 458562151987567104 2062.24585 0.4678 0.0542 -1.761 -0.577 0.043 0.056 0.974 4920.6 4.3422 16.67129 1.50354 17.345417 15.841877 "" "" 1833.29187 2479.98413 4040.46124 2.076 1574.9 10.955 3651.0 16.456 "" "" 0.0028112258378047653 0.008051301 0.0061831996 0.014234501 34.40592185978 57.26395119953 2062.24585 -1.7610000000000008 -0.5770000000000006 -0.9384393916130065 0.558772705078125 0.18404116 0.19704115 "" "" 10.676280288493915 "" 2.0021319050120834 ""
34.43016024612 57.45239886184 0.0316 0.0414 23.8129 "" "" 458574418413975296 2363.71582 0.4052 0.0555 -4.472 -2.302 0.045 0.058 0.964 5352.1 4.3721 16.676933 1.37855 17.296534 15.917984 "" "" 2030.71301 2902.51147 4019.51078 2.0847 1647.4 8.8591 3403.8 7.7378 "" "" 0.0028122738781658422 0.0064711096 0.0045139412 0.01098505 34.43016024612 57.45239886184 2363.71582 -4.472000000000003 -2.302000000000003 -3.649439391613007 -1.166227294921875 0.18604116 0.19904116 "" "" 42.925400218173074 "" 8.039225931580688 ""
33.65598191637 57.68198216587 0.0362 0.0419 22.4943 "" "" 458635406951041280 2106.24487 0.4463 0.061 0.29 -2.555 0.051 0.055 1.069 5610.2 4.6019 16.682281 1.452867 17.346407 15.893539 "" "" 1847.21082 2355.85864 3999.76531 1.9103 1573.5 6.7795 3481.3 7.7782 "" "" 0.0028036912168599116 0.005446855 0.0044909264 0.009937782 33.65598191637 57.68198216587 2106.24487 0.28999999999999937 -2.5550000000000006 1.1125606083869934 -1.4192272949218752 0.19204116 0.19604117 "" "" 18.00372145330818 "" 3.5022344013249738 ""
34.39644099736 57.55126199516 0.0345 0.0412 25.595 "" "" 458587062797609856 2077.48779 0.4605 0.0584 -0.559 -1.193 0.047 0.056 1.012 7404.5 4.3897 16.685076 1.390673 17.301977 15.911304 "" "" 1841.82947 2360.01343 3989.47989 2.0593 1639.2 7.7811 3424.8 9.8991 "" "" 0.00281173971100819 0.0058606667 0.004912455 0.010773122 34.39644099736 57.55126199516 2077.48779 -0.5590000000000002 -1.193 0.26356060838699336 -0.05722729492187506 0.18804115 0.19704115 "" "" 2.655834175637404 "" 0.5005068271767139 ""
33.82348875087 57.68015383739 0.0358 0.0461 22.3607 "" "" 458638499327649920 1656.59021 0.6072 0.0593 0.611 -4.012 0.05 0.062 0.941 5355.2 4.6001 16.686916 1.578497 17.425169 15.846672 "" "" 1478.61511 1878.72668 3982.72228 2.3743 1463.4 10.024 3634.9 10.848 "" "" 0.002830324551657012 0.0079432465 0.004978262 0.012921508 33.82348875087 57.68015383739 1656.59021 0.6110000000000002 -4.012 1.4335606083869934 -2.8762272949218746 0.19104116 0.20304117 "" "" 25.234628183304906 "" 5.064854932282824 ""
33.48550843363 57.54997069329 0.0332 0.0389 16.6264 "" "" 458610324341198336 2075.34326 0.466 0.0527 4.402 -2.637 0.044 0.05 1.002 4985.7 4.4382 16.68814 1.380107 17.314257 15.93415 "" "" 1854.65283 2379.74023 3978.23667 2.0984 1620.7 8.3562 3353.5 7.6916 "" "" 0.0028142080311114015 0.006254783 0.004526043 0.010780826 33.48550843363 57.54997069329 2075.34326 4.402000000000003 -2.6369999999999996 5.2245606083869935 -1.501227294921875 0.18504116 0.19104116 "" "" 53.47427967888975 "" 9.919778355741002 ""
33.84507282901 57.32067193503 0.0495 0.0692 3.3714 "" "" 458556688788169472 1791.63953 0.587 0.0866 -0.044 -1.687 0.066 0.084 1.594 5563.5 4.7005 16.689604 1.437746 17.314484 15.876738 "" "" 1530.53528 2096.2749 3972.87796 4.6917 1620.4 6.2637 3535.6 9.9667 "" "" 0.003039042175772942 0.005039779 0.0048632557 0.009903034 33.84507282901 57.32067193503 1791.63953 -0.04400000000000004 -1.687 0.7785606083869934 -0.551227294921875 0.20704116 0.22504115 "" "" 8.101242249346356 "" 1.7273501307161476 ""
33.89568761545 57.1649265905 0.0322 0.0409 10.0186 "" "" 458552428181027840 2220.25 0.4443 0.0533 -1.521 0.024 0.043 0.05 0.986 5665.1 4.6739 16.690245 1.294172 17.263126 15.968954 "" "" 1964.74072 2450.8064 3970.53421 1.999 1698.9 11.319 3247.7 9.9329 "" "" 0.002809018769551642 0.0077532213 0.0050309557 0.012784177 33.89568761545 57.1649265905 2220.25 -1.521 0.023999999999999983 -0.6984393916130065 1.159772705078125 0.18404116 0.19104116 "" "" 14.247821257717115 "" 2.695736554791766 ""
33.10126841644 57.21621470577 0.0335 0.0431 21.5664 "" "" 458598916908381568 2047.17004 0.4683 0.0568 1.712 -2.421 0.046 0.053 1.015 5433.7 4.6272 16.692041 1.241724 17.23193 15.990206 "" "" 1853.65002 2292.70728 3963.96706 2.0725 1748.4 11.559 3184.8 8.0067 "" "" 0.002813188229835105 0.007701221 0.004662009 0.01236323 33.10126841644 57.21621470577 2047.17004 1.7120000000000002 -2.4210000000000003 2.534560608386993 -1.2852272949218748 0.18704116 0.19404116 "" "" 27.575615558441086 "" 5.1978402296250845 ""
33.98485103293 57.3521248758 0.034 0.0458 8.2331 "" "" 458577510790570752 2375.9353 0.395 0.0553 -1.167 -2.735 0.045 0.054 1.008 6129.6 4.4538 16.693779 1.433313 17.3098 15.876486 "" "" 2153.87939 2819.17554 3957.62942 2.5302 1627.4 8.3804 3536.4 10.383 "" "" 0.002841410390396713 0.0062486064 0.004944244 0.011192851 33.98485103293 57.3521248758 2375.9353 -1.167 -2.7350000000000003 -0.34443939161300663 -1.5992272949218749 0.18604116 0.19504116 "" "" 18.42338854751345 "" 3.5861309333283438 ""
33.70423307664 56.94386844692 0.0363 0.0417 22.0039 "" "" 458541364345135744 2400.58325 0.413 0.0609 -0.593 0.271 0.05 0.051 1.089 5139.5 4.3854 16.69474 1.239144 17.02022 15.781076 "" "" 2102.38403 2866.7981 3954.12456 2.2271 2124.9 76.909 3861.3 77.639 "" "" 0.0028223662526437768 0.039396252 0.022155583 0.061551835 33.70423307664 56.94386844692 2400.58325 -0.5929999999999999 0.2710000000000002 0.22956060838699344 1.406772705078125 0.19104116 0.19204116 "" "" 16.219060987123363 "" 3.114307643640035 ""
