Clusters/UBC_46/UBC_46_members.tsv
# %ECSV 1.0
# ---
# datatype:
# - name: RA_ICRS_1
#   unit: deg
#   datatype: float64
#   format: '{:15.11f}'
#   description: Right ascension (ICRS) at Ep=2016.0 (ra)
#   meta: !!omap
#   - {ucd: POS_EQ_RA_MAIN}
#   - {width: 15}
#   - {precision: '11'}
# - name: DE_ICRS_1
#   unit: deg
#   datatype: float64
#   format: '{:15.11f}'
#   description: Declination (ICRS) at Ep=2016.0 (dec)
#   meta: !!omap
#   - {ucd: POS_EQ_DEC_MAIN}
#   - {width: 15}
#   - {precision: '11'}
# - name: e_RA_ICRS
#   unit: mas
#   datatype: float64
#   format: '{:7.4f}'
#   description: Standard error of right ascension (ra_error)
#   meta: !!omap
#   - {ucd: ERROR}
#   - {width: 7}
#   - {precision: '4'}
# - name: e_DE_ICRS
#   unit: mas
#   datatype: float64
#   format: '{:7.4f}'
#   description: Standard error of declination (dec_error)
#   meta: !!omap
#   - {ucd: ERROR}
#   - {width: 7}
#   - {precision: '4'}
# - name: _r_1
#   unit: ''
#   datatype: float64
#   format: '{:7.4f}'
#   description: Distance from center (033.74291571000+57.30999903000)[ICRS], at Epoch=J2016.0
#   meta: !!omap
#   - {ucd: POS_ANG_DIST_GENERAL}
#   - {width: 7}
#   - {precision: '4'}
# - name: HIP
#   datatype: int32
#   description: '? HIP cross-id number, van Leeuwen, Cat. I/311 (hip_original_ext_source_id)'
#   meta: !!omap
#   - {ucd: ID_NUMBER}
#   - {width: 6}
#   - values: {'null': -2147483648}
# - name: TYC2
#   datatype: string
#   description: Tycho-2 cross-id name, Hog et al., Cat. I/259 (tyc2_original_ext_source_id)
#   meta: !!omap
#   - {ucd: ID_CROSSID}
#   - {_votable_string_dtype: char}
# - name: Source
#   datatype: int64
#   description: Source identifier, identical to the Gaia-EDR3 source_id (id)
#   meta: !!omap
#   - {ucd: ID_MAIN}
#   - {width: 19}
# - name: rgeo
#   unit: pc
#   datatype: float64
#   format: '{:15.8f}'
#   description: '? Median of the geometric distance posterior (r_med_geo)'
#   meta: !!omap
#   - {ucd: PHYS_DISTANCE_TRUE}
#   - {width: 15}
#   - {precision: '8'}
#   - values: {'null': .nan}
# - name: Plx
#   unit: mas
#   datatype: float64
#   format: '{:9.4f}'
#   description: '? Parallax (parallax)'
#   meta: !!omap
#   - {ucd: POS_PARLX_TRIG}
#   - {width: 9}
#   - {precision: '4'}
#   - values: {'null': .nan}
# - name: e_Plx
#   unit: mas
#   datatype: float32
#   format: '{:7.4f}'
#   description: '? Standard error of parallax (parallax_error)'
#   meta: !!omap
#   - {ucd: ERROR}
#   - {width: 7}
#   - {precision: '4'}
#   - values: {'null': .nan}
# - name: pmRA
#   unit: mas / yr
#   datatype: float64
#   format: '{:9.3f}'
#   description: '? Proper motion in right ascension direction, pmRA*cosDE (pmra)'
#   meta: !!omap
#   - {ucd: POS_EQ_PMRA}
#   - {width: 9}
#   - {precision: '3'}
#   - values: {'null': .nan}
# - name: pmDE
#   unit: mas / yr
#   datatype: float64
#   format: '{:9.3f}'
#   description: '? Proper motion in declination direction (pmdec)'
#   meta: !!omap
#   - {ucd: POS_EQ_PMDEC}
#   - {width: 9}
#   - {precision: '3'}
#   - values: {'null': .nan}
# - name: e_pmRA
#   unit: mas / yr
#   datatype: float32
#   format: '{:6.3f}'
#   description: '? Standard error of proper motion in right ascension direction (pmra_error)'
#   meta: !!omap
#   - {ucd: ERROR}
#   - {width: 6}
#   - {precision: '3'}
#   - values: {'null': .nan}
# - name: e_pmDE
[...]
#       distance: !astropy.table.SerializedColumn
#         __class__: astropy.coordinates.distances.Distance
#         unit: !astropy.units.Unit {unit: pc}
#         value: !astropy.table.SerializedColumn {name: SkyCoord.distance}
#       frame: icrs
#       obstime: !astropy.time.Time {format: jyear_str, in_subfmt: '*', jd1: 367701545.0, jd2: 0.0, out_subfmt: '*', precision: 3, scale: tt}
#       pm_dec: !astropy.table.SerializedColumn
#         __class__: astropy.units.quantity.Quantity
#         unit: !astropy.units.Unit {unit: mas / yr}
#         value: !astropy.table.SerializedColumn {name: SkyCoord.pm_dec}
#       pm_ra_cosdec: !astropy.table.SerializedColumn
#         __class__: astropy.units.quantity.Quantity
#         unit: !astropy.units.Unit {unit: mas / yr}
#         value: !astropy.table.SerializedColumn {name: SkyCoord.pm_ra_cosdec}
#       ra: !astropy.table.SerializedColumn
#         __class__: astropy.coordinates.angles.Longitude
#         unit: *id001
#         value: !astropy.table.SerializedColumn {name: SkyCoord.ra}
#         wrap_angle: !astropy.coordinates.Angle
#           unit: *id001
#           value: 360.0
#       representation_type: spherical
# schema: astropy-2.0
RA_ICRS_1 DE_ICRS_1 e_RA_ICRS e_DE_ICRS _r_1 HIP TYC2 Source rgeo Plx e_Plx pmRA pmDE e_pmRA e_pmDE RUWE Teff logg Gmag BP-RP BPmag RPmag RV e_RV b_rgeo B_rgeo FG e_FG FBP e_FBP FRP e_FRP RAVE5 RAVE6 e_Gmag e_BPmag e_RPmag e_BP-RP SkyCoord.ra SkyCoord.dec SkyCoord.distance SkyCoord.pm_ra_cosdec SkyCoord.pm_dec rmRA rmDE e_rmRA e_rmDE rRV e_rRV v_pec v_pec3d e_vpec e_vpec3d Pmemb
[from data line 31]
33.4696376637 57.26172116246 0.0127 0.017 9.323 "" "" 458597130201929984 2378.99414 0.393 0.0219 -0.879 -1.169 0.017 0.023 1.046 9700.2 3.9276 14.753098 0.70186 15.020138 14.318277 "" "" 2236.00952 2502.17969 23643.27168 5.9846 13408.0 13.966 14854.0 9.8721 "" "" 0.002768991994923838 0.003010653 0.0038476512 0.006858304 33.4696376637 57.26172116246 2378.99414 -0.8789999999999998 -1.169 -0.056439391613006595 -0.03322729492187504 0.15804116 0.16404116 "" "" 0.7385381370312369 "" 0.11787589074270434 "" 0.97
33.88617656819 57.55293596867 0.0133 0.0168 15.293 "" "" 458631043264462336 2272.44336 0.4083 0.0224 -0.821 -1.095 0.018 0.023 1.035 "" "" 14.801271 0.732975 15.083063 14.350088 "" "" 2185.94604 2418.4187 22617.16393 6.179 12653.0 17.482 14425.0 15.137 "" "" 0.0027712405911630316 0.0031678646 0.003947378 0.007115243 33.88617656819 57.55293596867 2272.44336 -0.8210000000000002 -1.095000000000001 0.0015606083869934562 0.04077270507812503 0.15904117 0.16404116 "" "" 0.4394999509624376 "" 0.07209291666684135 "" 0.97
34.15069083171 57.3334221254 0.0133 0.0155 13.2845 "" "" 458577820028220288 2281.37256 0.4038 0.0214 -0.956 -1.13 0.019 0.019 0.983 "" "" 14.80712 0.783026 15.111467 14.328442 "" "" 2195.03809 2426.59717 22495.6573 5.4809 12326.0 16.089 14716.0 13.748 "" "" 0.0027679895847225874 0.0031294576 0.0039131274 0.007042585 34.15069083171 57.3334221254 2281.37256 -0.9560000000000002 -1.1300000000000001 -0.13343939161300655 0.005772705078125107 0.16004115 0.16004115 "" "" 1.4443239755377462 "" 0.2311512749730198 "" 0.97
33.84211194798 57.34156206851 0.0146 0.0199 3.7297 "" "" 458556791867381120 2370.96509 0.3975 0.0256 -0.878 -1.083 0.019 0.023 1.083 10557.5 4.0789 14.826244 0.912587 15.174024 14.261436 "" "" 2247.25244 2509.75293 22102.88366 5.4087 11636.0 18.219 15653.0 24.944 "" "" 0.0027681001288424366 0.0032672614 0.0041565937 0.0074238554 33.84211194798 57.34156206851 2370.96509 -0.8779999999999997 -1.0829999999999997 -0.055439391613006594 0.05277270507812504 0.16004115 0.16404116 "" "" 0.8601934779911606 "" 0.13931260392760458 "" 0.96
33.27767449117 57.4422680266 0.0129 0.017 17.0136 "" "" 458619670190464512 2148.2478 0.4334 0.0225 -0.832 -1.179 0.018 0.021 1.03 9247.6 4.1938 14.941623 0.716759 15.217382 14.500623 "" "" 2051.08521 2256.31641 19874.56795 5.4107 11181.0 16.383 12558.0 14.354 "" "" 0.002771129543882972 0.0032118442 0.0039779195 0.0071897637 33.27767449117 57.4422680266 2148.2478 -0.8320000000000003 -1.1789999999999996 -0.009439391613006554 -0.04322729492187505 0.15904117 0.16204116 "" "" 0.45054265531521287 "" 0.07294548002599036 "" 0.97
33.64669534765 57.22755762373 0.0144 0.0189 5.8491 "" "" 458554867722076544 2219.7356 0.4124 0.024 -0.852 -1.159 0.019 0.026 1.034 9517.6 4.1587 14.94234 0.705295 15.212438 14.507143 "" "" 2114.23511 2374.01367 19861.44843 5.9144 11232.0 10.878 12482.0 17.724 "" "" 0.0027742244202844267 0.0029817338 0.004081738 0.0070634717 33.64669534765 57.22755762373 2219.7356 -0.8519999999999999 -1.1590000000000005 -0.02943939161300657 -0.02322729492187503 0.16004115 0.16704115 "" "" 0.39454888523352716 "" 0.06421773242782218 "" 0.98
33.91174472042 57.40873434643 0.0146 0.0189 8.059 "" "" 458580843685142528 2379.54761 0.3863 0.0241 -0.745 -1.082 0.019 0.023 0.981 9304.7 4.1579 14.993672 0.720489 15.269894 14.549405 "" "" 2272.32422 2514.82495 18944.26117 5.3394 10653.0 11.888 12006.0 11.681 "" "" 0.0027722613524433326 0.0030418802 0.0039242315 0.0069661117 33.91174472042 57.40873434643 2379.54761 -0.7449999999999997 -1.0820000000000007 0.07756060838699341 0.05377270507812493 0.16004115 0.16404116 "" "" 1.0644914237136343 "" 0.1717562615348218 "" 0.95
34.14596001455 57.32309050611 0.0146 0.0174 13.0822 "" "" 458577785668491392 2253.50171 0.4193 0.0236 -0.445 -1.111 0.02 0.022 1.054 9249.4 4.2126 15.013514 0.946037 15.397968 14.451931 "" "" 2151.24683 2404.36304 18601.22042 5.1317 9467.4 16.327 13134.0 12.274 "" "" 0.0027715535715310585 0.0033602011 0.003913212 0.0072734132 34.14596001455 57.32309050611 2253.50171 -0.4450000000000004 -1.1110000000000007 0.3775606083869934 0.024772705078125012 0.16104116 0.16304116 "" "" 4.041622289837045 "" 0.6509023870043678 "" 0.95
33.97384085802 57.45921108969 0.0143 0.0189 11.6586 "" "" 458582527312265472 2339.04761 0.3939 0.0244 -0.959 -1.112 0.019 0.023 1.012 "" "" 15.018064 0.820275 15.340966 14.520691 "" "" 2204.46826 2514.16284 18523.41169 4.4203 9977.7 13.316 12328.0 12.235 "" "" 0.002767475095121727 0.003143985 0.0039299913 0.007073976 33.97384085802 57.45921108969 2339.04761 -0.9590000000000001 -1.112 -0.13643939161300656 0.0237727050781249 0.16004115 0.16404116 "" "" 1.5355052922481334 "" 0.24592719924233797 "" 0.93
33.6603947667 57.33927526933 0.0151 0.0188 3.1986 "" "" 458604242667896576 2293.14673 0.4109 0.0249 -0.738 -1.22 0.022 0.025 1.062 9480.8 4.0209 15.043802 0.909649 15.40827 14.498621 "" "" 2148.46582 2441.75171 18089.46701 4.4713 9378.0 11.566 12581.0 12.113 "" "" 0.00276835896003316 0.0030948517 0.0039212853 0.0070161372 33.6603947667 57.33927526933 2293.14673 -0.7379999999999997 -1.2199999999999998 0.08456060838699342 -0.08422729492187497 0.16304116 0.16604117 "" "" 1.297290845797846 "" 0.2134589283460804 "" 0.98
33.8629484671 57.16039904616 0.0162 0.0211 9.7857 "" "" 458550950711935744 2258.59082 0.409 0.0272 -0.594 -1.109 0.022 0.026 1.037 9246.6 4.2191 15.177414 0.815934 15.499477 14.683543 "" "" 2137.52759 2395.44434 15994.89169 4.4324 8622.4 11.556 10611.0 12.869 "" "" 0.0027716986559361335 0.0031468188 0.0040022037 0.0071490225 33.8629484671 57.16039904616 2258.59082 -0.5940000000000002 -1.109 0.22856060838699344 0.026772705078125014 0.16304116 0.16704115 "" "" 2.463635639851906 "" 0.40180900739903186 "" 0.96
33.85898192309 57.25833982066 0.0151 0.0202 4.8758 "" "" 458556276471325184 2243.78198 0.4196 0.0251 -0.845 -1.151 0.02 0.024 0.996 9351.6 4.0509 15.184947 0.910609 15.547288 14.636679 "" "" 2106.05933 2430.03271 15884.29813 3.9986 8250.9 14.267 11079.0 11.034 "" "" 0.002768842854443342 0.0033629837 0.0039310297 0.007294013 33.85898192309 57.25833982066 2243.78198 -0.845 -1.151 -0.022439391613006565 -0.015227294921875023 0.16104116 0.16504116 "" "" 0.2884163439766432 "" 0.04681372155522633 "" 0.97
33.50590909998 57.50292076908 0.0159 0.0197 13.8804 "" "" 458609362268558592 2009.94116 0.4629 0.0262 -0.899 -0.937 0.021 0.025 1.052 9250.7 4.2713 15.210892 0.831696 15.539162 14.707466 "" "" 1927.0072 2115.42578 15509.22976 4.1776 8312.9 12.481 10379.0 10.718 "" "" 0.0027707977317022216 0.0032314637 0.003942184 0.007173648 33.50590909998 57.50292076908 2009.94116 -0.8989999999999996 -0.9369999999999998 -0.07643939161300661 0.19877270507812494 0.16204116 0.16604117 "" "" 2.028931660844866 "" 0.33585161785362116 "" 0.93
33.72785519987 57.04878383712 0.0166 0.0218 15.6806 "" "" 458544250563061632 2217.22876 0.4262 0.0295 -0.739 -1.088 0.022 0.027 1.093 8590.2 4.2114 15.301263 0.844648 15.636475 14.791826 "" "" 2085.69067 2389.41724 14270.58376 3.9491 7600.2 11.609 9603.5 11.584 "" "" 0.002771653501603614 0.003245828 0.003999862 0.0072456896 33.72785519987 57.04878383712 2217.22876 -0.7389999999999999 -1.088 0.08356060838699342 0.04777270507812492 0.16304116 0.16804115 "" "" 1.011584897429596 "" 0.166190226205412 "" 0.95
33.20223071862 57.29917787673 0.0166 0.0206 17.5358 "" "" 458601115931569152 2399.18213 0.391 0.0269 -0.752 -1.186 0.022 0.026 1.022 9106.1 4.4476 15.309649 0.868597 15.654175 14.785578 "" "" 2257.22925 2535.49658 14160.7728 4.4863 7477.3 13.351 9658.9 12.524 "" "" 0.002776708041584111 0.0033975441 0.0040330654 0.0074306093 33.20223071862 57.29917787673 2399.18213 -0.7520000000000004 -1.1860000000000004 0.0705606083869934 -0.05022729492187494 0.16304116 0.16704115 "" "" 0.9849585396398151 "" 0.1619244446889332 "" 0.97
33.22133369724 57.34001922305 0.0168 0.0206 16.991 "" "" 458601631327840512 2219.82202 0.4272 0.0264 -1.077 -1.401 0.023 0.025 0.918 8274.5 4.3415 15.396275 0.878638 15.748413 14.869775 "" "" 2104.3728 2344.51489 13074.8405 3.4523 6855.7 11.863 8938.2 10.744 "" "" 0.002770193939497366 0.0033637357 0.0039983727 0.0073621087 33.22133369724 57.34001922305 2219.82202 -1.077 -1.4010000000000007 -0.25443939161300655 -0.265227294921875 0.16404116 0.16604117 "" "" 3.8672294021204583 "" 0.6384242259830955 "" 0.92
33.69304287705 57.4090708034 0.0169 0.0222 6.1595 "" "" 458605067301607296 2052.18433 0.4525 0.029 -0.751 -1.164 0.023 0.029 1.016 9286.9 4.2176 15.409693 0.930169 15.784709 14.85454 "" "" 1928.37305 2159.74731 12914.26731 3.648 6630.3 11.833 9064.5 11.162 "" "" 0.00277233698995896 0.0033970163 0.004008893 0.0074059092 33.69304287705 57.4090708034 2052.18433 -0.751 -1.164 0.07156060838699341 -0.028227294921874924 0.16404116 0.17004116 "" "" 0.7482921898065561 "" 0.12336475560030605 "" 0.96
33.26820361558 57.28433000892 0.0171 0.0211 15.4655 "" "" 458600188218641024 2266.58374 0.4029 0.0273 -0.64 -1.463 0.023 0.028 1.049 6769.8 4.1706 15.433102 1.209841 15.954046 14.744205 "" "" 2145.13721 2454.61621 12638.81136 3.331 5672.8 7.9919 10034.0 11.426 "" "" 0.0027701391359805268 0.0031819355 0.0039764694 0.007158405 33.26820361558 57.28433000892 2266.58374 -0.64 -1.4630000000000003 0.1825606083869934 -0.3272272949218751 0.16404116 0.16904116 "" "" 4.025715364454777 "" 0.6757879077804432 "" 0.91
33.60194948818 57.15577741656 0.0184 0.024 10.3237 "" "" 458548717328962560 2348.573 0.3998 0.0288 -0.519 -1.161 0.024 0.031 1.026 8195.6 4.3827 15.441845 0.954251 15.829095 14.874844 "" "" 2205.12646 2555.7832 12537.44073 3.6099 6364.7 14.093 8896.5 10.907 "" "" 0.002772997996988155 0.0036830248 0.004006938 0.007689963 33.60194948818 57.15577741656 2348.573 -0.5189999999999998 -1.1610000000000003 0.3035606083869934 -0.025227294921875032 0.16504116 0.17204116 "" "" 3.3909576555207845 "" 0.5598138353368345 "" 0.87
34.01430664698 57.12917041623 0.0174 0.0211 13.98 "" "" 458539715077501312 2340.45581 0.3918 0.0291 -0.684 -1.108 0.023 0.026 1.024 8012.1 4.4098 15.449249 1.124955 15.92301 14.798055 "" "" 2200.87866 2494.65259 12452.22256 3.5096 5837.3 8.3158 9548.5 12.52 "" "" 0.002772261039161605 0.0031902103 0.0040386156 0.007228826 34.01430664698 57.12917041623 2340.45581 -0.6839999999999999 -1.108 0.13856060838699336 0.027772705078124904 0.16404116 0.16704115 "" "" 1.5677318890223815 "" 0.25735580861578405 "" 0.97
33.77365368344 57.09819279985 0.0195 0.0245 12.7476 "" "" 458550297876965888 2144.64429 0.4324 0.0325 -0.736 -1.049 0.027 0.03 1.06 7840.2 4.3321 15.566928 0.971047 15.963689 14.992641 "" "" 2018.74561 2329.61987 11173.15062 3.5301 5622.7 11.431 7981.8 8.922 "" "" 0.0027765915998014807 0.003557706 0.003969461 0.007527167 33.77365368344 57.09819279985 2144.64429 -0.7360000000000007 -1.0490000000000008 0.08656060838699342 0.08677270507812507 0.16804115 0.17104116 "" "" 1.2459510449535716 "" 0.21125282369344822 "" 0.94
33.75356419664 57.25615127309 0.0191 0.0253 3.2493 "" "" 458556070312899584 2345.26245 0.4023 0.0321 -0.694 -1.089 0.026 0.032 1.038 9619.3 4.3331 15.603638 0.955683 15.98843 15.032747 "" "" 2184.27979 2534.20337 10801.69075 3.1408 5496.0 15.494 7692.4 12.369 "" "" 0.00277334727378334 0.0041417163 0.0041631213 0.008304838 33.75356419664 57.25615127309 2345.26245 -0.6939999999999997 -1.089 0.12856060838699346 0.04677270507812503 0.16704115 0.17304116 "" "" 1.5207950635425322 "" 0.25511881683569476 "" 0.94
33.75304195922 57.52765984056 0.0199 0.0249 13.0637 "" "" 458629325277555456 2360.98364 0.4041 0.0337 -1.232 -1.023 0.026 0.032 1.038 8122.9 4.2074 15.624534 1.221788 16.150284 14.928496 "" "" 2204.27295 2540.17261 10595.78908 3.2229 4734.8 11.229 8467.6 10.232 "" "" 0.0027750408913170656 0.0037967437 0.0040006246 0.0077973683 33.75304195922 57.52765984056 2360.98364 -1.2320000000000004 -1.0229999999999997 -0.4094393916130066 0.11277270507812509 0.16704115 0.17304116 "" "" 4.752688864354501 "" 0.7959388818809096 "" 0.8
33.61444492999 57.31796429026 0.0188 0.0249 4.1901 "" "" 458602696479673984 2197.25415 0.4256 0.033 -0.867 -1.12 0.025 0.033 1.034 9502.6 4.3202 15.625369 0.997064 16.003857 15.006793 "" "" 2051.14307 2385.38647 10587.64011 3.2158 5418.4 15.301 7878.5 55.269 "" "" 0.002774984535438032 0.004145533 0.008502744 0.012648277 33.61444492999 57.31796429026 2197.25415 -0.8670000000000003 -1.1200000000000003 -0.044439391613006585 0.015772705078124893 0.16604117 0.17404115 "" "" 0.491123431109419 "" 0.08199563085828167 "" 0.96
33.32271980861 57.15896469841 0.0198 0.025 16.3797 "" "" 458594862459274880 2254.76709 0.4161 0.0337 -0.989 -1.211 0.027 0.033 0.959 8063.5 4.1116 15.780544 1.075848 16.228848 15.153 "" "" 2095.33545 2410.26562 9177.59755 2.9174 4404.3 13.383 6885.9 10.095 "" "" 0.002776852319212329 0.0043208078 0.0041008946 0.008421702 33.32271980861 57.15896469841 2254.76709 -0.9890000000000001 -1.2110000000000003 -0.16643939161300658 -0.07522729492187508 0.16804115 0.17404115 "" "" 1.9520951005577616 "" 0.3300484212026565 "" 0.96
33.58603840611 57.04826858725 0.0208 0.0286 16.5118 "" "" 458547205500573824 1793.80347 0.5277 0.0371 -0.861 -1.101 0.027 0.036 1.029 7070.9 4.3807 15.812463 1.228093 16.344557 15.116464 "" "" 1689.30188 1934.28052 8911.72563 2.9398 3959.1 10.006 7121.5 11.069 "" "" 0.0027785013719221195 0.003913404 0.004139035 0.0080524385 33.58603840611 57.04826858725 1793.80347 -0.8609999999999997 -1.101 -0.03843939161300658 0.03477270507812502 0.16804115 0.17704116 "" "" 0.4407223140977543 "" 0.07587024685964697 "" 0.96
33.93808071609 57.5041094738 0.021 0.0272 13.245 "" "" 458583455025160448 2094.2417 0.4465 0.036 -0.729 -1.09 0.029 0.034 1.041 9232.9 4.4959 15.833219 1.117305 16.301756 15.184451 "" "" 1949.57349 2243.02319 8742.98017 2.8377 4118.3 10.746 6689.3 10.006 "" "" 0.002777763942560688 0.003976328 0.0041135536 0.008089881 33.93808071609 57.5041094738 2094.2417 -0.7290000000000003 -1.0900000000000003 0.09356060838699343 0.04577270507812492 0.17004116 0.17504117 "" "" 1.0339381362781486 "" 0.17682220439855614 "" 0.97
33.99985392853 57.17783492353 0.0203 0.0252 11.509 "" "" 458551947144325120 2055.20752 0.4584 0.033 -0.782 -1.196 0.027 0.031 1.015 8474.2 4.4896 15.83592 0.99965 16.246563 15.246913 "" "" 1906.29993 2196.6626 8721.24871 2.7416 4333.0 10.101 6315.3 6.79 "" "" 0.0027763793515443226 0.0037671262 0.0039555565 0.007722683 33.99985392853 57.17783492353 2055.20752 -0.7819999999999998 -1.1960000000000002 0.04056060838699338 -0.06022729492187495 0.16804115 0.17204116 "" "" 0.7073622917837997 "" 0.1208196752935549 "" 0.88
33.53266051772 57.21763202165 0.0218 0.0287 8.7894 "" "" 458596099409810304 2210.83228 0.4198 0.0375 -0.835 -1.091 0.03 0.038 0.992 7659.6 4.4089 15.942696 1.056111 16.387383 15.331271 "" "" 2084.96948 2456.29272 7904.38955 4.607 3806.0 11.342 5843.2 10.912 "" "" 0.0028270549096464826 0.0042724335 0.0042889165 0.00856135 33.53266051772 57.21763202165 2210.83228 -0.8349999999999995 -1.0909999999999997 -0.012439391613006556 0.04477270507812503 0.17104116 0.17904116 "" "" 0.486960806868633 "" 0.08691267110107724 "" 0.97
33.76505322546 57.46237918929 0.0219 0.0301 9.1708 "" "" 458628535003587968 1997.25403 0.4725 0.0388 -0.828 -1.089 0.03 0.039 0.954 7863.3 4.2927 15.957809 1.116017 16.427856 15.311839 "" "" 1854.92773 2165.91309 7795.12815 2.8852 3666.7 9.0721 5948.7 13.018 "" "" 0.0027844716717555086 0.003873155 0.0044642026 0.008337358 33.76505322546 57.46237918929 1997.25403 -0.828 -1.089 -0.00543939161300655 0.04677270507812503 0.17104116 0.18004116 "" "" 0.4457806615707388 "" 0.08020665444148903 "" 0.88
