Clusters/UBC_46/UBC_46_members.tsv
# %ECSV 1.0
# ---
# datatype:
# - name: RA_ICRS_1
#   unit: deg
#   datatype: float64
#   format: '{:15.11f}'
#   description: Right ascension (ICRS) at Ep=2016.0 (ra)
#   meta: !!omap
#   - {ucd: POS_EQ_RA_MAIN}
#   - {width: 15}
#   - {precision: '11'}
# - name: DE_ICRS_1
#   unit: deg
#   datatype: float64
#   format: '{:15.11f}'
#   description: Declination (ICRS) at Ep=2016.0 (dec)
#   meta: !!omap
#   - {ucd: POS_EQ_DEC_MAIN}
#   - {width: 15}
#   - {precision: '11'}
# - name: e_RA_ICRS
#   unit: mas
#   datatype: float64
#   format: '{:7.4f}'
#   description: Standard error of right ascension (ra_error)
#   meta: !!omap
#   - {ucd: ERROR}
#   - {width: 7}
#   - {precision: '4'}
# - name: e_DE_ICRS
#   unit: mas
#   datatype: float64
#   format: '{:7.4f}'
#   description: Standard error of declination (dec_error)
#   meta: !!omap
#   - {ucd: ERROR}
#   - {width: 7}
#   - {precision: '4'}
# - name: _r_1
#   unit: ''
#   datatype: float64
#   format: '{:7.4f}'
#   description: Distance from center (033.74291571000+57.30999903000)[ICRS], at Epoch=J2016.0
#   meta: !!omap
#   - {ucd: POS_ANG_DIST_GENERAL}
#   - {width: 7}
#   - {precision: '4'}
# - name: HIP
#   datatype: int32
#   description: '? HIP cross-id number, van Leeuwen, Cat. I/311 (hip_original_ext_source_id)'
#   meta: !!omap
#   - {ucd: ID_NUMBER}
#   - {width: 6}
#   - values: {'null': -2147483648}
# - name: TYC2
#   datatype: string
#   description: Tycho-2 cross-id name, Hog et al., Cat. I/259 (tyc2_original_ext_source_id)
#   meta: !!omap
#   - {ucd: ID_CROSSID}
#   - {_votable_string_dtype: char}
# - name: Source
#   datatype: int64
#   description: Source identifier, identical to the Gaia-EDR3 source_id (id)
#   meta: !!omap
#   - {ucd: ID_MAIN}
#   - {width: 19}
# - name: rgeo
#   unit: pc
#   datatype: float64
#   format: '{:15.8f}'
#   description: '? Median of the geometric distance posterior (r_med_geo)'
#   meta: !!omap
#   - {ucd: PHYS_DISTANCE_TRUE}
#   - {width: 15}
#   - {precision: '8'}
#   - values: {'null': .nan}
# - name: Plx
#   unit: mas
#   datatype: float64
#   format: '{:9.4f}'
#   description: '? Parallax (parallax)'
#   meta: !!omap
#   - {ucd: POS_PARLX_TRIG}
#   - {width: 9}
#   - {precision: '4'}
#   - values: {'null': .nan}
# - name: e_Plx
#   unit: mas
#   datatype: float32
#   format: '{:7.4f}'
#   description: '? Standard error of parallax (parallax_error)'
#   meta: !!omap
#   - {ucd: ERROR}
#   - {width: 7}
#   - {precision: '4'}
#   - values: {'null': .nan}
# - name: pmRA
#   unit: mas / yr
#   datatype: float64
#   format: '{:9.3f}'
#   description: '? Proper motion in right ascension direction, pmRA*cosDE (pmra)'
#   meta: !!omap
#   - {ucd: POS_EQ_PMRA}
#   - {width: 9}
#   - {precision: '3'}
#   - values: {'null': .nan}
# - name: pmDE
#   unit: mas / yr
#   datatype: float64
#   format: '{:9.3f}'
#   description: '? Proper motion in declination direction (pmdec)'
#   meta: !!omap
#   - {ucd: POS_EQ_PMDEC}
#   - {width: 9}
#   - {precision: '3'}
#   - values: {'null': .nan}
# - name: e_pmRA
#   unit: mas / yr
#   datatype: float32
#   format: '{:6.3f}'
#   description: '? Standard error of proper motion in right ascension direction (pmra_error)'
#   meta: !!omap
#   - {ucd: ERROR}
#   - {width: 6}
#   - {precision: '3'}
#   - values: {'null': .nan}
# - name: e_pmDE
[...]
#       distance: !astropy.table.SerializedColumn
#         __class__: astropy.coordinates.distances.Distance
#         unit: !astropy.units.Unit {unit: pc}
#         value: !astropy.table.SerializedColumn {name: SkyCoord.distance}
#       frame: icrs
#       obstime: !astropy.time.Time {format: jyear_str, in_subfmt: '*', jd1: 367701545.0, jd2: 0.0, out_subfmt: '*', precision: 3, scale: tt}
#       pm_dec: !astropy.table.SerializedColumn
#         __class__: astropy.units.quantity.Quantity
#         unit: !astropy.units.Unit {unit: mas / yr}
#         value: !astropy.table.SerializedColumn {name: SkyCoord.pm_dec}
#       pm_ra_cosdec: !astropy.table.SerializedColumn
#         __class__: astropy.units.quantity.Quantity
#         unit: !astropy.units.Unit {unit: mas / yr}
#         value: !astropy.table.SerializedColumn {name: SkyCoord.pm_ra_cosdec}
#       ra: !astropy.table.SerializedColumn
#         __class__: astropy.coordinates.angles.Longitude
#         unit: *id001
#         value: !astropy.table.SerializedColumn {name: SkyCoord.ra}
#         wrap_angle: !astropy.coordinates.Angle
#           unit: *id001
#           value: 360.0
#       representation_type: spherical
# schema: astropy-2.0
RA_ICRS_1 DE_ICRS_1 e_RA_ICRS e_DE_ICRS _r_1 HIP TYC2 Source rgeo Plx e_Plx pmRA pmDE e_pmRA e_pmDE RUWE Teff logg Gmag BP-RP BPmag RPmag RV e_RV b_rgeo B_rgeo FG e_FG FBP e_FBP FRP e_FRP RAVE5 RAVE6 e_Gmag e_BPmag e_RPmag e_BP-RP SkyCoord.ra SkyCoord.dec SkyCoord.distance SkyCoord.pm_ra_cosdec SkyCoord.pm_dec rmRA rmDE e_rmRA e_rmDE rRV e_rRV v_pec v_pec3d e_vpec e_vpec3d Pmemb
33.94804491691 57.4206240064 0.0095 0.0129 9.3867 "" 3694-2519-1 458580912404604544 2145.4541 0.4463 0.0161 -0.851 -1.172 0.013 0.016 0.948 19959.9 3.7095 9.904845 0.428483 10.049448 9.620965 "" "" 2065.32056 2232.06006 2055931.60118 9189.1 1305100.0 11411.0 1124000.0 20027.0 "" "" 0.005580416182684035 0.009894564 0.019710952 0.029605515 33.94804491691 57.4206240064 2145.4541 -0.851 -1.172 -0.02843939161300657 -0.03622729492187493 0.15404116 0.15704116 "" "" 0.4683710089788538 "" 0.07302095992029455 "" 0.83
33.96087362812 57.40912232849 0.0102 0.0136 9.2263 "" 3694-3661-1 458580706246184576 2373.27637 0.3944 0.0176 -0.689 -1.18 0.013 0.016 1.069 16498.9 3.6352 10.909902 0.378582 11.035679 10.657097 "" "" 2276.5979 2480.38818 814678.28377 184.58 526190.0 271.74 432830.0 127.43 "" "" 0.002766279446617228 0.0028459514 0.0037928757 0.006638827 33.96087362812 57.40912232849 2373.27637 -0.6889999999999997 -1.1799999999999993 0.13356060838699346 -0.04422729492187494 0.15404116 0.15704116 "" "" 1.5827007646723608 "" 0.24427436448112272 "" 0.93
33.50851671261 57.2798775701 0.0234 0.0312 7.8109 "" 3694-2461-1 458602387241881600 1816.04736 0.5089 0.0402 -1.025 -1.389 0.031 0.041 2.411 "" "" 11.277753 0.457823 11.43092 10.973097 "" "" 1706.5813 1955.4917 580557.78312 277.88 365640.0 329.8 323530.0 613.32 "" "" 0.0028039003012523683 0.0029570425 0.004303498 0.0072605405 33.50851671261 57.2798775701 1816.04736 -1.025 -1.3889999999999998 -0.2024393916130065 -0.253227294921875 0.17204116 0.18204117 "" "" 2.790736234609666 "" 0.49733383523098706 "" 0.86
33.73617886266 57.4729653257 0.0098 0.013 9.7804 "" 3694-89-1 458628741162015360 2100.23633 0.4247 0.0173 -1.006 -1.196 0.013 0.017 1.021 16393.8 3.8899 11.472491 0.515192 11.655721 11.140529 "" "" 2033.17871 2190.50366 485233.04685 129.08 297250.0 183.15 277300.0 120.6 "" "" 0.002770416675049754 0.0028692465 0.0038087657 0.006678012 33.73617886266 57.4729653257 2100.23633 -1.0060000000000011 -1.1960000000000002 -0.1834393916130066 -0.06022729492187495 0.15404116 0.15804116 "" "" 1.922068896504166 "" 0.29683458161161325 "" 0.91
34.10742700557 57.17410780607 0.0081 0.0104 14.3709 "" "" 458540020010123008 2187.99438 0.4204 0.0135 -0.696 -1.133 0.011 0.013 1.039 13167.1 3.8081 12.062163 0.479117 12.2336 11.754482 "" "" 2126.96533 2270.8501 281891.14814 50.587 174570.0 101.96 157530.0 63.82 "" "" 0.0027622006940225515 0.002861325 0.0038048925 0.0066662175 34.10742700557 57.17410780607 2187.99438 -0.6960000000000003 -1.133 0.12656060838699346 0.002772705078124993 0.15204117 0.15404116 "" "" 1.3128868424191658 "" 0.19961411563864975 "" 0.92
33.93139112507 57.4631071905 0.0089 0.0112 11.0245 "" 3694-2615-1 458583248866771328 2137.22876 0.4468 0.0149 -1.001 -1.073 0.012 0.014 1.045 15898.2 3.9796 12.862057 0.654366 13.107774 12.453407 "" "" 2058.93701 2232.31372 134934.87049 97.533 78038.0 177.04 82755.0 174.57 "" "" 0.0028649048335754263 0.0037218435 0.0044192057 0.008141049 33.93139112507 57.4631071905 2137.22876 -1.001 -1.0729999999999993 -0.17843939161300648 0.06277270507812505 0.15304115 0.15504116 "" "" 1.9162658685447396 "" 0.29369205203289006 "" 0.95
34.11502025087 57.38111503457 0.0085 0.0114 12.78 "" "" 458578197985296256 2179.66797 0.4289 0.0146 -0.93 -1.156 0.012 0.014 1.037 14179.6 4.0671 13.0146 0.626915 13.249331 12.622416 "" "" 2121.19727 2253.20825 117248.34118 33.155 68499.0 57.972 70826.0 38.456 "" "" 0.002772372749611798 0.0029375819 0.0038250824 0.0067626643 34.11502025087 57.38111503457 2179.66797 -0.9300000000000004 -1.1560000000000001 -0.10743939161300664 -0.020227294921874917 0.15304115 0.15504116 "" "" 1.129524438310954 "" 0.17294154148840424 "" 0.97
34.01915706046 57.34436086237 0.0081 0.0107 9.182 "" "" 458577270272408320 2161.59546 0.4302 0.0134 -1.071 -1.248 0.01 0.012 1.011 12108.2 3.7945 13.288473 0.706656 13.556053 12.849397 "" "" 2097.87451 2229.05371 91108.17921 21.564 51641.0 34.965 57464.0 24.862 "" "" 0.0027672779377041867 0.0028853875 0.003808463 0.0066938503 34.01915706046 57.34436086237 2161.59546 -1.071 -1.2479999999999998 -0.24843939161300654 -0.112227294921875 0.15104116 0.15304115 "" "" 2.793168461652242 "" 0.4228353575911869 "" 0.95
33.84149869761 57.34047215914 0.0079 0.0106 3.6797 "" "" 458556791867381632 2236.4104 0.4171 0.0138 -0.921 -1.204 0.01 0.012 0.974 6874.9 3.6351 13.331796 0.666544 13.581185 12.914641 "" "" 2155.18115 2313.35815 87544.455 24.001 50459.0 34.66 54113.0 27.58 "" "" 0.0027713521453196044 0.0028881214 0.003819679 0.0067078006 33.84149869761 57.34047215914 2236.4104 -0.921 -1.204 -0.09843939161300663 -0.06822729492187496 0.15104116 0.15304115 "" "" 1.2696508951170886 "" 0.19259720465554142 "" 0.95
33.78005348023 57.14527193078 0.0093 0.011 9.957 "" "" 458550744553521920 2297.66675 0.401 0.0136 -0.756 -1.297 0.012 0.013 1.006 15000.5 3.9917 13.42728 0.717939 13.700505 12.982566 "" "" 2219.94873 2363.46655 80174.20017 18.444 45208.0 26.958 50831.0 21.582 "" "" 0.0027666181078116973 0.0028643012 0.0038073922 0.006671693 33.78005348023 57.14527193078 2297.66675 -0.7559999999999998 -1.2969999999999997 0.0665606083869934 -0.16122729492187493 0.15304115 0.15404116 "" "" 1.899667094879039 "" 0.29235106023700935 "" 0.97
33.62365374675 57.36667205158 0.0078 0.0099 5.1455 "" "" 458604517545800448 2372.66309 0.3876 0.0131 -0.902 -0.979 0.01 0.013 0.983 13739.7 3.9856 13.506694 0.688494 13.762921 13.074428 "" "" 2292.09741 2437.4187 74519.38508 63.006 42682.0 136.77 46708.0 123.97 "" "" 0.002904219534206435 0.004459751 0.004752679 0.00921243 33.62365374675 57.36667205158 2372.66309 -0.9019999999999999 -0.9790000000000001 -0.07943939161300662 0.15677270507812502 0.15104116 0.15404116 "" "" 1.9765663852845003 "" 0.3032705348131957 "" 0.94
33.43526674584 57.29054060698 0.0089 0.0121 10.0403 "" "" 458603280595074816 2384.4541 0.3901 0.0157 -0.859 -0.963 0.012 0.015 1.03 9755.0 3.7618 13.831417 0.745395 14.118797 13.373403 "" "" 2286.93237 2475.38013 55256.06014 11.918 30754.0 20.542 35465.0 21.116 "" "" 0.0027652539065384407 0.0028828774 0.00383427 0.0067171473 33.43526674584 57.29054060698 2384.4541 -0.8590000000000001 -0.9629999999999999 -0.03643939161300658 0.17277270507812503 0.15304115 0.15604116 "" "" 1.9956900160528777 "" 0.3111571542963777 "" 0.97
33.85663120987 57.11148114031 0.0096 0.0115 12.471 "" "" 458550022999040384 2163.30322 0.4276 0.0156 -0.75 -1.213 0.013 0.014 1.012 11183.5 4.0744 13.854178 0.620665 14.086742 13.466078 "" "" 2075.55225 2247.69678 54109.72498 14.588 31675.0 29.419 32563.0 17.662 "" "" 0.0027708250361155044 0.002966805 0.0038249872 0.006791792 33.85663120987 57.11148114031 2163.30322 -0.7500000000000002 -1.213 0.07256060838699341 -0.07722729492187508 0.15404116 0.15504116 "" "" 1.0865961314814339 "" 0.16795851932647493 "" 0.97
33.57720092958 57.33141394053 0.0094 0.0118 5.5201 "" "" 458602971357376256 2385.21753 0.3852 0.0159 -0.71 -1.056 0.012 0.016 0.951 "" "" 13.858088 0.641768 14.096517 13.454749 "" "" 2293.0415 2498.83228 53915.20958 15.995 31391.0 30.842 32905.0 18.646 "" "" 0.002774083801021814 0.002987139 0.0038291323 0.006816271 33.57720092958 57.33141394053 2385.21753 -0.71 -1.056 0.11256060838699344 0.07977270507812495 0.15304115 0.15704116 "" "" 1.559791389057218 "" 0.24081626946082896 "" 0.97
33.8394915985 57.46937204195 0.0091 0.0118 10.0594 "" "" 458582046275929856 2125.03687 0.4388 0.0154 -0.757 -1.042 0.012 0.015 1.008 11085.0 4.0174 13.908381 0.760734 14.202162 13.441428 "" "" 2063.58105 2217.84375 51474.71769 11.039 28481.0 19.859 33311.0 22.101 "" "" 0.00276514095206302 0.0028910514 0.0038474202 0.006738472 33.8394915985 57.46937204195 2125.03687 -0.7570000000000001 -1.0419999999999994 0.0655606083869934 0.09377270507812496 0.15304115 0.15604116 "" "" 1.1524968358088836 "" 0.17870915699943757 "" 0.96
34.17357720808 57.31304928382 0.0099 0.0119 13.9564 "" "" 458565965918499968 2275.94214 0.408 0.0162 -0.841 -1.184 0.013 0.015 1.082 11056.7 3.8446 13.96961 0.64645 14.212899 13.566449 "" "" 2188.68213 2374.5061 48652.20778 10.844 28201.0 16.61 29688.0 15.602 "" "" 0.002765927022533115 0.0028625142 0.0038222112 0.006684725 34.17357720808 57.31304928382 2275.94214 -0.8409999999999999 -1.1840000000000006 -0.01843939161300656 -0.04822729492187494 0.15404116 0.15604116 "" "" 0.5570063068430242 "" 0.08677462278188217 "" 0.98
33.55710213805 57.31759112454 0.0094 0.0125 6.038 "" "" 458602833918439552 2363.99414 0.3878 0.0162 -0.854 -1.167 0.013 0.017 0.988 9011.1 3.8157 13.97928 0.670491 14.232139 13.561647 "" "" 2280.96777 2468.19751 48220.81516 11.929 27705.0 26.35 29819.0 19.654 "" "" 0.002768380629419763 0.0029751274 0.003846536 0.006821663 33.55710213805 57.31759112454 2363.99414 -0.8540000000000001 -1.1670000000000007 -0.03143939161300657 -0.031227294921875037 0.15404116 0.15804116 "" "" 0.4965339624059557 "" 0.07747937769690137 "" 0.98
34.04543541333 57.20557398059 0.0093 0.0115 11.6462 "" "" 458552050223522688 2355.60156 0.3952 0.0154 -0.7 -1.176 0.012 0.014 1.048 10967.9 3.9049 14.074387 0.696017 14.336351 13.640334 "" "" 2278.07764 2449.67822 44176.56616 9.3903 25170.0 22.763 27735.0 19.649 "" "" 0.0027649687440075366 0.002957903 0.0038568624 0.0068147657 34.04543541333 57.20557398059 2355.60156 -0.6999999999999998 -1.1759999999999993 0.12256060838699345 -0.040227294921874934 0.15304115 0.15504116 "" "" 1.4402842005049168 "" 0.22070455291537383 "" 0.97
33.23307658604 57.30513482096 0.0102 0.0128 16.5253 "" "" 458601012852346112 2330.22998 0.4027 0.0168 -0.775 -1.115 0.014 0.016 0.951 9869.5 3.9181 14.235732 0.517842 14.425674 13.907832 "" "" 2241.81836 2432.18213 38076.21993 11.726 23182.0 18.083 21678.0 15.049 "" "" 0.002775534026113919 0.0029158748 0.003853807 0.006769682 33.23307658604 57.30513482096 2330.22998 -0.775 -1.115 0.047560608386993386 0.02077270507812501 0.15504116 0.15704116 "" "" 0.5732406333198087 "" 0.08906055285091703 "" 0.98
33.76143521015 57.21333489647 0.0115 0.0166 5.8309 "" "" 458554283606526208 2255.66406 0.4096 0.0197 -0.777 -1.235 0.015 0.021 1.002 9252.8 4.0641 14.362238 0.839211 14.69217 13.852959 "" "" 2157.646 2347.63452 33888.45138 6.8844 18136.0 19.456 22802.0 14.403 "" "" 0.0027641343647042712 0.0030235266 0.003841102 0.0068646288 33.76143521015 57.21333489647 2255.66406 -0.7770000000000002 -1.235000000000001 0.045560608386993384 -0.0992272949218751 0.15604116 0.16204116 "" "" 1.1674119499420317 "" 0.18796796815587896 "" 0.98
33.64721611326 57.05593333777 0.0114 0.0152 15.5583 "" "" 458547068061608320 2391.05371 0.382 0.0202 -0.71 -1.223 0.015 0.019 0.999 10446.7 4.0506 14.452516 0.650371 14.696116 14.045746 "" "" 2275.37061 2525.55713 31184.6131 7.4507 18071.0 13.982 19092.0 15.738 "" "" 0.002767504503505211 0.0029138895 0.0038839092 0.006797799 33.64721611326 57.05593333777 2391.05371 -0.7099999999999996 -1.2229999999999999 0.11256060838699344 -0.08722729492187509 0.15604116 0.16004115 "" "" 1.6139329802712505 "" 0.2542814083763604 "" 0.97
33.94746539671 57.51991964472 0.0126 0.0158 14.2242 "" "" 458583832982268032 2128.29028 0.4411 0.0204 -0.845 -1.197 0.017 0.019 1.138 9717.1 4.0989 14.47839 0.868947 14.820963 13.952016 "" "" 2043.13464 2218.13916 30450.257 6.3701 16108.0 14.177 20814.0 13.646 "" "" 0.0027646661008859327 0.0029492679 0.003845832 0.0067951 33.94746539671 57.51991964472 2128.29028 -0.8449999999999993 -1.1969999999999987 -0.022439391613006565 -0.061227294921875064 0.15804116 0.16004115 "" "" 0.6578419383550931 "" 0.10512684950166616 "" 0.95
33.79325346908 57.54828580691 0.0208 0.0263 14.3894 "" "" 458630871465774336 2247.80566 0.419 0.0346 -0.802 -1.036 0.028 0.035 2.066 10271.1 4.0191 14.50193 0.82202 14.818722 13.996702 "" "" 2081.01807 2442.53052 29797.15355 8.4344 16141.0 19.942 19975.0 11.579 "" "" 0.002772407002336831 0.0030958743 0.0038314278 0.006927302 33.79325346908 57.54828580691 2247.80566 -0.8019999999999998 -1.0360000000000003 0.020560608386993362 0.09977270507812497 0.16904116 0.17604116 "" "" 1.0853753223329012 "" 0.1907671362369278 "" 0.88
33.60378374719 57.29811460853 0.0117 0.0153 4.5654 "" "" 458602662119938432 2153.17554 0.4321 0.0203 -0.792 -0.997 0.016 0.021 0.978 7972.9 4.1742 14.52638 0.745369 14.812905 14.067536 "" "" 2064.19873 2230.22363 29133.6468 6.3845 16228.0 11.161 18713.0 13.062 "" "" 0.0027655744336737486 0.0028883647 0.0038546184 0.006742983 33.60378374719 57.29811460853 2153.17554 -0.792 -0.9969999999999994 0.03056060838699337 0.138772705078125 0.15704116 0.16204116 "" "" 1.4502586107575097 "" 0.23467112572182952 "" 0.96
34.18505693395 57.34890277985 0.012 0.0143 14.5092 "" "" 458577854387938688 2239.89697 0.4076 0.0197 -0.62 -0.802 0.016 0.018 1.002 9988.9 4.0646 14.560753 0.86353 14.902795 14.039265 "" "" 2140.49878 2336.8501 28225.7631 5.9635 14938.0 15.345 19207.0 14.986 "" "" 0.002764852704135136 0.0030048266 0.0038731585 0.006877985 34.18505693395 57.34890277985 2239.89697 -0.6199999999999999 -0.8019999999999999 0.2025606083869934 0.33377270507812495 0.15704116 0.15904117 "" "" 4.145231198636717 "" 0.657041152649621 "" 0.89
33.48317851566 57.14738662076 0.0119 0.0155 12.8978 "" "" 458595446574826496 2342.0022 0.3983 0.0195 -0.911 -1.173 0.016 0.021 0.977 9816.6 3.7227 14.585888 0.767034 14.882668 14.115635 "" "" 2245.21826 2446.479 27579.84014 6.2056 15218.0 15.517 17902.0 11.956 "" "" 0.0027661290520334717 0.0030017742 0.0038483143 0.0068500885 33.48317851566 57.14738662076 2342.0022 -0.911 -1.173 -0.08843939161300662 -0.03722729492187504 0.15704116 0.16204116 "" "" 1.0652071826948644 "" 0.1680938221181229 "" 0.92
33.41857847204 57.48307188038 0.0117 0.0144 14.7574 "" "" 458609740225707136 2292.86646 0.4079 0.0188 -0.873 -0.975 0.016 0.019 1.004 6746.9 3.8137 14.643983 1.09653 15.104996 14.008466 -38.75 25.63 2197.34204 2380.78979 26142.88412 4.6123 12400.0 11.423 19759.0 12.736 "" "" 0.002761970647040575 0.0029640226 0.0038436297 0.0068076523 33.41857847204 57.48307188038 2292.86646 -0.8729999999999996 -0.9749999999999992 -0.05043939161300659 0.16077270507812502 0.15704116 0.16004115 0.0 51.26 1.8312812867793966 1.8312812867793966 0.29259228948006577 0.29259228948006577 0.97
33.6720931166 57.32854817196 0.0132 0.0165 2.5501 "" "" 458604139588682240 2303.88794 0.4041 0.0217 -1.171 -1.209 0.017 0.022 1.044 "" "" 14.681474 0.812789 14.995823 14.183034 "" "" 2205.05591 2416.25439 25255.57721 6.1984 13712.0 13.981 16825.0 11.688 "" "" 0.002768175410145578 0.0030017623 0.0038539078 0.0068556704 33.6720931166 57.32854817196 2303.88794 -1.1710000000000007 -1.2090000000000005 -0.34843939161300663 -0.07322729492187507 0.15804116 0.16304116 "" "" 3.8882285606699556 "" 0.6153349341717562 "" 0.84
33.79544715351 57.27712420807 0.0137 0.02 2.606 "" "" 458556173392106112 2197.7959 0.4237 0.0223 -0.606 -1.084 0.018 0.024 1.047 9795.4 3.9316 14.7006 0.724156 14.978482 14.254326 "" "" 2090.86133 2313.771 24814.58777 6.7312 13932.0 13.303 15755.0 11.92 "" "" 0.002771015955088725 0.002976547 0.0038676234 0.0068441704 33.79544715351 57.27712420807 2197.7959 -0.6060000000000001 -1.0839999999999994 0.21656060838699343 0.051772705078124925 0.15904117 0.16504116 "" "" 2.3196058118545926 "" 0.3696786487320628 "" 0.97
33.96308186203 57.49311624366 0.0125 0.0167 13.0906 "" "" 458583386305694464 2399.06567 0.3876 0.0214 -0.788 -0.984 0.017 0.021 0.979 9746.7 3.761 14.731505 0.839829 15.059738 14.219909 "" "" 2302.72632 2551.44214 24118.19324 5.545 12928.0 11.284 16263.0 14.228 "" "" 0.0027666044244977666 0.002946714 0.0038969212 0.006843635 33.96308186203 57.49311624366 2399.06567 -0.7880000000000003 -0.984 0.034560608386993374 0.15177270507812501 0.15804116 0.16204116 "" "" 1.7700751903697574 "" 0.2864800964385417 "" 0.95
