Clusters/UBC_46/UBC_46_stars_in_region.tsv
# %ECSV 1.0
# ---
# datatype:
# - name: RA_ICRS_1
#   unit: deg
#   datatype: float64
#   format: '{:15.11f}'
#   description: Right ascension (ICRS) at Ep=2016.0 (ra)
#   meta: !!omap
#   - {ucd: POS_EQ_RA_MAIN}
#   - {width: 15}
#   - {precision: '11'}
# - name: DE_ICRS_1
#   unit: deg
#   datatype: float64
#   format: '{:15.11f}'
#   description: Declination (ICRS) at Ep=2016.0 (dec)
#   meta: !!omap
#   - {ucd: POS_EQ_DEC_MAIN}
#   - {width: 15}
#   - {precision: '11'}
# - name: e_RA_ICRS
#   unit: mas
#   datatype: float64
#   format: '{:7.4f}'
#   description: Standard error of right ascension (ra_error)
#   meta: !!omap
#   - {ucd: ERROR}
#   - {width: 7}
#   - {precision: '4'}
# - name: e_DE_ICRS
#   unit: mas
#   datatype: float64
#   format: '{:7.4f}'
#   description: Standard error of declination (dec_error)
#   meta: !!omap
#   - {ucd: ERROR}
#   - {width: 7}
#   - {precision: '4'}
# - name: _r_1
#   unit: ''
#   datatype: float64
#   format: '{:7.4f}'
#   description: Distance from center (033.74291571000+57.30999903000)[ICRS], at Epoch=J2016.0
#   meta: !!omap
#   - {ucd: POS_ANG_DIST_GENERAL}
#   - {width: 7}
#   - {precision: '4'}
# - name: HIP
#   datatype: int32
#   description: '? HIP cross-id number, van Leeuwen, Cat. I/311 (hip_original_ext_source_id)'
#   meta: !!omap
#   - {ucd: ID_NUMBER}
#   - {width: 6}
#   - values: {'null': -2147483648}
# - name: TYC2
#   datatype: string
#   description: Tycho-2 cross-id name, Hog et al., Cat. I/259 (tyc2_original_ext_source_id)
#   meta: !!omap
#   - {ucd: ID_CROSSID}
#   - {_votable_string_dtype: char}
# - name: Source
#   datatype: int64
#   description: Source identifier, identical to the Gaia-EDR3 source_id (id)
#   meta: !!omap
#   - {ucd: ID_MAIN}
#   - {width: 19}
# - name: rgeo
#   unit: pc
#   datatype: float64
#   format: '{:15.8f}'
#   description: '? Median of the geometric distance posterior (r_med_geo)'
#   meta: !!omap
#   - {ucd: PHYS_DISTANCE_TRUE}
#   - {width: 15}
#   - {precision: '8'}
#   - values: {'null': .nan}
# - name: Plx
#   unit: mas
#   datatype: float64
#   format: '{:9.4f}'
#   description: '? Parallax (parallax)'
#   meta: !!omap
#   - {ucd: POS_PARLX_TRIG}
#   - {width: 9}
#   - {precision: '4'}
#   - values: {'null': .nan}
# - name: e_Plx
#   unit: mas
#   datatype: float32
#   format: '{:7.4f}'
#   description: '? Standard error of parallax (parallax_error)'
#   meta: !!omap
#   - {ucd: ERROR}
#   - {width: 7}
#   - {precision: '4'}
#   - values: {'null': .nan}
# - name: pmRA
#   unit: mas / yr
#   datatype: float64
#   format: '{:9.3f}'
#   description: '? Proper motion in right ascension direction, pmRA*cosDE (pmra)'
#   meta: !!omap
#   - {ucd: POS_EQ_PMRA}
#   - {width: 9}
#   - {precision: '3'}
#   - values: {'null': .nan}
# - name: pmDE
#   unit: mas / yr
#   datatype: float64
#   format: '{:9.3f}'
#   description: '? Proper motion in declination direction (pmdec)'
#   meta: !!omap
#   - {ucd: POS_EQ_PMDEC}
#   - {width: 9}
#   - {precision: '3'}
#   - values: {'null': .nan}
# - name: e_pmRA
#   unit: mas / yr
#   datatype: float32
#   format: '{:6.3f}'
#   description: '? Standard error of proper motion in right ascension direction (pmra_error)'
#   meta: !!omap
#   - {ucd: ERROR}
#   - {width: 6}
#   - {precision: '3'}
#   - values: {'null': .nan}
# - name: e_pmDE
[...]
#         value: !astropy.table.SerializedColumn {name: SkyCoord.dec}
#       distance: !astropy.table.SerializedColumn
#         __class__: astropy.coordinates.distances.Distance
#         unit: !astropy.units.Unit {unit: pc}
#         value: !astropy.table.SerializedColumn {name: SkyCoord.distance}
#       frame: icrs
#       obstime: !astropy.time.Time {format: jyear_str, in_subfmt: '*', jd1: 367701545.0, jd2: 0.0, out_subfmt: '*', precision: 3, scale: tt}
#       pm_dec: !astropy.table.SerializedColumn
#         __class__: astropy.units.quantity.Quantity
#         unit: !astropy.units.Unit {unit: mas / yr}
#         value: !astropy.table.SerializedColumn {name: SkyCoord.pm_dec}
#       pm_ra_cosdec: !astropy.table.SerializedColumn
#         __class__: astropy.units.quantity.Quantity
#         unit: !astropy.units.Unit {unit: mas / yr}
#         value: !astropy.table.SerializedColumn {name: SkyCoord.pm_ra_cosdec}
#       ra: !astropy.table.SerializedColumn
#         __class__: astropy.coordinates.angles.Longitude
#         unit: *id001
#         value: !astropy.table.SerializedColumn {name: SkyCoord.ra}
#         wrap_angle: !astropy.coordinates.Angle
#           unit: *id001
#           value: 360.0
#       representation_type: spherical
# schema: astropy-2.0
RA_ICRS_1 DE_ICRS_1 e_RA_ICRS e_DE_ICRS _r_1 HIP TYC2 Source rgeo Plx e_Plx pmRA pmDE e_pmRA e_pmDE RUWE Teff logg Gmag BP-RP BPmag RPmag RV e_RV b_rgeo B_rgeo FG e_FG FBP e_FBP FRP e_FRP RAVE5 RAVE6 e_Gmag e_BPmag e_RPmag e_BP-RP SkyCoord.ra SkyCoord.dec SkyCoord.distance SkyCoord.pm_ra_cosdec SkyCoord.pm_dec rmRA rmDE e_rmRA e_rmDE rRV e_rRV v_pec v_pec3d e_vpec e_vpec3d
[from data line 31]
34.43047271527 57.10296473873 0.0099 0.0128 25.5642 "" "" 458558578574918272 2152.27026 0.4093 0.0169 -0.685 -1.247 0.013 0.017 1.106 16078.4 4.0032 11.678685 0.39654 11.812539 11.415999 "" "" 2072.74829 2241.40161 401303.16019 103.04 257280.0 245.44 215160.0 99.694 "" "" 0.002769387340959178 0.0029762173 0.0038127168 0.006788934 34.43047271527 57.10296473873 2152.27026 -0.6850000000000005 -1.2470000000000003 0.13756060838699335 -0.11122729492187511 0.15404116 0.15804116 "" "" 1.8047152320305186 "" 0.28087640828878807 ""
33.10996045512 57.3037977773 0.01 0.0131 20.5163 "" 3693-1764-1 458611458212821504 2373.80688 0.3615 0.0165 -0.819 -1.186 0.013 0.016 1.14 "" "" 11.706479 0.353221 11.819591 11.46637 "" "" 2299.95508 2453.85889 391160.58205 170.4 255610.0 383.65 205400.0 190.87 "" "" 0.002795620748336018 0.0032311997 0.003911735 0.007142935 33.10996045512 57.3037977773 2373.80688 -0.8190000000000002 -1.186 0.003560608386993458 -0.05022729492187494 0.15404116 0.15704116 "" "" 0.566567983937448 "" 0.0889660765097107 ""
33.92875061057 56.93171915766 0.0092 0.011 23.4901 "" "" 458530266149634432 2054.24878 0.4628 0.0157 -0.523 -2.424 0.012 0.014 1.266 4561.1 1.9366 11.738435 1.925971 12.701474 10.775503 -12.96 0.21 1994.05298 2119.75586 379815.49047 81.637 113460.0 79.521 388110.0 145.99 "" "" 0.002765185232442462 0.0028920774 0.0038013842 0.006693462 33.92875061057 56.93171915766 2054.24878 -0.5230000000000002 -2.4240000000000013 0.2995606083869934 -1.288227294921875 0.15304115 0.15504116 25.79 25.839998 12.8783232539842 28.826642361435546 1.9953569364712482 23.135153813504697
34.1457670094 57.16998065632 0.0086 0.0109 15.5451 "" "" 458563423297975424 2364.22559 0.3682 0.0144 -0.0 -1.723 0.011 0.014 1.052 "" "" 11.754855 0.576726 11.964797 11.388071 -34.99 8.79 2292.97974 2432.7627 374114.52735 89.915 223610.0 118.18 220760.0 103.81 "" "" 0.0027676492933268117 0.0028485644 0.0038137112 0.0066622756 34.1457670094 57.16998065632 2364.22559 -2.220446049250313e-16 -1.722999999999999 0.8225606083869934 -0.5872272949218751 0.15204117 0.15504116 3.759999999999998 34.42 11.325935376441642 11.933750967375357 1.7335536751132392 10.968895012806637
34.21729741624 57.46555332339 0.009 0.0114 17.9562 "" "" 458584790749192448 2077.19312 0.4256 0.0148 -1.162 -1.131 0.012 0.014 1.146 13397.1 3.7257 11.776046 0.563202 11.980268 11.417067 "" "" 2024.93018 2143.01904 366883.56601 77.11 220450.0 123.19 214950.0 76.781 "" "" 0.002764753607744923 0.0028553738 0.0037992287 0.0066546025 34.21729741624 57.46555332339 2077.19312 -1.162 -1.131 -0.3394393916130065 0.004772705078124995 0.15304115 0.15504116 "" "" 3.3424150879242203 "" 0.5115283926501001 ""
33.79427330399 57.72941118319 0.0148 0.0182 25.2191 "" 3694-895-1 458641694784413696 2124.59229 0.4383 0.0256 -1.007 -1.176 0.021 0.025 1.15 17140.1 3.6067 11.810488 0.499409 11.988682 11.489273 "" "" 2015.0127 2265.07227 355428.16014 125.07 218750.0 162.32 201120.0 124.64 "" "" 0.0027816820867053466 0.0029041567 0.0038388113 0.006742968 33.79427330399 57.72941118319 2124.59229 -1.007 -1.176 -0.1844393916130065 -0.040227294921874934 0.16204116 0.16604117 "" "" 1.9010746736893938 "" 0.30840171615724304 ""
33.66508415663 57.06094943279 0.0374 0.0499 15.1558 "" 3694-3063-1 458547102421340416 2278.06812 0.4064 0.0647 -0.735 -0.125 0.049 0.065 4.299 13453.5 3.5705 11.833609 0.617708 12.058785 11.441077 -52.5 9.49 2010.78552 2668.44873 347939.02611 73.282 205070.0 98.597 210250.0 67.979 "" "" 0.0027647932291240793 0.0028385827 0.00379565 0.0066342326 33.66508415663 57.06094943279 2278.06812 -0.735 -0.12500000000000008 0.08756060838699342 1.010772705078125 0.19004115 0.20604116 -13.75 35.12 10.955242851868379 17.580666823059165 2.2559756717655635 27.503622346954298
33.94689836829 57.01069543578 0.0102 0.0137 19.1454 "" "" 458537138097234816 2160.45752 0.4476 0.018 -3.448 -1.027 0.014 0.017 1.208 "" "" 11.930962 2.295373 13.146929 10.851556 -43.43 0.21 2088.43213 2228.33643 318098.86906 76.751 75274.0 81.138 361860.0 170.89 "" "" 0.0027677456529127914 0.003025672 0.0038140048 0.0068396768 33.94689836829 57.01069543578 2160.45752 -3.4480000000000004 -1.027 -2.6254393916130065 0.10877270507812509 0.15504116 0.15804116 -4.68 25.839998 26.90905690026237 27.312995867563814 4.1721510123386425 6.041479949307082
34.35722683373 57.11172577158 0.0112 0.0144 23.2368 "" "" 458558819093050880 2016.27161 0.4547 0.0186 -0.825 -1.221 0.015 0.019 1.283 16209.7 4.4003 12.056203 0.362053 12.177775 11.815722 "" "" 1912.56982 2099.9646 283442.95195 167.07 183780.0 382.47 148890.0 275.73 "" "" 0.002828665115167541 0.003590355 0.004280953 0.007871308 34.35722683373 57.11172577158 2016.27161 -0.825 -1.221 -0.0024393916130065474 -0.08522729492187509 0.15604116 0.16004115 "" "" 0.814861692675959 "" 0.13040877045281535 ""
34.10742700557 57.17410780607 0.0081 0.0104 14.3709 "" "" 458540020010123008 2187.99438 0.4204 0.0135 -0.696 -1.133 0.011 0.013 1.039 13167.1 3.8081 12.062163 0.479117 12.2336 11.754482 "" "" 2126.96533 2270.8501 281891.14814 50.587 174570.0 101.96 157530.0 63.82 "" "" 0.0027622006940225515 0.002861325 0.0038048925 0.0066662175 34.10742700557 57.17410780607 2187.99438 -0.6960000000000004 -1.133 0.12656060838699346 0.002772705078124993 0.15204117 0.15404116 "" "" 1.3128868424191658 "" 0.19961411563864975 ""
34.19257800627 56.96444801082 0.01 0.0127 25.3808 "" "" 458533358526035456 2005.5802 0.4559 0.018 -0.616 -1.244 0.014 0.017 0.997 14472.9 3.9687 12.079685 0.325137 12.189975 11.864838 "" "" 1945.20715 2086.90991 277378.45578 115.83 181730.0 179.2 142310.0 162.73 "" "" 0.0027923739992715686 0.0029885243 0.0039780797 0.006966604 34.19257800627 56.96444801082 2005.5802 -0.616 -1.244 0.20656060838699342 -0.108227294921875 0.15504116 0.15804116 "" "" 2.2168673286275298 "" 0.3451490008525447 ""
33.66546575273 57.28314918609 0.0075 0.0097 2.9831 "" "" 458555619331332992 1677.9679 0.5926 0.0127 -0.061 -1.542 0.01 0.013 1.166 "" "" 12.245235 1.743731 13.08656 11.34283 -10.74 0.25 1637.14929 1713.65869 238151.35069 32.236 79578.0 45.999 230160.0 50.398 "" "" 0.002759236844467633 0.0028598818 0.0037868521 0.0066467337 33.66546575273 57.28314918609 1677.9679 -0.06099999999999983 -1.5419999999999998 0.7615606083869935 -0.40622729492187504 0.15104116 0.15404116 28.009999999999998 25.88 6.864971209108369 28.83900015087012 1.0414902386426765 25.137280477657615
34.14005964618 57.09973882681 0.0086 0.0113 18.048 "" "" 458538954858238208 2402.63965 0.4115 0.0147 -1.586 0.01 0.012 0.014 1.214 "" "" 12.276569 2.163839 13.401465 11.237626 -59.39 0.36 2322.53809 2477.25073 231376.34976 58.773 59543.0 75.981 253580.0 154.49 "" "" 0.0027690885079047303 0.0031152188 0.0038368306 0.006952049 34.14005964618 57.09973882681 2402.63965 -1.5859999999999999 0.009999999999999554 -0.7634393916130067 1.145772705078125 0.15304115 0.15504116 -20.64 25.99 15.679937148007378 25.92045580165329 2.421436800108585 20.747149642359137
33.89301280911 56.91048263862 0.0082 0.0099 24.4647 "" "" 458530571082088192 2131.14355 0.4431 0.0146 -0.718 -1.19 0.011 0.012 1.056 13678.3 3.9554 12.279997 0.52245 12.470045 11.947595 "" "" 2070.03027 2211.13623 230647.07896 51.328 140410.0 91.636 131860.0 72.422 "" "" 0.002765893894635014 0.0028787397 0.0038261376 0.006704877 33.89301280911 56.91048263862 2131.14355 -0.718 -1.19 0.10456060838699344 -0.05422729492187495 0.15204117 0.15304115 "" "" 1.1898285435886933 "" 0.18115576304285846 ""
34.12101135139 57.52498643753 0.0349 0.0462 17.7661 "" 3694-1096-1 458588845198313216 1928.49707 0.5099 0.0608 0.585 -1.108 0.047 0.058 4.707 11248.2 4.2066 12.293423 0.673278 12.52162 11.848342 -13.42 12.65 1732.90601 2189.06177 227812.60051 162.34 133900.0 67.853 144480.0 55.743 "" "" 0.002861887441250313 0.0028438983 0.0038025256 0.0066464236 34.12101135139 57.52498643753 1928.49707 0.585 -1.108 1.4075606083869934 0.027772705078124904 0.18804115 0.19904116 25.33 38.28 12.869122999212813 28.411674128232363 2.4199813965534465 34.14555467698319
33.85534060397 57.09638218604 0.0084 0.0104 13.3276 "" 3694-3676-1 458549645041931776 2372.77954 0.3912 0.0141 -0.751 -1.136 0.011 0.013 1.116 13574.3 3.6673 12.295488 0.524965 12.485894 11.960929 "" "" 2287.28271 2472.08081 227379.59533 50.759 138380.0 95.288 130250.0 78.844 "" "" 0.0027659599630633384 0.0028885992 0.0038361014 0.0067247003 33.85534060397 57.09638218604 2372.77954 -0.7510000000000001 -1.1359999999999997 0.07156060838699341 -0.00022729492187489875 0.15204117 0.15404116 "" "" 0.804844434766767 "" 0.12236950347821475 ""
34.14584741233 57.04482819341 0.0087 0.0119 20.612 "" "" 458538168889337728 2158.14087 0.4406 0.0149 -0.751 -1.202 0.011 0.015 1.017 14145.2 4.1415 12.301847 0.395099 12.439074 12.043975 "" "" 2080.35156 2239.72217 226051.65125 51.55 144470.0 99.499 120660.0 66.989 "" "" 0.002766422537357914 0.0028886332 0.0038271504 0.006715784 34.14584741233 57.04482819341 2158.14087 -0.751 -1.202 0.07156060838699341 -0.06622729492187496 0.15204117 0.15604116 "" "" 0.9974228493493832 "" 0.15350286493015305 ""
34.48184757743 57.21876864886 0.008 0.0108 24.592 "" "" 458561052475969920 2238.60669 0.4238 0.014 -0.645 -1.153 0.011 0.015 1.116 "" "" 12.333631 0.527087 12.525473 11.998385 -20.68 36.3 2177.46729 2291.83862 219530.10333 45.942 133420.0 84.095 125840.0 54.877 "" "" 0.0027646730021121863 0.0028728684 0.0038089245 0.006681793 34.48184757743 57.21876864886 2238.60669 -0.645 -1.153 0.1775606083869934 -0.017227294921875025 0.15204117 0.15604116 18.07 61.93 1.892941838162009 18.168878028174007 0.2878766164803501 61.59297434090014
33.46680140193 57.36319353364 0.0305 0.0403 9.4937 "" "" 458603933430029568 2304.29883 0.4313 0.0519 0.282 -3.898 0.042 0.054 4.744 4862.7 2.1393 12.334162 1.634163 13.097106 11.462943 -34.68 0.36 2061.33936 2559.89209 219422.86452 83.466 78809.0 48.733 206050.0 58.849 "" "" 0.00278610121056273 0.0028698093 0.0037920817 0.006661891 33.46680140193 57.36319353364 2304.29883 0.28200000000000003 -3.8980000000000006 1.1045606083869934 -2.762227294921875 0.18304116 0.19504116 4.07 25.99 32.492837748732256 32.74674647908461 6.285125021803258 7.023313092708015
33.72839333996 57.14636574223 0.0091 0.0124 9.8293 "" "" 458553660826256256 1878.66589 0.5054 0.0149 0.057 0.103 0.012 0.015 1.041 "" "" 12.368034 0.442089 12.523903 12.081814 "" "" 1835.51465 1926.51648 212683.18952 82.008 133620.0 168.68 116530.0 132.92 "" "" 0.0027869435275058177 0.0031086397 0.0039771185 0.0070857583 33.72839333996 57.14636574223 1878.66589 0.05700000000000001 0.10300000000000001 0.8795606083869935 1.238772705078125 0.15304115 0.15604116 "" "" 13.528921249821504 "" 2.097552705772337 ""
34.31809905101 57.12986251846 0.0072 0.0095 21.5855 "" "" 458559261463611776 1662.02637 0.5945 0.0126 5.066 0.313 0.01 0.012 1.051 5009.3 2.7209 12.391246 1.663575 13.183662 11.520087 -1.08 0.44 1628.44263 1700.06885 208184.48507 31.835 72770.0 33.491 195490.0 58.204 "" "" 0.0027603178500828756 0.0028345613 0.0037931814 0.0066277427 34.31809905101 57.12986251846 1662.02637 5.066000000000001 0.3129999999999999 5.888560608386993 1.448772705078125 0.15104116 0.15304115 37.67 26.07 47.77351646469382 60.83862075526015 7.221255078295633 17.10901941052969
33.11550005229 57.52654565163 0.0087 0.0118 24.0781 "" "" 458621078939353216 2275.62598 0.4118 0.0149 -0.829 -1.014 0.011 0.015 1.002 14383.4 3.9179 12.46279 0.359606 12.587348 12.227742 "" "" 2208.95068 2354.13354 194908.53467 78.059 126030.0 172.53 101870.0 110.95 "" "" 0.002789419987220207 0.003161364 0.003960058 0.0071214223 33.11550005229 57.52654565163 2275.62598 -0.8289999999999993 -1.014 -0.006439391613006551 0.12177270507812499 0.15204117 0.15604116 "" "" 1.315332492055806 "" 0.20523152426796815 ""
33.03612252647 57.32433563775 0.0075 0.0099 22.9156 "" "" 458612385925743744 1822.37488 0.5388 0.0132 -0.923 0.857 0.01 0.013 1.092 5036.0 2.6578 12.504065 1.591435 13.251708 11.660274 -22.38 0.91 1772.05847 1864.97083 187638.07362 31.16 68349.0 43.797 171810.0 49.824 "" "" 0.0027612131849313695 0.0028756005 0.0037924745 0.006668075 33.03612252647 57.32433563775 1822.37488 -0.9230000000000004 0.8569999999999995 -0.10043939161300663 1.992772705078125 0.15104116 0.15404116 16.37 26.539999 17.235534553047646 23.770581636327275 2.6548519230892307 18.378295324488764
34.52658747648 57.27957084016 0.0106 0.0136 25.4712 "" "" 458567202869080576 2152.03931 0.4419 0.0179 -0.976 -1.233 0.014 0.019 1.381 13368.3 3.921 12.57222 0.57346 12.782962 12.209502 "" "" 2053.48706 2237.53247 176221.47469 37.566 105250.0 60.11 103600.0 38.628 "" "" 0.002765024287441048 0.0028582425 0.0038010012 0.0066592437 34.52658747648 57.27957084016 2152.03931 -0.976 -1.233 -0.15343939161300657 -0.0972272949218751 0.15504116 0.16004115 "" "" 1.852953040019101 "" 0.289968472453801 ""
33.2868645249 57.56217191437 0.0105 0.0132 21.1148 "" "" 458622178451358592 2200.36548 0.4273 0.0184 -0.798 -0.908 0.014 0.017 1.236 14144.6 4.046 12.597041 0.377851 12.729416 12.351565 "" "" 2125.96606 2275.6438 172238.4778 54.793 110570.0 104.45 90893.0 69.205 "" "" 0.002776884737602898 0.0029727072 0.0038687347 0.0068414416 33.2868645249 57.56217191437 2200.36548 -0.7980000000000003 -0.9080000000000006 0.024560608386993366 0.22777270507812497 0.15504116 0.15804116 "" "" 2.389379271189591 "" 0.37753866750670234 ""
34.29232522344 57.21999586552 0.008 0.0109 18.6257 "" "" 458563114060288768 2149.18823 0.4388 0.0141 -0.778 -1.526 0.011 0.014 1.052 6647.2 3.2957 12.64414 0.549538 12.838089 12.288551 "" "" 2088.63525 2215.48975 164926.53053 36.622 100040.0 91.554 96325.0 58.616 "" "" 0.0027658475902593545 0.0029618177 0.0038366972 0.006798515 34.29232522344 57.21999586552 2149.18823 -0.7779999999999999 -1.525999999999999 0.04456060838699338 -0.390227294921875 0.15204117 0.15504116 "" "" 4.00113925635339 "" 0.6201882347961776 ""
34.44250210446 57.19026416387 0.0075 0.0099 23.8166 "" "" 458560605799398400 2152.57373 0.4366 0.0129 -0.616 -1.216 0.01 0.013 0.983 6628.3 3.2733 12.663472 0.594347 12.883255 12.288908 "" "" 2098.31372 2202.58569 162015.9599 35.212 95965.0 58.693 96293.0 57.379 "" "" 0.0027654061816418064 0.002868101 0.003834357 0.006702458 34.44250210446 57.19026416387 2152.57373 -0.6160000000000003 -1.2160000000000006 0.20656060838699342 -0.08022729492187497 0.15104116 0.15404116 "" "" 2.2609632491088814 "" 0.34239526082973426 ""
33.86826248206 57.15166906326 0.0072 0.0097 10.3352 "" "" 458550912047186432 1611.35889 0.6086 0.0126 2.339 -2.035 0.01 0.012 1.006 "" "" 12.680934 1.72381 13.510899 11.787088 -37.5 0.63 1576.85339 1639.99548 159431.20338 22.35 53834.0 30.042 152870.0 34.559 "" "" 0.002759520922534411 0.002855198 0.0037873439 0.006642542 33.86826248206 57.15166906326 1611.35889 2.339 -2.0349999999999993 3.1615606083869934 -0.8992272949218751 0.15104116 0.15304115 1.25 26.259998 25.10524248571455 25.136342221304336 3.7957059517708194 4.009622476741423
34.33496436769 57.1267685321 0.0101 0.0139 22.1537 "" "" 458559575007290752 1945.9021 0.4825 0.0175 -1.025 -1.107 0.014 0.018 1.189 7142.0 3.6392 12.742145 0.458041 12.904095 12.446053 "" "" 1883.24683 2005.16565 150691.51362 35.725 94141.0 75.646 83318.0 65.186 "" "" 0.0027673170965304417 0.002923386 0.0038736674 0.0067970534 34.33496436769 57.1267685321 1945.9021 -1.0249999999999997 -1.1069999999999998 -0.2024393916130065 0.028772705078125016 0.15504116 0.15904117 "" "" 1.8859805484547882 "" 0.2925558733766261 ""
