Clusters/UBC_46/UBC_46_stars_in_region.tsv
# %ECSV 1.0
# ---
# datatype:
# - name: RA_ICRS_1
#   unit: deg
#   datatype: float64
#   format: '{:15.11f}'
#   description: Right ascension (ICRS) at Ep=2016.0 (ra)
#   meta: !!omap
#   - {ucd: POS_EQ_RA_MAIN}
#   - {width: 15}
#   - {precision: '11'}
# - name: DE_ICRS_1
#   unit: deg
#   datatype: float64
#   format: '{:15.11f}'
#   description: Declination (ICRS) at Ep=2016.0 (dec)
#   meta: !!omap
#   - {ucd: POS_EQ_DEC_MAIN}
#   - {width: 15}
#   - {precision: '11'}
# - name: e_RA_ICRS
#   unit: mas
#   datatype: float64
#   format: '{:7.4f}'
#   description: Standard error of right ascension (ra_error)
#   meta: !!omap
#   - {ucd: ERROR}
#   - {width: 7}
#   - {precision: '4'}
# - name: e_DE_ICRS
#   unit: mas
#   datatype: float64
#   format: '{:7.4f}'
#   description: Standard error of declination (dec_error)
#   meta: !!omap
#   - {ucd: ERROR}
#   - {width: 7}
#   - {precision: '4'}
# - name: _r_1
#   unit: ''
#   datatype: float64
#   format: '{:7.4f}'
#   description: Distance from center (033.74291571000+57.30999903000)[ICRS], at Epoch=J2016.0
#   meta: !!omap
#   - {ucd: POS_ANG_DIST_GENERAL}
#   - {width: 7}
#   - {precision: '4'}
# - name: HIP
#   datatype: int32
#   description: '? HIP cross-id number, van Leeuwen, Cat. I/311 (hip_original_ext_source_id)'
#   meta: !!omap
#   - {ucd: ID_NUMBER}
#   - {width: 6}
#   - values: {'null': -2147483648}
# - name: TYC2
#   datatype: string
#   description: Tycho-2 cross-id name, Hog et al., Cat. I/259 (tyc2_original_ext_source_id)
#   meta: !!omap
#   - {ucd: ID_CROSSID}
#   - {_votable_string_dtype: char}
# - name: Source
#   datatype: int64
#   description: Source identifier, identical to the Gaia-EDR3 source_id (id)
#   meta: !!omap
#   - {ucd: ID_MAIN}
#   - {width: 19}
# - name: rgeo
#   unit: pc
#   datatype: float64
#   format: '{:15.8f}'
#   description: '? Median of the geometric distance posterior (r_med_geo)'
#   meta: !!omap
#   - {ucd: PHYS_DISTANCE_TRUE}
#   - {width: 15}
#   - {precision: '8'}
#   - values: {'null': .nan}
# - name: Plx
#   unit: mas
#   datatype: float64
#   format: '{:9.4f}'
#   description: '? Parallax (parallax)'
#   meta: !!omap
#   - {ucd: POS_PARLX_TRIG}
#   - {width: 9}
#   - {precision: '4'}
#   - values: {'null': .nan}
# - name: e_Plx
#   unit: mas
#   datatype: float32
#   format: '{:7.4f}'
#   description: '? Standard error of parallax (parallax_error)'
#   meta: !!omap
#   - {ucd: ERROR}
#   - {width: 7}
#   - {precision: '4'}
#   - values: {'null': .nan}
# - name: pmRA
#   unit: mas / yr
#   datatype: float64
#   format: '{:9.3f}'
#   description: '? Proper motion in right ascension direction, pmRA*cosDE (pmra)'
#   meta: !!omap
#   - {ucd: POS_EQ_PMRA}
#   - {width: 9}
#   - {precision: '3'}
#   - values: {'null': .nan}
# - name: pmDE
#   unit: mas / yr
#   datatype: float64
#   format: '{:9.3f}'
#   description: '? Proper motion in declination direction (pmdec)'
#   meta: !!omap
#   - {ucd: POS_EQ_PMDEC}
#   - {width: 9}
#   - {precision: '3'}
#   - values: {'null': .nan}
# - name: e_pmRA
#   unit: mas / yr
#   datatype: float32
#   format: '{:6.3f}'
#   description: '? Standard error of proper motion in right ascension direction (pmra_error)'
#   meta: !!omap
#   - {ucd: ERROR}
#   - {width: 6}
#   - {precision: '3'}
#   - values: {'null': .nan}
# - name: e_pmDE
[...]
#         value: !astropy.table.SerializedColumn {name: SkyCoord.dec}
#       distance: !astropy.table.SerializedColumn
#         __class__: astropy.coordinates.distances.Distance
#         unit: !astropy.units.Unit {unit: pc}
#         value: !astropy.table.SerializedColumn {name: SkyCoord.distance}
#       frame: icrs
#       obstime: !astropy.time.Time {format: jyear_str, in_subfmt: '*', jd1: 367701545.0, jd2: 0.0, out_subfmt: '*', precision: 3, scale: tt}
#       pm_dec: !astropy.table.SerializedColumn
#         __class__: astropy.units.quantity.Quantity
#         unit: !astropy.units.Unit {unit: mas / yr}
#         value: !astropy.table.SerializedColumn {name: SkyCoord.pm_dec}
#       pm_ra_cosdec: !astropy.table.SerializedColumn
#         __class__: astropy.units.quantity.Quantity
#         unit: !astropy.units.Unit {unit: mas / yr}
#         value: !astropy.table.SerializedColumn {name: SkyCoord.pm_ra_cosdec}
#       ra: !astropy.table.SerializedColumn
#         __class__: astropy.coordinates.angles.Longitude
#         unit: *id001
#         value: !astropy.table.SerializedColumn {name: SkyCoord.ra}
#         wrap_angle: !astropy.coordinates.Angle
#           unit: *id001
#           value: 360.0
#       representation_type: spherical
# schema: astropy-2.0
RA_ICRS_1 DE_ICRS_1 e_RA_ICRS e_DE_ICRS _r_1 HIP TYC2 Source rgeo Plx e_Plx pmRA pmDE e_pmRA e_pmDE RUWE Teff logg Gmag BP-RP BPmag RPmag RV e_RV b_rgeo B_rgeo FG e_FG FBP e_FBP FRP e_FRP RAVE5 RAVE6 e_Gmag e_BPmag e_RPmag e_BP-RP SkyCoord.ra SkyCoord.dec SkyCoord.distance SkyCoord.pm_ra_cosdec SkyCoord.pm_dec rmRA rmDE e_rmRA e_rmDE rRV e_rRV v_pec v_pec3d e_vpec e_vpec3d
[from data line 526]
33.06041885764 57.47648036629 0.018 0.0244 24.222 "" "" 458615031625453952 2156.47241 0.4283 0.0309 -2.143 -0.611 0.024 0.032 0.997 4875.5 4.0678 15.666597 1.631249 16.440516 14.809267 "" "" 2028.19336 2304.42896 10193.13953 2.8142 3624.2 10.269 9450.4 9.5757 "" "" 0.002771577974046289 0.0041532125 0.003936244 0.008089457 33.06041885764 57.47648036629 2156.47241 -2.143 -0.6109999999999998 -1.3204393916130064 0.524772705078125 0.16504116 0.17304116 "" "" 14.52394720827312 "" 2.413227319335414 ""
34.11458590519 57.20988922631 0.0395 0.0527 13.4735 "" "" 458563728230469248 2024.79358 0.4632 0.0681 -0.716 -1.284 0.052 0.066 2.706 6995.1 4.4056 15.66876 1.201212 16.159914 14.958702 "" "" 1809.14941 2267.84131 10172.84963 7.653 4693.0 10.914 8235.3 14.241 "" "" 0.002873837917025022 0.0037630526 0.00422005 0.007983102 34.11458590519 57.20988922631 2024.79358 -0.7159999999999993 -1.284 0.10656060838699344 -0.14822729492187503 0.19304116 0.20704116 "" "" 1.7520799187620584 "" 0.35458561293807883 ""
33.38822198617 57.56521111556 0.0196 0.0234 19.1226 "" "" 458622281530146304 2173.91821 0.4307 0.0327 -1.062 -1.271 0.026 0.029 0.936 7903.0 4.3148 15.671941 0.932345 16.049948 15.117602 "" "" 2018.98987 2350.92456 10143.09675 3.1667 5193.2 11.422 7114.1 8.2206 "" "" 0.0027760925289209777 0.0036725353 0.003982181 0.0076547163 33.38822198617 57.56521111556 2173.91821 -1.0619999999999998 -1.2710000000000004 -0.23943939161300665 -0.1352272949218749 0.16704115 0.17004116 "" "" 2.8335645586168874 "" 0.4753915304037202 ""
34.49379922523 57.30840147176 0.0194 0.0251 24.3334 "" "" 458568027502963072 1609.4823 0.5891 0.0325 -2.001 -2.003 0.026 0.034 0.981 4918.4 4.0937 15.67443 1.753254 16.522999 14.769745 "" "" 1531.41992 1695.5752 10119.86577 2.943 3359.1 9.8629 9800.8 11.679 "" "" 0.002773352815821886 0.004236486 0.0039947033 0.008231189 34.49379922523 57.30840147176 1609.4823 -2.001 -2.003 -1.1784393916130065 -0.8672272949218751 0.16704115 0.17504117 "" "" 11.162278563073903 "" 1.8964104010010296 ""
33.41992628634 57.69444665403 0.021 0.0252 25.3078 "" "" 458646814384182656 1624.60327 0.5924 0.0367 -0.379 1.122 0.028 0.031 1.042 7229.9 4.3461 15.680164 1.20993 16.201902 14.991972 "" "" 1508.36462 1769.36707 10066.558 3.093 4515.0 10.598 7986.7 9.8459 "" "" 0.0027754417522189933 0.0037788984 0.0040093963 0.007788295 33.41992628634 57.69444665403 1624.60327 -0.379 1.122 0.4435606083869934 2.257772705078125 0.16904116 0.17204116 "" "" 17.71859435110733 "" 3.0463687922463265 ""
34.0805625229 57.59953429282 0.0212 0.0268 20.5077 "" "" 458590361332481792 2002.99402 0.477 0.036 -5.073 2.89 0.029 0.033 0.995 7186.3 4.2851 15.68138 1.375045 16.293894 14.918849 "" "" 1880.82544 2149.7356 10055.29364 3.3292 4148.2 7.8569 8543.2 9.7556 "" "" 0.0027786709270539423 0.0034661202 0.0039775465 0.0074436665 34.0805625229 57.59953429282 2002.99402 -5.073 2.8900000000000023 -4.250439391613007 4.025772705078126 0.17004116 0.17404115 "" "" 55.58205087258475 "" 9.55701399670113 ""
33.37133986925 57.43010099268 0.0189 0.024 14.0158 "" "" 458607987879106560 1790.32104 0.5244 0.0313 -1.926 -0.237 0.025 0.031 0.995 7106.1 4.3632 15.6845 1.122423 16.160246 15.037823 "" "" 1709.56348 1875.40784 10026.4456 3.0864 4691.6 8.603 7656.5 12.653 "" "" 0.0027755163314217585 0.0034276522 0.0041836738 0.007611326 33.37133986925 57.43010099268 1790.32104 -1.9259999999999997 -0.23700000000000054 -1.1034393916130065 0.898772705078125 0.16604117 0.17204116 "" "" 12.077068693867838 "" 2.034500650921558 ""
33.9161444656 57.03021083392 0.0192 0.0239 17.7078 "" "" 458537412975127552 2254.47705 0.4233 0.0319 1.718 -0.14 0.026 0.029 0.957 "" "" 15.68639 1.795498 16.56168 14.766182 "" "" 2108.32617 2415.77539 10008.99829 3.1749 3241.5 9.2376 9833.0 11.419 "" "" 0.002776760898939641 0.0041663703 0.003984155 0.008150525 33.9161444656 57.03021083392 2254.47705 1.718 -0.14000000000000018 2.5405606083869934 0.995772705078125 0.16704115 0.17004116 "" "" 29.15989871879351 "" 4.882642992797508 ""
33.51514085857 56.92177708561 0.0203 0.0255 24.4466 "" "" 457043520270102528 1793.1051 0.5401 0.0376 -0.911 1.051 0.029 0.034 0.983 7073.6 4.268 15.687513 1.179356 16.1942 15.014845 "" "" 1660.57031 1928.99219 9998.6486 3.1782 4547.1 11.097 7820.2 10.792 "" "" 0.002776849650320185 0.0038478456 0.004065554 0.0079133995 33.51514085857 56.92177708561 1793.1051 -0.911 1.051 -0.08843939161300662 2.186772705078125 0.17004116 0.17504117 "" "" 18.601270726721392 "" 3.2558384616814497 ""
33.96137656459 56.99978734411 0.0197 0.0241 19.9242 "" "" 458537069377767424 1727.27405 0.5404 0.0321 -5.976 -0.367 0.027 0.03 0.961 6679.6 4.3248 15.688563 1.206801 16.207037 15.000236 "" "" 1655.59558 1841.05127 9988.98259 2.7978 4493.7 10.175 7926.2 11.192 "" "" 0.0027720511582978702 0.0037187142 0.0040784907 0.007797205 33.96137656459 56.99978734411 1727.27405 -5.976000000000004 -0.3669999999999996 -5.153439391613007 0.768772705078125 0.16804115 0.17104116 "" "" 42.65953342373449 "" 7.171367575459882 ""
33.01947448792 57.21448835115 0.0205 0.0263 24.1632 "" "" 457109555386334464 2319.00391 0.4216 0.0353 -1.555 -0.332 0.027 0.033 1.033 6827.0 4.3179 15.689796 1.177113 16.192362 15.015249 "" "" 2138.36133 2488.39453 9977.65864 3.1315 4554.8 8.2531 7817.3 15.343 "" "" 0.0027763116703007646 0.0034139925 0.004338752 0.0077527445 33.01947448792 57.21448835115 2319.00391 -1.5549999999999997 -0.33199999999999996 -0.7324393916130065 0.8037727050781249 0.16804115 0.17404115 "" "" 11.953186813128186 "" 2.0481211886060184 ""
33.18064836589 57.24980180883 0.0207 0.0242 18.5897 "" "" 458599363584954624 2040.68567 0.4632 0.0327 5.528 1.064 0.027 0.03 1.028 5087.4 3.6246 15.691099 1.573009 16.42506 14.852052 "" "" 1922.25513 2172.85547 9965.68506 3.0399 3676.1 9.2099 9085.3 8.9909 "" "" 0.002775153299930181 0.0038966949 0.003929145 0.00782584 33.18064836589 57.24980180883 2040.68567 5.5280000000000005 1.0639999999999996 6.350560608386993 2.199772705078125 0.16804115 0.17104116 "" "" 65.00890748593704 "" 10.945231712732326 ""
33.98089235577 57.57456492103 0.0199 0.0252 17.6359 "" "" 458590086454599680 2259.04224 0.4089 0.034 1.501 0.537 0.027 0.032 1.04 6658.7 4.1729 15.692926 1.490278 16.374868 14.88459 "" "" 2141.74365 2418.63428 9948.92422 2.9259 3850.1 11.26 8817.0 9.4578 "" "" 0.0027737602632110837 0.0042270385 0.00395476 0.008181798 33.98089235577 57.57456492103 2259.04224 1.500999999999999 0.5370000000000003 2.3235606083869933 1.672772705078125 0.16804115 0.17304116 "" "" 30.657227312958955 "" 5.204509397372396 ""
33.72386329342 57.18124387632 0.0204 0.0284 7.75 "" "" 458553768210476160 1787.97888 0.5228 0.0331 -1.291 -0.104 0.026 0.035 1.005 7109.5 4.3678 15.695719 1.223246 16.220884 14.997639 "" "" 1685.25391 1889.62622 9923.36711 3.0424 4436.7 11.178 7945.2 11.173 "" "" 0.002775354996878168 0.003907393 0.0040761405 0.007983534 33.72386329342 57.18124387632 1787.97888 -1.291 -0.10399999999999977 -0.4684393916130065 1.031772705078125 0.16704115 0.17604116 "" "" 9.60332465031507 "" 1.676125172596469 ""
34.45808414942 57.32685203467 0.0196 0.0274 23.1921 "" "" 458568302380667904 1957.25488 0.4871 0.034 -0.729 -1.309 0.026 0.036 1.046 8535.5 4.1957 15.699518 0.991458 16.10222 15.110763 "" "" 1831.1311 2093.90015 9888.7103 3.1598 4949.1 9.1516 7159.0 12.75 "" "" 0.002777076007732823 0.0034374173 0.0042453273 0.0076827444 34.45808414942 57.32685203467 1957.25488 -0.729 -1.309 0.09356060838699343 -0.17322729492187494 0.16704115 0.17704116 "" "" 1.8265215432740922 "" 0.31933593280235395 ""
34.44919623497 57.12607046284 0.0191 0.0244 25.4605 "" "" 458558716013827456 2184.10986 0.4259 0.0324 -0.643 -1.16 0.026 0.032 0.916 7660.8 4.2626 15.703093 1.107328 16.163906 15.056578 "" "" 2045.6377 2355.67285 9856.20504 2.8922 4675.8 12.494 7525.4 11.43 "" "" 0.002773678787197741 0.0040251347 0.0041234912 0.0081486255 34.44919623497 57.12607046284 2184.10986 -0.643 -1.1599999999999997 0.1795606083869934 -0.02422729492187492 0.16704115 0.17304116 "" "" 1.875778162120011 "" 0.3135369204501739 ""
33.25664425102 57.25106508246 0.0259 0.036 16.1621 "" "" 458599982060239104 2314.29932 0.4043 0.0452 1.294 -1.655 0.036 0.045 1.32 6457.2 4.2765 15.705754 1.180282 15.966808 14.786527 "" "" 2026.26526 2663.99927 9832.07385 6.8015 5606.5 133.43 9650.5 159.72 "" "" 0.002855854431008186 0.025989814 0.018362552 0.044352368 33.25664425102 57.25106508246 2314.29932 1.294 -1.6550000000000002 2.1165606083869934 -0.519227294921875 0.17704116 0.18604116 "" "" 23.90663344405658 "" 4.244963389445068 ""
33.39843958533 57.44189615382 0.0188 0.0232 13.6672 "" "" 458608125318046336 1862.10718 0.5117 0.0313 -3.125 0.469 0.027 0.031 1.019 4999.0 4.1097 15.707171 1.500026 16.400953 14.900928 "" "" 1757.97668 1964.74573 9819.24395 2.5986 3758.7 9.204 8685.3 12.088 "" "" 0.0027702616707479537 0.0038540289 0.0040702773 0.007924306 33.39843958533 57.44189615382 1862.10718 -3.125000000000001 0.46900000000000064 -2.3024393916130066 1.6047727050781249 0.16804115 0.17204116 "" "" 24.77138434403025 "" 4.19526644876569 ""
33.27274185596 57.64185000474 0.0201 0.0243 25.0299 "" "" 458623655919644800 2289.42163 0.4048 0.033 0.241 -1.018 0.027 0.03 0.995 8726.3 4.3568 15.709426 0.970785 16.1028 15.132015 "" "" 2151.01074 2472.21997 9798.88096 3.2125 4946.5 13.925 7020.2 8.6471 "" "" 0.0027782172254790694 0.004138492 0.004009019 0.008147512 33.27274185596 57.64185000474 2289.42163 0.24099999999999988 -1.018 1.0635606083869935 0.11777270507812498 0.16804115 0.17104116 "" "" 11.612155829747037 "" 1.951745789667271 ""
33.33326996324 57.51142249748 0.0189 0.0233 17.9252 "" "" 458621697414640000 2209.03467 0.418 0.0316 -2.176 -3.273 0.025 0.029 1.011 5704.4 4.0029 15.714224 1.422934 16.355368 14.932433 "" "" 2063.34399 2367.85352 9755.67394 2.7437 3919.9 7.2163 8436.9 8.6211 "" "" 0.0027721887533321506 0.0034322224 0.003938856 0.0073710782 33.33326996324 57.51142249748 2209.03467 -2.176 -3.273000000000001 -1.3534393916130067 -2.137227294921875 0.16604117 0.17004116 "" "" 26.488368430588395 "" 4.474041213523152 ""
33.16909873903 57.42256578562 0.0184 0.0234 19.7567 "" "" 458613897754126592 2137.08936 0.4397 0.0311 -0.64 -1.371 0.025 0.029 0.983 6589.3 4.1831 15.715814 1.150767 16.202967 15.052199 "" "" 2024.84338 2270.84961 9741.39398 2.7898 4510.6 10.419 7555.8 12.749 "" "" 0.0027728095747810238 0.0037516367 0.004199984 0.007951621 33.16909873903 57.42256578562 2137.08936 -0.6400000000000003 -1.3710000000000002 0.1825606083869934 -0.235227294921875 0.16604117 0.17004116 "" "" 3.016237355262016 "" 0.5083827414698334 ""
33.60726074178 57.55175174646 0.0209 0.0269 15.1525 "" "" 458632933049935232 2108.52393 0.4387 0.0335 1.21 -0.081 0.027 0.034 0.983 6869.7 4.247 15.72302 1.235144 16.258823 15.02368 "" "" 1937.83374 2297.46436 9676.96199 2.8539 4284.4 10.865 7756.9 8.3271 "" "" 0.0027738634978062694 0.0039199586 0.0039550257 0.007874984 33.60726074178 57.55175174646 2108.52393 1.2100000000000002 -0.08100000000000016 2.0325606083869934 1.054772705078125 0.16804115 0.17504117 "" "" 22.886634121551836 "" 3.8804390415535353 ""
33.5358919685 57.20003247673 0.0198 0.0256 9.4167 "" "" 458595996330607488 1795.63623 0.529 0.0324 -0.533 -0.892 0.026 0.034 0.966 7464.3 4.3861 15.723881 1.216813 16.247383 15.03057 "" "" 1691.83923 1893.48425 9669.2904 2.8978 4329.8 11.398 7707.8 11.979 "" "" 0.002774466630048821 0.0039942553 0.004138961 0.008133216 33.5358919685 57.20003247673 1795.63623 -0.5329999999999996 -0.892 0.2895606083869934 0.24377270507812498 0.16704115 0.17504117 "" "" 3.2216255102167333 "" 0.5489809515330552 ""
33.89167293232 56.97656995524 0.0206 0.0253 20.5834 "" "" 458531400020963328 1841.33093 0.5023 0.035 -2.898 -1.296 0.028 0.031 0.967 7093.9 4.2378 15.724926 1.330676 16.310398 14.979722 "" "" 1741.63171 1957.61487 9659.98441 2.8859 4085.6 8.7489 8077.4 10.471 "" "" 0.0027743467197568505 0.003631893 0.0040329536 0.0076648467 33.89167293232 56.97656995524 1841.33093 -2.8979999999999997 -1.2959999999999994 -2.0754393916130067 -0.16022729492187504 0.16904116 0.17204116 "" "" 18.168146412615588 "" 3.071490261581872 ""
34.08384674602 57.4347235893 0.1099 0.1348 13.3285 "" "" 458579641094255360 1694.04028 0.7415 0.1796 -5.437 -5.898 0.157 0.165 5.272 5576.6 4.6048 15.725491 1.394434 16.313168 14.918734 "" "" 1320.68677 2431.55811 9654.96436 9.6423 4075.2 11.425 8544.1 10.049 "" "" 0.0029610001349609275 0.0041292165 0.003989283 0.008118499 34.08384674602 57.4347235893 1694.04028 -5.437 -5.898000000000005 -4.614439391613007 -4.762227294921875 0.29804116 0.30604118 "" "" 53.24630690567767 "" 16.090697425452053 ""
34.3677861216 57.06179290294 0.0271 0.0321 25.1909 "" "" 458558028811925376 1826.6543 0.5391 0.0418 -0.639 -1.063 0.039 0.045 1.23 "" "" 15.72565 "" "" "" "" "" 1693.1731 1979.08716 9653.54635 6.4217 "" "" "" "" "" "" 0.0028484090608494775 "" "" "" 34.3677861216 57.06179290294 1826.6543 -0.639 -1.0629999999999997 0.1835606083869934 0.07277270507812506 0.18004116 0.18604116 "" "" 1.7096741589816846 "" 0.3092249962746076 ""
33.96918603267 57.17208405505 0.0198 0.0245 11.0653 "" "" 458551534827470720 1746.08374 0.5394 0.033 -4.419 -5.073 0.026 0.03 1.123 5901.0 4.1329 15.725907 1.417751 16.318628 14.900877 "" "" 1639.36462 1869.5575 9651.25167 3.3223 4054.8 13.522 8685.8 57.133 "" "" 0.002780553430241805 0.0045710737 0.008080074 0.012651147 33.96918603267 57.17208405505 1746.08374 -4.419 -5.073 -3.596439391613006 -3.9372272949218754 0.16704115 0.17104116 "" "" 44.134549099556224 "" 7.469042055883143 ""
33.59931537476 57.59357548134 0.0227 0.0271 17.6347 "" "" 458633551525212928 1772.54993 0.5361 0.0371 -2.869 -0.83 0.029 0.034 1.066 6859.9 4.2624 15.730214 1.250566 16.273104 15.022537 "" "" 1665.40759 1872.8147 9613.04911 2.9792 4228.4 8.7825 7765.0 9.9398 "" "" 0.002775789984602956 0.0035875533 0.0040268283 0.0076143816 33.59931537476 57.59357548134 1772.54993 -2.8689999999999998 -0.8299999999999988 -2.046439391613007 0.30577270507812504 0.17004116 0.17504117 "" "" 17.384823506167077 "" 2.9580610583499953 ""
33.01518509059 57.40029234661 0.0188 0.0249 24.1685 "" "" 458614378790494976 2324.96631 0.3993 0.0318 -0.094 -3.129 0.026 0.033 1.002 6708.3 4.3036 15.731164 1.123782 16.207958 15.084176 "" "" 2173.75708 2493.60449 9604.63968 2.8696 4489.9 8.3571 7336.5 8.864 "" "" 0.0027743498132269595 0.0034451494 0.0040005655 0.007445715 33.01518509059 57.40029234661 2324.96631 -0.09399999999999986 -3.1289999999999987 0.7285606083869934 -1.993227294921875 0.16704115 0.17404115 "" "" 23.387425323749326 "" 4.051423696772147 ""
33.54254060462 57.55878885464 0.0203 0.0245 16.2697 "" "" 458633070488888192 2287.65479 0.4138 0.0325 -0.808 -0.193 0.027 0.032 1.05 7896.1 4.3586 15.7365 1.019508 16.159954 15.140446 "" "" 2137.66968 2469.77026 9557.55823 7.9465 4692.8 15.28 6965.9 16.087 "" "" 0.0028994298329782582 0.004503641 0.0045354976 0.009039138 33.54254060462 57.55878885464 2287.65479 -0.8079999999999998 -0.19299999999999978 0.014560608386993357 0.9427727050781249 0.16804115 0.17304116 "" "" 10.224159636662694 "" 1.769188478466936 ""
34.14798279145 57.14356335193 0.0224 0.0285 16.5168 "" "" 458539199681406464 2136.28662 0.4347 0.0364 -0.678 -1.215 0.03 0.037 1.129 8220.1 4.4478 15.737849 0.952545 16.125145 15.1726 "" "" 1977.76685 2294.58154 9545.68483 2.8182 4845.7 10.829 6762.7 9.54 "" "" 0.0027739031204638597 0.0036976067 0.004077941 0.007775548 34.14798279145 57.14356335193 2136.28662 -0.6780000000000002 -1.215 0.14456060838699336 -0.07922729492187508 0.17104116 0.17804116 "" "" 1.669246641087373 "" 0.2882509544653697 ""
