Clusters/LP_1490/LP_1490_stars_in_region.tsv
# %ECSV 1.0
# ---
# datatype:
# - name: RA_ICRS_1
#   unit: deg
#   datatype: float64
#   format: '{:15.11f}'
#   description: Right ascension (ICRS) at Ep=2016.0 (ra)
#   meta: !!omap
#   - {ucd: POS_EQ_RA_MAIN}
#   - {width: 15}
#   - {precision: '11'}
# - name: DE_ICRS_1
#   unit: deg
#   datatype: float64
#   format: '{:15.11f}'
#   description: Declination (ICRS) at Ep=2016.0 (dec)
#   meta: !!omap
#   - {ucd: POS_EQ_DEC_MAIN}
#   - {width: 15}
#   - {precision: '11'}
# - name: e_RA_ICRS
#   unit: mas
#   datatype: float64
#   format: '{:7.4f}'
#   description: Standard error of right ascension (ra_error)
#   meta: !!omap
#   - {ucd: ERROR}
#   - {width: 7}
#   - {precision: '4'}
# - name: e_DE_ICRS
#   unit: mas
#   datatype: float64
#   format: '{:7.4f}'
#   description: Standard error of declination (dec_error)
#   meta: !!omap
#   - {ucd: ERROR}
#   - {width: 7}
#   - {precision: '4'}
# - name: _r_1
#   unit: ''
#   datatype: float64
#   format: '{:7.4f}'
#   description: Distance from center (157.71001308000-58.26300444000)[ICRS], at Epoch=J2016.0
#   meta: !!omap
#   - {ucd: POS_ANG_DIST_GENERAL}
#   - {width: 7}
#   - {precision: '4'}
# - name: HIP
#   datatype: int32
#   description: '? HIP cross-id number, van Leeuwen, Cat. I/311 (hip_original_ext_source_id)'
#   meta: !!omap
#   - {ucd: ID_NUMBER}
#   - {width: 6}
#   - values: {'null': -2147483648}
# - name: TYC2
#   datatype: string
#   description: Tycho-2 cross-id name, Hog et al., Cat. I/259 (tyc2_original_ext_source_id)
#   meta: !!omap
#   - {ucd: ID_CROSSID}
#   - {_votable_string_dtype: char}
# - name: Source
#   datatype: int64
#   description: Source identifier, identical to the Gaia-EDR3 source_id (id)
#   meta: !!omap
#   - {ucd: ID_MAIN}
#   - {width: 19}
# - name: rgeo
#   unit: pc
#   datatype: float64
#   format: '{:15.8f}'
#   description: '? Median of the geometric distance posterior (r_med_geo)'
#   meta: !!omap
#   - {ucd: PHYS_DISTANCE_TRUE}
#   - {width: 15}
#   - {precision: '8'}
#   - values: {'null': .nan}
# - name: Plx
#   unit: mas
#   datatype: float64
#   format: '{:9.4f}'
#   description: '? Parallax (parallax)'
#   meta: !!omap
#   - {ucd: POS_PARLX_TRIG}
#   - {width: 9}
#   - {precision: '4'}
#   - values: {'null': .nan}
# - name: e_Plx
#   unit: mas
#   datatype: float32
#   format: '{:7.4f}'
#   description: '? Standard error of parallax (parallax_error)'
#   meta: !!omap
#   - {ucd: ERROR}
#   - {width: 7}
#   - {precision: '4'}
#   - values: {'null': .nan}
# - name: pmRA
#   unit: mas / yr
#   datatype: float64
#   format: '{:9.3f}'
#   description: '? Proper motion in right ascension direction, pmRA*cosDE (pmra)'
#   meta: !!omap
#   - {ucd: POS_EQ_PMRA}
#   - {width: 9}
#   - {precision: '3'}
#   - values: {'null': .nan}
# - name: pmDE
#   unit: mas / yr
#   datatype: float64
#   format: '{:9.3f}'
#   description: '? Proper motion in declination direction (pmdec)'
#   meta: !!omap
#   - {ucd: POS_EQ_PMDEC}
#   - {width: 9}
#   - {precision: '3'}
#   - values: {'null': .nan}
# - name: e_pmRA
#   unit: mas / yr
#   datatype: float32
#   format: '{:6.3f}'
#   description: '? Standard error of proper motion in right ascension direction (pmra_error)'
#   meta: !!omap
#   - {ucd: ERROR}
#   - {width: 6}
#   - {precision: '3'}
#   - values: {'null': .nan}
# - name: e_pmDE
[...]
#         value: !astropy.table.SerializedColumn {name: SkyCoord.dec}
#       distance: !astropy.table.SerializedColumn
#         __class__: astropy.coordinates.distances.Distance
#         unit: !astropy.units.Unit {unit: pc}
#         value: !astropy.table.SerializedColumn {name: SkyCoord.distance}
#       frame: icrs
#       obstime: !astropy.time.Time {format: jyear_str, in_subfmt: '*', jd1: 367701545.0, jd2: 0.0, out_subfmt: '*', precision: 3, scale: tt}
#       pm_dec: !astropy.table.SerializedColumn
#         __class__: astropy.units.quantity.Quantity
#         unit: !astropy.units.Unit {unit: mas / yr}
#         value: !astropy.table.SerializedColumn {name: SkyCoord.pm_dec}
#       pm_ra_cosdec: !astropy.table.SerializedColumn
#         __class__: astropy.units.quantity.Quantity
#         unit: !astropy.units.Unit {unit: mas / yr}
#         value: !astropy.table.SerializedColumn {name: SkyCoord.pm_ra_cosdec}
#       ra: !astropy.table.SerializedColumn
#         __class__: astropy.coordinates.angles.Longitude
#         unit: *id001
#         value: !astropy.table.SerializedColumn {name: SkyCoord.ra}
#         wrap_angle: !astropy.coordinates.Angle
#           unit: *id001
#           value: 360.0
#       representation_type: spherical
# schema: astropy-2.0
RA_ICRS_1 DE_ICRS_1 e_RA_ICRS e_DE_ICRS _r_1 HIP TYC2 Source rgeo Plx e_Plx pmRA pmDE e_pmRA e_pmDE RUWE Teff logg Gmag BP-RP BPmag RPmag RV e_RV b_rgeo B_rgeo FG e_FG FBP e_FBP FRP e_FRP RAVE5 RAVE6 e_Gmag e_BPmag e_RPmag e_BP-RP SkyCoord.ra SkyCoord.dec SkyCoord.distance SkyCoord.pm_ra_cosdec SkyCoord.pm_dec rmRA rmDE e_rmRA e_rmDE rRV e_rRV v_pec v_pec3d e_vpec e_vpec3d
[from data line 1046]
157.25993679618 -58.32412743984 0.0229 0.0224 14.6589 "" "" 5255413728221791104 2600.44458 0.3493 0.0261 -7.337 3.487 0.034 0.03 0.96 8105.9 3.6077 15.605346 1.190166 16.11038 14.920214 "" "" 2417.90186 2791.78223 10784.70551 3.3279 4912.1 10.704 8532.4 9.0776 "" "" 0.00277561449550618 0.0036582383 0.003951963 0.0076102014 157.25993679618 -58.32412743984 2600.44458 -7.336999999999997 3.486999999999999 -0.3755832786560056 0.1280832405090333 0.2859929 0.28199288 "" "" 4.891277015885458 "" 1.3968449075620144 ""
157.88621744161 -58.33494136306 0.0214 0.0218 7.0352 "" "" 5351481426385885952 2612.70166 0.3485 0.0256 -6.751 3.222 0.028 0.026 1.015 7729.0 3.6351 15.605682 0.849769 15.943672 15.093904 "" "" 2443.32227 2829.12061 10781.3656 3.3413 5727.3 9.6804 7271.0 8.3525 "" "" 0.0027757902853798406 0.0033395754 0.003979863 0.0073194383 157.88621744161 -58.33494136306 2612.70166 -6.751000000000002 3.222000000000001 0.2104167213439938 -0.13691675949096682 0.27999288 0.27799287 "" "" 3.1089387875049628 "" 0.8686358114123193 ""
158.24332048102 -58.2192711286 0.0229 0.0225 17.0454 "" "" 5351459573589838080 2286.78149 0.4072 0.027 -5.796 -1.756 0.03 0.027 0.994 5154.5 3.6673 15.606114 1.458004 16.272957 14.814953 "" "" 2173.79517 2419.42627 10777.07978 3.4047 4229.0 9.4433 9401.1 11.42 "" "" 0.0027765883210815424 0.0036963401 0.0040029017 0.007699242 158.24332048102 -58.2192711286 2286.78149 -5.796000000000001 -1.755999999999999 1.1654167213439939 -5.114916759490967 0.28199288 0.2789929 "" "" 56.86325536664319 "" 15.872905958927687 ""
157.84548034723 -58.15427538818 0.0242 0.0225 7.8035 "" "" 5351484931079388544 2192.4917 0.4248 0.0277 -7.457 -0.964 0.033 0.027 0.952 5271.3 4.2265 15.609126 1.016641 16.03631 15.01967 "" "" 2054.00024 2339.27759 10747.22574 3.2977 5258.9 13.133 7785.6 9.5002 "" "" 0.0027753878891758617 0.0038905952 0.0040048645 0.007895459 157.84548034723 -58.15427538818 2192.4917 -7.457000000000002 -0.9639999999999994 -0.4955832786560057 -4.322916759490967 0.28499287 0.2789929 "" "" 45.21978047096013 "" 12.61955419437398 ""
158.04891643106 -58.3060596743 0.0223 0.0211 10.9974 "" "" 5351434868936497024 2500.302 0.3643 0.0256 -4.794 2.037 0.028 0.025 1.074 11998.6 4.3706 15.609213 0.891338 15.876049 14.984711 "" "" 2375.67236 2650.58789 10746.36287 3.4536 6095.3 55.295 8040.3 106.14 "" "" 0.002777325980423903 0.010237094 0.014822718 0.025059812 158.04891643106 -58.3060596743 2500.302 -4.794 2.037 2.1674167213439945 -1.3219167594909669 0.27999288 0.2769929 "" "" 30.087605998663452 "" 8.399938530124812 ""
158.18196597952 -58.29955686863 0.022 0.0215 15.0484 "" "" 5351435418692479232 2412.9707 0.3796 0.0256 -7.677 4.038 0.028 0.027 1.062 7322.6 3.9053 15.611096 0.891168 15.955071 15.063904 "" "" 2289.39429 2569.80078 10727.7374 3.9673 5667.5 10.754 7474.7 15.304 "" "" 0.0027844228633629488 0.0034683342 0.0043846737 0.007853008 158.18196597952 -58.29955686863 2412.9707 -7.676999999999993 4.038 -0.7155832786560055 0.6790832405090335 0.27999288 0.2789929 "" "" 11.283256139925623 "" 3.153889931184504 ""
157.20754058937 -58.34317877407 0.0233 0.0222 16.555 "" "" 5255414037459413760 2196.9043 0.4234 0.0264 -6.134 2.222 0.033 0.029 0.978 6730.6 4.235 15.611784 0.814079 15.934817 15.120738 "" "" 2076.89087 2399.07812 10720.95096 3.271 5774.2 11.626 7093.5 7.0337 "" "" 0.0027751619534761244 0.0035445625 0.0039297272 0.0074742897 157.20754058937 -58.34317877407 2196.9043 -6.134 2.2220000000000004 0.8274167213439938 -1.1369167594909668 0.28499287 0.28099287 "" "" 14.642477931730637 "" 4.1348060103378 ""
157.46112237133 -58.16608289061 0.0252 0.0242 9.7822 "" "" 5351493173091526656 2242.44751 0.4114 0.0284 -1.66 -0.012 0.038 0.033 1.072 5379.5 4.2428 15.612582 1.01189 15.97312 14.961229 "" "" 2079.04224 2413.3999 10713.06545 3.645 5574.0 51.964 8216.1 67.049 "" "" 0.0027799735241965154 0.010499377 0.009632734 0.02013211 157.46112237133 -58.16608289061 2242.44751 -1.6600000000000008 -0.011999999999999716 5.301416721343994 -3.370916759490967 0.28999287 0.28499287 "" "" 66.77651232536012 "" 19.269178920528418 ""
157.83610849612 -58.22978990947 0.0225 0.0226 4.4525 "" "" 5351483105687997568 2699.02051 0.3351 0.0268 -6.836 2.716 0.03 0.028 0.969 7318.5 4.2021 15.614022 0.791271 15.914908 15.123637 "" "" 2503.07617 2859.23389 10698.86684 7.8158 5881.0 20.02 7074.6 18.128 "" "" 0.0028672094088669883 0.0046309605 0.004692951 0.009323912 157.83610849612 -58.22978990947 2699.02051 -6.836 2.716 0.12541672134399384 -0.6429167594909666 0.28199288 0.27999288 "" "" 8.38010126043917 "" 2.3469852015341974 ""
157.27117531531 -58.09250439034 0.0246 0.0245 17.2454 "" "" 5351497403663659776 2020.89343 0.4557 0.0285 -6.898 4.227 0.036 0.034 1.029 6776.6 4.202 15.614262 0.877008 15.965364 15.088357 "" "" 1912.16785 2136.35645 10696.51134 3.7817 5614.0 10.064 7308.3 9.1272 "" "" 0.0027819301633171746 0.0034019633 0.0040152636 0.007417227 157.27117531531 -58.09250439034 2020.89343 -6.897999999999998 4.2269999999999985 0.06341672134399445 0.8680832405090335 0.2879929 0.2859929 "" "" 8.337559106118336 "" 2.384571457473164 ""
158.30434651345 -58.27018605189 0.0218 0.0223 18.7609 "" "" 5351456240695172736 2414.75415 0.378 0.0262 -5.837 3.746 0.029 0.027 1.045 8094.3 4.4501 15.615281 0.904697 15.973481 15.068784 "" "" 2247.21484 2591.61719 10686.4662 3.811 5572.2 13.853 7441.2 14.527 "" "" 0.0027823926685146398 0.003882131 0.004333186 0.0082153175 158.30434651345 -58.27018605189 2414.75415 -5.836999999999999 3.7459999999999996 1.1244167213439944 0.3870832405090332 0.28099287 0.2789929 "" "" 13.611263722961514 "" 3.8217929026027937 ""
157.26844189476 -58.41411437051 0.024 0.0214 16.6012 "" "" 5255412766148578048 2463.25757 0.3651 0.0268 -7.373 3.156 0.035 0.028 0.972 7460.1 4.0911 15.616975 1.189975 16.120245 14.93027 "" "" 2336.97559 2623.43457 10669.81649 3.362 4867.6 11.654 8453.8 9.8122 "" "" 0.00277647767394426 0.0038134342 0.003983946 0.00779738 157.26844189476 -58.41411437051 2463.25757 -7.3729999999999976 3.156000000000001 -0.4115832786560061 -0.20291675949096666 0.28699288 0.27999288 "" "" 5.357875409662436 "" 1.5304107680289307 ""
157.59121184524 -58.19316244853 0.0239 0.0245 5.6256 "" "" 5351486923944021760 2022.44507 0.4654 0.0294 -0.559 0.8 0.035 0.031 1.056 5877.8 4.2705 15.617553 0.933314 16.002056 15.068742 "" "" 1899.35938 2135.2478 10664.13075 3.1082 5427.4 9.3145 7441.5 8.8976 "" "" 0.002773433117992155 0.0033551578 0.0039961245 0.007351282 157.59121184524 -58.19316244853 2022.44507 -0.559 0.8000000000000002 6.402416721343994 -2.558916759490967 0.28699288 0.28299287 "" "" 66.09674520150229 "" 18.933097435376514 ""
158.04593328447 -58.24283253839 0.0302 0.0276 10.6739 "" "" 5351436586923560192 2190.48096 0.4259 0.0337 -2.406 2.396 0.038 0.033 1.655 6481.1 4.0696 15.618285 1.123603 16.036861 14.913259 "" "" 2041.13147 2355.40527 10656.94434 5.0696 5256.2 19.88 8587.3 29.634 "" "" 0.002803311521892288 0.0049646907 0.0053218487 0.01028654 158.04593328447 -58.24283253839 2190.48096 -2.406 2.396 4.555416721343994 -0.9629167594909669 0.28999287 0.28499287 "" "" 48.343462134399466 "" 14.009006451102161 ""
158.00094622507 -58.50387032598 0.0242 0.0228 17.1055 "" "" 5351426553879307904 2328.98828 0.3973 0.028 -9.136 5.136 0.033 0.029 1.057 5547.7 3.5485 15.620749 1.922412 16.56507 14.642657 "" "" 2201.81567 2484.91406 10632.78547 11.593 3231.4 27.21 11018.0 30.853 "" "" 0.0029988561288980487 0.009558727 0.0048504905 0.014409218 158.00094622507 -58.50387032598 2328.98828 -9.135999999999996 5.135999999999999 -2.174583278656005 1.7770832405090333 0.28499287 0.28099287 "" "" 31.00252633229535 "" 8.7860533138415 ""
157.16257153983 -58.20799971006 0.0236 0.0235 17.6034 "" "" 5351494826684289664 2937.40259 0.3041 0.027 -6.358 1.941 0.036 0.03 1.005 7250.8 3.9907 15.621135 1.379558 16.235102 14.855544 "" "" 2724.42773 3149.26123 10629.00804 2.9661 4379.0 7.8283 9056.1 8.7601 "" "" 0.0027719285197365918 0.003398879 0.0039225947 0.0073214737 157.16257153983 -58.20799971006 2937.40259 -6.357999999999998 1.9409999999999994 0.6034167213439945 -1.4179167594909667 0.2879929 0.28199288 "" "" 21.45541984260417 "" 6.070192280578161 ""
157.34080747052 -58.31678833479 0.024 0.0232 12.0826 "" "" 5351490325557794176 2267.09082 0.3981 0.0274 -5.563 2.142 0.035 0.03 1.045 6487.8 4.2463 15.621752 0.874668 15.973416 15.098748 "" "" 2157.62183 2423.03418 10622.97081 3.3543 5572.5 10.001 7238.7 11.316 "" "" 0.002776566687468586 0.003403234 0.0041430094 0.0075462433 157.34080747052 -58.31678833479 2267.09082 -5.563000000000002 2.1420000000000003 1.3984167213439944 -1.216916759490967 0.28699288 0.28199288 "" "" 19.920610160104772 "" 5.6743652901471595 ""
157.37153764813 -58.298226218 0.0409 0.0435 10.8845 "" "" 5351490462996794624 1984.41785 0.4757 0.0492 -7.144 3.949 0.058 0.054 2.1 11487.9 4.2409 15.622452 1.09337 15.951448 14.858078 "" "" 1816.40552 2203.03882 10616.12716 9.4073 5686.4 19.7 9035.0 37.483 "" "" 0.0029184651018074556 0.0046833125 0.0058798594 0.010563172 157.37153764813 -58.298226218 1984.41785 -7.143999999999997 3.948999999999998 -0.182583278656006 0.590083240509033 0.30999288 0.30599287 "" "" 5.810032914961143 "" 1.7798713673247009 ""
157.76664326021 -58.50218634457 0.0244 0.0242 14.461 "" "" 5351472767731520128 2070.1936 0.45 0.0291 -6.417 3.971 0.033 0.028 1.016 6821.4 4.1812 15.623179 1.117514 16.079008 14.961494 "" "" 1962.34839 2202.32593 10609.0174 3.3774 5056.1 14.109 8214.1 8.653 "" "" 0.002776915665831964 0.00411878 0.003948657 0.0080674365 157.76664326021 -58.50218634457 2070.1936 -6.416999999999995 3.971 0.5444167213439943 0.6120832405090333 0.28499287 0.27999288 "" "" 8.038259796728738 "" 2.268495371337676 ""
157.99994732546 -58.09680578882 0.0236 0.0218 13.5487 "" "" 5351508261343265920 2894.08984 0.3124 0.027 -6.564 3.243 0.032 0.028 0.982 9240.8 3.8973 15.624672 0.824982 15.948938 15.123957 "" "" 2681.73462 3163.66089 10594.43478 3.2358 5699.6 10.105 7072.5 9.2314 "" "" 0.0027752035749043957 0.003389753 0.0040363437 0.0074260966 157.99994732546 -58.09680578882 2894.08984 -6.564000000000001 3.2430000000000003 0.3974167213439941 -0.11591675949096691 0.2839929 0.27999288 "" "" 5.678927128880207 "" 1.6110054641714155 ""
157.56674420374 -58.38692837355 0.0238 0.0253 8.6983 "" "" 5351477268857270912 2309.85645 0.3966 0.0294 -7.076 3.405 0.032 0.031 1.093 9991.8 4.2265 15.626985 0.944158 16.004787 15.06063 "" "" 2173.20483 2491.41553 10571.89254 3.2527 5413.8 12.494 7497.3 9.3093 "" "" 0.002775496516293517 0.003750123 0.0040126326 0.0077627557 157.56674420374 -58.38692837355 2309.85645 -7.076 3.405 -0.11458327865600548 0.04608324050903301 0.2839929 0.28299287 "" "" 1.3521997929611058 "" 0.3838271386943921 ""
157.73902927554 -58.34218754844 0.0233 0.0258 4.8383 "" "" 5351476100626325760 2894.66479 0.3172 0.0289 -6.44 3.414 0.03 0.029 1.112 9242.4 3.4165 15.62778 1.160433 16.115654 14.955221 "" "" 2709.77588 3153.94775 10564.15083 3.3013 4888.3 11.275 8261.7 8.6497 "" "" 0.0027761320286548087 0.003749196 0.003946628 0.007695824 157.73902927554 -58.34218754844 2894.66479 -6.440000000000001 3.4139999999999997 0.5214167213439937 0.05508324050903335 0.28199288 0.28099287 "" "" 7.194018363690039 "" 2.0285827129310348 ""
158.0637871777 -58.2638760003 0.0223 0.0215 11.1655 "" "" 5351436483844318848 2458.93042 0.3821 0.0257 -4.081 2.05 0.03 0.027 1.056 7118.2 4.2266 15.627953 1.101832 16.093039 14.991206 "" "" 2298.31396 2606.62524 10562.47414 3.0216 4991.2 11.189 7992.4 16.079 "" "" 0.002772771027742485 0.0037025844 0.0043651755 0.00806776 158.0637871777 -58.2638760003 2458.93042 -4.081 2.05 2.8804167213439937 -1.308916759490967 0.28199288 0.2789929 "" "" 36.875931470473354 "" 10.379899499369252 ""
157.77522488757 -58.35338495742 0.0222 0.0223 5.7993 "" "" 5351475722669213440 2539.70142 0.3588 0.0267 -6.262 4.807 0.029 0.026 0.957 6751.2 4.0192 15.628081 0.789753 15.933417 15.143664 "" "" 2410.08472 2724.1167 10561.22191 3.2145 5781.6 12.364 6945.3 8.2352 "" "" 0.0027750667652824074 0.0036298847 0.0039926283 0.007622513 157.77522488757 -58.35338495742 2539.70142 -6.262 4.807 0.6994167213439946 1.4480832405090336 0.28099287 0.27799287 "" "" 19.35914089665806 "" 5.392736894304993 ""
158.23222594607 -58.2096524784 0.0234 0.0224 16.8018 "" "" 5351459603626956416 2729.66138 0.331 0.0277 -6.738 3.329 0.032 0.027 0.991 9349.2 3.6368 15.628112 1.008933 16.036806 15.027873 "" "" 2493.29004 2970.61841 10560.92358 3.2838 5256.5 11.072 7727.0 12.701 "" "" 0.0027759253241165884 0.003607647 0.0041795545 0.0077872016 158.23222594607 -58.2096524784 2729.66138 -6.738 3.3289999999999993 0.2234167213439937 -0.029916759490966616 0.2839929 0.2789929 "" "" 2.916499470456049 "" 0.8280104566914258 ""
157.86862898014 -58.26353013613 0.0223 0.0224 5.0062 "" "" 5351482251019688576 2534.57715 0.3635 0.0262 -9.077 4.202 0.03 0.026 0.987 7091.4 4.3005 15.630115 0.863928 15.973635 15.109707 "" "" 2376.85083 2710.94092 10541.46737 3.4994 5571.4 13.111 7166.0 10.018 "" "" 0.002778794111505708 0.0037832817 0.004072787 0.007856068 157.86862898014 -58.26353013613 2534.57715 -9.077 4.202 -2.115583278656006 0.8430832405090332 0.28199288 0.27799287 "" "" 27.36026457515878 "" 7.700493301097306 ""
158.01458741561 -58.12120875585 0.0229 0.0211 12.8513 "" "" 5351508020825085696 2636.61035 0.3435 0.0268 -6.507 2.913 0.031 0.026 0.989 9246.4 4.144 15.630983 0.787665 15.940971 15.153306 "" "" 2480.59375 2792.90112 10533.03392 3.3659 5741.5 11.321 6883.9 8.5165 "" "" 0.002777078779847757 0.00351685 0.0040109847 0.0075278347 158.01458741561 -58.12120875585 2636.61035 -6.507 2.913 0.45441672134399447 -0.445916759490967 0.28299287 0.27799287 "" "" 7.95668290550792 "" 2.2322569951070363 ""
157.87391846568 -58.28672181091 0.0217 0.0216 5.3636 "" "" 5351481666904110720 2449.93433 0.3773 0.0252 -8.252 3.093 0.029 0.026 1.01 6296.7 4.0344 15.631225 0.975348 16.01977 15.044421 "" "" 2294.34009 2625.97949 10530.69305 3.2538 5339.6 12.315 7610.1 17.877 "" "" 0.0027756678224606967 0.0037490686 0.004559482 0.00830855 157.87391846568 -58.28672181091 2449.93433 -8.252 3.0930000000000004 -1.2905832786560065 -0.2659167594909668 0.28099287 0.27799287 "" "" 15.3019678079164 "" 4.297883842532586 ""
158.20123919102 -58.27040777544 0.0253 0.0238 15.5084 "" "" 5351435934088642048 2702.91919 0.3396 0.0294 -9.339 5.913 0.032 0.029 1.215 "" "" 15.632314 1.072889 16.019112 14.946222 "" "" 2510.49658 2947.12183 10520.13373 5.1031 5342.8 216.93 8330.5 235.5 "" "" 0.0028052038772423704 0.0441716 0.030925151 0.075096756 158.20123919102 -58.27040777544 2702.91919 -9.338999999999993 5.913 -2.3775832786560063 2.5540832405090335 0.2839929 0.28099287 "" "" 44.706231701984606 "" 12.624575285616022 ""
157.9417842437 -58.09129540195 0.0245 0.0229 12.6456 "" "" 5351508192624211456 2486.57031 0.3638 0.0278 -5.553 2.195 0.035 0.03 0.972 6174.9 4.3692 15.632567 0.897901 15.958376 15.060475 "" "" 2332.88623 2663.32227 10517.67742 3.9065 5650.2 23.55 7498.4 50.352 "" "" 0.002784674735579932 0.0053163674 0.008212114 0.013528481 157.9417842437 -58.09129540195 2486.57031 -5.553 2.195 1.4084167213439942 -1.163916759490967 0.28699288 0.28199288 "" "" 21.534974459891046 "" 6.136917516897272 ""
158.14622840728 -58.44792623989 0.0228 0.0226 17.6539 "" "" 5351430058572905344 2337.19922 0.3914 0.027 -9.044 3.944 0.029 0.029 1.126 5913.0 4.1465 15.633014 0.932785 16.013708 15.080923 "" "" 2186.17139 2520.92627 10513.35569 3.0645 5369.5 12.931 7358.5 11.959 "" "" 0.0027734360086708537 0.0038238366 0.004171008 0.007994845 158.14622840728 -58.44792623989 2337.19922 -9.044000000000002 3.943999999999999 -2.0825832786560063 0.5850832405090332 0.28099287 0.28099287 "" "" 23.96473681113165 "" 6.733920069009549 ""
