Clusters/LP_1490/LP_1490_stars_in_region.tsv
# %ECSV 1.0
# ---
# datatype:
# - name: RA_ICRS_1
#   unit: deg
#   datatype: float64
#   format: '{:15.11f}'
#   description: Right ascension (ICRS) at Ep=2016.0 (ra)
#   meta: !!omap
#   - {ucd: POS_EQ_RA_MAIN}
#   - {width: 15}
#   - {precision: '11'}
# - name: DE_ICRS_1
#   unit: deg
#   datatype: float64
#   format: '{:15.11f}'
#   description: Declination (ICRS) at Ep=2016.0 (dec)
#   meta: !!omap
#   - {ucd: POS_EQ_DEC_MAIN}
#   - {width: 15}
#   - {precision: '11'}
# - name: e_RA_ICRS
#   unit: mas
#   datatype: float64
#   format: '{:7.4f}'
#   description: Standard error of right ascension (ra_error)
#   meta: !!omap
#   - {ucd: ERROR}
#   - {width: 7}
#   - {precision: '4'}
# - name: e_DE_ICRS
#   unit: mas
#   datatype: float64
#   format: '{:7.4f}'
#   description: Standard error of declination (dec_error)
#   meta: !!omap
#   - {ucd: ERROR}
#   - {width: 7}
#   - {precision: '4'}
# - name: _r_1
#   unit: ''
#   datatype: float64
#   format: '{:7.4f}'
#   description: Distance from center (157.71001308000-58.26300444000)[ICRS], at Epoch=J2016.0
#   meta: !!omap
#   - {ucd: POS_ANG_DIST_GENERAL}
#   - {width: 7}
#   - {precision: '4'}
# - name: HIP
#   datatype: int32
#   description: '? HIP cross-id number, van Leeuwen, Cat. I/311 (hip_original_ext_source_id)'
#   meta: !!omap
#   - {ucd: ID_NUMBER}
#   - {width: 6}
#   - values: {'null': -2147483648}
# - name: TYC2
#   datatype: string
#   description: Tycho-2 cross-id name, Hog et al., Cat. I/259 (tyc2_original_ext_source_id)
#   meta: !!omap
#   - {ucd: ID_CROSSID}
#   - {_votable_string_dtype: char}
# - name: Source
#   datatype: int64
#   description: Source identifier, identical to the Gaia-EDR3 source_id (id)
#   meta: !!omap
#   - {ucd: ID_MAIN}
#   - {width: 19}
# - name: rgeo
#   unit: pc
#   datatype: float64
#   format: '{:15.8f}'
#   description: '? Median of the geometric distance posterior (r_med_geo)'
#   meta: !!omap
#   - {ucd: PHYS_DISTANCE_TRUE}
#   - {width: 15}
#   - {precision: '8'}
#   - values: {'null': .nan}
# - name: Plx
#   unit: mas
#   datatype: float64
#   format: '{:9.4f}'
#   description: '? Parallax (parallax)'
#   meta: !!omap
#   - {ucd: POS_PARLX_TRIG}
#   - {width: 9}
#   - {precision: '4'}
#   - values: {'null': .nan}
# - name: e_Plx
#   unit: mas
#   datatype: float32
#   format: '{:7.4f}'
#   description: '? Standard error of parallax (parallax_error)'
#   meta: !!omap
#   - {ucd: ERROR}
#   - {width: 7}
#   - {precision: '4'}
#   - values: {'null': .nan}
# - name: pmRA
#   unit: mas / yr
#   datatype: float64
#   format: '{:9.3f}'
#   description: '? Proper motion in right ascension direction, pmRA*cosDE (pmra)'
#   meta: !!omap
#   - {ucd: POS_EQ_PMRA}
#   - {width: 9}
#   - {precision: '3'}
#   - values: {'null': .nan}
# - name: pmDE
#   unit: mas / yr
#   datatype: float64
#   format: '{:9.3f}'
#   description: '? Proper motion in declination direction (pmdec)'
#   meta: !!omap
#   - {ucd: POS_EQ_PMDEC}
#   - {width: 9}
#   - {precision: '3'}
#   - values: {'null': .nan}
# - name: e_pmRA
#   unit: mas / yr
#   datatype: float32
#   format: '{:6.3f}'
#   description: '? Standard error of proper motion in right ascension direction (pmra_error)'
#   meta: !!omap
#   - {ucd: ERROR}
#   - {width: 6}
#   - {precision: '3'}
#   - values: {'null': .nan}
# - name: e_pmDE
[...]
#         value: !astropy.table.SerializedColumn {name: SkyCoord.dec}
#       distance: !astropy.table.SerializedColumn
#         __class__: astropy.coordinates.distances.Distance
#         unit: !astropy.units.Unit {unit: pc}
#         value: !astropy.table.SerializedColumn {name: SkyCoord.distance}
#       frame: icrs
#       obstime: !astropy.time.Time {format: jyear_str, in_subfmt: '*', jd1: 367701545.0, jd2: 0.0, out_subfmt: '*', precision: 3, scale: tt}
#       pm_dec: !astropy.table.SerializedColumn
#         __class__: astropy.units.quantity.Quantity
#         unit: !astropy.units.Unit {unit: mas / yr}
#         value: !astropy.table.SerializedColumn {name: SkyCoord.pm_dec}
#       pm_ra_cosdec: !astropy.table.SerializedColumn
#         __class__: astropy.units.quantity.Quantity
#         unit: !astropy.units.Unit {unit: mas / yr}
#         value: !astropy.table.SerializedColumn {name: SkyCoord.pm_ra_cosdec}
#       ra: !astropy.table.SerializedColumn
#         __class__: astropy.coordinates.angles.Longitude
#         unit: *id001
#         value: !astropy.table.SerializedColumn {name: SkyCoord.ra}
#         wrap_angle: !astropy.coordinates.Angle
#           unit: *id001
#           value: 360.0
#       representation_type: spherical
# schema: astropy-2.0
RA_ICRS_1 DE_ICRS_1 e_RA_ICRS e_DE_ICRS _r_1 HIP TYC2 Source rgeo Plx e_Plx pmRA pmDE e_pmRA e_pmDE RUWE Teff logg Gmag BP-RP BPmag RPmag RV e_RV b_rgeo B_rgeo FG e_FG FBP e_FBP FRP e_FRP RAVE5 RAVE6 e_Gmag e_BPmag e_RPmag e_BP-RP SkyCoord.ra SkyCoord.dec SkyCoord.distance SkyCoord.pm_ra_cosdec SkyCoord.pm_dec rmRA rmDE e_rmRA e_rmDE rRV e_rRV v_pec v_pec3d e_vpec e_vpec3d
[from data line 1332]
157.53658693704 -58.45290506564 0.0272 0.0266 12.6342 "" "" 5255400190484482944 2547.13306 0.3663 0.0335 -6.78 1.56 0.037 0.031 1.038 7836.4 4.1601 15.935461 1.151871 16.429445 15.277575 "" "" 2309.85352 2776.88721 7957.23523 2.7973 3661.3 8.7345 6139.4 8.3297 "" "" 0.002781630854444413 0.0038070972 0.004056317 0.007863414 157.53658693704 -58.45290506564 2547.13306 -6.78 1.5599999999999987 0.1814167213439939 -1.7989167594909667 0.28899288 0.28299287 "" "" 21.829225825984548 "" 6.178847739699409 ""
157.58876950785 -58.22318690913 0.027 0.0286 4.513 "" "" 5351480258154733824 2448.01392 0.3772 0.0337 -7.127 3.376 0.04 0.037 1.054 5536.3 4.2002 15.939758 1.209647 16.452717 15.24307 "" "" 2283.25342 2630.30786 7925.80297 3.6321 3583.7 9.5289 6337.7 13.313 "" "" 0.002799883535508455 0.004014895 0.004414219 0.008429114 157.58876950785 -58.22318690913 2448.01392 -7.126999999999995 3.375999999999997 -0.16558327865600564 0.017083240509033093 0.29199287 0.28899288 "" "" 1.931558284626487 "" 0.5639405339274227 ""
158.09156554436 -58.21802365373 0.0258 0.0248 12.3484 "" "" 5351437033600269696 2094.83154 0.4359 0.0295 -6.482 2.901 0.034 0.031 1.019 5252.4 4.2925 15.94151 0.98584 16.346945 15.361105 "" "" 1984.57593 2223.04663 7913.02866 2.8938 3950.4 8.7481 5684.8 9.3072 "" "" 0.002783781898182386 0.0036831954 0.004176542 0.007859738 158.09156554436 -58.21802365373 2094.83154 -6.482 2.9010000000000007 0.47941672134399393 -0.457916759490967 0.2859929 0.28299287 "" "" 6.582953599525849 "" 1.8732821518038942 ""
157.29929773911 -58.07910662619 0.0304 0.028 17.0484 "" "" 5351494551805396608 2055.89136 0.4679 0.0348 -6.731 3.227 0.045 0.035 1.02 5856.7 3.8955 15.942027 1.045878 16.37917 15.333291 "" "" 1904.84314 2201.28931 7909.25787 3.0662 3834.9 13.236 5832.3 10.869 "" "" 0.0027872844249017844 0.0046720295 0.0042869253 0.008958954 157.29929773911 -58.07910662619 2055.89136 -6.7309999999999945 3.2269999999999994 0.23041672134399427 -0.13191675949096693 0.2969929 0.28699288 "" "" 2.5873445271265627 "" 0.76211751077224 ""
157.80586174729 -58.37302680059 0.0331 0.0335 7.2595 "" "" 5351475271667369984 2118.5564 0.4444 0.0396 -1.758 0.164 0.043 0.039 1.386 5676.5 4.4447 15.943094 1.016753 16.347483 15.33073 "" "" 1941.82141 2349.0918 7901.49301 4.42 3948.4 9.1015 5846.1 8.5683 "" "" 0.0028214642821241865 0.0037481685 0.0041007283 0.007848897 157.80586174729 -58.37302680059 2118.5564 -1.7579999999999998 0.1640000000000003 5.203416721343994 -3.1949167594909667 0.2949929 0.2909929 "" "" 61.316029233427315 "" 18.020975270900824 ""
158.14403722486 -58.35960234612 0.0276 0.0271 14.8568 "" "" 5351433735065113472 2193.1377 0.4228 0.0321 -6.836 2.24 0.036 0.036 1.071 5888.4 4.3375 15.946084 0.961102 16.33821 15.377107 "" "" 2020.60278 2343.15112 7879.76118 3.7101 3982.3 9.5387 5601.6 10.371 "" "" 0.0028023422484336983 0.0038142304 0.004280714 0.008094944 158.14403722486 -58.35960234612 2193.1377 -6.836 2.24 0.12541672134399384 -1.1189167594909666 0.2879929 0.2879929 "" "" 11.704508577609664 "" 3.370815305715775 ""
157.37964121012 -58.13556323806 0.0283 0.0273 12.9453 "" "" 5351494105130010496 2011.70691 0.4656 0.033 -5.05 0.224 0.043 0.036 0.966 5288.2 4.3468 15.949276 1.008974 16.369759 15.360785 "" "" 1888.21057 2150.25732 7856.62849 2.8429 3868.2 11.981 5686.5 10.761 "" "" 0.002783188247034018 0.004369652 0.004301767 0.008671419 157.37964121012 -58.13556323806 2011.70691 -5.05 0.2240000000000002 1.9114167213439943 -3.1349167594909666 0.2949929 0.2879929 "" "" 35.01124854861501 "" 10.14999360329328 ""
157.88516667442 -58.38623917174 0.0322 0.0327 9.2264 "" "" 5351428478024784000 2627.11816 0.3613 0.039 -6.212 3.525 0.042 0.038 1.346 5727.2 4.2255 15.951418 1.235645 16.435436 15.199791 "" "" 2306.32715 3142.29492 7841.1444 4.4921 3641.2 22.134 6595.4 32.569 "" "" 0.002824655774673223 0.0071654865 0.0065596933 0.01372518 157.88516667442 -58.38623917174 2627.11816 -6.211999999999997 3.5249999999999964 0.7494167213439944 0.16608324050903311 0.29399288 0.28999287 "" "" 9.558564126856535 "" 2.808371453044773 ""
157.79219545772 -58.11576758717 0.0275 0.0265 9.2086 "" "" 5351485240317046528 2566.55298 0.3602 0.0319 -5.362 2.292 0.04 0.033 0.944 6008.8 4.1561 15.954891 1.250508 16.494267 15.243758 "" "" 2404.23438 2757.65332 7816.10556 2.8834 3449.1 11.572 6333.7 9.8414 "" "" 0.0027842802377253018 0.004588521 0.0041388175 0.008727338 157.79219545772 -58.11576758717 2566.55298 -5.361999999999999 2.292 1.599416721343994 -1.066916759490967 0.29199287 0.28499287 "" "" 23.389487860093606 "" 6.779565950593411 ""
157.68189215641 -58.10217060643 0.032 0.0307 9.6909 "" "" 5351488401412935424 2295.17603 0.395 0.0357 -6.622 2.51 0.048 0.041 1.028 5224.3 4.3077 15.958158 0.983346 16.35203 15.368684 "" "" 2125.60352 2468.94116 7792.61907 3.4901 3931.9 11.548 5645.3 13.08 "" "" 0.002797900866470472 0.004237164 0.004540052 0.008777216 157.68189215641 -58.10217060643 2295.17603 -6.621999999999997 2.5099999999999976 0.33941672134399425 -0.848916759490967 0.2999929 0.2929929 "" "" 9.946309967248679 "" 2.9238926270663694 ""
157.38605296864 -58.34321592226 0.0265 0.0258 11.2901 "" "" 5351478471448052736 2331.35156 0.3984 0.0308 -8.004 3.758 0.037 0.033 1.005 "" "" 15.959222 1.533539 16.658493 15.124954 "" "" 2126.23315 2489.4375 7784.9876 3.2179 2965.0 8.9754 7066.0 9.9872 "" "" 0.002791629976532141 0.0043112775 0.0040790583 0.008390335 157.38605296864 -58.34321592226 2331.35156 -8.003999999999996 3.758000000000002 -1.0425832786560054 0.3990832405090332 0.28899288 0.28499287 "" "" 12.336393958927157 "" 3.5588619142028173 ""
157.11983208972 -58.22549666094 0.0295 0.0279 18.772 "" "" 5351494891078330880 2035.55322 0.47 0.0319 -4.445 -2.863 0.045 0.035 1.001 5463.5 3.908 15.96174 1.07314 16.411964 15.338824 "" "" 1895.8866 2219.64551 7766.95107 2.7918 3720.8 8.1568 5802.7 8.6913 "" "" 0.002782821423357889 0.0036674587 0.0041144034 0.0077818623 157.11983208972 -58.22549666094 2035.55322 -4.445 -2.8630000000000004 2.516416721343994 -6.221916759490966 0.2969929 0.28699288 "" "" 64.75632242512245 "" 18.676994056221307 ""
157.71794654118 -58.07857019478 0.0308 0.0298 11.0689 "" "" 5351488538851930880 2051.13965 0.4426 0.0341 -3.613 2.012 0.045 0.038 0.939 5417.2 4.3324 15.96277 0.935801 16.344849 15.409047 "" "" 1932.46838 2227.03564 7759.59063 3.2236 3958.0 11.933 5439.3 12.594 "" "" 0.0027919952235351294 0.0043011797 0.0045390893 0.0088402685 157.71794654118 -58.07857019478 2051.13965 -3.613 2.011999999999999 3.348416721343994 -1.3469167594909668 0.2969929 0.28999287 "" "" 35.08976263318368 "" 10.387548831355863 ""
158.25413446188 -58.36231332939 0.0263 0.0275 18.1547 "" "" 5351432085797791616 2540.86768 0.3534 0.0314 -6.978 3.28 0.033 0.031 1.002 7198.1 4.3183 15.963744 1.178914 16.465982 15.287068 "" "" 2312.80493 2792.88867 7752.63375 2.7027 3540.2 10.628 6086.0 10.832 "" "" 0.0027811969092419488 0.0042906 0.0042447574 0.008535357 158.25413446188 -58.36231332939 2540.86768 -6.977999999999997 3.2799999999999967 -0.016583278656005618 -0.07891675949096699 0.28499287 0.28299287 "" "" 0.9712087685490266 "" 0.2749275790796741 ""
158.17531141779 -58.46035353774 0.0286 0.0262 18.8326 "" "" 5351429848099249664 2051.67236 0.4539 0.033 -6.75 2.134 0.038 0.034 1.08 5230.3 4.2942 15.96384 1.015538 16.304985 15.289447 "" "" 1921.23938 2192.94019 7751.94807 4.1474 4106.0 30.749 6072.7 63.625 "" "" 0.002815886282607886 0.008596272 0.011986893 0.020583164 158.17531141779 -58.46035353774 2051.67236 -6.75 2.133999999999998 0.21141672134399414 -1.224916759490967 0.28999287 0.2859929 "" "" 12.088354542976537 "" 3.458591708695053 ""
157.70272167158 -58.4494368803 0.0289 0.0268 11.1883 "" "" 5351473145688673152 2072.62256 0.4499 0.0346 -5.341 2.779 0.039 0.031 1.006 6068.7 4.3843 15.966028 0.854365 16.308697 15.454331 "" "" 1946.271 2206.16748 7736.34009 2.9461 4092.0 10.999 5217.1 9.6059 "" "" 0.002786169544195255 0.0040375725 0.0042755236 0.008313096 157.70272167158 -58.4494368803 2072.62256 -5.341000000000003 2.7790000000000017 1.620416721343994 -0.5799167594909669 0.2909929 0.28299287 "" "" 16.908108801992793 "" 4.904969462334511 ""
157.88748785337 -58.10815036304 0.0299 0.0277 10.8554 "" "" 5351485515194996352 2217.96094 0.4194 0.0338 -10.013 2.778 0.042 0.036 1.106 5836.2 4.559 15.966033 0.999543 16.37342 15.373878 "" "" 2065.06274 2363.72876 7736.30451 3.3562 3855.2 11.435 5618.3 12.819 "" "" 0.0027952904048537666 0.00426101 0.004518916 0.008779926 157.88748785337 -58.10815036304 2217.96094 -10.012999999999996 2.7780000000000005 -3.0515832786560058 -0.5809167594909668 0.29399288 0.2879929 "" "" 32.65783937538229 "" 9.59438709226479 ""
157.65670582173 -58.07067671451 0.0375 0.0373 11.6623 "" "" 5351489329126113792 2563.46729 0.3546 0.0435 -6.548 3.149 0.059 0.054 1.297 7750.5 3.5735 15.966105 2.454908 17.270178 14.815269 "" "" 2323.62354 2858.1001 7735.78899 4.7732 1687.9 10.383 9398.3 13.076 "" "" 0.002835594366960073 0.0072382204 0.0040700915 0.011308312 157.65670582173 -58.07067671451 2563.46729 -6.548 3.149 0.4134167213439941 -0.20991675949096678 0.3109929 0.30599287 "" "" 5.63382777711642 "" 1.7463434651233796 ""
157.70573098954 -58.37825495459 0.0387 0.0369 6.9163 "" "" 5351475997547048704 2413.69336 0.3853 0.0459 -7.172 3.395 0.048 0.042 1.317 10206.3 4.2137 15.970087 1.133017 16.344278 15.211262 "" "" 2198.79272 2721.75073 7707.47447 3.6779 3960.1 49.339 6526.1 51.313 "" "" 0.002803607536152102 0.013811976 0.00933604 0.023148015 157.70573098954 -58.37825495459 2413.69336 -7.172000000000002 3.394999999999999 -0.21058327865600557 0.03608324050903322 0.2999929 0.29399288 "" "" 2.444376320096512 "" 0.7328812537353289 ""
157.6655847688 -58.14645215583 0.0287 0.0281 7.1328 "" "" 5351486752145435520 2595.74951 0.3666 0.0327 -8.189 4.12 0.042 0.036 0.979 6371.6 4.4899 15.97197 0.866631 16.313255 15.446624 "" "" 2392.5 2820.55518 7694.12034 3.1954 4074.9 7.4227 5254.2 7.9974 "" "" 0.0027919723991468148 0.0034200153 0.0041249 0.007544915 157.6655847688 -58.14645215583 2595.74951 -8.189000000000002 4.119999999999997 -1.227583278656006 0.7610832405090333 0.29399288 0.2879929 "" "" 17.771331485440555 "" 5.195258551281064 ""
157.64434766499 -58.25502337741 0.0264 0.0269 2.1273 "" "" 5351479978951764864 2396.59106 0.389 0.0317 -6.678 3.312 0.034 0.031 1.061 6188.0 4.3562 15.972148 0.94755 16.34821 15.40066 "" "" 2212.1731 2580.75537 7692.85309 2.9331 3945.8 9.2194 5481.4 12.107 "" "" 0.002786244158061288 0.003771017 0.00447601 0.008247027 157.64434766499 -58.25502337741 2396.59106 -6.677999999999997 3.3119999999999976 0.2834167213439942 -0.046916759490966964 0.2859929 0.28299287 "" "" 3.2633845563111463 "" 0.9330449859314071 ""
158.06903065915 -58.18115576696 0.0261 0.0255 12.3615 "" "" 5351460810540319616 2137.76294 0.4269 0.0317 -5.102 2.979 0.036 0.03 1.01 6081.4 4.2284 15.972699 1.109028 16.442657 15.33363 "" "" 2000.25 2287.42188 7688.95272 2.8131 3617.0 10.001 5830.5 10.263 "" "" 0.002783806974640035 0.004098464 0.004235114 0.008333578 158.06903065915 -58.18115576696 2137.76294 -5.102000000000001 2.979000000000001 1.8594167213439938 -0.3799167594909667 0.2879929 0.28199288 "" "" 19.230727337922904 "" 5.533735200395547 ""
157.57872714859 -58.04194428451 0.0299 0.0288 13.8996 "" "" 5351501247630298368 2166.0498 0.4418 0.0339 -0.872 2.42 0.046 0.041 0.986 5254.4 4.3538 15.973006 1.157862 16.4703 15.312439 "" "" 1996.41785 2323.27271 7686.77559 2.9854 3526.1 11.906 5945.4 11.874 "" "" 0.002787400779688645 0.0046070376 0.004357259 0.008964296 157.57872714859 -58.04194428451 2166.0498 -0.8719999999999994 2.420000000000001 6.089416721343994 -0.9389167594909669 0.2979929 0.2929929 "" "" 63.25932137102825 "" 18.843542881779122 ""
157.17464660323 -58.16082555845 0.0283 0.0282 17.9975 "" "" 5351495376439034240 2300.81787 0.3997 0.0323 -5.326 2.661 0.042 0.033 0.93 5651.2 4.2971 15.9731 1.158529 16.466318 15.307789 "" "" 2146.71973 2456.59692 7686.1124 4.0684 3539.1 10.392 5970.9 11.435 "" "" 0.00281461710999535 0.0042366222 0.0043136165 0.008550239 157.17464660323 -58.16082555845 2300.81787 -5.326 2.661 1.6354167213439945 -0.6979167594909668 0.29399288 0.28499287 "" "" 19.391849908637234 "" 5.674527946381552 ""
157.6586750144 -58.47327180743 0.2235 0.2459 12.7191 "" "" 5351473759838735616 2479.84058 0.4596 0.2838 -3.706 5.503 0.313 0.28 9.745 "" "" 15.97346 1.335382 16.34765 15.012268 "" "" 1737.1145 4422.64014 7683.56348 9.8679 3947.8 13.603 7838.8 15.548 "" "" 0.0030880627693146566 0.0046670297 0.0043498715 0.009016901 157.6586750144 -58.47327180743 2479.84058 -3.7060000000000013 5.5030000000000046 3.255416721343994 2.1440832405090333 0.5649929 0.5319929 "" "" 45.81946783683587 "" 25.439699716880906 ""
157.91187626958 -58.21800735795 0.0263 0.025 6.9232 "" "" 5351483900287204992 1964.42798 0.4775 0.0301 -4.311 1.952 0.035 0.031 1.052 5664.8 4.4266 15.973655 1.026657 16.40342 15.376762 "" "" 1848.11816 2085.21533 7682.18552 2.7964 3750.2 9.7875 5603.4 10.247 "" "" 0.0027835208234774397 0.003976739 0.0042691836 0.008245923 157.91187626958 -58.21800735795 1964.42798 -4.310999999999998 1.9519999999999982 2.650416721343994 -1.4069167594909668 0.28699288 0.28299287 "" "" 27.940564495340144 "" 7.994307775894283 ""
157.74773082167 -58.12526640389 0.0296 0.0291 8.3499 "" "" 5351488126535037440 2325.83887 0.4066 0.0346 -7.081 4.018 0.043 0.037 1.096 5176.1 4.1944 15.973863 1.07645 16.43135 15.3549 "" "" 2145.75464 2547.89868 7680.71858 2.9098 3654.9 10.442 5717.4 9.4211 "" "" 0.0027858531966739723 0.0041721747 0.004181447 0.008353622 157.74773082167 -58.12526640389 2325.83887 -7.081 4.018 -0.11958327865600626 0.659083240509033 0.2949929 0.28899288 "" "" 7.384678393734485 "" 2.135545811432233 ""
157.82988311815 -58.13830045043 0.0298 0.0293 8.3873 "" "" 5351485171597564800 2207.74536 0.4199 0.0351 -9.075 3.538 0.04 0.036 1.077 5583.6 3.9419 15.973928 1.125903 16.412762 15.286859 "" "" 2058.0647 2396.71899 7680.24908 2.7562 3718.0 22.163 6087.2 51.39 "" "" 0.002782733561316658 0.0070478925 0.0099147055 0.016962599 157.82988311815 -58.13830045043 2207.74536 -9.075000000000003 3.5379999999999994 -2.113583278656005 0.17908324050903301 0.29199287 0.2879929 "" "" 22.19729447137944 "" 6.480823207796484 ""
157.83346042325 -58.16430472014 0.027 0.0261 7.0917 "" "" 5351484828000157440 2756.80249 0.3465 0.0309 -4.518 3.603 0.037 0.032 0.994 7199.2 4.028 15.974189 1.063843 16.417454 15.353611 "" "" 2498.69409 3008.80981 7678.40913 2.9185 3702.0 10.622 5724.2 10.388 "" "" 0.002786053419833129 0.0041820914 0.004262156 0.008444248 157.83346042325 -58.16430472014 2756.80249 -4.518 3.603 2.4434167213439943 0.2440832405090334 0.28899288 0.2839929 "" "" 32.08763264630402 "" 9.271525837563296 ""
157.66310017444 -58.44709967163 0.0277 0.0266 11.144 "" "" 5351473935962630784 2919.13989 0.3062 0.0341 -6.733 3.084 0.039 0.031 1.038 9009.9 4.2795 15.974959 0.924441 16.338207 15.413766 "" "" 2668.49292 3239.17969 7672.96045 2.8191 3982.3 8.8247 5415.7 7.3062 "" "" 0.002784046749657134 0.0036842558 0.0040532947 0.0077375504 157.66310017444 -58.44709967163 2919.13989 -6.733 3.084 0.2284167213439945 -0.2749167594909667 0.2909929 0.28299287 "" "" 4.945606088268647 "" 1.4158630513449055 ""
