Clusters/LP_1490/LP_1490_stars_in_region.tsv
# %ECSV 1.0
# ---
# datatype:
# - name: RA_ICRS_1
#   unit: deg
#   datatype: float64
#   format: '{:15.11f}'
#   description: Right ascension (ICRS) at Ep=2016.0 (ra)
#   meta: !!omap
#   - {ucd: POS_EQ_RA_MAIN}
#   - {width: 15}
#   - {precision: '11'}
# - name: DE_ICRS_1
#   unit: deg
#   datatype: float64
#   format: '{:15.11f}'
#   description: Declination (ICRS) at Ep=2016.0 (dec)
#   meta: !!omap
#   - {ucd: POS_EQ_DEC_MAIN}
#   - {width: 15}
#   - {precision: '11'}
# - name: e_RA_ICRS
#   unit: mas
#   datatype: float64
#   format: '{:7.4f}'
#   description: Standard error of right ascension (ra_error)
#   meta: !!omap
#   - {ucd: ERROR}
#   - {width: 7}
#   - {precision: '4'}
# - name: e_DE_ICRS
#   unit: mas
#   datatype: float64
#   format: '{:7.4f}'
#   description: Standard error of declination (dec_error)
#   meta: !!omap
#   - {ucd: ERROR}
#   - {width: 7}
#   - {precision: '4'}
# - name: _r_1
#   unit: ''
#   datatype: float64
#   format: '{:7.4f}'
#   description: Distance from center (157.71001308000-58.26300444000)[ICRS], at Epoch=J2016.0
#   meta: !!omap
#   - {ucd: POS_ANG_DIST_GENERAL}
#   - {width: 7}
#   - {precision: '4'}
# - name: HIP
#   datatype: int32
#   description: '? HIP cross-id number, van Leeuwen, Cat. I/311 (hip_original_ext_source_id)'
#   meta: !!omap
#   - {ucd: ID_NUMBER}
#   - {width: 6}
#   - values: {'null': -2147483648}
# - name: TYC2
#   datatype: string
#   description: Tycho-2 cross-id name, Hog et al., Cat. I/259 (tyc2_original_ext_source_id)
#   meta: !!omap
#   - {ucd: ID_CROSSID}
#   - {_votable_string_dtype: char}
# - name: Source
#   datatype: int64
#   description: Source identifier, identical to the Gaia-EDR3 source_id (id)
#   meta: !!omap
#   - {ucd: ID_MAIN}
#   - {width: 19}
# - name: rgeo
#   unit: pc
#   datatype: float64
#   format: '{:15.8f}'
#   description: '? Median of the geometric distance posterior (r_med_geo)'
#   meta: !!omap
#   - {ucd: PHYS_DISTANCE_TRUE}
#   - {width: 15}
#   - {precision: '8'}
#   - values: {'null': .nan}
# - name: Plx
#   unit: mas
#   datatype: float64
#   format: '{:9.4f}'
#   description: '? Parallax (parallax)'
#   meta: !!omap
#   - {ucd: POS_PARLX_TRIG}
#   - {width: 9}
#   - {precision: '4'}
#   - values: {'null': .nan}
# - name: e_Plx
#   unit: mas
#   datatype: float32
#   format: '{:7.4f}'
#   description: '? Standard error of parallax (parallax_error)'
#   meta: !!omap
#   - {ucd: ERROR}
#   - {width: 7}
#   - {precision: '4'}
#   - values: {'null': .nan}
# - name: pmRA
#   unit: mas / yr
#   datatype: float64
#   format: '{:9.3f}'
#   description: '? Proper motion in right ascension direction, pmRA*cosDE (pmra)'
#   meta: !!omap
#   - {ucd: POS_EQ_PMRA}
#   - {width: 9}
#   - {precision: '3'}
#   - values: {'null': .nan}
# - name: pmDE
#   unit: mas / yr
#   datatype: float64
#   format: '{:9.3f}'
#   description: '? Proper motion in declination direction (pmdec)'
#   meta: !!omap
#   - {ucd: POS_EQ_PMDEC}
#   - {width: 9}
#   - {precision: '3'}
#   - values: {'null': .nan}
# - name: e_pmRA
#   unit: mas / yr
#   datatype: float32
#   format: '{:6.3f}'
#   description: '? Standard error of proper motion in right ascension direction (pmra_error)'
#   meta: !!omap
#   - {ucd: ERROR}
#   - {width: 6}
#   - {precision: '3'}
#   - values: {'null': .nan}
# - name: e_pmDE
[...]
#         value: !astropy.table.SerializedColumn {name: SkyCoord.dec}
#       distance: !astropy.table.SerializedColumn
#         __class__: astropy.coordinates.distances.Distance
#         unit: !astropy.units.Unit {unit: pc}
#         value: !astropy.table.SerializedColumn {name: SkyCoord.distance}
#       frame: icrs
#       obstime: !astropy.time.Time {format: jyear_str, in_subfmt: '*', jd1: 367701545.0, jd2: 0.0, out_subfmt: '*', precision: 3, scale: tt}
#       pm_dec: !astropy.table.SerializedColumn
#         __class__: astropy.units.quantity.Quantity
#         unit: !astropy.units.Unit {unit: mas / yr}
#         value: !astropy.table.SerializedColumn {name: SkyCoord.pm_dec}
#       pm_ra_cosdec: !astropy.table.SerializedColumn
#         __class__: astropy.units.quantity.Quantity
#         unit: !astropy.units.Unit {unit: mas / yr}
#         value: !astropy.table.SerializedColumn {name: SkyCoord.pm_ra_cosdec}
#       ra: !astropy.table.SerializedColumn
#         __class__: astropy.coordinates.angles.Longitude
#         unit: *id001
#         value: !astropy.table.SerializedColumn {name: SkyCoord.ra}
#         wrap_angle: !astropy.coordinates.Angle
#           unit: *id001
#           value: 360.0
#       representation_type: spherical
# schema: astropy-2.0
RA_ICRS_1 DE_ICRS_1 e_RA_ICRS e_DE_ICRS _r_1 HIP TYC2 Source rgeo Plx e_Plx pmRA pmDE e_pmRA e_pmDE RUWE Teff logg Gmag BP-RP BPmag RPmag RV e_RV b_rgeo B_rgeo FG e_FG FBP e_FBP FRP e_FRP RAVE5 RAVE6 e_Gmag e_BPmag e_RPmag e_BP-RP SkyCoord.ra SkyCoord.dec SkyCoord.distance SkyCoord.pm_ra_cosdec SkyCoord.pm_dec rmRA rmDE e_rmRA e_rmDE rRV e_rRV v_pec v_pec3d e_vpec e_vpec3d
[from data line 391]
157.85196504769 -58.48448630388 0.0398 0.0399 14.0193 "" "" 5351426313361056128 2905.91992 0.3288 0.0491 -3.861 3.379 0.053 0.046 3.044 "" "" 14.389552 2.000242 15.358344 13.358102 25.56 1.78 2559.19604 3413.92065 33046.53395 23.203 9819.3 14.097 35968.0 27.874 "" "" 0.0028588345686612897 0.0031960416 0.0038719112 0.007067953 157.85196504769 -58.48448630388 2905.91992 -3.8609999999999998 3.378999999999999 3.100416721343994 0.020083240509033207 0.30499288 0.2979929 -5.34 3.21 42.70622318122775 43.038785977358074 13.025081790786789 12.93057153740175
157.41453205218 -58.03267356832 0.0161 0.0155 16.689 "" "" 5351500770918109184 2384.43652 0.3839 0.0188 -6.413 2.152 0.022 0.019 1.018 9002.9 3.8217 14.390511 0.497006 14.571567 14.07456 "" "" 2283.2002 2496.10229 33017.37555 11.545 20267.0 20.513 18592.0 17.514 "" "" 0.0027813519043535305 0.0029987767 0.0039153304 0.006914107 157.41453205218 -58.03267356832 2384.43652 -6.412999999999997 2.1519999999999984 0.5484167213439939 -1.2069167594909667 0.2739929 0.27099288 "" "" 14.983060226897152 "" 4.068030398660139 ""
157.27788864724 -58.30325249536 0.0139 0.0138 13.8429 "" "" 5351490566076774784 2874.63843 0.314 0.0161 -5.529 4.661 0.02 0.018 1.008 "" "" 14.393958 1.974009 15.384942 13.410933 -14.34 2.54 2750.01001 2999.1355 32912.69476 7.9404 9581.6 12.301 34260.0 17.296 "" "" 0.0027677431995815852 0.0031189679 0.003818923 0.006937891 157.27788864724 -58.30325249536 2874.63843 -5.528999999999999 4.661 1.4324167213439942 1.3020832405090328 0.2719929 0.2699929 -45.239999999999995 3.9699998 26.37650398826438 52.36771488849715 7.150401906810255 4.973260607400448
157.59467600728 -58.03202096441 0.0151 0.0146 14.3321 "" "" 5351489638363737856 2583.71777 0.352 0.0173 -6.535 3.983 0.023 0.02 1.022 7626.7 3.8158 14.397716 0.552845 14.598633 14.045788 "" "" 2478.52588 2685.95508 32799.0019 10.018 19768.0 18.048 19092.0 15.741 "" "" 0.0027752050808015852 0.0029610232 0.0038839485 0.006844972 157.59467600728 -58.03202096441 2583.71777 -6.535000000000001 3.9829999999999983 0.426416721343994 0.6240832405090333 0.27499288 0.2719929 "" "" 9.256775884436626 "" 2.5266487942167317 ""
157.99204658355 -58.06945882118 0.015 0.0139 14.6466 "" "" 5351508639300402560 2814.26953 0.3173 0.0171 -8.627 2.584 0.02 0.018 1.062 5131.8 2.8813 14.400258 1.867178 15.321298 13.45412 38.44 2.44 2685.71851 3001.1416 32722.28988 10.564 10160.0 20.458 32924.0 29.646 "" "" 0.0027775261532616015 0.0035446584 0.0039037806 0.007448439 157.99204658355 -58.06945882118 2814.26953 -8.627 2.584 -1.6655832786560065 -0.7749167594909667 0.2719929 0.2699929 7.539999999999999 3.87 24.50525784692565 25.639018353757447 6.656561274408753 6.463200178057518
157.18017428327 -58.21441056381 0.0327 0.0305 16.9859 "" "" 5351494757964817792 2537.07397 0.3719 0.0362 -6.848 3.11 0.048 0.041 2.266 "" "" 14.400279 0.981213 14.644383 13.663171 "" "" 2328.80835 2784.99976 32721.65452 17.073 18952.0 142.61 27158.0 594.21 "" "" 0.002812953989088068 0.008633254 0.024054388 0.03268764 157.18017428327 -58.21441056381 2537.07397 -6.847999999999999 3.1099999999999994 0.11341672134399428 -0.24891675949096692 0.2999929 0.2929929 "" "" 3.2894914087439795 "" 0.9677952352552681 ""
157.61405096083 -58.17584043461 0.0137 0.0139 6.0454 "" "" 5351487061383010816 2161.25244 0.4299 0.0166 -8.441 3.748 0.02 0.018 1.003 7069.3 4.0804 14.407641 0.678485 14.66499 13.986505 -67.7 9.83 2089.17798 2244.90503 32500.4981 10.423 18596.0 20.686 20163.0 20.954 "" "" 0.0027772345382912392 0.0030403514 0.003944218 0.0069845696 157.61405096083 -58.17584043461 2161.25244 -8.440999999999995 3.748 -1.4795832786560066 0.3890832405090334 0.2719929 0.2699929 -98.6 11.26 15.672671354860437 99.83783164410904 4.260834777414305 11.140491517609934
157.52159182675 -58.09303475207 0.0155 0.0149 11.8126 "" "" 5351499568328443520 2088.00879 0.4434 0.0181 -5.226 -1.572 0.026 0.02 0.979 6156.7 3.665 14.410764 0.90483 14.775854 13.871024 6.71 7.41 2014.5155 2164.80884 32407.18278 6.9776 16791.0 20.926 22426.0 13.813 "" "" 0.002765219322228754 0.0031009614 0.0038380916 0.006939053 157.52159182675 -58.09303475207 2088.00879 -5.226 -1.5720000000000003 1.7354167213439942 -4.930916759490967 0.27799287 0.2719929 -24.189999999999998 8.84 51.73632871695319 57.1122036793244 14.106460991015648 13.315884531027628
158.02560923311 -58.31265704711 0.013 0.0126 10.3899 "" "" 5351434830255399808 2912.63232 0.3067 0.015 -6.799 2.849 0.017 0.015 1.073 9110.7 3.504 14.415567 0.848013 14.747962 13.899949 "" "" 2798.79785 3061.61133 32264.12672 6.635 17228.0 15.253 21836.0 14.607 "" "" 0.0027643520638787012 0.002951116 0.003848536 0.0067996522 158.02560923311 -58.31265704711 2912.63232 -6.799000000000004 2.849000000000003 0.16241672134399376 -0.5099167594909666 0.26899287 0.26699287 "" "" 7.388328312082462 "" 1.97399663362059 ""
157.97685592861 -58.45703567606 0.0453 0.0459 14.3552 "" "" 5351426966196236160 2171.82129 0.4595 0.0535 -4.631 5.814 0.057 0.053 3.618 5315.5 4.1346 14.417387 1.039736 14.843369 13.803634 -25.34 4.62 1980.5575 2426.46509 32210.07832 14.64 15779.0 13.606 23862.0 13.803 "" "" 0.002799163528962545 0.0029430503 0.0038312096 0.0067742597 157.97685592861 -58.45703567606 2171.82129 -4.631000000000002 5.814000000000003 2.330416721343994 2.4550832405090333 0.3089929 0.30499288 -56.239999999999995 6.0499997 34.8467326817858 66.16065582047867 10.694296900822497 7.627289220116898
157.97720707818 -57.98247866796 0.0207 0.019 18.8409 "" "" 5351511211954507392 2005.93079 0.4633 0.0226 -5.982 2.643 0.028 0.026 1.3 7870.6 3.8485 14.434983 0.552165 14.63841 14.086245 "" "" 1926.01123 2091.50903 31692.27808 12.313 19057.0 27.318 18393.0 19.05 "" "" 0.002787423126809998 0.0031949023 0.0039431294 0.0071380315 157.97720707818 -57.98247866796 2005.93079 -5.982000000000002 2.642999999999999 0.9794167213439939 -0.715916759490967 0.27999288 0.27799287 "" "" 11.535005040522089 "" 3.221704106337877 ""
158.21410499761 -58.13338660181 0.015 0.0136 17.7349 "" "" 5351460432583428480 2350.70972 0.3917 0.0166 -5.557 2.33 0.019 0.016 1.039 8984.8 4.2969 14.439404 0.446631 14.604382 14.15775 "" "" 2263.97949 2440.61548 31563.51215 11.638 19664.0 16.789 17221.0 12.436 "" "" 0.002784250868317701 0.0029401304 0.0038598536 0.006799984 158.21410499761 -58.13338660181 2350.70972 -5.557000000000001 2.3299999999999983 1.4044167213439938 -1.0289167594909667 0.27099288 0.26799288 "" "" 19.39877593132428 "" 5.236677143535636 ""
158.26478035407 -58.2290824712 0.0143 0.0137 17.6353 "" "" 5351456618652339584 2219.67407 0.4178 0.0166 -10.418 5.034 0.018 0.017 0.984 5986.6 3.5243 14.439411 0.941134 14.821036 13.879902 -2.89 10.49 2135.85254 2300.72681 31563.29931 6.104 16107.0 17.415 22243.0 13.522 "" "" 0.0027633090021892213 0.0030270617 0.0038365847 0.006863646 158.26478035407 -58.2290824712 2219.67407 -10.418 5.034000000000002 -3.456583278656005 1.675083240509033 0.2699929 0.26899287 -33.79 11.92 40.412949992379716 52.67798996816966 10.903534715652093 11.332804375941299
157.91118240941 -58.19433286286 0.0653 0.0651 7.5741 "" "" 5351484037726183808 2292.3667 0.41 0.0748 -5.641 2.474 0.088 0.081 6.216 7093.1 4.1239 14.44 0.717623 14.70062 13.982997 13.22 10.02 2040.87073 2778.01538 31546.18726 22.025 17996.0 21.88 20228.0 11.272 "" "" 0.002857694387795657 0.0030866847 0.0038275032 0.006914188 157.91118240941 -58.19433286286 2292.3667 -5.641000000000001 2.4739999999999993 1.3204167213439941 -0.8849167594909666 0.33999288 0.33299288 -17.68 11.450001 17.271449493204994 24.716095314517844 5.834966445912698 9.14926296035019
157.81029861575 -58.29794185958 0.014 0.0146 3.7951 "" "" 5351481769983269760 2459.16943 0.3714 0.0168 -7.334 3.261 0.018 0.017 0.968 "" "" 14.448636 0.617433 14.680933 14.0635 "" "" 2341.91797 2556.82397 31296.23981 7.9956 18325.0 23.053 18783.0 14.921 "" "" 0.0027692475382335084 0.0031065473 0.0038765483 0.006983096 157.81029861575 -58.29794185958 2459.16943 -7.334 3.2610000000000006 -0.3725832786560055 -0.09791675949096668 0.2699929 0.26899287 "" "" 4.4904773513154 "" 1.2121073412750385 ""
157.11777991836 -58.23032930974 0.0154 0.015 18.8027 "" "" 5255418087574494592 2784.7854 0.3264 0.0169 -9.296 0.586 0.022 0.019 1.011 5583.7 2.9052 14.450289 1.740107 15.286313 13.546205 -5.14 2.93 2643.79858 2933.31567 31248.63519 7.1224 10493.0 15.218 30247.0 18.7 "" "" 0.0027664110269558827 0.0032038337 0.0038385286 0.0070423624 157.11777991836 -58.23032930974 2784.7854 -9.296 0.5860000000000003 -2.3345832786560052 -2.772916759490967 0.2739929 0.27099288 -36.04 4.36 47.847247238661275 59.90192541410984 13.02599746577869 10.73022534891274
157.15298950772 -58.32140722998 0.0147 0.0141 17.9119 "" "" 5255414308003213568 2362.84692 0.3895 0.0166 -5.522 2.329 0.024 0.02 0.949 9200.6 4.3398 14.452753 0.456361 14.623451 14.16709 "" "" 2258.16699 2456.35791 31177.80734 10.999 19321.0 17.198 17073.0 14.866 "" "" 0.0027818160979479704 0.002952803 0.0038958285 0.0068486314 157.15298950772 -58.32140722998 2362.84692 -5.522 2.329 1.439416721343994 -1.0299167594909666 0.27599287 0.2719929 "" "" 19.823019048979805 "" 5.444292744163861 ""
158.07025167315 -58.38213231754 0.014 0.0137 13.4135 "" "" 5351433494522328320 2415.92334 0.3783 0.016 -5.589 2.901 0.018 0.017 1.106 6423.5 3.3588 14.453689 0.987657 14.702304 13.714647 25.77 13.77 2331.99585 2492.36816 31150.95712 10.691 17968.0 100.58 25900.0 137.9 "" "" 0.0027804025440061383 0.0066875233 0.006906627 0.013594151 158.07025167315 -58.38213231754 2415.92334 -5.588999999999999 2.9009999999999994 1.3724167213439937 -0.457916759490967 0.2699929 0.26899287 -5.129999999999999 15.200001 16.567937722839332 17.34397475747363 4.47156839986851 6.201481187979083
157.96309118556 -58.27233362073 0.0135 0.0134 8.006 "" "" 5351435212533861632 2195.63794 0.417 0.0156 -6.305 1.794 0.017 0.016 1.024 7540.8 4.0436 14.457334 0.636457 14.700027 14.06357 5.41 20.67 2129.25513 2276.79028 31046.52373 7.929 18006.0 22.683 18782.0 10.602 "" "" 0.002769237722511826 0.0031073776 0.0038287519 0.006936129 157.96309118556 -58.27233362073 2195.63794 -6.305 1.7940000000000016 0.6564167213439944 -1.5649167594909668 0.26899287 0.26799288 -25.49 22.1 17.661346224960678 31.010695743209837 4.735761756308868 18.36477195027027
157.93751143603 -58.44075010205 0.0135 0.0139 12.8465 "" "" 5351427722110473728 2296.1897 0.4033 0.0164 -4.969 1.113 0.017 0.017 0.987 6256.6 3.8723 14.459218 0.917212 14.830615 13.913403 6.18 9.18 2222.45386 2397.81885 30992.71359 5.6147 15965.0 13.599 21567.0 15.723 "" "" 0.0027623319782446787 0.002939449 0.0038613798 0.0068008285 157.93751143603 -58.44075010205 2296.1897 -4.969 1.113 1.9924167213439938 -2.245916759490967 0.26899287 0.26899287 -24.72 10.610001 32.676961510649846 40.97392113977489 8.789869693811506 9.492849021280309
157.82977577148 -57.97093034506 0.0168 0.0153 17.9307 "" "" 5351512968627805568 2150.63892 0.4275 0.0187 -5.971 4.561 0.027 0.024 1.028 6231.7 3.7214 14.463076 0.801827 14.779185 13.977358 78.55 7.01 2075.71484 2248.09644 30882.7833 7.8341 16740.0 21.154 20334.0 33.477 "" "" 0.0027690514791797404 0.0031092595 0.004180779 0.0072900387 157.82977577148 -57.97093034506 2150.63892 -5.971000000000002 4.5610000000000035 0.990416721343994 1.2020832405090331 0.2789929 0.27599287 47.65 8.440001 15.877602366483805 50.22569817243133 4.401427604943042 8.127168785097108
157.74741563246 -58.25712707884 0.0134 0.014 1.2321 "" "" 5351482835135170944 2352.05566 0.3931 0.0162 -7.312 3.687 0.018 0.017 0.982 9163.2 4.0052 14.474853 0.469903 14.643046 14.173143 "" "" 2273.06201 2423.40356 30549.61687 9.3781 18976.0 21.841 16979.0 13.087 "" "" 0.002775405792246551 0.0030572375 0.003870925 0.0069281626 157.74741563246 -58.25712707884 2352.05566 -7.312 3.687000000000001 -0.35058327865600614 0.32808324050903304 0.2699929 0.26899287 "" "" 5.3531067957136225 "" 1.4428039178696128 ""
157.6130819848 -58.2319197833 0.0141 0.0143 3.5841 "" "" 5351480253829727872 2161.12988 0.4235 0.017 -5.014 0.273 0.02 0.018 0.991 7137.1 4.1481 14.480884 0.666166 14.733752 14.067586 "" "" 2100.19312 2245.66406 30380.39989 7.5536 17455.0 16.261 18712.0 17.125 "" "" 0.002768512759612415 0.0029678466 0.003907822 0.0068756687 157.6130819848 -58.2319197833 2161.12988 -5.0139999999999985 0.27300000000000024 1.947416721343994 -3.0859167594909667 0.2719929 0.2699929 "" "" 37.37962309588338 "" 10.113581444716761 ""
157.29227835375 -58.46416906824 0.0154 0.014 17.8471 "" "" 5255399434570039552 2393.29565 0.3797 0.018 -8.627 4.548 0.022 0.017 1.013 "" "" 14.491562 0.721672 14.769857 14.048185 "" "" 2306.29932 2511.75317 30083.05299 7.5568 16884.0 16.953 19050.0 17.537 "" "" 0.0027687855810680905 0.0029955844 0.003909314 0.006904898 157.29227835375 -58.46416906824 2393.29565 -8.627000000000002 4.548 -1.6655832786560065 1.1890832405090332 0.2739929 0.26899287 "" "" 23.21573941305538 "" 6.321997051748144 ""
157.68486597542 -58.51370966565 0.0195 0.0187 15.0631 "" "" 5255396101675632896 2497.50098 0.3667 0.024 -6.892 3.797 0.026 0.022 1.375 9815.7 3.6146 14.491988 0.646518 14.730594 14.084076 "" "" 2355.72876 2670.81226 30071.25039 7.9363 17506.0 15.403 18430.0 13.215 "" "" 0.0027701799049265315 0.0029491794 0.0038587318 0.006807911 157.68486597542 -58.51370966565 2497.50098 -6.892000000000003 3.7969999999999975 0.06941672134399379 0.43808324050903336 0.27799287 0.2739929 "" "" 5.2508002056913226 "" 1.4392000493150283 ""
157.34857963199 -58.1938914154 0.0148 0.0149 12.1481 "" "" 5351492795134346624 2232.77466 0.4103 0.0175 -4.981 3.139 0.024 0.021 0.964 7215.5 4.0727 14.493686 0.612435 14.725981 14.113545 "" "" 2148.78857 2328.56445 30024.25925 8.3292 17580.0 23.776 17937.0 13.424 "" "" 0.002771734288802996 0.003152974 0.003865745 0.007018719 157.34857963199 -58.1938914154 2232.77466 -4.981 3.139 1.9804167213439943 -0.219916759490967 0.27599287 0.27299288 "" "" 21.08827812029009 "" 5.81944792351546 ""
158.18131443234 -58.09386288742 0.0153 0.0136 18.0363 "" "" 5351462769045686016 2018.12305 0.4631 0.0169 -5.41 3.286 0.019 0.016 0.956 8197.3 4.3277 14.496823 0.51512 14.687128 14.172009 "" "" 1942.73352 2095.97168 29937.6316 10.808 18221.0 20.864 16996.0 14.852 "" "" 0.002783061162875041 0.0030546123 0.003896652 0.006951264 158.18131443234 -58.09386288742 2018.12305 -5.41 3.2859999999999983 1.551416721343994 -0.07291675949096676 0.27099288 0.26799288 "" "" 14.857084859029886 "" 4.026066443073012 ""
157.24580438863 -58.21726412783 0.0155 0.0147 14.9151 "" "" 5351492146624726528 2328.14868 0.3926 0.0171 -8.021 4.066 0.024 0.02 0.96 8177.8 4.1867 14.500499 0.460196 14.671367 14.211171 "" "" 2242.62988 2421.18213 29836.44514 8.129 18487.0 13.749 16394.0 10.44 "" "" 0.002771153830641651 0.0029046624 0.0038421068 0.006746769 157.24580438863 -58.21726412783 2328.14868 -8.020999999999997 4.066 -1.0595832786560067 0.707083240509033 0.27599287 0.2719929 "" "" 14.05743080848306 "" 3.862513024864302 ""
158.07526938245 -58.07984957565 0.0158 0.0153 15.9482 "" "" 5351508501861463808 2935.29395 0.3003 0.0177 -6.48 2.201 0.021 0.018 1.0 9768.6 3.8121 14.50331 0.833267 14.82546 13.992193 "" "" 2799.36646 3097.27637 29759.28613 10.531 16041.0 22.7 20058.0 20.702 "" "" 0.0027819792579799546 0.0031852361 0.0039420123 0.0071272487 158.07526938245 -58.07984957565 2935.29395 -6.48 2.201 0.4814167213439937 -1.1579167594909667 0.27299288 0.2699929 "" "" 17.447365697023365 "" 4.71841535919708 ""
