Clusters/LP_1355/LP_1355_stars_in_region.tsv
# %ECSV 1.0
# ---
# datatype:
# - name: RA_ICRS_1
#   unit: deg
#   datatype: float64
#   format: '{:15.11f}'
#   description: Right ascension (ICRS) at Ep=2016.0 (ra)
#   meta: !!omap
#   - {ucd: POS_EQ_RA_MAIN}
#   - {width: 15}
#   - {precision: '11'}
# - name: DE_ICRS_1
#   unit: deg
#   datatype: float64
#   format: '{:15.11f}'
#   description: Declination (ICRS) at Ep=2016.0 (dec)
#   meta: !!omap
#   - {ucd: POS_EQ_DEC_MAIN}
#   - {width: 15}
#   - {precision: '11'}
# - name: e_RA_ICRS
#   unit: mas
#   datatype: float64
#   format: '{:7.4f}'
#   description: Standard error of right ascension (ra_error)
#   meta: !!omap
#   - {ucd: ERROR}
#   - {width: 7}
#   - {precision: '4'}
# - name: e_DE_ICRS
#   unit: mas
#   datatype: float64
#   format: '{:7.4f}'
#   description: Standard error of declination (dec_error)
#   meta: !!omap
#   - {ucd: ERROR}
#   - {width: 7}
#   - {precision: '4'}
# - name: _r_1
#   unit: ''
#   datatype: float64
#   format: '{:7.4f}'
#   description: Distance from center (046.02331534000+57.77379778000)[ICRS], at Epoch=J2016.0
#   meta: !!omap
#   - {ucd: POS_ANG_DIST_GENERAL}
#   - {width: 7}
#   - {precision: '4'}
# - name: HIP
#   datatype: int32
#   description: '? HIP cross-id number, van Leeuwen, Cat. I/311 (hip_original_ext_source_id)'
#   meta: !!omap
#   - {ucd: ID_NUMBER}
#   - {width: 6}
#   - values: {'null': -2147483648}
# - name: TYC2
#   datatype: string
#   description: Tycho-2 cross-id name, Hog et al., Cat. I/259 (tyc2_original_ext_source_id)
#   meta: !!omap
#   - {ucd: ID_CROSSID}
#   - {_votable_string_dtype: char}
# - name: Source
#   datatype: int64
#   description: Source identifier, identical to the Gaia-EDR3 source_id (id)
#   meta: !!omap
#   - {ucd: ID_MAIN}
#   - {width: 19}
# - name: rgeo
#   unit: pc
#   datatype: float64
#   format: '{:15.8f}'
#   description: '? Median of the geometric distance posterior (r_med_geo)'
#   meta: !!omap
#   - {ucd: PHYS_DISTANCE_TRUE}
#   - {width: 15}
#   - {precision: '8'}
#   - values: {'null': .nan}
# - name: Plx
#   unit: mas
#   datatype: float64
#   format: '{:9.4f}'
#   description: '? Parallax (parallax)'
#   meta: !!omap
#   - {ucd: POS_PARLX_TRIG}
#   - {width: 9}
#   - {precision: '4'}
#   - values: {'null': .nan}
# - name: e_Plx
#   unit: mas
#   datatype: float32
#   format: '{:7.4f}'
#   description: '? Standard error of parallax (parallax_error)'
#   meta: !!omap
#   - {ucd: ERROR}
#   - {width: 7}
#   - {precision: '4'}
#   - values: {'null': .nan}
# - name: pmRA
#   unit: mas / yr
#   datatype: float64
#   format: '{:9.3f}'
#   description: '? Proper motion in right ascension direction, pmRA*cosDE (pmra)'
#   meta: !!omap
#   - {ucd: POS_EQ_PMRA}
#   - {width: 9}
#   - {precision: '3'}
#   - values: {'null': .nan}
# - name: pmDE
#   unit: mas / yr
#   datatype: float64
#   format: '{:9.3f}'
#   description: '? Proper motion in declination direction (pmdec)'
#   meta: !!omap
#   - {ucd: POS_EQ_PMDEC}
#   - {width: 9}
#   - {precision: '3'}
#   - values: {'null': .nan}
# - name: e_pmRA
#   unit: mas / yr
#   datatype: float32
#   format: '{:6.3f}'
#   description: '? Standard error of proper motion in right ascension direction (pmra_error)'
#   meta: !!omap
#   - {ucd: ERROR}
#   - {width: 6}
#   - {precision: '3'}
#   - values: {'null': .nan}
# - name: e_pmDE
[...]
#         value: !astropy.table.SerializedColumn {name: SkyCoord.dec}
#       distance: !astropy.table.SerializedColumn
#         __class__: astropy.coordinates.distances.Distance
#         unit: !astropy.units.Unit {unit: pc}
#         value: !astropy.table.SerializedColumn {name: SkyCoord.distance}
#       frame: icrs
#       obstime: !astropy.time.Time {format: jyear_str, in_subfmt: '*', jd1: 367701545.0, jd2: 0.0, out_subfmt: '*', precision: 3, scale: tt}
#       pm_dec: !astropy.table.SerializedColumn
#         __class__: astropy.units.quantity.Quantity
#         unit: !astropy.units.Unit {unit: mas / yr}
#         value: !astropy.table.SerializedColumn {name: SkyCoord.pm_dec}
#       pm_ra_cosdec: !astropy.table.SerializedColumn
#         __class__: astropy.units.quantity.Quantity
#         unit: !astropy.units.Unit {unit: mas / yr}
#         value: !astropy.table.SerializedColumn {name: SkyCoord.pm_ra_cosdec}
#       ra: !astropy.table.SerializedColumn
#         __class__: astropy.coordinates.angles.Longitude
#         unit: *id001
#         value: !astropy.table.SerializedColumn {name: SkyCoord.ra}
#         wrap_angle: !astropy.coordinates.Angle
#           unit: *id001
#           value: 360.0
#       representation_type: spherical
# schema: astropy-2.0
RA_ICRS_1 DE_ICRS_1 e_RA_ICRS e_DE_ICRS _r_1 HIP TYC2 Source rgeo Plx e_Plx pmRA pmDE e_pmRA e_pmDE RUWE Teff logg Gmag BP-RP BPmag RPmag RV e_RV b_rgeo B_rgeo FG e_FG FBP e_FBP FRP e_FRP RAVE5 RAVE6 e_Gmag e_BPmag e_RPmag e_BP-RP SkyCoord.ra SkyCoord.dec SkyCoord.distance SkyCoord.pm_ra_cosdec SkyCoord.pm_dec rmRA rmDE e_rmRA e_rmDE rRV e_rRV v_pec v_pec3d e_vpec e_vpec3d
[from data line 287]
46.45053274576 57.46505579386 0.0227 0.024 23.0564 "" "" 460274332105331712 2741.12793 0.3242 0.0321 0.059 -0.185 0.031 0.032 0.966 9236.8 3.4494 15.650355 1.392867 16.266113 14.873246 "" "" 2532.95532 3007.98047 10346.76848 3.4158 4255.7 13.984 8909.6 11.613 "" "" 0.0027785366667712973 0.0045291632 0.0040356475 0.008564811 46.45053274576 57.46505579386 2741.12793 0.05899999999999999 -0.18499999999999997 0.2322500046491623 0.3697500252723694 0.22618501 0.22718501 "" "" 5.673249874815076 "" 1.2872747945227927 ""
45.26866942731 57.61710502708 0.0231 0.0292 25.9599 "" "" 461064846606916480 2874.55688 0.3048 0.0352 -0.975 0.271 0.032 0.042 0.98 7047.3 3.2036 15.661119 2.372205 16.917734 14.545529 "" "" 2611.59106 3247.78906 10244.70257 4.3547 2335.2 10.582 12049.0 16.048 "" "" 0.0027937041608438623 0.0056561264 0.00404659 0.009702716 45.26866942731 57.61710502708 2874.55688 -0.9749999999999999 0.2710000000000001 -0.8017499953508377 0.8257500252723694 0.22718501 0.237185 "" "" 15.682036818080418 "" 3.6442887668350785 ""
46.62078183497 57.72470870728 0.0252 0.0253 19.3548 "" "" 460280826095620096 2209.58813 0.4255 0.0355 -0.02 -0.139 0.038 0.038 1.068 9235.6 3.8422 15.663948 1.27436 16.216187 14.941827 "" "" 2059.63599 2363.06519 10218.03397 3.6199 4456.0 12.039 8364.3 10.578 "" "" 0.002782038230382894 0.0040484336 0.0040210816 0.008069515 46.62078183497 57.72470870728 2209.58813 -0.02000000000000001 -0.139 0.1532500046491623 0.4157500252723694 0.23318501 0.23318501 "" "" 4.640737860624366 "" 1.0821504959362631 ""
46.48152337844 57.62902613196 0.0234 0.0248 17.066 "" "" 460278627073319040 2339.91479 0.407 0.0341 -2.234 -0.441 0.033 0.036 0.984 "" "" 15.665061 1.273341 16.21642 14.943078 "" "" 2160.14795 2485.26782 10207.56702 3.2954 4455.0 9.1374 8354.6 10.283 "" "" 0.00277752627135232 0.0035698875 0.0040086834 0.007578571 46.48152337844 57.62902613196 2339.91479 -2.2340000000000004 -0.44100000000000045 -2.0607499953508377 0.11375002527236938 0.228185 0.231185 "" "" 22.890975623527062 "" 5.22358719631744 ""
46.64212212032 57.63128432575 0.0237 0.0242 21.6025 "" "" 460277287042642688 2910.63086 0.3006 0.0325 0.049 -0.535 0.034 0.034 0.942 6917.7 3.3091 15.672691 2.360435 16.93537 14.574935 "" "" 2665.44189 3211.23511 10136.0836 4.2023 2297.6 8.8582 11727.0 14.867 "" "" 0.0027918469565125486 0.005030639 0.0040222313 0.009052871 46.64212212032 57.63128432575 2910.63086 0.04899999999999985 -0.5349999999999999 0.22225000464916228 0.019750025272369354 0.22918501 0.22918501 "" "" 3.078330785692329 "" 0.7055072871804218 ""
45.45188511868 57.75117792279 0.024 0.026 18.3393 "" "" 461067561026150656 2278.55518 0.4019 0.0337 0.725 -1.216 0.032 0.034 1.053 9257.2 3.4713 15.673172 1.49459 16.349066 14.854476 "" "" 2118.69409 2472.19287 10131.5989 4.2109 3942.7 14.873 9065.0 17.008 "" "" 0.0027920278863945505 0.004955793 0.00429342 0.009249212 45.45188511868 57.75117792279 2278.55518 0.7250000000000001 -1.2160000000000002 0.8982500046491623 -0.6612499747276306 0.22718501 0.22918501 "" "" 12.04665131307978 "" 2.7453105290805038 ""
45.81444190632 57.82283894945 0.0247 0.0278 7.298 "" "" 460341471033886080 2197.60547 0.4325 0.037 0.62 -2.306 0.036 0.039 1.009 7469.7 3.2552 15.674992 1.632602 16.441534 14.808932 "" "" 2022.02979 2354.01685 10114.63192 3.5785 3620.8 13.869 9453.3 15.431 "" "" 0.0027819675108789375 0.0050080353 0.0041742953 0.00918233 45.81444190632 57.82283894945 2197.60547 0.6200000000000007 -2.305999999999999 0.7932500046491623 -1.7512499747276307 0.231185 0.23418501 "" "" 20.026323185714432 "" 4.679691024931386 ""
45.22017194952 57.61900174787 0.0227 0.0277 27.3757 "" "" 461065087125089152 2368.11572 0.3941 0.0325 0.361 0.749 0.031 0.038 1.028 "" "" 15.6801 1.541407 16.387682 14.846275 "" "" 2179.81421 2548.16187 10067.15079 3.2253 3804.9 9.8806 9133.7 14.039 "" "" 0.002777190434373678 0.0039666547 0.0041314336 0.008098088 45.22017194952 57.61900174787 2368.11572 0.3610000000000001 0.7489999999999994 0.5342500046491623 1.3037500252723695 0.22618501 0.23318501 "" "" 15.815466082471444 "" 3.6722177955105573 ""
45.70279895175 57.73887364878 0.0299 0.033 10.4719 "" "" 460339680029758208 2332.40186 0.3862 0.0435 -2.181 -0.132 0.044 0.047 1.284 6896.6 2.8539 15.682467 2.553636 16.9424 14.388764 -34.87 14.75 2114.20605 2598.51636 10045.23397 10.333 2282.7 64.002 13920.0 101.13 "" "" 0.002973065663166936 0.030569306 0.008746642 0.039315946 45.70279895175 57.73887364878 2332.40186 -2.181 -0.132 -2.0077499953508378 0.4227500252723694 0.239185 0.242185 "" "" 22.683564392447657 "" 5.428474757155609 ""
45.30602445917 57.75481115094 0.0233 0.0258 22.9845 "" "" 461068179501449728 2696.84302 0.347 0.0328 -1.627 -1.257 0.033 0.038 0.981 8410.2 3.0545 15.692964 1.486034 16.365881 14.879847 "" "" 2438.03955 2951.7146 9948.58349 3.6472 3882.1 11.524 8855.6 13.08 "" "" 0.002783922102886023 0.0042629573 0.004105542 0.0083685 45.30602445917 57.75481115094 2696.84302 -1.627 -1.257 -1.4537499953508377 -0.7022499747276305 0.228185 0.23318501 "" "" 20.637949511652096 "" 4.728966596098056 ""
46.07481604668 57.62870060374 0.024 0.0273 8.861 "" "" 460323913207715712 2205.39624 0.4227 0.0351 -1.174 -1.711 0.033 0.038 0.964 "" "" 15.693711 1.53665 16.398819 14.862169 "" "" 2063.48438 2466.85962 9941.73938 3.2397 3766.1 10.497 9001.0 11.399 "" "" 0.0027779432984043656 0.00411618 0.0040217326 0.0081379125 46.07481604668 57.62870060374 2205.39624 -1.1740000000000002 -1.7110000000000016 -1.0007499953508376 -1.1562499747276307 0.228185 0.23318501 "" "" 15.98548158223568 "" 3.693554883877547 ""
46.14674751761 57.52518261089 0.0228 0.0267 15.4343 "" "" 460319446441809152 2950.02319 0.3098 0.0339 -0.132 0.024 0.031 0.035 0.985 "" "" 15.698809 1.14167 16.180025 15.038355 "" "" 2661.29883 3324.93726 9895.16638 3.4843 4606.9 12.022 7652.7 13.992 "" "" 0.002781717284793775 0.0039765094 0.0042690136 0.008245523 46.14674751761 57.52518261089 2950.02319 -0.132 0.024000000000000014 0.041250004649162286 0.5787500252723694 0.22618501 0.230185 "" "" 8.113254808585577 "" 1.867386964526796 ""
45.84070177576 57.49633544016 0.0236 0.0284 17.6507 "" "" 460298109044368000 2691.10181 0.3347 0.0346 0.388 -1.013 0.032 0.042 1.04 "" "" 15.709098 1.559219 16.423943 14.864723 "" "" 2460.04858 2947.24512 9801.8366 3.5957 3679.9 11.23 8979.8 12.665 "" "" 0.002783958508048298 0.004331671 0.004077822 0.008409493 45.84070177576 57.49633544016 2691.10181 0.38799999999999935 -1.0129999999999992 0.5612500046491623 -0.4582499747276305 0.22718501 0.237185 "" "" 9.242424064563432 "" 2.137188710776397 ""
46.35151307065 57.79331852292 0.024 0.026 10.5632 "" "" 460329651283828736 2962.63794 0.3042 0.034 0.702 -0.423 0.035 0.038 1.004 9181.5 3.7803 15.713864 1.379124 16.318947 14.939823 "" "" 2737.90015 3339.31885 9758.90549 3.2526 4053.6 10.875 8379.7 11.091 "" "" 0.0027789818378475342 0.00403355 0.0040433635 0.008076914 46.35151307065 57.79331852292 2962.63794 0.702 -0.42299999999999993 0.8752500046491622 0.1317500252723694 0.230185 0.23318501 "" "" 12.429521973219263 "" 2.861921000232729 ""
46.58050301654 58.07211604695 0.0256 0.0286 25.2106 "" "" 460430187877939328 2649.55005 0.323 0.0366 0.161 -0.481 0.035 0.039 1.009 6919.7 3.2507 15.716516 3.006523 17.469532 14.463009 -39.62 6.04 2450.4314 2970.41602 9735.10191 4.9588 1404.8 7.4075 13000.0 16.803 "" "" 0.0028102754403207092 0.006368797 0.0040315175 0.010400314 46.58050301654 58.07211604695 2649.55005 0.16100000000000003 -0.481 0.3342500046491623 0.0737500252723694 0.230185 0.23418501 "" "" 4.298768937946503 "" 0.9903170011620039 ""
46.06978865285 58.07716811085 0.025 0.0281 18.2623 "" "" 460351057400739200 2347.47388 0.396 0.0371 -0.014 -0.588 0.036 0.042 0.995 "" "" 15.726468 1.424529 16.358824 14.934295 "" "" 2188.03564 2546.11768 9646.27475 3.5443 3907.4 12.693 8422.5 11.303 "" "" 0.002784049824728017 0.0044971667 0.0040505244 0.008547692 46.06978865285 58.07716811085 2347.47388 -0.013999999999999874 -0.5880000000000004 0.15925000464916228 -0.03324997472763058 0.231185 0.237185 "" "" 1.8101905291080465 "" 0.4189482391045535 ""
45.70117661963 57.64218403652 0.0247 0.0283 12.9993 "" "" 460312368335677440 2639.24316 0.3442 0.0362 0.496 -1.073 0.033 0.04 0.965 "" "" 15.731356 1.340826 16.320927 14.980101 "" "" 2431.33984 2908.80688 9602.94698 3.7816 4046.2 9.8883 8074.5 11.606 "" "" 0.0027882961653824313 0.0038503825 0.004088911 0.007939294 45.70117661963 57.64218403652 2639.24316 0.496 -1.0729999999999995 0.6692500046491623 -0.5182499747276306 0.228185 0.235185 "" "" 10.589107555359693 "" 2.444325303112378 ""
45.6547549299 57.52881987702 0.0244 0.0286 18.8694 "" "" 460310650348876160 2222.74268 0.4078 0.0344 1.951 -0.406 0.032 0.039 1.027 6939.9 3.1585 15.733273 2.369175 17.000093 14.630918 "" "" 2074.79785 2422.69116 9586.00725 4.094 2164.6 9.1403 11138.0 16.125 "" "" 0.002794065922739018 0.00536695 0.0040932265 0.009460176 45.6547549299 57.52881987702 2222.74268 1.9510000000000003 -0.4060000000000006 2.1242500046491624 0.14875002527236936 0.22718501 0.23418501 "" "" 22.435478137734485 "" 5.097782414968846 ""
46.54035492228 57.49965623709 0.0255 0.0309 23.3731 "" "" 460274813141622144 2221.23315 0.4218 0.0376 -0.541 -0.462 0.033 0.04 1.022 9686.7 3.7799 15.735931 1.236839 16.259838 15.022999 "" "" 2067.44092 2398.15234 9562.56117 3.3377 4280.4 9.0081 7761.7 11.244 "" "" 0.002781259198823496 0.0036063776 0.004093604 0.007699982 46.54035492228 57.49965623709 2221.23315 -0.541 -0.4620000000000001 -0.36774999535083774 0.09275002527236936 0.228185 0.235185 "" "" 3.993156118107024 "" 0.9128740702603328 ""
46.60400690272 57.53931990133 0.0862 0.0975 23.3531 "" "" 460274229026023808 2888.44897 0.3089 0.1285 -1.35 -0.119 0.116 0.132 3.986 9548.4 3.6142 15.736628 1.51714 16.326168 14.809028 "" "" 2191.16553 3808.91602 9556.42782 14.522 4026.7 9.5403 9452.5 12.276 "" "" 0.003211530581205451 0.003795029 0.004033853 0.007828882 46.60400690272 57.53931990133 2888.44897 -1.35 -0.11899999999999997 -1.1767499953508378 0.4357500252723694 0.311185 0.327185 "" "" 17.180299659504406 "" 5.380143780982341 ""
46.19111035567 57.78647723851 0.0257 0.0274 5.4214 "" "" 460331266191562752 2843.88403 0.3262 0.0366 -1.313 -0.498 0.038 0.039 1.025 9235.7 3.8538 15.741034 1.346409 16.335556 14.989147 "" "" 2570.55615 3197.94019 9517.72854 3.6704 3992.0 9.8745 8007.5 10.555 "" "" 0.0027869517829462423 0.0038726924 0.0040412773 0.007913969 46.19111035567 57.78647723851 2843.88403 -1.313 -0.49800000000000016 -1.1397499953508377 0.05675002527236939 0.23318501 0.23418501 "" "" 15.382874967353901 "" 3.587093949386812 ""
46.03042949709 57.91627655367 0.025 0.0274 8.5517 "" "" 460345284964747776 2556.11206 0.367 0.0369 -0.012 -0.005 0.038 0.039 0.996 7772.5 3.3685 15.741674 1.694406 16.543484 14.849077 "" "" 2329.8501 2826.61206 9512.11346 3.7238 3296.3 10.329 9110.2 10.437 "" "" 0.0027879116863491274 0.004399977 0.003978809 0.008378786 46.03042949709 57.91627655367 2556.11206 -0.011999999999999995 -0.005000000000000004 0.16125000464916228 0.5497500252723694 0.23318501 0.23418501 "" "" 6.941369352973996 "" 1.6250158493630862 ""
46.16878727854 57.70062989036 0.0272 0.0282 6.4016 "" "" 460330338478706688 2900.87378 0.3114 0.0386 -1.394 -1.487 0.04 0.041 1.013 8902.2 4.0461 15.743563 1.624857 16.50354 14.878683 "" "" 2586.35352 3298.29053 9495.58581 3.5001 3419.8 8.2656 8865.1 14.778 "" "" 0.0027842330699145304 0.0038303405 0.004190405 0.008020746 46.16878727854 57.70062989036 2900.87378 -1.3940000000000008 -1.487 -1.2207499953508376 -0.9322499747276307 0.235185 0.23618501 "" "" 21.120327636073732 "" 4.974974741120588 ""
45.46900602914 57.63892847478 0.0252 0.0282 19.5245 "" "" 460315288913013120 2485.43823 0.359 0.0359 2.019 -1.349 0.035 0.038 1.054 6605.1 2.7334 15.745305 2.562118 17.154547 14.592429 "" "" 2268.11597 2704.1106 9480.35987 3.8038 1877.6 9.2021 11539.0 14.649 "" "" 0.0027895451898047835 0.0060083303 0.0040228865 0.010031217 45.46900602914 57.63892847478 2485.43823 2.019 -1.349 2.1922500046491624 -0.7942499747276306 0.230185 0.23318501 "" "" 27.469624264224624 "" 6.332712465824992 ""
46.18042222091 57.41827912533 0.0264 0.0299 21.9211 "" "" 460269693542105984 2195.50366 0.4232 0.0391 0.671 -1.317 0.035 0.039 1.106 9466.8 3.8024 15.745501 1.341742 16.298336 14.956594 "" "" 2030.32605 2428.79272 9478.64739 3.8861 4131.3 26.815 8251.3 25.363 "" "" 0.0027910454531344217 0.007579433 0.005041991 0.012621423 46.18042222091 57.41827912533 2195.50366 0.671 -1.317 0.8442500046491623 -0.7622499747276306 0.230185 0.23418501 "" "" 11.837043486000303 "" 2.746074505354246 ""
46.07475679092 57.71029058808 0.0252 0.0294 4.1513 "" "" 460324772201099136 2415.06128 0.3881 0.0377 -0.208 -0.699 0.037 0.04 1.004 9469.2 3.7461 15.747026 1.178029 16.242859 15.06483 "" "" 2211.90723 2653.9856 9465.337 3.5187 4347.8 11.609 7468.4 15.014 "" "" 0.002784725630752892 0.004023593 0.0043643885 0.008387981 46.07475679092 57.71029058808 2415.06128 -0.2079999999999998 -0.699 -0.0347499953508377 -0.14424997472763057 0.232185 0.235185 "" "" 1.6985249519357544 "" 0.3991897795110304 ""
45.42893122049 57.93812235962 0.025 0.0274 21.3831 "" "" 461095839090754688 2442.11621 0.3854 0.0355 -2.921 0.216 0.035 0.04 1.052 7844.7 3.724 15.751395 1.584388 16.482199 14.897811 "" "" 2243.27588 2640.49048 9427.33205 3.5361 3487.7 9.8971 8710.3 10.568 "" "" 0.0027852542347386994 0.004156642 0.0040023746 0.008159017 45.42893122049 57.93812235962 2442.11621 -2.921000000000001 0.21600000000000016 -2.7477499953508375 0.7707500252723694 0.230185 0.235185 "" "" 33.034557989640504 "" 7.616228985341731 ""
46.41446371021 57.5804422586 0.0248 0.0256 17.0896 "" "" 460278077316718464 2736.34985 0.3382 0.0364 -1.152 -0.296 0.033 0.035 0.963 7996.5 4.1592 15.7574 1.256315 16.300377 15.044062 "" "" 2515.06763 3016.95996 9375.335 3.0088 4123.5 11.108 7612.6 14.791 "" "" 0.0027772650966843165 0.0040422054 0.0043282686 0.008370474 46.41446371021 57.5804422586 2736.34985 -1.1519999999999997 -0.2959999999999999 -0.9787499953508376 0.2587500252723694 0.228185 0.230185 "" "" 13.130805655715315 "" 2.9979754233657934 ""
46.32650963323 57.66552681557 0.0253 0.0269 11.6872 "" "" 460326765065919744 2265.76465 0.4111 0.0369 0.681 -1.178 0.036 0.036 1.081 5542.0 3.575 15.768443 1.706376 16.58167 14.875295 "" "" 2127.10181 2450.02051 9280.4621 4.3166 3182.4 9.3759 8892.8 9.4122 "" "" 0.002801217663280657 0.004244662 0.0039502243 0.008194886 46.32650963323 57.66552681557 2265.76465 0.6809999999999998 -1.1780000000000008 0.8542500046491623 -0.6232499747276306 0.231185 0.231185 "" "" 11.356635784138302 "" 2.6254838904897584 ""
45.77964362139 58.01114090362 0.0254 0.0272 16.2228 "" "" 461100099698579712 2616.49805 0.3521 0.0382 -0.335 -0.5 0.039 0.039 0.964 "" "" 15.769691 1.495709 16.449453 14.953744 "" "" 2339.354 2921.95044 9269.79706 3.8838 3594.5 17.436 8273.0 21.941 "" "" 0.0027926186001049056 0.005960069 0.004751344 0.010711413 45.77964362139 58.01114090362 2616.49805 -0.335 -0.5 -0.16174999535083773 0.054750025272369385 0.23418501 0.23418501 "" "" 2.1178596711542745 "" 0.4959709886803739 ""
46.06149807303 57.99699553941 0.0274 0.0343 13.4471 "" "" 460350164047560960 2366.31519 0.3944 0.0425 1.587 -3.597 0.043 0.052 0.986 9027.3 4.0942 15.778284 1.62994 16.538465 14.908525 "" "" 2160.52979 2674.99707 9196.72505 10.853 3311.5 24.653 8624.8 31.059 "" "" 0.003038658242474838 0.008550962 0.0054379078 0.01398887 46.06149807303 57.99699553941 2366.31519 1.587000000000001 -3.5970000000000013 1.7602500046491623 -3.0422499747276306 0.238185 0.247185 "" "" 39.42308449993766 "" 9.657029955920057 ""
