Clusters/LP_1355/LP_1355_stars_in_region.tsv
# %ECSV 1.0
# ---
# datatype:
# - name: RA_ICRS_1
#   unit: deg
#   datatype: float64
#   format: '{:15.11f}'
#   description: Right ascension (ICRS) at Ep=2016.0 (ra)
#   meta: !!omap
#   - {ucd: POS_EQ_RA_MAIN}
#   - {width: 15}
#   - {precision: '11'}
# - name: DE_ICRS_1
#   unit: deg
#   datatype: float64
#   format: '{:15.11f}'
#   description: Declination (ICRS) at Ep=2016.0 (dec)
#   meta: !!omap
#   - {ucd: POS_EQ_DEC_MAIN}
#   - {width: 15}
#   - {precision: '11'}
# - name: e_RA_ICRS
#   unit: mas
#   datatype: float64
#   format: '{:7.4f}'
#   description: Standard error of right ascension (ra_error)
#   meta: !!omap
#   - {ucd: ERROR}
#   - {width: 7}
#   - {precision: '4'}
# - name: e_DE_ICRS
#   unit: mas
#   datatype: float64
#   format: '{:7.4f}'
#   description: Standard error of declination (dec_error)
#   meta: !!omap
#   - {ucd: ERROR}
#   - {width: 7}
#   - {precision: '4'}
# - name: _r_1
#   unit: ''
#   datatype: float64
#   format: '{:7.4f}'
#   description: Distance from center (046.02331534000+57.77379778000)[ICRS], at Epoch=J2016.0
#   meta: !!omap
#   - {ucd: POS_ANG_DIST_GENERAL}
#   - {width: 7}
#   - {precision: '4'}
# - name: HIP
#   datatype: int32
#   description: '? HIP cross-id number, van Leeuwen, Cat. I/311 (hip_original_ext_source_id)'
#   meta: !!omap
#   - {ucd: ID_NUMBER}
#   - {width: 6}
#   - values: {'null': -2147483648}
# - name: TYC2
#   datatype: string
#   description: Tycho-2 cross-id name, Hog et al., Cat. I/259 (tyc2_original_ext_source_id)
#   meta: !!omap
#   - {ucd: ID_CROSSID}
#   - {_votable_string_dtype: char}
# - name: Source
#   datatype: int64
#   description: Source identifier, identical to the Gaia-EDR3 source_id (id)
#   meta: !!omap
#   - {ucd: ID_MAIN}
#   - {width: 19}
# - name: rgeo
#   unit: pc
#   datatype: float64
#   format: '{:15.8f}'
#   description: '? Median of the geometric distance posterior (r_med_geo)'
#   meta: !!omap
#   - {ucd: PHYS_DISTANCE_TRUE}
#   - {width: 15}
#   - {precision: '8'}
#   - values: {'null': .nan}
# - name: Plx
#   unit: mas
#   datatype: float64
#   format: '{:9.4f}'
#   description: '? Parallax (parallax)'
#   meta: !!omap
#   - {ucd: POS_PARLX_TRIG}
#   - {width: 9}
#   - {precision: '4'}
#   - values: {'null': .nan}
# - name: e_Plx
#   unit: mas
#   datatype: float32
#   format: '{:7.4f}'
#   description: '? Standard error of parallax (parallax_error)'
#   meta: !!omap
#   - {ucd: ERROR}
#   - {width: 7}
#   - {precision: '4'}
#   - values: {'null': .nan}
# - name: pmRA
#   unit: mas / yr
#   datatype: float64
#   format: '{:9.3f}'
#   description: '? Proper motion in right ascension direction, pmRA*cosDE (pmra)'
#   meta: !!omap
#   - {ucd: POS_EQ_PMRA}
#   - {width: 9}
#   - {precision: '3'}
#   - values: {'null': .nan}
# - name: pmDE
#   unit: mas / yr
#   datatype: float64
#   format: '{:9.3f}'
#   description: '? Proper motion in declination direction (pmdec)'
#   meta: !!omap
#   - {ucd: POS_EQ_PMDEC}
#   - {width: 9}
#   - {precision: '3'}
#   - values: {'null': .nan}
# - name: e_pmRA
#   unit: mas / yr
#   datatype: float32
#   format: '{:6.3f}'
#   description: '? Standard error of proper motion in right ascension direction (pmra_error)'
#   meta: !!omap
#   - {ucd: ERROR}
#   - {width: 6}
#   - {precision: '3'}
#   - values: {'null': .nan}
# - name: e_pmDE
[...]
#         value: !astropy.table.SerializedColumn {name: SkyCoord.dec}
#       distance: !astropy.table.SerializedColumn
#         __class__: astropy.coordinates.distances.Distance
#         unit: !astropy.units.Unit {unit: pc}
#         value: !astropy.table.SerializedColumn {name: SkyCoord.distance}
#       frame: icrs
#       obstime: !astropy.time.Time {format: jyear_str, in_subfmt: '*', jd1: 367701545.0, jd2: 0.0, out_subfmt: '*', precision: 3, scale: tt}
#       pm_dec: !astropy.table.SerializedColumn
#         __class__: astropy.units.quantity.Quantity
#         unit: !astropy.units.Unit {unit: mas / yr}
#         value: !astropy.table.SerializedColumn {name: SkyCoord.pm_dec}
#       pm_ra_cosdec: !astropy.table.SerializedColumn
#         __class__: astropy.units.quantity.Quantity
#         unit: !astropy.units.Unit {unit: mas / yr}
#         value: !astropy.table.SerializedColumn {name: SkyCoord.pm_ra_cosdec}
#       ra: !astropy.table.SerializedColumn
#         __class__: astropy.coordinates.angles.Longitude
#         unit: *id001
#         value: !astropy.table.SerializedColumn {name: SkyCoord.ra}
#         wrap_angle: !astropy.coordinates.Angle
#           unit: *id001
#           value: 360.0
#       representation_type: spherical
# schema: astropy-2.0
RA_ICRS_1 DE_ICRS_1 e_RA_ICRS e_DE_ICRS _r_1 HIP TYC2 Source rgeo Plx e_Plx pmRA pmDE e_pmRA e_pmDE RUWE Teff logg Gmag BP-RP BPmag RPmag RV e_RV b_rgeo B_rgeo FG e_FG FBP e_FBP FRP e_FRP RAVE5 RAVE6 e_Gmag e_BPmag e_RPmag e_BP-RP SkyCoord.ra SkyCoord.dec SkyCoord.distance SkyCoord.pm_ra_cosdec SkyCoord.pm_dec rmRA rmDE e_rmRA e_rmDE rRV e_rRV v_pec v_pec3d e_vpec e_vpec3d
[from data line 576]
46.60212903638 58.07856007328 0.0424 0.0462 25.9701 "" "" 460430222238029440 3192.19849 0.3034 0.06 -0.062 1.19 0.059 0.067 1.189 9312.9 3.8598 16.50684 1.668436 17.279882 15.611446 "" "" 2704.04248 3799.49854 4701.22278 2.9058 1672.9 10.61 4514.2 10.199 "" "" 0.002835868113393347 0.007429847 0.004505667 0.0119355135 46.60212903638 58.07856007328 3192.19849 -0.062 1.19 0.11125000464916229 1.7447500252723693 0.25418502 0.262185 "" "" 26.45346128548306 "" 6.934857037462232 ""
46.48336640562 57.77006301059 0.035 0.0385 14.7221 "" "" 460328792290367360 2557.94873 0.3746 0.0489 -0.663 -0.81 0.052 0.056 0.987 "" "" 16.50691 1.320619 17.085463 15.764844 "" "" 2230.13501 2918.9248 4700.91517 2.1003 2000.9 9.051 3919.4 31.445 "" "" 0.002797695960610236 0.0056485226 0.0094953235 0.015143846 46.48336640562 57.77006301059 2557.94873 -0.663 -0.8100000000000002 -0.48974999535083774 -0.25524997472763067 0.247185 0.251185 "" "" 6.696155231919432 "" 1.6609468966060614 ""
46.72801559372 57.77172543368 0.0383 0.0425 22.5483 "" "" 460375177936928256 2561.52441 0.3471 0.0577 0.233 0.714 0.058 0.058 1.064 7672.9 3.8981 16.510843 2.685516 18.014587 15.329071 "" "" 2250.97095 3108.50879 4683.91655 2.7682 850.32 7.1436 5855.0 10.756 "" "" 0.0028290513276391562 0.0095385555 0.004273408 0.013811964 46.72801559372 57.77172543368 2561.52441 0.2329999999999999 0.7139999999999994 0.4062500046491623 1.2687500252723694 0.253185 0.253185 "" "" 16.175114104562347 "" 4.095296329197682 ""
46.92229387809 57.83765843991 0.039 0.0405 28.9922 "" "" 460374147145069952 2653.98535 0.3386 0.0541 -0.286 -0.074 0.057 0.057 0.994 "" "" 16.511305 2.811048 18.084438 15.273391 "" "" 2320.15479 3343.32544 4681.93255 2.9868 797.34 10.801 6163.1 11.864 "" "" 0.0028410446223519226 0.014970017 0.0043187994 0.019288816 46.92229387809 57.83765843991 2653.98535 -0.28600000000000003 -0.07400000000000002 -0.11274999535083768 0.4807500252723694 0.25218502 0.25218502 "" "" 6.211882552217584 "" 1.5665437062285477 ""
46.13406022232 57.4090155948 0.0352 0.0378 22.1748 "" "" 460270037138816256 2709.92188 0.3393 0.0492 -4.921 0.953 0.047 0.054 0.964 6788.3 4.002 16.51246 2.161923 17.633501 15.471579 "" "" 2380.11719 3067.69897 4676.94967 2.4863 1207.9 5.8649 5134.8 7.6769 "" "" 0.002815125586199784 0.0059645856 0.0041132327 0.010077818 46.13406022232 57.4090155948 2709.92188 -4.921000000000001 0.9530000000000007 -4.747749995350838 1.5077500252723692 0.242185 0.24918501 "" "" 63.986352451450635 "" 15.538105483762292 ""
46.37266507304 57.96667314123 0.0402 0.0433 16.0685 "" "" 460428401171622016 2374.12476 0.3884 0.0576 0.576 -1.245 0.062 0.065 0.985 8976.7 4.1981 16.512959 1.886642 17.43282 15.546178 "" "" 2107.29028 2731.95459 4674.80658 2.862 1453.1 10.945 4793.9 11.264 "" "" 0.002834364980888479 0.00864083 0.0045598084 0.013200639 46.37266507304 57.96667314123 2374.12476 0.576 -1.245 0.7492500046491622 -0.6902499747276307 0.257185 0.260185 "" "" 11.464180673514882 "" 2.964253950529067 ""
46.21123160665 57.65141276286 0.038 0.041 9.4971 "" "" 460327039943862912 2292.1958 0.4181 0.0564 1.317 2.187 0.055 0.055 0.944 5219.8 3.7627 16.513489 2.014791 17.53146 15.516668 "" "" 2055.55688 2682.50781 4672.52156 2.5587 1326.9 8.4312 4926.0 8.8458 "" "" 0.0028187383039870234 0.007441701 0.0042526512 0.011694352 46.21123160665 57.65141276286 2292.1958 1.3170000000000008 2.1870000000000003 1.4902500046491622 2.741750025272369 0.250185 0.250185 "" "" 33.90515957730779 "" 8.482562783424159 ""
46.38708456791 57.32795365769 0.0345 0.0396 29.2016 "" "" 460266635524085760 2983.41113 0.3059 0.0512 0.867 -1.28 0.047 0.053 1.005 "" "" 16.518724 1.582115 17.253677 15.671562 "" "" 2645.66064 3402.47803 4650.04534 2.3919 1713.7 8.5269 4271.0 8.5651 "" "" 0.002811350734539778 0.00608031 0.004361715 0.010442025 46.38708456791 57.32795365769 2983.41113 0.867 -1.28 1.0402500046491623 -0.7252499747276306 0.242185 0.24818501 "" "" 17.93283692642498 "" 4.378548459423028 ""
45.46951183309 57.55045497972 0.0337 0.0381 22.2596 "" "" 460310341111244288 2828.85132 0.33 0.047 -0.627 -0.049 0.046 0.055 1.058 9294.8 3.8813 16.521164 1.780607 17.372856 15.592249 "" "" 2492.79688 3210.26514 4639.60497 2.3173 1535.6 8.5603 4594.7 12.029 "" "" 0.0028081772875891606 0.0066646733 0.004728995 0.011393668 45.46951183309 57.55045497972 2828.85132 -0.6270000000000001 -0.04900000000000006 -0.4537499953508377 0.5057500252723693 0.24118501 0.250185 "" "" 9.110774563476463 "" 2.24318187591571 ""
45.26543915694 57.52836977603 0.035 0.0403 28.4401 "" "" 460307901569293696 3021.74634 0.3188 0.0529 0.736 -1.457 0.045 0.051 0.934 "" "" 16.524412 1.620162 17.277802 15.65764 "" "" 2663.62524 3746.4646 4625.7444 2.4267 1676.1 8.345 4326.2 10.115 "" "" 0.0028135772314499606 0.0060832947 0.0045527904 0.010636086 45.26543915694 57.52836977603 3021.74634 0.7359999999999999 -1.4569999999999999 0.9092500046491623 -0.9022499747276307 0.24018501 0.246185 "" "" 18.346909743431635 "" 4.461607483367549 ""
45.37326421641 57.85973289479 0.0384 0.0408 21.4044 "" "" 461069141574079744 2777.05127 0.3571 0.0535 0.669 -0.482 0.056 0.059 0.96 "" "" 16.52521 1.692767 17.321617 15.62885 "" "" 2418.05249 3158.12817 4622.34841 2.6153 1609.8 11.244 4442.4 14.166 "" "" 0.00282296978942966 0.00808056 0.0051254905 0.01320605 45.37326421641 57.85973289479 2777.05127 0.669 -0.482 0.8422500046491623 0.0727500252723694 0.251185 0.25418502 "" "" 11.128005604251639 "" 2.795436780428082 ""
46.05942381238 57.45163381146 0.0554 0.0642 19.3646 "" "" 460317384857594368 2701.98633 0.3685 0.0816 2.07 -1.948 0.074 0.085 1.552 8046.8 4.2821 16.525536 2.183161 17.630238 15.447077 "" "" 2189.92285 3353.42993 4620.96483 5.0701 1211.5 9.8814 5252.0 9.5811 "" "" 0.003001816153119131 0.009284784 0.0042669466 0.013551731 46.05942381238 57.45163381146 2701.98633 2.0700000000000016 -1.9480000000000017 2.243250004649162 -1.3932499747276306 0.269185 0.280185 "" "" 33.82058882445727 "" 9.209065264969412 ""
45.21110414985 57.86374511806 0.0364 0.0402 26.5099 "" "" 461072714986880896 2272.38867 0.4327 0.0515 0.82 -0.955 0.054 0.055 1.013 "" "" 16.52702 1.564776 17.245964 15.681189 "" "" 2055.21851 2558.59351 4614.64905 2.3708 1726.0 12.762 4233.3 8.2798 "" "" 0.0028112156018888367 0.00849896 0.0043351175 0.012834078 45.21110414985 57.86374511806 2272.38867 0.8200000000000002 -0.9550000000000007 0.9932500046491622 -0.4002499747276306 0.24918501 0.250185 "" "" 11.534386524302935 "" 2.8758103643780095 ""
46.45360681183 57.91478747144 0.0397 0.0412 16.1358 "" "" 460427232940530816 2591.62305 0.3462 0.056 0.341 -1.499 0.063 0.06 0.987 8292.5 4.1587 16.528055 1.942146 17.501383 15.559237 "" "" 2271.06616 2992.50659 4610.25395 2.7102 1364.2 9.8869 4736.6 13.056 "" "" 0.0028282806017581354 0.0083488 0.004820806 0.013169606 46.45360681183 57.91478747144 2591.62305 0.3409999999999992 -1.4989999999999999 0.5142500046491623 -0.9442499747276307 0.258185 0.255185 "" "" 13.208106625493734 "" 3.3796159538623733 ""
46.28173953508 58.2284194575 0.0355 0.0424 28.4878 "" "" 460447264667846272 2293.77051 0.4106 0.0519 -0.415 -0.159 0.049 0.06 0.969 8911.7 4.2418 16.531935 1.729397 17.353683 15.624287 "" "" 2035.08801 2588.32104 4593.81033 2.6075 1562.9 12.09 4461.1 10.089 "" "" 0.002823399733267302 0.008850175 0.0045069885 0.013357163 46.28173953508 58.2284194575 2293.77051 -0.41500000000000004 -0.15900000000000003 -0.2417499953508377 0.39575002527236935 0.244185 0.255185 "" "" 5.042074764456076 "" 1.2718291592980004 ""
46.32692869647 57.99421115754 0.05 0.0492 16.3917 "" "" 460440324000825728 2206.89551 0.4131 0.0689 1.623 -1.419 0.074 0.069 1.106 6788.1 3.9791 16.539042 2.018529 17.562319 15.54379 "" "" 1943.00549 2584.91943 4563.84051 2.7686 1289.7 7.5065 4804.4 12.594 "" "" 0.0028329503925935418 0.0069079194 0.0047311694 0.011639088 46.32692869647 57.99421115754 2206.89551 1.623 -1.419 1.7962500046491623 -0.8642499747276307 0.269185 0.264185 "" "" 20.85180030701167 "" 5.593541723389096 ""
46.12239016564 57.43751429263 0.0345 0.0368 20.4268 "" "" 460270689973153536 2713.43335 0.3381 0.0485 -1.201 -0.566 0.046 0.049 0.949 "" "" 16.542183 1.346307 17.139019 15.792712 "" "" 2451.78955 3062.07227 4550.65425 2.0687 1904.6 10.798 3820.1 8.7972 "" "" 0.002799178433614427 0.006758352 0.004531587 0.011289939 46.12239016564 57.43751429263 2713.43335 -1.2010000000000007 -0.5660000000000003 -1.0277499953508378 -0.011249974727630563 0.24118501 0.244185 "" "" 13.219377374464152 "" 3.1883204381603303 ""
45.38685335253 57.48156698469 0.0359 0.0401 26.9348 "" "" 460303915839648768 2593.65967 0.3541 0.0485 0.342 -0.811 0.049 0.054 1.059 "" "" 16.544485 1.689258 17.34488 15.655622 "" "" 2329.64648 2975.56152 4541.01459 2.4092 1575.7 9.218 4334.2 10.392 "" "" 0.0028148887504794973 0.006937484 0.0045891823 0.011526667 45.38685335253 57.48156698469 2593.65967 0.34199999999999997 -0.8110000000000002 0.5152500046491624 -0.25624997472763067 0.244185 0.24918501 "" "" 7.07459351961775 "" 1.734581187651105 ""
46.53321272746 57.660927011 0.0372 0.0385 17.6878 "" "" 460280241980134016 2247.55664 0.4239 0.0547 -1.4 0.01 0.058 0.056 0.986 "" "" 16.54629 1.522501 17.243984 15.721483 "" "" 2042.37122 2553.8999 4533.46912 2.5563 1729.1 8.8548 4079.1 6.9759 "" "" 0.002822516455007206 0.0062209168 0.0042108614 0.010431778 46.53321272746 57.660927011 2247.55664 -1.4000000000000004 0.00999999999999958 -1.2267499953508376 0.5647500252723694 0.253185 0.251185 "" "" 14.387472777127826 "" 3.6376768181437464 ""
46.24906754466 57.57385569689 0.0381 0.041 14.0135 "" "" 460320026257728256 2499.53955 0.3913 0.0568 2.505 -0.539 0.051 0.057 1.043 7238.0 4.3346 16.547573 1.595094 17.2841 15.689006 "" "" 2209.96094 2934.20435 4528.11808 2.2627 1666.4 15.431 4203.0 14.869 "" "" 0.002808227463155825 0.010433987 0.005388615 0.015822602 46.24906754466 57.57385569689 2499.53955 2.505 -0.5390000000000001 2.678250004649162 0.01575002527236935 0.246185 0.25218502 "" "" 31.731965862120685 "" 7.811940829559737 ""
45.39834591478 57.66968600934 0.0366 0.0397 20.9768 "" "" 460314837938843392 2240.71729 0.4358 0.0511 0.114 0.331 0.048 0.052 1.002 7985.8 4.1655 16.54926 1.93742 17.510727 15.573307 "" "" 1979.06519 2510.67749 4521.08653 2.4309 1352.5 8.7462 4675.6 8.0347 "" "" 0.0028164849561757004 0.0075552086 0.004214831 0.01177004 45.39834591478 57.66968600934 2240.71729 0.114 0.3309999999999998 0.2872500046491623 0.8857500252723693 0.24318501 0.247185 "" "" 9.889888681507509 "" 2.4408952045418575 ""
45.34490498516 57.44339662498 0.0377 0.0418 29.4696 "" "" 460303744040965760 2556.86646 0.3582 0.0535 0.871 -0.94 0.05 0.056 1.096 "" "" 16.55069 1.514057 17.231447 15.71739 "" "" 2247.45825 3038.2002 4515.13799 2.2474 1749.2 11.225 4094.5 15.961 "" "" 0.0028078187627769424 0.007505319 0.0056742113 0.01317953 45.34490498516 57.44339662498 2556.86646 0.871 -0.94 1.0442500046491623 -0.38524997472763056 0.245185 0.251185 "" "" 13.489636292187786 "" 3.3172569937933014 ""
46.44964628313 57.6184526346 0.0391 0.0414 16.5453 "" "" 460279348626994176 2730.48755 0.3452 0.057 -0.552 -1.071 0.054 0.057 1.058 "" "" 16.5549 1.61572 17.306372 15.690652 "" "" 2395.72192 3175.66821 4497.66601 2.3932 1632.6 9.7223 4196.6 12.849 "" "" 0.0028152349391472042 0.007042012 0.0050333375 0.01207535 46.44964628313 57.6184526346 2730.48755 -0.552 -1.0710000000000002 -0.37874999535083775 -0.5162499747276306 0.24918501 0.25218502 "" "" 8.286902865201494 "" 2.081167457890382 ""
45.96283445138 57.3223339831 0.037 0.0435 27.1577 "" "" 460246088400642944 3012.64087 0.3126 0.0515 0.59 -1.124 0.049 0.059 0.979 "" "" 16.55524 1.429524 17.194841 15.765317 "" "" 2633.71606 3499.07715 4496.25055 2.7454 1809.2 10.82 3917.7 8.5324 "" "" 0.0028339529513354855 0.0070673823 0.004458165 0.011525547 45.96283445138 57.3223339831 3012.64087 0.5900000000000001 -1.124 0.7632500046491623 -0.5692499747276307 0.244185 0.25418502 "" "" 13.596672258874639 "" 3.369332394510792 ""
46.7510470532 57.90220184241 0.0532 0.0561 24.4864 "" "" 460378132874382464 2418.23145 0.3976 0.0767 -0.366 -0.369 0.078 0.078 1.392 9262.8 3.7967 16.56276 1.79659 17.384457 15.587867 "" "" 2042.14172 2937.45801 4465.22321 5.0603 1519.3 12.948 4613.3 11.086 "" "" 0.0030175736479075036 0.009664544 0.004592497 0.014257041 46.7510470532 57.90220184241 2418.23145 -0.36599999999999994 -0.3689999999999999 -0.1927499953508377 0.1857500252723694 0.273185 0.273185 "" "" 3.0683251081593745 "" 0.838220439852782 ""
45.85108799739 57.74216589227 0.0376 0.041 5.8305 "" "" 460338035060120704 2554.38477 0.3685 0.0548 -2.019 -0.539 0.056 0.058 1.01 "" "" 16.562998 1.412082 17.19364 15.781558 "" "" 2213.53149 2908.03223 4464.24284 2.539 1811.2 10.886 3859.5 8.0122 "" "" 0.002823667749273671 0.007097157 0.0044004587 0.011497616 45.85108799739 57.74216589227 2554.38477 -2.019 -0.5390000000000015 -1.8457499953508378 0.01575002527236935 0.251185 0.253185 "" "" 22.348755520858667 "" 5.613675421571496 ""
46.45372381227 57.59718403534 0.0407 0.0405 17.4031 "" "" 460278489633553792 2623.84351 0.3578 0.0572 -1.42 1.926 0.055 0.055 1.048 7986.0 4.3307 16.564196 1.69078 17.36313 15.672351 "" "" 2248.64111 3160.37817 4459.31644 2.2879 1549.4 7.8752 4267.9 12.65 "" "" 0.0028110660774415095 0.0061837747 0.004963864 0.011147639 46.45372381227 57.59718403534 2623.84351 -1.4200000000000006 1.926000000000002 -1.2467499953508376 2.4807500252723695 0.250185 0.250185 "" "" 34.53038219327936 "" 8.638984111614723 ""
45.61113638705 57.95881401337 0.0383 0.0451 17.2123 "" "" 461094636499887616 2721.0166 0.366 0.058 -1.351 0.158 0.058 0.063 0.963 9326.1 3.866 16.57241 1.592646 17.301447 15.708801 "" "" 2353.59766 3224.84033 4425.70538 2.5742 1640.0 13.727 4127.0 11.635 "" "" 0.0028267651684277494 0.009506427 0.0048634494 0.014369876 45.61113638705 57.95881401337 2721.0166 -1.351 0.15800000000000025 -1.1777499953508377 0.7127500252723694 0.253185 0.258185 "" "" 17.75523706575304 "" 4.519328643383018 ""
46.50502568351 58.09328793423 0.0385 0.0473 24.5543 "" "" 460430909432440704 2536.71899 0.3679 0.0596 -1.328 1.491 0.052 0.059 1.002 "" "" 16.57253 2.630053 18.03167 15.401617 "" "" 2211.71533 3096.08813 4425.21612 3.1226 837.05 8.3272 5476.6 9.1006 "" "" 0.002859852202874883 0.011155757 0.0041879406 0.015343698 46.50502568351 58.09328793423 2536.71899 -1.328000000000001 1.4909999999999999 -1.1547499953508378 2.0457500252723695 0.247185 0.25418502 "" "" 28.246381949464425 "" 7.13253300958896 ""
45.89533382967 57.92051266913 0.0439 0.0456 9.7052 "" "" 460348239903490432 2778.7644 0.3415 0.065 0.079 0.769 0.068 0.066 1.095 "" "" 16.574081 1.669482 17.362318 15.692836 "" "" 2327.99487 3293.91016 4418.8987 3.4321 1550.6 11.425 4188.2 11.314 "" "" 0.0028814762342070414 0.008472445 0.004783958 0.013256404 45.89533382967 57.92051266913 2778.7644 0.07899999999999974 0.769 0.2522500046491623 1.3237500252723695 0.26318502 0.261185 "" "" 17.7493035585099 "" 4.63710015419476 ""
46.63118621687 57.53217922998 0.036 0.0385 24.3098 "" "" 460275637776094592 3035.3457 0.3109 0.0511 0.834 -0.098 0.048 0.054 1.004 7245.5 4.1467 16.574228 1.637289 17.346003 15.708714 "" "" 2612.98193 3532.69409 4418.29944 2.302 1574.0 7.6883 4127.4 9.8446 "" "" 0.0028127901878737746 0.0059925383 0.0045815017 0.01057404 46.63118621687 57.53217922998 3035.3457 0.8339999999999999 -0.09800000000000006 1.0072500046491624 0.4567500252723694 0.24318501 0.24918501 "" "" 15.912208958705893 "" 3.8860602790107945 ""
