Clusters/LP_1355/LP_1355_stars_in_region.tsv
# %ECSV 1.0
# ---
# datatype:
# - name: RA_ICRS_1
#   unit: deg
#   datatype: float64
#   format: '{:15.11f}'
#   description: Right ascension (ICRS) at Ep=2016.0 (ra)
#   meta: !!omap
#   - {ucd: POS_EQ_RA_MAIN}
#   - {width: 15}
#   - {precision: '11'}
# - name: DE_ICRS_1
#   unit: deg
#   datatype: float64
#   format: '{:15.11f}'
#   description: Declination (ICRS) at Ep=2016.0 (dec)
#   meta: !!omap
#   - {ucd: POS_EQ_DEC_MAIN}
#   - {width: 15}
#   - {precision: '11'}
# - name: e_RA_ICRS
#   unit: mas
#   datatype: float64
#   format: '{:7.4f}'
#   description: Standard error of right ascension (ra_error)
#   meta: !!omap
#   - {ucd: ERROR}
#   - {width: 7}
#   - {precision: '4'}
# - name: e_DE_ICRS
#   unit: mas
#   datatype: float64
#   format: '{:7.4f}'
#   description: Standard error of declination (dec_error)
#   meta: !!omap
#   - {ucd: ERROR}
#   - {width: 7}
#   - {precision: '4'}
# - name: _r_1
#   unit: ''
#   datatype: float64
#   format: '{:7.4f}'
#   description: Distance from center (046.02331534000+57.77379778000)[ICRS], at Epoch=J2016.0
#   meta: !!omap
#   - {ucd: POS_ANG_DIST_GENERAL}
#   - {width: 7}
#   - {precision: '4'}
# - name: HIP
#   datatype: int32
#   description: '? HIP cross-id number, van Leeuwen, Cat. I/311 (hip_original_ext_source_id)'
#   meta: !!omap
#   - {ucd: ID_NUMBER}
#   - {width: 6}
#   - values: {'null': -2147483648}
# - name: TYC2
#   datatype: string
#   description: Tycho-2 cross-id name, Hog et al., Cat. I/259 (tyc2_original_ext_source_id)
#   meta: !!omap
#   - {ucd: ID_CROSSID}
#   - {_votable_string_dtype: char}
# - name: Source
#   datatype: int64
#   description: Source identifier, identical to the Gaia-EDR3 source_id (id)
#   meta: !!omap
#   - {ucd: ID_MAIN}
#   - {width: 19}
# - name: rgeo
#   unit: pc
#   datatype: float64
#   format: '{:15.8f}'
#   description: '? Median of the geometric distance posterior (r_med_geo)'
#   meta: !!omap
#   - {ucd: PHYS_DISTANCE_TRUE}
#   - {width: 15}
#   - {precision: '8'}
#   - values: {'null': .nan}
# - name: Plx
#   unit: mas
#   datatype: float64
#   format: '{:9.4f}'
#   description: '? Parallax (parallax)'
#   meta: !!omap
#   - {ucd: POS_PARLX_TRIG}
#   - {width: 9}
#   - {precision: '4'}
#   - values: {'null': .nan}
# - name: e_Plx
#   unit: mas
#   datatype: float32
#   format: '{:7.4f}'
#   description: '? Standard error of parallax (parallax_error)'
#   meta: !!omap
#   - {ucd: ERROR}
#   - {width: 7}
#   - {precision: '4'}
#   - values: {'null': .nan}
# - name: pmRA
#   unit: mas / yr
#   datatype: float64
#   format: '{:9.3f}'
#   description: '? Proper motion in right ascension direction, pmRA*cosDE (pmra)'
#   meta: !!omap
#   - {ucd: POS_EQ_PMRA}
#   - {width: 9}
#   - {precision: '3'}
#   - values: {'null': .nan}
# - name: pmDE
#   unit: mas / yr
#   datatype: float64
#   format: '{:9.3f}'
#   description: '? Proper motion in declination direction (pmdec)'
#   meta: !!omap
#   - {ucd: POS_EQ_PMDEC}
#   - {width: 9}
#   - {precision: '3'}
#   - values: {'null': .nan}
# - name: e_pmRA
#   unit: mas / yr
#   datatype: float32
#   format: '{:6.3f}'
#   description: '? Standard error of proper motion in right ascension direction (pmra_error)'
#   meta: !!omap
#   - {ucd: ERROR}
#   - {width: 6}
#   - {precision: '3'}
#   - values: {'null': .nan}
# - name: e_pmDE
[...]
#         value: !astropy.table.SerializedColumn {name: SkyCoord.dec}
#       distance: !astropy.table.SerializedColumn
#         __class__: astropy.coordinates.distances.Distance
#         unit: !astropy.units.Unit {unit: pc}
#         value: !astropy.table.SerializedColumn {name: SkyCoord.distance}
#       frame: icrs
#       obstime: !astropy.time.Time {format: jyear_str, in_subfmt: '*', jd1: 367701545.0, jd2: 0.0, out_subfmt: '*', precision: 3, scale: tt}
#       pm_dec: !astropy.table.SerializedColumn
#         __class__: astropy.units.quantity.Quantity
#         unit: !astropy.units.Unit {unit: mas / yr}
#         value: !astropy.table.SerializedColumn {name: SkyCoord.pm_dec}
#       pm_ra_cosdec: !astropy.table.SerializedColumn
#         __class__: astropy.units.quantity.Quantity
#         unit: !astropy.units.Unit {unit: mas / yr}
#         value: !astropy.table.SerializedColumn {name: SkyCoord.pm_ra_cosdec}
#       ra: !astropy.table.SerializedColumn
#         __class__: astropy.coordinates.angles.Longitude
#         unit: *id001
#         value: !astropy.table.SerializedColumn {name: SkyCoord.ra}
#         wrap_angle: !astropy.coordinates.Angle
#           unit: *id001
#           value: 360.0
#       representation_type: spherical
# schema: astropy-2.0
RA_ICRS_1 DE_ICRS_1 e_RA_ICRS e_DE_ICRS _r_1 HIP TYC2 Source rgeo Plx e_Plx pmRA pmDE e_pmRA e_pmDE RUWE Teff logg Gmag BP-RP BPmag RPmag RV e_RV b_rgeo B_rgeo FG e_FG FBP e_FBP FRP e_FRP RAVE5 RAVE6 e_Gmag e_BPmag e_RPmag e_BP-RP SkyCoord.ra SkyCoord.dec SkyCoord.distance SkyCoord.pm_ra_cosdec SkyCoord.pm_dec rmRA rmDE e_rmRA e_rmDE rRV e_rRV v_pec v_pec3d e_vpec e_vpec3d
[from data line 479]
45.3908537072 57.5437031546 0.0331 0.036 24.55 "" "" 460312952450823936 3024.84155 0.3288 0.0463 0.188 -2.06 0.046 0.048 1.097 9244.8 4.1452 16.284203 1.558386 17.005583 15.447197 "" "" 2472.18823 3652.93652 5771.19535 2.604 2153.7 7.872 5251.5 13.044 "" "" 0.0027985322368116066 0.004851173 0.004642904 0.009494077 45.3908537072 57.5437031546 3024.84155 0.18799999999999994 -2.0599999999999983 0.3612500046491623 -1.5052499747276307 0.24118501 0.24318501 "" "" 22.194719835354398 "" 5.395015189526347 ""
45.85403350411 57.65379660602 0.0337 0.0383 9.0153 "" "" 460335316342878976 2893.104 0.3189 0.0486 -0.708 -0.553 0.043 0.051 0.976 8508.3 4.4221 16.286959 1.584421 17.020403 15.435982 "" "" 2554.63916 3381.34351 5756.56667 2.9191 2124.5 12.369 5306.0 15.047 "" "" 0.002809788752958427 0.006909638 0.004874818 0.011784457 45.85403350411 57.65379660602 2893.104 -0.708 -0.553 -0.5347499953508377 0.0017500252723693377 0.238185 0.246185 "" "" 7.33323331053572 "" 1.7466668398545242 ""
46.29166259418 57.6871143649 0.0492 0.0551 10.0472 "" "" 460327589701180928 3237.75317 0.3078 0.0734 0.38 -1.161 0.073 0.074 1.445 9315.5 3.9862 16.289248 1.517843 16.95942 15.441576 "" "" 2665.38452 4113.97656 5744.4368 4.7098 2247.2 8.7097 5278.7 10.364 "" "" 0.002895550917174628 0.005049072 0.0043391064 0.009388179 46.29166259418 57.6871143649 3237.75317 0.3799999999999999 -1.1610000000000003 0.5532500046491623 -0.6062499747276306 0.26818502 0.269185 "" "" 12.595953483421482 "" 3.3849242810242557 ""
45.92090510751 57.88389927272 0.0326 0.0372 7.3719 "" "" 460344975727136768 2910.73022 0.3261 0.0485 0.122 0.342 0.048 0.051 1.023 6780.5 3.9151 16.289436 2.039797 17.320961 15.281164 "" "" 2575.34106 3211.80054 5743.43773 3.7224 1610.8 7.072 6119.2 12.43 "" "" 0.002843757282192587 0.0055233343 0.004375822 0.009899156 45.92090510751 57.88389927272 2910.73022 0.12199999999999991 0.34200000000000014 0.2952500046491623 0.8967500252723695 0.24318501 0.246185 "" "" 13.02567780718893 "" 3.202925855077313 ""
46.26877331321 57.75213545662 0.034 0.0367 7.9628 "" "" 460328070735909376 2659.75366 0.3604 0.048 0.62 -1.276 0.052 0.051 1.013 7660.1 4.1277 16.290512 1.744387 17.121641 15.377254 "" "" 2305.76025 2969.85107 5737.75039 2.8358 1935.4 10.212 5600.9 10.276 "" "" 0.002807087283902893 0.0063721505 0.004272214 0.010644365 46.26877331321 57.75213545662 2659.75366 0.6200000000000001 -1.2759999999999998 0.7932500046491623 -0.7212499747276306 0.247185 0.246185 "" "" 13.516500055832168 "" 3.3349658127407023 ""
45.72463792649 58.02185536026 0.0339 0.0359 17.6696 "" "" 461100340216421888 3245.14185 0.3 0.0519 0.212 0.933 0.05 0.049 0.977 7969.0 4.08 16.296257 1.970091 17.281425 15.311335 "" "" 2619.77759 4640.36475 5707.47681 3.0326 1670.5 12.202 5951.5 12.011 "" "" 0.0028150657102121376 0.008407156 0.0043686354 0.012775792 45.72463792649 58.02185536026 3245.14185 0.21199999999999986 0.9329999999999998 0.38525000464916226 1.4877500252723694 0.245185 0.244185 "" "" 23.639332741948035 "" 5.773858839145744 ""
45.87365078824 57.54062753666 0.0333 0.0431 14.7921 "" "" 460321851623531136 3003.37354 0.3046 0.0508 -0.78 0.759 0.046 0.064 1.063 "" "" 16.304544 1.480427 16.97426 15.493834 "" "" 2633.41089 3386.34302 5664.07728 2.9616 2216.7 7.8686 5030.7 9.9006 "" "" 0.0028131968709816184 0.004758002 0.004341602 0.009099604 45.87365078824 57.54062753666 3003.37354 -0.78 0.7589999999999999 -0.6067499953508377 1.3137500252723693 0.24118501 0.25918502 "" "" 20.600834460845498 "" 5.276125783326299 ""
45.895556122 58.01776873542 0.0327 0.0358 15.1946 "" "" 460349884872356608 2987.72339 0.3049 0.048 1.146 -1.669 0.05 0.053 1.018 "" "" 16.305492 1.543369 17.00884 15.465471 "" "" 2612.37134 3469.73584 5659.13489 2.8885 2147.2 11.314 5163.8 7.8048 "" "" 0.002810497983356422 0.006365084 0.00412028 0.010485364 45.895556122 58.01776873542 2987.72339 1.146 -1.669 1.3192500046491622 -1.1142499747276307 0.245185 0.24818501 "" "" 24.45516652617714 "" 6.026694577963428 ""
45.84299414388 58.09761673498 0.0325 0.0358 20.2603 "" "" 461101061771248256 2577.18262 0.3564 0.0483 -0.603 -0.26 0.046 0.051 1.029 "" "" 16.307695 1.454508 16.95592 15.501411 "" "" 2333.78613 2902.74365 5647.65645 2.7604 2254.5 8.275 4995.7 9.451 "" "" 0.0028059587739155505 0.0048648 0.004301482 0.009166282 45.84299414388 58.09761673498 2577.18262 -0.6030000000000003 -0.2599999999999999 -0.4297499953508377 0.2947500252723694 0.24118501 0.246185 "" "" 6.365881401347253 "" 1.5456092410795546 ""
46.55611809955 57.97831649902 0.037 0.0375 20.9654 "" "" 460429294524794880 2521.79443 0.3606 0.051 0.638 -2.218 0.055 0.052 0.916 "" "" 16.308083 2.00838 17.314676 15.306296 "" "" 2226.47314 2795.12402 5645.64681 2.8338 1620.1 14.715 5979.2 14.208 "" "" 0.002808699261823367 0.010248615 0.00457602 0.014824635 46.55611809955 57.97831649902 2521.79443 0.638 -2.218 0.8112500046491623 -1.6632499747276306 0.250185 0.247185 "" "" 22.120163017013223 "" 5.480588219644114 ""
46.61017701853 58.1453934446 0.034 0.042 29.0869 "" "" 460437265983992064 2832.87939 0.3293 0.0494 1.951 -2.342 0.044 0.057 1.049 10380.1 4.0369 16.31672 2.815903 17.915987 15.100084 "" "" 2443.76392 3283.3667 5600.91609 3.3128 931.16 10.817 7229.8 11.739 "" "" 0.002829167986466652 0.012917599 0.0041703195 0.017087918 46.61017701853 58.1453934446 2832.87939 1.951000000000001 -2.3419999999999996 2.1242500046491624 -1.7872499747276307 0.239185 0.25218502 "" "" 37.276975549714344 "" 9.12007545873022 ""
46.1330277757 57.70020271078 0.0339 0.0377 5.6432 "" "" 460324531682929408 2406.67651 0.4002 0.0511 0.502 -1.202 0.05 0.053 0.976 7790.6 3.6116 16.317259 1.391304 16.939363 15.548059 "" "" 2134.56494 2728.55542 5598.12955 2.5939 2289.1 8.158 4785.6 12.767 "" "" 0.0028008705842251153 0.0047704587 0.004761677 0.009532135 46.1330277757 57.70020271078 2406.67651 0.502 -1.202 0.6752500046491623 -0.6472499747276306 0.245185 0.24818501 "" "" 10.67023667459432 "" 2.6315585516211195 ""
46.26463534365 57.99727038469 0.0406 0.0489 15.4607 "" "" 460346728073714304 2808.29053 0.3575 0.0615 -0.786 0.216 0.066 0.071 1.074 "" "" 16.324333 1.33118 16.918205 15.587026 "" "" 2394.32544 3410.30884 5561.77529 2.8649 2334.2 13.019 4616.9 12.97 "" "" 0.0028115068266588205 0.0066675683 0.004856627 0.011524195 46.26463534365 57.99727038469 2808.29053 -0.786 0.21600000000000003 -0.6127499953508377 0.7707500252723694 0.261185 0.26618502 "" "" 13.106850653116165 "" 3.463614971641102 ""
46.34974982792 57.92694387978 0.0363 0.0405 13.8946 "" "" 460334358567915520 2820.03613 0.3238 0.0513 -1.117 1.611 0.057 0.062 0.947 7887.2 3.8791 16.325317 2.483068 17.672066 15.188998 "" "" 2467.68994 3240.10669 5556.73182 3.1401 1165.7 11.363 6661.3 15.45 "" "" 0.0028228053783810655 0.010945143 0.0045414935 0.015486637 46.34974982792 57.92694387978 2820.03613 -1.1169999999999993 1.6109999999999984 -0.9437499953508377 2.165750025272369 0.25218502 0.257185 "" "" 31.578708516893983 "" 8.096579648380189 ""
45.46169908408 57.50471188421 0.0338 0.0383 24.2067 "" "" 460309860074958976 2195.10156 0.4305 0.0466 0.713 -1.185 0.045 0.054 1.106 9376.9 4.1144 16.3288 1.433979 16.97039 15.536411 "" "" 1997.09607 2485.14844 5538.93839 2.3544 2224.6 6.7896 4837.2 9.5361 "" "" 0.002793703243119476 0.0043319543 0.0043434054 0.008675359 45.46169908408 57.50471188421 2195.10156 0.7130000000000005 -1.185000000000001 0.8862500046491623 -0.6302499747276307 0.24018501 0.24918501 "" "" 11.315189487843837 "" 2.7523627906258623 ""
45.0983518297 57.8435247054 0.034 0.0353 29.8606 "" "" 461071237518146560 2732.52661 0.3524 0.045 0.796 -0.196 0.051 0.05 0.953 9713.3 3.9341 16.33066 1.934487 17.21911 15.284623 "" "" 2361.24121 3093.62793 5529.46276 3.2116 1769.2 11.652 6099.7 80.772 "" "" 0.002826563638091484 0.007675767 0.014865726 0.022541493 45.0983518297 57.8435247054 2732.52661 0.796 -0.196 0.9692500046491623 0.3587500252723694 0.246185 0.245185 "" "" 13.386230072001435 "" 3.293879079097167 ""
46.00685358814 58.09171441925 0.0322 0.0374 19.0822 "" "" 460351675877324544 2270.73999 0.4289 0.0476 -0.387 -0.723 0.048 0.059 0.969 "" "" 16.332296 1.468866 16.994242 15.525375 "" "" 2058.5979 2526.68945 5521.12949 2.8165 2176.3 11.341 4886.6 11.127 "" "" 0.002810437497852861 0.006308496 0.004516175 0.010824671 46.00685358814 58.09171441925 2270.73999 -0.3870000000000003 -0.7229999999999996 -0.21374999535083772 -0.1682499747276306 0.24318501 0.25418502 "" "" 2.927879119806781 "" 0.7245063003737031 ""
46.31206219136 57.71038765747 0.0337 0.0392 9.9989 "" "" 460327624059338240 2521.61108 0.3782 0.0518 -0.438 -0.384 0.05 0.051 0.997 8650.4 4.2183 16.337986 1.687734 17.137596 15.449863 "" "" 2264.96631 2964.05835 5492.2716 2.5706 1907.1 6.9455 5238.6 12.96 "" "" 0.0028017893433412303 0.004839467 0.0046366574 0.009476124 46.31206219136 57.71038765747 2521.61108 -0.4379999999999996 -0.38399999999999973 -0.2647499953508377 0.17075002527236938 0.245185 0.246185 "" "" 3.765456325318786 "" 0.92434116981854 ""
45.7652624513 58.16103486777 0.0338 0.0367 24.6428 "" "" 461105111921152000 2829.68018 0.3329 0.0478 -0.286 -0.523 0.047 0.053 1.004 9304.2 3.8458 16.34105 1.417741 16.974594 15.556853 "" "" 2514.32007 3217.66382 5476.79997 2.6276 2216.0 12.329 4747.0 7.3296 "" "" 0.002804127153597996 0.0066538933 0.0041345065 0.0107884 45.7652624513 58.16103486777 2829.68018 -0.2859999999999999 -0.523 -0.11274999535083768 0.031750025272369364 0.242185 0.24818501 "" "" 1.5710957388482427 "" 0.3811963290041544 ""
46.3728654753 58.18112607429 0.0333 0.04 26.8509 "" "" 460444000492718592 2210.41968 0.418 0.0485 -1.839 -0.0 0.045 0.057 0.973 7866.3 3.7897 16.3423 2.280238 17.545925 15.265687 "" "" 2014.58997 2468.53296 5470.49703 2.5283 1309.3 9.2127 6207.0 11.696 "" "" 0.0028006405358081965 0.008133198 0.004297598 0.012430796 46.3728654753 58.18112607429 2210.41968 -1.8390000000000004 -1.5284759642336973e-16 -1.6657499953508377 0.5547500252723694 0.24018501 0.25218502 "" "" 18.395116998893293 "" 4.440762787336694 ""
46.63578555949 57.5345380729 0.0338 0.0351 24.3443 "" "" 460275637776093696 2642.34082 0.3491 0.0475 -0.039 0.875 0.045 0.049 1.06 8371.7 4.1922 16.343151 1.66151 17.126976 15.465466 "" "" 2307.64453 2975.62793 5466.21075 2.572 1925.9 6.9389 5163.8 9.6195 "" "" 0.0028022804544597995 0.00480495 0.0042865593 0.0090915095 46.63578555949 57.5345380729 2642.34082 -0.039000000000000035 0.8749999999999994 0.13425000464916229 1.4297500252723694 0.24018501 0.244185 "" "" 17.9859520063413 "" 4.391276042497181 ""
45.99522048998 57.75552394891 0.0363 0.0436 1.418 "" "" 460337519664004992 2598.55713 0.3615 0.0558 -0.401 -0.568 0.052 0.055 1.045 9266.4 3.7092 16.344084 1.438259 16.986448 15.548189 "" "" 2221.59546 3039.14966 5461.51929 2.8579 2192.0 7.6067 4785.0 9.7186 "" "" 0.0028132856508263594 0.0046883747 0.0043756817 0.009064056 45.99522048998 57.75552394891 2598.55713 -0.4009999999999999 -0.5680000000000001 -0.22774999535083773 -0.013249974727630565 0.247185 0.250185 "" "" 2.8099766657004817 "" 0.6946127091615952 ""
45.74161853487 58.2180117325 0.036 0.0414 28.1178 "" "" 461106967344615808 2557.23486 0.3753 0.0496 -0.528 -0.891 0.051 0.059 1.1 9470.0 3.8122 16.344599 1.404515 16.956228 15.551713 "" "" 2281.39233 2881.13794 5458.93033 2.5816 2253.9 9.6049 4769.5 15.663 "" "" 0.002802753902449867 0.005403009 0.005195851 0.01059886 45.74161853487 58.2180117325 2557.23486 -0.528 -0.891 -0.35474999535083773 -0.33624997472763063 0.246185 0.25418502 "" "" 5.924716587219082 "" 1.4811962892816488 ""
46.13130532201 57.92177117592 0.0346 0.0378 9.5245 "" "" 460346075238718208 2865.11597 0.3268 0.0501 -0.711 1.624 0.051 0.052 0.991 9710.7 4.3266 16.345448 1.643734 17.113317 15.469584 "" "" 2574.84644 3309.92773 5454.6573 2.6444 1950.2 13.229 5144.3 11.221 "" "" 0.002805146272857777 0.007875795 0.0044600884 0.012335883 46.13130532201 57.92177117592 2865.11597 -0.7109999999999996 1.6239999999999999 -0.5377499953508377 2.1787500252723695 0.246185 0.247185 "" "" 30.47676541375531 "" 7.531652818077363 ""
45.86984507084 58.18566940759 0.0327 0.036 25.19 "" "" 461103741830440192 2669.45605 0.3633 0.0486 0.636 -1.092 0.045 0.051 1.01 "" "" 16.345663 1.395294 16.963676 15.568382 "" "" 2349.02271 3013.29102 5453.58207 2.4693 2238.4 9.8109 4696.8 12.863 "" "" 0.0027988327751336073 0.0055164313 0.004808876 0.010325307 45.86984507084 58.18566940759 2669.45605 0.636 -1.092 0.8092500046491623 -0.5372499747276307 0.24018501 0.246185 "" "" 12.290721744763589 "" 2.974800641146012 ""
46.33362836432 58.04894477186 0.0344 0.0409 19.245 "" "" 460441114274780416 2935.40381 0.335 0.0519 -0.016 0.008 0.049 0.058 1.041 "" "" 16.352125 1.404102 16.98068 15.576578 "" "" 2551.35645 3466.43188 5421.21665 2.9514 2203.7 8.3739 4661.5 10.528 "" "" 0.0028180099410559482 0.0049806233 0.0045051854 0.009485809 46.33362836432 58.04894477186 2935.40381 -0.016 0.00799999999999999 0.15725000464916228 0.5627500252723694 0.244185 0.253185 "" "" 8.129944722055244 "" 2.0531682528212043 ""
45.55618575388 57.86975047502 0.0335 0.0371 15.9981 "" "" 461092025159812352 2417.41797 0.3935 0.0499 -0.643 -0.559 0.048 0.05 0.993 9261.6 3.8689 16.357327 1.533898 17.055487 15.521588 "" "" 2148.46777 2754.3894 5395.30366 4.2861 2056.9 10.652 4903.7 13.714 "" "" 0.0028871673548009264 0.006276896 0.00484806 0.011124956 45.55618575388 57.86975047502 2417.41797 -0.6429999999999999 -0.5589999999999999 -0.4697499953508377 -0.004249974727630668 0.24318501 0.245185 "" "" 5.382879351182185 "" 1.3090364726267447 ""
46.24971067579 57.5402027737 0.032 0.0355 15.7877 "" "" 460272888997743104 2492.35693 0.3825 0.0464 -0.29 -0.592 0.042 0.046 0.996 "" "" 16.358082 1.26861 16.906343 15.637733 "" "" 2239.40454 2737.28516 5391.55157 2.743 2359.8 11.982 4406.2 10.325 "" "" 0.0028101442677221453 0.006178744 0.0045559467 0.01073469 46.24971067579 57.5402027737 2492.35693 -0.2899999999999999 -0.592 -0.11674999535083769 -0.037249974727630586 0.237185 0.24118501 "" "" 1.447759401380064 "" 0.34392595308984397 ""
45.96769166901 57.27400345474 0.0381 0.042 30.0412 "" "" 460245710443577344 2213.45215 0.4331 0.0552 1.178 -0.215 0.053 0.056 1.155 9446.3 4.1384 16.358778 1.646341 17.112984 15.466642 "" "" 1996.81677 2534.67871 5388.10295 3.5388 1950.8 10.146 5158.2 15.304 "" "" 0.0028461003085632135 0.00629857 0.0049659335 0.011264503 45.96769166901 57.27400345474 2213.45215 1.178 -0.21499999999999997 1.3512500046491622 0.3397500252723694 0.24818501 0.251185 "" "" 14.618255599698122 "" 3.6306543027655347 ""
46.44169223108 57.65799358791 0.0338 0.0345 15.1012 "" "" 460279653565294336 2909.8894 0.3294 0.049 -0.955 -0.084 0.047 0.047 0.949 "" "" 16.35978 1.24927 16.903015 15.653745 "" "" 2494.56152 3449.51489 5383.13394 2.5608 2367.1 9.8489 4341.7 8.7511 "" "" 0.0028033114109537157 0.00530967 0.0043672454 0.009676916 46.44169223108 57.65799358791 2909.8894 -0.9549999999999998 -0.08400000000000002 -0.7817499953508377 0.47075002527236937 0.242185 0.242185 "" "" 12.586621805682334 "" 3.048290959276581 ""
46.11831253985 58.27045218076 0.0322 0.0377 29.9518 "" "" 461197715715064832 2738.92944 0.3411 0.0466 -0.434 -0.353 0.044 0.054 0.97 9246.3 3.9559 16.361256 1.570499 17.087109 15.516609 "" "" 2463.54077 3094.40625 5375.81281 2.593 1997.9 7.5955 4926.2 10.035 "" "" 0.0028046481456109585 0.004982254 0.004378975 0.009361229 46.11831253985 58.27045218076 2738.92944 -0.434 -0.35300000000000004 -0.2607499953508377 0.2017500252723694 0.239185 0.24918501 "" "" 4.280172159944202 "" 1.0399875305059934 ""
