Clusters/ASCC_19/ASCC_19_stars_in_region.tsv
# %ECSV 1.0
# ---
# datatype:
# - name: RA_ICRS_1
#   unit: deg
#   datatype: float64
#   format: '{:15.11f}'
#   description: Right ascension (ICRS) at Ep=2016.0 (ra)
#   meta: !!omap
#   - {ucd: POS_EQ_RA_MAIN}
#   - {width: 15}
#   - {precision: '11'}
# - name: DE_ICRS_1
#   unit: deg
#   datatype: float64
#   format: '{:15.11f}'
#   description: Declination (ICRS) at Ep=2016.0 (dec)
#   meta: !!omap
#   - {ucd: POS_EQ_DEC_MAIN}
#   - {width: 15}
#   - {precision: '11'}
# - name: e_RA_ICRS
#   unit: mas
#   datatype: float64
#   format: '{:7.4f}'
#   description: Standard error of right ascension (ra_error)
#   meta: !!omap
#   - {ucd: ERROR}
#   - {width: 7}
#   - {precision: '4'}
# - name: e_DE_ICRS
#   unit: mas
#   datatype: float64
#   format: '{:7.4f}'
#   description: Standard error of declination (dec_error)
#   meta: !!omap
#   - {ucd: ERROR}
#   - {width: 7}
#   - {precision: '4'}
# - name: _r_1
#   unit: ''
#   datatype: float64
#   format: '{:8.4f}'
#   description: Distance from center (082.00350625000-01.96170512000)[ICRS], at Epoch=J2016.0
#   meta: !!omap
#   - {ucd: POS_ANG_DIST_GENERAL}
#   - {width: 8}
#   - {precision: '4'}
# - name: HIP
#   datatype: int32
#   description: '? HIP cross-id number, van Leeuwen, Cat. I/311 (hip_original_ext_source_id)'
#   meta: !!omap
#   - {ucd: ID_NUMBER}
#   - {width: 6}
#   - values: {'null': -2147483648}
# - name: TYC2
#   datatype: string
#   description: Tycho-2 cross-id name, Hog et al., Cat. I/259 (tyc2_original_ext_source_id)
#   meta: !!omap
#   - {ucd: ID_CROSSID}
#   - {_votable_string_dtype: char}
# - name: Source
#   datatype: int64
#   description: Source identifier, identical to the Gaia-EDR3 source_id (id)
#   meta: !!omap
#   - {ucd: ID_MAIN}
#   - {width: 19}
# - name: rgeo
#   unit: pc
#   datatype: float64
#   format: '{:15.8f}'
#   description: '? Median of the geometric distance posterior (r_med_geo)'
#   meta: !!omap
#   - {ucd: PHYS_DISTANCE_TRUE}
#   - {width: 15}
#   - {precision: '8'}
#   - values: {'null': .nan}
# - name: Plx
#   unit: mas
#   datatype: float64
#   format: '{:9.4f}'
#   description: '? Parallax (parallax)'
#   meta: !!omap
#   - {ucd: POS_PARLX_TRIG}
#   - {width: 9}
#   - {precision: '4'}
#   - values: {'null': .nan}
# - name: e_Plx
#   unit: mas
#   datatype: float32
#   format: '{:7.4f}'
#   description: '? Standard error of parallax (parallax_error)'
#   meta: !!omap
#   - {ucd: ERROR}
#   - {width: 7}
#   - {precision: '4'}
#   - values: {'null': .nan}
# - name: pmRA
#   unit: mas / yr
#   datatype: float64
#   format: '{:9.3f}'
#   description: '? Proper motion in right ascension direction, pmRA*cosDE (pmra)'
#   meta: !!omap
#   - {ucd: POS_EQ_PMRA}
#   - {width: 9}
#   - {precision: '3'}
#   - values: {'null': .nan}
# - name: pmDE
#   unit: mas / yr
#   datatype: float64
#   format: '{:9.3f}'
#   description: '? Proper motion in declination direction (pmdec)'
#   meta: !!omap
#   - {ucd: POS_EQ_PMDEC}
#   - {width: 9}
#   - {precision: '3'}
#   - values: {'null': .nan}
# - name: e_pmRA
#   unit: mas / yr
#   datatype: float32
#   format: '{:6.3f}'
#   description: '? Standard error of proper motion in right ascension direction (pmra_error)'
#   meta: !!omap
#   - {ucd: ERROR}
#   - {width: 6}
#   - {precision: '3'}
#   - values: {'null': .nan}
# - name: e_pmDE
[...]
#         unit: &id001 !astropy.units.Unit {unit: deg}
#         value: !astropy.table.SerializedColumn {name: SkyCoord.dec}
#       distance: !astropy.table.SerializedColumn
#         __class__: astropy.coordinates.distances.Distance
#         unit: !astropy.units.Unit {unit: pc}
#         value: !astropy.table.SerializedColumn {name: SkyCoord.distance}
#       frame: icrs
#       obstime: !astropy.time.Time {format: jyear_str, in_subfmt: '*', jd1: 367701545.0, jd2: 0.0, out_subfmt: '*', precision: 3, scale: tt}
#       pm_dec: !astropy.table.SerializedColumn
#         __class__: astropy.units.quantity.Quantity
#         unit: !astropy.units.Unit {unit: mas / yr}
#         value: !astropy.table.SerializedColumn {name: SkyCoord.pm_dec}
#       pm_ra_cosdec: !astropy.table.SerializedColumn
#         __class__: astropy.units.quantity.Quantity
#         unit: !astropy.units.Unit {unit: mas / yr}
#         value: !astropy.table.SerializedColumn {name: SkyCoord.pm_ra_cosdec}
#       ra: !astropy.table.SerializedColumn
#         __class__: astropy.coordinates.angles.Longitude
#         unit: *id001
#         value: !astropy.table.SerializedColumn {name: SkyCoord.ra}
#         wrap_angle: !astropy.coordinates.Angle
#           unit: *id001
#           value: 360.0
#       representation_type: spherical
# schema: astropy-2.0
RA_ICRS_1 DE_ICRS_1 e_RA_ICRS e_DE_ICRS _r_1 HIP TYC2 Source rgeo Plx e_Plx pmRA pmDE e_pmRA e_pmDE RUWE Teff logg Gmag BP-RP BPmag RPmag RV e_RV b_rgeo B_rgeo FG e_FG FBP e_FBP FRP e_FRP RAVE5 RAVE6 e_Gmag e_BPmag e_RPmag e_BP-RP SkyCoord.ra SkyCoord.dec SkyCoord.distance SkyCoord.pm_ra_cosdec SkyCoord.pm_dec
[from data line 79]
83.04414259967 -0.65407900371 0.0127 0.0113 100.2592 "" 4766-1062-1 3220693931143836672 291.483063 3.4016 0.0173 12.372 -19.425 0.015 0.013 1.065 4801.7 2.9615 9.321124 1.160952 9.819983 8.659032 -2.76 0.23 289.677704 292.895233 3519632.06594 474.96 1612200.0 536.49 2726100.0 945.56 "" "" 0.0027592129752902583 0.002813465 0.003798098 0.0066115633 83.04414259967 -0.65407900371 291.483063 12.371999999999998 -19.425000000000004
83.93759014196 -0.90143514988 0.0263 0.0216 132.3053 "" 4766-2165-1 3217657526705392256 376.705078 2.628 0.0326 -1.269 -0.82 0.031 0.024 1.235 "" "" 9.360016 0.038977 9.365524 9.326548 23.03 5.06 373.185181 380.752838 3395786.22933 1101.9 2450200.0 836.17 1474100.0 587.48 "" "" 0.0027777531228894157 0.0028146645 0.0038040713 0.006618736 83.93759014196 -0.90143514988 376.705078 -1.269 -0.8200000000000001
82.76959540187 -3.93344528604 0.011 0.0099 126.8974 25849 4774-39-1 3209924970664929792 357.931549 2.7638 0.0152 0.102 1.585 0.015 0.012 1.003 6200.7 3.5143 9.365715 0.679501 9.622981 8.94348 12.21 1.17 356.062836 359.852234 3378007.9858 422.55 1933000.0 530.35 2097800.0 423.35 "" "" 0.0027586653671471937 0.002806027 0.0037857278 0.006591755 82.76959540187 -3.93344528604 357.931549 0.102 1.5849999999999997
82.17819279247 -3.04835288208 0.0125 0.0102 66.0343 "" 4757-397-1 3210971980612471936 327.581848 3.0267 0.0174 3.832 -7.795 0.016 0.012 1.121 "" "" 9.377981 0.446363 9.532595 9.086231 -1.15 0.66 325.085236 330.433746 3340058.65445 2166.7 2100800.0 4557.2 1839400.0 2830.2 "" "" 0.00284391519553153 0.003651338 0.004132135 0.0077834725 82.17819279247 -3.04835288208 327.581848 3.832 -7.795
81.53731022225 -2.27207518755 0.0124 0.01 33.5877 "" 4757-725-1 3220075765091855104 308.314758 3.2149 0.0163 -2.444 -5.411 0.017 0.012 1.046 7675.6 3.9314 9.401169 0.411365 9.544083 9.132718 "" "" 306.779602 310.145966 3269483.12795 516.39 2078700.0 528.44 1762300.0 402.77 "" "" 0.0027606513890419087 0.0028037888 0.0037875192 0.006591308 81.53731022225 -2.27207518755 308.314758 -2.444 -5.4110000000000005
83.79376859022 -0.83694341464 0.0184 0.0155 126.8275 "" 4766-656-1 3217662577586939776 387.961548 2.5481 0.0215 -2.033 -0.759 0.021 0.017 0.949 "" "" 9.403799 0.149523 9.447122 9.297599 "" "" 385.083527 391.462646 3261571.87931 1498.9 2272800.0 2800.4 1514000.0 2004.1 "" "" 0.002800134886708891 0.0030942997 0.004043424 0.0071377237 83.79376859022 -0.83694341464 387.961548 -2.033 -0.759
80.33568462 -0.60793079123 0.0123 0.009 128.8647 "" 4752-1002-1 3221254578995526784 337.351685 2.9386 0.0175 -6.859 -10.006 0.016 0.011 1.135 7783.5 3.908 9.436499 0.392516 9.572865 9.180348 4.22 0.26 335.211639 339.251678 3164808.4293 626.35 2024300.0 906.67 1686600.0 497.71 "" "" 0.0027636863760818527 0.0028322304 0.0037929383 0.006625169 80.33568462 -0.60793079123 337.351685 -6.859000000000001 -10.006000000000002
83.06940785561 -3.56414249709 0.0143 0.0112 115.4316 25956 4770-656-1 3215945655820572032 385.100769 2.5686 0.0204 -2.055 -3.863 0.019 0.014 1.043 9829.3 4.0483 9.439919 0.217366 9.508702 9.291336 15.88 2.77 382.221466 388.212891 3154852.53997 670.56 2147500.0 810.53 1522700.0 448.37 "" "" 0.0027649674607119184 0.002820102 0.0037928799 0.0066129817 83.06940785561 -3.56414249709 385.100769 -2.055 -3.8629999999999995
81.14577017651 -2.20936553462 0.0126 0.0096 53.5337 "" "" 3214089783271555456 335.237244 2.9515 0.0194 14.835 -10.674 0.015 0.012 1.145 "" "" 9.446966 1.398423 10.082844 8.684421 22.63 0.15 332.896271 337.501587 3134441.50943 367.43 1265600.0 362.23 2663100.0 453.47 "" "" 0.0027582581468826315 0.0028074214 0.003783901 0.0065913224 81.14577017651 -2.20936553462 335.237244 14.835 -10.673999999999998
81.13746717682 -3.50817766857 0.0136 0.0105 106.3177 25285 4757-1467-1 3210848079395725056 289.810608 3.418 0.0191 -3.584 -5.321 0.017 0.013 1.088 "" "" 9.450342 0.323977 9.5594 9.235422 -15.5 1.99 288.013489 291.390106 3124710.62055 641.19 2049500.0 935.25 1603200.0 536.67 "" "" 0.0027643129441466416 0.0028338179 0.0037968173 0.006630635 81.13746717682 -3.50817766857 289.810608 -3.584 -5.321
82.56872826916 -0.89150947574 0.022 0.0189 72.6121 "" 4766-756-1 3220331878284450560 399.039825 2.477 0.0318 -1.107 0.22 0.025 0.022 1.215 "" "" 9.459486 -0.013471 9.447294 9.460765 12.64 4.21 394.023651 404.287292 3098507.11059 984.26 2272500.0 706.85 1302700.0 512.65 "" "" 0.0027768217619994168 0.0028105334 0.0038034571 0.0066139903 82.56872826916 -0.89150947574 399.039825 -1.107 0.22
83.61919365417 -0.70574659597 0.0114 0.0102 122.7636 "" "" 3217678619288507904 388.164703 2.5474 0.0146 3.461 8.029 0.013 0.012 1.003 4614.8 2.6584 9.459962 1.240637 10.004906 8.764269 35.03 0.16 385.907532 390.479675 3097149.34577 308.02 1359700.0 524.22 2474300.0 595.5 "" "" 0.002757435214632953 0.0028213952 0.0037884046 0.0066098 83.61919365417 -0.70574659597 388.164703 3.4609999999999994 8.028999999999998
82.0561433837 -1.94700029031 0.0172 0.0134 3.2774 25603 4757-1592-1 3220111877176803584 352.850372 2.8117 0.0246 1.331 -1.046 0.023 0.016 1.088 "" "" 9.470519 0.086345 9.493916 9.407571 16.74 3.2 350.060364 355.502686 3067179.11346 740.61 2177000.0 557.64 1368100.0 304.49 "" "" 0.0027677644226287474 0.0028039962 0.0037870992 0.0065910956 82.0561433837 -1.94700029031 352.850372 1.331 -1.0459999999999998
83.0127169559 -3.16471593793 0.0141 0.0127 94.1764 "" 4770-727-1 3216725724959264512 359.702759 2.7522 0.022 5.806 -22.686 0.019 0.015 1.335 "" "" 9.480168 1.235797 9.847071 8.611274 "" "" 356.946442 362.733948 3040040.23195 767.27 1572500.0 11946.0 2848700.0 11986.0 "" "" 0.0027689131704532457 0.0087072905 0.0059289816 0.014636273 83.0127169559 -3.16471593793 359.702759 5.806000000000002 -22.686000000000003
82.60863786302 -3.6111273472 0.0112 0.0099 105.4002 "" 4770-866-1 3210688169173820544 297.871765 3.3331 0.0179 2.603 -17.857 0.014 0.011 0.967 6276.3 3.7963 9.480874 0.674262 9.735525 9.061263 7.73 0.55 296.164795 299.340942 3038064.76042 533.72 1742600.0 445.28 1882100.0 372.17 "" "" 0.002761914367861158 0.002803929 0.003785475 0.006589404 82.60863786302 -3.6111273472 297.871765 2.6030000000000006 -17.857
80.97204431029 -3.08297135034 0.0156 0.0123 91.3707 25244 4757-256-1 3210921089542657920 326.809875 3.0366 0.0219 1.028 -0.309 0.021 0.015 1.201 9686.4 4.1938 9.486003 0.172998 9.540357 9.367358 11.41 3.48 324.609863 328.674164 3023747.04998 735.03 2085800.0 635.54 1419800.0 474.01 "" "" 0.0027679318821065813 0.0028097138 0.0037967248 0.0066064387 80.97204431029 -3.08297135034 326.809875 1.028 -0.309
82.88066475021 -1.82591407401 0.0219 0.0189 53.228 "" 4766-9-1 3217200022493648640 410.201477 2.4053 0.0282 0.1 -0.495 0.025 0.022 1.092 7999.7 4.1198 9.528739 0.025842 9.528901 9.503059 17.43 3.93 406.1922 415.318817 2907042.07254 868.92 2107900.0 1029.8 1253000.0 373.7 "" "" 0.0027743662550004746 0.0028401413 0.0037932287 0.00663337 82.88066475021 -1.82591407401 410.201477 0.09999999999999999 -0.495
83.83871800949 -1.03357784793 0.0236 0.0197 123.3587 "" 4766-2250-1 3217654812286090880 375.216339 2.6369 0.0279 -0.978 -0.662 0.028 0.022 1.133 "" "" 9.542558 0.036469 9.548082 9.511613 21.75 5.92 370.507172 379.158966 2870277.18772 668.86 2071000.0 768.95 1243100.0 381.02 "" "" 0.002766912153922758 0.0028191416 0.0037940051 0.0066131465 83.83871800949 -1.03357784793 375.216339 -0.978 -0.662
82.82812623458 -0.49008017494 0.0922 0.0805 101.2086 "" "" 3220724266496969344 358.683594 2.7851 0.1046 0.922 -0.632 0.106 0.088 5.075 "" "" 9.549092 0.172399 9.289288 9.116889 38.16 14.51 345.711426 370.322174 2853053.19652 2544.0 2628500.0 3514.0 1788100.0 3562.9 "" "" 0.0029204547373445455 0.0031451408 0.004354769 0.00749991 82.82812623458 -0.49008017494 358.683594 0.9219999999999999 -0.632
80.76011821651 -1.98503716381 0.0169 0.0125 74.5722 "" 4757-104-1 3214158674546850688 322.422791 3.0733 0.0248 0.914 -0.557 0.021 0.015 1.128 "" "" 9.563971 0.1892 9.623254 9.434053 14.13 3.49 320.151123 324.226013 2814222.34388 549.15 1932500.0 561.45 1335200.0 401.86 "" "" 0.0027634535832500376 0.002807944 0.0037934827 0.0066014268 80.76011821651 -1.98503716381 322.422791 0.9140000000000001 -0.557
81.72130229481 -0.16273315195 0.0382 0.0316 109.2578 "" 4753-306-1 3220630773649186688 303.25412 3.2681 0.0446 1.546 -1.014 0.045 0.035 2.307 7980.0 3.9591 9.567751 0.271041 9.65774 9.386699 21.74 2.01 298.964386 308.027466 2804440.434 738.9 1872100.0 1082.1 1394700.0 619.27 "" "" 0.002770130363139281 0.0028598765 0.0038100043 0.006669881 81.72130229481 -0.16273315195 303.25412 1.546 -1.0140000000000002
83.89928913214 -1.78103973321 0.024 0.0227 114.2019 "" 4766-1617-1 3217350655584805376 341.617828 2.8976 0.0355 1.772 -1.248 0.028 0.027 1.473 9801.6 4.1645 9.579366 0.113492 9.612012 9.49852 16.63 3.15 337.650116 344.993317 2774599.52055 923.64 1952600.0 707.51 1258200.0 228.43 "" "" 0.0027789247149162368 0.0028177684 0.0037845187 0.0066022873 83.89928913214 -1.78103973321 341.617828 1.772 -1.248
80.89242032203 -2.80520136438 0.0174 0.0138 83.653 "" 4757-714-1 3214028794736060928 371.203888 2.672 0.0268 1.84 -0.734 0.023 0.017 1.159 "" "" 9.599019 0.16137 9.645649 9.484279 15.07 2.62 368.304657 374.686279 2724827.10332 591.59 1893000.0 537.51 1274800.0 323.84 "" "" 0.0027653852929694768 0.0028071501 0.0037894326 0.006596583 80.89242032203 -2.80520136438 371.203888 1.84 -0.734
82.70455131861 -1.99725056666 0.0154 0.0148 42.0917 "" 4770-101-1 3217190814083770112 389.319275 2.5376 0.0217 -1.448 -12.764 0.018 0.017 1.171 5261.8 3.2464 9.615658 1.06139 10.061901 9.000511 6.61 0.46 386.183655 392.241394 2683388.38652 739.15 1290200.0 1011.2 1990500.0 1212.2 "" "" 0.0027715036497339787 0.0029170474 0.003836785 0.006753832 82.70455131861 -1.99725056666 389.319275 -1.4480000000000002 -12.764
83.73030332389 -0.61641153113 0.0222 0.0199 131.3164 "" 4766-1170-1 3217774689116122496 366.622925 2.6994 0.0272 -2.036 -0.738 0.026 0.023 1.316 "" "" 9.652211 0.067285 9.668397 9.601112 30.67 0.49 362.440674 370.28598 2594550.54012 799.88 1853800.0 792.86 1144800.0 337.62 "" "" 0.002775577351429529 0.0028285475 0.0037929218 0.0066214693 83.73030332389 -0.61641153113 366.622925 -2.036 -0.7380000000000001
81.97005400866 -3.07724124022 0.0167 0.013 66.9622 "" 4757-297-1 3210968166681397888 331.931702 2.989 0.0232 1.262 -0.887 0.023 0.016 1.14 "" "" 9.667748 0.211834 9.736903 9.525069 19.57 2.35 329.357208 334.743286 2557688.24443 789.19 1740400.0 839.41 1227800.0 565.66 "" "" 0.002775611889211346 0.002838885 0.00381234 0.006651225 81.97005400866 -3.07724124022 331.931702 1.262 -0.887
82.8458639741 -3.9256743777 0.0142 0.0119 128.1924 25872 4774-46-1 3209925584843099136 377.565338 2.6239 0.019 -4.563 -0.589 0.019 0.015 0.895 9873.5 4.1888 9.680877 0.115967 9.714919 9.598952 18.74 2.07 375.492493 380.188568 2526945.77048 527.9 1776000.0 670.08 1147000.0 326.89 "" "" 0.002764640377105289 0.002820081 0.0037920277 0.006612109 82.8458639741 -3.9256743777 377.565338 -4.563 -0.5890000000000001
83.86473822049 -1.05144845574 0.0154 0.0123 124.278 "" 4766-2362-1 3217607808164208640 353.345306 2.8024 0.0171 2.269 -1.12 0.019 0.014 0.979 "" "" 9.703297 0.70093 9.970644 9.269714 24.41 2.31 351.474121 355.359161 2475301.93835 485.17 1403300.0 359.33 1553400.0 380.08 "" "" 0.002763526205281907 0.0028039864 0.0037887068 0.0065926933 83.86473822049 -1.05144845574 353.345306 2.269 -1.12
83.21009956531 -1.60076411889 0.0209 0.0183 75.5317 "" "" 3217186248533655936 407.578094 2.4295 0.0248 0.286 -0.161 0.025 0.02 1.055 "" "" 9.709778 0.064274 9.722963 9.658689 25.47 4.41 403.751373 412.286774 2460568.99177 2485.9 1762900.0 5098.4 1085600.0 3057.6 "" "" 0.002965638002892886 0.004200558 0.004861583 0.009062141 83.21009956531 -1.60076411889 407.578094 0.286 -0.16099999999999998
80.83240306916 -3.101659378 0.0179 0.013 98.0088 "" 4757-683-1 3210923945697854848 328.538208 3.0162 0.0235 0.236 5.246 0.025 0.018 1.172 "" "" 9.719416 0.157559 9.767514 9.609955 17.69 2.68 326.366821 331.070435 2438824.98564 686.21 1692000.0 610.83 1135500.0 241.3 "" "" 0.002772204022830953 0.0028175667 0.003786418 0.0066039846 80.83240306916 -3.101659378 328.538208 0.23599999999999993 5.246
83.67790771673 -2.48480116402 0.0271 0.026 105.18 "" 4770-354-1 3216870207660467968 371.151581 2.6721 0.0348 -5.271 -12.024 0.032 0.028 1.733 7336.9 3.9596 9.72728 0.513178 9.915696 9.402518 0.95 3.34 365.346924 375.487366 2421222.49222 450.67 1476200.0 685.09 1374500.0 247.36 "" "" 0.0027627215598724575 0.0028353028 0.0037844293 0.006619732 83.67790771673 -2.48480116402 371.151581 -5.271000000000001 -12.023999999999997
81.83304151471 -2.21973431037 0.0238 0.0188 18.5514 "" 4757-589-1 3217080351820402816 350.273163 2.8294 0.0362 3.035 -1.923 0.031 0.024 1.757 "" "" 9.749819 0.158205 9.797533 9.639328 12.89 2.32 346.160431 355.287842 2371477.673 490.21 1645900.0 400.03 1105200.0 263.33 "" "" 0.0027644456476441366 0.0028026206 0.003788225 0.0065908455 81.83304151471 -2.21973431037 350.273163 3.035 -1.9230000000000003
82.00417274265 -2.02054509522 0.0171 0.0133 3.5306 "" 4757-135-1 3217107221135763328 329.374023 3.01 0.0251 0.538 -0.182 0.023 0.017 1.213 "" "" 9.751866 0.131437 9.791461 9.660024 15.84 1.57 326.548676 331.973511 2367011.33262 533.8 1655100.0 448.2 1084300.0 211.85 "" "" 0.002766178155443245 0.0028056183 0.0037853303 0.0065909484 82.00417274265 -2.02054509522 329.374023 0.5380000000000001 -0.182
81.91089366569 -1.96718229089 0.0163 0.0128 5.5632 "" 4757-85-1 3220110983823622400 342.7005 2.8901 0.0231 0.886 -1.315 0.022 0.016 1.164 9319.4 4.2952 9.781634 0.178481 9.838612 9.66013 22.17 0.54 338.937622 345.394745 2302995.04742 649.81 1584800.0 621.82 1084200.0 371.61 "" "" 0.002772298620813266 0.002822504 0.0037976587 0.0066201626 81.91089366569 -1.96718229089 342.7005 0.886 -1.3150000000000002
81.76876406893 -2.92182779202 0.0151 0.0119 59.3011 "" 4757-829-1 3210985999385616000 351.06488 2.8272 0.0214 1.18 -1.523 0.019 0.015 1.044 9387.4 4.2673 9.787668 0.1447 9.831823 9.687123 17.15 1.91 348.617889 353.714661 2290232.30131 412.27 1594700.0 619.7 1057600.0 251.81 "" "" 0.0027622433797915794 0.0028218897 0.0037882125 0.006610102 81.76876406893 -2.92182779202 351.06488 1.18 -1.523
83.65386840595 -0.88341640729 0.021 0.0173 118.257 "" 4766-750-1 3217666593380085376 421.085876 2.3507 0.0233 -1.151 0.817 0.025 0.02 1.07 "" "" 9.791691 0.113873 9.822933 9.709061 22.2 3.52 416.666077 425.739563 2281762.1347 540.69 1607800.0 540.56 1036400.0 280.41 "" "" 0.0027673057763048826 0.0028139474 0.0037907811 0.0066047283 83.65386840595 -0.88341640729 421.085876 -1.1509999999999998 0.817
81.78464880816 -1.83130085127 0.035 0.0267 15.2796 "" 4753-1731-1 3220127579577250688 346.279816 2.8483 0.0578 0.961 -0.933 0.048 0.032 2.693 "" "" 9.827136 0.405277 9.966161 9.560883 23.52 2.32 339.787933 352.794495 2208473.56638 405.36 1409100.0 721.52 1188000.0 285.15 "" "" 0.0027625176224033315 0.002845017 0.003788356 0.006633373 81.78464880816 -1.83130085127 346.279816 0.961 -0.9330000000000002
83.17225499949 -1.59123168025 0.078 0.0789 73.5314 "" "" 3217232840337014016 381.575806 2.6209 0.0918 -0.641 0.33 0.111 0.084 1.842 "" "" 9.831404 "" "" "" "" "" 369.080109 394.635681 2199810.37896 6785.6 "" "" "" "" "" "" 0.004336844421969635 "" "" "" 83.17225499949 -1.59123168025 381.575806 -0.641 0.33
83.0219065298 -1.62048960339 0.0187 0.016 64.4142 "" 4766-350-1 3217227548939226880 419.542389 2.3604 0.0214 0.013 -0.349 0.022 0.018 1.045 9972.1 4.2424 9.834143 0.081295 9.855621 9.774326 31.65 1.59 416.154541 422.837067 2194268.57678 671.46 1560200.0 551.83 975950.0 255.31 "" "" 0.0027752791265747206 0.0028164724 0.0037900396 0.006606512 83.0219065298 -1.62048960339 419.542389 0.013000000000000001 -0.349
