Clusters/ASCC_19/ASCC_19_members.tsv
# %ECSV 1.0
# ---
# datatype:
# - name: RA_ICRS_1
#   unit: deg
#   datatype: float64
#   format: '{:15.11f}'
#   description: Right ascension (ICRS) at Ep=2016.0 (ra)
#   meta: !!omap
#   - {ucd: POS_EQ_RA_MAIN}
#   - {width: 15}
#   - {precision: '11'}
# - name: DE_ICRS_1
#   unit: deg
#   datatype: float64
#   format: '{:15.11f}'
#   description: Declination (ICRS) at Ep=2016.0 (dec)
#   meta: !!omap
#   - {ucd: POS_EQ_DEC_MAIN}
#   - {width: 15}
#   - {precision: '11'}
# - name: e_RA_ICRS
#   unit: mas
#   datatype: float64
#   format: '{:7.4f}'
#   description: Standard error of right ascension (ra_error)
#   meta: !!omap
#   - {ucd: ERROR}
#   - {width: 7}
#   - {precision: '4'}
# - name: e_DE_ICRS
#   unit: mas
#   datatype: float64
#   format: '{:7.4f}'
#   description: Standard error of declination (dec_error)
#   meta: !!omap
#   - {ucd: ERROR}
#   - {width: 7}
#   - {precision: '4'}
# - name: _r_1
#   unit: ''
#   datatype: float64
#   format: '{:8.4f}'
#   description: Distance from center (082.00350625000-01.96170512000)[ICRS], at Epoch=J2016.0
#   meta: !!omap
#   - {ucd: POS_ANG_DIST_GENERAL}
#   - {width: 8}
#   - {precision: '4'}
# - name: HIP
#   datatype: int32
#   description: '? HIP cross-id number, van Leeuwen, Cat. I/311 (hip_original_ext_source_id)'
#   meta: !!omap
#   - {ucd: ID_NUMBER}
#   - {width: 6}
#   - values: {'null': -2147483648}
# - name: TYC2
#   datatype: string
#   description: Tycho-2 cross-id name, Hog et al., Cat. I/259 (tyc2_original_ext_source_id)
#   meta: !!omap
#   - {ucd: ID_CROSSID}
#   - {_votable_string_dtype: char}
# - name: Source
#   datatype: int64
#   description: Source identifier, identical to the Gaia-EDR3 source_id (id)
#   meta: !!omap
#   - {ucd: ID_MAIN}
#   - {width: 19}
# - name: rgeo
#   unit: pc
#   datatype: float64
#   format: '{:15.8f}'
#   description: '? Median of the geometric distance posterior (r_med_geo)'
#   meta: !!omap
#   - {ucd: PHYS_DISTANCE_TRUE}
#   - {width: 15}
#   - {precision: '8'}
#   - values: {'null': .nan}
# - name: Plx
#   unit: mas
#   datatype: float64
#   format: '{:9.4f}'
#   description: '? Parallax (parallax)'
#   meta: !!omap
#   - {ucd: POS_PARLX_TRIG}
#   - {width: 9}
#   - {precision: '4'}
#   - values: {'null': .nan}
# - name: e_Plx
#   unit: mas
#   datatype: float32
#   format: '{:7.4f}'
#   description: '? Standard error of parallax (parallax_error)'
#   meta: !!omap
#   - {ucd: ERROR}
#   - {width: 7}
#   - {precision: '4'}
#   - values: {'null': .nan}
# - name: pmRA
#   unit: mas / yr
#   datatype: float64
#   format: '{:9.3f}'
#   description: '? Proper motion in right ascension direction, pmRA*cosDE (pmra)'
#   meta: !!omap
#   - {ucd: POS_EQ_PMRA}
#   - {width: 9}
#   - {precision: '3'}
#   - values: {'null': .nan}
# - name: pmDE
#   unit: mas / yr
#   datatype: float64
#   format: '{:9.3f}'
#   description: '? Proper motion in declination direction (pmdec)'
#   meta: !!omap
#   - {ucd: POS_EQ_PMDEC}
#   - {width: 9}
#   - {precision: '3'}
#   - values: {'null': .nan}
# - name: e_pmRA
#   unit: mas / yr
#   datatype: float32
#   format: '{:6.3f}'
#   description: '? Standard error of proper motion in right ascension direction (pmra_error)'
#   meta: !!omap
#   - {ucd: ERROR}
#   - {width: 6}
#   - {precision: '3'}
#   - values: {'null': .nan}
# - name: e_pmDE
[...]
#       distance: !astropy.table.SerializedColumn
#         __class__: astropy.coordinates.distances.Distance
#         unit: !astropy.units.Unit {unit: pc}
#         value: !astropy.table.SerializedColumn {name: SkyCoord.distance}
#       frame: icrs
#       obstime: !astropy.time.Time {format: jyear_str, in_subfmt: '*', jd1: 367701545.0, jd2: 0.0, out_subfmt: '*', precision: 3, scale: tt}
#       pm_dec: !astropy.table.SerializedColumn
#         __class__: astropy.units.quantity.Quantity
#         unit: !astropy.units.Unit {unit: mas / yr}
#         value: !astropy.table.SerializedColumn {name: SkyCoord.pm_dec}
#       pm_ra_cosdec: !astropy.table.SerializedColumn
#         __class__: astropy.units.quantity.Quantity
#         unit: !astropy.units.Unit {unit: mas / yr}
#         value: !astropy.table.SerializedColumn {name: SkyCoord.pm_ra_cosdec}
#       ra: !astropy.table.SerializedColumn
#         __class__: astropy.coordinates.angles.Longitude
#         unit: *id001
#         value: !astropy.table.SerializedColumn {name: SkyCoord.ra}
#         wrap_angle: !astropy.coordinates.Angle
#           unit: *id001
#           value: 360.0
#       representation_type: spherical
# schema: astropy-2.0
RA_ICRS_1 DE_ICRS_1 e_RA_ICRS e_DE_ICRS _r_1 HIP TYC2 Source rgeo Plx e_Plx pmRA pmDE e_pmRA e_pmDE RUWE Teff logg Gmag BP-RP BPmag RPmag RV e_RV b_rgeo B_rgeo FG e_FG FBP e_FBP FRP e_FRP RAVE5 RAVE6 e_Gmag e_BPmag e_RPmag e_BP-RP SkyCoord.ra SkyCoord.dec SkyCoord.distance SkyCoord.pm_ra_cosdec SkyCoord.pm_dec rmRA rmDE e_rmRA e_rmDE rRV e_rRV v_pec v_pec3d e_vpec e_vpec3d Pmemb
81.74652044865 -2.36065467025 0.0351 0.0281 28.4673 25480 4757-1587-1 3217072174202699264 343.731842 2.8777 0.0519 1.185 -1.122 0.047 0.035 1.017 "" "" 6.579845 -0.248401 6.483184 6.731585 "" "" 338.424469 351.230286 43955056.20369 15043.0 34845000.0 22863.0 16089000.0 8588.2 "" "" 0.0027802624980081416 0.002879678 0.0038235607 0.006703239 81.74652044865 -2.36065467025 343.731842 1.1849999999999998 -1.1220000000000003 0.09598880767822271 0.12904498863220204 0.26284447 0.25084448 "" "" 0.26203940692058125 "" 0.06686818269093532 "" 0.9
82.62146214024 -0.84742874133 0.019 0.0167 76.4439 "" 4766-662-1 3220707468880621568 345.100098 2.8777 0.0249 1.485 -1.19 0.021 0.019 1.006 10240.7 4.1678 9.292233 0.023084 9.292092 9.269009 16.87 0.54 342.164703 347.598236 3614545.02375 860.4 2621700.0 1083.1 1554400.0 382.85 "" "" 0.002767414701101719 0.0028259945 0.003788831 0.0066148257 82.62146214024 -0.84742874133 345.100098 1.485 -1.19 0.39598880767822275 0.0610449886322022 0.23684448 0.23484448 3.862499999999999 5.598036 0.6553999931965951 3.917710479486978 0.15519756826562264 5.519206354149708 0.8
81.33594689232 -2.17524887555 0.0249 0.0186 42.0281 "" 4757-431-1 3220092532644062720 347.606964 2.8617 0.0374 1.418 -1.662 0.031 0.025 1.993 6357.5 3.5334 10.207284 0.725842 10.37514 9.649298 22.48 0.92 343.278412 352.025513 1556084.74849 493.98 966850.0 2002.8 1095100.0 4419.4 "" "" 0.0027767940412904884 0.0035837635 0.005786384 0.009370147 81.33594689232 -2.17524887555 347.606964 1.4179999999999997 -1.662000000000002 0.3289888076782226 -0.4109550113677978 0.24684449 0.24084449 9.472499999999998 5.978036 0.8673590403341908 9.512127414771598 0.21094650623480893 5.9531625720053825 0.9
82.30638739215 -1.796243209 0.0148 0.012 20.6992 "" 4753-1747-1 3217211812178947072 339.162018 2.9218 0.0215 0.804 -1.278 0.018 0.015 1.187 7007.2 4.0174 10.297378 0.499105 10.478164 9.979059 22.53 1.03 336.729553 341.450195 1432173.42441 598.61 879330.0 935.46 808230.0 514.68 "" "" 0.0027924418656290737 0.0030197962 0.0038421028 0.006861899 82.30638739215 -1.796243209 339.162018 0.8039999999999999 -1.278 -0.2850111923217773 -0.026955011367797876 0.23384449 0.23084448 9.522499999999999 6.0880356 0.46023654640002765 9.533615469938056 0.10761161750061042 6.0809396164652565 0.9
82.34456912643 -1.53163387027 0.0125 0.0113 32.9277 "" 4753-1510-1 3220227978731772928 361.917816 2.7318 0.0162 1.311 -1.272 0.015 0.014 0.977 "" "" 10.731713 0.797741 11.045807 10.248066 23.48 0.69 359.450531 364.557404 959978.51707 267.27 521310.0 441.79 630860.0 399.48 "" "" 0.002771852107473324 0.00293797 0.0038414078 0.006779378 82.34456912643 -1.53163387027 361.917816 1.311 -1.2720000000000014 0.2219888076782226 -0.02095501136779787 0.23084448 0.22984448 10.472499999999998 5.748036 0.382512608227337 10.47948339115306 0.0882975540834481 5.744206395698381 0.9
81.85248840939 -1.46173877751 0.0135 0.0106 31.3354 "" 4753-1372-1 3220192072805949824 353.307007 2.7979 0.0191 1.175 -1.146 0.016 0.013 1.218 6317.9 4.0264 10.744271 0.664037 10.995964 10.331927 18.2 3.83 350.881531 355.887817 948938.56628 184.33 545800.0 289.43 583970.0 226.63 "" "" 0.0027633800625456203 0.0028489537 0.0038027975 0.006651751 81.85248840939 -1.46173877751 353.307007 1.1750000000000003 -1.146 0.0859888076782227 0.10504498863220224 0.23184448 0.22884448 5.192499999999997 8.888036 0.2273400110215783 5.197474360745925 0.05230022206418551 8.87952957264321 0.9
81.75355259683 -1.29932086897 0.0139 0.0107 42.4764 "" 4753-1586-1 3220302676802812928 346.745087 2.8501 0.0186 1.118 -1.098 0.018 0.013 1.276 "" "" 10.921832 0.769989 11.221963 10.451974 21.82 0.48 344.519958 348.933075 805775.09176 204.72 443230.0 228.02 522840.0 227.09 "" "" 0.0027690940470481516 0.002845529 0.003808689 0.006654218 81.75355259683 -1.29932086897 346.745087 1.1180000000000014 -1.098 0.02898880767822276 0.15304498863220206 0.23384449 0.22884448 8.812499999999998 5.538036 0.25601297521563404 8.816217947253728 0.0586319580888856 5.535700648646196 1.0
82.3243960443 -1.72758229304 0.0174 0.0145 23.8251 "" 4753-1700-1 3220215162549378176 351.370453 2.8167 0.0237 1.19 -1.265 0.021 0.018 1.305 "" "" 11.049373 0.861242 11.395437 10.534195 25.47 2.15 347.534668 354.752838 716469.19165 819.51 377780.0 1264.3 484710.0 1235.2 "" "" 0.0030222616397591233 0.004581266 0.0046839057 0.009265171 82.3243960443 -1.72758229304 351.370453 1.19 -1.2650000000000012 0.1009888076782226 -0.013955011367797754 0.23684448 0.23384449 12.462499999999997 7.208036 0.16979469077499532 12.463656625846818 0.04020545029209944 7.207367061829455 0.9
82.32820849511 -1.31031268019 0.0157 0.0154 43.6665 "" 4753-1628-1 3220244986802246400 357.510468 2.758 0.0224 0.749 -1.294 0.019 0.017 1.072 5740.4 4.1009 11.291587 0.792629 11.604404 10.811775 23.34 0.99 354.501709 360.532623 573207.54109 259.31 311640.0 259.98 375360.0 220.43 "" "" 0.0027987563634805203 0.0029335034 0.0038327873 0.0067662904 82.32820849511 -1.31031268019 357.510468 0.7490000000000001 -1.2940000000000003 -0.34001119232177734 -0.04295501136779789 0.23484448 0.23284449 10.332499999999998 6.0480356 0.5807626627940803 10.348808700545954 0.13637073272925707 6.038509364286945 0.9
81.75814420016 -1.51483608178 0.0181 0.0142 30.5846 "" 4753-1633-1 3220189976861927808 337.069397 2.9369 0.0259 1.109 -1.257 0.023 0.017 1.528 "" "" 11.580762 1.096926 12.036449 10.939524 32.26 3.93 334.536591 339.503601 439179.45328 411.62 209330.0 517.59 333690.0 646.95 "" "" 0.0029372277770508912 0.003871963 0.0043260544 0.008198017 81.75814420016 -1.51483608178 337.069397 1.109 -1.257 0.019988807678222642 -0.005955011367797747 0.23884448 0.23284449 19.252499999999998 8.988036 0.033323420905985314 19.25252883910009 0.0079430046538247 8.988022692187705 0.8
81.51155699144 -2.11165075454 0.0108 0.0089 30.8398 "" "" 3220094147551736832 327.172791 3.0425 0.0176 0.915 -1.239 0.014 0.01 1.149 4858.8 4.1359 12.596564 1.281539 13.163103 11.881564 17.5 9.22 325.166748 329.103302 172314.23243 242.88 74161.0 345.0 140130.0 497.92 "" "" 0.0031517940009987764 0.0057703145 0.00540067 0.011170985 81.51155699144 -2.11165075454 327.172791 0.915 -1.239 -0.1740111923217773 0.012044988632202047 0.22984448 0.22584449 4.492499999999998 14.278036 0.27050210459374385 4.500636359292942 0.06216830090128677 14.252224428235957 0.9
82.26887694222 -1.70873551259 0.0129 0.0105 21.9917 "" "" 3220216124622055296 353.818329 2.8051 0.0173 1.582 -1.029 0.016 0.013 0.97 4944.4 4.2544 12.912131 1.232736 13.455194 12.222458 15.89 5.62 352.049713 355.739441 128852.95254 289.38 56668.0 508.06 102370.0 663.82 "" "" 0.0036793214089772203 0.010126214 0.007990746 0.018116958 82.26887694222 -1.70873551259 353.818329 1.582000000000002 -1.0289999999999986 0.49298880767822273 0.22204498863220223 0.23184448 0.22884448 2.8824999999999985 10.678036 0.9067848011293529 3.021765200269404 0.20977673471633948 10.186107711066864 0.8
82.93966577466 -1.39866458812 0.0219 0.019 65.5251 "" "" 3217251738194837888 355.795349 2.7902 0.0274 1.242 -1.48 0.026 0.021 1.698 "" "" 12.935576 1.444698 13.589716 12.145018 21.04 7.87 352.711395 358.615112 126100.40603 189.91 50065.0 286.86 109940.0 392.95 "" "" 0.003203978922889639 0.0068180542 0.0054169428 0.012234997 82.93966577466 -1.39866458812 355.795349 1.2419999999999998 -1.4799999999999998 0.15298880767822265 -0.22895501136779783 0.24184448 0.23684448 8.032499999999997 12.928036 0.46439507235263233 8.045913188273 0.11071134049996754 12.90648523638527 0.8
82.22721434854 -1.68503938384 0.0119 0.0094 21.3433 "" "" 3220216085967483136 354.218109 2.797 0.0162 1.203 -0.964 0.015 0.011 0.989 4790.0 4.2002 12.961289 1.317645 13.549566 12.231921 "" "" 352.322266 356.384308 123149.05819 196.01 51951.0 280.32 101480.0 427.02 "" "" 0.003252407440804206 0.006488973 0.0059293075 0.01241828 82.22721434854 -1.68503938384 354.218109 1.203000000000001 -0.9639999999999993 0.11398880767822273 0.2870449886322022 0.23084448 0.22684449 "" "" 0.5185571140105089 "" 0.11791651388992169 "" 0.9
81.39444927587 -2.27151267085 0.01 0.0081 40.9772 "" "" 3214074458828380928 355.807831 2.7676 0.0157 0.987 -1.273 0.013 0.01 1.089 4663.6 4.1589 13.244196 1.385956 13.869251 12.483295 19.28 2.19 353.523895 357.823181 94900.46057 63.601 38701.0 98.963 80508.0 137.66 "" "" 0.00284978203147746 0.0039361394 0.004210735 0.008146875 81.39444927587 -2.27151267085 355.807831 0.987 -1.273 -0.10201119232177736 -0.02195501136779776 0.22884448 0.22584449 6.272499999999999 7.248036 0.17598433053729115 6.2749682656245085 0.040249816610127775 7.2451849728377935 1.0
81.91587475033 -1.97701127082 0.0092 0.0074 5.3344 "" "" 3220110777665192832 346.117889 2.8482 0.0134 0.832 -1.365 0.012 0.009 1.023 "" "" 13.329815 1.426427 13.976743 12.550316 25.01 2.83 344.747589 347.754395 87704.27811 79.705 35053.0 109.94 75689.0 211.57 "" "" 0.0029266677552146144 0.004402396 0.004847102 0.009249497 81.91587475033 -1.97701127082 346.117889 0.8319999999999996 -1.3649999999999978 -0.2570111923217774 -0.11395501136779784 0.22784448 0.22484449 12.0025 7.888036 0.46124027325734096 12.011359158716157 0.10486496814819578 7.882218863346501 0.8
81.98340127156 -1.97502247163 0.0103 0.008 1.4463 "" "" 3220111430500213632 355.836334 2.7702 0.015 0.961 -1.093 0.014 0.01 1.038 4590.7 4.2317 13.601965 1.427827 14.248164 12.820337 24.48 2.45 354.039917 357.606293 68259.12448 92.548 27299.0 134.03 59023.0 207.15 "" "" 0.0031239079420883526 0.00601671 0.005366939 0.011383649 81.98340127156 -1.97502247163 355.836334 0.9609999999999997 -1.093 -0.12801119232177738 0.15804498863220218 0.22984448 0.22584449 11.472499999999998 7.5080357 0.3430406504419233 11.477627504752697 0.0780203105849615 7.504681889122719 1.0
81.87029066285 -2.09225445445 0.0103 0.0084 11.1876 "" "" 3220085385818557184 348.649078 2.8215 0.0151 1.376 -1.225 0.013 0.01 1.027 4321.5 4.1282 13.688394 1.508277 14.382676 12.874399 23.56 3.41 347.137604 350.480713 63036.09527 43.382 24118.0 56.021 56156.0 89.538 "" "" 0.002854840986283462 0.003761011 0.0041569965 0.007918008 81.87029066285 -2.09225445445 348.649078 1.376 -1.2249999999999999 0.28698880767822255 0.02604498863220206 0.22884448 0.22584449 10.552499999999997 8.468036 0.47622581238271533 10.563240377572571 0.10897005317929985 8.45942708648154 0.9
81.54040587135 -2.11790245548 0.0113 0.0097 29.3073 "" "" 3220082362161609344 353.585266 2.7882 0.0176 1.202 -1.391 0.015 0.011 1.132 4558.7 4.1908 13.702447 1.568253 14.43265 12.864396 18.78 4.0 350.973969 355.372772 62225.44553 50.621 23033.0 76.722 56676.0 124.04 "" "" 0.0028934291050188516 0.0045677605 0.00446432 0.00903208 81.54040587135 -2.11790245548 353.585266 1.2019999999999997 -1.3909999999999993 0.11298880767822261 -0.13995501136779787 0.23084448 0.22684449 5.772499999999999 9.058036 0.30146413976107733 5.780366500280227 0.06886381751038656 9.045709483271944 0.8
81.003164262 -2.21158272068 0.0112 0.0089 61.8261 "" "" 3214130774439447552 356.401428 2.7636 0.0153 0.574 -1.327 0.015 0.011 0.996 4595.9 4.1379 13.726073 1.678503 14.523732 12.845229 21.38 3.24 354.463501 358.084686 60885.99076 125.5 21180.0 155.71 57685.0 316.73 "" "" 0.0035496782715692845 0.008455666 0.0070584984 0.015514164 81.003164262 -2.21158272068 356.401428 0.574 -1.327 -0.5150111923217774 -0.07595501136779781 0.23084448 0.22684449 8.372499999999997 8.298036 0.8794415560689313 8.418561260722695 0.2029399803568064 8.252661034267078 0.9
82.22505690674 -1.28738455901 0.0131 0.0116 42.5853 "" "" 3220248594574575616 343.016418 2.8801 0.0176 1.163 -1.094 0.016 0.013 1.006 4494.6 4.1325 13.732343 1.691225 14.537668 12.846443 -13.39 4.23 340.603546 345.193787 60535.43363 138.06 20910.0 163.35 57621.0 327.63 "" "" 0.0037044925229597733 0.008928967 0.0072384444 0.016167412 82.22505690674 -1.28738455901 343.016418 1.163 -1.0939999999999988 0.07398880767822269 0.15704498863220206 0.23184448 0.22884448 -26.3975 9.288036 0.2822582599521441 26.399008996083758 0.06474788081252161 9.287505457971204 0.9
81.66632904764 -2.13213098078 0.0109 0.009 22.6565 "" "" 3220087069445757184 357.362946 2.7526 0.0148 1.212 -1.418 0.015 0.012 1.074 4583.6 4.2101 13.808033 1.501825 14.497591 12.995766 24.29 3.22 355.568542 359.281006 56459.03735 62.192 21696.0 90.974 50217.0 128.92 "" "" 0.0030036922213184003 0.005339611 0.004696076 0.010035686 81.66632904764 -2.13213098078 357.362946 1.212 -1.4180000000000004 0.12298880767822262 -0.16695501136779778 0.23084448 0.22784448 11.282499999999997 8.278036 0.35125556489220644 11.28796645644678 0.08040390068849361 8.274027667140915 0.9
81.80926884933 -2.13862786569 0.0146 0.0117 15.7586 "" "" 3220085007861443328 342.446991 2.8824 0.0222 1.014 -1.072 0.019 0.014 1.36 4367.4 4.1406 13.875224 1.606378 14.630871 13.024493 20.58 2.51 339.988861 345.291626 53070.95729 50.038 19190.0 70.976 48906.0 127.69 "" "" 0.002939340921648447 0.0048898733 0.0047243726 0.009614246 81.80926884933 -2.13862786569 342.446991 1.0139999999999998 -1.072 -0.07501119232177733 0.17904498863220208 0.23484448 0.22984448 7.572499999999996 7.568036 0.31510040832842506 7.579053009270266 0.07266150202136482 7.56149319905381 1.0
81.33489983224 -1.97696717568 0.0126 0.0101 40.1031 "" "" 3220146477433274880 347.324738 2.8368 0.0192 1.065 -1.01 0.017 0.013 1.184 "" "" 13.922383 1.648359 14.696484 13.048124 17.73 4.42 345.412231 349.464355 50815.18356 40.017 18064.0 46.706 47853.0 109.37 "" "" 0.0028849342087580274 0.0039580013 0.0045212326 0.008479234 81.33489983224 -1.97696717568 347.324738 1.065 -1.01 -0.024011192321777397 0.24104498863220214 0.23284449 0.22884448 4.722499999999998 9.478036 0.39880100036958394 4.739308861837954 0.09127921594502802 9.444423389947984 0.9
82.04473521104 -1.77120002601 0.0202 0.017 11.6946 "" "" 3220123147170971520 340.012177 2.8992 0.0295 0.337 -0.693 0.026 0.02 1.161 5907.8 4.3574 14.027037 1.3719 14.408504 13.036605 17.73 3.96 336.852875 343.322205 46145.80292 52.176 23551.0 545.71 48363.0 380.36 "" "" 0.0030164271411714356 0.025312295 0.00933798 0.034650274 82.04473521104 -1.77120002601 340.012177 0.33699999999999997 -0.6930000000000008 -0.7520111923217774 0.5580449886322022 0.24184448 0.23584448 4.722499999999998 9.018036 1.509233807688663 4.957801219923042 0.3618100877712695 8.590738756161208 0.8
82.51404572434 -0.88113587308 0.0156 0.0136 71.7022 "" "" 3220332737278017920 343.498718 2.8584 0.0209 0.918 -1.311 0.018 0.016 1.171 "" "" 14.030055 2.341121 15.262875 12.921754 -19.97 4.62 341.193268 346.412537 46017.67332 49.807 10722.0 52.146 53760.0 141.92 "" "" 0.0029954542226837202 0.005972271 0.004743302 0.010715572 82.51404572434 -0.88113587308 343.498718 0.917999999999999 -1.311 -0.1710111923217773 -0.059955011367797795 0.23384449 0.23184448 -32.9775 9.678036 0.2950538432215454 32.978819915521534 0.06893236806798485 9.67764841047438 0.8
82.87288568805 -2.08340006579 0.0156 0.0132 52.6391 "" "" 3217139313131295488 358.63739 2.7463 0.0204 1.384 -1.31 0.019 0.016 1.124 "" "" 14.0758 1.790031 14.942972 13.152942 -10.07 7.65 356.397369 361.298004 44119.12749 107.27 14396.0 121.63 43449.0 229.18 "" "" 0.0038158199198742456 0.009588198 0.006861585 0.016449783 82.87288568805 -2.08340006579 358.63739 1.384 -1.31 0.29498880767822255 -0.058955011367797905 0.23484448 0.23184448 -23.0775 12.708036 0.5113803258767823 23.083165209470167 0.12003628368244558 12.704917818175801 0.9
82.58564780996 -2.0570985856 0.0255 0.0206 35.3731 "" "" 3217188962953290752 356.709503 2.7663 0.0336 0.899 -1.182 0.032 0.025 1.949 "" "" 14.152285 2.120013 15.230968 13.110955 57.43 5.21 351.750824 360.624908 41118.09538 60.054 11042.0 63.76 45162.0 153.21 "" "" 0.003179052576031727 0.006862231 0.005277357 0.012139589 82.58564780996 -2.0570985856 356.709503 0.8989999999999999 -1.182 -0.19001119232177732 0.06904498863220221 0.24784449 0.24084449 44.4225 10.268036 0.341824444280384 44.42381512433064 0.0844437065405964 10.267731933901835 0.8
