Clusters/ASCC_19/ASCC_19_members.tsv
# %ECSV 1.0
# ---
# datatype:
# - name: RA_ICRS_1
#   unit: deg
#   datatype: float64
#   format: '{:15.11f}'
#   description: Right ascension (ICRS) at Ep=2016.0 (ra)
#   meta: !!omap
#   - {ucd: POS_EQ_RA_MAIN}
#   - {width: 15}
#   - {precision: '11'}
# - name: DE_ICRS_1
#   unit: deg
#   datatype: float64
#   format: '{:15.11f}'
#   description: Declination (ICRS) at Ep=2016.0 (dec)
#   meta: !!omap
#   - {ucd: POS_EQ_DEC_MAIN}
#   - {width: 15}
#   - {precision: '11'}
# - name: e_RA_ICRS
#   unit: mas
#   datatype: float64
#   format: '{:7.4f}'
#   description: Standard error of right ascension (ra_error)
#   meta: !!omap
#   - {ucd: ERROR}
#   - {width: 7}
#   - {precision: '4'}
# - name: e_DE_ICRS
#   unit: mas
#   datatype: float64
#   format: '{:7.4f}'
#   description: Standard error of declination (dec_error)
#   meta: !!omap
#   - {ucd: ERROR}
#   - {width: 7}
#   - {precision: '4'}
# - name: _r_1
#   unit: ''
#   datatype: float64
#   format: '{:8.4f}'
#   description: Distance from center (082.00350625000-01.96170512000)[ICRS], at Epoch=J2016.0
#   meta: !!omap
#   - {ucd: POS_ANG_DIST_GENERAL}
#   - {width: 8}
#   - {precision: '4'}
# - name: HIP
#   datatype: int32
#   description: '? HIP cross-id number, van Leeuwen, Cat. I/311 (hip_original_ext_source_id)'
#   meta: !!omap
#   - {ucd: ID_NUMBER}
#   - {width: 6}
#   - values: {'null': -2147483648}
# - name: TYC2
#   datatype: string
#   description: Tycho-2 cross-id name, Hog et al., Cat. I/259 (tyc2_original_ext_source_id)
#   meta: !!omap
#   - {ucd: ID_CROSSID}
#   - {_votable_string_dtype: char}
# - name: Source
#   datatype: int64
#   description: Source identifier, identical to the Gaia-EDR3 source_id (id)
#   meta: !!omap
#   - {ucd: ID_MAIN}
#   - {width: 19}
# - name: rgeo
#   unit: pc
#   datatype: float64
#   format: '{:15.8f}'
#   description: '? Median of the geometric distance posterior (r_med_geo)'
#   meta: !!omap
#   - {ucd: PHYS_DISTANCE_TRUE}
#   - {width: 15}
#   - {precision: '8'}
#   - values: {'null': .nan}
# - name: Plx
#   unit: mas
#   datatype: float64
#   format: '{:9.4f}'
#   description: '? Parallax (parallax)'
#   meta: !!omap
#   - {ucd: POS_PARLX_TRIG}
#   - {width: 9}
#   - {precision: '4'}
#   - values: {'null': .nan}
# - name: e_Plx
#   unit: mas
#   datatype: float32
#   format: '{:7.4f}'
#   description: '? Standard error of parallax (parallax_error)'
#   meta: !!omap
#   - {ucd: ERROR}
#   - {width: 7}
#   - {precision: '4'}
#   - values: {'null': .nan}
# - name: pmRA
#   unit: mas / yr
#   datatype: float64
#   format: '{:9.3f}'
#   description: '? Proper motion in right ascension direction, pmRA*cosDE (pmra)'
#   meta: !!omap
#   - {ucd: POS_EQ_PMRA}
#   - {width: 9}
#   - {precision: '3'}
#   - values: {'null': .nan}
# - name: pmDE
#   unit: mas / yr
#   datatype: float64
#   format: '{:9.3f}'
#   description: '? Proper motion in declination direction (pmdec)'
#   meta: !!omap
#   - {ucd: POS_EQ_PMDEC}
#   - {width: 9}
#   - {precision: '3'}
#   - values: {'null': .nan}
# - name: e_pmRA
#   unit: mas / yr
#   datatype: float32
#   format: '{:6.3f}'
#   description: '? Standard error of proper motion in right ascension direction (pmra_error)'
#   meta: !!omap
#   - {ucd: ERROR}
#   - {width: 6}
#   - {precision: '3'}
#   - values: {'null': .nan}
# - name: e_pmDE
[...]
#       distance: !astropy.table.SerializedColumn
#         __class__: astropy.coordinates.distances.Distance
#         unit: !astropy.units.Unit {unit: pc}
#         value: !astropy.table.SerializedColumn {name: SkyCoord.distance}
#       frame: icrs
#       obstime: !astropy.time.Time {format: jyear_str, in_subfmt: '*', jd1: 367701545.0, jd2: 0.0, out_subfmt: '*', precision: 3, scale: tt}
#       pm_dec: !astropy.table.SerializedColumn
#         __class__: astropy.units.quantity.Quantity
#         unit: !astropy.units.Unit {unit: mas / yr}
#         value: !astropy.table.SerializedColumn {name: SkyCoord.pm_dec}
#       pm_ra_cosdec: !astropy.table.SerializedColumn
#         __class__: astropy.units.quantity.Quantity
#         unit: !astropy.units.Unit {unit: mas / yr}
#         value: !astropy.table.SerializedColumn {name: SkyCoord.pm_ra_cosdec}
#       ra: !astropy.table.SerializedColumn
#         __class__: astropy.coordinates.angles.Longitude
#         unit: *id001
#         value: !astropy.table.SerializedColumn {name: SkyCoord.ra}
#         wrap_angle: !astropy.coordinates.Angle
#           unit: *id001
#           value: 360.0
#       representation_type: spherical
# schema: astropy-2.0
RA_ICRS_1 DE_ICRS_1 e_RA_ICRS e_DE_ICRS _r_1 HIP TYC2 Source rgeo Plx e_Plx pmRA pmDE e_pmRA e_pmDE RUWE Teff logg Gmag BP-RP BPmag RPmag RV e_RV b_rgeo B_rgeo FG e_FG FBP e_FBP FRP e_FRP RAVE5 RAVE6 e_Gmag e_BPmag e_RPmag e_BP-RP SkyCoord.ra SkyCoord.dec SkyCoord.distance SkyCoord.pm_ra_cosdec SkyCoord.pm_dec rmRA rmDE e_rmRA e_rmDE rRV e_rRV v_pec v_pec3d e_vpec e_vpec3d Pmemb
[from data line 59]
81.8600312982 -1.76541503811 0.0332 0.0249 14.5854 "" "" 3220129744240753920 361.361053 2.7173 0.0479 0.953 -1.01 0.043 0.031 0.984 3495.5 4.0169 15.943395 2.5207 17.29727 14.77657 "" "" 354.95816 366.690002 7899.30334 5.4448 1646.3 10.524 9739.3 19.778 "" "" 0.0028551444523656783 0.007480427 0.00437551 0.011855938 81.8600312982 -1.76541503811 361.361053 0.953 -1.01 -0.13601119232177739 0.24104498863220214 0.2588445 0.24684449 "" "" 0.4740661830471876 "" 0.11841947994396511 "" 0.8
82.41037579758 -1.84378549465 0.0345 0.0299 25.4038 "" "" 3217207757729817600 363.519165 2.7101 0.051 1.115 -0.954 0.043 0.039 1.033 "" "" 15.943725 2.448577 17.251543 14.802966 "" "" 356.716309 368.976807 7896.904 18.26 1717.1 21.189 9505.4 73.364 "" "" 0.003727550362341105 0.013685422 0.009192705 0.022878127 82.41037579758 -1.84378549465 363.519165 1.115 -0.954 0.025988807678222647 0.2970449886322022 0.2588445 0.2548445 "" "" 0.5137877571889354 "" 0.1309517109312095 "" 0.9
83.01902949727 -2.02183098168 0.0342 0.0317 61.0013 "" "" 3217145287435004672 334.78949 2.9252 0.0452 1.412 -1.314 0.041 0.036 1.06 3567.4 4.3772 15.953668 2.697594 17.450941 14.753347 "" "" 329.772095 341.103302 7824.91902 5.3169 1429.0 12.327 9949.9 17.553 "" "" 0.0028523759741023733 0.009772671 0.004237032 0.014009703 83.01902949727 -2.02183098168 334.78949 1.412 -1.314 0.3229888076782226 -0.06295501136779791 0.2568445 0.25184447 "" "" 0.5221971715122955 "" 0.13402879843449858 "" 1.0
81.8514960794 -1.42356961266 0.0316 0.0235 33.5505 "" "" 3220286218488140032 353.064819 2.781 0.0446 1.068 -1.174 0.041 0.031 0.965 3528.5 4.1335 16.009853 2.527199 17.379372 14.852173 "" "" 347.554657 358.741394 7430.27778 6.1623 1526.4 10.508 9084.2 28.281 "" "" 0.0028987253880408083 0.007978196 0.0050703995 0.013048596 81.8514960794 -1.42356961266 353.064819 1.0679999999999998 -1.174 -0.021011192321777283 0.07704498863220222 0.2568445 0.24684449 "" "" 0.1336455895771177 "" 0.03308393118370931 "" 1.0
83.04672721649 -2.55725803956 0.0352 0.0285 72.0323 "" "" 3216830659601929216 361.36734 2.7225 0.0504 0.973 -0.975 0.044 0.037 1.043 3523.1 4.1378 16.025915 2.531311 17.399282 14.867971 "" "" 355.730011 367.387177 7321.17116 6.952 1498.7 13.245 8953.0 21.092 "" "" 0.0029418914338104705 0.0099928025 0.004563581 0.014556384 83.04672721649 -2.55725803956 361.36734 0.9729999999999999 -0.975 -0.11601119232177737 0.27604498863220217 0.25984448 0.25284448 "" "" 0.5128911831684951 "" 0.13022694308994165 "" 0.8
80.72275681927 -1.45141891741 0.0312 0.0238 82.6879 "" "" 3220379573898223232 344.940247 2.8578 0.0469 1.034 -1.292 0.04 0.029 1.06 3635.1 4.4523 16.035135 2.547417 17.423664 14.876247 "" "" 338.177826 350.827423 7259.26169 4.899 1465.4 7.9738 8885.0 13.754 "" "" 0.002851082448327979 0.006533635 0.004136249 0.010669883 80.72275681927 -1.45141891741 344.940247 1.0339999999999996 -1.292 -0.055011192321777314 -0.04095501136779789 0.25584447 0.24484448 "" "" 0.11213335805293635 "" 0.028255016272082163 "" 0.8
81.64442190521 -2.03674207432 0.0309 0.025 21.9976 "" "" 3220089062310575488 356.029205 2.7671 0.047 1.091 -1.247 0.042 0.03 1.073 3486.6 4.0968 16.13245 2.6141 17.567919 14.953819 "" "" 350.176514 361.132812 6636.92765 7.3412 1283.1 11.073 8272.4 31.201 "" "" 0.0030056723021726524 0.0097763855 0.0055725505 0.0153489355 81.64442190521 -2.03674207432 356.029205 1.0909999999999997 -1.2469999999999999 0.001988807678222626 0.00404498863220204 0.25784448 0.24584448 "" "" 0.007606709755320264 "" 0.0018881839980167399 "" 0.9
81.64135650222 -2.11613946529 0.0303 0.0235 23.6095 "" "" 3220087340027096960 345.578217 2.8492 0.0404 0.821 -1.244 0.042 0.029 1.011 3529.2 4.2266 16.189661 2.529717 17.566195 15.036478 "" "" 340.985291 350.610291 6296.25634 7.0178 1285.1 10.238 7666.0 29.564 "" "" 0.003009364924341437 0.009088612 0.0056405645 0.014729177 81.64135650222 -2.11613946529 345.578217 0.8209999999999997 -1.244 -0.2680111923217774 0.007044988632202154 0.25784448 0.24484448 "" "" 0.4391648988442934 "" 0.11323240128003155 "" 0.8
83.04361212539 -1.84901986513 0.0414 0.0359 62.7372 "" "" 3217175493935675392 363.884705 2.7139 0.0516 1.282 -1.329 0.049 0.041 1.101 3559.5 4.2906 16.199038 2.756823 17.740465 14.983642 "" "" 357.157196 369.736115 6242.11078 4.2697 1094.5 6.992 8048.2 15.492 "" "" 0.002853652701872441 0.007476185 0.0043187453 0.01179493 83.04361212539 -1.84901986513 363.884705 1.282 -1.329 0.19298880767822268 -0.07795501136779781 0.26484448 0.2568445 "" "" 0.3590002131285046 "" 0.09468160514661979 "" 1.0
82.18924697729 -2.41573913322 0.0284 0.0229 29.4304 "" "" 3217059117502250752 345.123596 2.8452 0.0403 0.869 -1.333 0.038 0.029 1.006 3574.7 4.393 16.204784 2.644181 17.667963 15.023782 "" "" 340.127075 350.00882 6209.16501 3.8174 1170.1 6.4562 7756.1 13.542 "" "" 0.0028350239883233484 0.0066086045 0.0042281565 0.010836761 82.18924697729 -2.41573913322 345.123596 0.8689999999999998 -1.3330000000000013 -0.22001119232177735 -0.08195501136779781 0.25384447 0.24484448 "" "" 0.38407293113058427 "" 0.09708017767367295 "" 0.8
81.86738036895 -1.66734606042 0.0341 0.0256 19.4569 "" "" 3220140258320517248 348.677673 2.8246 0.0538 1.004 -1.19 0.043 0.032 1.068 3571.0 4.4851 16.208647 2.634353 17.65999 15.025638 "" "" 340.453522 353.95575 6187.10744 5.3145 1178.7 10.03 7742.9 17.409 "" "" 0.002908873777640247 0.009651061 0.0044992156 0.014150277 81.86738036895 -1.66734606042 348.677673 1.0040000000000002 -1.19 -0.08501119232177734 0.0610449886322022 0.2588445 0.24784449 "" "" 0.17297240534517147 "" 0.04413483892986277 "" 0.8
83.17530349002 -2.56842519923 0.0423 0.0363 79.1241 "" "" 3216818805492175616 362.458282 2.7211 0.0519 1.126 -1.262 0.05 0.04 1.063 3486.7 4.2284 16.223629 3.190737 18.10606 14.915323 "" "" 356.044464 369.514404 6102.32593 6.4286 781.61 9.8554 8570.9 34.17 "" "" 0.002983293317850745 0.013971595 0.005746312 0.019717908 83.17530349002 -2.56842519923 362.458282 1.1259999999999997 -1.2619999999999998 0.036988807678222546 -0.010955011367797862 0.2658445 0.25584447 "" "" 0.06627728494954792 "" 0.0175669298832349 "" 0.8
80.72856891818 -2.42195461015 0.0393 0.0309 81.2753 "" "" 3214104489239773440 356.540833 2.7553 0.0464 0.989 -1.346 0.053 0.039 1.035 3455.9 4.0117 16.262747 2.693349 17.755325 15.061976 "" "" 350.958344 364.053101 5886.38031 5.8156 1079.7 14.004 7488.0 16.165 "" "" 0.0029567606396616575 0.014356043 0.004447187 0.01880323 80.72856891818 -2.42195461015 356.540833 0.989 -1.3459999999999999 -0.10001119232177735 -0.09495501136779794 0.2688445 0.2548445 "" "" 0.2330654769250673 "" 0.06113318708525427 "" 0.8
81.5248078778 -2.27608144939 0.0342 0.0274 34.3455 "" "" 3220075730732118016 354.878815 2.7812 0.0474 1.358 -1.448 0.047 0.034 1.072 3468.6 4.0243 16.267904 2.711235 17.777195 15.06596 "" "" 348.872131 361.345703 5858.47893 8.9164 1058.1 13.556 7460.6 36.252 "" "" 0.003212847395948678 0.014187139 0.006489765 0.020676903 81.5248078778 -2.27608144939 354.878815 1.3579999999999999 -1.448 0.26898880767822275 -0.1969550113677978 0.26284447 0.24984449 "" "" 0.5607971957423835 "" 0.14489970418981282 "" 0.8
82.64505225396 -2.3982845603 0.0354 0.0274 46.5372 "" "" 3217027266024896256 353.629852 2.7856 0.0532 1.234 -1.405 0.048 0.033 0.981 3509.5 4.2539 16.298931 2.866824 17.92456 15.057736 "" "" 345.88678 359.340332 5693.43831 7.3643 923.83 10.697 7517.3 28.421 "" "" 0.0030925783477234715 0.01287761 0.005579773 0.018457383 82.64505225396 -2.3982845603 353.629852 1.2339999999999995 -1.405 0.14498880767822264 -0.15395501136779788 0.2638445 0.24884447 "" "" 0.35448437268036104 "" 0.09074958838197641 "" 1.0
81.23232833274 -2.65194505497 0.0356 0.0271 62.0696 "" "" 3214057347678706176 353.159485 2.7894 0.0512 0.96 -1.35 0.046 0.034 1.029 3428.3 4.0073 16.31949 2.792686 17.89207 15.099385 "" "" 347.093506 360.491364 5586.64127 7.9203 951.89 10.598 7234.4 28.011 "" "" 0.0031561281752553417 0.012406025 0.0056529944 0.018059019 81.23232833274 -2.65194505497 353.159485 0.9600000000000001 -1.35 -0.12901119232177738 -0.09895501136779794 0.2618445 0.24984449 "" "" 0.2721741908082173 "" 0.07007527862778297 "" 0.8
82.09259614116 -2.05126857862 0.036 0.0271 7.5773 "" "" 3217107461653926016 349.224121 2.8138 0.0537 0.638 -1.524 0.05 0.033 1.042 3460.7 4.1371 16.38271 2.699944 17.889957 15.190013 "" "" 343.266815 356.168152 5270.63408 4.0523 953.75 8.8868 6655.1 16.467 "" "" 0.002878996037234514 0.010494328 0.0046369084 0.015131237 82.09259614116 -2.05126857862 349.224121 0.638 -1.5240000000000005 -0.45101119232177733 -0.2729550113677979 0.2658445 0.24884447 "" "" 0.8726477746963703 "" 0.22810626065276599 "" 0.8
81.62576289309 -2.25095245042 0.0359 0.0292 28.5338 "" "" 3220077173841120256 362.485443 2.719 0.0516 1.293 -1.46 0.047 0.035 1.049 3511.3 4.4029 16.393631 2.65379 17.860159 15.206368 "" "" 355.229675 369.660004 5217.88648 4.5132 980.29 8.8954 6555.6 18.165 "" "" 0.002910963397189518 0.010239717 0.004830599 0.015070315 81.62576289309 -2.25095245042 362.485443 1.2929999999999986 -1.46 0.20398880767822258 -0.20895501136779782 0.26284447 0.25084448 "" "" 0.5017371847573616 "" 0.12883118297944446 "" 0.9
80.93785616428 -2.24847040727 0.04 0.0297 66.1719 "" "" 3214130293403123712 345.905243 2.8394 0.0508 0.969 -1.307 0.05 0.037 1.03 3565.9 4.3179 16.396149 2.864229 18.025913 15.161684 "" "" 339.671417 351.491577 5205.79814 18.432 841.5 16.719 6831.0 62.489 "" "" 0.004729682472545811 0.021751205 0.010626921 0.032378126 80.93785616428 -2.24847040727 345.905243 0.9689999999999999 -1.307 -0.12001119232177737 -0.05595501136779779 0.2658445 0.25284448 "" "" 0.2171059109770351 "" 0.05722263263089533 "" 0.9
81.91455173762 -1.60790461184 0.0435 0.0327 21.8881 "" "" 3220142010667158912 341.100525 2.9074 0.0653 1.322 -1.261 0.053 0.042 1.006 3471.5 4.4051 16.580978 3.200935 18.465807 15.264872 "" "" 332.632019 347.758942 4390.91621 3.0522 561.17 8.9267 6211.7 18.436 "" "" 0.002856813253863387 0.017495057 0.0049666525 0.022461709 81.91455173762 -1.60790461184 341.100525 1.322 -1.261 0.23298880767822272 -0.00995501136779775 0.2688445 0.25784448 "" "" 0.377043847143238 "" 0.10135875537847533 "" 0.8
81.77726679158 -1.92523283164 0.0556 0.0436 13.7419 "" "" 3220114900833805824 373.343994 2.6446 0.0818 1.394 -1.781 0.076 0.054 1.515 3428.7 4.2379 16.721708 2.931027 18.372486 15.441459 "" "" 362.852264 382.316833 3857.12347 6.9753 611.54 12.336 5279.3 22.682 "" "" 0.003383340449400379 0.02207851 0.0060036415 0.028082151 81.77726679158 -1.92523283164 373.343994 1.3940000000000001 -1.781000000000001 0.30498880767822256 -0.5299550113677978 0.2918445 0.26984447 "" "" 1.0820519266664403 "" 0.2980861099695467 "" 0.8
81.72327383826 -2.10869301832 0.0454 0.0351 18.9771 "" "" 3220084664264064768 349.934692 2.8156 0.0654 0.977 -1.463 0.061 0.044 1.12 3354.2 4.0703 16.76608 2.948846 18.462898 15.514052 "" "" 341.150055 359.896881 3702.66511 2.9971 562.67 7.6783 4937.8 12.939 "" "" 0.002892084683060205 0.015076592 0.004730549 0.019807141 81.72327383826 -2.10869301832 349.934692 0.977 -1.463 -0.11201119232177736 -0.21195501136779793 0.27684447 0.25984448 "" "" 0.3976411842795076 "" 0.10483780847712978 "" 0.8
81.15304807144 -2.77864486545 0.0524 0.0394 70.7242 "" "" 3211030323448002176 348.047638 2.8192 0.0689 1.026 -1.767 0.069 0.049 1.044 "" "" 16.788227 3.504178 18.93224 15.428062 "" "" 340.132721 355.628235 3627.90189 4.1991 365.19 7.4365 5344.8 16.092 "" "" 0.0030283718784304262 0.022284612 0.0049969484 0.02728156 81.15304807144 -2.77864486545 348.047638 1.026 -1.7670000000000001 -0.06301119232177732 -0.5159550113677978 0.2848445 0.26484448 "" "" 0.8575187372287169 "" 0.2273704996616733 "" 0.8
81.75813862174 -2.21599027476 0.0459 0.0359 21.195 "" "" 3220082671399246464 363.38559 2.6985 0.0689 1.357 -1.569 0.063 0.046 1.07 3412.5 4.1101 16.792486 2.806364 18.374483 15.568119 "" "" 354.330322 373.193237 3613.69938 3.1643 610.41 5.8267 4698.0 12.225 "" "" 0.002914729253648105 0.010732965 0.0047186743 0.015451639 81.75813862174 -2.21599027476 363.38559 1.356999999999999 -1.569 0.26798880767822264 -0.3179550113677978 0.27884448 0.2618445 "" "" 0.7162429432462207 "" 0.19269494641688445 "" 0.9
82.10601850014 -2.27094634733 0.0413 0.0338 19.5461 "" "" 3217065164816019072 359.155243 2.7469 0.0627 0.992 -1.179 0.057 0.04 1.084 3386.5 4.1187 16.795244 2.915037 18.466183 15.551146 "" "" 350.039551 365.571136 3604.53154 2.3993 560.98 6.3661 4772.0 9.8046 "" "" 0.002848524091906725 0.012633098 0.004388626 0.017021725 82.10601850014 -2.27094634733 359.155243 0.992 -1.1790000000000014 -0.09701119232177735 0.0720449886322021 0.2728445 0.25584447 "" "" 0.20571290946990356 "" 0.054910025067566565 "" 0.8
81.47161575653 -1.85255287814 0.0423 0.0335 32.5612 "" "" 3220155101727568000 340.215515 2.8824 0.062 0.869 -1.397 0.058 0.042 1.054 "" "" 16.797567 2.908548 18.46298 15.554432 "" "" 333.002625 347.520874 3596.82637 2.3922 562.63 6.5748 4757.6 11.866 "" "" 0.0028483731661464603 0.012990903 0.004649379 0.017640281 81.47161575653 -1.85255287814 340.215515 0.8689999999999991 -1.3970000000000014 -0.22001119232177735 -0.14595501136779787 0.27384448 0.25784448 "" "" 0.42576809470921745 "" 0.11455538256728955 "" 0.8
82.26250737254 -1.19697223285 0.0569 0.0502 48.4422 "" "" 3220249621071442688 342.726685 2.873 0.0686 0.93 -1.073 0.07 0.057 1.009 3439.2 4.4142 16.834995 3.142403 18.66835 15.525948 "" "" 333.189392 349.774597 3474.95138 2.761 465.67 10.929 4884.0 15.453 "" "" 0.0028872096453712473 0.02563389 0.005107332 0.030741222 82.26250737254 -1.19697223285 342.726685 0.93 -1.073 -0.1590111923217773 0.1780449886322022 0.28584448 0.2728445 "" "" 0.38779743068591477 "" 0.10807431610663569 "" 1.0
82.81209350813 -2.39484101527 0.0502 0.0423 55.0064 "" "" 3217025067001618048 356.59494 2.7693 0.068 1.266 -1.246 0.064 0.051 0.99 "" "" 16.919127 2.856361 18.544119 15.687758 "" "" 348.732452 363.562408 3215.85471 2.6613 522.12 10.189 4207.8 10.847 "" "" 0.0028981209703444664 0.021370709 0.0047028996 0.026073609 82.81209350813 -2.39484101527 356.59494 1.2660000000000005 -1.246000000000002 0.17698880767822267 0.005044988632202152 0.2798445 0.26684448 "" "" 0.29927861423731866 "" 0.08374838667204398 "" 0.9
81.7459182624 -2.05811842197 0.0451 0.0355 16.4935 "" "" 3220089337188475264 361.454926 2.7184 0.0623 0.899 -1.397 0.061 0.044 0.978 "" "" 16.946127 2.992245 18.676344 15.684099 "" "" 353.690948 369.079865 3136.86717 2.3187 462.25 7.901 4222.0 10.383 "" "" 0.002869821923252242 0.018766504 0.004627441 0.023393944 81.7459182624 -2.05811842197 361.454926 0.8989999999999999 -1.397 -0.19001119232177732 -0.14595501136779787 0.27684447 0.25984448 "" "" 0.41050208174075153 "" 0.1111067694644454 "" 0.9
82.24686053744 -1.90766193591 0.0512 0.0383 14.9488 "" "" 3217116322170668800 332.924133 2.9732 0.0753 1.019 -1.049 0.064 0.047 1.01 "" "" 16.990309 2.886888 18.629545 15.742657 "" "" 324.094147 340.93634 3011.77844 2.8554 482.61 10.808 4000.3 12.364 "" "" 0.002941322172562419 0.02447451 0.0050541908 0.029528702 82.24686053744 -1.90766193591 332.924133 1.019 -1.0489999999999997 -0.07001119232177744 0.20204498863220222 0.2798445 0.26284447 "" "" 0.3374384081698608 "" 0.08932639742127604 "" 0.8
