Clusters/ASCC_19/ASCC_19_stars_in_region.tsv
# %ECSV 1.0
# ---
# datatype:
# - name: RA_ICRS_1
#   unit: deg
#   datatype: float64
#   format: '{:15.11f}'
#   description: Right ascension (ICRS) at Ep=2016.0 (ra)
#   meta: !!omap
#   - {ucd: POS_EQ_RA_MAIN}
#   - {width: 15}
#   - {precision: '11'}
# - name: DE_ICRS_1
#   unit: deg
#   datatype: float64
#   format: '{:15.11f}'
#   description: Declination (ICRS) at Ep=2016.0 (dec)
#   meta: !!omap
#   - {ucd: POS_EQ_DEC_MAIN}
#   - {width: 15}
#   - {precision: '11'}
# - name: e_RA_ICRS
#   unit: mas
#   datatype: float64
#   format: '{:7.4f}'
#   description: Standard error of right ascension (ra_error)
#   meta: !!omap
#   - {ucd: ERROR}
#   - {width: 7}
#   - {precision: '4'}
# - name: e_DE_ICRS
#   unit: mas
#   datatype: float64
#   format: '{:7.4f}'
#   description: Standard error of declination (dec_error)
#   meta: !!omap
#   - {ucd: ERROR}
#   - {width: 7}
#   - {precision: '4'}
# - name: _r_1
#   unit: ''
#   datatype: float64
#   format: '{:8.4f}'
#   description: Distance from center (082.00350625000-01.96170512000)[ICRS], at Epoch=J2016.0
#   meta: !!omap
#   - {ucd: POS_ANG_DIST_GENERAL}
#   - {width: 8}
#   - {precision: '4'}
# - name: HIP
#   datatype: int32
#   description: '? HIP cross-id number, van Leeuwen, Cat. I/311 (hip_original_ext_source_id)'
#   meta: !!omap
#   - {ucd: ID_NUMBER}
#   - {width: 6}
#   - values: {'null': -2147483648}
# - name: TYC2
#   datatype: string
#   description: Tycho-2 cross-id name, Hog et al., Cat. I/259 (tyc2_original_ext_source_id)
#   meta: !!omap
#   - {ucd: ID_CROSSID}
#   - {_votable_string_dtype: char}
# - name: Source
#   datatype: int64
#   description: Source identifier, identical to the Gaia-EDR3 source_id (id)
#   meta: !!omap
#   - {ucd: ID_MAIN}
#   - {width: 19}
# - name: rgeo
#   unit: pc
#   datatype: float64
#   format: '{:15.8f}'
#   description: '? Median of the geometric distance posterior (r_med_geo)'
#   meta: !!omap
#   - {ucd: PHYS_DISTANCE_TRUE}
#   - {width: 15}
#   - {precision: '8'}
#   - values: {'null': .nan}
# - name: Plx
#   unit: mas
#   datatype: float64
#   format: '{:9.4f}'
#   description: '? Parallax (parallax)'
#   meta: !!omap
#   - {ucd: POS_PARLX_TRIG}
#   - {width: 9}
#   - {precision: '4'}
#   - values: {'null': .nan}
# - name: e_Plx
#   unit: mas
#   datatype: float32
#   format: '{:7.4f}'
#   description: '? Standard error of parallax (parallax_error)'
#   meta: !!omap
#   - {ucd: ERROR}
#   - {width: 7}
#   - {precision: '4'}
#   - values: {'null': .nan}
# - name: pmRA
#   unit: mas / yr
#   datatype: float64
#   format: '{:9.3f}'
#   description: '? Proper motion in right ascension direction, pmRA*cosDE (pmra)'
#   meta: !!omap
#   - {ucd: POS_EQ_PMRA}
#   - {width: 9}
#   - {precision: '3'}
#   - values: {'null': .nan}
# - name: pmDE
#   unit: mas / yr
#   datatype: float64
#   format: '{:9.3f}'
#   description: '? Proper motion in declination direction (pmdec)'
#   meta: !!omap
#   - {ucd: POS_EQ_PMDEC}
#   - {width: 9}
#   - {precision: '3'}
#   - values: {'null': .nan}
# - name: e_pmRA
#   unit: mas / yr
#   datatype: float32
#   format: '{:6.3f}'
#   description: '? Standard error of proper motion in right ascension direction (pmra_error)'
#   meta: !!omap
#   - {ucd: ERROR}
#   - {width: 6}
#   - {precision: '3'}
#   - values: {'null': .nan}
# - name: e_pmDE
[...]
#         unit: &id001 !astropy.units.Unit {unit: deg}
#         value: !astropy.table.SerializedColumn {name: SkyCoord.dec}
#       distance: !astropy.table.SerializedColumn
#         __class__: astropy.coordinates.distances.Distance
#         unit: !astropy.units.Unit {unit: pc}
#         value: !astropy.table.SerializedColumn {name: SkyCoord.distance}
#       frame: icrs
#       obstime: !astropy.time.Time {format: jyear_str, in_subfmt: '*', jd1: 367701545.0, jd2: 0.0, out_subfmt: '*', precision: 3, scale: tt}
#       pm_dec: !astropy.table.SerializedColumn
#         __class__: astropy.units.quantity.Quantity
#         unit: !astropy.units.Unit {unit: mas / yr}
#         value: !astropy.table.SerializedColumn {name: SkyCoord.pm_dec}
#       pm_ra_cosdec: !astropy.table.SerializedColumn
#         __class__: astropy.units.quantity.Quantity
#         unit: !astropy.units.Unit {unit: mas / yr}
#         value: !astropy.table.SerializedColumn {name: SkyCoord.pm_ra_cosdec}
#       ra: !astropy.table.SerializedColumn
#         __class__: astropy.coordinates.angles.Longitude
#         unit: *id001
#         value: !astropy.table.SerializedColumn {name: SkyCoord.ra}
#         wrap_angle: !astropy.coordinates.Angle
#           unit: *id001
#           value: 360.0
#       representation_type: spherical
# schema: astropy-2.0
RA_ICRS_1 DE_ICRS_1 e_RA_ICRS e_DE_ICRS _r_1 HIP TYC2 Source rgeo Plx e_Plx pmRA pmDE e_pmRA e_pmDE RUWE Teff logg Gmag BP-RP BPmag RPmag RV e_RV b_rgeo B_rgeo FG e_FG FBP e_FBP FRP e_FRP RAVE5 RAVE6 e_Gmag e_BPmag e_RPmag e_BP-RP SkyCoord.ra SkyCoord.dec SkyCoord.distance SkyCoord.pm_ra_cosdec SkyCoord.pm_dec
[from data line 755]
83.92422217806 -1.74310206664 0.012 0.0102 115.927 "" "" 3217351278357286656 411.255066 2.3901 0.0146 -5.935 -4.114 0.014 0.012 1.089 "" "" 13.30595 1.644542 14.074431 12.42989 38.24 4.85 408.678314 413.576263 89653.37996 156.36 32036.0 188.68 84567.0 361.85 "" "" 0.0033432661360546646 0.0069767954 0.0059888507 0.012965646 83.92422217806 -1.74310206664 411.255066 -5.935 -4.114
83.78793251813 -1.33503030446 0.0106 0.0099 113.4338 "" "" 3217569978092331392 401.480896 2.4493 0.0135 -0.485 -0.837 0.013 0.011 1.0 4909.8 4.2562 13.309786 1.186784 13.817706 12.630922 27.79 10.67 399.325989 403.79953 89337.23028 152.92 40582.0 297.24 70273.0 350.81 "" "" 0.0033235085489306546 0.008427673 0.0066076675 0.015035341 83.78793251813 -1.33503030446 401.480896 -0.485 -0.8369999999999999
81.59540512657 0.00432354236 0.0133 0.0109 120.4753 "" "" 3221011930522505600 352.708282 2.7932 0.0162 1.801 -0.097 0.015 0.013 0.974 4737.6 4.2714 13.312241 1.340372 13.908356 12.567984 18.95 2.36 351.048706 354.858673 89135.44341 71.321 37331.0 125.97 74467.0 149.01 "" "" 0.0028890316328076503 0.0046051997 0.0043593384 0.008964539 81.59540512657 0.00432354236 352.708282 1.801 -0.09699999999999999
83.32704665643 -1.56240466498 0.0128 0.0118 82.9116 "" "" 3217187313685505920 364.238953 2.7024 0.0154 1.504 -1.266 0.016 0.013 1.064 4595.5 4.1288 13.313092 1.463133 13.977219 12.514086 -1.92 4.63 361.787994 366.34201 89065.57237 230.89 35037.0 329.3 78257.0 783.84 "" "" 0.003938764740676808 0.010579017 0.011512991 0.022092007 83.32704665643 -1.56240466498 364.238953 1.5039999999999998 -1.266
80.42522038958 -1.15940745411 0.0172 0.0126 106.198 "" "" 3220447228222914560 402.042419 2.4466 0.0256 11.73 -15.651 0.021 0.016 2.171 "" "" 13.313292 1.105147 13.776978 12.67183 -14.29 3.34 397.80304 405.877167 89049.12813 11.482 42133.0 22.823 67675.0 32.782 "" "" 0.0027588744034817026 0.0028514815 0.0038158007 0.0066672824 80.42522038958 -1.15940745411 402.042419 11.730000000000002 -15.651000000000002
82.88567193437 -1.31508363624 0.0167 0.0143 65.6086 "" "" 3217256342399774464 398.671875 2.4703 0.0225 3.84 1.807 0.02 0.016 1.414 5055.1 4.3278 13.314618 1.05369 13.755485 12.701795 66.21 3.49 394.987701 402.480652 88940.46634 27.051 42976.0 47.628 65833.0 58.448 "" "" 0.0027750382138900737 0.0030385673 0.003900373 0.00693894 82.88567193437 -1.31508363624 398.671875 3.8400000000000003 1.807
82.55792337721 -1.66662538823 0.0115 0.011 37.6684 "" "" 3217219646199274624 396.010986 2.4855 0.0169 -6.646 -17.109 0.013 0.012 1.101 5481.0 4.5016 13.317003 0.937028 13.703467 12.766439 -35.86 1.92 393.676727 398.106567 88745.35611 13.29 45085.0 28.238 62027.0 28.759 "" "" 0.0027601134231284297 0.0028718435 0.0038127606 0.006684604 82.55792337721 -1.66662538823 396.010986 -6.646 -17.109000000000005
81.0436780354 -1.53066940105 0.0094 0.0071 63.1057 "" "" 3220365864362746240 325.412292 3.0333 0.013 1.021 -0.291 0.013 0.009 1.047 4531.5 4.2154 13.317039 1.458208 13.981807 12.523599 18.92 1.86 323.93399 327.239136 88742.36393 90.232 34889.0 143.39 77574.0 225.2 "" "" 0.0029682520530984052 0.005262774 0.004921218 0.010183992 81.0436780354 -1.53066940105 325.412292 1.0210000000000001 -0.29100000000000004
83.98186858472 -2.64677359712 0.0117 0.0119 125.5257 "" "" 3216873055222638208 325.795776 3.0302 0.0166 9.977 -22.229 0.013 0.014 0.913 "" "" 13.317786 1.052402 13.762877 12.710474 -13.17 1.53 324.188873 327.410217 88681.35576 17.499 42684.0 35.483 65308.0 41.577 "" "" 0.0027636369461112222 0.0029325204 0.00384207 0.0067745904 83.98186858472 -2.64677359712 325.795776 9.977 -22.229
83.57549888856 -2.18626636938 0.0484 0.0436 95.2158 "" "" 3216948857101341568 402.080841 2.4309 0.0452 7.878 -53.287 0.054 0.048 4.779 "" "" 13.320745 0.984755 13.728948 12.744193 9.42 1.58 395.601868 409.562012 88439.97891 14.151 44039.0 30.511 63311.0 37.089 "" "" 0.0027607915252649854 0.0028897887 0.0038325298 0.0067223185 83.57549888856 -2.18626636938 402.080841 7.878 -53.28700000000001
82.54671054824 -2.32879093071 0.0118 0.0092 39.3176 "" "" 3217034584648999552 402.168213 2.4517 0.0166 6.755 -5.775 0.016 0.011 1.017 5130.2 4.3937 13.326991 1.012528 13.747339 12.734811 23.57 3.69 399.587891 404.438202 87932.67878 108.37 43299.0 191.12 63861.0 217.91 "" "" 0.003063046817260159 0.005545457 0.0052923844 0.010837842 82.54671054824 -2.32879093071 402.168213 6.755000000000001 -5.775
83.09733764756 -1.88252743464 0.0191 0.0181 65.7648 "" "" 3217172191113063296 365.38031 2.6893 0.0228 1.444 0.674 0.025 0.021 1.661 "" "" 13.327935 1.635579 14.083045 12.447466 11.56 3.55 362.658417 368.740295 87856.28785 87.432 31783.0 137.4 83209.0 209.13 "" "" 0.00295960370110555 0.0054603983 0.004661548 0.010121946 83.09733764756 -1.88252743464 365.38031 1.4439999999999997 0.6740000000000002
81.91587475033 -1.97701127082 0.0092 0.0074 5.3344 "" "" 3220110777665192832 346.117889 2.8482 0.0134 0.832 -1.365 0.012 0.009 1.023 "" "" 13.329815 1.426427 13.976743 12.550316 25.01 2.83 344.747589 347.754395 87704.27811 79.705 35053.0 109.94 75689.0 211.57 "" "" 0.0029266677552146144 0.004402396 0.004847102 0.009249497 81.91587475033 -1.97701127082 346.117889 0.8319999999999997 -1.3649999999999995
82.47788212344 -2.48505391352 0.0225 0.0177 42.3664 "" "" 3217030908157027200 288.376434 3.4345 0.0347 -19.793 3.944 0.03 0.022 2.267 5108.8 4.5334 13.332235 1.054432 13.776448 12.722016 31.07 1.6 284.595154 291.828217 87508.9951 12.676 42154.0 26.302 64618.0 27.736 "" "" 0.002759805094512629 0.0028712333 0.0038080062 0.0066792397 82.47788212344 -2.48505391352 288.376434 -19.793 3.944
82.45795003989 -1.45917456221 0.0113 0.0096 40.644 "" "" 3220230070380992512 400.25119 2.4549 0.0141 0.091 -0.179 0.013 0.011 1.065 4790.2 4.1558 13.333345 1.330413 13.919351 12.588938 40.75 4.57 398.450165 402.035645 87419.54436 208.86 36955.0 312.84 73044.0 422.41 "" "" 0.003784264632654636 0.0096053975 0.0073284763 0.016933873 82.45795003989 -1.45917456221 400.25119 0.09099999999999998 -0.17899999999999996
83.03804235802 -1.44031365659 0.0132 0.0122 69.4852 "" "" 3217239025091787008 414.963593 2.3681 0.0153 -0.579 0.511 0.015 0.013 1.107 4877.8 4.221 13.335142 1.210638 13.847791 12.637153 27.27 2.59 412.205292 417.634094 87275.02329 147.0 39473.0 219.35 69871.0 302.82 "" "" 0.0033069736233986486 0.006647324 0.0060354024 0.012682727 83.03804235802 -1.44031365659 414.963593 -0.5790000000000001 0.5110000000000001
82.51145810238 -2.14963796184 0.0194 0.0159 32.4778 "" "" 3217092652604660992 309.95047 3.189 0.0267 -2.956 -4.596 0.025 0.019 1.8 5533.6 4.6209 13.335618 1.01248 13.663784 12.651304 17.27 2.86 307.320953 312.984924 87236.7418 101.5 46763.0 543.35 68966.0 659.7 "" "" 0.003031105679314719 0.012920285 0.01105199 0.023972275 82.51145810238 -2.14963796184 309.95047 -2.956 -4.596000000000001
82.66327439619 -3.10535025665 0.0093 0.0078 79.1989 "" "" 3216770216524999424 366.583588 2.6847 0.0133 4.723 -5.152 0.012 0.01 0.98 5475.1 4.5165 13.341552 0.992469 13.755004 12.762535 12.52 1.81 365.053406 368.763733 86761.27148 10.995 42995.0 18.909 62251.0 24.818 "" "" 0.002758753523032886 0.0028307342 0.0038040888 0.006634823 82.66327439619 -3.10535025665 366.583588 4.723000000000001 -5.152
80.86500429707 -3.83474896286 0.0092 0.0077 131.4678 "" "" 3210811864231545216 408.35733 2.4047 0.0125 1.265 -18.289 0.012 0.009 1.008 5417.9 4.4457 13.343868 1.057217 13.790931 12.733714 -41.89 1.24 406.363159 410.47345 86576.35838 10.158 41595.0 21.899 63925.0 32.736 "" "" 0.002758263485635569 0.0028481218 0.0038200615 0.006668183 80.86500429707 -3.83474896286 408.35733 1.2650000000000001 -18.288999999999998
81.18339196865 -0.44906071582 0.0107 0.0082 103.2339 "" "" 3220597861315279872 345.828949 2.8473 0.0139 1.207 -0.957 0.014 0.01 1.055 "" "" 13.344504 1.601547 14.027431 12.425883 5.32 4.34 344.334564 347.863617 86525.66944 116.19 33454.0 215.99 84880.0 768.17 "" "" 0.0031172842536474903 0.007544754 0.010527762 0.018072516 81.18339196865 -0.44906071582 345.828949 1.207 -0.957
81.72298885097 -1.1506395078 0.0302 0.0232 51.4903 "" "" 3220309411311403520 387.702148 2.5345 0.0427 -1.466 0.893 0.039 0.028 3.241 "" "" 13.345062 1.504744 14.011107 12.506362 "" "" 382.642761 393.780609 86481.25075 1853.5 33961.0 2534.4 78816.0 4248.2 "" "" 0.023432479047242646 0.081073016 0.05864333 0.13971634 81.72298885097 -1.1506395078 387.702148 -1.466 0.8930000000000001
83.5223242238 -0.78811215665 0.0139 0.0123 115.1425 "" "" 3217671992155280256 311.960571 3.1629 0.0162 1.914 -1.159 0.016 0.014 1.144 "" "" 13.351529 1.816426 14.225082 12.408656 "" "" 310.464996 313.431244 85967.63379 770.94 27886.0 901.98 86237.0 1978.0 "" "" 0.010119006401129433 0.035229087 0.025188455 0.06041754 83.5223242238 -0.78811215665 311.960571 1.914 -1.159
82.92237386214 -2.04473658078 0.0114 0.0102 55.3231 "" "" 3217145738402346752 416.241608 2.3603 0.0154 0.125 -0.156 0.014 0.012 1.068 "" "" 13.354702 1.405259 13.983455 12.578196 21.69 3.7 413.887665 418.406403 85716.76485 250.65 34837.0 362.46 73770.0 546.25 "" "" 0.0042037605363844 0.011635969 0.008883656 0.020519625 82.92237386214 -2.04473658078 416.241608 0.125 -0.15599999999999997
80.33085614406 -1.71031587651 0.0114 0.0088 101.4351 "" "" 3214364523740079744 298.427948 3.3105 0.017 5.277 -5.772 0.014 0.01 1.055 5155.9 4.5752 13.35542 1.125949 13.836308 12.71036 4.81 1.46 297.199188 299.750458 85660.0921 18.054 39893.0 29.6 65315.0 50.002 "" "" 0.0027648063369619343 0.0029041418 0.0038697028 0.0067738444 80.33085614406 -1.71031587651 298.427948 5.277 -5.771999999999999
82.40475789266 -0.62413332477 0.0249 0.0206 83.7857 "" "" 3220729596552127232 321.938873 3.0618 0.0313 5.92 -11.836 0.029 0.025 2.217 5109.1 4.5005 13.356512 1.078118 13.809401 12.731282 26.31 1.85 319.339813 324.886841 85573.99231 16.951 40894.0 44.752 64069.0 37.316 "" "" 0.0027637011569203707 0.0030326205 0.0038319211 0.0068645417 82.40475789266 -0.62413332477 321.938873 5.92 -11.836
83.48402240803 -2.50531439052 0.0123 0.0109 94.566 "" "" 3216916249709922176 368.76474 2.6708 0.0148 -1.033 -3.255 0.015 0.013 1.093 5453.9 4.5083 13.358874 0.995555 13.771831 12.776276 14.18 2.55 366.286835 370.725159 85388.05101 44.113 42334.0 90.289 61468.0 66.287 "" "" 0.0028118339722281913 0.003625908 0.0039565936 0.0075825015 83.48402240803 -2.50531439052 368.76474 -1.033 -3.255
81.49851480233 -1.8941725478 0.0098 0.0081 30.5522 "" "" 3220106413978303360 400.622589 2.4516 0.0144 13.817 8.458 0.013 0.01 1.108 "" "" 13.365741 0.912098 13.736861 12.824763 15.75 2.24 398.867828 402.725098 84849.69305 11.116 43719.0 21.801 58783.0 38.524 "" "" 0.002758989253084922 0.0028422137 0.0038457804 0.006687994 81.49851480233 -1.8941725478 400.622589 13.817000000000002 8.458000000000002
80.89379467862 -3.36745488627 0.0106 0.008 107.4129 "" "" 3210897866656463488 356.936676 2.7612 0.0157 -4.039 -16.545 0.013 0.01 0.98 5463.7 4.5307 13.365924 1.009058 13.786519 12.777461 -33.76 1.64 354.87146 358.765533 84835.42254 13.357 41765.0 29.303 61401.0 28.835 "" "" 0.0027606179642796097 0.0028922902 0.0038136211 0.0067059114 80.89379467862 -3.36745488627 356.936676 -4.039000000000001 -16.545
82.99586257964 -1.73806853957 0.0124 0.0115 61.0043 "" "" 3217224422203086720 413.722626 2.3766 0.0168 0.263 0.05 0.015 0.013 1.111 4931.9 4.2674 13.367217 1.270483 13.928661 12.658178 29.37 2.87 411.235565 416.698456 84734.41627 169.65 36640.0 237.42 68531.0 336.05 "" "" 0.003509582296677421 0.007568441 0.006529097 0.014097538 82.99586257964 -1.73806853957 413.722626 0.263 0.05000000000000001
80.6337996137 -0.75571748462 0.0093 0.007 109.4795 "" "" 3221237674004231424 360.148102 2.7339 0.014 10.777 -21.141 0.012 0.009 1.049 "" "" 13.368313 1.016472 13.785443 12.768971 -27.92 1.26 358.370758 361.776794 84648.93521 10.453 41806.0 20.144 61883.0 24.538 "" "" 0.0027585802825355536 0.002838792 0.0038038236 0.0066426154 80.6337996137 -0.75571748462 360.148102 10.777 -21.141
82.24896275418 -2.49326600817 0.01 0.0083 35.1251 "" "" 3217010872132099712 347.363342 2.8375 0.0145 -9.143 -8.724 0.013 0.01 1.048 5135.5 4.5108 13.370986 1.054192 13.817272 12.763081 7.35 1.32 345.826355 349.354858 84440.78174 12.304 40598.0 21.988 62219.0 28.258 "" "" 0.0027598583322734124 0.0028514622 0.0038114148 0.0066628773 82.24896275418 -2.49326600817 347.363342 -9.142999999999999 -8.724
82.45686099422 -1.14073532344 0.0441 0.0333 56.2648 "" "" 3220274295659038848 335.252899 2.9456 0.0594 11.862 0.557 0.052 0.038 2.987 "" "" 13.372802 1.290651 13.937518 12.646867 78.62 1.98 329.392303 341.873108 84299.7043 16.605 36342.0 38.311 69249.0 31.377 "" "" 0.0027636076232637635 0.003015803 0.0038112653 0.0068270685 82.45686099422 -1.14073532344 335.252899 11.862 0.557
82.74577009594 -3.18522381082 0.0103 0.0088 85.8403 "" "" 3216721842310906112 378.227234 2.6025 0.0148 13.782 -8.732 0.014 0.011 1.071 "" "" 13.373775 1.00251 13.793162 12.790652 78.56 1.68 376.405243 380.431396 84224.19099 15.724 41510.0 24.911 60659.0 33.018 "" "" 0.0027627660189893963 0.002865239 0.00382531 0.0066905487 82.74577009594 -3.18522381082 378.227234 13.782 -8.732
80.94647281179 -0.73300467051 0.0102 0.0076 97.2364 "" "" 3220491002529623040 344.496918 2.8589 0.0138 1.651 -0.364 0.013 0.01 1.038 4655.8 4.2309 13.375303 1.394567 14.002262 12.607696 18.71 1.76 343.218567 345.959503 84105.70524 105.11 34238.0 155.51 71793.0 253.99 "" "" 0.0030713067128941792 0.0056660566 0.0053886916 0.011054749 80.94647281179 -0.73300467051 344.496918 1.6509999999999998 -0.364
82.32517112895 -1.29388515106 0.0119 0.0111 44.4716 "" "" 3220245085585497344 332.066162 2.9687 0.0165 22.246 5.439 0.014 0.012 1.011 "" "" 13.377666 1.078555 13.836894 12.758339 96.92 1.72 330.456757 333.675415 83922.92181 11.306 39871.0 27.11 62492.0 30.632 "" "" 0.0027591998952306265 0.0028861817 0.0038166693 0.006702851 82.32517112895 -1.29388515106 332.066162 22.245999999999995 5.439
80.78811718104 -2.51261553336 0.0101 0.0081 80.0142 "" "" 3214054598899553536 350.915588 2.8078 0.0147 -8.334 10.014 0.013 0.01 1.059 5510.2 4.5342 13.379062 1.02003 13.804501 12.784471 30.24 1.64 348.839081 352.710907 83815.06425 11.361 41079.0 19.683 61006.0 34.248 "" "" 0.002759247789362854 0.0028382542 0.0038282163 0.0066664703 80.78811718104 -2.51261553336 350.915588 -8.333999999999998 10.014
81.9531301262 -3.7735781726 0.0115 0.01 108.7543 "" "" 3210716515957906944 348.501465 2.8269 0.0165 -0.288 -1.435 0.016 0.012 1.285 "" "" 13.379388 1.619686 14.135333 12.515647 16.05 4.41 346.901154 350.594055 83789.89586 111.62 30289.0 163.62 78145.0 272.01 "" "" 0.003111869220769666 0.0064949594 0.0053447746 0.011839734 81.9531301262 -3.7735781726 348.501465 -0.288 -1.435
83.78874018002 -2.68706087525 0.0124 0.0114 115.5357 "" "" 3216850824471916160 357.842621 2.7534 0.0148 1.65 -1.533 0.016 0.013 1.12 "" "" 13.380139 1.825665 14.270563 12.444899 17.96 7.75 356.198395 359.289703 83731.94584 77.748 26742.0 101.31 83406.0 197.05 "" "" 0.002933963659501661 0.00497028 0.0045676515 0.0095379315 83.78874018002 -2.68706087525 357.842621 1.65 -1.5329999999999997
82.91222640117 -2.75073866873 0.0094 0.0079 72.1732 "" "" 3216809665801853056 385.045685 2.5541 0.0141 0.364 -0.953 0.013 0.01 1.079 "" "" 13.381968 1.601563 14.124391 12.522827 24.57 7.48 383.040771 387.026123 83590.98122 201.93 30596.0 256.31 77630.0 477.55 "" "" 0.0038040617641240723 0.009513814 0.0076741907 0.017188005 82.91222640117 -2.75073866873 385.045685 0.364 -0.953
