Clusters/ASCC_19/ASCC_19_stars_in_region.tsv
# %ECSV 1.0
# ---
# datatype:
# - name: RA_ICRS_1
#   unit: deg
#   datatype: float64
#   format: '{:15.11f}'
#   description: Right ascension (ICRS) at Ep=2016.0 (ra)
#   meta: !!omap
#   - {ucd: POS_EQ_RA_MAIN}
#   - {width: 15}
#   - {precision: '11'}
# - name: DE_ICRS_1
#   unit: deg
#   datatype: float64
#   format: '{:15.11f}'
#   description: Declination (ICRS) at Ep=2016.0 (dec)
#   meta: !!omap
#   - {ucd: POS_EQ_DEC_MAIN}
#   - {width: 15}
#   - {precision: '11'}
# - name: e_RA_ICRS
#   unit: mas
#   datatype: float64
#   format: '{:7.4f}'
#   description: Standard error of right ascension (ra_error)
#   meta: !!omap
#   - {ucd: ERROR}
#   - {width: 7}
#   - {precision: '4'}
# - name: e_DE_ICRS
#   unit: mas
#   datatype: float64
#   format: '{:7.4f}'
#   description: Standard error of declination (dec_error)
#   meta: !!omap
#   - {ucd: ERROR}
#   - {width: 7}
#   - {precision: '4'}
# - name: _r_1
#   unit: ''
#   datatype: float64
#   format: '{:8.4f}'
#   description: Distance from center (082.00350625000-01.96170512000)[ICRS], at Epoch=J2016.0
#   meta: !!omap
#   - {ucd: POS_ANG_DIST_GENERAL}
#   - {width: 8}
#   - {precision: '4'}
# - name: HIP
#   datatype: int32
#   description: '? HIP cross-id number, van Leeuwen, Cat. I/311 (hip_original_ext_source_id)'
#   meta: !!omap
#   - {ucd: ID_NUMBER}
#   - {width: 6}
#   - values: {'null': -2147483648}
# - name: TYC2
#   datatype: string
#   description: Tycho-2 cross-id name, Hog et al., Cat. I/259 (tyc2_original_ext_source_id)
#   meta: !!omap
#   - {ucd: ID_CROSSID}
#   - {_votable_string_dtype: char}
# - name: Source
#   datatype: int64
#   description: Source identifier, identical to the Gaia-EDR3 source_id (id)
#   meta: !!omap
#   - {ucd: ID_MAIN}
#   - {width: 19}
# - name: rgeo
#   unit: pc
#   datatype: float64
#   format: '{:15.8f}'
#   description: '? Median of the geometric distance posterior (r_med_geo)'
#   meta: !!omap
#   - {ucd: PHYS_DISTANCE_TRUE}
#   - {width: 15}
#   - {precision: '8'}
#   - values: {'null': .nan}
# - name: Plx
#   unit: mas
#   datatype: float64
#   format: '{:9.4f}'
#   description: '? Parallax (parallax)'
#   meta: !!omap
#   - {ucd: POS_PARLX_TRIG}
#   - {width: 9}
#   - {precision: '4'}
#   - values: {'null': .nan}
# - name: e_Plx
#   unit: mas
#   datatype: float32
#   format: '{:7.4f}'
#   description: '? Standard error of parallax (parallax_error)'
#   meta: !!omap
#   - {ucd: ERROR}
#   - {width: 7}
#   - {precision: '4'}
#   - values: {'null': .nan}
# - name: pmRA
#   unit: mas / yr
#   datatype: float64
#   format: '{:9.3f}'
#   description: '? Proper motion in right ascension direction, pmRA*cosDE (pmra)'
#   meta: !!omap
#   - {ucd: POS_EQ_PMRA}
#   - {width: 9}
#   - {precision: '3'}
#   - values: {'null': .nan}
# - name: pmDE
#   unit: mas / yr
#   datatype: float64
#   format: '{:9.3f}'
#   description: '? Proper motion in declination direction (pmdec)'
#   meta: !!omap
#   - {ucd: POS_EQ_PMDEC}
#   - {width: 9}
#   - {precision: '3'}
#   - values: {'null': .nan}
# - name: e_pmRA
#   unit: mas / yr
#   datatype: float32
#   format: '{:6.3f}'
#   description: '? Standard error of proper motion in right ascension direction (pmra_error)'
#   meta: !!omap
#   - {ucd: ERROR}
#   - {width: 6}
#   - {precision: '3'}
#   - values: {'null': .nan}
# - name: e_pmDE
[...]
#         unit: &id001 !astropy.units.Unit {unit: deg}
#         value: !astropy.table.SerializedColumn {name: SkyCoord.dec}
#       distance: !astropy.table.SerializedColumn
#         __class__: astropy.coordinates.distances.Distance
#         unit: !astropy.units.Unit {unit: pc}
#         value: !astropy.table.SerializedColumn {name: SkyCoord.distance}
#       frame: icrs
#       obstime: !astropy.time.Time {format: jyear_str, in_subfmt: '*', jd1: 367701545.0, jd2: 0.0, out_subfmt: '*', precision: 3, scale: tt}
#       pm_dec: !astropy.table.SerializedColumn
#         __class__: astropy.units.quantity.Quantity
#         unit: !astropy.units.Unit {unit: mas / yr}
#         value: !astropy.table.SerializedColumn {name: SkyCoord.pm_dec}
#       pm_ra_cosdec: !astropy.table.SerializedColumn
#         __class__: astropy.units.quantity.Quantity
#         unit: !astropy.units.Unit {unit: mas / yr}
#         value: !astropy.table.SerializedColumn {name: SkyCoord.pm_ra_cosdec}
#       ra: !astropy.table.SerializedColumn
#         __class__: astropy.coordinates.angles.Longitude
#         unit: *id001
#         value: !astropy.table.SerializedColumn {name: SkyCoord.ra}
#         wrap_angle: !astropy.coordinates.Angle
#           unit: *id001
#           value: 360.0
#       representation_type: spherical
# schema: astropy-2.0
RA_ICRS_1 DE_ICRS_1 e_RA_ICRS e_DE_ICRS _r_1 HIP TYC2 Source rgeo Plx e_Plx pmRA pmDE e_pmRA e_pmDE RUWE Teff logg Gmag BP-RP BPmag RPmag RV e_RV b_rgeo B_rgeo FG e_FG FBP e_FBP FRP e_FRP RAVE5 RAVE6 e_Gmag e_BPmag e_RPmag e_BP-RP SkyCoord.ra SkyCoord.dec SkyCoord.distance SkyCoord.pm_ra_cosdec SkyCoord.pm_dec
[from data line 2844]
82.40337324302 -1.58966800249 0.0541 0.0477 32.7619 "" "" 3220224405318982784 316.347748 3.1148 0.0711 -1.079 1.694 0.069 0.06 1.022 "" "" 16.827995 2.776149 18.382343 15.606195 "" "" 308.275177 323.144012 3497.42957 4.9299 606.01 12.938 4536.1 16.135 "" "" 0.0031518257056757986 0.023347227 0.0054035783 0.028750805 82.40337324302 -1.58966800249 316.347748 -1.0789999999999997 1.6940000000000002
83.13465995875 -1.23861074347 0.0583 0.0542 80.5288 "" "" 3217630382512241408 333.513275 2.9539 0.0727 1.31 -1.121 0.073 0.067 0.992 3434.2 4.242 16.832413 3.029739 18.587843 15.558104 "" "" 324.049591 341.724457 3483.22409 3.853 501.51 10.964 4741.5 17.819 "" "" 0.003005691779759083 0.023899766 0.0055617047 0.02946147 83.13465995875 -1.23861074347 333.513275 1.31 -1.1209999999999998
82.52132333008 -0.24582416444 0.0634 0.0565 107.5367 "" "" 3220931288216714368 348.459534 2.8198 0.0795 -1.224 -0.88 0.085 0.073 1.102 3608.0 4.7276 16.83268 2.495752 18.190039 15.694286 "" "" 338.423615 356.996643 3482.37203 2.2941 723.44 9.7949 4182.6 12.257 "" "" 0.002846643718359964 0.0149626015 0.004940352 0.019902954 82.52132333008 -0.24582416444 348.459534 -1.2240000000000002 -0.8799999999999999
83.92950866155 -2.11583413908 0.0835 0.0692 115.8566 "" "" 3216953736184320000 348.23175 2.8374 0.1039 8.616 -31.812 0.1 0.085 1.44 "" "" 16.83305 2.444812 18.10924 15.664428 "" "" 336.208252 358.929749 3481.18407 6.5646 779.33 9.22 4299.2 12.311 "" "" 0.0034327382707450577 0.013144538 0.0048938757 0.018038414 83.92950866155 -2.11583413908 348.23175 8.616 -31.812
82.74138249245 -1.85444239595 0.0513 0.0468 44.7136 "" "" 3217198927275403648 308.427032 3.1967 0.0654 -2.824 -4.245 0.065 0.056 1.003 "" "" 16.834232 2.646174 18.160845 15.51467 "" "" 302.319153 314.686493 3477.39346 2.8412 743.15 10.85 4935.0 13.384 "" "" 0.002894604433883014 0.016095448 0.0047910614 0.02088651 82.74138249245 -1.85444239595 308.427032 -2.824 -4.245000000000001
82.26250737254 -1.19697223285 0.0569 0.0502 48.4422 "" "" 3220249621071442688 342.726685 2.873 0.0686 0.93 -1.073 0.07 0.057 1.009 3439.2 4.4142 16.834995 3.142403 18.66835 15.525948 "" "" 333.189392 349.774597 3474.95138 2.761 465.67 10.929 4884.0 15.453 "" "" 0.0028872096453712473 0.02563389 0.005107332 0.030741222 82.26250737254 -1.19697223285 342.726685 0.93 -1.073
83.14378826194 -1.94587156137 0.0523 0.0462 68.3837 "" "" 3217135808438138624 419.685486 2.3288 0.0637 0.099 -0.098 0.064 0.054 1.014 3429.3 4.0352 16.83504 2.818818 18.422289 15.603471 "" "" 408.04715 429.246246 3474.81134 3.2425 584.12 9.0969 4547.5 14.815 "" "" 0.0029356871490985137 0.017137568 0.0051764026 0.022313971 83.14378826194 -1.94587156137 419.685486 0.09899999999999999 -0.09799999999999999
81.91657429896 0.01923503238 0.0554 0.0438 118.9708 "" "" 3221014954179803392 347.331757 2.8348 0.0662 0.839 -0.461 0.065 0.052 0.996 3322.8 4.3145 16.835663 3.141163 18.68157 15.540407 "" "" 339.82666 354.06076 3472.81565 4.0856 460.03 12.385 4819.4 18.399 "" "" 0.0030369929134301454 0.029363226 0.0056093526 0.03497258 81.91657429896 0.01923503238 347.331757 0.839 -0.461
82.3801886535 -0.29336500977 0.0521 0.0502 102.619 "" "" 3220932284649156096 330.163483 2.9908 0.0787 4.319 0.598 0.067 0.062 0.929 3600.2 4.6337 16.835821 2.315383 18.06114 15.745757 "" "" 322.623444 337.674225 3472.30544 2.2101 814.63 8.2796 3988.9 9.3221 "" "" 0.0028406617073813986 0.011382301 0.004552143 0.015934445 82.3801886535 -0.29336500977 330.163483 4.319 0.598
82.08333293909 -1.49495607825 0.0676 0.0509 28.4112 "" "" 3220237182847019904 367.030487 2.6976 0.0954 -0.598 -10.325 0.085 0.064 1.245 3576.1 4.7455 16.836191 2.477042 18.141443 15.664401 "" "" 354.415466 381.720367 3471.12621 3.7803 756.55 5.9833 4299.3 9.4816 "" "" 0.0029983262709356744 0.009028669 0.0044740564 0.013502726 82.08333293909 -1.49495607825 367.030487 -0.598 -10.324999999999998
80.50370556456 -1.84147739588 0.0487 0.035 90.2273 "" "" 3214347034632787072 373.112793 2.6458 0.0651 1.573 -0.451 0.061 0.043 1.008 3510.3 4.3316 16.836416 2.898187 18.49611 15.597924 "" "" 364.329071 383.813812 3470.40744 2.3287 545.72 6.5889 4570.8 13.007 "" "" 0.0028500122308532556 0.013402582 0.0048815636 0.018284146 80.50370556456 -1.84147739588 373.112793 1.5729999999999997 -0.4510000000000001
83.10528781359 -1.32011998625 0.0568 0.0549 76.4746 "" "" 3217253456181853568 358.778809 2.7602 0.0774 1.804 -1.101 0.065 0.063 0.937 3467.0 4.2912 16.837843 2.943869 18.534761 15.590893 "" "" 347.61557 367.467621 3465.85039 2.6265 526.64 10.78 4600.5 11.817 "" "" 0.002875548954563594 0.022398818 0.004696963 0.027095782 83.10528781359 -1.32011998625 358.778809 1.8039999999999998 -1.101
81.34639147052 -2.90370929249 0.0521 0.0401 68.8925 "" "" 3211013074857445504 348.460388 2.8464 0.0728 7.999 22.388 0.073 0.05 1.013 3653.9 4.5917 16.838285 2.333797 18.074783 15.740987 "" "" 339.220306 357.836273 3464.43707 2.5323 804.46 8.1184 4006.5 9.3337 "" "" 0.00286733416540446 0.011306641 0.0045476872 0.015854329 81.34639147052 -2.90370929249 348.460388 7.998999999999999 22.388
80.41500359212 -1.33556207825 0.045 0.0316 102.41 "" "" 3220431628901870464 367.372498 2.6867 0.0601 32.419 -14.729 0.062 0.042 0.999 "" "" 16.838907 2.146789 17.944695 15.797906 "" "" 359.475281 376.00882 3462.45114 1.716 906.86 5.6715 3801.9 10.623 "" "" 0.002807371412000388 0.0073411 0.0048463373 0.012187437 80.41500359212 -1.33556207825 367.372498 32.419 -14.729
83.58172058796 -3.06524889002 0.0628 0.0532 115.47 "" "" 3215990117321844992 378.552643 2.598 0.0703 13.337 0.228 0.077 0.063 0.96 3488.4 4.4121 16.839619 2.659011 18.307863 15.648852 "" "" 369.642731 387.796173 3460.18312 3.0141 649.04 10.835 4361.3 11.429 "" "" 0.002913118499721573 0.018338656 0.004730648 0.023069303 83.58172058796 -3.06524889002 378.552643 13.337000000000002 0.22800000000000004
80.54572409304 -2.81311124477 0.0755 0.0521 101.2258 "" "" 3213946640601464704 374.868927 2.6645 0.1044 20.91 -23.911 0.103 0.07 1.51 3477.4 4.4052 16.839933 2.784207 18.378422 15.594214 "" "" 358.383148 393.414581 3459.18051 5.7405 608.2 7.9695 4586.4 11.147 "" "" 0.0032921400539737884 0.01449788 0.0046094595 0.01910734 80.54572409304 -2.81311124477 374.868927 20.909999999999997 -23.911000000000005
80.55316567789 -0.89876742618 0.0487 0.034 107.8658 "" "" 3220483958783212928 408.738708 2.4108 0.068 1.956 1.084 0.067 0.044 1.02 3434.1 4.1171 16.841492 2.820383 18.439867 15.619484 "" "" 394.626984 418.313141 3454.2185 4.7845 574.74 9.6419 4480.9 18.304 "" "" 0.0031390161166698904 0.018426893 0.0058270055 0.0242539 80.55316567789 -0.89876742618 408.738708 1.9559999999999997 1.0839999999999999
82.06320491743 -2.82621704879 0.1416 0.1183 51.994 "" "" 3210990363072343424 359.159973 2.8117 0.2225 0.894 0.184 0.178 0.141 2.789 "" "" 16.841501 3.002245 17.962854 14.960609 "" "" 333.52533 389.812714 3454.19292 7.0788 891.82 8.7107 8220.8 51.945 "" "" 0.0035415508155597275 0.010965657 0.007832611 0.01879827 82.06320491743 -2.82621704879 359.159973 0.8940000000000001 0.184
81.54126257708 -2.47657539654 0.0479 0.0386 41.5016 "" "" 3211065576539482496 330.539185 2.9839 0.0696 1.075 -1.04 0.059 0.045 1.006 3433.4 4.2486 16.842197 3.033395 18.599806 15.566411 "" "" 323.290558 336.792084 3451.97314 2.2381 496.01 11.205 4705.4 8.9808 "" "" 0.002843821841841422 0.024685265 0.004310216 0.02899548 81.54126257708 -2.47657539654 330.539185 1.0749999999999997 -1.04
82.48470700933 0.15794077818 0.2915 0.2315 130.4137 "" "" 3220985641027194368 334.181976 3.1236 0.3394 22.807 16.974 0.375 0.276 6.936 "" "" 16.842508 2.133633 17.8085 15.674868 "" "" 303.753876 378.896393 3450.98772 14.388 1028.1 10.594 4258.1 15.307 "" "" 0.005299317320927952 0.011530584 0.005432967 0.01696355 82.48470700933 0.15794077818 334.181976 22.807000000000002 16.973999999999997
83.61573235334 -1.89976167856 0.0585 0.0488 96.7501 "" "" 3216974936142718976 356.783569 2.7921 0.0686 34.111 -37.776 0.066 0.059 1.029 "" "" 16.84338 1.92421 17.803942 15.879732 "" "" 346.496948 365.317383 3448.21705 2.069 1032.4 11.102 3525.9 13.311 "" "" 0.0028312884596080985 0.012004317 0.00557535 0.017579667 83.61573235334 -1.89976167856 356.783569 34.111 -37.775999999999996
83.9648395254 -2.90609576134 0.0594 0.0557 130.5145 "" "" 3216090516476803840 404.262054 2.4306 0.0723 -1.329 1.044 0.07 0.066 1.05 3415.1 4.0678 16.84373 2.850792 18.430586 15.579794 "" "" 391.700928 416.744568 3447.10337 4.7432 579.67 25.682 4647.7 36.063 "" "" 0.003134283198738978 0.04818387 0.009233483 0.05741735 83.9648395254 -2.90609576134 404.262054 -1.3289999999999997 1.0440000000000003
83.22571431888 -1.66500826502 0.0787 0.0665 75.4265 "" "" 3217184702345441024 404.446686 2.4317 0.075 0.121 -0.576 0.088 0.069 0.966 3482.9 4.301 16.845285 2.870281 18.470285 15.600004 "" "" 390.024017 417.20993 3442.17146 7.0567 558.86 8.4858 4562.0 31.493 "" "" 0.003542053399808949 0.016720397 0.008394147 0.025114544 83.22571431888 -1.66500826502 404.446686 0.12100000000000001 -0.576
83.54960812526 -2.80834226563 0.3303 0.2905 105.6927 "" "" 3216842788589850752 397.10556 2.6744 0.432 -2.512 1.579 0.381 0.346 6.965 "" "" 16.846796 1.008193 16.878551 15.870358 "" "" 337.169434 470.586304 3437.3844 5.9848 2421.0 12.86 3556.4 10.94 "" "" 0.0033414475391244404 0.0064067524 0.0050436626 0.0114504155 83.54960812526 -2.80834226563 397.10556 -2.5120000000000005 1.579
83.75982350704 -2.14571569863 0.056 0.0507 105.8885 "" "" 3216955522890747008 393.468994 2.5022 0.0633 -0.405 -0.819 0.067 0.056 0.985 3490.6 4.4076 16.84721 2.683427 18.34144 15.658013 "" "" 382.873718 405.909912 3436.07346 4.2662 629.28 10.27 4324.7 17.03 "" "" 0.0030674099271025173 0.017937804 0.0057064258 0.02364423 83.75982350704 -2.14571569863 393.468994 -0.405 -0.819
83.8348507373 -1.99516519367 0.0527 0.0448 109.8335 "" "" 3216959439900882304 314.852539 3.1413 0.0634 4.165 -30.053 0.063 0.053 0.965 3484.4 4.515 16.847254 2.591538 18.268734 15.677196 "" "" 308.542664 320.837799 3435.93663 2.4912 672.86 9.4798 4248.9 16.104 "" "" 0.0028655681476959724 0.015549121 0.005587295 0.021136416 83.8348507373 -1.99516519367 314.852539 4.165 -30.053
83.20236765688 -3.10361203066 0.0429 0.0367 99.288 "" "" 3216737613430711552 408.989502 2.4061 0.0647 13.218 -8.44 0.056 0.042 0.978 5127.5 4.7493 16.850992 2.120108 17.93591 15.815802 "" "" 398.695709 420.062286 3424.12645 1.9286 914.22 9.4774 3739.7 9.5805 "" "" 0.0028223671718078966 0.011596127 0.0046925843 0.016288713 83.20236765688 -3.10361203066 408.989502 13.218000000000002 -8.439999999999998
82.03664993925 -1.4686430905 0.0631 0.0478 29.6504 "" "" 3220237496379120000 369.142975 2.6677 0.0906 1.051 -1.04 0.082 0.061 1.276 3472.8 4.2503 16.851183 3.234548 18.75389 15.519341 "" "" 358.96756 380.8927 3423.52839 4.2888 430.39 7.7042 4913.8 12.086 "" "" 0.0030727498823780006 0.019634487 0.0046276553 0.024262141 82.03664993925 -1.4686430905 369.142975 1.051 -1.0400000000000003
83.43663392526 -2.57716593272 0.0542 0.0494 93.5193 "" "" 3216909510905330304 373.17746 2.6437 0.0728 21.399 -18.781 0.065 0.058 1.015 3809.1 4.6936 16.851694 2.129519 17.942377 15.812859 "" "" 363.733643 381.289948 3421.91666 2.1843 908.8 8.6485 3749.9 10.387 "" "" 0.0028411464976818013 0.0107024005 0.004829941 0.015532341 83.43663392526 -2.57716593272 373.17746 21.399 -18.781
83.35439741357 -1.39069342564 0.054 0.0462 87.9647 "" "" 3217611862613253504 426.462463 2.3102 0.0724 0.218 -0.453 0.063 0.055 0.901 3411.7 4.1795 16.853096 3.132549 18.683416 15.550867 "" "" 412.478882 438.620667 3417.49915 3.4268 459.25 11.156 4773.2 17.181 "" "" 0.0029626065419078355 0.026521638 0.0054366156 0.031958252 83.35439741357 -1.39069342564 426.462463 0.21800000000000003 -0.453
81.78521002861 -0.83215762336 0.0594 0.0519 69.0261 "" "" 3220511992033788416 413.302399 2.3747 0.0678 2.149 0.949 0.072 0.058 1.021 3433.3 4.2217 16.854725 2.695691 18.358093 15.662402 "" "" 398.510345 426.261841 3412.37318 3.5043 619.7 11.743 4307.2 16.583 "" "" 0.002972369643607325 0.02076248 0.0056353724 0.026397854 81.78521002861 -0.83215762336 413.302399 2.1489999999999996 0.949
83.55433604864 -0.86086927846 0.0738 0.0672 114.0849 "" "" 3217667795971968000 412.076965 2.3792 0.0817 -0.204 0.863 0.088 0.073 1.079 3426.0 4.2113 16.854769 3.11028 18.662998 15.552718 "" "" 401.025024 426.373169 3412.23708 3.3383 467.97 7.2043 4765.1 19.57 "" "" 0.00295297813039357 0.016945962 0.005845248 0.02279121 83.55433604864 -0.86086927846 412.076965 -0.20400000000000001 0.8629999999999999
82.62081587289 -1.64649777943 0.0534 0.0499 41.5713 "" "" 3217217172298105216 402.056244 2.4422 0.0745 -0.127 -0.444 0.064 0.056 1.013 3528.8 4.3647 16.855295 2.780457 18.418856 15.638398 "" "" 388.634247 414.413757 3410.58045 2.73 585.97 6.502 4403.5 13.592 "" "" 0.0028891323378239186 0.01236635 0.005051213 0.017417563 82.62081587289 -1.64649777943 402.056244 -0.12700000000000003 -0.444
82.58162980619 -0.34524681676 0.0559 0.0517 103.0011 "" "" 3220741656820201984 406.758514 2.4205 0.0697 9.829 -6.518 0.077 0.068 0.94 3602.0 4.5247 16.855356 2.061029 17.916164 15.855135 "" "" 391.280548 419.221863 3410.39135 2.2291 931.0 9.3748 3606.7 10.434 "" "" 0.0028452425366799986 0.011283352 0.004914212 0.016197564 82.58162980619 -0.34524681676 406.758514 9.829 -6.518
83.2817728504 -2.4713248855 0.0565 0.0495 82.513 "" "" 3216914944039655424 342.411804 2.8748 0.0728 1.51 -1.508 0.07 0.059 1.074 3437.0 4.219 16.856043 3.327499 18.857737 15.530237 "" "" 334.783752 350.677612 3408.23682 3.612 391.13 9.8225 4864.8 11.941 "" "" 0.002985930167999881 0.027408624 0.0046245046 0.03203313 83.2817728504 -2.4713248855 342.411804 1.5099999999999998 -1.5079999999999998
81.04532391307 -1.70276306935 0.0472 0.037 59.5248 "" "" 3220169979494155776 345.944641 2.8595 0.0709 0.703 -0.456 0.062 0.044 1.028 "" "" 16.857271 3.051105 18.638554 15.587449 "" "" 337.216614 353.837433 3404.38458 3.4913 478.63 8.1784 4615.1 13.485 "" "" 0.002971796192389881 0.018760728 0.004934383 0.023695111 81.04532391307 -1.70276306935 345.944641 0.7029999999999998 -0.456
80.5603021299 -2.46601639112 0.0463 0.0385 91.6655 "" "" 3214099747595622144 356.392609 2.7627 0.069 2.072 -0.643 0.062 0.045 1.026 "" "" 16.859234 2.873329 18.497782 15.624453 "" "" 348.791565 364.042664 3398.23425 2.5469 544.88 6.6455 4460.4 10.187 "" "" 0.00287296949207385 0.013532686 0.0045202402 0.018052926 80.5603021299 -2.46601639112 356.392609 2.072 -0.6429999999999999
81.0871106038 -3.32860139695 0.0523 0.0398 98.7061 "" "" 3210900477996549376 328.81662 3.0096 0.072 4.764 -42.323 0.071 0.055 1.082 3591.1 4.6058 16.859354 2.647162 18.31845 15.671289 "" "" 321.533661 336.098267 3397.8544 2.8053 642.74 10.595 4272.1 16.754 "" "" 0.002897466358053936 0.018113587 0.005693324 0.023806911 81.0871106038 -3.32860139695 328.81662 4.764 -42.32300000000001
80.91100513302 -1.84180843357 0.0532 0.04 65.9077 "" "" 3214161560764848128 329.34079 3.0135 0.0792 1.337 -0.302 0.067 0.052 1.057 "" "" 16.86333 2.939544 18.542692 15.603148 "" "" 321.25943 338.638611 3385.43332 3.665 522.81 7.5829 4548.8 17.986 "" "" 0.0029955540276404213 0.01599292 0.005719587 0.021712508 80.91100513302 -1.84180843357 329.34079 1.3369999999999997 -0.302
81.13973316507 -1.38667131677 0.047 0.0352 62.2419 "" "" 3220394932701380480 355.383881 2.7657 0.0688 0.944 -1.167 0.065 0.044 1.041 3428.6 4.2208 16.8637 3.039998 18.635109 15.595111 "" "" 348.14444 362.639893 3384.28135 2.6294 480.15 5.6491 4582.6 10.327 "" "" 0.002881558256081256 0.013075164 0.0045022466 0.01757741 81.13973316507 -1.38667131677 355.383881 0.9439999999999998 -1.167
