Clusters/ASCC_19/ASCC_19_members.tsv
# %ECSV 1.0
# ---
# datatype:
# - name: RA_ICRS_1
#   unit: deg
#   datatype: float64
#   format: '{:15.11f}'
#   description: Right ascension (ICRS) at Ep=2016.0 (ra)
#   meta: !!omap
#   - {ucd: POS_EQ_RA_MAIN}
#   - {width: 15}
#   - {precision: '11'}
# - name: DE_ICRS_1
#   unit: deg
#   datatype: float64
#   format: '{:15.11f}'
#   description: Declination (ICRS) at Ep=2016.0 (dec)
#   meta: !!omap
#   - {ucd: POS_EQ_DEC_MAIN}
#   - {width: 15}
#   - {precision: '11'}
# - name: e_RA_ICRS
#   unit: mas
#   datatype: float64
#   format: '{:7.4f}'
#   description: Standard error of right ascension (ra_error)
#   meta: !!omap
#   - {ucd: ERROR}
#   - {width: 7}
#   - {precision: '4'}
# - name: e_DE_ICRS
#   unit: mas
#   datatype: float64
#   format: '{:7.4f}'
#   description: Standard error of declination (dec_error)
#   meta: !!omap
#   - {ucd: ERROR}
#   - {width: 7}
#   - {precision: '4'}
# - name: _r_1
#   unit: ''
#   datatype: float64
#   format: '{:8.4f}'
#   description: Distance from center (082.00350625000-01.96170512000)[ICRS], at Epoch=J2016.0
#   meta: !!omap
#   - {ucd: POS_ANG_DIST_GENERAL}
#   - {width: 8}
#   - {precision: '4'}
# - name: HIP
#   datatype: int32
#   description: '? HIP cross-id number, van Leeuwen, Cat. I/311 (hip_original_ext_source_id)'
#   meta: !!omap
#   - {ucd: ID_NUMBER}
#   - {width: 6}
#   - values: {'null': -2147483648}
# - name: TYC2
#   datatype: string
#   description: Tycho-2 cross-id name, Hog et al., Cat. I/259 (tyc2_original_ext_source_id)
#   meta: !!omap
#   - {ucd: ID_CROSSID}
#   - {_votable_string_dtype: char}
# - name: Source
#   datatype: int64
#   description: Source identifier, identical to the Gaia-EDR3 source_id (id)
#   meta: !!omap
#   - {ucd: ID_MAIN}
#   - {width: 19}
# - name: rgeo
#   unit: pc
#   datatype: float64
#   format: '{:15.8f}'
#   description: '? Median of the geometric distance posterior (r_med_geo)'
#   meta: !!omap
#   - {ucd: PHYS_DISTANCE_TRUE}
#   - {width: 15}
#   - {precision: '8'}
#   - values: {'null': .nan}
# - name: Plx
#   unit: mas
#   datatype: float64
#   format: '{:9.4f}'
#   description: '? Parallax (parallax)'
#   meta: !!omap
#   - {ucd: POS_PARLX_TRIG}
#   - {width: 9}
#   - {precision: '4'}
#   - values: {'null': .nan}
# - name: e_Plx
#   unit: mas
#   datatype: float32
#   format: '{:7.4f}'
#   description: '? Standard error of parallax (parallax_error)'
#   meta: !!omap
#   - {ucd: ERROR}
#   - {width: 7}
#   - {precision: '4'}
#   - values: {'null': .nan}
# - name: pmRA
#   unit: mas / yr
#   datatype: float64
#   format: '{:9.3f}'
#   description: '? Proper motion in right ascension direction, pmRA*cosDE (pmra)'
#   meta: !!omap
#   - {ucd: POS_EQ_PMRA}
#   - {width: 9}
#   - {precision: '3'}
#   - values: {'null': .nan}
# - name: pmDE
#   unit: mas / yr
#   datatype: float64
#   format: '{:9.3f}'
#   description: '? Proper motion in declination direction (pmdec)'
#   meta: !!omap
#   - {ucd: POS_EQ_PMDEC}
#   - {width: 9}
#   - {precision: '3'}
#   - values: {'null': .nan}
# - name: e_pmRA
#   unit: mas / yr
#   datatype: float32
#   format: '{:6.3f}'
#   description: '? Standard error of proper motion in right ascension direction (pmra_error)'
#   meta: !!omap
#   - {ucd: ERROR}
#   - {width: 6}
#   - {precision: '3'}
#   - values: {'null': .nan}
# - name: e_pmDE
[...]
#       distance: !astropy.table.SerializedColumn
#         __class__: astropy.coordinates.distances.Distance
#         unit: !astropy.units.Unit {unit: pc}
#         value: !astropy.table.SerializedColumn {name: SkyCoord.distance}
#       frame: icrs
#       obstime: !astropy.time.Time {format: jyear_str, in_subfmt: '*', jd1: 367701545.0, jd2: 0.0, out_subfmt: '*', precision: 3, scale: tt}
#       pm_dec: !astropy.table.SerializedColumn
#         __class__: astropy.units.quantity.Quantity
#         unit: !astropy.units.Unit {unit: mas / yr}
#         value: !astropy.table.SerializedColumn {name: SkyCoord.pm_dec}
#       pm_ra_cosdec: !astropy.table.SerializedColumn
#         __class__: astropy.units.quantity.Quantity
#         unit: !astropy.units.Unit {unit: mas / yr}
#         value: !astropy.table.SerializedColumn {name: SkyCoord.pm_ra_cosdec}
#       ra: !astropy.table.SerializedColumn
#         __class__: astropy.coordinates.angles.Longitude
#         unit: *id001
#         value: !astropy.table.SerializedColumn {name: SkyCoord.ra}
#         wrap_angle: !astropy.coordinates.Angle
#           unit: *id001
#           value: 360.0
#       representation_type: spherical
# schema: astropy-2.0
RA_ICRS_1 DE_ICRS_1 e_RA_ICRS e_DE_ICRS _r_1 HIP TYC2 Source rgeo Plx e_Plx pmRA pmDE e_pmRA e_pmDE RUWE Teff logg Gmag BP-RP BPmag RPmag RV e_RV b_rgeo B_rgeo FG e_FG FBP e_FBP FRP e_FRP RAVE5 RAVE6 e_Gmag e_BPmag e_RPmag e_BP-RP SkyCoord.ra SkyCoord.dec SkyCoord.distance SkyCoord.pm_ra_cosdec SkyCoord.pm_dec rmRA rmDE e_rmRA e_rmDE rRV e_rRV v_pec v_pec3d e_vpec e_vpec3d Pmemb
[from data line 29]
82.09004765066 -0.77278862905 0.0184 0.0144 71.5236 "" "" 3220346279310659328 352.06665 2.7981 0.0219 1.354 -1.03 0.021 0.017 1.017 4775.1 4.2376 14.320377 1.880758 15.250072 13.369314 22.37 4.01 349.243591 355.454681 35220.53718 30.205 10849.0 67.45 35599.0 114.54 "" "" 0.002908398147626929 0.007304124 0.0051465826 0.012450706 82.09004765066 -0.77278862905 352.06665 1.354 -1.0300000000000022 0.26498880767822275 0.22104498863220212 0.23684448 0.23284449 9.362499999999999 9.068036 0.5758674890065705 9.38019347427838 0.13545061695945412 9.050935234792727 0.9
82.75667992461 -1.8902670996 0.016 0.0136 45.3678 "" "" 3217198549320216448 357.293396 2.7586 0.0207 1.18 -0.963 0.021 0.016 1.026 4479.0 4.1549 14.359962 1.820884 15.245812 13.424929 0.76 5.94 354.662659 360.06369 33959.54313 97.086 10892.0 122.63 33821.0 251.78 "" "" 0.00415048051517451 0.012538392 0.008922698 0.02146109 82.75667992461 -1.8902670996 357.293396 1.18 -0.9629999999999999 0.0909888076782226 0.2880449886322022 0.23684448 0.23184448 -12.247500000000002 10.998035 0.5115841712548872 12.258179906261722 0.11884231822645089 10.988454541459374 0.8
82.52389618224 -2.33197700539 0.017 0.0134 38.3027 "" "" 3217034619008741248 336.20874 2.9374 0.0256 0.841 -1.35 0.023 0.016 1.228 4382.4 4.1961 14.386201 1.830945 15.263231 13.432286 -12.16 8.9 333.307343 339.572723 33148.69566 17.102 10718.0 27.781 33593.0 45.333 "" "" 0.002811682411240133 0.0039629405 0.0040534516 0.008016393 82.52389618224 -2.33197700539 336.20874 0.841 -1.3499999999999999 -0.24801119232177737 -0.09895501136779794 0.23884448 0.23184448 -25.167500000000004 13.958035 0.42553679464506217 25.17109727075077 0.10123322560014822 13.956040792746846 1.0
81.86030813497 -1.76654636516 0.0158 0.0119 14.5209 "" "" 3220129744240754304 357.296051 2.7605 0.0248 1.14 -1.118 0.02 0.015 1.085 4055.7 4.215 14.428469 1.794519 15.29752 13.503 -12.54 5.13 353.787964 360.846313 31883.00337 39.835 10385.0 52.729 31474.0 117.56 "" "" 0.003071150768616384 0.0061786184 0.005543452 0.011722071 81.86030813497 -1.76654636516 357.296051 1.1400000000000008 -1.1179999999999999 0.05098880767822256 0.13304498863220204 0.23584448 0.23084448 -25.5475 10.188036 0.24130339289722583 25.548639564122073 0.05585952633968605 10.187581554420428 0.8
82.87322930609 -2.94036301786 0.0153 0.0132 78.5241 "" "" 3216779463591873792 350.831726 2.8125 0.0218 1.114 -1.005 0.019 0.015 1.056 4531.3 4.2768 14.608831 1.764138 15.431259 13.667121 82.25 6.52 347.940155 353.627747 27003.12552 53.043 9181.5 71.839 27059.0 183.04 "" "" 0.0034843045474544317 0.008941621 0.008259812 0.017201433 82.87322930609 -2.94036301786 350.831726 1.114 -1.005 0.024988807678222758 0.24604498863220226 0.23484448 0.23084448 69.24249999999999 11.578035 0.4112634262282518 69.24372133165399 0.09495483209213684 11.577831153140469 1.0
82.39113522086 -2.04197700116 0.0166 0.0132 23.7373 "" "" 3217099554618320896 355.266327 2.7746 0.0235 1.267 -1.007 0.023 0.017 1.029 3847.4 4.1751 14.708551 1.905013 15.649606 13.744593 28.78 6.76 352.580048 358.08786 24633.50882 24.036 7508.9 35.786 25195.0 71.037 "" "" 0.0029519686719401716 0.0058787414 0.0048636193 0.010742361 82.39113522086 -2.04197700116 355.266327 1.2669999999999986 -1.007 0.17798880767822256 0.24404498863220225 0.23884448 0.23284449 15.772499999999999 11.818036 0.5086513478529735 15.780699681689422 0.11950519053684412 11.811896033367624 0.8
81.51538299694 -1.86821024519 0.0158 0.013 29.8037 "" "" 3220107925806785152 349.876068 2.8163 0.0238 1.168 -0.933 0.021 0.015 1.033 3770.7 4.106 14.791018 1.970998 15.770109 13.799111 -23.09 6.48 347.427277 352.30426 22831.77486 35.583 6720.1 47.547 23961.0 93.272 "" "" 0.003233420376289893 0.008172971 0.005669761 0.013842732 81.51538299694 -1.86821024519 349.876068 1.168 -0.9329999999999999 0.07898880767822258 0.3180449886322021 0.23684448 0.23084448 -36.097500000000004 11.538036 0.5434733263191313 36.10159095533631 0.125649581971102 11.536729035814949 0.9
82.51542013634 -1.92967440994 0.0182 0.0156 30.7572 "" "" 3217194357432201216 352.764008 2.791 0.0246 1.213 -1.185 0.023 0.019 1.061 "" "" 14.810872 2.177935 15.930172 13.752237 -35.2 7.56 349.833099 355.809723 22418.05063 50.414 5798.9 60.923 25019.0 138.46 "" "" 0.003681478715182299 0.0117429895 0.007098444 0.018841434 82.51542013634 -1.92967440994 352.764008 1.213 -1.185 0.12398880767822273 0.0660449886322021 0.23884448 0.23484448 -48.2075 12.618036 0.2348999856888502 48.208072293478786 0.05589825120665568 12.617886480328183 1.0
81.67158708552 -1.63097837104 0.0183 0.0142 28.1068 "" "" 3220182417719513728 348.341248 2.8321 0.0259 1.122 -1.171 0.025 0.017 1.036 "" "" 14.836404 1.832251 15.713964 13.881712 7.39 4.56 345.211182 351.886536 21897.02492 11.679 7076.7 21.935 22206.0 29.163 "" "" 0.002815516423019049 0.004371576 0.004039417 0.008410993 81.67158708552 -1.63097837104 348.341248 1.1220000000000014 -1.1710000000000014 0.032988807678222765 0.08004498863220211 0.24084449 0.23284449 -5.617500000000002 9.618036 0.14294943329326573 5.619318534349063 0.03345345140386327 9.614923700959777 0.8
81.49583114115 -2.36208660929 0.0176 0.0136 38.7765 "" "" 3214069992062393216 358.081116 2.7545 0.0247 1.064 -1.195 0.024 0.017 1.063 4112.2 4.3055 14.897927 2.031746 15.922649 13.890903 16.88 6.85 355.058197 361.263428 20690.73854 14.706 5839.3 23.045 22019.0 39.213 "" "" 0.002861344938490688 0.005113255 0.0042452756 0.009358531 81.49583114115 -2.36208660929 358.081116 1.064 -1.1949999999999998 -0.025011192321777287 0.056044988632202086 0.23984449 0.23284449 3.872499999999997 11.908035 0.10416805122452047 3.8739007773684513 0.024377568990500736 11.90372942812916 0.8
81.23103473935 -2.88845009649 0.0185 0.0142 72.3613 "" "" 3211024344853765248 359.77066 2.7384 0.0259 0.929 -1.589 0.024 0.018 1.005 "" "" 14.938135 2.136143 16.028536 13.892393 66.94 7.49 357.009644 362.738556 19938.51125 40.546 5296.7 45.277 21989.0 120.31 "" "" 0.0035308095662235288 0.0096913725 0.0070408 0.016732173 81.23103473935 -2.88845009649 359.77066 0.9290000000000004 -1.5890000000000002 -0.1600111923217773 -0.3379550113677978 0.23984449 0.23384449 53.9325 12.548036 0.6376529018498859 53.93626940633953 0.1498195334226173 12.547158810869872 0.8
83.03767761394 -2.21590281346 0.0272 0.0238 63.8571 "" "" 3217122373780505728 361.313538 2.7375 0.0345 1.409 -1.41 0.034 0.03 1.148 3702.7 4.0633 15.243487 2.312014 16.448223 14.136209 53.05 6.79 356.373016 365.074158 15050.5321 34.728 3598.5 42.379 17566.0 109.69 "" "" 0.0037239897766015357 0.013087437 0.0077620707 0.020849507 83.03767761394 -2.21590281346 361.313538 1.4090000000000005 -1.41 0.3199888076782227 -0.15895501136779777 0.24984449 0.24584448 40.0425 11.848036 0.6119123256372251 40.04717521803837 0.15240159824703153 11.846652868765334 0.8
82.04437430813 -2.29313198268 0.0189 0.0158 20.036 "" "" 3217064889938122240 351.658325 2.7913 0.0276 1.156 -1.166 0.025 0.019 1.038 "" "" 15.248387 2.180722 16.367693 14.186971 "" "" 348.43335 354.966187 14982.75513 11.968 3875.6 15.227 16764.0 35.563 "" "" 0.0028885889823985094 0.005097257 0.004425922 0.009523179 82.04437430813 -2.29313198268 351.658325 1.1559999999999997 -1.1659999999999986 0.06698880767822257 0.08504498863220222 0.24084449 0.23484448 "" "" 0.1804537194862988 "" 0.042796357306596915 "" 0.8
83.01661809631 -2.26221888409 0.0239 0.0201 63.3649 "" "" 3217121549146795776 355.39444 2.7708 0.0312 1.392 -1.414 0.028 0.024 1.049 3726.0 4.0827 15.253094 2.304295 16.465275 14.16098 "" "" 351.493134 358.739899 14917.94973 16.337 3542.5 16.704 17170.0 51.087 "" "" 0.0030009243335819393 0.0058305417 0.004971881 0.010802423 83.01661809631 -2.26221888409 355.39444 1.392 -1.414 0.30298880767822256 -0.16295501136779778 0.24384448 0.23984449 "" "" 0.5795422807255763 "" 0.14080140584014048 "" 0.8
81.92448613146 -1.79612391177 0.0211 0.0161 11.0071 "" "" 3220123559487844992 356.917267 2.7617 0.0292 0.886 -1.125 0.027 0.02 1.036 "" "" 15.288645 2.141813 16.38634 14.244526 "" "" 353.505096 360.463287 14437.39619 12.721 3809.6 18.072 15898.0 36.292 "" "" 0.0029166734079974425 0.0058577224 0.0045196014 0.010377323 81.92448613146 -1.79612391177 356.917267 0.886 -1.1250000000000013 -0.20301119232177733 0.12604498863220215 0.24284448 0.23584448 "" "" 0.4042660899224983 "" 0.0973946831206035 "" 1.0
81.91572156282 -1.31704762032 0.0261 0.0198 39.0361 "" "" 3220291544247567488 343.165955 2.8743 0.033 0.865 -1.425 0.036 0.026 1.086 "" "" 15.30027 2.332639 16.52055 14.187911 "" "" 339.711548 346.389069 14283.63872 26.574 3366.6 37.501 16749.0 83.704 "" "" 0.003416433849341132 0.012411837 0.0066125225 0.019024359 81.91572156282 -1.31704762032 343.165955 0.8650000000000001 -1.4250000000000003 -0.22401119232177735 -0.1739550113677979 0.25184447 0.24184448 "" "" 0.46134119923422695 "" 0.11447257869997715 "" 0.9
82.61845405307 -2.25824995533 0.0239 0.0203 40.9403 "" "" 3217041181718741504 368.848663 2.6762 0.0365 1.462 -1.522 0.032 0.024 1.002 3726.2 4.0756 15.30403 2.208576 16.443226 14.23465 "" "" 363.717041 372.645477 14234.25454 36.453 3615.2 44.291 16043.0 101.09 "" "" 0.003914456189749033 0.013591193 0.007815938 0.021407131 82.61845405307 -2.25824995533 368.848663 1.4619999999999986 -1.522 0.3729888076782226 -0.27095501136779787 0.24784449 0.23984449 "" "" 0.8060168166654035 "" 0.1975632436352125 "" 0.8
82.2911830688 -2.6688219975 0.0198 0.0158 45.7984 "" "" 3216992287811143552 348.870697 2.8323 0.0291 0.944 -1.394 0.026 0.02 1.04 3737.2 4.2125 15.345069 2.173722 16.45846 14.284738 "" "" 344.908234 352.275391 13706.26147 19.267 3564.8 24.859 15320.0 56.529 "" "" 0.00314978745059126 0.008069092 0.005507602 0.013576694 82.2911830688 -2.6688219975 348.870697 0.9440000000000001 -1.3939999999999995 -0.1450111923217774 -0.14295501136779776 0.24184448 0.23584448 "" "" 0.3367289287435551 "" 0.08044661172389858 "" 0.9
81.82272732987 -1.70874362978 0.0246 0.0175 18.6519 "" "" 3220139704268624128 354.325104 2.7743 0.0371 0.918 -1.272 0.031 0.022 1.025 3574.0 4.0037 15.467194 2.403953 16.741035 14.337083 "" "" 350.493622 359.195129 12248.11317 38.861 2747.9 38.697 14599.0 115.66 "" "" 0.0044112030657410635 0.015542259 0.009395371 0.02493763 81.82272732987 -1.70874362978 354.325104 0.918 -1.272 -0.1710111923217773 -0.02095501136779787 0.24684449 0.23784448 "" "" 0.28936169545155754 "" 0.07138950651267716 "" 0.9
81.34712430943 -2.30732731881 0.0246 0.0201 44.4848 "" "" 3214074115230848896 338.976349 2.8897 0.0383 0.7 -1.301 0.032 0.026 1.091 3678.2 4.1176 15.532639 2.368224 16.788548 14.420323 "" "" 334.522095 343.437164 11531.6491 26.343 2630.3 31.974 13522.0 74.551 "" "" 0.003707223294742716 0.013489943 0.007079262 0.020569205 81.34712430943 -2.30732731881 338.976349 0.6999999999999998 -1.301 -0.3890111923217774 -0.049955011367797786 0.24784449 0.24184448 "" "" 0.6301754773469682 "" 0.1561249088317716 "" 0.8
82.37691900339 -1.54218708679 0.0315 0.0275 33.691 "" "" 3220227802642136704 350.54306 2.8024 0.0383 1.176 -0.972 0.04 0.033 1.075 "" "" 15.549878 2.41065 16.823704 14.413054 -20.75 6.66 346.154663 354.965546 11349.99376 45.426 2546.5 59.33 13612.0 178.9 "" "" 0.0051453460136559 0.025449594 0.014761641 0.040211234 82.37691900339 -1.54218708679 350.54306 1.1759999999999986 -0.972000000000001 0.08698880767822259 0.2790449886322022 0.25584447 0.24884447 -33.7575 11.718036 0.4856606827535682 33.760993358442114 0.12115894200893992 11.71682332476872 0.8
82.49706655595 -1.64383147402 0.0306 0.0281 35.2116 "" "" 3217220711351167104 354.551727 2.7803 0.0415 1.286 -1.018 0.037 0.034 1.115 "" "" 15.577867 2.404121 16.86182 14.457699 "" "" 349.96582 359.758331 11061.13523 23.287 2458.6 24.908 13064.0 63.969 "" "" 0.0035800376190710916 0.0113479225 0.0065228706 0.017870793 82.49706655595 -1.64383147402 354.551727 1.286 -1.0180000000000013 0.1969888076782227 0.23304498863220213 0.25284448 0.24984449 "" "" 0.5128221058136371 "" 0.12876915120387125 "" 0.9
80.87545740896 -1.47265765109 0.0236 0.0181 73.7417 "" "" 3220381635482668800 342.775085 2.8606 0.0325 1.131 -1.144 0.03 0.023 1.069 3579.2 4.0184 15.586082 2.435821 16.888205 14.452383 -11.55 5.87 338.120605 346.572571 10977.76022 13.915 2399.6 18.06 13128.0 44.973 "" "" 0.00307990624361739 0.008634749 0.0053026373 0.013937386 80.87545740896 -1.47265765109 342.775085 1.131 -1.1440000000000001 0.04198880767822266 0.10704498863220224 0.24584448 0.23884448 -24.557500000000005 10.928036 0.18682331194439053 24.558210626995734 0.04479830857151194 10.92771952303342 0.9
82.41381106326 -1.53388546697 0.029 0.0256 35.5584 "" "" 3220225264312436736 338.645905 2.9081 0.036 1.109 -1.131 0.035 0.03 1.023 3564.9 4.05 15.625462 2.431272 16.919317 14.488046 "" "" 334.574524 343.29245 10586.73517 15.018 2331.8 19.513 12704.0 70.115 "" "" 0.0031565765136445257 0.009504446 0.007084602 0.016589047 82.41381106326 -1.53388546697 338.645905 1.1089999999999987 -1.1310000000000002 0.019988807678222642 0.12004498863220214 0.25084448 0.24584448 "" "" 0.19534704962265048 "" 0.04805160533398255 "" 0.8
82.27249990723 -1.46393124274 0.0304 0.0295 33.9449 "" "" 3220240966712875648 357.932892 2.7518 0.0377 1.014 -1.522 0.038 0.035 1.0 3588.4 4.1434 15.642261 2.401218 16.920872 14.519654 "" "" 353.964355 362.651886 10424.19633 20.986 2328.5 19.31 12339.0 62.86 "" "" 0.0035170346023549273 0.0094262995 0.0066990904 0.01612539 82.27249990723 -1.46393124274 357.932892 1.014 -1.5219999999999998 -0.07501119232177733 -0.27095501136779787 0.25384447 0.25084448 "" "" 0.47699351544894325 "" 0.11975361868426179 "" 0.8
82.06430615147 -1.95008430099 0.0264 0.0206 3.7119 "" "" 3220111808457430912 356.152313 2.7664 0.0397 0.934 -1.115 0.036 0.025 1.052 3517.2 4.005 15.651943 2.556129 17.036043 14.479914 "" "" 350.898499 361.831116 10331.6481 17.662 2094.1 18.488 12799.0 73.752 "" "" 0.003322166355563667 0.009983373 0.007309297 0.01729267 82.06430615147 -1.95008430099 356.152313 0.9339999999999998 -1.115 -0.1550111923217773 0.13604498863220216 0.25184447 0.24084449 "" "" 0.3481737718099496 "" 0.08604015360802987 "" 1.0
81.48226190422 -2.3256186107 0.0293 0.0234 38.1247 "" "" 3214070301300036224 339.013824 2.8925 0.0395 1.185 -1.398 0.04 0.029 1.058 3575.9 4.2613 15.82252 2.741735 17.356447 14.614713 "" "" 332.455536 342.823303 8829.55381 4.0468 1559.0 8.1438 11305.0 14.731 "" "" 0.0027998954409291514 0.0063207634 0.0040355055 0.010356269 81.48226190422 -2.3256186107 339.013824 1.185 -1.3980000000000004 0.09598880767822271 -0.14695501136779776 0.25584447 0.24484448 "" "" 0.2820583536911774 "" 0.07000271364787472 "" 0.8
81.16856479955 -2.34268021323 0.0334 0.0243 55.0329 "" "" 3214084698030294144 347.258301 2.8287 0.048 0.998 -1.383 0.04 0.029 1.06 3557.2 4.0565 15.865643 2.506279 17.218615 14.712336 "" "" 342.183258 352.701996 8485.73404 7.621 1770.0 17.383 10333.0 28.581 "" "" 0.0029227725261470163 0.011021919 0.004827273 0.015849192 81.16856479955 -2.34268021323 347.258301 0.998 -1.3830000000000002 -0.09101119232177735 -0.13195501136779786 0.25584447 0.24484448 "" "" 0.26384973304525833 "" 0.065551781571875 "" 0.9
82.13050379785 -2.01804825748 0.0303 0.0229 8.3319 "" "" 3217107908330516736 335.2435 2.9392 0.0457 0.918 -1.309 0.04 0.027 1.076 3530.7 4.262 15.933507 2.511658 17.296568 14.78491 "" "" 330.777832 339.988129 7971.56997 4.5328 1647.4 7.476 9664.8 13.714 "" "" 0.002823639089935464 0.0056623067 0.004081328 0.009743635 82.13050379785 -2.01804825748 335.2435 0.9180000000000001 -1.309 -0.1710111923217773 -0.05795501136779779 0.25584447 0.24284448 "" "" 0.28692709466699345 "" 0.07303324881646618 "" 1.0
