Clusters/LP_0506/LP_0506_stars_in_region.tsv
# %ECSV 1.0
# ---
# datatype:
# - name: RA_ICRS_1
#   unit: deg
#   datatype: float64
#   format: '{:15.11f}'
#   description: Right ascension (ICRS) at Ep=2016.0 (ra)
#   meta: !!omap
#   - {ucd: POS_EQ_RA_MAIN}
#   - {width: 15}
#   - {precision: '11'}
# - name: DE_ICRS_1
#   unit: deg
#   datatype: float64
#   format: '{:15.11f}'
#   description: Declination (ICRS) at Ep=2016.0 (dec)
#   meta: !!omap
#   - {ucd: POS_EQ_DEC_MAIN}
#   - {width: 15}
#   - {precision: '11'}
# - name: e_RA_ICRS
#   unit: mas
#   datatype: float64
#   format: '{:7.4f}'
#   description: Standard error of right ascension (ra_error)
#   meta: !!omap
#   - {ucd: ERROR}
#   - {width: 7}
#   - {precision: '4'}
# - name: e_DE_ICRS
#   unit: mas
#   datatype: float64
#   format: '{:7.4f}'
#   description: Standard error of declination (dec_error)
#   meta: !!omap
#   - {ucd: ERROR}
#   - {width: 7}
#   - {precision: '4'}
# - name: _r_1
#   unit: ''
#   datatype: float64
#   format: '{:7.4f}'
#   description: Distance from center (310.36370808000+46.13670585000)[ICRS], at Epoch=J2016.0
#   meta: !!omap
#   - {ucd: POS_ANG_DIST_GENERAL}
#   - {width: 7}
#   - {precision: '4'}
# - name: HIP
#   datatype: int32
#   description: '? HIP cross-id number, van Leeuwen, Cat. I/311 (hip_original_ext_source_id)'
#   meta: !!omap
#   - {ucd: ID_NUMBER}
#   - {width: 6}
#   - values: {'null': -2147483648}
# - name: TYC2
#   datatype: string
#   description: Tycho-2 cross-id name, Hog et al., Cat. I/259 (tyc2_original_ext_source_id)
#   meta: !!omap
#   - {ucd: ID_CROSSID}
#   - {_votable_string_dtype: char}
# - name: Source
#   datatype: int64
#   description: Source identifier, identical to the Gaia-EDR3 source_id (id)
#   meta: !!omap
#   - {ucd: ID_MAIN}
#   - {width: 19}
# - name: rgeo
#   unit: pc
#   datatype: float64
#   format: '{:15.8f}'
#   description: '? Median of the geometric distance posterior (r_med_geo)'
#   meta: !!omap
#   - {ucd: PHYS_DISTANCE_TRUE}
#   - {width: 15}
#   - {precision: '8'}
#   - values: {'null': .nan}
# - name: Plx
#   unit: mas
#   datatype: float64
#   format: '{:9.4f}'
#   description: '? Parallax (parallax)'
#   meta: !!omap
#   - {ucd: POS_PARLX_TRIG}
#   - {width: 9}
#   - {precision: '4'}
#   - values: {'null': .nan}
# - name: e_Plx
#   unit: mas
#   datatype: float32
#   format: '{:7.4f}'
#   description: '? Standard error of parallax (parallax_error)'
#   meta: !!omap
#   - {ucd: ERROR}
#   - {width: 7}
#   - {precision: '4'}
#   - values: {'null': .nan}
# - name: pmRA
#   unit: mas / yr
#   datatype: float64
#   format: '{:9.3f}'
#   description: '? Proper motion in right ascension direction, pmRA*cosDE (pmra)'
#   meta: !!omap
#   - {ucd: POS_EQ_PMRA}
#   - {width: 9}
#   - {precision: '3'}
#   - values: {'null': .nan}
# - name: pmDE
#   unit: mas / yr
#   datatype: float64
#   format: '{:9.3f}'
#   description: '? Proper motion in declination direction (pmdec)'
#   meta: !!omap
#   - {ucd: POS_EQ_PMDEC}
#   - {width: 9}
#   - {precision: '3'}
#   - values: {'null': .nan}
# - name: e_pmRA
#   unit: mas / yr
#   datatype: float32
#   format: '{:6.3f}'
#   description: '? Standard error of proper motion in right ascension direction (pmra_error)'
#   meta: !!omap
#   - {ucd: ERROR}
#   - {width: 6}
#   - {precision: '3'}
#   - values: {'null': .nan}
# - name: e_pmDE
[...]
#         value: !astropy.table.SerializedColumn {name: SkyCoord.dec}
#       distance: !astropy.table.SerializedColumn
#         __class__: astropy.coordinates.distances.Distance
#         unit: !astropy.units.Unit {unit: pc}
#         value: !astropy.table.SerializedColumn {name: SkyCoord.distance}
#       frame: icrs
#       obstime: !astropy.time.Time {format: jyear_str, in_subfmt: '*', jd1: 367701545.0, jd2: 0.0, out_subfmt: '*', precision: 3, scale: tt}
#       pm_dec: !astropy.table.SerializedColumn
#         __class__: astropy.units.quantity.Quantity
#         unit: !astropy.units.Unit {unit: mas / yr}
#         value: !astropy.table.SerializedColumn {name: SkyCoord.pm_dec}
#       pm_ra_cosdec: !astropy.table.SerializedColumn
#         __class__: astropy.units.quantity.Quantity
#         unit: !astropy.units.Unit {unit: mas / yr}
#         value: !astropy.table.SerializedColumn {name: SkyCoord.pm_ra_cosdec}
#       ra: !astropy.table.SerializedColumn
#         __class__: astropy.coordinates.angles.Longitude
#         unit: *id001
#         value: !astropy.table.SerializedColumn {name: SkyCoord.ra}
#         wrap_angle: !astropy.coordinates.Angle
#           unit: *id001
#           value: 360.0
#       representation_type: spherical
# schema: astropy-2.0
RA_ICRS_1 DE_ICRS_1 e_RA_ICRS e_DE_ICRS _r_1 HIP TYC2 Source rgeo Plx e_Plx pmRA pmDE e_pmRA e_pmDE RUWE Teff logg Gmag BP-RP BPmag RPmag RV e_RV b_rgeo B_rgeo FG e_FG FBP e_FBP FRP e_FRP RAVE5 RAVE6 e_Gmag e_BPmag e_RPmag e_BP-RP SkyCoord.ra SkyCoord.dec SkyCoord.distance SkyCoord.pm_ra_cosdec SkyCoord.pm_dec rmRA rmDE e_rmRA e_rmDE rRV e_rRV v_pec v_pec3d e_vpec e_vpec3d
[from data line 648]
310.5780070551 46.30506142386 0.0297 0.0325 13.4602 "" "" 2070511825412237696 2453.88232 0.3825 0.0353 -4.064 -6.455 0.039 0.041 1.076 6628.9 3.9369 16.107529 1.872029 17.023066 15.151036 "" "" 2243.81958 2772.76392 6791.02332 3.6133 2119.3 9.5552 6898.3 11.985 "" "" 0.002815228667777538 0.005634551 0.0042239805 0.009858532 310.5780070551 46.30506142386 2453.88232 -4.064000000000001 -6.455000000000002 -1.8115881576538087 -1.9565292167663575 0.14908703 0.15108703 "" "" 31.01434000901136 "" 4.6573352186467645 ""
310.51450961061 46.02841116437 0.0273 0.0286 9.0337 "" "" 2070498798762665216 2280.37671 0.4171 0.0324 -2.648 -3.05 0.038 0.038 1.013 8086.7 4.1158 16.112642 1.340648 16.70502 15.364373 "" "" 2127.77344 2480.25781 6759.11898 2.8488 2840.6 7.3468 5667.7 9.8088 "" "" 0.0027930622861032733 0.003958594 0.0042207194 0.0081793135 310.51450961061 46.02841116437 2280.37671 -2.648 -3.05 -0.3955881576538087 1.4484707832336428 0.14808702 0.14808702 "" "" 16.22989111312965 "" 2.403436285965279 ""
310.22911344387 46.21294390626 0.0259 0.0299 7.2246 "" "" 2070516154739100672 2010.36609 0.4756 0.0319 4.923 -5.311 0.034 0.036 0.962 6563.2 4.2636 16.113203 1.384499 16.729689 15.34519 "" "" 1889.31421 2128.63184 6755.62475 2.7643 2776.8 11.998 5768.8 10.242 "" "" 0.0027909071100955564 0.0054582846 0.00424258 0.009700865 310.22911344387 46.21294390626 2010.36609 4.923 -5.311 7.1754118423461914 -0.8125292167663574 0.14408703 0.14608702 "" "" 68.81245758579924 "" 9.916737070622517 ""
310.83772062365 46.17862699727 0.025 0.0281 19.8601 "" "" 2166536195954606336 2357.63037 0.3989 0.0313 0.054 -3.606 0.033 0.035 1.022 7136.7 4.3463 16.117178 1.270644 16.672663 15.402019 "" "" 2183.53687 2539.58838 6730.94193 2.6421 2926.5 8.9047 5474.6 7.5426 "" "" 0.002788085845153763 0.0043242574 0.004064646 0.008388903 310.83772062365 46.17862699727 2357.63037 0.05400000000000049 -3.605999999999999 2.3064118423461912 0.8924707832336427 0.14308703 0.14508703 "" "" 27.63689231454397 "" 3.961722931668504 ""
310.43813151406 46.1612176299 0.0309 0.0365 3.4254 "" "" 2070509145352318464 2169.0874 0.4405 0.0378 -2.179 -4.392 0.04 0.045 1.13 7987.1 4.2966 16.118797 1.254845 16.664501 15.409657 "" "" 2036.82556 2312.67944 6720.90147 2.6254 2948.6 6.2244 5436.2 7.5155 "" "" 0.0027877715267984205 0.0036108312 0.0040665455 0.0076773767 310.43813151406 46.1612176299 2169.0874 -2.1790000000000007 -4.392000000000001 0.07341184234619158 0.10647078323364223 0.15008703 0.15508702 "" "" 1.3296663943564555 "" 0.2040954050302655 ""
310.07608910257 46.21059942783 0.0271 0.0301 12.7461 "" "" 2070518662999968768 1814.15308 0.5316 0.034 -2.267 -2.41 0.036 0.037 0.977 6653.5 4.3018 16.120487 1.501593 16.808237 15.306644 "" "" 1687.70911 1943.73865 6710.4496 3.0276 2583.0 14.043 5977.2 9.9907 "" "" 0.0027985266413946375 0.0065290406 0.0041925088 0.010721549 310.07608910257 46.21059942783 1814.15308 -2.267000000000001 -2.410000000000002 -0.014588157653808498 2.0884707832336424 0.14608702 0.14708704 "" "" 17.95937715281479 "" 2.6415907086316452 ""
310.61820680437 45.98841405982 0.0279 0.0294 13.8357 "" "" 2070456643670694272 2085.42896 0.4602 0.0333 -5.365 -6.463 0.039 0.036 1.08 6508.2 4.3713 16.121248 1.200648 16.642988 15.44234 "" "" 1945.3938 2294.73926 6705.75036 2.689 3007.6 11.175 5275.0 9.5478 "" "" 0.0027895061359225273 0.004905037 0.004259778 0.009164816 310.61820680437 45.98841405982 2085.42896 -5.365 -6.462999999999999 -3.112588157653809 -1.9645292167663575 0.14908703 0.14608702 "" "" 36.38351093998375 "" 5.393440091539239 ""
310.23559780046 45.91335168359 0.0398 0.0479 14.4249 "" "" 2070476641039301504 2401.18994 0.4041 0.0514 -3.632 -4.074 0.053 0.058 1.504 "" "" 16.12138 1.644052 16.875479 15.231426 "" "" 2133.97388 2823.91284 6704.94237 5.5875 2427.9 9.0688 6406.0 9.0765 "" "" 0.0029000742317890744 0.004922606 0.0040804725 0.009003079 310.23559780046 45.91335168359 2401.18994 -3.6319999999999997 -4.073999999999998 -1.3795881576538087 0.42447078323364273 0.16308703 0.16808704 "" "" 16.428399084653247 "" 2.686461588791148 ""
310.58646159936 45.85992194184 0.0291 0.0275 19.0262 "" "" 2070449050168481920 1975.20422 0.4824 0.0325 -4.158 -9.389 0.038 0.035 1.065 5292.1 3.8592 16.124018 1.51926 16.828363 15.309103 "" "" 1855.31787 2103.76978 6688.67345 2.6419 2535.5 8.925 5963.7 9.4553 "" "" 0.002788493812485555 0.0047319415 0.0041529476 0.008884889 310.58646159936 45.85992194184 1975.20422 -4.157999999999995 -9.388999999999992 -1.905588157653809 -4.890529216766357 0.14808702 0.14508703 "" "" 49.140509817791425 "" 7.149256809000573 ""
310.55055034697 46.37456463899 0.0278 0.0296 16.2407 "" "" 2070524057479100928 1791.27661 0.5369 0.0319 -6.077 -5.697 0.036 0.037 1.019 5377.9 4.3327 16.125408 1.337441 16.71843 15.380988 "" "" 1688.79382 1876.80444 6680.1055 2.6762 2805.7 9.0604 5581.7 10.842 "" "" 0.0027894423290852344 0.004480863 0.0043279803 0.008808844 310.55055034697 46.37456463899 1791.27661 -6.077 -5.696999999999999 -3.8245881576538086 -1.1985292167663575 0.14608702 0.14708704 "" "" 34.03040565727376 "" 4.97445317465757 ""
310.54202876077 46.08323001381 0.0265 0.0292 8.0817 "" "" 2070504850385047808 2033.26587 0.4635 0.0327 -2.967 -7.621 0.035 0.039 1.006 5744.1 4.1421 16.125591 1.232205 16.658657 15.426452 "" "" 1898.29553 2171.3457 6678.977 2.9152 2964.5 7.7511 5352.8 11.139 "" "" 0.0027957765417989757 0.0039804378 0.004403241 0.008383678 310.54202876077 46.08323001381 2033.26587 -2.9669999999999943 -7.621 -0.7145881576538087 -3.122529216766358 0.14508703 0.14908703 "" "" 30.871920812758937 "" 4.596535895301139 ""
310.52657640996 46.11825456648 0.026 0.0285 6.8625 "" "" 2070505159622910336 2169.90771 0.4382 0.0315 -0.969 -2.866 0.034 0.037 1.034 5939.0 4.2063 16.127064 1.226004 16.659155 15.433151 "" "" 2013.26257 2318.48901 6669.92815 2.6921 2963.2 9.1133 5319.8 10.235 "" "" 0.0027899512689741387 0.0043514515 0.004318242 0.008669693 310.52657640996 46.11825456648 2169.90771 -0.9689999999999999 -2.8660000000000014 1.2834118423461915 1.6324707832336425 0.14408703 0.14708704 "" "" 21.358185774977613 "" 3.1171923799966548 ""
310.31485282275 46.3016334461 0.026 0.0296 10.1014 "" "" 2070522717449173760 1850.96875 0.5129 0.0316 -1.084 -2.446 0.035 0.036 0.984 6469.9 4.3007 16.129745 1.397881 16.752316 15.354435 "" "" 1757.04858 1979.41235 6653.47554 2.6745 2719.5 9.2455 5719.8 9.7243 "" "" 0.0027896709203334654 0.0046270816 0.004206064 0.008833146 310.31485282275 46.3016334461 1850.96875 -1.0839999999999996 -2.446 1.1684118423461913 2.0524707832336424 0.14508703 0.14608702 "" "" 20.72095536014527 "" 3.0220043232252967 ""
310.3946215295 46.17646351962 0.0268 0.0304 2.7095 "" "" 2070509385870687232 2403.11963 0.3956 0.0322 -4.35 -5.348 0.038 0.038 0.937 6816.0 4.2704 16.13525 1.272934 16.693455 15.420521 "" "" 2209.84448 2652.86255 6619.82983 2.8355 2871.0 8.0106 5382.1 8.9564 "" "" 0.002794292104294586 0.0041185305 0.004189056 0.008307586 310.3946215295 46.17646351962 2403.11963 -4.349999999999998 -5.348000000000001 -2.0975881576538082 -0.8495292167663573 0.14808702 0.14808702 "" "" 25.7783753030021 "" 3.81744289993078 ""
310.00640572599 46.02342287288 0.0278 0.03 16.3503 "" "" 2070492858835722240 2038.40063 0.4677 0.0339 -5.845 -8.763 0.042 0.036 0.982 7493.7 3.8714 16.135416 2.268313 17.315168 15.046855 "" "" 1908.80066 2209.60376 6618.81279 3.397 1619.4 9.3696 7593.0 13.813 "" "" 0.0028111033790516964 0.006873671 0.0042643785 0.01113805 310.00640572599 46.02342287288 2038.40063 -5.845000000000003 -8.762999999999995 -3.5925881576538083 -4.264529216766357 0.15208703 0.14608702 "" "" 53.876390914346516 "" 8.006411094044164 ""
310.41815197083 46.45493470598 0.0264 0.0291 19.2267 "" "" 2070528318086619392 2037.05481 0.4676 0.0318 -2.533 -3.969 0.036 0.035 1.011 6765.0 4.331 16.140133 1.282842 16.701853 15.419011 "" "" 1913.26746 2200.36084 6590.1223 2.6933 2848.9 9.731 5389.6 9.0309 "" "" 0.0027908211662732297 0.0046409504 0.00419446 0.008835411 310.41815197083 46.45493470598 2037.05481 -2.5330000000000004 -3.968999999999996 -0.2805881576538085 0.5294707832336427 0.14608702 0.14508703 "" "" 5.785888060409543 "" 0.8407293443401911 ""
310.43284929239 46.07852712379 0.027 0.03 4.523 "" "" 2070502204685138304 2139.43823 0.4459 0.0325 -3.24 -3.04 0.037 0.038 0.989 5944.8 4.2144 16.140318 1.238055 16.675867 15.437812 "" "" 2019.2666 2273.87671 6589.00478 3.0523 2917.9 7.564 5297.0 8.3749 "" "" 0.002800849179976466 0.0039631566 0.004150965 0.008114122 310.43284929239 46.07852712379 2139.43823 -3.24 -3.04 -0.9875881576538088 1.4584707832336425 0.14708704 0.14808702 "" "" 17.862066696977084 "" 2.6395380685476466 ""
310.63562994216 46.16250426281 0.0265 0.0286 11.4084 "" "" 2070506877609663488 2112.89136 0.4464 0.0328 -2.252 -10.854 0.036 0.035 0.967 5339.4 4.1785 16.14189 1.41297 16.782671 15.3697 "" "" 1976.09326 2278.26221 6579.47588 3.9846 2644.5 9.7638 5640.0 11.602 "" "" 0.002832691196202874 0.0048840996 0.004389996 0.009274095 310.63562994216 46.16250426281 2112.89136 -2.2519999999999945 -10.854 0.0004118423461916265 -6.355529216766357 0.14608702 0.14508703 "" "" 63.65129286501918 "" 9.234977261143307 ""
310.50884839763 45.94189328206 0.0291 0.0299 13.1594 "" "" 2070497359962021248 2163.64014 0.4418 0.0346 -2.007 -4.546 0.036 0.041 1.025 8950.7 4.2065 16.145765 1.61413 16.900759 15.286629 "" "" 2013.96045 2358.39185 6556.01976 2.9354 2372.0 7.31 6088.4 9.1137 "" "" 0.00279787608661608 0.004356698 0.004114014 0.008470712 310.50884839763 45.94189328206 2163.64014 -2.0070000000000032 -4.546000000000001 0.2454118423461913 -0.047529216766357685 0.14608702 0.15108703 "" "" 2.563626367090356 "" 0.3749835808668011 ""
310.37045103067 46.20380675247 0.0255 0.0308 4.0358 "" "" 2070521201312519552 2258.84644 0.4296 0.0319 -4.345 -4.227 0.034 0.036 0.991 7203.1 4.2741 16.149565 1.295735 16.717402 15.421666 "" "" 2088.48145 2399.35742 6533.12428 2.5348 2808.4 10.558 5376.4 8.0395 "" "" 0.0027873368706653233 0.004944267 0.0041133435 0.009057611 310.37045103067 46.20380675247 2258.84644 -4.345 -4.227 -2.0925881576538083 0.27147078323364227 0.14408703 0.14608702 "" "" 22.592950102017262 "" 3.256104094404079 ""
310.12033965491 45.93840571766 0.0276 0.0301 15.6305 "" "" 2070488563868455040 2179.46606 0.4308 0.0329 -3.303 -5.175 0.037 0.036 1.059 6734.3 4.3563 16.149736 1.209979 16.67559 15.465611 "" "" 2045.76685 2346.49951 6532.09598 2.4693 2918.6 9.3653 5163.1 8.4721 "" "" 0.002785722031977916 0.004463511 0.004178247 0.008641758 310.12033965491 45.93840571766 2179.46606 -3.303000000000001 -5.175000000000001 -1.0505881576538085 -0.6765292167663572 0.14708704 0.14608702 "" "" 12.908902787908193 "" 1.8949574070423816 ""
310.44392509466 46.18877957527 0.0299 0.0354 4.5689 "" "" 2070509248426522496 1995.76465 0.492 0.0369 -2.911 -1.502 0.04 0.045 1.168 6005.6 4.2666 16.154179 1.40941 16.653185 15.243774 "" "" 1845.33984 2177.75415 6505.42175 4.3003 2979.5 16.528 6333.6 16.941 "" "" 0.0028472607370267277 0.0066377427 0.004766295 0.0114040375 310.44392509466 46.18877957527 1995.76465 -2.9110000000000005 -1.5019999999999996 -0.6585881576538086 2.996470783233643 0.15008703 0.15508702 "" "" 29.022973436957567 "" 4.494502563080795 ""
310.10055041675 46.01435549112 0.0275 0.0305 13.1858 "" "" 2070489869538530688 1876.43738 0.5165 0.033 -2.063 -4.622 0.04 0.037 1.006 6637.4 4.3421 16.155514 1.329927 16.749619 15.419691 "" "" 1765.60071 2027.92761 6497.42975 2.8415 2726.3 10.543 5386.2 10.677 "" "" 0.0027959336272264626 0.005041243 0.004349238 0.009390481 310.10055041675 46.01435549112 1876.43738 -2.0629999999999997 -4.622 0.18941184234619124 -0.12352921676635731 0.15008703 0.14708704 "" "" 2.011301257130055 "" 0.3000823725060261 ""
310.7757713776 46.08979684771 0.0275 0.0283 17.3689 "" "" 2070459014492731776 2137.0481 0.4479 0.032 -0.552 -2.807 0.038 0.037 0.997 5328.3 4.2728 16.157488 1.322565 16.740086 15.417521 "" "" 1978.32239 2346.84912 6485.62625 2.7104 2750.3 8.5342 5397.0 10.828 "" "" 0.0027924305125685816 0.004374417 0.004362198 0.008736615 310.7757713776 46.08979684771 2137.0481 -0.5519999999999999 -2.8070000000000004 1.7004118423461914 1.6914707832336426 0.14808702 0.14708704 "" "" 24.295171283873287 "" 3.585736817150486 ""
310.18517246222 45.99927220911 0.0276 0.0331 11.101 "" "" 2070488941825640448 1921.85791 0.4947 0.0348 -2.123 -7.071 0.04 0.041 1.084 6361.7 4.4146 16.15883 1.314336 16.74223 15.427894 "" "" 1826.05701 2044.63037 6477.60332 2.6313 2744.9 8.9323 5345.7 11.339 "" "" 0.0027903956326152867 0.004502015 0.0044257822 0.008927798 310.18517246222 45.99927220911 1921.85791 -2.123 -7.071 0.12941184234619119 -2.572529216766357 0.15008703 0.15108703 "" "" 23.464362350580814 "" 3.545101802262056 ""
310.25688967532 45.97717627325 0.0271 0.0324 10.5546 "" "" 2070500555417543040 2313.55737 0.4121 0.0353 -4.921 -6.877 0.039 0.038 0.969 7916.6 3.9462 16.16414 1.548442 16.879234 15.330792 "" "" 2150.21802 2500.78906 6446.00487 4.6575 2419.5 11.851 5845.8 12.955 "" "" 0.002864823112769594 0.0060055694 0.0044803075 0.010485876 310.25688967532 45.97717627325 2313.55737 -4.921000000000001 -6.8770000000000024 -2.668588157653809 -2.378529216766357 0.14908703 0.14808702 "" "" 39.20153199877415 "" 5.827117084599192 ""
310.57368449007 45.86952071242 0.0271 0.027 18.2642 "" "" 2070449806082724608 1955.34143 0.4957 0.0311 -2.812 -5.02 0.037 0.035 0.98 5376.9 4.2052 16.16594 1.421844 16.808125 15.386281 "" "" 1853.70068 2077.12598 6435.33354 3.1116 2583.3 9.2425 5554.5 10.908 "" "" 0.0028048861075581663 0.004782745 0.0043393467 0.009122092 310.57368449007 45.86952071242 1955.34143 -2.8120000000000007 -5.02 -0.5595881576538084 -0.521529216766357 0.14708704 0.14508703 "" "" 7.089697927802325 "" 1.0362356319065862 ""
310.28251246993 46.03296615638 0.0292 0.0312 7.0824 "" "" 2070501105173394432 2459.12891 0.3899 0.0349 -2.225 -4.408 0.044 0.037 0.984 8029.5 4.3556 16.16606 1.368558 16.783363 15.414805 "" "" 2216.96729 2749.64648 6434.6179 2.8317 2642.8 10.679 5410.5 8.569 "" "" 0.0027964414918379586 0.005199312 0.0041521816 0.009351494 310.28251246993 46.03296615638 2459.12891 -2.2249999999999996 -4.4079999999999995 0.027411842346191317 0.09047078323364222 0.15408704 0.14708704 "" "" 1.101895095194267 "" 0.16273712847334318 ""
310.35470112851 46.30981410212 0.0265 0.031 10.3932 "" "" 2070523056738633600 2172.41919 0.4378 0.0323 -5.612 -6.281 0.035 0.039 0.954 6562.6 4.0347 16.166338 1.537273 16.882042 15.344769 "" "" 2032.34912 2357.56055 6432.97405 2.5848 2413.2 12.666 5771.0 10.334 "" "" 0.0027896428040956912 0.0063450327 0.0042501357 0.010595169 310.35470112851 46.30981410212 2172.41919 -5.611999999999995 -6.280999999999997 -3.3595881576538087 -1.7825292167663571 0.14508703 0.14908703 "" "" 39.16244759889527 "" 5.71674300620898 ""
309.95923876552 46.08294879899 0.0257 0.0288 17.1309 "" "" 2070494061426696576 1867.66321 0.5017 0.0319 -0.342 -4.171 0.035 0.034 1.019 6320.1 4.235 16.167402 1.515358 16.866459 15.351101 "" "" 1752.40125 1976.50928 6426.66815 2.8609 2448.1 10.682 5737.4 12.587 "" "" 0.002797390649219438 0.005498072 0.0044673686 0.00996544 309.95923876552 46.08294879899 1867.66321 -0.34199999999999964 -4.170999999999999 1.9104118423461913 0.3274707832336423 0.14508703 0.14408703 "" "" 17.159014111657527 "" 2.4890623082227155 ""
