Clusters/LP_0506/LP_0506_members.tsv
# %ECSV 1.0
# ---
# datatype:
# - name: RA_ICRS_1
#   unit: deg
#   datatype: float64
#   format: '{:15.11f}'
#   description: Right ascension (ICRS) at Ep=2016.0 (ra)
#   meta: !!omap
#   - {ucd: POS_EQ_RA_MAIN}
#   - {width: 15}
#   - {precision: '11'}
# - name: DE_ICRS_1
#   unit: deg
#   datatype: float64
#   format: '{:15.11f}'
#   description: Declination (ICRS) at Ep=2016.0 (dec)
#   meta: !!omap
#   - {ucd: POS_EQ_DEC_MAIN}
#   - {width: 15}
#   - {precision: '11'}
# - name: e_RA_ICRS
#   unit: mas
#   datatype: float64
#   format: '{:7.4f}'
#   description: Standard error of right ascension (ra_error)
#   meta: !!omap
#   - {ucd: ERROR}
#   - {width: 7}
#   - {precision: '4'}
# - name: e_DE_ICRS
#   unit: mas
#   datatype: float64
#   format: '{:7.4f}'
#   description: Standard error of declination (dec_error)
#   meta: !!omap
#   - {ucd: ERROR}
#   - {width: 7}
#   - {precision: '4'}
# - name: _r_1
#   unit: ''
#   datatype: float64
#   format: '{:7.4f}'
#   description: Distance from center (310.36370808000+46.13670585000)[ICRS], at Epoch=J2016.0
#   meta: !!omap
#   - {ucd: POS_ANG_DIST_GENERAL}
#   - {width: 7}
#   - {precision: '4'}
# - name: HIP
#   datatype: int32
#   description: '? HIP cross-id number, van Leeuwen, Cat. I/311 (hip_original_ext_source_id)'
#   meta: !!omap
#   - {ucd: ID_NUMBER}
#   - {width: 6}
#   - values: {'null': -2147483648}
# - name: TYC2
#   datatype: string
#   description: Tycho-2 cross-id name, Hog et al., Cat. I/259 (tyc2_original_ext_source_id)
#   meta: !!omap
#   - {ucd: ID_CROSSID}
#   - {_votable_string_dtype: char}
# - name: Source
#   datatype: int64
#   description: Source identifier, identical to the Gaia-EDR3 source_id (id)
#   meta: !!omap
#   - {ucd: ID_MAIN}
#   - {width: 19}
# - name: rgeo
#   unit: pc
#   datatype: float64
#   format: '{:15.8f}'
#   description: '? Median of the geometric distance posterior (r_med_geo)'
#   meta: !!omap
#   - {ucd: PHYS_DISTANCE_TRUE}
#   - {width: 15}
#   - {precision: '8'}
#   - values: {'null': .nan}
# - name: Plx
#   unit: mas
#   datatype: float64
#   format: '{:9.4f}'
#   description: '? Parallax (parallax)'
#   meta: !!omap
#   - {ucd: POS_PARLX_TRIG}
#   - {width: 9}
#   - {precision: '4'}
#   - values: {'null': .nan}
# - name: e_Plx
#   unit: mas
#   datatype: float32
#   format: '{:7.4f}'
#   description: '? Standard error of parallax (parallax_error)'
#   meta: !!omap
#   - {ucd: ERROR}
#   - {width: 7}
#   - {precision: '4'}
#   - values: {'null': .nan}
# - name: pmRA
#   unit: mas / yr
#   datatype: float64
#   format: '{:9.3f}'
#   description: '? Proper motion in right ascension direction, pmRA*cosDE (pmra)'
#   meta: !!omap
#   - {ucd: POS_EQ_PMRA}
#   - {width: 9}
#   - {precision: '3'}
#   - values: {'null': .nan}
# - name: pmDE
#   unit: mas / yr
#   datatype: float64
#   format: '{:9.3f}'
#   description: '? Proper motion in declination direction (pmdec)'
#   meta: !!omap
#   - {ucd: POS_EQ_PMDEC}
#   - {width: 9}
#   - {precision: '3'}
#   - values: {'null': .nan}
# - name: e_pmRA
#   unit: mas / yr
#   datatype: float32
#   format: '{:6.3f}'
#   description: '? Standard error of proper motion in right ascension direction (pmra_error)'
#   meta: !!omap
#   - {ucd: ERROR}
#   - {width: 6}
#   - {precision: '3'}
#   - values: {'null': .nan}
# - name: e_pmDE
[...]
#         unit: &id001 !astropy.units.Unit {unit: deg}
#         value: !astropy.table.SerializedColumn {name: SkyCoord.dec}
#       distance: !astropy.table.SerializedColumn
#         __class__: astropy.coordinates.distances.Distance
#         unit: !astropy.units.Unit {unit: pc}
#         value: !astropy.table.SerializedColumn {name: SkyCoord.distance}
#       frame: icrs
#       obstime: !astropy.time.Time {format: jyear_str, in_subfmt: '*', jd1: 367701545.0, jd2: 0.0, out_subfmt: '*', precision: 3, scale: tt}
#       pm_dec: !astropy.table.SerializedColumn
#         __class__: astropy.units.quantity.Quantity
#         unit: !astropy.units.Unit {unit: mas / yr}
#         value: !astropy.table.SerializedColumn {name: SkyCoord.pm_dec}
#       pm_ra_cosdec: !astropy.table.SerializedColumn
#         __class__: astropy.units.quantity.Quantity
#         unit: !astropy.units.Unit {unit: mas / yr}
#         value: !astropy.table.SerializedColumn {name: SkyCoord.pm_ra_cosdec}
#       ra: !astropy.table.SerializedColumn
#         __class__: astropy.coordinates.angles.Longitude
#         unit: *id001
#         value: !astropy.table.SerializedColumn {name: SkyCoord.ra}
#         wrap_angle: !astropy.coordinates.Angle
#           unit: *id001
#           value: 360.0
#       representation_type: spherical
# schema: astropy-2.0
RA_ICRS_1 DE_ICRS_1 e_RA_ICRS e_DE_ICRS _r_1 HIP TYC2 Source rgeo Plx e_Plx pmRA pmDE e_pmRA e_pmDE RUWE Teff logg Gmag BP-RP BPmag RPmag RV e_RV b_rgeo B_rgeo FG e_FG FBP e_FBP FRP e_FRP RAVE5 RAVE6 e_Gmag e_BPmag e_RPmag e_BP-RP SkyCoord.ra SkyCoord.dec SkyCoord.distance SkyCoord.pm_ra_cosdec SkyCoord.pm_dec Pmemb
310.36666893913 46.09140572872 0.007 0.0083 2.7208 "" 3574-2433-1 2070502681412524928 2341.43872 0.4144 0.009 -2.225 -4.621 0.009 0.01 0.913 6698.4 2.6129 12.214115 0.947389 12.593285 11.645896 -22.82 7.5 2288.69702 2395.57837 245075.98162 54.418 125340.0 102.26 174100.0 101.66 "" "" 0.0027658471196148685 0.0029274062 0.003832187 0.0067595933 310.36666893913 46.09140572872 2341.43872 -2.225 -4.621 0.99
310.33110862804 46.25353016701 0.0097 0.0113 7.139 "" "" 2070522266463387904 2313.82935 0.4217 0.012 -2.295 -4.532 0.013 0.014 1.0 "" "" 12.901657 1.728638 13.722736 11.994099 "" "" 2249.36206 2379.47705 130101.9804 23.695 44292.0 29.877 126330.0 44.162 "" "" 0.002762406736397672 0.0028846883 0.0037983924 0.0066830805 310.33110862804 46.25353016701 2313.82935 -2.2950000000000004 -4.532 0.99
310.37117563094 46.12347505059 0.0106 0.0124 0.8524 "" "" 2070503269837006336 2429.7959 0.3932 0.0134 -2.282 -4.542 0.014 0.014 1.016 "" "" 12.984339 0.941099 13.361861 12.420762 "" "" 2342.57373 2497.37305 120562.21432 22.975 61755.0 51.318 85281.0 36.978 "" "" 0.00276307774291839 0.0029324195 0.0038085901 0.0067410097 310.37117563094 46.12347505059 2429.7959 -2.282 -4.542 0.99
310.31548985201 46.17525975495 0.0098 0.0111 3.0606 "" "" 2070515360156920064 2376.40942 0.3933 0.012 -2.246 -4.459 0.012 0.013 0.993 "" "" 13.685943 1.351887 14.281828 12.929941 "" "" 2297.5625 2457.45288 63178.53746 26.411 26466.0 43.29 53356.0 66.132 "" "" 0.002792453232428466 0.0033074073 0.004011817 0.007319224 310.31548985201 46.17525975495 2376.40942 -2.245999999999999 -4.459 0.99
310.37901895411 46.19634763785 0.0096 0.0112 3.6346 "" "" 2070521136901360128 2188.13794 0.4297 0.0119 -2.291 -4.429 0.013 0.013 0.956 "" "" 13.805756 0.836506 14.135535 13.299029 "" "" 2134.35669 2236.96216 56577.60508 9.5578 30283.0 21.128 37979.0 18.565 "" "" 0.002761418278615464 0.002891169 0.003816465 0.006707634 310.37901895411 46.19634763785 2188.13794 -2.2909999999999986 -4.429 0.98
310.44093574102 46.15462114056 0.0105 0.0123 3.3855 "" "" 2070509076632841344 2303.88403 0.4076 0.013 -2.077 -4.623 0.014 0.016 1.157 "" "" 13.826182 1.242148 14.363675 13.121527 "" "" 2249.78516 2368.18555 55523.10535 8.6398 24544.0 13.36 44725.0 26.163 "" "" 0.0027604950625034416 0.0028520739 0.0038323773 0.0066844514 310.44093574102 46.15462114056 2303.88403 -2.077000000000001 -4.623 0.99
310.37254748721 46.07991859914 0.0105 0.0127 3.427 "" "" 2070502617001960576 2237.67383 0.4203 0.0139 -2.195 -4.569 0.014 0.015 1.044 11259.3 3.7965 13.845068 1.045179 14.275845 13.230665 "" "" 2170.18628 2313.06274 54565.69732 10.967 26612.0 28.855 40448.0 26.909 "" "" 0.002763948065622804 0.0030283595 0.0038477865 0.006876146 310.37254748721 46.07991859914 2237.67383 -2.1950000000000007 -4.569000000000001 0.99
310.28261498389 46.03669862828 0.0195 0.0217 6.8843 "" "" 2070501173892872704 2227.53125 0.4238 0.024 -2.211 -4.481 0.028 0.025 2.111 9740.1 3.7239 13.934983 1.256004 14.474371 13.218367 "" "" 2128.00488 2350.10718 50228.87307 11.67 22165.0 17.692 40908.0 17.284 "" "" 0.002766843428237951 0.0029216597 0.00380712 0.0067287795 310.28261498389 46.03669862828 2227.53125 -2.2109999999999994 -4.481000000000001 0.98
310.4380144007 46.10947485744 0.0117 0.014 3.4955 "" "" 2070502410843580928 2222.3291 0.4231 0.0149 -2.308 -4.505 0.016 0.018 1.076 "" "" 14.095713 0.943304 14.478569 13.535265 "" "" 2138.05591 2300.89893 43317.337 8.5303 22080.0 21.535 30553.0 18.461 "" "" 0.002763603422006874 0.0029843585 0.003835897 0.0068202554 310.4380144007 46.10947485744 2222.3291 -2.3080000000000007 -4.504999999999999 0.99
310.39934237445 46.17027744631 0.0109 0.013 2.5002 "" "" 2070509385870687744 2376.51343 0.3929 0.0137 -2.219 -4.478 0.015 0.015 1.006 7190.7 3.5529 14.161309 0.910432 14.524677 13.614245 "" "" 2296.42334 2459.08691 40777.74208 8.5346 21161.0 20.008 28409.0 13.188 "" "" 0.0027646749013091163 0.0029730303 0.0038128418 0.0067858724 310.39934237445 46.17027744631 2376.51343 -2.219 -4.478 0.99
310.30608654864 46.01489456183 0.013 0.0149 7.6921 "" "" 2070500899014973568 2353.43188 0.3975 0.0165 -2.288 -4.431 0.018 0.018 0.968 9274.2 3.6142 14.347917 0.950133 14.730141 13.780007 "" "" 2250.37231 2440.45264 34338.40544 6.53 17513.0 19.77 24387.0 19.231 "" "" 0.0027630453025526357 0.003047506 0.0038751492 0.0069226553 310.30608654864 46.01489456183 2353.43188 -2.2879999999999994 -4.431000000000002 0.99
310.47620350548 46.22440148394 0.0122 0.0134 7.0375 "" "" 2070509695108381824 2304.5271 0.4082 0.0146 -1.991 -4.406 0.016 0.017 0.978 9237.3 3.7046 14.443285 1.176065 14.943203 13.767138 "" "" 2237.53198 2361.00537 31450.88474 5.6339 14392.0 14.348 24678.0 21.958 "" "" 0.0027621760153007475 0.0029927702 0.0039008989 0.0068936693 310.47620350548 46.22440148394 2304.5271 -1.9910000000000003 -4.406000000000001 0.96
310.45424113961 46.15504574952 0.0123 0.0141 3.921 "" "" 2070509076632846976 2178.65381 0.4348 0.015 -2.256 -4.425 0.016 0.017 0.935 "" "" 14.446763 0.881694 14.797031 13.915338 "" "" 2113.05566 2238.61841 31350.28318 6.7632 16467.0 18.123 21529.0 13.34 "" "" 0.002765257892030164 0.003035274 0.0038387922 0.0068740663 310.45424113961 46.15504574952 2178.65381 -2.256 -4.424999999999999 0.98
310.41302625601 46.13455051292 0.0151 0.0182 2.0546 "" "" 2070503235477296640 2277.10913 0.4136 0.0185 -2.257 -4.496 0.019 0.022 1.269 "" "" 14.540895 0.820865 14.861426 14.040562 "" "" 2182.29834 2359.43701 28746.72557 6.6989 15518.0 14.386 19184.0 12.862 "" "" 0.0027669123545335465 0.0029661693 0.0038488463 0.0068150153 310.41302625601 46.13455051292 2277.10913 -2.2569999999999997 -4.495999999999999 0.99
310.2711522864 46.15853546229 0.014 0.0162 4.0642 "" "" 2070515776781981056 2369.70142 0.3945 0.0171 -2.293 -4.505 0.018 0.019 1.016 10194.6 3.6748 14.611467 1.680414 15.401473 13.721059 "" "" 2265.65039 2491.35474 26937.64809 7.1656 9436.9 17.249 25747.0 14.476 "" "" 0.0027704155857507995 0.0034239495 0.003828364 0.007252313 310.2711522864 46.15853546229 2369.70142 -2.293 -4.505 0.98
310.46078829915 46.12222521291 0.0139 0.0156 4.1292 "" "" 2070508217639381632 2541.35278 0.3697 0.0169 -1.951 -4.647 0.018 0.019 0.993 9274.5 3.7484 14.636332 0.959078 15.024872 14.065794 "" "" 2437.17456 2666.99146 26327.74659 5.5857 13350.0 12.562 18743.0 14.089 "" "" 0.002764932283254393 0.0029713323 0.0038664988 0.006837831 310.46078829915 46.12222521291 2541.35278 -1.951 -4.647 0.92
310.37748162409 46.19544667364 0.0131 0.0154 3.5706 "" "" 2070521136901206912 2203.68384 0.4314 0.0161 -2.153 -4.464 0.017 0.018 1.036 "" "" 14.646972 0.89023 14.999691 14.109461 "" "" 2122.99756 2320.46582 26071.02866 5.6983 13663.0 12.389 18004.0 16.484 "" "" 0.0027655206099103766 0.0029587639 0.0039079287 0.0068666926 310.37748162409 46.19544667364 2203.68384 -2.153 -4.464 0.97
310.38191582176 46.18589671632 0.0136 0.0163 3.0469 "" "" 2070521136901206528 2300.84912 0.4052 0.017 -2.068 -4.583 0.019 0.021 1.017 7985.5 3.9923 14.692463 0.896431 15.048741 14.15231 "" "" 2228.29541 2399.72681 25001.24282 5.3438 13059.0 12.042 17307.0 12.131 "" "" 0.0027650758362658084 0.0029643571 0.0038552415 0.0068195984 310.38191582176 46.18589671632 2300.84912 -2.068000000000001 -4.583000000000001 0.99
310.2486165644 46.16449331711 0.0149 0.0169 5.0661 "" "" 2070515742422237184 2176.55029 0.4314 0.018 -2.242 -4.29 0.02 0.02 0.992 9434.0 3.6532 14.73595 1.92778 15.68882 13.76104 "" "" 2092.03369 2270.06299 24019.64205 7.4979 7242.5 14.382 24817.0 12.198 "" "" 0.0027760865064472267 0.0035261195 0.0038168728 0.0073429924 310.2486165644 46.16449331711 2176.55029 -2.241999999999999 -4.289999999999999 0.99
310.42020660946 46.18020461297 0.0153 0.0192 3.5107 "" "" 2070509351510745728 2339.82349 0.4026 0.0194 -2.347 -4.45 0.021 0.024 1.085 7188.2 3.5735 14.912539 1.019753 15.330002 14.310248 "" "" 2238.54761 2449.39673 20414.14093 4.9011 10079.0 11.936 14964.0 9.2461 "" "" 0.0027676229708356952 0.003072177 0.0038384616 0.006910639 310.42020660946 46.18020461297 2339.82349 -2.347 -4.45 0.99
310.32701974197 46.11895558113 0.016 0.0186 1.8606 "" "" 2070514677270114944 2148.77246 0.4401 0.0194 -2.272 -4.507 0.021 0.022 0.972 8918.5 3.562 14.951818 1.462634 15.612977 14.150343 "" "" 2065.94067 2223.75195 19688.82221 4.8286 7766.5 12.147 17339.0 11.945 "" "" 0.0027681564767288356 0.0032662908 0.0038526864 0.007118977 310.32701974197 46.11895558113 2148.77246 -2.2719999999999994 -4.507 0.99
310.44070398187 46.09962757541 0.0159 0.018 3.8992 "" "" 2070502307764364416 2339.09668 0.4042 0.0201 -2.3 -4.426 0.021 0.022 1.062 9339.9 3.949 14.958368 0.960822 15.347319 14.386497 "" "" 2233.09229 2448.88257 19570.39051 4.6014 9919.5 12.196 13950.0 11.333 "" "" 0.0027671206487169557 0.003093062 0.0038809464 0.0069740084 310.44070398187 46.09962757541 2339.09668 -2.3 -4.426 0.99
310.36609764883 46.04219659195 0.0188 0.021 5.6714 "" "" 2070501723648743040 2349.22241 0.399 0.0223 -2.383 -4.469 0.027 0.025 1.172 6899.0 3.2222 14.959976 0.906253 15.321148 14.414895 "" "" 2237.86157 2471.34082 19541.421 4.4407 10161.0 10.355 13589.0 14.329 "" "" 0.0027663449604455074 0.003001552 0.0039489786 0.0069505307 310.36609764883 46.04219659195 2349.22241 -2.383 -4.469000000000001 0.95
310.41822989207 46.23691744377 0.0151 0.0173 6.4251 "" "" 2070521686657051008 2266.82983 0.4152 0.0183 -2.266 -4.688 0.02 0.021 0.968 9262.2 3.9399 15.00572 0.913756 15.371679 14.457923 "" "" 2169.55835 2383.56006 18735.21963 4.3757 9699.4 10.529 13061.0 11.34 "" "" 0.002766964338501304 0.0030288855 0.0038951712 0.0069240564 310.41822989207 46.23691744377 2266.82983 -2.265999999999999 -4.687999999999999 0.99
310.3196141605 46.13323378809 0.0159 0.0185 1.8451 "" "" 2070514780349330944 2314.35791 0.4075 0.0199 -2.246 -4.526 0.02 0.021 1.016 8995.7 3.435 15.006942 1.721804 15.824031 14.102227 "" "" 2193.59741 2415.37915 18714.14484 5.4176 6394.5 13.937 18125.0 12.087 "" "" 0.0027731897834104703 0.0036585336 0.003848112 0.0075066453 310.3196141605 46.13323378809 2314.35791 -2.246000000000001 -4.526 0.99
310.25832419548 46.02147933866 0.016 0.0185 8.1875 "" "" 2070500761575989248 2261.96484 0.4284 0.0204 -2.211 -4.518 0.023 0.021 1.04 9277.7 3.7364 15.016562 1.010199 15.429706 14.419506 "" "" 2126.0061 2388.42773 18549.04796 4.4766 9194.6 15.397 13532.0 14.129 "" "" 0.0027677516364134833 0.003330268 0.003945739 0.007276007 310.25832419548 46.02147933866 2261.96484 -2.2110000000000003 -4.518 0.99
310.49043811942 46.13388451601 0.0165 0.0181 5.2718 "" "" 2070508148919921408 2273.64575 0.4181 0.0203 -2.256 -4.492 0.022 0.024 0.963 "" "" 15.105017 0.988304 15.505257 14.516953 "" "" 2160.35718 2374.66138 17097.79489 3.8817 8576.6 12.975 12370.0 12.899 "" "" 0.0027663240300110593 0.003237745 0.0039453176 0.007183063 310.49043811942 46.13388451601 2273.64575 -2.256000000000001 -4.492000000000002 0.99
310.3653841974 46.11492113443 0.0226 0.0263 1.3089 "" "" 2070503269836998912 2428.2085 0.3905 0.0283 -2.565 -4.451 0.029 0.032 1.378 "" "" 15.208297 1.354721 15.80086 14.446139 "" "" 2265.01587 2600.69458 15546.33459 4.8146 6532.4 11.21 13204.0 11.006 "" "" 0.0027757612399633507 0.0033550747 0.0038862259 0.0072413003 310.3653841974 46.11492113443 2428.2085 -2.5650000000000004 -4.450999999999997 0.94
310.40523134573 46.13394380515 0.0178 0.0217 1.7344 "" "" 2070503201117554432 2358.00562 0.395 0.0227 -2.147 -4.585 0.022 0.026 0.95 9240.9 4.0603 15.250647 0.95072 15.636487 14.685767 "" "" 2244.54297 2472.34058 14951.618 4.018 7600.1 14.092 10589.0 13.408 "" "" 0.0027707257628903303 0.0034406174 0.00402166 0.007462277 310.40523134573 46.13394380515 2358.00562 -2.1470000000000007 -4.584999999999999 0.98
310.41452739345 46.20320170868 0.0174 0.0206 4.5141 "" "" 2070509519001475840 2237.25586 0.4224 0.0218 -2.318 -4.475 0.023 0.026 0.949 9119.2 3.9197 15.280378 0.974896 15.676789 14.701894 "" "" 2138.60693 2318.78955 14547.73575 3.767 7323.2 11.4 10433.0 9.4462 "" "" 0.0027696262908873184 0.003262161 0.0039051375 0.0071672983 310.41452739345 46.20320170868 2237.25586 -2.3179999999999996 -4.474999999999999 0.99
310.40592481652 46.15263323373 0.0193 0.0212 1.9983 "" "" 2070503441635729280 2587.19531 0.3642 0.0229 -2.189 -4.506 0.024 0.026 1.02 9225.8 4.1831 15.322653 0.968428 15.716967 14.748539 "" "" 2446.11377 2768.33032 13992.18989 3.8656 7057.2 10.651 9994.1 11.977 "" "" 0.0027715992092767257 0.0032357646 0.00399709 0.007232854 310.40592481652 46.15263323373 2587.19531 -2.189 -4.506 0.98
310.27981275402 46.01777655867 0.02 0.0244 7.9443 "" "" 2070501070813647104 2420.43652 0.3885 0.026 -2.432 -4.39 0.028 0.028 1.207 9148.5 3.8063 15.359043 1.111159 15.824112 14.712953 "" "" 2283.56421 2593.15869 13530.98339 4.3302 6394.0 11.467 10327.0 11.766 "" "" 0.002777141841867297 0.0034024224 0.003976677 0.0073790997 310.27981275402 46.01777655867 2420.43652 -2.4319999999999995 -4.390000000000001 0.99
310.25900742342 46.01003893006 0.019 0.0233 8.7609 "" "" 2070500761575984384 2285.81543 0.4111 0.0247 -2.205 -4.488 0.027 0.027 1.036 9251.8 3.9668 15.36582 1.080142 15.814033 14.733891 "" "" 2148.41528 2427.51392 13446.7957 3.3505 6453.6 14.368 10130.0 9.6379 "" "" 0.002768569267251548 0.003691621 0.00391801 0.007609631 310.25900742342 46.01003893006 2285.81543 -2.2050000000000005 -4.4879999999999995 0.99
310.39370179006 46.16457031941 0.0193 0.0221 2.0855 "" "" 2070503510355203456 2329.19604 0.4029 0.0236 -2.141 -4.405 0.026 0.027 0.983 7462.9 3.9988 15.392946 1.301571 15.958101 14.65653 "" "" 2197.80933 2465.10376 13115.00206 3.902 5651.7 13.761 10878.0 15.886 "" "" 0.0027741914026618237 0.003843651 0.004098513 0.007942164 310.39370179006 46.16457031941 2329.19604 -2.141 -4.405000000000002 0.98
310.30426964943 46.21948403344 0.019 0.0225 5.5467 "" "" 2070516326537816960 2220.43286 0.4194 0.0238 -2.342 -4.405 0.026 0.027 1.076 9529.4 3.8261 15.399641 1.786543 16.255562 14.469019 "" "" 2093.29004 2360.61597 13034.37494 4.1613 4297.3 14.728 12929.0 16.427 "" "" 0.0027770380073074115 0.0046509895 0.004023271 0.00867426 310.30426964943 46.21948403344 2220.43286 -2.3419999999999996 -4.404999999999999 0.99
310.25450756009 46.08944754646 0.0207 0.0245 5.3545 "" "" 2070513302880521216 2330.81714 0.3899 0.0256 -2.212 -4.441 0.028 0.03 1.063 "" "" 15.43292 2.657686 16.905758 14.248072 "" "" 2199.54419 2457.5918 12640.92315 4.6832 2361.1 13.591 15846.0 18.16 "" "" 0.00278452664422294 0.006844281 0.0039789416 0.010823223 310.25450756009 46.08944754646 2330.81714 -2.212000000000001 -4.440999999999999 0.99
310.3714034087 46.16150120045 0.0194 0.0225 1.5217 "" "" 2070503475995676416 2317.10303 0.407 0.0233 -2.289 -4.554 0.025 0.027 1.016 8492.4 3.6025 15.480275 1.278292 16.036367 14.758076 "" "" 2208.42261 2430.4043 12101.42946 3.3707 5258.6 11.887 9906.7 11.191 "" "" 0.0027718668938904478 0.003715993 0.0039734123 0.007689405 310.3714034087 46.16150120045 2317.10303 -2.2890000000000006 -4.554 0.99
310.4257345962 46.11401588187 0.0201 0.0228 2.9166 "" "" 2070502376483837056 2317.26953 0.404 0.0242 -2.201 -4.468 0.026 0.028 0.991 8758.9 3.9756 15.511405 1.093386 15.969177 14.875792 "" "" 2181.18335 2471.60083 11759.39349 3.5683 5594.3 8.8319 8888.8 10.359 "" "" 0.0027749472636917176 0.0032746207 0.003985568 0.0072601885 310.4257345962 46.11401588187 2317.26953 -2.201 -4.468 0.99
310.36113481 46.13464733928 0.02 0.0243 0.1634 "" "" 2070503372916219264 2329.62769 0.4022 0.0249 -2.198 -4.533 0.026 0.03 1.054 8461.8 3.579 15.54461 1.486848 16.215935 14.729087 "" "" 2219.68188 2472.14526 11405.19929 3.415 4457.0 9.5682 10175.0 10.96 "" "" 0.0027744327451758857 0.003635636 0.003956192 0.0075918282 310.36113481 46.13464733928 2329.62769 -2.198 -4.533 0.99
310.29924574868 46.12858673265 0.0235 0.0298 2.7242 "" "" 2070514745989577344 2194.0 0.4218 0.0278 -2.26 -4.495 0.031 0.035 1.106 9272.3 3.7045 15.563802 2.233382 16.741478 14.508096 "" "" 2087.95752 2335.22778 11205.36263 17.539 2746.8 33.075 12472.0 89.616 "" "" 0.0032372597749519877 0.01336808 0.008668674 0.022036754 310.29924574868 46.12858673265 2194.0 -2.260000000000001 -4.495 0.95
