Clusters/LP_0506/LP_0506_members.tsv
# %ECSV 1.0
# ---
# datatype:
# - name: RA_ICRS_1
#   unit: deg
#   datatype: float64
#   format: '{:15.11f}'
#   description: Right ascension (ICRS) at Ep=2016.0 (ra)
#   meta: !!omap
#   - {ucd: POS_EQ_RA_MAIN}
#   - {width: 15}
#   - {precision: '11'}
# - name: DE_ICRS_1
#   unit: deg
#   datatype: float64
#   format: '{:15.11f}'
#   description: Declination (ICRS) at Ep=2016.0 (dec)
#   meta: !!omap
#   - {ucd: POS_EQ_DEC_MAIN}
#   - {width: 15}
#   - {precision: '11'}
# - name: e_RA_ICRS
#   unit: mas
#   datatype: float64
#   format: '{:7.4f}'
#   description: Standard error of right ascension (ra_error)
#   meta: !!omap
#   - {ucd: ERROR}
#   - {width: 7}
#   - {precision: '4'}
# - name: e_DE_ICRS
#   unit: mas
#   datatype: float64
#   format: '{:7.4f}'
#   description: Standard error of declination (dec_error)
#   meta: !!omap
#   - {ucd: ERROR}
#   - {width: 7}
#   - {precision: '4'}
# - name: _r_1
#   unit: ''
#   datatype: float64
#   format: '{:7.4f}'
#   description: Distance from center (310.36370808000+46.13670585000)[ICRS], at Epoch=J2016.0
#   meta: !!omap
#   - {ucd: POS_ANG_DIST_GENERAL}
#   - {width: 7}
#   - {precision: '4'}
# - name: HIP
#   datatype: int32
#   description: '? HIP cross-id number, van Leeuwen, Cat. I/311 (hip_original_ext_source_id)'
#   meta: !!omap
#   - {ucd: ID_NUMBER}
#   - {width: 6}
#   - values: {'null': -2147483648}
# - name: TYC2
#   datatype: string
#   description: Tycho-2 cross-id name, Hog et al., Cat. I/259 (tyc2_original_ext_source_id)
#   meta: !!omap
#   - {ucd: ID_CROSSID}
#   - {_votable_string_dtype: char}
# - name: Source
#   datatype: int64
#   description: Source identifier, identical to the Gaia-EDR3 source_id (id)
#   meta: !!omap
#   - {ucd: ID_MAIN}
#   - {width: 19}
# - name: rgeo
#   unit: pc
#   datatype: float64
#   format: '{:15.8f}'
#   description: '? Median of the geometric distance posterior (r_med_geo)'
#   meta: !!omap
#   - {ucd: PHYS_DISTANCE_TRUE}
#   - {width: 15}
#   - {precision: '8'}
#   - values: {'null': .nan}
# - name: Plx
#   unit: mas
#   datatype: float64
#   format: '{:9.4f}'
#   description: '? Parallax (parallax)'
#   meta: !!omap
#   - {ucd: POS_PARLX_TRIG}
#   - {width: 9}
#   - {precision: '4'}
#   - values: {'null': .nan}
# - name: e_Plx
#   unit: mas
#   datatype: float32
#   format: '{:7.4f}'
#   description: '? Standard error of parallax (parallax_error)'
#   meta: !!omap
#   - {ucd: ERROR}
#   - {width: 7}
#   - {precision: '4'}
#   - values: {'null': .nan}
# - name: pmRA
#   unit: mas / yr
#   datatype: float64
#   format: '{:9.3f}'
#   description: '? Proper motion in right ascension direction, pmRA*cosDE (pmra)'
#   meta: !!omap
#   - {ucd: POS_EQ_PMRA}
#   - {width: 9}
#   - {precision: '3'}
#   - values: {'null': .nan}
# - name: pmDE
#   unit: mas / yr
#   datatype: float64
#   format: '{:9.3f}'
#   description: '? Proper motion in declination direction (pmdec)'
#   meta: !!omap
#   - {ucd: POS_EQ_PMDEC}
#   - {width: 9}
#   - {precision: '3'}
#   - values: {'null': .nan}
# - name: e_pmRA
#   unit: mas / yr
#   datatype: float32
#   format: '{:6.3f}'
#   description: '? Standard error of proper motion in right ascension direction (pmra_error)'
#   meta: !!omap
#   - {ucd: ERROR}
#   - {width: 6}
#   - {precision: '3'}
#   - values: {'null': .nan}
# - name: e_pmDE
[...]
#         unit: &id001 !astropy.units.Unit {unit: deg}
#         value: !astropy.table.SerializedColumn {name: SkyCoord.dec}
#       distance: !astropy.table.SerializedColumn
#         __class__: astropy.coordinates.distances.Distance
#         unit: !astropy.units.Unit {unit: pc}
#         value: !astropy.table.SerializedColumn {name: SkyCoord.distance}
#       frame: icrs
#       obstime: !astropy.time.Time {format: jyear_str, in_subfmt: '*', jd1: 367701545.0, jd2: 0.0, out_subfmt: '*', precision: 3, scale: tt}
#       pm_dec: !astropy.table.SerializedColumn
#         __class__: astropy.units.quantity.Quantity
#         unit: !astropy.units.Unit {unit: mas / yr}
#         value: !astropy.table.SerializedColumn {name: SkyCoord.pm_dec}
#       pm_ra_cosdec: !astropy.table.SerializedColumn
#         __class__: astropy.units.quantity.Quantity
#         unit: !astropy.units.Unit {unit: mas / yr}
#         value: !astropy.table.SerializedColumn {name: SkyCoord.pm_ra_cosdec}
#       ra: !astropy.table.SerializedColumn
#         __class__: astropy.coordinates.angles.Longitude
#         unit: *id001
#         value: !astropy.table.SerializedColumn {name: SkyCoord.ra}
#         wrap_angle: !astropy.coordinates.Angle
#           unit: *id001
#           value: 360.0
#       representation_type: spherical
# schema: astropy-2.0
RA_ICRS_1 DE_ICRS_1 e_RA_ICRS e_DE_ICRS _r_1 HIP TYC2 Source rgeo Plx e_Plx pmRA pmDE e_pmRA e_pmDE RUWE Teff logg Gmag BP-RP BPmag RPmag RV e_RV b_rgeo B_rgeo FG e_FG FBP e_FBP FRP e_FRP RAVE5 RAVE6 e_Gmag e_BPmag e_RPmag e_BP-RP SkyCoord.ra SkyCoord.dec SkyCoord.distance SkyCoord.pm_ra_cosdec SkyCoord.pm_dec Pmemb
[from data line 41]
310.30935638257 46.10650586898 0.022 0.025 2.897 "" "" 2070514574190883328 2126.58496 0.4428 0.0272 -2.242 -4.485 0.029 0.03 0.995 9181.9 3.9891 15.7668 1.669816 16.55285 14.883035 "" "" 2020.72107 2232.84546 9294.5168 3.2259 3268.0 10.323 8829.7 9.5099 "" "" 0.0027809696429271415 0.004421251 0.003956156 0.008377407 310.30935638257 46.10650586898 2126.58496 -2.241999999999999 -4.485000000000001 0.98
310.3301531916 46.05348917275 0.0237 0.0267 5.1845 "" "" 2070502513922706176 2363.04443 0.4024 0.0289 -2.244 -4.678 0.033 0.033 1.025 9154.5 4.2429 15.813491 1.15956 16.30213 15.14257 "" "" 2206.94775 2494.4624 8903.28636 2.9819 4116.9 12.116 6952.3 10.249 "" "" 0.0027792122350972005 0.0042420593 0.004104337 0.0083463965 310.3301531916 46.05348917275 2363.04443 -2.2439999999999998 -4.678000000000001 0.98
310.33251436151 46.12761525597 0.0244 0.0288 1.407 "" "" 2070514711630103424 2418.71387 0.3912 0.0292 -2.406 -4.381 0.03 0.034 1.072 9195.6 3.8339 15.835504 1.524442 16.532389 15.007947 "" "" 2246.16992 2574.05029 8724.59302 3.1733 3330.1 9.9079 7870.1 15.496 "" "" 0.0027834758240303146 0.0042685084 0.004342101 0.00861061 310.33251436151 46.12761525597 2418.71387 -2.4059999999999997 -4.381 0.98
310.28616187221 46.14154622537 0.024 0.0279 3.237 "" "" 2070514952148004736 2112.28198 0.4311 0.0298 -2.05 -4.199 0.031 0.034 0.996 "" "" 15.869283 2.841699 17.484795 14.643096 "" "" 1985.98572 2260.30103 8457.33653 6.5873 1385.2 10.343 11013.0 18.002 "" "" 0.0028821758987291777 0.008573678 0.004175344 0.012749022 310.28616187221 46.14154622537 2112.28198 -2.0500000000000003 -4.199 0.82
310.18524972095 46.04860283997 0.0237 0.0283 9.115 "" "" 2070512718764917888 2232.47559 0.4204 0.0302 -2.179 -4.475 0.033 0.033 1.028 "" "" 15.873856 1.419778 16.493834 15.074056 "" "" 2084.30811 2401.51221 8421.79137 3.321 3450.5 10.648 7405.2 11.79 "" "" 0.002788385861128589 0.004360153 0.004155945 0.008516097 310.18524972095 46.04860283997 2232.47559 -2.1789999999999994 -4.475 0.99
310.42617290548 46.20996824652 0.0255 0.03 5.1047 "" "" 2070509557669401216 2148.76733 0.444 0.0313 -2.429 -4.56 0.034 0.039 1.14 7986.2 4.0383 15.915092 1.332066 16.496567 15.164501 "" "" 2012.9375 2314.58521 8107.92946 3.4261 3441.8 9.1565 6813.3 8.9655 "" "" 0.002793255824228684 0.0040160078 0.00404041 0.008056417 310.42617290548 46.20996824652 2148.76733 -2.4290000000000003 -4.5600000000000005 0.98
310.38709056206 46.11034650457 0.0254 0.0301 1.8566 "" "" 2070503098038319488 2258.40527 0.4151 0.0314 -2.276 -4.473 0.033 0.036 1.018 9000.0 4.2409 15.979092 1.306288 16.55809 15.251802 "" "" 2103.60278 2410.50146 7643.81122 2.7765 3252.2 7.3767 6286.9 11.391 "" "" 0.0027834013253729656 0.003721542 0.0042607067 0.007982248 310.38709056206 46.11034650457 2258.40527 -2.276 -4.473 0.99
310.44194688777 46.10447188811 0.0255 0.0302 3.7852 "" "" 2070502342124104960 2543.1853 0.3667 0.0317 -2.469 -4.28 0.032 0.038 1.02 7992.6 4.0929 16.05275 1.297757 16.62174 15.323983 "" "" 2379.15649 2760.24927 7142.45003 2.777 3067.1 7.5707 5882.5 11.349 "" "" 0.0027874699421476354 0.0038687685 0.004321048 0.008189816 310.44194688777 46.10447188811 2543.1853 -2.468999999999998 -4.279999999999999 0.95
310.37714349961 46.16608602414 0.0264 0.0305 1.8492 "" "" 2070503510355418112 2312.48267 0.4117 0.0323 -2.2 -4.494 0.035 0.039 0.978 8371.8 4.0824 16.058424 1.367734 16.611464 15.24373 "" "" 2122.96606 2511.41797 7105.21274 3.1036 3096.2 24.075 6333.8 66.521 "" "" 0.0027958376698226156 0.008891443 0.01201299 0.020904433 310.37714349961 46.16608602414 2312.48267 -2.2 -4.494 0.98
310.42514504885 46.27043846463 0.0255 0.029 8.4198 "" "" 2070521789736278272 2352.2583 0.401 0.0307 -2.223 -4.805 0.034 0.036 0.937 8776.5 4.0418 16.099699 1.516452 16.793497 15.277045 "" "" 2203.74683 2504.97583 6840.17068 2.7064 2618.3 12.226 6142.4 14.856 "" "" 0.0027886076940322985 0.005786859 0.004602107 0.010388967 310.42514504885 46.27043846463 2352.2583 -2.223 -4.805 0.98
310.43813151406 46.1612176299 0.0309 0.0365 3.4254 "" "" 2070509145352318464 2169.0874 0.4405 0.0378 -2.179 -4.392 0.04 0.045 1.13 7987.1 4.2966 16.118797 1.254845 16.664501 15.409657 "" "" 2036.82556 2312.67944 6720.90147 2.6254 2948.6 6.2244 5436.2 7.5155 "" "" 0.0027877715267984205 0.0036108312 0.0040665455 0.0076773767 310.43813151406 46.1612176299 2169.0874 -2.1790000000000007 -4.392000000000001 0.93
310.28251246993 46.03296615638 0.0292 0.0312 7.0824 "" "" 2070501105173394432 2459.12891 0.3899 0.0349 -2.225 -4.408 0.044 0.037 0.984 8029.5 4.3556 16.16606 1.368558 16.783363 15.414805 "" "" 2216.96729 2749.64648 6434.6179 2.8317 2642.8 10.679 5410.5 8.569 "" "" 0.0027964414918379586 0.005199312 0.0041521816 0.009351494 310.28251246993 46.03296615638 2459.12891 -2.2249999999999996 -4.4079999999999995 0.99
310.26035877583 46.03709777213 0.0276 0.0316 7.3631 "" "" 2070512890563641728 2258.32812 0.4086 0.0344 -2.251 -4.572 0.039 0.037 1.067 "" "" 16.182852 1.564598 16.907816 15.343218 "" "" 2102.77368 2421.10889 6335.86149 2.559 2356.6 11.009 5779.2 12.887 "" "" 0.0027899979835190403 0.0057888743 0.0044883555 0.01027723 310.26035877583 46.03709777213 2258.32812 -2.2509999999999994 -4.571999999999999 0.97
310.301996269 46.10397473942 0.0277 0.0328 3.2317 "" "" 2070514574190876928 2365.65039 0.4028 0.0353 -2.16 -4.491 0.037 0.04 1.041 9247.1 3.567 16.229382 1.927905 17.17938 15.251475 "" "" 2238.36401 2553.81909 6070.07317 2.8242 1835.1 7.9879 6288.8 12.597 "" "" 0.002801244781779793 0.0054882127 0.004360456 0.009848669 310.301996269 46.10397473942 2365.65039 -2.1599999999999997 -4.491 0.99
310.39142819677 46.09567216428 0.0292 0.0351 2.7186 "" "" 2070502994959101056 2382.15454 0.3951 0.037 -2.25 -4.598 0.037 0.044 1.0 8494.3 4.2726 16.265902 1.438109 16.919437 15.481328 "" "" 2195.80542 2576.49585 5869.30251 2.9965 2331.5 8.8388 5088.9 8.7074 "" "" 0.0028105245246694143 0.0049726292 0.004211293 0.009183923 310.39142819677 46.09567216428 2382.15454 -2.25 -4.598000000000002 0.98
310.36602620003 46.14951997279 0.0292 0.0332 0.7749 "" "" 2070503372916228864 2243.41187 0.4287 0.0352 -2.304 -4.433 0.039 0.04 1.007 9253.4 4.0262 16.284878 1.651059 17.059242 15.408183 "" "" 2084.03516 2426.01636 5767.60752 2.5711 2049.8 5.7012 5443.6 12.051 "" "" 0.002797507426823325 0.0041114814 0.00447895 0.008590432 310.36602620003 46.14951997279 2243.41187 -2.303999999999999 -4.433 0.98
310.35347230595 46.11752470211 0.0281 0.0343 1.2271 "" "" 2070502960599347712 2453.69043 0.3886 0.0354 -2.262 -4.536 0.036 0.042 0.979 8779.8 4.2316 16.286268 1.417598 16.92538 15.507783 "" "" 2266.56665 2666.25 5760.22362 2.6814 2318.8 9.109 4966.4 7.9338 "" "" 0.0028012911136253275 0.0050966986 0.004158374 0.009255072 310.35347230595 46.11752470211 2453.69043 -2.261999999999999 -4.535999999999999 0.99
310.25143443095 46.01968723212 0.0292 0.0337 8.434 "" "" 2070500761575983104 2411.36646 0.3902 0.0371 -2.322 -4.456 0.041 0.039 0.983 8268.7 4.2945 16.32805 1.372159 16.945568 15.573409 "" "" 2249.55688 2641.40405 5542.76321 2.5603 2276.1 9.8987 4675.1 12.436 "" "" 0.0028005914387591825 0.005484597 0.004756566 0.010241163 310.25143443095 46.01968723212 2411.36646 -2.322 -4.456000000000001 0.98
310.30166264674 46.24344717336 0.0284 0.0341 6.9035 "" "" 2070516429617035520 2146.9043 0.4462 0.0352 -2.244 -4.396 0.038 0.041 1.037 9423.4 4.0794 16.329027 1.87938 17.245531 15.366151 "" "" 2001.31323 2298.64844 5537.77887 2.5475 1726.6 7.7962 5658.5 11.841 "" "" 0.002800223593575906 0.005640862 0.0044097374 0.010050599 310.30166264674 46.24344717336 2146.9043 -2.2439999999999998 -4.395999999999999 0.98
310.24025270148 46.1539302712 0.03 0.0353 5.2351 "" "" 2070515708062700032 2278.76514 0.4126 0.0372 -2.275 -4.63 0.038 0.042 0.997 8405.5 3.0456 16.339043 2.022482 17.351398 15.328917 "" "" 2093.40674 2474.53687 5486.93291 2.8747 1566.2 8.3726 5855.9 17.73 "" "" 0.0028134256631197957 0.0064399545 0.005008999 0.011448953 310.24025270148 46.1539302712 2278.76514 -2.2749999999999995 -4.63 0.98
310.26169068028 46.2235584098 0.0286 0.0337 6.717 "" "" 2070516463976757376 2269.22803 0.4256 0.0357 -2.666 -4.762 0.038 0.041 1.02 6080.8 4.3254 16.346207 1.200339 16.862108 15.661769 "" "" 2087.30444 2475.27856 5450.84376 2.4652 2458.0 11.488 4309.7 9.1673 "" "" 0.0027987327655279812 0.005790927 0.0044291685 0.0102200955 310.26169068028 46.2235584098 2269.22803 -2.665999999999999 -4.761999999999999 0.83
310.42502294811 46.15639529212 0.0305 0.0366 2.8093 "" "" 2070509110992572672 2299.48218 0.4005 0.0377 -2.21 -4.675 0.04 0.046 1.01 7184.8 4.3387 16.433771 1.450957 17.097197 15.646239 "" "" 2094.7439 2545.60327 5028.49481 2.4576 1979.4 9.5202 4371.8 9.3986 "" "" 0.002805951715473155 0.005920669 0.004442065 0.010362734 310.42502294811 46.15639529212 2299.48218 -2.2099999999999995 -4.675 0.98
310.37715150729 46.1318753284 0.0312 0.0378 0.6296 "" "" 2070503304196751744 2300.94116 0.4168 0.0394 -2.153 -4.474 0.039 0.045 0.983 "" "" 16.462904 1.461629 17.124704 15.663075 "" "" 2107.10986 2555.47607 4895.36774 2.1565 1929.9 8.7703 4304.6 6.7856 "" "" 0.002796524224508527 0.005668328 0.004148855 0.009817183 310.37715150729 46.1318753284 2300.94116 -2.1529999999999996 -4.473999999999998 0.98
310.31723964847 46.11304226749 0.0331 0.0392 2.3979 "" "" 2070514672961988480 2206.88086 0.4119 0.0408 -2.234 -4.476 0.042 0.047 1.013 7483.6 3.893 16.52762 1.899367 17.446703 15.547336 "" "" 1991.61877 2388.57886 4612.09529 2.4604 1434.6 8.317 4788.8 15.646 "" "" 0.0028155402639510416 0.006885172 0.005183362 0.012068534 310.31723964847 46.11304226749 2206.88086 -2.2340000000000004 -4.476000000000001 0.98
310.28487281163 46.01088247809 0.0327 0.0392 8.2317 "" "" 2070501070813648128 2176.2041 0.4394 0.0421 -2.257 -4.496 0.046 0.047 0.977 7602.8 4.3239 16.537289 1.443827 17.196733 15.752907 "" "" 2000.86829 2429.84424 4571.21427 2.2402 1806.0 10.588 3962.7 11.376 "" "" 0.0028062255642268322 0.006949992 0.0048988555 0.011848847 310.28487281163 46.01088247809 2176.2041 -2.257000000000001 -4.496 0.98
310.19154371823 46.17389838261 0.0381 0.0455 7.4955 "" "" 2070514505471646848 1817.98486 0.5266 0.0471 -2.285 -4.025 0.047 0.052 1.065 6661.3 4.3631 16.654732 1.523798 17.35487 15.831072 "" "" 1674.32312 2042.01917 4102.54918 2.4919 1561.2 13.525 3687.5 12.45 "" "" 0.002833143525516839 0.00981107 0.0052651092 0.015076179 310.19154371823 46.17389838261 1817.98486 -2.285 -4.025 0.94
310.41065792577 46.17196783327 0.0401 0.0489 2.8782 "" "" 2070509317150999296 1819.96741 0.5154 0.0499 -2.242 -4.493 0.054 0.066 1.017 4767.2 4.3502 16.926992 1.584305 17.637661 16.053356 "" "" 1651.78894 2010.52124 3192.63937 2.3817 1203.2 18.4 3004.8 24.195 "" "" 0.0028719015276814524 0.016836483 0.00952442 0.026360903 310.41065792577 46.17196783327 1819.96741 -2.242 -4.493 0.85
