Clusters/LP_0506/LP_0506_stars_in_region.tsv
# %ECSV 1.0
# ---
# datatype:
# - name: RA_ICRS_1
#   unit: deg
#   datatype: float64
#   format: '{:15.11f}'
#   description: Right ascension (ICRS) at Ep=2016.0 (ra)
#   meta: !!omap
#   - {ucd: POS_EQ_RA_MAIN}
#   - {width: 15}
#   - {precision: '11'}
# - name: DE_ICRS_1
#   unit: deg
#   datatype: float64
#   format: '{:15.11f}'
#   description: Declination (ICRS) at Ep=2016.0 (dec)
#   meta: !!omap
#   - {ucd: POS_EQ_DEC_MAIN}
#   - {width: 15}
#   - {precision: '11'}
# - name: e_RA_ICRS
#   unit: mas
#   datatype: float64
#   format: '{:7.4f}'
#   description: Standard error of right ascension (ra_error)
#   meta: !!omap
#   - {ucd: ERROR}
#   - {width: 7}
#   - {precision: '4'}
# - name: e_DE_ICRS
#   unit: mas
#   datatype: float64
#   format: '{:7.4f}'
#   description: Standard error of declination (dec_error)
#   meta: !!omap
#   - {ucd: ERROR}
#   - {width: 7}
#   - {precision: '4'}
# - name: _r_1
#   unit: ''
#   datatype: float64
#   format: '{:7.4f}'
#   description: Distance from center (310.36370808000+46.13670585000)[ICRS], at Epoch=J2016.0
#   meta: !!omap
#   - {ucd: POS_ANG_DIST_GENERAL}
#   - {width: 7}
#   - {precision: '4'}
# - name: HIP
#   datatype: int32
#   description: '? HIP cross-id number, van Leeuwen, Cat. I/311 (hip_original_ext_source_id)'
#   meta: !!omap
#   - {ucd: ID_NUMBER}
#   - {width: 6}
#   - values: {'null': -2147483648}
# - name: TYC2
#   datatype: string
#   description: Tycho-2 cross-id name, Hog et al., Cat. I/259 (tyc2_original_ext_source_id)
#   meta: !!omap
#   - {ucd: ID_CROSSID}
#   - {_votable_string_dtype: char}
# - name: Source
#   datatype: int64
#   description: Source identifier, identical to the Gaia-EDR3 source_id (id)
#   meta: !!omap
#   - {ucd: ID_MAIN}
#   - {width: 19}
# - name: rgeo
#   unit: pc
#   datatype: float64
#   format: '{:15.8f}'
#   description: '? Median of the geometric distance posterior (r_med_geo)'
#   meta: !!omap
#   - {ucd: PHYS_DISTANCE_TRUE}
#   - {width: 15}
#   - {precision: '8'}
#   - values: {'null': .nan}
# - name: Plx
#   unit: mas
#   datatype: float64
#   format: '{:9.4f}'
#   description: '? Parallax (parallax)'
#   meta: !!omap
#   - {ucd: POS_PARLX_TRIG}
#   - {width: 9}
#   - {precision: '4'}
#   - values: {'null': .nan}
# - name: e_Plx
#   unit: mas
#   datatype: float32
#   format: '{:7.4f}'
#   description: '? Standard error of parallax (parallax_error)'
#   meta: !!omap
#   - {ucd: ERROR}
#   - {width: 7}
#   - {precision: '4'}
#   - values: {'null': .nan}
# - name: pmRA
#   unit: mas / yr
#   datatype: float64
#   format: '{:9.3f}'
#   description: '? Proper motion in right ascension direction, pmRA*cosDE (pmra)'
#   meta: !!omap
#   - {ucd: POS_EQ_PMRA}
#   - {width: 9}
#   - {precision: '3'}
#   - values: {'null': .nan}
# - name: pmDE
#   unit: mas / yr
#   datatype: float64
#   format: '{:9.3f}'
#   description: '? Proper motion in declination direction (pmdec)'
#   meta: !!omap
#   - {ucd: POS_EQ_PMDEC}
#   - {width: 9}
#   - {precision: '3'}
#   - values: {'null': .nan}
# - name: e_pmRA
#   unit: mas / yr
#   datatype: float32
#   format: '{:6.3f}'
#   description: '? Standard error of proper motion in right ascension direction (pmra_error)'
#   meta: !!omap
#   - {ucd: ERROR}
#   - {width: 6}
#   - {precision: '3'}
#   - values: {'null': .nan}
# - name: e_pmDE
[...]
#         value: !astropy.table.SerializedColumn {name: SkyCoord.dec}
#       distance: !astropy.table.SerializedColumn
#         __class__: astropy.coordinates.distances.Distance
#         unit: !astropy.units.Unit {unit: pc}
#         value: !astropy.table.SerializedColumn {name: SkyCoord.distance}
#       frame: icrs
#       obstime: !astropy.time.Time {format: jyear_str, in_subfmt: '*', jd1: 367701545.0, jd2: 0.0, out_subfmt: '*', precision: 3, scale: tt}
#       pm_dec: !astropy.table.SerializedColumn
#         __class__: astropy.units.quantity.Quantity
#         unit: !astropy.units.Unit {unit: mas / yr}
#         value: !astropy.table.SerializedColumn {name: SkyCoord.pm_dec}
#       pm_ra_cosdec: !astropy.table.SerializedColumn
#         __class__: astropy.units.quantity.Quantity
#         unit: !astropy.units.Unit {unit: mas / yr}
#         value: !astropy.table.SerializedColumn {name: SkyCoord.pm_ra_cosdec}
#       ra: !astropy.table.SerializedColumn
#         __class__: astropy.coordinates.angles.Longitude
#         unit: *id001
#         value: !astropy.table.SerializedColumn {name: SkyCoord.ra}
#         wrap_angle: !astropy.coordinates.Angle
#           unit: *id001
#           value: 360.0
#       representation_type: spherical
# schema: astropy-2.0
RA_ICRS_1 DE_ICRS_1 e_RA_ICRS e_DE_ICRS _r_1 HIP TYC2 Source rgeo Plx e_Plx pmRA pmDE e_pmRA e_pmDE RUWE Teff logg Gmag BP-RP BPmag RPmag RV e_RV b_rgeo B_rgeo FG e_FG FBP e_FBP FRP e_FRP RAVE5 RAVE6 e_Gmag e_BPmag e_RPmag e_BP-RP SkyCoord.ra SkyCoord.dec SkyCoord.distance SkyCoord.pm_ra_cosdec SkyCoord.pm_dec rmRA rmDE e_rmRA e_rmDE rRV e_rRV v_pec v_pec3d e_vpec e_vpec3d
[from data line 30]
310.60054995488 46.09877846237 0.0096 0.0105 10.1099 "" "" 2070505224033163904 2190.71338 0.4499 0.0119 -3.744 -7.356 0.013 0.013 1.178 "" "" 12.755329 1.775516 13.619608 11.844091 -32.88 0.69 2132.82642 2257.60742 148872.76231 20.888 48705.0 36.574 145050.0 31.73 "" "" 0.0027595282247177785 0.0029068505 0.0037868372 0.0066936878 310.60054995488 46.09877846237 2190.71338 -3.744 -7.355999999999999 -1.4915881576538088 -2.8575292167663573 0.12308703 0.12308703 -6.6910000000000025 1.5 33.471727157470106 34.133942050459424 4.119935606266207 4.0506926387982185
310.66600432354 45.90488754605 0.0088 0.0097 18.7641 "" "" 2070449565564588800 1757.16626 0.5621 0.0108 -2.246 -7.322 0.012 0.012 1.101 4658.2 2.4552 12.765097 1.661537 13.558278 11.896741 -34.82 0.41 1727.27795 1792.42566 147539.45431 20.202 51535.0 27.591 138190.0 35.659 "" "" 0.002759327973640542 0.0028500773 0.003789752 0.0066398294 310.66600432354 45.90488754605 1757.16626 -2.2459999999999996 -7.322 0.00641184234619141 -2.8235292167663575 0.12208703 0.12208703 -8.631 1.22 23.51714533442177 25.050953787836413 2.8711384656525905 2.7279242805275064
310.48519125818 46.41051238731 0.0228 0.0236 17.1836 "" "" 2070525122630975488 1819.25562 0.5421 0.0272 -3.436 -4.395 0.03 0.031 2.681 6097.6 2.6917 12.782455 1.969013 13.765225 11.796212 -5.0 0.69 1722.38599 1909.51941 145199.31149 31.513 42592.0 35.709 151590.0 90.898 "" "" 0.0027653780471121932 0.0029349027 0.0038350464 0.006769949 310.48519125818 46.41051238731 1819.25562 -3.4359999999999973 -4.394999999999998 -1.1835881576538085 0.103470783233643 0.14008702 0.14108703 21.189 1.5 10.245329065930362 23.535940360843828 1.4353156336032584 1.4879588424432402
310.0871896077 45.99978829585 0.0095 0.0107 14.1417 "" "" 2070489491581394944 1857.64368 0.5315 0.0115 -0.657 -5.893 0.013 0.013 1.105 "" "" 12.809294 1.803631 13.692124 11.888494 -0.71 0.59 1820.84985 1895.05859 141654.10806 25.322 45558.0 28.49 139240.0 41.412 "" "" 0.0027621474606348037 0.002871594 0.0037931518 0.0066647455 310.0871896077 45.99978829585 1857.64368 -0.657 -5.893000000000001 1.5954118423461914 -1.3945292167663572 0.12308703 0.12308703 25.479 1.4 18.65805537534016 31.58009612697941 2.296564689444027 1.7654668690178168
310.77445063211 45.99939970797 0.0112 0.0119 18.9797 "" "" 2070457429639449472 2120.2478 0.4597 0.0133 -2.356 -4.292 0.015 0.015 1.144 6477.6 3.0909 12.83936 1.049802 13.276303 12.226501 -33.1 5.53 2061.76465 2192.17896 137785.26873 21.054 66818.0 38.576 101990.0 31.813 "" "" 0.0027603103908878084 0.0028597135 0.0037945253 0.006654239 310.77445063211 45.99939970797 2120.2478 -2.356 -4.292 -0.10358815765380847 0.20647078323364276 0.12508702 0.12508702 -6.911000000000001 6.34 2.321537398626294 7.290504570550694 0.29039420146977446 6.010685095454977
310.15207194877 46.30714372353 0.0139 0.0171 13.4819 "" "" 2070520862023252864 1947.29395 0.4923 0.0177 -2.816 -4.547 0.019 0.021 1.386 14266.9 3.9518 12.900455 0.775003 13.199562 12.424559 "" "" 1884.79651 2031.59131 130246.16155 30.658 71712.0 56.418 84984.0 51.42 "" "" 0.002767147162375719 0.0029179915 0.0038360506 0.006754042 310.15207194877 46.30714372353 1947.29395 -2.8159999999999954 -4.546999999999997 -0.5635881576538084 -0.04852921676635713 0.12908703 0.13108703 "" "" 5.22126598079792 "" 0.6740751705028613 ""
310.33110862804 46.25353016701 0.0097 0.0113 7.139 "" "" 2070522266463387904 2313.82935 0.4217 0.012 -2.295 -4.532 0.013 0.014 1.0 "" "" 12.901657 1.728638 13.722736 11.994099 "" "" 2249.36206 2379.47705 130101.9804 23.695 44292.0 29.877 126330.0 44.162 "" "" 0.002762406736397672 0.0028846883 0.0037983924 0.0066830805 310.33110862804 46.25353016701 2313.82935 -2.2950000000000004 -4.532 -0.04258815765380852 -0.03352921676635745 0.12308703 0.12408703 "" "" 0.5944736007060873 "" 0.07340003447920662 ""
310.34598093853 45.82091842041 0.0108 0.0133 18.9617 "" "" 2070472341763670016 1771.86963 0.5405 0.0137 -2.418 -1.485 0.014 0.016 0.989 "" "" 12.903267 0.502328 13.088219 12.585891 "" "" 1730.83594 1823.89307 129909.19985 27.442 79457.0 45.072 73249.0 21.926 "" "" 0.0027648492122962377 0.0028573347 0.00379333 0.006650665 310.34598093853 45.82091842041 1771.86963 -2.418 -1.4849999999999999 -0.16558815765380874 3.0134707832336423 0.12408703 0.12608702 "" "" 25.34730342327323 "" 3.1958146746595224 ""
309.91460841096 46.02926187855 0.0121 0.0125 19.7707 "" "" 2070492309079861120 1768.5564 0.5531 0.014 -3.918 -7.597 0.017 0.016 1.238 "" "" 12.950644 1.828102 13.846943 12.018841 -15.4 0.68 1725.51355 1813.33704 124362.42707 19.325 39504.0 29.895 123490.0 51.886 "" "" 0.0027604808054073155 0.0029086322 0.003806814 0.0067154462 309.91460841096 46.02926187855 1768.5564 -3.9179999999999997 -7.597 -1.6655881576538087 -3.098529216766358 0.12708703 0.12608702 10.789 1.49 29.489746492362066 31.401395975080163 3.724905585118306 3.5354030508989416
310.08660527069 46.00839781229 0.0125 0.0133 13.8675 "" "" 2070489693431927680 2115.39551 0.4534 0.0146 -0.44 -2.377 0.017 0.016 1.075 12193.0 3.9498 12.954559 0.809347 13.270873 12.461526 "" "" 2054.19775 2181.32593 123914.71472 28.033 67153.0 55.716 82139.0 37.798 "" "" 0.0027662466656313074 0.0029319834 0.0038122633 0.006744247 310.08660527069 46.00839781229 2115.39551 -0.44000000000000006 -2.376999999999999 1.8124118423461915 2.121470783233643 0.12708703 0.12608702 "" "" 27.97773010394372 "" 3.5394600681560244 ""
310.44141291857 45.93223644038 0.0103 0.0121 12.6879 "" "" 2070496569687990400 1903.92566 0.5095 0.0132 -2.301 -1.515 0.014 0.015 1.142 4669.1 2.4998 12.97779 1.744341 13.822423 12.078082 -99.8 0.63 1857.77112 1961.07581 121291.58494 21.282 40406.0 27.459 116930.0 35.997 "" "" 0.002761898170656959 0.00288608 0.0037941332 0.006680213 310.44141291857 45.93223644038 1903.92566 -2.301 -1.5149999999999997 -0.04858815765380875 2.983470783233643 0.12408703 0.12508702 -73.61099999999999 1.44 26.928223521574655 78.38181257809674 3.3683641974860805 1.7798842321311186
310.34460210548 46.19026135131 0.0137 0.0162 3.31 "" "" 2070515497594931840 1773.39258 0.5451 0.0167 0.96 -4.631 0.019 0.02 1.453 "" "" 12.981485 1.735223 13.747082 12.011859 -11.43 1.03 1727.41052 1825.75952 120879.50862 32.179 43310.0 591.9 124280.0 870.81 "" "" 0.0027704382728283004 0.015098362 0.008494644 0.023593007 310.34460210548 46.19026135131 1773.39258 0.9600000000000013 -4.631000000000002 3.2124118423461914 -0.13252921676635765 0.12908703 0.13008703 14.759 1.8399999 27.02612110030113 30.7934944871176 3.4887678273379663 3.186411329939348
310.23192514921 46.21605574412 0.0097 0.0118 7.2556 "" "" 2070516154739102208 1923.76331 0.4999 0.0122 -2.564 -4.438 0.013 0.014 1.1 5158.6 2.8317 12.98269 1.666475 13.777096 12.11062 -15.1 0.47 1878.83875 1964.15088 120745.45781 20.331 42129.0 23.749 113480.0 44.095 "" "" 0.002761378421763157 0.0028565112 0.003802856 0.006659367 310.23192514921 46.21605574412 1923.76331 -2.564000000000001 -4.438000000000001 -0.31158815765380865 0.060470783233642855 0.12308703 0.12408703 11.089 1.28 2.89427204216673 11.460485663970266 0.35635282455480893 1.2417748041605001
310.37117563094 46.12347505059 0.0106 0.0124 0.8524 "" "" 2070503269837006336 2429.7959 0.3932 0.0134 -2.282 -4.542 0.014 0.014 1.016 "" "" 12.984339 0.941099 13.361861 12.420762 "" "" 2342.57373 2497.37305 120562.21432 22.975 61755.0 51.318 85281.0 36.978 "" "" 0.00276307774291839 0.0029324195 0.0038085901 0.0067410097 310.37117563094 46.12347505059 2429.7959 -2.282 -4.542 -0.029588157653808622 -0.04352921676635724 0.12408703 0.12408703 "" "" 0.60618859102039 "" 0.07522014079173564 ""
310.15082109159 46.25713965522 0.0103 0.0127 11.4186 "" "" 2070520071749264640 1837.33081 0.5262 0.0136 -5.58 -6.24 0.014 0.015 1.136 "" "" 12.992175 1.927904 13.95573 12.027825 -23.68 0.38 1798.21716 1877.02539 119695.23767 22.059 35738.0 32.725 122470.0 39.497 "" "" 0.0027625761283200326 0.0029620063 0.0037955677 0.006757574 310.15082109159 46.25713965522 1837.33081 -5.579999999999999 -6.240000000000002 -3.3275881576538087 -1.7415292167663576 0.12408703 0.12508702 2.5090000000000003 1.19 32.70875785593892 32.80484600601634 4.065787536708622 4.0549000633290175
310.4457170441 46.37341643539 0.0102 0.0111 14.6045 "" "" 2070524607234862976 1798.19666 0.5338 0.0124 2.075 -0.253 0.014 0.014 1.162 4931.4 2.7253 13.00131 1.805574 13.883972 12.078398 -51.58 0.56 1760.453 1839.78284 118692.31606 56.305 38179.0 71.365 116900.0 163.93 "" "" 0.002803045666433513 0.0034501944 0.0040745367 0.007524731 310.4457170441 46.37341643539 1798.19666 2.0749999999999997 -0.2529999999999999 4.327411842346192 4.2454707832336425 0.12408703 0.12408703 -25.391 1.37 51.6710450839144 57.57256100838241 6.411706428729909 5.786103082490031
310.32685028787 45.91580811382 0.0087 0.0104 13.3425 "" "" 2070499181028024576 2292.04272 0.4108 0.0113 -2.258 -4.47 0.012 0.012 0.976 "" "" 13.03675 0.818603 13.35146 12.532858 "" "" 2234.00684 2339.5498 114880.61962 217.57 62349.0 392.33 76916.0 403.12 "" "" 0.0034380177082487277 0.0073797656 0.006831124 0.014210889 310.32685028787 45.91580811382 2292.04272 -2.258 -4.469999999999999 -0.005588157653808601 0.028470783233642827 0.12208703 0.12208703 "" "" 0.31521644350517186 "" 0.03848383989995689 ""
310.61731667201 45.97695814632 0.008 0.0084 14.2608 "" "" 2070456540591476992 2151.04907 0.4407 0.0098 -4.982 -3.377 0.011 0.01 0.977 "" "" 13.038564 1.75116 13.888745 12.137586 -16.41 0.68 2108.49561 2198.23877 114688.85354 18.249 38012.0 24.142 110690.0 30.71 "" "" 0.002760730932951559 0.0028741173 0.0037913672 0.0066654845 310.61731667201 45.97695814632 2151.04907 -4.982 -3.377 -2.729588157653809 1.1214707832336428 0.12108703 0.12008703 9.779 1.49 30.088223952328452 31.637478749190358 3.63896355588939 3.4912774594030056
310.62999600834 45.98189742808 0.0083 0.009 14.4635 "" "" 2070456574951220224 1768.04187 0.5381 0.0103 3.4 -2.782 0.012 0.012 1.104 4965.2 2.827 13.094643 1.664105 13.886324 12.222219 -56.24 0.61 1736.15808 1799.59216 108915.46999 17.471 38097.0 19.559 102390.0 48.447 "" "" 0.0027608190236498294 0.0028453053 0.0038141373 0.0066594426 310.62999600834 45.98189742808 1768.04187 3.4 -2.781999999999996 5.652411842346192 1.7164707832336425 0.12208703 0.12208703 -30.051000000000002 1.4200001 49.50612201806605 57.913027189637084 6.044055483354649 5.218951132440694
310.34887955468 46.31639388129 0.0081 0.0092 10.7988 "" "" 2070523061046575744 1793.10229 0.5268 0.0101 -1.368 -0.127 0.011 0.011 0.934 "" "" 13.110523 1.82151 14.002626 12.181116 -6.53 0.84 1760.71594 1820.71802 107334.02427 21.944 34227.0 27.103 106340.0 36.991 "" "" 0.0027642470926663707 0.002919627 0.003798206 0.0067178328 310.34887955468 46.31639388129 1793.10229 -1.368000000000001 -0.1270000000000009 0.8844118423461913 4.371470783233643 0.12108703 0.12108703 19.659 1.65 37.907224677592204 42.70168572500921 4.590073235691116 4.144910781456907
310.49119397763 46.09918678926 0.0119 0.0127 5.7603 "" "" 2070507942761481344 2043.91162 0.4571 0.0144 -3.441 -4.834 0.015 0.016 1.474 "" "" 13.116039 1.631772 13.88736 12.255588 -11.78 1.21 1978.67725 2112.58398 106790.1508 16.46 38060.0 23.952 99294.0 26.815 "" "" 0.002760397627829533 0.002872615 0.0037907385 0.006663353 310.49119397763 46.09918678926 2043.91162 -3.4410000000000003 -4.833999999999998 -1.1885881576538084 -0.33552921676635705 0.12508702 0.12608702 14.409 2.02 11.965233373158275 18.729284307579416 1.4975818103157155 1.8249377671954463
310.05473692716 45.95107864848 0.0097 0.0106 17.0182 "" "" 2070489319782671104 2138.96948 0.42 0.0116 -2.263 -2.505 0.014 0.013 1.087 4634.3 1.9364 13.150163 2.95299 14.867453 11.914462 -7.17 1.59 2099.05957 2193.02441 103486.04887 37.169 15432.0 22.8 135950.0 76.117 "" "" 0.0027827792766641594 0.0032184236 0.0038279577 0.007046381 310.05473692716 45.95107864848 2138.96948 -2.263 -2.505 -0.010588157653808494 1.9934707832336427 0.12408703 0.12308703 19.019 2.4 20.211517889463146 27.752978513955735 2.487776354649298 2.4469461245275808
310.34705556104 46.21284554339 0.008 0.0093 4.6205 "" "" 2070515531954669312 1925.95435 0.489 0.0099 -3.171 -4.826 0.011 0.011 1.029 4689.6 2.4965 13.176225 1.759261 14.029819 12.270557 -34.88 0.7 1887.93127 1966.90234 101031.54066 17.387 33380.0 26.002 97934.0 36.848 "" "" 0.002761648446374172 0.002915536 0.0038013957 0.0067169317 310.34705556104 46.21284554339 1925.95435 -3.1709999999999994 -4.825999999999999 -0.9185881576538084 -0.32752921676635705 0.12108703 0.12108703 -8.691000000000003 1.51 8.902925965933868 12.441686853272731 1.0780288597526575 1.306774213309732
310.4994904762 46.37448153369 0.0089 0.0096 15.3384 "" "" 2070524194918034560 2099.97217 0.4457 0.0106 -4.31 -8.64 0.012 0.012 1.087 5003.8 2.7376 13.178588 1.775033 14.041398 12.266365 -16.77 0.84 2052.99634 2147.85962 100811.85715 14.683 33026.0 20.05 98313.0 31.12 "" "" 0.0027598543481664344 0.0028669713 0.0037949758 0.006661947 310.4994904762 46.37448153369 2099.97217 -4.309999999999992 -8.639999999999986 -2.057588157653808 -4.141529216766358 0.12208703 0.12208703 9.419 1.65 46.03159088876383 46.98536922011495 5.61986029156641 5.515706939742413
310.40114081206 45.89009827391 0.0087 0.0102 14.8784 "" "" 2070496019932134784 1735.99731 0.5462 0.0109 3.096 -1.394 0.012 0.012 1.083 4670.1 2.5697 13.184834 1.690398 13.994867 12.304469 -19.47 0.64 1706.37939 1763.5105 100233.63568 18.163 34472.0 33.086 94923.0 29.435 "" "" 0.0027623354350902072 0.0029784197 0.0037943483 0.0067727678 310.40114081206 45.89009827391 1735.99731 3.096000000000001 -1.3940000000000001 5.3484118423461915 3.1044707832336425 0.12208703 0.12208703 6.719000000000001 1.45 50.88675707437598 51.328422989086214 6.212613119106374 6.162079404406773
310.33706976034 45.99057655196 0.0087 0.0102 8.8376 "" "" 2070500074381262464 2336.29639 0.3894 0.0112 -4.74 -8.989 0.012 0.012 1.068 "" "" 13.230349 2.266955 14.421908 12.154953 -8.62 0.61 2275.69824 2393.63428 96118.58775 27.552 23262.0 24.74 108940.0 62.98 "" "" 0.0027728412189054366 0.0030196735 0.0038311502 0.0068508238 310.33706976034 45.99057655196 2336.29639 -4.74 -8.989 -2.487588157653809 -4.490529216766358 0.12208703 0.12208703 17.569000000000003 1.4200001 56.84874451867957 59.50167656755649 6.940494468634919 6.644289119996734
310.60656873563 46.16321497607 0.0112 0.0129 10.2194 "" "" 2070507113818771328 1832.41516 0.5186 0.0141 -2.669 -4.048 0.016 0.016 1.42 "" "" 13.310978 0.696308 13.57678 12.880472 "" "" 1774.74683 1884.71875 89239.21946 19.725 50665.0 32.255 55843.0 24.929 "" "" 0.0027657517220331775 0.0028745134 0.0038103343 0.0066848476 310.60656873563 46.16321497607 1832.41516 -2.669000000000002 -4.047999999999995 -0.41658815765380863 0.45047078323364254 0.12608702 0.12608702 "" "" 5.329263394651058 "" 0.6719509658493612 ""
310.71552014258 46.3554671141 0.0094 0.0097 19.6312 "" "" 2166588250960492800 2070.396 0.4542 0.0117 -4.041 -0.909 0.013 0.012 1.012 4535.4 2.475 13.333596 1.817919 14.228417 12.410499 -73.46 0.67 2025.06567 2117.00562 87399.38604 16.63 27800.0 21.377 86091.0 29.314 "" "" 0.00276305421752526 0.0029124012 0.0037974203 0.0067098215 310.71552014258 46.3554671141 2070.396 -4.041 -0.909 -1.788588157653809 3.5894707832336428 0.12308703 0.12208703 -47.270999999999994 1.48 39.3568192706097 61.510215932797976 4.812811137216542 3.2827728703799424
