Clusters/LP_0506/LP_0506_stars_in_region.tsv
# %ECSV 1.0
# ---
# datatype:
# - name: RA_ICRS_1
#   unit: deg
#   datatype: float64
#   format: '{:15.11f}'
#   description: Right ascension (ICRS) at Ep=2016.0 (ra)
#   meta: !!omap
#   - {ucd: POS_EQ_RA_MAIN}
#   - {width: 15}
#   - {precision: '11'}
# - name: DE_ICRS_1
#   unit: deg
#   datatype: float64
#   format: '{:15.11f}'
#   description: Declination (ICRS) at Ep=2016.0 (dec)
#   meta: !!omap
#   - {ucd: POS_EQ_DEC_MAIN}
#   - {width: 15}
#   - {precision: '11'}
# - name: e_RA_ICRS
#   unit: mas
#   datatype: float64
#   format: '{:7.4f}'
#   description: Standard error of right ascension (ra_error)
#   meta: !!omap
#   - {ucd: ERROR}
#   - {width: 7}
#   - {precision: '4'}
# - name: e_DE_ICRS
#   unit: mas
#   datatype: float64
#   format: '{:7.4f}'
#   description: Standard error of declination (dec_error)
#   meta: !!omap
#   - {ucd: ERROR}
#   - {width: 7}
#   - {precision: '4'}
# - name: _r_1
#   unit: ''
#   datatype: float64
#   format: '{:7.4f}'
#   description: Distance from center (310.36370808000+46.13670585000)[ICRS], at Epoch=J2016.0
#   meta: !!omap
#   - {ucd: POS_ANG_DIST_GENERAL}
#   - {width: 7}
#   - {precision: '4'}
# - name: HIP
#   datatype: int32
#   description: '? HIP cross-id number, van Leeuwen, Cat. I/311 (hip_original_ext_source_id)'
#   meta: !!omap
#   - {ucd: ID_NUMBER}
#   - {width: 6}
#   - values: {'null': -2147483648}
# - name: TYC2
#   datatype: string
#   description: Tycho-2 cross-id name, Hog et al., Cat. I/259 (tyc2_original_ext_source_id)
#   meta: !!omap
#   - {ucd: ID_CROSSID}
#   - {_votable_string_dtype: char}
# - name: Source
#   datatype: int64
#   description: Source identifier, identical to the Gaia-EDR3 source_id (id)
#   meta: !!omap
#   - {ucd: ID_MAIN}
#   - {width: 19}
# - name: rgeo
#   unit: pc
#   datatype: float64
#   format: '{:15.8f}'
#   description: '? Median of the geometric distance posterior (r_med_geo)'
#   meta: !!omap
#   - {ucd: PHYS_DISTANCE_TRUE}
#   - {width: 15}
#   - {precision: '8'}
#   - values: {'null': .nan}
# - name: Plx
#   unit: mas
#   datatype: float64
#   format: '{:9.4f}'
#   description: '? Parallax (parallax)'
#   meta: !!omap
#   - {ucd: POS_PARLX_TRIG}
#   - {width: 9}
#   - {precision: '4'}
#   - values: {'null': .nan}
# - name: e_Plx
#   unit: mas
#   datatype: float32
#   format: '{:7.4f}'
#   description: '? Standard error of parallax (parallax_error)'
#   meta: !!omap
#   - {ucd: ERROR}
#   - {width: 7}
#   - {precision: '4'}
#   - values: {'null': .nan}
# - name: pmRA
#   unit: mas / yr
#   datatype: float64
#   format: '{:9.3f}'
#   description: '? Proper motion in right ascension direction, pmRA*cosDE (pmra)'
#   meta: !!omap
#   - {ucd: POS_EQ_PMRA}
#   - {width: 9}
#   - {precision: '3'}
#   - values: {'null': .nan}
# - name: pmDE
#   unit: mas / yr
#   datatype: float64
#   format: '{:9.3f}'
#   description: '? Proper motion in declination direction (pmdec)'
#   meta: !!omap
#   - {ucd: POS_EQ_PMDEC}
#   - {width: 9}
#   - {precision: '3'}
#   - values: {'null': .nan}
# - name: e_pmRA
#   unit: mas / yr
#   datatype: float32
#   format: '{:6.3f}'
#   description: '? Standard error of proper motion in right ascension direction (pmra_error)'
#   meta: !!omap
#   - {ucd: ERROR}
#   - {width: 6}
#   - {precision: '3'}
#   - values: {'null': .nan}
# - name: e_pmDE
[...]
#         value: !astropy.table.SerializedColumn {name: SkyCoord.dec}
#       distance: !astropy.table.SerializedColumn
#         __class__: astropy.coordinates.distances.Distance
#         unit: !astropy.units.Unit {unit: pc}
#         value: !astropy.table.SerializedColumn {name: SkyCoord.distance}
#       frame: icrs
#       obstime: !astropy.time.Time {format: jyear_str, in_subfmt: '*', jd1: 367701545.0, jd2: 0.0, out_subfmt: '*', precision: 3, scale: tt}
#       pm_dec: !astropy.table.SerializedColumn
#         __class__: astropy.units.quantity.Quantity
#         unit: !astropy.units.Unit {unit: mas / yr}
#         value: !astropy.table.SerializedColumn {name: SkyCoord.pm_dec}
#       pm_ra_cosdec: !astropy.table.SerializedColumn
#         __class__: astropy.units.quantity.Quantity
#         unit: !astropy.units.Unit {unit: mas / yr}
#         value: !astropy.table.SerializedColumn {name: SkyCoord.pm_ra_cosdec}
#       ra: !astropy.table.SerializedColumn
#         __class__: astropy.coordinates.angles.Longitude
#         unit: *id001
#         value: !astropy.table.SerializedColumn {name: SkyCoord.ra}
#         wrap_angle: !astropy.coordinates.Angle
#           unit: *id001
#           value: 360.0
#       representation_type: spherical
# schema: astropy-2.0
RA_ICRS_1 DE_ICRS_1 e_RA_ICRS e_DE_ICRS _r_1 HIP TYC2 Source rgeo Plx e_Plx pmRA pmDE e_pmRA e_pmDE RUWE Teff logg Gmag BP-RP BPmag RPmag RV e_RV b_rgeo B_rgeo FG e_FG FBP e_FBP FRP e_FRP RAVE5 RAVE6 e_Gmag e_BPmag e_RPmag e_BP-RP SkyCoord.ra SkyCoord.dec SkyCoord.distance SkyCoord.pm_ra_cosdec SkyCoord.pm_dec rmRA rmDE e_rmRA e_rmDE rRV e_rRV v_pec v_pec3d e_vpec e_vpec3d
[from data line 1028]
310.35044317005 46.29399609501 0.0353 0.0415 9.4535 "" "" 2070522476931019008 2288.56885 0.3915 0.0433 3.109 2.894 0.046 0.051 0.895 6451.1 3.2129 16.671278 3.670608 18.962624 15.292016 "" "" 2059.73413 2524.1272 4040.50582 7.0361 355.11 9.3206 6058.3 32.996 "" "" 0.003341631622450804 0.028633667 0.0070179505 0.035651617 310.35044317005 46.29399609501 2288.56885 3.108999999999999 2.894 5.361411842346191 7.392470783233643 0.15608703 0.16108704 "" "" 99.06222161367945 "" 15.788666274277203 ""
310.10306948604 45.93683423466 0.0371 0.0413 16.1762 "" "" 2070488460789230464 1884.82483 0.5075 0.0461 1.091 -3.684 0.05 0.049 1.016 5693.7 4.6319 16.67268 1.297719 17.247845 15.950126 "" "" 1746.30042 2033.79053 4035.29386 2.1244 1723.0 6.6912 3304.5 9.1961 "" "" 0.002813983961644952 0.005056004 0.0048387162 0.00989472 310.10306948604 45.93683423466 1884.82483 1.0910000000000002 -3.683999999999998 3.3434118423461916 0.8144707832336424 0.16008703 0.15908703 "" "" 30.743801159532257 "" 4.919966786930173 ""
310.34270363576 46.10920893539 0.0345 0.0411 1.8668 "" "" 2070502960599337472 1868.65405 0.5134 0.0437 -4.938 -5.697 0.045 0.05 0.978 4852.7 4.3267 16.672897 1.604229 17.435322 15.831093 "" "" 1719.2478 2005.8634 4034.47993 2.152 1449.7 8.4475 3687.4 9.5889 "" "" 0.0028155257971536193 0.0069145975 0.0047175554 0.011632153 310.34270363576 46.10920893539 1868.65405 -4.938000000000001 -5.697 -2.6855881576538083 -1.1985292167663575 0.15508702 0.16008703 "" "" 26.048731679181216 "" 4.061741475626027 ""
310.14443160433 46.22630961147 0.0356 0.0438 10.5775 "" "" 2070519281475276928 2484.27563 0.3617 0.0457 -3.501 -6.288 0.048 0.05 0.938 "" "" 16.67314 2.219348 17.83601 15.616662 "" "" 2240.14429 2767.20703 4033.57894 2.351 1002.3 6.0538 4492.6 8.6105 "" "" 0.0028270588912804318 0.0071266466 0.004314388 0.011441035 310.14443160433 46.22630961147 2484.27563 -3.501000000000001 -6.288 -1.2485881576538085 -1.7895292167663577 0.15808703 0.16008703 "" "" 25.694778074521476 "" 4.096645803921055 ""
310.35971280613 46.1121595744 0.0346 0.0423 1.4821 "" "" 2070503269836994304 2377.1814 0.396 0.0443 -2.292 -4.363 0.045 0.05 0.938 8268.6 4.4062 16.673237 1.558032 17.357254 15.799222 "" "" 2167.14966 2655.23438 4033.22437 2.3936 1557.8 10.865 3797.3 10.913 "" "" 0.002829660669297498 0.00807023 0.0049010073 0.012971237 310.35971280613 46.1121595744 2377.1814 -2.292 -4.363 -0.03958815765380841 0.13547078323364214 0.15508702 0.16008703 "" "" 1.5903052216035432 "" 0.25397066140096286 ""
310.3225126144 46.07912217199 0.0369 0.0451 3.8567 "" "" 2070502720081142272 2077.50366 0.4565 0.0475 -1.858 -4.615 0.049 0.055 1.068 8759.0 4.2672 16.675562 1.673032 17.46345 15.790418 "" "" 1891.21606 2314.68213 4024.59098 2.4096 1412.7 10.244 3828.2 7.181 "" "" 0.0028309637740204325 0.008352858 0.004293208 0.012646066 310.3225126144 46.07912217199 2077.50366 -1.858 -4.615 0.3944118423461913 -0.11652921676635764 0.15908703 0.16508703 "" "" 4.049887822717223 "" 0.6462691889090434 ""
310.1499889569 46.42129061995 0.0335 0.0415 19.2381 "" "" 2071277910134634496 1795.27026 0.5423 0.0431 -3.125 -4.278 0.043 0.047 1.048 5498.5 4.5773 16.675934 1.33619 17.257711 15.921521 "" "" 1663.84436 1958.23596 4023.21805 2.0974 1707.4 6.1119 3392.7 15.239 "" "" 0.0028128576792660607 0.00478439 0.006169842 0.010954232 310.1499889569 46.42129061995 1795.27026 -3.1249999999999996 -4.277999999999999 -0.8725881576538086 0.220470783233643 0.15308703 0.15708703 "" "" 7.65870546757291 "" 1.1743093757095238 ""
310.7977701073 45.9907027794 0.0367 0.041 20.082 "" "" 2070454410287770496 2245.02271 0.4418 0.0453 -2.79 -4.579 0.047 0.054 1.041 5574.4 4.5731 16.67704 1.199859 17.197416 15.997558 "" "" 1992.87781 2498.08691 4019.11826 4.1938 1804.9 8.3356 3163.3 10.366 "" "" 0.002979145678170205 0.0057382914 0.0051906127 0.010928905 310.7977701073 45.9907027794 2245.02271 -2.7900000000000005 -4.579 -0.5375881576538086 -0.08052921676635716 0.15708703 0.16408703 "" "" 5.78452259100302 "" 0.9095814685185475 ""
310.16103531512 46.33226649128 0.0332 0.0415 14.4371 "" "" 2070520892075151488 2369.76074 0.395 0.0427 -2.46 -3.596 0.045 0.05 0.998 7877.3 4.0627 16.677425 2.028267 17.702679 15.674412 "" "" 2140.64258 2673.58643 4017.69143 2.3089 1133.3 7.3041 4259.8 9.1569 "" "" 0.0028250855843065703 0.0075333114 0.004441942 0.011975253 310.16103531512 46.33226649128 2369.76074 -2.46 -3.596 -0.20758815765380856 0.9024707832336425 0.15508702 0.16008703 "" "" 10.401875352533015 "" 1.6626306528166523 ""
309.98846238385 45.95971933328 0.037 0.0388 18.8931 "" "" 2070490934690342912 2401.88208 0.4028 0.0436 -3.599 -7.706 0.05 0.045 1.05 5462.1 4.5115 16.678171 1.34547 17.285152 15.939683 "" "" 2181.09839 2651.87012 4014.93043 2.0186 1664.8 6.7792 3336.5 9.8936 "" "" 0.0028088740669907544 0.005228012 0.0049647624 0.010192774 309.98846238385 45.95971933328 2401.88208 -3.5990000000000024 -7.706000000000003 -1.3465881576538088 -3.207529216766358 0.16008703 0.15508702 "" "" 39.6050352305845 "" 6.172303950271093 ""
310.10119463852 45.86170926168 0.0354 0.0433 19.798 "" "" 2070486536643858048 2005.52344 0.4836 0.0448 -3.251 -5.746 0.046 0.048 1.013 5468.6 4.5548 16.681078 1.352477 17.289623 15.937146 "" "" 1826.12415 2151.43311 4004.19528 2.2217 1657.9 8.6088 3344.3 9.1411 "" "" 0.0028204061807455792 0.0062904432 0.004805296 0.01109574 310.10119463852 45.86170926168 2005.52344 -3.250999999999997 -5.746 -0.9985881576538085 -1.2475292167663579 0.15608703 0.15808703 "" "" 15.190590241494498 "" 2.3896169888217473 ""
310.60921260618 46.42720188063 0.0382 0.0411 20.185 "" "" 2166589659709725312 2551.20825 0.3772 0.0475 -4.441 -0.704 0.052 0.056 0.992 5023.7 4.3246 16.682991 1.459303 17.344765 15.885462 "" "" 2257.95654 2944.12256 3997.1496 2.2864 1575.8 8.8004 3507.3 8.1285 "" "" 0.00282444537688528 0.006674688 0.0045404267 0.011215115 310.60921260618 46.42720188063 2551.20825 -4.441000000000001 -0.704 -2.1885881576538084 3.794470783233643 0.16208702 0.16608703 "" "" 52.971012852297704 "" 8.745385965008007 ""
310.27968207242 45.91493368709 0.0362 0.0437 13.7591 "" "" 2070475953844554752 2178.5918 0.423 0.0468 -0.273 -7.475 0.05 0.052 0.998 5465.0 4.5282 16.683409 1.378714 17.303007 15.924293 "" "" 1993.58643 2383.15625 3995.6093 2.4014 1637.6 8.7527 3384.1 7.5605 "" "" 0.0028315358474403935 0.0064390046 0.004490835 0.01092984 310.27968207242 45.91493368709 2178.5918 -0.27299999999999924 -7.475000000000003 1.9794118423461913 -2.976529216766357 0.16008703 0.16208702 "" "" 36.91324333399003 "" 5.960617553720389 ""
310.21730249568 45.85688403112 0.0369 0.0435 17.8639 "" "" 2070475434140174592 2064.68799 0.4731 0.0473 0.254 3.672 0.051 0.053 0.927 5838.3 4.5689 16.68353 1.384894 17.304703 15.919808 "" "" 1912.25317 2260.29248 3995.16297 2.2925 1635.1 6.1456 3398.1 9.0742 "" "" 0.0028248784480545126 0.00494347 0.0047633806 0.009706851 310.21730249568 45.85688403112 2064.68799 0.254 3.672 2.5064118423461914 8.170470783233643 0.16108704 0.16308703 "" "" 83.63908444840851 "" 13.626142583065844 ""
310.55632905187 46.09218638995 0.0342 0.0384 8.4453 "" "" 2070504884745907584 2594.38159 0.3554 0.0419 -2.777 -4.276 0.044 0.05 0.968 9319.9 4.1355 16.68392 1.627805 17.449005 15.8212 "" "" 2395.53931 2852.73926 3993.73256 2.2074 1431.6 7.3498 3721.2 12.645 "" "" 0.002819913826414177 0.006233468 0.0052816356 0.011515103 310.55632905187 46.09218638995 2594.38159 -2.7770000000000006 -4.275999999999996 -0.5245881576538087 0.22247078323364278 0.15408704 0.16008703 "" "" 7.007191179393431 "" 1.086231263244333 ""
310.23426929572 45.92735707095 0.0921 0.1101 13.6693 "" "" 2070476812837998208 2297.40186 0.4155 0.1165 -2.722 -4.585 0.123 0.135 2.056 8713.9 3.6011 16.686708 3.257523 18.416687 15.159164 "" "" 1847.70557 2941.33618 3983.48476 11.679 587.14 25.42 6846.9 57.903 "" "" 0.0042100694821396905 0.04708926 0.009929278 0.057018537 310.23426929572 45.92735707095 2297.40186 -2.7220000000000004 -4.585000000000001 -0.46958815765380857 -0.08652921676635739 0.23308703 0.24508703 "" "" 5.1997571448457505 "" 1.2140959493375034 ""
310.23548161775 46.41860957636 0.0356 0.042 17.7304 "" "" 2070527459093066496 2160.94849 0.4232 0.0439 -5.658 -9.058 0.046 0.052 0.976 8104.8 4.1093 16.68737 2.315651 17.919847 15.604197 "" "" 2031.01721 2352.16821 3981.05791 2.2155 927.85 11.374 4544.4 11.919 "" "" 0.002820793402849184 0.013598758 0.004732111 0.018330868 310.23548161775 46.41860957636 2160.94849 -5.658000000000005 -9.058 -3.405588157653809 -4.559529216766357 0.15608703 0.16208702 "" "" 58.29219099179039 "" 9.324667706430546 ""
310.2811931545 45.82382653331 0.0394 0.0457 19.0854 "" "" 2070472169964979968 2380.99512 0.3929 0.0496 -3.811 -3.087 0.051 0.051 0.96 5515.3 4.2041 16.687656 1.816041 17.573519 15.757478 "" "" 2071.36011 2734.95142 3980.01247 2.4697 1276.5 10.195 3946.1 8.8331 "" "" 0.0028364939223803056 0.009109266 0.0044933665 0.013602633 310.2811931545 45.82382653331 2380.99512 -3.811000000000001 -3.087000000000005 -1.5585881576538085 1.4114707832336424 0.16108704 0.16108704 "" "" 23.73116449667901 "" 3.822782952750249 ""
310.56040694073 45.89307597286 0.037 0.037 16.7587 "" "" 2070450080960631936 1841.3949 0.508 0.0439 -0.434 -2.335 0.049 0.05 1.014 5607.9 4.6537 16.688213 1.14189 17.181143 16.039253 "" "" 1704.69727 1990.48413 3977.96703 2.2743 1832.1 11.732 3044.1 8.0825 "" "" 0.002824377734768439 0.007491574 0.004753329 0.012244903 310.56040694073 45.89307597286 1841.3949 -0.4340000000000013 -2.335 1.8184118423461915 2.1634707832336426 0.15908703 0.16008703 "" "" 24.667395884637997 "" 3.9387369427750865 ""
310.14762185876 45.85689602889 0.0366 0.0402 19.052 "" "" 2070474854332833280 1818.04578 0.5369 0.0443 -1.934 3.647 0.048 0.05 1.055 5092.1 4.4645 16.690308 1.317532 17.2782 15.960668 "" "" 1685.54211 1986.69946 3970.30155 2.2348 1675.5 7.6586 3272.6 7.6393 "" "" 0.0028222826593226114 0.0056933924 0.004550516 0.0102439085 310.14762185876 45.85689602889 1818.04578 -1.9339999999999993 3.6470000000000002 0.31841184234619146 8.145470783233643 0.15808703 0.16008703 "" "" 70.24750629981521 "" 11.245501913437652 ""
310.33980856309 46.46349020057 0.0372 0.042 19.6321 "" "" 2070528966613838976 1810.35364 0.5428 0.046 -2.124 -2.33 0.05 0.052 0.996 5684.9 4.5815 16.692781 1.429762 17.336115 15.906353 "" "" 1673.96216 1992.95581 3961.27052 2.7676 1588.4 11.828 3440.5 10.619 "" "" 0.0028578332991944463 0.008552835 0.0050510936 0.013603929 310.33980856309 46.46349020057 1810.35364 -2.124 -2.33 0.1284118423461913 2.1684707832336425 0.16008703 0.16208702 "" "" 18.64041093068577 "" 3.0212392446042227 ""
310.56429058187 46.11396770539 0.038 0.0437 8.4521 "" "" 2070505468855450112 2177.9436 0.4354 0.0467 -4.793 -7.95 0.05 0.056 1.168 "" "" 16.693647 1.958192 17.64136 15.683167 "" "" 1937.59644 2482.3479 3958.10904 6.299 1199.1 9.2186 4225.6 18.983 "" "" 0.003252273643882997 0.008801055 0.0061704223 0.014971478 310.56429058187 46.11396770539 2177.9436 -4.793 -7.949999999999999 -2.5405881576538087 -3.4515292167663576 0.16008703 0.16608703 "" "" 44.24372407687558 "" 7.256129339859545 ""
310.05466708015 46.36163411683 0.034 0.0413 18.6159 "" "" 2071272240777739520 2085.81006 0.468 0.0429 -3.314 -7.489 0.046 0.052 1.003 5751.0 4.4905 16.694962 1.383351 17.32228 15.93893 "" "" 1914.24927 2269.36597 3953.32187 2.1549 1608.8 7.521 3338.8 8.2179 "" "" 0.002818162475424564 0.005792063 0.0046287393 0.010420803 310.05466708015 46.36163411683 2085.81006 -3.3140000000000023 -7.488999999999997 -1.0615881576538087 -2.9905292167663573 0.15608703 0.16208702 "" "" 31.37421652688806 "" 5.064634372091904 ""
310.13261905607 46.35409469788 0.0348 0.0433 16.1887 "" "" 2071271587942747392 2061.3501 0.4658 0.0444 -4.973 -7.55 0.048 0.049 1.092 4921.5 4.3289 16.695318 1.405415 17.328878 15.923464 "" "" 1915.75903 2256.57056 3952.02003 2.0931 1599.1 9.456 3386.7 6.5236 "" "" 0.0028146857697875245 0.00700039 0.0043194485 0.011319838 310.13261905607 46.35409469788 2061.3501 -4.973000000000001 -7.549999999999999 -2.7205881576538085 -3.0515292167663572 0.15808703 0.15908703 "" "" 39.945043646561196 "" 6.337079667489899 ""
309.94260794071 45.97045721999 0.0373 0.038 20.1729 "" "" 2070491175208489344 2279.46509 0.414 0.0436 -0.735 -2.665 0.051 0.047 1.013 8794.7 4.0294 16.695406 2.563923 18.102896 15.538973 "" "" 2051.7915 2514.271 3951.70267 2.1196 783.9 7.1176 4825.8 9.4301 "" "" 0.002816191824066971 0.010245436 0.004334175 0.014579611 309.94260794071 45.97045721999 2279.46509 -0.735 -2.665 1.5174118423461915 1.8334707832336425 0.16108704 0.15708703 "" "" 25.714542748769674 "" 4.081546820143579 ""
310.38770187874 46.04541439618 0.0356 0.0425 5.5677 "" "" 2070501826727974528 1849.24939 0.5342 0.0439 -4.615 -5.694 0.051 0.054 0.928 4893.5 4.3784 16.69607 1.294208 17.262436 15.968228 "" "" 1714.23999 2034.63525 3949.28991 2.1923 1700.0 6.8343 3249.9 9.0726 "" "" 0.002820468676913317 0.0051804413 0.004844656 0.010025097 310.38770187874 46.04541439618 1849.24939 -4.6149999999999975 -5.694000000000001 -2.362588157653809 -1.1955292167663574 0.16108704 0.16408703 "" "" 23.209581330096047 "" 3.753062016782137 ""
309.9221315424 46.09939739573 0.0392 0.0371 18.5013 "" "" 2071244649907422080 2116.86694 0.4482 0.0447 0.701 1.835 0.048 0.045 0.965 5629.9 4.383 16.698551 1.595801 17.449453 15.853652 "" "" 1959.20544 2341.73462 3940.26972 2.3685 1431.0 10.801 3611.6 9.57 "" "" 0.00283155867963766 0.00865696 0.0047498136 0.013406774 309.9221315424 46.09939739573 2116.86694 0.7010000000000008 1.8349999999999993 2.9534118423461915 6.3334707832336425 0.15808703 0.15508702 "" "" 70.11964250510779 "" 10.912517003965544 ""
310.30006182773 45.94967583949 0.0345 0.0426 11.5306 "" "" 2070499627704619904 1776.3136 0.5473 0.0454 -5.698 -4.529 0.048 0.051 1.015 5580.8 4.6357 16.699442 1.233002 17.235708 16.002707 "" "" 1657.11792 1908.55518 3937.04209 2.0493 1742.3 11.193 3148.3 10.31 "" "" 0.002812681651787784 0.007512422 0.0051889946 0.012701416 310.30006182773 45.94967583949 1776.3136 -5.698 -4.529 -3.445588157653809 -0.030529216766357337 0.15808703 0.16108704 "" "" 29.012048542505703 "" 4.586435487030207 ""
310.35385885365 45.8676003257 0.0389 0.0455 16.1515 "" "" 2070495912544268160 2359.13232 0.4022 0.0479 -5.272 -7.369 0.05 0.055 0.953 4930.6 4.2465 16.70048 1.62483 17.46363 15.8388 "" "" 2149.07349 2616.1626 3933.28154 2.4835 1412.4 8.1081 3661.3 10.343 "" "" 0.0028393231302502667 0.0068288567 0.0048673563 0.011696213 310.35385885365 45.8676003257 2359.13232 -5.272000000000001 -7.369 -3.019588157653809 -2.870529216766357 0.16008703 0.16508703 "" "" 46.58848795305748 "" 7.569686564885274 ""
310.46939494803 46.0339985948 0.0358 0.0396 7.571 "" "" 2070498970561369088 1889.07739 0.5157 0.0434 -2.894 -6.084 0.05 0.051 0.963 5432.7 4.6321 16.703487 1.361461 17.304192 15.942731 "" "" 1723.64185 2044.53638 3922.40252 3.0195 1635.8 8.8977 3327.1 11.14 "" "" 0.002879299661961131 0.0065316474 0.0052439813 0.011775629 310.46939494803 46.0339985948 1889.07739 -2.8939999999999997 -6.083999999999989 -0.6415881576538087 -1.585529216766357 0.16008703 0.16108704 "" "" 15.31549306238568 "" 2.4649781792733148 ""
310.38165707347 46.25016529356 0.0343 0.0424 6.8483 "" "" 2070521579269761664 2252.96411 0.4106 0.0431 -1.687 -2.877 0.046 0.051 0.973 7118.3 4.3286 16.704248 1.792185 17.574257 15.782072 "" "" 2074.00586 2489.40234 3919.65254 2.0109 1275.6 10.197 3857.7 10.76 "" "" 0.0028110595138156904 0.009116712 0.0048430073 0.013959719 310.38165707347 46.25016529356 2252.96411 -1.6870000000000003 -2.8770000000000007 0.5654118423461914 1.6214707832336428 0.15608703 0.16108704 "" "" 18.33832008865451 "" 2.9442631815339393 ""
