Clusters/BDSB93/BDSB93_stars_in_region.tsv
# %ECSV 1.0
# ---
# datatype:
# - name: RA_ICRS_1
#   unit: deg
#   datatype: float64
#   format: '{:15.11f}'
#   description: Right ascension (ICRS) at Ep=2016.0 (ra)
#   meta: !!omap
#   - {ucd: POS_EQ_RA_MAIN}
#   - {width: 15}
#   - {precision: '11'}
# - name: DE_ICRS_1
#   unit: deg
#   datatype: float64
#   format: '{:15.11f}'
#   description: Declination (ICRS) at Ep=2016.0 (dec)
#   meta: !!omap
#   - {ucd: POS_EQ_DEC_MAIN}
#   - {width: 15}
#   - {precision: '11'}
# - name: e_RA_ICRS
#   unit: mas
#   datatype: float64
#   format: '{:7.4f}'
#   description: Standard error of right ascension (ra_error)
#   meta: !!omap
#   - {ucd: ERROR}
#   - {width: 7}
#   - {precision: '4'}
# - name: e_DE_ICRS
#   unit: mas
#   datatype: float64
#   format: '{:7.4f}'
#   description: Standard error of declination (dec_error)
#   meta: !!omap
#   - {ucd: ERROR}
#   - {width: 7}
#   - {precision: '4'}
# - name: _r_1
#   unit: ''
#   datatype: float64
#   format: '{:7.4f}'
#   description: Distance from center (104.29540620000-08.21480598000)[ICRS], at Epoch=J2016.0
#   meta: !!omap
#   - {ucd: POS_ANG_DIST_GENERAL}
#   - {width: 7}
#   - {precision: '4'}
# - name: HIP
#   datatype: int32
#   description: '? HIP cross-id number, van Leeuwen, Cat. I/311 (hip_original_ext_source_id)'
#   meta: !!omap
#   - {ucd: ID_NUMBER}
#   - {width: 6}
#   - values: {'null': -2147483648}
# - name: TYC2
#   datatype: string
#   description: Tycho-2 cross-id name, Hog et al., Cat. I/259 (tyc2_original_ext_source_id)
#   meta: !!omap
#   - {ucd: ID_CROSSID}
#   - {_votable_string_dtype: char}
# - name: Source
#   datatype: int64
#   description: Source identifier, identical to the Gaia-EDR3 source_id (id)
#   meta: !!omap
#   - {ucd: ID_MAIN}
#   - {width: 19}
# - name: rgeo
#   unit: pc
#   datatype: float64
#   format: '{:15.8f}'
#   description: '? Median of the geometric distance posterior (r_med_geo)'
#   meta: !!omap
#   - {ucd: PHYS_DISTANCE_TRUE}
#   - {width: 15}
#   - {precision: '8'}
#   - values: {'null': .nan}
# - name: Plx
#   unit: mas
#   datatype: float64
#   format: '{:9.4f}'
#   description: '? Parallax (parallax)'
#   meta: !!omap
#   - {ucd: POS_PARLX_TRIG}
#   - {width: 9}
#   - {precision: '4'}
#   - values: {'null': .nan}
# - name: e_Plx
#   unit: mas
#   datatype: float32
#   format: '{:7.4f}'
#   description: '? Standard error of parallax (parallax_error)'
#   meta: !!omap
#   - {ucd: ERROR}
#   - {width: 7}
#   - {precision: '4'}
#   - values: {'null': .nan}
# - name: pmRA
#   unit: mas / yr
#   datatype: float64
#   format: '{:9.3f}'
#   description: '? Proper motion in right ascension direction, pmRA*cosDE (pmra)'
#   meta: !!omap
#   - {ucd: POS_EQ_PMRA}
#   - {width: 9}
#   - {precision: '3'}
#   - values: {'null': .nan}
# - name: pmDE
#   unit: mas / yr
#   datatype: float64
#   format: '{:9.3f}'
#   description: '? Proper motion in declination direction (pmdec)'
#   meta: !!omap
#   - {ucd: POS_EQ_PMDEC}
#   - {width: 9}
#   - {precision: '3'}
#   - values: {'null': .nan}
# - name: e_pmRA
#   unit: mas / yr
#   datatype: float32
#   format: '{:6.3f}'
#   description: '? Standard error of proper motion in right ascension direction (pmra_error)'
#   meta: !!omap
#   - {ucd: ERROR}
#   - {width: 6}
#   - {precision: '3'}
#   - values: {'null': .nan}
# - name: e_pmDE
[...]
#       distance: !astropy.table.SerializedColumn
#         __class__: astropy.coordinates.distances.Distance
#         unit: !astropy.units.Unit {unit: pc}
#         value: !astropy.table.SerializedColumn {name: SkyCoord.distance}
#       frame: icrs
#       obstime: !astropy.time.Time {format: jyear_str, in_subfmt: '*', jd1: 367701545.0, jd2: 0.0, out_subfmt: '*', precision: 3, scale: tt}
#       pm_dec: !astropy.table.SerializedColumn
#         __class__: astropy.units.quantity.Quantity
#         unit: !astropy.units.Unit {unit: mas / yr}
#         value: !astropy.table.SerializedColumn {name: SkyCoord.pm_dec}
#       pm_ra_cosdec: !astropy.table.SerializedColumn
#         __class__: astropy.units.quantity.Quantity
#         unit: !astropy.units.Unit {unit: mas / yr}
#         value: !astropy.table.SerializedColumn {name: SkyCoord.pm_ra_cosdec}
#       ra: !astropy.table.SerializedColumn
#         __class__: astropy.coordinates.angles.Longitude
#         unit: *id001
#         value: !astropy.table.SerializedColumn {name: SkyCoord.ra}
#         wrap_angle: !astropy.coordinates.Angle
#           unit: *id001
#           value: 360.0
#       representation_type: spherical
# schema: astropy-2.0
RA_ICRS_1 DE_ICRS_1 e_RA_ICRS e_DE_ICRS _r_1 HIP TYC2 Source rgeo Plx e_Plx pmRA pmDE e_pmRA e_pmDE RUWE Teff logg Gmag BP-RP BPmag RPmag RV e_RV b_rgeo B_rgeo FG e_FG FBP e_FBP FRP e_FRP RAVE5 RAVE6 e_Gmag e_BPmag e_RPmag e_BP-RP SkyCoord.ra SkyCoord.dec SkyCoord.distance SkyCoord.pm_ra_cosdec SkyCoord.pm_dec rmRA rmDE e_rmRA e_rmDE rRV e_rRV v_pec v_pec3d e_vpec e_vpec3d v_trans_upper v_trans_lower e_v_pec
[from data line 340]
104.35758907255 -7.96594563809 0.0171 0.0186 15.3817 "" "" 3051087768576892160 900.200867 1.0698 0.0228 1.533 2.915 0.025 0.025 0.972 6281.3 4.517 14.388564 0.795598 14.703204 13.907606 -33.88 6.9 884.984985 916.446655 33076.62206 9.6186 17953.0 13.585 21683.0 26.337 "" "" 0.0027733507639241617 0.0029086135 0.004002861 0.0069114747 104.35758907255 -7.96594563809 900.200867 1.5329999999999988 2.915 4.1549999790191645 1.9050000095367432 0.1673745 0.1673745 -60.39666666666667 10.779231 19.50377548201705 63.46774458335016 3.264434797998389 10.306582238868625 19.85575714888257 19.17410778543077 1.0550036857217489
104.35702839701 -8.37257217833 0.02 0.0204 10.1484 "" "" 3050857730127658112 957.045349 1.0162 0.0246 -3.739 -2.291 0.028 0.026 1.267 5539.0 4.2935 14.40162 0.8756 14.741118 13.865519 40.69 12.25 930.673035 977.44043 32681.2607 13.989 17337.0 19.703 22540.0 20.839 "" "" 0.0027942395702786156 0.003050832 0.0039104144 0.0069612465 104.35702839701 -8.37257217833 957.045349 -3.739000000000003 -2.291 -1.1170000209808348 -3.3009999904632568 0.1703745 0.16837451 14.173333333333332 16.12923 15.80872785262421 21.23203367782074 2.665052392935924 10.948308188406132 16.14561918739546 15.37310300443329 1.1510084458966179
104.04241174859 -8.04414725254 0.1309 0.1307 18.1841 "" "" 3051074780596077312 1074.11523 0.9475 0.151 -5.739 -0.409 0.153 0.155 8.11 5080.6 4.3753 14.402322 1.042817 14.814379 13.771562 14.55 11.79 930.612305 1285.77783 32660.14033 39.804 16206.0 19.913 24577.0 26.417 "" "" 0.0030565843912899984 0.0030927083 0.00395546 0.007048168 104.04241174859 -8.04414725254 1074.11523 -5.739000000000008 -0.4089999999999999 -3.117000020980835 -1.4189999904632569 0.2953745 0.2973745 -11.966666666666665 15.66923 17.436701771067597 21.148041984171087 5.156360698991408 9.833063173382067 20.872736871592863 15.10714006612754 4.3883934109147384
104.5874656541 -8.3339757833 0.0168 0.0178 18.7574 "" "" 3050852713605755008 1076.36829 0.8883 0.0216 1.14 5.216 0.022 0.021 1.062 6372.5 4.3455 14.402888 0.845906 14.738034 13.892128 42.93 9.52 1054.3866 1107.90063 32643.10371 8.9765 17386.0 21.128 21994.0 16.775 "" "" 0.0027714492347443186 0.0030864084 0.0038690406 0.006955449 104.5874656541 -8.3339757833 1076.36829 1.14 5.216 3.7619999790191647 4.206000009536743 0.1643745 0.1633745 16.413333333333334 13.399231 28.790338427713127 33.140324348041105 4.716424678934975 7.799199051229447 29.63375489441127 28.202379547660023 1.5514934525262372
104.57575386373 -8.25417513865 0.0164 0.0179 16.8142 "" "" 3050854431592641792 1100.77942 0.8679 0.0214 1.186 0.977 0.023 0.023 0.952 5844.1 4.2431 14.404121 0.903002 14.767872 13.86487 49.64 7.36 1075.04504 1125.0177 32606.05973 8.7203 16915.0 37.415 22553.0 21.479 "" "" 0.0027705787015894186 0.0036813938 0.003918284 0.007599678 104.57575386373 -8.25417513865 1100.77942 1.186 0.9770000000000001 3.807999979019165 -0.032999990463256856 0.1653745 0.1653745 23.123333333333335 11.239231 19.869726414758954 30.487613423189003 3.285946121439402 8.789287596635695 20.307241854831705 19.40520547553805 1.3138918138516902
104.29792922041 -7.68414512259 0.0171 0.0183 31.84 "" "" 3051108384419672576 855.902161 1.1319 0.0238 -4.337 -8.17 0.022 0.021 1.111 5462.0 4.3348 14.40826 0.864491 14.755417 13.890926 18.0 7.82 841.86853 875.822754 32481.98169 7.5997 17110.0 19.93 22018.0 18.572 "" "" 0.002767005355259682 0.0030634082 0.0038887574 0.0069521656 104.29792922041 -7.68414512259 855.902161 -4.337000000000002 -8.170000000000014 -1.7150000209808347 -9.179999990463257 0.1643745 0.1633745 -8.516666666666666 11.699231 37.88738519408922 38.832815606860166 6.191114063846024 6.562753272973954 38.76919063246301 37.266172154099344 1.414452922070557
103.86769683747 -8.60518749538 0.0163 0.0175 34.5414 "" "" 3050756884294997760 949.354309 1.0121 0.0218 1.389 -6.933 0.02 0.019 1.036 6029.1 4.3871 14.413914 0.82437 14.743318 13.918947 33.12 5.86 928.80542 969.174194 32313.2915 8.7906 17302.0 23.551 21458.0 30.662 "" "" 0.0027711064453092263 0.0031573975 0.0040854253 0.007242823 103.86769683747 -8.60518749538 949.354309 1.389 -6.933 4.010999979019165 -7.942999990463257 0.1623745 0.1613745 6.603333333333332 9.739231 40.041716614791284 40.58254650179513 6.469867759292377 6.577402859095764 40.87767660463293 39.175008808984295 1.5784259274308061
104.12420168863 -7.67205027786 0.0154 0.017 34.1175 "" "" 3051156110096399744 1104.27588 0.8681 0.0204 -6.509 4.993 0.021 0.024 1.002 5653.0 4.2367 14.419858 0.874138 14.77178 13.897642 52.87 6.99 1077.76099 1128.31677 32136.87821 6.9156 16854.0 25.419 21883.0 17.192 "" "" 0.0027652084689190498 0.0032351871 0.0038744442 0.0071096313 104.12420168863 -7.67205027786 1104.27588 -6.508999999999999 4.993000000000008 -3.8870000209808353 3.9830000095367435 0.1633745 0.1663745 26.35333333333333 10.86923 29.130502247778573 39.28211220117383 4.804141504266969 8.115647966074897 29.764694493455075 28.43104654406022 1.5300484515624744
103.80066387149 -8.26379508776 0.0173 0.0179 29.5248 "" "" 3050971460862462080 1004.44684 0.957 0.0201 5.533 11.175 0.02 0.019 1.031 5505.2 4.2142 14.420331 0.947018 14.807758 13.860741 56.82 7.13 982.6073 1025.28931 32122.86455 7.1356 16305.0 14.127 22639.0 17.917 "" "" 0.0027658555623926145 0.002944482 0.003875833 0.006820315 103.80066387149 -8.26379508776 1004.44684 5.532999999999994 11.174999999999986 8.154999979019166 10.165000009536744 0.1623745 0.1613745 30.303333333333335 11.009231 62.046044695208685 69.0507326060408 10.036991373506511 10.231425143312373 63.33351235768702 60.69698666545493 2.088447299712341
104.4396860462 -8.07211510988 0.0306 0.0317 12.1134 "" "" 3050895560200693632 1080.95117 0.8864 0.041 -1.001 1.018 0.044 0.044 1.827 6412.6 4.3429 14.422146 0.787624 14.72803 13.940406 68.54 9.21 1039.91479 1132.33521 32069.2175 11.249 17547.0 20.112 21038.0 30.362 "" "" 0.002781516380695921 0.00305511 0.0040913327 0.007146443 104.4396860462 -8.07211510988 1080.95117 -1.001 1.018 1.6209999790191651 0.00800000953674318 0.1863745 0.1863745 42.02333333333334 13.089231 8.305632591490198 42.83624723513101 1.5479581246940088 12.844340203731354 8.70044872116462 7.990324088549427 1.3099909366948608
104.29936883174 -8.27989246491 0.0173 0.0184 3.9123 "" "" 3050867969329674368 1170.12 0.8045 0.022 -1.991 -1.145 0.023 0.025 0.998 6703.6 4.3115 14.422339 0.856606 14.765087 13.908482 18.19 8.14 1145.92212 1202.52612 32063.54038 9.0554 16958.0 23.904 21665.0 25.647 "" "" 0.0027723300440634364 0.0031823479 0.003991955 0.007174303 104.29936883174 -8.27989246491 1170.12 -1.990999999999997 -1.145 0.6309999790191649 -2.154999990463257 0.1653745 0.1673745 -8.326666666666664 12.019231 12.454267008056068 14.9813932758516 2.0825706994561797 6.900989186439019 12.799184171402652 12.196714912075398 1.228684245428757
104.72614991446 -8.00981199115 0.0152 0.0164 28.3888 "" "" 3050899786447127296 1188.58447 0.8003 0.0195 -4.966 2.749 0.02 0.019 1.03 6248.4 4.01 14.423616 0.957094 14.817298 13.860204 27.9 10.98 1162.16003 1212.98108 32025.81246 8.8318 16162.0 19.737 22650.0 24.708 "" "" 0.0027715408507772757 0.0030891835 0.0039606187 0.007049802 104.72614991446 -8.00981199115 1188.58447 -4.966000000000002 2.7490000000000037 -2.344000020980835 1.7390000095367433 0.1623745 0.1613745 1.3833333333333329 14.85923 16.44329560414451 16.501381197838846 2.664145948816766 2.9324880183392024 16.780806887603422 16.077730607241953 1.2643421555115761
104.02281281369 -7.78799423547 0.0161 0.0168 30.3006 "" "" 3051130031055166336 1173.14209 0.8166 0.02 2.871 -5.116 0.022 0.022 1.076 5346.2 4.1552 14.429491 0.930985 14.810386 13.8794 -22.67 5.55 1144.09839 1200.23694 31853.00987 7.6757 16265.0 14.339 22253.0 18.537 "" "" 0.0027677140404797408 0.0029497836 0.0038860934 0.006835877 104.02281281369 -7.78799423547 1173.14209 2.871000000000005 -5.115999999999998 5.4929999790191655 -6.1259999904632565 0.1643745 0.1643745 -49.18666666666667 9.429231 45.753704029801845 67.17685323252708 7.520742246521826 8.596752656822694 46.81043002931983 44.62097094907984 2.0087657577736806
104.27108631041 -8.07511779699 0.0187 0.0192 8.5049 "" "" 3051060418225309184 1088.36316 0.8734 0.0232 2.774 -1.62 0.027 0.025 1.09 5895.1 4.3107 14.432615 0.820041 14.759385 13.939344 -22.73 17.59 1060.87036 1115.98108 31761.46048 9.8694 17048.0 16.459 21058.0 25.417 "" "" 0.002775898446878091 0.0029805743 0.0040001366 0.0069807107 104.27108631041 -8.07511779699 1088.36316 2.7740000000000022 -1.620000000000001 5.395999979019165 -2.629999990463257 0.1693745 0.1673745 -49.24666666666667 21.46923 30.96753938404181 58.17407217377823 5.233279448067568 18.386823593180168 31.753360750234794 30.185278096570823 1.6558464201140732
104.37263311377 -7.90729976977 0.0157 0.017 19.0122 "" "" 3051088661930023808 1176.67017 0.8066 0.0224 -2.454 -2.21 0.02 0.019 0.961 6677.0 4.3503 14.442434 0.785264 14.751361 13.966097 "" "" 1139.06067 1216.93872 31475.5385 8.6222 17174.0 24.786 20546.0 12.369 "" "" 0.0027713259768834446 0.0032000667 0.0038354867 0.0070355535 104.37263311377 -7.90729976977 1176.67017 -2.454 -2.209999999999999 0.16799997901916486 -3.219999990463257 0.1623745 0.1613745 "" "" 17.983708433969408 "" 2.902160828375707 "" 18.599155209728767 17.408901406824857 1.4951948744352235
104.18381072797 -8.37345415341 0.0179 0.0189 11.5978 "" "" 3050859929150973184 1197.33398 0.796 0.0231 1.173 -3.822 0.024 0.024 1.066 6075.3 4.1558 14.461112 0.923371 14.835664 13.912292 -6.2 7.42 1159.36206 1231.89087 30938.68269 8.5983 15891.0 30.018 21589.0 25.619 "" "" 0.002771793166092547 0.0034628657 0.0039929594 0.007455825 104.18381072797 -8.37345415341 1197.33398 1.173 -3.822 3.794999979019165 -4.831999990463257 0.1663745 0.1663745 -32.71666666666667 11.299231 34.87012934702539 47.81533434428812 5.801500494270403 8.813201370495557 35.87653461427665 33.76426767094157 2.0003691898734584
104.37962942801 -8.62177749358 0.0154 0.0177 24.9247 "" "" 3050838110717148928 1214.15308 0.7888 0.0205 -1.524 0.486 0.02 0.023 1.041 7488.6 4.1838 14.468886 1.023671 14.892753 13.869082 43.71 9.77 1185.36523 1243.56836 30717.94009 7.0189 15077.0 18.434 22466.0 18.698 "" "" 0.002766466298716712 0.0030898638 0.0038859088 0.006975773 104.37962942801 -8.62177749358 1214.15308 -1.5240000000000007 0.486 1.097999979019165 -0.5239999904632568 0.1623745 0.1653745 17.193333333333335 13.649231 7.001789421347909 18.564368187794884 1.14083779048071 12.648514737069817 7.1714217351991305 6.835775376732259 1.1055290632465458
104.65969792501 -8.3179637583 0.0175 0.0188 22.4985 "" "" 3050852988484328320 1184.62524 0.8079 0.0231 -1.492 0.258 0.025 0.025 1.097 6348.4 4.3103 14.473616 0.801341 14.788811 13.98747 49.72 6.51 1155.02869 1209.19373 30584.43147 10.868 16592.0 25.78 20145.0 23.931 "" "" 0.002782200351240043 0.0032605107 0.003993404 0.007253915 104.65969792501 -8.3179637583 1184.62524 -1.492 0.258 1.129999979019165 -0.7519999904632568 0.1673745 0.1673745 23.203333333333333 10.389231 7.621698237275395 24.423041616429856 1.2756779818628063 9.878408373865323 7.779768157282771 7.431278545589245 1.1140733541473538
104.44375653904 -8.20282782485 0.02 0.0203 8.8391 "" "" 3050870065273622528 1114.02502 0.8594 0.0245 3.971 0.908 0.028 0.028 1.131 5757.7 3.9572 14.476692 0.866754 14.814251 13.947497 25.93 8.23 1080.53638 1143.39441 30497.90831 13.39 16208.0 33.614 20901.0 28.179 "" "" 0.002796251330747113 0.0035854299 0.004052955 0.007638385 104.44375653904 -8.20282782485 1114.02502 3.9709999999999996 0.9079999999999987 6.592999979019165 -0.1019999904632568 0.1703745 0.1703745 -0.586666666666666 12.10923 34.81836141080918 34.82330353529808 5.9321608385849425 5.934826192623675 35.73628876170028 33.77168871518472 1.8819589118387337
104.15784257028 -8.08919794146 0.0183 0.0199 11.1155 "" "" 3051062101852581376 861.643188 1.1201 0.0234 -3.637 0.738 0.024 0.025 1.073 5613.2 4.3846 14.476899 0.818848 14.801832 13.982985 -9.63 18.12 844.223694 884.044189 30492.09146 7.5978 16394.0 19.175 20229.0 20.061 "" "" 0.00276856986203511 0.0030655724 0.003929765 0.006995337 104.15784257028 -8.08919794146 861.643188 -3.636999999999999 0.7379999999999998 -1.015000020980835 -0.27199999046325685 0.1663745 0.1673745 -36.14666666666667 21.999231 4.29172068398269 36.40055463231894 0.7143212620854501 21.845952610844307 4.40329684528998 4.204956691943432 0.7789493655749546
103.86204992646 -7.97715798241 0.0211 0.02 29.4275 "" "" 3051074127761109120 1177.88831 0.8125 0.0246 -1.6 0.098 0.028 0.024 1.223 6139.1 4.2462 14.490691 0.911451 14.85569 13.944239 9.93 7.23 1142.00195 1218.78345 30107.20582 8.5785 15601.0 13.073 20963.0 24.861 "" "" 0.002772632950342893 0.0029347553 0.0039927065 0.006927462 103.86204992646 -7.97715798241 1177.88831 -1.600000000000001 0.09800000000000003 1.021999979019165 -0.9119999904632569 0.1703745 0.1663745 -16.586666666666666 11.109231 7.647601553981415 18.264810993809107 1.2894849204421825 10.102968211526457 7.913118864543981 7.414604435177566 1.1906556416498826
104.60028157882 -8.62127532406 0.0171 0.0175 30.3682 "" "" 3050791244034761088 971.111816 0.9872 0.0212 1.874 -12.682 0.023 0.021 1.018 5529.0 4.3055 14.491298 0.877345 14.84323 13.965885 -10.61 9.36 949.917419 993.253601 30090.36971 7.6608 15781.0 25.257 20550.0 18.331 "" "" 0.002769151121415981 0.0032870357 0.0039015017 0.007188537 104.60028157882 -8.62127532406 971.111816 1.8740000000000019 -12.682 4.495999979019166 -13.691999990463257 0.1653745 0.1633745 -37.126666666666665 13.23923 66.33611290555899 76.0188743220843 10.850613482690164 11.465632230919935 67.84860603507376 64.88833532815461 2.233060589822796
104.29727339657 -8.32789267036 0.0174 0.0185 6.7861 "" "" 3050861681497571456 945.774353 1.0125 0.022 3.409 -0.081 0.023 0.027 1.081 6036.7 4.374 14.501597 0.863659 14.834611 13.970952 63.28 10.28 925.923889 968.065247 29806.27626 10.664 15906.0 29.659 20454.0 53.372 "" "" 0.002782567860994832 0.0034472726 0.004723356 0.008170629 104.29727339657 -8.32789267036 945.774353 3.409 -0.081 6.030999979019165 -1.0909999904632568 0.1653745 0.1693745 36.763333333333335 14.15923 27.475614040887454 45.89610053916987 4.547289270398012 11.6638337911283 28.12318499502426 26.89893982079837 1.3540664548698829
104.28907098053 -8.08405283023 0.0194 0.0209 7.8542 "" "" 3051060315146585344 1185.02954 0.7983 0.0242 2.801 -4.014 0.028 0.028 0.985 5902.1 4.0857 14.521716 0.878474 14.876392 13.997918 69.3 14.45 1152.88159 1222.20227 29259.05043 8.4957 15306.0 20.933 19952.0 22.789 "" "" 0.0027732968999853056 0.0031606874 0.00397764 0.0071383277 104.28907098053 -8.08405283023 1185.02954 2.801 -4.014 5.422999979019165 -5.023999990463257 0.1703745 0.1703745 42.78333333333333 18.329231 41.524138708442855 59.62103409526803 7.074654277835219 14.045463723620614 42.82669323943919 40.397655452175606 2.171519265932227
104.06741436647 -7.91371027246 0.0414 0.0427 22.5791 "" "" 3051081034068329344 1142.0697 0.8424 0.051 -3.288 -6.646 0.056 0.057 2.765 5759.7 4.3572 14.528185 1.015988 14.939661 13.923673 "" "" 1086.18042 1232.49683 29085.25897 12.511 14440.0 21.054 21364.0 16.11 "" "" 0.0027946207299521693 0.0032079685 0.0038670448 0.0070750136 104.06741436647 -7.91371027246 1142.0697 -3.2880000000000043 -6.645999999999999 -0.6660000209808348 -7.655999990463257 0.19837451 0.1993745 "" "" 41.60158921973316 "" 8.293984254222828 "" 44.89553206453449 39.565738983669064 3.7441519554032876
