Clusters/BDSB93/BDSB93_stars_in_region.tsv
# %ECSV 1.0
# ---
# datatype:
# - name: RA_ICRS_1
#   unit: deg
#   datatype: float64
#   format: '{:15.11f}'
#   description: Right ascension (ICRS) at Ep=2016.0 (ra)
#   meta: !!omap
#   - {ucd: POS_EQ_RA_MAIN}
#   - {width: 15}
#   - {precision: '11'}
# - name: DE_ICRS_1
#   unit: deg
#   datatype: float64
#   format: '{:15.11f}'
#   description: Declination (ICRS) at Ep=2016.0 (dec)
#   meta: !!omap
#   - {ucd: POS_EQ_DEC_MAIN}
#   - {width: 15}
#   - {precision: '11'}
# - name: e_RA_ICRS
#   unit: mas
#   datatype: float64
#   format: '{:7.4f}'
#   description: Standard error of right ascension (ra_error)
#   meta: !!omap
#   - {ucd: ERROR}
#   - {width: 7}
#   - {precision: '4'}
# - name: e_DE_ICRS
#   unit: mas
#   datatype: float64
#   format: '{:7.4f}'
#   description: Standard error of declination (dec_error)
#   meta: !!omap
#   - {ucd: ERROR}
#   - {width: 7}
#   - {precision: '4'}
# - name: _r_1
#   unit: ''
#   datatype: float64
#   format: '{:7.4f}'
#   description: Distance from center (104.29540620000-08.21480598000)[ICRS], at Epoch=J2016.0
#   meta: !!omap
#   - {ucd: POS_ANG_DIST_GENERAL}
#   - {width: 7}
#   - {precision: '4'}
# - name: HIP
#   datatype: int32
#   description: '? HIP cross-id number, van Leeuwen, Cat. I/311 (hip_original_ext_source_id)'
#   meta: !!omap
#   - {ucd: ID_NUMBER}
#   - {width: 6}
#   - values: {'null': -2147483648}
# - name: TYC2
#   datatype: string
#   description: Tycho-2 cross-id name, Hog et al., Cat. I/259 (tyc2_original_ext_source_id)
#   meta: !!omap
#   - {ucd: ID_CROSSID}
#   - {_votable_string_dtype: char}
# - name: Source
#   datatype: int64
#   description: Source identifier, identical to the Gaia-EDR3 source_id (id)
#   meta: !!omap
#   - {ucd: ID_MAIN}
#   - {width: 19}
# - name: rgeo
#   unit: pc
#   datatype: float64
#   format: '{:15.8f}'
#   description: '? Median of the geometric distance posterior (r_med_geo)'
#   meta: !!omap
#   - {ucd: PHYS_DISTANCE_TRUE}
#   - {width: 15}
#   - {precision: '8'}
#   - values: {'null': .nan}
# - name: Plx
#   unit: mas
#   datatype: float64
#   format: '{:9.4f}'
#   description: '? Parallax (parallax)'
#   meta: !!omap
#   - {ucd: POS_PARLX_TRIG}
#   - {width: 9}
#   - {precision: '4'}
#   - values: {'null': .nan}
# - name: e_Plx
#   unit: mas
#   datatype: float32
#   format: '{:7.4f}'
#   description: '? Standard error of parallax (parallax_error)'
#   meta: !!omap
#   - {ucd: ERROR}
#   - {width: 7}
#   - {precision: '4'}
#   - values: {'null': .nan}
# - name: pmRA
#   unit: mas / yr
#   datatype: float64
#   format: '{:9.3f}'
#   description: '? Proper motion in right ascension direction, pmRA*cosDE (pmra)'
#   meta: !!omap
#   - {ucd: POS_EQ_PMRA}
#   - {width: 9}
#   - {precision: '3'}
#   - values: {'null': .nan}
# - name: pmDE
#   unit: mas / yr
#   datatype: float64
#   format: '{:9.3f}'
#   description: '? Proper motion in declination direction (pmdec)'
#   meta: !!omap
#   - {ucd: POS_EQ_PMDEC}
#   - {width: 9}
#   - {precision: '3'}
#   - values: {'null': .nan}
# - name: e_pmRA
#   unit: mas / yr
#   datatype: float32
#   format: '{:6.3f}'
#   description: '? Standard error of proper motion in right ascension direction (pmra_error)'
#   meta: !!omap
#   - {ucd: ERROR}
#   - {width: 6}
#   - {precision: '3'}
#   - values: {'null': .nan}
# - name: e_pmDE
[...]
#         unit: &id001 !astropy.units.Unit {unit: deg}
#         value: !astropy.table.SerializedColumn {name: SkyCoord.dec}
#       distance: !astropy.table.SerializedColumn
#         __class__: astropy.coordinates.distances.Distance
#         unit: !astropy.units.Unit {unit: pc}
#         value: !astropy.table.SerializedColumn {name: SkyCoord.distance}
#       frame: icrs
#       obstime: !astropy.time.Time {format: jyear_str, in_subfmt: '*', jd1: 367701545.0, jd2: 0.0, out_subfmt: '*', precision: 3, scale: tt}
#       pm_dec: !astropy.table.SerializedColumn
#         __class__: astropy.units.quantity.Quantity
#         unit: !astropy.units.Unit {unit: mas / yr}
#         value: !astropy.table.SerializedColumn {name: SkyCoord.pm_dec}
#       pm_ra_cosdec: !astropy.table.SerializedColumn
#         __class__: astropy.units.quantity.Quantity
#         unit: !astropy.units.Unit {unit: mas / yr}
#         value: !astropy.table.SerializedColumn {name: SkyCoord.pm_ra_cosdec}
#       ra: !astropy.table.SerializedColumn
#         __class__: astropy.coordinates.angles.Longitude
#         unit: *id001
#         value: !astropy.table.SerializedColumn {name: SkyCoord.ra}
#         wrap_angle: !astropy.coordinates.Angle
#           unit: *id001
#           value: 360.0
#       representation_type: spherical
# schema: astropy-2.0
RA_ICRS_1 DE_ICRS_1 e_RA_ICRS e_DE_ICRS _r_1 HIP TYC2 Source rgeo Plx e_Plx pmRA pmDE e_pmRA e_pmDE RUWE Teff logg Gmag BP-RP BPmag RPmag RV e_RV b_rgeo B_rgeo FG e_FG FBP e_FBP FRP e_FRP RAVE5 RAVE6 e_Gmag e_BPmag e_RPmag e_BP-RP SkyCoord.ra SkyCoord.dec SkyCoord.distance SkyCoord.pm_ra_cosdec SkyCoord.pm_dec
[from data line 359]
104.15784257028 -8.08919794146 0.0183 0.0199 11.1155 "" "" 3051062101852581376 861.643188 1.1201 0.0234 -3.637 0.738 0.024 0.025 1.073 5613.2 4.3846 14.476899 0.818848 14.801832 13.982985 -9.63 18.12 844.223694 884.044189 30492.09146 7.5978 16394.0 19.175 20229.0 20.061 "" "" 0.00276856986203511 0.0030655724 0.003929765 0.006995337 104.15784257028 -8.08919794146 861.643188 -3.6369999999999996 0.7379999999999999
103.86204992646 -7.97715798241 0.0211 0.02 29.4275 "" "" 3051074127761109120 1177.88831 0.8125 0.0246 -1.6 0.098 0.028 0.024 1.223 6139.1 4.2462 14.490691 0.911451 14.85569 13.944239 9.93 7.23 1142.00195 1218.78345 30107.20582 8.5785 15601.0 13.073 20963.0 24.861 "" "" 0.002772632950342893 0.0029347553 0.0039927065 0.006927462 103.86204992646 -7.97715798241 1177.88831 -1.6000000000000003 0.09800000000000002
104.60028157882 -8.62127532406 0.0171 0.0175 30.3682 "" "" 3050791244034761088 971.111816 0.9872 0.0212 1.874 -12.682 0.023 0.021 1.018 5529.0 4.3055 14.491298 0.877345 14.84323 13.965885 -10.61 9.36 949.917419 993.253601 30090.36971 7.6608 15781.0 25.257 20550.0 18.331 "" "" 0.002769151121415981 0.0032870357 0.0039015017 0.007188537 104.60028157882 -8.62127532406 971.111816 1.8740000000000003 -12.682
104.29727339657 -8.32789267036 0.0174 0.0185 6.7861 "" "" 3050861681497571456 945.774353 1.0125 0.022 3.409 -0.081 0.023 0.027 1.081 6036.7 4.374 14.501597 0.863659 14.834611 13.970952 63.28 10.28 925.923889 968.065247 29806.27626 10.664 15906.0 29.659 20454.0 53.372 "" "" 0.002782567860994832 0.0034472726 0.004723356 0.008170629 104.29727339657 -8.32789267036 945.774353 3.409 -0.081
104.28907098053 -8.08405283023 0.0194 0.0209 7.8542 "" "" 3051060315146585344 1185.02954 0.7983 0.0242 2.801 -4.014 0.028 0.028 0.985 5902.1 4.0857 14.521716 0.878474 14.876392 13.997918 69.3 14.45 1152.88159 1222.20227 29259.05043 8.4957 15306.0 20.933 19952.0 22.789 "" "" 0.0027732968999853056 0.0031606874 0.00397764 0.0071383277 104.28907098053 -8.08405283023 1185.02954 2.801 -4.014
104.06741436647 -7.91371027246 0.0414 0.0427 22.5791 "" "" 3051081034068329344 1142.0697 0.8424 0.051 -3.288 -6.646 0.056 0.057 2.765 5759.7 4.3572 14.528185 1.015988 14.939661 13.923673 "" "" 1086.18042 1232.49683 29085.25897 12.511 14440.0 21.054 21364.0 16.11 "" "" 0.0027946207299521693 0.0032079685 0.0038670448 0.0070750136 104.06741436647 -7.91371027246 1142.0697 -3.2880000000000007 -6.645999999999999
103.75984746232 -8.456445757 0.0174 0.0188 34.9437 "" "" 3050950020385863680 1027.19861 0.9344 0.0219 -1.884 3.061 0.022 0.022 1.019 5091.2 4.2232 14.541436 1.04197 14.981797 13.939827 3.44 18.27 1004.3382 1050.08386 28732.42608 7.1777 13890.0 18.113 21049.0 18.327 "" "" 0.002768637747345707 0.0031288394 0.0038958157 0.007024655 103.75984746232 -8.456445757 1027.19861 -1.8840000000000001 3.061
104.57566444081 -7.70116338038 0.0186 0.0175 35.0303 "" "" 3051099863204373760 1012.54474 0.9488 0.0231 1.375 -18.569 0.02 0.019 1.047 5790.2 4.2858 14.541495 0.944392 14.928696 13.984303 9.12 6.87 991.070923 1035.51221 28730.86338 41.349 14586.0 70.67 20204.0 84.403 "" "" 0.003167558576095729 0.0059546134 0.0059039267 0.01185854 104.57566444081 -7.70116338038 1012.54474 1.3749999999999996 -18.569
104.77894379684 -8.44395980531 0.0167 0.0183 31.829 "" "" 3050801208358633856 830.077881 1.1682 0.0224 -2.396 -1.376 0.023 0.022 1.013 5693.4 4.432 14.541775 0.896662 14.905275 14.008614 "" "" 815.780945 844.071045 28723.46105 16.303 14904.0 34.086 19757.0 30.837 "" "" 0.0028233933788352514 0.0037350939 0.0041419207 0.007877015 104.77894379684 -8.44395980531 830.077881 -2.396 -1.3759999999999997
103.69897976761 -8.22880381026 0.0187 0.0187 35.4277 "" "" 3050973969123392384 1076.65271 0.8873 0.0242 2.131 -3.481 0.023 0.02 0.975 5810.0 4.3039 14.544932 0.909714 14.912968 14.003254 -29.09 9.88 1051.71899 1109.14722 28640.05091 7.2547 14799.0 16.952 19854.0 17.206 "" "" 0.0027690119888413864 0.0030548025 0.0038947493 0.006949552 103.69897976761 -8.22880381026 1076.65271 2.131 -3.4810000000000003
104.59886167831 -8.56347704959 0.0189 0.0198 27.6063 "" "" 3050792790222940544 898.07605 1.0756 0.0221 -7.871 2.642 0.023 0.023 0.967 5837.7 4.4352 14.554061 0.847996 14.892971 14.044975 31.18 8.42 879.721191 914.845154 28400.27466 9.2072 15074.0 20.273 19106.0 20.685 "" "" 0.0027777123310540877 0.003149166 0.00395796 0.0071071256 104.59886167831 -8.56347704959 898.07605 -7.871 2.642
104.29512839576 -8.61563195972 0.0168 0.019 24.0496 "" "" 3050747504086279424 1044.56519 0.9167 0.0216 -0.551 -2.244 0.021 0.022 1.08 6025.5 4.3057 14.560696 0.896256 14.919867 14.02361 7.59 6.42 1025.02515 1065.45642 28227.24541 8.1826 14705.0 19.541 19486.0 18.485 "" "" 0.002773237904858606 0.0031411336 0.0039172117 0.0070583452 104.29512839576 -8.61563195972 1044.56519 -0.5510000000000002 -2.244
103.77608314201 -8.46680438907 0.0173 0.0196 34.3378 "" "" 3050949745507954048 936.761841 1.0194 0.0236 -0.685 -2.915 0.022 0.021 1.063 5514.8 4.3245 14.561515 0.868394 14.910272 14.041878 -3.56 6.73 916.701416 955.568237 28205.9491 8.0155 14836.0 19.943 19161.0 15.733 "" "" 0.002772541708054463 0.0031488298 0.0038831024 0.0070319325 103.77608314201 -8.46680438907 936.761841 -0.6850000000000002 -2.9150000000000005
103.9367856446 -7.83465204084 0.0177 0.0177 31.2126 "" "" 3051128175629392640 1220.43933 0.7828 0.0218 0.543 -1.217 0.025 0.022 0.987 7206.1 4.3569 14.573619 0.962804 14.960404 13.997601 -8.51 7.72 1182.93738 1254.78235 27893.26181 7.9741 14166.0 28.865 19958.0 20.382 "" "" 0.002772747897695121 0.0035608178 0.003938676 0.0074994937 103.9367856446 -7.83465204084 1220.43933 0.543 -1.217
104.67767755767 -8.38050665288 0.0173 0.0183 24.7782 "" "" 3050849552510531584 1117.69299 0.8544 0.0224 0.673 -8.068 0.024 0.023 1.055 6230.1 4.3127 14.575392 0.843429 14.912828 14.069399 28.82 7.59 1088.61206 1148.07715 27847.7378 7.8482 14801.0 15.962 18681.0 17.665 "" "" 0.00277225865966349 0.0030258982 0.0039163516 0.00694225 104.67767755767 -8.38050665288 1117.69299 0.673 -8.068
104.07619056787 -8.03180783106 0.0195 0.0198 17.0324 "" "" 3051074849315521920 1154.47449 0.8275 0.0232 2.293 -4.777 0.025 0.025 1.149 7295.6 4.2971 14.579896 0.93882 14.959862 14.021042 29.32 8.31 1122.96606 1177.97815 27732.46339 45.327 14173.0 82.065 19532.0 70.725 "" "" 0.0032773287096011902 0.0068780254 0.0054534273 0.012331452 104.07619056787 -8.03180783106 1154.47449 2.2930000000000006 -4.776999999999999
103.94005762815 -7.98673150366 0.0439 0.0444 25.1559 "" "" 3051073200048131584 979.171814 0.9833 0.0537 -5.774 -0.561 0.056 0.057 2.527 5902.8 3.934 14.587726 0.902897 14.924939 14.022042 155.12 7.42 935.116394 1028.76929 27533.1851 17.546 14637.0 22.408 19514.0 18.836 "" "" 0.002840866201605108 0.0032477463 0.003921997 0.007169743 103.94005762815 -7.98673150366 979.171814 -5.774000000000001 -0.5609999999999999
104.44449993353 -7.67908589911 0.0176 0.0184 33.3419 "" "" 3051111373716799104 1028.56555 0.9321 0.023 -0.831 2.845 0.021 0.02 1.023 5822.5 4.3136 14.597158 0.903222 14.963851 14.060629 34.92 5.85 1011.04346 1050.65955 27295.02588 7.3588 14121.0 13.013 18832.0 16.841 "" "" 0.002770825252963649 0.002964142 0.0039021105 0.0068662525 104.44449993353 -7.67908589911 1028.56555 -0.831 2.8449999999999998
104.04474693316 -8.57921549193 0.0184 0.0199 26.4466 "" "" 3050759667433730560 918.129578 1.0463 0.0231 -4.192 3.399 0.022 0.021 1.036 5652.2 4.3701 14.599522 0.944455 14.987541 14.043086 96.81 10.71 904.323669 940.471741 27235.66952 6.6496 13817.0 19.057 19139.0 20.442 "" "" 0.002768042335066611 0.0031666285 0.003953293 0.0071199215 104.04474693316 -8.57921549193 918.129578 -4.191999999999999 3.3990000000000005
103.81808749675 -8.1041906085 0.0194 0.0192 29.1157 "" "" 3051070451269235328 1059.04309 0.9052 0.0251 -6.874 -3.414 0.023 0.022 1.154 5331.0 4.2599 14.602025 0.991678 15.00811 14.016432 48.17 12.8 1030.01807 1086.29346 27172.95567 6.8977 13557.0 19.44 19615.0 20.977 "" "" 0.0027690700859908444 0.0031951438 0.0039537246 0.0071488684 103.81808749675 -8.1041906085 1059.04309 -6.873999999999999 -3.414
104.34230660704 -8.58054824812 0.0161 0.0187 22.1204 "" "" 3050841443611766016 1128.35767 0.8481 0.0211 1.718 -4.45 0.02 0.024 0.963 5873.8 4.2174 14.60716 0.899427 14.972975 14.073547 0.98 13.1 1100.37708 1152.84375 27044.7573 7.6739 14003.0 14.998 18610.0 18.336 "" "" 0.002772489856782185 0.0030228049 0.0039278613 0.006950666 104.34230660704 -8.58054824812 1128.35767 1.718 -4.45
103.95129227459 -8.58336929066 0.0178 0.0195 30.1034 "" "" 3050762416212831872 1019.38257 0.9423 0.0236 -4.347 -1.045 0.022 0.022 0.97 5820.3 4.3157 14.614072 0.87216 14.966051 14.093891 17.23 12.14 988.267883 1046.90161 26873.10415 10.752 14093.0 26.364 18264.0 40.545 "" "" 0.002789354384840993 0.0034511492 0.004482536 0.007933686 103.95129227459 -8.58336929066 1019.38257 -4.3469999999999995 -1.045
104.45979229962 -8.25228799197 0.0184 0.0189 10.0172 "" "" 3050866629299801856 921.044983 1.0419 0.022 0.83 0.27 0.026 0.026 1.014 5804.6 4.395 14.619896 0.902926 14.983218 14.080292 18.14 11.09 905.559814 941.285767 26729.35331 8.4221 13872.0 19.371 18494.0 18.672 "" "" 0.0027764768178230597 0.0031754854 0.0039351434 0.0071106288 104.45979229962 -8.25228799197 921.044983 0.83 0.27
104.03133289601 -7.90484452288 0.0197 0.021 24.3307 "" "" 3051081274586516096 1188.95068 0.7976 0.023 -1.818 -0.35 0.026 0.027 1.067 5688.5 4.2629 14.621047 0.8313 14.942453 14.111154 25.5 9.31 1157.03613 1227.54236 26701.03702 10.098 14402.0 19.006 17976.0 53.976 "" "" 0.0027857479296493847 0.0031365629 0.004991195 0.008127758 104.03133289601 -7.90484452288 1188.95068 -1.8180000000000003 -0.35
104.65692659782 -8.34939125118 0.2645 0.2685 22.9337 "" "" 3050849827388425088 826.510681 1.3828 0.3334 -0.582 -0.532 0.369 0.335 13.185 5683.1 3.8755 14.622772 0.988174 14.925343 13.937168 10.91 11.11 622.718262 1333.78662 26658.63223 72.671 14631.0 13.32 21100.0 25.031 "" "" 0.004043712110319898 0.0029600812 0.0039928313 0.0069529125 104.65692659782 -8.34939125118 826.510681 -0.582 -0.532
104.15451474389 -7.72569467222 0.0172 0.0187 30.5174 "" "" 3051107284908209152 842.521851 1.1418 0.0219 -4.591 -0.755 0.024 0.027 1.061 5499.4 4.4186 14.626667 0.86088 14.972209 14.111329 23.53 11.76 821.98468 857.631592 26563.17235 6.2838 14013.0 17.539 17973.0 15.159 "" "" 0.0027672653327028376 0.0031035056 0.003888742 0.006992248 104.15451474389 -7.72569467222 842.521851 -4.591 -0.7550000000000002
104.18678331199 -7.77484861511 0.0194 0.0202 27.175 "" "" 3051106151036867328 1010.98047 0.9479 0.0239 3.679 0.782 0.027 0.027 1.093 5490.8 4.253 14.628471 1.000787 15.041771 14.040984 47.24 21.23 987.245422 1036.93542 26519.07075 6.4197 13143.0 22.496 19176.0 20.054 "" "" 0.0027678278229738684 0.0033524071 0.00394626 0.007298667 104.18678331199 -7.77484861511 1010.98047 3.679 0.7820000000000001
104.57908813783 -8.6382049255 0.0193 0.0206 30.477 "" "" 3050791209675048704 1020.4621 0.9402 0.0242 -9.263 1.257 0.025 0.028 1.117 5796.4 4.3051 14.638309 0.877611 14.991904 14.114293 79.02 10.88 997.550903 1050.99939 26279.86875 7.3926 13761.0 24.71 17924.0 29.076 "" "" 0.002772196086146932 0.0034038236 0.0041696248 0.007573448 104.57908813783 -8.6382049255 1020.4621 -9.263000000000002 1.2570000000000001
104.03494943132 -7.92655528244 0.0182 0.0194 23.206 "" "" 3051079590959354880 844.171509 1.1409 0.0231 -0.768 -2.534 0.024 0.027 1.003 5774.2 4.4392 14.643802 0.898027 15.008492 14.110465 -9.29 6.33 826.556885 862.128296 26147.26396 6.9926 13553.0 16.257 17988.0 16.187 "" "" 0.0027705772531806277 0.0030791517 0.0039036283 0.00698278 104.03494943132 -7.92655528244 844.171509 -0.768 -2.5339999999999994
104.28957563478 -8.51233339056 0.0168 0.0178 17.855 "" "" 3050842852361026432 1115.31531 0.8593 0.0204 -8.753 6.125 0.021 0.022 1.007 5927.5 4.233 14.649504 0.916679 15.020081 14.103402 66.74 5.94 1090.48865 1136.64355 26010.2845 6.5955 13409.0 19.35 18105.0 23.812 "" "" 0.0027690407579053808 0.0031999776 0.0040401546 0.0072401324 104.28957563478 -8.51233339056 1115.31531 -8.753000000000002 6.124999999999999
104.15384816672 -8.23986035841 0.0174 0.0178 8.5394 "" "" 3051050728779304320 1181.27014 0.8085 0.0212 -7.92 3.86 0.022 0.022 0.999 5737.2 4.2128 14.655799 0.92522 15.029264 14.104045 102.81 10.62 1150.18481 1209.43872 25859.91734 6.7055 13296.0 23.929 18094.0 20.502 "" "" 0.0027696660242446268 0.0034063503 0.003974568 0.0073809186 104.15384816672 -8.23986035841 1181.27014 -7.92 3.86
104.44627567895 -8.57058381148 0.0173 0.0194 23.149 "" "" 3050838729193239680 1186.18652 0.7996 0.0219 1.88 1.763 0.022 0.023 1.083 7198.4 4.3225 14.665414 1.073298 15.114285 14.040987 45.03 7.05 1162.67493 1211.26587 25631.93048 6.1986 12294.0 13.7 19176.0 15.608 "" "" 0.002767802323697622 0.0030412038 0.003881325 0.006922529 104.44627567895 -8.57058381148 1186.18652 1.88 1.7629999999999997
104.06508638499 -8.10539090896 0.0178 0.0189 15.173 "" "" 3051056673013992448 894.61554 1.0785 0.0214 -0.791 -0.953 0.023 0.024 0.957 5749.3 4.4178 14.667184 0.880889 15.023677 14.142788 -57.76 7.64 877.568481 914.204834 25590.18036 15.521 13364.0 38.551 17460.0 39.732 "" "" 0.002832920997207891 0.0041945856 0.004515318 0.008709904 104.06508638499 -8.10539090896 894.61554 -0.7910000000000001 -0.9530000000000001
103.87977799883 -8.30194786704 0.0195 0.0189 25.2269 "" "" 3050959503673494528 965.851624 1.0054 0.0224 -0.49 -0.669 0.025 0.022 1.027 5941.4 4.4649 14.667261 0.91108 15.036312 14.125232 -3.88 6.16 948.081909 984.587463 25588.34349 11.986 13210.0 21.577 17745.0 21.272 "" "" 0.002801863594502277 0.003306067 0.0039972146 0.0073032817 103.87977799883 -8.30194786704 965.851624 -0.49 -0.669
103.87158062679 -8.50660520411 0.0266 0.029 30.6515 "" "" 3050951532214326912 1038.89539 0.9203 0.0351 -4.188 1.593 0.033 0.031 1.537 5902.7 4.1567 14.66847 0.908358 14.986148 14.07779 78.24 13.66 1000.42053 1079.81738 25559.86291 10.495 13834.0 23.369 18537.0 32.875 "" "" 0.00279115290129375 0.0033389928 0.0042416267 0.0075806193 103.87158062679 -8.50660520411 1038.89539 -4.188000000000001 1.593
104.26717461244 -7.68878741592 0.0188 0.0213 31.6057 "" "" 3051108418779438720 878.343384 1.1055 0.027 -1.768 -0.32 0.024 0.025 1.066 5543.5 4.4118 14.672939 0.882666 15.029811 14.147145 "" "" 859.903625 900.618164 25454.88673 12.215 13289.0 26.673 17390.0 25.31 "" "" 0.002804147197143119 0.0035403543 0.004096439 0.0076367934 104.26717461244 -7.68878741592 878.343384 -1.768 -0.32
104.19082696902 -7.79139274652 0.0191 0.0197 26.1536 "" "" 3051105841799235712 1113.58972 0.8573 0.0235 3.491 -3.119 0.026 0.026 1.011 6235.4 4.4169 14.67931 0.847523 15.018552 14.171029 "" "" 1083.41809 1150.58582 25305.9607 6.9347 13428.0 24.748 17012.0 17.824 "" "" 0.0027713377357930663 0.0034335346 0.0039468682 0.0073804026 104.19082696902 -7.79139274652 1113.58972 3.4910000000000005 -3.1189999999999998
104.6501043696 -7.96784213063 0.0192 0.021 25.7588 "" "" 3050903222420968576 1148.00024 0.8317 0.024 -2.688 1.597 0.025 0.026 0.996 5928.2 4.0538 14.680865 0.889275 15.038449 14.149175 41.4 8.78 1115.68945 1181.11572 25269.72712 7.1363 13184.0 21.583 17358.0 21.381 "" "" 0.0027723282013097116 0.00330821 0.0040090266 0.0073172366 104.6501043696 -7.96784213063 1148.00024 -2.688 1.597
104.50072887586 -7.82305993957 0.0184 0.0187 26.4818 "" "" 3051096495951016064 997.916626 0.9661 0.0242 -0.768 -1.862 0.023 0.021 1.049 5847.6 4.3649 14.683121 0.864762 15.033772 14.169009 "" "" 970.428894 1030.02075 25217.28551 11.22 13241.0 24.708 17043.0 37.516 "" "" 0.00279734793227753 0.0034481524 0.00447166 0.007919813 104.50072887586 -7.82305993957 997.916626 -0.768 -1.8619999999999999
