Clusters/BDSB93/BDSB93_stars_in_region.tsv
# %ECSV 1.0
# ---
# datatype:
# - name: RA_ICRS_1
#   unit: deg
#   datatype: float64
#   format: '{:15.11f}'
#   description: Right ascension (ICRS) at Ep=2016.0 (ra)
#   meta: !!omap
#   - {ucd: POS_EQ_RA_MAIN}
#   - {width: 15}
#   - {precision: '11'}
# - name: DE_ICRS_1
#   unit: deg
#   datatype: float64
#   format: '{:15.11f}'
#   description: Declination (ICRS) at Ep=2016.0 (dec)
#   meta: !!omap
#   - {ucd: POS_EQ_DEC_MAIN}
#   - {width: 15}
#   - {precision: '11'}
# - name: e_RA_ICRS
#   unit: mas
#   datatype: float64
#   format: '{:7.4f}'
#   description: Standard error of right ascension (ra_error)
#   meta: !!omap
#   - {ucd: ERROR}
#   - {width: 7}
#   - {precision: '4'}
# - name: e_DE_ICRS
#   unit: mas
#   datatype: float64
#   format: '{:7.4f}'
#   description: Standard error of declination (dec_error)
#   meta: !!omap
#   - {ucd: ERROR}
#   - {width: 7}
#   - {precision: '4'}
# - name: _r_1
#   unit: ''
#   datatype: float64
#   format: '{:7.4f}'
#   description: Distance from center (104.29540620000-08.21480598000)[ICRS], at Epoch=J2016.0
#   meta: !!omap
#   - {ucd: POS_ANG_DIST_GENERAL}
#   - {width: 7}
#   - {precision: '4'}
# - name: HIP
#   datatype: int32
#   description: '? HIP cross-id number, van Leeuwen, Cat. I/311 (hip_original_ext_source_id)'
#   meta: !!omap
#   - {ucd: ID_NUMBER}
#   - {width: 6}
#   - values: {'null': -2147483648}
# - name: TYC2
#   datatype: string
#   description: Tycho-2 cross-id name, Hog et al., Cat. I/259 (tyc2_original_ext_source_id)
#   meta: !!omap
#   - {ucd: ID_CROSSID}
#   - {_votable_string_dtype: char}
# - name: Source
#   datatype: int64
#   description: Source identifier, identical to the Gaia-EDR3 source_id (id)
#   meta: !!omap
#   - {ucd: ID_MAIN}
#   - {width: 19}
# - name: rgeo
#   unit: pc
#   datatype: float64
#   format: '{:15.8f}'
#   description: '? Median of the geometric distance posterior (r_med_geo)'
#   meta: !!omap
#   - {ucd: PHYS_DISTANCE_TRUE}
#   - {width: 15}
#   - {precision: '8'}
#   - values: {'null': .nan}
# - name: Plx
#   unit: mas
#   datatype: float64
#   format: '{:9.4f}'
#   description: '? Parallax (parallax)'
#   meta: !!omap
#   - {ucd: POS_PARLX_TRIG}
#   - {width: 9}
#   - {precision: '4'}
#   - values: {'null': .nan}
# - name: e_Plx
#   unit: mas
#   datatype: float32
#   format: '{:7.4f}'
#   description: '? Standard error of parallax (parallax_error)'
#   meta: !!omap
#   - {ucd: ERROR}
#   - {width: 7}
#   - {precision: '4'}
#   - values: {'null': .nan}
# - name: pmRA
#   unit: mas / yr
#   datatype: float64
#   format: '{:9.3f}'
#   description: '? Proper motion in right ascension direction, pmRA*cosDE (pmra)'
#   meta: !!omap
#   - {ucd: POS_EQ_PMRA}
#   - {width: 9}
#   - {precision: '3'}
#   - values: {'null': .nan}
# - name: pmDE
#   unit: mas / yr
#   datatype: float64
#   format: '{:9.3f}'
#   description: '? Proper motion in declination direction (pmdec)'
#   meta: !!omap
#   - {ucd: POS_EQ_PMDEC}
#   - {width: 9}
#   - {precision: '3'}
#   - values: {'null': .nan}
# - name: e_pmRA
#   unit: mas / yr
#   datatype: float32
#   format: '{:6.3f}'
#   description: '? Standard error of proper motion in right ascension direction (pmra_error)'
#   meta: !!omap
#   - {ucd: ERROR}
#   - {width: 6}
#   - {precision: '3'}
#   - values: {'null': .nan}
# - name: e_pmDE
[...]
#         unit: &id001 !astropy.units.Unit {unit: deg}
#         value: !astropy.table.SerializedColumn {name: SkyCoord.dec}
#       distance: !astropy.table.SerializedColumn
#         __class__: astropy.coordinates.distances.Distance
#         unit: !astropy.units.Unit {unit: pc}
#         value: !astropy.table.SerializedColumn {name: SkyCoord.distance}
#       frame: icrs
#       obstime: !astropy.time.Time {format: jyear_str, in_subfmt: '*', jd1: 367701545.0, jd2: 0.0, out_subfmt: '*', precision: 3, scale: tt}
#       pm_dec: !astropy.table.SerializedColumn
#         __class__: astropy.units.quantity.Quantity
#         unit: !astropy.units.Unit {unit: mas / yr}
#         value: !astropy.table.SerializedColumn {name: SkyCoord.pm_dec}
#       pm_ra_cosdec: !astropy.table.SerializedColumn
#         __class__: astropy.units.quantity.Quantity
#         unit: !astropy.units.Unit {unit: mas / yr}
#         value: !astropy.table.SerializedColumn {name: SkyCoord.pm_ra_cosdec}
#       ra: !astropy.table.SerializedColumn
#         __class__: astropy.coordinates.angles.Longitude
#         unit: *id001
#         value: !astropy.table.SerializedColumn {name: SkyCoord.ra}
#         wrap_angle: !astropy.coordinates.Angle
#           unit: *id001
#           value: 360.0
#       representation_type: spherical
# schema: astropy-2.0
RA_ICRS_1 DE_ICRS_1 e_RA_ICRS e_DE_ICRS _r_1 HIP TYC2 Source rgeo Plx e_Plx pmRA pmDE e_pmRA e_pmDE RUWE Teff logg Gmag BP-RP BPmag RPmag RV e_RV b_rgeo B_rgeo FG e_FG FBP e_FBP FRP e_FRP RAVE5 RAVE6 e_Gmag e_BPmag e_RPmag e_BP-RP SkyCoord.ra SkyCoord.dec SkyCoord.distance SkyCoord.pm_ra_cosdec SkyCoord.pm_dec
[from data line 399]
104.07077927531 -8.65048780642 0.021 0.0212 29.3443 "" "" 3050757949446831744 938.090088 1.0255 0.0246 -0.602 0.908 0.025 0.023 1.057 5946.0 4.4755 14.694789 0.860485 15.038816 14.178331 "" "" 915.996216 965.384644 24947.73661 9.9811 13179.0 26.033 16898.0 28.856 "" "" 0.002789350625612755 0.003519201 0.004209666 0.007728867 104.07077927531 -8.65048780642 938.090088 -0.6019999999999999 0.908
104.14550623608 -8.50369690694 0.0181 0.0193 19.4841 "" "" 3050761694658228992 930.607727 1.0323 0.0231 -4.631 4.854 0.022 0.023 1.022 5703.6 4.5178 14.696322 0.982176 15.105024 14.122848 70.06 4.9 914.685791 952.886047 24912.51769 6.5388 12400.0 18.561 17784.0 19.471 "" "" 0.002770017941216697 0.0032289764 0.0039619193 0.0071908957 104.14550623608 -8.50369690694 930.607727 -4.631000000000001 4.854
104.24896987861 -7.82530321273 0.0195 0.021 23.5325 "" "" 3051102646343555584 850.774902 1.1374 0.0253 -1.994 0.237 0.024 0.024 1.004 5712.8 4.3069 14.700254 0.911717 15.074103 14.162386 "" "" 834.48999 872.058044 24822.47519 10.889 12758.0 22.724 17148.0 22.562 "" "" 0.0027961826012331647 0.0033948326 0.004040349 0.007435181 104.24896987861 -7.82530321273 850.774902 -1.9940000000000002 0.237
103.90990313474 -8.65399941616 0.0184 0.0201 34.8984 "" "" 3050755681704162304 902.677429 1.0647 0.0246 -5.417 4.227 0.023 0.023 0.984 5460.9 4.3851 14.703832 0.89282 15.065097 14.172277 "" "" 881.004089 923.652405 24740.82799 6.4788 12864.0 18.044 16992.0 22.434 "" "" 0.002769950583948453 0.003178738 0.0040420964 0.0072208345 103.90990313474 -8.65399941616 902.677429 -5.417000000000001 4.227
104.70867743016 -8.40882029281 0.0185 0.0207 27.1572 "" "" 3050848521718384768 1109.91821 0.8634 0.026 1.1 -0.432 0.025 0.024 0.985 5815.1 4.3188 14.70661 0.87543 15.060123 14.184692 "" "" 1078.83044 1147.01331 24677.60549 7.2358 12923.0 15.965 16799.0 18.181 "" "" 0.0027736505742045497 0.0030958306 0.0039578383 0.0070536686 104.70867743016 -8.40882029281 1109.91821 1.1 -0.432
104.3328534023 -8.51776200443 0.0314 0.0327 18.3128 "" "" 3050842989799968640 840.283691 1.1532 0.038 -2.269 -1.504 0.045 0.045 1.646 5586.5 4.4401 14.706725 1.115357 15.15284 14.037482 21.99 6.17 813.714783 867.05304 24674.97594 12.145 11865.0 20.311 19238.0 30.567 "" "" 0.0028066654556753528 0.0033525324 0.004154484 0.007507016 104.3328534023 -8.51776200443 840.283691 -2.269 -1.5040000000000002
104.13961884377 -7.99174262911 0.0194 0.0196 16.2715 "" "" 3051076666077835136 962.280029 0.9982 0.0237 -4.772 -2.313 0.028 0.027 1.05 6234.1 4.5246 14.707087 0.833924 15.039598 14.205674 "" "" 941.811646 981.106567 24666.75385 7.2848 13170.0 20.639 16477.0 9.3408 "" "" 0.0027739151411444347 0.0032680403 0.0038291737 0.007097214 104.13961884377 -7.99174262911 962.280029 -4.772 -2.313
104.44853640952 -8.04012641618 0.0196 0.0206 13.8771 "" "" 3051083370531000960 961.460266 0.9992 0.0261 -5.98 2.023 0.028 0.027 1.003 5621.9 4.4047 14.708681 0.908102 15.079926 14.171824 "" "" 934.685364 981.408142 24630.55894 6.9043 12690.0 25.007 16999.0 19.96 "" "" 0.0027720780627027287 0.003516072 0.0039886073 0.0075046793 104.44853640952 -8.04012641618 961.460266 -5.980000000000001 2.0230000000000006
103.85708366452 -7.92886839063 0.0192 0.0194 31.1826 "" "" 3051121338041591424 958.208313 1.0022 0.0234 -1.058 -1.211 0.026 0.023 0.975 5289.5 4.3124 14.714746 0.97037 15.113977 14.143607 61.3 6.48 937.578857 980.221252 24493.35457 7.0085 12298.0 13.191 17447.0 15.103 "" "" 0.002772779482268432 0.0030234554 0.0038944934 0.006917949 103.85708366452 -7.92886839063 958.208313 -1.0579999999999998 -1.2109999999999999
104.56739242834 -8.48087846248 0.0729 0.0942 22.706 "" "" 3050846082177102208 1045.97437 0.9419 0.083 -3.728 2.364 0.078 0.093 2.07 "" "" 14.721742 "" "" "" "" "" 958.840149 1151.66577 24336.05042 25.989 "" "" "" "" "" "" 0.002989345494251633 "" "" "" 104.56739242834 -8.48087846248 1045.97437 -3.728 2.3639999999999994
103.82383025365 -7.89461860445 0.019 0.0201 33.9696 "" "" 3051122403193474176 824.37616 1.1702 0.0242 -4.09 2.432 0.025 0.023 0.941 5660.8 4.4552 14.726815 0.995519 15.138098 14.142579 16.11 7.96 807.491028 843.839905 24222.59207 5.9146 12028.0 14.502 17463.0 13.583 "" "" 0.0027680450982632433 0.0030819927 0.0038725846 0.0069545773 103.82383025365 -7.89461860445 824.37616 -4.089999999999999 2.4320000000000004
104.41098511441 -8.37031923132 0.0186 0.0196 11.5825 "" "" 3050863296405257344 1060.18628 0.9006 0.0227 -7.671 -0.523 0.024 0.025 1.049 5409.9 4.2773 14.732539 0.953592 15.123164 14.169572 "" "" 1032.8291 1082.23389 24095.22891 6.5151 12194.0 21.633 17035.0 30.456 "" "" 0.002770915696944556 0.0033904547 0.004248732 0.0076391865 104.41098511441 -8.37031923132 1060.18628 -7.671 -0.5229999999999999
104.59379175576 -8.65043391315 0.0193 0.0202 31.5722 "" "" 3050790934797142400 1072.44055 0.8861 0.0243 -2.358 -11.001 0.023 0.022 0.991 5337.1 4.289 14.734101 1.02064 15.159381 14.138741 -17.26 6.78 1046.83875 1098.73584 24060.59025 6.5596 11794.0 21.619 17525.0 16.577 "" "" 0.002771174279463659 0.003427241 0.003916435 0.007343676 104.59379175576 -8.65043391315 1072.44055 -2.358 -11.001
104.17813396457 -7.83528077972 0.019 0.0205 23.8136 "" "" 3051102371465709696 956.853882 1.0066 0.0233 -1.128 1.023 0.027 0.031 1.075 5538.9 4.3901 14.73709 0.867734 15.0871 14.219366 "" "" 936.728333 975.759094 23994.43429 7.1816 12606.0 16.96 16271.0 20.706 "" "" 0.0027744172147270807 0.003149414 0.0040240223 0.007173436 104.17813396457 -7.83528077972 956.853882 -1.128 1.023
104.53355183393 -8.52442093549 0.0179 0.0197 23.344 "" "" 3050840137942422144 971.830078 0.9866 0.0224 -8.498 0.328 0.024 0.025 0.983 5223.7 4.3055 14.744944 0.97582 15.140021 14.164202 19.13 9.9 952.617737 994.658936 23821.51531 5.9725 12006.0 15.101 17119.0 25.353 "" "" 0.00276873438128033 0.003106442 0.0041072206 0.0072136624 104.53355183393 -8.52442093549 971.830078 -8.498 0.32800000000000007
104.5345540975 -7.8072202076 0.02 0.0208 28.2833 "" "" 3051097011348138496 1042.74402 0.9201 0.0254 2.073 -8.555 0.024 0.023 1.102 5360.7 4.3481 14.74496 0.99952 15.162893 14.163373 45.43 6.82 1017.83942 1063.80737 23821.16431 7.9884 11756.0 19.113 17132.0 17.645 "" "" 0.0027792730151212936 0.0033016624 0.0039413455 0.007243008 104.5345540975 -7.8072202076 1042.74402 2.073 -8.555
104.5305678538 -8.08803655546 0.3818 0.3846 15.9039 "" "" 3050894941724116480 1104.53442 1.6501 0.4859 -1.338 1.191 0.489 0.475 17.927 6596.1 4.2298 14.746454 0.937242 15.079239 14.141996 "" "" 670.026855 2178.88965 23788.38366 95.69 12698.0 15.209 17473.0 23.125 "" "" 0.005163935777448453 0.0030783417 0.004043331 0.007121673 104.5305678538 -8.08803655546 1104.53442 -1.338 1.1909999999999998
104.43205629201 -8.24076903541 0.0198 0.0199 8.2628 "" "" 3050866869817975168 1016.17566 0.9462 0.0238 -5.189 -1.739 0.027 0.027 0.944 5761.9 4.3822 14.754092 0.892359 15.110177 14.217818 "" "" 992.643066 1043.98413 23621.63789 7.6308 12341.0 27.438 16294.0 27.576 "" "" 0.002777554214309569 0.0036894649 0.004202397 0.007891862 104.43205629201 -8.24076903541 1016.17566 -5.188999999999999 -1.739
103.82208948265 -8.10291589121 0.0179 0.0178 28.9021 "" "" 3051070623067922560 1055.32874 0.9094 0.023 -1.804 -0.062 0.022 0.022 1.005 5772.9 4.3564 14.755179 0.921544 15.127573 14.206029 "" "" 1027.75879 1079.44263 23597.97979 8.2036 12145.0 28.904 16472.0 18.175 "" "" 0.0027810527352765233 0.0038028758 0.0039647073 0.0077675832 103.82208948265 -8.10291589121 1055.32874 -1.8039999999999998 -0.06200000000000002
104.56862051263 -8.45711717832 0.0189 0.0196 21.7819 "" "" 3050847044249759744 1184.01257 0.8018 0.0226 -2.221 7.097 0.024 0.023 0.982 5966.4 4.1242 14.764285 0.90226 15.126871 14.224611 "" "" 1148.11975 1214.69556 23400.91241 6.4333 12153.0 20.642 16192.0 14.163 "" "" 0.002771440754343068 0.0033445298 0.003896874 0.0072414037 104.56862051263 -8.45711717832 1184.01257 -2.221 7.0969999999999995
104.64312751871 -8.47769126821 0.0212 0.0216 25.9788 "" "" 3050846288335487232 1040.53711 0.916 0.0258 -1.47 -3.016 0.03 0.027 1.089 5846.3 4.4807 14.769047 0.899962 15.136896 14.236934 "" "" 1015.85492 1068.93005 23298.50514 14.214 12041.0 31.512 16010.0 30.068 "" "" 0.0028338220567424893 0.003982311 0.0042943726 0.008276684 104.64312751871 -8.47769126821 1040.53711 -1.47 -3.016
104.61734865371 -8.63281514408 0.0193 0.0203 31.5302 "" "" 3050791347113974656 1185.48108 0.8028 0.0238 -0.811 8.404 0.024 0.023 1.042 6441.8 4.2524 14.771057 0.970748 15.169996 14.199248 "" "" 1158.22473 1224.19092 23255.39422 6.6653 11679.0 16.62 16575.0 19.566 "" "" 0.002772837218950258 0.0031894054 0.003990787 0.0071801925 104.61734865371 -8.63281514408 1185.48108 -0.8109999999999999 8.404
104.3739995296 -7.97532202444 0.0209 0.0226 15.1084 "" "" 3051084813640011520 935.012939 1.0312 0.028 1.479 6.536 0.03 0.031 0.998 5947.0 4.4815 14.775512 0.861586 15.121192 14.259606 "" "" 913.654846 957.625793 23160.18626 7.3379 12216.0 23.422 15679.0 16.707 "" "" 0.0027767108252805687 0.00348117 0.0039524925 0.007433662 104.3739995296 -7.97532202444 935.012939 1.4789999999999999 6.5360000000000005
104.34745823463 -8.06671793984 0.0209 0.0212 9.4078 "" "" 3051059937189454848 905.80188 1.0624 0.0257 1.694 -1.56 0.03 0.028 1.014 5563.6 4.4106 14.775644 1.016137 15.200051 14.183914 "" "" 883.066589 928.988525 23157.35775 7.2813 11360.0 17.933 16811.0 12.681 "" "" 0.0027763884819671084 0.003274551 0.0038671035 0.0071416544 104.34745823463 -8.06671793984 905.80188 1.694 -1.5599999999999998
104.00764416601 -8.5065802751 0.023 0.0241 24.4597 "" "" 3050763962401005824 1063.08655 0.9025 0.0285 3.089 -6.057 0.027 0.025 0.973 5763.0 4.4143 14.777503 0.904852 15.128062 14.22321 "" "" 1027.79993 1098.56763 23117.74735 7.6418 12139.0 26.033 16213.0 40.059 "" "" 0.0027785966220572086 0.003634102 0.004634678 0.00826878 104.00764416601 -8.5065802751 1063.08655 3.089 -6.057
103.75738176568 -8.21166851673 0.0205 0.0206 31.9509 "" "" 3050972663453292800 1073.47766 0.8911 0.0248 -0.608 -1.868 0.024 0.023 0.995 5926.8 4.1431 14.778372 0.896564 15.140671 14.244107 "" "" 1047.27478 1102.32422 23099.25006 6.7975 11999.0 19.517 15904.0 16.084 "" "" 0.0027737829578280485 0.0033020943 0.0039356556 0.00723775 103.75738176568 -8.21166851673 1073.47766 -0.6080000000000002 -1.868
103.69399234349 -8.19451427848 0.0209 0.0207 35.7362 "" "" 3050975755829768448 1058.95923 0.9001 0.026 -0.823 -2.487 0.023 0.022 0.991 6317.3 4.4454 14.782571 0.888446 15.140117 14.251671 "" "" 1034.13318 1086.51233 23010.09966 6.6232 12005.0 14.352 15794.0 17.709 "" "" 0.002772986889512118 0.0030773124 0.0039706095 0.007047922 103.69399234349 -8.19451427848 1058.95923 -0.823 -2.4869999999999997
104.55130229439 -7.74742127046 0.023 0.0212 31.8999 "" "" 3051098935492586240 1043.03174 0.9117 0.0287 -1.176 0.342 0.026 0.024 1.129 5753.8 4.3849 14.785074 0.884188 15.136134 14.251946 "" "" 1012.98944 1075.61536 22957.10904 11.725 12049.0 24.848 15790.0 24.992 "" "" 0.0028105668013015677 0.0035774873 0.0041517327 0.00772922 104.55130229439 -7.74742127046 1043.03174 -1.1759999999999997 0.3420000000000001
104.52375293094 -8.61987966341 0.0187 0.0203 27.8279 "" "" 3050792103028266240 977.520752 0.983 0.0233 -0.285 -0.368 0.023 0.027 1.014 5794.7 4.4712 14.788444 0.893803 15.145526 14.251723 "" "" 956.695312 1000.26801 22885.97782 9.3172 11946.0 20.046 15793.0 17.912 "" "" 0.00279055004450424 0.003332333 0.0039749346 0.0073072677 104.52375293094 -8.61987966341 977.520752 -0.2849999999999999 -0.36799999999999994
104.14889846009 -8.02695855789 0.0427 0.0468 14.2395 "" "" 3051063338803114624 1157.45691 0.827 0.051 -2.949 7.677 0.061 0.065 2.674 5352.3 4.3566 14.791182 0.960712 15.17855 14.217837 "" "" 1106.61499 1218.85522 22828.30467 12.345 11588.0 19.122 16294.0 15.857 "" "" 0.0028171835026808488 0.0033158707 0.0039243046 0.0072401753 104.14889846009 -8.02695855789 1157.45691 -2.9489999999999994 7.6770000000000005
104.20586223178 -8.43120995215 0.0189 0.0197 14.0304 "" "" 3050856493177152128 935.740173 1.0188 0.0245 -5.674 -4.572 0.023 0.024 0.994 6021.3 4.547 14.792332 0.845953 15.130098 14.284145 "" "" 917.338928 959.780334 22804.15923 6.3138 12117.0 25.743 15329.0 18.102 "" "" 0.0027716700352098393 0.0036201996 0.0039909426 0.0076111425 104.20586223178 -8.43120995215 935.740173 -5.674 -4.572
104.65676983175 -7.91458730529 0.0201 0.0198 28.0236 "" "" 3050904596810490880 1074.73999 0.8908 0.0246 2.298 -9.642 0.026 0.023 1.12 5434.1 4.2937 14.792522 0.900449 15.153916 14.253468 "" "" 1047.86035 1105.9447 22800.15261 6.5866 11854.0 17.671 15768.0 19.334 "" "" 0.002773115012442419 0.0032256292 0.004006998 0.0072326274 104.65676983175 -7.91458730529 1074.73999 2.298 -9.642
104.67877344782 -7.9600235605 0.0185 0.0191 27.4283 "" "" 3050903291140438400 829.279968 1.1668 0.0231 -2.216 2.188 0.024 0.022 1.043 5241.3 4.3913 14.79315 0.959525 15.187212 14.227687 "" "" 811.470642 841.289551 22786.98751 8.3061 11496.0 18.327 16147.0 20.301 "" "" 0.0027835979050216185 0.0032834464 0.0040183454 0.0073017916 104.67877344782 -7.9600235605 829.279968 -2.2159999999999997 2.188
104.86833577437 -8.26103429136 0.0198 0.02 34.1339 "" "" 3050874532040103168 910.480835 1.0501 0.0239 -0.272 -0.553 0.027 0.023 1.026 5750.5 4.4131 14.795794 0.955438 15.183615 14.228177 "" "" 888.870422 925.942017 22731.55714 18.605 11534.0 50.09 16139.0 44.449 "" "" 0.0028950762587529304 0.005478839 0.0048192753 0.010298114 104.86833577437 -8.26103429136 910.480835 -0.27199999999999996 -0.553
103.93278689716 -7.91626102589 0.0204 0.0205 28.0164 "" "" 3051080346873658880 1007.95221 0.9557 0.0249 -9.207 2.998 0.028 0.024 1.068 6032.4 4.2352 14.798852 0.875525 15.148609 14.273084 "" "" 979.250488 1038.79907 22667.62361 6.8793 11912.0 16.384 15485.0 11.959 "" "" 0.0027749528328006455 0.0031646676 0.003871282 0.0070359497 103.93278689716 -7.91626102589 1007.95221 -9.207 2.9980000000000007
103.95738481191 -7.76587739546 0.0213 0.0227 33.5993 "" "" 3051131096207081728 893.72345 1.0748 0.0267 0.215 -1.834 0.031 0.031 1.043 "" "" 14.810703 0.901234 15.147202 14.245968 "" "" 870.443909 912.965393 22421.53145 13.159 11927.0 99.472 15877.0 49.649 "" "" 0.0028280425708417426 0.009475239 0.0050804685 0.014555708 103.95738481191 -7.76587739546 893.72345 0.215 -1.8339999999999996
104.20442181762 -8.41691774355 0.0199 0.0204 13.2754 "" "" 3050856493177147392 1215.16614 0.7802 0.025 -1.33 -0.969 0.024 0.025 1.009 5994.6 4.3206 14.814139 0.934481 15.194333 14.259852 "" "" 1179.49304 1245.05811 22350.68511 8.365 11420.0 20.148 15675.0 15.681 "" "" 0.0027851228109642143 0.0033844237 0.0039323596 0.007316783 104.20442181762 -8.41691774355 1215.16614 -1.33 -0.969
104.04343689879 -8.06727420449 0.0208 0.0205 17.3877 "" "" 3051074471358450176 1122.89343 0.8478 0.0249 6.358 -0.03 0.029 0.029 1.129 5338.9 4.2984 14.814952 0.996115 15.219183 14.223068 "" "" 1092.88855 1158.34216 22333.97244 6.6366 11162.0 20.36 16216.0 16.854 "" "" 0.0027741447589284874 0.003421573 0.0039442535 0.0073658265 104.04343689879 -8.06727420449 1122.89343 6.3580000000000005 -0.02999999999999998
103.8928754582 -8.1138395217 0.0196 0.0193 24.6627 "" "" 3051067668130386944 836.896484 1.1528 0.0233 -7.625 0.399 0.024 0.022 0.968 5230.7 4.3783 14.819934 0.984403 15.224641 14.240238 "" "" 818.878906 855.838135 22231.7265 5.7581 11106.0 13.39 15961.0 18.28 "" "" 0.0027696332429990376 0.003081978 0.003978691 0.0070606694 103.8928754582 -8.1138395217 836.896484 -7.625 0.399
