Clusters/BDSB93/BDSB93_stars_in_region.tsv
# %ECSV 1.0
# ---
# datatype:
# - name: RA_ICRS_1
#   unit: deg
#   datatype: float64
#   format: '{:15.11f}'
#   description: Right ascension (ICRS) at Ep=2016.0 (ra)
#   meta: !!omap
#   - {ucd: POS_EQ_RA_MAIN}
#   - {width: 15}
#   - {precision: '11'}
# - name: DE_ICRS_1
#   unit: deg
#   datatype: float64
#   format: '{:15.11f}'
#   description: Declination (ICRS) at Ep=2016.0 (dec)
#   meta: !!omap
#   - {ucd: POS_EQ_DEC_MAIN}
#   - {width: 15}
#   - {precision: '11'}
# - name: e_RA_ICRS
#   unit: mas
#   datatype: float64
#   format: '{:7.4f}'
#   description: Standard error of right ascension (ra_error)
#   meta: !!omap
#   - {ucd: ERROR}
#   - {width: 7}
#   - {precision: '4'}
# - name: e_DE_ICRS
#   unit: mas
#   datatype: float64
#   format: '{:7.4f}'
#   description: Standard error of declination (dec_error)
#   meta: !!omap
#   - {ucd: ERROR}
#   - {width: 7}
#   - {precision: '4'}
# - name: _r_1
#   unit: ''
#   datatype: float64
#   format: '{:7.4f}'
#   description: Distance from center (104.29540620000-08.21480598000)[ICRS], at Epoch=J2016.0
#   meta: !!omap
#   - {ucd: POS_ANG_DIST_GENERAL}
#   - {width: 7}
#   - {precision: '4'}
# - name: HIP
#   datatype: int32
#   description: '? HIP cross-id number, van Leeuwen, Cat. I/311 (hip_original_ext_source_id)'
#   meta: !!omap
#   - {ucd: ID_NUMBER}
#   - {width: 6}
#   - values: {'null': -2147483648}
# - name: TYC2
#   datatype: string
#   description: Tycho-2 cross-id name, Hog et al., Cat. I/259 (tyc2_original_ext_source_id)
#   meta: !!omap
#   - {ucd: ID_CROSSID}
#   - {_votable_string_dtype: char}
# - name: Source
#   datatype: int64
#   description: Source identifier, identical to the Gaia-EDR3 source_id (id)
#   meta: !!omap
#   - {ucd: ID_MAIN}
#   - {width: 19}
# - name: rgeo
#   unit: pc
#   datatype: float64
#   format: '{:15.8f}'
#   description: '? Median of the geometric distance posterior (r_med_geo)'
#   meta: !!omap
#   - {ucd: PHYS_DISTANCE_TRUE}
#   - {width: 15}
#   - {precision: '8'}
#   - values: {'null': .nan}
# - name: Plx
#   unit: mas
#   datatype: float64
#   format: '{:9.4f}'
#   description: '? Parallax (parallax)'
#   meta: !!omap
#   - {ucd: POS_PARLX_TRIG}
#   - {width: 9}
#   - {precision: '4'}
#   - values: {'null': .nan}
# - name: e_Plx
#   unit: mas
#   datatype: float32
#   format: '{:7.4f}'
#   description: '? Standard error of parallax (parallax_error)'
#   meta: !!omap
#   - {ucd: ERROR}
#   - {width: 7}
#   - {precision: '4'}
#   - values: {'null': .nan}
# - name: pmRA
#   unit: mas / yr
#   datatype: float64
#   format: '{:9.3f}'
#   description: '? Proper motion in right ascension direction, pmRA*cosDE (pmra)'
#   meta: !!omap
#   - {ucd: POS_EQ_PMRA}
#   - {width: 9}
#   - {precision: '3'}
#   - values: {'null': .nan}
# - name: pmDE
#   unit: mas / yr
#   datatype: float64
#   format: '{:9.3f}'
#   description: '? Proper motion in declination direction (pmdec)'
#   meta: !!omap
#   - {ucd: POS_EQ_PMDEC}
#   - {width: 9}
#   - {precision: '3'}
#   - values: {'null': .nan}
# - name: e_pmRA
#   unit: mas / yr
#   datatype: float32
#   format: '{:6.3f}'
#   description: '? Standard error of proper motion in right ascension direction (pmra_error)'
#   meta: !!omap
#   - {ucd: ERROR}
#   - {width: 6}
#   - {precision: '3'}
#   - values: {'null': .nan}
# - name: e_pmDE
[...]
#         unit: &id001 !astropy.units.Unit {unit: deg}
#         value: !astropy.table.SerializedColumn {name: SkyCoord.dec}
#       distance: !astropy.table.SerializedColumn
#         __class__: astropy.coordinates.distances.Distance
#         unit: !astropy.units.Unit {unit: pc}
#         value: !astropy.table.SerializedColumn {name: SkyCoord.distance}
#       frame: icrs
#       obstime: !astropy.time.Time {format: jyear_str, in_subfmt: '*', jd1: 367701545.0, jd2: 0.0, out_subfmt: '*', precision: 3, scale: tt}
#       pm_dec: !astropy.table.SerializedColumn
#         __class__: astropy.units.quantity.Quantity
#         unit: !astropy.units.Unit {unit: mas / yr}
#         value: !astropy.table.SerializedColumn {name: SkyCoord.pm_dec}
#       pm_ra_cosdec: !astropy.table.SerializedColumn
#         __class__: astropy.units.quantity.Quantity
#         unit: !astropy.units.Unit {unit: mas / yr}
#         value: !astropy.table.SerializedColumn {name: SkyCoord.pm_ra_cosdec}
#       ra: !astropy.table.SerializedColumn
#         __class__: astropy.coordinates.angles.Longitude
#         unit: *id001
#         value: !astropy.table.SerializedColumn {name: SkyCoord.ra}
#         wrap_angle: !astropy.coordinates.Angle
#           unit: *id001
#           value: 360.0
#       representation_type: spherical
# schema: astropy-2.0
RA_ICRS_1 DE_ICRS_1 e_RA_ICRS e_DE_ICRS _r_1 HIP TYC2 Source rgeo Plx e_Plx pmRA pmDE e_pmRA e_pmDE RUWE Teff logg Gmag BP-RP BPmag RPmag RV e_RV b_rgeo B_rgeo FG e_FG FBP e_FBP FRP e_FRP RAVE5 RAVE6 e_Gmag e_BPmag e_RPmag e_BP-RP SkyCoord.ra SkyCoord.dec SkyCoord.distance SkyCoord.pm_ra_cosdec SkyCoord.pm_dec
[from data line 642]
103.76304276005 -8.11778429679 0.0265 0.0254 32.1493 "" "" 3051070348190063872 1154.39612 0.8321 0.0343 3.743 4.638 0.03 0.029 1.045 5464.7 4.4606 15.520018 1.20863 16.04495 14.836321 "" "" 1105.63623 1201.16785 11666.47281 3.6882 5217.2 12.363 9217.9 10.869 "" "" 0.002776617332474076 0.0037953248 0.003990322 0.0077856467 103.76304276005 -8.11778429679 1154.39612 3.7430000000000003 4.638000000000001
104.8565013611 -8.01268272992 0.0278 0.0296 35.4665 "" "" 3050887451301027072 979.7052 0.9807 0.0352 -1.997 3.399 0.034 0.032 1.053 5442.1 4.5858 15.52597 1.115301 16.0014 14.886099 "" "" 948.377075 1008.76404 11602.68436 4.3389 5430.7 12.074 8804.8 17.226 "" "" 0.002785074535228635 0.0036894407 0.004335415 0.0080248555 104.8565013611 -8.01268272992 979.7052 -1.9970000000000003 3.3989999999999996
103.87593612449 -8.34605549157 0.0295 0.0327 26.1212 "" "" 3050958163643729024 1088.64148 0.8779 0.0388 -5.311 1.551 0.042 0.034 1.023 5641.3 4.5827 15.529302 0.97037 15.919586 14.949216 "" "" 1040.76379 1142.36279 11567.14604 4.4005 5855.8 27.125 8307.5 23.679 "" "" 0.0027861079893205585 0.0057514296 0.004884756 0.010636186 103.87593612449 -8.34605549157 1088.64148 -5.311 1.551
104.08161618976 -8.16366356675 0.0263 0.0279 13.0621 "" "" 3051055436063446016 936.52124 1.0288 0.0333 -7.04 8.206 0.035 0.035 0.986 5244.5 4.539 15.534206 0.972607 15.938319 14.965713 "" "" 906.406311 965.321472 11515.00694 4.4446 5755.6 12.538 8182.3 17.668 "" "" 0.002787008091361575 0.0036577405 0.0044474774 0.008105218 104.08161618976 -8.16366356675 936.52124 -7.039999999999999 8.205999999999998
104.09370821071 -8.68330222905 0.0286 0.0304 30.5525 "" "" 3050745957898147712 1029.34839 0.9295 0.0349 -2.128 -6.349 0.039 0.034 1.063 5301.0 4.507 15.535377 1.000773 15.954456 14.953683 "" "" 998.692139 1066.30969 11502.59954 4.4703 5670.7 17.527 8273.4 11.834 "" "" 0.0027874422849073445 0.0043642176 0.0040860176 0.008450235 104.09370821071 -8.68330222905 1029.34839 -2.1279999999999997 -6.349
104.19423039053 -7.99610206852 0.0284 0.0341 14.433 "" "" 3051064919351019904 1008.91254 0.9536 0.0355 0.628 -2.162 0.045 0.053 0.977 5121.9 4.4872 15.540892 1.053395 15.986959 14.933563 "" "" 973.31842 1043.67542 11444.32595 4.9791 5503.4 14.141 8428.2 15.842 "" "" 0.0027955188318275056 0.003945636 0.00429518 0.008240816 104.19423039053 -7.99610206852 1008.91254 0.628 -2.1620000000000004
104.09755813259 -8.55657413951 0.0462 0.0497 23.6309 "" "" 3050761110542713472 886.270874 1.0902 0.0604 -11.482 4.287 0.062 0.058 1.832 4859.3 4.6206 15.541429 1.249711 16.081423 14.831712 "" "" 835.029175 936.645447 11438.66341 8.557 5044.8 13.207 9257.1 15.719 "" "" 0.002872539169812473 0.0039829966 0.004205081 0.008188078 104.09755813259 -8.55657413951 886.270874 -11.482 4.287
104.04540251546 -8.25093132451 0.0349 0.0356 15.003 "" "" 3051050144663833088 1171.98987 0.8116 0.0435 -0.341 -7.133 0.046 0.041 1.264 5498.6 4.5643 15.548116 1.052117 15.948167 14.89605 "" "" 1113.58862 1231.56506 11368.43234 7.8693 5703.6 13.676 8724.5 50.793 "" "" 0.002855980015519718 0.003816089 0.00736472 0.011180809 104.04540251546 -8.25093132451 1171.98987 -0.34100000000000014 -7.133
103.92993686932 -8.60474148538 0.0812 0.0868 31.9051 "" "" 3050756506337849344 1007.87482 0.961 0.1035 -3.822 -1.303 0.096 0.091 3.161 4667.4 4.4005 15.548206 1.226758 16.064117 14.837359 "" "" 912.971436 1144.89734 11367.48144 120.67 5125.9 195.06 9209.0 281.29 "" "" 0.011850260611047374 0.0414105 0.033378597 0.07478909 103.92993686932 -8.60474148538 1007.87482 -3.8220000000000005 -1.3030000000000002
104.27333574117 -8.47022544065 0.0253 0.0268 15.3811 "" "" 3050855153147350528 1146.95764 0.8328 0.0312 1.713 -4.025 0.032 0.034 0.987 5046.8 4.3544 15.550372 1.002852 15.96528 14.962428 "" "" 1112.47144 1183.94189 11344.82814 4.1424 5614.4 11.682 8207.0 11.497 "" "" 0.002783694443487952 0.0035900758 0.0040739556 0.0076640313 104.27333574117 -8.47022544065 1146.95764 1.7130000000000003 -4.025
104.21108756259 -8.42889796181 0.0269 0.028 13.7864 "" "" 3050856424457673216 889.033997 1.0927 0.0345 1.527 -1.93 0.033 0.034 1.02 5160.1 4.5333 15.550866 1.109151 16.025366 14.916215 "" "" 860.68103 913.835266 11339.66814 5.3693 5312.1 20.708 8563.9 15.676 "" "" 0.0028028701268416867 0.005069422 0.0042700744 0.0093394965 104.21108756259 -8.42889796181 889.033997 1.5269999999999997 -1.9300000000000002
103.89216268573 -8.6475387203 0.0269 0.0304 35.3117 "" "" 3050755750423641728 1215.81641 0.7848 0.0374 -0.177 0.789 0.033 0.032 0.965 5942.3 4.4235 15.551155 1.18667 16.056955 14.870285 "" "" 1165.0564 1263.75696 11336.6485 4.1369 5159.8 13.088 8934.0 15.772 "" "" 0.0027836601748458096 0.003920407 0.004237647 0.008158054 103.89216268573 -8.6475387203 1215.81641 -0.17700000000000002 0.789
104.45702249682 -7.9293561869 0.0288 0.0309 19.6344 "" "" 3051086909584031744 1032.8335 0.936 0.0424 -0.527 8.086 0.038 0.038 1.091 5367.2 4.5838 15.555503 1.064528 15.983389 14.918861 "" "" 986.323914 1077.73755 11291.34622 4.5693 5521.6 16.312 8543.1 67.146 "" "" 0.002790131448081675 0.004251247 0.009333003 0.013584251 104.45702249682 -7.9293561869 1032.8335 -0.5269999999999999 8.086
104.55554813982 -7.9467985655 0.03 0.029 22.3023 "" "" 3051085981871089152 1194.88794 0.807 0.037 7.697 -1.258 0.04 0.04 0.98 5344.6 4.5261 15.557809 1.069461 16.006672 14.937211 "" "" 1147.82373 1266.0343 11267.39062 4.6237 5404.4 16.722 8399.9 20.478 "" "" 0.002791110685107487 0.0043670116 0.004614088 0.008981099 104.55554813982 -7.9467985655 1194.88794 7.697 -1.2580000000000002
104.23520252842 -8.7604514552 0.0268 0.0301 32.9331 "" "" 3050741422412668544 1164.59753 0.8214 0.035 -0.716 -2.439 0.033 0.034 0.991 5288.0 4.4435 15.567933 1.114638 16.044512 14.929873 "" "" 1122.92175 1205.46838 11162.81323 4.5354 5219.3 13.609 8456.9 19.295 "" "" 0.00279040942527543 0.0039748647 0.004518867 0.008493732 104.23520252842 -8.7604514552 1164.59753 -0.716 -2.439
104.27870134197 -8.70716308737 0.0359 0.0415 29.5581 "" "" 3050743518356672768 1219.73462 0.7777 0.0454 -1.444 -2.012 0.045 0.048 1.525 6067.0 4.3274 15.575099 1.332892 16.136713 14.803821 "" "" 1149.39746 1311.96985 11089.37766 7.6513 4794.4 12.02 9498.0 30.001 "" "" 0.002855341075515389 0.003898019 0.005103434 0.0090014525 104.27870134197 -8.70716308737 1219.73462 -1.4439999999999997 -2.012
104.51439736999 -8.53974548584 0.0353 0.0382 23.4327 "" "" 3050840000503493376 965.792725 1.002 0.0435 1.671 2.501 0.048 0.05 1.435 5419.3 4.6737 15.575431 1.028825 15.972181 14.943357 "" "" 927.546692 1007.96509 11085.98787 9.6405 5578.8 18.363 8352.5 10.457 "" "" 0.0029126007823502757 0.0045339735 0.004016394 0.008550367 104.51439736999 -8.53974548584 965.792725 1.6709999999999998 2.5009999999999994
104.10395339779 -8.00008069254 0.0647 0.0659 17.1847 "" "" 3051075364711550592 1032.63281 0.9343 0.0755 -2.528 3.719 0.084 0.084 2.557 6343.6 4.4799 15.575896 1.213137 16.079494 14.866358 "" "" 952.884399 1108.88647 11081.23731 11.342 5053.8 12.288 8966.3 11.112 "" "" 0.002970983868718508 0.003841109 0.0040117656 0.007852875 104.10395339779 -8.00008069254 1032.63281 -2.5280000000000005 3.7190000000000003
103.93376275933 -8.42672447551 0.0303 0.0357 24.9528 "" "" 3050952322488229504 824.533691 1.1674 0.0419 -2.164 -2.875 0.042 0.036 1.045 5122.6 4.5583 15.577257 1.11882 16.05506 14.936239 "" "" 798.455261 851.844666 11067.35158 6.9505 5168.8 21.497 8407.4 19.196 "" "" 0.002838437161140498 0.005308051 0.0045198537 0.009827904 103.93376275933 -8.42672447551 824.533691 -2.164 -2.8750000000000004
104.453109407 -8.04812381771 0.0292 0.0299 13.7026 "" "" 3051083370531001984 851.704956 1.135 0.0376 -3.035 2.044 0.043 0.043 0.979 4997.2 4.6041 15.585947 1.123364 16.068798 14.945434 "" "" 829.674194 873.534363 10979.13061 5.9188 5103.8 17.681 8336.5 17.705 "" "" 0.0028168037966438907 0.0046832035 0.0044272793 0.009110482 104.453109407 -8.04812381771 851.704956 -3.035 2.0440000000000005
104.42324082969 -8.0441437179 0.0292 0.0308 12.7478 "" "" 3051083404890745216 1123.86487 0.8475 0.0392 -2.663 -2.492 0.043 0.04 0.973 5407.3 4.6315 15.595042 1.001536 16.016134 15.014598 "" "" 1081.98682 1167.16418 10887.54412 4.8028 5357.5 18.984 7822.0 18.827 "" "" 0.002796637472476735 0.004752509 0.00459489 0.009347399 104.42324082969 -8.0441437179 1123.86487 -2.663 -2.492
104.35039958843 -8.65388481733 0.0265 0.0305 26.5461 "" "" 3050744136831917056 852.47467 1.1317 0.0343 2.462 -2.98 0.033 0.038 1.032 4920.6 4.5169 15.59548 1.191437 16.116316 14.924879 "" "" 827.555664 877.228088 10883.15607 3.7152 4885.3 17.601 8495.8 15.899 "" "" 0.0027801372244582122 0.0048048715 0.0042909333 0.009095805 104.35039958843 -8.65388481733 852.47467 2.462 -2.9799999999999995
104.24447367146 -8.17921188064 0.0352 0.0384 3.7027 "" "" 3051057257129967104 1119.12708 0.8422 0.0449 -1.532 -0.97 0.049 0.055 1.184 5252.7 4.5807 15.59726 1.026621 16.01969 14.993069 "" "" 1071.53101 1173.41565 10865.31866 6.4408 5340.0 25.41 7978.7 17.796 "" "" 0.0028294913117678237 0.005871686 0.0044886745 0.01036036 104.24447367146 -8.17921188064 1119.12708 -1.5320000000000003 -0.9700000000000001
103.82115304408 -8.50266916867 0.0313 0.038 33.0288 "" "" 3050946442671195776 982.384155 0.9679 0.0487 1.317 -6.983 0.039 0.036 1.035 5101.7 4.6081 15.600328 1.169868 16.050869 14.881001 "" "" 929.179871 1042.2041 10834.66023 5.5005 5188.8 38.92 8846.2 89.518 "" "" 0.0028099134569877773 0.00860857 0.01161883 0.0202274 103.82115304408 -8.50266916867 982.384155 1.3169999999999997 -6.982999999999998
104.00624441174 -7.85604453897 0.0317 0.0323 27.5406 "" "" 3051082408457856128 1164.87488 0.8131 0.039 1.905 -2.977 0.047 0.052 1.055 5597.4 4.5529 15.601315 1.003528 16.017046 15.013518 "" "" 1112.23096 1213.67432 10824.83084 4.6305 5353.0 15.61 7829.8 11.303 "" "" 0.00279418956920698 0.0042201285 0.0040914947 0.008311624 104.00624441174 -7.85604453897 1164.87488 1.9049999999999998 -2.977
103.90170631754 -8.5896429705 0.0294 0.0304 32.4329 "" "" 3050757227892357632 841.850525 1.1568 0.0391 -9.46 2.907 0.036 0.033 0.998 5130.5 4.6251 15.604193 1.068587 16.058466 14.989879 "" "" 816.392883 869.581848 10796.17015 4.1373 5152.6 12.49 8002.1 18.949 "" "" 0.0027865584142992583 0.0038355778 0.004570985 0.008406563 103.90170631754 -8.5896429705 841.850525 -9.46 2.9069999999999996
104.84423076141 -8.03277112651 0.0311 0.0345 34.38 "" "" 3050887416943342848 1109.0542 0.8694 0.0421 -2.403 -0.631 0.043 0.037 1.101 5680.0 4.5299 15.606627 1.19297 16.118532 14.925562 "" "" 1060.25464 1164.47253 10771.9843 5.7082 4875.3 30.481 8490.5 14.75 "" "" 0.0028147487239785192 0.007339223 0.0042239083 0.011563132 104.84423076141 -8.03277112651 1109.0542 -2.403 -0.6310000000000001
103.87717275602 -8.36218185555 0.0298 0.0325 26.3593 "" "" 3050957923125568640 1018.22327 0.9437 0.038 -2.157 5.543 0.038 0.034 0.975 5285.3 4.5204 15.60681 1.004075 16.021627 15.017552 "" "" 986.770264 1056.05432 10770.18269 4.1032 5330.5 21.972 7800.8 12.431 "" "" 0.002786196073587389 0.00527387 0.004156591 0.009430461 103.87717275602 -8.36218185555 1018.22327 -2.157 5.543
104.7951688902 -8.4572576709 0.0278 0.0298 33.0434 "" "" 3050800383724914048 1188.75659 0.7982 0.0376 0.849 1.583 0.036 0.034 1.032 4905.7 4.401 15.609309 1.118804 16.091043 14.97224 "" "" 1135.80994 1240.49194 10745.4154 3.5822 5000.3 17.231 8133.2 10.519 "" "" 0.002778992376282821 0.0046672714 0.004031821 0.008699093 104.7951688902 -8.4572576709 1188.75659 0.8490000000000001 1.583
104.52310801263 -8.24950481584 0.0295 0.0314 13.6807 "" "" 3050866320062133248 1189.28638 0.7978 0.0395 -0.462 -7.01 0.041 0.041 1.035 4855.9 4.3804 15.614463 1.249923 16.17058 14.920657 "" "" 1130.11743 1249.34509 10694.52739 5.4008 4647.1 11.122 8528.9 12.452 "" "" 0.002809346158313677 0.0038127846 0.0040983446 0.007911129 104.52310801263 -8.24950481584 1189.28638 -0.46199999999999997 -7.01
104.13707350049 -8.13439848009 0.0358 0.0361 10.5688 "" "" 3051061277218911488 1180.45715 0.8157 0.0465 0.819 -4.071 0.046 0.046 1.209 5313.5 4.6141 15.616191 1.081557 16.06149 14.979932 "" "" 1122.09705 1239.45288 10677.5227 7.7735 5138.3 17.202 8075.8 13.789 "" "" 0.0028664593295315154 0.00458225 0.004209565 0.0087918155 104.13707350049 -8.13439848009 1180.45715 0.8190000000000001 -4.070999999999999
104.33003487019 -8.07897926496 0.0299 0.0297 8.4051 "" "" 3051060658743963776 1150.9248 0.8343 0.0365 -1.688 -2.626 0.043 0.039 1.036 4712.7 4.2823 15.623574 1.19298 16.14373 14.95075 "" "" 1095.63293 1205.42932 10605.15924 4.5316 4763.5 17.624 8295.8 18.547 "" "" 0.0027941056938039998 0.004890951 0.004491765 0.009382715 104.33003487019 -8.07897926496 1150.9248 -1.6880000000000002 -2.6260000000000003
104.16034447422 -7.96401235806 0.0327 0.0352 17.0529 "" "" 3051076807820489600 1220.02014 0.7789 0.0382 -1.49 4.965 0.049 0.058 1.03 "" "" 15.636862 1.127136 16.11839 14.991253 "" "" 1170.7699 1280.47266 10476.15588 4.1227 4876.0 14.564 7992.0 12.086 "" "" 0.0027882522304857786 0.0042780633 0.004120634 0.008398697 104.16034447422 -7.96401235806 1220.02014 -1.4899999999999998 4.965
104.59625011669 -8.16878739522 0.0284 0.0311 18.0786 "" "" 3050890200080235776 1108.76355 0.8655 0.0379 -2.096 2.497 0.04 0.04 0.969 5407.3 4.6748 15.646819 0.995031 16.06032 15.065289 "" "" 1070.69128 1155.87427 10380.5209 4.4151 5143.9 21.27 7465.2 13.371 "" "" 0.002793750272000443 0.005285904 0.004250351 0.009536255 104.59625011669 -8.16878739522 1108.76355 -2.0959999999999996 2.497
104.44381189199 -8.57317184238 0.027 0.0297 23.2364 "" "" 3050838729193244032 1077.15369 0.8868 0.035 -7.255 2.903 0.035 0.035 1.015 5336.0 4.5188 15.648989 1.096305 16.095032 14.998727 "" "" 1038.36475 1118.22461 10359.80012 4.18 4982.0 33.83 7937.2 34.551 "" "" 0.002789928266730243 0.0078829415 0.0060515497 0.013934491 104.44381189199 -8.57317184238 1077.15369 -7.255000000000002 2.9029999999999996
104.4616190397 -8.42324947002 0.0281 0.0301 15.9308 "" "" 3050850445863112704 1068.07947 0.8982 0.0343 4.858 1.47 0.037 0.037 0.968 5482.1 4.6048 15.661246 1.024865 16.084936 15.060071 "" "" 1036.68457 1110.72327 10243.49308 4.1015 5028.5 21.471 7501.2 11.793 "" "" 0.0027894047750761327 0.0054108244 0.004146971 0.009557795 104.4616190397 -8.42324947002 1068.07947 4.8580000000000005 1.4699999999999998
103.96085040554 -8.15867077183 0.0282 0.0302 20.1522 "" "" 3051066328100582144 910.460449 1.0508 0.0345 -0.815 8.239 0.036 0.035 1.051 5126.7 4.5553 15.66286 1.056221 16.10917 15.05295 "" "" 881.454895 940.722839 10228.28 3.6898 4917.5 11.935 7550.5 15.85 "" "" 0.0027830195417745847 0.0038378339 0.0044134306 0.008251265 103.96085040554 -8.15867077183 910.460449 -0.815 8.238999999999999
103.99342078452 -8.10756552285 0.051 0.0522 19.0549 "" "" 3051068046087437568 833.861084 1.1711 0.0629 5.324 6.963 0.068 0.063 1.919 4745.1 4.4673 15.672419 1.246627 16.19132 14.944694 "" "" 787.787842 874.502502 10138.62845 8.8458 4559.2 18.413 8342.2 8.7053 "" "" 0.0029136136873258276 0.0051973495 0.0039455546 0.009142904 103.99342078452 -8.10756552285 833.861084 5.324000000000001 6.962999999999999
104.21414936018 -8.43728108241 0.0275 0.0293 14.1934 "" "" 3050856424457675264 1111.95825 0.8643 0.0353 -6.856 -0.212 0.035 0.036 0.97 5141.7 4.5292 15.68401 1.018535 16.10757 15.089036 "" "" 1058.86755 1154.64709 10030.97047 3.7828 4924.8 16.994 7303.7 9.7459 "" "" 0.002785576058071785 0.0046713674 0.004047555 0.008718923 104.21414936018 -8.43728108241 1111.95825 -6.855999999999999 -0.21199999999999988
104.36320151027 -7.97915866978 0.031 0.0329 14.7012 "" "" 3051084813639401344 1133.23132 0.8384 0.0404 -2.481 -2.863 0.045 0.044 0.989 5236.8 4.5977 15.690255 1.043895 16.12934 15.085444 "" "" 1086.94775 1194.31165 9973.43609 6.0364 4827.0 16.391 7327.9 15.964 "" "" 0.0028325997857817963 0.004623605 0.0044585173 0.009082122 104.36320151027 -7.97915866978 1133.23132 -2.481 -2.863
