Clusters/BDSB93/BDSB93_stars_in_region.tsv
# %ECSV 1.0
# ---
# datatype:
# - name: RA_ICRS_1
#   unit: deg
#   datatype: float64
#   format: '{:15.11f}'
#   description: Right ascension (ICRS) at Ep=2016.0 (ra)
#   meta: !!omap
#   - {ucd: POS_EQ_RA_MAIN}
#   - {width: 15}
#   - {precision: '11'}
# - name: DE_ICRS_1
#   unit: deg
#   datatype: float64
#   format: '{:15.11f}'
#   description: Declination (ICRS) at Ep=2016.0 (dec)
#   meta: !!omap
#   - {ucd: POS_EQ_DEC_MAIN}
#   - {width: 15}
#   - {precision: '11'}
# - name: e_RA_ICRS
#   unit: mas
#   datatype: float64
#   format: '{:7.4f}'
#   description: Standard error of right ascension (ra_error)
#   meta: !!omap
#   - {ucd: ERROR}
#   - {width: 7}
#   - {precision: '4'}
# - name: e_DE_ICRS
#   unit: mas
#   datatype: float64
#   format: '{:7.4f}'
#   description: Standard error of declination (dec_error)
#   meta: !!omap
#   - {ucd: ERROR}
#   - {width: 7}
#   - {precision: '4'}
# - name: _r_1
#   unit: ''
#   datatype: float64
#   format: '{:7.4f}'
#   description: Distance from center (104.29540620000-08.21480598000)[ICRS], at Epoch=J2016.0
#   meta: !!omap
#   - {ucd: POS_ANG_DIST_GENERAL}
#   - {width: 7}
#   - {precision: '4'}
# - name: HIP
#   datatype: int32
#   description: '? HIP cross-id number, van Leeuwen, Cat. I/311 (hip_original_ext_source_id)'
#   meta: !!omap
#   - {ucd: ID_NUMBER}
#   - {width: 6}
#   - values: {'null': -2147483648}
# - name: TYC2
#   datatype: string
#   description: Tycho-2 cross-id name, Hog et al., Cat. I/259 (tyc2_original_ext_source_id)
#   meta: !!omap
#   - {ucd: ID_CROSSID}
#   - {_votable_string_dtype: char}
# - name: Source
#   datatype: int64
#   description: Source identifier, identical to the Gaia-EDR3 source_id (id)
#   meta: !!omap
#   - {ucd: ID_MAIN}
#   - {width: 19}
# - name: rgeo
#   unit: pc
#   datatype: float64
#   format: '{:15.8f}'
#   description: '? Median of the geometric distance posterior (r_med_geo)'
#   meta: !!omap
#   - {ucd: PHYS_DISTANCE_TRUE}
#   - {width: 15}
#   - {precision: '8'}
#   - values: {'null': .nan}
# - name: Plx
#   unit: mas
#   datatype: float64
#   format: '{:9.4f}'
#   description: '? Parallax (parallax)'
#   meta: !!omap
#   - {ucd: POS_PARLX_TRIG}
#   - {width: 9}
#   - {precision: '4'}
#   - values: {'null': .nan}
# - name: e_Plx
#   unit: mas
#   datatype: float32
#   format: '{:7.4f}'
#   description: '? Standard error of parallax (parallax_error)'
#   meta: !!omap
#   - {ucd: ERROR}
#   - {width: 7}
#   - {precision: '4'}
#   - values: {'null': .nan}
# - name: pmRA
#   unit: mas / yr
#   datatype: float64
#   format: '{:9.3f}'
#   description: '? Proper motion in right ascension direction, pmRA*cosDE (pmra)'
#   meta: !!omap
#   - {ucd: POS_EQ_PMRA}
#   - {width: 9}
#   - {precision: '3'}
#   - values: {'null': .nan}
# - name: pmDE
#   unit: mas / yr
#   datatype: float64
#   format: '{:9.3f}'
#   description: '? Proper motion in declination direction (pmdec)'
#   meta: !!omap
#   - {ucd: POS_EQ_PMDEC}
#   - {width: 9}
#   - {precision: '3'}
#   - values: {'null': .nan}
# - name: e_pmRA
#   unit: mas / yr
#   datatype: float32
#   format: '{:6.3f}'
#   description: '? Standard error of proper motion in right ascension direction (pmra_error)'
#   meta: !!omap
#   - {ucd: ERROR}
#   - {width: 6}
#   - {precision: '3'}
#   - values: {'null': .nan}
# - name: e_pmDE
[...]
#       distance: !astropy.table.SerializedColumn
#         __class__: astropy.coordinates.distances.Distance
#         unit: !astropy.units.Unit {unit: pc}
#         value: !astropy.table.SerializedColumn {name: SkyCoord.distance}
#       frame: icrs
#       obstime: !astropy.time.Time {format: jyear_str, in_subfmt: '*', jd1: 367701545.0, jd2: 0.0, out_subfmt: '*', precision: 3, scale: tt}
#       pm_dec: !astropy.table.SerializedColumn
#         __class__: astropy.units.quantity.Quantity
#         unit: !astropy.units.Unit {unit: mas / yr}
#         value: !astropy.table.SerializedColumn {name: SkyCoord.pm_dec}
#       pm_ra_cosdec: !astropy.table.SerializedColumn
#         __class__: astropy.units.quantity.Quantity
#         unit: !astropy.units.Unit {unit: mas / yr}
#         value: !astropy.table.SerializedColumn {name: SkyCoord.pm_ra_cosdec}
#       ra: !astropy.table.SerializedColumn
#         __class__: astropy.coordinates.angles.Longitude
#         unit: *id001
#         value: !astropy.table.SerializedColumn {name: SkyCoord.ra}
#         wrap_angle: !astropy.coordinates.Angle
#           unit: *id001
#           value: 360.0
#       representation_type: spherical
# schema: astropy-2.0
RA_ICRS_1 DE_ICRS_1 e_RA_ICRS e_DE_ICRS _r_1 HIP TYC2 Source rgeo Plx e_Plx pmRA pmDE e_pmRA e_pmDE RUWE Teff logg Gmag BP-RP BPmag RPmag RV e_RV b_rgeo B_rgeo FG e_FG FBP e_FBP FRP e_FRP RAVE5 RAVE6 e_Gmag e_BPmag e_RPmag e_BP-RP SkyCoord.ra SkyCoord.dec SkyCoord.distance SkyCoord.pm_ra_cosdec SkyCoord.pm_dec rmRA rmDE e_rmRA e_rmDE rRV e_rRV v_pec v_pec3d e_vpec e_vpec3d v_trans_upper v_trans_lower e_v_pec
[from data line 131]
103.82452016386 -8.11820847326 0.0106 0.0107 28.5609 "" "" 3051070245110813440 1219.40735 0.778 0.0133 0.735 -6.3 0.013 0.013 1.006 "" "" 13.26154 1.036517 13.690516 12.653999 28.28 2.69 1201.19617 1240.90417 93396.50947 17.32 45626.0 32.943 68795.0 32.824 "" "" 0.002762667070988034 0.0028982044 0.0038147199 0.006712924 103.82452016386 -8.11820847326 1219.40735 0.7349999999999995 -6.3 3.356999979019165 -7.309999990463257 0.1553745 0.1553745 1.7633333333333354 6.569231 46.49410716919122 46.52753320244565 7.223998523023721 7.223100637028962 47.31374750748901 45.79974317786589 1.6550653350985436
104.53347834701 -8.21451856778 0.0114 0.0121 14.1378 "" "" 3050866526220545024 958.80896 1.0004 0.0147 2.763 1.098 0.015 0.016 1.048 6952.0 4.1923 13.275542 0.668609 13.531846 12.863237 40.79 4.64 947.37561 970.124817 92199.74595 23.911 52805.0 26.926 56737.0 28.477 "" "" 0.00276967023902238 0.002844566 0.0038184673 0.0066630333 104.53347834701 -8.21451856778 958.80896 2.763000000000002 1.098 5.384999979019165 0.08800000953674325 0.1573745 0.1583745 14.273333333333333 8.519231 24.47677034492966 28.334437191567304 3.8520260802815636 5.430464984500009 24.765645026539918 24.1848962658397 1.005604065547669
104.25794515345 -8.66155206327 0.0118 0.0133 26.8968 "" "" 3050746885611021952 1116.01709 0.854 0.0134 -1.135 -1.894 0.014 0.015 0.882 7839.4 4.2847 13.279653 0.619653 13.516284 12.896631 "" "" 1098.40076 1136.37463 91851.36993 29.904 53568.0 44.528 55018.0 43.674 "" "" 0.0027779019592536784 0.002932503 0.0038764093 0.0068089124 104.25794515345 -8.66155206327 1116.01709 -1.135 -1.8939999999999997 1.486999979019165 -2.903999990463257 0.1563745 0.1573745 "" "" 17.25875531439848 "" 2.712511859665723 "" 17.57357648050005 16.986325858136574 1.1250278779199325
103.81336162703 -7.8773866418 0.0116 0.0123 35.0713 "" "" 3051122678071373952 908.352661 1.0588 0.0152 0.183 -0.407 0.016 0.015 1.069 6772.3 4.1823 13.280419 0.693609 13.547813 12.854204 14.79 4.96 897.552551 920.441833 91786.56087 23.139 52034.0 29.917 57211.0 23.919 "" "" 0.0027688817714149553 0.0028591484 0.0038065442 0.0066656927 103.81336162703 -7.8773866418 908.352661 0.18300000000000002 -0.4070000000000005 2.804999979019165 -1.4169999904632569 0.1583745 0.1573745 -11.726666666666667 8.839231 13.5307378829427 17.905183014088735 2.1401798559272933 6.010760973478615 13.71081707968742 13.369860435458733 0.8515010806667898
104.03811564744 -8.46423771185 0.0116 0.0126 21.3841 "" "" 3050765573007664000 1103.90125 0.8644 0.0142 -4.818 2.223 0.014 0.014 1.008 6933.9 4.1134 13.293752 0.655405 13.545098 12.889693 42.67 4.8 1086.49011 1121.0072 90666.35386 38.497 52165.0 56.198 55371.0 37.268 "" "" 0.002793620314979415 0.0030254244 0.0038493825 0.006874807 104.03811564744 -8.46423771185 1103.90125 -4.818 2.2230000000000025 -2.1960000209808346 1.213000009536743 0.1563745 0.1563745 16.153333333333336 8.679231 13.126970893609018 20.814599266366773 2.0527234995243817 6.858865060991005 13.330385200602088 12.91992743931041 1.0234571849950433
103.72334479784 -8.28796913074 0.0133 0.0134 34.2508 "" "" 3050970533149583360 1070.01135 0.8941 0.0171 -1.971 -3.637 0.016 0.015 1.22 "" "" 13.303025 0.840285 13.638717 12.798431 22.11 4.65 1050.43689 1088.61072 89895.23202 17.308 47855.0 29.251 60226.0 30.389 "" "" 0.0027632387084834025 0.002868009 0.003818882 0.006686891 103.72334479784 -8.28796913074 1070.01135 -1.9709999999999963 -3.6370000000000053 0.650999979019165 -4.646999990463257 0.1583745 0.1573745 -4.406666666666666 8.529231 23.799054423178635 24.20358862955098 3.745823821723914 3.997192690052686 24.212739211537965 23.36368180881867 1.2228070885081783
104.49487131153 -8.32088027926 0.0107 0.0114 13.4453 "" "" 3050852266929185024 928.357666 1.0352 0.0131 -3.485 -0.309 0.014 0.014 1.046 6525.6 4.1023 13.312265 0.727389 13.595003 12.867614 62.45 4.0 916.757263 941.969727 89133.43236 23.889 49821.0 47.526 56508.0 32.537 "" "" 0.0027706436036531437 0.0029762003 0.003830738 0.006806938 104.49487131153 -8.32088027926 928.357666 -3.485 -0.309 -0.8630000209808348 -1.3189999904632568 0.1563745 0.1563745 35.93333333333334 7.8792305 6.936107143840997 36.59663955550136 1.084630281027987 7.739151789848967 7.037807939775932 6.849436196784116 0.7822986160740711
104.004091488 -8.37425923833 0.0109 0.0122 19.7657 "" "" 3050954384072460416 907.553101 1.065 0.0153 -3.766 -4.25 0.013 0.013 0.958 5443.0 4.0445 13.313472 1.05467 13.757689 12.703019 28.72 2.4 893.773254 919.657959 89034.40733 14.594 42889.0 30.41 65758.0 31.816 "" "" 0.0027610617240271546 0.0028944232 0.0038157154 0.0067101386 104.004091488 -8.37425923833 907.553101 -3.766 -4.25 -1.144000020980835 -5.259999990463257 0.1553745 0.1553745 2.203333333333333 6.279231 23.156457473752088 23.261044699485588 3.5979229363435183 3.6307944183876604 23.465316128076502 22.80486103195853 0.9986178239482061
104.83720782303 -8.28233489161 0.0116 0.0121 32.4259 "" "" 3050874562098992640 986.529236 0.9712 0.0148 -2.367 7.304 0.016 0.014 0.978 6517.1 4.0063 13.320875 0.754752 13.615126 12.860373 -3.56 5.1 970.243591 1002.02405 88429.3925 24.931 48907.0 32.036 56886.0 35.591 "" "" 0.002772271333428187 0.0028793842 0.003839944 0.0067193285 104.83720782303 -8.28233489161 986.529236 -2.367 7.304 0.25499997901916505 6.294000009536743 0.1583745 0.1563745 -30.076666666666664 8.979231 29.45582456206683 42.09811727867456 4.606236972887473 7.179240333846126 29.918469262447363 28.969567201925 1.2056968464582698
104.25134243087 -8.20325154087 0.0116 0.0129 2.707 "" "" 3051057016611714816 1032.22791 0.9287 0.0153 -0.951 -2.919 0.016 0.018 1.164 6114.3 4.0254 13.322367 0.818536 13.647208 12.828672 21.8 3.18 1018.13251 1044.34778 88307.97266 20.478 47483.0 42.168 58572.0 26.951 "" "" 0.0027667995698263605 0.0029520735 0.0038122581 0.006764332 104.25134243087 -8.20325154087 1032.22791 -0.9509999999999994 -2.919 1.670999979019165 -3.928999990463257 0.1583745 0.16037449 -4.716666666666665 7.059231 20.890013432350212 21.415872750093953 3.343859602804031 3.613341048878816 21.135292836874683 20.6047536631832 1.0484525916956917
104.27909125901 -8.77473373179 0.0108 0.0124 33.6096 "" "" 3050740799635515648 822.292908 1.1725 0.0144 0.077 -0.517 0.013 0.014 1.04 6329.3 4.2105 13.327817 0.750798 13.618634 12.867836 "" "" 811.523804 834.166748 87865.80279 19.963 48749.0 48.387 56497.0 58.684 "" "" 0.0027663404322179922 0.0029910582 0.0039440566 0.006935115 104.27909125901 -8.77473373179 822.292908 0.077 -0.517 2.698999979019165 -1.5269999904632567 0.1553745 0.1563745 "" "" 12.086750639282442 "" 1.8809106889319458 "" 12.261282295599166 11.928457318994559 0.7729581467690744
104.46916760174 -8.48810147475 0.0142 0.0145 19.3723 "" "" 3050844089311535744 1038.92981 0.9221 0.0167 -2.41 -1.765 0.02 0.018 1.218 6540.6 4.063 13.333301 0.685165 13.595802 12.910637 53.04 4.06 1016.10223 1057.05933 87423.18045 23.141 49785.0 41.778 54313.0 33.045 "" "" 0.0027702681327768323 0.0029351625 0.0038366776 0.00677184 104.46916760174 -8.48810147475 1038.92981 -2.41 -1.7650000000000017 0.2119999790191649 -2.7749999904632565 0.1623745 0.16037449 26.523333333333333 7.939231 13.705384093711482 29.855062623737215 2.1981540556653214 7.125057086418658 13.944545616119452 13.404246568521087 1.0599755937141107
104.53250442468 -8.27806122066 0.0115 0.0126 14.5814 "" "" 3050865662923671424 877.121765 1.1033 0.0145 -0.47 -2.15 0.015 0.015 1.009 6159.3 4.0496 13.341414 0.729087 13.626831 12.897744 56.3 9.55 866.377563 888.721069 86772.25635 69.882 48382.0 84.264 54962.0 178.32 "" "" 0.0028907369169157075 0.0033705758 0.005166464 0.00853704 104.53250442468 -8.27806122066 877.121765 -0.46999999999999986 -2.150000000000001 2.1519999790191653 -3.1599999904632567 0.1573745 0.1573745 29.78333333333333 13.429231 15.89508861082712 33.759454770337896 2.5014816421090664 11.905961104355576 16.10528971660395 15.700383554291868 0.8567465664993075
103.72032472653 -8.36887066035 0.0139 0.0126 35.3733 "" "" 3050968883882191744 1156.77161 0.8248 0.0178 -0.774 -0.665 0.014 0.013 0.994 7355.3 4.1116 13.355074 0.660541 13.608438 12.947897 68.75 11.12 1131.11584 1178.81836 85687.42533 26.164 49209.0 34.813 52481.0 31.98 "" "" 0.002775192916613725 0.0028939652 0.0038368546 0.00673082 103.72032472653 -8.36887066035 1156.77161 -0.7740000000000001 -0.6650000000000004 1.847999979019165 -1.6749999904632569 0.1563745 0.1553745 42.233333333333334 14.99923 13.675606637929166 44.39230407806985 2.132359118763337 14.284871360045038 13.936248131927075 13.372298521201452 1.1369228245962804
104.09028536313 -7.66015213359 0.011 0.0127 35.4413 "" "" 3051155457261386368 1149.21362 0.827 0.0155 -4.702 -2.383 0.015 0.018 1.086 "" "" 13.357729 0.825128 13.685868 12.860741 61.7 6.75 1127.57617 1170.67773 85478.16257 16.502 45822.0 35.0 56867.0 27.121 "" "" 0.002763281470681347 0.002910809 0.0038146891 0.006725498 104.09028536313 -7.66015213359 1149.21362 -4.702000000000007 -2.3829999999999996 -2.080000020980835 -3.392999990463257 0.1573745 0.16037449 35.18333333333334 10.6292305 21.679083376531125 41.326137013892705 3.459128433005945 9.229423553366788 22.083988280367052 21.270908539023086 1.2757101701356857
104.16526767887 -7.84700227493 0.0113 0.0118 23.3835 "" "" 3051102268386516352 1066.80151 0.8965 0.014 -2.682 -1.63 0.016 0.018 0.961 6138.7 3.8957 13.380629 0.735498 13.666575 12.931078 42.6 7.69 1053.44019 1080.69043 83694.2135 23.871 46643.0 43.918 53300.0 36.536 "" "" 0.0027726675008124192 0.0029715577 0.0038519648 0.0068235225 104.16526767887 -7.84700227493 1066.80151 -2.6820000000000013 -1.6300000000000017 -0.0600000209808349 -2.6399999904632567 0.1583745 0.16037449 16.083333333333336 11.569231 13.35297459315621 20.903959950128744 2.1414628212147973 9.005765547823147 13.52681986254131 13.185733203995607 0.981494078884926
104.00894561365 -8.42928950311 0.0114 0.0119 21.3269 "" "" 3050953628158566528 892.10144 1.078 0.0142 -4.284 0.316 0.014 0.013 1.032 6529.9 4.2055 13.38767 0.680805 13.648657 12.967852 44.14 4.28 877.220459 904.465515 83153.15544 24.366 47419.0 24.887 51525.0 41.818 "" "" 0.0027736271968076317 0.0028477628 0.0038807504 0.006728513 104.00894561365 -8.42928950311 892.10144 -4.284 0.31600000000000006 -1.6620000209808348 -0.6939999904632568 0.1563745 0.1553745 17.623333333333335 8.159231 7.615965637693825 19.198562716315795 1.1898151093677674 7.5046290439328125 7.721519071552051 7.4889251074698455 0.7769099365269387
104.70064444321 -8.06699701578 0.0363 0.0388 25.6511 "" "" 3050892811420263936 1052.52856 0.9134 0.0479 -3.384 -3.014 0.044 0.041 3.198 6316.8 3.7415 13.397807 0.769013 13.6909 12.921886 27.38 4.71 1006.95032 1109.82166 82380.37179 41.188 45610.0 38.225 53753.0 34.336 "" "" 0.002808284860357365 0.0029347972 0.0038424893 0.0067772865 104.70064444321 -8.06699701578 1052.52856 -3.384 -3.014 -0.7620000209808349 -4.023999990463256 0.1863745 0.1833745 0.8633333333333333 8.589231 20.43245032935727 20.45068142889367 3.748928948650547 3.7630969040146653 21.544665678615726 19.547652367295772 1.9138815320451865
104.32588772774 -8.2745684891 0.0125 0.0125 4.0167 "" "" 3050867797530972672 1143.14783 0.8306 0.0159 1.283 -0.907 0.017 0.016 1.066 7818.4 4.1267 13.418263 0.676538 13.679863 13.003324 3.4 9.06 1124.97351 1162.95508 80842.81474 28.832 46076.0 47.34 49869.0 37.924 "" "" 0.002782396205605173 0.0030049018 0.003868522 0.0068734237 104.32588772774 -8.2745684891 1143.14783 1.282999999999999 -0.9070000000000001 3.904999979019165 -1.9169999904632569 0.1593745 0.1583745 -23.116666666666667 12.939231 23.57144563081595 33.01504697716315 3.7521216564049897 9.447618474039215 23.979866575350282 23.196695327736553 1.2541101051585453
104.70186827128 -8.48260830304 0.013 0.014 28.9898 "" "" 3050799215493890432 1133.63318 0.8421 0.0165 -2.687 -5.851 0.019 0.019 1.185 5575.0 3.6576 13.429902 1.418262 14.072206 12.653944 6.64 11.39 1116.96692 1151.4397 79980.81279 340.48 32102.0 569.13 68799.0 905.61 "" "" 0.005380956099957037 0.019449972 0.01478296 0.03423293 104.70186827128 -8.48260830304 1133.63318 -2.6870000000000003 -5.851 -0.0650000209808348 -6.860999990463257 0.1613745 0.1613745 -19.876666666666665 15.269231 36.86869774305045 41.88535246415137 5.949667458702714 8.940439664839419 37.44781205914305 36.32666764611284 1.4277053478554471
104.09917989743 -7.65181758132 0.011 0.0125 35.7354 "" "" 3051156934730119936 970.649048 0.9884 0.0153 -3.021 -5.55 0.015 0.017 1.192 5288.2 3.822 13.43636 0.976622 13.84299 12.866368 49.11 2.49 958.8125 982.921936 79506.46856 11.891 39648.0 30.044 56573.0 29.905 "" "" 0.002760101012514433 0.002908942 0.0038227113 0.0067316536 104.09917989743 -7.65181758132 970.649048 -3.021 -5.55 -0.39900002098083487 -6.559999990463257 0.1573745 0.1593745 22.593333333333334 6.3692307 30.23752624136636 37.746081972946946 4.818869278374211 5.425495441556952 30.619849567930167 29.86879571873859 1.1087556345877254
104.09876899775 -7.91313330714 0.0115 0.0119 21.5426 "" "" 3051078182210022528 1198.36023 0.7919 0.0143 1.031 3.736 0.016 0.016 1.001 "" "" 13.437223 0.946272 13.819159 12.872887 89.81 4.06 1179.97913 1218.93042 79443.32554 17.543 40528.0 54.317 56235.0 33.424 "" "" 0.002765731850360052 0.003146821 0.0038340797 0.0069809007 104.09876899775 -7.91313330714 1198.36023 1.0310000000000001 3.736000000000006 3.6529999790191647 2.7260000095367434 0.1583745 0.1583745 63.29333333333334 7.939231 25.890552232842303 68.38396551360546 4.100403348871195 7.510418519431499 26.334970835280814 25.493428882339344 1.3203741836059328
104.1104641049 -7.97077850872 0.0132 0.0135 18.3049 "" "" 3051076945259485312 1077.59778 0.8874 0.0159 0.505 -2.815 0.018 0.018 1.08 6465.7 4.0446 13.437611 0.809732 13.758216 12.948484 70.7 4.97 1057.16516 1096.34094 79414.99425 17.414 42868.0 30.443 52452.0 23.855 "" "" 0.002765586884399157 0.0028947461 0.003811503 0.006706249 104.1104641049 -7.97077850872 1077.59778 0.505 -2.815 3.126999979019165 -3.824999990463257 0.16037449 0.16037449 44.18333333333334 8.849231 25.235262872719257 50.88207382467511 4.047092473965654 7.942030183721915 25.674191551345 24.75677029742982 1.2778736206723824
104.24402027292 -8.04928721619 0.0142 0.016 10.3896 "" "" 3051063613680972928 943.384521 1.0264 0.0186 -1.988 -0.543 0.021 0.026 1.076 6728.3 4.281 13.449149 0.664945 13.70503 13.040086 12.78 6.9 929.105469 962.082642 78575.49285 24.1 45020.0 24.044 48209.0 29.938 "" "" 0.0027753708796559194 0.0028497875 0.0038390541 0.0066888416 104.24402027292 -8.04928721619 943.384521 -1.988 -0.5429999999999999 0.633999979019165 -1.552999990463257 0.1633745 0.16837451 -13.736666666666666 10.779231 7.500858884127867 15.651162739896069 1.257664275029219 9.479864704998535 7.649527813813801 7.3873260121473185 0.8808583983073541
103.84984048916 -7.9616337504 0.0172 0.0177 30.5172 "" "" 3051121131883192064 1191.92236 0.7931 0.0213 -5.009 0.268 0.023 0.021 1.56 6227.7 3.8679 13.456365 0.885788 13.81321 12.927422 40.5 5.29 1168.47314 1225.15918 78055.00918 15.728 40751.0 24.049 53480.0 25.583 "" "" 0.0027639919963213166 0.0028627955 0.0038149026 0.0066776983 103.84984048916 -7.9616337504 1191.92236 -5.009 0.268 -2.3870000209808353 -0.7419999904632568 0.1653745 0.1633745 13.983333333333334 9.16923 14.12239632360689 19.873995296168722 2.3330092451901003 6.661066764239292 14.516200115136051 13.8445601243435 1.2691481639946565
