Clusters/UBC_422/UBC_422_members.tsv
# %ECSV 1.0
# ---
# datatype:
# - name: RA_ICRS_1
#   unit: deg
#   datatype: float64
#   format: '{:15.11f}'
#   description: Right ascension (ICRS) at Ep=2016.0 (ra)
#   meta: !!omap
#   - {ucd: POS_EQ_RA_MAIN}
#   - {width: 15}
#   - {precision: '11'}
# - name: DE_ICRS_1
#   unit: deg
#   datatype: float64
#   format: '{:15.11f}'
#   description: Declination (ICRS) at Ep=2016.0 (dec)
#   meta: !!omap
#   - {ucd: POS_EQ_DEC_MAIN}
#   - {width: 15}
#   - {precision: '11'}
# - name: e_RA_ICRS
#   unit: mas
#   datatype: float64
#   format: '{:7.4f}'
#   description: Standard error of right ascension (ra_error)
#   meta: !!omap
#   - {ucd: ERROR}
#   - {width: 7}
#   - {precision: '4'}
# - name: e_DE_ICRS
#   unit: mas
#   datatype: float64
#   format: '{:7.4f}'
#   description: Standard error of declination (dec_error)
#   meta: !!omap
#   - {ucd: ERROR}
#   - {width: 7}
#   - {precision: '4'}
# - name: _r_1
#   unit: ''
#   datatype: float64
#   format: '{:7.4f}'
#   description: Distance from center (040.56901577000+58.16289833000)[ICRS], at Epoch=J2016.0
#   meta: !!omap
#   - {ucd: POS_ANG_DIST_GENERAL}
#   - {width: 7}
#   - {precision: '4'}
# - name: HIP
#   datatype: int32
#   description: '? HIP cross-id number, van Leeuwen, Cat. I/311 (hip_original_ext_source_id)'
#   meta: !!omap
#   - {ucd: ID_NUMBER}
#   - {width: 6}
#   - values: {'null': -2147483648}
# - name: TYC2
#   datatype: string
#   description: Tycho-2 cross-id name, Hog et al., Cat. I/259 (tyc2_original_ext_source_id)
#   meta: !!omap
#   - {ucd: ID_CROSSID}
#   - {_votable_string_dtype: char}
# - name: Source
#   datatype: int64
#   description: Source identifier, identical to the Gaia-EDR3 source_id (id)
#   meta: !!omap
#   - {ucd: ID_MAIN}
#   - {width: 19}
# - name: rgeo
#   unit: pc
#   datatype: float64
#   format: '{:15.8f}'
#   description: '? Median of the geometric distance posterior (r_med_geo)'
#   meta: !!omap
#   - {ucd: PHYS_DISTANCE_TRUE}
#   - {width: 15}
#   - {precision: '8'}
#   - values: {'null': .nan}
# - name: Plx
#   unit: mas
#   datatype: float64
#   format: '{:9.4f}'
#   description: '? Parallax (parallax)'
#   meta: !!omap
#   - {ucd: POS_PARLX_TRIG}
#   - {width: 9}
#   - {precision: '4'}
#   - values: {'null': .nan}
# - name: e_Plx
#   unit: mas
#   datatype: float32
#   format: '{:7.4f}'
#   description: '? Standard error of parallax (parallax_error)'
#   meta: !!omap
#   - {ucd: ERROR}
#   - {width: 7}
#   - {precision: '4'}
#   - values: {'null': .nan}
# - name: pmRA
#   unit: mas / yr
#   datatype: float64
#   format: '{:9.3f}'
#   description: '? Proper motion in right ascension direction, pmRA*cosDE (pmra)'
#   meta: !!omap
#   - {ucd: POS_EQ_PMRA}
#   - {width: 9}
#   - {precision: '3'}
#   - values: {'null': .nan}
# - name: pmDE
#   unit: mas / yr
#   datatype: float64
#   format: '{:9.3f}'
#   description: '? Proper motion in declination direction (pmdec)'
#   meta: !!omap
#   - {ucd: POS_EQ_PMDEC}
#   - {width: 9}
#   - {precision: '3'}
#   - values: {'null': .nan}
# - name: e_pmRA
#   unit: mas / yr
#   datatype: float32
#   format: '{:6.3f}'
#   description: '? Standard error of proper motion in right ascension direction (pmra_error)'
#   meta: !!omap
#   - {ucd: ERROR}
#   - {width: 6}
#   - {precision: '3'}
#   - values: {'null': .nan}
# - name: e_pmDE
[...]
#         unit: &id001 !astropy.units.Unit {unit: deg}
#         value: !astropy.table.SerializedColumn {name: SkyCoord.dec}
#       distance: !astropy.table.SerializedColumn
#         __class__: astropy.coordinates.distances.Distance
#         unit: !astropy.units.Unit {unit: pc}
#         value: !astropy.table.SerializedColumn {name: SkyCoord.distance}
#       frame: icrs
#       obstime: !astropy.time.Time {format: jyear_str, in_subfmt: '*', jd1: 367701545.0, jd2: 0.0, out_subfmt: '*', precision: 3, scale: tt}
#       pm_dec: !astropy.table.SerializedColumn
#         __class__: astropy.units.quantity.Quantity
#         unit: !astropy.units.Unit {unit: mas / yr}
#         value: !astropy.table.SerializedColumn {name: SkyCoord.pm_dec}
#       pm_ra_cosdec: !astropy.table.SerializedColumn
#         __class__: astropy.units.quantity.Quantity
#         unit: !astropy.units.Unit {unit: mas / yr}
#         value: !astropy.table.SerializedColumn {name: SkyCoord.pm_ra_cosdec}
#       ra: !astropy.table.SerializedColumn
#         __class__: astropy.coordinates.angles.Longitude
#         unit: *id001
#         value: !astropy.table.SerializedColumn {name: SkyCoord.ra}
#         wrap_angle: !astropy.coordinates.Angle
#           unit: *id001
#           value: 360.0
#       representation_type: spherical
# schema: astropy-2.0
RA_ICRS_1 DE_ICRS_1 e_RA_ICRS e_DE_ICRS _r_1 HIP TYC2 Source rgeo Plx e_Plx pmRA pmDE e_pmRA e_pmDE RUWE Teff logg Gmag BP-RP BPmag RPmag RV e_RV b_rgeo B_rgeo FG e_FG FBP e_FBP FRP e_FRP RAVE5 RAVE6 e_Gmag e_BPmag e_RPmag e_BP-RP SkyCoord.ra SkyCoord.dec SkyCoord.distance SkyCoord.pm_ra_cosdec SkyCoord.pm_dec Pmemb
40.63263480163 57.89039056145 0.0104 0.0127 16.4749 "" "" 463895882891097600 2608.61499 0.3413 0.0162 0.427 -0.678 0.015 0.019 1.029 "" "" 11.800923 0.977806 12.194674 11.216868 "" "" 2496.24048 2716.0603 358572.835 216.67 180950.0 256.71 258470.0 527.34 "" "" 0.002832350320565721 0.0031871002 0.004380714 0.0075678146 40.63263480163 57.89039056145 2608.61499 0.4270000000000001 -0.6780000000000002 0.81
40.42739051492 58.15492704882 0.0075 0.0087 4.5084 "" 3712-408-1 463954839901019392 2659.5459 0.3537 0.0123 0.535 -0.704 0.01 0.011 0.978 15000.7 3.4465 12.125021 0.90094 12.483952 11.583013 "" "" 2595.60645 2719.14648 266034.84398 115.93 138620.0 180.09 184480.0 212.24 "" "" 0.0027956470741739097 0.0031264508 0.003980454 0.007106905 40.42739051492 58.15492704882 2659.5459 0.5350000000000001 -0.7039999999999998 0.93
40.23223869911 57.94840247265 0.0117 0.013 16.7312 "" "" 463946151188330112 2833.20215 0.3298 0.0196 0.474 -0.668 0.016 0.018 1.004 13628.7 3.7255 12.944469 0.820884 13.265389 12.444505 "" "" 2697.2832 2962.4375 125071.62243 31.835 67493.0 52.293 83437.0 34.221 "" "" 0.0027691447351437157 0.0029142234 0.0038055254 0.0067197485 40.23223869911 57.94840247265 2833.20215 0.474 -0.668 0.94
40.76365840622 58.23119613798 0.0094 0.0108 7.394 "" "" 463977452909677440 2592.9751 0.3553 0.0141 0.481 -0.914 0.012 0.014 1.021 13258.0 3.7796 13.54031 0.851056 13.874291 13.023235 "" "" 2476.40845 2711.93311 72247.51468 14.751 38521.0 33.831 48963.0 33.603 "" "" 0.002764223326015463 0.0029486096 0.003852136 0.0068007456 40.76365840622 58.23119613798 2592.9751 0.4810000000000002 -0.9140000000000003 0.9
41.00376630746 58.16030197622 0.0103 0.0124 13.7614 "" "" 463928799520777984 2252.20752 0.4088 0.0143 0.436 -0.912 0.014 0.018 0.998 5505.9 2.8428 13.822613 1.876166 14.74791 12.871744 -22.51 1.4 2185.52197 2324.67603 55705.93461 12.322 17229.0 12.276 56294.0 22.163 "" "" 0.002765767004543742 0.0028954304 0.003803478 0.0066989083 41.00376630746 58.16030197622 2252.20752 0.43600000000000005 -0.9120000000000003 0.94
40.26864337528 58.10664698197 0.0121 0.0137 10.0953 "" "" 463949655881520768 2345.34644 0.3935 0.0195 0.57 -0.694 0.017 0.018 1.103 11334.6 3.934 14.229882 0.993711 14.632898 13.639188 "" "" 2238.36621 2445.67407 38281.92862 6.9128 19154.0 18.388 27764.0 17.505 "" "" 0.0027622867572813414 0.0029785014 0.0038408767 0.006819378 40.26864337528 58.10664698197 2345.34644 0.5700000000000002 -0.6940000000000002 0.97
40.63073695886 58.20312202617 0.0123 0.0133 3.1043 "" "" 463954122647365888 2525.01929 0.3612 0.0188 0.553 -0.695 0.016 0.018 1.035 10223.7 3.6341 14.444916 0.963271 14.835493 13.872222 "" "" 2426.97876 2671.92969 31403.66062 6.237 15894.0 15.409 22401.0 16.089 "" "" 0.0027637452797326335 0.0029821177 0.0038589924 0.00684111 40.63073695886 58.20312202617 2525.01929 0.5529999999999999 -0.695 0.89
40.40799269064 58.2532060543 0.0128 0.014 7.4342 "" "" 463956493470292352 2394.46558 0.3894 0.0198 0.531 -0.832 0.016 0.017 1.005 "" "" 14.451261 0.868423 14.793317 13.924893 "" "" 2270.82886 2512.32031 31220.68009 6.3494 16523.0 18.585 21340.0 16.741 "" "" 0.0027641536746485836 0.0030457273 0.003874171 0.006919898 40.40799269064 58.2532060543 2394.46558 0.5309999999999998 -0.8319999999999999 0.9
40.56363889515 58.28636463912 0.0128 0.0136 7.4099 "" "" 463958314535386368 2657.79419 0.3466 0.0192 0.555 -0.685 0.016 0.017 0.969 9383.5 3.6002 14.475897 0.9492 14.857727 13.908527 "" "" 2519.04565 2833.6189 30520.24912 5.6557 15571.0 12.185 21664.0 17.104 "" "" 0.0027626563023283 0.0029166644 0.0038753739 0.006792038 40.56363889515 58.28636463912 2657.79419 0.5549999999999999 -0.685 0.94
40.38121670399 58.21664462845 0.0142 0.0141 6.7584 "" "" 463956356030382208 2519.11865 0.3779 0.0212 0.64 -0.706 0.019 0.017 0.974 11803.3 4.1317 14.478689 0.988834 14.879794 13.89096 "" "" 2368.23389 2647.10645 30441.84235 6.8051 15258.0 15.401 22018.0 15.268 "" "" 0.0027659894442296187 0.0029976778 0.0038536428 0.0068513206 40.38121670399 58.21664462845 2519.11865 0.6399999999999999 -0.706 0.89
40.6620004172 58.37404549103 0.0126 0.0139 13.0042 "" "" 463982400712515200 2674.62622 0.3421 0.0197 0.573 -0.827 0.017 0.017 1.06 11989.2 4.208 14.482333 0.863657 14.820795 13.957138 "" "" 2546.78516 2818.54248 30339.86625 69.102 16110.0 104.4 20716.0 149.11 "" "" 0.0037022795421393626 0.00756909 0.008680834 0.016249925 40.6620004172 58.37404549103 2674.62622 0.5730000000000002 -0.8269999999999997 0.96
39.9450590104 58.11561646 0.0141 0.0191 19.9641 "" "" 463963296698470784 2327.32446 0.405 0.0251 0.517 -0.833 0.019 0.026 0.992 10121.7 4.0919 14.588161 0.887553 14.94089 14.053337 "" "" 2208.91406 2452.64624 27522.15384 7.0128 14423.0 18.633 18959.0 12.582 "" "" 0.002769174167873351 0.0031228983 0.0038474544 0.0069703525 39.9450590104 58.11561646 2327.32446 0.5169999999999999 -0.8329999999999997 0.92
40.77063354298 58.06128261702 0.0138 0.0165 8.8323 "" "" 463905056941093376 2793.03369 0.3287 0.0206 0.878 -0.632 0.019 0.025 1.006 9990.1 3.6 14.643819 0.890875 14.995258 14.104383 "" "" 2630.98828 2950.06885 26146.84128 5.6775 13719.0 17.811 18089.0 14.214 "" "" 0.002765387884098182 0.0031260147 0.0038744798 0.0070004947 40.77063354298 58.06128261702 2793.03369 0.8779999999999998 -0.6319999999999997 0.92
40.53923540238 58.20843132621 0.0146 0.0155 2.8898 "" "" 463956837066704128 2369.76831 0.3924 0.0225 0.733 -0.659 0.019 0.02 0.964 9855.5 3.7682 14.689357 0.889654 15.042563 14.152908 "" "" 2237.67334 2499.57227 25072.85998 5.7126 13134.0 13.441 17298.0 12.012 "" "" 0.0027664026032213455 0.0030032687 0.0038538515 0.0068571204 40.53923540238 58.20843132621 2369.76831 0.7329999999999997 -0.6589999999999996 0.91
40.55659723083 58.1699056546 0.0133 0.0156 0.5755 "" "" 463956527829680640 2440.91455 0.3778 0.0207 0.625 -0.714 0.017 0.019 0.931 9835.1 3.8131 14.717293 0.903378 15.077242 14.173863 "" "" 2323.02856 2551.375 24435.9772 5.0773 12721.0 13.912 16967.0 11.689 "" "" 0.0027645401108193205 0.0030323155 0.0038526896 0.006885005 40.55659723083 58.1699056546 2440.91455 0.6250000000000001 -0.7139999999999999 0.96
39.95364959037 58.05477242791 0.0153 0.0173 20.5566 "" "" 463960101242064000 2296.2439 0.3972 0.0267 0.606 -0.81 0.021 0.023 1.113 10120.5 3.9385 14.750835 1.04561 15.167814 14.122204 "" "" 2164.43726 2452.04712 23692.59227 5.7861 11703.0 13.464 17794.0 11.696 "" "" 0.0027680491101527292 0.0030570128 0.0038461708 0.0069031836 39.95364959037 58.05477242791 2296.2439 0.6060000000000001 -0.81 0.95
40.61307949614 58.17716174665 0.014 0.0157 1.636 "" "" 463953641611056768 2469.24463 0.3733 0.0214 0.593 -0.754 0.018 0.02 0.999 9018.9 3.7864 14.859069 0.930506 15.232515 14.30201 "" "" 2334.1604 2589.90356 21444.6615 5.172 11026.0 14.697 15078.0 11.554 "" "" 0.0027677352323426966 0.003143167 0.0038698732 0.00701304 40.61307949614 58.17716174665 2469.24463 0.5930000000000002 -0.7539999999999998 0.97
40.60405067846 58.11508717573 0.0149 0.0167 3.0758 "" "" 463951751825508224 2628.948 0.348 0.0222 0.632 -0.747 0.019 0.022 0.981 10164.5 3.92 14.876133 0.927307 15.247067 14.319759 "" "" 2486.7124 2805.46216 21110.25561 5.1692 10879.0 14.125 14834.0 12.403 "" "" 0.002768116925361102 0.0031260638 0.0038868801 0.0070129437 40.60405067846 58.11508717573 2628.948 0.6319999999999999 -0.7469999999999999 0.96
40.75772885624 57.92159539206 0.0164 0.0209 15.6695 "" "" 463901724046587520 2515.81104 0.3609 0.0244 0.51 -0.874 0.023 0.03 1.035 10020.2 3.7087 14.906286 1.226676 15.428048 14.201372 "" "" 2341.79077 2728.11914 20532.04036 6.5601 9208.7 13.486 16543.0 29.454 "" "" 0.0027770718564377695 0.0032114307 0.004245068 0.0074564987 40.75772885624 57.92159539206 2515.81104 0.5100000000000001 -0.874 0.95
40.44818934175 58.2245846135 0.0169 0.0187 5.3196 "" "" 463956218591410816 2523.25635 0.3706 0.0258 0.611 -0.727 0.021 0.023 1.119 9727.4 4.1933 14.92554 0.972562 15.307484 14.334922 "" "" 2350.9668 2714.15747 20171.1497 4.6097 10290.0 15.983 14628.0 18.91 "" "" 0.002766469632746804 0.003260227 0.004031589 0.0072918157 40.44818934175 58.2245846135 2523.25635 0.6109999999999997 -0.7269999999999999 0.96
40.55281169479 58.1644713731 0.0168 0.0198 0.5215 "" "" 463956527829685120 2381.59692 0.3884 0.0257 0.511 -0.788 0.022 0.024 1.069 10483.3 4.2212 15.035571 0.951768 15.406685 14.454917 "" "" 2237.52124 2515.38477 18227.13433 4.9032 9391.7 21.233 13098.0 29.012 "" "" 0.0027707568877281263 0.0037162355 0.0044796504 0.008195886 40.55281169479 58.1644713731 2381.59692 0.511 -0.788 0.95
40.70766548928 58.16036705231 0.0156 0.0175 4.3911 "" "" 463953023135770240 2838.19385 0.3227 0.0234 0.491 -0.869 0.02 0.023 1.019 9509.3 3.8408 15.088913 0.858194 15.427439 14.569244 "" "" 2676.54004 3034.68018 17353.27421 4.2666 9213.9 14.718 11789.0 12.413 "" "" 0.002768221455549653 0.0032852578 0.003948499 0.0072337566 40.70766548928 58.16036705231 2838.19385 0.491 -0.8690000000000001 0.91
40.46618956846 58.16124868826 0.0183 0.0207 3.2561 "" "" 463955187799319424 2628.64941 0.3505 0.0285 0.605 -0.725 0.024 0.026 0.991 10059.9 4.287 15.371335 1.053127 15.802617 14.74949 "" "" 2477.4397 2817.1792 13378.6633 3.4623 6521.8 18.445 9985.3 10.326 "" "" 0.0027696099869169385 0.004148996 0.0039426344 0.00809163 40.46618956846 58.16124868826 2628.64941 0.605 -0.7250000000000002 0.91
40.34155627296 58.19838073868 0.0184 0.0222 7.5039 "" "" 463955943713547392 2559.50342 0.3592 0.0306 0.59 -0.654 0.024 0.026 1.017 9527.8 4.013 15.398548 0.947843 15.780438 14.832596 "" "" 2326.6084 2775.0647 13047.50005 3.6821 6656.4 11.379 9249.5 12.767 "" "" 0.0027723044591896878 0.003351113 0.004065664 0.0074167773 40.34155627296 58.19838073868 2559.50342 0.5900000000000001 -0.6540000000000002 0.92
40.3533320507 58.17600819226 0.0208 0.0234 6.8704 "" "" 463955840634349184 2770.60571 0.3348 0.033 0.627 -0.635 0.027 0.029 1.045 9645.7 4.2716 15.585762 0.982982 15.984943 15.001962 "" "" 2525.36963 3106.70483 10981.00161 3.4595 5513.7 12.841 7913.6 9.3081 "" "" 0.0027764709409307054 0.003765483 0.003989312 0.007754795 40.3533320507 58.17600819226 2770.60571 0.6269999999999998 -0.635 0.85
40.32382865271 58.22552574242 0.0226 0.0241 8.616 "" "" 463968141420642176 2394.60254 0.3886 0.0343 0.592 -0.664 0.028 0.03 1.037 8593.1 4.3855 15.634755 1.071998 16.081837 15.009839 "" "" 2198.30518 2616.04175 10496.50689 3.2467 5042.9 15.106 7856.4 10.117 "" "" 0.0027757111398462797 0.0042851656 0.004029707 0.008314872 40.32382865271 58.22552574242 2394.60254 0.5919999999999999 -0.6640000000000001 0.8
41.10054726435 58.15533822413 0.0256 0.0307 16.831 "" "" 463927184613069440 2563.33765 0.3624 0.036 0.603 -0.786 0.035 0.045 1.025 9392.8 4.3909 15.995262 1.091224 16.446566 15.355342 "" "" 2353.03271 2817.38696 7530.81569 2.8993 3604.0 11.66 5715.1 10.604 "" "" 0.002786846376183743 0.0044859713 0.0042827553 0.008768726 41.10054726435 58.15533822413 2563.33765 0.6029999999999998 -0.786 0.92
40.46060053463 58.15870761011 0.0258 0.0305 3.4408 "" "" 463955187799321984 2060.802 0.4582 0.041 0.645 -0.577 0.034 0.038 1.016 9267.0 4.1094 16.099892 1.204324 16.618027 15.413703 "" "" 1912.06653 2296.11255 6838.96392 2.5234 3077.6 9.0263 5416.0 8.4476 "" "" 0.0027842910256307162 0.0042338143 0.0041414476 0.008375262 40.46060053463 58.15870761011 2060.802 0.645 -0.577 0.83
