Clusters/UBC_422/UBC_422_stars_in_region.tsv
# %ECSV 1.0
# ---
# datatype:
# - name: RA_ICRS_1
#   unit: deg
#   datatype: float64
#   format: '{:15.11f}'
#   description: Right ascension (ICRS) at Ep=2016.0 (ra)
#   meta: !!omap
#   - {ucd: POS_EQ_RA_MAIN}
#   - {width: 15}
#   - {precision: '11'}
# - name: DE_ICRS_1
#   unit: deg
#   datatype: float64
#   format: '{:15.11f}'
#   description: Declination (ICRS) at Ep=2016.0 (dec)
#   meta: !!omap
#   - {ucd: POS_EQ_DEC_MAIN}
#   - {width: 15}
#   - {precision: '11'}
# - name: e_RA_ICRS
#   unit: mas
#   datatype: float64
#   format: '{:7.4f}'
#   description: Standard error of right ascension (ra_error)
#   meta: !!omap
#   - {ucd: ERROR}
#   - {width: 7}
#   - {precision: '4'}
# - name: e_DE_ICRS
#   unit: mas
#   datatype: float64
#   format: '{:7.4f}'
#   description: Standard error of declination (dec_error)
#   meta: !!omap
#   - {ucd: ERROR}
#   - {width: 7}
#   - {precision: '4'}
# - name: _r_1
#   unit: ''
#   datatype: float64
#   format: '{:7.4f}'
#   description: Distance from center (040.56901577000+58.16289833000)[ICRS], at Epoch=J2016.0
#   meta: !!omap
#   - {ucd: POS_ANG_DIST_GENERAL}
#   - {width: 7}
#   - {precision: '4'}
# - name: HIP
#   datatype: int32
#   description: '? HIP cross-id number, van Leeuwen, Cat. I/311 (hip_original_ext_source_id)'
#   meta: !!omap
#   - {ucd: ID_NUMBER}
#   - {width: 6}
#   - values: {'null': -2147483648}
# - name: TYC2
#   datatype: string
#   description: Tycho-2 cross-id name, Hog et al., Cat. I/259 (tyc2_original_ext_source_id)
#   meta: !!omap
#   - {ucd: ID_CROSSID}
#   - {_votable_string_dtype: char}
# - name: Source
#   datatype: int64
#   description: Source identifier, identical to the Gaia-EDR3 source_id (id)
#   meta: !!omap
#   - {ucd: ID_MAIN}
#   - {width: 19}
# - name: rgeo
#   unit: pc
#   datatype: float64
#   format: '{:15.8f}'
#   description: '? Median of the geometric distance posterior (r_med_geo)'
#   meta: !!omap
#   - {ucd: PHYS_DISTANCE_TRUE}
#   - {width: 15}
#   - {precision: '8'}
#   - values: {'null': .nan}
# - name: Plx
#   unit: mas
#   datatype: float64
#   format: '{:9.4f}'
#   description: '? Parallax (parallax)'
#   meta: !!omap
#   - {ucd: POS_PARLX_TRIG}
#   - {width: 9}
#   - {precision: '4'}
#   - values: {'null': .nan}
# - name: e_Plx
#   unit: mas
#   datatype: float32
#   format: '{:7.4f}'
#   description: '? Standard error of parallax (parallax_error)'
#   meta: !!omap
#   - {ucd: ERROR}
#   - {width: 7}
#   - {precision: '4'}
#   - values: {'null': .nan}
# - name: pmRA
#   unit: mas / yr
#   datatype: float64
#   format: '{:9.3f}'
#   description: '? Proper motion in right ascension direction, pmRA*cosDE (pmra)'
#   meta: !!omap
#   - {ucd: POS_EQ_PMRA}
#   - {width: 9}
#   - {precision: '3'}
#   - values: {'null': .nan}
# - name: pmDE
#   unit: mas / yr
#   datatype: float64
#   format: '{:9.3f}'
#   description: '? Proper motion in declination direction (pmdec)'
#   meta: !!omap
#   - {ucd: POS_EQ_PMDEC}
#   - {width: 9}
#   - {precision: '3'}
#   - values: {'null': .nan}
# - name: e_pmRA
#   unit: mas / yr
#   datatype: float32
#   format: '{:6.3f}'
#   description: '? Standard error of proper motion in right ascension direction (pmra_error)'
#   meta: !!omap
#   - {ucd: ERROR}
#   - {width: 6}
#   - {precision: '3'}
#   - values: {'null': .nan}
# - name: e_pmDE
[...]
#         unit: &id001 !astropy.units.Unit {unit: deg}
#         value: !astropy.table.SerializedColumn {name: SkyCoord.dec}
#       distance: !astropy.table.SerializedColumn
#         __class__: astropy.coordinates.distances.Distance
#         unit: !astropy.units.Unit {unit: pc}
#         value: !astropy.table.SerializedColumn {name: SkyCoord.distance}
#       frame: icrs
#       obstime: !astropy.time.Time {format: jyear_str, in_subfmt: '*', jd1: 367701545.0, jd2: 0.0, out_subfmt: '*', precision: 3, scale: tt}
#       pm_dec: !astropy.table.SerializedColumn
#         __class__: astropy.units.quantity.Quantity
#         unit: !astropy.units.Unit {unit: mas / yr}
#         value: !astropy.table.SerializedColumn {name: SkyCoord.pm_dec}
#       pm_ra_cosdec: !astropy.table.SerializedColumn
#         __class__: astropy.units.quantity.Quantity
#         unit: !astropy.units.Unit {unit: mas / yr}
#         value: !astropy.table.SerializedColumn {name: SkyCoord.pm_ra_cosdec}
#       ra: !astropy.table.SerializedColumn
#         __class__: astropy.coordinates.angles.Longitude
#         unit: *id001
#         value: !astropy.table.SerializedColumn {name: SkyCoord.ra}
#         wrap_angle: !astropy.coordinates.Angle
#           unit: *id001
#           value: 360.0
#       representation_type: spherical
# schema: astropy-2.0
RA_ICRS_1 DE_ICRS_1 e_RA_ICRS e_DE_ICRS _r_1 HIP TYC2 Source rgeo Plx e_Plx pmRA pmDE e_pmRA e_pmDE RUWE Teff logg Gmag BP-RP BPmag RPmag RV e_RV b_rgeo B_rgeo FG e_FG FBP e_FBP FRP e_FRP RAVE5 RAVE6 e_Gmag e_BPmag e_RPmag e_BP-RP SkyCoord.ra SkyCoord.dec SkyCoord.distance SkyCoord.pm_ra_cosdec SkyCoord.pm_dec
[from data line 446]
40.42442195175 58.28056776841 0.0276 0.0323 8.4095 "" "" 463969756328283520 2742.60962 0.3494 0.0436 1.497 0.244 0.035 0.039 1.023 7185.3 4.3518 16.10752 1.328745 16.698244 15.369499 "" "" 2391.50537 3106.12598 6791.08467 2.6107 2858.4 7.8279 5641.0 10.99 "" "" 0.0027867550798803295 0.0040774844 0.0043310616 0.008408546 40.42442195175 58.28056776841 2742.60962 1.497 0.2440000000000001
40.68317249732 58.28147933382 0.027 0.0284 7.977 "" "" 463980751444529920 2903.07349 0.3288 0.0394 0.143 0.741 0.035 0.037 0.985 8741.3 4.3681 16.113453 1.31616 16.698648 15.382488 "" "" 2658.01318 3336.77979 6754.06961 2.5164 2857.3 8.4997 5573.9 10.111 "" "" 0.002784856310219008 0.004268077 0.004261774 0.008529851 40.68317249732 58.28147933382 2903.07349 0.14300000000000002 0.741
41.11857251584 57.96276510694 0.0318 0.0446 21.1762 "" "" 463911791450410624 2780.64697 0.3557 0.0479 0.661 0.003 0.046 0.066 1.131 8593.3 4.1958 16.116598 1.589717 16.840279 15.250562 "" "" 2458.4397 3351.78247 6734.5368 3.7453 2507.9 6.8461 6294.1 9.7643 "" "" 0.002820705721084636 0.004070565 0.0041377232 0.008208288 41.11857251584 57.96276510694 2780.64697 0.661 0.002999999999999964
41.07133224846 57.88835073716 0.0305 0.0462 22.9361 "" "" 463887499115435904 2403.04639 0.4021 0.046 -1.392 -0.636 0.044 0.067 1.086 "" "" 16.11966 1.258467 16.661304 15.402838 "" "" 2185.06982 2641.66382 6715.56646 2.8623 2957.3 8.2896 5470.5 10.745 "" "" 0.0027939107324946033 0.004128859 0.004339538 0.008468397 41.07133224846 57.88835073716 2403.04639 -1.392 -0.636
40.45197022015 58.14943996214 0.0267 0.0303 3.7922 "" "" 463955153439594624 2392.66138 0.3928 0.0428 0.531 -0.711 0.035 0.038 1.05 "" "" 16.125397 1.238901 16.657467 15.418566 "" "" 2173.30933 2761.19897 6680.1826 2.4774 2967.8 7.1628 5391.8 10.466 "" "" 0.002784586095894622 0.003827754 0.0043272804 0.008155035 40.45197022015 58.14943996214 2392.66138 0.5309999999999999 -0.7109999999999999
40.88022398228 57.92483541129 0.0293 0.0376 17.3693 "" "" 463898975268274688 2025.18127 0.4641 0.043 -1.322 -1.617 0.042 0.055 1.034 7140.7 4.2456 16.132004 1.633051 16.891548 15.258497 "" "" 1850.55493 2215.68042 6639.64789 3.1688 2392.2 11.301 6248.3 14.421 "" "" 0.002803621199860124 0.0058389227 0.0045346543 0.0103735775 40.88022398228 57.92483541129 2025.18127 -1.3220000000000003 -1.617
40.08230940515 58.08845950983 0.0265 0.0305 16.0543 "" "" 463959757644640512 2260.38818 0.4266 0.0454 -1.659 -1.58 0.036 0.04 1.038 7208.0 4.28 16.136099 1.543645 16.849825 15.30618 "" "" 2038.60303 2523.13916 6614.65782 2.5811 2485.9 11.091 5979.8 8.3353 "" "" 0.0027877016974432473 0.0055901846 0.004071138 0.009661322 40.08230940515 58.08845950983 2260.38818 -1.6590000000000003 -1.5799999999999998
40.37747769012 58.29650996547 0.0355 0.0379 10.0439 "" "" 463969996846444416 2134.72192 0.4678 0.0543 -0.565 -0.206 0.044 0.047 1.232 9438.4 4.1963 16.140919 1.334524 16.720907 15.386383 "" "" 1917.51001 2441.84717 6585.35696 4.1202 2799.3 7.4426 5554.0 9.5638 "" "" 0.0028378233636355155 0.0040147235 0.004216531 0.008231254 40.37747769012 58.29650996547 2134.72192 -0.565 -0.20599999999999996
41.179762803 58.05452617789 0.0283 0.0404 20.4225 "" "" 463924229675630080 2869.85254 0.337 0.0428 0.016 -0.149 0.04 0.059 0.961 9384.2 4.1081 16.148275 1.313709 16.719921 15.406212 "" "" 2472.36084 3288.25415 6540.8906 2.9215 2801.9 8.9426 5453.5 9.9473 "" "" 0.0027976708086638667 0.004448939 0.0042668176 0.008715756 41.179762803 58.05452617789 2869.85254 0.016000000000000014 -0.149
41.20445702661 58.11927854427 0.0282 0.0363 20.2937 "" "" 463926153820930688 2961.44067 0.3205 0.0403 -0.47 -0.446 0.039 0.052 1.009 9372.6 4.1312 16.15064 1.294041 16.70996 15.41592 "" "" 2642.22949 3340.28809 6526.65827 2.9743 2827.7 9.3275 5404.9 8.4763 "" "" 0.002799393413471429 0.004540008 0.0041452358 0.008685244 41.20445702661 58.11927854427 2961.44067 -0.47 -0.4459999999999999
40.62257613787 57.88756609067 0.0284 0.0364 16.6074 "" "" 463895882891100288 2742.69043 0.3533 0.0451 -1.352 -0.858 0.042 0.054 1.025 9633.0 4.3543 16.151972 1.571744 16.879091 15.307347 "" "" 2453.62598 3147.16235 6518.65696 3.0079 2419.8 9.7955 5973.4 12.252 "" "" 0.002800496555983566 0.0052059763 0.0043866863 0.009592663 40.62257613787 57.88756609067 2742.69043 -1.352 -0.8579999999999999
40.51774733904 58.03848238917 0.0363 0.0401 7.6399 "" "" 463951064630821888 2325.21509 0.4096 0.0512 0.453 -0.97 0.05 0.053 1.246 "" "" 16.153486 1.724863 16.524927 14.800064 "" "" 2089.18408 2597.146 6509.56396 5.4669 3353.1 94.041 9530.9 277.33 "" "" 0.0029022787548809346 0.030578105 0.03181799 0.062396094 40.51774733904 58.03848238917 2325.21509 0.45299999999999996 -0.9700000000000001
41.00510331649 57.88752848931 0.0274 0.0358 21.5629 "" "" 463887636554396928 2657.46826 0.3511 0.0422 -0.038 -0.524 0.039 0.051 0.973 9277.8 4.1919 16.154758 1.328772 16.740011 15.411239 "" "" 2429.61816 2952.71313 6501.94226 2.6324 2750.5 10.301 5428.3 11.097 "" "" 0.002790164092160031 0.0049314583 0.004382939 0.009314397 41.00510331649 57.88752848931 2657.46826 -0.038000000000000006 -0.5240000000000001
40.98944088971 57.876098054 0.0286 0.0372 21.7855 "" "" 463887602194668160 2169.10547 0.4421 0.0441 0.072 -1.193 0.04 0.052 1.071 8295.8 3.6394 16.158957 1.363967 16.761854 15.397887 "" "" 1965.44727 2429.54785 6476.85888 2.842 2695.7 11.885 5495.5 11.067 "" "" 0.0027962044091648097 0.005540686 0.004366286 0.009906972 40.98944088971 57.876098054 2169.10547 0.07200000000000006 -1.193
41.20380648712 58.2412467786 0.0275 0.0335 20.6123 "" "" 463927906167501568 2841.89844 0.3226 0.0398 -0.387 -1.498 0.037 0.047 0.971 "" "" 16.159182 1.135953 16.637852 15.501899 "" "" 2562.98804 3091.89697 6475.51207 2.7804 3021.9 8.3519 4993.4 9.1607 "" "" 0.002794479745066476 0.0040975036 0.0042721415 0.008369645 41.20380648712 58.2412467786 2841.89844 -0.38700000000000007 -1.4980000000000002
41.05019430895 58.11282301536 0.0262 0.0321 15.5335 "" "" 463925500985922304 2878.87378 0.326 0.0376 0.845 -1.051 0.036 0.047 0.982 7581.7 4.2773 16.1613 1.191198 16.674654 15.483456 "" "" 2620.88721 3261.11475 6462.88963 2.7491 2921.2 10.58 5079.0 9.3838 "" "" 0.0027937577206808154 0.0048216362 0.004278744 0.00910038 41.05019430895 58.11282301536 2878.87378 0.8449999999999999 -1.0510000000000002
39.89265907581 58.1043785992 0.0277 0.0316 21.7103 "" "" 463963434136654464 2598.88232 0.3734 0.0459 0.014 -0.861 0.038 0.043 1.051 9145.2 4.492 16.1635 1.229321 16.699348 15.470028 "" "" 2344.83691 2993.56006 6449.81006 2.4754 2855.5 10.46 5142.2 8.6434 "" "" 0.0027866516977211662 0.004858282 0.0041969405 0.009055222 39.89265907581 58.1043785992 2598.88232 0.014000000000000012 -0.861
39.93406852288 58.06347581156 0.0282 0.0332 20.9898 "" "" 463960169961537536 2636.8562 0.3672 0.0484 0.293 -0.724 0.039 0.045 1.047 7274.7 4.3342 16.164583 1.505915 16.85741 15.351496 "" "" 2372.5354 2957.49097 6443.3776 2.6913 2468.6 7.9201 5735.4 12.004 "" "" 0.002792390986119421 0.00446309 0.00440994 0.008873031 39.93406852288 58.06347581156 2636.8562 0.2929999999999999 -0.7240000000000002
40.11752978956 58.04691362595 0.0283 0.032 15.9151 "" "" 463959379687547776 2716.5354 0.358 0.0469 -0.058 -1.041 0.041 0.043 1.084 9445.9 4.2945 16.164732 1.265014 16.71257 15.447556 "" "" 2398.90527 3144.66357 6442.492 2.6631 2820.9 11.671 5249.7 11.281 "" "" 0.0027916331270904553 0.0052880594 0.0044415295 0.009729588 40.11752978956 58.04691362595 2716.5354 -0.05800000000000005 -1.041
41.0804846588 58.0937305435 0.0278 0.0348 16.7269 "" "" 463925294827502592 2110.67188 0.4523 0.0411 -0.554 -0.504 0.04 0.05 0.98 7207.1 4.3526 16.167933 1.317908 16.746124 15.428216 "" "" 1945.33875 2320.83569 6423.53328 2.5448 2735.1 13.363 5344.1 10.093 "" "" 0.0027886923178090713 0.005993675 0.0042998227 0.010293498 41.0804846588 58.0937305435 2110.67188 -0.5540000000000002 -0.5039999999999999
40.08393541335 58.17294484275 0.0287 0.0325 15.3626 "" "" 463962437704157568 2262.87036 0.4262 0.048 -1.558 -2.551 0.039 0.043 1.041 7625.4 4.1105 16.170776 1.800528 17.044598 15.244069 "" "" 2028.56201 2711.85547 6406.72691 2.7185 2077.7 7.5587 6331.9 8.8693 "" "" 0.0027935699573880335 0.004836004 0.0040738974 0.008909902 40.08393541335 58.17294484275 2262.87036 -1.5579999999999998 -2.5509999999999997
39.99659957318 57.93899793588 0.0291 0.0318 22.6002 "" "" 457953744097441024 2111.55078 0.4586 0.0502 -0.078 -1.035 0.043 0.045 0.964 9118.9 4.31 16.172037 1.215388 16.696075 15.480687 "" "" 1891.91113 2361.21167 6399.28615 2.9281 2864.1 9.8526 5091.9 9.6531 "" "" 0.0027997493370839873 0.0046620853 0.004303531 0.008965616 39.99659957318 57.93899793588 2111.55078 -0.07800000000000007 -1.035
41.26084951448 58.09561136536 0.0284 0.0355 22.2861 "" "" 463914127912510848 2370.26953 0.4047 0.0425 1.492 -1.559 0.039 0.05 0.969 7609.2 4.2428 16.173946 1.611348 16.921913 15.310565 "" "" 2150.39819 2636.17529 6388.05265 2.7218 2326.2 13.158 5955.7 10.45 "" "" 0.002793885195588739 0.0067455024 0.004232371 0.010977874 41.26084951448 58.09561136536 2370.26953 1.492 -1.559
40.38410840727 58.29899275915 0.0293 0.0313 10.0398 "" "" 463970031206180352 2043.35071 0.465 0.0443 -0.629 -0.102 0.037 0.039 1.033 7241.8 4.3431 16.174395 1.326532 16.75896 15.432428 "" "" 1878.41663 2284.08691 6385.41215 2.5986 2702.9 10.128 5323.4 8.1245 "" "" 0.0027905233868944852 0.0049332036 0.004126681 0.009059885 40.38410840727 58.29899275915 2043.35071 -0.629 -0.10199999999999992
39.82586825036 58.22358337734 0.0275 0.0289 23.7811 "" "" 464152790655074944 2855.94092 0.343 0.0428 -3.381 -0.036 0.037 0.039 1.016 7202.5 4.2155 16.174454 1.557683 16.898659 15.340976 "" "" 2476.93164 3250.62671 6385.06871 2.4869 2376.6 8.4504 5791.2 7.3882 "" "" 0.0027875826143529494 0.0047632596 0.004025214 0.008788474 39.82586825036 58.22358337734 2855.94092 -3.3809999999999993 -0.03600000000000002
40.94043995217 58.15209510388 0.0274 0.0334 11.7753 "" "" 463928455923404800 2201.15015 0.4301 0.0388 -1.362 -0.042 0.038 0.048 0.996 6357.7 4.0505 16.181967 1.825558 17.07679 15.251232 "" "" 2025.16711 2350.7771 6341.02915 2.7337 2017.0 9.3569 6290.2 10.791 "" "" 0.0027947958010467564 0.0057579423 0.004213435 0.009971377 40.94043995217 58.15209510388 2201.15015 -1.362 -0.04200000000000005
40.12628661806 57.97996442044 0.0288 0.0321 17.8279 "" "" 463947040239280896 2452.39966 0.3792 0.0509 0.725 -1.169 0.041 0.041 0.989 7646.5 4.1909 16.18278 1.634034 16.951965 15.317931 "" "" 2208.04736 2726.67627 6336.28421 2.6841 2262.7 7.7293 5915.4 8.7159 "" "" 0.0027934426247847506 0.004641175 0.004104014 0.008745189 40.12628661806 57.97996442044 2452.39966 0.725 -1.169
41.18085729558 58.20087422169 0.0283 0.0329 19.4883 "" "" 463927700009102080 2031.31177 0.4639 0.0398 -2.3 -0.349 0.038 0.047 1.001 8472.1 4.359 16.18365 1.386648 16.804352 15.417704 "" "" 1854.20557 2211.14478 6331.21775 2.7228 2592.2 8.2127 5396.1 11.499 "" "" 0.00279460445058417 0.004429192 0.0044313506 0.008860542 41.18085729558 58.20087422169 2031.31177 -2.3 -0.3489999999999999
40.88577060905 58.05074014734 0.0295 0.0358 12.0877 "" "" 463904404106627712 2222.78735 0.4265 0.043 -0.032 -1.186 0.041 0.051 1.054 9040.6 4.3565 16.19278 1.29681 16.764828 15.468018 "" "" 1996.47278 2472.84863 6278.20074 2.6455 2688.3 9.5349 5151.7 10.741 "" "" 0.002793045149312559 0.0047554714 0.0044054575 0.009160928 40.88577060905 58.05074014734 2222.78735 -0.032000000000000084 -1.186
40.68007590904 57.98736586198 0.0303 0.0374 11.1058 "" "" 463902892277652096 2054.66553 0.4671 0.0434 -0.414 -1.573 0.042 0.053 1.04 8533.0 4.2949 16.200031 1.558658 16.912497 15.353839 "" "" 1858.72864 2265.59912 6236.40595 3.3902 2346.5 8.4204 5723.0 10.693 "" "" 0.002817827383384183 0.00479219 0.0042894073 0.009081597 40.68007590904 57.98736586198 2054.66553 -0.4139999999999999 -1.5729999999999997
40.15605483947 57.83596493275 0.0296 0.0363 23.6049 "" "" 457937595020445952 2572.00928 0.3553 0.0487 -0.788 -0.508 0.04 0.049 1.02 9487.4 4.1604 16.20184 1.288297 16.717695 15.429399 "" "" 2326.07349 2877.33691 6226.02135 3.264 2807.6 36.081 5338.2 38.106 "" "" 0.0028134989744780553 0.01422924 0.008622765 0.022852004 40.15605483947 57.83596493275 2572.00928 -0.788 -0.5079999999999999
41.10648031033 58.1834162716 0.0286 0.0331 17.0505 "" "" 463927218972786048 2203.97876 0.4344 0.0396 -0.425 -1.099 0.038 0.048 1.022 8308.1 4.4152 16.202879 1.360305 16.802938 15.442634 "" "" 2064.21606 2382.87036 6220.06513 3.5003 2595.6 8.1681 5273.6 11.134 "" "" 0.0028222507122107688 0.0044112275 0.004420214 0.008831441 41.10648031033 58.1834162716 2203.97876 -0.425 -1.0989999999999998
40.71918066682 58.46560811966 0.0276 0.0301 18.769 "" "" 463984462296112256 2029.05872 0.4643 0.042 -0.423 -1.046 0.037 0.037 0.991 7494.5 4.2019 16.210428 1.199434 16.720726 15.521292 "" "" 1876.95691 2202.61646 6176.97417 2.6865 2799.8 7.8188 4905.0 10.047 "" "" 0.0027954913506828363 0.0041204877 0.0043851575 0.008505645 40.71918066682 58.46560811966 2029.05872 -0.42300000000000004 -1.046
40.98903666653 58.12406471746 0.0282 0.0338 13.5036 "" "" 463928181045513088 2595.19702 0.3787 0.0396 -2.46 1.497 0.039 0.049 0.931 "" "" 16.210941 1.356727 16.81535 15.458623 "" "" 2371.30249 2898.27002 6174.04653 2.8756 2566.1 9.5894 5196.5 9.0346 "" "" 0.002801340759502231 0.0049241353 0.0042245667 0.009148702 40.98903666653 58.12406471746 2595.19702 -2.4599999999999995 1.4969999999999999
41.05858326232 58.31134862455 0.0288 0.033 17.8445 "" "" 463932201134762496 2123.56934 0.4446 0.0394 -0.544 -1.005 0.041 0.048 0.954 8006.0 4.2968 16.212637 1.576662 16.941738 15.365076 "" "" 1993.02173 2299.45312 6164.41767 2.8447 2284.1 9.0189 5664.1 16.285 "" "" 0.0028005046406075406 0.0051150955 0.004901866 0.010016961 41.05858326232 58.31134862455 2123.56934 -0.544 -1.005
40.19985178136 58.12681394551 0.0302 0.0336 11.8889 "" "" 463961162092910592 2273.56836 0.4309 0.0506 0.67 -0.835 0.043 0.046 1.051 7590.8 4.2195 16.212925 1.640027 16.980295 15.340268 "" "" 2044.61072 2533.84131 6162.78131 2.861 2204.4 7.1989 5795.0 6.8529 "" "" 0.0028010437728248653 0.004511865 0.00399152 0.008503385 40.19985178136 58.12681394551 2273.56836 0.6700000000000003 -0.8350000000000002
40.27643615522 58.44602756731 0.0282 0.0304 19.3301 "" "" 463975013368127360 2194.01904 0.4373 0.0438 0.765 -0.394 0.038 0.038 0.98 7464.6 4.2579 16.215141 1.461111 16.87943 15.41832 "" "" 2002.36438 2385.56738 6150.20874 2.5389 2419.0 7.5761 5393.0 7.0291 "" "" 0.0027915372454733983 0.004398635 0.004035628 0.008434263 40.27643615522 58.44602756731 2194.01904 0.7650000000000001 -0.39400000000000013
41.11791132072 58.40375216273 0.0296 0.0322 22.5522 "" "" 463985664887600896 2462.19775 0.3836 0.0417 0.401 0.138 0.042 0.045 0.981 7204.8 4.3375 16.222622 1.508032 16.898874 15.390842 "" "" 2263.43921 2758.48267 6107.98207 2.6036 2376.1 8.1446 5531.2 11.303 "" "" 0.0027939185059431054 0.00465138 0.004382506 0.009033886 41.11791132072 58.40375216273 2462.19775 0.401 0.138
39.882676332 58.17923650672 0.0279 0.0322 21.7399 "" "" 463964842885863680 2567.84692 0.3682 0.0468 -0.372 -0.934 0.038 0.043 1.039 9219.9 4.3299 16.22349 1.219983 16.74668 15.526696 "" "" 2321.97729 2873.90259 6103.10653 2.433 2733.7 7.5505 4880.7 8.6193 "" "" 0.0027891091013747737 0.004096086 0.0042379447 0.008334031 39.882676332 58.17923650672 2567.84692 -0.37200000000000005 -0.9339999999999999
40.79251623277 58.36086926799 0.0298 0.0314 13.815 "" "" 463982916107961728 2600.83936 0.3644 0.0433 -0.385 -0.294 0.04 0.041 0.933 8077.5 4.199 16.223629 1.383365 16.842697 15.459332 "" "" 2369.05493 2880.49878 6102.32417 2.5491 2502.3 9.8758 5193.1 8.0046 "" "" 0.0027923982884698107 0.005113396 0.004133337 0.009246733 40.79251623277 58.36086926799 2600.83936 -0.385 -0.294
