Clusters/UBC_422/UBC_422_stars_in_region.tsv
# %ECSV 1.0
# ---
# datatype:
# - name: RA_ICRS_1
#   unit: deg
#   datatype: float64
#   format: '{:15.11f}'
#   description: Right ascension (ICRS) at Ep=2016.0 (ra)
#   meta: !!omap
#   - {ucd: POS_EQ_RA_MAIN}
#   - {width: 15}
#   - {precision: '11'}
# - name: DE_ICRS_1
#   unit: deg
#   datatype: float64
#   format: '{:15.11f}'
#   description: Declination (ICRS) at Ep=2016.0 (dec)
#   meta: !!omap
#   - {ucd: POS_EQ_DEC_MAIN}
#   - {width: 15}
#   - {precision: '11'}
# - name: e_RA_ICRS
#   unit: mas
#   datatype: float64
#   format: '{:7.4f}'
#   description: Standard error of right ascension (ra_error)
#   meta: !!omap
#   - {ucd: ERROR}
#   - {width: 7}
#   - {precision: '4'}
# - name: e_DE_ICRS
#   unit: mas
#   datatype: float64
#   format: '{:7.4f}'
#   description: Standard error of declination (dec_error)
#   meta: !!omap
#   - {ucd: ERROR}
#   - {width: 7}
#   - {precision: '4'}
# - name: _r_1
#   unit: ''
#   datatype: float64
#   format: '{:7.4f}'
#   description: Distance from center (040.56901577000+58.16289833000)[ICRS], at Epoch=J2016.0
#   meta: !!omap
#   - {ucd: POS_ANG_DIST_GENERAL}
#   - {width: 7}
#   - {precision: '4'}
# - name: HIP
#   datatype: int32
#   description: '? HIP cross-id number, van Leeuwen, Cat. I/311 (hip_original_ext_source_id)'
#   meta: !!omap
#   - {ucd: ID_NUMBER}
#   - {width: 6}
#   - values: {'null': -2147483648}
# - name: TYC2
#   datatype: string
#   description: Tycho-2 cross-id name, Hog et al., Cat. I/259 (tyc2_original_ext_source_id)
#   meta: !!omap
#   - {ucd: ID_CROSSID}
#   - {_votable_string_dtype: char}
# - name: Source
#   datatype: int64
#   description: Source identifier, identical to the Gaia-EDR3 source_id (id)
#   meta: !!omap
#   - {ucd: ID_MAIN}
#   - {width: 19}
# - name: rgeo
#   unit: pc
#   datatype: float64
#   format: '{:15.8f}'
#   description: '? Median of the geometric distance posterior (r_med_geo)'
#   meta: !!omap
#   - {ucd: PHYS_DISTANCE_TRUE}
#   - {width: 15}
#   - {precision: '8'}
#   - values: {'null': .nan}
# - name: Plx
#   unit: mas
#   datatype: float64
#   format: '{:9.4f}'
#   description: '? Parallax (parallax)'
#   meta: !!omap
#   - {ucd: POS_PARLX_TRIG}
#   - {width: 9}
#   - {precision: '4'}
#   - values: {'null': .nan}
# - name: e_Plx
#   unit: mas
#   datatype: float32
#   format: '{:7.4f}'
#   description: '? Standard error of parallax (parallax_error)'
#   meta: !!omap
#   - {ucd: ERROR}
#   - {width: 7}
#   - {precision: '4'}
#   - values: {'null': .nan}
# - name: pmRA
#   unit: mas / yr
#   datatype: float64
#   format: '{:9.3f}'
#   description: '? Proper motion in right ascension direction, pmRA*cosDE (pmra)'
#   meta: !!omap
#   - {ucd: POS_EQ_PMRA}
#   - {width: 9}
#   - {precision: '3'}
#   - values: {'null': .nan}
# - name: pmDE
#   unit: mas / yr
#   datatype: float64
#   format: '{:9.3f}'
#   description: '? Proper motion in declination direction (pmdec)'
#   meta: !!omap
#   - {ucd: POS_EQ_PMDEC}
#   - {width: 9}
#   - {precision: '3'}
#   - values: {'null': .nan}
# - name: e_pmRA
#   unit: mas / yr
#   datatype: float32
#   format: '{:6.3f}'
#   description: '? Standard error of proper motion in right ascension direction (pmra_error)'
#   meta: !!omap
#   - {ucd: ERROR}
#   - {width: 6}
#   - {precision: '3'}
#   - values: {'null': .nan}
# - name: e_pmDE
[...]
#         unit: &id001 !astropy.units.Unit {unit: deg}
#         value: !astropy.table.SerializedColumn {name: SkyCoord.dec}
#       distance: !astropy.table.SerializedColumn
#         __class__: astropy.coordinates.distances.Distance
#         unit: !astropy.units.Unit {unit: pc}
#         value: !astropy.table.SerializedColumn {name: SkyCoord.distance}
#       frame: icrs
#       obstime: !astropy.time.Time {format: jyear_str, in_subfmt: '*', jd1: 367701545.0, jd2: 0.0, out_subfmt: '*', precision: 3, scale: tt}
#       pm_dec: !astropy.table.SerializedColumn
#         __class__: astropy.units.quantity.Quantity
#         unit: !astropy.units.Unit {unit: mas / yr}
#         value: !astropy.table.SerializedColumn {name: SkyCoord.pm_dec}
#       pm_ra_cosdec: !astropy.table.SerializedColumn
#         __class__: astropy.units.quantity.Quantity
#         unit: !astropy.units.Unit {unit: mas / yr}
#         value: !astropy.table.SerializedColumn {name: SkyCoord.pm_ra_cosdec}
#       ra: !astropy.table.SerializedColumn
#         __class__: astropy.coordinates.angles.Longitude
#         unit: *id001
#         value: !astropy.table.SerializedColumn {name: SkyCoord.ra}
#         wrap_angle: !astropy.coordinates.Angle
#           unit: *id001
#           value: 360.0
#       representation_type: spherical
# schema: astropy-2.0
RA_ICRS_1 DE_ICRS_1 e_RA_ICRS e_DE_ICRS _r_1 HIP TYC2 Source rgeo Plx e_Plx pmRA pmDE e_pmRA e_pmDE RUWE Teff logg Gmag BP-RP BPmag RPmag RV e_RV b_rgeo B_rgeo FG e_FG FBP e_FBP FRP e_FRP RAVE5 RAVE6 e_Gmag e_BPmag e_RPmag e_BP-RP SkyCoord.ra SkyCoord.dec SkyCoord.distance SkyCoord.pm_ra_cosdec SkyCoord.pm_dec
[from data line 242]
40.75906497016 57.93309147105 0.0196 0.0255 15.0511 "" "" 463901792766056448 2117.16211 0.4477 0.0293 1.003 -3.085 0.028 0.037 1.028 7561.9 3.8219 15.328381 1.835821 16.22163 14.385809 "" "" 1974.39709 2288.09131 13918.56708 4.8816 4433.7 14.318 13958.0 11.995 "" "" 0.0027815094302442145 0.0044809254 0.0038928518 0.008373777 40.75906497016 57.93309147105 2117.16211 1.0030000000000001 -3.0850000000000004
40.36248695456 58.24447979195 0.018 0.0199 8.1603 "" "" 463968210140094848 2020.64771 0.4664 0.0276 0.078 -0.926 0.023 0.025 1.039 9273.0 4.011 15.32846 0.967801 15.720899 14.753098 "" "" 1920.90662 2129.91333 13917.54731 3.1985 7031.7 12.405 9952.2 9.3761 "" "" 0.0027665954484841562 0.00338435 0.0039153574 0.0072997073 40.36248695456 58.24447979195 2020.64771 0.0779999999999999 -0.926
40.53287089397 58.55586895109 0.018 0.0186 23.6057 "" "" 463997587716113280 2932.19092 0.3093 0.0261 -0.721 -0.777 0.024 0.023 0.991 10725.8 3.9586 15.335756 0.914366 15.698611 14.784246 "" "" 2726.18066 3181.56006 13824.3329 3.3125 7177.5 10.802 9670.8 9.4668 "" "" 0.002767574971868102 0.003233426 0.003925983 0.007159409 40.53287089397 58.55586895109 2932.19092 -0.7210000000000001 -0.7770000000000001
40.87117413126 58.0676076842 0.0189 0.0232 11.1532 "" "" 463904610264474496 2533.06787 0.3622 0.0266 -0.099 -1.678 0.026 0.034 1.041 9677.8 4.1382 15.338782 0.93586 15.716043 14.780183 "" "" 2374.10352 2724.92847 13785.86473 4.2363 7063.2 12.179 9707.0 14.269 "" "" 0.002775446716733618 0.0033600437 0.0041025532 0.007462597 40.87117413126 58.0676076842 2533.06787 -0.0990000000000002 -1.6780000000000004
40.88119876453 58.46370656329 0.0183 0.0197 20.556 "" "" 463989581897109888 2517.56665 0.3729 0.0269 -0.427 -1.136 0.026 0.025 1.015 9056.3 3.5534 15.339779 1.052687 15.773644 14.720957 "" "" 2314.61035 2721.85571 13773.20686 3.7393 6698.2 13.155 10251.0 16.349 "" "" 0.002771042629944056 0.0035116854 0.004157185 0.0076688705 40.88119876453 58.46370656329 2517.56665 -0.42700000000000016 -1.136
40.98082688378 57.83410492759 0.293 0.4177 23.6776 "" "" 463886017343513216 2755.85742 0.8215 0.4913 5.852 -11.802 0.418 0.546 14.574 "" "" 15.342549 1.732032 16.020426 14.288394 111.54 11.54 1431.89221 6302.4292 13738.11319 59.403 5336.4 11.905 15269.0 16.717 "" "" 0.005443507129309207 0.003694858 0.00396191 0.007656768 40.98082688378 57.83410492759 2755.85742 5.852 -11.802
41.09090352143 58.42385379052 0.0183 0.0205 22.7154 "" "" 463985733607069568 2855.47339 0.3119 0.0262 -2.295 -0.279 0.026 0.028 1.013 5097.2 3.148 15.344493 2.149554 16.453533 14.303979 -3.5 10.62 2658.47046 3118.25488 13713.54548 4.3273 3581.0 9.1522 15051.0 11.552 "" "" 0.0027765385704272903 0.003935105 0.003870163 0.0078052683 41.09090352143 58.42385379052 2855.47339 -2.295 -0.27899999999999986
40.73741620232 58.53230907967 0.0184 0.0198 22.79 "" "" 463996797442126720 2080.42822 0.4441 0.0269 -0.586 -0.711 0.025 0.024 1.041 7803.6 3.5828 15.345949 1.085276 15.798083 14.712808 "" "" 1965.46643 2195.7356 13695.15932 3.295 6549.1 9.7988 10328.0 12.215 "" "" 0.0027676754235318583 0.0032286218 0.0039915736 0.0072201956 40.73741620232 58.53230907967 2080.42822 -0.5860000000000001 -0.7110000000000001
40.17077537488 57.89099991282 0.019 0.0226 20.6453 "" "" 457940790476086400 2231.51392 0.4196 0.032 -0.327 -1.252 0.027 0.03 1.046 9402.6 3.9909 15.346212 0.990304 15.748646 14.758342 "" "" 2085.83765 2386.15674 13691.83927 4.3613 6854.2 16.443 9904.2 13.936 "" "" 0.002776940130641003 0.0038169653 0.004076475 0.00789344 40.17077537488 57.89099991282 2231.51392 -0.32700000000000007 -1.2520000000000002
40.12756479155 58.27146098097 0.0185 0.0196 15.3965 "" "" 463971989711321344 2212.14258 0.4188 0.0299 1.11 -0.771 0.023 0.025 0.994 8281.3 3.4104 15.348849 1.371304 15.958252 14.586947 "" "" 2094.46313 2375.20679 13658.62234 3.7028 5650.9 9.1248 11598.0 10.541 "" "" 0.0027709970739471434 0.0032952598 0.0039060817 0.0072013414 40.12756479155 58.27146098097 2212.14258 1.1099999999999999 -0.7709999999999996
40.77501258671 58.36332421154 0.059 0.0671 13.6705 "" "" 463982916107961856 2097.22681 0.4828 0.0921 -0.281 -0.97 0.08 0.086 4.045 6513.2 3.9113 15.34911 1.37456 15.938313 14.563753 "" "" 1740.11182 2581.06641 13655.34939 12.329 5755.6 9.6855 11848.0 10.541 "" "" 0.002924505906984448 0.0033351525 0.0039008735 0.007236026 40.77501258671 58.36332421154 2097.22681 -0.281 -0.97
40.80140707943 58.05499820204 0.019 0.0231 9.807 "" "" 463904988221618304 2116.99463 0.4314 0.0273 0.027 -1.106 0.026 0.033 1.003 8830.4 3.7382 15.365653 0.968065 15.756439 14.788374 "" "" 2009.15015 2261.22632 13448.86068 3.69 6805.2 8.3132 9634.0 12.935 "" "" 0.0027713772079166754 0.0030893688 0.0040507745 0.0071401433 40.80140707943 58.05499820204 2116.99463 0.02699999999999997 -1.1059999999999999
40.46618956846 58.16124868826 0.0183 0.0207 3.2561 "" "" 463955187799319424 2628.64941 0.3505 0.0285 0.605 -0.725 0.024 0.026 0.991 10059.9 4.287 15.371335 1.053127 15.802617 14.74949 "" "" 2477.4397 2817.1792 13378.6633 3.4623 6521.8 18.445 9985.3 10.326 "" "" 0.0027696099869169385 0.004148996 0.0039426344 0.00809163 40.46618956846 58.16124868826 2628.64941 0.605 -0.7250000000000001
40.68753734036 58.39242957291 0.0185 0.0195 14.2704 "" "" 463982503791086336 2606.17358 0.3552 0.0285 -0.548 -0.147 0.025 0.025 0.936 9439.1 3.9567 15.375616 0.966353 15.768261 14.801908 "" "" 2433.53442 2811.90845 13326.02014 3.5834 6731.5 10.905 9514.7 10.584 "" "" 0.0027707450954569395 0.0032982924 0.0039676693 0.0072659617 40.68753734036 58.39242957291 2606.17358 -0.548 -0.14700000000000002
40.96248186297 58.02105542516 0.0216 0.0285 15.1041 "" "" 463901414809401472 2557.49194 0.3683 0.0328 -0.04 -1.293 0.032 0.046 1.08 9273.4 3.9489 15.382035 1.109634 15.84269 14.733055 "" "" 2349.84009 2798.39893 13247.46116 4.0662 6285.5 14.776 10138.0 15.769 "" "" 0.0027754009057337978 0.0037814775 0.0041395347 0.007921012 40.96248186297 58.02105542516 2557.49194 -0.040000000000000036 -1.293
39.95836025033 58.30990941006 0.0196 0.0199 21.2087 "" "" 463967316786890368 2945.83447 0.3035 0.0302 0.217 0.152 0.025 0.026 1.068 6794.6 2.7898 15.386662 2.320816 16.617483 14.296667 -99.75 3.59 2748.69458 3161.45435 13191.12295 3.9538 3079.1 8.1943 15153.0 16.249 "" "" 0.0027744718274746744 0.004016698 0.0039546485 0.007971346 39.95836025033 58.30990941006 2945.83447 0.21699999999999994 0.15199999999999997
40.60229245016 58.45218208022 0.0186 0.02 17.3887 "" "" 463994701498169856 2156.99121 0.4362 0.0297 0.945 -2.245 0.025 0.024 1.04 7278.6 4.0765 15.389765 1.384356 16.006605 14.622249 "" "" 2028.875 2303.32349 13153.48972 3.5617 5404.7 10.272 11227.0 10.738 "" "" 0.002770960618840271 0.0034703233 0.003919451 0.0073897745 40.60229245016 58.45218208022 2156.99121 0.9449999999999998 -2.245
40.76414781638 58.24690816261 0.0192 0.0198 7.9662 "" "" 463977555988879872 2052.44189 0.4478 0.0269 0.192 -0.552 0.025 0.026 1.049 5491.5 3.5396 15.395698 1.969212 16.38323 14.414019 17.02 9.02 1943.10217 2188.29492 13081.80412 3.7255 3820.5 8.8545 13600.0 10.962 "" "" 0.0027726151565910374 0.003757257 0.00387938 0.007636637 40.76414781638 58.24690816261 2052.44189 0.19199999999999998 -0.552
40.34155627296 58.19838073868 0.0184 0.0222 7.5039 "" "" 463955943713547392 2559.50342 0.3592 0.0306 0.59 -0.654 0.024 0.026 1.017 9527.8 4.013 15.398548 0.947843 15.780438 14.832596 "" "" 2326.6084 2775.0647 13047.50005 3.6821 6656.4 11.379 9249.5 12.767 "" "" 0.0027723044591896878 0.003351113 0.004065664 0.0074167773 40.34155627296 58.19838073868 2559.50342 0.5900000000000001 -0.6540000000000001
40.0358668314 57.98091799272 0.0207 0.0232 20.135 "" "" 457953984615594880 2867.68408 0.3179 0.0364 0.914 -0.966 0.029 0.032 1.005 7489.0 3.9116 15.416865 1.644054 16.188768 14.544714 "" "" 2637.68726 3122.38892 12829.22795 4.2018 4569.9 8.8923 12058.0 10.848 "" "" 0.0027781719250516736 0.003499775 0.0039035669 0.007403342 40.0358668314 57.98091799272 2867.68408 0.9139999999999999 -0.9659999999999997
40.74874437316 58.29643677565 0.0425 0.0446 9.8201 "" "" 463978311903081728 2662.30615 0.3762 0.063 -1.634 -1.347 0.056 0.058 2.177 9267.8 4.1858 15.419617 1.165467 15.908234 14.742766 "" "" 2257.39331 3315.31616 12796.76533 5.1805 5917.3 12.534 10047.0 11.738 "" "" 0.0027901581457400555 0.0036158178 0.003986572 0.00760239 40.74874437316 58.29643677565 2662.30615 -1.634 -1.347
40.19487821482 58.12482166764 0.0199 0.0225 12.0662 "" "" 463961166393866880 2971.71484 0.3213 0.0333 -0.121 0.161 0.027 0.03 0.997 9248.9 3.7113 15.421162 1.324881 15.998076 14.673195 "" "" 2700.9314 3224.51953 12778.56248 3.7855 5447.4 9.6472 10712.0 9.4392 "" "" 0.002774029481199286 0.0033885462 0.0038985969 0.007287143 40.19487821482 58.12482166764 2971.71484 -0.12100000000000001 0.16100000000000003
40.40842804035 58.25935778748 0.0198 0.0215 7.698 "" "" 463969721969563776 2055.1582 0.4528 0.0304 -3.677 -0.63 0.025 0.026 1.034 6412.3 3.748 15.421705 1.606086 16.173958 14.567872 "" "" 1921.97668 2167.14648 12772.17256 4.8723 4632.7 10.597 11803.0 13.401 "" "" 0.0027862767228583147 0.0037353812 0.003975344 0.007710725 40.40842804035 58.25935778748 2055.1582 -3.6769999999999996 -0.6300000000000004
40.31622393147 58.10104466084 0.0193 0.0226 8.8261 "" "" 463949518442565888 2008.48828 0.4655 0.0326 -0.068 -1.053 0.026 0.029 1.031 "" "" 15.424152 1.549704 16.133778 14.584074 "" "" 1872.87158 2180.92578 12743.41585 12.643 4807.4 15.905 11629.0 32.664 "" "" 0.002958396144328501 0.004548427 0.0048563513 0.0094047785 40.31622393147 58.10104466084 2008.48828 -0.06800000000000006 -1.053
40.87907046684 57.94445656154 0.02 0.0249 16.3912 "" "" 463900521456259712 2346.42212 0.3973 0.0293 0.105 -2.033 0.029 0.037 1.017 8180.5 3.6296 15.426161 1.169787 15.923225 14.753438 "" "" 2193.77563 2523.70728 12719.86609 3.9858 5836.2 12.31 9949.1 10.471 "" "" 0.0027762452472810777 0.003609647 0.00394835 0.007557997 40.87907046684 57.94445656154 2346.42212 0.10499999999999987 -2.0330000000000004
39.97102438367 58.06249631932 0.019 0.0217 19.8876 "" "" 463960135601795328 2313.37329 0.4068 0.0331 -0.353 -0.208 0.026 0.029 1.008 9245.7 4.1023 15.432261 1.189781 15.941449 14.751668 "" "" 2167.78516 2484.38599 12648.5891 3.5115 5739.0 13.861 9965.3 11.739 "" "" 0.002771758394957193 0.0038290357 0.003989928 0.007818963 39.97102438367 58.06249631932 2313.37329 -0.3529999999999999 -0.20799999999999993
40.47864466067 58.27081671798 0.0208 0.0221 7.077 "" "" 463958039657501440 2717.11719 0.335 0.0301 -1.069 -0.239 0.026 0.028 1.006 9435.0 3.8631 15.437085 0.977052 15.834069 14.857017 "" "" 2541.70801 2940.59985 12592.52215 3.4385 6335.6 13.185 9043.8 10.794 "" "" 0.0027712242432297468 0.0035903328 0.0039953673 0.0075857 40.47864466067 58.27081671798 2717.11719 -1.069 -0.23900000000000013
40.14077976231 58.4319006974 0.0199 0.0207 21.0433 "" "" 463975494404496384 2321.20508 0.401 0.031 -1.143 -0.561 0.026 0.025 1.051 8651.1 3.5846 15.438863 1.10908 15.899462 14.790381 "" "" 2149.54736 2452.94678 12571.92589 3.3187 5965.3 11.01 9616.2 10.332 "" "" 0.0027701867039703733 0.0034352182 0.003955323 0.007390541 40.14077976231 58.4319006974 2321.20508 -1.143 -0.5609999999999999
40.70723802226 58.02959781031 0.0491 0.0626 9.1202 "" "" 463903613832119424 2652.01685 0.3599 0.0724 -1.168 0.187 0.069 0.085 3.14 7663.3 3.8434 15.439108 2.063348 16.387922 14.324574 -57.66 3.53 2299.20972 3099.77075 12569.08358 10.259 3804.1 22.681 14768.0 55.643 "" "" 0.0028943251375980737 0.007049139 0.005569448 0.012618587 40.70723802226 58.02959781031 2652.01685 -1.1680000000000001 0.18699999999999986
39.94314089959 58.16509006426 0.0196 0.022 19.8089 "" "" 463963983892409472 2043.40051 0.4676 0.0333 -1.12 -3.035 0.026 0.029 1.026 8287.9 4.3185 15.449553 1.401686 16.076666 14.67498 "" "" 1927.65674 2173.81787 12448.75289 4.0626 5067.0 7.279 10695.0 12.853 "" "" 0.002778009367644844 0.0031965226 0.0039982824 0.007194805 39.94314089959 58.16509006426 2043.40051 -1.1200000000000006 -3.035000000000001
40.66207062597 58.30910889332 0.0211 0.0214 9.2519 "" "" 463981129401628032 2772.8855 0.3369 0.0317 0.694 -1.154 0.026 0.027 1.063 9456.6 3.4951 15.452231 1.147814 15.93378 14.785966 "" "" 2573.84033 3032.65918 12418.07275 3.394 5779.7 9.9479 9655.4 11.29 "" "" 0.002771253579550583 0.0033581634 0.0039869123 0.0073450757 40.66207062597 58.30910889332 2772.8855 0.694 -1.154
40.56819003696 57.94376861829 0.021 0.024 13.1478 "" "" 463897085481913728 2146.04492 0.4319 0.0306 -0.002 -1.131 0.029 0.034 1.043 9034.9 3.6417 15.452429 1.164864 15.945471 14.780606 "" "" 2013.65869 2287.15674 12415.81532 4.0856 5717.8 11.087 9703.2 12.474 "" "" 0.002778387330773819 0.0034953172 0.0040288847 0.0075242016 40.56819003696 57.94376861829 2146.04492 -0.0020000000000000573 -1.1310000000000002
41.29732622975 58.17844231413 0.0211 0.0259 23.065 "" "" 463926531778001152 2862.86133 0.3096 0.031 -1.112 -0.823 0.029 0.036 0.905 6835.2 3.4827 15.45299 2.252196 16.635683 14.383487 -116.88 17.09 2640.00513 3102.94629 12409.40233 5.097 3027.9 8.572 13988.0 14.863 "" "" 0.0027911758405210333 0.004151244 0.0039515365 0.00810278 41.29732622975 58.17844231413 2862.86133 -1.112 -0.823
40.47634740648 58.53452964572 0.0209 0.0223 22.4879 "" "" 463999030825150592 2720.33569 0.3458 0.0327 -0.169 -0.38 0.028 0.029 1.037 9635.6 3.6515 15.454798 0.995499 15.85793 14.862432 "" "" 2458.97754 2957.52075 12388.754 3.3724 6197.9 11.316 8998.8 9.0102 "" "" 0.0027711263300255174 0.0034226628 0.003932625 0.0073552877 40.47634740648 58.53452964572 2720.33569 -0.16900000000000004 -0.3799999999999999
40.72919060029 58.17229318761 0.0184 0.0206 5.1002 "" "" 463953057495493120 2688.42139 0.3417 0.027 1.02 -0.707 0.024 0.028 0.997 9726.9 3.935 15.45523 1.018267 15.873254 14.854987 "" "" 2520.06323 2869.56689 12383.83012 3.6149 6111.0 12.501 9060.7 10.966 "" "" 0.0027734878908085734 0.0035662411 0.0040013054 0.0075675463 40.72919060029 58.17229318761 2688.42139 1.02 -0.7069999999999999
40.00122012799 58.01214248771 0.02 0.0233 20.1529 "" "" 463959070449939712 2001.01648 0.4629 0.0339 -0.52 -0.456 0.028 0.032 1.009 9348.9 3.8295 15.46194 1.234132 15.992707 14.758575 "" "" 1866.42737 2159.47119 12307.52369 3.5192 5474.4 13.862 9902.1 10.903 "" "" 0.0027727551706811892 0.003917066 0.0039639506 0.0078810165 40.00122012799 58.01214248771 2001.01648 -0.52 -0.4560000000000002
40.92068096001 57.96212853367 0.0267 0.035 16.4223 "" "" 463900658895199232 2759.77881 0.3354 0.0385 -1.359 -0.594 0.039 0.055 1.309 5066.0 3.3445 15.468539 2.149551 16.552616 14.403065 -55.96 7.33 2447.47998 3070.75635 12232.94741 5.2824 3268.7 11.782 13738.0 14.109 "" "" 0.002794924003467633 0.0048063225 0.0039404416 0.008746764 40.92068096001 57.96212853367 2759.77881 -1.3589999999999998 -0.5939999999999998
40.61309150285 58.14574966235 0.1402 0.1599 1.7337 "" "" 463953332373442176 2765.82886 0.4951 0.2123 1.267 -2.692 0.185 0.204 8.225 6578.0 4.0198 15.468712 1.450392 16.08368 14.633287 "" "" 1809.87878 4561.9585 12230.99923 22.158 5034.4 9.4554 11113.0 12.316 "" "" 0.003385361870880186 0.0034559113 0.003966306 0.007422217 40.61309150285 58.14574966235 2765.82886 1.267 -2.692
40.20083970549 58.24569522254 0.02 0.022 12.6552 "" "" 463968725536192256 2436.08179 0.3741 0.0313 1.476 -1.925 0.025 0.027 1.011 8988.7 4.1427 15.471596 1.296802 16.031784 14.734982 "" "" 2266.20874 2661.79614 12198.56168 4.1646 5280.8 19.729 10120.0 16.587 "" "" 0.0027801414720917427 0.00492327 0.004177385 0.009100655 40.20083970549 58.24569522254 2436.08179 1.476 -1.925
