Clusters/UBC_422/UBC_422_stars_in_region.tsv
# %ECSV 1.0
# ---
# datatype:
# - name: RA_ICRS_1
#   unit: deg
#   datatype: float64
#   format: '{:15.11f}'
#   description: Right ascension (ICRS) at Ep=2016.0 (ra)
#   meta: !!omap
#   - {ucd: POS_EQ_RA_MAIN}
#   - {width: 15}
#   - {precision: '11'}
# - name: DE_ICRS_1
#   unit: deg
#   datatype: float64
#   format: '{:15.11f}'
#   description: Declination (ICRS) at Ep=2016.0 (dec)
#   meta: !!omap
#   - {ucd: POS_EQ_DEC_MAIN}
#   - {width: 15}
#   - {precision: '11'}
# - name: e_RA_ICRS
#   unit: mas
#   datatype: float64
#   format: '{:7.4f}'
#   description: Standard error of right ascension (ra_error)
#   meta: !!omap
#   - {ucd: ERROR}
#   - {width: 7}
#   - {precision: '4'}
# - name: e_DE_ICRS
#   unit: mas
#   datatype: float64
#   format: '{:7.4f}'
#   description: Standard error of declination (dec_error)
#   meta: !!omap
#   - {ucd: ERROR}
#   - {width: 7}
#   - {precision: '4'}
# - name: _r_1
#   unit: ''
#   datatype: float64
#   format: '{:7.4f}'
#   description: Distance from center (040.56901577000+58.16289833000)[ICRS], at Epoch=J2016.0
#   meta: !!omap
#   - {ucd: POS_ANG_DIST_GENERAL}
#   - {width: 7}
#   - {precision: '4'}
# - name: HIP
#   datatype: int32
#   description: '? HIP cross-id number, van Leeuwen, Cat. I/311 (hip_original_ext_source_id)'
#   meta: !!omap
#   - {ucd: ID_NUMBER}
#   - {width: 6}
#   - values: {'null': -2147483648}
# - name: TYC2
#   datatype: string
#   description: Tycho-2 cross-id name, Hog et al., Cat. I/259 (tyc2_original_ext_source_id)
#   meta: !!omap
#   - {ucd: ID_CROSSID}
#   - {_votable_string_dtype: char}
# - name: Source
#   datatype: int64
#   description: Source identifier, identical to the Gaia-EDR3 source_id (id)
#   meta: !!omap
#   - {ucd: ID_MAIN}
#   - {width: 19}
# - name: rgeo
#   unit: pc
#   datatype: float64
#   format: '{:15.8f}'
#   description: '? Median of the geometric distance posterior (r_med_geo)'
#   meta: !!omap
#   - {ucd: PHYS_DISTANCE_TRUE}
#   - {width: 15}
#   - {precision: '8'}
#   - values: {'null': .nan}
# - name: Plx
#   unit: mas
#   datatype: float64
#   format: '{:9.4f}'
#   description: '? Parallax (parallax)'
#   meta: !!omap
#   - {ucd: POS_PARLX_TRIG}
#   - {width: 9}
#   - {precision: '4'}
#   - values: {'null': .nan}
# - name: e_Plx
#   unit: mas
#   datatype: float32
#   format: '{:7.4f}'
#   description: '? Standard error of parallax (parallax_error)'
#   meta: !!omap
#   - {ucd: ERROR}
#   - {width: 7}
#   - {precision: '4'}
#   - values: {'null': .nan}
# - name: pmRA
#   unit: mas / yr
#   datatype: float64
#   format: '{:9.3f}'
#   description: '? Proper motion in right ascension direction, pmRA*cosDE (pmra)'
#   meta: !!omap
#   - {ucd: POS_EQ_PMRA}
#   - {width: 9}
#   - {precision: '3'}
#   - values: {'null': .nan}
# - name: pmDE
#   unit: mas / yr
#   datatype: float64
#   format: '{:9.3f}'
#   description: '? Proper motion in declination direction (pmdec)'
#   meta: !!omap
#   - {ucd: POS_EQ_PMDEC}
#   - {width: 9}
#   - {precision: '3'}
#   - values: {'null': .nan}
# - name: e_pmRA
#   unit: mas / yr
#   datatype: float32
#   format: '{:6.3f}'
#   description: '? Standard error of proper motion in right ascension direction (pmra_error)'
#   meta: !!omap
#   - {ucd: ERROR}
#   - {width: 6}
#   - {precision: '3'}
#   - values: {'null': .nan}
# - name: e_pmDE
[...]
#         unit: &id001 !astropy.units.Unit {unit: deg}
#         value: !astropy.table.SerializedColumn {name: SkyCoord.dec}
#       distance: !astropy.table.SerializedColumn
#         __class__: astropy.coordinates.distances.Distance
#         unit: !astropy.units.Unit {unit: pc}
#         value: !astropy.table.SerializedColumn {name: SkyCoord.distance}
#       frame: icrs
#       obstime: !astropy.time.Time {format: jyear_str, in_subfmt: '*', jd1: 367701545.0, jd2: 0.0, out_subfmt: '*', precision: 3, scale: tt}
#       pm_dec: !astropy.table.SerializedColumn
#         __class__: astropy.units.quantity.Quantity
#         unit: !astropy.units.Unit {unit: mas / yr}
#         value: !astropy.table.SerializedColumn {name: SkyCoord.pm_dec}
#       pm_ra_cosdec: !astropy.table.SerializedColumn
#         __class__: astropy.units.quantity.Quantity
#         unit: !astropy.units.Unit {unit: mas / yr}
#         value: !astropy.table.SerializedColumn {name: SkyCoord.pm_ra_cosdec}
#       ra: !astropy.table.SerializedColumn
#         __class__: astropy.coordinates.angles.Longitude
#         unit: *id001
#         value: !astropy.table.SerializedColumn {name: SkyCoord.ra}
#         wrap_angle: !astropy.coordinates.Angle
#           unit: *id001
#           value: 360.0
#       representation_type: spherical
# schema: astropy-2.0
RA_ICRS_1 DE_ICRS_1 e_RA_ICRS e_DE_ICRS _r_1 HIP TYC2 Source rgeo Plx e_Plx pmRA pmDE e_pmRA e_pmDE RUWE Teff logg Gmag BP-RP BPmag RPmag RV e_RV b_rgeo B_rgeo FG e_FG FBP e_FBP FRP e_FRP RAVE5 RAVE6 e_Gmag e_BPmag e_RPmag e_BP-RP SkyCoord.ra SkyCoord.dec SkyCoord.distance SkyCoord.pm_ra_cosdec SkyCoord.pm_dec
[from data line 569]
40.9633659393 58.34239140629 0.0319 0.0342 16.4615 "" "" 463979342695164800 2331.10693 0.4033 0.0455 -2.486 0.58 0.043 0.046 0.928 8442.3 4.2203 16.440475 1.341407 17.033823 15.692416 "" "" 2118.53662 2652.96582 4997.54595 2.9041 2098.4 9.2488 4189.8 12.766 "" "" 0.0028266337259722236 0.005539444 0.00502271 0.0105621535 40.9633659393 58.34239140629 2331.10693 -2.4859999999999998 0.5800000000000001
40.19896567346 58.27310836149 0.0335 0.0351 13.4342 "" "" 463969103493288064 2831.76611 0.3412 0.0529 -1.101 -1.075 0.041 0.043 1.022 "" "" 16.440842 1.576118 17.176632 15.600513 "" "" 2471.94482 3225.12573 4995.85827 2.1791 1839.8 8.514 4559.9 8.7378 "" "" 0.0027957226903564942 0.005747174 0.0043141944 0.010061368 40.19896567346 58.27310836149 2831.76611 -1.1009999999999998 -1.075
40.3305297953 58.38213720509 0.0346 0.0383 15.1545 "" "" 463971332578030336 2259.51099 0.4413 0.0564 0.873 -0.708 0.046 0.049 1.097 6201.9 4.4424 16.448149 1.364063 17.033463 15.669399 "" "" 2050.92944 2584.30981 4962.34932 2.5053 2099.1 6.6414 4279.6 13.546 "" "" 0.002809315593190931 0.0044255597 0.0051082405 0.0095338 40.3305297953 58.38213720509 2259.51099 0.873 -0.7080000000000001
41.15684630869 58.4104465959 0.0328 0.0377 23.7559 "" "" 463938763844721792 2551.94141 0.3776 0.0465 -1.815 0.294 0.046 0.057 0.945 7118.1 4.3351 16.448858 1.652559 17.231285 15.578726 "" "" 2304.58936 2894.67261 4959.10755 2.5907 1749.5 11.219 4652.3 11.237 "" "" 0.0028130957536223245 0.007500753 0.004600105 0.012100858 41.15684630869 58.4104465959 2551.94141 -1.815 0.29399999999999993
40.77953656864 58.02091233346 0.0334 0.0424 10.8236 "" "" 463904094869960576 2783.10327 0.328 0.0484 -0.552 -1.355 0.047 0.06 1.02 "" "" 16.449015 1.717317 17.264479 15.547162 "" "" 2494.96362 3130.97803 4958.39428 2.6664 1696.8 11.312 4789.5 10.985 "" "" 0.0028165016641312456 0.0077573955 0.0045260163 0.012283412 40.77953656864 58.02091233346 2783.10327 -0.552 -1.3550000000000004
41.22522779737 58.26669277649 0.0324 0.0389 21.6538 "" "" 463933816042481920 2042.87109 0.4681 0.045 2.931 -2.935 0.044 0.055 1.027 7187.3 4.305 16.44923 1.534241 17.158066 15.623825 "" "" 1851.80334 2241.65112 4957.40771 2.2903 1871.5 9.1502 4463.0 10.931 "" "" 0.002800606571929785 0.0059970277 0.004621177 0.010618204 41.22522779737 58.26669277649 2042.87109 2.9310000000000005 -2.9349999999999996
40.21676412459 58.11380872954 0.0325 0.0372 11.5388 "" "" 463961097674397824 2725.99927 0.3595 0.0546 0.392 -1.279 0.045 0.049 0.996 9421.3 4.1935 16.45 1.364142 17.052162 15.68802 "" "" 2332.81079 3206.61865 4953.89356 2.3522 2063.2 12.172 4206.8 10.564 "" "" 0.002803133611362723 0.0069866977 0.0046601896 0.011646887 40.21676412459 58.11380872954 2725.99927 0.39199999999999985 -1.2789999999999997
40.95135579972 57.95260994395 0.0327 0.0407 17.5071 "" "" 463899834261481600 2248.9458 0.4251 0.0496 0.679 -0.804 0.047 0.059 0.997 8481.9 4.4825 16.450064 1.435094 17.096249 15.661155 "" "" 2008.74524 2523.85645 4953.60277 2.6104 1981.1 7.8614 4312.2 9.2688 "" "" 0.0028140976250713083 0.0051329825 0.0044418443 0.009574827 40.95135579972 57.95260994395 2248.9458 0.6789999999999999 -0.8039999999999999
40.26723444964 57.87738853173 0.0325 0.0371 19.6321 "" "" 463942646495050880 2734.10229 0.3555 0.053 -2.726 0.369 0.045 0.052 0.962 9410.1 4.3518 16.450476 1.382292 17.06438 15.682089 "" "" 2356.24634 3309.24463 4951.72737 2.4254 2040.2 11.504 4229.8 7.6693 "" "" 0.0028061724889115345 0.0067279385 0.004261357 0.010989295 40.26723444964 57.87738853173 2734.10229 -2.726 0.3690000000000001
40.16631189241 58.49303004159 0.0311 0.0315 23.5223 "" "" 464163407814201856 2980.02515 0.3213 0.0478 -1.686 -2.015 0.04 0.039 1.009 7808.5 4.2722 16.457142 1.588345 17.19839 15.610045 "" "" 2610.48267 3284.57275 4921.4167 2.069 1803.3 8.3324 4520.0 7.4519 "" "" 0.002792872608346135 0.0057404954 0.0041818446 0.0099223405 40.16631189241 58.49303004159 2980.02515 -1.6859999999999997 -2.0149999999999997
40.53083940508 58.33562156599 0.0337 0.0346 10.4333 "" "" 463958692492466560 2095.96143 0.4636 0.0504 1.023 2.044 0.045 0.043 1.029 7169.0 4.5842 16.461416 1.388254 17.083359 15.695105 "" "" 1867.43347 2267.93066 4902.07809 2.2358 2004.8 8.7197 4179.4 8.3723 "" "" 0.0027994657344170963 0.0054850057 0.0043605347 0.00984554 40.53083940508 58.33562156599 2095.96143 1.0229999999999997 2.0440000000000005
39.993185009 58.11652410011 0.0316 0.0346 18.4481 "" "" 463960719717300992 2447.43359 0.3866 0.0515 3.682 -0.785 0.043 0.046 0.937 7201.8 4.3042 16.464136 1.590403 17.20317 15.612768 "" "" 2225.33496 2826.4563 4889.81734 2.2186 1795.3 6.9401 4508.7 10.383 "" "" 0.0027990109560949205 0.0050399397 0.0045315926 0.009571532 39.993185009 58.11652410011 2447.43359 3.6819999999999995 -0.7850000000000001
40.55667620289 58.49782098118 0.0319 0.0342 20.0991 "" "" 463995732290289280 2554.86816 0.3779 0.0478 0.538 -0.862 0.042 0.042 1.038 7675.7 4.1674 16.466434 1.17946 16.960474 15.781014 "" "" 2315.22168 2787.24316 4879.47162 2.4435 2245.1 8.5114 3861.5 8.6122 "" "" 0.002808452463765754 0.004972687 0.0044885776 0.009461265 40.55667620289 58.49782098118 2554.86816 0.538 -0.8619999999999999
41.14125219927 57.92769446757 0.0356 0.0443 23.0075 "" "" 463888048871219072 2432.95068 0.3885 0.0524 -0.288 -0.403 0.05 0.062 1.052 8484.0 4.4652 16.466497 1.394978 17.089445 15.694468 "" "" 2150.66113 2792.25049 4879.19207 2.5802 1993.6 13.676 4181.9 10.845 "" "" 0.0028145060455304046 0.007953566 0.0047129258 0.012666492 41.14125219927 57.92769446757 2432.95068 -0.288 -0.4030000000000001
40.94078144065 57.87935537133 0.0333 0.0464 20.7118 "" "" 463897910116180736 2083.24512 0.4698 0.0541 0.101 -1.207 0.047 0.064 1.05 9193.9 4.26 16.46717 1.476059 17.141775 15.665716 "" "" 1903.25244 2335.63403 4876.16256 2.5146 1899.8 10.041 4294.1 9.1106 "" "" 0.002811633692511352 0.006380805 0.0044260714 0.010806876 40.94078144065 57.87935537133 2083.24512 0.10100000000000015 -1.2069999999999999
40.11904632579 57.9441693652 0.0348 0.0392 19.3985 "" "" 463946700944156416 2340.2124 0.4021 0.0597 -1.025 -0.244 0.052 0.055 1.046 "" "" 16.47147 1.292299 17.02486 15.732561 "" "" 2105.27466 2706.63477 4856.896 2.565 2115.8 8.3393 4037.7 19.948 "" "" 0.002814350666993366 0.005108621 0.0065617324 0.011670353 40.11904632579 57.9441693652 2340.2124 -1.025 -0.24400000000000002
41.06232015725 58.12218151096 0.0321 0.0383 15.812 "" "" 463925500985913472 2312.65625 0.4105 0.0452 -0.134 -1.077 0.045 0.056 1.018 7699.8 4.4061 16.473015 1.538349 17.18594 15.647591 "" "" 2089.50439 2575.65967 4849.9939 2.5863 1824.1 10.718 4366.4 11.365 "" "" 0.0028154937028114046 0.006963016 0.0047191028 0.011682119 41.06232015725 58.12218151096 2312.65625 -0.13399999999999995 -1.0769999999999997
40.94381270932 58.30035925585 0.0353 0.0364 14.429 "" "" 463978724219912832 2320.80005 0.4047 0.0482 0.148 -1.063 0.049 0.051 0.964 7464.0 4.3743 16.475311 1.317753 17.054037 15.736284 "" "" 2103.17627 2667.61108 4839.73858 2.5474 2059.7 11.339 4023.9 9.6715 "" "" 0.0028139610068984005 0.0065963264 0.004592782 0.011189109 40.94381270932 58.30035925585 2320.80005 0.14800000000000002 -1.063
40.9061087817 58.48517708185 0.0309 0.0328 22.0614 "" "" 463989616256824704 2353.05835 0.405 0.0451 -0.033 -1.023 0.042 0.041 0.976 8272.7 4.2041 16.475803 1.459487 17.134903 15.675416 "" "" 2076.63525 2649.90918 4837.55137 2.3907 1911.9 8.9731 4255.9 7.5493 "" "" 0.0028070791485778927 0.005809556 0.004241806 0.010051362 40.9061087817 58.48517708185 2353.05835 -0.03300000000000003 -1.023
40.19848334239 57.96319731705 0.036 0.0394 16.7891 "" "" 463946048109109248 2224.06201 0.4393 0.0614 -3.154 -0.663 0.051 0.051 0.974 6816.4 4.3383 16.480593 1.629211 17.246677 15.617466 "" "" 1958.12402 2572.33594 4816.25727 2.5692 1724.8 7.408 4489.2 10.73 "" "" 0.002815534992122043 0.005434219 0.004584572 0.01001879 40.19848334239 57.96319731705 2224.06201 -3.154 -0.6630000000000004
40.82963484354 58.51064580804 0.0326 0.0353 22.4213 "" "" 463990612691070464 2029.99939 0.4613 0.0489 0.866 -0.714 0.045 0.044 1.054 7166.4 4.3071 16.485672 1.43203 17.132456 15.700426 "" "" 1839.12 2272.63599 4793.77528 2.1161 1916.2 5.9073 4159.0 6.1745 "" "" 0.00279669302445673 0.004357559 0.0041087633 0.008466322 40.82963484354 58.51064580804 2029.99939 0.866 -0.7139999999999999
40.67799111876 57.83242545068 0.0327 0.0426 20.1289 "" "" 463892545693789568 2308.58911 0.4137 0.0518 0.52 -0.774 0.046 0.061 0.885 9103.9 4.3553 16.48671 1.458712 17.143908 15.685196 "" "" 2073.88086 2520.66919 4789.19786 2.5339 1896.1 11.852 4217.7 11.252 "" "" 0.002814565740521078 0.0073378137 0.004761683 0.012099497 40.67799111876 57.83242545068 2308.58911 0.52 -0.774
40.51588574093 57.87511369948 0.0346 0.0399 17.3494 "" "" 463896363927454336 2368.50635 0.4031 0.0513 3.668 -3.307 0.049 0.055 0.994 7779.8 4.2762 16.49282 1.746169 17.330454 15.584285 "" "" 2128.88403 2731.72852 4762.319 2.4342 1596.7 9.5147 4628.5 10.864 "" "" 0.0028106530531347425 0.007045876 0.004558317 0.011604193 40.51588574093 57.87511369948 2368.50635 3.6680000000000006 -3.3069999999999995
40.31877726077 58.42162428299 0.4283 0.4984 17.4142 "" "" 463974704132244864 2947.82764 0.8555 0.726 -5.781 -14.091 0.544 0.623 13.162 "" "" 16.495953 1.893043 17.017956 15.124913 "" "" 1614.47693 4972.76318 4748.5989 31.539 2129.3 15.632 7066.3 15.5 "" "" 0.007719649919352104 0.00844504 0.004467171 0.012912212 40.31877726077 58.42162428299 2947.82764 -5.781 -14.091000000000001
40.52719364071 58.28572273564 0.0327 0.0354 7.487 "" "" 463958280175652864 2360.38257 0.3994 0.0499 -0.239 -1.221 0.042 0.045 1.001 7651.3 4.3896 16.496708 1.250505 17.044863 15.794357 "" "" 2117.87231 2641.5188 4745.29607 2.0912 2077.2 7.1734 3814.3 11.953 "" "" 0.0027965559031735625 0.004673719 0.0050852834 0.009759002 40.52719364071 58.28572273564 2360.38257 -0.23899999999999982 -1.221
40.62268993441 58.14879285713 0.0316 0.0354 1.8983 "" "" 463953332373438464 2738.16772 0.3282 0.0473 1.056 -0.572 0.042 0.047 1.011 7843.3 4.2979 16.49822 1.645783 17.276247 15.630464 "" "" 2427.81152 3121.47803 4738.69258 2.277 1678.5 9.121 4435.8 10.095 "" "" 0.002804277135172725 0.0065264073 0.004515437 0.011041844 40.62268993441 58.14879285713 2738.16772 1.0559999999999998 -0.572
40.88830285691 58.03961825053 0.0338 0.0422 12.5375 "" "" 463904369746897152 2012.53003 0.4919 0.0487 -1.638 -2.107 0.047 0.06 1.022 6761.4 4.3396 16.498789 1.592487 17.24452 15.652033 "" "" 1824.67676 2248.26978 4736.21667 2.3565 1728.3 7.5982 4348.6 8.2248 "" "" 0.0028077772298172555 0.0055289366 0.0043012435 0.009830181 40.88830285691 58.03961825053 2012.53003 -1.638 -2.107
40.18728198188 58.46277382326 0.0316 0.0343 21.6443 "" "" 463975631843414400 2792.86865 0.3496 0.0488 -1.75 -0.915 0.041 0.041 1.019 9372.4 4.1817 16.499044 1.327277 17.083866 15.756589 "" "" 2416.7019 3283.73608 4735.09857 2.0832 2003.9 8.3402 3949.3 7.6165 "" "" 0.0027964184625524527 0.0053108144 0.0043206736 0.0096314885 40.18728198188 58.46277382326 2792.86865 -1.75 -0.9149999999999999
41.0837590775 58.12899863713 0.0315 0.0399 16.4259 "" "" 463925604065121280 2333.46655 0.4058 0.045 1.473 -0.413 0.044 0.058 0.96 7297.1 4.3946 16.501848 1.44555 17.152649 15.707099 "" "" 2104.65723 2532.24194 4722.886 2.3146 1880.9 9.4307 4133.5 8.0107 "" "" 0.0028062286403913654 0.0061171935 0.004325642 0.010442835 41.0837590775 58.12899863713 2333.46655 1.473 -0.4129999999999999
40.09570243769 58.42175130631 0.0323 0.0335 21.5406 "" "" 463974046995968896 2141.0896 0.4475 0.051 0.147 -1.057 0.043 0.042 1.014 7273.7 4.3387 16.503325 1.3462 17.102423 15.756223 "" "" 1910.37585 2429.16943 4716.46982 2.109 1969.9 7.0385 3950.7 5.9031 "" "" 0.002797765855428229 0.004778545 0.004112855 0.0088914 40.09570243769 58.42175130631 2141.0896 0.14699999999999996 -1.0570000000000002
40.7224860187 58.47565907278 0.0311 0.0334 19.3788 "" "" 463984462296103296 2587.60767 0.3724 0.0464 -1.672 0.512 0.042 0.042 1.054 7479.3 4.3443 16.50413 1.176314 17.008776 15.832461 "" "" 2291.83813 2941.09644 4712.97041 2.1661 2147.4 9.7254 3682.8 11.235 "" "" 0.002800142684476417 0.0056536724 0.0050253887 0.010679061 40.7224860187 58.47565907278 2587.60767 -1.672 0.512
40.33996032548 58.29583761702 0.0334 0.0352 10.7696 "" "" 463968588097176576 2407.23169 0.4044 0.0513 0.308 -0.848 0.042 0.044 0.995 7725.8 4.4124 16.510689 1.3855 17.122938 15.737438 "" "" 2156.13745 2695.63843 4684.58299 2.0414 1933.0 10.608 4019.6 7.1952 "" "" 0.002795647050342643 0.0065792836 0.004249814 0.010829098 40.33996032548 58.29583761702 2407.23169 0.30799999999999994 -0.8479999999999999
40.51908309307 58.18591039243 0.031 0.0378 2.0982 "" "" 463956596548562560 2618.02686 0.3625 0.0496 0.56 -0.702 0.041 0.047 1.001 8075.7 4.3436 16.51196 1.321076 17.097588 15.776511 "" "" 2369.53345 2987.76514 4679.10954 2.2132 1978.7 7.2308 3877.5 9.8397 "" "" 0.002802770380837472 0.0048504747 0.004677061 0.009527536 40.51908309307 58.18591039243 2618.02686 0.56 -0.7020000000000001
40.85978063302 58.01721639838 0.0334 0.0402 12.706 "" "" 463903957431006080 2622.16943 0.3654 0.048 -0.173 -1.21 0.047 0.059 0.949 8033.6 4.4331 16.515259 1.459316 17.178772 15.719456 "" "" 2252.99292 2989.01099 4664.9129 2.4504 1836.1 7.2792 4086.7 8.0413 "" "" 0.00281372582653727 0.0051296027 0.004341409 0.009471012 40.85978063302 58.01721639838 2622.16943 -0.1730000000000001 -1.2099999999999997
39.96631950091 58.03269438449 0.0325 0.0405 20.6455 "" "" 463959895083649408 2774.53906 0.3352 0.0588 0.328 -0.983 0.045 0.053 0.998 8058.8 4.3197 16.51869 1.379101 17.130676 15.751575 "" "" 2380.25244 3245.67407 4650.18808 2.3155 1919.3 11.417 3967.6 8.8188 "" "" 0.0028078582750071025 0.007035454 0.00448415 0.011519603 39.96631950091 58.03269438449 2774.53906 0.328 -0.9829999999999999
39.97701401962 58.28898076678 0.034 0.0336 20.1757 "" "" 463967248067430144 2040.93591 0.474 0.0533 -0.763 -2.481 0.044 0.044 0.98 6759.1 4.0307 16.520853 1.690597 17.326857 15.63626 "" "" 1815.35022 2353.35596 4640.93628 2.08 1602.0 6.7563 4412.2 8.3754 "" "" 0.002797959927722495 0.0053621167 0.004304809 0.009666925 39.97701401962 58.28898076678 2040.93591 -0.763 -2.481
40.88769958005 57.97781137618 0.0344 0.041 15.0197 "" "" 463900761974405888 2088.22217 0.453 0.0492 0.714 3.32 0.05 0.059 0.9 6315.5 4.0954 16.523773 1.79676 17.398605 15.601846 "" "" 1899.14465 2290.55249 4628.47265 2.3193 1499.6 9.5144 4554.3 12.319 "" "" 0.002808520285216786 0.0074322075 0.0047863005 0.012218508 40.88769958005 57.97781137618 2088.22217 0.7139999999999996 3.3199999999999994
40.54733567066 58.12761777892 0.0324 0.0362 2.2254 "" "" 463951992343671168 2743.07764 0.3443 0.0491 -1.618 -0.725 0.042 0.044 1.013 "" "" 16.525349 1.347886 17.122627 15.774741 "" "" 2407.7251 3185.99561 4621.76046 2.0772 1933.6 8.6152 3883.8 8.2258 "" "" 0.0027981969819323538 0.005584503 0.004423994 0.010008497 40.54733567066 58.12761777892 2743.07764 -1.6179999999999999 -0.7250000000000001
40.26175490965 58.47557247223 0.0325 0.0351 21.1115 "" "" 463975803642087936 2808.08203 0.3506 0.0504 -0.485 -0.85 0.043 0.044 1.003 7661.8 4.412 16.52825 1.349062 17.128685 15.779623 "" "" 2483.8916 3371.66064 4609.42542 2.1487 1922.8 7.475 3866.4 12.423 "" "" 0.0028014186783544516 0.0050597177 0.005143312 0.01020303 40.26175490965 58.47557247223 2808.08203 -0.485 -0.8500000000000001
40.6261098859 58.47258479509 0.0326 0.0349 18.6681 "" "" 463996178966899968 2220.08203 0.4492 0.0476 -0.357 -1.11 0.044 0.043 1.019 8045.3 4.2558 16.528463 1.269456 17.08599 15.816535 "" "" 1985.66675 2586.48779 4608.516 2.3672 2000.0 9.6575 3737.2 10.234 "" "" 0.0028111945997147977 0.0059389784 0.004808702 0.01074768 40.6261098859 58.47258479509 2220.08203 -0.3569999999999998 -1.1100000000000003
