Clusters/Biurakan_2/Biurakan_2_stars_in_region.tsv
# %ECSV 1.0
# ---
# datatype:
# - name: RA_ICRS_1
#   unit: deg
#   datatype: float64
#   format: '{:15.11f}'
#   description: Right ascension (ICRS) at Ep=2016.0 (ra)
#   meta: !!omap
#   - {ucd: POS_EQ_RA_MAIN}
#   - {width: 15}
#   - {precision: '11'}
# - name: DE_ICRS_1
#   unit: deg
#   datatype: float64
#   format: '{:15.11f}'
#   description: Declination (ICRS) at Ep=2016.0 (dec)
#   meta: !!omap
#   - {ucd: POS_EQ_DEC_MAIN}
#   - {width: 15}
#   - {precision: '11'}
# - name: e_RA_ICRS
#   unit: mas
#   datatype: float64
#   format: '{:7.4f}'
#   description: Standard error of right ascension (ra_error)
#   meta: !!omap
#   - {ucd: ERROR}
#   - {width: 7}
#   - {precision: '4'}
# - name: e_DE_ICRS
#   unit: mas
#   datatype: float64
#   format: '{:7.4f}'
#   description: Standard error of declination (dec_error)
#   meta: !!omap
#   - {ucd: ERROR}
#   - {width: 7}
#   - {precision: '4'}
# - name: _r_1
#   unit: ''
#   datatype: float64
#   format: '{:7.4f}'
#   description: Distance from center (302.29470694000+35.50180602000)[ICRS], at Epoch=J2016.0
#   meta: !!omap
#   - {ucd: POS_ANG_DIST_GENERAL}
#   - {width: 7}
#   - {precision: '4'}
# - name: HIP
#   datatype: int32
#   description: '? HIP cross-id number, van Leeuwen, Cat. I/311 (hip_original_ext_source_id)'
#   meta: !!omap
#   - {ucd: ID_NUMBER}
#   - {width: 6}
#   - values: {'null': -2147483648}
# - name: TYC2
#   datatype: string
#   description: Tycho-2 cross-id name, Hog et al., Cat. I/259 (tyc2_original_ext_source_id)
#   meta: !!omap
#   - {ucd: ID_CROSSID}
#   - {_votable_string_dtype: char}
# - name: Source
#   datatype: int64
#   description: Source identifier, identical to the Gaia-EDR3 source_id (id)
#   meta: !!omap
#   - {ucd: ID_MAIN}
#   - {width: 19}
# - name: rgeo
#   unit: pc
#   datatype: float64
#   format: '{:15.8f}'
#   description: '? Median of the geometric distance posterior (r_med_geo)'
#   meta: !!omap
#   - {ucd: PHYS_DISTANCE_TRUE}
#   - {width: 15}
#   - {precision: '8'}
#   - values: {'null': .nan}
# - name: Plx
#   unit: mas
#   datatype: float64
#   format: '{:9.4f}'
#   description: '? Parallax (parallax)'
#   meta: !!omap
#   - {ucd: POS_PARLX_TRIG}
#   - {width: 9}
#   - {precision: '4'}
#   - values: {'null': .nan}
# - name: e_Plx
#   unit: mas
#   datatype: float32
#   format: '{:7.4f}'
#   description: '? Standard error of parallax (parallax_error)'
#   meta: !!omap
#   - {ucd: ERROR}
#   - {width: 7}
#   - {precision: '4'}
#   - values: {'null': .nan}
# - name: pmRA
#   unit: mas / yr
#   datatype: float64
#   format: '{:9.3f}'
#   description: '? Proper motion in right ascension direction, pmRA*cosDE (pmra)'
#   meta: !!omap
#   - {ucd: POS_EQ_PMRA}
#   - {width: 9}
#   - {precision: '3'}
#   - values: {'null': .nan}
# - name: pmDE
#   unit: mas / yr
#   datatype: float64
#   format: '{:9.3f}'
#   description: '? Proper motion in declination direction (pmdec)'
#   meta: !!omap
#   - {ucd: POS_EQ_PMDEC}
#   - {width: 9}
#   - {precision: '3'}
#   - values: {'null': .nan}
# - name: e_pmRA
#   unit: mas / yr
#   datatype: float32
#   format: '{:6.3f}'
#   description: '? Standard error of proper motion in right ascension direction (pmra_error)'
#   meta: !!omap
#   - {ucd: ERROR}
#   - {width: 6}
#   - {precision: '3'}
#   - values: {'null': .nan}
# - name: e_pmDE
[...]
#         value: !astropy.table.SerializedColumn {name: SkyCoord.dec}
#       distance: !astropy.table.SerializedColumn
#         __class__: astropy.coordinates.distances.Distance
#         unit: !astropy.units.Unit {unit: pc}
#         value: !astropy.table.SerializedColumn {name: SkyCoord.distance}
#       frame: icrs
#       obstime: !astropy.time.Time {format: jyear_str, in_subfmt: '*', jd1: 367701545.0, jd2: 0.0, out_subfmt: '*', precision: 3, scale: tt}
#       pm_dec: !astropy.table.SerializedColumn
#         __class__: astropy.units.quantity.Quantity
#         unit: !astropy.units.Unit {unit: mas / yr}
#         value: !astropy.table.SerializedColumn {name: SkyCoord.pm_dec}
#       pm_ra_cosdec: !astropy.table.SerializedColumn
#         __class__: astropy.units.quantity.Quantity
#         unit: !astropy.units.Unit {unit: mas / yr}
#         value: !astropy.table.SerializedColumn {name: SkyCoord.pm_ra_cosdec}
#       ra: !astropy.table.SerializedColumn
#         __class__: astropy.coordinates.angles.Longitude
#         unit: *id001
#         value: !astropy.table.SerializedColumn {name: SkyCoord.ra}
#         wrap_angle: !astropy.coordinates.Angle
#           unit: *id001
#           value: 360.0
#       representation_type: spherical
# schema: astropy-2.0
RA_ICRS_1 DE_ICRS_1 e_RA_ICRS e_DE_ICRS _r_1 HIP TYC2 Source rgeo Plx e_Plx pmRA pmDE e_pmRA e_pmDE RUWE Teff logg Gmag BP-RP BPmag RPmag RV e_RV b_rgeo B_rgeo FG e_FG FBP e_FBP FRP e_FRP RAVE5 RAVE6 e_Gmag e_BPmag e_RPmag e_BP-RP SkyCoord.ra SkyCoord.dec SkyCoord.distance SkyCoord.pm_ra_cosdec SkyCoord.pm_dec rmRA rmDE e_rmRA e_rmDE rRV e_rRV v_pec v_pec3d e_vpec e_vpec3d
[from data line 1695]
302.61704636568 35.73343522238 0.0241 0.0308 20.9841 "" "" 2058940736839407744 1678.14575 0.564 0.0335 -2.446 -9.283 0.034 0.041 1.103 6107.9 4.2939 15.972663 1.172853 16.45775 15.284898 "" "" 1583.5271 1779.45886 7689.20858 2.9761 3567.1 8.2223 6098.2 11.577 "" "" 0.0027871823040405887 0.0037481152 0.004304909 0.008053024 302.61704636568 35.73343522238 1678.14575 -2.4459999999999997 -9.283000000000005 0.6909199752807615 -2.391439922332763 0.1326606 0.1396606 "" "" 19.800500846824825 "" 2.7549196125592927 ""
302.6076292923 35.70518199211 0.0244 0.0293 19.5433 "" "" 2058940530699939968 1840.03003 0.5169 0.0324 2.291 -5.04 0.033 0.036 1.068 6013.6 4.2181 15.973122 1.245421 16.505068 15.259647 "" "" 1751.05615 1943.6698 7685.96061 2.8881 3415.0 9.8781 6241.6 11.18 "" "" 0.0027853611425426006 0.0042009717 0.004250399 0.0084513705 302.6076292923 35.70518199211 1840.03003 2.291 -5.039999999999999 5.427919975280762 1.8515600776672363 0.1316606 0.1346606 "" "" 50.01946986052582 "" 6.601393457185982 ""
302.59524952808 35.18476194801 0.0236 0.029 24.0462 "" "" 2058775913180568960 1699.30212 0.565 0.0337 -2.314 -4.32 0.032 0.038 1.074 4763.6 4.1816 15.97329 1.401892 16.602797 15.200905 "" "" 1602.53943 1812.66528 7684.76199 3.5975 3121.0 6.0646 6588.6 9.6694 "" "" 0.002801807999388448 0.0034980178 0.0041015507 0.0075995685 302.59524952808 35.18476194801 1699.30212 -2.3140000000000005 -4.32 0.8229199752807617 2.571560077667236 0.1306606 0.13666059 "" "" 21.747845314778207 "" 2.9601944738788086 ""
302.60702751142 35.18772872906 0.0233 0.0271 24.2644 "" "" 2058776016259768448 1395.43994 0.7 0.0318 0.898 -8.026 0.031 0.035 0.988 4806.8 4.2648 15.976539 1.151557 16.466204 15.314647 "" "" 1335.24426 1462.98511 7661.80661 2.7502 3539.4 11.355 5933.3 7.1725 "" "" 0.0027827458352366516 0.0044629495 0.004000797 0.008463746 302.60702751142 35.18772872906 1395.43994 0.8979999999999992 -8.026 4.034919975280761 -1.1344399223327635 0.12966059 0.1336606 "" "" 27.72329725442493 "" 3.6028587615903627 ""
302.0945518494 35.69536729377 0.0243 0.0291 15.1734 "" "" 2059038765190152576 1472.76514 0.666 0.0322 -14.327 -11.289 0.034 0.039 0.968 5714.4 4.4902 15.977133 1.176463 16.478462 15.301999 "" "" 1404.15454 1536.54565 7657.61837 2.8866 3499.7 7.2389 6002.9 9.7206 "" "" 0.0027855514608643283 0.0035816964 0.0041683116 0.0077500083 302.0945518494 35.69536729377 1472.76514 -14.327000000000005 -11.289000000000003 -11.190080024719238 -4.397439922332763 0.1326606 0.1376606 "" "" 83.93226645909014 "" 11.191555339293085 ""
302.52640518894 35.60343501768 0.0255 0.0296 12.8494 "" "" 2058938331676835328 1808.22522 0.5203 0.0345 -3.023 -6.618 0.035 0.039 1.046 5105.8 3.691 15.977892 1.781843 16.870007 15.088163 "" "" 1711.11902 1913.474 7652.26718 44.18 2440.1 82.895 7309.6 134.83 "" "" 0.006847277103402498 0.036989972 0.020380551 0.05737052 302.52640518894 35.60343501768 1808.22522 -3.023000000000002 -6.618 0.11391997528076159 0.273560077667236 0.1336606 0.1376606 "" "" 2.5398611002664313 "" 0.34815600460696733 ""
302.34266283949 35.49830757133 0.0509 0.0617 2.3519 "" "" 2058842090039188096 1745.00476 0.5648 0.0712 -4.393 -8.405 0.068 0.085 2.194 5707.9 4.4613 15.978069 1.482246 16.622103 15.139856 "" "" 1551.32361 1972.30554 7651.0168 7.0899 3066.0 10.028 6969.7 21.241 "" "" 0.002933265365230142 0.004516145 0.0050232084 0.009539354 302.34266283949 35.49830757133 1745.00476 -4.392999999999998 -8.404999999999998 -1.256080024719238 -1.513439922332763 0.1666606 0.1836606 "" "" 16.26790093054477 "" 2.8781849671885027 ""
302.38039970102 35.27119897143 0.0222 0.0241 14.4574 "" "" 2058821955231905152 1540.93982 0.6196 0.0295 -0.52 -1.243 0.029 0.032 1.021 5255.7 4.3067 15.979008 1.265086 16.530722 15.265636 "" "" 1469.38086 1615.18677 7644.40777 2.5506 3335.2 9.7947 6207.3 9.9406 "" "" 0.002779032779805032 0.00423697 0.0041601607 0.00839713 302.38039970102 35.27119897143 1540.93982 -0.5199999999999997 -1.2429999999999994 2.6169199752807617 5.648560077667236 0.1276606 0.1306606 "" "" 45.47001474239524 "" 5.917263047207949 ""
301.96925466429 35.27964409784 0.0227 0.0268 20.7628 "" "" 2058813360982796032 1549.39819 0.618 0.0308 -1.372 -0.542 0.029 0.034 0.99 5503.6 4.3904 15.979806 1.164953 16.478113 15.31316 "" "" 1481.28906 1627.64465 7638.78391 2.7714 3500.8 8.7859 5941.5 7.1347 "" "" 0.0027833354302511265 0.0038999843 0.003997945 0.007897929 301.96925466429 35.27964409784 1549.39819 -1.3720000000000003 -0.542 1.7649199752807616 6.3495600776672365 0.1276606 0.1326606 "" "" 48.400024203664735 "" 6.403724283824557 ""
302.44411912276 35.09164728937 0.0227 0.0256 25.6742 "" "" 2058815942277467264 1364.64172 0.7027 0.0311 1.445 -0.642 0.031 0.035 1.008 5759.7 4.498 15.980057 1.198868 16.50173 15.302862 "" "" 1311.76843 1429.45764 7637.02416 2.5759 3425.5 9.5314 5998.1 8.9544 "" "" 0.002779550058296818 0.00411239 0.0041122907 0.008224681 302.44411912276 35.09164728937 1364.64172 1.4449999999999998 -0.6420000000000002 4.581919975280762 6.249560077667236 0.12966059 0.1336606 "" "" 50.12531080547383 "" 6.630372529700077 ""
302.65826446036 35.31876470829 0.0983 0.1193 20.8971 "" "" 2058825288118632960 1469.06799 0.7374 0.1346 -4.952 -5.799 0.126 0.142 4.225 "" "" 15.980589 1.462061 16.411026 14.948965 "" "" 1236.3114 1776.13477 7633.28221 16.491 3724.0 46.662 8309.4 117.49 "" "" 0.0036185330190607917 0.013887532 0.01581004 0.029697573 302.65826446036 35.31876470829 1469.06799 -4.9520000000000035 -5.7989999999999995 -1.8150800247192382 1.092560077667236 0.2246606 0.24066061 "" "" 14.752189561895593 "" 3.3786219817781937 ""
301.92529874402 35.53672480116 0.0239 0.0269 18.1614 "" "" 2059030828089842560 1817.70825 0.5206 0.0312 1.737 -2.526 0.031 0.035 0.956 5955.1 4.3045 15.983289 1.147856 16.465294 15.317438 "" "" 1733.47107 1910.40259 7614.32529 2.5391 3542.4 11.572 5918.1 9.3358 "" "" 0.0027790055931227863 0.0045127315 0.0041493652 0.008662097 301.92529874402 35.53672480116 1817.70825 1.737 -2.5260000000000016 4.873919975280762 4.3655600776672365 0.12966059 0.1336606 "" "" 56.375631431851566 "" 7.410926828146261 ""
302.08387709664 35.89756524342 0.0227 0.0272 25.8724 "" "" 2059054978667106048 1930.23706 0.4977 0.0315 -0.38 -4.054 0.034 0.037 0.968 7094.3 4.3552 15.984423 1.201547 16.496746 15.295199 "" "" 1801.56274 2058.62036 7606.37661 2.7652 3441.3 8.873 6040.6 11.695 "" "" 0.002783447812547268 0.0039524613 0.0043246234 0.008277085 302.08387709664 35.89756524342 1930.23706 -0.3799999999999999 -4.054 2.756919975280762 2.837560077667236 0.1326606 0.13566059 "" "" 36.19752154108511 "" 4.858149080882553 ""
302.07500734315 35.34866066627 0.0216 0.0274 14.1356 "" "" 2058837279675439232 1467.15405 0.6535 0.0298 -1.981 -5.341 0.028 0.036 0.955 5329.5 4.451 15.987715 1.166481 16.493078 15.326597 "" "" 1407.05286 1516.56702 7583.3464 2.6237 3452.9 8.235 5868.4 8.7607 "" "" 0.0027808089735684447 0.003806598 0.004112285 0.007918883 302.07500734315 35.34866066627 1467.15405 -1.9809999999999994 -5.341 1.1559199752807616 1.5505600776672361 0.1266606 0.1346606 "" "" 13.449692633581039 "" 1.7734570486343963 ""
302.01752140426 35.28885084658 0.0217 0.0267 18.6295 "" "" 2058813227857663360 1664.9043 0.5735 0.0294 7.432 2.762 0.028 0.034 0.974 5635.6 4.3278 15.988187 1.276674 16.5463 15.269627 "" "" 1582.05518 1737.39819 7580.0507 2.598 3287.7 7.4377 6184.5 7.1578 "" "" 0.002780335953571995 0.0037172788 0.0039828112 0.0077000903 302.01752140426 35.28885084658 1664.9043 7.432 2.762 10.568919975280762 9.653560077667237 0.1266606 0.1326606 "" "" 112.96176938817862 "" 14.619970562602163 ""
302.31474574385 35.66606854921 0.024 0.0269 9.9041 "" "" 2059036222569501440 1915.89343 0.4961 0.032 -2.288 -4.491 0.034 0.038 1.0 7994.5 4.0471 15.991541 1.345006 16.569233 15.224227 "" "" 1813.98999 2023.16211 7556.66975 3.0618 3219.0 10.475 6448.6 13.922 "" "" 0.002790217968312475 0.0045019914 0.004447262 0.008949254 302.31474574385 35.66606854921 1915.89343 -2.2879999999999994 -4.4910000000000005 0.8489199752807619 2.4005600776672367 0.1326606 0.13666059 "" "" 23.123286019297822 "" 3.1498949281923236 ""
302.25702624157 35.64281299019 0.0226 0.0282 8.658 "" "" 2059036050770789248 1642.08752 0.5928 0.0316 -4.711 -5.908 0.032 0.039 0.984 5734.4 4.3937 15.991721 1.183913 16.49756 15.313647 "" "" 1551.89294 1714.40039 7555.41145 3.8344 3438.7 8.9121 5938.8 11.456 "" "" 0.0028098767138578598 0.003962718 0.0043209046 0.008283623 302.25702624157 35.64281299019 1642.08752 -4.711 -5.9079999999999995 -1.5740800247192386 0.983560077667236 0.1306606 0.1376606 "" "" 14.44696814028775 "" 1.9165853134841815 ""
302.40849505755 35.07823190487 0.0251 0.0256 26.0182 "" "" 2058816010996982272 1909.93616 0.5102 0.033 -2.318 -5.284 0.034 0.033 1.036 6344.9 4.1007 15.991919 1.319802 16.576534 15.256732 "" "" 1778.48999 2057.27368 7554.03679 2.7892 3197.4 9.089 6258.4 11.881 "" "" 0.0027843315057372066 0.0041605923 0.0043048984 0.008465491 302.40849505755 35.07823190487 1909.93616 -2.318000000000002 -5.284 0.8189199752807617 1.6075600776672365 0.1326606 0.1316606 "" "" 16.332950238671085 "" 2.153781306921348 ""
302.40643906232 35.47689003527 0.0226 0.0275 5.6595 "" "" 2058843258270234240 1636.70337 0.5949 0.0318 1.287 3.595 0.029 0.034 0.984 5981.1 4.3534 15.992379 1.250142 16.526209 15.276067 "" "" 1563.14441 1726.05896 7550.83865 2.736 3349.1 9.4379 6148.0 14.86 "" "" 0.002783264395978197 0.004140833 0.004601146 0.008741979 302.40643906232 35.47689003527 1636.70337 1.2870000000000001 3.5950000000000015 4.423919975280762 10.486560077667237 0.1276606 0.1326606 "" "" 88.29754027056423 "" 11.6479766237161 ""
302.67373393575 35.50801793416 0.0242 0.0293 18.5169 "" "" 2058924278542785408 1480.60486 0.6676 0.0339 -5.829 -8.695 0.035 0.04 1.091 "" "" 15.994922 1.219008 16.525549 15.306541 "" "" 1418.0376 1555.3418 7533.17627 2.7696 3351.2 7.4397 5977.8 10.072 "" "" 0.00278408512746977 0.003687115 0.004198842 0.007885957 302.67373393575 35.50801793416 1480.60486 -5.829 -8.695 -2.692080024719238 -1.803439922332764 0.1336606 0.1386606 "" "" 22.740801075710717 "" 3.0752196220093633 ""
302.76970601872 35.47238183791 0.0226 0.0279 23.273 "" "" 2058921770281833216 1598.95642 0.6024 0.0312 -7.194 -7.064 0.031 0.038 0.974 5716.1 4.4111 15.995772 1.150721 16.488247 15.337525 "" "" 1502.30005 1692.58936 7527.27647 2.6711 3468.3 9.6451 5809.6 8.5974 "" "" 0.0027821269118278626 0.0041111507 0.004106743 0.008217894 302.76970601872 35.47238183791 1598.95642 -7.1939999999999955 -7.063999999999998 -4.057080024719238 -0.17243992233276373 0.12966059 0.13666059 "" "" 30.77658829802121 "" 3.9909096023212802 ""
302.70535664535 35.61849129076 0.0222 0.0257 21.2315 "" "" 2058927370919078528 1412.5918 0.6864 0.0294 0.841 -4.198 0.03 0.033 1.051 5259.9 4.3476 15.996018 1.204103 16.454731 15.250628 "" "" 1357.27026 1481.57446 7525.57021 2.9517 3577.0 17.535 6293.7 58.825 "" "" 0.0027880347936991043 0.006009448 0.01082892 0.016838368 302.70535664535 35.61849129076 1412.5918 0.841 -4.198 3.977919975280762 2.693560077667236 0.12866059 0.1316606 "" "" 32.16655725485058 "" 4.16914512212986 ""
302.45536454018 35.90483818956 0.0246 0.0285 25.4173 "" "" 2059134182182009984 1341.78711 0.7332 0.0341 -1.968 -3.563 0.036 0.036 0.997 5736.7 4.5766 15.996025 1.176687 16.50353 15.326843 "" "" 1290.80322 1396.1593 7525.52378 2.8421 3419.8 7.7048 5867.1 7.9009 "" "" 0.0027856637868108047 0.0037106266 0.004052341 0.0077629676 302.45536454018 35.90483818956 1341.78711 -1.9680000000000006 -3.5629999999999997 1.1689199752807617 3.328560077667236 0.1346606 0.1346606 "" "" 22.437340502866142 "" 3.0214257707768843 ""
302.57688933453 35.70576996548 0.0224 0.0284 18.4191 "" "" 2058940427620737152 1382.63745 0.6942 0.0311 -0.605 -9.092 0.031 0.035 1.016 4866.8 4.2554 15.997194 1.152985 16.48987 15.336885 "" "" 1338.99719 1438.3927 7517.42043 2.5796 3463.1 6.9967 5813.0 9.5058 "" "" 0.0027803952561601198 0.0035492 0.004175645 0.007724845 302.57688933453 35.70576996548 1382.63745 -0.6049999999999975 -9.091999999999997 2.5319199752807617 -2.200439922332764 0.12966059 0.1336606 "" "" 21.98427876482972 "" 2.888661846481302 ""
301.97349738276 35.81733756054 0.0243 0.0283 24.5686 "" "" 2059052955762258816 1603.73071 0.6029 0.0325 -0.438 -3.751 0.034 0.038 0.977 5729.2 4.4262 15.997948 1.194576 16.512283 15.317707 "" "" 1528.36365 1697.1073 7512.20959 5.0528 3392.4 15.382 5916.6 14.877 "" "" 0.0028504555049682465 0.0056587104 0.0046622735 0.010320984 301.97349738276 35.81733756054 1603.73071 -0.43800000000000006 -3.7509999999999994 2.6989199752807616 3.1405600776672364 0.1326606 0.13666059 "" "" 31.478026097555635 "" 4.248774156162347 ""
302.2445998364 35.27791968914 0.0235 0.0279 13.6549 "" "" 2058833637543051392 1626.0033 0.6032 0.0319 -3.143 -6.446 0.03 0.037 1.011 5504.4 4.4033 15.998252 1.225326 16.52949 15.304164 "" "" 1539.54565 1741.2644 7510.10553 2.7753 3339.0 8.7784 5990.9 9.859 "" "" 0.0027843798365880246 0.003991612 0.0041804574 0.008172069 302.2445998364 35.27791968914 1626.0033 -3.143 -6.446 -0.006080024719238075 0.4455600776672366 0.12866059 0.13566059 "" "" 3.4343651307953516 "" 0.4659036353396922 ""
302.10239802836 35.48835784065 0.0242 0.0331 9.4289 "" "" 2059027666994084608 1811.23193 0.532 0.0339 -2.843 -6.346 0.032 0.046 1.034 5854.4 4.0392 15.998374 1.4676 16.662018 15.194418 "" "" 1698.94629 1907.30945 7509.26066 3.8811 2955.4 7.8526 6628.1 13.345 "" "" 0.0028118824732095743 0.0040133954 0.0043660514 0.008379446 302.10239802836 35.48835784065 1811.23193 -2.843 -6.346 0.29391997528076175 0.5455600776672362 0.1306606 0.14466059 "" "" 5.32024968955451 "" 0.7535170145882961 ""
302.7523206891 35.37581398374 0.0267 0.0335 23.6128 "" "" 2058872738932676352 1873.27856 0.5021 0.0387 -4.876 -8.383 0.035 0.044 1.121 7137.4 4.3361 15.99983 1.257908 16.531445 15.273537 "" "" 1765.48047 2008.27246 7499.19711 3.1823 3333.0 10.98 6162.3 10.319 "" "" 0.0027935757743965508 0.0045363368 0.0041939523 0.008730289 302.7523206891 35.37581398374 1873.27856 -4.876 -8.383 -1.7390800247192386 -1.4914399223327628 0.1336606 0.14266059 "" "" 20.342784626017693 "" 2.798081616397469 ""
302.56434112491 35.26359652263 0.0227 0.0284 19.4487 "" "" 2058823398341212288 1742.2074 0.5524 0.0317 -5.616 -9.874 0.03 0.038 1.022 5225.6 4.346 16.00121 1.281162 16.56346 15.282297 "" "" 1670.60217 1840.8407 7489.67343 2.7177 3236.2 8.7244 6112.8 9.3975 "" "" 0.002783343600451812 0.004043816 0.0041315616 0.008175378 302.56434112491 35.26359652263 1742.2074 -5.615999999999999 -9.873999999999993 -2.479080024719238 -2.9824399223327642 0.12866059 0.13666059 "" "" 32.026793302632655 "" 4.2739645475776475 ""
302.01576711245 35.40187687401 0.0237 0.0277 14.8937 "" "" 2059025463650788224 1573.67126 0.6145 0.0316 -0.421 -5.053 0.03 0.034 1.006 5765.4 4.4894 16.00275 1.101691 16.45437 15.352679 "" "" 1490.03809 1662.03528 7479.05078 3.1083 3578.2 10.378 5729.1 11.759 "" "" 0.0027920244508230865 0.004207289 0.004387464 0.008594753 302.01576711245 35.40187687401 1573.67126 -0.4210000000000007 -5.053 2.715919975280762 1.8385600776672364 0.12866059 0.1326606 "" "" 24.464049106669645 "" 3.1786355652472755 ""
302.68799811948 35.15207910775 0.0235 0.0293 28.4774 "" "" 2058776222418030208 1764.29187 0.5472 0.0331 -6.051 -7.707 0.03 0.039 1.001 5803.0 4.2004 16.003366 1.364623 16.614906 15.250283 "" "" 1647.45483 1854.09399 7474.81609 3.0303 3086.4 10.033 6295.7 9.3409 "" "" 0.002790256112101934 0.0044990918 0.004108373 0.008607465 302.68799811948 35.15207910775 1764.29187 -6.051 -7.707000000000001 -2.9140800247192384 -0.8154399223327635 0.12866059 0.1376606 "" "" 25.305839501542433 "" 3.2729367002855314 ""
