Clusters/Biurakan_2/Biurakan_2_stars_in_region.tsv
# %ECSV 1.0
# ---
# datatype:
# - name: RA_ICRS_1
#   unit: deg
#   datatype: float64
#   format: '{:15.11f}'
#   description: Right ascension (ICRS) at Ep=2016.0 (ra)
#   meta: !!omap
#   - {ucd: POS_EQ_RA_MAIN}
#   - {width: 15}
#   - {precision: '11'}
# - name: DE_ICRS_1
#   unit: deg
#   datatype: float64
#   format: '{:15.11f}'
#   description: Declination (ICRS) at Ep=2016.0 (dec)
#   meta: !!omap
#   - {ucd: POS_EQ_DEC_MAIN}
#   - {width: 15}
#   - {precision: '11'}
# - name: e_RA_ICRS
#   unit: mas
#   datatype: float64
#   format: '{:7.4f}'
#   description: Standard error of right ascension (ra_error)
#   meta: !!omap
#   - {ucd: ERROR}
#   - {width: 7}
#   - {precision: '4'}
# - name: e_DE_ICRS
#   unit: mas
#   datatype: float64
#   format: '{:7.4f}'
#   description: Standard error of declination (dec_error)
#   meta: !!omap
#   - {ucd: ERROR}
#   - {width: 7}
#   - {precision: '4'}
# - name: _r_1
#   unit: ''
#   datatype: float64
#   format: '{:7.4f}'
#   description: Distance from center (302.29470694000+35.50180602000)[ICRS], at Epoch=J2016.0
#   meta: !!omap
#   - {ucd: POS_ANG_DIST_GENERAL}
#   - {width: 7}
#   - {precision: '4'}
# - name: HIP
#   datatype: int32
#   description: '? HIP cross-id number, van Leeuwen, Cat. I/311 (hip_original_ext_source_id)'
#   meta: !!omap
#   - {ucd: ID_NUMBER}
#   - {width: 6}
#   - values: {'null': -2147483648}
# - name: TYC2
#   datatype: string
#   description: Tycho-2 cross-id name, Hog et al., Cat. I/259 (tyc2_original_ext_source_id)
#   meta: !!omap
#   - {ucd: ID_CROSSID}
#   - {_votable_string_dtype: char}
# - name: Source
#   datatype: int64
#   description: Source identifier, identical to the Gaia-EDR3 source_id (id)
#   meta: !!omap
#   - {ucd: ID_MAIN}
#   - {width: 19}
# - name: rgeo
#   unit: pc
#   datatype: float64
#   format: '{:15.8f}'
#   description: '? Median of the geometric distance posterior (r_med_geo)'
#   meta: !!omap
#   - {ucd: PHYS_DISTANCE_TRUE}
#   - {width: 15}
#   - {precision: '8'}
#   - values: {'null': .nan}
# - name: Plx
#   unit: mas
#   datatype: float64
#   format: '{:9.4f}'
#   description: '? Parallax (parallax)'
#   meta: !!omap
#   - {ucd: POS_PARLX_TRIG}
#   - {width: 9}
#   - {precision: '4'}
#   - values: {'null': .nan}
# - name: e_Plx
#   unit: mas
#   datatype: float32
#   format: '{:7.4f}'
#   description: '? Standard error of parallax (parallax_error)'
#   meta: !!omap
#   - {ucd: ERROR}
#   - {width: 7}
#   - {precision: '4'}
#   - values: {'null': .nan}
# - name: pmRA
#   unit: mas / yr
#   datatype: float64
#   format: '{:9.3f}'
#   description: '? Proper motion in right ascension direction, pmRA*cosDE (pmra)'
#   meta: !!omap
#   - {ucd: POS_EQ_PMRA}
#   - {width: 9}
#   - {precision: '3'}
#   - values: {'null': .nan}
# - name: pmDE
#   unit: mas / yr
#   datatype: float64
#   format: '{:9.3f}'
#   description: '? Proper motion in declination direction (pmdec)'
#   meta: !!omap
#   - {ucd: POS_EQ_PMDEC}
#   - {width: 9}
#   - {precision: '3'}
#   - values: {'null': .nan}
# - name: e_pmRA
#   unit: mas / yr
#   datatype: float32
#   format: '{:6.3f}'
#   description: '? Standard error of proper motion in right ascension direction (pmra_error)'
#   meta: !!omap
#   - {ucd: ERROR}
#   - {width: 6}
#   - {precision: '3'}
#   - values: {'null': .nan}
# - name: e_pmDE
[...]
#         value: !astropy.table.SerializedColumn {name: SkyCoord.dec}
#       distance: !astropy.table.SerializedColumn
#         __class__: astropy.coordinates.distances.Distance
#         unit: !astropy.units.Unit {unit: pc}
#         value: !astropy.table.SerializedColumn {name: SkyCoord.distance}
#       frame: icrs
#       obstime: !astropy.time.Time {format: jyear_str, in_subfmt: '*', jd1: 367701545.0, jd2: 0.0, out_subfmt: '*', precision: 3, scale: tt}
#       pm_dec: !astropy.table.SerializedColumn
#         __class__: astropy.units.quantity.Quantity
#         unit: !astropy.units.Unit {unit: mas / yr}
#         value: !astropy.table.SerializedColumn {name: SkyCoord.pm_dec}
#       pm_ra_cosdec: !astropy.table.SerializedColumn
#         __class__: astropy.units.quantity.Quantity
#         unit: !astropy.units.Unit {unit: mas / yr}
#         value: !astropy.table.SerializedColumn {name: SkyCoord.pm_ra_cosdec}
#       ra: !astropy.table.SerializedColumn
#         __class__: astropy.coordinates.angles.Longitude
#         unit: *id001
#         value: !astropy.table.SerializedColumn {name: SkyCoord.ra}
#         wrap_angle: !astropy.coordinates.Angle
#           unit: *id001
#           value: 360.0
#       representation_type: spherical
# schema: astropy-2.0
RA_ICRS_1 DE_ICRS_1 e_RA_ICRS e_DE_ICRS _r_1 HIP TYC2 Source rgeo Plx e_Plx pmRA pmDE e_pmRA e_pmDE RUWE Teff logg Gmag BP-RP BPmag RPmag RV e_RV b_rgeo B_rgeo FG e_FG FBP e_FBP FRP e_FRP RAVE5 RAVE6 e_Gmag e_BPmag e_RPmag e_BP-RP SkyCoord.ra SkyCoord.dec SkyCoord.distance SkyCoord.pm_ra_cosdec SkyCoord.pm_dec rmRA rmDE e_rmRA e_rmDE rRV e_rRV v_pec v_pec3d e_vpec e_vpec3d
[from data line 2366]
302.28333742131 35.60132895584 0.0332 0.0399 5.9971 "" "" 2058847999914397184 1807.37354 0.5442 0.0459 -1.894 5.237 0.045 0.055 1.077 5307.5 4.6014 16.532219 1.274601 17.092901 15.8183 "" "" 1656.12939 2018.81934 4592.60823 2.2081 1987.3 8.0153 3731.1 7.2458 "" "" 0.0028043341337410507 0.0051924163 0.0043277596 0.009520176 302.28333742131 35.60132895584 1807.37354 -1.8939999999999997 5.237 1.2429199752807618 12.128560077667236 0.1436606 0.1536606 "" "" 104.44894854270161 "" 16.03918228891475 ""
302.47762014181 35.20680272318 0.0293 0.0336 19.8347 "" "" 2058823535779717760 1619.06824 0.6005 0.0403 0.411 -3.569 0.039 0.043 0.944 4806.9 4.3481 16.53324 1.421844 17.143074 15.72123 "" "" 1537.7522 1741.45557 4588.29021 2.3695 1897.5 10.417 4080.1 20.655 "" "" 0.0028117918193914446 0.006581262 0.006670397 0.0132516585 302.47762014181 35.20680272318 1619.06824 0.41100000000000025 -3.568999999999999 3.5479199752807618 3.3225600776672364 0.1376606 0.1416606 "" "" 37.30345758232406 "" 5.205466392224052 ""
302.15593226429 35.75081693525 0.0383 0.0511 16.4021 "" "" 2059040517542372864 1706.9989 0.5678 0.0526 -1.126 -0.77 0.056 0.067 1.18 4847.1 4.3772 16.533463 1.316349 17.11554 15.79919 "" "" 1561.42578 1858.28088 4587.34628 2.8464 1946.3 6.691 3797.4 9.3551 "" "" 0.002836484564511297 0.0046601472 0.0046301316 0.009290279 302.15593226429 35.75081693525 1706.9989 -1.126 -0.7700000000000004 2.010919975280762 6.121560077667237 0.1546606 0.16566059 "" "" 52.13460866771503 "" 8.582477430862218 ""
301.71850578628 35.57079623246 0.0292 0.0324 28.4358 "" "" 2059020176569923840 1456.40991 0.672 0.0392 -0.169 -10.595 0.039 0.044 0.987 4890.3 4.429 16.534977 1.27954 17.101131 15.821591 "" "" 1371.36108 1528.297 4580.9504 2.1174 1972.3 6.4468 3719.8 6.7968 "" "" 0.0028006499442723327 0.0045144036 0.004268418 0.008782822 301.71850578628 35.57079623246 1456.40991 -0.16899999999999782 -10.595000000000006 2.9679199752807617 -3.7034399223327643 0.1376606 0.14266059 "" "" 32.763092120662016 "" 4.610631206281503 ""
302.02287102782 35.26377187453 0.2704 0.3428 19.5142 "" "" 2058813124778282752 1756.55811 0.9842 0.3766 -5.013 -1.421 0.351 0.427 9.656 "" "" 16.536854 1.770991 17.111574 15.340583 "" "" 1067.74109 2697.50049 4573.04519 10.386 1953.4 7.769 5793.3 40.575 "" "" 0.003697596241928315 0.0051411586 0.008491671 0.013632829 302.02287102782 35.26377187453 1756.55811 -5.013 -1.421000000000002 -1.8760800247192382 5.470560077667236 0.4496606 0.5256606 "" "" 48.15235426115944 "" 24.95196985897429 ""
302.74044721512 35.71363240859 0.0294 0.0371 25.1858 "" "" 2058933894943666048 1955.3208 0.4811 0.0402 -2.128 -4.875 0.04 0.047 0.997 5693.6 4.5498 16.537193 1.189269 17.045593 15.856324 "" "" 1817.50635 2126.40479 4571.61485 2.2516 2075.8 8.7885 3602.7 5.8405 "" "" 0.0028067312880684756 0.005377306 0.0041691493 0.009546455 302.74044721512 35.71363240859 1955.3208 -2.128 -4.875 1.0089199752807616 2.0165600776672363 0.1386606 0.1456606 "" "" 20.898623002532528 "" 3.015386323761448 ""
301.73805888723 35.47663039144 0.0543 0.0825 27.2361 "" "" 2059018492914173568 1544.88123 0.6616 0.0826 1.542 1.107 0.07 0.115 2.091 "" "" 16.537302 1.32189 16.415298 15.093409 "" "" 1353.31958 1877.05273 4571.15552 4.3969 3709.3 22.386 7274.4 26.654 "" "" 0.0029465998057425515 0.0071218438 0.005487259 0.012609103 301.73805888723 35.47663039144 1544.88123 1.542 1.107 4.6789199752807615 7.9985600776672365 0.1686606 0.2136606 "" "" 67.85662994957147 "" 13.784183814842532 ""
302.0435955455 35.85232079216 0.0352 0.0413 24.3329 "" "" 2059054364511587200 1626.74219 0.6132 0.0485 1.625 -0.198 0.051 0.056 1.157 "" "" 16.537535 1.247735 17.00375 15.756015 "" "" 1508.48303 1816.91357 4570.17137 2.6651 2157.3 23.878 3951.4 14.05 "" "" 0.0028271303399660186 0.012337089 0.005402555 0.017739644 302.0435955455 35.85232079216 1626.74219 1.625000000000001 -0.19800000000000006 4.761919975280762 6.693560077667236 0.14966059 0.1546606 "" "" 63.34078087001582 "" 9.69105218040034 ""
302.59140822911 35.68915522148 0.0355 0.0461 18.3277 "" "" 2058940152742819840 1960.44153 0.4994 0.0504 -2.083 -2.464 0.049 0.054 1.159 5649.4 4.4125 16.538029 1.396469 17.142113 15.745644 "" "" 1776.36633 2213.32642 4568.0968 2.9936 1899.2 10.696 3989.3 9.1659 "" "" 0.002845705529453717 0.0067212037 0.0045284443 0.011249648 302.59140822911 35.68915522148 1960.44153 -2.083 -2.464 1.0539199752807615 4.427560077667236 0.1476606 0.1526606 "" "" 42.29262040501286 "" 6.445253309527272 ""
302.63240595339 35.86223860779 0.0319 0.0347 27.1762 "" "" 2058950701183189632 1619.37988 0.6111 0.0418 -8.587 -14.034 0.044 0.046 0.996 5005.2 4.4185 16.538307 1.264342 17.078135 15.813792 "" "" 1507.31189 1784.42505 4566.92102 2.5631 2014.5 15.14 3746.6 10.363 "" "" 0.002821895829863933 0.008623713 0.004827261 0.013450974 302.63240595339 35.86223860779 1619.37988 -8.587 -14.033999999999995 -5.450080024719238 -7.142439922332764 0.14266059 0.14466059 "" "" 68.96230892586928 "" 9.92559629672175 ""
302.67025618112 35.17665740818 0.0339 0.0395 26.8041 "" "" 2058776424266119040 1859.01038 0.5247 0.0483 1.186 -2.171 0.047 0.053 1.058 5706.5 4.4873 16.539593 1.419728 17.18439 15.764661 "" "" 1684.2229 2026.32056 4561.51885 2.502 1826.7 7.4007 3920.1 8.7485 "" "" 0.0028189435862568044 0.005209041 0.004489416 0.009698456 302.67025618112 35.17665740818 1859.01038 1.1860000000000008 -2.171 4.322919975280762 4.720560077667237 0.1456606 0.15166059 "" "" 56.40273434308272 "" 8.401406312551533 ""
302.20997436962 35.61146411903 0.0311 0.0362 7.7715 "" "" 2059034401502790656 1334.3064 0.7457 0.0418 -0.983 -6.612 0.041 0.051 1.01 4724.5 4.3801 16.5401 1.28279 17.106102 15.823312 "" "" 1252.72717 1443.18445 4559.39086 2.6401 1963.3 7.9612 3713.9 8.2369 "" "" 0.002826135678886572 0.005212346 0.0044813203 0.009693666 302.20997436962 35.61146411903 1334.3064 -0.9830000000000003 -6.612000000000001 2.1539199752807616 0.27956007766723623 0.1396606 0.14966059 "" "" 13.73697223407965 "" 1.9208695305689858 ""
302.65443068953 35.84571416424 0.0309 0.035 27.0776 "" "" 2058950460664974464 1754.35681 0.5548 0.0412 -3.554 -7.079 0.043 0.046 0.984 5403.7 4.4965 16.54025 1.319994 17.12957 15.809576 "" "" 1643.41028 1875.32092 4558.76084 2.1925 1921.3 8.3062 3761.2 12.345 "" "" 0.002804364002289811 0.005460541 0.0051945136 0.010655055 302.65443068953 35.84571416424 1754.35681 -3.5539999999999994 -7.079000000000001 -0.4170800247192381 -0.1874399223327634 0.1416606 0.14466059 "" "" 3.8024398358746674 "" 0.5405895269178124 ""
302.75333553455 35.4090855593 0.0317 0.0401 23.0951 "" "" 2058919846136408448 1784.1156 0.5302 0.0464 -2.209 -7.669 0.042 0.052 0.997 4953.5 4.3763 16.540625 1.602345 17.301321 15.698976 "" "" 1655.76453 2006.70154 4557.18478 2.2571 1640.2 8.5197 4164.6 9.1846 "" "" 0.0028073050926709126 0.00629211 0.0044740653 0.010766175 302.75333553455 35.4090855593 1784.1156 -2.2089999999999983 -7.668999999999995 0.9279199752807616 -0.7774399223327633 0.1406606 0.1506606 "" "" 10.237327219011554 "" 1.4830681539481128 ""
302.38783593062 35.66019316329 0.0307 0.0374 10.5339 "" "" 2058942179967578880 1599.51953 0.6145 0.0443 -6.646 -8.419 0.047 0.045 0.993 4902.7 4.4134 16.541134 1.302057 17.122917 15.82086 "" "" 1500.56921 1722.10876 4555.04936 2.1257 1933.1 8.6223 3722.3 8.1841 "" "" 0.0028015198261173062 0.0055890423 0.004470159 0.010059201 302.38783593062 35.66019316329 1599.51953 -6.645999999999997 -8.419 -3.509080024719238 -1.5274399223327642 0.1456606 0.1436606 "" "" 29.016031184128863 "" 4.217301943177289 ""
301.83573369696 35.64146989125 0.0319 0.0352 23.9156 "" "" 2059044086627236864 1514.45605 0.6455 0.0432 0.14 -3.0 0.043 0.046 1.044 5139.3 4.5766 16.542637 1.26241 17.057882 15.795472 "" "" 1417.50183 1614.85181 4548.74933 2.4355 2052.4 7.0666 3810.4 18.002 "" "" 0.0028159776882716097 0.0046647456 0.006371455 0.0110362 301.83573369696 35.64146989125 1514.45605 0.13999999999999968 -3.0 3.276919975280762 3.8915600776672363 0.1416606 0.14466059 "" "" 36.520579543559165 "" 5.237911581014659 ""
302.53927759969 35.67492831368 0.0331 0.0399 15.8209 "" "" 2058940251496160256 1811.20764 0.5319 0.0467 -3.069 -5.621 0.045 0.048 1.002 5932.5 4.515 16.544607 1.355827 17.107128 15.751301 "" "" 1660.50403 1967.21448 4540.50456 2.6999 1961.4 10.959 3968.6 27.785 "" "" 0.00282994647283692 0.006677269 0.008489171 0.01516644 302.53927759969 35.67492831368 1811.20764 -3.0689999999999977 -5.621 0.06791997528076177 1.2705600776672359 0.1436606 0.1466606 "" "" 10.923490314251262 "" 1.6019531752407914 ""
302.68584670037 35.64876207823 0.0292 0.0356 21.0261 "" "" 2058927645796997760 1395.71912 0.6952 0.04 -1.88 -3.859 0.039 0.045 0.991 5324.2 4.5796 16.544636 1.215285 17.07475 15.859466 "" "" 1313.67432 1477.51953 4540.3851 2.1247 2020.8 6.0198 3592.3 9.2253 "" "" 0.0028017728881325784 0.0042715194 0.0046966034 0.008968122 302.68584670037 35.64876207823 1395.71912 -1.8799999999999997 -3.8590000000000004 1.2569199752807618 3.0325600776672363 0.1376606 0.1436606 "" "" 21.717537017121224 "" 3.1011936764249097 ""
302.53160597581 35.08235785423 0.0296 0.0365 27.7123 "" "" 2058769213031568128 1744.75366 0.5615 0.0413 -5.884 -9.35 0.04 0.045 0.985 5474.0 4.5857 16.545002 1.265257 17.036594 15.771337 "" "" 1616.29944 1886.3783 4538.85509 2.2152 2093.0 17.408 3896.0 47.565 "" "" 0.0028058117451064146 0.0094515635 0.0137836635 0.023235228 302.53160597581 35.08235785423 1744.75366 -5.884 -9.35 -2.7470800247192386 -2.4584399223327633 0.1386606 0.1436606 "" "" 30.487947514302444 "" 4.2959381917514055 ""
301.70427706986 35.4977863516 0.0334 0.0342 28.8417 "" "" 2059019283216675072 1809.13867 0.5299 0.0433 -0.205 -2.115 0.041 0.045 1.001 5174.3 4.4803 16.545233 1.367273 17.15852 15.791246 "" "" 1663.36353 1976.02625 4537.88893 2.3775 1870.7 6.3314 3825.2 12.073 "" "" 0.002813426663604786 0.0046139294 0.0051016174 0.009715547 301.70427706986 35.4977863516 1809.13867 -0.20499999999999996 -2.115 2.9319199752807616 4.776560077667236 0.1396606 0.1436606 "" "" 48.061330233520344 "" 6.852445658313918 ""
302.39393742389 35.72266398903 0.0311 0.0363 14.1078 "" "" 2058942695363706240 1902.2146 0.5102 0.0437 -0.708 -3.174 0.044 0.045 1.004 6123.0 4.4266 16.546295 1.283966 17.106293 15.822327 "" "" 1764.37622 2046.9458 4533.44614 2.216 1962.9 5.6517 3717.3 9.5762 "" "" 0.002805967445579543 0.0041901856 0.004701792 0.008891977 302.39393742389 35.72266398903 1902.2146 -0.7079999999999996 -3.1739999999999995 2.4289199752807615 3.7175600776672364 0.14266059 0.1436606 "" "" 40.039649170130744 "" 5.740170539624878 ""
302.59122661275 35.40773092463 0.0315 0.0392 15.5526 "" "" 2058829651813654912 1522.17944 0.6356 0.0457 1.261 -2.07 0.041 0.047 1.001 4827.6 4.3607 16.546959 1.304213 17.124882 15.820669 "" "" 1432.5592 1630.12292 4530.67818 3.8822 1929.6 7.5487 3723.0 10.338 "" "" 0.002908145659271869 0.005081924 0.004834577 0.009916501 302.59122661275 35.40773092463 1522.17944 1.2610000000000001 -2.0699999999999985 4.397919975280762 4.821560077667236 0.1396606 0.1456606 "" "" 47.086199373621426 "" 6.73176947164981 ""
302.3316242149 35.27331882097 0.031 0.0358 13.8277 "" "" 2058822092670897280 1769.93872 0.5546 0.0415 -4.046 -11.671 0.04 0.046 1.026 5415.5 4.593 16.547308 1.209692 17.074036 15.864344 "" "" 1656.13379 1921.48901 4529.22045 2.1752 2022.1 7.454 3576.2 8.7708 "" "" 0.0028042260441110555 0.004878889 0.0046232385 0.009502128 302.3316242149 35.27331882097 1769.93872 -4.0459999999999985 -11.671000000000001 -0.9090800247192385 -4.779439922332763 0.1386606 0.14466059 "" "" 40.81603946400982 "" 5.89609319472784 ""
302.32133827594 35.2479241048 0.0295 0.0345 15.2885 "" "" 2058821469881712896 1401.11609 0.6968 0.0405 -8.224 -6.756 0.039 0.047 0.997 5402.4 4.5825 16.548353 1.278684 17.110413 15.831729 "" "" 1326.17676 1490.02515 4524.86653 2.1086 1955.5 9.2749 3685.2 8.8187 "" "" 0.00280138909014688 0.0058569363 0.0045863083 0.010443244 302.32133827594 35.2479241048 1401.11609 -8.224 -6.756 -5.0870800247192385 0.1355600776672361 0.1376606 0.1456606 "" "" 33.79676840159988 "" 4.652680602920822 ""
301.73663542807 35.34628718155 0.029 0.0331 28.8372 "" "" 2059004336730286848 1822.73816 0.5376 0.0396 -9.76 -13.786 0.038 0.046 1.014 5497.6 4.5569 16.550468 1.228768 17.08346 15.854691 "" "" 1682.28809 1949.23425 4516.05363 2.1789 2004.6 8.3355 3608.1 7.6414 "" "" 0.002804675135099173 0.0053073065 0.00442392 0.009731227 301.73663542807 35.34628718155 1822.73816 -9.76 -13.786 -6.623080024719238 -6.894439922332763 0.13666059 0.14466059 "" "" 82.59849608552169 "" 11.636296969114472 ""
302.14044572433 35.45997165945 0.0444 0.0703 7.944 "" "" 2058839719210674048 1638.13599 0.5934 0.0598 0.042 -1.419 0.058 0.085 1.042 "" "" 16.551268 "" "" "" "" "" 1501.92993 1813.43787 4512.73709 3.4785 "" "" "" "" "" "" 0.0028796179828073 "" "" "" 302.14044572433 35.45997165945 1638.13599 0.04200000000000004 -1.4190000000000014 3.1789199752807615 5.472560077667236 0.15666059 0.1836606 "" "" 49.14209399988995 "" 8.709797966351186 ""
302.01292214273 35.85697064918 0.0315 0.0403 25.3519 "" "" 2059054605029759104 1614.66589 0.6058 0.0445 -1.016 -0.566 0.044 0.052 1.03 5705.7 4.546 16.55243 1.21419 17.073746 15.859555 "" "" 1501.06348 1700.45569 4507.90483 2.1591 2022.6 7.1584 3592.0 9.4818 "" "" 0.00280396381070921 0.004748786 0.0047431826 0.009491969 302.01292214273 35.85697064918 1614.66589 -1.016 -0.5660000000000003 2.1209199752807617 6.3255600776672365 0.14266059 0.1506606 "" "" 51.061638424373534 "" 7.652685258601938 ""
302.52041679455 35.28490592161 0.0322 0.0386 17.0658 "" "" 2058824394774051584 1581.39172 0.6096 0.0456 -4.633 -8.591 0.044 0.049 0.982 5382.8 4.6512 16.553452 1.222196 17.093262 15.871066 "" "" 1468.28101 1688.37415 4503.66837 2.9604 1986.6 6.8049 3554.1 9.4679 "" "" 0.002846250119701156 0.0046493667 0.00475913 0.009408496 302.52041679455 35.28490592161 1581.39172 -4.633000000000001 -8.591 -1.4960800247192383 -1.699439922332763 0.14266059 0.1476606 "" "" 16.97156893283678 "" 2.469340197254131 ""
302.31251843593 35.33664194481 0.0305 0.0372 9.948 "" "" 2058834324737801984 1818.81213 0.5394 0.0421 -1.113 -6.288 0.041 0.048 0.991 5580.8 4.5436 16.554375 1.386777 17.178802 15.792026 "" "" 1672.68738 2018.43372 4499.84101 2.131 1836.1 10.844 3822.5 12.397 "" "" 0.00280288509996356 0.0069930917 0.005165533 0.012158625 302.31251843593 35.33664194481 1818.81213 -1.1130000000000002 -6.288000000000001 2.0239199752807617 0.6035600776672361 0.1396606 0.1466606 "" "" 18.20789534956291 "" 2.553573161877647 ""
302.09055011738 35.11232942622 0.0298 0.0372 25.4169 "" "" 2058807386701814528 1403.4696 0.6893 0.0415 -7.605 -5.217 0.041 0.051 0.94 4814.5 4.5265 16.554579 1.423377 17.203497 15.78012 "" "" 1340.57166 1487.2428 4498.99345 2.1623 1794.8 7.4918 3864.7 8.1271 "" "" 0.002804298626667624 0.0053220764 0.00441551 0.009737587 302.09055011738 35.11232942622 1403.4696 -7.605 -5.217000000000001 -4.468080024719239 1.6745600776672367 0.1396606 0.14966059 "" "" 31.742618479485063 "" 4.473504387500136 ""
302.21883538485 35.53922483792 0.0334 0.0376 4.3323 "" "" 2058845934016090240 1689.92859 0.5742 0.0445 -3.124 -6.788 0.046 0.054 1.0 4729.2 4.1763 16.554787 1.872216 17.474396 15.60218 "" "" 1566.33545 1836.46179 4498.13428 6.2347 1398.5 10.684 4552.9 17.678 "" "" 0.003139508163070064 0.008751315 0.0056617865 0.014413102 302.21883538485 35.53922483792 1689.92859 -3.1240000000000006 -6.787999999999997 0.012919975280761609 0.10356007766723607 0.14466059 0.1526606 "" "" 0.835974142787587 "" 0.12752045760616743 ""
