Clusters/Biurakan_2/Biurakan_2_stars_in_region.tsv
# %ECSV 1.0
# ---
# datatype:
# - name: RA_ICRS_1
#   unit: deg
#   datatype: float64
#   format: '{:15.11f}'
#   description: Right ascension (ICRS) at Ep=2016.0 (ra)
#   meta: !!omap
#   - {ucd: POS_EQ_RA_MAIN}
#   - {width: 15}
#   - {precision: '11'}
# - name: DE_ICRS_1
#   unit: deg
#   datatype: float64
#   format: '{:15.11f}'
#   description: Declination (ICRS) at Ep=2016.0 (dec)
#   meta: !!omap
#   - {ucd: POS_EQ_DEC_MAIN}
#   - {width: 15}
#   - {precision: '11'}
# - name: e_RA_ICRS
#   unit: mas
#   datatype: float64
#   format: '{:7.4f}'
#   description: Standard error of right ascension (ra_error)
#   meta: !!omap
#   - {ucd: ERROR}
#   - {width: 7}
#   - {precision: '4'}
# - name: e_DE_ICRS
#   unit: mas
#   datatype: float64
#   format: '{:7.4f}'
#   description: Standard error of declination (dec_error)
#   meta: !!omap
#   - {ucd: ERROR}
#   - {width: 7}
#   - {precision: '4'}
# - name: _r_1
#   unit: ''
#   datatype: float64
#   format: '{:7.4f}'
#   description: Distance from center (302.29470694000+35.50180602000)[ICRS], at Epoch=J2016.0
#   meta: !!omap
#   - {ucd: POS_ANG_DIST_GENERAL}
#   - {width: 7}
#   - {precision: '4'}
# - name: HIP
#   datatype: int32
#   description: '? HIP cross-id number, van Leeuwen, Cat. I/311 (hip_original_ext_source_id)'
#   meta: !!omap
#   - {ucd: ID_NUMBER}
#   - {width: 6}
#   - values: {'null': -2147483648}
# - name: TYC2
#   datatype: string
#   description: Tycho-2 cross-id name, Hog et al., Cat. I/259 (tyc2_original_ext_source_id)
#   meta: !!omap
#   - {ucd: ID_CROSSID}
#   - {_votable_string_dtype: char}
# - name: Source
#   datatype: int64
#   description: Source identifier, identical to the Gaia-EDR3 source_id (id)
#   meta: !!omap
#   - {ucd: ID_MAIN}
#   - {width: 19}
# - name: rgeo
#   unit: pc
#   datatype: float64
#   format: '{:15.8f}'
#   description: '? Median of the geometric distance posterior (r_med_geo)'
#   meta: !!omap
#   - {ucd: PHYS_DISTANCE_TRUE}
#   - {width: 15}
#   - {precision: '8'}
#   - values: {'null': .nan}
# - name: Plx
#   unit: mas
#   datatype: float64
#   format: '{:9.4f}'
#   description: '? Parallax (parallax)'
#   meta: !!omap
#   - {ucd: POS_PARLX_TRIG}
#   - {width: 9}
#   - {precision: '4'}
#   - values: {'null': .nan}
# - name: e_Plx
#   unit: mas
#   datatype: float32
#   format: '{:7.4f}'
#   description: '? Standard error of parallax (parallax_error)'
#   meta: !!omap
#   - {ucd: ERROR}
#   - {width: 7}
#   - {precision: '4'}
#   - values: {'null': .nan}
# - name: pmRA
#   unit: mas / yr
#   datatype: float64
#   format: '{:9.3f}'
#   description: '? Proper motion in right ascension direction, pmRA*cosDE (pmra)'
#   meta: !!omap
#   - {ucd: POS_EQ_PMRA}
#   - {width: 9}
#   - {precision: '3'}
#   - values: {'null': .nan}
# - name: pmDE
#   unit: mas / yr
#   datatype: float64
#   format: '{:9.3f}'
#   description: '? Proper motion in declination direction (pmdec)'
#   meta: !!omap
#   - {ucd: POS_EQ_PMDEC}
#   - {width: 9}
#   - {precision: '3'}
#   - values: {'null': .nan}
# - name: e_pmRA
#   unit: mas / yr
#   datatype: float32
#   format: '{:6.3f}'
#   description: '? Standard error of proper motion in right ascension direction (pmra_error)'
#   meta: !!omap
#   - {ucd: ERROR}
#   - {width: 6}
#   - {precision: '3'}
#   - values: {'null': .nan}
# - name: e_pmDE
[...]
#         value: !astropy.table.SerializedColumn {name: SkyCoord.dec}
#       distance: !astropy.table.SerializedColumn
#         __class__: astropy.coordinates.distances.Distance
#         unit: !astropy.units.Unit {unit: pc}
#         value: !astropy.table.SerializedColumn {name: SkyCoord.distance}
#       frame: icrs
#       obstime: !astropy.time.Time {format: jyear_str, in_subfmt: '*', jd1: 367701545.0, jd2: 0.0, out_subfmt: '*', precision: 3, scale: tt}
#       pm_dec: !astropy.table.SerializedColumn
#         __class__: astropy.units.quantity.Quantity
#         unit: !astropy.units.Unit {unit: mas / yr}
#         value: !astropy.table.SerializedColumn {name: SkyCoord.pm_dec}
#       pm_ra_cosdec: !astropy.table.SerializedColumn
#         __class__: astropy.units.quantity.Quantity
#         unit: !astropy.units.Unit {unit: mas / yr}
#         value: !astropy.table.SerializedColumn {name: SkyCoord.pm_ra_cosdec}
#       ra: !astropy.table.SerializedColumn
#         __class__: astropy.coordinates.angles.Longitude
#         unit: *id001
#         value: !astropy.table.SerializedColumn {name: SkyCoord.ra}
#         wrap_angle: !astropy.coordinates.Angle
#           unit: *id001
#           value: 360.0
#       representation_type: spherical
# schema: astropy-2.0
RA_ICRS_1 DE_ICRS_1 e_RA_ICRS e_DE_ICRS _r_1 HIP TYC2 Source rgeo Plx e_Plx pmRA pmDE e_pmRA e_pmDE RUWE Teff logg Gmag BP-RP BPmag RPmag RV e_RV b_rgeo B_rgeo FG e_FG FBP e_FBP FRP e_FRP RAVE5 RAVE6 e_Gmag e_BPmag e_RPmag e_BP-RP SkyCoord.ra SkyCoord.dec SkyCoord.distance SkyCoord.pm_ra_cosdec SkyCoord.pm_dec rmRA rmDE e_rmRA e_rmDE rRV e_rRV v_pec v_pec3d e_vpec e_vpec3d
[from data line 1218]
302.7127356351 35.71478223915 0.0183 0.0212 24.0649 "" "" 2058945615942038656 1478.53467 0.6541 0.0243 -3.464 0.295 0.026 0.028 1.045 5079.8 3.7937 15.489828 1.26338 16.04919 14.78581 "" "" 1429.12939 1529.87671 11995.41857 3.0752 5196.9 10.844 9656.8 7.6219 "" "" 0.0027693437733796204 0.0035941154 0.0038753175 0.007469433 302.7127356351 35.71478223915 1478.53467 -3.4639999999999995 0.2949999999999995 -0.32708002471923825 7.186560077667236 0.124660596 0.1266606 "" "" 50.41737735298427 "" 6.3856884849047 ""
302.6090713122 35.57838837469 0.019 0.0249 16.0211 "" "" 2058925652932456832 1685.90149 0.5678 0.027 -0.403 -3.629 0.026 0.032 0.984 8494.8 4.4074 15.489903 1.135518 15.969404 14.833886 "" "" 1621.79761 1748.94897 11994.59213 14.295 5593.1 27.354 9238.5 28.518 "" "" 0.003044033225704405 0.0059984075 0.005051378 0.011049786 302.6090713122 35.57838837469 1685.90149 -0.4029999999999998 -3.6289999999999996 2.7339199752807617 3.2625600776672363 0.124660596 0.1306606 "" "" 34.01520203744178 "" 4.3614119278914965 ""
302.47563626681 35.31093855592 0.0192 0.0214 14.472 "" "" 2058827379756866176 1771.40735 0.5421 0.0261 -5.053 -4.84 0.025 0.028 1.076 6702.5 4.2885 15.490016 1.125349 15.956199 14.83085 "" "" 1689.73657 1859.33459 11993.34238 3.8238 5661.6 11.01 9264.4 11.106 "" "" 0.002776979916494706 0.0034990138 0.0039972225 0.0074962364 302.47563626681 35.31093855592 1771.40735 -5.052999999999997 -4.84 -1.9160800247192382 2.0515600776672365 0.123660594 0.1266606 "" "" 23.570407793023225 "" 2.9527087303321835 ""
302.43813564525 35.91451296626 0.0188 0.0222 25.7295 "" "" 2059134250901525632 1546.3606 0.6295 0.0264 -5.373 -3.743 0.026 0.028 0.979 6757.2 4.2443 15.490327 1.272921 16.044043 14.771122 "" "" 1484.53699 1597.07312 11989.91177 3.5805 5221.6 10.229 9788.4 10.448 "" "" 0.0027743312533992873 0.0035084034 0.0039530713 0.0074614747 302.43813564525 35.91451296626 1546.3606 -5.373000000000001 -3.743 -2.2360800247192385 3.1485600776672364 0.124660596 0.1266606 "" "" 28.306011584821714 "" 3.566376170526211 ""
302.31948725058 35.3642070975 0.0185 0.0212 8.3443 "" "" 2058840268972548352 1755.24036 0.5516 0.0254 1.841 -2.558 0.025 0.029 0.945 7338.9 4.1151 15.490521 1.281468 16.04725 14.765782 "" "" 1688.75061 1830.76489 11987.76358 3.5276 5206.2 9.2455 9836.6 11.797 "" "" 0.002773782095972347 0.0033915616 0.0039974046 0.007388966 302.31948725058 35.3642070975 1755.24036 1.8409999999999997 -2.558 4.977919975280762 4.3335600776672365 0.123660594 0.1276606 "" "" 54.91058029838526 "" 6.885828605290977 ""
302.38214037709 35.17248868411 0.018 0.0194 20.2172 "" "" 2058817351026888960 1904.77295 0.497 0.0238 -0.554 -2.851 0.025 0.025 0.971 6716.1 4.1917 15.490725 1.235585 16.028801 14.793216 "" "" 1832.1322 1973.11194 11985.522 3.2089 5295.4 8.4122 9591.2 9.6633 "" "" 0.002770611399996606 0.0032802338 0.0039345063 0.00721474 302.38214037709 35.17248868411 1904.77295 -0.554 -2.851 2.5829199752807614 4.040560077667236 0.123660594 0.123660594 "" "" 43.29750063522092 "" 5.354194657005695 ""
302.40580729497 35.77974516962 0.0183 0.0208 17.5342 "" "" 2059130952366533504 1470.86914 0.658 0.025 0.711 -5.158 0.025 0.026 0.942 5842.0 4.0821 15.49303 1.045315 15.926559 14.881245 "" "" 1418.40027 1520.52393 11960.10232 3.3301 5818.3 10.445 8844.2 13.982 "" "" 0.002771854666714348 0.0034035398 0.004150901 0.0075544408 302.40580729497 35.77974516962 1470.86914 0.7110000000000003 -5.158 3.8479199752807616 1.733560077667236 0.123660594 0.124660596 "" "" 29.42424252340852 "" 3.6436005087270407 ""
302.55329473154 35.45612102534 0.0178 0.0208 12.9284 "" "" 2058830751325344128 1740.62463 0.5439 0.024 -3.525 -4.513 0.024 0.026 0.987 6696.2 4.2605 15.495557 1.048575 15.933801 14.885225 "" "" 1670.31165 1811.69873 11932.29779 3.0951 5779.6 8.7609 8811.9 12.447 "" "" 0.0027696756839906385 0.0032393953 0.0040786928 0.007318088 302.55329473154 35.45612102534 1740.62463 -3.5249999999999986 -4.513 -0.3880800247192382 2.3785600776672364 0.12266059 0.124660596 "" "" 19.8839440862579 "" 2.4777211984448293 ""
301.83402087714 35.32367974752 0.0521 0.0567 24.9341 "" "" 2059001931548436480 1396.24475 0.7056 0.0687 6.74 5.14 0.067 0.073 3.372 "" "" 15.497358 1.325268 15.993691 14.668424 "" "" 1264.33057 1556.48572 11912.518 7.2579 5469.4 10.834 10759.0 10.837 "" "" 0.0028336152573729813 0.003522843 0.003934426 0.0074572684 301.83402087714 35.32367974752 1396.24475 6.74 5.14 9.876919975280762 12.031560077667237 0.16566059 0.1716606 "" "" 103.02137534681745 "" 17.4384906465785 ""
302.55602627906 35.3946522234 0.0185 0.0211 14.2997 "" "" 2058829548734460672 1598.54321 0.6027 0.0248 0.279 -4.196 0.025 0.026 0.98 6316.3 4.3159 15.498535 1.044052 15.930047 14.885995 "" "" 1533.96655 1647.60254 11899.61312 3.4613 5799.6 14.56 8805.6 9.4896 "" "" 0.0027733603400119824 0.0039006176 0.003956362 0.00785698 302.55602627906 35.3946522234 1598.54321 0.279000000000001 -4.195999999999996 3.4159199752807616 2.6955600776672366 0.123660594 0.124660596 "" "" 32.970858457311415 "" 4.089879812225538 ""
302.24851586398 35.27619417073 0.0177 0.0213 13.724 "" "" 2058833637543047168 1365.22473 0.7073 0.0243 -3.408 -9.196 0.023 0.029 1.035 6258.3 4.4297 15.499793 1.051219 15.940019 14.8888 "" "" 1325.80969 1401.35205 11885.83286 3.4763 5746.6 7.8247 8782.9 8.8084 "" "" 0.002773558603064633 0.0031576264 0.0039331163 0.0070907427 302.24851586398 35.27619417073 1365.22473 -3.4080000000000004 -9.196 -0.2710800247192382 -2.3044399223327634 0.1216606 0.1276606 "" "" 15.015233812380867 "" 1.9156526684414528 ""
301.96767873379 35.60730053617 0.0187 0.0217 17.1726 "" "" 2059032580436821248 1497.59961 0.6416 0.0255 5.636 -1.355 0.025 0.029 1.049 6042.2 4.2492 15.501579 1.092623 15.954706 14.862083 "" "" 1428.24854 1562.90015 11866.29547 3.3096 5669.4 10.742 9001.7 11.701 "" "" 0.0027719107860873548 0.00346656 0.004034294 0.007500854 301.96767873379 35.60730053617 1497.59961 5.636 -1.355 8.772919975280761 5.536560077667236 0.123660594 0.1276606 "" "" 73.6403351539017 "" 9.191271338834083 ""
302.28520428079 35.76775947582 0.0192 0.0227 15.9639 "" "" 2059131570842866560 1709.91296 0.5591 0.0265 -4.773 -8.026 0.029 0.033 0.978 6687.9 4.0458 15.503371 1.282687 16.060638 14.777951 "" "" 1640.62195 1786.10718 11846.72797 3.7025 5142.3 13.104 9727.0 8.5835 "" "" 0.0027761364436858105 0.0039293747 0.003898933 0.007828308 302.28520428079 35.76775947582 1709.91296 -4.773 -8.026 -1.636080024719238 -1.1344399223327635 0.1276606 0.1316606 "" "" 16.13627845325561 "" 2.081143233685898 ""
302.12576655834 35.46476449232 0.0184 0.0231 8.5479 "" "" 2059027392116148608 1797.86523 0.5323 0.0258 -8.529 -5.094 0.023 0.03 1.007 5517.7 3.5164 15.506152 1.466189 16.178335 14.712146 "" "" 1712.57312 1867.76135 11816.41896 4.2528 4614.1 8.0784 10335.0 10.919 "" "" 0.002782891498050329 0.00337617 0.003949625 0.007325795 302.12576655834 35.46476449232 1797.86523 -8.529000000000002 -5.093999999999999 -5.392080024719238 1.797560077667236 0.1216606 0.12866059 "" "" 48.43679334201714 "" 5.927634678086277 ""
302.48308545795 35.6445347459 0.0219 0.0257 12.564 "" "" 2058938675274253568 1568.95361 0.6072 0.0304 -1.691 2.715 0.031 0.034 1.185 5696.4 4.2329 15.508135 1.339063 16.098495 14.759433 "" "" 1493.87781 1641.56934 11794.86379 3.6241 4966.1 8.9151 9894.3 15.514 "" "" 0.0027754425199577716 0.0034035356 0.0041451068 0.0075486423 302.48308545795 35.6445347459 1568.95361 -1.6909999999999992 2.714999999999998 1.4459199752807617 9.606560077667236 0.12966059 0.1326606 "" "" 72.24716248209816 "" 9.579603473183182 ""
302.56954018227 35.16810038184 0.0182 0.0222 24.1217 "" "" 2058775569583205248 1564.98657 0.619 0.0254 -5.27 -11.273 0.024 0.028 1.02 5669.0 4.0991 15.509341 1.217918 16.036392 14.818474 "" "" 1501.06543 1623.37964 11781.76498 3.0959 5258.5 10.902 9370.6 15.638 "" "" 0.0027700514712897884 0.003584953 0.0041912724 0.0077762255 302.56954018227 35.16810038184 1564.98657 -5.27 -11.273000000000001 -2.133080024719238 -4.381439922332763 0.12266059 0.1266606 "" "" 36.148789189731694 "" 4.551278052568758 ""
302.78837004694 35.72249776522 0.0183 0.0215 27.4807 "" "" 2058934036709106688 1741.37292 0.5408 0.0241 -0.379 -3.33 0.025 0.029 1.065 7440.7 4.2442 15.510008 1.065725 15.950909 14.885183 "" "" 1657.34668 1828.89294 11774.5322 2.8972 5689.2 10.522 8812.2 8.6291 "" "" 0.00276824128697802 0.0034376234 0.003926076 0.0073636994 302.78837004694 35.72249776522 1741.37292 -0.37900000000000034 -3.3299999999999996 2.7579199752807617 3.5615600776672363 0.123660594 0.1276606 "" "" 37.180914206158974 "" 4.691340430138552 ""
302.66102119976 35.60666715207 0.0188 0.0219 18.9558 "" "" 2058927233480407680 1896.12305 0.5015 0.0251 -1.524 -2.667 0.026 0.028 0.928 5967.1 3.8147 15.511288 1.335017 16.1028 14.767783 "" "" 1805.37732 1976.1239 11760.65705 3.4116 4946.5 11.778 9818.5 9.6173 "" "" 0.002773262900511996 0.0038037377 0.0039261603 0.007729898 302.66102119976 35.60666715207 1896.12305 -1.5239999999999996 -2.666999999999998 1.6129199752807617 4.2245600776672365 0.124660596 0.1266606 "" "" 40.64196747165818 "" 5.137466184869402 ""
302.77512104446 35.45207455146 0.0181 0.0229 23.6624 "" "" 2058921598483109888 1476.99036 0.6475 0.0257 -5.01 -4.536 0.026 0.031 1.022 5741.5 4.1547 15.512243 1.204065 16.027903 14.823837 "" "" 1429.99609 1527.13025 11750.31499 3.5259 5299.8 10.262 9324.5 9.8836 "" "" 0.0027745147251608637 0.003493531 0.0039507155 0.0074442467 302.77512104446 35.45207455146 1476.99036 -5.01 -4.536 -1.873080024719238 2.3555600776672367 0.124660596 0.12966059 "" "" 21.069313898649984 "" 2.691541134202211 ""
301.85185803437 35.63135932195 0.0194 0.0221 22.9691 "" "" 2059044056589544320 1796.92664 0.5314 0.0268 -3.523 -6.981 0.026 0.028 0.982 5331.9 3.6733 15.513263 1.460141 16.180319 14.720178 "" "" 1723.625 1896.09448 11739.28881 19.402 4605.6 25.904 10259.0 48.959 "" "" 0.0032881309714256186 0.0067139063 0.006413362 0.013127268 301.85185803437 35.63135932195 1796.92664 -3.5230000000000006 -6.981000000000001 -0.3860800247192384 -0.08943992233276354 0.124660596 0.1266606 "" "" 3.3754970444548835 "" 0.4211379433125113 ""
302.13369237785 35.63023212721 0.0187 0.0222 11.0061 "" "" 2059035432295004160 1734.04614 0.5528 0.0251 -2.694 -3.154 0.024 0.029 1.005 6201.1 4.207 15.513749 1.102407 15.97851 14.876102 "" "" 1655.48547 1814.26074 11734.02567 3.4104 5546.4 9.2587 8886.2 11.3 "" "" 0.0027733315361103523 0.0033271578 0.0040236735 0.0073508313 302.13369237785 35.63023212721 1734.04614 -2.694 -3.154 0.44291997528076177 3.7375600776672364 0.12266059 0.1276606 "" "" 30.93538017721986 "" 3.9471285369315723 ""
301.84666312086 35.75751743837 0.0194 0.0224 26.6988 "" "" 2059049451068562432 1681.62683 0.5693 0.0263 -1.004 -7.078 0.027 0.031 1.036 6280.1 4.2867 15.517584 1.034294 15.942603 14.908309 "" "" 1597.58569 1763.87305 11692.66106 3.143 5732.9 12.666 8626.5 12.062 "" "" 0.002770733496180811 0.003679561 0.0040728915 0.0077524525 301.84666312086 35.75751743837 1681.62683 -1.0040000000000013 -7.078000000000003 2.1329199752807617 -0.18643992233276396 0.1256606 0.12966059 "" "" 17.066142382770206 "" 2.145067464025746 ""
302.39313684577 35.36455948858 0.0181 0.021 9.5377 "" "" 2058828724100855296 1610.24902 0.5928 0.025 -3.319 -1.202 0.024 0.027 0.928 5328.3 4.171 15.518132 1.219203 16.047123 14.82792 "" "" 1554.46301 1676.06641 11686.74845 3.0142 5206.8 8.7446 9289.5 9.9611 "" "" 0.002769513589559925 0.0033331683 0.003954638 0.007287806 302.39313684577 35.36455948858 1610.24902 -3.319 -1.2020000000000004 -0.18208002471923823 5.689560077667236 0.12266059 0.1256606 "" "" 43.448256354502576 "" 5.459602120521602 ""
301.77421656717 35.57868826385 0.0183 0.0209 25.8269 "" "" 2059043438113911936 1783.75757 0.5352 0.0247 -3.044 -6.321 0.024 0.027 1.049 5315.2 4.1522 15.52088 1.336951 16.094893 14.757941 "" "" 1713.50964 1852.66858 11657.21317 11.646 4982.6 25.851 9907.9 30.407 "" "" 0.0029611392589822217 0.0062862225 0.0050385045 0.011324727 301.77421656717 35.57868826385 1783.75757 -3.044 -6.321 0.09291997528076168 0.5705600776672366 0.12266059 0.1256606 "" "" 4.887646638858199 "" 0.6138101576379529 ""
302.49025755784 35.84957332694 0.0202 0.0237 22.9398 "" "" 2059132979591041664 1895.23193 0.4919 0.0279 -4.249 -4.511 0.028 0.029 1.096 5304.0 4.1266 15.523381 1.481037 16.163246 14.682209 "" "" 1767.4812 2037.22681 11630.38861 4.2549 4678.6 19.19 10624.0 71.285 "" "" 0.0027838039860849126 0.0052551934 0.008207078 0.013462272 302.49025755784 35.84957332694 1895.23193 -4.249 -4.511 -1.112080024719238 2.380560077667236 0.1266606 0.1276606 "" "" 23.603936516427634 "" 3.009078026057925 ""
302.37167238365 35.93273287285 0.0191 0.0229 26.126 "" "" 2059137411997588480 1345.48523 0.7202 0.0272 -3.929 -10.612 0.027 0.029 0.935 5546.6 4.3077 15.52341 1.145396 16.0118 14.866405 "" "" 1296.32666 1408.47473 11630.08369 3.547 5378.9 10.017 8965.9 9.9883 "" "" 0.0027751465840546857 0.0034457648 0.0039682146 0.0074139796 302.37167238365 35.93273287285 1345.48523 -3.929000000000001 -10.612 -0.7920800247192381 -3.7204399223327638 0.1256606 0.1276606 "" "" 24.259256972052054 "" 3.0948633252139457 ""
302.13900946521 35.16280442599 0.0181 0.0227 21.721 "" "" 2058807936457615872 1759.34155 0.5449 0.0255 2.419 -2.116 0.025 0.031 1.025 5640.9 3.9721 15.523569 1.261886 16.078527 14.816642 "" "" 1680.96277 1894.71387 11628.37273 7.3333 5058.3 14.124 9386.5 18.344 "" "" 0.002839121901479078 0.00412018 0.004334279 0.008454459 302.13900946521 35.16280442599 1759.34155 2.419 -2.116 5.555919975280762 4.775560077667237 0.123660594 0.12966059 "" "" 61.09580274790798 "" 7.713028376805237 ""
302.40861012402 35.27599585888 0.0181 0.02 14.6495 "" "" 2058827109192638464 1335.69983 0.7158 0.0241 4.797 -2.503 0.023 0.025 0.973 5778.2 4.1244 15.524878 1.18872 16.037682 14.848962 "" "" 1292.71838 1375.87195 11614.37151 3.4832 5252.2 9.2672 9111.2 9.6171 "" "" 0.0027744937925907004 0.003384527 0.0039493153 0.007333842 302.40861012402 35.27599585888 1335.69983 4.797 -2.503 7.933919975280761 4.388560077667236 0.1216606 0.123660594 "" "" 57.40376954886488 "" 7.010842763694444 ""
302.43982373154 35.15360986114 0.0183 0.0206 22.0664 "" "" 2058817419746286208 1776.80627 0.5357 0.0247 2.119 -6.349 0.026 0.028 1.012 5272.7 4.1495 15.524878 1.285539 16.08806 14.802522 "" "" 1699.55896 1861.35999 11614.37534 3.1861 5014.1 13.414 9509.3 11.393 "" "" 0.0027713715095878506 0.004027639 0.003996978 0.008024617 302.43982373154 35.15360986114 1776.80627 2.119 -6.349 5.2559199752807615 0.5425600776672361 0.124660596 0.1266606 "" "" 44.5009071536781 "" 5.548455480732356 ""
302.56837583744 35.89786271733 0.0197 0.0223 27.249 "" "" 2058951491457298176 1358.55408 0.714 0.0268 -3.581 -1.315 0.027 0.028 0.999 5848.6 4.2905 15.527432 1.135943 16.010822 14.874879 "" "" 1314.92261 1416.82617 11587.07686 3.3254 5383.8 9.8349 8896.2 7.6925 "" "" 0.00277288343994834 0.0034232782 0.0038942432 0.0073175216 302.56837583744 35.89786271733 1358.55408 -3.581 -1.315 -0.44408002471923824 5.576560077667237 0.1256606 0.1266606 "" "" 36.024199760871944 "" 4.562620650565313 ""
302.45235088959 35.77105935635 0.0185 0.0222 17.8909 "" "" 2058944653868640768 1886.73999 0.5 0.0259 -2.833 -6.113 0.026 0.027 0.936 6448.4 3.9438 15.527813 1.362714 16.136093 14.773379 "" "" 1809.30859 1961.2113 11583.01492 3.3352 4797.1 9.4093 9768.0 8.8981 "" "" 0.0027729991330986106 0.0035100349 0.003906653 0.007416688 302.45235088959 35.77105935635 1886.73999 -2.833 -6.113000000000005 0.30391997528076153 0.7785600776672359 0.124660596 0.1256606 "" "" 7.474476776238182 "" 0.9382622702077452 ""
