Clusters/UBC_549/UBC_549_stars_in_region.tsv
# %ECSV 1.0
# ---
# datatype:
# - name: RA_ICRS_1
#   unit: deg
#   datatype: float64
#   format: '{:15.11f}'
#   description: Right ascension (ICRS) at Ep=2016.0 (ra)
#   meta: !!omap
#   - {ucd: POS_EQ_RA_MAIN}
#   - {width: 15}
#   - {precision: '11'}
# - name: DE_ICRS_1
#   unit: deg
#   datatype: float64
#   format: '{:15.11f}'
#   description: Declination (ICRS) at Ep=2016.0 (dec)
#   meta: !!omap
#   - {ucd: POS_EQ_DEC_MAIN}
#   - {width: 15}
#   - {precision: '11'}
# - name: e_RA_ICRS
#   unit: mas
#   datatype: float64
#   format: '{:7.4f}'
#   description: Standard error of right ascension (ra_error)
#   meta: !!omap
#   - {ucd: ERROR}
#   - {width: 7}
#   - {precision: '4'}
# - name: e_DE_ICRS
#   unit: mas
#   datatype: float64
#   format: '{:7.4f}'
#   description: Standard error of declination (dec_error)
#   meta: !!omap
#   - {ucd: ERROR}
#   - {width: 7}
#   - {precision: '4'}
# - name: _r_1
#   unit: ''
#   datatype: float64
#   format: '{:7.4f}'
#   description: Distance from center (252.15831075000-46.91889551000)[ICRS], at Epoch=J2016.0
#   meta: !!omap
#   - {ucd: POS_ANG_DIST_GENERAL}
#   - {width: 7}
#   - {precision: '4'}
# - name: HIP
#   datatype: int32
#   description: '? HIP cross-id number, van Leeuwen, Cat. I/311 (hip_original_ext_source_id)'
#   meta: !!omap
#   - {ucd: ID_NUMBER}
#   - {width: 6}
#   - values: {'null': -2147483648}
# - name: TYC2
#   datatype: string
#   description: Tycho-2 cross-id name, Hog et al., Cat. I/259 (tyc2_original_ext_source_id)
#   meta: !!omap
#   - {ucd: ID_CROSSID}
#   - {_votable_string_dtype: char}
# - name: Source
#   datatype: int64
#   description: Source identifier, identical to the Gaia-EDR3 source_id (id)
#   meta: !!omap
#   - {ucd: ID_MAIN}
#   - {width: 19}
# - name: rgeo
#   unit: pc
#   datatype: float64
#   format: '{:15.8f}'
#   description: '? Median of the geometric distance posterior (r_med_geo)'
#   meta: !!omap
#   - {ucd: PHYS_DISTANCE_TRUE}
#   - {width: 15}
#   - {precision: '8'}
#   - values: {'null': .nan}
# - name: Plx
#   unit: mas
#   datatype: float64
#   format: '{:9.4f}'
#   description: '? Parallax (parallax)'
#   meta: !!omap
#   - {ucd: POS_PARLX_TRIG}
#   - {width: 9}
#   - {precision: '4'}
#   - values: {'null': .nan}
# - name: e_Plx
#   unit: mas
#   datatype: float32
#   format: '{:7.4f}'
#   description: '? Standard error of parallax (parallax_error)'
#   meta: !!omap
#   - {ucd: ERROR}
#   - {width: 7}
#   - {precision: '4'}
#   - values: {'null': .nan}
# - name: pmRA
#   unit: mas / yr
#   datatype: float64
#   format: '{:9.3f}'
#   description: '? Proper motion in right ascension direction, pmRA*cosDE (pmra)'
#   meta: !!omap
#   - {ucd: POS_EQ_PMRA}
#   - {width: 9}
#   - {precision: '3'}
#   - values: {'null': .nan}
# - name: pmDE
#   unit: mas / yr
#   datatype: float64
#   format: '{:9.3f}'
#   description: '? Proper motion in declination direction (pmdec)'
#   meta: !!omap
#   - {ucd: POS_EQ_PMDEC}
#   - {width: 9}
#   - {precision: '3'}
#   - values: {'null': .nan}
# - name: e_pmRA
#   unit: mas / yr
#   datatype: float32
#   format: '{:6.3f}'
#   description: '? Standard error of proper motion in right ascension direction (pmra_error)'
#   meta: !!omap
#   - {ucd: ERROR}
#   - {width: 6}
#   - {precision: '3'}
#   - values: {'null': .nan}
# - name: e_pmDE
[...]
#         unit: &id001 !astropy.units.Unit {unit: deg}
#         value: !astropy.table.SerializedColumn {name: SkyCoord.dec}
#       distance: !astropy.table.SerializedColumn
#         __class__: astropy.coordinates.distances.Distance
#         unit: !astropy.units.Unit {unit: pc}
#         value: !astropy.table.SerializedColumn {name: SkyCoord.distance}
#       frame: icrs
#       obstime: !astropy.time.Time {format: jyear_str, in_subfmt: '*', jd1: 367701545.0, jd2: 0.0, out_subfmt: '*', precision: 3, scale: tt}
#       pm_dec: !astropy.table.SerializedColumn
#         __class__: astropy.units.quantity.Quantity
#         unit: !astropy.units.Unit {unit: mas / yr}
#         value: !astropy.table.SerializedColumn {name: SkyCoord.pm_dec}
#       pm_ra_cosdec: !astropy.table.SerializedColumn
#         __class__: astropy.units.quantity.Quantity
#         unit: !astropy.units.Unit {unit: mas / yr}
#         value: !astropy.table.SerializedColumn {name: SkyCoord.pm_ra_cosdec}
#       ra: !astropy.table.SerializedColumn
#         __class__: astropy.coordinates.angles.Longitude
#         unit: *id001
#         value: !astropy.table.SerializedColumn {name: SkyCoord.ra}
#         wrap_angle: !astropy.coordinates.Angle
#           unit: *id001
#           value: 360.0
#       representation_type: spherical
# schema: astropy-2.0
RA_ICRS_1 DE_ICRS_1 e_RA_ICRS e_DE_ICRS _r_1 HIP TYC2 Source rgeo Plx e_Plx pmRA pmDE e_pmRA e_pmDE RUWE Teff logg Gmag BP-RP BPmag RPmag RV e_RV b_rgeo B_rgeo FG e_FG FBP e_FBP FRP e_FRP RAVE5 RAVE6 e_Gmag e_BPmag e_RPmag e_BP-RP SkyCoord.ra SkyCoord.dec SkyCoord.distance SkyCoord.pm_ra_cosdec SkyCoord.pm_dec
[from data line 932]
252.26606371783 -47.1007414802 0.0569 0.0377 11.7677 "" "" 5939984334949085056 3070.87012 0.3142 0.0656 -1.266 -3.353 0.084 0.064 0.977 "" "" 16.753244 1.885837 17.68359 15.797753 "" "" 2496.2832 3955.58032 3746.7031 3.4986 1153.4 7.1871 3802.4 14.018 "" "" 0.002935925826810293 0.0073182406 0.005505025 0.012823265 252.26606371783 -47.1007414802 3070.87012 -1.266 -3.353
251.80679313586 -46.92741070836 0.0553 0.0432 14.4138 "" "" 5939665309118429696 2697.95557 0.3733 0.0625 -1.531 -4.929 0.075 0.064 0.969 5860.6 4.5751 16.754385 1.450774 17.399744 15.94897 "" "" 2270.12305 3415.77441 3742.76659 2.4024 1498.0 9.2599 3308.0 13.128 "" "" 0.0028420896044430593 0.007268364 0.0057314546 0.012999819 251.80679313586 -46.92741070836 2697.95557 -1.531 -4.929
251.81179087679 -47.01950567879 0.0553 0.042 15.4186 "" "" 5939660498754903040 2642.02344 0.37 0.0651 -3.098 -7.536 0.073 0.063 1.01 4761.0 4.3027 16.75723 1.593378 17.50414 15.910763 "" "" 2272.30493 3037.59546 3732.97112 2.2721 1360.7 9.2134 3426.5 8.5176 "" "" 0.002833460865837889 0.007863274 0.004644128 0.012507401 251.81179087679 -47.01950567879 2642.02344 -3.098 -7.536
251.92271061057 -46.86748434966 0.0565 0.0411 10.1405 "" "" 5940038077895402112 2678.22461 0.3458 0.0631 -0.393 -2.197 0.083 0.066 1.002 9427.0 4.2723 16.758047 1.801662 17.570072 15.76841 "" "" 2339.9021 3127.34814 3730.1651 2.5744 1280.5 9.0523 3906.6 12.449 "" "" 0.002855395352083778 0.008166856 0.0051239077 0.013290764 251.92271061057 -46.86748434966 2678.22461 -0.3929999999999999 -2.197
251.902337202 -46.92671448906 0.0515 0.0414 10.5 "" "" 5939662560339279232 3020.22314 0.3395 0.0627 0.261 -2.226 0.071 0.061 0.996 4967.9 4.5094 16.75928 1.319748 17.355864 16.036116 "" "" 2475.65723 3787.35425 3725.93564 2.4534 1559.8 7.0884 3052.9 8.4803 "" "" 0.002846559262399519 0.005668325 0.004835249 0.010503573 251.902337202 -46.92671448906 3020.22314 0.261 -2.226
252.49283895745 -47.02113402675 0.0614 0.041 15.0075 "" "" 5939979906854467072 2984.96777 0.3172 0.0654 -3.672 -8.56 0.084 0.064 0.946 5218.4 3.4358 16.764381 2.595688 18.194328 15.59864 "" "" 2495.44238 3715.0918 3708.46605 2.4989 720.59 6.2995 4567.7 11.451 "" "" 0.0028507964979853904 0.009893262 0.0046575097 0.014550772 252.49283895745 -47.02113402675 2984.96777 -3.672 -8.56
252.37407616413 -46.74473428941 0.0515 0.0397 13.6981 "" "" 5939996704456112896 2681.68823 0.3385 0.0607 -1.837 -1.589 0.071 0.061 0.992 9803.3 3.8792 16.764837 3.346151 18.7982 15.452049 "" "" 2306.71753 3152.1543 3706.90881 2.4838 413.18 8.2678 5228.0 11.665 "" "" 0.002849743132122643 0.021904193 0.004489153 0.026393346 252.37407616413 -46.74473428941 2681.68823 -1.8370000000000002 -1.589
251.91631809905 -46.9593762294 0.0516 0.0404 10.2068 "" "" 5939661666986014208 2771.38696 0.3484 0.064 -6.522 -1.143 0.071 0.061 1.009 6311.1 4.0426 16.766191 2.368112 18.04442 15.676309 "" "" 2412.92163 3295.42065 3702.28927 2.3315 827.27 6.0048 4252.4 8.3486 "" "" 0.002838888228094803 0.008360237 0.004339056 0.012699293 251.91631809905 -46.9593762294 2771.38696 -6.5219999999999985 -1.143
251.98794374583 -46.75533452704 0.0633 0.0401 12.0501 "" "" 5940039929006932864 2534.19067 0.3895 0.0632 -1.065 -4.246 0.086 0.064 0.972 4969.0 4.3383 16.766863 1.506252 17.468826 15.962574 "" "" 2151.53857 3059.84448 3700.00171 2.1684 1405.7 7.6308 3266.8 8.1285 "" "" 0.002827837833853598 0.006520962 0.0046456507 0.011166613 251.98794374583 -46.75533452704 2534.19067 -1.065 -4.246
252.17296678447 -46.84369370198 0.0509 0.0369 4.552 "" "" 5939991589151004544 2524.3147 0.375 0.0584 -1.768 -2.437 0.072 0.062 0.971 6774.6 4.3402 16.767305 1.583754 17.509083 15.925329 "" "" 2175.96899 3118.67041 3698.49087 2.0737 1354.5 10.236 3380.9 11.845 "" "" 0.0028217684893153635 0.008666379 0.0053622057 0.014028585 252.17296678447 -46.84369370198 2524.3147 -1.7680000000000002 -2.4370000000000003
252.18661555736 -46.89639122965 0.051 0.0363 1.7803 "" "" 5939991241257097216 2954.72729 0.3326 0.0595 -1.664 -4.386 0.069 0.06 0.972 4853.1 3.6978 16.768452 2.244199 17.938606 15.694407 "" "" 2475.83569 3662.00684 3694.58682 2.2441 911.96 5.707 4182.1 9.5723 "" "" 0.0028331433581124032 0.007345069 0.0045232195 0.011868289 252.18661555736 -46.89639122965 2954.72729 -1.6640000000000001 -4.385999999999999
252.09672199072 -46.8729541234 0.0522 0.0387 3.7382 "" "" 5939991825372743680 2570.03882 0.3828 0.0619 -1.044 -0.649 0.071 0.06 1.012 4942.6 4.3156 16.769663 1.763215 17.61214 15.848926 "" "" 2185.62988 3036.16382 3690.46984 2.6551 1231.9 8.9363 3627.3 9.8693 "" "" 0.0028639053890035593 0.008355637 0.004796928 0.013152565 252.09672199072 -46.8729541234 2570.03882 -1.044 -0.649
252.05043692854 -46.79053121911 0.0571 0.0407 8.8831 "" "" 5940039585409419648 2698.97485 0.3741 0.0609 -0.423 -0.457 0.081 0.066 1.065 4756.6 4.3225 16.772882 1.440187 17.431599 15.991412 "" "" 2261.7417 3234.38843 3679.53878 2.1078 1454.7 9.0059 3181.2 10.363 "" "" 0.0028246450781277345 0.007277779 0.0051762112 0.01245399 252.05043692854 -46.79053121911 2698.97485 -0.42300000000000004 -0.457
252.28081782996 -46.8425003311 0.0547 0.0372 6.8009 "" "" 5939994372304760704 2628.01562 0.3759 0.0635 -0.828 -1.931 0.068 0.058 0.979 8761.1 4.3325 16.773052 1.628687 17.541828 15.913141 "" "" 2235.45581 3002.23242 3678.96709 2.1254 1314.3 5.9594 3419.0 9.0445 "" "" 0.0028258147629663744 0.0056587327 0.0047469013 0.010405634 252.28081782996 -46.8425003311 2628.01562 -0.8280000000000001 -1.931
252.17356647568 -47.14210330879 0.056 0.0379 13.407 "" "" 5939609538923230208 2662.25049 0.3792 0.0642 -4.654 -5.943 0.081 0.063 0.935 6697.7 4.2771 16.774414 1.548625 17.488472 15.939847 "" "" 2261.7395 3124.44653 3674.35554 2.3469 1380.5 7.9839 3335.9 10.483 "" "" 0.0028412518741424155 0.0068711834 0.005091642 0.011962825 252.17356647568 -47.14210330879 2662.25049 -4.654 -5.942999999999998
252.27434663767 -47.17844893757 0.0549 0.0376 16.2797 "" "" 5939608649902717184 3161.06836 0.3031 0.0623 -1.476 -6.499 0.081 0.062 1.049 7099.0 4.3249 16.777498 1.772258 17.631607 15.859349 "" "" 2657.58203 3748.89917 3663.93526 2.1747 1210.0 6.9005 3592.7 9.5265 "" "" 0.002829678369871346 0.006791457 0.0047510187 0.011542476 252.27434663767 -47.17844893757 3161.06836 -1.476 -6.499
251.96094084432 -47.17044420387 0.0557 0.0412 17.1147 "" "" 5939611604840683648 2671.64819 0.3643 0.0684 -1.213 -0.858 0.076 0.066 1.009 "" "" 16.777514 2.551582 18.112171 15.560589 "" "" 2262.0791 3146.74194 3663.88402 2.9719 777.23 9.0237 4730.7 15.32 "" "" 0.0028926427098508773 0.012910585 0.005162023 0.018072609 251.96094084432 -47.17044420387 2671.64819 -1.213 -0.8580000000000001
251.82906245492 -46.8109056828 0.0766 0.0458 14.9805 "" "" 5940041440839612928 2795.32373 0.3565 0.0761 -2.284 -3.004 0.104 0.077 1.067 "" "" 16.777708 2.201316 17.916107 15.714791 "" "" 2392.41626 3310.26245 3663.22625 2.5475 931.05 9.8193 4104.3 14.395 "" "" 0.0028569017042152237 0.011785731 0.005365127 0.017150858 251.82906245492 -46.8109056828 2795.32373 -2.284 -3.0040000000000004
251.93813391312 -46.72237279303 0.0637 0.0436 14.8578 "" "" 5940040959799210624 2629.88696 0.3635 0.0647 -3.54 -8.131 0.084 0.066 0.918 "" "" 16.778757 1.567777 17.49865 15.930873 "" "" 2238.28516 3312.16772 3659.68661 2.4027 1367.6 9.8894 3363.6 10.098 "" "" 0.0028460326564723488 0.008332236 0.0049908194 0.013323056 251.93813391312 -46.72237279303 2629.88696 -3.54 -8.131
252.14324299661 -46.96874969599 0.057 0.0383 3.0543 "" "" 5939989287047968512 2575.36108 0.3405 0.0673 -4.716 -4.792 0.081 0.064 0.979 8440.5 3.669 16.77912 3.162778 18.584639 15.421861 "" "" 2193.50439 3143.72729 3658.46339 4.2037 502.99 12.002 5375.4 26.069 "" "" 0.0030245935021772055 0.026056902 0.0064814347 0.032538336 252.14324299661 -46.96874969599 2575.36108 -4.716000000000001 -4.792
252.21241970267 -47.07813409665 0.0584 0.0378 9.8075 "" "" 5939985228302328576 2778.2417 0.3371 0.0666 -0.854 0.897 0.084 0.063 0.981 8399.7 4.455 16.779993 1.519302 17.485184 15.965881 "" "" 2391.76025 3378.41675 3655.52414 2.2202 1384.7 9.2898 3256.9 10.177 "" "" 0.0028331313870301094 0.007800188 0.005078763 0.012878951 252.21241970267 -47.07813409665 2778.2417 -0.854 0.897
252.04146152147 -46.81934777485 0.0548 0.0384 7.6583 "" "" 5940039173098812928 2708.25635 0.3449 0.0589 -3.469 -3.776 0.074 0.06 0.994 5608.6 4.6143 16.780916 1.3365 17.359632 16.023132 "" "" 2299.56079 3242.21362 3652.41673 2.222 1554.4 9.1836 3089.6 12.433 "" "" 0.0028333866965556584 0.0069952183 0.005776962 0.01277218 252.04146152147 -46.81934777485 2708.25635 -3.4690000000000007 -3.776
252.21404427016 -46.72459555274 0.0532 0.0382 11.8804 "" "" 5939999762472899712 2744.15283 0.3148 0.0582 -1.246 -2.484 0.073 0.061 0.946 "" "" 16.783377 2.931857 18.484499 15.552642 "" "" 2403.84375 3351.43188 3644.14892 2.6911 551.59 4.091 4765.4 13.006 "" "" 0.0028696077809844656 0.008522311 0.0048025614 0.013324873 252.21404427016 -46.72459555274 2744.15283 -1.246 -2.484
251.89073314503 -47.00736170294 0.0505 0.0394 12.1748 "" "" 5939661117230136320 3182.53174 0.3029 0.0607 -3.416 -4.041 0.067 0.058 0.976 7022.8 4.3225 16.78447 1.481095 17.464808 15.983712 "" "" 2613.68921 4012.79614 3640.47995 2.144 1410.9 8.2566 3203.9 7.7001 "" "" 0.002828542967064785 0.0069393837 0.0045926822 0.011532066 251.89073314503 -47.00736170294 3182.53174 -3.415999999999999 -4.0409999999999995
252.03413609581 -47.10462601298 0.0554 0.0386 12.2471 "" "" 5939613490295699968 2869.95776 0.3335 0.0639 0.644 -2.031 0.076 0.061 1.046 5090.8 3.1581 16.78489 2.72847 18.283585 15.555115 "" "" 2453.32471 3381.85205 3639.07278 2.5131 663.72 9.0572 4754.6 31.397 "" "" 0.002855518165839653 0.015076515 0.0081047965 0.023181312 252.03413609581 -47.10462601298 2869.95776 0.6439999999999999 -2.0310000000000006
252.37562989807 -46.95788710017 0.0625 0.0414 9.2052 "" "" 5939986950585095296 2867.31543 0.3205 0.0666 -0.918 -0.388 0.091 0.067 1.032 8481.1 4.0814 16.78555 3.112615 18.577263 15.464648 "" "" 2366.01978 3426.49487 3636.86234 3.0401 506.42 8.0489 5167.7 23.414 "" "" 0.0029009468172432698 0.017480504 0.0062034796 0.023683984 252.37562989807 -46.95788710017 2867.31543 -0.9180000000000001 -0.388
252.03579315297 -46.6586876143 0.0578 0.0393 16.4037 "" "" 5940046530391173504 2752.01074 0.3546 0.0613 -0.864 -2.015 0.077 0.063 0.987 "" "" 16.786245 1.579056 17.516039 15.936983 "" "" 2364.13599 3161.81128 3634.53584 2.0935 1345.9 10.515 3344.8 9.3882 "" "" 0.002825402149023037 0.008929549 0.0048549636 0.013784513 252.03579315297 -46.6586876143 2752.01074 -0.8640000000000001 -2.015
252.37199963288 -47.02470269891 0.0591 0.0395 10.8094 "" "" 5939974645503035392 3126.34766 0.3015 0.0668 -2.37 -2.94 0.09 0.066 1.043 "" "" 16.786766 2.069171 17.846556 15.777385 "" "" 2677.09253 3793.04785 3632.79062 2.9495 992.65 7.6098 3874.4 13.492 "" "" 0.002892899513431882 0.008778623 0.0053459327 0.0141245555 252.37199963288 -47.02470269891 3126.34766 -2.37 -2.94
252.01242696225 -46.8737484654 0.0626 0.0416 6.5659 "" "" 5940037493779815296 3102.8064 0.3041 0.0672 -3.026 -5.349 0.082 0.066 1.066 6732.3 4.3475 16.787378 1.431069 17.405293 15.974223 "" "" 2609.64307 3727.34106 3630.74024 2.3896 1490.4 6.1766 3232.0 7.7808 "" "" 0.0028464754014698576 0.005294447 0.0045951963 0.009889644 252.01242696225 -46.8737484654 3102.8064 -3.0260000000000002 -5.349
252.00707839091 -47.13070937812 0.0594 0.04 14.1342 "" "" 5939611948438092928 3161.21875 0.3307 0.0673 -2.79 -7.202 0.08 0.063 0.941 "" "" 16.787714 1.499629 17.48787 15.98824 "" "" 2662.24316 3880.74609 3629.6221 2.1741 1381.2 9.2223 3190.5 10.384 "" "" 0.0028310307789915826 0.007767885 0.00517405 0.012941935 252.00707839091 -47.13070937812 3161.21875 -2.7900000000000005 -7.202
252.08374261878 -47.12918357745 0.0679 0.0471 12.9807 "" "" 5939612463834090112 3410.05273 0.3183 0.0777 -2.973 -4.85 0.095 0.076 1.181 6005.8 4.3308 16.788013 2.002463 17.674482 15.672019 "" "" 2743.55786 4484.32031 3628.62035 2.9961 1163.1 5.8444 4269.2 27.834 "" "" 0.0028974920351606966 0.006127745 0.008024443 0.014152188 252.08374261878 -47.12918357745 3410.05273 -2.973 -4.85
252.19416897141 -46.75655439672 0.0566 0.04 9.851 "" "" 5939998147565085696 2673.76538 0.3691 0.058 -1.513 -2.063 0.077 0.064 0.981 "" "" 16.789484 1.483688 17.467999 15.98431 "" "" 2334.09863 3048.48682 3623.70801 2.02 1406.8 5.802 3202.1 11.964 "" "" 0.002821009777448309 0.005276002 0.005544367 0.010820368 252.19416897141 -46.75655439672 2673.76538 -1.513 -2.0630000000000006
252.27944742987 -46.85708945098 0.0539 0.0369 6.1989 "" "" 5939994337945000064 2512.62476 0.3822 0.0608 -2.071 -4.24 0.071 0.062 0.971 5318.9 4.3096 16.790926 1.71332 17.608788 15.895468 "" "" 2126.90552 2855.03345 3618.90113 2.1519 1235.7 6.3643 3475.1 9.444 "" "" 0.0028299471019435692 0.0062493803 0.0047947755 0.011044156 252.27944742987 -46.85708945098 2512.62476 -2.071 -4.240000000000001
252.12042192823 -47.11345730261 0.0596 0.0391 11.7762 "" "" 5939612562592550656 3133.41724 0.315 0.0675 -2.805 -2.895 0.086 0.065 0.999 7991.5 3.8136 16.792078 2.387463 18.081394 15.693932 "" "" 2501.07544 3833.37061 3615.06205 2.2755 799.58 6.1815 4183.9 7.6613 "" "" 0.002838810912584831 0.008845347 0.0042704097 0.013115756 252.12042192823 -47.11345730261 3133.41724 -2.8049999999999997 -2.8949999999999996
252.38260210409 -46.79345655244 0.0496 0.0377 11.8884 "" "" 5939995501865083776 2550.53174 0.373 0.0583 -0.778 -1.942 0.069 0.059 0.976 9247.2 3.6311 16.794449 1.979821 17.785316 15.805495 "" "" 2230.99072 2961.97534 3607.17616 2.1759 1050.2 6.967 3775.4 8.2223 "" "" 0.0028320883899436177 0.0077242865 0.0044581364 0.012182423 252.38260210409 -46.79345655244 2550.53174 -0.778 -1.9420000000000004
252.16383625606 -46.97954812841 0.0569 0.0389 3.6462 "" "" 5939989080904934144 2838.75122 0.3466 0.0668 0.834 -4.112 0.079 0.063 0.972 "" "" 16.795252 2.142585 17.904507 15.761922 "" "" 2377.32471 3481.51709 3604.509 2.5017 941.05 6.1501 3930.0 10.015 "" "" 0.00285650669053341 0.007624544 0.0046839174 0.012308462 252.16383625606 -46.97954812841 2838.75122 0.8339999999999999 -4.112
252.01994287372 -46.70089551631 0.0728 0.0466 14.2609 "" "" 5940046083714545280 2562.47119 0.3814 0.0723 -0.974 -2.247 0.098 0.075 1.146 "" "" 16.795334 1.651638 17.495783 15.844145 "" "" 2177.65601 3172.0249 3604.2359 2.6031 1371.2 6.8377 3643.3 10.253 "" "" 0.0028647318528695564 0.0060908548 0.004860013 0.010950867 252.01994287372 -46.70089551631 2562.47119 -0.9739999999999999 -2.247
251.89545395876 -46.84125911123 0.0595 0.0408 11.7436 "" "" 5940038352773342080 2940.8855 0.3508 0.0671 -0.687 -0.944 0.086 0.068 0.959 4856.9 4.4131 16.79552 1.651506 17.465286 15.813781 "" "" 2399.94238 4588.2959 3603.61404 4.3906 1410.3 28.652 3746.7 27.728 "" "" 0.003056422123976963 0.022233848 0.008879603 0.03111345 251.89545395876 -46.84125911123 2940.8855 -0.687 -0.944
252.01610532271 -47.18078297038 0.0566 0.0387 16.7542 "" "" 5939610677097843072 2521.30078 0.3776 0.0656 -1.784 -3.4 0.077 0.066 1.009 5611.0 4.5957 16.797047 1.500258 17.461767 15.96151 "" "" 2182.72705 2939.61768 3598.55158 2.1004 1414.8 7.5852 3270.1 12.133 "" "" 0.0028272588438208453 0.006455144 0.005523735 0.01197888 252.01610532271 -47.18078297038 2521.30078 -1.784 -3.3999999999999995
252.284515137 -46.65376937198 0.0542 0.0368 16.7312 "" "" 5940000213460486912 2604.49756 0.3516 0.0593 -4.927 -5.72 0.083 0.061 0.962 8301.7 4.1363 16.798948 2.704624 18.304653 15.600029 "" "" 2299.15137 2955.38501 3592.2594 2.868 650.96 6.4902 4561.9 10.439 "" "" 0.002888458065911162 0.011178808 0.0045228777 0.015701685 252.284515137 -46.65376937198 2604.49756 -4.927 -5.720000000000001
