Clusters/UBC_549/UBC_549_stars_in_region.tsv
# %ECSV 1.0
# ---
# datatype:
# - name: RA_ICRS_1
#   unit: deg
#   datatype: float64
#   format: '{:15.11f}'
#   description: Right ascension (ICRS) at Ep=2016.0 (ra)
#   meta: !!omap
#   - {ucd: POS_EQ_RA_MAIN}
#   - {width: 15}
#   - {precision: '11'}
# - name: DE_ICRS_1
#   unit: deg
#   datatype: float64
#   format: '{:15.11f}'
#   description: Declination (ICRS) at Ep=2016.0 (dec)
#   meta: !!omap
#   - {ucd: POS_EQ_DEC_MAIN}
#   - {width: 15}
#   - {precision: '11'}
# - name: e_RA_ICRS
#   unit: mas
#   datatype: float64
#   format: '{:7.4f}'
#   description: Standard error of right ascension (ra_error)
#   meta: !!omap
#   - {ucd: ERROR}
#   - {width: 7}
#   - {precision: '4'}
# - name: e_DE_ICRS
#   unit: mas
#   datatype: float64
#   format: '{:7.4f}'
#   description: Standard error of declination (dec_error)
#   meta: !!omap
#   - {ucd: ERROR}
#   - {width: 7}
#   - {precision: '4'}
# - name: _r_1
#   unit: ''
#   datatype: float64
#   format: '{:7.4f}'
#   description: Distance from center (252.15831075000-46.91889551000)[ICRS], at Epoch=J2016.0
#   meta: !!omap
#   - {ucd: POS_ANG_DIST_GENERAL}
#   - {width: 7}
#   - {precision: '4'}
# - name: HIP
#   datatype: int32
#   description: '? HIP cross-id number, van Leeuwen, Cat. I/311 (hip_original_ext_source_id)'
#   meta: !!omap
#   - {ucd: ID_NUMBER}
#   - {width: 6}
#   - values: {'null': -2147483648}
# - name: TYC2
#   datatype: string
#   description: Tycho-2 cross-id name, Hog et al., Cat. I/259 (tyc2_original_ext_source_id)
#   meta: !!omap
#   - {ucd: ID_CROSSID}
#   - {_votable_string_dtype: char}
# - name: Source
#   datatype: int64
#   description: Source identifier, identical to the Gaia-EDR3 source_id (id)
#   meta: !!omap
#   - {ucd: ID_MAIN}
#   - {width: 19}
# - name: rgeo
#   unit: pc
#   datatype: float64
#   format: '{:15.8f}'
#   description: '? Median of the geometric distance posterior (r_med_geo)'
#   meta: !!omap
#   - {ucd: PHYS_DISTANCE_TRUE}
#   - {width: 15}
#   - {precision: '8'}
#   - values: {'null': .nan}
# - name: Plx
#   unit: mas
#   datatype: float64
#   format: '{:9.4f}'
#   description: '? Parallax (parallax)'
#   meta: !!omap
#   - {ucd: POS_PARLX_TRIG}
#   - {width: 9}
#   - {precision: '4'}
#   - values: {'null': .nan}
# - name: e_Plx
#   unit: mas
#   datatype: float32
#   format: '{:7.4f}'
#   description: '? Standard error of parallax (parallax_error)'
#   meta: !!omap
#   - {ucd: ERROR}
#   - {width: 7}
#   - {precision: '4'}
#   - values: {'null': .nan}
# - name: pmRA
#   unit: mas / yr
#   datatype: float64
#   format: '{:9.3f}'
#   description: '? Proper motion in right ascension direction, pmRA*cosDE (pmra)'
#   meta: !!omap
#   - {ucd: POS_EQ_PMRA}
#   - {width: 9}
#   - {precision: '3'}
#   - values: {'null': .nan}
# - name: pmDE
#   unit: mas / yr
#   datatype: float64
#   format: '{:9.3f}'
#   description: '? Proper motion in declination direction (pmdec)'
#   meta: !!omap
#   - {ucd: POS_EQ_PMDEC}
#   - {width: 9}
#   - {precision: '3'}
#   - values: {'null': .nan}
# - name: e_pmRA
#   unit: mas / yr
#   datatype: float32
#   format: '{:6.3f}'
#   description: '? Standard error of proper motion in right ascension direction (pmra_error)'
#   meta: !!omap
#   - {ucd: ERROR}
#   - {width: 6}
#   - {precision: '3'}
#   - values: {'null': .nan}
# - name: e_pmDE
[...]
#         unit: &id001 !astropy.units.Unit {unit: deg}
#         value: !astropy.table.SerializedColumn {name: SkyCoord.dec}
#       distance: !astropy.table.SerializedColumn
#         __class__: astropy.coordinates.distances.Distance
#         unit: !astropy.units.Unit {unit: pc}
#         value: !astropy.table.SerializedColumn {name: SkyCoord.distance}
#       frame: icrs
#       obstime: !astropy.time.Time {format: jyear_str, in_subfmt: '*', jd1: 367701545.0, jd2: 0.0, out_subfmt: '*', precision: 3, scale: tt}
#       pm_dec: !astropy.table.SerializedColumn
#         __class__: astropy.units.quantity.Quantity
#         unit: !astropy.units.Unit {unit: mas / yr}
#         value: !astropy.table.SerializedColumn {name: SkyCoord.pm_dec}
#       pm_ra_cosdec: !astropy.table.SerializedColumn
#         __class__: astropy.units.quantity.Quantity
#         unit: !astropy.units.Unit {unit: mas / yr}
#         value: !astropy.table.SerializedColumn {name: SkyCoord.pm_ra_cosdec}
#       ra: !astropy.table.SerializedColumn
#         __class__: astropy.coordinates.angles.Longitude
#         unit: *id001
#         value: !astropy.table.SerializedColumn {name: SkyCoord.ra}
#         wrap_angle: !astropy.coordinates.Angle
#           unit: *id001
#           value: 360.0
#       representation_type: spherical
# schema: astropy-2.0
RA_ICRS_1 DE_ICRS_1 e_RA_ICRS e_DE_ICRS _r_1 HIP TYC2 Source rgeo Plx e_Plx pmRA pmDE e_pmRA e_pmDE RUWE Teff logg Gmag BP-RP BPmag RPmag RV e_RV b_rgeo B_rgeo FG e_FG FBP e_FBP FRP e_FRP RAVE5 RAVE6 e_Gmag e_BPmag e_RPmag e_BP-RP SkyCoord.ra SkyCoord.dec SkyCoord.distance SkyCoord.pm_ra_cosdec SkyCoord.pm_dec
[from data line 809]
252.06869375253 -47.00521008979 0.0502 0.0347 6.3473 "" "" 5939989527566161536 2767.10107 0.3511 0.0606 -0.052 -1.892 0.072 0.056 1.003 8854.7 4.2118 16.6051 1.96428 17.481354 15.517074 "" "" 2365.1106 3212.78394 4294.43779 3.0388 1389.6 11.671 4924.1 71.333 "" "" 0.002860427435704649 0.009536217 0.01617622 0.025712438 252.06869375253 -47.00521008979 2767.10107 -0.052000000000000046 -1.892
252.16078569501 -46.72602814258 0.0504 0.0351 11.5725 "" "" 5939999079589118592 2533.69653 0.389 0.0534 -0.94 -2.631 0.07 0.057 1.007 "" "" 16.605745 1.673319 17.398933 15.725615 "" "" 2155.54053 2993.78247 4291.89149 2.2643 1499.1 9.0329 4063.6 6.6418 "" "" 0.0028142315324405985 0.0071123033 0.004175274 0.011287577 252.16078569501 -46.72602814258 2533.69653 -0.94 -2.6309999999999993
252.10904316855 -46.82327692475 0.1606 0.1238 6.0826 "" "" 5939992379425181952 2884.61011 0.398 0.181 -2.829 -4.375 0.219 0.189 4.023 "" "" 16.607002 1.623352 17.161247 15.537895 "" "" 2037.63794 4147.68555 4286.92417 5.2745 1866.0 7.1936 4830.6 28.362 "" "" 0.0030620747419644297 0.0050303475 0.007410842 0.01244119 252.10904316855 -46.82327692475 2884.61011 -2.829 -4.375
252.16423503814 -46.98560185838 0.0538 0.0358 4.0097 "" "" 5939989007873793024 2981.51343 0.3248 0.0613 -5.057 -6.722 0.075 0.059 1.01 "" "" 16.607536 1.7776 17.380138 15.602538 "" "" 2490.79834 3493.53687 4284.81304 2.8083 1525.3 10.311 4551.4 78.734 "" "" 0.0028457273185792126 0.007852015 0.01915847 0.027010486 252.16423503814 -46.98560185838 2981.51343 -5.057 -6.7219999999999995
252.33598119387 -47.17800558818 0.0501 0.0354 17.1598 "" "" 5939596898872119424 2517.89136 0.3895 0.0588 3.299 -1.168 0.075 0.058 1.03 "" "" 16.6091 1.616187 17.371294 15.755107 "" "" 2195.69702 2966.24121 4278.65163 2.519 1537.8 7.2008 3954.7 9.4754 "" "" 0.0028284947506200943 0.0057993154 0.004588142 0.010387458 252.33598119387 -47.17800558818 2517.89136 3.299 -1.1679999999999997
252.01054760404 -47.17289358568 0.0552 0.0362 16.3936 "" "" 5939611433041932032 2723.50415 0.3684 0.0623 -3.027 -5.308 0.074 0.058 1.055 6895.8 4.3268 16.609987 1.561068 17.307573 15.746505 "" "" 2351.16504 3344.95532 4275.15587 2.4674 1630.8 8.0853 3986.2 12.272 "" "" 0.0028256779567670245 0.0060630953 0.0050454442 0.01110854 252.01054760404 -47.17289358568 2723.50415 -3.027 -5.308
252.12435426755 -46.87184514827 0.0484 0.0349 3.1477 "" "" 5939991894092225280 2798.34668 0.3363 0.0556 -4.279 -4.131 0.065 0.056 1.031 5377.9 4.3742 16.610907 1.334759 17.205921 15.871162 "" "" 2416.42407 3237.98755 4271.53553 2.2499 1790.8 5.6385 3553.8 8.8249 "" "" 0.002814042295304324 0.0044126487 0.004642505 0.009055154 252.12435426755 -46.87184514827 2798.34668 -4.279 -4.131
252.5156931458 -46.96303886098 0.0522 0.0358 14.8778 "" "" 5939980486658755328 3255.41821 0.306 0.0579 -3.483 -3.169 0.072 0.056 1.011 "" "" 16.61092 2.03063 17.646406 15.615776 "" "" 2717.5769 4039.62842 4271.48413 2.4388 1193.6 6.6149 4496.2 11.316 "" "" 0.0028241928998301202 0.0066325567 0.004663762 0.011296319 252.5156931458 -46.96303886098 3255.41821 -3.4830000000000005 -3.169
252.08753681831 -47.06209361957 0.0504 0.0341 9.067 "" "" 5939613254108188672 2722.80859 0.356 0.0595 -0.592 -2.686 0.074 0.058 1.016 "" "" 16.612001 1.73523 17.44688 15.71165 "" "" 2297.96436 3244.04028 4267.23367 2.4159 1434.4 5.271 4116.2 8.4149 "" "" 0.0028230540867713086 0.0048685987 0.004382967 0.009251566 252.08753681831 -47.06209361957 2722.80859 -0.5920000000000001 -2.686
252.01952482171 -46.8950961825 0.0492 0.0361 5.8655 "" "" 5940037390691106432 2935.64673 0.32 0.0549 -5.413 -4.376 0.068 0.06 1.037 4922.1 4.2556 16.613367 1.645825 17.393982 15.748157 "" "" 2522.85669 3519.15479 4261.86442 2.1591 1506.0 9.493 3980.1 7.8793 "" "" 0.002809686427500273 0.007390794 0.0043478343 0.011738628 252.01952482171 -46.8950961825 2935.64673 -5.413000000000001 -4.3759999999999994
252.08981891775 -46.89402923654 0.049 0.0352 3.1794 "" "" 5939991795324466432 2513.91431 0.3694 0.0565 -0.961 -1.885 0.064 0.054 0.985 6037.9 4.4568 16.614141 1.3392 17.21518 15.875979 "" "" 2217.75269 2929.68994 4258.82985 2.3171 1775.6 8.3841 3538.1 8.3077 "" "" 0.002817930957155129 0.0058367653 0.0045588464 0.010395612 252.08981891775 -46.89402923654 2513.91431 -0.961 -1.8850000000000002
251.85336642748 -46.99558958701 0.0476 0.0369 13.3091 "" "" 5939661941863917568 3045.16724 0.3337 0.0595 -1.621 -2.801 0.063 0.056 1.001 6743.2 4.3467 16.61506 1.521964 17.311216 15.789252 "" "" 2476.3457 4177.42188 4255.22246 2.2903 1625.3 8.3292 3832.3 11.501 "" "" 0.0028166092890808746 0.006224478 0.0049900603 0.0112145385 251.85336642748 -46.99558958701 3045.16724 -1.621 -2.8010000000000006
251.78669107791 -46.94060312405 0.0512 0.0393 15.2822 "" "" 5939665236065652352 2739.52075 0.3644 0.0609 -1.417 -0.231 0.069 0.06 0.954 "" "" 16.615492 1.765423 17.470398 15.704975 "" "" 2391.25049 3189.75635 4253.53788 2.5815 1403.6 6.7427 4141.6 9.2797 "" "" 0.0028330181466126006 0.0059151375 0.004494641 0.010409778 251.78669107791 -46.94060312405 2739.52075 -1.4169999999999998 -0.23100000000000004
251.99680054675 -47.12739832426 0.0725 0.0511 14.1473 "" "" 5939611948438108032 2725.00684 0.3796 0.0853 -1.979 -8.05 0.097 0.079 1.448 4634.6 3.0791 16.617805 3.12553 18.457552 15.332022 "" "" 2250.12988 4762.08887 4244.48161 3.5522 565.45 7.4943 5839.1 17.013 "" "" 0.0029012817710352685 0.014658017 0.004928597 0.019586613 251.99680054675 -47.12739832426 2725.00684 -1.9789999999999996 -8.05
252.37791465092 -46.77941485495 0.0505 0.0385 12.2982 "" "" 5939995536224885888 3007.45972 0.3088 0.0591 -1.39 -3.562 0.068 0.058 1.102 "" "" 16.620234 1.989095 17.61772 15.628625 "" "" 2536.70264 3815.7019 4235.00012 2.4679 1225.5 6.3223 4443.3 10.75 "" "" 0.0028270302035933743 0.0062577324 0.0046025873 0.01086032 252.37791465092 -46.77941485495 3007.45972 -1.3899999999999997 -3.5620000000000003
252.04638516097 -46.97881669452 0.0576 0.0373 5.826 "" "" 5939989591988803328 2559.57031 0.4045 0.0669 -4.471 -1.444 0.074 0.06 1.088 "" "" 16.621283 1.855043 17.529974 15.674931 "" "" 2133.3374 3203.32153 4230.90884 2.8512 1328.7 7.6104 4257.8 14.573 "" "" 0.002850813573319403 0.0068160268 0.005300299 0.012116326 252.04638516097 -46.97881669452 2559.57031 -4.471 -1.444
251.8167115907 -46.82359292395 0.055 0.0379 15.1337 "" "" 5940041307710903552 2590.05371 0.3655 0.0619 -2.786 -3.924 0.077 0.061 0.97 6518.2 3.9519 16.62198 2.597983 18.060751 15.462768 "" "" 2258.33154 3166.15967 4228.19345 2.7574 814.92 7.571 5176.7 10.169 "" "" 0.0028448438391763145 0.010465796 0.0043396484 0.0148054445 251.8167115907 -46.82359292395 2590.05371 -2.7860000000000005 -3.9240000000000004
252.08507352622 -46.94007526181 0.0485 0.0352 3.2588 "" "" 5939990111682012928 3088.48608 0.3114 0.0568 -2.848 -4.935 0.064 0.055 1.009 6835.0 4.3258 16.622078 1.452497 17.273218 15.820721 "" "" 2639.12817 3770.46387 4227.81024 2.3193 1683.2 8.1984 3722.8 9.1765 "" "" 0.002818962003415634 0.0059792446 0.0046310048 0.010610249 252.08507352622 -46.94007526181 3088.48608 -2.848 -4.935
251.80891957525 -46.98611073948 0.0501 0.0392 14.8672 "" "" 5939660704913393152 2798.78491 0.3599 0.0626 -1.889 -2.555 0.072 0.065 1.006 5566.1 4.4841 16.623062 1.447567 17.251263 15.803696 "" "" 2384.61938 3220.80396 4223.98254 2.8324 1717.6 13.265 3781.6 16.121 "" "" 0.0028498834037487875 0.008837158 0.0059755156 0.014812673 251.80891957525 -46.98611073948 2798.78491 -1.889 -2.5550000000000006
251.96871956631 -47.16281706458 0.0541 0.0429 16.5616 "" "" 5939611600507520256 2511.16577 0.4161 0.0742 -0.893 -2.31 0.074 0.072 0.997 "" "" 16.62342 1.471553 17.307245 15.835692 "" "" 2075.896 3034.41553 4222.58272 2.3316 1631.2 9.7571 3671.8 11.388 "" "" 0.0028197886212608355 0.007068384 0.005061917 0.012130301 251.96871956631 -47.16281706458 2511.16577 -0.893 -2.3100000000000005
252.11091951114 -46.98982257564 0.0536 0.0382 4.6773 "" "" 5939988909106272512 3008.26709 0.3078 0.0652 -1.82 -3.542 0.079 0.061 1.067 7605.4 4.0772 16.623608 2.693693 18.033987 15.340294 "" "" 2477.93018 3655.66309 4221.8555 5.4864 835.26 10.601 5794.8 26.549 "" "" 0.003095567761140358 0.014059646 0.006247209 0.020306855 252.11091951114 -46.98982257564 3008.26709 -1.82 -3.542
252.15485735381 -46.89967969314 0.0518 0.0371 1.1616 "" "" 5939991039410160896 2696.74536 0.3637 0.0594 -0.491 -2.837 0.071 0.061 1.019 4987.4 4.3053 16.626398 1.567512 17.362663 15.795152 "" "" 2330.61279 3306.08301 4211.02172 2.2093 1550.1 7.6206 3811.5 8.7289 "" "" 0.002813585922975757 0.006022959 0.0045239795 0.0105469385 252.15485735381 -46.89967969314 2696.74536 -0.491 -2.837
252.08672816589 -46.84376176391 0.0546 0.0376 5.3796 "" "" 5939992168970247680 2859.49414 0.3396 0.0594 -1.017 -1.057 0.073 0.061 0.918 6350.0 3.9758 16.628294 2.312251 17.863213 15.550961 "" "" 2419.98535 3311.28589 4203.67519 2.8835 977.53 8.8418 4772.8 9.746 "" "" 0.002854199320126129 0.010209204 0.0043816757 0.01459088 252.08672816589 -46.84376176391 2859.49414 -1.017 -1.0569999999999997
252.28124690087 -46.77216628663 0.0497 0.0344 10.1469 "" "" 5939996463937836288 3251.78662 0.3084 0.0581 -1.959 -3.19 0.071 0.057 1.053 7115.2 4.3126 16.6283 1.785246 17.50074 15.715494 "" "" 2718.51489 4087.73682 4203.65395 2.3901 1365.0 6.9768 4101.7 9.7017 "" "" 0.0028236286491220308 0.0062113735 0.0045693275 0.010780701 252.28124690087 -46.77216628663 3251.78662 -1.959 -3.1900000000000004
251.95455330565 -47.12406902045 0.0531 0.0385 14.8663 "" "" 5939611806667498240 2971.00928 0.3245 0.0635 -1.72 -2.625 0.071 0.061 1.038 7140.5 4.3263 16.629297 1.333939 17.23129 15.897352 "" "" 2474.71436 3702.85352 4199.79446 2.4083 1749.4 7.4923 3469.1 10.202 "" "" 0.002824786025105649 0.0054228483 0.0049475944 0.010370443 251.95455330565 -47.12406902045 2971.00928 -1.72 -2.625
252.2305735895 -47.11477857422 0.0553 0.0382 12.119 "" "" 5939609818134066304 2621.36572 0.393 0.0652 -1.026 -3.234 0.079 0.061 1.034 "" "" 16.629631 1.509605 17.258883 15.749277 "" "" 2169.74976 3247.60181 4198.50118 2.8694 1705.5 14.975 3976.0 30.879 "" "" 0.002853488570928638 0.009933139 0.009240444 0.019173583 252.2305735895 -47.11477857422 2621.36572 -1.0259999999999998 -3.234
252.37279935745 -46.91934674916 0.0521 0.0356 8.7902 "" "" 5939993032274748160 3044.67505 0.3128 0.059 -3.646 -8.068 0.07 0.055 0.991 7974.7 4.145 16.631287 2.035246 17.658434 15.623188 "" "" 2619.10352 3496.8103 4192.1078 2.7576 1180.4 9.0637 4465.6 11.793 "" "" 0.0028463799484699627 0.0087913405 0.00474394 0.013535281 252.37279935745 -46.91934674916 3044.67505 -3.646 -8.068
251.85599795967 -46.86788862108 0.0616 0.05 12.7675 "" "" 5940038249684589184 2538.69434 0.406 0.081 -2.892 -4.778 0.082 0.072 1.134 "" "" 16.631306 1.37438 16.601583 15.227203 "" "" 2088.97681 3128.09448 4192.03222 11.819 3124.5 132.81 6431.0 216.5 "" "" 0.004118524936452978 0.04623457 0.036746245 0.08298081 251.85599795967 -46.86788862108 2538.69434 -2.8920000000000003 -4.777999999999999
252.18216788898 -47.10993713557 0.1176 0.0757 11.504 "" "" 5939609951240121472 3630.66187 0.402 0.1278 -4.503 -3.171 0.159 0.122 2.504 5607.0 4.6555 16.632687 1.474338 17.223616 15.749278 "" "" 2472.88599 5081.75342 4186.70476 6.6094 1761.9 7.3594 3976.0 10.784 "" "" 0.0032449388927185997 0.005324664 0.0047912057 0.010115869 252.18216788898 -47.10993713557 3630.66187 -4.503 -3.1709999999999994
251.98607020934 -47.04616001777 0.0488 0.0357 10.393 "" "" 5939613971332116864 2622.59155 0.394 0.0604 -1.394 -1.029 0.071 0.057 0.941 4793.6 4.154 16.634369 2.037939 17.640306 15.602367 "" "" 2269.61768 3370.61475 4180.21716 2.4085 1200.3 7.5281 4552.1 13.068 "" "" 0.002825441621193387 0.0073590307 0.0048988503 0.012257881 251.98607020934 -47.04616001777 2622.59155 -1.3940000000000001 -1.029
251.9371220048 -47.00461395709 0.0497 0.0353 10.4158 "" "" 5939660979791139456 2642.41528 0.3785 0.0598 -0.331 -2.058 0.068 0.057 0.999 "" "" 16.635328 1.525332 17.33096 15.805627 "" "" 2291.29614 3145.7998 4176.52828 2.1563 1596.0 7.5787 3774.9 8.711 "" "" 0.0028117629838404845 0.005862261 0.0045344285 0.010396689 251.9371220048 -47.00461395709 2642.41528 -0.33099999999999996 -2.058
252.19490282573 -46.808725556 0.0541 0.0394 6.7785 "" "" 5939997636480021760 2678.1311 0.3583 0.0628 2.641 -1.658 0.075 0.064 1.172 7756.1 4.1795 16.635544 1.564494 17.31414 15.749646 "" "" 2302.56787 3132.75171 4175.70117 3.4192 1620.9 8.6689 3974.7 9.8442 "" "" 0.0028951985303097647 0.0064423 0.0046384013 0.011080701 252.19490282573 -46.808725556 2678.1311 2.641 -1.658
252.00423047125 -47.05612051612 0.0522 0.0368 10.3712 "" "" 5939613906943280768 3177.09644 0.3337 0.061 0.032 -2.161 0.074 0.058 0.988 5276.2 4.3005 16.637018 1.795152 17.38957 15.594419 "" "" 2558.41089 4183.01318 4170.03129 4.6086 1512.1 10.098 4585.5 51.669 "" "" 0.003005263504978064 0.0077690096 0.012804449 0.020573458 252.00423047125 -47.05612051612 3177.09644 0.03200000000000003 -2.1609999999999996
252.24614873621 -47.19752550569 0.0512 0.0347 17.099 "" "" 5939608405054252032 3212.10449 0.3086 0.0586 -0.935 -1.752 0.075 0.058 0.911 6193.0 4.3487 16.637053 1.634186 17.37392 15.739735 "" "" 2745.39673 3757.6228 4169.90169 2.5383 1534.1 10.492 4011.1 17.49 "" "" 0.0028334766081330657 0.007932459 0.0060577877 0.013990247 252.24614873621 -47.19752550569 3212.10449 -0.935 -1.7519999999999998
252.0634831238 -46.88676128192 0.0502 0.0364 4.3393 "" "" 5939990519702631552 2790.802 0.3256 0.0585 -1.52 -2.817 0.066 0.056 0.998 "" "" 16.638094 2.107341 17.718025 15.610684 "" "" 2418.19751 3417.85205 4165.90137 2.5952 1117.4 6.8415 4517.4 11.034 "" "" 0.0028371234763936975 0.007209442 0.0046169986 0.011826441 252.0634831238 -46.88676128192 2790.802 -1.52 -2.817
252.07356942224 -46.7758681138 0.053 0.0387 9.2595 "" "" 5940039722848434560 2719.64551 0.3494 0.0573 -2.059 -3.903 0.078 0.064 1.048 6748.9 4.3524 16.638271 1.302784 17.19818 15.895395 "" "" 2380.12915 3442.26147 4165.22492 2.2638 1803.6 9.1466 3475.4 10.996 "" "" 0.002817801378286589 0.006172693 0.0051072934 0.011279986 252.07356942224 -46.7758681138 2719.64551 -2.059 -3.9030000000000005
252.23502451825 -47.11467528249 0.057 0.0373 12.1587 "" "" 5939609062219817472 2740.37598 0.3649 0.0648 -3.302 -5.784 0.081 0.061 1.049 5972.0 4.5659 16.642612 1.443394 17.24202 15.798626 "" "" 2384.28638 3191.68481 4148.60017 2.6929 1732.2 8.7342 3799.3 12.86 "" "" 0.0028440252999968 0.006144581 0.005271586 0.011416167 252.23502451825 -47.11467528249 2740.37598 -3.3020000000000005 -5.784000000000001
252.12099996016 -46.67410164615 0.0544 0.0371 14.7674 "" "" 5939999388826795264 2749.81519 0.3346 0.0571 -0.324 -2.56 0.072 0.057 1.01 "" "" 16.645838 1.648698 17.416544 15.767846 "" "" 2406.70898 3266.12939 4136.29653 2.322 1475.0 7.7633 3908.6 10.1 "" "" 0.002821928700342959 0.0063592936 0.0047069173 0.011066211 252.12099996016 -46.67410164615 2749.81519 -0.32399999999999995 -2.5600000000000005
252.1754285591 -46.81858557642 0.0481 0.0351 6.0594 "" "" 5939997567745573504 2690.82129 0.364 0.0566 -1.571 -2.794 0.072 0.058 1.046 "" "" 16.646278 1.565018 17.357317 15.792299 "" "" 2366.37476 3140.29297 4134.61986 2.4591 1557.7 9.3106 3821.5 10.01 "" "" 0.0028299794011228878 0.0070639937 0.0047298917 0.011793885 252.1754285591 -46.81858557642 2690.82129 -1.571 -2.7939999999999996
251.99379037829 -46.99715165587 0.0504 0.0358 8.2122 "" "" 5939614418008748800 2980.43481 0.3303 0.0594 -4.051 -7.802 0.069 0.057 1.004 4981.3 4.2812 16.647348 1.682311 17.454136 15.771825 "" "" 2556.92651 3493.94653 4130.54424 2.2747 1424.8 6.7387 3894.3 11.141 "" "" 0.002819449330177685 0.0058441428 0.0048920084 0.010736151 251.99379037829 -46.99715165587 2980.43481 -4.051 -7.802
