Clusters/UBC_549/UBC_549_stars_in_region.tsv
# %ECSV 1.0
# ---
# datatype:
# - name: RA_ICRS_1
#   unit: deg
#   datatype: float64
#   format: '{:15.11f}'
#   description: Right ascension (ICRS) at Ep=2016.0 (ra)
#   meta: !!omap
#   - {ucd: POS_EQ_RA_MAIN}
#   - {width: 15}
#   - {precision: '11'}
# - name: DE_ICRS_1
#   unit: deg
#   datatype: float64
#   format: '{:15.11f}'
#   description: Declination (ICRS) at Ep=2016.0 (dec)
#   meta: !!omap
#   - {ucd: POS_EQ_DEC_MAIN}
#   - {width: 15}
#   - {precision: '11'}
# - name: e_RA_ICRS
#   unit: mas
#   datatype: float64
#   format: '{:7.4f}'
#   description: Standard error of right ascension (ra_error)
#   meta: !!omap
#   - {ucd: ERROR}
#   - {width: 7}
#   - {precision: '4'}
# - name: e_DE_ICRS
#   unit: mas
#   datatype: float64
#   format: '{:7.4f}'
#   description: Standard error of declination (dec_error)
#   meta: !!omap
#   - {ucd: ERROR}
#   - {width: 7}
#   - {precision: '4'}
# - name: _r_1
#   unit: ''
#   datatype: float64
#   format: '{:7.4f}'
#   description: Distance from center (252.15831075000-46.91889551000)[ICRS], at Epoch=J2016.0
#   meta: !!omap
#   - {ucd: POS_ANG_DIST_GENERAL}
#   - {width: 7}
#   - {precision: '4'}
# - name: HIP
#   datatype: int32
#   description: '? HIP cross-id number, van Leeuwen, Cat. I/311 (hip_original_ext_source_id)'
#   meta: !!omap
#   - {ucd: ID_NUMBER}
#   - {width: 6}
#   - values: {'null': -2147483648}
# - name: TYC2
#   datatype: string
#   description: Tycho-2 cross-id name, Hog et al., Cat. I/259 (tyc2_original_ext_source_id)
#   meta: !!omap
#   - {ucd: ID_CROSSID}
#   - {_votable_string_dtype: char}
# - name: Source
#   datatype: int64
#   description: Source identifier, identical to the Gaia-EDR3 source_id (id)
#   meta: !!omap
#   - {ucd: ID_MAIN}
#   - {width: 19}
# - name: rgeo
#   unit: pc
#   datatype: float64
#   format: '{:15.8f}'
#   description: '? Median of the geometric distance posterior (r_med_geo)'
#   meta: !!omap
#   - {ucd: PHYS_DISTANCE_TRUE}
#   - {width: 15}
#   - {precision: '8'}
#   - values: {'null': .nan}
# - name: Plx
#   unit: mas
#   datatype: float64
#   format: '{:9.4f}'
#   description: '? Parallax (parallax)'
#   meta: !!omap
#   - {ucd: POS_PARLX_TRIG}
#   - {width: 9}
#   - {precision: '4'}
#   - values: {'null': .nan}
# - name: e_Plx
#   unit: mas
#   datatype: float32
#   format: '{:7.4f}'
#   description: '? Standard error of parallax (parallax_error)'
#   meta: !!omap
#   - {ucd: ERROR}
#   - {width: 7}
#   - {precision: '4'}
#   - values: {'null': .nan}
# - name: pmRA
#   unit: mas / yr
#   datatype: float64
#   format: '{:9.3f}'
#   description: '? Proper motion in right ascension direction, pmRA*cosDE (pmra)'
#   meta: !!omap
#   - {ucd: POS_EQ_PMRA}
#   - {width: 9}
#   - {precision: '3'}
#   - values: {'null': .nan}
# - name: pmDE
#   unit: mas / yr
#   datatype: float64
#   format: '{:9.3f}'
#   description: '? Proper motion in declination direction (pmdec)'
#   meta: !!omap
#   - {ucd: POS_EQ_PMDEC}
#   - {width: 9}
#   - {precision: '3'}
#   - values: {'null': .nan}
# - name: e_pmRA
#   unit: mas / yr
#   datatype: float32
#   format: '{:6.3f}'
#   description: '? Standard error of proper motion in right ascension direction (pmra_error)'
#   meta: !!omap
#   - {ucd: ERROR}
#   - {width: 6}
#   - {precision: '3'}
#   - values: {'null': .nan}
# - name: e_pmDE
[...]
#         unit: &id001 !astropy.units.Unit {unit: deg}
#         value: !astropy.table.SerializedColumn {name: SkyCoord.dec}
#       distance: !astropy.table.SerializedColumn
#         __class__: astropy.coordinates.distances.Distance
#         unit: !astropy.units.Unit {unit: pc}
#         value: !astropy.table.SerializedColumn {name: SkyCoord.distance}
#       frame: icrs
#       obstime: !astropy.time.Time {format: jyear_str, in_subfmt: '*', jd1: 367701545.0, jd2: 0.0, out_subfmt: '*', precision: 3, scale: tt}
#       pm_dec: !astropy.table.SerializedColumn
#         __class__: astropy.units.quantity.Quantity
#         unit: !astropy.units.Unit {unit: mas / yr}
#         value: !astropy.table.SerializedColumn {name: SkyCoord.pm_dec}
#       pm_ra_cosdec: !astropy.table.SerializedColumn
#         __class__: astropy.units.quantity.Quantity
#         unit: !astropy.units.Unit {unit: mas / yr}
#         value: !astropy.table.SerializedColumn {name: SkyCoord.pm_ra_cosdec}
#       ra: !astropy.table.SerializedColumn
#         __class__: astropy.coordinates.angles.Longitude
#         unit: *id001
#         value: !astropy.table.SerializedColumn {name: SkyCoord.ra}
#         wrap_angle: !astropy.coordinates.Angle
#           unit: *id001
#           value: 360.0
#       representation_type: spherical
# schema: astropy-2.0
RA_ICRS_1 DE_ICRS_1 e_RA_ICRS e_DE_ICRS _r_1 HIP TYC2 Source rgeo Plx e_Plx pmRA pmDE e_pmRA e_pmDE RUWE Teff logg Gmag BP-RP BPmag RPmag RV e_RV b_rgeo B_rgeo FG e_FG FBP e_FBP FRP e_FRP RAVE5 RAVE6 e_Gmag e_BPmag e_RPmag e_BP-RP SkyCoord.ra SkyCoord.dec SkyCoord.distance SkyCoord.pm_ra_cosdec SkyCoord.pm_dec
[from data line 687]
251.93829651331 -47.12271732839 0.0478 0.0364 15.1837 "" "" 5939611806665988480 2891.54785 0.326 0.0599 -1.829 -3.194 0.066 0.057 0.97 6074.0 4.3562 16.457628 1.3912 17.072023 15.680823 "" "" 2526.97778 3426.2373 4919.20681 2.671 2025.9 8.227 4234.8 10.363 "" "" 0.00281768176743879 0.0052177603 0.0046198377 0.009837598 251.93829651331 -47.12271732839 2891.54785 -1.8290000000000002 -3.194000000000001
252.25257335417 -47.09178537761 0.0517 0.0371 11.0672 "" "" 5939984506747471360 2962.63623 0.3143 0.0615 -1.478 -3.494 0.08 0.064 1.008 "" "" 16.45813 1.568911 17.14979 15.580879 "" "" 2539.86963 3571.70752 4916.93701 2.7675 1885.8 10.596 4643.1 34.383 "" "" 0.002822275892890953 0.0067083556 0.008884059 0.015592415 252.25257335417 -47.09178537761 2962.63623 -1.4780000000000002 -3.4939999999999998
252.17395803831 -46.93633852014 0.0481 0.0339 1.2274 "" "" 5939990695812698496 2780.05249 0.3272 0.056 -0.446 -5.555 0.066 0.057 1.025 8014.3 3.8481 16.458645 3.066986 18.228891 15.161905 "" "" 2396.19458 3327.53394 4914.60395 3.0677 698.01 7.3273 6829.6 18.723 "" "" 0.0028374443306613097 0.011733978 0.0048107402 0.016544718 252.17395803831 -46.93633852014 2780.05249 -0.4460000000000002 -5.555000000000001
252.13595589667 -46.94352552196 0.0455 0.0323 1.7386 "" "" 5939989385831056512 2693.80762 0.3604 0.0524 -2.678 -3.879 0.061 0.051 1.035 7758.0 4.26 16.45918 1.420642 17.103256 15.682614 "" "" 2351.06323 3207.00171 4912.17753 2.2329 1968.4 8.4084 4227.8 10.721 "" "" 0.0027991727262072406 0.005412527 0.0046759057 0.010088433 252.13595589667 -46.94352552196 2693.80762 -2.678 -3.879
251.88239246359 -47.09912972106 0.0463 0.036 15.6326 "" "" 5939658986927356160 2510.36084 0.3896 0.0582 0.514 -1.104 0.067 0.058 0.955 6668.3 4.3531 16.459185 1.430191 17.112158 15.681967 "" "" 2159.69971 2971.32812 4912.16081 2.6776 1952.3 16.103 4230.3 13.695 "" "" 0.0028181647989990433 0.009379983 0.0051612374 0.01454122 251.88239246359 -47.09912972106 2510.36084 0.5139999999999999 -1.104
251.78353562192 -46.90354434031 0.0926 0.0697 15.3888 "" "" 5939665412197705216 2923.87744 0.3916 0.1187 -1.074 -3.365 0.126 0.119 1.874 "" "" 16.45952 1.416846 16.833836 15.416989 "" "" 2271.7561 4971.42822 4910.6434 4.9837 2522.8 32.42 5399.6 81.433 "" "" 0.0029674818258944636 0.014228825 0.016804818 0.031033643 251.78353562192 -46.90354434031 2923.87744 -1.074 -3.365
252.08425338227 -46.9521131997 0.0579 0.0398 3.6301 "" "" 5939990073025794048 3108.70044 0.3103 0.0692 -2.653 -4.613 0.081 0.065 1.217 4759.5 3.3598 16.460337 2.924381 18.129002 15.20462 "" "" 2513.41138 3982.90747 4906.95801 3.5896 765.27 5.4262 6566.1 11.632 "" "" 0.002867511955708142 0.008188513 0.004240663 0.012429176 252.08425338227 -46.9521131997 3108.70044 -2.6530000000000005 -4.613
252.02224959072 -46.85588844889 0.044 0.032 6.7395 "" "" 5940039005608309248 2654.57837 0.3586 0.05 -1.351 -2.677 0.061 0.051 1.009 7655.9 4.2969 16.460611 1.34932 17.04963 15.700309 "" "" 2355.68091 3000.84082 4905.71033 2.7852 2068.1 9.4608 4159.4 13.475 "" "" 0.0028234317211859616 0.005696893 0.005162932 0.010859825 252.02224959072 -46.85588844889 2654.57837 -1.351 -2.677
252.1190508534 -46.81256616133 0.0435 0.0316 6.5799 "" "" 5939992478208027904 2543.19238 0.3703 0.0483 -2.695 -4.366 0.062 0.052 0.951 6751.4 4.2252 16.46309 1.615181 17.211414 15.596233 "" "" 2268.73584 2923.78931 4894.52197 2.3135 1781.8 8.045 4577.9 10.57 "" "" 0.0028027058092484594 0.0056406255 0.004535213 0.010175839 252.1190508534 -46.81256616133 2543.19238 -2.6950000000000003 -4.3660000000000005
251.90119984118 -47.08418552723 0.0459 0.036 14.4582 "" "" 5939659394903661184 2597.46094 0.3736 0.0583 -1.389 -3.032 0.064 0.054 0.952 6434.7 4.2084 16.463509 1.477313 17.14953 15.672217 "" "" 2283.74121 3182.48926 4892.63752 2.4715 1886.3 9.7562 4268.5 8.6483 "" "" 0.002809375994943368 0.0062705446 0.004372959 0.010643504 251.90119984118 -47.08418552723 2597.46094 -1.3889999999999998 -3.0319999999999996
251.94453904164 -46.85267641189 0.048 0.0355 9.6246 "" "" 5940038485897532032 3069.38574 0.3225 0.0556 -1.137 -3.976 0.07 0.058 1.02 6732.2 4.2885 16.463697 1.385949 17.07653 15.690581 "" "" 2620.79077 3674.64575 4891.79293 2.7675 2017.5 7.4192 4196.9 11.054 "" "" 0.002822957705532769 0.004871015 0.004739347 0.009610362 251.94453904164 -46.85267641189 3069.38574 -1.137 -3.9759999999999995
252.02117393921 -46.69222735841 0.0561 0.0371 14.7201 "" "" 5940046083714550400 2571.33105 0.3774 0.0587 0.809 -2.07 0.078 0.061 1.042 9111.8 4.2371 16.46799 1.751708 17.077091 15.325383 "" "" 2264.7312 3117.98267 4872.48647 5.7213 2016.4 31.883 5875.0 47.336 "" "" 0.0030359679831243234 0.017392749 0.009529478 0.026922226 252.02117393921 -46.69222735841 2571.33105 0.8090000000000002 -2.0699999999999994
251.74771059269 -46.97206561358 0.0475 0.0382 17.1187 "" "" 5939663831649661056 2680.93237 0.3834 0.0568 -0.628 -2.544 0.066 0.058 1.053 7114.7 4.3382 16.470007 1.372903 17.08163 15.708728 "" "" 2234.46289 3065.21973 4863.44035 2.7244 2008.0 11.508 4127.3 12.459 "" "" 0.002821649422421962 0.006819367 0.0050025666 0.011821933 251.74771059269 -46.97206561358 2680.93237 -0.6279999999999999 -2.5439999999999996
252.27203309097 -46.74497017685 0.0434 0.0313 11.432 "" "" 5939999457531246592 2539.55444 0.3778 0.0492 -3.154 -5.255 0.061 0.052 1.049 "" "" 16.471184 1.778253 17.254635 15.476382 "" "" 2207.50488 2918.49658 4858.18013 2.8152 1712.2 8.1636 5112.2 46.086 "" "" 0.0028262394851456506 0.0058807386 0.010492136 0.016372874 252.27203309097 -46.74497017685 2539.55444 -3.154 -5.255
252.14669598484 -46.83655078732 0.0418 0.0312 4.9636 "" "" 5939992409488449408 3015.69287 0.3088 0.0482 -2.292 -3.199 0.059 0.051 1.014 8835.3 4.2455 16.472292 1.407411 17.084465 15.677054 "" "" 2606.93311 3702.7356 4853.22041 3.3286 2002.8 8.9738 4249.5 11.526 "" "" 0.002854172811569949 0.0056081293 0.004791236 0.010399366 252.14669598484 -46.83655078732 3015.69287 -2.292 -3.199
252.30609471311 -46.9958803895 0.0476 0.0318 7.6134 "" "" 5939986637051291264 2836.58325 0.3314 0.0529 0.808 -3.768 0.068 0.053 0.976 "" "" 16.473673 1.723318 17.29325 15.569931 "" "" 2441.41064 3345.51196 4847.04766 2.5999 1652.4 9.3633 4690.1 7.9701 "" "" 0.0028161945054715506 0.006755438 0.0042056986 0.010961137 252.30609471311 -46.9958803895 2836.58325 0.808 -3.7680000000000007
252.0843745773 -46.96194379246 0.049 0.0334 3.9806 "" "" 5939989699380325376 2598.9917 0.3736 0.0573 -3.555 -4.079 0.065 0.054 1.037 6994.3 4.2406 16.473873 1.447079 17.123928 15.676849 "" "" 2292.26318 2947.3042 4846.16103 2.4143 1931.3 6.8484 4250.3 11.453 "" "" 0.0028079108213664747 0.004754761 0.004779458 0.009534219 252.0843745773 -46.96194379246 2598.9917 -3.5550000000000006 -4.079000000000001
252.05396411801 -46.69928687315 0.0542 0.0363 13.8558 "" "" 5940046045040563840 2916.6311 0.3062 0.0572 1.612 -0.959 0.072 0.059 1.005 4801.4 2.5565 16.476803 3.435432 18.582972 15.147539 "" "" 2483.47119 3520.16748 4833.09805 3.2413 503.77 7.564 6920.6 12.32 "" "" 0.0028499095980463866 0.01653915 0.00424494 0.020784091 252.05396411801 -46.69928687315 2916.6311 1.6119999999999999 -0.9590000000000001
252.24468566339 -47.0715611326 0.0543 0.0341 9.8183 "" "" 5939985297021464064 2685.67651 0.3543 0.0588 -1.916 -5.734 0.079 0.058 0.977 8501.8 4.4324 16.479603 1.531279 17.1667 15.635422 "" "" 2318.81396 3146.50586 4820.65234 2.6449 1856.7 11.421 4415.6 23.347 "" "" 0.0028189799812380774 0.007238025 0.0068730987 0.014111124 252.24468566339 -47.0715611326 2685.67651 -1.916 -5.734
251.76298356947 -46.90965696317 0.0494 0.0396 16.2121 "" "" 5939665480917191552 2840.7915 0.3529 0.0598 -0.961 -3.092 0.068 0.061 1.042 5811.5 4.5321 16.481714 1.327829 17.071651 15.743822 "" "" 2454.63013 3476.86084 4811.28478 2.5202 2026.5 7.9178 3996.0 10.55 "" "" 0.002813402118017699 0.005077457 0.0047434717 0.009820929 251.76298356947 -46.90965696317 2840.7915 -0.9610000000000001 -3.0920000000000005
252.33359970446 -46.99547804284 0.05 0.0344 8.5232 "" "" 5939986465253125120 2649.73682 0.3555 0.0572 -1.613 -5.415 0.074 0.058 1.005 "" "" 16.481884 2.673072 17.97486 15.301787 "" "" 2317.34424 3135.46094 4810.53593 2.8105 882.01 7.468 6004.0 11.049 "" "" 0.002827394989080734 0.009607052 0.0042750365 0.013882089 252.33359970446 -46.99547804284 2649.73682 -1.6129999999999998 -5.414999999999999
251.79064054246 -46.88343897258 0.0691 0.0525 15.2222 "" "" 5939665785823395712 2568.16138 0.4086 0.083 0.993 -5.61 0.098 0.084 1.357 5498.8 4.655 16.482504 1.374723 17.088684 15.713962 "" "" 2108.81128 3308.56299 4807.79038 3.6354 1995.0 8.3281 4107.5 7.9035 "" "" 0.0028750291579009756 0.005322369 0.004318357 0.009640725 251.79064054246 -46.88343897258 2568.16138 0.9930000000000003 -5.609999999999999
251.85327079043 -46.96967975142 0.0429 0.0346 12.8614 "" "" 5939661971885638784 2585.16846 0.3819 0.0531 -0.464 -4.158 0.058 0.052 0.958 6662.4 4.2585 16.483017 1.558364 17.209116 15.650752 "" "" 2321.96436 2897.71265 4805.51616 2.4534 1785.5 6.7197 4353.7 8.6917 "" "" 0.0028105246504504014 0.0049478956 0.004356837 0.009304732 251.85327079043 -46.96967975142 2585.16846 -0.46399999999999997 -4.1579999999999995
251.93874329084 -46.95302671928 0.0455 0.0346 9.2256 "" "" 5939661735705480064 3199.60938 0.3033 0.0553 -2.328 -4.238 0.063 0.054 1.05 6574.8 4.3693 16.485155 1.277206 17.047466 15.77026 "" "" 2695.93262 4246.06934 4796.06328 2.4657 2072.2 9.5148 3899.9 10.49 "" "" 0.002811291867941684 0.005713001 0.0047762557 0.010489257 251.93874329084 -46.95302671928 3199.60938 -2.3279999999999994 -4.2379999999999995
252.15130339233 -46.79192469912 0.0453 0.0325 7.6237 "" "" 5939998353723369600 2687.70874 0.3525 0.0501 -0.517 -3.058 0.063 0.052 1.016 7114.3 4.3181 16.485558 1.63566 17.261408 15.625748 "" "" 2318.50879 3268.84961 4794.28431 2.6097 1701.6 6.0133 4455.1 8.0121 "" "" 0.002817991519451595 0.004744133 0.004253983 0.0089981165 252.15130339233 -46.79192469912 2687.70874 -0.5169999999999999 -3.0579999999999994
252.17816606362 -47.0900234259 0.0517 0.0334 10.2998 "" "" 5939610088681628544 2586.08545 0.3509 0.0601 -1.707 -5.392 0.073 0.055 0.975 8511.0 4.4242 16.487123 1.564542 17.195372 15.63083 "" "" 2290.27783 3140.9541 4787.37797 2.7598 1808.3 7.929 4434.3 8.3148 "" "" 0.0028255156789899916 0.0055181026 0.0042928443 0.009810947 252.17816606362 -47.0900234259 2586.08545 -1.7070000000000003 -5.392
252.01829034326 -46.75766961588 0.0556 0.0367 11.2519 "" "" 5940039967681065216 2670.83398 0.3737 0.0595 -1.669 -1.873 0.078 0.059 1.075 6823.1 4.3377 16.489813 1.339673 17.09166 15.751986 "" "" 2310.83691 3112.78979 4775.52691 2.5521 1989.5 8.5724 3966.1 10.953 "" "" 0.0028157515926122436 0.0054471097 0.0048243445 0.010271454 252.01829034326 -46.75766961588 2670.83398 -1.6690000000000003 -1.8730000000000002
251.83237258687 -46.92438262759 0.0487 0.0371 13.361 "" "" 5939662388540651392 2698.18213 0.3626 0.0576 0.991 -3.206 0.068 0.057 0.974 4862.1 3.3209 16.490692 2.88842 18.156406 15.267986 "" "" 2308.95679 3285.36572 4771.66272 3.1116 746.2 6.738 6193.9 8.7348 "" "" 0.0028448312885764886 0.010193234 0.0040777563 0.014270991 251.83237258687 -46.92438262759 2698.18213 0.991 -3.2060000000000004
252.2436250648 -46.80760556756 0.0467 0.0321 7.5391 "" "" 5939997769607758848 2534.95068 0.3821 0.0537 -0.87 -1.893 0.061 0.053 0.972 9119.2 4.229 16.494432 1.4911 17.177433 15.686333 "" "" 2204.99414 2857.5603 4755.25592 2.4692 1838.4 9.4815 4213.3 9.4916 "" "" 0.002812406956936126 0.006256292 0.004501803 0.0107580945 252.2436250648 -46.80760556756 2534.95068 -0.87 -1.8929999999999998
252.04462803269 -47.0819712153 0.0466 0.032 10.8341 "" "" 5939613627732153600 2696.61914 0.3728 0.054 -1.808 -3.53 0.067 0.052 0.961 6778.9 4.2756 16.49593 1.564575 17.19328 15.628704 "" "" 2372.98169 3081.44263 4748.69881 2.8466 1811.8 16.681 4443.0 22.544 "" "" 0.0028311456654961644 0.0103783235 0.006680844 0.017059168 252.04462803269 -47.0819712153 2696.61914 -1.8079999999999998 -3.5299999999999994
251.82874126485 -46.96315953733 0.081 0.0674 13.7596 "" "" 5939662251101640960 3052.72803 0.3476 0.0985 0.589 -1.542 0.11 0.098 2.159 4929.2 4.3156 16.496891 1.580992 17.171747 15.590755 "" "" 2432.94946 4265.10449 4744.49468 7.0138 1848.1 8.807 4601.0 7.7843 "" "" 0.0031887246751572777 0.005878382 0.004202145 0.0100805275 251.82874126485 -46.96315953733 3052.72803 0.589 -1.5420000000000003
252.25592583852 -47.08594575745 0.0521 0.0349 10.7896 "" "" 5939984506754447104 3227.6377 0.3016 0.06 -2.79 -4.97 0.075 0.057 1.014 9417.2 3.9607 16.498756 2.190098 17.584967 15.394869 "" "" 2723.26367 4132.8457 4736.35689 2.6741 1263.1 9.6425 5510.8 34.624 "" "" 0.002822685476136791 0.008745534 0.007798596 0.01654413 252.25592583852 -47.08594575745 3227.6377 -2.790000000000001 -4.97
252.32296938863 -46.81647599891 0.0438 0.0316 9.1316 "" "" 5939994681542410752 2541.03442 0.3759 0.0512 -1.242 -1.766 0.059 0.051 1.031 9239.5 4.1653 16.498848 1.923836 17.454493 15.530657 "" "" 2261.32959 3019.64331 4735.95227 2.4548 1424.4 5.2463 4862.9 9.2335 "" "" 0.0028122060060228556 0.004876127 0.0043050833 0.009181211 252.32296938863 -46.81647599891 2541.03442 -1.2419999999999998 -1.7659999999999998
252.16344505016 -46.96843550557 0.051 0.0362 2.9798 "" "" 5939989183984166272 2974.43848 0.3275 0.0588 -2.159 -2.033 0.074 0.061 0.97 "" "" 16.499346 2.144456 17.23032 15.085864 "" "" 2567.81104 3523.23633 4733.78474 4.88 1751.0 27.975 7325.1 119.89 "" "" 0.002973980370226158 0.017569322 0.01816771 0.03573703 252.16344505016 -46.96843550557 2974.43848 -2.159 -2.0330000000000004
252.09550632275 -47.04044174233 0.048 0.033 7.7327 "" "" 5939613357187427328 2932.13696 0.3295 0.0575 0.199 -1.437 0.071 0.058 1.056 8999.6 4.2962 16.499681 1.553145 17.179428 15.626283 "" "" 2549.12061 3459.68774 4732.32344 3.0771 1835.0 12.222 4452.9 12.722 "" "" 0.0028443268271084957 0.0077511393 0.0048893667 0.012640506 252.09550632275 -47.04044174233 2932.13696 0.199 -1.4369999999999998
251.80144426267 -47.0247995111 0.0528 0.0411 15.9326 "" "" 5939660189518208256 2556.41602 0.3636 0.0619 -2.955 -4.166 0.072 0.065 1.106 8181.7 4.0639 16.499743 1.96351 17.474937 15.511427 "" "" 2255.9353 3072.31226 4732.05333 2.5333 1397.8 7.1262 4949.8 9.3604 "" "" 0.002815961358357927 0.006198713 0.0043010875 0.010499801 251.80144426267 -47.0247995111 2556.41602 -2.955 -4.166000000000001
251.99392519512 -47.09084605081 0.0496 0.034 12.3159 "" "" 5939612292035543296 2626.26221 0.3731 0.0574 2.859 -1.962 0.072 0.057 0.956 5184.9 3.7765 16.500324 1.595776 17.251867 15.656092 "" "" 2347.57861 3030.41895 4729.51959 2.5427 1716.6 9.5347 4332.3 10.405 "" "" 0.0028164720923711424 0.0066448078 0.0045916797 0.011236487 251.99392519512 -47.09084605081 2626.26221 2.859000000000001 -1.9620000000000002
252.01449077533 -47.02880543162 0.0461 0.0325 8.8406 "" "" 5939614319260156288 2947.72339 0.3312 0.0563 -2.367 -4.88 0.068 0.054 0.953 7473.8 3.8862 16.500978 2.52092 17.884155 15.363235 "" "" 2465.26147 3564.2771 4726.67342 2.5988 958.86 7.8812 5673.7 8.9673 "" "" 0.0028192454016572666 0.009350055 0.0041507124 0.013500767 252.01449077533 -47.02880543162 2947.72339 -2.367 -4.880000000000001
252.21680552187 -47.1730838876 0.0493 0.0363 15.4377 "" "" 5939608512433300992 2656.95459 0.3549 0.0602 -3.874 -6.06 0.075 0.06 1.023 "" "" 16.502157 2.427473 17.762245 15.334772 "" "" 2296.46191 3108.92041 4721.54055 3.8975 1072.8 28.048 5824.4 38.784 "" "" 0.0028974202823169684 0.02852301 0.008158039 0.03668105 252.21680552187 -47.1730838876 2656.95459 -3.8740000000000006 -6.0600000000000005
