Clusters/Moffat_1/Moffat_1_stars_in_region.tsv
# %ECSV 1.0
# ---
# datatype:
# - name: RA_ICRS_1
#   unit: deg
#   datatype: float64
#   format: '{:15.11f}'
#   description: Right ascension (ICRS) at Ep=2016.0 (ra)
#   meta: !!omap
#   - {ucd: POS_EQ_RA_MAIN}
#   - {width: 15}
#   - {precision: '11'}
# - name: DE_ICRS_1
#   unit: deg
#   datatype: float64
#   format: '{:15.11f}'
#   description: Declination (ICRS) at Ep=2016.0 (dec)
#   meta: !!omap
#   - {ucd: POS_EQ_DEC_MAIN}
#   - {width: 15}
#   - {precision: '11'}
# - name: e_RA_ICRS
#   unit: mas
#   datatype: float64
#   format: '{:7.4f}'
#   description: Standard error of right ascension (ra_error)
#   meta: !!omap
#   - {ucd: ERROR}
#   - {width: 7}
#   - {precision: '4'}
# - name: e_DE_ICRS
#   unit: mas
#   datatype: float64
#   format: '{:7.4f}'
#   description: Standard error of declination (dec_error)
#   meta: !!omap
#   - {ucd: ERROR}
#   - {width: 7}
#   - {precision: '4'}
# - name: _r_1
#   unit: ''
#   datatype: float64
#   format: '{:7.4f}'
#   description: Distance from center (240.41021318000-54.15109644000)[ICRS], at Epoch=J2016.0
#   meta: !!omap
#   - {ucd: POS_ANG_DIST_GENERAL}
#   - {width: 7}
#   - {precision: '4'}
# - name: HIP
#   datatype: int32
#   description: '? HIP cross-id number, van Leeuwen, Cat. I/311 (hip_original_ext_source_id)'
#   meta: !!omap
#   - {ucd: ID_NUMBER}
#   - {width: 6}
#   - values: {'null': -2147483648}
# - name: TYC2
#   datatype: string
#   description: Tycho-2 cross-id name, Hog et al., Cat. I/259 (tyc2_original_ext_source_id)
#   meta: !!omap
#   - {ucd: ID_CROSSID}
#   - {_votable_string_dtype: char}
# - name: Source
#   datatype: int64
#   description: Source identifier, identical to the Gaia-EDR3 source_id (id)
#   meta: !!omap
#   - {ucd: ID_MAIN}
#   - {width: 19}
# - name: rgeo
#   unit: pc
#   datatype: float64
#   format: '{:15.8f}'
#   description: '? Median of the geometric distance posterior (r_med_geo)'
#   meta: !!omap
#   - {ucd: PHYS_DISTANCE_TRUE}
#   - {width: 15}
#   - {precision: '8'}
#   - values: {'null': .nan}
# - name: Plx
#   unit: mas
#   datatype: float64
#   format: '{:9.4f}'
#   description: '? Parallax (parallax)'
#   meta: !!omap
#   - {ucd: POS_PARLX_TRIG}
#   - {width: 9}
#   - {precision: '4'}
#   - values: {'null': .nan}
# - name: e_Plx
#   unit: mas
#   datatype: float32
#   format: '{:7.4f}'
#   description: '? Standard error of parallax (parallax_error)'
#   meta: !!omap
#   - {ucd: ERROR}
#   - {width: 7}
#   - {precision: '4'}
#   - values: {'null': .nan}
# - name: pmRA
#   unit: mas / yr
#   datatype: float64
#   format: '{:9.3f}'
#   description: '? Proper motion in right ascension direction, pmRA*cosDE (pmra)'
#   meta: !!omap
#   - {ucd: POS_EQ_PMRA}
#   - {width: 9}
#   - {precision: '3'}
#   - values: {'null': .nan}
# - name: pmDE
#   unit: mas / yr
#   datatype: float64
#   format: '{:9.3f}'
#   description: '? Proper motion in declination direction (pmdec)'
#   meta: !!omap
#   - {ucd: POS_EQ_PMDEC}
#   - {width: 9}
#   - {precision: '3'}
#   - values: {'null': .nan}
# - name: e_pmRA
#   unit: mas / yr
#   datatype: float32
#   format: '{:6.3f}'
#   description: '? Standard error of proper motion in right ascension direction (pmra_error)'
#   meta: !!omap
#   - {ucd: ERROR}
#   - {width: 6}
#   - {precision: '3'}
#   - values: {'null': .nan}
# - name: e_pmDE
[...]
#         unit: &id001 !astropy.units.Unit {unit: deg}
#         value: !astropy.table.SerializedColumn {name: SkyCoord.dec}
#       distance: !astropy.table.SerializedColumn
#         __class__: astropy.coordinates.distances.Distance
#         unit: !astropy.units.Unit {unit: pc}
#         value: !astropy.table.SerializedColumn {name: SkyCoord.distance}
#       frame: icrs
#       obstime: !astropy.time.Time {format: jyear_str, in_subfmt: '*', jd1: 367701545.0, jd2: 0.0, out_subfmt: '*', precision: 3, scale: tt}
#       pm_dec: !astropy.table.SerializedColumn
#         __class__: astropy.units.quantity.Quantity
#         unit: !astropy.units.Unit {unit: mas / yr}
#         value: !astropy.table.SerializedColumn {name: SkyCoord.pm_dec}
#       pm_ra_cosdec: !astropy.table.SerializedColumn
#         __class__: astropy.units.quantity.Quantity
#         unit: !astropy.units.Unit {unit: mas / yr}
#         value: !astropy.table.SerializedColumn {name: SkyCoord.pm_ra_cosdec}
#       ra: !astropy.table.SerializedColumn
#         __class__: astropy.coordinates.angles.Longitude
#         unit: *id001
#         value: !astropy.table.SerializedColumn {name: SkyCoord.ra}
#         wrap_angle: !astropy.coordinates.Angle
#           unit: *id001
#           value: 360.0
#       representation_type: spherical
# schema: astropy-2.0
RA_ICRS_1 DE_ICRS_1 e_RA_ICRS e_DE_ICRS _r_1 HIP TYC2 Source rgeo Plx e_Plx pmRA pmDE e_pmRA e_pmDE RUWE Teff logg Gmag BP-RP BPmag RPmag RV e_RV b_rgeo B_rgeo FG e_FG FBP e_FBP FRP e_FRP RAVE5 RAVE6 e_Gmag e_BPmag e_RPmag e_BP-RP SkyCoord.ra SkyCoord.dec SkyCoord.distance SkyCoord.pm_ra_cosdec SkyCoord.pm_dec
[from data line 1091]
240.61165899463 -54.0065601303 0.0381 0.0278 11.2021 "" "" 5932773054874510976 2058.85229 0.4645 0.0512 -4.346 -5.072 0.059 0.047 1.003 7668.4 4.2964 16.446291 1.755007 17.296623 15.541616 "" "" 1869.1958 2307.93237 4970.84449 1.9272 1647.3 7.0631 4814.1 7.4519 "" "" 0.0027872890860214557 0.0054274113 0.0041362178 0.009563629 240.61165899463 -54.0065601303 2058.85229 -4.346000000000001 -5.072000000000001
240.00067478959 -54.19476516599 0.0354 0.0265 14.6199 "" "" 5980783608000873856 2535.13647 0.3682 0.0479 -3.227 -5.693 0.055 0.047 0.996 8042.1 3.6107 16.446785 1.898057 17.386818 15.488761 "" "" 2251.92017 2893.66235 4968.58936 1.9781 1516.0 6.7894 5054.2 7.6318 "" "" 0.0027890201265869316 0.0056061232 0.004119652 0.009725776 240.00067478959 -54.19476516599 2535.13647 -3.227 -5.693
240.39443787259 -53.98773060545 0.0413 0.0299 9.8177 "" "" 5932776765726380672 2339.13745 0.4098 0.0566 -3.103 -4.008 0.067 0.052 1.084 8160.1 4.2411 16.448133 1.870832 17.360031 15.489199 "" "" 2094.81934 2594.95508 4962.42099 2.0201 1553.8 6.8866 5052.2 7.1789 "" "" 0.002790544139705811 0.0055624894 0.0040821405 0.009644629 240.39443787259 -53.98773060545 2339.13745 -3.1030000000000006 -4.008000000000001
240.17558630501 -54.37096810176 0.0367 0.0272 15.545 "" "" 5932741065955910400 2041.64148 0.4612 0.0545 -3.708 -5.386 0.057 0.046 0.979 6419.3 3.7432 16.448538 2.716677 17.979118 15.262442 "" "" 1800.74768 2356.20117 4960.56939 2.5369 878.56 5.8512 6225.6 7.6304 "" "" 0.002810712132797195 0.007750631 0.004006816 0.011757446 240.17558630501 -54.37096810176 2041.64148 -3.7080000000000006 -5.386000000000001
240.01259573357 -54.11659144651 0.036 0.0267 14.1302 "" "" 5980784226476012288 2603.55566 0.3698 0.0481 -4.597 -5.014 0.053 0.045 1.01 9272.2 4.0219 16.448832 1.908678 17.393555 15.484877 "" "" 2293.75171 2922.94482 4959.22692 2.0463 1506.6 6.6261 5072.3 16.102 "" "" 0.002791504056223965 0.0055305357 0.0051150005 0.010645537 240.01259573357 -54.11659144651 2603.55566 -4.597 -5.014000000000001
240.55582780084 -53.92263094705 0.0381 0.0287 14.6367 "" "" 5932777968317230976 2580.84692 0.3687 0.0508 -3.694 -4.55 0.058 0.049 1.06 9283.7 3.9724 16.448862 1.601557 17.19638 15.594824 "" "" 2221.55518 2933.8999 4959.09077 2.1762 1806.6 7.0106 4583.8 7.8845 "" "" 0.0027962113421920666 0.00505337 0.0042156233 0.0092689935 240.55582780084 -53.92263094705 2580.84692 -3.6940000000000004 -4.55
240.2174823014 -54.06367378855 0.0361 0.0267 8.5718 "" "" 5980789792753990272 2232.99561 0.4208 0.0498 -2.772 -2.882 0.056 0.046 0.949 9502.0 4.1688 16.450687 1.704895 17.238085 15.53319 "" "" 2020.19861 2466.58936 4950.76121 1.9386 1738.5 7.2797 4851.6 10.514 "" "" 0.002787927643749517 0.0053342637 0.0044519617 0.009786226 240.2174823014 -54.06367378855 2232.99561 -2.7719999999999994 -2.882
240.73738260967 -54.0862088102 0.0416 0.0299 12.1463 "" "" 5932759929453535104 2370.34155 0.4001 0.0536 -1.602 -4.291 0.062 0.051 1.013 "" "" 16.45198 1.867407 17.370783 15.503376 "" "" 2148.10815 2687.90747 4944.86763 1.9568 1538.5 7.3639 4986.6 6.1188 "" "" 0.0027886178627560443 0.0058984417 0.004007321 0.009905763 240.73738260967 -54.0862088102 2370.34155 -1.6020000000000003 -4.291
240.56863949226 -54.32646760283 0.0394 0.0285 11.8986 "" "" 5932733300654563968 2270.97461 0.4313 0.049 -5.852 -3.735 0.06 0.049 0.956 6671.9 4.0103 16.453062 1.958925 17.442396 15.483471 "" "" 2019.23218 2557.48755 4939.94352 2.0754 1440.3 7.1139 5078.9 10.31 "" "" 0.002792822737276797 0.006045082 0.0043750866 0.010420169 240.56863949226 -54.32646760283 2270.97461 -5.852 -3.7349999999999994
240.69796789065 -54.18283926286 0.0401 0.0285 10.2854 "" "" 5932759139179475456 2247.70947 0.4287 0.0509 -3.938 -3.782 0.056 0.048 0.987 8631.6 4.2719 16.45505 1.98242 17.446732 15.464312 "" "" 2007.72131 2474.83228 4930.90901 2.1833 1434.6 6.883 5169.3 8.9255 "" "" 0.00279694491153165 0.0059093856 0.004218782 0.010128167 240.69796789065 -54.18283926286 2247.70947 -3.9379999999999997 -3.782
240.56548032568 -53.97541416848 0.0384 0.0285 11.8745 "" "" 5932773329752723200 2030.05786 0.4731 0.053 -1.837 -3.966 0.06 0.049 0.961 8183.7 4.2945 16.456217 1.558226 17.171537 15.613312 "" "" 1840.26978 2282.46045 4925.61139 2.0796 1848.4 6.2438 4506.4 8.8953 "" "" 0.0027931916044103603 0.004608259 0.0043447525 0.008953012 240.56548032568 -53.97541416848 2030.05786 -1.837 -3.966
240.3987757989 -54.07224059713 0.0431 0.0304 4.7484 "" "" 5932752061072851328 2270.15015 0.4395 0.0606 -3.163 -3.802 0.067 0.052 1.053 5381.5 4.2676 16.458513 1.632144 17.215534 15.58339 "" "" 2005.82019 2687.78345 4915.20606 2.1943 1775.0 7.7581 4632.4 10.266 "" "" 0.0027976292629780463 0.005504975 0.0044803126 0.009985288 240.3987757989 -54.07224059713 2270.15015 -3.163 -3.8020000000000005
240.68525450096 -54.0189729116 0.0384 0.0285 12.5119 "" "" 5932773535910795648 2708.80786 0.3538 0.0516 -3.26 -3.408 0.058 0.049 1.026 8175.5 3.6155 16.46116 1.908438 17.407715 15.499277 "" "" 2313.66992 3053.78662 4903.23315 1.9697 1487.1 5.923 5005.5 5.8378 "" "" 0.0027896274784307363 0.0051464047 0.0039858706 0.009132275 240.68525450096 -54.0189729116 2708.80786 -3.259999999999999 -3.407999999999999
240.11908897079 -54.23207854852 0.0366 0.0271 11.3161 "" "" 5932744158332562944 2263.32471 0.4165 0.0499 -2.726 -3.021 0.055 0.047 0.988 6726.6 3.2834 16.461924 2.133976 17.552008 15.418032 "" "" 2061.15234 2532.87354 4899.79094 2.1499 1302.0 5.431 5394.4 8.4488 "" "" 0.002796200874252725 0.0053194 0.004144324 0.009463724 240.11908897079 -54.23207854852 2263.32471 -2.726 -3.021000000000001
240.07262669725 -54.2124433958 0.0381 0.029 12.412 "" "" 5980782611574580096 2176.05615 0.4387 0.053 -4.325 -6.199 0.056 0.049 1.027 8041.5 4.2261 16.462126 2.004498 17.476488 15.47199 "" "" 1966.26685 2416.61157 4898.87774 1.913 1395.8 4.8812 5132.9 7.7562 "" "" 0.0027877493084636365 0.004711836 0.0041201203 0.008831956 240.07262669725 -54.2124433958 2176.05615 -4.325000000000001 -6.199000000000001
240.51319448995 -53.90295191703 0.0403 0.0282 15.3247 "" "" 5932778243195178112 2580.53931 0.3784 0.0527 0.26 -7.429 0.061 0.05 0.983 4823.2 4.1173 16.462658 1.961472 17.449213 15.48774 "" "" 2256.38379 3072.2854 4896.47909 1.8275 1431.3 6.7318 5059.0 6.5481 "" "" 0.002784959224039085 0.005819069 0.0040322016 0.009851271 240.51319448995 -53.90295191703 2580.53931 0.2599999999999998 -7.429
240.33437107275 -54.07538176814 0.0365 0.0279 5.2681 "" "" 5932751923633924480 2410.51465 0.4062 0.053 -3.38 -4.813 0.06 0.047 0.99 9271.8 4.1836 16.463358 1.512875 17.15819 15.645315 "" "" 2119.13599 2739.68823 4893.32013 1.8161 1871.3 9.9596 4375.5 8.3495 "" "" 0.0027846301445352962 0.0064169536 0.004310019 0.0107269725 240.33437107275 -54.07538176814 2410.51465 -3.379999999999999 -4.813
240.30717188476 -54.15247851786 0.0406 0.0291 3.6217 "" "" 5932750102567700480 2168.0459 0.429 0.0527 -3.509 -3.485 0.06 0.05 1.034 4987.2 3.6313 16.465122 2.147629 17.551773 15.404144 "" "" 1935.88855 2478.30591 4885.37543 2.1436 1302.3 7.0213 5463.9 10.967 "" "" 0.0027962018232945665 0.006484667 0.004362672 0.010847339 240.30717188476 -54.15247851786 2168.0459 -3.509 -3.4849999999999994
240.26054900876 -53.93053537152 0.0391 0.028 14.2455 "" "" 5980792301015005056 2420.19385 0.406 0.0545 -1.792 -3.628 0.06 0.049 1.013 9216.5 3.7107 16.465996 1.996712 17.462975 15.466263 "" "" 2160.01782 2758.96948 4881.44478 1.9035 1413.3 4.641 5160.0 11.817 "" "" 0.0027876582936937626 0.0045273313 0.004523961 0.009051292 240.26054900876 -53.93053537152 2420.19385 -1.7919999999999998 -3.6279999999999997
239.96985453822 -54.14180196731 0.0358 0.0266 15.4855 "" "" 5980784020317570432 2096.03613 0.4654 0.0478 -3.015 -3.215 0.054 0.046 1.025 7982.9 4.2482 16.467314 1.798063 17.337257 15.539194 "" "" 1879.93884 2373.83179 4875.52241 1.9991 1586.8 8.1766 4824.8 9.4389 "" "" 0.00279105292981869 0.0062518353 0.0043353606 0.010587196 239.96985453822 -54.14180196731 2096.03613 -3.0149999999999997 -3.214999999999999
240.63925978136 -54.02253432066 0.0388 0.0282 11.1571 "" "" 5932772230240753408 2421.64868 0.4092 0.0531 -3.225 -4.245 0.063 0.049 1.021 9211.3 3.9659 16.469498 1.814296 17.350342 15.536046 "" "" 2121.10938 2814.34839 4865.72723 1.9518 1567.8 5.5344 4838.8 6.7186 "" "" 0.002789528699693691 0.004740738 0.0040689516 0.008809689 240.63925978136 -54.02253432066 2421.64868 -3.224999999999999 -4.245
239.99629966272 -54.22599416998 0.036 0.0266 15.2103 "" "" 5980781340257844352 2640.39893 0.3543 0.0502 -2.69 -4.085 0.053 0.044 1.001 8531.0 3.7395 16.470852 1.820702 17.358952 15.53825 "" "" 2420.84619 2881.34546 4859.65723 1.9771 1555.4 7.0694 4829.0 7.3119 "" "" 0.0027905028570033834 0.0056689293 0.0041214568 0.009790386 239.99629966272 -54.22599416998 2640.39893 -2.6899999999999995 -4.084999999999999
240.81897098335 -54.18386573228 0.0374 0.028 14.4916 "" "" 5932758589423616512 2147.41797 0.4627 0.0507 -3.976 -5.136 0.055 0.046 1.006 8926.2 4.2261 16.472021 1.962415 17.452955 15.49054 "" "" 1918.40491 2400.08643 4854.43362 1.9236 1426.4 6.385 5045.9 9.4863 "" "" 0.0027887070618513136 0.0056040585 0.004295366 0.009899424 240.81897098335 -54.18386573228 2147.41797 -3.976 -5.135999999999999
240.37891119231 -54.21221251213 0.0417 0.0307 3.8281 "" "" 5932746769672966912 2766.27466 0.3482 0.0518 -3.211 -2.297 0.058 0.054 1.0 9386.5 4.3452 16.472425 1.738069 17.29879 15.560721 "" "" 2492.89136 3187.32861 4852.62639 1.9277 1644.0 7.8642 4730.1 14.113 "" "" 0.0027888735153316067 0.005895727 0.0049777366 0.010873463 240.37891119231 -54.21221251213 2766.27466 -3.2110000000000003 -2.297
240.21818442456 -54.18074935806 0.0356 0.0272 6.976 "" "" 5932750343085873536 2222.70654 0.4307 0.0494 -5.003 -3.594 0.052 0.046 0.959 4781.0 3.5015 16.472546 2.171581 17.597057 15.425476 "" "" 2016.6908 2478.50342 4852.0848 1.8786 1249.1 5.3414 5357.6 7.3054 "" "" 0.002787202747063492 0.00541672 0.0040590027 0.009475723 240.21818442456 -54.18074935806 2222.70654 -5.003 -3.594
240.60263575504 -54.06972387118 0.0366 0.0268 8.3454 "" "" 5932771680484903680 2620.39551 0.3665 0.0516 -4.552 -5.059 0.055 0.048 0.99 "" "" 16.474142 1.785907 17.328476 15.542569 "" "" 2333.06396 2990.36597 4844.95878 1.9311 1599.7 5.2947 4809.8 6.716 "" "" 0.0027890972762196035 0.0045495993 0.0040721097 0.008621709 240.60263575504 -54.06972387118 2620.39551 -4.552 -5.059
240.4871042355 -54.10025482387 0.0384 0.0295 4.0761 "" "" 5932748899976840832 2696.06689 0.3621 0.0519 -3.394 -4.517 0.055 0.051 0.96 "" "" 16.477673 1.502256 17.167181 15.664925 "" "" 2381.17896 3033.6582 4829.22662 1.8055 1855.9 7.113 4297.2 8.7253 "" "" 0.002785060735835896 0.0050100847 0.004375357 0.009385442 240.4871042355 -54.10025482387 2696.06689 -3.3940000000000006 -4.517000000000001
240.39574788153 -54.38801087522 0.0501 0.0381 14.2239 "" "" 5932738454616025472 2628.47778 0.3514 0.0625 -1.966 -0.004 0.077 0.066 1.202 4645.7 2.6477 16.47835 3.116617 18.272314 15.155697 "" "" 2199.36304 3282.68457 4826.2192 3.3078 670.64 12.111 6868.8 16.562 "" "" 0.0028540389705413406 0.019804697 0.004597524 0.024402222 240.39574788153 -54.38801087522 2628.47778 -1.966 -0.003999999999999985
240.43381140593 -54.17160616008 0.0399 0.0279 1.4838 "" "" 5932748212782003072 2803.94312 0.3517 0.0527 -5.54 -4.742 0.059 0.053 1.002 7792.9 4.0627 16.478987 1.776208 17.338223 15.562015 "" "" 2484.11133 3185.04321 4823.38385 2.0418 1585.4 7.2322 4724.5 6.9304 "" "" 0.002793389885109764 0.005684703 0.0041012606 0.009785963 240.43381140593 -54.17160616008 2803.94312 -5.540000000000001 -4.742
240.44983813642 -54.21226769574 0.0377 0.0281 3.9251 "" "" 5932746632233980288 2586.6709 0.3779 0.0519 -2.287 -4.436 0.059 0.049 0.926 8400.4 4.2078 16.479065 1.59042 17.214968 15.624548 "" "" 2326.88647 2938.08887 4823.04102 3.1722 1775.9 8.2847 4460.0 10.218 "" "" 0.0028463554996674056 0.0057827025 0.004524507 0.01030721 240.44983813642 -54.21226769574 2586.6709 -2.287 -4.436
240.70559215706 -54.31143340376 0.043 0.0315 14.1372 "" "" 5932733880400486272 2324.76489 0.429 0.057 -2.25 -3.549 0.069 0.054 1.161 "" "" 16.479786 2.02649 17.428106 15.401616 "" "" 2073.77515 2734.72339 4819.83854 2.4098 1459.4 5.4875 5476.6 7.6971 "" "" 0.0028082852458938905 0.0049448684 0.004075813 0.0090206815 240.70559215706 -54.31143340376 2324.76489 -2.25 -3.549
240.66839558758 -54.36052442669 0.039 0.0293 15.485 "" "" 5932732235502578688 2877.1123 0.3252 0.0512 -1.913 -2.684 0.061 0.048 1.026 7644.2 3.7604 16.480299 2.331996 17.71303 15.381034 "" "" 2483.42847 3362.45508 4817.56377 3.0062 1122.5 5.4226 5581.4 11.281 "" "" 0.002837394418404419 0.005940966 0.0043702866 0.010311252 240.66839558758 -54.36052442669 2877.1123 -1.9129999999999998 -2.684
240.18060763042 -54.11778766986 0.036 0.0274 8.3151 "" "" 5932750824122310656 2336.20703 0.4176 0.0496 -0.952 -1.697 0.054 0.046 0.975 6579.9 3.6908 16.480366 2.076837 17.546833 15.469996 "" "" 2139.83496 2680.7417 4817.26088 1.8783 1308.2 6.4005 5142.3 10.837 "" "" 0.002787652411115813 0.0060002645 0.0044180485 0.010418313 240.18060763042 -54.11778766986 2336.20703 -0.952 -1.697
240.55735711492 -54.06258957756 0.0383 0.0287 7.4156 "" "" 5932772470758909312 2659.98364 0.3585 0.0532 -2.29 -2.907 0.057 0.049 0.999 7099.2 3.6305 16.480442 1.822981 17.361603 15.538622 "" "" 2372.50684 3202.78003 4816.92755 4.3967 1551.6 8.8732 4827.4 13.494 "" "" 0.002928122880909937 0.0068071503 0.004847129 0.011654279 240.55735711492 -54.06258957756 2659.98364 -2.2899999999999996 -2.9069999999999996
240.13273623827 -54.2700585086 0.0388 0.0287 12.0723 "" "" 5932743814735130240 2722.09473 0.3574 0.0539 -1.997 -1.004 0.058 0.048 1.024 7985.2 4.1307 16.480986 1.908818 17.42851 15.519692 "" "" 2434.0769 3050.14038 4814.51163 2.1235 1458.9 5.5484 4912.3 7.1697 "" "" 0.0027966252827049116 0.0049835118 0.004098161 0.009081673 240.13273623827 -54.2700585086 2722.09473 -1.997 -1.004
240.52538799479 -54.33022285704 0.1533 0.1099 11.4812 "" "" 5932733163143336320 2659.7041 0.5044 0.189 -4.354 -5.519 0.22 0.179 1.575 3802.6 0.7283 16.481476 5.534414 20.342453 14.808039 "" "" 1741.77515 3755.09644 4812.34189 7.9738 99.64 5.06 9461.1 17.512 "" "" 0.0032906261259691466 0.055207297 0.004280465 0.059487764 240.52538799479 -54.33022285704 2659.7041 -4.354000000000001 -5.519
240.38433510696 -54.05949658057 0.0395 0.0283 5.5709 "" "" 5932752267231304832 2185.62207 0.447 0.0548 -4.446 -5.292 0.062 0.049 0.992 8015.5 4.0253 16.481823 1.805641 17.359941 15.5543 "" "" 1951.06592 2447.38989 4810.8009 1.896 1554.0 5.0663 4758.1 6.5776 "" "" 0.0027883490328990284 0.004507149 0.0040665087 0.008573658 240.38433510696 -54.05949658057 2185.62207 -4.446 -5.292
240.03008644199 -54.26128615101 0.0377 0.0264 14.888 "" "" 5980780962300686208 2230.09741 0.4215 0.0546 -0.224 -3.602 0.057 0.044 0.978 7646.5 3.4545 16.482574 2.193566 17.628061 15.434495 "" "" 1966.78845 2497.91064 4807.47415 2.5121 1213.9 8.238 5313.2 8.6419 "" "" 0.0028131237718523106 0.007878823 0.004171605 0.012050428 240.03008644199 -54.26128615101 2230.09741 -0.22399999999999998 -3.602
240.1581444885 -54.04531861326 0.034 0.0255 10.9057 "" "" 5980789964552711168 2689.59546 0.347 0.0465 -0.491 -1.614 0.053 0.042 1.003 7073.3 4.0967 16.482779 2.012215 17.498682 15.486467 "" "" 2385.83716 3012.78125 4806.57135 1.7722 1367.6 4.7207 5064.9 6.0471 "" "" 0.0027842487933173554 0.004672338 0.003995508 0.008667845 240.1581444885 -54.04531861326 2689.59546 -0.4910000000000001 -1.6140000000000003
240.64589611588 -54.32650727836 0.0386 0.0284 13.3815 "" "" 5932732613459762176 2503.53564 0.3928 0.0515 -1.467 -2.588 0.059 0.048 0.989 6878.1 4.1715 16.483355 1.875472 17.40369 15.528218 "" "" 2200.74951 2803.14893 4804.0241 2.012 1492.6 5.4782 4873.8 7.7871 "" "" 0.002792590658416665 0.0048646247 0.004158488 0.009023113 240.64589611588 -54.32650727836 2503.53564 -1.4669999999999999 -2.588
