Clusters/Moffat_1/Moffat_1_stars_in_region.tsv
# %ECSV 1.0
# ---
# datatype:
# - name: RA_ICRS_1
#   unit: deg
#   datatype: float64
#   format: '{:15.11f}'
#   description: Right ascension (ICRS) at Ep=2016.0 (ra)
#   meta: !!omap
#   - {ucd: POS_EQ_RA_MAIN}
#   - {width: 15}
#   - {precision: '11'}
# - name: DE_ICRS_1
#   unit: deg
#   datatype: float64
#   format: '{:15.11f}'
#   description: Declination (ICRS) at Ep=2016.0 (dec)
#   meta: !!omap
#   - {ucd: POS_EQ_DEC_MAIN}
#   - {width: 15}
#   - {precision: '11'}
# - name: e_RA_ICRS
#   unit: mas
#   datatype: float64
#   format: '{:7.4f}'
#   description: Standard error of right ascension (ra_error)
#   meta: !!omap
#   - {ucd: ERROR}
#   - {width: 7}
#   - {precision: '4'}
# - name: e_DE_ICRS
#   unit: mas
#   datatype: float64
#   format: '{:7.4f}'
#   description: Standard error of declination (dec_error)
#   meta: !!omap
#   - {ucd: ERROR}
#   - {width: 7}
#   - {precision: '4'}
# - name: _r_1
#   unit: ''
#   datatype: float64
#   format: '{:7.4f}'
#   description: Distance from center (240.41021318000-54.15109644000)[ICRS], at Epoch=J2016.0
#   meta: !!omap
#   - {ucd: POS_ANG_DIST_GENERAL}
#   - {width: 7}
#   - {precision: '4'}
# - name: HIP
#   datatype: int32
#   description: '? HIP cross-id number, van Leeuwen, Cat. I/311 (hip_original_ext_source_id)'
#   meta: !!omap
#   - {ucd: ID_NUMBER}
#   - {width: 6}
#   - values: {'null': -2147483648}
# - name: TYC2
#   datatype: string
#   description: Tycho-2 cross-id name, Hog et al., Cat. I/259 (tyc2_original_ext_source_id)
#   meta: !!omap
#   - {ucd: ID_CROSSID}
#   - {_votable_string_dtype: char}
# - name: Source
#   datatype: int64
#   description: Source identifier, identical to the Gaia-EDR3 source_id (id)
#   meta: !!omap
#   - {ucd: ID_MAIN}
#   - {width: 19}
# - name: rgeo
#   unit: pc
#   datatype: float64
#   format: '{:15.8f}'
#   description: '? Median of the geometric distance posterior (r_med_geo)'
#   meta: !!omap
#   - {ucd: PHYS_DISTANCE_TRUE}
#   - {width: 15}
#   - {precision: '8'}
#   - values: {'null': .nan}
# - name: Plx
#   unit: mas
#   datatype: float64
#   format: '{:9.4f}'
#   description: '? Parallax (parallax)'
#   meta: !!omap
#   - {ucd: POS_PARLX_TRIG}
#   - {width: 9}
#   - {precision: '4'}
#   - values: {'null': .nan}
# - name: e_Plx
#   unit: mas
#   datatype: float32
#   format: '{:7.4f}'
#   description: '? Standard error of parallax (parallax_error)'
#   meta: !!omap
#   - {ucd: ERROR}
#   - {width: 7}
#   - {precision: '4'}
#   - values: {'null': .nan}
# - name: pmRA
#   unit: mas / yr
#   datatype: float64
#   format: '{:9.3f}'
#   description: '? Proper motion in right ascension direction, pmRA*cosDE (pmra)'
#   meta: !!omap
#   - {ucd: POS_EQ_PMRA}
#   - {width: 9}
#   - {precision: '3'}
#   - values: {'null': .nan}
# - name: pmDE
#   unit: mas / yr
#   datatype: float64
#   format: '{:9.3f}'
#   description: '? Proper motion in declination direction (pmdec)'
#   meta: !!omap
#   - {ucd: POS_EQ_PMDEC}
#   - {width: 9}
#   - {precision: '3'}
#   - values: {'null': .nan}
# - name: e_pmRA
#   unit: mas / yr
#   datatype: float32
#   format: '{:6.3f}'
#   description: '? Standard error of proper motion in right ascension direction (pmra_error)'
#   meta: !!omap
#   - {ucd: ERROR}
#   - {width: 6}
#   - {precision: '3'}
#   - values: {'null': .nan}
# - name: e_pmDE
[...]
#         unit: &id001 !astropy.units.Unit {unit: deg}
#         value: !astropy.table.SerializedColumn {name: SkyCoord.dec}
#       distance: !astropy.table.SerializedColumn
#         __class__: astropy.coordinates.distances.Distance
#         unit: !astropy.units.Unit {unit: pc}
#         value: !astropy.table.SerializedColumn {name: SkyCoord.distance}
#       frame: icrs
#       obstime: !astropy.time.Time {format: jyear_str, in_subfmt: '*', jd1: 367701545.0, jd2: 0.0, out_subfmt: '*', precision: 3, scale: tt}
#       pm_dec: !astropy.table.SerializedColumn
#         __class__: astropy.units.quantity.Quantity
#         unit: !astropy.units.Unit {unit: mas / yr}
#         value: !astropy.table.SerializedColumn {name: SkyCoord.pm_dec}
#       pm_ra_cosdec: !astropy.table.SerializedColumn
#         __class__: astropy.units.quantity.Quantity
#         unit: !astropy.units.Unit {unit: mas / yr}
#         value: !astropy.table.SerializedColumn {name: SkyCoord.pm_ra_cosdec}
#       ra: !astropy.table.SerializedColumn
#         __class__: astropy.coordinates.angles.Longitude
#         unit: *id001
#         value: !astropy.table.SerializedColumn {name: SkyCoord.ra}
#         wrap_angle: !astropy.coordinates.Angle
#           unit: *id001
#           value: 360.0
#       representation_type: spherical
# schema: astropy-2.0
RA_ICRS_1 DE_ICRS_1 e_RA_ICRS e_DE_ICRS _r_1 HIP TYC2 Source rgeo Plx e_Plx pmRA pmDE e_pmRA e_pmDE RUWE Teff logg Gmag BP-RP BPmag RPmag RV e_RV b_rgeo B_rgeo FG e_FG FBP e_FBP FRP e_FRP RAVE5 RAVE6 e_Gmag e_BPmag e_RPmag e_BP-RP SkyCoord.ra SkyCoord.dec SkyCoord.distance SkyCoord.pm_ra_cosdec SkyCoord.pm_dec
[from data line 603]
240.16057599883 -54.29813124371 0.025 0.0192 12.4299 "" "" 5932741512632608384 2204.87158 0.4212 0.0347 -4.847 -5.845 0.038 0.032 0.993 6999.2 3.2132 15.671624 1.897857 16.599941 14.702085 "" "" 2060.78809 2402.91187 10146.04765 3.0766 3129.3 8.9571 10431.0 11.909 "" "" 0.0027749200563779467 0.0041764923 0.0039774715 0.008153964 240.16057599883 -54.29813124371 2204.87158 -4.847 -5.845
240.58878072633 -53.9576841411 0.0252 0.0197 13.1994 "" "" 5932774841580985728 2200.61279 0.4185 0.0357 -6.21 -5.507 0.042 0.033 0.962 4893.6 3.4585 15.672289 2.200637 16.82154 14.620904 "" "" 2011.71777 2420.43188 10139.84198 2.9225 2551.5 7.3811 11241.0 8.3574 "" "" 0.0027730334968871233 0.004201203 0.003864625 0.008065828 240.58878072633 -53.9576841411 2200.61279 -6.209999999999999 -5.507
240.43345813484 -54.14029013029 0.0277 0.0216 1.0429 "" "" 5932748556311216512 2133.53296 0.4334 0.039 -2.299 -2.972 0.042 0.039 1.143 15011.2 4.3358 15.677621 1.608145 16.40699 14.798845 "" "" 1997.59448 2314.50342 10090.17075 3.0969 3737.8 14.519 9541.6 19.528 "" "" 0.0027753983809624683 0.0050568297 0.004384221 0.009441051 240.43345813484 -54.14029013029 2133.53296 -2.2990000000000004 -2.972
240.56335457194 -54.24632094967 0.0268 0.0198 7.8444 "" "" 5932735293519467264 2802.20459 0.3149 0.0354 -1.602 -1.614 0.04 0.035 1.012 4510.3 2.145 15.67905 2.949508 17.390627 14.441119 -34.54 5.61 2556.41846 3116.34155 10076.89005 3.7827 1510.7 6.6708 13265.0 9.3246 "" "" 0.002785300841244954 0.0055470928 0.0038556743 0.009402767 240.56335457194 -54.24632094967 2802.20459 -1.602 -1.6139999999999999
240.37278002398 -53.91733768241 0.0259 0.0194 14.0874 "" "" 5932777556000456960 2303.62793 0.4025 0.0352 -2.822 -4.136 0.041 0.033 0.947 "" "" 15.680912 2.159514 16.791565 14.632051 "" "" 2088.02124 2566.16357 10059.62607 3.9962 2623.0 8.5221 11126.0 11.509 "" "" 0.0027888739424682483 0.0044976245 0.003942728 0.008440353 240.37278002398 -53.91733768241 2303.62793 -2.821999999999999 -4.135999999999999
240.36050255379 -54.25482962819 0.025 0.0185 6.4639 "" "" 5932746254276847872 2129.97729 0.44 0.0337 -2.311 -3.102 0.037 0.032 0.991 "" "" 15.681057 1.397725 16.302935 14.90521 "" "" 1992.41162 2275.59473 10058.28865 2.6458 4113.8 7.4643 8651.2 7.0849 "" "" 0.0027700823817408244 0.0034155557 0.0038825686 0.007298124 240.36050255379 -54.25482962819 2129.97729 -2.311 -3.1019999999999994
240.714600859 -53.98086675432 0.0264 0.0193 14.8052 "" "" 5932774051306904960 2438.3623 0.3742 0.0361 -3.187 -4.176 0.042 0.035 0.965 "" "" 15.683005 1.216747 16.203583 14.986835 "" "" 2273.97144 2650.26562 10040.24864 2.5123 4508.0 9.4795 8024.6 8.3705 "" "" 0.002768681504810958 0.0036052205 0.0039454233 0.0075506438 240.714600859 -53.98086675432 2438.3623 -3.187 -4.175999999999999
240.59833807485 -54.10213917485 0.027 0.02 7.2373 "" "" 5932771543048340224 2542.30518 0.3602 0.0357 -3.143 -3.655 0.039 0.034 0.992 7942.3 3.4736 15.684587 1.547856 16.39079 14.842935 "" "" 2363.69458 2742.1123 10025.63168 2.5642 3794.0 9.4765 9161.9 10.484 "" "" 0.0027692783586391882 0.00389095 0.003978356 0.007869306 240.59833807485 -54.10213917485 2542.30518 -3.143 -3.6550000000000002
240.43065710476 -54.1077309288 0.0259 0.0192 2.6994 "" "" 5932748659458690176 2107.04932 0.454 0.0372 -5.608 -5.524 0.04 0.034 1.004 7473.6 3.6236 15.684892 1.832582 16.580708 14.748126 "" "" 1959.78723 2300.97632 10022.82231 2.7167 3185.2 7.0381 9997.9 10.613 "" "" 0.0027709919151532782 0.0036797537 0.00395121 0.007630964 240.43065710476 -54.1077309288 2107.04932 -5.608 -5.523999999999999
240.7069278666 -53.98584674427 0.0257 0.0193 14.403 "" "" 5932774051306900864 2259.59058 0.4063 0.0357 -6.534 -8.209 0.041 0.033 0.927 7491.2 4.137 15.688357 1.508093 16.360567 14.852474 "" "" 2102.59619 2505.91821 9990.88519 2.5547 3901.1 10.054 9081.7 10.3 "" "" 0.0027692716787723424 0.0039515663 0.0039749267 0.007926493 240.7069278666 -53.98584674427 2259.59058 -6.534 -8.209
240.36162585371 -54.38733751719 0.0257 0.0189 14.2763 "" "" 5932738557694909184 2547.54858 0.35 0.0333 -3.627 -4.548 0.039 0.031 1.002 "" "" 15.689237 1.560858 16.404715 14.843857 "" "" 2364.41309 2717.42529 9982.79766 2.6447 3745.7 7.8613 9154.1 10.433 "" "" 0.0027702934599825365 0.003602428 0.0039768005 0.0075792284 240.36162585371 -54.38733751719 2547.54858 -3.627 -4.547999999999999
240.73297795117 -54.21401455388 0.0277 0.02 11.9452 "" "" 5932758314545710592 2646.10742 0.3534 0.0379 -3.337 -4.536 0.043 0.036 0.957 9029.3 3.6184 15.689792 1.319438 16.265448 14.94601 "" "" 2378.12549 2930.35986 9977.69452 2.8137 4258.3 9.0851 8332.1 10.07 "" "" 0.0027722794700895752 0.0036264115 0.0040006987 0.00762711 240.73297795117 -54.21401455388 2646.10742 -3.3369999999999997 -4.536
240.00604926073 -54.25184069602 0.0243 0.0188 15.4188 "" "" 5980781168459124736 2452.10669 0.3654 0.036 -3.863 -5.666 0.037 0.031 0.984 6441.3 2.9578 15.693603 2.747291 17.247616 14.500325 -74.74 5.15 2263.80151 2672.79028 9942.73066 3.2503 1723.3 5.488 12561.0 7.6689 "" "" 0.002778086451358731 0.004442994 0.0038370735 0.008280068 240.00604926073 -54.25184069602 2452.10669 -3.863 -5.666
240.60317197629 -54.0422856248 0.0258 0.0185 9.419 "" "" 5932772161521267712 2722.16138 0.3296 0.0363 -3.57 -3.19 0.042 0.033 1.02 6094.9 3.2566 15.694294 2.227393 16.860233 14.63284 "" "" 2452.62695 3085.7417 9936.39817 2.8905 2462.2 6.5508 11118.0 8.8363 "" "" 0.0027733634538566923 0.0040161377 0.0038766416 0.007892779 240.60317197629 -54.0422856248 2722.16138 -3.57 -3.1900000000000004
240.64994134202 -54.09878481016 0.027 0.0199 8.9945 "" "" 5932771405606975232 2497.23999 0.3623 0.0376 -0.634 -2.554 0.042 0.034 1.073 "" "" 15.695545 2.823169 17.307386 14.484218 -15.0 3.93 2294.26831 2715.60107 9924.95658 3.5951 1631.0 6.4498 12749.0 9.5987 "" "" 0.0027832466623919027 0.0051205102 0.003866775 0.008987285 240.64994134202 -54.09878481016 2497.23999 -0.6340000000000002 -2.554
240.69806267382 -54.193759388 0.0268 0.0195 10.4286 "" "" 5932759139179465216 2722.93408 0.3325 0.0351 -2.305 -4.559 0.04 0.033 1.011 9111.2 3.8502 15.695741 1.799408 16.536873 14.737465 "" "" 2478.30981 2990.28101 9923.1741 4.4662 3316.4 18.436 10097.0 32.585 "" "" 0.0027983179909500987 0.006649371 0.0051537296 0.0118031 240.69806267382 -54.193759388 2722.93408 -2.305 -4.558999999999999
240.48132497662 -54.131349377 0.027 0.0205 2.766 "" "" 5932748762537845120 2376.10156 0.4002 0.0358 -2.076 -2.157 0.04 0.036 1.024 9009.4 3.7605 15.697448 1.23728 16.227018 14.989738 "" "" 2163.5376 2635.80884 9907.58227 2.5384 4411.7 8.7422 8003.2 9.1213 "" "" 0.0027693266745151108 0.0035233437 0.0039767995 0.0075001433 240.48132497662 -54.131349377 2376.10156 -2.076 -2.1570000000000005
240.80116875509 -54.22903544573 0.0271 0.0199 14.4996 "" "" 5932755119089996032 2252.84668 0.4004 0.0382 -5.201 -5.513 0.044 0.032 1.028 4690.6 2.428 15.702607 2.789488 17.287554 14.498066 1.93 4.95 2100.44189 2410.76367 9860.60883 3.5689 1661.1 7.3832 12587.0 10.82 "" "" 0.002783201694482869 0.005574389 0.0038929177 0.009467307 240.80116875509 -54.22903544573 2252.84668 -5.200999999999999 -5.513
240.17014876266 -54.3330550096 0.0366 0.0273 13.7855 "" "" 5932741409559765248 2386.64331 0.3886 0.0501 -0.579 0.0 0.053 0.048 0.971 6800.0 3.3984 15.703289 2.562033 17.109976 14.547943 "" "" 2129.40479 2673.41455 9854.4226 3.6924 1956.3 6.7407 12022.0 10.65 "" "" 0.002785191480642505 0.004666961 0.003899851 0.008566812 240.17014876266 -54.3330550096 2386.64331 -0.579 -5.551115123125783e-17
240.70552953516 -54.04880584645 0.0269 0.0206 12.0672 "" "" 5932761681800221056 2265.57812 0.3963 0.0355 -1.05 -3.007 0.04 0.035 1.07 8744.6 3.5202 15.706985 1.613175 16.461157 14.847981 "" "" 2116.98218 2453.63428 9820.93719 2.4371 3555.9 6.7682 9119.4 8.0722 "" "" 0.0027684619406983524 0.0034721345 0.0038996616 0.0073717963 240.70552953516 -54.04880584645 2265.57812 -1.0499999999999998 -3.0069999999999997
240.51600122484 -54.08791909261 0.0269 0.0201 5.3111 "" "" 5932748934336582144 2263.77979 0.4164 0.037 -2.993 -3.062 0.041 0.034 0.955 6446.1 4.1398 15.709317 1.543995 16.292522 14.748528 "" "" 2116.0022 2471.72485 9799.86288 4.7078 4153.4 13.333 9994.2 181.42 "" "" 0.0028042533465071785 0.0044646193 0.020067954 0.024532573 240.51600122484 -54.08791909261 2263.77979 -2.9929999999999994 -3.0620000000000003
240.44116242785 -54.19119512328 0.0264 0.0195 2.6401 "" "" 5932746735313226496 2453.95532 0.3873 0.0373 -2.09 -3.831 0.04 0.035 0.974 8663.3 3.5264 15.710751 1.278185 16.268309 14.990124 "" "" 2234.55078 2714.48975 9786.92947 2.4065 4247.1 8.387 8000.3 10.373 "" "" 0.0027682237630461126 0.003518817 0.004033046 0.007551863 240.44116242785 -54.19119512328 2453.95532 -2.09 -3.831
240.55753078256 -54.10998703642 0.0317 0.024 5.7365 "" "" 5932748109702808320 2644.20972 0.3595 0.0439 -3.298 -2.912 0.046 0.041 1.273 8505.2 4.0008 15.714522 1.590657 16.441092 14.850434 "" "" 2405.89746 3043.27466 9752.9906 3.7393 3622.3 6.8062 9098.8 14.066 "" "" 0.0027865877808784948 0.0034564324 0.0041353297 0.007591762 240.55753078256 -54.10998703642 2644.20972 -3.298 -2.912
240.49805478989 -53.91247260117 0.0262 0.0196 14.6482 "" "" 5932778105756366336 2231.63452 0.4217 0.036 -4.392 -3.207 0.042 0.035 1.045 6806.2 3.6425 15.714566 1.619963 16.464516 14.844553 "" "" 2044.05139 2428.63965 9752.59452 2.5432 3545.0 7.3856 9148.2 10.24 "" "" 0.00276982879419568 0.0035918967 0.0039699767 0.0075618736 240.49805478989 -53.91247260117 2231.63452 -4.3919999999999995 -3.2070000000000003
240.50737160608 -54.08184301075 0.0263 0.0204 5.3797 "" "" 5932748934336595200 2361.97656 0.3938 0.0374 -1.295 -2.803 0.04 0.035 0.979 5024.9 3.5089 15.715535 2.020458 16.738205 14.717747 "" "" 2177.01294 2576.64771 9743.89288 3.0196 2755.1 7.6263 10282.0 12.711 "" "" 0.0027757879581069714 0.0041009043 0.004010649 0.008111553 240.50737160608 -54.08184301075 2361.97656 -1.2950000000000002 -2.803000000000001
240.18827526784 -54.14363274786 0.0249 0.0195 7.8122 "" "" 5932750721043059712 2023.54358 0.4666 0.0372 -2.441 -2.957 0.04 0.034 0.986 8582.8 4.0199 15.716198 1.466895 16.376143 14.909247 "" "" 1840.85107 2156.15503 9737.95446 2.4025 3845.6 7.6072 8619.0 7.0764 "" "" 0.0027683103817755343 0.003521066 0.0038830847 0.0074041504 240.18827526784 -54.14363274786 2023.54358 -2.4409999999999994 -2.9569999999999994
240.31550637349 -54.19155848897 0.0271 0.0201 4.118 "" "" 5932749484092348928 2981.20386 0.3041 0.0365 -3.086 -4.27 0.04 0.034 1.02 "" "" 15.716207 1.543455 15.968612 14.425157 "" "" 2710.55957 3384.59766 9737.87406 7.4593 5597.2 44.981 13462.0 36.951 "" "" 0.0028781048195892374 0.009160605 0.0048130173 0.013973623 240.31550637349 -54.19155848897 2981.20386 -3.086 -4.27
240.44057883757 -54.24030361957 0.0261 0.0198 5.4575 "" "" 5932745738881095040 2441.86523 0.3766 0.035 -3.036 -5.216 0.04 0.036 0.962 8521.3 3.6928 15.716419 1.299755 16.286154 14.986399 "" "" 2221.91113 2779.48242 9735.96741 2.4323 4177.9 7.4529 8027.8 8.5746 "" "" 0.002768639280222447 0.0033965218 0.003953303 0.007349825 240.44057883757 -54.24030361957 2441.86523 -3.0360000000000005 -5.216000000000001
240.60179906895 -54.29066312569 0.0403 0.0295 10.7374 "" "" 5932733472453280256 2158.08276 0.4522 0.054 -1.606 -2.737 0.062 0.05 1.518 "" "" 15.717937 2.080368 16.729958 14.64959 "" "" 1948.10962 2381.53174 9722.37121 5.4163 2776.1 16.539 10948.0 18.3 "" "" 0.002820929793577476 0.00704454 0.004192542 0.011237081 240.60179906895 -54.29066312569 2158.08276 -1.606 -2.737
240.52122586141 -54.00716276468 0.0263 0.0203 9.479 "" "" 5932773226673248768 2672.27832 0.3428 0.0387 -3.107 -4.114 0.043 0.035 1.071 8123.6 2.9989 15.719041 1.939938 16.677559 14.737621 "" "" 2422.33472 2946.39307 9712.49005 2.7557 2913.4 7.0177 10095.0 8.6356 "" "" 0.0027724873574759843 0.0038242335 0.0038918313 0.007716065 240.52122586141 -54.00716276468 2672.27832 -3.1070000000000007 -4.114
240.17404267441 -54.17068856872 0.0265 0.0209 8.3797 "" "" 5932744742448155904 2248.26611 0.4046 0.0381 -1.687 -2.301 0.041 0.036 1.117 "" "" 15.721479 2.179649 16.817192 14.637543 "" "" 2064.75757 2475.89551 9690.69359 4.7413 2561.8 9.1381 11070.0 11.208 "" "" 0.0028060602808379336 0.0047732918 0.0039360034 0.008709295 240.17404267441 -54.17068856872 2248.26611 -1.687 -2.301
240.84475833083 -54.09848661511 0.0263 0.0202 15.6018 "" "" 5932760444849564416 2134.35156 0.4361 0.0351 -1.308 -3.225 0.039 0.033 0.98 7265.6 3.0619 15.721693 1.719055 16.542778 14.823723 "" "" 2000.47803 2311.05396 9688.78663 2.438 3298.4 6.7483 9325.4 9.3225 "" "" 0.0027688319484072054 0.0035664279 0.003932152 0.00749858 240.84475833083 -54.09848661511 2134.35156 -1.308 -3.2249999999999996
240.14428784912 -53.98748433118 0.0248 0.0192 13.5658 "" "" 5980792404094201600 2455.97314 0.3776 0.0351 -3.452 -3.65 0.041 0.034 1.006 8977.4 3.4743 15.729666 1.642177 16.497578 14.855401 "" "" 2274.60498 2680.73071 9617.90815 7.6705 3438.6 9.9976 9057.3 27.637 "" "" 0.0028881777800081276 0.004213079 0.0050258776 0.0092389565 240.14428784912 -53.98748433118 2455.97314 -3.4520000000000004 -3.6499999999999995
240.18552751953 -54.12044811972 0.0251 0.0186 8.1094 "" "" 5932750824122304384 2238.17944 0.4224 0.0356 -5.789 -5.964 0.038 0.032 0.944 7712.0 3.6579 15.731485 1.549589 16.447628 14.898039 "" "" 2057.8623 2462.28027 9601.7971 2.67 3600.5 8.2141 8708.5 8.9382 "" "" 0.0027718119303700543 0.0037310119 0.0039402484 0.0076712603 240.18552751953 -54.12044811972 2238.17944 -5.788999999999998 -5.9639999999999995
240.15736793148 -54.31868611421 0.031 0.0238 13.4063 "" "" 5932741478279253248 2005.4043 0.4702 0.0443 -1.18 -1.946 0.048 0.042 0.982 7087.6 3.4693 15.73297 2.249241 16.91249 14.66325 "" "" 1837.38965 2183.11206 9588.6731 3.0584 2346.5 6.8831 10811.0 16.395 "" "" 0.0027769978878831618 0.004234178 0.0041224738 0.008356651 240.15736793148 -54.31868611421 2005.4043 -1.1800000000000002 -1.9460000000000002
240.47399410214 -54.00954406269 0.0261 0.0202 8.7849 "" "" 5932775769293908096 2524.06885 0.3667 0.0388 -1.742 -3.673 0.043 0.034 1.03 "" "" 15.733982 1.716639 16.54704 14.830402 "" "" 2224.58228 2793.37451 9579.74245 2.4839 3285.5 6.422 9268.2 7.8309 "" "" 0.0027696644578979013 0.0035055561 0.0038891232 0.0073946794 240.47399410214 -54.00954406269 2524.06885 -1.742 -3.6729999999999996
240.36078012108 -54.13104806284 0.0266 0.0195 2.1132 "" "" 5932751511316976768 2416.06128 0.3838 0.0372 -2.289 -2.935 0.041 0.036 1.007 7952.2 3.7283 15.734349 1.660966 16.516178 14.855212 "" "" 2232.04663 2610.09277 9576.50343 2.7184 3380.2 7.3738 9058.9 12.761 "" "" 0.0027725035244603262 0.0036598959 0.004077122 0.007737018 240.36078012108 -54.13104806284 2416.06128 -2.2889999999999997 -2.9349999999999996
240.30928868469 -54.20618523275 0.025 0.0194 4.8462 "" "" 5932749449732596480 2749.84863 0.3274 0.0359 -2.394 -2.905 0.039 0.033 0.99 "" "" 15.73715 1.366718 16.338339 14.971621 "" "" 2489.03906 3047.94189 9551.831 2.4529 3981.8 9.8169 8137.9 6.7195 "" "" 0.002769391213344295 0.0038665768 0.0038842547 0.0077508315 240.30928868469 -54.20618523275 2749.84863 -2.3939999999999997 -2.9049999999999994
240.51846995611 -54.1274555273 0.0267 0.0204 4.0609 "" "" 5932748728178095104 2563.21533 0.3642 0.0374 -3.024 -2.502 0.04 0.035 0.982 7770.0 3.7749 15.740987 1.828637 16.629217 14.80058 "" "" 2325.36328 2850.70581 9518.13723 2.7485 3046.0 6.5724 9526.3 9.6778 "" "" 0.0027731003370340635 0.0036432587 0.0039370474 0.0075803064 240.51846995611 -54.1274555273 2563.21533 -3.024 -2.5020000000000002
240.39323739549 -54.37935803663 0.0269 0.0208 13.7086 "" "" 5932738488975428096 2685.21997 0.3237 0.0376 -5.037 -4.389 0.041 0.037 0.989 "" "" 15.7411 2.742167 17.290989 14.548821 -118.18 4.09 2469.6814 3007.95264 9517.145 3.86 1655.9 6.5084 12012.0 12.708 "" "" 0.002790287383752185 0.0050986116 0.0039500776 0.009048689 240.39323739549 -54.37935803663 2685.21997 -5.037000000000001 -4.388999999999999
