Clusters/Moffat_1/Moffat_1_stars_in_region.tsv
# %ECSV 1.0
# ---
# datatype:
# - name: RA_ICRS_1
#   unit: deg
#   datatype: float64
#   format: '{:15.11f}'
#   description: Right ascension (ICRS) at Ep=2016.0 (ra)
#   meta: !!omap
#   - {ucd: POS_EQ_RA_MAIN}
#   - {width: 15}
#   - {precision: '11'}
# - name: DE_ICRS_1
#   unit: deg
#   datatype: float64
#   format: '{:15.11f}'
#   description: Declination (ICRS) at Ep=2016.0 (dec)
#   meta: !!omap
#   - {ucd: POS_EQ_DEC_MAIN}
#   - {width: 15}
#   - {precision: '11'}
# - name: e_RA_ICRS
#   unit: mas
#   datatype: float64
#   format: '{:7.4f}'
#   description: Standard error of right ascension (ra_error)
#   meta: !!omap
#   - {ucd: ERROR}
#   - {width: 7}
#   - {precision: '4'}
# - name: e_DE_ICRS
#   unit: mas
#   datatype: float64
#   format: '{:7.4f}'
#   description: Standard error of declination (dec_error)
#   meta: !!omap
#   - {ucd: ERROR}
#   - {width: 7}
#   - {precision: '4'}
# - name: _r_1
#   unit: ''
#   datatype: float64
#   format: '{:7.4f}'
#   description: Distance from center (240.41021318000-54.15109644000)[ICRS], at Epoch=J2016.0
#   meta: !!omap
#   - {ucd: POS_ANG_DIST_GENERAL}
#   - {width: 7}
#   - {precision: '4'}
# - name: HIP
#   datatype: int32
#   description: '? HIP cross-id number, van Leeuwen, Cat. I/311 (hip_original_ext_source_id)'
#   meta: !!omap
#   - {ucd: ID_NUMBER}
#   - {width: 6}
#   - values: {'null': -2147483648}
# - name: TYC2
#   datatype: string
#   description: Tycho-2 cross-id name, Hog et al., Cat. I/259 (tyc2_original_ext_source_id)
#   meta: !!omap
#   - {ucd: ID_CROSSID}
#   - {_votable_string_dtype: char}
# - name: Source
#   datatype: int64
#   description: Source identifier, identical to the Gaia-EDR3 source_id (id)
#   meta: !!omap
#   - {ucd: ID_MAIN}
#   - {width: 19}
# - name: rgeo
#   unit: pc
#   datatype: float64
#   format: '{:15.8f}'
#   description: '? Median of the geometric distance posterior (r_med_geo)'
#   meta: !!omap
#   - {ucd: PHYS_DISTANCE_TRUE}
#   - {width: 15}
#   - {precision: '8'}
#   - values: {'null': .nan}
# - name: Plx
#   unit: mas
#   datatype: float64
#   format: '{:9.4f}'
#   description: '? Parallax (parallax)'
#   meta: !!omap
#   - {ucd: POS_PARLX_TRIG}
#   - {width: 9}
#   - {precision: '4'}
#   - values: {'null': .nan}
# - name: e_Plx
#   unit: mas
#   datatype: float32
#   format: '{:7.4f}'
#   description: '? Standard error of parallax (parallax_error)'
#   meta: !!omap
#   - {ucd: ERROR}
#   - {width: 7}
#   - {precision: '4'}
#   - values: {'null': .nan}
# - name: pmRA
#   unit: mas / yr
#   datatype: float64
#   format: '{:9.3f}'
#   description: '? Proper motion in right ascension direction, pmRA*cosDE (pmra)'
#   meta: !!omap
#   - {ucd: POS_EQ_PMRA}
#   - {width: 9}
#   - {precision: '3'}
#   - values: {'null': .nan}
# - name: pmDE
#   unit: mas / yr
#   datatype: float64
#   format: '{:9.3f}'
#   description: '? Proper motion in declination direction (pmdec)'
#   meta: !!omap
#   - {ucd: POS_EQ_PMDEC}
#   - {width: 9}
#   - {precision: '3'}
#   - values: {'null': .nan}
# - name: e_pmRA
#   unit: mas / yr
#   datatype: float32
#   format: '{:6.3f}'
#   description: '? Standard error of proper motion in right ascension direction (pmra_error)'
#   meta: !!omap
#   - {ucd: ERROR}
#   - {width: 6}
#   - {precision: '3'}
#   - values: {'null': .nan}
# - name: e_pmDE
[...]
#         unit: &id001 !astropy.units.Unit {unit: deg}
#         value: !astropy.table.SerializedColumn {name: SkyCoord.dec}
#       distance: !astropy.table.SerializedColumn
#         __class__: astropy.coordinates.distances.Distance
#         unit: !astropy.units.Unit {unit: pc}
#         value: !astropy.table.SerializedColumn {name: SkyCoord.distance}
#       frame: icrs
#       obstime: !astropy.time.Time {format: jyear_str, in_subfmt: '*', jd1: 367701545.0, jd2: 0.0, out_subfmt: '*', precision: 3, scale: tt}
#       pm_dec: !astropy.table.SerializedColumn
#         __class__: astropy.units.quantity.Quantity
#         unit: !astropy.units.Unit {unit: mas / yr}
#         value: !astropy.table.SerializedColumn {name: SkyCoord.pm_dec}
#       pm_ra_cosdec: !astropy.table.SerializedColumn
#         __class__: astropy.units.quantity.Quantity
#         unit: !astropy.units.Unit {unit: mas / yr}
#         value: !astropy.table.SerializedColumn {name: SkyCoord.pm_ra_cosdec}
#       ra: !astropy.table.SerializedColumn
#         __class__: astropy.coordinates.angles.Longitude
#         unit: *id001
#         value: !astropy.table.SerializedColumn {name: SkyCoord.ra}
#         wrap_angle: !astropy.coordinates.Angle
#           unit: *id001
#           value: 360.0
#       representation_type: spherical
# schema: astropy-2.0
RA_ICRS_1 DE_ICRS_1 e_RA_ICRS e_DE_ICRS _r_1 HIP TYC2 Source rgeo Plx e_Plx pmRA pmDE e_pmRA e_pmDE RUWE Teff logg Gmag BP-RP BPmag RPmag RV e_RV b_rgeo B_rgeo FG e_FG FBP e_FBP FRP e_FRP RAVE5 RAVE6 e_Gmag e_BPmag e_RPmag e_BP-RP SkyCoord.ra SkyCoord.dec SkyCoord.distance SkyCoord.pm_ra_cosdec SkyCoord.pm_dec
[from data line 241]
240.17339472203 -53.95803385628 0.0166 0.0127 14.2743 "" "" 5980792575892915328 2151.5437 0.4281 0.025 -1.916 -2.093 0.027 0.023 0.98 "" "" 14.71998 1.443519 15.367928 13.924409 "" "" 2034.25037 2254.64575 24375.57158 3.893 9733.0 8.4341 21350.0 11.328 "" "" 0.0027607712020170146 0.0029445256 0.0038230342 0.00676756 240.17339472203 -53.95803385628 2151.5437 -1.916 -2.093
240.66198959981 -54.02993020036 0.0184 0.0138 11.461 "" "" 5932773501551053952 2354.7998 0.3797 0.0239 -3.144 -3.233 0.03 0.024 1.032 "" "" 14.723372 2.279137 15.924503 13.645367 19.59 1.9 2217.65527 2482.5791 24299.5557 5.7438 5829.3 8.7335 27607.0 12.088 "" "" 0.002767246605696903 0.0032297159 0.0038091643 0.00703888 240.66198959981 -54.02993020036 2354.7998 -3.144 -3.2330000000000005
240.36819442969 -54.22026407469 0.0172 0.0129 4.4045 "" "" 5932746387342344576 2877.16064 0.3033 0.0245 -3.193 -3.672 0.027 0.022 0.997 7567.7 2.2895 14.72469 2.454805 16.044516 13.58971 72.65 5.63 2681.15112 3114.82593 24270.07524 6.2962 5219.3 9.6068 29059.0 20.058 "" "" 0.002769679428939741 0.0034320266 0.0038529693 0.007284996 240.36819442969 -54.22026407469 2877.16064 -3.1929999999999996 -3.6720000000000015
240.21287089185 -54.0404258928 0.0163 0.0126 9.6077 "" "" 5980791373301972608 2859.44189 0.3035 0.023 -6.18 -7.526 0.027 0.022 1.033 5437.2 2.6401 14.727 2.304801 15.944076 13.639275 -11.84 2.66 2690.27197 3059.75 24218.46109 5.1435 5725.1 8.2223 27762.0 11.929 "" "" 0.002764952110866665 0.0031963289 0.0038080672 0.007004396 240.21287089185 -54.0404258928 2859.44189 -6.180000000000001 -7.525999999999997
240.41093834762 -54.0438807977 0.0171 0.0132 6.433 "" "" 5932752404670266368 2184.95679 0.4146 0.0248 -4.922 -5.383 0.029 0.023 0.95 "" "" 14.730878 1.481662 15.407078 13.925416 -35.4 5.03 2063.35498 2311.35156 24132.13465 4.0979 9388.3 9.251 21330.0 16.432 "" "" 0.0027614817852032337 0.002988251 0.00387083 0.006859081 240.41093834762 -54.0438807977 2184.95679 -4.922 -5.383
240.63463326241 -54.32691726919 0.0177 0.0133 13.1609 "" "" 5932732613459767040 2450.90625 0.3762 0.0225 -3.54 -3.958 0.027 0.023 0.927 "" "" 14.741075 1.22757 15.267253 14.039682 "" "" 2344.55908 2606.14941 23906.54783 4.2046 10679.0 10.975 19199.0 10.858 "" "" 0.0027619292882025267 0.0030050168 0.0038289386 0.0068339556 240.63463326241 -54.32691726919 2450.90625 -3.5399999999999996 -3.958
240.40882689541 -54.14713584468 0.0174 0.0144 0.2426 "" "" 5932748487659953920 2261.38794 0.4073 0.0255 -2.395 -2.827 0.029 0.026 1.011 7311.9 3.3865 14.746377 1.239138 15.262221 14.023084 "" "" 2142.63232 2399.96216 23790.08243 4.8598 10728.0 20.343 19495.0 52.418 "" "" 0.0027642324965579715 0.0034675396 0.004775578 0.0082431175 240.40882689541 -54.14713584468 2261.38794 -2.3949999999999996 -2.827
240.63198674688 -53.97794069059 0.0185 0.0138 12.997 "" "" 5932774566703030656 2767.8103 0.3138 0.0247 0.743 -0.442 0.03 0.024 0.922 4600.6 2.4147 14.749041 2.278642 15.95506 13.676418 20.78 2.4 2592.97437 2942.30688 23731.78965 5.087 5667.5 6.5923 26828.0 12.32 "" "" 0.0027651317226070875 0.0030626736 0.0038121284 0.006874802 240.63198674688 -53.97794069059 2767.8103 0.743 -0.44200000000000006
240.27636236201 -54.00056538368 0.0163 0.0128 10.1871 "" "" 5932753435462479616 2866.88818 0.3102 0.0229 -2.187 -5.459 0.027 0.022 0.947 4805.3 2.4242 14.749227 2.237922 15.917082 13.67916 -51.51 1.99 2701.76221 3043.97217 23727.73084 5.2203 5869.3 8.2154 26761.0 19.116 "" "" 0.002765655219984575 0.0031772049 0.003858138 0.007035343 240.27636236201 -54.00056538368 2866.88818 -2.1870000000000003 -5.4590000000000005
240.23266926724 -54.38863184058 0.018 0.013 15.5506 "" "" 5932738007939150976 2432.96875 0.371 0.0252 -2.693 -3.0 0.027 0.023 0.992 "" "" 14.763749 2.546504 16.166191 13.619687 -74.85 1.98 2290.36011 2567.83472 23412.4589 5.9118 4666.0 7.6047 28267.0 15.435 "" "" 0.0027689259028400156 0.0033039884 0.003825599 0.0071295872 240.23266926724 -54.38863184058 2432.96875 -2.6930000000000005 -3.0
240.2607912603 -54.11223902791 0.0166 0.0131 5.7471 "" "" 5932750995920973696 2224.69312 0.4176 0.0233 -2.038 -2.29 0.027 0.023 0.94 9467.2 3.4606 14.766716 1.294191 15.329147 14.034956 "" "" 2132.51782 2317.84155 23348.58055 4.4747 10087.0 10.421 19283.0 13.139 "" "" 0.0027631659691979764 0.0030071964 0.003851107 0.006858303 240.2607912603 -54.11223902791 2224.69312 -2.0380000000000003 -2.2900000000000005
240.50313169094 -54.02992291088 0.0186 0.0142 7.9719 "" "" 5932772814356364032 2172.5791 0.4246 0.0269 -3.24 -4.189 0.03 0.024 1.002 "" "" 14.768497 1.357678 15.363729 14.006051 "" "" 2044.75159 2311.47925 23310.29382 10.464 9770.7 25.116 19803.0 30.321 "" "" 0.0027980950423575684 0.0039464342 0.00412884 0.0080752745 240.50313169094 -54.02992291088 2172.5791 -3.24 -4.189000000000001
240.36257937803 -54.12938052993 0.0166 0.0127 2.1215 "" "" 5932751511316978176 2300.11377 0.3976 0.0233 -2.375 -2.949 0.026 0.023 0.931 "" "" 14.77383 1.138147 15.253627 14.115479 "" "" 2187.51343 2419.68799 23196.07713 4.0802 10813.0 7.738 17905.0 10.687 "" "" 0.002761931086174215 0.0028963317 0.003834539 0.006730871 240.36257937803 -54.12938052993 2300.11377 -2.375 -2.949
240.29577872723 -53.9385408419 0.0174 0.0132 13.3753 "" "" 5980815493841583360 2659.55103 0.3378 0.0237 -0.16 -2.074 0.028 0.022 0.984 "" "" 14.775082 1.283604 15.330096 14.046493 "" "" 2501.32349 2816.89697 23169.35776 4.0952 10078.0 11.72 19079.0 14.166 "" "" 0.002761995073528598 0.0030625632 0.0038644022 0.0069269654 240.29577872723 -53.9385408419 2659.55103 -0.16000000000000014 -2.0740000000000003
240.7330667994 -54.32620424858 0.0186 0.0135 15.4449 "" "" 5932730929832736000 2961.36914 0.3016 0.0244 -1.921 -2.922 0.029 0.025 0.988 5018.5 2.8068 14.778712 2.046591 15.820636 13.774045 -25.37 2.74 2718.32202 3211.01978 23092.00744 4.9939 6414.5 10.938 24521.0 15.409 "" "" 0.0027653067729293285 0.0033485394 0.0038404723 0.0071890117 240.7330667994 -54.32620424858 2961.36914 -1.921 -2.922
240.38431503235 -54.18613889162 0.0205 0.0159 2.2909 "" "" 5932746868378698880 2660.24902 0.3389 0.0288 -1.979 -3.247 0.032 0.029 1.224 9037.5 3.9309 14.779112 1.438442 15.417974 13.979531 "" "" 2488.81079 2920.14575 23083.51884 5.3479 9294.5 9.698 20293.0 18.662 "" "" 0.002766778151914852 0.003011386 0.0039090505 0.0069204364 240.38431503235 -54.18613889162 2660.24902 -1.979 -3.247
240.59494530363 -54.01460053968 0.0177 0.0138 10.457 "" "" 5932773020514769408 2028.22339 0.4548 0.0253 -3.87 -4.951 0.029 0.024 1.033 5225.8 3.1944 14.77941 2.258795 15.966633 13.707838 -42.85 3.7 1928.48584 2115.17529 23077.18013 5.5032 5607.4 10.78 26063.0 17.788 "" "" 0.0027674584501874116 0.0034845087 0.0038513413 0.00733585 240.59494530363 -54.01460053968 2028.22339 -3.87 -4.950999999999999
240.58465902536 -54.18809771339 0.0184 0.0137 6.5169 "" "" 5932747594306967040 2154.80029 0.4203 0.0251 -1.769 -4.65 0.029 0.024 0.968 "" "" 14.781032 2.253435 15.966035 13.7126 -46.31 2.02 2035.94653 2275.51978 23042.74851 5.2629 5610.5 8.9778 25949.0 13.381 "" "" 0.0027664567692958094 0.003286869 0.0038206268 0.007107496 240.58465902536 -54.18809771339 2154.80029 -1.7690000000000003 -4.650000000000001
240.07738968074 -54.05390405075 0.0225 0.0172 13.0806 "" "" 5980790411229329024 2299.29297 0.3945 0.0316 -2.743 -2.771 0.034 0.028 1.44 8393.3 3.3145 14.782658 1.646059 15.545992 13.899933 "" "" 2115.62329 2476.39087 23008.262 4.6583 8260.8 9.4886 21837.0 24.35 "" "" 0.0027640749618861285 0.003056195 0.0039685615 0.0070247566 240.07738968074 -54.05390405075 2299.29297 -2.7429999999999994 -2.771
240.68949031892 -54.11596404624 0.047 0.0337 10.0414 "" "" 5932759963813263488 2561.11206 0.3522 0.0612 -0.724 -0.518 0.067 0.056 0.697 "" "" 14.783126 3.654944 17.060684 13.40574 -1.33 1.75 2221.02539 2939.24976 22998.32832 16.942 2047.1 10.416 34424.0 59.88 "" "" 0.0028690595457530068 0.006189039 0.004224999 0.010414038 240.68949031892 -54.11596404624 2561.11206 -0.724 -0.5179999999999998
240.69391728049 -54.26551959299 0.0191 0.0138 12.093 "" "" 5932734297086993408 2473.1792 0.3628 0.0252 -4.34 -6.239 0.029 0.023 0.982 4729.9 2.0891 14.78799 2.374281 16.057741 13.68346 -56.05 1.96 2330.95068 2609.70752 22895.54815 6.0012 5156.1 9.0613 26655.0 19.375 "" "" 0.0027699779396454 0.003380202 0.003860902 0.007241104 240.69391728049 -54.26551959299 2473.1792 -4.34 -6.238999999999999
240.31716721802 -54.11119368191 0.0173 0.013 4.0537 "" "" 5932750308726181120 2754.38867 0.3249 0.0248 -0.936 -2.074 0.028 0.023 0.926 "" "" 14.789886 1.993562 15.794113 13.800551 0.83 3.75 2591.87695 2927.70825 22855.58952 4.4714 6573.1 7.9706 23930.0 14.56 "" "" 0.00276349552257196 0.0030851925 0.0038366818 0.0069218744 240.31716721802 -54.11119368191 2754.38867 -0.9360000000000002 -2.074
240.54304441552 -53.96878520998 0.0181 0.014 11.8969 "" "" 5932773398471980544 2274.33984 0.3984 0.0245 -5.129 -4.689 0.03 0.024 1.011 4871.6 2.6174 14.792435 2.17771 15.913033 13.735322 -29.56 3.81 2158.23145 2393.17969 22802.00314 5.3119 5891.2 13.112 25411.0 57.402 "" "" 0.002766904993407108 0.0036911506 0.004505447 0.008196598 240.54304441552 -53.96878520998 2274.33984 -5.129 -4.689
240.09463810057 -54.33025091172 0.0165 0.0127 15.4266 "" "" 5932741787510504832 2488.36133 0.3646 0.0244 -3.295 -2.168 0.025 0.021 0.93 "" "" 14.795919 2.593008 16.232374 13.639366 -28.91 2.6 2346.17212 2618.56445 22728.93617 5.5922 4390.0 6.7483 27760.0 11.607 "" "" 0.0027682394313097614 0.003251243 0.003806549 0.0070577916 240.09463810057 -54.33025091172 2488.36133 -3.295 -2.1679999999999993
240.39003273106 -53.997221879 0.0178 0.0144 9.2598 "" "" 5932776731366827648 2844.15063 0.317 0.0266 -1.905 -2.108 0.031 0.025 1.018 9291.6 3.5643 14.796902 1.123725 15.263561 14.139836 "" "" 2666.46997 3050.54077 22708.37273 4.2405 10715.0 12.472 17507.0 11.791 "" "" 0.002762769610539747 0.003063032 0.0038494735 0.0069125053 240.39003273106 -53.997221879 2844.15063 -1.905 -2.108
240.3499402342 -54.18411313019 0.0178 0.0138 2.8994 "" "" 5932749793329988096 2736.36475 0.3211 0.0242 -3.427 -7.268 0.028 0.024 0.974 4592.2 2.1283 14.803447 2.254697 15.99332 13.738624 -94.69 3.77 2539.90845 3018.24487 22571.89083 5.5668 5471.3 8.5708 25334.0 15.444 "" "" 0.002768300958245004 0.0032676894 0.0038369016 0.007104591 240.3499402342 -54.18411313019 2736.36475 -3.427 -7.268
240.48657049999 -54.1567212988 0.0179 0.0136 2.7041 "" "" 5932748281501474176 2061.67261 0.4507 0.0249 -2.778 -3.949 0.027 0.024 1.042 "" "" 14.809826 1.366304 15.397596 14.031292 "" "" 1956.55994 2158.60522 22439.67504 6.7266 9470.6 9.1499 19348.0 10.661 "" "" 0.002774475879320444 0.0029808367 0.0038264391 0.006807276 240.48657049999 -54.1567212988 2061.67261 -2.778 -3.9490000000000003
240.32495309573 -54.15939097044 0.033 0.0277 3.0367 "" "" 5932749896409251968 2252.9707 0.4197 0.0455 -3.336 -4.194 0.048 0.044 1.933 "" "" 14.811313 1.400459 15.23535 13.83489 "" "" 2051.40723 2463.16138 22408.96653 14.747 10997.0 631.46 23185.0 917.32 "" "" 0.0028464554871378846 0.062406592 0.04312334 0.105529934 240.32495309573 -54.15939097044 2252.9707 -3.3360000000000003 -4.194000000000001
240.59309928679 -54.34102711558 0.0182 0.014 13.0757 "" "" 5932732544740291456 2363.96167 0.3867 0.0243 -4.483 -6.272 0.028 0.024 0.982 4601.1 2.1855 14.815326 2.382928 16.095892 13.712964 -6.04 1.65 2223.87524 2506.59302 22326.28456 6.0423 4978.1 7.1614 25940.0 12.007 "" "" 0.002770944070496845 0.0031975992 0.0038126493 0.0070102485 240.59309928679 -54.34102711558 2363.96167 -4.483 -6.272000000000002
240.50118663428 -54.08212027019 0.019 0.014 5.231 "" "" 5932748934336597760 2021.8468 0.4566 0.0267 -3.454 -2.386 0.029 0.025 0.957 "" "" 14.822595 1.339163 15.407256 14.068093 "" "" 1912.41089 2162.11865 22177.30191 4.4774 9386.7 11.344 18703.0 15.27 "" "" 0.0027640257316071696 0.0030833 0.0038819471 0.006965247 240.50118663428 -54.08212027019 2021.8468 -3.4539999999999997 -2.3859999999999997
240.57233707486 -53.95117189685 0.0186 0.0145 13.2854 "" "" 5932774910300479488 2474.13525 0.3673 0.0259 -1.797 -3.383 0.03 0.025 0.974 10262.2 4.075 14.823438 1.53657 15.344009 13.80744 "" "" 2304.78101 2655.5957 22160.10651 9.2465 9949.8 35.419 23778.0 370.06 "" "" 0.0027923159348613967 0.00476687 0.01731495 0.02208182 240.57233707486 -53.95117189685 2474.13525 -1.797 -3.383
240.56278817395 -54.36919596366 0.0182 0.0137 14.1363 "" "" 5932732785258436224 2751.89771 0.3211 0.0241 -2.911 -4.646 0.028 0.024 0.935 4841.4 2.5481 14.824756 2.440539 16.145046 13.704507 -86.34 1.84 2570.06641 2995.05615 22133.20872 6.229 4757.7 11.125 26143.0 12.88 "" "" 0.0027722115849807597 0.0037723358 0.0038170489 0.007589385 240.56278817395 -54.36919596366 2751.89771 -2.911 -4.646
240.11116965544 -54.12692924546 0.0162 0.0128 10.6107 "" "" 5980783504921451904 2056.09497 0.4426 0.0229 -1.989 -2.283 0.025 0.021 0.928 "" "" 14.826503 1.383587 15.438658 14.055071 "" "" 1981.89636 2171.23975 22097.62063 3.8612 9119.1 8.2559 18929.0 8.5536 "" "" 0.002761843784529711 0.0029582533 0.0038110937 0.006769347 240.11116965544 -54.12692924546 2056.09497 -1.9889999999999999 -2.2829999999999995
240.47226976537 -53.98850596603 0.0185 0.0142 9.9971 "" "" 5932775868009017344 2176.50415 0.412 0.0274 -4.584 -4.973 0.031 0.024 0.972 "" "" 14.826665 2.521219 16.195005 13.673786 -36.23 4.57 2005.84058 2331.97534 22094.32839 6.5657 4543.8 8.1069 26893.0 31.224 "" "" 0.002774146535670206 0.0033966955 0.00398407 0.0073807654 240.47226976537 -53.98850596603 2176.50415 -4.5840000000000005 -4.973
240.52637985177 -54.01605571894 0.0182 0.0135 9.0756 "" "" 5932773157953756928 2358.40015 0.3771 0.027 3.419 -3.951 0.03 0.023 0.919 4841.5 2.3388 14.828409 2.468215 16.17108 13.702865 61.99 2.28 2227.18164 2464.54565 22058.8513 5.7934 4645.0 8.8338 26183.0 12.961 "" "" 0.002770036190283392 0.0034711105 0.0038174058 0.0072885165 240.52637985177 -54.01605571894 2358.40015 3.419 -3.9509999999999996
240.09970912635 -54.18990684941 0.0196 0.0152 11.1515 "" "" 5980782675970398592 2055.94092 0.4462 0.0292 -0.944 -3.728 0.031 0.026 1.243 8713.3 3.4509 14.829821 1.696348 15.624119 13.927771 "" "" 1950.98853 2215.58252 22030.2088 4.2859 7687.2 7.435 21284.0 11.081 "" "" 0.0027634047654920817 0.0029812397 0.0038214198 0.0068026595 240.09970912635 -54.18990684941 2055.94092 -0.944 -3.728
240.48777291588 -54.12896773693 0.0184 0.0142 3.0322 "" "" 5932748762537845248 2882.59326 0.3059 0.0253 -1.454 -1.536 0.027 0.025 0.982 7789.1 2.612 14.834567 2.231391 15.990373 13.758982 "" "" 2686.58105 3230.37012 21934.10692 17.766 5486.2 16.38 24864.0 59.212 "" "" 0.0028922587644623276 0.004277074 0.0045792037 0.008856278 240.48777291588 -54.12896773693 2882.59326 -1.4540000000000002 -1.536
240.26167762865 -53.90945800261 0.0202 0.0148 15.4143 "" "" 5980815768719501312 2798.88794 0.3239 0.0271 -2.619 -3.368 0.032 0.026 1.043 16276.7 4.0791 14.83475 1.546346 15.424148 13.877802 -79.41 5.19 2567.55664 3066.36011 21930.41295 5.7427 9241.8 14.266 22286.0 25.777 "" "" 0.0027699498446597595 0.0032548383 0.0039825607 0.007237399 240.26167762865 -53.90945800261 2798.88794 -2.6190000000000007 -3.3680000000000003
240.79095878477 -54.20557415261 0.0213 0.0138 13.7639 "" "" 5932758177106745472 2593.073 0.3496 0.0282 -3.333 -4.474 0.031 0.024 0.991 5058.1 2.6843 14.835666 2.285999 16.04535 13.75935 -62.93 2.38 2438.16895 2765.68628 21911.91363 5.2187 5215.3 6.8369 24855.0 14.325 "" "" 0.002767427781047808 0.0031322362 0.0038308352 0.0069630714 240.79095878477 -54.20557415261 2593.073 -3.333000000000001 -4.474000000000001
240.20625794034 -54.06675336899 0.0179 0.0136 8.7793 "" "" 5980789792753991040 2168.05884 0.4211 0.0243 -6.706 -6.688 0.029 0.025 0.96 7045.0 3.0671 14.845228 1.852963 15.749879 13.896915 -18.21 7.57 2046.82373 2339.12866 21719.77608 5.1653 6846.5 12.35 21897.0 14.064 "" "" 0.0027673921263509644 0.0034089226 0.0038431783 0.007252101 240.20625794034 -54.06675336899 2168.05884 -6.706000000000001 -6.688000000000001
