Clusters/UBC_534/UBC_534_stars_in_region.tsv
# %ECSV 1.0
# ---
# datatype:
# - name: RA_ICRS_1
#   unit: deg
#   datatype: float64
#   format: '{:15.11f}'
#   description: Right ascension (ICRS) at Ep=2016.0 (ra)
#   meta: !!omap
#   - {ucd: POS_EQ_RA_MAIN}
#   - {width: 15}
#   - {precision: '11'}
# - name: DE_ICRS_1
#   unit: deg
#   datatype: float64
#   format: '{:15.11f}'
#   description: Declination (ICRS) at Ep=2016.0 (dec)
#   meta: !!omap
#   - {ucd: POS_EQ_DEC_MAIN}
#   - {width: 15}
#   - {precision: '11'}
# - name: e_RA_ICRS
#   unit: mas
#   datatype: float64
#   format: '{:7.4f}'
#   description: Standard error of right ascension (ra_error)
#   meta: !!omap
#   - {ucd: ERROR}
#   - {width: 7}
#   - {precision: '4'}
# - name: e_DE_ICRS
#   unit: mas
#   datatype: float64
#   format: '{:7.4f}'
#   description: Standard error of declination (dec_error)
#   meta: !!omap
#   - {ucd: ERROR}
#   - {width: 7}
#   - {precision: '4'}
# - name: _r_1
#   unit: ''
#   datatype: float64
#   format: '{:7.4f}'
#   description: Distance from center (238.65661438000-57.86769659000)[ICRS], at Epoch=J2016.0
#   meta: !!omap
#   - {ucd: POS_ANG_DIST_GENERAL}
#   - {width: 7}
#   - {precision: '4'}
# - name: HIP
#   datatype: int32
#   description: '? HIP cross-id number, van Leeuwen, Cat. I/311 (hip_original_ext_source_id)'
#   meta: !!omap
#   - {ucd: ID_NUMBER}
#   - {width: 6}
#   - values: {'null': -2147483648}
# - name: TYC2
#   datatype: string
#   description: Tycho-2 cross-id name, Hog et al., Cat. I/259 (tyc2_original_ext_source_id)
#   meta: !!omap
#   - {ucd: ID_CROSSID}
#   - {_votable_string_dtype: char}
# - name: Source
#   datatype: int64
#   description: Source identifier, identical to the Gaia-EDR3 source_id (id)
#   meta: !!omap
#   - {ucd: ID_MAIN}
#   - {width: 19}
# - name: rgeo
#   unit: pc
#   datatype: float64
#   format: '{:15.8f}'
#   description: '? Median of the geometric distance posterior (r_med_geo)'
#   meta: !!omap
#   - {ucd: PHYS_DISTANCE_TRUE}
#   - {width: 15}
#   - {precision: '8'}
#   - values: {'null': .nan}
# - name: Plx
#   unit: mas
#   datatype: float64
#   format: '{:9.4f}'
#   description: '? Parallax (parallax)'
#   meta: !!omap
#   - {ucd: POS_PARLX_TRIG}
#   - {width: 9}
#   - {precision: '4'}
#   - values: {'null': .nan}
# - name: e_Plx
#   unit: mas
#   datatype: float32
#   format: '{:7.4f}'
#   description: '? Standard error of parallax (parallax_error)'
#   meta: !!omap
#   - {ucd: ERROR}
#   - {width: 7}
#   - {precision: '4'}
#   - values: {'null': .nan}
# - name: pmRA
#   unit: mas / yr
#   datatype: float64
#   format: '{:9.3f}'
#   description: '? Proper motion in right ascension direction, pmRA*cosDE (pmra)'
#   meta: !!omap
#   - {ucd: POS_EQ_PMRA}
#   - {width: 9}
#   - {precision: '3'}
#   - values: {'null': .nan}
# - name: pmDE
#   unit: mas / yr
#   datatype: float64
#   format: '{:9.3f}'
#   description: '? Proper motion in declination direction (pmdec)'
#   meta: !!omap
#   - {ucd: POS_EQ_PMDEC}
#   - {width: 9}
#   - {precision: '3'}
#   - values: {'null': .nan}
# - name: e_pmRA
#   unit: mas / yr
#   datatype: float32
#   format: '{:6.3f}'
#   description: '? Standard error of proper motion in right ascension direction (pmra_error)'
#   meta: !!omap
#   - {ucd: ERROR}
#   - {width: 6}
#   - {precision: '3'}
#   - values: {'null': .nan}
# - name: e_pmDE
[...]
#         value: !astropy.table.SerializedColumn {name: SkyCoord.dec}
#       distance: !astropy.table.SerializedColumn
#         __class__: astropy.coordinates.distances.Distance
#         unit: !astropy.units.Unit {unit: pc}
#         value: !astropy.table.SerializedColumn {name: SkyCoord.distance}
#       frame: icrs
#       obstime: !astropy.time.Time {format: jyear_str, in_subfmt: '*', jd1: 367701545.0, jd2: 0.0, out_subfmt: '*', precision: 3, scale: tt}
#       pm_dec: !astropy.table.SerializedColumn
#         __class__: astropy.units.quantity.Quantity
#         unit: !astropy.units.Unit {unit: mas / yr}
#         value: !astropy.table.SerializedColumn {name: SkyCoord.pm_dec}
#       pm_ra_cosdec: !astropy.table.SerializedColumn
#         __class__: astropy.units.quantity.Quantity
#         unit: !astropy.units.Unit {unit: mas / yr}
#         value: !astropy.table.SerializedColumn {name: SkyCoord.pm_ra_cosdec}
#       ra: !astropy.table.SerializedColumn
#         __class__: astropy.coordinates.angles.Longitude
#         unit: *id001
#         value: !astropy.table.SerializedColumn {name: SkyCoord.ra}
#         wrap_angle: !astropy.coordinates.Angle
#           unit: *id001
#           value: 360.0
#       representation_type: spherical
# schema: astropy-2.0
RA_ICRS_1 DE_ICRS_1 e_RA_ICRS e_DE_ICRS _r_1 HIP TYC2 Source rgeo Plx e_Plx pmRA pmDE e_pmRA e_pmDE RUWE Teff logg Gmag BP-RP BPmag RPmag RV e_RV b_rgeo B_rgeo FG e_FG FBP e_FBP FRP e_FRP RAVE5 RAVE6 e_Gmag e_BPmag e_RPmag e_BP-RP SkyCoord.ra SkyCoord.dec SkyCoord.distance SkyCoord.pm_ra_cosdec SkyCoord.pm_dec rmRA rmDE e_rmRA e_rmDE rRV e_rRV v_pec v_pec3d e_vpec e_vpec3d
[from data line 3409]
239.24888003027 -58.07057805601 0.0409 0.0348 22.4365 "" "" 5835626357854808576 1665.36206 0.5887 0.0569 -3.964 -6.031 0.062 0.055 0.984 4826.3 4.4062 16.84778 1.345533 17.464863 16.11933 "" "" 1507.48914 1840.84302 3434.26938 1.7061 1410.8 5.9854 2827.7 8.5547 "" "" 0.0028076181415275995 0.005385446 0.005007293 0.0103927385 239.24888003027 -58.07057805601 1665.36206 -3.964000000000003 -6.030999999999999 -2.4692499771118164 -2.4329749164581296 0.13099846 0.12399846 "" "" 27.36384558213217 "" 3.491579047054608 ""
238.79507662298 -57.92330623415 0.0432 0.0364 5.5342 "" "" 5835829698694107264 1695.06165 0.5999 0.0585 -5.211 -8.459 0.067 0.063 0.995 5313.0 4.6989 16.84855 1.34737 17.33385 15.986481 "" "" 1484.57446 1853.37207 3431.83295 2.0611 1591.8 20.11 3195.7 39.807 "" "" 0.0028314290727919416 0.013997548 0.014042539 0.028040087 238.79507662298 -57.92330623415 1695.06165 -5.211000000000001 -8.459000000000001 -3.7162499771118167 -4.8609749164581295 0.13599846 0.13199846 "" "" 49.16198251408173 "" 6.562530454750454 ""
238.60573165975 -57.87880021214 0.0435 0.037 1.7549 "" "" 5835828015169063936 1608.65881 0.6187 0.0628 -5.996 -8.671 0.073 0.06 0.991 5470.0 4.6465 16.850563 1.438454 17.499146 16.060692 "" "" 1478.26062 1776.9126 3425.48372 1.9856 1367.0 5.8283 2984.6 6.6105 "" "" 0.0028262827800434745 0.005404973 0.0044795778 0.009884551 238.60573165975 -57.87880021214 1608.65881 -5.996 -8.671000000000001 -4.501249977111817 -5.072974916458129 0.14199847 0.12899846 "" "" 51.71349075995715 "" 6.975085569083538 ""
238.57459748492 -58.20338381296 0.0451 0.0391 20.309 "" "" 5834131640517963776 1545.15808 0.6266 0.0576 -1.93 -2.036 0.065 0.061 1.009 5101.7 4.7073 16.850855 1.383095 17.450638 16.067543 "" "" 1433.94336 1706.88354 3424.56011 2.0338 1429.4 7.9943 2965.8 10.051 "" "" 0.002829763532086138 0.006682626 0.005274716 0.011957342 238.57459748492 -58.20338381296 1545.15808 -1.9299999999999993 -2.0359999999999974 -0.43524997711181634 1.56202508354187 0.13399845 0.12999846 "" "" 11.876177772451326 "" 1.547356230822454 ""
237.9619073241 -57.64171369367 0.0755 0.0682 26.0467 "" "" 5835893607917686272 1534.21387 0.6586 0.0958 -10.734 -11.063 0.13 0.108 1.646 "" "" 16.851326 1.670597 16.914928 15.244331 "" "" 1322.80688 1763.3407 3423.07254 3.1416 2341.2 15.655 6330.3 17.098 "" "" 0.0029299689827974916 0.007777737 0.004783678 0.012561414 237.9619073241 -57.64171369367 1534.21387 -10.734 -11.063 -9.239249977111816 -7.4649749164581305 0.19899845 0.17699847 "" "" 86.37970828093174 "" 16.465077862239117 ""
238.21524075929 -57.78844439305 0.0759 0.0682 14.881 "" "" 5835841862048510976 1416.88391 0.7757 0.1038 0.4 -2.058 0.13 0.117 1.808 "" "" 16.851393 1.347454 17.25183 15.904375 "" "" 1220.55347 1689.21155 3422.8669 3.1577 1716.7 24.846 3446.7 13.34 "" "" 0.002931730220358992 0.015959777 0.005651744 0.021611521 238.21524075929 -57.78844439305 1416.88391 0.40000000000000047 -2.058 1.8947500228881835 1.5400250835418703 0.19899845 0.18599847 "" "" 16.398331782516838 "" 3.1801492796421598 ""
238.48418239013 -57.60195584707 0.0447 0.0392 16.8739 "" "" 5835850516399492608 1755.09473 0.5626 0.0637 -3.415 -5.412 0.071 0.064 0.97 5500.8 4.7062 16.85177 1.421385 17.481789 16.060404 "" "" 1561.49561 1951.89673 3421.67589 1.9332 1389.0 10.73 2985.4 6.9528 "" "" 0.002822778937291515 0.008839214 0.004547261 0.013386475 238.48418239013 -57.60195584707 1755.09473 -3.4149999999999974 -5.411999999999998 -1.9202499771118164 -1.8139749164581298 0.13999847 0.13299847 "" "" 21.97557181535954 "" 3.0049875478080974 ""
238.54656462541 -57.67323202268 0.0419 0.0378 12.1877 "" "" 5835849283756442112 1966.79993 0.5336 0.0592 -1.47 -3.707 0.066 0.06 0.998 4869.0 4.4085 16.852112 1.633107 17.481049 15.847941 "" "" 1743.97021 2162.62061 3420.59841 2.4586 1389.9 15.192 3630.6 37.006 "" "" 0.0028637027517129108 0.012190994 0.011694252 0.023885246 238.54656462541 -57.67323202268 1966.79993 -1.47 -3.707 0.02475002288818362 -0.10897491645812973 0.13499847 0.12899846 "" "" 1.0418054883588765 "" 0.13470468249390952 ""
238.39076311881 -58.0105880708 0.0438 0.0413 12.0498 "" "" 5835825403828805888 1559.02905 0.6239 0.0603 -4.123 -4.758 0.068 0.067 1.016 5218.2 4.6109 16.852224 1.508619 17.559187 16.050568 "" "" 1428.47302 1690.93506 3420.24116 1.9237 1293.4 5.8129 3012.5 6.7552 "" "" 0.0028221807878362226 0.005620992 0.0044956887 0.0101166805 238.39076311881 -58.0105880708 1559.02905 -4.123 -4.758 -2.6282499771118166 -1.15997491645813 0.13699847 0.13599846 "" "" 21.229745107534324 "" 2.9049920959170508 ""
238.04585367645 -58.00258659097 0.0441 0.04 21.0707 "" "" 5834336046612352640 1875.20483 0.5516 0.0646 -1.952 -3.406 0.071 0.06 1.042 5388.7 4.7024 16.852554 1.403528 17.47095 16.067421 "" "" 1678.52478 2129.00195 3419.20367 1.92 1402.9 7.3473 2966.1 7.0876 "" "" 0.0028219668127913025 0.0063339085 0.004584175 0.010918084 238.04585367645 -58.00258659097 1875.20483 -1.952 -3.406000000000004 -0.45724997711181636 0.19202508354186998 0.13999847 0.12899846 "" "" 4.4081006769248114 "" 0.6101033378592867 ""
238.76274387533 -58.07003052098 0.044 0.0386 12.6011 "" "" 5835634982150568704 1915.5365 0.5075 0.0593 -4.775 -5.704 0.068 0.064 0.996 5161.3 4.5987 16.852766 1.394032 17.46066 16.06663 "" "" 1759.11902 2170.63818 3418.53769 1.7497 1416.3 10.256 2968.3 18.092 "" "" 0.0028108009514993862 0.008342666 0.007620818 0.015963484 238.76274387533 -58.07003052098 1915.5365 -4.7749999999999995 -5.704000000000002 -3.2802499771118168 -2.1059749164581296 0.13699847 0.13299847 "" "" 35.39334087081764 "" 4.8079423563473656 ""
238.1234576935 -57.93096041898 0.0468 0.0411 17.418 "" "" 5834338103793694464 1648.81567 0.5879 0.0636 -0.155 -3.886 0.074 0.061 1.012 5308.1 4.6553 16.852865 1.544436 17.503239 15.958802 "" "" 1471.53064 1827.9198 3418.2224 2.3292 1361.8 9.268 3278.2 17.01 "" "" 0.002852916900847912 0.00789843 0.0067839683 0.014682399 238.1234576935 -57.93096041898 1648.81567 -0.15500000000000047 -3.885999999999998 1.3397500228881836 -0.28797491645813 0.14299846 0.12999846 "" "" 10.709816162367972 "" 1.5256068459925962 ""
239.26753647714 -57.92117629015 0.0437 0.0387 19.744 "" "" 5835662676103496960 1792.02075 0.547 0.0639 -3.47 -5.84 0.069 0.065 0.969 4818.7 4.4558 16.852917 1.375338 17.459461 16.084124 "" "" 1609.38306 2021.15198 3418.06084 1.9095 1417.9 7.6504 2920.8 12.624 "" "" 0.00282129192992717 0.006488709 0.0060253483 0.012514057 239.26753647714 -57.92117629015 1792.02075 -3.4700000000000024 -5.839999999999995 -1.9752499771118166 -2.2419749164581297 0.13799846 0.13399845 "" "" 25.380491211241928 "" 3.4456803002368974 ""
239.30918268272 -57.86639764979 0.0529 0.0444 20.8256 "" "" 5835663225859410048 1500.03674 0.6682 0.0748 -0.964 -2.312 0.076 0.07 1.19 5170.1 4.6642 16.852972 1.328335 17.415392 16.087057 "" "" 1354.46802 1689.66113 3417.88813 2.969 1476.6 9.8304 2913.0 8.8805 "" "" 0.002912267939825093 0.007748066 0.0050238916 0.012771958 239.30918268272 -57.86639764979 1500.03674 -0.964 -2.3120000000000003 0.5307500228881836 1.2860250835418703 0.14499846 0.13899846 "" "" 9.891977500366075 "" 1.383765876830093 ""
238.91420954805 -58.14771463587 0.0436 0.0387 18.6903 "" "" 5835630893341162624 1526.85229 0.6523 0.059 -4.558 -0.895 0.065 0.066 1.073 5196.6 4.6751 16.853416 1.33758 17.399158 16.061579 "" "" 1393.97461 1665.82727 3416.48844 1.8273 1498.8 11.276 2982.1 26.043 "" "" 0.00281584899546689 0.008631767 0.010207311 0.018839078 238.91420954805 -58.14771463587 1526.85229 -4.558000000000002 -0.8949999999999985 -3.0632499771118162 2.70302508354187 0.13399845 0.13499847 "" "" 29.566609026914115 "" 3.9748506033166104 ""
238.26059873265 -57.94825375476 0.0507 0.0475 13.5174 "" "" 5835838323092108928 1482.68958 0.6689 0.0722 -11.08 -10.009 0.091 0.075 1.097 5097.4 4.6454 16.853437 1.530905 17.53228 16.001375 "" "" 1347.06445 1694.23071 3416.42439 2.2273 1325.9 9.2217 3152.2 9.4006 "" "" 0.002844787841041385 0.008050336 0.0049767313 0.013027066 238.26059873265 -57.94825375476 1482.68958 -11.079999999999998 -10.009 -9.585249977111816 -6.41097491645813 0.15999846 0.14399847 "" "" 81.04343670444815 "" 12.580323206311503 ""
238.85208798151 -57.76107440815 0.1008 0.0885 8.9417 "" "" 5835833375289258240 1828.73767 0.6594 0.1414 -4.149 -5.016 0.168 0.139 2.384 5045.1 4.7333 16.855404 1.407074 17.462816 16.055742 "" "" 1374.46265 2759.90479 3410.24375 5.0823 1413.5 5.7748 2998.2 5.2097 "" "" 0.003195303186768214 0.0052403035 0.0042240894 0.009464392 238.85208798151 -57.76107440815 1828.73767 -4.148999999999999 -5.016 -2.6542499771118164 -1.41797491645813 0.23699847 0.20799845 "" "" 26.08498944770766 "" 6.022355327352256 ""
238.06821508971 -58.03951580062 0.0435 0.039 21.3818 "" "" 5834335943533018624 1798.16382 0.5428 0.0634 -10.314 -6.221 0.073 0.058 0.999 4946.8 4.3501 16.855919 1.459599 17.533085 16.073486 "" "" 1612.01611 2058.41162 3408.62217 1.7866 1324.9 5.2001 2949.6 6.5494 "" "" 0.002813474828163099 0.005093587 0.0044828253 0.009576412 238.06821508971 -58.03951580062 1798.16382 -10.314 -6.220999999999999 -8.819249977111816 -2.62297491645813 0.14199847 0.12699845 "" "" 78.42320621278162 "" 11.045054998990175 ""
239.34730748665 -57.91249030003 0.0431 0.0379 22.1913 "" "" 5835662916621674880 1611.05371 0.6058 0.0626 -0.918 -3.099 0.063 0.058 1.019 5066.9 4.4818 16.856054 1.26877 17.426744 16.157974 "" "" 1469.32324 1839.21265 3408.19985 1.9777 1461.2 7.228 2728.8 7.7834 "" "" 0.002826433149705267 0.006052249 0.004886132 0.010938382 239.34730748665 -57.91249030003 1611.05371 -0.9180000000000001 -3.098999999999998 0.5767500228881836 0.4990250835418699 0.13199846 0.12699845 "" "" 5.824054535425054 "" 0.7564363596002129 ""
239.07832229377 -57.63127222727 0.0457 0.0379 19.5839 "" "" 5835858251742900352 2011.07019 0.5151 0.0673 -1.115 -1.735 0.073 0.062 1.011 5141.3 4.7472 16.856106 1.396364 17.412329 16.015965 "" "" 1728.38293 2348.18188 3408.03775 1.8091 1480.8 9.7998 3110.1 43.411 "" "" 0.0028149534415913727 0.007708024 0.015618937 0.023326961 239.07832229377 -57.63127222727 2011.07019 -1.1150000000000002 -1.7350000000000003 0.3797500228881836 1.86302508354187 0.14199847 0.13099846 "" "" 18.124418365907008 "" 2.382543524500175 ""
238.37521743604 -57.55443588372 0.0428 0.0399 20.8475 "" "" 5835853819335470336 1538.96997 0.6417 0.0625 -10.929 -4.601 0.07 0.064 1.075 5323.1 4.6622 16.856184 1.467499 17.481579 16.01408 "" "" 1424.98938 1685.53662 3407.79434 2.1608 1389.3 9.2491 3115.5 12.37 "" "" 0.0028400242416846354 0.007747989 0.005733013 0.013481002 238.37521743604 -57.55443588372 1538.96997 -10.928999999999997 -4.601000000000002 -9.434249977111817 -1.0029749164581299 0.13899846 0.13299847 "" "" 69.20800908772279 "" 9.615265243339854 ""
238.9291082144 -58.1079804914 0.042 0.0375 16.8216 "" "" 5835631374377591808 1675.61206 0.5858 0.0595 -1.767 -4.185 0.064 0.065 0.987 5414.2 4.7046 16.856602 1.298143 17.338514 16.04037 "" "" 1526.99011 1876.13452 3406.4845 2.1189 1584.9 14.338 3041.0 12.289 "" "" 0.002836879604102231 0.01021086 0.005790901 0.016001761 238.9291082144 -58.1079804914 1675.61206 -1.767 -4.185 -0.2722499771118163 -0.5869749164581295 0.13299847 0.13399845 "" "" 5.139044135988122 "" 0.6877169533141879 ""
239.44535118548 -57.85546942577 0.0777 0.0697 25.1854 "" "" 5835652952295723776 1511.32593 0.7141 0.1191 -4.458 -3.3 0.118 0.109 1.819 5190.4 4.7284 16.857014 1.318088 17.368391 16.050303 "" "" 1283.03418 1848.27722 3405.18754 7.5801 1541.9 7.5883 3013.3 6.6258 "" "" 0.0036651306450412495 0.0060279598 0.004470266 0.010498226 239.44535118548 -57.85546942577 1511.32593 -4.458 -3.3000000000000003 -2.9632499771118166 0.2980250835418703 0.18699846 0.17799845 "" "" 21.33487934257485 "" 3.987712553925985 ""
238.74771675979 -57.43604330323 0.0424 0.0369 26.0638 "" "" 5835876221888500992 1683.17419 0.618 0.0614 -2.612 -0.762 0.065 0.058 0.978 5303.1 3.8533 16.857239 1.517805 17.572248 16.054443 "" "" 1498.34497 1872.15576 3404.48171 1.9095 1278.0 5.8304 3001.8 7.1335 "" "" 0.00282181303628417 0.00568506 0.004576124 0.010261184 238.74771675979 -57.43604330323 1683.17419 -2.612000000000001 -0.7619999999999993 -1.1172499771118165 2.83602508354187 0.13399845 0.12699845 "" "" 24.3189776687919 "" 3.1118842340915096 ""
238.61826311769 -58.11005871566 0.0422 0.0393 14.5928 "" "" 5835820937062485504 2025.50439 0.4773 0.057 -2.091 -3.343 0.065 0.064 0.979 5124.6 4.5887 16.85724 1.37546 17.483566 16.108107 "" "" 1805.03235 2317.65454 3404.4748 1.6992 1386.7 6.5073 2857.0 5.9859 "" "" 0.0028081033457530075 0.005808949 0.0044111735 0.0102201225 238.61826311769 -58.11005871566 2025.50439 -2.091000000000001 -3.342999999999999 -0.5962499771118166 0.25502508354187015 0.13399845 0.13299847 "" "" 6.226174568837934 "" 0.8333379474093044 ""
238.40731166755 -58.28166548166 0.1178 0.1084 26.0672 "" "" 5834317011314849024 1667.91064 0.7763 0.1534 -2.102 -3.245 0.187 0.158 2.664 5612.2 4.6738 16.858437 1.212542 17.297953 16.085411 "" "" 1262.77258 2334.08716 3400.72804 7.5083 1645.3 5.4099 2917.4 9.0404 "" "" 0.003652134443265019 0.0045310003 0.005059975 0.009590976 238.40731166755 -58.28166548166 1667.91064 -2.1020000000000008 -3.245 -0.6072499771118163 0.35302508354187 0.25599846 0.22699848 "" "" 5.553177541098243 "" 1.3826976524943413 ""
239.00842683067 -57.56436242877 0.0429 0.0379 21.4092 "" "" 5835859763571585792 1482.9303 0.6595 0.0644 -4.247 -5.543 0.064 0.059 1.024 5334.9 4.6917 16.858501 1.35054 17.403742 16.053202 "" "" 1369.3396 1652.0658 3400.52717 1.9707 1492.5 13.671 3005.2 16.587 "" "" 0.0028262519443601882 0.0103291115 0.0070848824 0.017413994 239.00842683067 -57.56436242877 1482.9303 -4.247 -5.543000000000001 -2.7522499771118163 -1.94497491645813 0.13299847 0.12799847 "" "" 23.68897828765024 "" 3.111648361081943 ""
238.93590986559 -57.91962727564 0.0421 0.0364 9.4359 "" "" 5835642197696433536 1820.46167 0.5522 0.0602 -6.283 -2.483 0.066 0.063 1.058 6011.9 4.4873 16.858679 1.362778 17.46958 16.106802 "" "" 1643.63403 2083.37476 3399.96811 1.7163 1404.7 5.9667 2860.5 6.7696 "" "" 0.002809302280539605 0.005390194 0.0045701154 0.009960309 238.93590986559 -57.91962727564 1820.46167 -6.2829999999999995 -2.4830000000000005 -4.788249977111817 1.11502508354187 0.13499847 0.13199846 "" "" 42.42323329522392 "" 5.720594213594875 ""
239.02398397661 -57.85298811553 0.0529 0.0443 11.7592 "" "" 5835644259241333376 1690.67175 0.5964 0.075 -6.786 -6.269 0.084 0.071 1.173 "" "" 16.858929 1.339995 17.233276 15.893281 "" "" 1504.47119 1941.68665 3399.18673 2.3412 1746.2 19.802 3482.1 46.406 "" "" 0.0028549956795874323 0.012624497 0.014955055 0.027579552 239.02398397661 -57.85298811553 1690.67175 -6.786000000000003 -6.269 -5.291249977111816 -2.67097491645813 0.15299846 0.13999847 "" "" 47.499120918440646 "" 7.146218314210647 ""
239.10744032705 -57.91104550734 0.0419 0.0347 14.6117 "" "" 5835640204791450240 1979.59814 0.4878 0.0575 -3.554 -5.487 0.062 0.057 1.021 5298.5 4.6918 16.85893 1.3697 17.393608 16.023909 "" "" 1773.87549 2222.4917 3399.18324 1.7815 1506.5 8.5897 3087.4 43.124 "" "" 0.0028134649642553846 0.006790335 0.015629122 0.022419456 239.10744032705 -57.91104550734 1979.59814 -3.5539999999999976 -5.487000000000003 -2.0592499771118162 -1.88897491645813 0.13099846 0.12599847 "" "" 26.220789768619618 "" 3.3756066758592542 ""
