Clusters/UBC_534/UBC_534_members.tsv
# %ECSV 1.0
# ---
# datatype:
# - name: RA_ICRS_1
#   unit: deg
#   datatype: float64
#   format: '{:15.11f}'
#   description: Right ascension (ICRS) at Ep=2016.0 (ra)
#   meta: !!omap
#   - {ucd: POS_EQ_RA_MAIN}
#   - {width: 15}
#   - {precision: '11'}
# - name: DE_ICRS_1
#   unit: deg
#   datatype: float64
#   format: '{:15.11f}'
#   description: Declination (ICRS) at Ep=2016.0 (dec)
#   meta: !!omap
#   - {ucd: POS_EQ_DEC_MAIN}
#   - {width: 15}
#   - {precision: '11'}
# - name: e_RA_ICRS
#   unit: mas
#   datatype: float64
#   format: '{:7.4f}'
#   description: Standard error of right ascension (ra_error)
#   meta: !!omap
#   - {ucd: ERROR}
#   - {width: 7}
#   - {precision: '4'}
# - name: e_DE_ICRS
#   unit: mas
#   datatype: float64
#   format: '{:7.4f}'
#   description: Standard error of declination (dec_error)
#   meta: !!omap
#   - {ucd: ERROR}
#   - {width: 7}
#   - {precision: '4'}
# - name: _r_1
#   unit: ''
#   datatype: float64
#   format: '{:7.4f}'
#   description: Distance from center (238.65661438000-57.86769659000)[ICRS], at Epoch=J2016.0
#   meta: !!omap
#   - {ucd: POS_ANG_DIST_GENERAL}
#   - {width: 7}
#   - {precision: '4'}
# - name: HIP
#   datatype: int32
#   description: '? HIP cross-id number, van Leeuwen, Cat. I/311 (hip_original_ext_source_id)'
#   meta: !!omap
#   - {ucd: ID_NUMBER}
#   - {width: 6}
#   - values: {'null': -2147483648}
# - name: TYC2
#   datatype: string
#   description: Tycho-2 cross-id name, Hog et al., Cat. I/259 (tyc2_original_ext_source_id)
#   meta: !!omap
#   - {ucd: ID_CROSSID}
#   - {_votable_string_dtype: char}
# - name: Source
#   datatype: int64
#   description: Source identifier, identical to the Gaia-EDR3 source_id (id)
#   meta: !!omap
#   - {ucd: ID_MAIN}
#   - {width: 19}
# - name: rgeo
#   unit: pc
#   datatype: float64
#   format: '{:15.8f}'
#   description: '? Median of the geometric distance posterior (r_med_geo)'
#   meta: !!omap
#   - {ucd: PHYS_DISTANCE_TRUE}
#   - {width: 15}
#   - {precision: '8'}
#   - values: {'null': .nan}
# - name: Plx
#   unit: mas
#   datatype: float64
#   format: '{:9.4f}'
#   description: '? Parallax (parallax)'
#   meta: !!omap
#   - {ucd: POS_PARLX_TRIG}
#   - {width: 9}
#   - {precision: '4'}
#   - values: {'null': .nan}
# - name: e_Plx
#   unit: mas
#   datatype: float32
#   format: '{:7.4f}'
#   description: '? Standard error of parallax (parallax_error)'
#   meta: !!omap
#   - {ucd: ERROR}
#   - {width: 7}
#   - {precision: '4'}
#   - values: {'null': .nan}
# - name: pmRA
#   unit: mas / yr
#   datatype: float64
#   format: '{:9.3f}'
#   description: '? Proper motion in right ascension direction, pmRA*cosDE (pmra)'
#   meta: !!omap
#   - {ucd: POS_EQ_PMRA}
#   - {width: 9}
#   - {precision: '3'}
#   - values: {'null': .nan}
# - name: pmDE
#   unit: mas / yr
#   datatype: float64
#   format: '{:9.3f}'
#   description: '? Proper motion in declination direction (pmdec)'
#   meta: !!omap
#   - {ucd: POS_EQ_PMDEC}
#   - {width: 9}
#   - {precision: '3'}
#   - values: {'null': .nan}
# - name: e_pmRA
#   unit: mas / yr
#   datatype: float32
#   format: '{:6.3f}'
#   description: '? Standard error of proper motion in right ascension direction (pmra_error)'
#   meta: !!omap
#   - {ucd: ERROR}
#   - {width: 6}
#   - {precision: '3'}
#   - values: {'null': .nan}
# - name: e_pmDE
[...]
#       distance: !astropy.table.SerializedColumn
#         __class__: astropy.coordinates.distances.Distance
#         unit: !astropy.units.Unit {unit: pc}
#         value: !astropy.table.SerializedColumn {name: SkyCoord.distance}
#       frame: icrs
#       obstime: !astropy.time.Time {format: jyear_str, in_subfmt: '*', jd1: 367701545.0, jd2: 0.0, out_subfmt: '*', precision: 3, scale: tt}
#       pm_dec: !astropy.table.SerializedColumn
#         __class__: astropy.units.quantity.Quantity
#         unit: !astropy.units.Unit {unit: mas / yr}
#         value: !astropy.table.SerializedColumn {name: SkyCoord.pm_dec}
#       pm_ra_cosdec: !astropy.table.SerializedColumn
#         __class__: astropy.units.quantity.Quantity
#         unit: !astropy.units.Unit {unit: mas / yr}
#         value: !astropy.table.SerializedColumn {name: SkyCoord.pm_ra_cosdec}
#       ra: !astropy.table.SerializedColumn
#         __class__: astropy.coordinates.angles.Longitude
#         unit: *id001
#         value: !astropy.table.SerializedColumn {name: SkyCoord.ra}
#         wrap_angle: !astropy.coordinates.Angle
#           unit: *id001
#           value: 360.0
#       representation_type: spherical
# schema: astropy-2.0
RA_ICRS_1 DE_ICRS_1 e_RA_ICRS e_DE_ICRS _r_1 HIP TYC2 Source rgeo Plx e_Plx pmRA pmDE e_pmRA e_pmDE RUWE Teff logg Gmag BP-RP BPmag RPmag RV e_RV b_rgeo B_rgeo FG e_FG FBP e_FBP FRP e_FRP RAVE5 RAVE6 e_Gmag e_BPmag e_RPmag e_BP-RP SkyCoord.ra SkyCoord.dec SkyCoord.distance SkyCoord.pm_ra_cosdec SkyCoord.pm_dec rmRA rmDE e_rmRA e_rmDE rRV e_rRV v_pec v_pec3d e_vpec e_vpec3d Pmemb
238.45082300778 -57.91648797795 0.011 0.0106 7.1862 "" 8705-2297-1 5835827637211965824 1678.38306 0.5747 0.0165 -1.591 -3.587 0.019 0.017 0.837 7262.5 2.3974 8.945029 0.698153 9.198862 8.50071 "" "" 1631.80115 1722.74646 4976626.17457 1109.9 2856700.0 1291.2 3154100.0 792.88 "" "" 0.002765939798337904 0.0028329978 0.0037892242 0.0066222223 238.45082300778 -57.91648797795 1678.38306 -1.5909999999999997 -3.5870000000000015 -0.09624997711181638 0.011025083541869929 0.087998465 0.08599846 "" "" 0.7707272143612305 "" 0.06780307223461501 "" 0.96
238.61391535457 -57.77713978519 0.0099 0.0092 5.6021 "" "" 5835834749678502400 1616.51904 0.5833 0.0139 -1.643 -3.616 0.016 0.015 0.879 "" "" 11.944103 0.705203 12.209788 11.504585 "" "" 1583.97339 1650.0061 314271.77039 70.993 178440.0 82.185 198300.0 57.031 "" "" 0.0027662147445862407 0.0028346272 0.0037922594 0.0066268863 238.61391535457 -57.77713978519 1616.51904 -1.643 -3.616 -0.14824997711181642 -0.017974916458129986 0.084998466 0.083998464 "" "" 1.1442550237411788 "" 0.09724344001460612 "" 0.87
238.622065294 -57.76936205279 0.0103 0.0095 6.0025 "" "" 5835834745279170816 1656.3822 0.5783 0.0152 -1.638 -3.491 0.017 0.017 0.962 "" "" 12.60383 0.689399 12.860152 12.170754 "" "" 1613.02942 1690.81226 171164.85797 153.29 98029.0 274.19 107360.0 258.77 "" "" 0.0029218586297271986 0.0041240053 0.0045969733 0.008720979 238.622065294 -57.76936205279 1656.3822 -1.6380000000000015 -3.490999999999999 -0.1432499771118163 0.10702508354187001 0.08599846 0.08599846 "" "" 1.4039241992180564 "" 0.12073532000266017 "" 0.85
238.72165395382 -57.94042108397 0.0095 0.0082 4.8311 "" "" 5835823892000246272 1709.41125 0.5532 0.0129 -1.534 -3.614 0.015 0.013 0.84 "" "" 12.621257 0.527811 12.812663 12.284852 "" "" 1680.25781 1748.55261 168439.47294 45.838 102410.0 83.627 96653.0 64.848 "" "" 0.0027711169213400235 0.002927646 0.0038489455 0.0067765918 238.72165395382 -57.94042108397 1709.41125 -1.5339999999999998 -3.6140000000000008 -0.039249977111816436 -0.015974916458129762 0.083998464 0.08199847 "" "" 0.34335935473288304 "" 0.028745068024659925 "" 0.82
238.62117790422 -58.05990110177 0.0105 0.0099 11.5873 "" "" 5835821658617058560 1641.05957 0.579 0.0145 -1.541 -3.663 0.016 0.015 0.873 7178.5 3.5929 12.786895 0.636293 13.025956 12.389663 "" "" 1602.55798 1672.47559 144606.82485 22.717 84146.0 44.222 87759.0 28.028 "" "" 0.002760594385545081 0.0028479167 0.003795256 0.0066431724 238.62117790422 -58.05990110177 1641.05957 -1.5410000000000001 -3.6630000000000003 -0.04624997711181633 -0.0649749164581297 0.084998466 0.083998464 "" "" 0.6203811066873833 "" 0.052320508133430796 "" 0.88
238.72703686168 -57.81520802065 0.0093 0.0087 3.8699 "" "" 5835831554222757248 1645.63733 0.5796 0.0131 -1.603 -3.626 0.015 0.014 0.878 "" "" 12.829249 0.729745 13.108434 12.378689 "" "" 1608.03052 1683.69739 139074.29233 22.384 77991.0 41.182 88651.0 29.42 "" "" 0.0027608561504074134 0.0028484608 0.0037965188 0.0066449796 238.72703686168 -57.81520802065 1645.63733 -1.6030000000000002 -3.6260000000000003 -0.10824997711181639 -0.027974916458129773 0.083998464 0.08299846 "" "" 0.8721251901806614 "" 0.0732028823257343 "" 0.97
238.79838162443 -57.83687587211 0.0094 0.0085 4.8893 "" "" 5835830557790604672 1533.92566 0.6184 0.0137 -1.484 -3.516 0.015 0.014 0.886 "" "" 13.009497 0.515431 13.19838 12.682949 "" "" 1499.05518 1567.39771 117800.76174 26.625 71790.0 38.378 66985.0 21.416 "" "" 0.002766226335179258 0.002849901 0.0037952894 0.0066451905 238.79838162443 -57.83687587211 1533.92566 -1.484 -3.516 0.010750022888183608 0.0820250835418701 0.083998464 0.08299846 "" "" 0.6014886219521768 "" 0.049932847501966644 "" 0.98
238.39061650984 -57.9770327803 0.0108 0.01 10.7179 "" "" 5835825609987307008 1616.80066 0.5889 0.0141 -1.505 -3.628 0.016 0.016 0.887 7360.9 3.7177 13.046315 0.757836 13.335215 12.577378 "" "" 1584.08276 1661.21301 113872.99497 64.491 63289.0 137.2 73826.0 96.451 "" "" 0.0028230990481606984 0.0036503326 0.0040368056 0.0076871384 238.39061650984 -57.9770327803 1616.80066 -1.5050000000000001 -3.6280000000000006 -0.0102499771118163 -0.029974916458129996 0.084998466 0.084998466 "" "" 0.24277612867375414 "" 0.020635598536766456 "" 0.97
238.50180542351 -57.92945361716 0.0101 0.0092 6.1721 "" "" 5835827392294905088 1617.07361 0.5806 0.0141 -1.474 -3.634 0.017 0.015 0.906 "" "" 13.051693 0.680754 13.306556 12.625802 "" "" 1587.53992 1654.62854 113310.37537 26.233 64982.0 35.316 70605.0 26.927 "" "" 0.0027667622089458973 0.0028518818 0.0038019973 0.006653879 238.50180542351 -57.92945361716 1617.07361 -1.4739999999999995 -3.6340000000000003 0.020750022888183617 -0.03597491645812978 0.08599846 0.083998464 "" "" 0.3183260816145825 "" 0.02689924491312029 "" 0.94
238.7251291921 -57.92965580516 0.0109 0.0094 4.3119 "" "" 5835829836235732480 1681.47827 0.5506 0.0148 -1.411 -3.574 0.017 0.015 0.864 "" "" 13.501372 0.565281 13.70964 13.144359 "" "" 1637.95105 1727.31067 74885.54594 16.36 44829.0 22.911 43794.0 15.64 "" "" 0.0027655111514626905 0.0028448119 0.00379922 0.006644032 238.7251291921 -57.92965580516 1681.47827 -1.4109999999999994 -3.573999999999999 0.08375002288818356 0.024025083541870274 0.08599846 0.083998464 "" "" 0.6944273991236043 "" 0.059615222112513716 "" 0.98
238.74166381237 -58.02169928799 0.0115 0.0095 9.6289 "" "" 5835635394467267328 1594.39075 0.5873 0.0153 -1.51 -3.57 0.018 0.016 0.861 "" "" 13.54207 0.595273 13.763314 13.168041 "" "" 1560.35876 1638.67834 72130.42079 16.63 42667.0 25.52 42849.0 37.186 "" "" 0.0027666677131837794 0.0028647461 0.0038950674 0.0067598135 238.74166381237 -58.02169928799 1594.39075 -1.5099999999999998 -3.5699999999999994 -0.015249977111816415 0.028025083541870277 0.08699846 0.084998466 "" "" 0.241123745338353 "" 0.020606315838228778 "" 0.96
238.32694697252 -57.89178782118 0.0118 0.0115 10.6159 "" "" 5835838975927159424 1598.44092 0.5891 0.0169 -1.478 -3.672 0.02 0.02 0.969 "" "" 13.67541 1.047444 14.1062 13.058756 "" "" 1556.57153 1642.15076 63794.40562 9.4733 31113.0 15.569 47387.0 17.437 "" "" 0.002760033364896877 0.0028425741 0.0038004399 0.006643014 238.32694697252 -57.89178782118 1598.44092 -1.4780000000000002 -3.6720000000000024 0.016750022888183613 -0.07397491645813004 0.08899847 0.08899847 "" "" 0.5746673373321616 "" 0.05114451190244176 "" 0.96
238.64428029886 -57.8901227941 0.0114 0.0101 1.4019 "" "" 5835830862628558336 1646.47546 0.568 0.0163 -1.416 -3.66 0.02 0.016 1.002 "" "" 13.691363 0.708269 13.956024 13.247755 "" "" 1589.58154 1693.47498 62863.92438 13.79 35728.0 17.59 39816.0 15.035 "" "" 0.0027655947566621636 0.0028409124 0.0038015544 0.006642467 238.64428029886 -57.8901227941 1646.47546 -1.416 -3.66 0.07875002288818367 -0.061974916458130025 0.08899847 0.084998466 "" "" 0.7820843234062802 "" 0.06842471763086129 "" 0.96
238.57166221578 -57.83802199021 0.0115 0.0101 3.2444 "" "" 5835834165562901632 1608.21362 0.5856 0.0158 -1.461 -3.615 0.019 0.017 0.935 "" "" 13.706372 0.766066 14.004253 13.238188 "" "" 1571.72351 1641.32996 62000.90235 12.338 34176.0 21.45 40168.0 18.219 "" "" 0.002763778322771016 0.0028721793 0.0038113305 0.00668351 238.57166221578 -57.83802199021 1608.21362 -1.4610000000000012 -3.6150000000000007 0.03375002288818352 -0.016974916458130096 0.087998465 0.08599846 "" "" 0.2879826319459476 "" 0.025226803876919637 "" 0.97
238.78817798637 -57.76148846671 0.0114 0.0106 7.6347 "" "" 5835833233450420992 1715.01172 0.5451 0.016 -1.478 -3.638 0.018 0.017 0.957 "" "" 13.788574 0.598475 14.008682 13.410207 "" "" 1662.61584 1766.32959 57480.04807 14.028 34036.0 24.542 34283.0 18.605 "" "" 0.0027680318846026643 0.002897922 0.0038250366 0.0067229588 238.78817798637 -57.76148846671 1715.01172 -1.4780000000000006 -3.637999999999999 0.016750022888183613 -0.03997491645812978 0.08699846 0.08599846 "" "" 0.3523365090893863 "" 0.03035327891777143 "" 0.97
238.9334393799 -57.76728204909 0.0117 0.0103 10.7033 "" "" 5835832477536434560 1564.64539 0.5976 0.0163 -1.449 -3.503 0.019 0.016 0.968 "" "" 13.856233 0.560238 14.06457 13.504333 "" "" 1523.8418 1603.94043 54007.45322 12.989 32329.0 29.782 31436.0 16.05 "" "" 0.002767665983974784 0.002964025 0.0038198186 0.0067838435 238.9334393799 -57.76728204909 1564.64539 -1.4490000000000016 -3.5030000000000006 0.04575002288818353 0.09502508354187 0.087998465 0.084998466 "" "" 0.7821714103648103 "" 0.06693121465543064 "" 0.95
238.8479428357 -57.93005410521 0.012 0.0104 7.1564 "" "" 5835642369494597888 1630.16089 0.5731 0.0165 -1.41 -3.666 0.018 0.017 0.895 "" "" 13.886446 0.629942 14.116981 13.487039 "" "" 1582.45874 1681.45984 52525.28944 12.904 30805.0 39.685 31941.0 44.377 "" "" 0.0027682010462349487 0.0031211302 0.004069297 0.0071904273 238.8479428357 -57.93005410521 1630.16089 -1.409999999999999 -3.6660000000000004 0.08475002288818367 -0.06797491645812981 0.08699846 0.08599846 "" "" 0.8394752148559339 "" 0.0727055770825399 "" 0.97
238.69655823065 -57.90551122749 0.012 0.0108 2.6021 "" "" 5835830592150003840 1600.28125 0.5878 0.0171 -1.421 -3.732 0.02 0.018 0.953 "" "" 13.932878 0.735133 14.216217 13.481084 "" "" 1565.15454 1640.33289 50326.38515 9.3294 28114.0 17.649 32116.0 15.588 "" "" 0.0027626616910005593 0.0028722135 0.0038159448 0.006688158 238.69655823065 -57.90551122749 1600.28125 -1.4209999999999998 -3.732 0.07375002288818355 -0.1339749164581301 0.08899847 0.08699846 "" "" 1.1600438232222383 "" 0.10146631143449192 "" 0.84
238.92037783948 -57.81271895037 0.0121 0.0106 9.0466 "" "" 5835832241417763328 1657.25757 0.5592 0.0173 -1.457 -3.584 0.02 0.017 0.996 "" "" 13.950042 0.644462 14.194972 13.55051 "" "" 1614.02539 1714.55334 49537.05461 13.334 28670.0 19.498 30127.0 14.928 "" "" 0.002770775970664986 0.0028862208 0.00381748 0.006703701 238.92037783948 -57.81271895037 1657.25757 -1.4569999999999999 -3.5840000000000014 0.03775002288818352 0.014025083541870043 0.08899847 0.08599846 "" "" 0.31634619049757523 "" 0.02804092918016418 "" 0.96
238.59069513957 -57.91256942661 0.0124 0.011 3.4159 "" "" 5835824922792547584 1567.91345 0.5997 0.0176 -1.498 -3.504 0.021 0.018 0.958 8403.5 4.3351 14.015078 0.74083 14.300118 13.559287 "" "" 1530.43652 1604.36462 46656.86484 10.706 26024.0 19.433 29884.0 16.442 "" "" 0.0027665606831967973 0.0029055763 0.0038263001 0.006731876 238.59069513957 -57.91256942661 1567.91345 -1.4980000000000004 -3.504000000000002 -0.0032499771118164045 0.09402508354187011 0.08999846 0.08699846 "" "" 0.6992032443037671 "" 0.06083215356271364 "" 0.97
238.55757205603 -58.01331500342 0.015 0.0136 9.2891 "" "" 5835822551970399232 1650.92542 0.57 0.0197 -1.479 -3.638 0.023 0.022 0.968 9220.2 4.0027 14.320097 0.776056 14.622323 13.846267 "" "" 1600.93445 1696.66577 35229.60811 8.2094 19341.0 19.079 22943.0 16.257 "" "" 0.002766911740616255 0.0029886703 0.0038568901 0.0068455604 238.55757205603 -58.01331500342 1650.92542 -1.479 -3.637999999999999 0.0157500228881835 -0.03997491645812978 0.091998465 0.09099846 "" "" 0.3362237356460287 "" 0.03064123787728404 "" 0.9
238.44613226474 -57.86775259631 0.0143 0.0133 6.717 "" "" 5835828633644475904 1651.32581 0.5693 0.0206 -1.586 -3.566 0.025 0.021 1.067 "" "" 14.354762 0.898313 14.713117 13.814803 "" "" 1597.81042 1714.74023 34122.59242 6.7166 17790.0 13.17 23618.0 17.536 "" "" 0.0027635959945847698 0.0029036358 0.0038644008 0.0067680366 238.44613226474 -57.86775259631 1651.32581 -1.5859999999999992 -3.566 -0.09124997711181648 0.03202508354187028 0.09399846 0.08999846 "" "" 0.7569499672798664 "" 0.0708264080164692 "" 0.89
238.65527497578 -57.86296505598 0.0152 0.0131 0.2871 "" "" 5835830970107179904 1548.63733 0.6083 0.0205 -1.539 -3.617 0.026 0.021 0.983 9558.9 4.0779 14.490527 0.885973 14.835803 13.94983 "" "" 1505.9342 1602.24707 30111.74631 6.0886 15889.0 14.892 20856.0 20.304 "" "" 0.0027640523646495644 0.0029699453 0.0039244075 0.006894353 238.65527497578 -57.86296505598 1548.63733 -1.5390000000000001 -3.617 -0.04424997711181633 -0.018974916458129876 0.094998464 0.08999846 "" "" 0.3534230672346045 "" 0.03330633164599312 "" 0.95
238.61189207067 -57.9882621649 0.0236 0.0209 7.3729 "" "" 5835824029332775296 1608.53015 0.5933 0.0295 -1.469 -3.489 0.036 0.033 1.348 "" "" 14.502811 0.875347 14.795141 13.919794 "" "" 1538.08594 1684.37622 29772.98746 10.677 16495.0 73.467 21441.0 301.87 "" "" 0.0027826948236028613 0.005582972 0.01574647 0.021329442 238.61189207067 -57.9882621649 1608.53015 -1.469 -3.489 0.02575002288818351 0.10902508354187024 0.10499846 0.10199846 "" "" 0.8541247792368415 "" 0.08725668261705927 "" 0.86
238.82197195921 -57.9642906141 0.0153 0.0132 7.8333 "" "" 5835641854098507264 1567.12061 0.5968 0.0211 -1.334 -3.546 0.024 0.021 1.021 7932.5 4.3721 14.6289 0.863624 14.970532 14.106909 "" "" 1520.77759 1616.00562 26508.60507 5.7365 14035.0 12.214 18047.0 11.399 "" "" 0.002765319725955511 0.0029458136 0.0038410968 0.0067869104 238.82197195921 -57.9642906141 1567.12061 -1.3339999999999999 -3.5460000000000003 0.16075002288818352 0.0520250835418703 0.09299846 0.08999846 "" "" 1.2550538618840952 "" 0.11636632254240525 "" 0.83
238.99980992326 -57.73780843835 0.0155 0.014 13.4581 "" "" 5835856052719201664 1662.90454 0.5699 0.022 -1.464 -3.629 0.025 0.021 1.015 "" "" 14.733014 1.062172 15.162838 14.100666 -14.9 10.72 1609.60205 1720.69189 24084.69453 5.0793 11757.0 18.972 18151.0 19.936 "" "" 0.0027648180231401834 0.0032946393 0.003963055 0.0072576944 238.99980992326 -57.73780843835 1662.90454 -1.4639999999999997 -3.6289999999999987 0.030750022888183626 -0.030974916458129886 0.09399846 0.08999846 20.705000000000005 11.750714 0.34402833794260973 20.70785794082304 0.0316525429821462 11.749092569747145 0.92
238.38538500346 -57.81051616977 0.0167 0.0155 9.3172 "" "" 5835841106231030400 1597.5293 0.5874 0.0241 -1.57 -3.652 0.028 0.026 0.965 9250.4 4.1867 14.877685 1.122235 15.349424 14.227189 "" "" 1533.88708 1665.9801 21080.11355 4.3225 9900.3 13.556 16154.0 10.112 "" "" 0.0027642999357970787 0.003161513 0.0038400055 0.0070015183 238.38538500346 -57.81051616977 1597.5293 -1.5700000000000005 -3.652000000000001 -0.07524997711181647 -0.05397491645813002 0.09699847 0.094998464 "" "" 0.7012385430491538 "" 0.06754589569512706 "" 0.97
238.62324917333 -57.86100200702 0.0165 0.0149 1.1381 "" "" 5835833890684952704 1560.68127 0.6017 0.0237 -1.436 -3.583 0.028 0.024 1.036 8857.3 4.1675 14.878646 0.951657 15.264977 14.31332 "" "" 1505.86987 1608.12451 21061.45044 4.7531 10701.0 15.023 14922.0 9.5491 "" "" 0.002766193660830297 0.0031793695 0.003842717 0.0070220865 238.62324917333 -57.86100200702 1560.68127 -1.4359999999999993 -3.583000000000001 0.05875002288818365 0.015025083541869932 0.09699847 0.09299846 "" "" 0.44859886764847606 "" 0.04340538080091753 "" 0.9
238.85765325217 -57.71835248219 0.0183 0.0154 11.0284 "" "" 5835857049151672064 1682.25049 0.5641 0.0251 -1.515 -3.677 0.028 0.024 1.029 7013.9 3.7631 15.015445 1.002004 15.427555 14.425551 "" "" 1609.7594 1764.51526 18568.15933 4.2929 9212.9 9.8526 13457.0 9.0417 "" "" 0.002766730893438186 0.0030221283 0.0038491427 0.006871271 238.85765325217 -57.71835248219 1682.25049 -1.515 -3.6770000000000014 -0.02024997711181631 -0.07897491645812993 0.09699847 0.09299846 "" "" 0.6501073539654253 "" 0.06062263283096651 "" 0.92
238.35433246889 -57.84839179598 0.0195 0.0188 9.7184 "" "" 5835840522115428224 1539.98206 0.6133 0.0277 -1.482 -3.55 0.033 0.031 1.034 6642.4 3.8131 15.093181 1.085679 15.540875 14.455196 "" "" 1477.79346 1606.52686 17285.20723 4.7291 8299.8 9.6051 13094.0 12.565 "" "" 0.00277128626435503 0.0030600347 0.0039203605 0.006980395 238.35433246889 -57.84839179598 1539.98206 -1.4820000000000002 -3.549999999999999 0.01275002288818361 0.048025083541870295 0.10199846 0.09999846 "" "" 0.3627037636315113 "" 0.03631802580019435 "" 0.9
