Clusters/UBC_534/UBC_534_stars_in_region.tsv
# %ECSV 1.0
# ---
# datatype:
# - name: RA_ICRS_1
#   unit: deg
#   datatype: float64
#   format: '{:15.11f}'
#   description: Right ascension (ICRS) at Ep=2016.0 (ra)
#   meta: !!omap
#   - {ucd: POS_EQ_RA_MAIN}
#   - {width: 15}
#   - {precision: '11'}
# - name: DE_ICRS_1
#   unit: deg
#   datatype: float64
#   format: '{:15.11f}'
#   description: Declination (ICRS) at Ep=2016.0 (dec)
#   meta: !!omap
#   - {ucd: POS_EQ_DEC_MAIN}
#   - {width: 15}
#   - {precision: '11'}
# - name: e_RA_ICRS
#   unit: mas
#   datatype: float64
#   format: '{:7.4f}'
#   description: Standard error of right ascension (ra_error)
#   meta: !!omap
#   - {ucd: ERROR}
#   - {width: 7}
#   - {precision: '4'}
# - name: e_DE_ICRS
#   unit: mas
#   datatype: float64
#   format: '{:7.4f}'
#   description: Standard error of declination (dec_error)
#   meta: !!omap
#   - {ucd: ERROR}
#   - {width: 7}
#   - {precision: '4'}
# - name: _r_1
#   unit: ''
#   datatype: float64
#   format: '{:7.4f}'
#   description: Distance from center (238.65661438000-57.86769659000)[ICRS], at Epoch=J2016.0
#   meta: !!omap
#   - {ucd: POS_ANG_DIST_GENERAL}
#   - {width: 7}
#   - {precision: '4'}
# - name: HIP
#   datatype: int32
#   description: '? HIP cross-id number, van Leeuwen, Cat. I/311 (hip_original_ext_source_id)'
#   meta: !!omap
#   - {ucd: ID_NUMBER}
#   - {width: 6}
#   - values: {'null': -2147483648}
# - name: TYC2
#   datatype: string
#   description: Tycho-2 cross-id name, Hog et al., Cat. I/259 (tyc2_original_ext_source_id)
#   meta: !!omap
#   - {ucd: ID_CROSSID}
#   - {_votable_string_dtype: char}
# - name: Source
#   datatype: int64
#   description: Source identifier, identical to the Gaia-EDR3 source_id (id)
#   meta: !!omap
#   - {ucd: ID_MAIN}
#   - {width: 19}
# - name: rgeo
#   unit: pc
#   datatype: float64
#   format: '{:15.8f}'
#   description: '? Median of the geometric distance posterior (r_med_geo)'
#   meta: !!omap
#   - {ucd: PHYS_DISTANCE_TRUE}
#   - {width: 15}
#   - {precision: '8'}
#   - values: {'null': .nan}
# - name: Plx
#   unit: mas
#   datatype: float64
#   format: '{:9.4f}'
#   description: '? Parallax (parallax)'
#   meta: !!omap
#   - {ucd: POS_PARLX_TRIG}
#   - {width: 9}
#   - {precision: '4'}
#   - values: {'null': .nan}
# - name: e_Plx
#   unit: mas
#   datatype: float32
#   format: '{:7.4f}'
#   description: '? Standard error of parallax (parallax_error)'
#   meta: !!omap
#   - {ucd: ERROR}
#   - {width: 7}
#   - {precision: '4'}
#   - values: {'null': .nan}
# - name: pmRA
#   unit: mas / yr
#   datatype: float64
#   format: '{:9.3f}'
#   description: '? Proper motion in right ascension direction, pmRA*cosDE (pmra)'
#   meta: !!omap
#   - {ucd: POS_EQ_PMRA}
#   - {width: 9}
#   - {precision: '3'}
#   - values: {'null': .nan}
# - name: pmDE
#   unit: mas / yr
#   datatype: float64
#   format: '{:9.3f}'
#   description: '? Proper motion in declination direction (pmdec)'
#   meta: !!omap
#   - {ucd: POS_EQ_PMDEC}
#   - {width: 9}
#   - {precision: '3'}
#   - values: {'null': .nan}
# - name: e_pmRA
#   unit: mas / yr
#   datatype: float32
#   format: '{:6.3f}'
#   description: '? Standard error of proper motion in right ascension direction (pmra_error)'
#   meta: !!omap
#   - {ucd: ERROR}
#   - {width: 6}
#   - {precision: '3'}
#   - values: {'null': .nan}
# - name: e_pmDE
[...]
#         value: !astropy.table.SerializedColumn {name: SkyCoord.dec}
#       distance: !astropy.table.SerializedColumn
#         __class__: astropy.coordinates.distances.Distance
#         unit: !astropy.units.Unit {unit: pc}
#         value: !astropy.table.SerializedColumn {name: SkyCoord.distance}
#       frame: icrs
#       obstime: !astropy.time.Time {format: jyear_str, in_subfmt: '*', jd1: 367701545.0, jd2: 0.0, out_subfmt: '*', precision: 3, scale: tt}
#       pm_dec: !astropy.table.SerializedColumn
#         __class__: astropy.units.quantity.Quantity
#         unit: !astropy.units.Unit {unit: mas / yr}
#         value: !astropy.table.SerializedColumn {name: SkyCoord.pm_dec}
#       pm_ra_cosdec: !astropy.table.SerializedColumn
#         __class__: astropy.units.quantity.Quantity
#         unit: !astropy.units.Unit {unit: mas / yr}
#         value: !astropy.table.SerializedColumn {name: SkyCoord.pm_ra_cosdec}
#       ra: !astropy.table.SerializedColumn
#         __class__: astropy.coordinates.angles.Longitude
#         unit: *id001
#         value: !astropy.table.SerializedColumn {name: SkyCoord.ra}
#         wrap_angle: !astropy.coordinates.Angle
#           unit: *id001
#           value: 360.0
#       representation_type: spherical
# schema: astropy-2.0
RA_ICRS_1 DE_ICRS_1 e_RA_ICRS e_DE_ICRS _r_1 HIP TYC2 Source rgeo Plx e_Plx pmRA pmDE e_pmRA e_pmDE RUWE Teff logg Gmag BP-RP BPmag RPmag RV e_RV b_rgeo B_rgeo FG e_FG FBP e_FBP FRP e_FRP RAVE5 RAVE6 e_Gmag e_BPmag e_RPmag e_BP-RP SkyCoord.ra SkyCoord.dec SkyCoord.distance SkyCoord.pm_ra_cosdec SkyCoord.pm_dec rmRA rmDE e_rmRA e_rmDE rRV e_rRV v_pec v_pec3d e_vpec e_vpec3d
[from data line 3377]
237.95358356045 -57.89416528754 0.0424 0.0398 22.4833 "" "" 5834341234933245824 1597.71729 0.6144 0.0609 -3.691 -5.631 0.068 0.06 1.037 5000.2 4.5194 16.831745 1.572259 17.521402 15.949143 "" "" 1467.42554 1754.96301 3485.367 2.0506 1339.2 7.0765 3307.5 13.792 "" "" 0.0028283987551143983 0.0063796644 0.0058975713 0.012277236 237.95358356045 -57.89416528754 1597.71729 -3.6910000000000007 -5.631000000000001 -2.1962499771118162 -2.03297491645813 0.13699847 0.12899846 "" "" 22.664569035083645 "" 3.022694260022023 ""
238.72235531523 -57.68770073579 0.043 0.0362 11.0026 "" "" 5835836948702208512 1865.86279 0.5249 0.0585 -0.508 -7.437 0.072 0.06 0.994 5339.7 4.4992 16.83233 1.544561 17.52108 15.976519 "" "" 1702.6543 2059.68018 3483.49183 2.0612 1339.6 6.521 3225.2 8.7128 "" "" 0.0028292247995096525 0.005976507 0.0047840094 0.010760516 238.72235531523 -57.68770073579 1865.86279 -0.5079999999999996 -7.436999999999999 0.9867500228881836 -3.83897491645813 0.14099845 0.12899846 "" "" 35.056256980524495 "" 4.549404176985563 ""
238.81755918617 -57.81818703261 0.0411 0.0355 5.9364 "" "" 5835832069619118336 1659.41016 0.6038 0.0585 -3.151 -6.797 0.07 0.06 0.994 5148.2 4.5916 16.832949 1.379467 17.441938 16.062471 "" "" 1510.97119 1815.25427 3481.50556 1.7583 1440.9 8.8986 2979.7 10.049 "" "" 0.0028093533970864463 0.007262564 0.0052622496 0.012524813 238.81755918617 -57.81818703261 1659.41016 -3.151 -6.797 -1.6562499771118162 -3.1989749164581296 0.13899846 0.12899846 "" "" 28.334308670261212 "" 3.7167798115426898 ""
239.28066176184 -57.74896861374 0.0691 0.0636 21.1815 "" "" 5835666180797265280 1849.89709 0.5812 0.1097 -1.062 -2.218 0.112 0.103 1.788 "" "" 16.833332 1.334716 17.1146 15.779883 "" "" 1525.91785 2211.11719 3480.28012 3.1872 1947.9 13.607 3865.5 17.948 "" "" 0.002929237255157846 0.008081327 0.006300596 0.014381923 239.28066176184 -57.74896861374 1849.89709 -1.062 -2.218 0.43275002288818354 1.3800250835418701 0.18099847 0.17199847 "" "" 12.681772261063145 "" 2.1917062402239624 ""
238.877951206 -57.74376973174 0.04 0.0363 10.2641 "" "" 5835832756813981056 1743.37683 0.5594 0.0569 -1.164 -3.756 0.064 0.058 1.016 5579.0 4.6478 16.833439 1.377066 17.418413 16.041348 "" "" 1579.13428 1914.42566 3479.93336 3.2981 1472.5 8.1497 3038.2 9.9365 "" "" 0.002941196902931796 0.0066252947 0.0051858258 0.01181112 238.877951206 -57.74376973174 1743.37683 -1.163999999999999 -3.756000000000003 0.33075002288818367 -0.15797491645812967 0.13299847 0.12699845 "" "" 3.0289431119360235 "" 0.399531512068693 ""
238.49086332944 -57.77163021632 0.0465 0.0415 7.828 "" "" 5835835299434365952 1717.26294 0.58 0.0652 -4.201 -5.213 0.074 0.064 1.076 6017.6 4.4827 16.833626 1.469643 17.443834 15.974192 "" "" 1557.70288 1875.36487 3479.33746 2.363 1438.4 6.6328 3232.1 10.222 "" "" 0.002852283105535872 0.0057315733 0.005106342 0.010837915 238.49086332944 -57.77163021632 1717.26294 -4.201 -5.213 -2.706249977111816 -1.61497491645813 0.14299846 0.13299847 "" "" 25.652637732697755 "" 3.6026923126412562 ""
238.26379072332 -57.80098507221 0.0458 0.0415 13.1706 "" "" 5835841685946258304 1456.09216 0.6782 0.063 -1.713 -3.258 0.077 0.069 1.027 5271.2 4.6596 16.834492 1.423082 17.469893 16.04681 "" "" 1315.47314 1594.80042 3476.56143 2.0392 1404.3 10.379 3023.0 14.864 "" "" 0.0028279607183008594 0.008495776 0.006540921 0.015036697 238.26379072332 -57.80098507221 1456.09216 -1.713 -3.258000000000001 -0.21824997711181648 0.3400250835418701 0.14599846 0.13799846 "" "" 2.7886495921618115 "" 0.3914701056058336 ""
238.36552581486 -57.80708930147 0.0453 0.0406 9.9831 "" "" 5835840728273926016 1432.60974 0.6868 0.0632 -1.028 -0.786 0.076 0.069 1.065 5196.7 4.6438 16.834572 1.527616 17.53709 16.009474 "" "" 1326.91858 1558.37476 3476.30318 1.9077 1320.0 5.3052 3128.7 9.0131 "" "" 0.0028190057748165385 0.0051794485 0.0049057784 0.010085227 238.36552581486 -57.80708930147 1432.60974 -1.0279999999999998 -0.7859999999999996 0.46675002288818357 2.81202508354187 0.14499846 0.13799846 "" "" 19.356508833160007 "" 2.6748908782281187 ""
237.96488350916 -57.71158468475 0.0433 0.0398 24.0238 "" "" 5835891683772231680 1704.25269 0.5846 0.0591 -4.959 -4.34 0.066 0.063 0.967 "" "" 16.83642 1.788839 17.684803 15.895964 "" "" 1544.73828 1900.28613 3470.39376 1.8739 1152.1 5.7962 3473.5 7.9598 "" "" 0.0028170006980316846 0.00613368 0.004524834 0.010658514 237.96488350916 -57.71158468475 1704.25269 -4.959 -4.34 -3.464249977111816 -0.7419749164581297 0.13499847 0.13199846 "" "" 28.61943732668232 "" 3.8598544540955237 ""
238.12019280763 -57.88676056232 0.0441 0.0414 17.1522 "" "" 5835839663122028544 1754.18616 0.5658 0.0603 -2.266 -0.209 0.073 0.069 0.999 4836.4 4.313 16.83653 1.620377 17.613197 15.992821 "" "" 1588.96997 1986.54675 3470.03909 1.8134 1230.7 4.5755 3177.1 6.7372 "" "" 0.0028131341233214213 0.0049070166 0.0044254465 0.009332463 238.12019280763 -57.88676056232 1754.18616 -2.266 -0.2090000000000007 -0.7712499771118164 3.38902508354187 0.14199847 0.13799846 "" "" 28.899690855964234 "" 3.9938832171004686 ""
238.28691201644 -58.20504530057 0.0397 0.0371 23.4005 "" "" 5834321134483680384 2037.42761 0.4799 0.0576 -5.578 -4.73 0.057 0.056 1.021 5516.8 4.6327 16.837278 1.396414 17.47133 16.074917 "" "" 1826.08289 2355.8501 3467.6509 1.8045 1402.4 4.5896 2945.7 6.8064 "" "" 0.002812651868132554 0.0045178225 0.0045362357 0.009054058 238.28691201644 -58.20504530057 2037.42761 -5.577999999999999 -4.730000000000004 -4.083249977111817 -1.1319749164581303 0.12599847 0.124998465 "" "" 40.92085868968493 "" 5.153055783020977 ""
238.24673297347 -57.74424595489 0.0413 0.0372 15.0515 "" "" 5835842102663704960 1491.40222 0.6664 0.0582 -6.982 -6.74 0.068 0.064 1.021 5136.7 4.4222 16.83748 1.372925 17.438358 16.065434 "" "" 1381.13452 1681.63989 3467.00285 1.8948 1445.7 5.5515 2971.6 7.2618 "" "" 0.002818490760027873 0.0050167297 0.0046177334 0.009634463 238.24673297347 -57.74424595489 1491.40222 -6.981999999999999 -6.740000000000001 -5.487249977111817 -3.14197491645813 0.13699847 0.13299847 "" "" 44.69973440650383 "" 6.080136646726404 ""
238.60133723311 -57.48756920484 0.0428 0.0358 22.8765 "" "" 5835874366462107520 1966.63965 0.5096 0.0586 -3.694 -2.995 0.066 0.056 0.989 6906.0 4.3202 16.837482 1.53063 17.554712 16.024082 "" "" 1764.67822 2247.32837 3467.00037 1.8355 1298.8 5.6879 3086.9 6.3662 "" "" 0.0028146397039813032 0.005513016 0.004392891 0.009905907 238.60133723311 -57.48756920484 1966.63965 -3.6940000000000026 -2.9950000000000045 -2.1992499771118164 0.60302508354187 0.13499847 0.124998465 "" "" 21.257832953482463 "" 2.855424838806921 ""
238.06769003669 -58.00927136156 0.0417 0.0394 20.5908 "" "" 5834335977892838272 1721.19543 0.588 0.0632 -3.048 -3.082 0.07 0.059 1.057 4962.5 4.3854 16.838217 1.441532 17.417585 15.976053 "" "" 1551.20776 1935.32251 3464.6525 1.9996 1473.6 11.496 3226.5 38.668 "" "" 0.0028256766261735232 0.00891788 0.013549764 0.022467643 238.06769003669 -58.00927136156 1721.19543 -3.0480000000000014 -3.0820000000000007 -1.5532499771118164 0.5160250835418703 0.13899846 0.12799847 "" "" 13.353162459288647 "" 1.841992941808721 ""
237.94577813646 -57.99805488977 0.0418 0.0392 23.9562 "" "" 5834339173348645248 2030.98425 0.4923 0.0621 -2.38 -5.17 0.071 0.062 1.015 5008.8 4.3719 16.83881 1.499974 17.485516 15.985541 "" "" 1775.33923 2310.07642 3462.76064 2.1799 1384.2 7.6893 3198.5 10.269 "" "" 0.002838830991967472 0.0066454387 0.005141472 0.011786911 237.94577813646 -57.99805488977 2030.98425 -2.38 -5.17 -0.8852499771118163 -1.5719749164581298 0.13999847 0.13099846 "" "" 17.367816696361672 "" 2.3137582883193106 ""
239.48331452974 -58.00555874137 0.0426 0.0363 27.6 "" "" 5835649413242399488 1572.05945 0.648 0.0601 -2.281 -3.78 0.06 0.057 0.971 4906.2 4.6294 16.839062 1.359293 17.448008 16.088715 "" "" 1456.45825 1722.85767 3461.96209 1.7643 1432.9 7.0385 2908.5 8.0914 "" "" 0.002810329106896574 0.006018983 0.0048380936 0.010857077 239.48331452974 -58.00555874137 1572.05945 -2.281 -3.7800000000000016 -0.7862499771118165 -0.1819749164581297 0.12899846 0.12599847 "" "" 6.013663810410001 "" 0.7748462236881227 ""
238.08788622947 -57.65020717546 0.0444 0.0403 22.3982 "" "" 5835846500710492416 1837.0271 0.5385 0.0624 2.26 -0.216 0.071 0.069 1.055 6827.6 4.3352 16.839712 1.593471 17.59022 15.996749 "" "" 1655.65796 2080.94556 3459.88978 1.7987 1257.0 6.1012 3165.6 6.9313 "" "" 0.002812540898907889 0.005962981 0.0044648917 0.010427873 238.08788622947 -57.65020717546 1837.0271 2.260000000000002 -0.21600000000000041 3.7547500228881834 3.38202508354187 0.13999847 0.13799846 "" "" 44.00199753533594 "" 6.120950106069975 ""
238.09242441679 -57.758175853 0.0422 0.0397 19.1921 "" "" 5835843713170902912 1597.71155 0.6269 0.0583 -2.022 -2.967 0.067 0.065 0.986 4911.3 4.3588 16.840076 1.549939 17.51981 15.969871 "" "" 1478.08875 1731.46326 3458.72877 1.9102 1341.2 12.535 3245.0 12.203 "" "" 0.0028198139950411814 0.010524017 0.0055636656 0.016087683 238.09242441679 -57.758175853 1597.71155 -2.022 -2.967 -0.5272499771118162 0.63102508354187 0.13599846 0.13399845 "" "" 6.2274399025149805 "" 0.8396101295176293 ""
238.73813814538 -57.93463475501 0.0416 0.0355 4.784 "" "" 5835829763116887424 1712.61218 0.5828 0.0573 -1.677 -5.704 0.066 0.059 1.004 5096.0 4.6589 16.84025 1.375143 17.443544 16.068401 "" "" 1567.5863 1948.35144 3458.17314 1.8407 1438.8 6.4519 2963.4 8.5491 "" "" 0.0028152743984757363 0.005611517 0.004908628 0.010520145 238.73813814538 -57.93463475501 1712.61218 -1.676999999999999 -5.704 -0.18224997711181645 -2.1059749164581296 0.13499847 0.12799847 "" "" 17.159741388757897 "" 2.1973377766545337 ""
238.8109125872 -57.67701915857 0.0428 0.0366 12.4605 "" "" 5835857324029635584 1986.19861 0.5049 0.0626 -3.42 -5.798 0.069 0.058 0.979 5287.9 4.6836 16.840605 1.289467 17.385395 16.095928 "" "" 1795.55371 2260.05029 3457.04104 1.9499 1518.0 9.9158 2889.3 9.7823 "" "" 0.0028225551950725575 0.007621298 0.005272241 0.012893539 238.8109125872 -57.67701915857 1986.19861 -3.4200000000000017 -5.798000000000009 -1.9252499771118163 -2.19997491645813 0.13799846 0.12699845 "" "" 27.522924711560112 "" 3.629774226196565 ""
239.34431966403 -57.81076584658 0.0457 0.038 22.2277 "" "" 5835665046925694080 1662.07434 0.6057 0.0691 -3.752 0.798 0.072 0.061 0.98 4936.3 4.7001 16.840902 1.337051 17.443436 16.106384 "" "" 1517.07556 1875.69067 3456.0967 1.8104 1438.9 6.5716 2861.6 8.389 "" "" 0.002813406007518986 0.005689764 0.004941123 0.010630887 239.34431966403 -57.81076584658 1662.07434 -3.752 0.7979999999999998 -2.257249977111816 4.39602508354187 0.14099845 0.12999846 "" "" 38.93171352683528 "" 5.153353967109948 ""
238.41107327796 -57.5622866537 0.042 0.0368 19.9427 "" "" 5835850864397926912 2035.61377 0.5114 0.0571 0.455 -1.729 0.066 0.06 1.012 5018.7 4.4312 16.841309 1.406038 17.462488 16.05645 "" "" 1814.49451 2316.50244 3454.80516 1.8072 1413.9 9.4208 2996.3 10.28 "" "" 0.002813245798775987 0.0077536693 0.0053065736 0.013060243 238.41107327796 -57.5622866537 2035.61377 0.45499999999999907 -1.7289999999999979 1.9497500228881837 1.86902508354187 0.13499847 0.12899846 "" "" 26.06032445943913 "" 3.4441125541931967 ""
238.96405801553 -57.65235673953 0.0449 0.0373 16.2411 "" "" 5835856911713070720 1933.36353 0.5122 0.0611 -2.883 -1.198 0.071 0.063 1.0 5236.1 4.6238 16.841515 1.30693 17.39644 16.08951 "" "" 1696.04309 2199.76807 3454.15028 1.9066 1502.6 9.0616 2906.4 9.5107 "" "" 0.002819742402476014 0.0071173618 0.00518717 0.012304531 238.96405801553 -57.65235673953 1933.36353 -2.883 -1.198 -1.3882499771118164 2.40002508354187 0.13999847 0.13199846 "" "" 25.4085819802911 "" 3.405993322228914 ""
238.2047779006 -57.58263462877 0.0406 0.0369 22.4075 "" "" 5835852822903108608 1759.24377 0.5568 0.0585 -4.648 -5.341 0.066 0.061 0.958 5207.3 4.575 16.842306 1.528196 17.556324 16.028128 "" "" 1563.29395 2027.88831 3451.62906 1.8495 1296.8 7.1275 3075.4 9.2831 "" "" 0.0028160700855200367 0.0065875235 0.0050024395 0.011589963 238.2047779006 -57.58263462877 1759.24377 -4.648 -5.341000000000001 -3.153249977111816 -1.74297491645813 0.13499847 0.12999846 "" "" 30.043986032587355 "" 4.02123878306516 ""
239.17630375521 -58.20886926538 0.0962 0.0858 26.2959 "" "" 5835618042797322240 1739.6897 0.6535 0.1374 -0.457 0.87 0.16 0.144 2.826 4983.2 4.5633 16.842457 1.412233 17.328156 15.915922 "" "" 1382.55518 2359.11475 3451.15251 4.2589 1600.1 13.585 3410.3 21.784 "" "" 0.0030638210360332675 0.009631024 0.007898292 0.017529316 239.17630375521 -58.20886926538 1739.6897 -0.45699999999999985 0.8699999999999997 1.0377500228881835 4.46802508354187 0.22899845 0.21299845 "" "" 37.82463882094514 "" 8.088665428810492 ""
239.25537733418 -58.19190317885 0.0429 0.0352 27.2069 "" "" 5835623265478117760 1805.78259 0.5532 0.0592 0.068 -7.952 0.076 0.059 0.922 4947.5 4.4747 16.842464 1.390049 17.488022 16.097973 "" "" 1622.43457 2048.43506 3451.1247 1.7927 1381.0 6.0022 2883.8 7.9648 "" "" 0.0028124498086214535 0.0054820706 0.0048245178 0.010306588 239.25537733418 -58.19190317885 1805.78259 0.06800000000000006 -7.952 1.5627500228881837 -4.35397491645813 0.14499846 0.12799847 "" "" 39.595281668006535 "" 5.149404856094631 ""
239.37841139286 -57.8408224214 0.0442 0.0385 23.0992 "" "" 5835664668968480128 1647.37122 0.6179 0.0642 -8.827 -7.888 0.064 0.059 0.983 4970.0 4.7053 16.844585 1.369869 17.450853 16.080984 "" "" 1479.26318 1862.9137 3444.39228 1.9707 1429.1 6.3025 2929.3 9.1134 "" "" 0.0028244787557925267 0.005541854 0.005068888 0.0106107425 239.37841139286 -57.8408224214 1647.37122 -8.826999999999998 -7.888000000000005 -7.332249977111816 -4.28997491645813 0.13299847 0.12799847 "" "" 66.33388822726577 "" 8.738918215353005 ""
239.04009372967 -57.90692000194 0.0424 0.0361 12.4555 "" "" 5835643022330116608 1659.74512 0.6048 0.0603 -0.022 -4.011 0.065 0.062 1.001 5044.5 4.6295 16.846373 1.354872 17.45178 16.096909 "" "" 1517.88306 1847.68042 3438.72558 1.654 1427.9 5.0606 2886.7 11.027 "" "" 0.002804374113200362 0.004753073 0.005611148 0.010364221 239.04009372967 -57.90692000194 1659.74512 -0.022000000000000464 -4.011 1.4727500228881836 -0.41297491645813 0.13399845 0.13099846 "" "" 12.0333088657813 "" 1.609840524117921 ""
239.1599471284 -57.93308692442 0.041 0.0347 16.5206 "" "" 5835639925562951424 1987.14124 0.485 0.0572 -1.936 -2.812 0.061 0.056 1.003 5173.2 4.6989 16.84644 1.290857 17.408583 16.117725 "" "" 1804.16931 2224.13208 3438.51417 1.8209 1485.9 5.42 2831.8 6.8998 "" "" 0.002814670736567848 0.0048445277 0.0046132514 0.009457779 239.1599471284 -57.93308692442 1987.14124 -1.9359999999999997 -2.811999999999997 -0.44124997711181635 0.7860250835418703 0.12999846 0.124998465 "" "" 8.490409643410496 "" 1.0716138190090643 ""
238.74732166241 -57.84446406491 0.0409 0.0364 3.2137 "" "" 5835831176265600128 1938.23157 0.4946 0.0583 -4.977 -4.352 0.069 0.058 1.044 5207.5 4.6854 16.846828 1.367521 17.45032 16.082798 "" "" 1769.78345 2124.64014 3437.28126 1.7896 1429.8 6.0132 2924.4 9.2391 "" "" 0.002812709231368196 0.0053511867 0.005103908 0.010455094 238.74732166241 -57.84446406491 1938.23157 -4.977 -4.352 -3.4822499771118167 -0.7539749164581302 0.13799846 0.12699845 "" "" 32.73350733153462 "" 4.501665330898226 ""
238.23533307037 -57.75036267629 0.0401 0.0375 15.1953 "" "" 5835842102664035072 1955.18542 0.5123 0.0603 -1.134 -3.986 0.072 0.067 0.987 5319.3 4.6597 16.846958 1.353977 17.463572 16.109594 "" "" 1729.78406 2195.72314 3436.87445 1.8425 1412.5 6.6847 2853.1 7.3781 "" "" 0.0028161292204365836 0.0058469623 0.004708179 0.010555141 238.23533307037 -57.75036267629 1955.18542 -1.1339999999999995 -3.9859999999999998 0.3607500228881837 -0.3879749164581301 0.14099845 0.13599846 "" "" 4.909762781714468 "" 0.6792134368066112 ""
