Clusters/UBC_534/UBC_534_stars_in_region.tsv
# %ECSV 1.0
# ---
# datatype:
# - name: RA_ICRS_1
#   unit: deg
#   datatype: float64
#   format: '{:15.11f}'
#   description: Right ascension (ICRS) at Ep=2016.0 (ra)
#   meta: !!omap
#   - {ucd: POS_EQ_RA_MAIN}
#   - {width: 15}
#   - {precision: '11'}
# - name: DE_ICRS_1
#   unit: deg
#   datatype: float64
#   format: '{:15.11f}'
#   description: Declination (ICRS) at Ep=2016.0 (dec)
#   meta: !!omap
#   - {ucd: POS_EQ_DEC_MAIN}
#   - {width: 15}
#   - {precision: '11'}
# - name: e_RA_ICRS
#   unit: mas
#   datatype: float64
#   format: '{:7.4f}'
#   description: Standard error of right ascension (ra_error)
#   meta: !!omap
#   - {ucd: ERROR}
#   - {width: 7}
#   - {precision: '4'}
# - name: e_DE_ICRS
#   unit: mas
#   datatype: float64
#   format: '{:7.4f}'
#   description: Standard error of declination (dec_error)
#   meta: !!omap
#   - {ucd: ERROR}
#   - {width: 7}
#   - {precision: '4'}
# - name: _r_1
#   unit: ''
#   datatype: float64
#   format: '{:7.4f}'
#   description: Distance from center (238.65661438000-57.86769659000)[ICRS], at Epoch=J2016.0
#   meta: !!omap
#   - {ucd: POS_ANG_DIST_GENERAL}
#   - {width: 7}
#   - {precision: '4'}
# - name: HIP
#   datatype: int32
#   description: '? HIP cross-id number, van Leeuwen, Cat. I/311 (hip_original_ext_source_id)'
#   meta: !!omap
#   - {ucd: ID_NUMBER}
#   - {width: 6}
#   - values: {'null': -2147483648}
# - name: TYC2
#   datatype: string
#   description: Tycho-2 cross-id name, Hog et al., Cat. I/259 (tyc2_original_ext_source_id)
#   meta: !!omap
#   - {ucd: ID_CROSSID}
#   - {_votable_string_dtype: char}
# - name: Source
#   datatype: int64
#   description: Source identifier, identical to the Gaia-EDR3 source_id (id)
#   meta: !!omap
#   - {ucd: ID_MAIN}
#   - {width: 19}
# - name: rgeo
#   unit: pc
#   datatype: float64
#   format: '{:15.8f}'
#   description: '? Median of the geometric distance posterior (r_med_geo)'
#   meta: !!omap
#   - {ucd: PHYS_DISTANCE_TRUE}
#   - {width: 15}
#   - {precision: '8'}
#   - values: {'null': .nan}
# - name: Plx
#   unit: mas
#   datatype: float64
#   format: '{:9.4f}'
#   description: '? Parallax (parallax)'
#   meta: !!omap
#   - {ucd: POS_PARLX_TRIG}
#   - {width: 9}
#   - {precision: '4'}
#   - values: {'null': .nan}
# - name: e_Plx
#   unit: mas
#   datatype: float32
#   format: '{:7.4f}'
#   description: '? Standard error of parallax (parallax_error)'
#   meta: !!omap
#   - {ucd: ERROR}
#   - {width: 7}
#   - {precision: '4'}
#   - values: {'null': .nan}
# - name: pmRA
#   unit: mas / yr
#   datatype: float64
#   format: '{:9.3f}'
#   description: '? Proper motion in right ascension direction, pmRA*cosDE (pmra)'
#   meta: !!omap
#   - {ucd: POS_EQ_PMRA}
#   - {width: 9}
#   - {precision: '3'}
#   - values: {'null': .nan}
# - name: pmDE
#   unit: mas / yr
#   datatype: float64
#   format: '{:9.3f}'
#   description: '? Proper motion in declination direction (pmdec)'
#   meta: !!omap
#   - {ucd: POS_EQ_PMDEC}
#   - {width: 9}
#   - {precision: '3'}
#   - values: {'null': .nan}
# - name: e_pmRA
#   unit: mas / yr
#   datatype: float32
#   format: '{:6.3f}'
#   description: '? Standard error of proper motion in right ascension direction (pmra_error)'
#   meta: !!omap
#   - {ucd: ERROR}
#   - {width: 6}
#   - {precision: '3'}
#   - values: {'null': .nan}
# - name: e_pmDE
[...]
#         value: !astropy.table.SerializedColumn {name: SkyCoord.dec}
#       distance: !astropy.table.SerializedColumn
#         __class__: astropy.coordinates.distances.Distance
#         unit: !astropy.units.Unit {unit: pc}
#         value: !astropy.table.SerializedColumn {name: SkyCoord.distance}
#       frame: icrs
#       obstime: !astropy.time.Time {format: jyear_str, in_subfmt: '*', jd1: 367701545.0, jd2: 0.0, out_subfmt: '*', precision: 3, scale: tt}
#       pm_dec: !astropy.table.SerializedColumn
#         __class__: astropy.units.quantity.Quantity
#         unit: !astropy.units.Unit {unit: mas / yr}
#         value: !astropy.table.SerializedColumn {name: SkyCoord.pm_dec}
#       pm_ra_cosdec: !astropy.table.SerializedColumn
#         __class__: astropy.units.quantity.Quantity
#         unit: !astropy.units.Unit {unit: mas / yr}
#         value: !astropy.table.SerializedColumn {name: SkyCoord.pm_ra_cosdec}
#       ra: !astropy.table.SerializedColumn
#         __class__: astropy.coordinates.angles.Longitude
#         unit: *id001
#         value: !astropy.table.SerializedColumn {name: SkyCoord.ra}
#         wrap_angle: !astropy.coordinates.Angle
#           unit: *id001
#           value: 360.0
#       representation_type: spherical
# schema: astropy-2.0
RA_ICRS_1 DE_ICRS_1 e_RA_ICRS e_DE_ICRS _r_1 HIP TYC2 Source rgeo Plx e_Plx pmRA pmDE e_pmRA e_pmDE RUWE Teff logg Gmag BP-RP BPmag RPmag RV e_RV b_rgeo B_rgeo FG e_FG FBP e_FBP FRP e_FRP RAVE5 RAVE6 e_Gmag e_BPmag e_RPmag e_BP-RP SkyCoord.ra SkyCoord.dec SkyCoord.distance SkyCoord.pm_ra_cosdec SkyCoord.pm_dec rmRA rmDE e_rmRA e_rmDE rRV e_rRV v_pec v_pec3d e_vpec e_vpec3d
[from data line 856]
239.12985439693 -58.22585718918 0.0199 0.0174 26.2223 "" "" 5835618111516577024 1465.46838 0.6477 0.0275 -8.181 -7.155 0.034 0.029 1.001 "" "" 15.148459 1.418306 15.749038 14.330731 "" "" 1397.50281 1520.9165 16427.17378 5.3268 6851.8 10.115 14685.0 19.904 "" "" 0.0027777224502831734 0.003217777 0.004055779 0.0072735557 239.12985439693 -58.22585718918 1465.46838 -8.181 -7.155 -6.686249977111816 -3.55697491645813 0.102998465 0.09799846 "" "" 52.60800453619292 "" 5.361631575235757 ""
239.51018918208 -57.87293395954 0.0206 0.0174 27.2394 "" "" 5835652643057613440 1951.11035 0.4797 0.0302 -11.468 -6.83 0.03 0.027 0.944 4758.9 3.2274 15.149067 1.667921 15.942082 14.274161 -40.43 4.07 1828.55237 2038.17651 16417.99295 4.1404 5735.7 10.297 15470.0 11.779 "" "" 0.002768891539845256 0.0034035703 0.0038687391 0.0072723096 239.51018918208 -57.87293395954 1951.11035 -11.468 -6.829999999999999 -9.973249977111816 -3.23197491645813 0.098998465 0.095998466 -4.824999999999996 5.1007147 96.95752005969632 97.07750162177852 9.571382071696828 9.562913512698568
238.70290813971 -57.65327752045 0.0193 0.0161 12.9502 "" "" 5835837120500940672 1495.53308 0.6355 0.0261 -4.24 -8.884 0.029 0.025 1.016 7175.8 3.9512 15.149495 1.489533 15.827564 14.338031 "" "" 1436.85278 1557.4082 16411.51277 4.0715 6373.7 7.059 14586.0 9.8377 "" "" 0.002768455023248152 0.0030382548 0.0038496717 0.0068879267 238.70290813971 -57.65327752045 1495.53308 -4.239999999999996 -8.88399999999999 -2.7452499771118166 -5.28597491645813 0.09799846 0.09399846 "" "" 42.22342813822926 "" 4.005410321227107 ""
239.12292165231 -57.50900284332 0.0201 0.017 26.2074 "" "" 5835865123691272320 1543.23755 0.613 0.0271 -1.374 -3.555 0.028 0.025 0.96 7565.0 4.0745 15.150265 1.057954 15.588253 14.530299 "" "" 1479.32214 1615.00134 16399.88712 3.8172 7945.4 13.35 12219.0 13.186 "" "" 0.0027668851610519775 0.0033336198 0.0039568315 0.0072904513 239.12292165231 -57.50900284332 1543.23755 -1.3740000000000003 -3.5550000000000006 0.12075002288818348 0.04302508354186996 0.09699847 0.09399846 "" "" 0.9376758132266168 "" 0.09064057175031112 ""
238.93329631321 -58.27004660233 0.0193 0.0187 25.6881 "" "" 5835628007122834688 1693.24683 0.5529 0.0258 -2.902 0.159 0.032 0.031 0.976 5630.3 3.5745 15.151824 1.242711 15.691994 14.449283 "" "" 1629.95862 1771.92322 16376.3492 3.819 7221.4 8.0816 13166.0 10.708 "" "" 0.002766929276597191 0.003043261 0.0038811702 0.006924431 238.93329631321 -58.27004660233 1693.24683 -2.902 0.1590000000000007 -1.4072499771118165 3.75702508354187 0.10099846 0.09999846 "" "" 32.19971761076644 "" 3.223901262374808 ""
238.07861176645 -58.02653498385 0.0334 0.0356 20.7258 "" "" 5834335977892782720 1713.82007 0.5572 0.0509 -1.422 -3.632 0.051 0.052 2.55 15003.8 4.4109 15.152956 1.281486 15.67648 14.394995 "" "" 1597.28149 1819.16516 16359.28305 9.072 7325.3 10.76 13841.0 12.994 "" "" 0.0028203376625517283 0.0032137972 0.0039144205 0.0071282177 238.07861176645 -58.02653498385 1713.82007 -1.421999999999999 -3.6319999999999966 0.07275002288818366 -0.03397491645813 0.11999846 0.120998465 "" "" 0.6522554429512223 "" 0.07838683420699998 ""
239.40301882036 -57.85886701275 0.0194 0.0175 23.8284 "" "" 5835664600251878016 1656.39905 0.5695 0.0288 -2.358 -3.562 0.027 0.027 0.986 5518.8 4.1336 15.154029 1.201371 15.665781 14.46441 "" "" 1581.80603 1748.69812 16343.12375 4.6412 7397.8 10.479 12984.0 12.955 "" "" 0.002772518427675028 0.0031859584 0.003931576 0.007117534 239.40301882036 -57.85886701275 1656.39905 -2.358 -3.561999999999994 -0.8632499771118165 0.036025083541870284 0.095998466 0.095998466 "" "" 6.783560998283846 "" 0.6512114499534957 ""
239.09368779106 -58.21635003108 0.0189 0.0172 25.1053 "" "" 5835617797896112512 1882.43652 0.4946 0.0264 -3.487 -2.526 0.032 0.029 1.028 "" "" 15.154619 0.931652 15.455429 14.523777 "" "" 1795.99817 1977.74109 16334.23773 6.9367 8979.4 59.22 12293.0 68.295 "" "" 0.0027936331509171926 0.007684939 0.0071181282 0.014803067 239.09368779106 -58.21635003108 1882.43652 -3.4869999999999983 -2.525999999999998 -1.9922499771118165 1.0720250835418703 0.10099846 0.09799846 "" "" 20.18651992809172 "" 2.0253673569406736 ""
238.2715216142 -57.60815988178 0.0214 0.0182 19.8647 "" "" 5835851929549810816 1619.10999 0.5799 0.0295 -2.386 -1.065 0.033 0.029 1.124 5213.0 3.5163 15.157541 1.623186 15.903667 14.280481 -6.58 7.26 1547.84802 1719.23303 16290.34706 6.4663 5942.2 16.389 15380.0 20.143 "" "" 0.0027888217792801737 0.0040929564 0.004038037 0.008130994 238.2715216142 -57.60815988178 1619.10999 -2.3859999999999992 -1.0649999999999997 -0.8912499771118165 2.53302508354187 0.10199846 0.09799846 29.025000000000006 8.290714 20.608133898636375 35.59699155524419 2.028810526353685 6.861342346741014
238.03791151673 -57.72717017466 0.0199 0.0187 21.5047 "" "" 5835844748363755776 1785.99109 0.5184 0.0275 -2.366 -4.76 0.031 0.03 1.019 "" "" 15.157912 1.534597 15.863576 14.328979 "" "" 1716.05261 1869.62659 16284.77362 4.6647 6165.8 7.9216 14708.0 11.321 "" "" 0.0027728168045089967 0.0031194289 0.0038706767 0.006990106 238.03791151673 -57.72717017466 1785.99109 -2.366000000000001 -4.760000000000001 -0.8712499771118165 -1.1619749164581297 0.09999846 0.098998465 "" "" 12.294841022037454 "" 1.2216092525855726 ""
238.79849644009 -57.62254862488 0.0187 0.0161 15.3945 "" "" 5835860519485363200 1750.5481 0.5416 0.0261 -0.671 -1.876 0.028 0.025 1.015 6882.9 3.7413 15.159109 1.293403 15.728095 14.434692 "" "" 1654.23486 1853.75769 16266.82977 3.4862 6985.2 8.1087 13344.0 12.192 "" "" 0.002765128032698791 0.0030616287 0.003907403 0.006969032 238.79849644009 -57.62254862488 1750.5481 -0.6710000000000005 -1.8760000000000003 0.8237500228881836 1.7220250835418702 0.09699847 0.09399846 "" "" 15.839361484895123 "" 1.4978385586242897 ""
238.37963523531 -57.74877430212 0.0185 0.0165 11.3711 "" "" 5835841548544199424 1697.05591 0.5531 0.0277 -4.392 -4.9 0.033 0.028 0.96 6333.7 3.9485 15.159763 1.345295 15.756584 14.411289 "" "" 1615.72034 1784.94751 16257.04181 3.8874 6804.3 12.198 13635.0 11.297 "" "" 0.002767524732987805 0.0034019812 0.0038849637 0.007286945 238.37963523531 -57.74877430212 1697.05591 -4.392 -4.9 -2.8972499771118168 -1.3019749164581302 0.10199846 0.09699847 "" "" 25.550698314264476 "" 2.585108753976421 ""
237.80408155035 -57.87306089063 0.0181 0.0171 27.2062 "" "" 5834387723665871616 1528.16968 0.6189 0.0269 -3.798 -5.083 0.028 0.026 0.975 6544.3 3.8936 15.159819 1.398315 15.78908 14.390764 "" "" 1467.74133 1588.0072 16256.20331 3.6303 6603.7 12.426 13895.0 9.0389 "" "" 0.0027659678805133235 0.0034581635 0.0038448106 0.0073029744 237.80408155035 -57.87306089063 1528.16968 -3.798000000000002 -5.083 -2.3032499771118164 -1.48497491645813 0.09699847 0.094998464 "" "" 19.85057527248742 "" 1.913903555382948 ""
238.42355394448 -58.14318031991 0.031 0.0284 18.1136 "" "" 5834320309850006528 1902.56421 0.4952 0.0431 -2.065 -3.229 0.045 0.042 1.64 "" "" 15.159997 0.998649 15.54415 14.545502 "" "" 1754.44934 2059.85889 16253.53465 7.5096 8274.8 13.174 12049.0 17.595 "" "" 0.0028006130401726404 0.0032822199 0.0040984745 0.007380694 238.42355394448 -58.14318031991 1902.56421 -2.065 -3.229 -0.5702499771118164 0.36902508354187 0.113998465 0.11099847 "" "" 6.125475040155194 "" 0.6929213411785484 ""
239.2745991957 -57.65007742515 0.0191 0.0159 23.7018 "" "" 5835675835884690048 2027.62244 0.4575 0.027 -5.252 -5.89 0.029 0.024 1.0 6346.9 3.7696 15.161248 1.154759 15.640795 14.486036 "" "" 1916.60327 2138.51245 16234.81409 4.297 7570.1 17.927 12728.0 60.924 "" "" 0.0027702655579597566 0.0037941993 0.0064259255 0.010220125 239.2745991957 -57.65007742515 2027.62244 -5.251999999999995 -5.889999999999999 -3.757249977111816 -2.2919749164581296 0.09799846 0.09299846 "" "" 42.2990971381219 "" 4.088970272895446 ""
238.15756347702 -57.53736208418 0.0185 0.0167 25.4715 "" "" 5835900411146884224 1908.93726 0.4938 0.0261 -4.753 -5.479 0.03 0.026 0.951 5881.4 3.4337 15.162128 1.37716 15.776973 14.399813 "" "" 1811.07898 2001.81189 16221.66987 3.7845 6677.7 9.4722 13779.0 9.9978 "" "" 0.002766938903668704 0.003186997 0.0038606143 0.0070476113 238.15756347702 -57.53736208418 1908.93726 -4.753 -5.478999999999998 -3.2582499771118165 -1.88097491645813 0.098998465 0.094998464 "" "" 34.04188295251412 "" 3.3365780178790883 ""
237.82726511385 -57.71918050808 0.0199 0.018 27.978 "" "" 5835892233461020544 1437.37805 0.6542 0.0278 -1.29 -2.12 0.03 0.027 0.973 5069.9 3.405 15.162272 1.853743 16.055498 14.201756 -63.27 7.34 1389.44153 1497.96826 16219.51053 4.8918 5166.8 14.442 16537.0 30.957 "" "" 0.0027747104287979617 0.0041225064 0.004291236 0.008413742 237.82726511385 -57.71918050808 1437.37805 -1.29 -2.12 0.20475002288818356 1.47802508354187 0.098998465 0.095998466 -27.665 8.370714 10.166203983577471 29.473783748200812 0.9765230467872912 7.86422626758731
239.27446908734 -58.17791899497 0.0187 0.0166 27.0531 "" "" 5835623299837871488 1998.52368 0.465 0.0264 -4.925 -3.339 0.031 0.028 0.999 "" "" 15.162385 1.523913 15.867248 14.343334 "" "" 1907.6134 2094.11938 16217.82907 3.6022 6144.9 6.6504 14515.0 8.8422 "" "" 0.002765853571751082 0.0030275066 0.0038368194 0.006864326 239.27446908734 -58.17791899497 1998.52368 -4.925000000000001 -3.3389999999999986 -3.4302499771118162 0.25902508354187015 0.09999846 0.09699847 "" "" 32.58727765871451 "" 3.258131542574669 ""
237.99032633595 -57.99095810043 0.0185 0.0174 22.4779 "" "" 5834336287130604544 1609.99695 0.5921 0.0269 -5.198 -3.807 0.032 0.026 0.953 4794.9 3.3578 15.162612 1.850236 16.072216 14.22198 32.1 4.5 1533.1615 1682.96277 16214.44545 3.8396 5087.8 7.6776 16232.0 10.491 "" "" 0.0027672895907756814 0.0032356454 0.003843976 0.0070796213 237.99032633595 -57.99095810043 1609.99695 -5.198 -3.806999999999997 -3.703249977111817 -0.20897491645812982 0.10099846 0.094998464 67.70500000000001 5.530714 28.30588906864867 73.38385640566082 2.858328105355194 5.22046679611076
238.51081617254 -58.21328013432 0.0195 0.0179 21.2457 "" "" 5834318969819992448 1975.02625 0.4708 0.0269 -0.091 -3.926 0.027 0.027 0.999 6664.2 4.0823 15.162806 1.196489 15.673947 14.477458 "" "" 1886.1394 2068.82837 16211.54654 3.8958 7342.4 9.3783 12828.0 10.962 "" "" 0.002767646157652632 0.0031158037 0.003891599 0.0070074024 238.51081617254 -58.21328013432 1975.02625 -0.09099999999999975 -3.926 1.4037500228881836 -0.32797491645813004 0.095998466 0.095998466 "" "" 13.495299272783893 "" 1.2955280285987374 ""
239.0320033406 -57.96890161814 0.0187 0.0161 13.4157 "" "" 5835641098184641408 2029.56531 0.4543 0.0259 -2.942 -5.162 0.028 0.027 0.979 7555.9 4.2927 15.165567 0.954026 15.554074 14.600048 "" "" 1928.19177 2154.46313 16170.36334 3.7739 8199.5 7.0891 11459.0 8.506 "" "" 0.0027669473266296774 0.002943843 0.0038643586 0.006808202 239.0320033406 -57.96890161814 2029.56531 -2.9419999999999997 -5.162 -1.4472499771118166 -1.5639749164581298 0.09699847 0.095998466 "" "" 20.49913831378388 "" 1.977368404630559 ""
239.38008925472 -58.10286687495 0.0774 0.0706 26.9937 "" "" 5835625189623568128 1451.87476 0.6931 0.1098 -9.127 -7.062 0.125 0.111 5.039 5693.1 4.4507 15.166047 1.220447 15.665984 14.445537 "" "" 1245.07727 1700.10608 16163.22532 15.986 7396.4 11.932 13211.0 10.215 "" "" 0.002957178262112501 0.003294374 0.0038714993 0.0071658734 239.38008925472 -58.10286687495 1451.87476 -9.126999999999995 -7.061999999999999 -7.632249977111817 -3.46397491645813 0.19399846 0.17999846 "" "" 57.680867059155716 "" 11.056246079977445 ""
238.31124766426 -58.28066337616 0.0184 0.0177 27.0929 "" "" 5834317732869401856 1534.92407 0.6139 0.026 0.003 -1.205 0.027 0.027 0.905 "" "" 15.166869 1.637671 15.942039 14.304369 -3.17 5.02 1478.92517 1592.71033 16150.99014 3.8942 5735.9 9.1339 15046.0 11.148 "" "" 0.0027677283749967386 0.0032824182 0.0038640485 0.0071464665 238.31124766426 -58.28066337616 1534.92407 0.002999999999999947 -1.2049999999999998 1.4977500228881835 2.39302508354187 0.095998466 0.095998466 32.435 6.0507145 20.53948776931333 38.39140245974054 1.9717593185851008 5.219658648273827
238.47700613265 -58.19758494243 0.0196 0.0174 20.5992 "" "" 5834319171577113344 1820.7218 0.5147 0.0267 -2.499 -3.572 0.027 0.026 0.975 7198.2 4.2484 15.167249 1.134144 15.647889 14.513745 "" "" 1711.93518 1912.31604 16145.34847 3.9047 7520.8 10.406 12407.0 11.755 "" "" 0.002767803927086244 0.0031688835 0.003916875 0.0070857583 238.47700613265 -58.19758494243 1820.7218 -2.499000000000002 -3.572000000000002 -1.0042499771118165 0.026025083541870053 0.095998466 0.094998464 "" "" 8.669809363973467 "" 0.8322826112555484 ""
239.19399289504 -58.17310557754 0.019 0.0166 25.0476 "" "" 5835623987032702464 1775.6759 0.5308 0.0265 -3.59 -4.257 0.033 0.03 0.972 5872.9 3.9668 15.170337 1.147607 15.646427 14.49882 "" "" 1709.52417 1858.97925 16099.48449 4.3924 7530.9 14.679 12579.0 18.091 "" "" 0.0027711975055978327 0.0035019573 0.0040892535 0.007591211 239.19399289504 -58.17310557754 1775.6759 -3.5900000000000007 -4.257 -2.0952499771118163 -0.6589749164581296 0.10199846 0.098998465 "" "" 18.486730661464655 "" 1.880693006148237 ""
239.20295183638 -57.85927696775 0.0208 0.0171 17.4443 "" "" 5835663878694458496 1632.72534 0.573 0.0287 -2.942 -5.13 0.031 0.028 1.022 5806.5 4.0637 15.171588 1.19171 15.67874 14.48703 "" "" 1572.2406 1701.14185 16080.93852 4.4026 7310.1 9.0197 12716.0 18.593 "" "" 0.0027713078263831756 0.003095113 0.0040992675 0.0071943803 239.20295183638 -57.85927696775 1632.72534 -2.9420000000000006 -5.129999999999999 -1.4472499771118166 -1.5319749164581298 0.09999846 0.09699847 "" "" 16.310050758423486 "" 1.605310398268305 ""
237.87853736842 -57.95294079233 0.0192 0.0174 25.3228 "" "" 5834340238500727552 1777.85181 0.5297 0.0268 -1.905 -2.874 0.03 0.026 0.954 6687.3 3.9044 15.171946 1.237447 15.707932 14.470486 "" "" 1693.77393 1869.0625 16075.64793 3.9829 7116.1 6.5839 12911.0 10.257 "" "" 0.0027684203766173057 0.0029654917 0.0038765604 0.006842052 237.87853736842 -57.95294079233 1777.85181 -1.905 -2.874 -0.41024997711181643 0.72402508354187 0.098998465 0.094998464 "" "" 7.01276416261021 "" 0.6731267113137129 ""
239.12787681157 -57.88548753554 0.0188 0.0163 15.0733 "" "" 5835640342270512384 1840.06445 0.5045 0.0268 -1.694 -5.037 0.028 0.028 0.951 6298.7 3.9523 15.172182 1.285688 15.73574 14.450051 "" "" 1762.52039 1925.78088 16072.14402 3.488 6936.2 7.7177 13156.0 9.3116 "" "" 0.0027653770037363826 0.0030404723 0.0038567171 0.0068971897 239.12787681157 -57.88548753554 1840.06445 -1.6940000000000026 -5.037000000000008 -0.19924997711181636 -1.4389749164581298 0.09699847 0.09699847 "" "" 12.670348354063021 "" 1.2290043798952406 ""
238.81282974893 -58.31819725947 0.0198 0.0181 27.4802 "" "" 5834127001952903936 1880.5498 0.4948 0.0253 -1.71 -1.803 0.031 0.03 0.951 6648.8 4.0556 15.176495 1.190009 15.687403 14.497394 "" "" 1793.08923 1965.83289 16008.43127 3.3299 7252.0 9.7114 12595.0 14.121 "" "" 0.002764560450991512 0.003146269 0.0039705797 0.0071168486 238.81282974893 -58.31819725947 1880.5498 -1.7100000000000004 -1.8029999999999997 -0.21524997711181637 1.7950250835418702 0.09999846 0.098998465 "" "" 16.115134849039393 "" 1.595603187002989 ""
