Clusters/UBC_534/UBC_534_members.tsv
# %ECSV 1.0
# ---
# datatype:
# - name: RA_ICRS_1
#   unit: deg
#   datatype: float64
#   format: '{:15.11f}'
#   description: Right ascension (ICRS) at Ep=2016.0 (ra)
#   meta: !!omap
#   - {ucd: POS_EQ_RA_MAIN}
#   - {width: 15}
#   - {precision: '11'}
# - name: DE_ICRS_1
#   unit: deg
#   datatype: float64
#   format: '{:15.11f}'
#   description: Declination (ICRS) at Ep=2016.0 (dec)
#   meta: !!omap
#   - {ucd: POS_EQ_DEC_MAIN}
#   - {width: 15}
#   - {precision: '11'}
# - name: e_RA_ICRS
#   unit: mas
#   datatype: float64
#   format: '{:7.4f}'
#   description: Standard error of right ascension (ra_error)
#   meta: !!omap
#   - {ucd: ERROR}
#   - {width: 7}
#   - {precision: '4'}
# - name: e_DE_ICRS
#   unit: mas
#   datatype: float64
#   format: '{:7.4f}'
#   description: Standard error of declination (dec_error)
#   meta: !!omap
#   - {ucd: ERROR}
#   - {width: 7}
#   - {precision: '4'}
# - name: _r_1
#   unit: ''
#   datatype: float64
#   format: '{:7.4f}'
#   description: Distance from center (238.65661438000-57.86769659000)[ICRS], at Epoch=J2016.0
#   meta: !!omap
#   - {ucd: POS_ANG_DIST_GENERAL}
#   - {width: 7}
#   - {precision: '4'}
# - name: HIP
#   datatype: int32
#   description: '? HIP cross-id number, van Leeuwen, Cat. I/311 (hip_original_ext_source_id)'
#   meta: !!omap
#   - {ucd: ID_NUMBER}
#   - {width: 6}
#   - values: {'null': -2147483648}
# - name: TYC2
#   datatype: string
#   description: Tycho-2 cross-id name, Hog et al., Cat. I/259 (tyc2_original_ext_source_id)
#   meta: !!omap
#   - {ucd: ID_CROSSID}
#   - {_votable_string_dtype: char}
# - name: Source
#   datatype: int64
#   description: Source identifier, identical to the Gaia-EDR3 source_id (id)
#   meta: !!omap
#   - {ucd: ID_MAIN}
#   - {width: 19}
# - name: rgeo
#   unit: pc
#   datatype: float64
#   format: '{:15.8f}'
#   description: '? Median of the geometric distance posterior (r_med_geo)'
#   meta: !!omap
#   - {ucd: PHYS_DISTANCE_TRUE}
#   - {width: 15}
#   - {precision: '8'}
#   - values: {'null': .nan}
# - name: Plx
#   unit: mas
#   datatype: float64
#   format: '{:9.4f}'
#   description: '? Parallax (parallax)'
#   meta: !!omap
#   - {ucd: POS_PARLX_TRIG}
#   - {width: 9}
#   - {precision: '4'}
#   - values: {'null': .nan}
# - name: e_Plx
#   unit: mas
#   datatype: float32
#   format: '{:7.4f}'
#   description: '? Standard error of parallax (parallax_error)'
#   meta: !!omap
#   - {ucd: ERROR}
#   - {width: 7}
#   - {precision: '4'}
#   - values: {'null': .nan}
# - name: pmRA
#   unit: mas / yr
#   datatype: float64
#   format: '{:9.3f}'
#   description: '? Proper motion in right ascension direction, pmRA*cosDE (pmra)'
#   meta: !!omap
#   - {ucd: POS_EQ_PMRA}
#   - {width: 9}
#   - {precision: '3'}
#   - values: {'null': .nan}
# - name: pmDE
#   unit: mas / yr
#   datatype: float64
#   format: '{:9.3f}'
#   description: '? Proper motion in declination direction (pmdec)'
#   meta: !!omap
#   - {ucd: POS_EQ_PMDEC}
#   - {width: 9}
#   - {precision: '3'}
#   - values: {'null': .nan}
# - name: e_pmRA
#   unit: mas / yr
#   datatype: float32
#   format: '{:6.3f}'
#   description: '? Standard error of proper motion in right ascension direction (pmra_error)'
#   meta: !!omap
#   - {ucd: ERROR}
#   - {width: 6}
#   - {precision: '3'}
#   - values: {'null': .nan}
# - name: e_pmDE
[...]
#       distance: !astropy.table.SerializedColumn
#         __class__: astropy.coordinates.distances.Distance
#         unit: !astropy.units.Unit {unit: pc}
#         value: !astropy.table.SerializedColumn {name: SkyCoord.distance}
#       frame: icrs
#       obstime: !astropy.time.Time {format: jyear_str, in_subfmt: '*', jd1: 367701545.0, jd2: 0.0, out_subfmt: '*', precision: 3, scale: tt}
#       pm_dec: !astropy.table.SerializedColumn
#         __class__: astropy.units.quantity.Quantity
#         unit: !astropy.units.Unit {unit: mas / yr}
#         value: !astropy.table.SerializedColumn {name: SkyCoord.pm_dec}
#       pm_ra_cosdec: !astropy.table.SerializedColumn
#         __class__: astropy.units.quantity.Quantity
#         unit: !astropy.units.Unit {unit: mas / yr}
#         value: !astropy.table.SerializedColumn {name: SkyCoord.pm_ra_cosdec}
#       ra: !astropy.table.SerializedColumn
#         __class__: astropy.coordinates.angles.Longitude
#         unit: *id001
#         value: !astropy.table.SerializedColumn {name: SkyCoord.ra}
#         wrap_angle: !astropy.coordinates.Angle
#           unit: *id001
#           value: 360.0
#       representation_type: spherical
# schema: astropy-2.0
RA_ICRS_1 DE_ICRS_1 e_RA_ICRS e_DE_ICRS _r_1 HIP TYC2 Source rgeo Plx e_Plx pmRA pmDE e_pmRA e_pmDE RUWE Teff logg Gmag BP-RP BPmag RPmag RV e_RV b_rgeo B_rgeo FG e_FG FBP e_FBP FRP e_FRP RAVE5 RAVE6 e_Gmag e_BPmag e_RPmag e_BP-RP SkyCoord.ra SkyCoord.dec SkyCoord.distance SkyCoord.pm_ra_cosdec SkyCoord.pm_dec rmRA rmDE e_rmRA e_rmDE rRV e_rRV v_pec v_pec3d e_vpec e_vpec3d Pmemb
[from data line 31]
238.42753427649 -57.77032113584 0.0258 0.0236 9.3661 "" "" 5835841209310307328 1628.94788 0.5747 0.0379 -1.64 -3.438 0.042 0.038 1.355 7196.0 3.7795 15.30244 1.192965 15.762909 14.569943 "" "" 1531.17786 1719.80176 14255.11783 5.8354 6764.8 9.3182 11781.0 14.952 "" "" 0.00279093645748843 0.0031657103 0.0040227533 0.0071884636 238.42753427649 -57.77032113584 1628.94788 -1.6400000000000006 -3.438 -0.1452499771118163 0.16002508354186995 0.11099847 0.10699846 "" "" 1.668667971739759 "" 0.18159033222113954 "" 0.85
238.78807873066 -57.96189033235 0.0207 0.0177 7.0353 "" "" 5835829492638318720 1687.39807 0.5527 0.0283 -1.472 -3.62 0.032 0.029 1.03 7161.1 4.1187 15.340334 1.07026 15.783496 14.713236 "" "" 1615.28088 1768.23975 13766.17316 3.2912 6637.7 8.951 10324.0 9.0946 "" "" 0.002767520433999169 0.0031509858 0.003898527 0.007049513 238.78807873066 -57.96189033235 1687.39807 -1.4720000000000009 -3.62 0.02275002288818362 -0.02197491645812999 0.10099846 0.09799846 "" "" 0.25298563502419336 "" 0.025187686081851565 "" 0.96
238.82472773942 -57.83973858911 0.0209 0.0177 5.6231 "" "" 5835831966539860864 1563.14905 0.599 0.0287 -1.443 -3.688 0.035 0.029 0.966 7165.5 4.0076 15.367648 1.111315 15.837193 14.725878 "" "" 1499.85608 1623.42676 13424.17674 3.2961 6317.4 7.7135 10205.0 8.0983 "" "" 0.0027681866610299462 0.003089088 0.0038763487 0.006965437 238.82472773942 -57.83973858911 1563.14905 -1.443 -3.688 0.05175002288818353 -0.08997491645813005 0.10399847 0.09799846 "" "" 0.7690563417177254 "" 0.07653934692035048 "" 0.9
238.87064295006 -57.75173554386 0.0216 0.0194 9.7576 "" "" 5835832722454235264 1676.84583 0.5571 0.0306 -1.487 -3.53 0.035 0.031 1.076 7198.1 4.345 15.474582 1.083541 15.929546 14.846005 "" "" 1604.94507 1750.05957 12165.05253 3.1398 5802.3 9.4094 9136.0 7.2625 "" "" 0.002769533790614558 0.003299261 0.0038766796 0.0071759406 238.87064295006 -57.75173554386 1676.84583 -1.487 -3.5299999999999994 0.007750022888183494 0.06802508354187031 0.10399847 0.09999846 "" "" 0.5441779646738575 "" 0.05444539971750519 "" 0.94
238.43114848295 -57.92591429656 0.0262 0.0235 7.993 "" "" 5835826915657663488 1781.39526 0.5371 0.0356 -1.573 -3.643 0.046 0.038 0.984 7445.6 4.3058 15.605174 1.249694 16.149887 14.900193 "" "" 1654.38794 1961.57593 10786.41231 3.2221 4736.5 7.6207 8691.2 8.4821 "" "" 0.002774342976120635 0.003291902 0.0039251125 0.007217014 238.43114848295 -57.92591429656 1781.39526 -1.5729999999999993 -3.6430000000000002 -0.07824997711181636 -0.04497491645812968 0.11499846 0.10699846 "" "" 0.762088765749563 "" 0.08616538484838476 "" 0.92
238.55204284115 -57.93674834032 0.0234 0.022 5.3179 "" "" 5835827431053420288 1764.672 0.5262 0.034 -1.5 -3.548 0.04 0.036 0.933 6931.6 4.2036 15.710494 1.164687 16.212923 15.048236 "" "" 1676.24133 1873.87756 9789.24747 2.8428 4469.4 9.42 7583.4 7.5375 "" "" 0.002773301690747 0.0036085562 0.0039304355 0.007538992 238.55204284115 -57.93674834032 1764.672 -1.4999999999999998 -3.547999999999999 -0.005249977111816406 0.050025083541870075 0.10899846 0.10499846 "" "" 0.4207350680046308 "" 0.0441952140094128 "" 0.91
238.59011412091 -57.70899367765 0.027 0.0244 9.7568 "" "" 5835837257939481984 1892.14685 0.517 0.0411 -1.412 -3.615 0.046 0.041 1.06 7663.7 4.2075 15.956494 1.446551 16.611174 15.164622 "" "" 1729.70105 2050.8313 7804.57004 2.643 3097.0 5.3993 6812.5 9.1805 "" "" 0.002779744505419428 0.0033716466 0.0040527135 0.00742436 238.59011412091 -57.70899367765 1892.14685 -1.4120000000000006 -3.6149999999999993 0.08275002288818367 -0.016974916458130096 0.11499846 0.109998465 "" "" 0.7576208195892443 "" 0.0869754565090929 "" 0.9
239.02748796033 -57.93201281814 0.0295 0.024 12.4387 "" "" 5835642678732689408 1620.40222 0.6011 0.0398 -1.425 -3.606 0.043 0.039 0.959 5830.3 4.5051 16.134995 1.207597 16.64769 15.440093 "" "" 1527.49304 1739.44617 6621.39176 2.9038 2994.6 8.7501 5285.9 8.8593 "" "" 0.0027961591653529244 0.0042248857 0.0041946527 0.008419538 239.02748796033 -57.93201281814 1620.40222 -1.4250000000000003 -3.606 0.06975002288818355 -0.007974916458129755 0.11199847 0.10799846 "" "" 0.539219787198109 "" 0.0603644489125798 "" 0.81
238.48381191902 -58.06074157992 0.0382 0.0371 12.8221 "" "" 5835822105293744256 1635.9248 0.6083 0.0524 -1.504 -3.607 0.059 0.059 1.014 5423.6 4.635 16.593758 1.315454 17.171642 15.856189 "" "" 1478.3396 1826.7406 4339.54197 3.0125 1848.2 8.3795 3603.2 8.8066 "" "" 0.0028565497643959197 0.0056583495 0.0046179653 0.010276315 238.48381191902 -58.06074157992 1635.9248 -1.504 -3.607 -0.00924997711181641 -0.008974916458130089 0.12799847 0.12799847 "" "" 0.09994041264974163 "" 0.01279222003626757 "" 0.89
