Clusters/NGC_6396/NGC_6396_stars_in_region.tsv
# %ECSV 1.0
# ---
# datatype:
# - name: RA_ICRS_1
#   unit: deg
#   datatype: float64
#   format: '{:15.11f}'
#   description: Right ascension (ICRS) at Ep=2016.0 (ra)
#   meta: !!omap
#   - {ucd: POS_EQ_RA_MAIN}
#   - {width: 15}
#   - {precision: '11'}
# - name: DE_ICRS_1
#   unit: deg
#   datatype: float64
#   format: '{:15.11f}'
#   description: Declination (ICRS) at Ep=2016.0 (dec)
#   meta: !!omap
#   - {ucd: POS_EQ_DEC_MAIN}
#   - {width: 15}
#   - {precision: '11'}
# - name: e_RA_ICRS
#   unit: mas
#   datatype: float64
#   format: '{:7.4f}'
#   description: Standard error of right ascension (ra_error)
#   meta: !!omap
#   - {ucd: ERROR}
#   - {width: 7}
#   - {precision: '4'}
# - name: e_DE_ICRS
#   unit: mas
#   datatype: float64
#   format: '{:7.4f}'
#   description: Standard error of declination (dec_error)
#   meta: !!omap
#   - {ucd: ERROR}
#   - {width: 7}
#   - {precision: '4'}
# - name: _r_1
#   unit: ''
#   datatype: float64
#   format: '{:7.4f}'
#   description: Distance from center (264.40460850000-35.01289475000)[ICRS], at Epoch=J2016.0
#   meta: !!omap
#   - {ucd: POS_ANG_DIST_GENERAL}
#   - {width: 7}
#   - {precision: '4'}
# - name: HIP
#   datatype: int32
#   description: '? HIP cross-id number, van Leeuwen, Cat. I/311 (hip_original_ext_source_id)'
#   meta: !!omap
#   - {ucd: ID_NUMBER}
#   - {width: 6}
#   - values: {'null': -2147483648}
# - name: TYC2
#   datatype: string
#   description: Tycho-2 cross-id name, Hog et al., Cat. I/259 (tyc2_original_ext_source_id)
#   meta: !!omap
#   - {ucd: ID_CROSSID}
#   - {_votable_string_dtype: char}
# - name: Source
#   datatype: int64
#   description: Source identifier, identical to the Gaia-EDR3 source_id (id)
#   meta: !!omap
#   - {ucd: ID_MAIN}
#   - {width: 19}
# - name: rgeo
#   unit: pc
#   datatype: float64
#   format: '{:15.8f}'
#   description: '? Median of the geometric distance posterior (r_med_geo)'
#   meta: !!omap
#   - {ucd: PHYS_DISTANCE_TRUE}
#   - {width: 15}
#   - {precision: '8'}
#   - values: {'null': .nan}
# - name: Plx
#   unit: mas
#   datatype: float64
#   format: '{:9.4f}'
#   description: '? Parallax (parallax)'
#   meta: !!omap
#   - {ucd: POS_PARLX_TRIG}
#   - {width: 9}
#   - {precision: '4'}
#   - values: {'null': .nan}
# - name: e_Plx
#   unit: mas
#   datatype: float32
#   format: '{:7.4f}'
#   description: '? Standard error of parallax (parallax_error)'
#   meta: !!omap
#   - {ucd: ERROR}
#   - {width: 7}
#   - {precision: '4'}
#   - values: {'null': .nan}
# - name: pmRA
#   unit: mas / yr
#   datatype: float64
#   format: '{:9.3f}'
#   description: '? Proper motion in right ascension direction, pmRA*cosDE (pmra)'
#   meta: !!omap
#   - {ucd: POS_EQ_PMRA}
#   - {width: 9}
#   - {precision: '3'}
#   - values: {'null': .nan}
# - name: pmDE
#   unit: mas / yr
#   datatype: float64
#   format: '{:9.3f}'
#   description: '? Proper motion in declination direction (pmdec)'
#   meta: !!omap
#   - {ucd: POS_EQ_PMDEC}
#   - {width: 9}
#   - {precision: '3'}
#   - values: {'null': .nan}
# - name: e_pmRA
#   unit: mas / yr
#   datatype: float32
#   format: '{:6.3f}'
#   description: '? Standard error of proper motion in right ascension direction (pmra_error)'
#   meta: !!omap
#   - {ucd: ERROR}
#   - {width: 6}
#   - {precision: '3'}
#   - values: {'null': .nan}
# - name: e_pmDE
[...]
#         unit: &id001 !astropy.units.Unit {unit: deg}
#         value: !astropy.table.SerializedColumn {name: SkyCoord.dec}
#       distance: !astropy.table.SerializedColumn
#         __class__: astropy.coordinates.distances.Distance
#         unit: !astropy.units.Unit {unit: pc}
#         value: !astropy.table.SerializedColumn {name: SkyCoord.distance}
#       frame: icrs
#       obstime: !astropy.time.Time {format: jyear_str, in_subfmt: '*', jd1: 367701545.0, jd2: 0.0, out_subfmt: '*', precision: 3, scale: tt}
#       pm_dec: !astropy.table.SerializedColumn
#         __class__: astropy.units.quantity.Quantity
#         unit: !astropy.units.Unit {unit: mas / yr}
#         value: !astropy.table.SerializedColumn {name: SkyCoord.pm_dec}
#       pm_ra_cosdec: !astropy.table.SerializedColumn
#         __class__: astropy.units.quantity.Quantity
#         unit: !astropy.units.Unit {unit: mas / yr}
#         value: !astropy.table.SerializedColumn {name: SkyCoord.pm_ra_cosdec}
#       ra: !astropy.table.SerializedColumn
#         __class__: astropy.coordinates.angles.Longitude
#         unit: *id001
#         value: !astropy.table.SerializedColumn {name: SkyCoord.ra}
#         wrap_angle: !astropy.coordinates.Angle
#           unit: *id001
#           value: 360.0
#       representation_type: spherical
# schema: astropy-2.0
RA_ICRS_1 DE_ICRS_1 e_RA_ICRS e_DE_ICRS _r_1 HIP TYC2 Source rgeo Plx e_Plx pmRA pmDE e_pmRA e_pmDE RUWE Teff logg Gmag BP-RP BPmag RPmag RV e_RV b_rgeo B_rgeo FG e_FG FBP e_FBP FRP e_FRP RAVE5 RAVE6 e_Gmag e_BPmag e_RPmag e_BP-RP SkyCoord.ra SkyCoord.dec SkyCoord.distance SkyCoord.pm_ra_cosdec SkyCoord.pm_dec
[from data line 973]
264.37695500652 -34.91317089693 0.0726 0.0547 6.136 "" "" 4053345320829820288 2310.22437 0.4291 0.0657 0.356 -2.194 0.099 0.066 1.029 8075.0 4.1778 16.254557 1.843975 17.157888 15.313913 "" "" 2045.4187 2681.73438 5930.94553 3.4671 1871.8 13.858 5937.4 42.839 "" "" 0.0028274777070443164 0.0085088 0.008697741 0.01720654 264.37695500652 -34.91317089693 2310.22437 0.356 -2.194
264.23559407699 -34.92832992902 0.0583 0.0446 9.7365 "" "" 4053322613426784256 2178.24634 0.4446 0.0667 0.454 -2.31 0.082 0.054 1.083 "" "" 16.255505 1.737204 17.07729 15.340086 "" "" 1840.83948 2472.93359 5925.77638 4.249 2016.0 13.777 5795.9 17.816 "" "" 0.0028631925698075107 0.007927013 0.0050420472 0.01296906 264.23559407699 -34.92832992902 2178.24634 0.45400000000000007 -2.3100000000000005
264.68472551578 -34.87052414941 0.053 0.0411 16.2106 "" "" 4053302444271262720 2126.69263 0.4553 0.0557 -0.276 -1.036 0.074 0.054 1.06 9478.7 4.03 16.265259 1.563075 16.975962 15.412887 "" "" 1873.67993 2420.604 5872.77306 3.8003 2213.3 8.5655 5420.1 13.353 "" "" 0.0028434864606892217 0.005043836 0.004630165 0.0096740015 264.68472551578 -34.87052414941 2126.69263 -0.276 -1.036
264.2907352804 -34.9618844534 0.0576 0.0459 6.3797 "" "" 4053321548274875648 2469.44727 0.4161 0.0675 0.012 -0.31 0.076 0.054 1.101 9252.9 3.7437 16.265745 2.041913 17.293276 15.251363 "" "" 2141.4895 2802.12183 5870.14734 4.0666 1652.4 9.478 6289.5 15.013 "" "" 0.0028561381252599034 0.006824145 0.004582614 0.011406759 264.2907352804 -34.9618844534 2469.44727 0.012 -0.31000000000000005
264.66530961824 -34.87142813048 0.0528 0.0405 15.3771 "" "" 4053302611681970176 2064.021 0.4609 0.056 -2.805 -2.321 0.07 0.05 1.079 "" "" 16.268051 1.926888 17.164688 15.237801 "" "" 1886.63525 2221.76758 5857.69053 3.5379 1860.1 11.107 6368.5 30.938 "" "" 0.0028322795781671544 0.0070580477 0.006488746 0.013546794 264.66530961824 -34.87142813048 2064.021 -2.805 -2.3210000000000006
264.65188373395 -35.13106118647 0.0541 0.0409 14.061 "" "" 4053280144796848640 1786.81677 0.5424 0.0687 0.214 -3.216 0.076 0.051 1.073 6458.3 4.0424 16.268818 2.058182 17.328058 15.269877 "" "" 1584.2085 1962.36584 5853.5558 3.8473 1600.3 10.558 6183.1 14.46 "" "" 0.002846230459213476 0.0076873843 0.0045531252 0.0122405095 264.65188373395 -35.13106118647 1786.81677 0.21400000000000005 -3.216000000000001
264.34834080114 -35.01829180687 0.0529 0.0419 2.7839 "" "" 4053274200478930944 2331.43164 0.4322 0.0625 0.477 -1.974 0.076 0.053 1.112 "" "" 16.271685 2.062734 17.281382 15.218648 "" "" 1980.7052 2858.32251 5838.11437 3.9888 1670.6 8.5073 6481.9 17.97 "" "" 0.002853432092769292 0.0061930986 0.0048315604 0.0110246595 264.34834080114 -35.01829180687 2331.43164 0.4769999999999999 -1.9739999999999998
264.43475027963 -34.91656482295 0.053 0.0423 5.9668 "" "" 4053298763391176064 2177.91919 0.4316 0.0656 -2.286 -3.846 0.069 0.048 1.07 7644.6 3.526 16.27312 1.91839 17.175085 15.256695 "" "" 1965.19043 2530.23828 5830.39961 3.728 1842.4 11.023 6258.6 55.22 "" "" 0.0028414329683147067 0.00706979 0.010298098 0.017367888 264.43475027963 -34.91656482295 2177.91919 -2.2859999999999996 -3.846
264.62681690299 -34.94703213021 0.0481 0.0385 11.6168 "" "" 4053295915919898496 2027.61401 0.4605 0.0576 0.582 -1.355 0.061 0.044 0.935 "" "" 16.27317 1.758603 17.106415 15.347812 "" "" 1791.38623 2271.04834 5830.13283 3.7108 1962.7 10.748 5754.8 17.165 "" "" 0.0028406598083654303 0.0065677697 0.004977079 0.011544849 264.62681690299 -34.94703213021 2027.61401 0.5820000000000001 -1.355
264.22472889078 -35.0184679621 0.0587 0.0501 8.8456 "" "" 4053320616198862080 2202.24463 0.432 0.0645 1.499 0.233 0.086 0.064 1.007 8195.4 3.9189 16.273716 2.266486 17.43753 15.171044 "" "" 1867.44946 2621.67383 5827.20934 4.3548 1446.8 10.582 6772.4 13.285 "" "" 0.002872307442756125 0.008417062 0.004338187 0.01275525 264.22472889078 -35.0184679621 2202.24463 1.499 0.23299999999999998
264.37140656502 -35.23874541594 0.0564 0.056 13.6486 "" "" 4053266572617841920 1842.73132 0.524 0.0687 -0.562 3.03 0.086 0.066 0.983 7870.5 4.162 16.27419 1.920888 17.214104 15.293216 "" "" 1653.47913 2135.53003 5824.66093 3.658 1777.4 7.6859 6051.6 17.964 "" "" 0.0028384374333300165 0.0054614926 0.0049670218 0.010428514 264.37140656502 -35.23874541594 1842.73132 -0.5620000000000003 3.0300000000000002
264.2502095264 -35.13655219662 0.0588 0.0507 10.608 "" "" 4053271756629619584 2109.88403 0.4788 0.0669 -2.33 -3.445 0.091 0.066 1.058 15008.8 3.9853 16.274567 2.925708 17.964954 15.039247 "" "" 1820.62659 2491.71851 5822.64208 4.0106 890.09 7.4771 7646.4 20.366 "" "" 0.0028550072914111193 0.009537842 0.004758825 0.014296668 264.2502095264 -35.13655219662 2109.88403 -2.3299999999999996 -3.4449999999999994
264.53529510278 -35.25519453561 0.0581 0.0537 15.8894 "" "" 4053255538839496448 2192.07568 0.4486 0.0733 -0.661 -1.71 0.086 0.064 1.127 7563.9 3.639 16.275103 1.602837 17.008911 15.406075 "" "" 1876.74768 2535.26001 5819.76746 5.3457 2147.1 12.388 5454.2 15.651 "" "" 0.0029302533719073754 0.006857596 0.004898 0.011755596 264.53529510278 -35.25519453561 2192.07568 -0.6610000000000001 -1.71
264.62854062911 -35.03693252448 0.0478 0.0384 11.0968 "" "" 4053293162753478656 2130.81152 0.4599 0.0562 0.717 -1.907 0.065 0.047 1.009 7592.3 3.5798 16.276123 1.56854 16.988651 15.420112 "" "" 1913.05188 2393.54663 5814.30535 3.1327 2187.5 9.6329 5384.1 28.545 "" "" 0.0028167352922425196 0.005535751 0.0068861004 0.012421852 264.62854062911 -35.03693252448 2130.81152 0.717 -1.9070000000000003
264.22596883487 -35.04444083889 0.0592 0.0511 8.9787 "" "" 4053319692849212672 1745.19592 0.5538 0.0665 -0.059 -0.349 0.088 0.065 1.0 9474.6 3.9668 16.27671 2.007301 17.18514 15.177839 "" "" 1565.13306 1962.75098 5811.15818 4.5422 1825.4 20.617 6730.1 147.82 "" "" 0.0028830528615425193 0.012576277 0.024144752 0.03672103 264.22596883487 -35.04444083889 1745.19592 -0.059000000000000004 -0.349
264.68427428207 -34.95366384496 0.047 0.0384 14.2 "" "" 4053295400523727232 2029.26721 0.4692 0.057 0.612 -2.442 0.063 0.046 0.956 4988.0 3.5329 16.277552 2.288628 17.469725 15.181097 "" "" 1823.91736 2290.54834 5806.65807 4.2986 1404.5 14.242 6710.0 40.983 "" "" 0.002870159530836231 0.011357704 0.0076327757 0.01899048 264.68427428207 -34.95366384496 2029.26721 0.612 -2.442
264.3380234114 -34.92388181116 0.0537 0.042 6.2643 "" "" 4053322098030479872 2446.19824 0.3984 0.0628 0.753 -0.602 0.072 0.053 0.971 7928.9 3.8888 16.27895 1.941303 17.245829 15.304525 "" "" 2153.9541 2857.53027 5799.18257 3.6602 1726.2 9.6496 5988.9 20.631 "" "" 0.002839257958139791 0.006679978 0.005317236 0.011997214 264.3380234114 -34.92388181116 2446.19824 0.753 -0.6020000000000001
264.48471374756 -34.93689158873 0.0723 0.0578 6.0254 "" "" 4053297771284626304 2180.90845 0.443 0.082 0.593 -2.304 0.099 0.075 1.654 "" "" 16.27944 1.705764 16.846775 15.141011 "" "" 1897.36975 2538.08105 5796.57079 5.2945 2492.9 17.783 6962.3 52.694 "" "" 0.0029283524733889005 0.00823231 0.009044826 0.017277136 264.48471374756 -34.93689158873 2180.90845 0.593 -2.3040000000000003
264.54756848813 -34.77741445633 0.0524 0.0395 15.7835 "" "" 4053301207320053760 2171.65942 0.4416 0.057 -3.919 -5.733 0.066 0.047 0.987 8281.1 4.0179 16.280066 1.994771 17.230726 15.235955 "" "" 1933.56848 2543.0293 5793.22871 4.6887 1750.4 12.344 6379.3 26.54 "" "" 0.0028920508560504963 0.008149261 0.0058895852 0.014038846 264.54756848813 -34.77741445633 2171.65942 -3.919 -5.732999999999999
264.0936617529 -34.90912242424 0.0704 0.0608 16.5092 "" "" 4053325186023144576 2237.77417 0.4323 0.0834 -2.33 -2.024 0.11 0.076 1.11 4979.9 2.8977 16.28056 2.835835 17.897644 15.061809 "" "" 1914.08789 2634.30542 5790.58895 5.0788 947.02 10.352 7489.2 22.946 "" "" 0.002915238985296676 0.01219189 0.0050348537 0.017226744 264.0936617529 -34.90912242424 2237.77417 -2.33 -2.0239999999999996
264.19040037734 -34.97846795385 0.0682 0.0582 10.7294 "" "" 4053320964131681280 2389.56616 0.4012 0.0801 -4.729 -10.019 0.107 0.074 1.102 6013.3 3.8624 16.281767 2.100306 17.220451 15.120146 "" "" 2028.03345 3075.92188 5784.15447 5.4392 1767.0 9.87 7097.4 52.378 "" "" 0.00293840096082627 0.0066756937 0.008859212 0.015534906 264.19040037734 -34.97846795385 2389.56616 -4.729 -10.019
264.5735260466 -35.08826841102 0.0513 0.0413 9.4495 "" "" 4053292686104300288 2341.38354 0.435 0.0636 0.28 -1.178 0.075 0.052 0.999 "" "" 16.282484 1.567996 16.991545 15.423549 "" "" 2040.01025 2963.13696 5780.33318 3.6585 2181.7 11.253 5367.1 22.932 "" "" 0.0028397208262734746 0.006256711 0.005983666 0.012240377 264.5735260466 -35.08826841102 2341.38354 0.2800000000000001 -1.178
264.38209966227 -34.83122876296 0.0545 0.0418 10.9561 "" "" 4053346974483630720 1907.19458 0.5059 0.0627 2.825 -0.643 0.082 0.054 1.038 7982.9 3.9879 16.283792 2.177249 17.400251 15.223002 "" "" 1701.7926 2176.07422 5773.37197 4.4412 1497.3 11.126 6455.9 12.587 "" "" 0.002879125406257164 0.008536642 0.0043318323 0.012868475 264.38209966227 -34.83122876296 1907.19458 2.825000000000001 -0.643
264.45250467113 -35.18054987084 0.0526 0.0472 10.3304 "" "" 4053268565556593920 2065.23657 0.4744 0.0677 -0.19 -2.193 0.078 0.055 1.038 7487.1 3.9656 16.28545 1.758411 17.06724 15.308828 "" "" 1763.79602 2438.37354 5764.56571 4.2694 2034.8 13.456 5965.2 12.383 "" "" 0.0028702629581077855 0.0077029895 0.004400406 0.012103396 264.45250467113 -35.18054987084 2065.23657 -0.18999999999999997 -2.193
264.26244708461 -35.06972061079 0.0552 0.0471 7.7714 "" "" 4053319417928651008 1871.47144 0.5246 0.0615 -0.423 -1.765 0.084 0.061 1.046 "" "" 16.286446 1.712527 17.055601 15.343074 "" "" 1657.6554 2158.64502 5759.28669 4.2605 2056.7 15.966 5780.0 31.948 "" "" 0.0028699995158293955 0.00887831 0.0070921415 0.015970452 264.26244708461 -35.06972061079 1871.47144 -0.42300000000000004 -1.765
264.35245358158 -35.01447883468 0.0521 0.0425 2.5647 "" "" 4053274578510967296 1891.21216 0.5086 0.0615 -1.833 -1.78 0.073 0.055 1.044 "" "" 16.289452 2.156817 17.384096 15.22728 "" "" 1688.04395 2144.70801 5743.35651 4.4571 1519.8 13.329 6430.5 39.538 "" "" 0.0028812722168713237 0.009922529 0.007671256 0.017593784 264.35245358158 -35.01447883468 1891.21216 -1.833 -1.7800000000000002
264.1678040446 -35.21125648332 0.0487 0.0385 16.6355 "" "" 4053265400077944192 1769.03882 0.5611 0.0527 -0.441 -0.649 0.069 0.05 1.006 9010.5 4.1432 16.291002 2.052702 17.32611 15.273409 "" "" 1606.073 1929.37476 5735.16367 3.5992 1603.1 10.921 6163.0 13.43 "" "" 0.002838319503075276 0.007905265 0.0044588693 0.012364134 264.1678040446 -35.21125648332 1769.03882 -0.44100000000000006 -0.649
264.47117342149 -35.14593241675 0.0547 0.0471 8.6255 "" "" 4053268771639180800 1839.84802 0.5303 0.0683 1.773 -0.537 0.079 0.056 1.0 "" "" 16.293941 1.74649 17.136904 15.390413 "" "" 1648.95813 2104.16968 5719.66334 3.5988 1908.3 11.71 5533.4 13.654 "" "" 0.002838745071128721 0.007223116 0.004632646 0.011855762 264.47117342149 -35.14593241675 1839.84802 1.773 -0.537
264.38291796815 -35.04196342408 0.0567 0.0459 2.0439 "" "" 4053273543336139392 2158.59155 0.4479 0.0689 1.71 -1.513 0.087 0.059 1.109 "" "" 16.296438 1.854054 17.179075 15.325022 "" "" 1884.3811 2582.45239 5706.52244 3.6798 1835.6 11.167 5876.9 23.135 "" "" 0.002842880157808391 0.0071702907 0.005705412 0.012875702 264.38291796815 -35.04196342408 2158.59155 1.71 -1.513
264.05900593942 -34.97932310842 0.0577 0.0469 17.1059 "" "" 4053324400098583168 2499.59155 0.4146 0.071 -2.109 -0.869 0.089 0.064 1.031 7100.8 4.0428 16.298449 2.394402 17.58031 15.185908 "" "" 2024.21143 3199.28638 5695.96043 4.0283 1268.5 7.1754 6680.3 28.526 "" "" 0.0028603129905888924 0.0067456667 0.005981536 0.012727203 264.05900593942 -34.97932310842 2499.59155 -2.109 -0.8689999999999999
264.55216505804 -34.98156866933 0.048 0.0387 7.4921 "" "" 4053294502783431808 2099.44678 0.442 0.0515 0.706 0.719 0.065 0.048 1.054 9521.7 4.2256 16.299898 1.804606 17.112902 15.308295 "" "" 1886.14282 2374.29175 5688.36125 6.9884 1951.0 13.069 5968.2 24.938 "" "" 0.003061210543202308 0.007789773 0.005904711 0.013694484 264.55216505804 -34.98156866933 2099.44678 0.706 0.7189999999999999
264.62957756423 -35.00335042538 0.0465 0.0376 11.0708 "" "" 4053294953847115264 2446.01465 0.3822 0.0542 -0.069 -3.178 0.061 0.045 0.984 "" "" 16.300024 1.993278 17.255043 15.261765 "" "" 2203.54272 2772.92383 5687.70481 3.6683 1711.6 12.914 6229.5 39.866 "" "" 0.002842909972543635 0.008653999 0.007909585 0.016563583 264.62957756423 -35.00335042538 2446.01465 -0.06899999999999999 -3.1780000000000004
264.74535670168 -35.04653031759 0.0498 0.0379 16.8626 "" "" 4053282343747142656 1881.2782 0.5388 0.0583 -1.074 -1.925 0.069 0.048 1.039 9630.4 4.1887 16.30047 1.756338 16.983345 15.227007 "" "" 1690.36536 2076.60327 5685.37311 5.9015 2198.3 27.494 6432.1 89.487 "" "" 0.002976901217602565 0.013862922 0.015570999 0.029433921 264.74535670168 -35.04653031759 1881.2782 -1.074 -1.9250000000000003
264.38040077223 -34.74775931845 0.0531 0.0405 15.9527 "" "" 4053351849180412672 1763.72913 0.5265 0.0566 -0.5 -3.607 0.07 0.049 0.968 "" "" 16.301397 2.104353 17.351154 15.246801 "" "" 1611.62207 1995.82825 5680.51685 3.7689 1566.6 11.603 6315.9 20.796 "" "" 0.002847931083340229 0.008511792 0.0052023004 0.013714092 264.38040077223 -34.74775931845 1763.72913 -0.5 -3.607
264.61244690182 -35.11942464003 0.0612 0.0463 12.043 "" "" 4053280587089031040 2256.90527 0.4531 0.0786 0.169 -3.871 0.09 0.061 1.133 "" "" 16.301977 1.866858 17.218216 15.351358 "" "" 1847.1106 2790.65283 5677.48374 4.1556 1770.6 13.721 5736.1 13.685 "" "" 0.002867635675909689 0.008864324 0.004581861 0.013446185 264.61244690182 -35.11942464003 2256.90527 0.16899999999999998 -3.8709999999999996
264.71284269657 -35.06353544848 0.0478 0.0377 15.4442 "" "" 4053281931503294208 2000.24585 0.4814 0.0575 0.446 1.148 0.067 0.047 1.033 "" "" 16.302448 1.821837 17.181374 15.359537 "" "" 1786.86279 2208.50244 5675.01759 3.248 1831.8 12.399 5693.0 28.04 "" "" 0.002824523082345768 0.007860916 0.0065483465 0.014409263 264.71284269657 -35.06353544848 2000.24585 0.4460000000000001 1.148
264.17299804111 -34.81240158984 0.0535 0.0415 16.5702 "" "" 4053327458149739776 2275.8877 0.4181 0.0636 -0.761 -3.544 0.07 0.051 1.053 9264.5 4.1563 16.304121 1.700112 17.105675 15.405562 "" "" 2019.71948 2663.65112 5666.28384 3.6922 1964.0 11.801 5456.7 12.172 "" "" 0.0028446986732680313 0.0070954356 0.0044888 0.011584235 264.17299804111 -34.81240158984 2275.8877 -0.7610000000000001 -3.5440000000000005
264.18131844513 -35.22824491108 0.0494 0.0393 16.9422 "" "" 4053265125200020736 2332.31274 0.4057 0.0539 -1.494 -2.66 0.07 0.05 0.953 8368.6 3.9071 16.304628 2.405107 17.599785 15.194678 "" "" 2074.55664 2707.23193 5663.63638 3.5642 1246.0 8.1336 6626.5 12.284 "" "" 0.002838775156622201 0.007616875 0.004281904 0.011898779 264.18131844513 -35.22824491108 2332.31274 -1.4940000000000002 -2.66
264.69116729274 -34.98344844514 0.0481 0.0369 14.1948 "" "" 4053295228661416704 1892.90491 0.5067 0.0569 -2.187 -1.98 0.063 0.044 1.009 6178.2 4.0807 16.3061 1.639101 17.04853 15.40943 "" "" 1755.28076 2102.42456 5655.95684 2.9975 2070.2 9.0951 5437.3 19.798 "" "" 0.002814762163544997 0.0055261254 0.005469232 0.010995357 264.69116729274 -34.98344844514 1892.90491 -2.187 -1.9799999999999995
264.57540377659 -35.22356618414 0.0526 0.045 15.1671 "" "" 4053255989890469504 2297.37866 0.4496 0.0684 -1.297 -1.51 0.081 0.059 1.002 8234.2 4.1196 16.308172 1.659561 17.059065 15.399504 "" "" 2007.54224 2673.97876 5645.18418 3.7591 2050.2 14.414 5487.3 29.867 "" "" 0.0028485959003293343 0.008127262 0.0070147673 0.015142029 264.57540377659 -35.22356618414 2297.37866 -1.2969999999999997 -1.5099999999999998
