Clusters/NGC_6396/NGC_6396_stars_in_region.tsv
# %ECSV 1.0
# ---
# datatype:
# - name: RA_ICRS_1
#   unit: deg
#   datatype: float64
#   format: '{:15.11f}'
#   description: Right ascension (ICRS) at Ep=2016.0 (ra)
#   meta: !!omap
#   - {ucd: POS_EQ_RA_MAIN}
#   - {width: 15}
#   - {precision: '11'}
# - name: DE_ICRS_1
#   unit: deg
#   datatype: float64
#   format: '{:15.11f}'
#   description: Declination (ICRS) at Ep=2016.0 (dec)
#   meta: !!omap
#   - {ucd: POS_EQ_DEC_MAIN}
#   - {width: 15}
#   - {precision: '11'}
# - name: e_RA_ICRS
#   unit: mas
#   datatype: float64
#   format: '{:7.4f}'
#   description: Standard error of right ascension (ra_error)
#   meta: !!omap
#   - {ucd: ERROR}
#   - {width: 7}
#   - {precision: '4'}
# - name: e_DE_ICRS
#   unit: mas
#   datatype: float64
#   format: '{:7.4f}'
#   description: Standard error of declination (dec_error)
#   meta: !!omap
#   - {ucd: ERROR}
#   - {width: 7}
#   - {precision: '4'}
# - name: _r_1
#   unit: ''
#   datatype: float64
#   format: '{:7.4f}'
#   description: Distance from center (264.40460850000-35.01289475000)[ICRS], at Epoch=J2016.0
#   meta: !!omap
#   - {ucd: POS_ANG_DIST_GENERAL}
#   - {width: 7}
#   - {precision: '4'}
# - name: HIP
#   datatype: int32
#   description: '? HIP cross-id number, van Leeuwen, Cat. I/311 (hip_original_ext_source_id)'
#   meta: !!omap
#   - {ucd: ID_NUMBER}
#   - {width: 6}
#   - values: {'null': -2147483648}
# - name: TYC2
#   datatype: string
#   description: Tycho-2 cross-id name, Hog et al., Cat. I/259 (tyc2_original_ext_source_id)
#   meta: !!omap
#   - {ucd: ID_CROSSID}
#   - {_votable_string_dtype: char}
# - name: Source
#   datatype: int64
#   description: Source identifier, identical to the Gaia-EDR3 source_id (id)
#   meta: !!omap
#   - {ucd: ID_MAIN}
#   - {width: 19}
# - name: rgeo
#   unit: pc
#   datatype: float64
#   format: '{:15.8f}'
#   description: '? Median of the geometric distance posterior (r_med_geo)'
#   meta: !!omap
#   - {ucd: PHYS_DISTANCE_TRUE}
#   - {width: 15}
#   - {precision: '8'}
#   - values: {'null': .nan}
# - name: Plx
#   unit: mas
#   datatype: float64
#   format: '{:9.4f}'
#   description: '? Parallax (parallax)'
#   meta: !!omap
#   - {ucd: POS_PARLX_TRIG}
#   - {width: 9}
#   - {precision: '4'}
#   - values: {'null': .nan}
# - name: e_Plx
#   unit: mas
#   datatype: float32
#   format: '{:7.4f}'
#   description: '? Standard error of parallax (parallax_error)'
#   meta: !!omap
#   - {ucd: ERROR}
#   - {width: 7}
#   - {precision: '4'}
#   - values: {'null': .nan}
# - name: pmRA
#   unit: mas / yr
#   datatype: float64
#   format: '{:9.3f}'
#   description: '? Proper motion in right ascension direction, pmRA*cosDE (pmra)'
#   meta: !!omap
#   - {ucd: POS_EQ_PMRA}
#   - {width: 9}
#   - {precision: '3'}
#   - values: {'null': .nan}
# - name: pmDE
#   unit: mas / yr
#   datatype: float64
#   format: '{:9.3f}'
#   description: '? Proper motion in declination direction (pmdec)'
#   meta: !!omap
#   - {ucd: POS_EQ_PMDEC}
#   - {width: 9}
#   - {precision: '3'}
#   - values: {'null': .nan}
# - name: e_pmRA
#   unit: mas / yr
#   datatype: float32
#   format: '{:6.3f}'
#   description: '? Standard error of proper motion in right ascension direction (pmra_error)'
#   meta: !!omap
#   - {ucd: ERROR}
#   - {width: 6}
#   - {precision: '3'}
#   - values: {'null': .nan}
# - name: e_pmDE
[...]
#         unit: &id001 !astropy.units.Unit {unit: deg}
#         value: !astropy.table.SerializedColumn {name: SkyCoord.dec}
#       distance: !astropy.table.SerializedColumn
#         __class__: astropy.coordinates.distances.Distance
#         unit: !astropy.units.Unit {unit: pc}
#         value: !astropy.table.SerializedColumn {name: SkyCoord.distance}
#       frame: icrs
#       obstime: !astropy.time.Time {format: jyear_str, in_subfmt: '*', jd1: 367701545.0, jd2: 0.0, out_subfmt: '*', precision: 3, scale: tt}
#       pm_dec: !astropy.table.SerializedColumn
#         __class__: astropy.units.quantity.Quantity
#         unit: !astropy.units.Unit {unit: mas / yr}
#         value: !astropy.table.SerializedColumn {name: SkyCoord.pm_dec}
#       pm_ra_cosdec: !astropy.table.SerializedColumn
#         __class__: astropy.units.quantity.Quantity
#         unit: !astropy.units.Unit {unit: mas / yr}
#         value: !astropy.table.SerializedColumn {name: SkyCoord.pm_ra_cosdec}
#       ra: !astropy.table.SerializedColumn
#         __class__: astropy.coordinates.angles.Longitude
#         unit: *id001
#         value: !astropy.table.SerializedColumn {name: SkyCoord.ra}
#         wrap_angle: !astropy.coordinates.Angle
#           unit: *id001
#           value: 360.0
#       representation_type: spherical
# schema: astropy-2.0
RA_ICRS_1 DE_ICRS_1 e_RA_ICRS e_DE_ICRS _r_1 HIP TYC2 Source rgeo Plx e_Plx pmRA pmDE e_pmRA e_pmDE RUWE Teff logg Gmag BP-RP BPmag RPmag RV e_RV b_rgeo B_rgeo FG e_FG FBP e_FBP FRP e_FRP RAVE5 RAVE6 e_Gmag e_BPmag e_RPmag e_BP-RP SkyCoord.ra SkyCoord.dec SkyCoord.distance SkyCoord.pm_ra_cosdec SkyCoord.pm_dec
[from data line 241]
264.22004449226 -34.75887488295 0.0266 0.0206 17.7429 "" "" 4053351097652573312 2278.97778 0.394 0.0297 -1.224 -4.714 0.036 0.027 0.994 4906.2 2.4237 14.594893 2.561562 16.004177 13.442616 -43.82 2.9 2157.57324 2426.75269 27352.01814 11.402 5416.8 16.269 33275.0 30.843 "" "" 0.0027922459628889618 0.0042917076 0.003911078 0.008202786 264.22004449226 -34.75887488295 2278.97778 -1.2240000000000002 -4.714000000000001
264.60262570946 -34.80244231898 0.0235 0.018 15.9492 "" "" 4053306769214205824 2367.66626 0.3862 0.0258 0.149 -1.895 0.032 0.024 0.906 9668.3 3.1534 14.596959 1.54925 15.291421 13.742171 "" "" 2214.67529 2526.91309 27300.028 11.889 10444.0 20.101 25252.0 32.432 "" "" 0.0027955963854767105 0.0034859313 0.0040284256 0.0075143566 264.60262570946 -34.80244231898 2367.66626 0.14899999999999997 -1.895
264.61835849887 -35.01214307185 0.0423 0.0329 10.5041 "" "" 4053294915100202752 1974.71326 0.4802 0.0487 -0.007 -0.957 0.051 0.039 2.082 9182.5 3.6273 14.599009 1.67117 15.349573 13.678403 20.42 9.69 1805.86719 2168.50757 27248.52847 22.813 9898.9 35.117 26779.0 66.6 "" "" 0.0029013909501895358 0.0047561326 0.0046448987 0.009401031 264.61835849887 -35.01214307185 1974.71326 -0.006999999999999999 -0.9569999999999997
264.44986643924 -34.9332368073 0.0237 0.0187 5.2721 "" "" 4053298557232704896 2419.21948 0.3697 0.0285 -2.052 -5.005 0.032 0.022 0.919 4817.0 2.3048 14.601101 2.366277 15.864634 13.498358 "" "" 2240.3269 2606.42139 27196.07367 13.077 6159.7 13.491 31609.0 22.711 "" "" 0.002804343652176809 0.0036660407 0.003859052 0.007525093 264.44986643924 -34.9332368073 2419.21948 -2.052 -5.004999999999999
264.23691683338 -34.92479726193 0.0287 0.022 9.7939 "" "" 4053322613426785280 1959.24536 0.4605 0.0318 -2.077 -1.288 0.041 0.027 1.048 4843.1 2.6624 14.602296 2.564344 16.005941 13.441598 -49.98 5.11 1865.84143 2129.35596 27166.1785 14.227 5408.0 13.676 33306.0 32.629 "" "" 0.0028133785204638865 0.003914549 0.0039262087 0.007840758 264.23691683338 -34.92479726193 1959.24536 -2.0770000000000004 -1.2880000000000003
264.08654538835 -35.03923926019 0.0269 0.0203 15.7073 "" "" 4053317425105743616 2368.50073 0.3775 0.0303 -1.823 -1.598 0.037 0.025 0.991 "" "" 14.602812 2.708996 16.122707 13.413712 2.55 3.36 2221.91992 2566.01343 27153.25431 16.573 4856.6 14.434 34172.0 38.399 "" "" 0.0028338901839345763 0.004265865 0.003971426 0.008237291 264.08654538835 -35.03923926019 2368.50073 -1.823 -1.598
264.45316124362 -35.04002488102 0.0298 0.026 2.888 "" "" 4053273375919827968 2400.67139 0.3642 0.0333 -0.199 -1.055 0.045 0.033 0.826 4931.6 3.1377 14.603465 2.342811 15.850105 13.507295 -68.24 5.86 2242.31763 2583.6145 27136.92449 14.02 6242.7 14.751 31350.0 39.739 "" "" 0.002811838589530729 0.0037903662 0.0040221694 0.007812535 264.45316124362 -35.04002488102 2400.67139 -0.199 -1.055
264.19782977955 -35.17235088529 0.0298 0.024 13.9494 "" "" 4053265915474058752 2033.90918 0.4449 0.0328 -1.851 -5.112 0.042 0.031 1.325 6054.2 2.8568 14.610376 2.722747 16.133617 13.410871 -8.79 4.28 1900.8927 2185.78491 26964.73702 12.409 4808.1 17.603 34262.0 43.629 "" "" 0.0028002568450311884 0.004856511 0.004024329 0.008880841 264.19782977955 -35.17235088529 2033.90918 -1.8510000000000004 -5.112
264.59538417901 -34.94580181642 0.0258 0.0206 10.2062 "" "" 4053296156438112512 1952.59619 0.4634 0.0274 2.766 -1.988 0.032 0.024 1.062 4727.3 2.7022 14.612357 2.471548 15.954218 13.48267 96.91 3.19 1841.4447 2081.27563 26915.585 10.819 5671.9 14.32 32069.0 26.781 "" "" 0.002789669233447806 0.0039114137 0.0038866233 0.007798037 264.59538417901 -34.94580181642 1952.59619 2.766 -1.988
264.2450464508 -34.93141082175 0.0337 0.0256 9.2437 "" "" 4053322579036249856 2372.48926 0.3918 0.0341 -0.036 -1.934 0.059 0.033 0.948 "" "" 14.622337 1.71503 15.416147 13.701118 -93.44 7.77 2175.77417 2605.18945 26669.31402 10.422 9310.2 25.577 26225.0 91.225 "" "" 0.0027877969819201276 0.0040843314 0.0053430195 0.009427351 264.2450464508 -34.93141082175 2372.48926 -0.035999999999999976 -1.9339999999999997
264.49267979893 -34.72909522932 0.0264 0.0194 17.5712 "" "" 4053349237847120128 2191.15137 0.4144 0.0291 5.377 -3.765 0.036 0.023 0.991 "" "" 14.629125 2.585399 16.05026 13.464862 32.46 3.13 2051.34985 2327.85327 26503.10233 13.264 5191.7 12.219 32600.0 45.841 "" "" 0.002808389059878078 0.0037834984 0.004076103 0.007859602 264.49267979893 -34.72909522932 2191.15137 5.377 -3.765
264.16401126154 -34.80415231928 0.1286 0.1013 17.234 "" "" 4053339174822011776 2377.30688 0.5384 0.1511 -1.339 -3.348 0.176 0.127 0.901 3270.8 -0.2021 14.63894 6.702902 19.643713 12.940811 "" "" 1672.35388 3922.79028 26264.60324 242.43 189.64 9.1931 52824.0 1441.4 "" "" 0.010393532315224267 0.052706692 0.029866401 0.08257309 264.16401126154 -34.80415231928 2377.30688 -1.339 -3.348
264.5200475078 -34.79980004037 0.0239 0.0187 13.9907 "" "" 4053348005275638784 2075.72754 0.4423 0.0266 -1.428 -5.794 0.031 0.022 0.914 "" "" 14.645117 1.61794 15.343004 13.725064 25.02 8.42 1972.06396 2193.06348 26115.59947 14.181 9959.0 16.985 25653.0 382.28 "" "" 0.0028176897296342826 0.0033487156 0.016615147 0.019963862 264.5200475078 -34.79980004037 2075.72754 -1.428 -5.794
264.14631834206 -35.19195632334 0.0253 0.0208 16.6186 "" "" 4053265473179718016 2220.8335 0.4047 0.0265 2.146 -0.156 0.036 0.027 1.031 4752.4 2.0099 14.64512 2.567498 16.053062 13.485564 -17.27 3.45 2103.20898 2357.47705 26115.54179 12.151 5178.4 9.1761 31984.0 39.803 "" "" 0.002801247192510634 0.003389176 0.0040136473 0.0074028233 264.14631834206 -35.19195632334 2220.8335 2.146 -0.15600000000000006
264.30297130899 -34.95203566471 0.0269 0.0205 6.1886 "" "" 4053321926231787648 1903.01917 0.4943 0.0306 0.451 -1.397 0.034 0.024 0.961 "" "" 14.655173 1.681698 15.441806 13.760108 123.83 6.59 1794.85864 2009.05859 25874.83609 8.2301 9092.7 21.757 24838.0 46.978 "" "" 0.0027768780688103207 0.0038123985 0.004301248 0.008113647 264.30297130899 -34.95203566471 1903.01917 0.451 -1.397
264.48233083193 -35.1891004472 0.0256 0.022 11.2397 "" "" 4053268393757874176 2432.56396 0.3705 0.0318 -1.121 -1.104 0.039 0.027 0.975 9000.9 3.5824 14.657642 1.578818 15.385927 13.807109 -80.33 8.85 2283.27222 2591.49707 25816.05706 7.3314 9573.0 19.974 23786.0 24.327 "" "" 0.00277251856862836 0.003594023 0.003939135 0.007533158 264.48233083193 -35.1891004472 2432.56396 -1.1210000000000002 -1.104
264.09111596748 -34.9621888373 0.0286 0.0223 15.7077 "" "" 4053324468852586624 2503.39258 0.3653 0.0353 -0.006 -1.384 0.042 0.027 1.02 "" "" 14.659158 1.635027 15.41432 13.779293 "" "" 2286.13794 2761.86963 25780.04037 11.016 9325.9 36.295 24403.0 27.894 "" "" 0.0027941067465170975 0.005063603 0.003977933 0.009041537 264.09111596748 -34.9621888373 2503.39258 -0.0059999999999999915 -1.384
264.2265911 -34.86225244657 0.0278 0.0209 12.5843 "" "" 4053326289918608768 2232.1604 0.4064 0.0342 1.456 0.33 0.041 0.026 0.981 7870.7 3.3384 14.668076 1.877455 15.589567 13.712112 -102.79 5.19 2045.48608 2417.60742 25569.13301 10.815 7935.8 15.097 25961.0 22.651 "" "" 0.0027933288425003914 0.003471501 0.003896295 0.0073677963 264.2265911 -34.86225244657 2232.1604 1.4559999999999997 0.33000000000000007
264.36050326277 -34.97170200499 0.0259 0.0204 3.2876 "" "" 4053274780286848896 1901.06396 0.484 0.0306 -1.755 -2.914 0.035 0.025 0.957 4668.2 2.5299 14.670255 2.49319 16.031431 13.538241 28.17 14.65 1800.58972 1978.44653 25517.89122 10.154 5282.6 15.365 30469.0 22.623 "" "" 0.0027889857896270897 0.0042140093 0.0038644024 0.008078411 264.36050326277 -34.97170200499 1901.06396 -1.755 -2.9140000000000006
264.45070123267 -35.18665049566 0.0275 0.0254 10.6681 "" "" 4053268565556586496 2567.37085 0.3511 0.0378 -1.836 -2.13 0.038 0.029 1.111 4599.8 2.4525 14.680546 2.423377 15.976752 13.553375 29.9 6.1 2370.92798 2860.90454 25277.17554 13.484 5555.4 13.789 30047.0 40.505 "" "" 0.0028155355309155018 0.0038791113 0.0040528933 0.0079320045 264.45070123267 -35.18665049566 2567.37085 -1.8359999999999999 -2.13
264.50875822561 -35.27252039905 0.026 0.0223 16.3942 "" "" 4053255401400510720 1838.39429 0.5062 0.032 -1.809 -4.55 0.037 0.027 1.002 "" "" 14.685456 1.300071 15.249082 13.949011 "" "" 1754.38159 1953.28149 25163.10738 11.164 10859.0 18.211 20872.0 35.087 "" "" 0.002797110597593316 0.003331734 0.004197025 0.0075287595 264.50875822561 -35.27252039905 1838.39429 -1.809 -4.550000000000001
264.49125838152 -35.1515913461 0.0419 0.0356 9.3463 "" "" 4053269080952679296 1948.07996 0.4961 0.0545 -0.021 -2.108 0.064 0.045 1.615 8838.6 3.5955 14.690905 1.39771 15.303641 13.905931 "" "" 1737.19983 2189.62476 25037.15001 7.9525 10327.0 16.438 21716.0 29.609 "" "" 0.0027768179556627052 0.003282041 0.0040589655 0.007341007 264.49125838152 -35.1515913461 1948.07996 -0.02100000000000002 -2.1080000000000005
264.56422303105 -34.94290723114 0.0251 0.0196 8.9 "" "" 4053296117691251584 1886.42737 0.4844 0.0265 2.234 1.454 0.035 0.025 1.009 5028.8 2.741 14.693461 2.467432 16.03144 13.564009 45.78 6.04 1774.61414 1986.78894 24978.25695 7.6157 5282.5 22.053 29755.0 22.727 "" "" 0.0027751346996320275 0.005322593 0.0038692956 0.009191888 264.56422303105 -34.94290723114 1886.42737 2.2339999999999995 1.4539999999999997
264.45470233692 -35.06353774797 0.0265 0.0221 3.9101 "" "" 4053270386622583168 2570.93262 0.3578 0.0314 0.616 -0.839 0.039 0.029 0.931 4907.1 2.4841 14.697041 2.486721 16.052063 13.565342 -56.29 7.76 2384.22095 2764.46606 24896.02173 11.264 5183.1 18.181 29718.0 25.363 "" "" 0.002798767342606479 0.0047211885 0.0038913193 0.008612508 264.45470233692 -35.06353774797 2570.93262 0.6159999999999999 -0.839
264.66767874226 -35.14593825451 0.0273 0.0211 15.1846 "" "" 4053280076077305088 2123.61133 0.4276 0.0349 -0.809 -2.021 0.037 0.027 1.188 "" "" 14.706704 2.454865 16.020164 13.565299 "" "" 1981.15259 2268.73853 24675.45022 12.233 5337.7 21.206 29719.0 76.364 "" "" 0.0028074033052155026 0.0051372414 0.0046975436 0.009834785 264.66767874226 -35.14593825451 2123.61133 -0.8089999999999999 -2.021
264.33073768389 -34.89019586783 0.0276 0.0214 8.2095 "" "" 4053346317262277888 2291.44702 0.3932 0.0337 -0.358 -2.259 0.039 0.027 0.983 7099.1 2.8392 14.715112 1.813729 15.520479 13.70675 -16.2 5.82 2120.13257 2524.00659 24485.10766 18.316 8457.2 77.431 26089.0 189.6 "" "" 0.002872529831336636 0.010324755 0.008748937 0.019073691 264.33073768389 -34.89019586783 2291.44702 -0.3580000000000001 -2.259
264.65419441203 -35.15612001724 0.0271 0.0211 14.9671 "" "" 4053279698120182912 2557.2605 0.3509 0.035 -0.307 -5.409 0.035 0.027 0.895 4673.1 2.009 14.722439 2.662465 16.201025 13.53856 35.14 3.13 2337.83813 2801.47803 24320.43193 9.6945 4518.6 15.33 30460.0 36.908 "" "" 0.0027891033745049277 0.004620967 0.004001807 0.008622774 264.65419441203 -35.15612001724 2557.2605 -0.307 -5.409
264.23514953338 -35.11161272689 0.0294 0.0253 10.215 "" "" 4053272031507554432 2339.57886 0.3997 0.0323 0.135 -1.226 0.043 0.032 1.015 8602.3 3.0152 14.726166 1.935432 15.668848 13.733416 "" "" 2169.68921 2501.21997 24237.08183 9.7432 7377.0 16.295 25456.0 54.656 "" "" 0.0027896752033695067 0.0036792348 0.004440499 0.008119734 264.23514953338 -35.11161272689 2339.57886 0.135 -1.2260000000000002
264.53048071605 -34.92742628654 0.0298 0.0223 8.0373 "" "" 4053299317534199168 2189.0271 0.4156 0.0279 -2.077 -3.172 0.045 0.029 0.959 7495.5 3.0127 14.734792 1.751762 15.576674 13.824911 66.58 7.88 2074.35547 2328.28613 24045.28388 14.839 8030.6 26.011 23399.0 27.556 "" "" 0.002835619767429583 0.004489111 0.0039898134 0.008478925 264.53048071605 -34.92742628654 2189.0271 -2.0769999999999995 -3.1720000000000006
264.55326111125 -35.07702020738 0.026 0.0214 8.2538 "" "" 4053292857903043968 2341.79736 0.3781 0.0314 -1.344 -5.727 0.034 0.025 1.057 4930.2 2.5787 14.743609 2.476428 16.078693 13.602265 0.33 3.55 2190.67651 2508.97607 23850.80694 10.597 5057.5 18.023 28724.0 32.195 "" "" 0.002797230026165851 0.0047702584 0.0039704735 0.008740732 264.55326111125 -35.07702020738 2341.79736 -1.344 -5.727000000000001
264.24145529249 -35.19162767801 0.0294 0.0223 13.3845 "" "" 4053264923423851904 2379.14453 0.3825 0.0295 0.335 -1.298 0.04 0.028 0.989 7253.7 2.8798 14.745005 1.809199 15.610698 13.801498 "" "" 2225.56665 2563.9751 23820.17717 7.9451 7782.8 11.474 23909.0 21.464 "" "" 0.00277901710769183 0.003216708 0.0039030474 0.0071197553 264.24145529249 -35.19162767801 2379.14453 0.33499999999999996 -1.298
264.59473564394 -35.2326166057 0.0301 0.0237 16.1511 "" "" 4053255710638230912 2352.21191 0.3814 0.038 1.065 -2.307 0.046 0.031 0.981 7452.1 3.9198 14.751815 1.522874 15.393108 13.870235 "" "" 2168.26318 2532.41064 23671.23492 8.3084 9509.8 27.944 22442.0 28.664 "" "" 0.002781548931077706 0.0042383405 0.004025769 0.0082641095 264.59473564394 -35.2326166057 2352.21191 1.0650000000000002 -2.307
264.50082067645 -34.90329378384 0.0396 0.0307 8.1011 "" "" 4053298664638093312 2248.46997 0.4011 0.0459 1.923 -0.911 0.055 0.037 0.847 "" "" 14.75744 1.916373 15.040627 13.124253 52.14 8.21 2059.25391 2483.61719 23548.92129 55.577 13157.0 365.22 44613.0 503.32 "" "" 0.0037626755036602065 0.030267403 0.012818976 0.04308638 264.50082067645 -34.90329378384 2248.46997 1.9229999999999998 -0.911
264.39273092926 -35.01941666274 0.0298 0.0248 0.7027 "" "" 4053274337992532736 2146.09448 0.4458 0.0372 -0.315 -1.814 0.042 0.03 0.836 "" "" 14.764235 1.416117 15.388536 13.97242 "" "" 1956.54456 2352.2832 23401.96973 10.131 9550.0 13.056 20426.0 35.919 "" "" 0.0027951236461778006 0.0031604257 0.0042342655 0.007394691 264.39273092926 -35.01941666274 2146.09448 -0.31499999999999995 -1.814
264.71681202621 -35.12130231359 0.0264 0.0211 16.6546 "" "" 4053281514805265408 2017.26086 0.4535 0.0313 -1.955 -0.892 0.035 0.026 1.128 4849.7 2.8308 14.765075 2.299777 15.950351 13.650574 21.67 3.95 1896.49414 2142.34521 23383.89041 10.113 5692.2 22.185 27474.0 48.67 "" "" 0.0027950442579640846 0.005068668 0.004240648 0.009309316 264.71681202621 -35.12130231359 2017.26086 -1.9550000000000003 -0.8919999999999999
264.13931215234 -35.0193929745 0.0293 0.0249 13.0423 "" "" 4053320414403419136 1886.48169 0.5041 0.036 1.025 -0.383 0.043 0.029 0.929 "" "" 14.76657 1.797115 15.632074 13.834959 245.93 5.21 1775.93494 1993.94312 23351.70612 11.26 7631.1 14.229 23183.0 20.877 "" "" 0.0028046169504804233 0.0034472498 0.0039038057 0.0073510557 264.13931215234 -35.0193929745 1886.48169 1.0250000000000001 -0.383
264.31400486728 -34.82100380235 0.0326 0.0253 12.3462 "" "" 4053349787595984000 2074.26514 0.4446 0.0353 1.379 0.321 0.045 0.03 0.943 "" "" 14.772887 1.933677 15.727653 13.793976 "" "" 1898.6366 2208.95923 23216.23681 8.6846 6988.0 13.01 24075.0 24.859 "" "" 0.0027850931863001947 0.0034454374 0.003942154 0.0073875915 264.31400486728 -34.82100380235 2074.26514 1.379 0.32099999999999995
264.70516263009 -35.14757955153 0.0491 0.0377 16.8252 "" "" 4053279934253944960 2194.11523 0.4129 0.0591 -1.124 -4.897 0.065 0.046 2.036 4365.7 1.3837 14.777437 2.78544 16.299215 13.513775 -29.68 3.72 1930.04297 2534.03613 23119.15577 21.14 4127.9 28.552 31164.0 85.523 "" "" 0.0029287234290095794 0.00801143 0.004812648 0.012824077 264.70516263009 -35.14757955153 2194.11523 -1.124 -4.897
264.5503992131 -35.25716219634 0.027 0.0234 16.3087 "" "" 4053255470120019200 2083.146 0.4428 0.0337 -4.701 -11.032 0.04 0.028 0.979 4973.6 3.2537 14.781522 2.324732 16.016258 13.691526 "" "" 1943.39734 2243.35791 23032.33136 11.166 5356.9 25.299 26457.0 24.612 "" "" 0.002805146292981737 0.0058375793 0.0039120163 0.009749595 264.5503992131 -35.25716219634 2083.146 -4.7010000000000005 -11.032000000000002
