Clusters/NGC_6396/NGC_6396_stars_in_region.tsv
# %ECSV 1.0
# ---
# datatype:
# - name: RA_ICRS_1
#   unit: deg
#   datatype: float64
#   format: '{:15.11f}'
#   description: Right ascension (ICRS) at Ep=2016.0 (ra)
#   meta: !!omap
#   - {ucd: POS_EQ_RA_MAIN}
#   - {width: 15}
#   - {precision: '11'}
# - name: DE_ICRS_1
#   unit: deg
#   datatype: float64
#   format: '{:15.11f}'
#   description: Declination (ICRS) at Ep=2016.0 (dec)
#   meta: !!omap
#   - {ucd: POS_EQ_DEC_MAIN}
#   - {width: 15}
#   - {precision: '11'}
# - name: e_RA_ICRS
#   unit: mas
#   datatype: float64
#   format: '{:7.4f}'
#   description: Standard error of right ascension (ra_error)
#   meta: !!omap
#   - {ucd: ERROR}
#   - {width: 7}
#   - {precision: '4'}
# - name: e_DE_ICRS
#   unit: mas
#   datatype: float64
#   format: '{:7.4f}'
#   description: Standard error of declination (dec_error)
#   meta: !!omap
#   - {ucd: ERROR}
#   - {width: 7}
#   - {precision: '4'}
# - name: _r_1
#   unit: ''
#   datatype: float64
#   format: '{:7.4f}'
#   description: Distance from center (264.40460850000-35.01289475000)[ICRS], at Epoch=J2016.0
#   meta: !!omap
#   - {ucd: POS_ANG_DIST_GENERAL}
#   - {width: 7}
#   - {precision: '4'}
# - name: HIP
#   datatype: int32
#   description: '? HIP cross-id number, van Leeuwen, Cat. I/311 (hip_original_ext_source_id)'
#   meta: !!omap
#   - {ucd: ID_NUMBER}
#   - {width: 6}
#   - values: {'null': -2147483648}
# - name: TYC2
#   datatype: string
#   description: Tycho-2 cross-id name, Hog et al., Cat. I/259 (tyc2_original_ext_source_id)
#   meta: !!omap
#   - {ucd: ID_CROSSID}
#   - {_votable_string_dtype: char}
# - name: Source
#   datatype: int64
#   description: Source identifier, identical to the Gaia-EDR3 source_id (id)
#   meta: !!omap
#   - {ucd: ID_MAIN}
#   - {width: 19}
# - name: rgeo
#   unit: pc
#   datatype: float64
#   format: '{:15.8f}'
#   description: '? Median of the geometric distance posterior (r_med_geo)'
#   meta: !!omap
#   - {ucd: PHYS_DISTANCE_TRUE}
#   - {width: 15}
#   - {precision: '8'}
#   - values: {'null': .nan}
# - name: Plx
#   unit: mas
#   datatype: float64
#   format: '{:9.4f}'
#   description: '? Parallax (parallax)'
#   meta: !!omap
#   - {ucd: POS_PARLX_TRIG}
#   - {width: 9}
#   - {precision: '4'}
#   - values: {'null': .nan}
# - name: e_Plx
#   unit: mas
#   datatype: float32
#   format: '{:7.4f}'
#   description: '? Standard error of parallax (parallax_error)'
#   meta: !!omap
#   - {ucd: ERROR}
#   - {width: 7}
#   - {precision: '4'}
#   - values: {'null': .nan}
# - name: pmRA
#   unit: mas / yr
#   datatype: float64
#   format: '{:9.3f}'
#   description: '? Proper motion in right ascension direction, pmRA*cosDE (pmra)'
#   meta: !!omap
#   - {ucd: POS_EQ_PMRA}
#   - {width: 9}
#   - {precision: '3'}
#   - values: {'null': .nan}
# - name: pmDE
#   unit: mas / yr
#   datatype: float64
#   format: '{:9.3f}'
#   description: '? Proper motion in declination direction (pmdec)'
#   meta: !!omap
#   - {ucd: POS_EQ_PMDEC}
#   - {width: 9}
#   - {precision: '3'}
#   - values: {'null': .nan}
# - name: e_pmRA
#   unit: mas / yr
#   datatype: float32
#   format: '{:6.3f}'
#   description: '? Standard error of proper motion in right ascension direction (pmra_error)'
#   meta: !!omap
#   - {ucd: ERROR}
#   - {width: 6}
#   - {precision: '3'}
#   - values: {'null': .nan}
# - name: e_pmDE
[...]
#         unit: &id001 !astropy.units.Unit {unit: deg}
#         value: !astropy.table.SerializedColumn {name: SkyCoord.dec}
#       distance: !astropy.table.SerializedColumn
#         __class__: astropy.coordinates.distances.Distance
#         unit: !astropy.units.Unit {unit: pc}
#         value: !astropy.table.SerializedColumn {name: SkyCoord.distance}
#       frame: icrs
#       obstime: !astropy.time.Time {format: jyear_str, in_subfmt: '*', jd1: 367701545.0, jd2: 0.0, out_subfmt: '*', precision: 3, scale: tt}
#       pm_dec: !astropy.table.SerializedColumn
#         __class__: astropy.units.quantity.Quantity
#         unit: !astropy.units.Unit {unit: mas / yr}
#         value: !astropy.table.SerializedColumn {name: SkyCoord.pm_dec}
#       pm_ra_cosdec: !astropy.table.SerializedColumn
#         __class__: astropy.units.quantity.Quantity
#         unit: !astropy.units.Unit {unit: mas / yr}
#         value: !astropy.table.SerializedColumn {name: SkyCoord.pm_ra_cosdec}
#       ra: !astropy.table.SerializedColumn
#         __class__: astropy.coordinates.angles.Longitude
#         unit: *id001
#         value: !astropy.table.SerializedColumn {name: SkyCoord.ra}
#         wrap_angle: !astropy.coordinates.Angle
#           unit: *id001
#           value: 360.0
#       representation_type: spherical
# schema: astropy-2.0
RA_ICRS_1 DE_ICRS_1 e_RA_ICRS e_DE_ICRS _r_1 HIP TYC2 Source rgeo Plx e_Plx pmRA pmDE e_pmRA e_pmDE RUWE Teff logg Gmag BP-RP BPmag RPmag RV e_RV b_rgeo B_rgeo FG e_FG FBP e_FBP FRP e_FRP RAVE5 RAVE6 e_Gmag e_BPmag e_RPmag e_BP-RP SkyCoord.ra SkyCoord.dec SkyCoord.distance SkyCoord.pm_ra_cosdec SkyCoord.pm_dec
[from data line 1467]
264.41024863017 -35.05533402718 0.0913 0.0735 2.5614 "" "" 4053273302824650752 2234.396 0.5056 0.118 0.072 -6.21 0.151 0.089 1.057 "" "" 16.908363 2.019358 17.880926 15.861568 "" "" 1756.03125 2918.95483 3247.89184 3.0555 961.71 10.242 3585.3 19.934 "" "" 0.002938552628227305 0.011894729 0.007122107 0.019016836 264.41024863017 -35.05533402718 2234.396 0.07200000000000001 -6.209999999999999
264.33387337628 -35.03679409246 0.0768 0.0606 3.7597 "" "" 4053274166119139584 2100.91553 0.4884 0.0905 -3.714 -6.491 0.112 0.079 1.08 "" "" 16.90924 2.413065 17.829462 15.416397 "" "" 1743.54016 2489.43042 3245.2648 5.1705 1008.4 19.872 5402.6 223.78 "" "" 0.0032533284850207716 0.021577181 0.04513058 0.06670776 264.33387337628 -35.03679409246 2100.91553 -3.7140000000000004 -6.491000000000001
264.16714950832 -34.96452257857 0.0829 0.0719 12.0279 "" "" 4053323919096988416 1859.53369 0.5766 0.0985 -0.595 -4.481 0.13 0.093 0.882 "" "" 16.911043 2.243496 18.056887 15.813391 "" "" 1517.39783 2526.59229 3239.88578 3.6227 817.83 9.8021 3748.0 9.8327 "" "" 0.0030109204057102426 0.013308851 0.0047325445 0.018041395 264.16714950832 -34.96452257857 1859.53369 -0.595 -4.481
264.38348831752 -34.71739973108 0.075 0.0557 17.7602 "" "" 4053352231523763840 2502.51758 0.4035 0.0841 -2.535 1.184 0.1 0.069 0.995 9071.9 4.2264 16.91318 2.00947 17.917559 15.908089 "" "" 2054.38306 3050.76147 3233.51558 2.8125 929.81 7.9328 3435.0 12.998 "" "" 0.002912665936067669 0.009674201 0.005582364 0.015256565 264.38348831752 -34.71739973108 2502.51758 -2.5350000000000006 1.184
264.15145129472 -34.80727735093 0.0733 0.0565 17.5316 "" "" 4053339174780417280 1760.26746 0.5864 0.0863 -1.036 2.973 0.098 0.071 0.935 5532.8 4.5794 16.913998 1.963939 17.892595 15.928657 "" "" 1525.37732 2115.85571 3231.07808 2.7482 951.43 7.3774 3370.5 21.538 "" "" 0.002905958629332088 0.008869128 0.007900621 0.016769748 264.15145129472 -34.80727735093 1760.26746 -1.036 2.973
264.53649644701 -35.07571905158 0.2038 0.1579 7.4955 "" "" 4053292823480097280 2006.57776 0.5779 0.1533 -1.413 -3.831 0.287 0.192 1.097 "" "" 16.915007 "" "" "" "" "" 1514.34546 2879.33789 3228.08093 4.4277 "" "" "" "" "" "" 0.0031320213165217554 "" "" "" 264.53649644701 -35.07571905158 2006.57776 -1.4130000000000003 -3.8309999999999986
264.18676972976 -34.85810082409 0.0777 0.0597 14.18 "" "" 4053326702235479424 2524.35522 0.4149 0.0902 -0.425 -3.51 0.109 0.075 0.973 "" "" 16.916035 1.978714 17.909037 15.930323 "" "" 2032.87439 3272.91772 3225.02306 3.0178 937.13 10.565 3365.3 17.725 "" "" 0.002936662971755447 0.012554334 0.0068546096 0.019408943 264.18676972976 -34.85810082409 2524.35522 -0.42499999999999993 -3.51
264.5643550108 -35.14382060326 0.0919 0.0847 11.1012 "" "" 4053280690168197760 2167.17188 0.4718 0.137 -2.075 -2.714 0.134 0.092 1.021 "" "" 16.916101 2.512759 18.048018 15.535258 "" "" 1659.99731 2984.8479 3224.82754 5.8042 824.54 29.233 4842.3 28.771 "" "" 0.0033779478556143602 0.03859436 0.0074765785 0.04607094 264.5643550108 -35.14382060326 2167.17188 -2.0750000000000006 -2.714
264.24210982408 -34.80062929094 0.0809 0.0611 15.0378 "" "" 4053350715308954496 1717.59106 0.6322 0.0958 2.487 -1.073 0.121 0.082 1.038 5330.1 4.6101 16.916533 1.984181 17.864761 15.88058 "" "" 1423.65625 2045.16809 3223.54399 3.3609 976.14 17.21 3523.1 21.499 "" "" 0.0029787937954286357 0.01934453 0.007627631 0.02697216 264.24210982408 -34.80062929094 1717.59106 2.487 -1.073
264.64128877602 -35.214635782 0.0748 0.0609 16.7767 "" "" 4053279251443466112 2026.84302 0.5155 0.0899 0.823 -2.889 0.1 0.072 1.017 4913.2 4.3316 16.916945 1.795483 17.798115 16.002632 "" "" 1670.62976 2437.07935 3222.32199 3.1593 1037.9 14.665 3148.5 14.457 "" "" 0.002953803077144279 0.01559257 0.006256021 0.021848591 264.64128877602 -35.214635782 2026.84302 0.8229999999999998 -2.8889999999999993
264.59066574129 -34.81164429032 0.0674 0.0506 15.1528 "" "" 4053306739238804352 2057.43921 0.4802 0.0742 -1.209 -2.147 0.093 0.063 0.958 4883.6 4.2505 16.918058 1.989351 17.923965 15.934614 "" "" 1781.73914 2366.38306 3219.01704 2.5079 924.34 19.701 3352.1 13.771 "" "" 0.002882240553774161 0.023308534 0.005846264 0.029154798 264.59066574129 -34.81164429032 2057.43921 -1.209 -2.147
264.09823162489 -34.9724180986 0.0798 0.0637 15.2541 "" "" 4053323712938336512 2561.0105 0.4396 0.1035 -0.173 -1.037 0.125 0.086 0.968 "" "" 16.918589 1.840157 17.83086 15.990703 "" "" 2000.9635 3329.85962 3217.4455 3.2555 1007.1 11.12 3183.3 32.52 "" "" 0.0029662539523970218 0.012308682 0.011717894 0.024026576 264.09823162489 -34.9724180986 2561.0105 -0.173 -1.0369999999999997
264.41561286695 -35.07899394445 0.0769 0.0616 4.0026 "" "" 4053273204121372928 2489.24829 0.4249 0.0901 -0.407 -1.673 0.126 0.078 0.97 "" "" 16.91935 1.893703 17.820402 15.9267 "" "" 2008.00208 3306.36377 3215.19149 16.323 1016.8 14.47 3376.6 48.211 "" "" 0.006162392764952539 0.01570093 0.015956163 0.031657092 264.41561286695 -35.07899394445 2489.24829 -0.407 -1.673
264.54092526159 -35.09058524086 0.076 0.0584 8.1584 "" "" 4053292754760383232 2256.92627 0.4596 0.093 0.059 -1.313 0.099 0.071 1.066 6281.1 4.418 16.919397 2.254811 17.722742 15.467931 "" "" 1869.94946 2715.57837 3215.05204 4.6343 1112.6 17.743 5152.1 156.28 "" "" 0.00316876683732674 0.017537965 0.033150066 0.05068803 264.54092526159 -35.09058524086 2256.92627 0.05899999999999998 -1.313
264.26405776229 -35.05985843623 0.0774 0.0658 7.4577 "" "" 4053319516666045312 2545.99951 0.4076 0.0856 -4.039 0.494 0.118 0.086 0.955 "" "" 16.923193 2.153499 18.027637 15.874139 "" "" 2097.65283 3436.39038 3203.82972 3.0038 840.16 9.4333 3544.1 13.779 "" "" 0.0029373472531503 0.012505854 0.005665886 0.018171739 264.26405776229 -35.05985843623 2545.99951 -4.039 0.494
264.23468419825 -35.16346322352 0.0941 0.0782 12.2969 "" "" 4053271619190638080 2086.52881 0.5178 0.1111 -0.581 -2.494 0.141 0.099 1.334 4817.4 4.2437 16.924175 2.348398 18.119322 15.770924 "" "" 1612.3562 3188.81958 3200.93274 6.7473 772.13 7.6482 3897.5 17.628 "" "" 0.003581852784892468 0.011110619 0.006196649 0.017307267 264.23468419825 -35.16346322352 2086.52881 -0.5809999999999998 -2.4939999999999998
264.15320321497 -35.0507224647 0.0965 0.0772 12.5583 "" "" 4053320036410668032 2009.17358 0.4993 0.1112 -0.693 -2.889 0.131 0.093 1.148 5099.1 3.7327 16.924505 2.639062 18.281864 15.642802 "" "" 1648.80762 2623.0686 3199.96047 4.545 664.77 9.3629 4385.7 25.972 "" "" 0.0031575106126459297 0.015544427 0.007458202 0.023002628 264.15320321497 -35.0507224647 2009.17358 -0.693 -2.889
264.54162877504 -34.84712214098 0.0682 0.053 12.015 "" "" 4053300756256143744 1743.85193 0.5639 0.0797 -1.441 -1.637 0.1 0.065 0.948 4702.6 4.2657 16.924742 1.993764 17.904842 15.911078 "" "" 1574.88135 1998.51379 3199.26563 2.7246 940.76 9.2569 3425.5 26.1 "" "" 0.002906331822927752 0.011041778 0.009095013 0.020136792 264.54162877504 -34.84712214098 1743.85193 -1.441 -1.637
264.62539212907 -35.03695134956 0.0703 0.0575 10.9436 "" "" 4053293167140655744 1985.13367 0.5205 0.0834 0.806 -1.474 0.091 0.068 1.109 5019.1 4.4138 16.927021 1.840599 17.778069 15.93747 "" "" 1716.15796 2479.93652 3192.5531 2.6938 1057.3 9.7398 3343.3 10.452 "" "" 0.0029036291068274688 0.010383646 0.0050798524 0.015463498 264.62539212907 -35.03695134956 1985.13367 0.806 -1.4739999999999998
264.3008547185 -34.84655381126 0.0858 0.0657 11.2097 "" "" 4053349650156983552 2222.03784 0.4638 0.0975 4.33 5.538 0.12 0.078 1.116 4747.0 4.306 16.927279 1.864441 17.833014 15.968573 "" "" 1869.80554 2893.74585 3191.79764 2.8243 1005.1 7.6441 3248.8 21.629 "" "" 0.002918010426378493 0.008716025 0.008156742 0.016872767 264.3008547185 -34.84655381126 2222.03784 4.330000000000001 5.538
264.13104195081 -34.88857319323 0.0867 0.0728 15.3832 "" "" 4053325117303707264 2330.45996 0.4378 0.0984 -1.84 -0.943 0.133 0.095 1.01 "" "" 16.928715 2.268101 18.129793 15.861692 "" "" 1936.33276 2882.13965 3187.57571 3.0605 764.71 8.7594 3584.9 11.833 "" "" 0.002945928712428601 0.012745754 0.005208383 0.017954137 264.13104195081 -34.88857319323 2330.45996 -1.84 -0.943
264.26231366758 -34.74397665743 0.0695 0.0558 17.5897 "" "" 4053351544329133312 2502.9397 0.3985 0.081 1.468 0.468 0.092 0.067 0.924 "" "" 16.929792 1.944608 17.81645 15.871842 "" "" 2096.70483 3159.02002 3184.41841 3.8395 1020.6 7.5909 3551.6 30.9 "" "" 0.0030504919046916296 0.008543801 0.010174236 0.018718038 264.26231366758 -34.74397665743 2502.9397 1.4679999999999997 0.4680000000000001
264.51406714064 -34.98033814263 0.0754 0.0589 5.7237 "" "" 4053297423361196928 2010.19141 0.5104 0.0887 2.738 -3.302 0.113 0.072 1.07 "" "" 16.929996 1.822322 17.766518 15.944196 "" "" 1704.74268 2389.71899 3183.81796 3.1835 1068.6 10.779 3322.6 16.331 "" "" 0.0029614822370628967 0.011301688 0.006539288 0.017840976 264.51406714064 -34.98033814263 2010.19141 2.738 -3.3020000000000005
264.26295578647 -35.02600196167 0.0835 0.0744 7.0047 "" "" 4053319619745316224 1748.88208 0.6144 0.0915 0.471 -3.471 0.12 0.093 0.96 "" "" 16.931778 2.11719 18.013132 15.895942 "" "" 1502.82495 2169.9873 3178.59732 2.9039 851.46 9.7481 3473.6 10.234 "" "" 0.00292842390841336 0.012739556 0.004951382 0.017690938 264.26295578647 -35.02600196167 1748.88208 0.471 -3.471
264.21526876406 -35.23395528977 0.1186 0.0933 16.1945 "" "" 4053264682905652864 1820.54529 0.5871 0.1233 -5.133 -7.877 0.173 0.12 1.613 4704.9 4.1693 16.933235 2.666407 18.290827 15.62442 "" "" 1486.33618 2343.125 3174.33465 4.7786 659.3 6.7001 4460.6 11.482 "" "" 0.003203626749962305 0.0113810515 0.0047004847 0.016081536 264.21526876406 -35.23395528977 1820.54529 -5.133000000000001 -7.877000000000001
264.61357171033 -35.14088045204 0.077 0.0612 12.816 "" "" 4053280488394284160 2200.87646 0.468 0.098 -1.954 0.271 0.115 0.077 1.004 4803.2 3.5045 16.934286 2.986575 18.569613 15.583037 "" "" 1891.65039 2793.65869 3171.26541 4.4207 510.0 8.7053 4633.9 24.953 "" "" 0.0031436404641679984 0.018741524 0.006961752 0.025703276 264.61357171033 -35.14088045204 2200.87646 -1.9540000000000002 0.271
264.5657284177 -34.7897839576 0.075 0.0561 15.5584 "" "" 4053301134213348864 1949.91736 0.5244 0.0782 -1.428 -1.511 0.093 0.066 1.02 4970.4 4.3301 16.934334 1.903368 17.87875 15.975382 "" "" 1669.52649 2308.7063 3171.12197 2.9098 963.64 8.7256 3228.5 13.96 "" "" 0.0029299030037578232 0.010219431 0.006026943 0.016246375 264.5657284177 -34.7897839576 1949.91736 -1.4279999999999997 -1.511
264.09522539322 -35.00114288191 0.0834 0.0717 15.2209 "" "" 4053323536755534464 2413.1355 0.4537 0.0983 -1.033 -4.493 0.13 0.094 0.922 5627.6 4.3676 16.93477 2.233621 18.081606 15.847985 "" "" 1939.39771 3149.30103 3169.84949 2.8493 799.42 9.1438 3630.5 11.772 "" "" 0.0029230551388646627 0.0127282785 0.005165062 0.01789334 264.09522539322 -35.00114288191 2413.1355 -1.0329999999999997 -4.492999999999999
264.51570950362 -35.18803994632 0.0811 0.0667 11.8396 "" "" 4053257050668112256 1720.67212 0.5975 0.1071 3.136 -4.196 0.13 0.083 1.135 5098.3 4.6704 16.93501 1.716955 17.761608 16.044653 "" "" 1455.69885 2070.53442 3169.14457 2.9149 1073.4 9.1663 3029.0 10.077 "" "" 0.002930709343957324 0.009682377 0.005227885 0.014910262 264.51570950362 -35.18803994632 1720.67212 3.1359999999999992 -4.196
264.69958771312 -35.16895223524 0.0667 0.0501 17.2452 "" "" 4053276876240582272 2408.88892 0.412 0.0797 -0.261 -2.546 0.089 0.064 0.957 "" "" 16.936762 2.104655 18.001972 15.897317 "" "" 2038.85681 2975.84253 3164.04049 2.7931 860.26 13.539 3469.2 12.001 "" "" 0.0029172612063411447 0.017313903 0.005328265 0.02264217 264.69958771312 -35.16895223524 2408.88892 -0.261 -2.5460000000000003
264.415670852 -34.81828536296 0.0728 0.0557 11.6892 "" "" 4053347038816918784 2035.67712 0.5073 0.0803 -0.987 -1.206 0.097 0.067 0.944 "" "" 16.938196 1.919698 17.865652 15.945954 "" "" 1685.87146 2530.2981 3159.864 3.4034 975.34 11.446 3317.2 16.151 "" "" 0.0029932127252018234 0.013043463 0.006498363 0.019541826 264.415670852 -34.81828536296 2035.67712 -0.987 -1.206
264.28650772348 -34.83379914804 0.0863 0.0656 12.2158 "" "" 4053349718876482560 2450.42212 0.4223 0.0972 -1.577 -1.564 0.12 0.079 1.053 4732.2 4.1419 16.939363 2.444486 18.229841 15.785356 "" "" 2017.31677 2909.89771 3156.46548 3.324 697.4 7.3369 3846.1 19.757 "" "" 0.002983130752893134 0.011758181 0.006737218 0.0184954 264.28650772348 -34.83379914804 2450.42212 -1.577 -1.564
264.26179686369 -34.75434685081 0.0915 0.0701 17.031 "" "" 4053350960213556224 2543.77148 0.4546 0.1058 -0.414 -3.415 0.124 0.086 1.199 5622.5 4.66 16.939518 1.849609 17.733671 15.884062 "" "" 2003.81921 3738.35474 3156.01921 3.3601 1101.4 9.5349 3511.8 30.618 "" "" 0.0029879753072489506 0.009804684 0.010192687 0.01999737 264.26179686369 -34.75434685081 2543.77148 -0.4139999999999999 -3.415
264.56631451263 -34.79780518116 0.0738 0.0555 15.1612 "" "" 4053301134213339136 2162.88623 0.4836 0.0788 0.498 -0.882 0.093 0.066 1.006 8388.7 4.2604 16.940418 1.95724 17.909636 15.952395 "" "" 1862.62329 2599.69067 3153.4047 2.6589 936.62 7.8783 3297.6 16.457 "" "" 0.0029034263091332 0.0095492955 0.006606329 0.016155625 264.56631451263 -34.79780518116 2162.88623 0.49799999999999994 -0.8820000000000001
264.0952857531 -34.98591674629 0.0837 0.0679 15.289 "" "" 4053323605475041280 1875.10571 0.5666 0.1028 1.247 2.286 0.128 0.085 1.09 5425.8 4.6277 16.940792 1.990734 17.928577 15.937843 "" "" 1576.73145 2305.76514 3152.31925 2.7846 920.42 9.8107 3342.1 16.359 "" "" 0.002917470262297413 0.011904396 0.0065213135 0.01842571 264.0952857531 -34.98591674629 1875.10571 1.247 2.286
264.42659400498 -35.20737005819 0.0898 0.0793 11.7183 "" "" 4053267049351488128 2026.61816 0.4949 0.0891 -1.609 -3.838 0.13 0.099 0.961 "" "" 16.941015 1.895288 17.91065 16.015362 "" "" 1719.87708 2436.45801 3151.66961 2.8191 935.74 9.4261 3111.8 18.681 "" "" 0.002921464605239864 0.011287366 0.0075344364 0.018821802 264.42659400498 -35.20737005819 2026.61816 -1.609 -3.838
264.67450331793 -34.88948201856 0.0695 0.0534 15.1988 "" "" 4053302409911494528 2249.0105 0.4306 0.0738 0.686 0.011 0.089 0.066 0.98 "" "" 16.942572 1.988785 17.927631 15.938847 "" "" 1924.74536 2680.87036 3147.15311 2.5737 921.22 10.566 3339.0 15.676 "" "" 0.0028948500688140534 0.012761682 0.006345593 0.019107275 264.67450331793 -34.88948201856 2249.0105 0.686 0.010999999999999989
264.1918542722 -34.85752693462 0.0816 0.062 14.0149 "" "" 4053326697851732992 2239.22021 0.4516 0.0957 0.627 -2.684 0.11 0.076 0.951 5924.8 4.5905 16.943268 1.848167 17.838013 15.989845 "" "" 1788.68408 2715.7312 3145.13511 3.1666 1000.5 12.416 3185.8 17.045 "" "" 0.0029642465604403636 0.013759627 0.0069302544 0.020689882 264.1918542722 -34.85752693462 2239.22021 0.6270000000000001 -2.684
264.3337421797 -35.07881998907 0.079 0.0705 5.2691 "" "" 4053273749494514432 2426.37354 0.4154 0.0876 0.892 0.451 0.12 0.093 1.052 "" "" 16.945915 2.178596 18.059038 15.880443 "" "" 2035.47705 2993.26318 3137.48043 2.6963 816.21 8.6212 3523.6 15.834 "" "" 0.002909020122640238 0.011802606 0.0061715553 0.01797416 264.3337421797 -35.07881998907 2426.37354 0.8920000000000002 0.45099999999999996
264.06751996226 -34.9187083847 0.0754 0.063 17.5114 "" "" 4053324846809730304 2234.28149 0.479 0.0942 0.221 -2.256 0.106 0.083 0.932 9267.7 4.1907 16.946089 2.04099 17.988018 15.947028 "" "" 1743.02332 2759.17651 3136.97819 3.0168 871.38 7.4573 3314.0 13.025 "" "" 0.002946526882239512 0.00970165 0.005700287 0.015401937 264.06751996226 -34.9187083847 2234.28149 0.22100000000000009 -2.256
