Clusters/NGC_6396/NGC_6396_members.tsv
# %ECSV 1.0
# ---
# datatype:
# - name: RA_ICRS_1
#   unit: deg
#   datatype: float64
#   format: '{:15.11f}'
#   description: Right ascension (ICRS) at Ep=2016.0 (ra)
#   meta: !!omap
#   - {ucd: POS_EQ_RA_MAIN}
#   - {width: 15}
#   - {precision: '11'}
# - name: DE_ICRS_1
#   unit: deg
#   datatype: float64
#   format: '{:15.11f}'
#   description: Declination (ICRS) at Ep=2016.0 (dec)
#   meta: !!omap
#   - {ucd: POS_EQ_DEC_MAIN}
#   - {width: 15}
#   - {precision: '11'}
# - name: e_RA_ICRS
#   unit: mas
#   datatype: float64
#   format: '{:7.4f}'
#   description: Standard error of right ascension (ra_error)
#   meta: !!omap
#   - {ucd: ERROR}
#   - {width: 7}
#   - {precision: '4'}
# - name: e_DE_ICRS
#   unit: mas
#   datatype: float64
#   format: '{:7.4f}'
#   description: Standard error of declination (dec_error)
#   meta: !!omap
#   - {ucd: ERROR}
#   - {width: 7}
#   - {precision: '4'}
# - name: _r_1
#   unit: ''
#   datatype: float64
#   format: '{:7.4f}'
#   description: Distance from center (264.40460850000-35.01289475000)[ICRS], at Epoch=J2016.0
#   meta: !!omap
#   - {ucd: POS_ANG_DIST_GENERAL}
#   - {width: 7}
#   - {precision: '4'}
# - name: HIP
#   datatype: int32
#   description: '? HIP cross-id number, van Leeuwen, Cat. I/311 (hip_original_ext_source_id)'
#   meta: !!omap
#   - {ucd: ID_NUMBER}
#   - {width: 6}
#   - values: {'null': -2147483648}
# - name: TYC2
#   datatype: string
#   description: Tycho-2 cross-id name, Hog et al., Cat. I/259 (tyc2_original_ext_source_id)
#   meta: !!omap
#   - {ucd: ID_CROSSID}
#   - {_votable_string_dtype: char}
# - name: Source
#   datatype: int64
#   description: Source identifier, identical to the Gaia-EDR3 source_id (id)
#   meta: !!omap
#   - {ucd: ID_MAIN}
#   - {width: 19}
# - name: rgeo
#   unit: pc
#   datatype: float64
#   format: '{:15.8f}'
#   description: '? Median of the geometric distance posterior (r_med_geo)'
#   meta: !!omap
#   - {ucd: PHYS_DISTANCE_TRUE}
#   - {width: 15}
#   - {precision: '8'}
#   - values: {'null': .nan}
# - name: Plx
#   unit: mas
#   datatype: float64
#   format: '{:9.4f}'
#   description: '? Parallax (parallax)'
#   meta: !!omap
#   - {ucd: POS_PARLX_TRIG}
#   - {width: 9}
#   - {precision: '4'}
#   - values: {'null': .nan}
# - name: e_Plx
#   unit: mas
#   datatype: float32
#   format: '{:7.4f}'
#   description: '? Standard error of parallax (parallax_error)'
#   meta: !!omap
#   - {ucd: ERROR}
#   - {width: 7}
#   - {precision: '4'}
#   - values: {'null': .nan}
# - name: pmRA
#   unit: mas / yr
#   datatype: float64
#   format: '{:9.3f}'
#   description: '? Proper motion in right ascension direction, pmRA*cosDE (pmra)'
#   meta: !!omap
#   - {ucd: POS_EQ_PMRA}
#   - {width: 9}
#   - {precision: '3'}
#   - values: {'null': .nan}
# - name: pmDE
#   unit: mas / yr
#   datatype: float64
#   format: '{:9.3f}'
#   description: '? Proper motion in declination direction (pmdec)'
#   meta: !!omap
#   - {ucd: POS_EQ_PMDEC}
#   - {width: 9}
#   - {precision: '3'}
#   - values: {'null': .nan}
# - name: e_pmRA
#   unit: mas / yr
#   datatype: float32
#   format: '{:6.3f}'
#   description: '? Standard error of proper motion in right ascension direction (pmra_error)'
#   meta: !!omap
#   - {ucd: ERROR}
#   - {width: 6}
#   - {precision: '3'}
#   - values: {'null': .nan}
# - name: e_pmDE
[...]
#       distance: !astropy.table.SerializedColumn
#         __class__: astropy.coordinates.distances.Distance
#         unit: !astropy.units.Unit {unit: pc}
#         value: !astropy.table.SerializedColumn {name: SkyCoord.distance}
#       frame: icrs
#       obstime: !astropy.time.Time {format: jyear_str, in_subfmt: '*', jd1: 367701545.0, jd2: 0.0, out_subfmt: '*', precision: 3, scale: tt}
#       pm_dec: !astropy.table.SerializedColumn
#         __class__: astropy.units.quantity.Quantity
#         unit: !astropy.units.Unit {unit: mas / yr}
#         value: !astropy.table.SerializedColumn {name: SkyCoord.pm_dec}
#       pm_ra_cosdec: !astropy.table.SerializedColumn
#         __class__: astropy.units.quantity.Quantity
#         unit: !astropy.units.Unit {unit: mas / yr}
#         value: !astropy.table.SerializedColumn {name: SkyCoord.pm_ra_cosdec}
#       ra: !astropy.table.SerializedColumn
#         __class__: astropy.coordinates.angles.Longitude
#         unit: *id001
#         value: !astropy.table.SerializedColumn {name: SkyCoord.ra}
#         wrap_angle: !astropy.coordinates.Angle
#           unit: *id001
#           value: 360.0
#       representation_type: spherical
# schema: astropy-2.0
RA_ICRS_1 DE_ICRS_1 e_RA_ICRS e_DE_ICRS _r_1 HIP TYC2 Source rgeo Plx e_Plx pmRA pmDE e_pmRA e_pmDE RUWE Teff logg Gmag BP-RP BPmag RPmag RV e_RV b_rgeo B_rgeo FG e_FG FBP e_FBP FRP e_FRP RAVE5 RAVE6 e_Gmag e_BPmag e_RPmag e_BP-RP SkyCoord.ra SkyCoord.dec SkyCoord.distance SkyCoord.pm_ra_cosdec SkyCoord.pm_dec rmRA rmDE e_rmRA e_rmDE rRV e_rRV v_pec v_pec3d e_vpec e_vpec3d Pmemb
264.38091691288 -35.03502023262 0.016 0.013 1.7656 "" 7384-675-1 4053274303633039616 2525.11182 0.3659 0.0194 -0.568 -2.089 0.024 0.016 0.715 "" "" 11.029615 1.344117 11.620917 10.2768 22.43 14.02 2411.89746 2647.28564 729626.47689 431.94 306940.0 479.73 614380.0 836.18 "" "" 0.0028292978939104384 0.0032656805 0.004057996 0.0073236767 264.38091691288 -35.03502023262 2525.11182 -0.5680000000000001 -2.089 -0.07905883717536921 -0.042176498413085906 0.09214385 0.084143855 112.13499999999999 15.73353 1.0724916629861219 112.14012869337708 0.09698810319721637 15.732810503871274 0.8
264.40630311209 -35.02844244102 0.0199 0.0175 0.9366 "" 7384-700-1 4053273685157496064 2569.87817 0.3659 0.0225 -0.567 -2.147 0.028 0.021 0.714 "" "" 11.253927 1.17451 11.747141 10.572631 "" "" 2418.3269 2712.14966 593438.58493 605.97 273250.0 601.12 467850.0 817.65 "" "" 0.002970003956974579 0.003672871 0.004228982 0.007901853 264.40630311209 -35.02844244102 2569.87817 -0.567 -2.1470000000000002 -0.07805883717536921 -0.10017649841308573 0.09614386 0.08914385 "" "" 1.5469919002514887 "" 0.1420929082832506 "" 0.9
264.44640156417 -34.96840524738 0.0161 0.0128 3.3684 "" 7384-132-1 4053298076193245184 2410.00586 0.3793 0.0186 -0.465 -2.097 0.023 0.016 0.592 15005.4 3.4148 11.336357 1.047761 11.766401 10.71864 "" "" 2319.323 2518.61548 550052.03794 342.2 268450.0 397.28 408980.0 576.14 "" "" 0.002836906335874853 0.0032197523 0.0040771444 0.0072968965 264.44640156417 -34.96840524738 2410.00586 -0.4650000000000005 -2.0970000000000004 0.023941162824630713 -0.05017649841308591 0.091143854 0.084143855 "" "" 0.6350912457366643 "" 0.05429094055243209 "" 0.8
264.41493470912 -35.04283441918 0.0164 0.0131 1.8667 "" "" 4053273508980313856 2379.41797 0.3954 0.018 -0.586 -1.978 0.025 0.016 0.699 "" "" 12.061355 1.079826 12.505465 11.425639 "" "" 2288.8186 2466.45435 282101.12332 183.44 135900.0 242.12 213260.0 623.65 "" "" 0.002844335723971731 0.003395109 0.0049360828 0.008331192 264.41493470912 -35.04283441918 2379.41797 -0.5860000000000003 -1.978 -0.09705883717536923 0.06882350158691408 0.09314385 0.084143855 "" "" 1.3419493050687634 "" 0.12108760000792115 "" 1.0
264.40805228445 -35.01459499573 0.0181 0.0152 0.1976 "" "" 4053273685157501696 2460.63672 0.3676 0.0217 -0.368 -1.97 0.026 0.018 0.771 12546.5 3.6565 13.527746 1.187147 14.029839 12.842691 "" "" 2350.39185 2584.81396 73088.36233 72.462 33380.0 88.084 57820.0 136.56 "" "" 0.0029581234141388513 0.003999208 0.004567208 0.008566416 264.40805228445 -35.01459499573 2460.63672 -0.3680000000000001 -1.9700000000000002 0.12094116282463074 0.07682350158691409 0.09414385 0.08614385 "" "" 1.6711124319123858 "" 0.15360070694321537 "" 1.0
264.42093684801 -35.01436046228 0.0195 0.0171 0.8072 "" "" 4053273715141635712 2442.25659 0.3728 0.0221 -0.576 -2.065 0.031 0.023 0.835 7046.5 3.5282 13.611964 1.145094 14.089658 12.944564 "" "" 2290.45508 2582.04346 67633.36987 20.269 31590.0 43.99 52642.0 77.238 "" "" 0.0027744664071217232 0.0031734759 0.004101397 0.0072748726 264.42093684801 -35.01436046228 2442.25659 -0.5760000000000001 -2.065 -0.08705883717536922 -0.018176498413085884 0.09914385 0.091143854 "" "" 1.0295504016366006 "" 0.10174289856671417 "" 1.0
264.45256796003 -34.98648458293 0.0182 0.0146 2.8403 "" "" 4053297324669378176 2310.30908 0.3942 0.0211 -0.531 -2.126 0.025 0.018 0.973 "" "" 13.724387 1.210303 14.24001 13.029707 "" "" 2214.36133 2427.69507 60980.65092 27.025 27505.0 42.495 48672.0 42.218 "" "" 0.0027970186531091857 0.003255595 0.0038949517 0.0071505466 264.45256796003 -34.98648458293 2310.30908 -0.531 -2.126 -0.04205883717536929 -0.07917649841308583 0.09314385 0.08614385 "" "" 0.9817903181110534 "" 0.08613475533679636 "" 0.8
264.3991224082 -35.03171288558 0.0214 0.0179 1.1608 "" "" 4053273582078282496 2356.46045 0.3797 0.0261 -0.534 -2.115 0.029 0.019 1.005 11779.8 3.4451 13.738027 1.297727 14.303203 13.005476 "" "" 2214.4707 2545.58252 60219.34992 29.902 25950.0 38.911 49770.0 49.164 "" "" 0.002807569027539815 0.0032304013 0.0039286152 0.0071590166 264.3991224082 -35.03171288558 2356.46045 -0.534 -2.115 -0.04505883717536929 -0.06817649841308615 0.09714385 0.08714385 "" "" 0.912793536433183 "" 0.08242636435129799 "" 0.9
264.43034803666 -35.00425101499 0.0189 0.0149 1.3671 "" "" 4053297187230423808 2412.88477 0.3765 0.0213 -0.539 -1.853 0.027 0.018 0.993 11933.2 3.8385 13.860922 1.15077 14.333982 13.183211 "" "" 2287.5415 2549.14087 53774.68063 48.887 25225.0 95.928 42255.0 122.3 "" "" 0.0029267832615119975 0.004983291 0.004915172 0.009898463 264.43034803666 -35.00425101499 2412.88477 -0.539 -1.853 -0.0500588371753693 0.19382350158691408 0.095143855 0.08614385 "" "" 2.2895135585453787 "" 0.1985787158705103 "" 1.0
264.30962177 -35.05837702983 0.0232 0.0212 5.4058 "" "" 4053274028755297024 2484.97241 0.365 0.0277 -0.482 -2.248 0.035 0.028 1.039 "" "" 13.997246 1.644335 14.763819 13.119484 -201.84 15.11 2324.05127 2671.1499 47429.46962 26.211 16978.0 29.579 44809.0 51.616 "" "" 0.00281989420011248 0.0033709146 0.003980943 0.0073518576 264.30962177 -35.05837702983 2484.97241 -0.4819999999999999 -2.2479999999999976 0.006941162824630753 -0.20117649841308616 0.103143856 0.09614386 -112.135 16.823528 2.371021576649724 112.1600640527498 0.2279796105903553 16.81976947989787 0.8
264.41135482839 -34.98229793285 0.0226 0.0178 1.8655 "" "" 4053298011864220416 2379.19043 0.3785 0.0261 -0.457 -1.992 0.03 0.022 1.0 10841.5 3.6651 14.196465 1.235237 14.727134 13.491897 "" "" 2281.25952 2525.28003 39478.52008 17.3 17562.0 37.314 31798.0 25.112 "" "" 0.002796097193290733 0.003620314 0.0038754274 0.0074957414 264.41135482839 -34.98229793285 2379.19043 -0.4570000000000001 -1.9919999999999995 0.03194116282463072 0.05482350158691407 0.09814385 0.09014385 "" "" 0.7155443678369945 "" 0.06599958482055275 "" 1.0
264.41219104846 -35.04670558287 0.0273 0.022 2.0626 "" "" 4053273508983106688 2525.88965 0.3591 0.0311 -0.405 -1.966 0.04 0.026 1.036 10534.7 3.7351 14.468428 1.23792 14.976003 13.738083 "" "" 2352.52686 2719.85791 30730.92194 13.299 13964.0 45.47 25347.0 58.986 "" "" 0.00279509517454991 0.004503793 0.004546178 0.009049971 264.41219104846 -35.04670558287 2525.88965 -0.405 -1.966 0.08394116282463071 0.08082350158691409 0.10814385 0.09414385 "" "" 1.3951455830681547 "" 0.1418160299729394 "" 0.9
264.40300568536 -35.0236650272 0.026 0.0233 0.651 "" "" 4053273685157500544 2398.2915 0.3821 0.0295 -0.367 -2.021 0.039 0.03 0.943 "" "" 14.505147 1.328482 15.074625 13.746143 "" "" 2267.87012 2616.98853 29709.00163 12.919 12752.0 24.685 25159.0 47.478 "" "" 0.002795478448586734 0.0034931882 0.0042990427 0.0077922307 264.40300568536 -35.0236650272 2398.2915 -0.3669999999999993 -2.020999999999999 0.12194116282463074 0.025823501586914155 0.10714385 0.09814385 "" "" 1.4169577814207772 "" 0.15129302703723613 "" 0.9
264.32759740357 -35.01141750878 0.026 0.0209 3.7855 "" "" 4053274264890695040 2468.42456 0.3762 0.0306 -0.476 -1.981 0.036 0.026 0.88 10027.3 3.6229 14.808629 1.577101 15.536799 13.959699 "" "" 2290.16772 2666.64917 22464.42414 10.331 8331.0 16.464 20667.0 56.517 "" "" 0.0028001966304837395 0.0035197926 0.004806176 0.008325968 264.32759740357 -35.01141750878 2468.42456 -0.476 -1.9810000000000012 0.012941162824630759 0.06582350158691397 0.10414385 0.09414385 "" "" 0.784900216140226 "" 0.07420050392115507 "" 1.0
264.38357699705 -35.0294421793 0.0275 0.0222 1.4331 "" "" 4053274337992780672 2361.53198 0.3774 0.0333 -0.499 -2.039 0.042 0.028 0.934 "" "" 14.839731 1.49224 15.511418 14.019178 "" "" 2178.07886 2568.96973 21830.0242 7.8824 8528.0 26.589 19565.0 30.854 "" "" 0.0027830708701831867 0.0043868385 0.0041491413 0.008535979 264.38357699705 -35.0294421793 2361.53198 -0.49899999999999994 -2.0390000000000006 -0.010058837175369262 0.007823501586913917 0.110143855 0.09614386 "" "" 0.14264229362994188 "" 0.01498973781838986 "" 0.9
264.38928623865 -34.99631002419 0.0285 0.0228 1.2479 "" "" 4053274509791234944 2411.48877 0.3726 0.0352 -0.422 -2.049 0.041 0.027 0.908 9788.2 3.6105 15.021489 1.429797 15.658924 14.229127 "" "" 2215.99561 2608.56274 18465.07193 19.343 7444.7 25.59 16125.0 50.024 "" "" 0.00298083415407461 0.004659747 0.005062486 0.009722233 264.38928623865 -34.99631002419 2411.48877 -0.4219999999999998 -2.0490000000000004 0.06694116282463075 -0.00217649841308587 0.10914385 0.095143855 "" "" 0.7655724036991178 "" 0.08354692886017825 "" 1.0
264.39286794797 -35.00524977903 0.0344 0.0276 0.7371 "" "" 4053274441071752064 2187.67432 0.4387 0.0422 -0.47 -2.06 0.049 0.033 0.946 9533.4 3.7633 15.497207 1.420451 16.11265 14.692199 "" "" 1957.00012 2387.14355 11914.17244 5.3868 4901.8 30.549 10526.0 35.348 "" "" 0.0027987086738497425 0.007319215 0.005251438 0.012570653 264.39286794797 -35.00524977903 2187.67432 -0.4700000000000003 -2.06 0.018941162824630764 -0.01317649841308599 0.117143854 0.10114385 "" "" 0.2392627232245875 "" 0.026839784827725886 "" 0.9
