Clusters/NGC_7039/NGC_7039_stars_in_region.tsv
# %ECSV 1.0
# ---
# datatype:
# - name: RA_ICRS_1
#   unit: deg
#   datatype: float64
#   format: '{:15.11f}'
#   description: Right ascension (ICRS) at Ep=2016.0 (ra)
#   meta: !!omap
#   - {ucd: POS_EQ_RA_MAIN}
#   - {width: 15}
#   - {precision: '11'}
# - name: DE_ICRS_1
#   unit: deg
#   datatype: float64
#   format: '{:15.11f}'
#   description: Declination (ICRS) at Ep=2016.0 (dec)
#   meta: !!omap
#   - {ucd: POS_EQ_DEC_MAIN}
#   - {width: 15}
#   - {precision: '11'}
# - name: e_RA_ICRS
#   unit: mas
#   datatype: float64
#   format: '{:7.4f}'
#   description: Standard error of right ascension (ra_error)
#   meta: !!omap
#   - {ucd: ERROR}
#   - {width: 7}
#   - {precision: '4'}
# - name: e_DE_ICRS
#   unit: mas
#   datatype: float64
#   format: '{:7.4f}'
#   description: Standard error of declination (dec_error)
#   meta: !!omap
#   - {ucd: ERROR}
#   - {width: 7}
#   - {precision: '4'}
# - name: _r_1
#   unit: ''
#   datatype: float64
#   format: '{:7.4f}'
#   description: Distance from center (317.66170879000+45.59460559000)[ICRS], at Epoch=J2016.0
#   meta: !!omap
#   - {ucd: POS_ANG_DIST_GENERAL}
#   - {width: 7}
#   - {precision: '4'}
# - name: HIP
#   datatype: int32
#   description: '? HIP cross-id number, van Leeuwen, Cat. I/311 (hip_original_ext_source_id)'
#   meta: !!omap
#   - {ucd: ID_NUMBER}
#   - {width: 6}
#   - values: {'null': -2147483648}
# - name: TYC2
#   datatype: string
#   description: Tycho-2 cross-id name, Hog et al., Cat. I/259 (tyc2_original_ext_source_id)
#   meta: !!omap
#   - {ucd: ID_CROSSID}
#   - {_votable_string_dtype: char}
# - name: Source
#   datatype: int64
#   description: Source identifier, identical to the Gaia-EDR3 source_id (id)
#   meta: !!omap
#   - {ucd: ID_MAIN}
#   - {width: 19}
# - name: rgeo
#   unit: pc
#   datatype: float64
#   format: '{:15.8f}'
#   description: '? Median of the geometric distance posterior (r_med_geo)'
#   meta: !!omap
#   - {ucd: PHYS_DISTANCE_TRUE}
#   - {width: 15}
#   - {precision: '8'}
#   - values: {'null': .nan}
# - name: Plx
#   unit: mas
#   datatype: float64
#   format: '{:9.4f}'
#   description: '? Parallax (parallax)'
#   meta: !!omap
#   - {ucd: POS_PARLX_TRIG}
#   - {width: 9}
#   - {precision: '4'}
#   - values: {'null': .nan}
# - name: e_Plx
#   unit: mas
#   datatype: float32
#   format: '{:7.4f}'
#   description: '? Standard error of parallax (parallax_error)'
#   meta: !!omap
#   - {ucd: ERROR}
#   - {width: 7}
#   - {precision: '4'}
#   - values: {'null': .nan}
# - name: pmRA
#   unit: mas / yr
#   datatype: float64
#   format: '{:9.3f}'
#   description: '? Proper motion in right ascension direction, pmRA*cosDE (pmra)'
#   meta: !!omap
#   - {ucd: POS_EQ_PMRA}
#   - {width: 9}
#   - {precision: '3'}
#   - values: {'null': .nan}
# - name: pmDE
#   unit: mas / yr
#   datatype: float64
#   format: '{:9.3f}'
#   description: '? Proper motion in declination direction (pmdec)'
#   meta: !!omap
#   - {ucd: POS_EQ_PMDEC}
#   - {width: 9}
#   - {precision: '3'}
#   - values: {'null': .nan}
# - name: e_pmRA
#   unit: mas / yr
#   datatype: float32
#   format: '{:6.3f}'
#   description: '? Standard error of proper motion in right ascension direction (pmra_error)'
#   meta: !!omap
#   - {ucd: ERROR}
#   - {width: 6}
#   - {precision: '3'}
#   - values: {'null': .nan}
# - name: e_pmDE
[...]
#         value: !astropy.table.SerializedColumn {name: SkyCoord.dec}
#       distance: !astropy.table.SerializedColumn
#         __class__: astropy.coordinates.distances.Distance
#         unit: !astropy.units.Unit {unit: pc}
#         value: !astropy.table.SerializedColumn {name: SkyCoord.distance}
#       frame: icrs
#       obstime: !astropy.time.Time {format: jyear_str, in_subfmt: '*', jd1: 367701545.0, jd2: 0.0, out_subfmt: '*', precision: 3, scale: tt}
#       pm_dec: !astropy.table.SerializedColumn
#         __class__: astropy.units.quantity.Quantity
#         unit: !astropy.units.Unit {unit: mas / yr}
#         value: !astropy.table.SerializedColumn {name: SkyCoord.pm_dec}
#       pm_ra_cosdec: !astropy.table.SerializedColumn
#         __class__: astropy.units.quantity.Quantity
#         unit: !astropy.units.Unit {unit: mas / yr}
#         value: !astropy.table.SerializedColumn {name: SkyCoord.pm_ra_cosdec}
#       ra: !astropy.table.SerializedColumn
#         __class__: astropy.coordinates.angles.Longitude
#         unit: *id001
#         value: !astropy.table.SerializedColumn {name: SkyCoord.ra}
#         wrap_angle: !astropy.coordinates.Angle
#           unit: *id001
#           value: 360.0
#       representation_type: spherical
# schema: astropy-2.0
RA_ICRS_1 DE_ICRS_1 e_RA_ICRS e_DE_ICRS _r_1 HIP TYC2 Source rgeo Plx e_Plx pmRA pmDE e_pmRA e_pmDE RUWE Teff logg Gmag BP-RP BPmag RPmag RV e_RV b_rgeo B_rgeo FG e_FG FBP e_FBP FRP e_FRP RAVE5 RAVE6 e_Gmag e_BPmag e_RPmag e_BP-RP SkyCoord.ra SkyCoord.dec SkyCoord.distance SkyCoord.pm_ra_cosdec SkyCoord.pm_dec rmRA rmDE e_rmRA e_rmDE rRV e_rRV v_pec v_pec3d e_vpec e_vpec3d
[from data line 1581]
317.33169270009 46.36057043254 0.0358 0.0364 47.9736 "" "" 2164291061918606592 696.29303 1.4049 0.0428 7.9 -9.133 0.047 0.045 1.137 4492.3 4.6591 16.47126 1.653171 17.218119 15.564948 "" "" 675.614197 715.433533 4857.83816 2.5908 1770.8 8.4288 4711.7 13.83 "" "" 0.0028155082867794322 0.005873076 0.0049436907 0.010816767 317.33169270009 46.36057043254 696.29303 7.899999999999999 -9.133 8.16392537355423 -6.530746324539184 0.31320646 0.31120646 "" "" 34.50492726687842 "" 10.780290072077086 ""
318.01230553106 45.71490522277 0.0325 0.0322 16.3797 "" "" 2164014156805670144 801.047668 1.2372 0.0393 5.438 -6.697 0.042 0.037 1.003 4424.4 4.4458 16.475903 1.470529 17.159296 15.688767 "" "" 777.384521 827.119019 4837.10398 2.4088 1869.4 7.3504 4203.9 7.752 "" "" 0.0028078681100443645 0.005099999 0.00427693 0.009376928 318.01230553106 45.71490522277 801.047668 5.437999999999999 -6.696999999999999 5.7019253735542295 -4.094746324539185 0.30820647 0.30320647 "" "" 26.65429539704958 "" 8.169925232681347 ""
317.69331709426 46.33141923035 0.0315 0.0333 44.2285 "" "" 2164298243131402624 798.378601 1.2207 0.0384 4.769 -1.597 0.04 0.041 1.027 5167.9 4.6158 16.477741 1.617024 17.204033 15.587008 "" "" 775.909119 822.3479 4828.91876 2.4253 1793.9 7.1553 4616.9 10.602 "" "" 0.002808762615958147 0.005151665 0.004527682 0.009679347 317.69331709426 46.33141923035 798.378601 4.769 -1.597 5.03292537355423 1.0052536754608155 0.30620646 0.30720648 "" "" 19.422373878365963 "" 5.948002740516224 ""
317.38300934561 46.08351335538 0.0318 0.0348 31.563 "" "" 2164268418876952576 883.130188 1.1058 0.0402 -0.063 -1.796 0.042 0.043 0.937 4424.1 4.2431 16.477913 1.808785 17.362574 15.553789 "" "" 849.970764 910.593079 4828.1559 6.3759 1550.2 11.907 4760.4 23.959 "" "" 0.0031060478513682027 0.00879386 0.006644123 0.015437983 317.38300934561 46.08351335538 883.130188 -0.06300000000000017 -1.7960000000000003 0.20092537355422974 0.8062536754608154 0.30820647 0.3092065 "" "" 3.478231582972828 "" 1.0752886864625324 ""
318.01025195394 44.73600305094 0.0361 0.0389 53.5845 "" "" 1970317831905642240 705.586731 1.3957 0.0463 -13.39 -7.257 0.047 0.049 1.188 4488.9 4.5104 16.478586 1.523095 17.16051 15.637414 "" "" 680.669006 723.788025 4825.1674 2.5809 1867.3 7.8045 4407.5 10.53 "" "" 0.0028158569673709913 0.0053270645 0.0045839134 0.009910978 318.01025195394 44.73600305094 705.586731 -13.389999999999992 -7.257000000000002 -13.12607462644577 -4.654746324539184 0.31320646 0.31520647 "" "" 46.57848862210348 "" 14.59911948285548 ""
316.75102113277 45.55661960408 0.0335 0.0346 38.3147 "" "" 2162753669810015232 811.996155 1.2136 0.0409 -3.791 -6.702 0.043 0.041 1.01 4887.3 4.5255 16.48024 1.604178 17.240381 15.636204 "" "" 787.253357 839.646973 4817.82531 2.7999 1734.9 11.229 4412.4 9.7013 "" "" 0.002826645629743825 0.007560989 0.004470146 0.012031134 316.75102113277 45.55661960408 811.996155 -3.7909999999999955 -6.7019999999999955 -3.52707462644577 -4.0997463245391845 0.3092065 0.30720648 "" "" 20.81525344930442 "" 6.412320732133768 ""
317.52455781881 46.44909981225 0.0334 0.0341 51.5871 "" "" 2164314319170346880 824.278748 1.1888 0.0414 9.101 -3.562 0.041 0.041 1.01 4959.5 4.6669 16.482397 1.445158 17.14056 15.695402 "" "" 801.587097 863.195068 4808.26123 2.4329 1901.9 7.4772 4178.3 9.9021 "" "" 0.0028095534531469833 0.005099526 0.004572136 0.009671662 317.52455781881 46.44909981225 824.278748 9.100999999999999 -3.562 9.36492537355423 -0.9597463245391844 0.30720648 0.30720648 "" "" 36.781168460806654 "" 11.299413355481951 ""
318.6216217813 45.9953488516 0.2624 0.2857 46.8044 "" "" 2164044187219018752 713.409424 1.7011 0.323 -2.809 -4.218 0.33 0.387 7.771 "" "" 16.485376 1.168745 16.868979 15.700233 "" "" 571.303528 1157.09644 4795.0854 25.467 2442.5 8.4116 4159.7 6.9239 "" "" 0.006390876833101574 0.0046654046 0.0041892487 0.008854654 318.6216217813 45.9953488516 713.409424 -2.809 -4.218 -2.5450746264457704 -1.6157463245391845 0.5962065 0.65320647 "" "" 10.194180603610379 "" 6.2502870967896955 ""
317.92567935795 45.97838822084 0.0941 0.1051 25.5386 "" "" 2164090882106266240 765.039917 1.3078 0.1186 -6.777 -8.374 0.13 0.128 2.994 5097.1 4.6607 16.486937 1.939599 17.398678 15.459079 "" "" 698.023438 851.561462 4788.2009 7.0867 1499.5 7.7107 5194.3 11.528 "" "" 0.003189671111618318 0.006241435 0.0044821943 0.01072363 317.92567935795 45.97838822084 765.039917 -6.776999999999999 -8.373999999999999 -6.51307462644577 -5.771746324539185 0.39620647 0.39420646 "" "" 31.557717331311736 "" 12.475648181365885 ""
316.97627687812 46.20498034134 0.0307 0.0338 46.4788 "" "" 2164284636672979072 620.866943 1.5772 0.0381 3.748 7.882 0.04 0.04 1.02 4457.8 4.6506 16.488693 1.60016 17.220682 15.620522 "" "" 605.30542 635.991455 4780.45605 2.1807 1766.6 13.552 4476.6 13.483 "" "" 0.0027994806295352542 0.008783861 0.004997735 0.013781596 316.97627687812 46.20498034134 620.866943 3.748000000000001 7.881999999999998 4.01192537355423 10.484253675460815 0.30620646 0.30620646 "" "" 33.03605710195872 "" 10.115854255046589 ""
317.74143322483 45.70339308768 0.0328 0.0344 7.3339 "" "" 2164057377041245184 873.347961 1.1241 0.0398 1.961 1.971 0.045 0.043 0.962 4691.9 4.4983 16.489138 1.490003 17.167358 15.677356 "" "" 850.292725 899.376892 4778.49944 2.6151 1855.6 8.1828 4248.3 10.203 "" "" 0.0028186599966776816 0.005541543 0.004591643 0.010133186 317.74143322483 45.70339308768 873.347961 1.961000000000001 1.971 2.22492537355423 4.5732536754608155 0.31120646 0.3092065 "" "" 21.05335955745796 "" 6.517915073920869 ""
316.9139834854 46.14298936372 0.0317 0.0352 45.3698 "" "" 2162783219184815744 732.693787 1.3419 0.0384 3.41 -2.524 0.041 0.042 1.036 4555.4 4.6473 16.49079 1.562553 17.226147 15.663593 "" "" 713.225464 756.907166 4771.23647 2.4071 1757.8 8.1553 4302.5 9.3876 "" "" 0.002809239494132212 0.0057583926 0.0044604605 0.010218853 316.9139834854 46.14298936372 732.693787 3.41 -2.5239999999999996 3.67392537355423 0.07825367546081541 0.30720648 0.30820647 "" "" 12.762321293711464 "" 3.920673619618407 ""
317.80272817023 45.0408863067 0.0354 0.0378 33.7517 "" "" 2162482399664230272 824.640442 1.1822 0.0442 -7.017 -13.981 0.044 0.046 1.137 4423.0 4.5997 16.49262 1.513824 17.195656 15.681831 "" "" 796.55835 852.828918 4763.201 2.6609 1807.8 6.6578 4230.8 11.683 "" "" 0.002821288869965608 0.0048758187 0.0048241834 0.009700002 317.80272817023 45.0408863067 824.640442 -7.0169999999999995 -13.981000000000002 -6.753074626445771 -11.378746324539184 0.31020647 0.31220648 "" "" 51.720307400122266 "" 16.120535089184425 ""
318.13272831561 46.36410007988 0.0322 0.0336 50.1728 "" "" 2164114968282449792 697.353455 1.4065 0.0387 -3.3 -9.026 0.042 0.043 0.967 4688.9 4.6146 16.49341 1.717053 17.320713 15.60366 "" "" 678.089783 714.750977 4759.73211 2.5212 1611.1 12.103 4546.7 10.111 "" "" 0.00281470035604912 0.008620369 0.0044847964 0.013105165 318.13272831561 46.36410007988 697.353455 -3.3 -9.026 -3.03607462644577 -6.423746324539184 0.30820647 0.3092065 "" "" 23.485549119768027 "" 7.257601392525982 ""
316.844537106 45.3248851674 0.0314 0.0338 38.0076 "" "" 2162536481893956224 878.897339 1.1155 0.0407 -8.352 -4.051 0.041 0.041 0.979 5162.1 4.6113 16.49409 1.625872 17.263306 15.637434 "" "" 846.761047 903.224365 4756.76169 2.3294 1698.6 6.7504 4407.4 9.5967 "" "" 0.0028061506875856385 0.005138358 0.004457874 0.009596232 316.844537106 45.3248851674 878.897339 -8.351999999999997 -4.051 -8.08807462644577 -1.4487463245391847 0.30720648 0.30720648 "" "" 34.230973886082204 "" 10.515977052542732 ""
316.77104946216 45.20229900468 0.0321 0.0376 44.2951 "" "" 2162534007992743040 829.319519 1.1827 0.0418 0.205 -0.605 0.04 0.047 1.077 4699.7 4.2607 16.499077 2.180885 17.632847 15.451961 "" "" 802.55365 857.364258 4734.95831 2.6947 1208.6 8.8761 5228.5 9.6251 "" "" 0.002823754679502734 0.008447846 0.00427535 0.012723196 316.77104946216 45.20229900468 829.319519 0.205 -0.605 0.4689253735542297 1.9972536754608154 0.30620646 0.31320646 "" "" 8.064644281243377 "" 2.522980679519184 ""
317.45010599681 45.16475815666 0.0338 0.0367 27.2891 "" "" 2162492982464261376 897.028137 1.1008 0.0431 2.029 1.027 0.042 0.047 1.032 5571.7 4.4674 16.499115 1.563299 17.229168 15.665869 "" "" 864.315552 925.204468 4734.78796 2.9073 1752.9 8.1961 4293.5 10.082 "" "" 0.0028348269443632026 0.0057928488 0.004558927 0.010351775 317.45010599681 45.16475815666 897.028137 2.029 1.027 2.2929253735542297 3.6292536754608156 0.30820647 0.31320646 "" "" 18.253038209864208 "" 5.691082238509683 ""
317.94952246032 45.18391549663 0.0317 0.0368 27.4641 "" "" 2163984882307988992 873.811096 1.1242 0.0413 -2.828 -10.486 0.041 0.048 0.984 4495.6 4.4434 16.499733 1.429542 17.150867 15.721326 "" "" 846.807861 908.389832 4732.09601 2.3815 1884.0 7.5553 4079.7 8.8691 "" "" 0.002808977931654635 0.005171359 0.0044558905 0.009627249 317.94952246032 45.18391549663 873.811096 -2.828 -10.486 -2.56407462644577 -7.883746324539185 0.30720648 0.31420648 "" "" 34.3370154542453 "" 10.76615227838495 ""
317.60972565059 46.37822033243 0.035 0.0337 47.0668 "" "" 2164302327621324928 756.294556 1.3023 0.0423 -8.934 -16.29 0.046 0.044 1.067 4714.0 4.66 16.499771 1.542089 17.191896 15.649807 "" "" 732.259949 780.782166 4731.93057 2.3971 1814.1 11.854 4357.5 28.708 "" "" 0.002809680144877773 0.007623544 0.008090088 0.015713632 317.60972565059 46.37822033243 756.294556 -8.934 -16.29 -8.67007462644577 -13.687746324539184 0.31220648 0.31020647 "" "" 58.08370529547448 "" 18.051280693087147 ""
317.15829183827 45.72879929164 0.0339 0.0322 22.5934 "" "" 2162759506645369344 859.778137 1.1301 0.0414 -11.236 -13.431 0.05 0.043 1.007 4345.1 4.3479 16.50302 1.857525 17.425108 15.567583 "" "" 830.055603 892.495056 4717.79707 2.3154 1463.4 5.4479 4700.3 9.1557 "" "" 0.0028063724777496386 0.0049114525 0.004330882 0.009242334 317.15829183827 45.72879929164 859.778137 -11.236 -13.430999999999997 -10.972074626445771 -10.828746324539184 0.31620649 0.3092065 "" "" 62.82492444250415 "" 19.649882588130218 ""
317.59604105075 45.48621436956 0.0357 0.0382 7.0648 "" "" 2164051402765336320 728.919189 1.3453 0.0449 -0.143 -2.611 0.05 0.048 1.037 3686.4 4.0598 16.50324 2.070064 17.557964 15.487901 "" "" 705.474854 753.551392 4716.83547 7.4502 1294.9 12.521 5058.2 19.882 "" "" 0.003245413446456834 0.01086294 0.005700573 0.016563512 317.59604105075 45.48621436956 728.919189 -0.14300000000000002 -2.6109999999999998 0.12092537355422975 -0.00874632453918478 0.31620649 0.31420648 "" "" 0.4188978982841205 "" 0.1324538856929921 ""
317.21525829941 46.02696411514 0.0306 0.0335 31.9621 "" "" 2164267353724749824 651.586792 1.5099 0.0369 4.443 3.467 0.041 0.046 0.935 4249.8 4.4988 16.5038 2.007812 17.526705 15.518892 "" "" 637.354614 666.564819 4714.40743 2.3227 1332.7 8.4669 4915.9 9.8225 "" "" 0.0028067651759550514 0.00744083 0.0043577636 0.011798594 317.21525829941 46.02696411514 651.586792 4.443 3.467 4.706925373554229 6.069253675460816 0.30720648 0.31220648 "" "" 23.721570809460864 "" 7.361706815536688 ""
317.36368114391 45.39082373824 0.0366 0.0385 17.5107 "" "" 2162551909417489280 821.813293 1.1963 0.0465 8.928 5.571 0.047 0.052 1.173 4776.9 4.4998 16.504112 1.706823 17.307903 15.60108 "" "" 790.832153 846.256226 4713.04582 2.5723 1630.3 6.0858 4557.5 11.057 "" "" 0.0028183214906552056 0.004920538 0.004606766 0.009527304 317.36368114391 45.39082373824 821.813293 8.928 5.571000000000003 9.19192537355423 8.173253675460815 0.31320646 0.3182065 "" "" 47.913923550876966 "" 15.113198756538402 ""
316.60563260669 45.97745161464 0.386 0.4118 49.8002 "" "" 2162821976962521984 821.946411 1.6439 0.4888 5.664 -7.345 0.547 0.521 16.512 "" "" 16.505018 1.418142 16.572458 15.154316 "" "" 609.936768 1233.79614 4709.11644 9.1422 3209.5 30.459 6877.5 93.336 "" "" 0.003469111915070931 0.010675011 0.015211728 0.02588674 316.60563260669 45.97745161464 821.946411 5.664 -7.345000000000001 5.927925373554229 -4.742746324539184 0.81320643 0.78720653 "" "" 29.577468973011907 "" 23.75541691641363 ""
317.10151576875 46.3603960527 0.3457 0.358 51.5435 "" "" 2164334350890597376 658.374878 1.7409 0.4094 -7.488 -0.163 0.422 0.451 6.582 "" "" 16.506475 2.188805 17.323627 15.134823 "" "" 504.324677 895.402649 4702.8023 5.5134 1606.8 14.864 7002.1 21.167 "" "" 0.0030351293375086067 0.010424156 0.005005605 0.015429761 317.10151576875 46.3603960527 658.374878 -7.4879999999999995 -0.16300000000000237 -7.224074626445771 2.4392536754608156 0.68820643 0.7172065 "" "" 23.794615739260614 "" 16.44755905032684 ""
318.15751037435 46.12667490167 0.0318 0.0335 38.0568 "" "" 2164098681766854144 675.086365 1.4595 0.0391 4.65 -6.712 0.04 0.044 0.988 4532.6 4.5655 16.513243 1.745969 17.359215 15.613246 "" "" 657.252686 692.032043 4673.57878 2.2179 1555.0 7.0124 4506.7 9.6411 "" "" 0.002803082303162064 0.005635422 0.0044360613 0.010071483 318.15751037435 46.12667490167 675.086365 4.65 -6.712 4.91392537355423 -4.109746324539184 0.30620646 0.31020647 "" "" 20.49857982030519 "" 6.3106742341391175 ""
317.78200951886 45.1061251409 0.0821 0.0613 29.7445 "" "" 2162483602255525632 605.445374 1.6389 0.0607 1.708 -1.587 0.106 0.074 1.079 "" "" 16.516983 "" "" "" "" "" 584.751526 624.918274 4657.50956 6.4039 "" "" "" "" "" "" 0.0031337484501428137 "" "" "" 317.78200951886 45.1061251409 605.445374 1.708 -1.5870000000000004 1.9719253735542297 1.0152536754608155 0.37220648 0.34020647 "" "" 6.365050565920825 "" 2.3279113945539023 ""
317.23848651816 46.26976552516 0.0354 0.0374 44.192 "" "" 2164288858605736320 642.453186 1.5382 0.0441 1.432 -6.394 0.046 0.049 1.114 4370.9 4.5442 16.521715 1.827843 17.414639 15.586796 "" "" 625.727112 660.203247 4637.25012 2.3032 1477.6 9.2986 4617.9 7.9568 "" "" 0.0028075945305043102 0.007380329 0.0042170454 0.011597374 317.23848651816 46.26976552516 642.453186 1.4320000000000044 -6.394 1.6959253735542297 -3.7917463245391847 0.31220648 0.31520647 "" "" 12.649066374357583 "" 3.980766873183724 ""
317.99482747234 45.11269523714 0.0425 0.0471 32.1454 "" "" 2163981343254899712 697.935669 1.4155 0.0543 0.053 -2.562 0.057 0.063 1.318 4014.9 4.3104 16.521992 2.161137 17.607393 15.446257 "" "" 672.902405 721.407104 4636.07019 8.878 1237.3 15.009 5256.0 24.607 "" "" 0.00345177148284092 0.013462769 0.006334154 0.019796923 317.99482747234 45.11269523714 697.935669 0.052999999999999936 -2.5619999999999994 0.31692537355422973 0.0402536754608156 0.32320648 0.32920647 "" "" 1.0568804905048377 "" 0.34169222226963597 ""
317.67704405634 45.54835042715 0.1683 0.1962 2.8491 "" "" 2164051883801760384 840.977783 1.2906 0.2242 3.241 -4.762 0.244 0.244 5.196 4600.6 4.4572 16.522493 1.529891 17.165817 15.635926 "" "" 722.473206 1058.6676 4633.92875 13.778 1858.2 6.9661 4413.5 9.1209 "" "" 0.004244183963691533 0.0049347766 0.0043952526 0.009330029 317.67704405634 45.54835042715 840.977783 3.2409999999999983 -4.7620000000000005 3.50492537355423 -2.159746324539184 0.51020646 0.51020646 "" "" 16.410997597375324 "" 8.37299700486109 ""
317.0237586682 45.76556514248 0.0354 0.0353 28.6424 "" "" 2162762191025380352 802.848389 1.22 0.0416 -14.484 -13.261 0.046 0.044 1.068 4517.4 4.4733 16.527466 1.629147 17.298996 15.669848 "" "" 780.549988 829.549561 4612.75129 2.2366 1643.7 8.5562 4277.8 8.5081 "" "" 0.002805161880207312 0.006302959 0.004352793 0.010655751 317.0237586682 45.76556514248 802.848389 -14.484000000000005 -13.261000000000003 -14.22007462644577 -10.658746324539184 0.31220648 0.31020647 "" "" 67.62873764119749 "" 21.065574020579785 ""
