Clusters/NGC_7039/NGC_7039_members.tsv
# %ECSV 1.0
# ---
# datatype:
# - name: RA_ICRS_1
#   unit: deg
#   datatype: float64
#   format: '{:15.11f}'
#   description: Right ascension (ICRS) at Ep=2016.0 (ra)
#   meta: !!omap
#   - {ucd: POS_EQ_RA_MAIN}
#   - {width: 15}
#   - {precision: '11'}
# - name: DE_ICRS_1
#   unit: deg
#   datatype: float64
#   format: '{:15.11f}'
#   description: Declination (ICRS) at Ep=2016.0 (dec)
#   meta: !!omap
#   - {ucd: POS_EQ_DEC_MAIN}
#   - {width: 15}
#   - {precision: '11'}
# - name: e_RA_ICRS
#   unit: mas
#   datatype: float64
#   format: '{:7.4f}'
#   description: Standard error of right ascension (ra_error)
#   meta: !!omap
#   - {ucd: ERROR}
#   - {width: 7}
#   - {precision: '4'}
# - name: e_DE_ICRS
#   unit: mas
#   datatype: float64
#   format: '{:7.4f}'
#   description: Standard error of declination (dec_error)
#   meta: !!omap
#   - {ucd: ERROR}
#   - {width: 7}
#   - {precision: '4'}
# - name: _r_1
#   unit: ''
#   datatype: float64
#   format: '{:7.4f}'
#   description: Distance from center (317.66170879000+45.59460559000)[ICRS], at Epoch=J2016.0
#   meta: !!omap
#   - {ucd: POS_ANG_DIST_GENERAL}
#   - {width: 7}
#   - {precision: '4'}
# - name: HIP
#   datatype: int32
#   description: '? HIP cross-id number, van Leeuwen, Cat. I/311 (hip_original_ext_source_id)'
#   meta: !!omap
#   - {ucd: ID_NUMBER}
#   - {width: 6}
#   - values: {'null': -2147483648}
# - name: TYC2
#   datatype: string
#   description: Tycho-2 cross-id name, Hog et al., Cat. I/259 (tyc2_original_ext_source_id)
#   meta: !!omap
#   - {ucd: ID_CROSSID}
#   - {_votable_string_dtype: char}
# - name: Source
#   datatype: int64
#   description: Source identifier, identical to the Gaia-EDR3 source_id (id)
#   meta: !!omap
#   - {ucd: ID_MAIN}
#   - {width: 19}
# - name: rgeo
#   unit: pc
#   datatype: float64
#   format: '{:15.8f}'
#   description: '? Median of the geometric distance posterior (r_med_geo)'
#   meta: !!omap
#   - {ucd: PHYS_DISTANCE_TRUE}
#   - {width: 15}
#   - {precision: '8'}
#   - values: {'null': .nan}
# - name: Plx
#   unit: mas
#   datatype: float64
#   format: '{:9.4f}'
#   description: '? Parallax (parallax)'
#   meta: !!omap
#   - {ucd: POS_PARLX_TRIG}
#   - {width: 9}
#   - {precision: '4'}
#   - values: {'null': .nan}
# - name: e_Plx
#   unit: mas
#   datatype: float32
#   format: '{:7.4f}'
#   description: '? Standard error of parallax (parallax_error)'
#   meta: !!omap
#   - {ucd: ERROR}
#   - {width: 7}
#   - {precision: '4'}
#   - values: {'null': .nan}
# - name: pmRA
#   unit: mas / yr
#   datatype: float64
#   format: '{:9.3f}'
#   description: '? Proper motion in right ascension direction, pmRA*cosDE (pmra)'
#   meta: !!omap
#   - {ucd: POS_EQ_PMRA}
#   - {width: 9}
#   - {precision: '3'}
#   - values: {'null': .nan}
# - name: pmDE
#   unit: mas / yr
#   datatype: float64
#   format: '{:9.3f}'
#   description: '? Proper motion in declination direction (pmdec)'
#   meta: !!omap
#   - {ucd: POS_EQ_PMDEC}
#   - {width: 9}
#   - {precision: '3'}
#   - values: {'null': .nan}
# - name: e_pmRA
#   unit: mas / yr
#   datatype: float32
#   format: '{:6.3f}'
#   description: '? Standard error of proper motion in right ascension direction (pmra_error)'
#   meta: !!omap
#   - {ucd: ERROR}
#   - {width: 6}
#   - {precision: '3'}
#   - values: {'null': .nan}
# - name: e_pmDE
[...]
#         unit: &id001 !astropy.units.Unit {unit: deg}
#         value: !astropy.table.SerializedColumn {name: SkyCoord.dec}
#       distance: !astropy.table.SerializedColumn
#         __class__: astropy.coordinates.distances.Distance
#         unit: !astropy.units.Unit {unit: pc}
#         value: !astropy.table.SerializedColumn {name: SkyCoord.distance}
#       frame: icrs
#       obstime: !astropy.time.Time {format: jyear_str, in_subfmt: '*', jd1: 367701545.0, jd2: 0.0, out_subfmt: '*', precision: 3, scale: tt}
#       pm_dec: !astropy.table.SerializedColumn
#         __class__: astropy.units.quantity.Quantity
#         unit: !astropy.units.Unit {unit: mas / yr}
#         value: !astropy.table.SerializedColumn {name: SkyCoord.pm_dec}
#       pm_ra_cosdec: !astropy.table.SerializedColumn
#         __class__: astropy.units.quantity.Quantity
#         unit: !astropy.units.Unit {unit: mas / yr}
#         value: !astropy.table.SerializedColumn {name: SkyCoord.pm_ra_cosdec}
#       ra: !astropy.table.SerializedColumn
#         __class__: astropy.coordinates.angles.Longitude
#         unit: *id001
#         value: !astropy.table.SerializedColumn {name: SkyCoord.ra}
#         wrap_angle: !astropy.coordinates.Angle
#           unit: *id001
#           value: 360.0
#       representation_type: spherical
# schema: astropy-2.0
RA_ICRS_1 DE_ICRS_1 e_RA_ICRS e_DE_ICRS _r_1 HIP TYC2 Source rgeo Plx e_Plx pmRA pmDE e_pmRA e_pmDE RUWE Teff logg Gmag BP-RP BPmag RPmag RV e_RV b_rgeo B_rgeo FG e_FG FBP e_FBP FRP e_FRP RAVE5 RAVE6 e_Gmag e_BPmag e_RPmag e_BP-RP SkyCoord.ra SkyCoord.dec SkyCoord.distance SkyCoord.pm_ra_cosdec SkyCoord.pm_dec Pmemb
317.39421002974 45.73848064624 0.0253 0.0246 14.1536 104454 3588-78-1 2164072190407328512 780.567749 1.2559 0.0289 -0.932 -2.081 0.034 0.032 0.883 18601.8 3.7558 7.630176 -0.019713 7.604573 7.624287 "" "" 762.746277 802.646179 16706150.27492 4824.1 12405000.0 8385.2 7070400.0 3470.9 "" "" 0.0027731000206881466 0.0028850767 0.00381678 0.006701857 317.39421002974 45.73848064624 780.567749 -0.9319999999999999 -2.081 0.9
317.57863840609 45.56018770649 0.0236 0.0237 4.0541 "" 3588-5757-1 2164054838739245824 732.472412 1.3532 0.0292 0.137 -2.405 0.035 0.03 0.96 "" "" 8.787057 -0.085357 8.743227 8.828584 "" "" 719.681458 747.104187 5756040.51354 2774.2 4346400.0 5511.7 2332000.0 2082.2 "" "" 0.0028045706425168307 0.0031113836 0.003901734 0.007013118 317.57863840609 45.56018770649 732.472412 0.137 -2.405 1.0
317.80165855024 45.47869389775 0.015 0.0183 9.1084 "" "" 2164005017115703936 755.264832 1.2683 0.0213 0.255 -3.001 0.021 0.023 1.009 9411.3 4.2481 11.219224 0.139328 11.267578 11.12825 -2.22 4.85 744.68866 768.026367 612713.32539 200.36 425000.0 278.87 280450.0 94.235 "" "" 0.002778100650773416 0.0028796862 0.003796949 0.0066766352 317.80165855024 45.47869389775 755.264832 0.255 -3.001 1.0
317.63717038785 45.63544448586 0.0134 0.0146 2.658 "" "" 2164056865963931776 769.190918 1.2413 0.0172 -0.357 -2.536 0.018 0.018 0.793 9404.9 4.2729 11.387078 0.165556 11.445482 11.279926 -15.67 9.14 758.968994 779.518921 524946.94959 179.86 360760.0 259.81 243890.0 80.409 "" "" 0.002780318999778062 0.002897662 0.003796296 0.0066939583 317.63717038785 45.63544448586 769.190918 -0.35700000000000043 -2.5360000000000005 1.0
317.56453611242 45.76101752484 0.0114 0.0118 10.7837 "" 3588-958-1 2164070266261355136 751.698547 1.2801 0.0136 -0.091 -2.738 0.015 0.014 0.81 7990.8 3.8479 11.469708 0.514769 11.657112 11.142344 -12.37 7.43 746.579834 757.973572 486478.62681 112.59 296870.0 162.91 276830.0 70.418 "" "" 0.002766754731216843 0.0028530746 0.0037894596 0.0066425344 317.56453611242 45.76101752484 751.698547 -0.09100000000000086 -2.738 0.9
317.73056555323 45.34698207163 0.0112 0.0124 15.1373 "" 3588-6999-1 2164001920421777280 739.863403 1.2936 0.0146 -0.453 -2.898 0.014 0.015 0.908 9055.1 4.2931 11.685657 0.261601 11.778058 11.516458 -9.63 1.89 731.239014 746.827698 398734.70181 83.06 265580.0 137.7 196140.0 57.667 "" "" 0.0027645870598261846 0.0028463926 0.0037928387 0.006639231 317.73056555323 45.34698207163 739.863403 -0.45299999999999996 -2.8980000000000006 0.8
317.45307000836 45.7862894128 0.0089 0.0094 14.4478 "" 3588-4014-1 2164072774522361088 760.727844 1.2605 0.011 -0.338 -2.57 0.013 0.012 0.788 "" "" 11.697168 0.481462 11.87264 11.391178 -20.55 16.76 755.570496 769.802063 394529.52689 54.012 243420.0 109.61 220130.0 63.073 "" "" 0.00275932658274846 0.0028326788 0.0037921637 0.0066248425 317.45307000836 45.7862894128 760.727844 -0.3380000000000002 -2.5699999999999994 1.0
317.47295737577 45.52933737708 0.0692 0.0679 8.8434 "" "" 2162554310284578432 612.785706 1.5823 0.0812 -0.724 -2.866 0.104 0.088 7.248 "" "" 11.81956 0.798815 12.131189 11.332375 -2.87 2.05 583.69989 645.186218 352470.48024 63.966 191840.0 112.56 232390.0 86.054 "" "" 0.002762356513665342 0.00286197 0.0038007065 0.0066626766 317.47295737577 45.52933737708 612.785706 -0.7239999999999996 -2.865999999999999 0.8
317.66862908434 45.64511588999 0.0111 0.0121 3.0445 "" "" 2164056999097848448 778.013916 1.2468 0.0139 -0.012 -2.403 0.014 0.015 0.936 "" "" 12.002669 0.38333 12.132236 11.748905 -11.5 5.02 768.844543 786.597229 297768.58524 57.957 191660.0 230.73 158340.0 270.16 "" "" 0.002763412338177149 0.0030811466 0.00420897 0.0072901165 317.66862908434 45.64511588999 778.013916 -0.011999999999999789 -2.4029999999999996 0.8
317.81919731617 45.42240650026 0.0073 0.008 12.272 "" "" 2164004085085379840 748.102966 1.3176 0.0101 -0.199 -2.849 0.01 0.01 0.796 6252.0 3.8725 12.319436 0.708167 12.594611 11.886444 -10.37 5.26 742.816772 754.635498 222419.26997 36.671 125190.0 51.704 139500.0 45.874 "" "" 0.0027611290439621644 0.0028259729 0.0037962093 0.006622182 317.81919731617 45.42240650026 748.102966 -0.1990000000000004 -2.849 1.0
317.50579666865 45.64084146772 0.0085 0.0089 7.1069 "" "" 2164067753680450048 751.928101 1.3121 0.0105 -0.12 -2.656 0.011 0.011 0.87 "" "" 12.490605 0.692939 12.758618 12.06568 -7.62 9.68 746.578369 760.692383 189978.49324 25.753 107640.0 58.794 118270.0 34.711 "" "" 0.0027592483120947703 0.0028524979 0.0037927914 0.0066452892 317.50579666865 45.64084146772 751.928101 -0.1200000000000001 -2.656000000000001 0.9
317.88549037326 45.49087990744 0.0087 0.0096 11.2768 "" "" 2164004669200913536 739.612671 1.332 0.0117 -0.279 -2.639 0.012 0.012 0.958 6892.1 4.23 12.569904 0.59702 12.796485 12.199465 -6.28 2.15 733.477783 745.827881 176597.73867 28.264 103950.0 66.365 104560.0 34.811 "" "" 0.0027607942945006487 0.0028749835 0.0037966287 0.006671612 317.88549037326 45.49087990744 739.612671 -0.27900000000000047 -2.639000000000001 1.0
317.66327442679 45.62385409399 0.0092 0.01 1.7561 "" "" 2164056694165233152 738.653137 1.3378 0.0118 -0.201 -2.587 0.012 0.013 1.011 "" "" 12.713897 0.830146 13.045798 12.215652 -15.48 3.02 733.14032 745.062988 154663.55503 89.405 82622.0 181.82 103010.0 167.56 "" "" 0.0028258978519421552 0.0036733896 0.0041716704 0.00784506 317.66327442679 45.62385409399 738.653137 -0.20099999999999996 -2.587000000000001 0.9
317.48510071402 45.71042893339 0.0179 0.0184 10.1567 "" "" 2164069269829511424 784.456665 1.2624 0.0214 -0.141 -2.29 0.024 0.023 1.696 6361.7 3.8446 12.842115 0.90056 13.202531 12.30197 -1.53 3.0 770.981812 800.365601 137436.00776 24.476 71516.0 43.611 95141.0 79.424 "" "" 0.002762096500270905 0.0028676493 0.0038865467 0.0067541962 317.48510071402 45.71042893339 784.456665 -0.14100000000000013 -2.29 0.9
317.74426201209 45.30464549508 0.0098 0.011 17.7412 "" "" 2164001611184134912 739.959229 1.3357 0.0131 -0.249 -2.778 0.013 0.013 0.905 5744.2 3.8709 12.917487 0.831361 13.243784 12.412423 -11.16 3.72 732.670654 747.261475 128218.83745 52.597 68850.0 96.664 85939.0 87.204 "" "" 0.0027910849574916134 0.0031794175 0.0039366875 0.007116105 317.74426201209 45.30464549508 739.959229 -0.24899999999999967 -2.7779999999999996 1.0
317.88486115286 45.76557314014 0.0108 0.0117 13.8829 "" "" 2164062363521303424 830.987427 1.1857 0.0134 0.274 -2.6 0.014 0.015 0.983 "" "" 12.979782 0.825817 13.308491 12.482674 5.72 6.33 819.892029 842.609131 121069.21594 56.982 64867.0 106.49 80554.0 94.658 "" "" 0.002802306058072774 0.0033109 0.00398892 0.00729982 317.88486115286 45.76557314014 830.987427 0.27400000000000013 -2.6000000000000005 0.9
317.55475173504 45.54401631253 0.0086 0.0093 5.4218 "" "" 2164054804379479040 724.374756 1.3543 0.011 -0.472 -2.384 0.012 0.012 1.038 6181.9 4.1392 13.095797 0.871443 13.447543 12.5761 -13.53 4.09 719.282043 729.968201 108799.80286 64.912 57069.0 131.95 73913.0 121.22 "" "" 0.0028304409752355525 0.0037532493 0.0041778497 0.007931099 317.55475173504 45.54401631253 724.374756 -0.47199999999999953 -2.384 1.0
317.69473097577 45.77711665107 0.0098 0.0103 11.0378 "" "" 2164064562544705152 747.672363 1.3091 0.012 -0.211 -2.571 0.012 0.012 0.934 6244.2 4.161 13.139075 0.845826 13.47731 12.631484 20.2 14.72 741.418091 754.549622 104548.24295 39.557 55526.0 55.175 70237.0 62.725 "" "" 0.0027857757267984217 0.0029914905 0.003901779 0.0068932697 317.69473097577 45.77711665107 747.672363 -0.21100000000000008 -2.5709999999999997 1.0
317.68535253917 45.63711197548 0.0101 0.0114 2.7366 "" "" 2164056831603447168 740.802856 1.3214 0.013 -0.245 -2.494 0.013 0.013 0.997 5294.9 4.1564 13.639115 1.035567 14.071202 13.035635 -44.73 16.73 733.856873 745.882568 65963.05142 99.681 32132.0 164.46 48407.0 199.46 "" "" 0.0032068317330318486 0.0062182164 0.0058564655 0.012074682 317.68535253917 45.63711197548 740.802856 -0.245 -2.4939999999999998 1.0
317.7464135861 45.86775784181 0.0101 0.0113 16.7687 "" "" 2164077065173426304 726.918518 1.3462 0.0124 -0.166 -2.595 0.013 0.014 0.987 6249.0 4.0898 13.672822 1.240341 14.209613 12.969272 -8.63 3.58 720.250183 732.588013 63946.65062 9.1238 28286.0 17.861 51458.0 21.595 "" "" 0.00275967150678187 0.0028731634 0.003806749 0.006679912 317.7464135861 45.86775784181 726.918518 -0.1659999999999997 -2.5950000000000006 1.0
317.83403217746 45.46599185177 0.0116 0.0132 10.5835 "" "" 2164004295561191424 793.983887 1.228 0.0158 -0.92 -2.333 0.016 0.017 1.143 6472.7 4.2472 13.784022 0.894569 14.14059 13.24602 8.33 9.87 786.03363 804.394775 57721.52741 15.473 30143.0 25.084 39880.0 22.534 "" "" 0.002770649189030578 0.0029328119 0.0038288506 0.0067616627 317.83403217746 45.46599185177 793.983887 -0.9199999999999996 -2.332999999999999 0.9
317.54660917559 45.65014936971 0.0109 0.0118 5.8681 "" "" 2164056419287325568 740.450195 1.3229 0.0134 -0.358 -2.406 0.014 0.016 0.994 5682.9 4.0666 13.801761 1.091532 14.259558 13.168026 -10.41 5.8 734.03894 745.743286 56786.14773 89.594 27014.0 146.86 42850.0 172.33 "" "" 0.00324441135480657 0.0065287845 0.005774957 0.012303742 317.54660917559 45.65014936971 740.450195 -0.3580000000000003 -2.4060000000000006 1.0
317.66343863952 45.54874351634 0.0112 0.0128 2.7527 "" "" 2164052055600447744 737.039734 1.3281 0.0146 -0.273 -2.98 0.016 0.016 1.001 5138.6 4.1553 13.949958 1.118529 14.425979 13.307449 -27.19 5.64 729.751099 744.354675 49540.86921 52.041 23175.0 82.193 37686.0 112.87 "" "" 0.002982045559572577 0.004755304 0.004985768 0.009741072 317.66343863952 45.54874351634 737.039734 -0.27300000000000013 -2.9800000000000004 1.0
317.78963314804 45.51842012789 0.0116 0.013 7.0554 "" "" 2164005390755333248 843.724915 1.1585 0.0156 0.048 -2.27 0.017 0.016 0.945 5922.6 4.2473 13.964273 0.884922 14.320694 13.435772 -29.95 7.73 832.379089 854.522766 48891.93592 10.112 25535.0 16.443 33485.0 15.623 "" "" 0.0027644555855506395 0.0028764312 0.0038131797 0.006689611 317.78963314804 45.51842012789 843.724915 0.048000000000000154 -2.2699999999999987 0.8
317.69648173858 45.70353916472 0.0116 0.0126 6.6968 "" "" 2164057621877483520 744.446106 1.3133 0.0146 -0.277 -2.76 0.016 0.015 0.998 5391.3 3.8844 13.970652 1.397528 14.591668 13.19414 -23.03 4.79 735.973145 753.348999 48605.57923 65.039 19895.0 83.333 41831.0 140.39 "" "" 0.0031148800402421508 0.005335462 0.0052499026 0.010585364 317.69648173858 45.70353916472 744.446106 -0.27699999999999947 -2.76 1.0
317.35504349289 45.32580367774 0.011 0.0117 20.6561 "" "" 2162550363228866688 750.917175 1.3042 0.014 -0.341 -2.908 0.014 0.015 0.872 5858.9 4.1388 13.978192 1.076057 14.430585 13.354527 36.27 9.87 743.754028 759.376709 48269.16601 33.354 23077.0 56.942 36087.0 63.834 "" "" 0.0028556356825104865 0.0038681072 0.004239368 0.008107475 317.35504349289 45.32580367774 750.917175 -0.3410000000000003 -2.9080000000000004 0.9
317.60540614596 45.57001614604 0.017 0.0176 2.7869 "" "" 2164055044897699072 734.355408 1.3329 0.0215 -0.474 -2.629 0.025 0.022 1.485 5144.3 4.146 13.995954 1.23052 14.526389 13.295869 15.94 8.45 724.610352 746.717651 47485.91095 121.36 21128.0 195.97 38090.0 291.91 "" "" 0.003910425185213465 0.01044998 0.00913885 0.01958883 317.60540614596 45.57001614604 734.355408 -0.4740000000000002 -2.6289999999999996 1.0
317.726482112 45.67224185438 0.0118 0.0129 5.3929 "" "" 2164057278280049408 746.340576 1.3088 0.0146 -0.23 -2.526 0.015 0.016 1.059 5038.2 4.1557 14.024026 1.191578 14.536957 13.345379 2.41 6.07 739.821045 754.479858 46273.9434 64.291 20923.0 99.047 36392.0 141.69 "" "" 0.0031412234310548032 0.005848251 0.0056703915 0.011518642 317.726482112 45.67224185438 746.340576 -0.23000000000000032 -2.526 0.9
317.97904202657 45.47814375247 0.0138 0.0154 15.0564 "" "" 2164007216138321664 763.567139 1.279 0.0182 -0.318 -2.206 0.019 0.019 1.282 5142.8 4.1605 14.104341 1.191789 14.615523 13.423735 -5.17 4.73 752.541565 773.328613 42974.48301 32.733 19463.0 72.709 33858.0 73.352 "" "" 0.0028767515249220705 0.0049230624 0.0044515827 0.009374645 317.97904202657 45.47814375247 763.567139 -0.31800000000000017 -2.2060000000000004 0.9
317.72946048356 45.47332666246 0.0115 0.0132 7.8141 "" "" 2164050681210846976 778.658081 1.2547 0.016 -0.794 -2.252 0.016 0.017 0.937 5937.6 4.3072 14.16435 0.878581 14.520381 13.6418 -2.11 4.87 767.838867 792.183472 40663.68833 22.523 21245.0 40.65 27697.0 33.466 "" "" 0.002820184154794226 0.0034786202 0.004000596 0.007479216 317.72946048356 45.47332666246 778.658081 -0.7939999999999998 -2.2519999999999984 0.8
317.65741904226 45.56232125017 0.0123 0.0142 1.9454 "" "" 2164052089960204800 750.393555 1.2961 0.0165 -0.229 -2.852 0.017 0.017 0.956 4928.0 4.1619 14.249785 1.204019 14.772598 13.56858 -5.74 7.17 740.653259 761.393433 37586.544 41.44 16841.0 64.744 29630.0 105.96 "" "" 0.0030041161406343013 0.005020718 0.0054184077 0.010439126 317.65741904226 45.56232125017 750.393555 -0.22899999999999954 -2.8519999999999994 1.0
317.45372255679 45.34598609348 0.0133 0.015 17.2947 "" "" 2162547923687762688 745.469482 1.3113 0.0175 -0.26 -2.573 0.017 0.018 0.991 4914.3 4.1801 14.548229 1.342282 15.148509 13.806227 -2.96 9.26 734.819214 754.954651 28553.21716 17.142 11913.0 27.896 23805.0 40.136 "" "" 0.002831371519228945 0.0037747691 0.0041993777 0.007974147 317.45372255679 45.34598609348 745.469482 -0.25999999999999956 -2.5729999999999995 1.0
317.78831228144 45.40717096202 0.0165 0.0188 12.4427 "" "" 2164002577574164480 770.28418 1.2711 0.0226 -0.794 -3.136 0.023 0.023 1.187 5749.2 4.058 14.657447 1.331947 15.235545 13.903598 2.42 14.65 759.512146 782.379517 25820.71014 45.103 10995.0 64.039 21763.0 106.85 "" "" 0.00334494334476679 0.006911922 0.006534489 0.013446411 317.78831228144 45.40717096202 770.28418 -0.7939999999999996 -3.136 0.8
317.57263431149 45.52313195634 0.0176 0.0185 5.6915 "" "" 2164054426422341120 738.141785 1.3184 0.0221 -0.402 -3.146 0.025 0.023 1.07 4916.0 4.2031 15.094153 1.581074 15.822375 14.241302 -7.06 7.45 728.327271 749.176331 17269.72825 62.06 6404.2 86.514 15945.0 135.8 "" "" 0.004776486444267749 0.014930184 0.009989506 0.024919689 317.57263431149 45.52313195634 738.141785 -0.4019999999999999 -3.146000000000001 0.8
317.65463569986 45.69703075411 0.0183 0.0193 6.1527 "" "" 2164058240352799104 745.367249 1.3176 0.0225 -0.163 -2.694 0.025 0.024 1.021 5512.7 4.4191 15.108747 1.440821 15.759401 14.318581 "" "" 733.247864 758.90094 17039.16456 36.019 6786.7 72.749 14850.0 76.747 "" "" 0.0035860033930701666 0.011968167 0.0067653386 0.018733505 317.65463569986 45.69703075411 745.367249 -0.16300000000000014 -2.694 1.0
317.3370081474 45.81001504161 0.0165 0.0177 18.7661 "" "" 2164073599156626048 896.807251 1.0866 0.0207 0.707 -2.484 0.023 0.024 1.014 5686.8 4.2295 15.11136 1.398384 15.741435 14.343051 "" "" 881.346191 915.055054 16998.1974 4.004 6899.9 12.162 14519.0 9.2681 "" "" 0.0027671641489079093 0.0033834167 0.003842405 0.0072258217 317.3370081474 45.81001504161 896.807251 0.707 -2.484 0.8
317.83401566916 45.63397252438 0.0177 0.0204 7.6075 "" "" 2164059099346069504 684.810364 1.43 0.0233 -0.839 -2.35 0.024 0.025 1.042 4974.4 4.498 15.237462 1.178167 15.751273 14.573106 "" "" 674.047241 694.054871 15134.28902 23.162 6837.7 39.27 11747.0 44.195 "" "" 0.0032175852393812334 0.00683134 0.005565006 0.012396346 317.83401566916 45.63397252438 684.810364 -0.8390000000000004 -2.3499999999999996 0.9
317.67013812396 45.57669507102 0.0407 0.0444 1.1314 "" "" 2164053636148456448 766.237732 1.2802 0.0517 -0.51 -2.71 0.059 0.057 2.159 4738.5 4.2344 15.277906 1.50955 15.960225 14.450675 "" "" 740.647583 795.886719 14580.89404 22.104 5640.6 34.27 13149.0 53.964 "" "" 0.003209496924780697 0.0071623162 0.0058428417 0.013005158 317.67013812396 45.57669507102 766.237732 -0.51 -2.71 0.8
