Clusters/NGC_7039/NGC_7039_members.tsv
# %ECSV 1.0
# ---
# datatype:
# - name: RA_ICRS_1
#   unit: deg
#   datatype: float64
#   format: '{:15.11f}'
#   description: Right ascension (ICRS) at Ep=2016.0 (ra)
#   meta: !!omap
#   - {ucd: POS_EQ_RA_MAIN}
#   - {width: 15}
#   - {precision: '11'}
# - name: DE_ICRS_1
#   unit: deg
#   datatype: float64
#   format: '{:15.11f}'
#   description: Declination (ICRS) at Ep=2016.0 (dec)
#   meta: !!omap
#   - {ucd: POS_EQ_DEC_MAIN}
#   - {width: 15}
#   - {precision: '11'}
# - name: e_RA_ICRS
#   unit: mas
#   datatype: float64
#   format: '{:7.4f}'
#   description: Standard error of right ascension (ra_error)
#   meta: !!omap
#   - {ucd: ERROR}
#   - {width: 7}
#   - {precision: '4'}
# - name: e_DE_ICRS
#   unit: mas
#   datatype: float64
#   format: '{:7.4f}'
#   description: Standard error of declination (dec_error)
#   meta: !!omap
#   - {ucd: ERROR}
#   - {width: 7}
#   - {precision: '4'}
# - name: _r_1
#   unit: ''
#   datatype: float64
#   format: '{:7.4f}'
#   description: Distance from center (317.66170879000+45.59460559000)[ICRS], at Epoch=J2016.0
#   meta: !!omap
#   - {ucd: POS_ANG_DIST_GENERAL}
#   - {width: 7}
#   - {precision: '4'}
# - name: HIP
#   datatype: int32
#   description: '? HIP cross-id number, van Leeuwen, Cat. I/311 (hip_original_ext_source_id)'
#   meta: !!omap
#   - {ucd: ID_NUMBER}
#   - {width: 6}
#   - values: {'null': -2147483648}
# - name: TYC2
#   datatype: string
#   description: Tycho-2 cross-id name, Hog et al., Cat. I/259 (tyc2_original_ext_source_id)
#   meta: !!omap
#   - {ucd: ID_CROSSID}
#   - {_votable_string_dtype: char}
# - name: Source
#   datatype: int64
#   description: Source identifier, identical to the Gaia-EDR3 source_id (id)
#   meta: !!omap
#   - {ucd: ID_MAIN}
#   - {width: 19}
# - name: rgeo
#   unit: pc
#   datatype: float64
#   format: '{:15.8f}'
#   description: '? Median of the geometric distance posterior (r_med_geo)'
#   meta: !!omap
#   - {ucd: PHYS_DISTANCE_TRUE}
#   - {width: 15}
#   - {precision: '8'}
#   - values: {'null': .nan}
# - name: Plx
#   unit: mas
#   datatype: float64
#   format: '{:9.4f}'
#   description: '? Parallax (parallax)'
#   meta: !!omap
#   - {ucd: POS_PARLX_TRIG}
#   - {width: 9}
#   - {precision: '4'}
#   - values: {'null': .nan}
# - name: e_Plx
#   unit: mas
#   datatype: float32
#   format: '{:7.4f}'
#   description: '? Standard error of parallax (parallax_error)'
#   meta: !!omap
#   - {ucd: ERROR}
#   - {width: 7}
#   - {precision: '4'}
#   - values: {'null': .nan}
# - name: pmRA
#   unit: mas / yr
#   datatype: float64
#   format: '{:9.3f}'
#   description: '? Proper motion in right ascension direction, pmRA*cosDE (pmra)'
#   meta: !!omap
#   - {ucd: POS_EQ_PMRA}
#   - {width: 9}
#   - {precision: '3'}
#   - values: {'null': .nan}
# - name: pmDE
#   unit: mas / yr
#   datatype: float64
#   format: '{:9.3f}'
#   description: '? Proper motion in declination direction (pmdec)'
#   meta: !!omap
#   - {ucd: POS_EQ_PMDEC}
#   - {width: 9}
#   - {precision: '3'}
#   - values: {'null': .nan}
# - name: e_pmRA
#   unit: mas / yr
#   datatype: float32
#   format: '{:6.3f}'
#   description: '? Standard error of proper motion in right ascension direction (pmra_error)'
#   meta: !!omap
#   - {ucd: ERROR}
#   - {width: 6}
#   - {precision: '3'}
#   - values: {'null': .nan}
# - name: e_pmDE
[...]
#         unit: &id001 !astropy.units.Unit {unit: deg}
#         value: !astropy.table.SerializedColumn {name: SkyCoord.dec}
#       distance: !astropy.table.SerializedColumn
#         __class__: astropy.coordinates.distances.Distance
#         unit: !astropy.units.Unit {unit: pc}
#         value: !astropy.table.SerializedColumn {name: SkyCoord.distance}
#       frame: icrs
#       obstime: !astropy.time.Time {format: jyear_str, in_subfmt: '*', jd1: 367701545.0, jd2: 0.0, out_subfmt: '*', precision: 3, scale: tt}
#       pm_dec: !astropy.table.SerializedColumn
#         __class__: astropy.units.quantity.Quantity
#         unit: !astropy.units.Unit {unit: mas / yr}
#         value: !astropy.table.SerializedColumn {name: SkyCoord.pm_dec}
#       pm_ra_cosdec: !astropy.table.SerializedColumn
#         __class__: astropy.units.quantity.Quantity
#         unit: !astropy.units.Unit {unit: mas / yr}
#         value: !astropy.table.SerializedColumn {name: SkyCoord.pm_ra_cosdec}
#       ra: !astropy.table.SerializedColumn
#         __class__: astropy.coordinates.angles.Longitude
#         unit: *id001
#         value: !astropy.table.SerializedColumn {name: SkyCoord.ra}
#         wrap_angle: !astropy.coordinates.Angle
#           unit: *id001
#           value: 360.0
#       representation_type: spherical
# schema: astropy-2.0
RA_ICRS_1 DE_ICRS_1 e_RA_ICRS e_DE_ICRS _r_1 HIP TYC2 Source rgeo Plx e_Plx pmRA pmDE e_pmRA e_pmDE RUWE Teff logg Gmag BP-RP BPmag RPmag RV e_RV b_rgeo B_rgeo FG e_FG FBP e_FBP FRP e_FRP RAVE5 RAVE6 e_Gmag e_BPmag e_RPmag e_BP-RP SkyCoord.ra SkyCoord.dec SkyCoord.distance SkyCoord.pm_ra_cosdec SkyCoord.pm_dec Pmemb
[from data line 39]
317.25857035761 45.61154460438 0.0256 0.0251 16.9532 "" "" 2162570120078988544 728.727539 1.3384 0.0311 -0.315 -2.595 0.036 0.032 1.207 4946.8 4.2038 15.434015 1.804918 16.302986 14.498068 "" "" 713.674072 746.199524 12628.17827 19.509 4113.6 29.802 12587.0 55.622 "" "" 0.003225713357678671 0.00834609 0.0061076432 0.014453733 317.25857035761 45.61154460438 728.727539 -0.3149999999999996 -2.5949999999999998 1.0
317.68127025806 45.28989994494 0.0201 0.022 18.3009 "" "" 2162500537297914880 744.597473 1.3201 0.0259 -0.256 -2.553 0.026 0.027 0.976 4648.4 4.2663 15.470692 1.555429 16.1832 14.627772 "" "" 731.19165 755.314575 12208.71813 15.292 4593.4 18.842 11170.0 33.063 "" "" 0.0030726561299775092 0.005255486 0.004961046 0.010216532 317.68127025806 45.28989994494 744.597473 -0.2560000000000002 -2.553 0.9
317.56356140254 45.50771783307 0.0228 0.0255 6.6471 "" "" 2164054392062587264 727.142273 1.3474 0.0299 -0.303 -2.422 0.032 0.031 1.01 4671.1 4.2581 15.777299 1.622289 16.536036 14.913747 "" "" 712.256592 741.422241 9205.06807 8.571 3319.0 18.632 8583.4 23.874 "" "" 0.002934928461974173 0.006703324 0.004837708 0.011541032 317.56356140254 45.50771783307 727.142273 -0.3030000000000006 -2.4219999999999997 1.0
317.6729514118 45.57312469846 0.0268 0.0276 1.3726 "" "" 2164053567428973952 744.34021 1.3128 0.0326 0.194 -2.605 0.038 0.035 0.963 3995.0 4.0854 15.889774 1.827244 16.777658 14.950415 "" "" 725.219604 759.644348 8299.21258 8.1212 2656.8 13.444 8298.4 25.925 "" "" 0.0029530636154461738 0.006161965 0.0050782883 0.011240253 317.6729514118 45.57312469846 744.34021 0.19399999999999973 -2.6049999999999995 1.0
317.54587993646 45.56476932124 0.0245 0.026 5.1832 "" "" 2164054873098979200 749.323364 1.3015 0.0313 -0.39 -2.121 0.036 0.033 1.0 6014.3 4.2843 15.894414 1.924732 16.850847 14.926115 "" "" 734.223633 769.235291 8263.82256 16.411 2483.6 20.163 8486.2 36.958 "" "" 0.0034986796369391032 0.009245567 0.0060532666 0.015298834 317.54587993646 45.56476932124 749.323364 -0.39 -2.121 0.9
317.52565627195 45.57166745347 0.0258 0.0261 5.8766 "" "" 2164055525934011392 773.685364 1.2573 0.0313 -0.405 -2.438 0.037 0.032 1.014 4163.6 4.0879 15.908595 1.79819 16.784613 14.986423 "" "" 757.493835 794.873901 8156.58817 18.511 2639.8 23.068 8027.7 42.976 "" "" 0.0036963798399159437 0.009889512 0.00693313 0.016822642 317.52565627195 45.57166745347 773.685364 -0.40500000000000025 -2.438 0.9
317.44534478653 45.64825111161 0.0279 0.027 9.6331 "" "" 2164067964159383936 787.088745 1.2421 0.0338 -0.322 -2.506 0.036 0.034 0.937 4278.9 4.2245 15.936943 1.741741 16.777256 15.035515 "" "" 764.694214 806.682129 7946.38157 6.5207 2657.8 13.694 7672.8 20.372 "" "" 0.0028957841460661767 0.0062513445 0.0047533005 0.011004645 317.44534478653 45.64825111161 787.088745 -0.32200000000000006 -2.5059999999999985 0.8
317.17793809555 45.62406798307 0.0269 0.026 20.382 "" "" 2162569604682946176 738.743835 1.3245 0.0329 -0.261 -2.713 0.036 0.033 0.98 "" "" 15.938576 2.077148 16.992643 14.915495 "" "" 722.02063 758.537292 7934.44358 8.2077 2179.5 12.126 8569.6 26.662 "" "" 0.0029754337477871794 0.0066539254 0.005068969 0.011722894 317.17793809555 45.62406798307 738.743835 -0.2609999999999999 -2.713 0.8
317.82281387913 45.81239664088 0.0274 0.0304 14.7082 "" "" 2164064180271674496 721.209961 1.3692 0.0344 -0.276 -2.551 0.036 0.037 0.993 4213.3 4.1963 16.053555 1.828599 16.947731 15.119132 "" "" 703.400146 737.164734 7137.15657 10.393 2271.6 13.472 7104.0 27.054 "" "" 0.0031767033166454476 0.0070176157 0.0056018 0.012619415 317.82281387913 45.81239664088 721.209961 -0.27600000000000013 -2.551 0.9
317.63895813326 45.59717173359 0.0322 0.0342 0.9675 "" "" 2164055182336702720 718.748718 1.3654 0.0402 -0.123 -2.645 0.047 0.044 1.076 5769.5 4.2616 16.160704 2.104015 17.204283 15.100267 "" "" 700.761475 739.574951 6466.43854 34.595 1793.5 43.609 7228.6 112.97 "" "" 0.006428979798412086 0.02654674 0.017383905 0.043930646 317.63895813326 45.59717173359 718.748718 -0.12299999999999978 -2.6449999999999996 1.0
317.98304183451 45.97106243892 0.0291 0.0304 26.2863 "" "" 2164090401069891328 766.347717 1.283 0.0352 -0.213 -2.512 0.037 0.038 0.949 "" "" 16.247595 1.940143 17.216745 15.276603 "" "" 747.255432 791.578735 5969.09473 6.1929 1773.0 8.8939 6144.9 18.692 "" "" 0.0029766872874864483 0.006119484 0.0050190995 0.0111385835 317.98304183451 45.97106243892 766.347717 -0.21299999999999975 -2.512 0.9
317.61020321994 45.81779396635 0.0401 0.0432 13.5641 "" "" 2164070816017187200 752.392761 1.3083 0.0492 -0.125 -2.464 0.055 0.054 1.246 5458.5 4.4821 16.430262 2.075995 17.45178 15.375785 "" "" 728.934753 779.815918 5044.77505 6.3829 1427.9 11.394 5608.5 25.392 "" "" 0.003078784888394927 0.009101897 0.0062005343 0.015302431 317.61020321994 45.81779396635 752.392761 -0.12499999999999989 -2.4639999999999995 0.9
317.65486586845 45.53040956411 0.0343 0.0392 3.8625 "" "" 2164051742043491840 696.520874 1.3904 0.0444 -0.146 -2.589 0.049 0.048 1.06 5546.4 4.5261 16.466228 2.007984 17.472155 15.46417 "" "" 673.81604 713.736023 4880.39777 4.5755 1401.4 9.8889 5170.0 19.781 "" "" 0.002937332444362193 0.008153689 0.005616109 0.013769798 317.65486586845 45.53040956411 696.520874 -0.14600000000000057 -2.589 1.0
317.59604105075 45.48621436956 0.0357 0.0382 7.0648 "" "" 2164051402765336320 728.919189 1.3453 0.0449 -0.143 -2.611 0.05 0.048 1.037 3686.4 4.0598 16.50324 2.070064 17.557964 15.487901 "" "" 705.474854 753.551392 4716.83547 7.4502 1294.9 12.521 5058.2 19.882 "" "" 0.003245413446456834 0.01086294 0.005700573 0.016563512 317.59604105075 45.48621436956 728.919189 -0.14300000000000002 -2.6109999999999998 0.9
317.7670280511 45.70818149095 0.0356 0.0391 8.121 "" "" 2164063222514789760 762.103699 1.2851 0.0442 -0.384 -2.656 0.049 0.049 0.996 4041.9 4.3013 16.663363 2.128658 17.759302 15.630644 "" "" 736.861267 793.892456 4070.07189 3.5051 1075.7 9.2386 4435.1 10.916 "" "" 0.0029096492503526326 0.009733286 0.0046287025 0.014361989 317.7670280511 45.70818149095 762.103699 -0.384 -2.6559999999999997 0.9
317.54509177508 45.48720056601 0.0394 0.0416 8.096 "" "" 2162553180728045952 731.75946 1.3322 0.0503 0.057 -2.805 0.053 0.054 1.09 3594.0 4.0224 16.668333 2.441475 17.976 15.534525 "" "" 700.477783 755.60022 4051.48131 5.4104 881.08 6.8578 4845.6 19.002 "" "" 0.0031135215594949115 0.008899422 0.005693138 0.01459256 317.54509177508 45.48720056601 731.75946 0.05699999999999983 -2.8049999999999993 1.0
317.90831328069 45.5264116038 0.0418 0.0442 11.1384 "" "" 2164010686451885696 777.633728 1.2473 0.0525 -0.342 -2.781 0.056 0.056 1.132 "" "" 16.682165 2.328943 17.88777 15.558826 "" "" 747.786316 803.084656 4000.19225 8.7883 955.67 10.157 4738.4 39.294 "" "" 0.0036443907646981416 0.011871896 0.009764708 0.021636603 317.90831328069 45.5264116038 777.633728 -0.34199999999999997 -2.781000000000001 0.8
317.83262310381 45.49849384166 0.04 0.0419 9.2105 "" "" 2164005463792329856 747.992188 1.3202 0.0504 -0.206 -2.559 0.058 0.053 0.946 3885.5 4.2853 16.68492 2.093486 17.744698 15.651212 "" "" 718.726562 780.354065 3990.05502 6.0451 1090.3 12.413 4351.8 12.266 "" "" 0.003208987839071941 0.012672031 0.0048630154 0.017535046 317.83262310381 45.49849384166 747.992188 -0.20600000000000063 -2.559 1.0
317.69864325875 45.51737473758 0.0364 0.044 4.8868 "" "" 2164051059168004352 710.027222 1.3795 0.0498 -0.075 -2.844 0.051 0.053 0.947 3799.1 4.1916 16.70232 2.196287 17.84228 15.645992 "" "" 684.585266 737.041077 3926.61751 5.4108 996.56 6.7151 4372.8 16.285 "" "" 0.003135310527727019 0.007829994 0.005534731 0.013364725 317.69864325875 45.51737473758 710.027222 -0.07499999999999951 -2.8439999999999994 1.0
317.8578446766 45.57684802486 0.0399 0.0414 8.3045 "" "" 2164011854703184640 672.566406 1.4543 0.0505 -0.367 -2.719 0.051 0.05 1.021 3958.8 4.3088 16.722755 2.154803 17.783049 15.628245 "" "" 649.207336 693.862915 3853.40587 4.9174 1052.4 22.687 4444.9 29.98 "" "" 0.0030840679521759555 0.02357136 0.008240829 0.03181219 317.8578446766 45.57684802486 672.566406 -0.36700000000000044 -2.7189999999999994 0.8
317.61242449471 45.66635113563 0.0398 0.0409 4.7756 "" "" 2164057793676888960 713.416931 1.3579 0.0482 -0.289 -2.397 0.051 0.051 0.953 4136.6 4.4897 16.728752 2.053606 17.771908 15.718302 "" "" 691.188354 735.49823 3832.18019 5.807 1063.3 13.397 4091.1 22.206 "" "" 0.0032091456927056798 0.013961331 0.0070010046 0.020962335 317.61242449471 45.66635113563 713.416931 -0.28900000000000015 -2.397000000000001 1.0
317.54354852988 45.84472155091 0.036 0.0398 15.8022 "" "" 2164071812449673088 773.035522 1.266 0.0446 -0.198 -2.633 0.05 0.049 0.956 4654.7 4.1918 16.760643 2.20571 17.913263 15.707554 "" "" 747.301208 800.161072 3721.2557 5.7089 933.49 8.807 4131.8 19.234 "" "" 0.003219662032038325 0.010616571 0.006311016 0.016927587 317.54354852988 45.84472155091 773.035522 -0.19800000000000018 -2.6330000000000005 1.0
317.79356931623 45.66150996528 0.0416 0.0467 6.8356 "" "" 2164059958339587968 723.405701 1.3499 0.0521 -0.461 -2.83 0.056 0.062 1.069 "" "" 16.839365 2.679748 18.336617 15.656869 "" "" 702.889832 753.062317 3460.99542 4.1533 632.08 6.3202 4329.2 24.084 "" "" 0.00304784854584671 0.011209146 0.007125077 0.018334223 317.79356931623 45.66150996528 723.405701 -0.4610000000000003 -2.83 1.0
317.75520691502 45.46155377634 0.0418 0.0475 8.8981 "" "" 2164003711445610752 756.751099 1.2925 0.0562 -0.047 -2.858 0.055 0.058 0.996 3770.2 4.3189 16.863504 2.224501 18.02114 15.796639 "" "" 721.633362 797.562012 3384.89049 5.3654 845.2 10.842 3806.3 23.299 "" "" 0.0032486370266874343 0.014204268 0.007645435 0.021849703 317.75520691502 45.46155377634 756.751099 -0.04699999999999982 -2.8579999999999997 1.0
317.87382553333 45.44677288578 0.0405 0.0433 12.5775 "" "" 2164003986323533056 716.285095 1.3605 0.0522 -0.254 -2.519 0.058 0.054 1.002 3735.9 4.2741 16.900084 2.209475 18.04688 15.837406 "" "" 686.929749 750.78186 3272.75397 6.1596 825.4 8.2024 3666.0 19.253 "" "" 0.003430374073253886 0.011144418 0.0068408325 0.01798525 317.87382553333 45.44677288578 716.285095 -0.254 -2.519 1.0
317.61850199222 45.64402973125 0.0434 0.0486 3.4759 "" "" 2164057686278677888 789.042542 1.2481 0.0547 -0.395 -2.668 0.057 0.061 1.048 "" "" 16.903624 2.4949 18.247143 15.752243 "" "" 751.077148 822.491699 3262.10176 6.515 686.37 8.9345 3965.2 20.588 "" "" 0.0035062496887913325 0.014405848 0.006786988 0.021192838 317.61850199222 45.64402973125 789.042542 -0.39500000000000013 -2.668 0.8
317.63155937678 46.04534167206 0.0375 0.0445 27.0735 "" "" 2164084078876422400 735.890808 1.3269 0.0485 -0.236 -2.534 0.049 0.055 0.955 6023.3 4.469 16.938887 2.251124 18.113476 15.862351 "" "" 710.195801 762.126648 3157.85427 4.8215 776.29 8.7369 3582.8 18.757 "" "" 0.0032155661047746473 0.012534119 0.006825923 0.019360043 317.63155937678 46.04534167206 735.890808 -0.23600000000000032 -2.534 0.8
317.56694227924 45.66995423539 0.045 0.0494 6.0206 "" "" 2164056552407391872 753.781189 1.3162 0.0545 -0.204 -2.56 0.062 0.061 1.015 3794.3 4.2306 16.952734 2.332791 18.198751 15.86596 "" "" 726.248718 782.466614 3117.83287 5.5315 717.66 7.5676 3570.9 18.748 "" "" 0.003361883058928531 0.011783985 0.006839424 0.01862341 317.56694227924 45.66995423539 753.781189 -0.20400000000000007 -2.56 1.0
