Clusters/NGC_7039/NGC_7039_stars_in_region.tsv
# %ECSV 1.0
# ---
# datatype:
# - name: RA_ICRS_1
#   unit: deg
#   datatype: float64
#   format: '{:15.11f}'
#   description: Right ascension (ICRS) at Ep=2016.0 (ra)
#   meta: !!omap
#   - {ucd: POS_EQ_RA_MAIN}
#   - {width: 15}
#   - {precision: '11'}
# - name: DE_ICRS_1
#   unit: deg
#   datatype: float64
#   format: '{:15.11f}'
#   description: Declination (ICRS) at Ep=2016.0 (dec)
#   meta: !!omap
#   - {ucd: POS_EQ_DEC_MAIN}
#   - {width: 15}
#   - {precision: '11'}
# - name: e_RA_ICRS
#   unit: mas
#   datatype: float64
#   format: '{:7.4f}'
#   description: Standard error of right ascension (ra_error)
#   meta: !!omap
#   - {ucd: ERROR}
#   - {width: 7}
#   - {precision: '4'}
# - name: e_DE_ICRS
#   unit: mas
#   datatype: float64
#   format: '{:7.4f}'
#   description: Standard error of declination (dec_error)
#   meta: !!omap
#   - {ucd: ERROR}
#   - {width: 7}
#   - {precision: '4'}
# - name: _r_1
#   unit: ''
#   datatype: float64
#   format: '{:7.4f}'
#   description: Distance from center (317.66170879000+45.59460559000)[ICRS], at Epoch=J2016.0
#   meta: !!omap
#   - {ucd: POS_ANG_DIST_GENERAL}
#   - {width: 7}
#   - {precision: '4'}
# - name: HIP
#   datatype: int32
#   description: '? HIP cross-id number, van Leeuwen, Cat. I/311 (hip_original_ext_source_id)'
#   meta: !!omap
#   - {ucd: ID_NUMBER}
#   - {width: 6}
#   - values: {'null': -2147483648}
# - name: TYC2
#   datatype: string
#   description: Tycho-2 cross-id name, Hog et al., Cat. I/259 (tyc2_original_ext_source_id)
#   meta: !!omap
#   - {ucd: ID_CROSSID}
#   - {_votable_string_dtype: char}
# - name: Source
#   datatype: int64
#   description: Source identifier, identical to the Gaia-EDR3 source_id (id)
#   meta: !!omap
#   - {ucd: ID_MAIN}
#   - {width: 19}
# - name: rgeo
#   unit: pc
#   datatype: float64
#   format: '{:15.8f}'
#   description: '? Median of the geometric distance posterior (r_med_geo)'
#   meta: !!omap
#   - {ucd: PHYS_DISTANCE_TRUE}
#   - {width: 15}
#   - {precision: '8'}
#   - values: {'null': .nan}
# - name: Plx
#   unit: mas
#   datatype: float64
#   format: '{:9.4f}'
#   description: '? Parallax (parallax)'
#   meta: !!omap
#   - {ucd: POS_PARLX_TRIG}
#   - {width: 9}
#   - {precision: '4'}
#   - values: {'null': .nan}
# - name: e_Plx
#   unit: mas
#   datatype: float32
#   format: '{:7.4f}'
#   description: '? Standard error of parallax (parallax_error)'
#   meta: !!omap
#   - {ucd: ERROR}
#   - {width: 7}
#   - {precision: '4'}
#   - values: {'null': .nan}
# - name: pmRA
#   unit: mas / yr
#   datatype: float64
#   format: '{:9.3f}'
#   description: '? Proper motion in right ascension direction, pmRA*cosDE (pmra)'
#   meta: !!omap
#   - {ucd: POS_EQ_PMRA}
#   - {width: 9}
#   - {precision: '3'}
#   - values: {'null': .nan}
# - name: pmDE
#   unit: mas / yr
#   datatype: float64
#   format: '{:9.3f}'
#   description: '? Proper motion in declination direction (pmdec)'
#   meta: !!omap
#   - {ucd: POS_EQ_PMDEC}
#   - {width: 9}
#   - {precision: '3'}
#   - values: {'null': .nan}
# - name: e_pmRA
#   unit: mas / yr
#   datatype: float32
#   format: '{:6.3f}'
#   description: '? Standard error of proper motion in right ascension direction (pmra_error)'
#   meta: !!omap
#   - {ucd: ERROR}
#   - {width: 6}
#   - {precision: '3'}
#   - values: {'null': .nan}
# - name: e_pmDE
[...]
#         value: !astropy.table.SerializedColumn {name: SkyCoord.dec}
#       distance: !astropy.table.SerializedColumn
#         __class__: astropy.coordinates.distances.Distance
#         unit: !astropy.units.Unit {unit: pc}
#         value: !astropy.table.SerializedColumn {name: SkyCoord.distance}
#       frame: icrs
#       obstime: !astropy.time.Time {format: jyear_str, in_subfmt: '*', jd1: 367701545.0, jd2: 0.0, out_subfmt: '*', precision: 3, scale: tt}
#       pm_dec: !astropy.table.SerializedColumn
#         __class__: astropy.units.quantity.Quantity
#         unit: !astropy.units.Unit {unit: mas / yr}
#         value: !astropy.table.SerializedColumn {name: SkyCoord.pm_dec}
#       pm_ra_cosdec: !astropy.table.SerializedColumn
#         __class__: astropy.units.quantity.Quantity
#         unit: !astropy.units.Unit {unit: mas / yr}
#         value: !astropy.table.SerializedColumn {name: SkyCoord.pm_ra_cosdec}
#       ra: !astropy.table.SerializedColumn
#         __class__: astropy.coordinates.angles.Longitude
#         unit: *id001
#         value: !astropy.table.SerializedColumn {name: SkyCoord.ra}
#         wrap_angle: !astropy.coordinates.Angle
#           unit: *id001
#           value: 360.0
#       representation_type: spherical
# schema: astropy-2.0
RA_ICRS_1 DE_ICRS_1 e_RA_ICRS e_DE_ICRS _r_1 HIP TYC2 Source rgeo Plx e_Plx pmRA pmDE e_pmRA e_pmDE RUWE Teff logg Gmag BP-RP BPmag RPmag RV e_RV b_rgeo B_rgeo FG e_FG FBP e_FBP FRP e_FRP RAVE5 RAVE6 e_Gmag e_BPmag e_RPmag e_BP-RP SkyCoord.ra SkyCoord.dec SkyCoord.distance SkyCoord.pm_ra_cosdec SkyCoord.pm_dec rmRA rmDE e_rmRA e_rmDE rRV e_rRV v_pec v_pec3d e_vpec e_vpec3d
318.42440798036 45.6114506188 0.0282 0.0321 32.0321 104787 3589-6890-1 2164021441071448832 764.359863 1.288 0.0361 -0.052 -2.618 0.037 0.042 0.975 19895.9 3.8905 7.480987 -0.163294 7.406659 7.569953 "" "" 744.862488 787.807251 19166910.90081 7007.8 14885000.0 9310.3 7433200.0 5892.6 "" "" 0.0027837693526139326 0.002871626 0.0038761506 0.0067477766 318.42440798036 45.6114506188 764.359863 -0.052000000000000046 -2.6180000000000003 0.21192537355422975 -0.015746324539184453 0.30320647 0.30820647 "" "" 0.7699360880668062 "" 0.2334709155938802 ""
317.39421002974 45.73848064624 0.0253 0.0246 14.1536 104454 3588-78-1 2164072190407328512 780.567749 1.2559 0.0289 -0.932 -2.081 0.034 0.032 0.883 18601.8 3.7558 7.630176 -0.019713 7.604573 7.624287 "" "" 762.746277 802.646179 16706150.27492 4824.1 12405000.0 8385.2 7070400.0 3470.9 "" "" 0.0027731000206881466 0.0028850767 0.00381678 0.006701857 317.39421002974 45.73848064624 780.567749 -0.9319999999999999 -2.081 -0.6680746264457703 0.5212536754608155 0.30020648 0.29820648 "" "" 3.13516186610849 "" 0.9388281177907376 ""
318.40689088117 45.31583259502 0.0166 0.0186 35.5445 "" 3589-642-1 1971837253893703424 848.048035 1.1404 0.0218 -7.972 11.763 0.024 0.024 0.986 "" "" 7.956422 3.026835 9.704277 6.677443 4.15 0.3 835.962402 859.664001 12370232.72179 20751.0 1793500.0 14907.0 16911000.0 69041.0 "" "" 0.0033028750950578668 0.009445788 0.005825117 0.015270906 318.40689088117 45.31583259502 848.048035 -7.972000000000002 11.762999999999996 -7.708074626445771 14.365253675460815 0.29020646 0.29020646 13.035882352941178 3.8523612 65.53235845427409 66.81634705144536 19.01791390302314 18.667589233246847
317.11533242426 45.44847972958 0.021 0.0233 24.5852 "" 3588-2825-1 2162561495784278784 748.347351 1.2969 0.0261 3.175 6.768 0.026 0.029 0.95 "" "" 8.302984 3.463672 10.430022 6.966351 -9.73 0.19 734.865479 760.799377 8989860.35471 10178.0 919200.0 5699.8 12960000.0 34465.0 "" "" 0.0030170847597080336 0.007287735 0.004756096 0.012043831 317.11533242426 45.44847972958 748.347351 3.1750000000000007 6.768000000000001 3.4389253735542296 9.370253675460816 0.29220647 0.2952065 -0.8441176470588232 3.7423613 35.40560108805283 35.415662114499625 10.43941122460835 10.436826721604756
318.15552325153 45.79512359409 0.0256 0.0249 23.9381 104709 3589-5478-1 2164038449142524160 769.419373 1.2753 0.0302 -0.01 -2.43 0.034 0.03 1.174 16580.9 3.8674 8.603027 -0.043608 8.571131 8.614738 "" "" 752.886475 786.905884 6819239.55385 2169.7 5092900.0 4185.2 2839600.0 1756.9 "" "" 0.0027768915471895967 0.0029293543 0.003838618 0.0067679724 318.15552325153 45.79512359409 769.419373 -0.009999999999999343 -2.4300000000000006 0.2539253735542297 0.17225367546081527 0.30020648 0.29620647 "" "" 1.1190520639118458 "" 0.33454246067451343 ""
317.57863840609 45.56018770649 0.0236 0.0237 4.0541 "" 3588-5757-1 2164054838739245824 732.472412 1.3532 0.0292 0.137 -2.405 0.035 0.03 0.96 "" "" 8.787057 -0.085357 8.743227 8.828584 "" "" 719.681458 747.104187 5756040.51354 2774.2 4346400.0 5511.7 2332000.0 2082.2 "" "" 0.0028045706425168307 0.0031113836 0.003901734 0.007013118 317.57863840609 45.56018770649 732.472412 0.137 -2.405 0.40092537355422975 0.19725367546081563 0.30120647 0.29620647 "" "" 1.5513309365256107 "" 0.4657693871096025 ""
318.7255771819 45.78158890932 0.0106 0.0115 45.9801 "" 3589-5345-1 2164026698111336320 899.715332 1.0806 0.0135 -9.786 -9.986 0.014 0.015 0.922 4546.6 1.7744 9.029191 2.138055 10.136755 7.9987 -23.76 0.13 888.082947 913.328247 4605431.38435 1445.8 1204200.0 1420.1 5008200.0 2672.9 "" "" 0.00277632266829176 0.003069929 0.003823546 0.006893475 318.7255771819 45.78158890932 899.715332 -9.786 -9.986 -9.52207462644577 -7.383746324539185 0.28020647 0.28120646 -14.874117647058824 3.6823611 51.38676047916392 53.496154332078014 14.418220155526404 13.887491493565577
318.01143722657 45.49285392992 0.0214 0.0235 15.9139 "" 3589-5157-1 2164007349260505984 788.492493 1.2472 0.0283 0.608 -2.938 0.028 0.026 1.02 "" "" 9.09605 -0.077618 9.055731 9.133348 "" "" 771.879211 805.383301 4330386.22741 2751.3 3259300.0 5367.0 1761200.0 2886.4 "" "" 0.0028403592591090686 0.003313829 0.004177316 0.0074911453 318.01143722657 45.49285392992 788.492493 0.6080000000000004 -2.9379999999999975 0.8719253735542297 -0.33574632453918474 0.29420647 0.29220647 "" "" 3.492029590915168 "" 1.0264785363492035 ""
317.90287008423 44.80921294502 0.0103 0.0104 48.2138 "" 3181-1159-1 1970322092513421440 797.577087 1.2315 0.0126 -3.805 -0.824 0.014 0.013 0.984 "" "" 9.204231 1.593826 9.956602 8.362776 -21.14 0.17 789.305481 807.183289 3919711.53914 698.77 1421600.0 1209.5 3581400.0 1131.4 "" "" 0.002762110235452094 0.0029391078 0.003794914 0.006734022 317.90287008423 44.80921294502 797.577087 -3.805 -0.8240000000000007 -3.5410746264457704 1.7782536754608156 0.28020647 0.27920648 -12.254117647058823 3.7223613 14.980287183020252 19.35387308508866 4.194560799073738 4.011939170173647
317.38911255952 46.29248798032 0.0087 0.009 43.3899 "" 3588-199-1 2164288278805949056 771.702026 1.2721 0.0105 -0.546 1.28 0.011 0.011 0.92 4985.5 2.4648 9.336232 1.450328 9.999723 8.549396 "" "" 764.644592 777.183228 3470994.41795 643.14 1366200.0 800.17 3015800.0 1103.9 "" "" 0.0027626547275660085 0.0028617168 0.0038002199 0.0066619366 317.38911255952 46.29248798032 771.702026 -0.546 1.28 -0.2820746264457703 3.8822536754608157 0.27720648 0.27720648 "" "" 14.238204278355353 "" 3.946922496686816 ""
318.22463774209 45.77058054754 0.0141 0.0137 25.8513 "" 3589-4918-1 2164037487069738368 705.87207 1.3981 0.0169 3.387 -1.64 0.018 0.017 0.88 "" "" 9.464068 0.116408 9.492147 9.375739 -19.92 4.58 699.395935 715.561584 3085456.07068 745.19 2180500.0 1004.6 1408800.0 391.17 "" "" 0.002767769982169399 0.0028346549 0.0037913863 0.006626041 318.22463774209 45.77058054754 705.87207 3.3870000000000005 -1.6399999999999997 3.6509253735542297 0.9622536754608155 0.28420648 0.28320646 -11.034117647058824 8.132361 12.632543944166507 16.772981808564417 3.589431646563387 5.994117579879024
316.85031694369 46.09065567386 0.0092 0.0117 45.1219 "" 3588-6106-1 2162782635069173632 750.113525 1.3182 0.0116 -0.113 0.328 0.013 0.015 0.831 "" "" 9.497184 0.314174 9.596933 9.28276 -0.56 2.2 742.850464 756.54071 2992768.75077 598.95 1979900.0 966.28 1534800.0 382.89 "" "" 0.0027638749574858804 0.0028400403 0.0037890754 0.006629116 316.85031694369 46.09065567386 750.113525 -0.11299999999999999 0.328 0.15092537355422975 2.9302536754608153 0.27920648 0.28120646 8.325882352941177 5.7523613 10.432439031018852 13.347512917803932 2.9336142280208417 4.258241217291063
318.51912317984 46.18181678238 0.0094 0.0107 50.2349 "" 3589-903-1 2164143658657763840 799.095764 1.2274 0.0118 -3.854 -3.87 0.012 0.013 0.959 "" "" 9.60489 1.517562 10.30825 8.790688 -17.34 0.15 791.779419 806.919006 2710134.03404 442.46 1028300.0 470.79 2414800.0 527.42 "" "" 0.002761016125877691 0.0028341035 0.0037868142 0.0066209175 318.51912317984 46.18181678238 799.095764 -3.854 -3.87 -3.5900746264457704 -1.2677463245391847 0.27820647 0.27920648 -8.454117647058823 3.7023613 14.421104121884289 16.71646940249464 4.013645915388232 3.9363726010176587
316.88132361003 45.77447904585 0.0106 0.0122 34.4452 "" 3588-2094-1 2162768646335963904 902.377563 1.0758 0.0137 -7.255 -3.311 0.014 0.015 0.922 4920.1 2.0106 9.632511 2.120524 10.728893 8.60837 -65.06 0.17 892.642578 916.041077 2642057.01797 835.02 698010.0 607.24 2856300.0 1470.8 "" "" 0.0027766055934379127 0.0029457114 0.00382051 0.0067662215 316.88132361003 45.77447904585 902.377563 -7.255 -3.311 -6.99107462644577 -0.7087463245391845 0.28020647 0.28120646 -56.17411764705882 3.7223613 30.055983277812896 63.70944689935531 8.422187325594034 5.153571353356916
318.54553351075 45.93603505989 0.009 0.0095 42.2864 "" 3589-1727-2 2164043603107379840 764.100281 1.286 0.0111 0.717 6.787 0.011 0.011 0.928 4886.1 2.4164 9.88067 1.175929 10.390269 9.21434 "" "" 758.12207 769.594238 2102224.24406 308.62 953480.0 481.97 1634600.0 414.31 "" "" 0.002759926727831462 0.0028436342 0.0037893876 0.006633022 318.54553351075 45.93603505989 764.100281 0.7170000000000001 6.787 0.9809253735542297 9.389253675460814 0.27720648 0.27720648 "" "" 34.191410641401454 "" 9.478080607338532 ""
317.96636094411 45.91196671255 0.0106 0.0106 22.9184 "" 3589-1199-1 2164089679515345280 885.134827 1.1121 0.0127 4.34 0.166 0.014 0.012 0.994 "" "" 9.882882 0.578863 10.091172 9.512309 "" "" 874.15155 894.71582 2097943.12311 572.31 1255900.0 407.92 1242300.0 253.91 "" "" 0.002771193697207294 0.0028123674 0.0037858912 0.0065982584 317.96636094411 45.91196671255 885.134827 4.34 0.166 4.60392537355423 2.7682536754608154 0.28020647 0.27820647 "" "" 22.538815991931973 "" 6.303583733792321 ""
317.60198809878 45.40844755742 0.0118 0.013 11.4484 "" 3588-1489-1 2162549023199355008 840.605225 1.1769 0.0154 -1.203 -2.587 0.015 0.015 0.839 "" "" 9.992338 0.182582 10.045115 9.862533 "" "" 830.056824 850.694153 1896756.34958 417.51 1310300.0 427.77 899800.0 221.26 "" "" 0.0027656654905747822 0.0028125946 0.0037888 0.0066013946 317.60198809878 45.40844755742 840.605225 -1.2029999999999994 -2.5869999999999993 -0.9390746264457703 0.015253675460815241 0.28120646 0.28120646 "" "" 3.7422071020449934 "" 1.0523328072884468 ""
318.66390363838 45.5585277814 0.0086 0.0085 42.1449 "" 3589-5111-1 1971869689488501760 725.467163 1.3579 0.0108 5.727 -1.06 0.011 0.011 0.836 "" "" 9.997262 0.759809 10.28451 9.524701 "" "" 719.281799 731.036194 1888174.04274 1368.0 1051000.0 2708.4 1228200.0 1897.3 "" "" 0.0028654092431492505 0.003951376 0.0041348287 0.0080862045 318.66390363838 45.5585277814 725.467163 5.727 -1.0600000000000007 5.99092537355423 1.5422536754608154 0.27720648 0.27720648 "" "" 21.2727589397251 "" 5.896946636271675 ""
317.68191948301 44.81199756012 0.0359 0.0417 46.9643 "" 3181-375-1 2162470236316708736 758.802917 1.3024 0.0446 -0.473 -2.961 0.046 0.049 2.804 11538.7 4.2361 9.999143 0.154167 10.042806 9.888639 -6.55 1.33 738.040527 785.259094 1884906.09764 431.42 1313100.0 503.2 878420.0 289.38 "" "" 0.0027665039421148705 0.0028210217 0.0037962692 0.006617291 317.68191948301 44.81199756012 758.802917 -0.4730000000000001 -2.961000000000001 -0.20907462644577024 -0.3587463245391844 0.31220648 0.31520647 2.3358823529411774 4.8823614 1.493447554275789 2.772495620222753 0.46961245479868985 4.121256809542373
318.13597731581 44.79971658462 0.0094 0.0095 51.737 "" 3181-223-1 1970319000138457984 649.879883 1.5138 0.0117 15.148 8.549 0.012 0.011 0.886 5187.9 2.9311 9.999714 1.223788 10.534475 9.310687 13.98 0.14 644.029846 655.892578 1883914.73875 263.18 834890.0 308.89 1495800.0 357.0 "" "" 0.002759491785006647 0.0028189376 0.003788255 0.0066071926 318.13597731581 44.79971658462 649.879883 15.148 8.549 15.41192537355423 11.151253675460815 0.27820647 0.27720648 22.865882352941178 3.6923614 58.59930528595189 62.90252106056431 16.282593557939784 15.227955592029861
318.15302587535 44.87479188175 0.0096 0.0095 47.9186 "" 3181-841-1 1971821409741375232 796.780518 1.2328 0.0116 2.616 -3.658 0.012 0.011 0.926 4364.4 1.9649 10.043841 1.42431 10.692073 9.267763 -45.91 0.18 789.60022 803.866516 1808882.12666 275.76 722080.0 517.13 1556200.0 392.18 "" "" 0.0027602872359655467 0.0028964912 0.0037892736 0.0066857645 318.15302587535 44.87479188175 796.780518 2.615999999999999 -3.657999999999999 2.87992537355423 -1.0557463245391845 0.27820647 0.27720648 -37.024117647058816 3.7323613 11.58454201846345 38.794160660089005 3.221524326860396 3.6896825972365184
317.57995401792 45.46763675603 0.0177 0.02 8.3573 "" "" 2164051368405581184 747.32019 1.3277 0.0229 0.197 -3.233 0.024 0.026 0.965 "" "" 10.049578 -0.007799 10.038198 10.045997 "" "" 736.839233 757.909424 1799349.32064 449.56 1318700.0 629.43 759910.0 241.57 "" "" 0.00276864136810514 0.0028378891 0.0037951092 0.0066329986 317.57995401792 45.46763675603 747.32019 0.19699999999999962 -3.233 0.46092537355422974 -0.6307463245391847 0.29020646 0.29220647 "" "" 2.7672875955421112 "" 0.8066969651102595 ""
318.63376307048 45.10997740926 0.0092 0.0102 50.2527 "" 3589-6905-1 1971818974512748928 737.460266 1.3324 0.0121 3.436 -19.526 0.012 0.013 0.949 "" "" 10.075559 1.234961 10.615462 9.380502 -83.48 0.22 730.843323 744.259949 1756803.43568 261.56 774880.0 314.21 1402700.0 280.83 "" "" 0.002760057922160744 0.0028246907 0.0037856277 0.006610318 318.63376307048 45.10997740926 737.460266 3.436 -19.526 3.6999253735542297 -16.923746324539184 0.27820647 0.27920648 -74.59411764705882 3.7723613 60.55526004524872 96.07924805435849 16.90466367195665 11.049613332079847
318.01885754465 45.83018701489 0.0127 0.0118 20.5836 "" 3589-6092-1 2164085521986884736 609.255493 1.6161 0.0154 -3.131 -3.745 0.017 0.014 1.036 "" "" 10.134117 1.546742 10.851665 9.304923 "" "" 605.08783 613.873108 1664561.74129 317.28 623380.0 304.04 1503800.0 342.64 "" "" 0.0027630812569281174 0.0028399762 0.0037874696 0.006627446 318.01885754465 45.83018701489 609.255493 -3.1310000000000002 -3.745 -2.86707462644577 -1.1427463245391847 0.28320646 0.28020647 "" "" 8.913181830473803 "" 2.5206218985067648 ""
318.86673512244 45.76534325686 0.0378 0.0404 51.5424 "" 3589-5733-1 1971966446506592640 793.866699 1.2556 0.0485 7.398 3.724 0.049 0.045 2.65 9182.1 3.5384 10.138391 0.269032 10.227632 9.9586 -32.0 2.67 766.144531 826.017517 1658021.50383 442.56 1107600.0 410.79 823600.0 195.45 "" "" 0.0027705191761281983 0.0028190778 0.0037881546 0.0066072326 318.86673512244 45.76534325686 793.866699 7.398 3.7239999999999998 7.661925373554229 6.326253675460816 0.31520647 0.31120646 -23.114117647058823 6.2223616 37.38892562926694 43.956730932963275 11.72483455115632 10.495986180391375
317.75921209074 45.34445062455 0.0126 0.0133 15.5599 "" 3588-3137-1 2164001856019533440 810.585632 1.2213 0.0162 -7.235 -10.519 0.016 0.017 0.919 "" "" 10.185578 0.29007 10.281878 9.991809 -5.82 9.0 799.793457 820.621826 1587505.64383 462.4 1053600.0 406.69 798790.0 304.8 "" "" 0.0027734097733711893 0.0028214692 0.0038020213 0.0066234907 317.75921209074 45.34445062455 810.585632 -7.235000000000001 -10.519000000000002 -6.971074626445771 -7.916746324539185 0.28220648 0.28320646 3.065882352941177 12.5523615 40.52917450856343 40.64497042621219 11.4604414851591 11.466948419288931
318.42444379896 45.64039160572 0.009 0.0097 32.127 "" "" 2164021814710315392 729.228333 1.3485 0.0111 6.552 -1.119 0.012 0.012 0.895 "" "" 10.218235 1.400345 10.853374 9.453029 -13.29 0.2 723.262024 735.136536 1540467.59058 212.0 622400.0 254.36 1312000.0 301.91 "" "" 0.0027593687004940364 0.002825231 0.003787631 0.006612862 318.42444379896 45.64039160572 729.228333 6.552000000000001 -1.119 6.815925373554229 1.4832536754608154 0.27820647 0.27820647 -4.404117647058822 3.7523613 24.110932391173563 24.50986154634247 6.707817331777473 6.632997391191132
317.91608262108 45.1649406807 0.0085 0.0093 27.92 "" 3589-6785-1 2163984431315075328 809.799927 1.2115 0.0107 -7.956 -6.931 0.011 0.012 0.859 "" "" 10.245867 1.381223 10.870048 9.488826 -12.62 0.26 802.888306 817.537537 1501758.05748 223.57 612910.0 307.18 1269500.0 249.05 "" "" 0.0027600571685043877 0.0028427362 0.0037853792 0.0066281157 317.91608262108 45.1649406807 809.799927 -7.956 -6.9310000000000045 -7.692074626445771 -4.328746324539185 0.27720648 0.27820647 -3.734117647058822 3.8123612 33.879866201653144 34.08502557493532 9.399878337886062 9.352630202034895
317.1673705702 45.80178452937 0.0089 0.0093 24.1592 "" 3588-1638-1 2162760507398500736 666.503601 1.4754 0.0109 2.247 -11.479 0.013 0.013 0.94 "" "" 10.297988 1.555119 11.027741 9.472623 -12.63 0.16 662.218018 671.620605 1431369.03139 263.59 530050.0 257.49 1288600.0 266.85 "" "" 0.0027625650686544556 0.0028395834 0.003786064 0.0066256477 317.1673705702 45.80178452937 666.503601 2.246999999999999 -11.479 2.5109253735542296 -8.876746324539184 0.27920648 0.27920648 -3.7441176470588236 3.7123613 29.14399754055315 29.38351595025322 8.137193099212329 8.0847137632695
