Clusters/NGC_7039/NGC_7039_stars_in_region.tsv
# %ECSV 1.0
# ---
# datatype:
# - name: RA_ICRS_1
#   unit: deg
#   datatype: float64
#   format: '{:15.11f}'
#   description: Right ascension (ICRS) at Ep=2016.0 (ra)
#   meta: !!omap
#   - {ucd: POS_EQ_RA_MAIN}
#   - {width: 15}
#   - {precision: '11'}
# - name: DE_ICRS_1
#   unit: deg
#   datatype: float64
#   format: '{:15.11f}'
#   description: Declination (ICRS) at Ep=2016.0 (dec)
#   meta: !!omap
#   - {ucd: POS_EQ_DEC_MAIN}
#   - {width: 15}
#   - {precision: '11'}
# - name: e_RA_ICRS
#   unit: mas
#   datatype: float64
#   format: '{:7.4f}'
#   description: Standard error of right ascension (ra_error)
#   meta: !!omap
#   - {ucd: ERROR}
#   - {width: 7}
#   - {precision: '4'}
# - name: e_DE_ICRS
#   unit: mas
#   datatype: float64
#   format: '{:7.4f}'
#   description: Standard error of declination (dec_error)
#   meta: !!omap
#   - {ucd: ERROR}
#   - {width: 7}
#   - {precision: '4'}
# - name: _r_1
#   unit: ''
#   datatype: float64
#   format: '{:7.4f}'
#   description: Distance from center (317.66170879000+45.59460559000)[ICRS], at Epoch=J2016.0
#   meta: !!omap
#   - {ucd: POS_ANG_DIST_GENERAL}
#   - {width: 7}
#   - {precision: '4'}
# - name: HIP
#   datatype: int32
#   description: '? HIP cross-id number, van Leeuwen, Cat. I/311 (hip_original_ext_source_id)'
#   meta: !!omap
#   - {ucd: ID_NUMBER}
#   - {width: 6}
#   - values: {'null': -2147483648}
# - name: TYC2
#   datatype: string
#   description: Tycho-2 cross-id name, Hog et al., Cat. I/259 (tyc2_original_ext_source_id)
#   meta: !!omap
#   - {ucd: ID_CROSSID}
#   - {_votable_string_dtype: char}
# - name: Source
#   datatype: int64
#   description: Source identifier, identical to the Gaia-EDR3 source_id (id)
#   meta: !!omap
#   - {ucd: ID_MAIN}
#   - {width: 19}
# - name: rgeo
#   unit: pc
#   datatype: float64
#   format: '{:15.8f}'
#   description: '? Median of the geometric distance posterior (r_med_geo)'
#   meta: !!omap
#   - {ucd: PHYS_DISTANCE_TRUE}
#   - {width: 15}
#   - {precision: '8'}
#   - values: {'null': .nan}
# - name: Plx
#   unit: mas
#   datatype: float64
#   format: '{:9.4f}'
#   description: '? Parallax (parallax)'
#   meta: !!omap
#   - {ucd: POS_PARLX_TRIG}
#   - {width: 9}
#   - {precision: '4'}
#   - values: {'null': .nan}
# - name: e_Plx
#   unit: mas
#   datatype: float32
#   format: '{:7.4f}'
#   description: '? Standard error of parallax (parallax_error)'
#   meta: !!omap
#   - {ucd: ERROR}
#   - {width: 7}
#   - {precision: '4'}
#   - values: {'null': .nan}
# - name: pmRA
#   unit: mas / yr
#   datatype: float64
#   format: '{:9.3f}'
#   description: '? Proper motion in right ascension direction, pmRA*cosDE (pmra)'
#   meta: !!omap
#   - {ucd: POS_EQ_PMRA}
#   - {width: 9}
#   - {precision: '3'}
#   - values: {'null': .nan}
# - name: pmDE
#   unit: mas / yr
#   datatype: float64
#   format: '{:9.3f}'
#   description: '? Proper motion in declination direction (pmdec)'
#   meta: !!omap
#   - {ucd: POS_EQ_PMDEC}
#   - {width: 9}
#   - {precision: '3'}
#   - values: {'null': .nan}
# - name: e_pmRA
#   unit: mas / yr
#   datatype: float32
#   format: '{:6.3f}'
#   description: '? Standard error of proper motion in right ascension direction (pmra_error)'
#   meta: !!omap
#   - {ucd: ERROR}
#   - {width: 6}
#   - {precision: '3'}
#   - values: {'null': .nan}
# - name: e_pmDE
[...]
#         value: !astropy.table.SerializedColumn {name: SkyCoord.dec}
#       distance: !astropy.table.SerializedColumn
#         __class__: astropy.coordinates.distances.Distance
#         unit: !astropy.units.Unit {unit: pc}
#         value: !astropy.table.SerializedColumn {name: SkyCoord.distance}
#       frame: icrs
#       obstime: !astropy.time.Time {format: jyear_str, in_subfmt: '*', jd1: 367701545.0, jd2: 0.0, out_subfmt: '*', precision: 3, scale: tt}
#       pm_dec: !astropy.table.SerializedColumn
#         __class__: astropy.units.quantity.Quantity
#         unit: !astropy.units.Unit {unit: mas / yr}
#         value: !astropy.table.SerializedColumn {name: SkyCoord.pm_dec}
#       pm_ra_cosdec: !astropy.table.SerializedColumn
#         __class__: astropy.units.quantity.Quantity
#         unit: !astropy.units.Unit {unit: mas / yr}
#         value: !astropy.table.SerializedColumn {name: SkyCoord.pm_ra_cosdec}
#       ra: !astropy.table.SerializedColumn
#         __class__: astropy.coordinates.angles.Longitude
#         unit: *id001
#         value: !astropy.table.SerializedColumn {name: SkyCoord.ra}
#         wrap_angle: !astropy.coordinates.Angle
#           unit: *id001
#           value: 360.0
#       representation_type: spherical
# schema: astropy-2.0
RA_ICRS_1 DE_ICRS_1 e_RA_ICRS e_DE_ICRS _r_1 HIP TYC2 Source rgeo Plx e_Plx pmRA pmDE e_pmRA e_pmDE RUWE Teff logg Gmag BP-RP BPmag RPmag RV e_RV b_rgeo B_rgeo FG e_FG FBP e_FBP FRP e_FRP RAVE5 RAVE6 e_Gmag e_BPmag e_RPmag e_BP-RP SkyCoord.ra SkyCoord.dec SkyCoord.distance SkyCoord.pm_ra_cosdec SkyCoord.pm_dec rmRA rmDE e_rmRA e_rmDE rRV e_rRV v_pec v_pec3d e_vpec e_vpec3d
[from data line 1008]
317.15065126494 45.85845692751 0.0186 0.0196 26.6237 "" "" 2162764149530836864 756.616089 1.2957 0.0226 -3.36 -15.552 0.027 0.027 1.04 4877.9 4.3962 15.343967 1.345534 15.931317 14.585783 "" "" 743.603333 767.582458 13720.18405 3.467 5792.8 12.38 11610.0 43.363 "" "" 0.0027689459932611618 0.0036289317 0.005543312 0.009172244 317.15065126494 45.85845692751 756.616089 -3.3599999999999994 -15.552 -3.09607462644577 -12.949746324539184 0.29320648 0.29320648 "" "" 47.751361061121415 "" 14.001008641196266 ""
318.74641063353 45.30658879097 0.0185 0.0198 48.8172 "" "" 1971845706390608512 659.324768 1.4966 0.0238 -7.366 -13.52 0.025 0.027 0.994 5002.9 4.5433 15.347493 1.249938 15.896035 14.646097 "" "" 646.475098 670.969666 13675.69567 4.7652 5984.2 11.529 10983.0 12.402 "" "" 0.0027811712019695147 0.0034871863 0.003973265 0.0074604517 318.74641063353 45.30658879097 659.324768 -7.366 -13.52 -7.10207462644577 -10.917746324539184 0.29120648 0.29320648 "" "" 40.704045440958026 "" 11.910542350951248 ""
318.20223438277 45.43358082965 0.0198 0.0226 24.6943 "" "" 2163995327668666880 875.332825 1.1199 0.0256 2.138 -5.32 0.026 0.028 1.108 4987.7 4.3182 15.348901 1.229655 15.884198 14.654543 "" "" 854.790283 901.968201 13657.97992 3.6256 6049.8 10.972 10898.0 8.3071 "" "" 0.002770353357624345 0.0034150295 0.0038689366 0.007283966 318.20223438277 45.43358082965 875.332825 2.1380000000000003 -5.32 2.4019253735542296 -2.717746324539185 0.29220647 0.29420647 "" "" 15.048854038843373 "" 4.414296232567254 ""
316.42930844106 45.61921204139 0.0213 0.0237 51.7501 "" "" 2162745526551036928 628.168274 1.5638 0.0257 3.338 -0.254 0.027 0.028 0.934 5025.1 4.5478 15.356328 1.307975 15.920827 14.612852 "" "" 616.830322 640.81604 13564.86721 5.7966 5849.1 15.048 11324.0 31.56 "" "" 0.0027941098431335572 0.003948094 0.0048414962 0.00878959 316.42930844106 45.61921204139 628.168274 3.3379999999999965 -0.2539999999999999 3.60192537355423 2.3482536754608154 0.29320648 0.29420647 "" "" 12.802689290405905 "" 3.7576545583071392 ""
317.55914963249 44.75244839758 0.0217 0.0242 50.7153 "" "" 2162471267108901504 887.021851 1.0998 0.0266 -3.931 -11.529 0.029 0.029 1.09 "" "" 15.358141 "" "" "" "" "" 870.049805 906.097595 13542.23722 5.7359 "" "" "" "" "" "" 0.0027934334047222914 "" "" "" 317.55914963249 44.75244839758 887.021851 -3.9310000000000014 -11.529 -3.6670746264457703 -8.926746324539184 0.2952065 0.2952065 "" "" 40.57582313694564 "" 11.978246212646098 ""
317.94282211772 45.24284287035 0.0189 0.0209 24.1995 "" "" 2163985878741129344 815.353577 1.1945 0.0241 -0.252 -0.855 0.026 0.027 0.984 5301.6 4.5121 15.36165 1.151091 15.850166 14.699076 "" "" 800.052429 831.71228 13498.53113 6.2392 6242.4 12.381 10460.0 16.972 "" "" 0.002800648932577995 0.0035245225 0.004169799 0.0076943217 317.94282211772 45.24284287035 815.353577 -0.252 -0.855 0.011925373554229735 1.7472536754608154 0.29220647 0.29320648 "" "" 6.752901273543865 "" 1.9799941192827664 ""
317.53942197749 45.33047397201 0.0191 0.0208 16.6625 "" "" 2162548370364307968 622.583801 1.5726 0.0247 3.473 -11.778 0.026 0.025 0.978 4720.1 4.4424 15.371021 1.371188 15.991977 14.620789 "" "" 613.965088 631.153442 13382.53116 3.635 5478.1 7.6824 11242.0 9.4066 "" "" 0.0027710578660220713 0.0031785872 0.0038870368 0.007065624 317.53942197749 45.33047397201 622.583801 3.472999999999996 -11.777999999999995 3.7369253735542296 -9.175746324539185 0.29220647 0.29120648 "" "" 29.237556239352813 "" 8.518331368348871 ""
318.32863596148 44.86734446974 0.0241 0.0255 51.9441 "" "" 1971810315858410624 878.980225 1.1124 0.0302 1.808 -2.52 0.031 0.03 1.326 5528.4 4.5356 15.371109 1.298877 15.902361 14.603484 "" "" 856.135254 898.90271 13381.44356 5.4344 5949.4 27.603 11423.0 40.051 "" "" 0.002790378402520679 0.0057585207 0.0053642597 0.01112278 318.32863596148 44.86734446974 878.980225 1.808 -2.52 2.0719253735542296 0.08225367546081541 0.29720646 0.29620647 "" "" 8.639199733223 "" 2.567612411154828 ""
317.48542906331 45.24272352095 0.0187 0.0204 22.3802 "" "" 2162546033901700096 624.738037 1.569 0.0241 4.57 -5.637 0.024 0.025 0.998 5129.4 4.6085 15.371161 1.347815 15.971281 14.623466 "" "" 613.358765 636.726929 13380.80454 4.6794 5583.5 10.366 11214.0 13.816 "" "" 0.0027813586497590715 0.0034421145 0.0040091225 0.007451237 317.48542906331 45.24272352095 624.738037 4.570000000000003 -5.637000000000005 4.83392537355423 -3.034746324539184 0.29020646 0.29120648 "" "" 16.901631673980535 "" 4.909746961548777 ""
318.40192666315 44.99809468963 0.0207 0.0213 47.5078 "" "" 1971817256526163072 721.784363 1.3598 0.0255 -2.251 -5.578 0.026 0.025 0.933 4822.2 4.4705 15.371445 1.192229 15.889621 14.697392 "" "" 709.164124 733.501221 13377.31358 6.0665 6019.6 12.253 10476.0 18.874 "" "" 0.002798967643484997 0.0035593961 0.004255594 0.00781499 318.40192666315 44.99809468963 721.784363 -2.251 -5.577999999999992 -1.9870746264457702 -2.975746324539185 0.29220647 0.29120648 "" "" 12.241952845699963 "" 3.5687156957555595 ""
317.69663610619 46.20242183478 0.0173 0.0196 36.4981 "" "" 2164296318985931008 834.434387 1.1683 0.0218 -5.126 -11.802 0.022 0.024 0.992 5748.3 4.3657 15.371915 1.400624 16.000242 14.599618 "" "" 821.154419 849.438782 13371.51901 6.5287 5436.5 10.731 11463.0 15.476 "" "" 0.002805853086816519 0.0035182356 0.004053689 0.0075719245 317.69663610619 46.20242183478 834.434387 -5.125999999999992 -11.802 -4.862074626445771 -9.199746324539184 0.28820646 0.29020646 "" "" 41.15615893548129 "" 11.925860423332733 ""
317.09743923614 44.89599766517 0.0179 0.0189 48.22 "" "" 2162511532415926272 774.61615 1.2622 0.0221 -6.272 -3.607 0.023 0.024 1.027 5191.5 4.1841 15.372436 1.725191 16.195112 14.469921 "" "" 762.562683 788.074707 13365.10652 3.5664 4543.3 9.7603 12918.0 11.279 "" "" 0.002770510498034032 0.003636683 0.0038964592 0.0075331423 317.09743923614 44.89599766517 774.61615 -6.272 -3.607 -6.0080746264457705 -1.0047463245391848 0.28920648 0.29020646 "" "" 22.366073312235685 "" 6.469022727295712 ""
317.22670529175 44.81683865219 0.0176 0.0186 50.1583 "" "" 2162464566959100160 846.59491 1.1451 0.0225 -0.198 -3.0 0.023 0.024 0.98 7116.1 4.1843 15.372483 2.035739 16.384058 14.348319 -89.05 9.66 830.26532 862.812927 13364.52645 4.2452 3817.6 12.464 14449.0 24.793 "" "" 0.0027768205009732786 0.004511167 0.0042136135 0.008724781 317.22670529175 44.81683865219 846.59491 -0.19800000000000006 -3.0 0.06592537355422973 -0.39774632453918457 0.28920648 0.29020646 -80.16411764705882 13.212361 1.617875885987065 80.18044200747427 0.4694748520063626 13.209674757896273
318.3424724977 45.58198669388 0.0197 0.0209 28.5942 "" "" 2164020032322224512 885.97113 1.102 0.0249 -0.783 -3.751 0.024 0.027 0.985 5789.6 4.3959 15.373793 1.340601 15.966757 14.626156 "" "" 870.829041 904.227112 13348.41669 8.3331 5606.8 17.719 11187.0 18.413 "" "" 0.0028374638988732112 0.004422478 0.0041805804 0.008603059 318.3424724977 45.58198669388 885.97113 -0.7830000000000006 -3.750999999999999 -0.5190746264457703 -1.1487463245391845 0.29020646 0.29320648 "" "" 5.293800776395949 "" 1.5494953185155198 ""
317.99652363735 45.86447664893 0.0202 0.0194 21.4203 "" "" 2164086346620658048 760.657104 1.2886 0.0238 8.45 2.289 0.027 0.023 1.0 5395.0 4.5259 15.376035 1.220889 15.908032 14.687143 "" "" 748.104858 773.476929 13320.8732 3.5558 5918.4 10.14 10575.0 11.322 "" "" 0.0027705207557553774 0.003353411 0.0039541083 0.007307519 317.99652363735 45.86447664893 760.657104 8.45 2.289 8.713925373554229 4.891253675460815 0.29320648 0.28920648 "" "" 36.02933244747808 "" 10.529684891046829 ""
317.24355427471 46.36962164434 0.0231 0.0244 49.6615 "" "" 2164292711211993216 803.358276 1.2166 0.0282 -1.152 -0.084 0.028 0.031 1.193 "" "" 15.382685 1.450832 16.037928 14.587095 "" "" 787.843323 823.396729 13239.54 23.115 5251.0 20.513 11596.0 68.591 "" "" 0.00334440807415474 0.0050768796 0.0074517294 0.0125286095 317.24355427471 46.36962164434 803.358276 -1.1519999999999992 -0.08399999999999995 -0.8880746264457702 2.5182536754608154 0.29420647 0.29720646 "" "" 10.168124347277097 "" 3.018673355086973 ""
317.74355266324 44.69452729275 0.0185 0.0212 54.1156 "" "" 1970315254925504384 782.849609 1.2492 0.0236 1.378 0.375 0.025 0.027 0.989 5382.1 4.497 15.38319 1.234857 15.923726 14.688869 "" "" 770.893188 799.197693 13233.3823 3.9841 5833.5 11.573 10559.0 10.505 "" "" 0.0027746418959269043 0.0035248639 0.0039307154 0.007455579 317.74355266324 44.69452729275 782.849609 1.3780000000000008 0.3749999999999999 1.6419253735542296 2.9772536754608154 0.29120648 0.29320648 "" "" 12.616381587112846 "" 3.6933356981730263 ""
317.10182597585 45.41333080631 0.0197 0.0204 25.9348 "" "" 2162561289625838848 617.579346 1.5941 0.0238 3.411 -4.646 0.025 0.025 1.005 5263.2 4.397 15.383248 1.614474 16.142494 14.52802 "" "" 609.826111 624.341614 13232.66827 3.5267 4768.9 11.012 12245.0 12.865 "" "" 0.0027704731144624936 0.0037510819 0.003947777 0.007698859 317.10182597585 45.41333080631 617.579346 3.4109999999999996 -4.645999999999999 3.6749253735542298 -2.0437463245391845 0.29120648 0.29120648 "" "" 12.309389034866928 "" 3.584573840378109 ""
317.10545544999 45.78371728992 0.0198 0.0205 25.9287 "" "" 2162760610477683712 613.169434 1.604 0.0234 -23.739 -19.832 0.027 0.025 1.009 4980.6 4.5069 15.391716 1.286077 15.941647 14.65557 "" "" 604.317322 621.301514 13129.86676 4.201 5738.0 20.569 10888.0 29.689 "" "" 0.0027771332094410433 0.004788841 0.004800891 0.009589732 317.10545544999 45.78371728992 613.169434 -23.738999999999997 -19.831999999999997 -23.47507462644577 -17.229746324539185 0.29320648 0.29120648 "" "" 84.63348849298828 "" 24.75595885057715 ""
318.19382844681 45.84603555721 0.0194 0.0189 26.9153 "" "" 2164040098409996288 848.889404 1.1436 0.0236 -0.963 -2.313 0.025 0.024 0.996 5172.0 4.3383 15.395607 1.311385 15.972539 14.661154 "" "" 830.494324 873.098877 13082.89395 13.901 5577.0 22.964 10832.0 31.034 "" "" 0.002987080758903218 0.0052698967 0.0048948927 0.01016479 318.19382844681 45.84603555721 848.889404 -0.9630000000000001 -2.313 -0.6990746264457702 0.28925367546081526 0.29120648 0.29020646 "" "" 3.044170914916044 "" 0.8860379516673863 ""
318.07233679586 46.355534075 0.0204 0.0212 48.7607 "" "" 2164113696972068352 860.033203 1.1386 0.0253 -6.116 -3.676 0.026 0.026 0.994 6032.1 4.5816 15.395826 1.301154 15.965238 14.664084 "" "" 842.455444 884.321777 13080.2595 3.8272 5614.6 9.4097 10803.0 9.9048 "" "" 0.00277357343823012 0.003331077 0.003908283 0.0072393604 318.07233679586 46.355534075 860.033203 -6.116 -3.676000000000001 -5.85207462644577 -1.0737463245391847 0.29220647 0.29220647 "" "" 24.25456016248132 "" 7.087339314264668 ""
316.94406721027 45.59616311121 0.0202 0.0208 30.129 "" "" 2162751883103575552 666.988586 1.4744 0.0251 10.014 -7.392 0.027 0.025 1.032 5216.2 4.451 15.396151 1.507698 16.091545 14.583847 "" "" 654.713562 676.91156 13076.34718 3.7204 4998.0 8.2726 11631.0 10.984 "" "" 0.0027725823400802977 0.0033188227 0.003915999 0.007234822 316.94406721027 45.59616311121 666.988586 10.014 -7.392 10.277925373554229 -4.789746324539185 0.29320648 0.29120648 "" "" 35.849169328035885 "" 10.498451813622577 ""
318.81202767402 45.87923573007 0.0423 0.0447 51.1092 "" "" 2164121634065192320 770.675476 1.2835 0.0526 0.85 -9.674 0.057 0.05 2.063 6634.1 4.3415 15.401695 1.380027 15.994821 14.614794 "" "" 744.040222 803.428894 13009.74073 8.8989 5463.7 11.523 11304.0 15.72 "" "" 0.002853653492059343 0.0036094824 0.0040698266 0.0076793088 318.81202767402 45.87923573007 770.675476 0.8500000000000014 -9.674 1.1139253735542298 -7.071746324539184 0.32320648 0.31620649 "" "" 26.15162138602963 "" 8.273792238887195 ""
318.37063944774 45.485059874 0.0187 0.0208 30.509 "" "" 2164016110995860480 867.98822 1.1212 0.0236 3.516 -10.018 0.024 0.026 1.026 5165.8 4.3465 15.402789 1.237256 15.938438 14.701182 "" "" 852.346436 883.022827 12996.63589 3.2585 5754.9 15.315 10440.0 11.987 "" "" 0.0027687343824828506 0.004016655 0.003979672 0.007996327 318.37063944774 45.485059874 867.98822 3.5159999999999996 -10.018 3.7799253735542298 -7.415746324539185 0.29020646 0.29220647 "" "" 34.24519568023187 "" 9.992581247108815 ""
317.39241715654 45.24783983405 0.0207 0.0226 23.696 "" "" 2162541086099433344 737.400757 1.3383 0.027 -11.042 -10.263 0.026 0.029 1.116 5242.6 4.5052 15.404779 1.329601 15.995082 14.665481 "" "" 718.981079 756.422607 12972.8495 3.4116 5462.4 7.7048 10789.0 12.668 "" "" 0.0027700749115287526 0.0031828259 0.0039885975 0.007171423 317.39241715654 45.24783983405 737.400757 -11.042 -10.263 -10.77807462644577 -7.6607463245391845 0.29220647 0.2952065 "" "" 46.218901143297394 "" 13.552158262957736 ""
318.26677823434 45.23531029681 0.022 0.0252 33.3793 "" "" 1971835364108536064 664.641602 1.4752 0.0291 3.108 -4.12 0.03 0.032 1.16 4627.6 4.3848 15.408531 1.296015 15.940871 14.644856 "" "" 652.578613 677.999329 12928.08809 12.06 5742.1 18.679 10996.0 40.219 "" "" 0.0029355779129997513 0.0045010326 0.005482161 0.009983193 318.26677823434 45.23531029681 664.641602 3.108 -4.12 3.37192537355423 -1.5177463245391847 0.29620647 0.29820648 "" "" 11.649429908216868 "" 3.4545727176622014 ""
317.26619871743 45.79860690043 0.0183 0.0198 20.6044 "" "" 2162759957642714624 718.263306 1.3639 0.0231 6.268 -0.217 0.026 0.028 0.99 5152.2 4.5192 15.410042 1.234224 15.950182 14.715958 "" "" 704.907898 729.987061 12910.10967 3.9423 5693.0 9.0163 10299.0 12.484 "" "" 0.002775195900269985 0.0032774769 0.0040019746 0.0072794515 317.26619871743 45.79860690043 718.263306 6.267999999999997 -0.21700000000000022 6.5319253735542295 2.3852536754608153 0.29220647 0.29420647 "" "" 23.674722104900603 "" 6.923494770499344 ""
316.75104229801 46.1245244451 0.0224 0.0272 49.5868 "" "" 2162829123799288960 610.337769 1.6058 0.0284 0.206 -3.09 0.031 0.036 1.259 4920.5 4.6014 15.413301 1.286763 15.943629 14.656866 "" "" 600.603638 619.564758 12871.42572 5.5202 5727.5 36.867 10875.0 43.709 "" "" 0.0027943894119181957 0.007525099 0.005772917 0.013298016 316.75104229801 46.1245244451 610.337769 0.20599999999999996 -3.09 0.4699253735542297 -0.48774632453918443 0.29720646 0.30220646 "" "" 1.9594104665684369 "" 0.5874506146311782 ""
316.65766096198 45.73896911481 0.0553 0.0527 42.981 "" "" 2162770334262447488 889.301453 1.1129 0.0641 -7.971 -5.936 0.07 0.068 2.531 "" "" 15.41576 1.400783 15.647368 14.246586 "" "" 841.894226 944.355652 12842.29708 12.943 7524.4 55.549 15868.0 115.33 "" "" 0.002964653832607238 0.008487209 0.00874958 0.017236788 316.65766096198 45.73896911481 889.301453 -7.971 -5.936 -7.70707462644577 -3.3337463245391845 0.33620647 0.33420646 "" "" 35.396597743917134 "" 11.889434946389281 ""
317.34491340952 45.70903848165 0.1113 0.1147 14.9559 "" "" 2162571043478126592 902.335266 1.1161 0.1364 15.451 3.922 0.148 0.152 5.373 5638.9 4.6938 15.418728 1.440805 15.966466 14.525661 "" "" 812.486694 1031.849 12807.24633 17.004 5608.3 13.977 12271.0 18.332 "" "" 0.0031096236444776285 0.0038867448 0.0041127424 0.007999487 317.34491340952 45.70903848165 902.335266 15.450999999999983 3.922000000000001 15.71492537355423 6.524253675460816 0.41420648 0.41820645 "" "" 72.7761592774485 "" 30.1873303432761 ""
318.17833786111 46.25222253253 0.0296 0.0263 44.9642 "" "" 2164100537192324096 904.591858 1.0839 0.0332 -8.391 -4.053 0.036 0.034 1.054 "" "" 15.421303 "" "" "" "" "" 881.746704 930.657837 12776.90827 22.012 "" "" "" "" "" "" 0.0033302499093712397 "" "" "" 318.17833786111 46.25222253253 904.591858 -8.391 -4.052999999999999 -8.12707462644577 -1.4507463245391845 0.30220646 0.30020648 "" "" 35.39783601643281 "" 10.695275394065062 ""
