Clusters/BH_205/BH_205_stars_in_region.tsv
# %ECSV 1.0
# ---
# datatype:
# - name: RA_ICRS_1
#   unit: deg
#   datatype: float64
#   format: '{:15.11f}'
#   description: Right ascension (ICRS) at Ep=2016.0 (ra)
#   meta: !!omap
#   - {ucd: POS_EQ_RA_MAIN}
#   - {width: 15}
#   - {precision: '11'}
# - name: DE_ICRS_1
#   unit: deg
#   datatype: float64
#   format: '{:15.11f}'
#   description: Declination (ICRS) at Ep=2016.0 (dec)
#   meta: !!omap
#   - {ucd: POS_EQ_DEC_MAIN}
#   - {width: 15}
#   - {precision: '11'}
# - name: e_RA_ICRS
#   unit: mas
#   datatype: float64
#   format: '{:7.4f}'
#   description: Standard error of right ascension (ra_error)
#   meta: !!omap
#   - {ucd: ERROR}
#   - {width: 7}
#   - {precision: '4'}
# - name: e_DE_ICRS
#   unit: mas
#   datatype: float64
#   format: '{:7.4f}'
#   description: Standard error of declination (dec_error)
#   meta: !!omap
#   - {ucd: ERROR}
#   - {width: 7}
#   - {precision: '4'}
# - name: _r_1
#   unit: ''
#   datatype: float64
#   format: '{:7.4f}'
#   description: Distance from center (254.05900975000-40.63669538000)[ICRS], at Epoch=J2016.0
#   meta: !!omap
#   - {ucd: POS_ANG_DIST_GENERAL}
#   - {width: 7}
#   - {precision: '4'}
# - name: HIP
#   datatype: int32
#   description: '? HIP cross-id number, van Leeuwen, Cat. I/311 (hip_original_ext_source_id)'
#   meta: !!omap
#   - {ucd: ID_NUMBER}
#   - {width: 6}
#   - values: {'null': -2147483648}
# - name: TYC2
#   datatype: string
#   description: Tycho-2 cross-id name, Hog et al., Cat. I/259 (tyc2_original_ext_source_id)
#   meta: !!omap
#   - {ucd: ID_CROSSID}
#   - {_votable_string_dtype: char}
# - name: Source
#   datatype: int64
#   description: Source identifier, identical to the Gaia-EDR3 source_id (id)
#   meta: !!omap
#   - {ucd: ID_MAIN}
#   - {width: 19}
# - name: rgeo
#   unit: pc
#   datatype: float64
#   format: '{:15.8f}'
#   description: '? Median of the geometric distance posterior (r_med_geo)'
#   meta: !!omap
#   - {ucd: PHYS_DISTANCE_TRUE}
#   - {width: 15}
#   - {precision: '8'}
#   - values: {'null': .nan}
# - name: Plx
#   unit: mas
#   datatype: float64
#   format: '{:9.4f}'
#   description: '? Parallax (parallax)'
#   meta: !!omap
#   - {ucd: POS_PARLX_TRIG}
#   - {width: 9}
#   - {precision: '4'}
#   - values: {'null': .nan}
# - name: e_Plx
#   unit: mas
#   datatype: float32
#   format: '{:7.4f}'
#   description: '? Standard error of parallax (parallax_error)'
#   meta: !!omap
#   - {ucd: ERROR}
#   - {width: 7}
#   - {precision: '4'}
#   - values: {'null': .nan}
# - name: pmRA
#   unit: mas / yr
#   datatype: float64
#   format: '{:9.3f}'
#   description: '? Proper motion in right ascension direction, pmRA*cosDE (pmra)'
#   meta: !!omap
#   - {ucd: POS_EQ_PMRA}
#   - {width: 9}
#   - {precision: '3'}
#   - values: {'null': .nan}
# - name: pmDE
#   unit: mas / yr
#   datatype: float64
#   format: '{:9.3f}'
#   description: '? Proper motion in declination direction (pmdec)'
#   meta: !!omap
#   - {ucd: POS_EQ_PMDEC}
#   - {width: 9}
#   - {precision: '3'}
#   - values: {'null': .nan}
# - name: e_pmRA
#   unit: mas / yr
#   datatype: float32
#   format: '{:6.3f}'
#   description: '? Standard error of proper motion in right ascension direction (pmra_error)'
#   meta: !!omap
#   - {ucd: ERROR}
#   - {width: 6}
#   - {precision: '3'}
#   - values: {'null': .nan}
# - name: e_pmDE
[...]
#         value: !astropy.table.SerializedColumn {name: SkyCoord.dec}
#       distance: !astropy.table.SerializedColumn
#         __class__: astropy.coordinates.distances.Distance
#         unit: !astropy.units.Unit {unit: pc}
#         value: !astropy.table.SerializedColumn {name: SkyCoord.distance}
#       frame: icrs
#       obstime: !astropy.time.Time {format: jyear_str, in_subfmt: '*', jd1: 367701545.0, jd2: 0.0, out_subfmt: '*', precision: 3, scale: tt}
#       pm_dec: !astropy.table.SerializedColumn
#         __class__: astropy.units.quantity.Quantity
#         unit: !astropy.units.Unit {unit: mas / yr}
#         value: !astropy.table.SerializedColumn {name: SkyCoord.pm_dec}
#       pm_ra_cosdec: !astropy.table.SerializedColumn
#         __class__: astropy.units.quantity.Quantity
#         unit: !astropy.units.Unit {unit: mas / yr}
#         value: !astropy.table.SerializedColumn {name: SkyCoord.pm_ra_cosdec}
#       ra: !astropy.table.SerializedColumn
#         __class__: astropy.coordinates.angles.Longitude
#         unit: *id001
#         value: !astropy.table.SerializedColumn {name: SkyCoord.ra}
#         wrap_angle: !astropy.coordinates.Angle
#           unit: *id001
#           value: 360.0
#       representation_type: spherical
# schema: astropy-2.0
RA_ICRS_1 DE_ICRS_1 e_RA_ICRS e_DE_ICRS _r_1 HIP TYC2 Source rgeo Plx e_Plx pmRA pmDE e_pmRA e_pmDE RUWE Teff logg Gmag BP-RP BPmag RPmag RV e_RV b_rgeo B_rgeo FG e_FG FBP e_FBP FRP e_FRP RAVE5 RAVE6 e_Gmag e_BPmag e_RPmag e_BP-RP SkyCoord.ra SkyCoord.dec SkyCoord.distance SkyCoord.pm_ra_cosdec SkyCoord.pm_dec rmRA rmDE e_rmRA e_rmDE rRV e_rRV v_pec v_pec3d e_vpec e_vpec3d
[from data line 2520]
254.45055184763 -40.5994666576 0.0515 0.0325 17.9717 "" "" 5966692851085639296 1807.09106 0.5231 0.0563 -0.341 -1.167 0.072 0.053 1.144 8359.4 3.8504 16.26455 1.622199 17.006994 15.384795 "" "" 1671.80835 2012.92468 5876.60963 3.5082 2150.9 15.224 5562.1 18.221 "" "" 0.002830529977735777 0.008175652 0.005189841 0.013365492 254.45055184763 -40.5994666576 1807.09106 -0.34099999999999975 -1.167 -0.22492592221498492 -0.06588894557952885 0.18715656 0.16815655 "" "" 2.0075904964518214 "" 0.3728612274700847 ""
254.21638938222 -40.64704718021 0.0469 0.0294 7.192 "" "" 5966694530404666368 1602.37 0.6042 0.0486 -1.115 -0.311 0.061 0.045 1.041 5579.2 4.582 16.265049 1.217917 16.79436 15.576442 "" "" 1491.07507 1741.98108 5873.91098 3.041 2616.2 8.3255 4662.1 8.5891 "" "" 0.0028120713814561737 0.004441051 0.0042760777 0.008717129 254.21638938222 -40.64704718021 1602.37 -1.1150000000000002 -0.31099999999999994 -0.9989259222149849 0.7901110544204712 0.17615655 0.16015655 "" "" 9.673503012701664 "" 1.646208840290037 ""
253.82974567369 -40.91834452966 0.0479 0.0325 19.8514 "" "" 5969662563259187072 1613.39062 0.6063 0.0593 -2.028 -3.444 0.065 0.052 0.963 "" "" 16.265684 1.449009 16.925556 15.476547 "" "" 1461.8811 1793.30774 5870.46981 3.1809 2318.4 8.2655 5111.4 9.752 "" "" 0.0028174262161103024 0.004771629 0.004309838 0.009081467 253.82974567369 -40.91834452966 1613.39062 -2.0280000000000014 -3.444000000000004 -1.911925922214985 -2.3428889455795288 0.18015656 0.16715655 "" "" 23.125970805503965 "" 3.988554119429409 ""
254.14622343301 -40.38404064318 0.0397 0.0263 15.6726 "" "" 5969704168607661440 1338.53455 0.7251 0.0438 -4.975 -8.097 0.056 0.043 0.962 5883.0 4.6389 16.266745 1.27683 16.825405 15.548575 "" "" 1265.21301 1422.15222 5864.74534 2.4002 2542.5 7.7101 4783.3 11.746 "" "" 0.0027909199064246573 0.004315725 0.004625165 0.00894089 254.14622343301 -40.38404064318 1338.53455 -4.974999999999999 -8.096999999999994 -4.8589259222149845 -6.995888945579528 0.17115656 0.15815656 "" "" 54.042010078611234 "" 8.78188616651116 ""
253.61322015124 -40.45193553662 0.0476 0.0334 23.1519 "" "" 5969735199773068544 1749.74097 0.5391 0.057 2.13 -2.213 0.063 0.052 1.036 6139.7 4.1181 16.267174 1.580215 16.99902 15.418804 "" "" 1599.48792 1939.96118 5862.42717 2.9499 2166.8 8.6795 5390.6 11.014 "" "" 0.0028089614775912686 0.005167184 0.004382334 0.009549518 253.61322015124 -40.45193553662 1749.74097 2.130000000000001 -2.2130000000000005 2.246074077785015 -1.1118889455795289 0.17815655 0.16715655 "" "" 20.78602950847263 "" 3.6592931147603958 ""
253.96002873995 -40.49922710686 0.0451 0.0317 9.4012 "" "" 5969678952877421056 1351.88269 0.715 0.051 -2.831 -10.312 0.062 0.051 1.123 5200.2 4.4695 16.267517 1.30914 16.833809 15.524669 "" "" 1264.66284 1442.96924 5860.56726 3.2026 2522.9 8.9534 4889.8 10.314 "" "" 0.002818477488931305 0.004757264 0.004419098 0.009176362 253.96002873995 -40.49922710686 1351.88269 -2.831 -10.311999999999998 -2.714925922214985 -9.210888945579528 0.17715655 0.16615656 "" "" 61.533188025286314 "" 10.279886359458837 ""
254.4641403988 -40.48889015303 0.0999 0.0564 20.4856 "" "" 5966702295716083456 1362.90784 0.7315 0.1049 -0.673 0.61 0.136 0.095 1.984 5468.4 4.6432 16.267765 1.377242 16.846418 15.469176 "" "" 1213.60327 1562.41296 5859.23747 10.341 2493.7 13.148 5146.2 21.725 "" "" 0.003356142803618087 0.0063683037 0.005940725 0.012309029 254.4641403988 -40.48889015303 1362.90784 -0.673 0.6100000000000007 -0.5569259222149849 1.711111054420471 0.25115657 0.21015656 "" "" 11.624861353407189 "" 2.492644882164334 ""
253.81869378604 -40.95378444994 0.0475 0.0316 21.9344 "" "" 5969662460179885568 1721.1145 0.5605 0.0592 -1.938 -3.658 0.066 0.053 0.998 "" "" 16.267916 1.586083 16.999662 15.41358 "" "" 1580.01038 1874.22632 5858.42357 2.8305 2165.5 14.833 5416.6 23.726 "" "" 0.002804811435596535 0.007943131 0.0060746362 0.014017767 253.81869378604 -40.95378444994 1721.1145 -1.9379999999999997 -3.6579999999999995 -1.8219259222149848 -2.5568889455795287 0.18115655 0.16815655 "" "" 25.613125615565508 "" 4.421944782463209 ""
254.62871324641 -40.59571683893 0.0949 0.0666 26.0635 "" "" 5966686254006545024 1302.69995 0.7959 0.1029 0.128 2.356 0.139 0.116 2.126 "" "" 16.268211 "" "" "" "" "" 1157.48425 1468.02832 5856.82722 8.7588 "" "" "" "" "" "" 0.0031981556473956595 "" "" "" 254.62871324641 -40.59571683893 1302.69995 0.12800000000000006 2.356 0.2440740777850151 3.457111054420471 0.25415656 0.23115656 "" "" 21.400096834136267 "" 4.949334692217294 ""
253.61567447682 -40.36775639587 0.0427 0.029 25.8743 "" "" 5969741556324811776 1655.67688 0.5882 0.0513 1.057 -3.494 0.058 0.047 1.0 7564.4 3.7392 16.268927 1.670613 17.044239 15.373626 "" "" 1558.65442 1769.88843 5852.96817 3.2281 2078.4 9.882 5619.6 13.958 "" "" 0.0028196405550152473 0.005868049 0.0046428693 0.010510918 253.61567447682 -40.36775639587 1655.67688 1.0570000000000017 -3.494 1.173074077785015 -2.392888945579529 0.17315656 0.16215655 "" "" 20.91437450959711 "" 3.437182407680311 ""
253.94154972982 -40.86269680527 0.0456 0.0306 14.5733 "" "" 5969664418707526528 1365.99438 0.7181 0.0526 1.395 -3.693 0.063 0.049 0.981 5368.1 4.5849 16.271627 1.245602 16.800125 15.554523 "" "" 1288.32837 1447.11389 5838.42185 2.9901 2602.4 9.4689 4757.2 10.816 "" "" 0.002810868542314093 0.0048364582 0.0045141336 0.009350592 253.94154972982 -40.86269680527 1365.99438 1.395 -3.6930000000000005 1.5110740777850151 -2.591888945579529 0.17815655 0.16415656 "" "" 19.42577080076558 "" 3.260004346852223 ""
254.51417359349 -40.45699992121 0.1184 0.0741 23.3857 "" "" 5966699787455227520 1299.57422 0.7901 0.1275 -1.331 -3.453 0.164 0.125 2.136 9303.1 4.0194 16.271818 2.102481 17.292114 15.189633 "" "" 1131.15845 1493.91052 5837.39881 6.7926 1654.1 10.98 6657.4 20.265 "" "" 0.0030311663950986292 0.0077284137 0.0050206063 0.01274902 254.51417359349 -40.45699992121 1299.57422 -1.3309999999999993 -3.452999999999995 -1.2149259222149849 -2.3518889455795287 0.27915657 0.24015656 "" "" 16.306423155862596 "" 4.058344508561591 ""
254.22992273512 -41.02740374658 0.0477 0.0309 24.6932 "" "" 5966650588605384576 1834.10083 0.5208 0.0535 -7.196 -7.278 0.064 0.048 1.081 "" "" 16.272072 2.212585 17.393023 15.180438 "" "" 1647.99268 2013.93774 5836.04074 3.2508 1507.3 6.0207 6714.0 13.009 "" "" 0.0028209123051682315 0.005156847 0.00432543 0.009482278 254.22992273512 -41.02740374658 1834.10083 -7.196 -7.278 -7.079925922214985 -6.176888945579528 0.17915656 0.16315655 "" "" 81.68287390566614 "" 14.08406282767796 ""
254.02003151939 -41.00091184909 0.0499 0.0342 21.9245 "" "" 5966657456246631680 1920.30652 0.5004 0.0561 1.72 -2.932 0.071 0.055 0.979 6468.6 4.0183 16.272238 1.716085 17.09052 15.374436 "" "" 1733.87 2132.0415 5835.14389 2.9321 1991.6 6.5404 5615.4 12.177 "" "" 0.002808814239024589 0.004527493 0.0044527543 0.008980247 254.02003151939 -41.00091184909 1920.30652 1.7200000000000004 -2.9319999999999977 1.836074077785015 -1.8308889455795287 0.18615656 0.17015655 "" "" 23.6015684528805 "" 4.209544632045278 ""
253.66500382746 -40.7792313337 0.059 0.0389 19.8565 "" "" 5969679773193091968 1459.74841 0.679 0.0674 0.2 -5.029 0.073 0.063 1.12 5845.0 4.5708 16.272821 1.45376 16.923471 15.469711 "" "" 1303.28918 1592.86621 5832.00545 3.0806 2322.9 14.494 5143.7 13.17 "" "" 0.00281437456709088 0.007326658 0.004691669 0.012018327 253.66500382746 -40.7792313337 1459.74841 0.19999999999999996 -5.029 0.3160740777850151 -3.9278889455795287 0.18815655 0.17815655 "" "" 27.265728872736563 "" 4.85937138900083 ""
254.06412011096 -40.21581555066 0.0478 0.0305 25.2539 "" "" 5969718363500312704 1491.21802 0.6359 0.0533 -1.856 -0.916 0.069 0.051 1.014 4931.9 3.6051 16.272987 2.277717 17.477627 15.19991 "" "" 1397.89087 1618.96558 5831.11361 5.8457 1394.3 7.7845 6594.7 17.724 "" "" 0.002962518739071779 0.006673079 0.004774796 0.011447875 254.06412011096 -40.21581555066 1491.21802 -1.856 -0.9159999999999999 -1.739925922214985 0.18511105442047115 0.18415655 0.16615656 "" "" 12.367852560074372 "" 2.2752499981096426 ""
253.9679307186 -41.06406285529 0.0599 0.0333 25.9731 "" "" 5966655772619366784 1690.26025 0.5718 0.064 -0.753 -2.78 0.067 0.053 0.967 "" "" 16.2731 1.574524 17.004784 15.43026 "" "" 1536.55005 1870.91479 5830.5098 2.9324 2155.3 8.6102 5334.0 11.765 "" "" 0.0028089093540382853 0.005157336 0.004474219 0.0096315555 253.9679307186 -41.06406285529 1690.26025 -0.753 -2.78 -0.6369259222149849 -1.6788889455795286 0.18215656 0.16815655 "" "" 14.386412835105656 "" 2.445422609928033 ""
253.66705187203 -40.73519497715 0.0484 0.0315 18.7869 "" "" 5969680082430775040 1418.19666 0.7027 0.0604 4.082 -0.719 0.072 0.052 0.989 5365.4 4.6316 16.273836 1.324143 16.848173 15.524031 "" "" 1304.60059 1549.34192 5826.5644 2.8826 2489.7 12.546 4892.7 17.99 "" "" 0.0028071908147473206 0.0061415853 0.005497362 0.011638947 253.66705187203 -40.73519497715 1418.19666 4.082 -0.7190000000000003 4.198074077785015 0.3821110544204712 0.18715656 0.16715655 "" "" 28.33717128732146 "" 5.299077679117989 ""
253.79268966398 -40.77945235049 0.0842 0.0538 14.8354 "" "" 5969667511084222336 1932.84766 0.5962 0.1048 -9.147 -6.998 0.108 0.093 1.881 5083.8 4.495 16.274433 1.376374 16.835552 15.459178 "" "" 1487.32019 2506.7561 5823.35295 5.6928 2518.8 8.878 5193.8 11.316 "" "" 0.002952685064705785 0.004736045 0.004458649 0.009194694 253.79268966398 -40.77945235049 1932.84766 -9.146999999999997 -6.998 -9.030925922214985 -5.896888945579529 0.22315656 0.20815656 "" "" 98.81515429269561 "" 21.618837586278914 ""
253.7751755194 -40.67270092888 0.0435 0.0307 13.0992 "" "" 5969682010894023168 1591.2572 0.6074 0.0541 -6.969 -3.82 0.058 0.052 0.934 "" "" 16.274658 1.525592 16.975443 15.449851 "" "" 1468.12878 1702.26025 5822.15325 2.6295 2214.3 12.395 5238.6 12.538 "" "" 0.0027986141179875273 0.0066874996 0.004586544 0.0112740435 253.7751755194 -40.67270092888 1591.2572 -6.969000000000001 -3.8199999999999994 -6.852925922214985 -2.7188889455795286 0.17315656 0.16715655 "" "" 55.60812821678483 "" 9.584217764555845 ""
254.30963186019 -40.82637844558 0.0443 0.0293 16.105 "" "" 5966665427706142592 1614.35266 0.6064 0.0462 4.112 1.973 0.062 0.046 1.031 7571.8 4.18 16.274704 1.433513 16.915388 15.481875 "" "" 1490.09436 1736.24548 5821.9043 2.6385 2340.2 7.8525 5086.4 9.0055 "" "" 0.002798912382757744 0.00458887 0.0042401617 0.008829031 254.30963186019 -40.82637844558 1614.35266 4.112 1.972999999999999 4.228074077785015 3.074111054420471 0.17715655 0.16115655 "" "" 40.00100469796998 "" 6.871855221768158 ""
253.72591691832 -40.75577045745 0.0479 0.033 16.7525 "" "" 5969668468845246336 1732.12146 0.5597 0.0609 -1.318 -2.211 0.064 0.061 1.011 5482.3 4.485 16.274977 1.359085 16.854267 15.495182 "" "" 1598.02368 1914.14026 5820.44577 2.7349 2475.8 15.065 5024.4 20.056 "" "" 0.0028021520947101725 0.0071716234 0.0057503823 0.012922006 253.72591691832 -40.75577045745 1732.12146 -1.3180000000000003 -2.211 -1.201925922214985 -1.1098889455795287 0.17915656 0.17615655 "" "" 13.431936689986502 "" 2.3879577472808755 ""
253.86326637461 -40.21754602587 0.0437 0.0288 26.6908 "" "" 5969720734302965376 1633.11133 0.5926 0.0485 -2.672 -3.735 0.06 0.046 1.01 5435.9 4.4822 16.275694 1.42268 16.912317 15.489637 "" "" 1510.57996 1751.68579 5816.59599 3.3471 2346.9 7.6957 5050.1 8.4372 "" "" 0.0028252670699030215 0.004523304 0.0041921474 0.008715451 253.86326637461 -40.21754602587 1633.11133 -2.671999999999999 -3.7349999999999994 -2.555925922214985 -2.6338889455795287 0.17515655 0.16115655 "" "" 28.410573438163457 "" 4.775589245556068 ""
254.13320900965 -40.8766600425 0.049 0.0313 14.7875 "" "" 5966664195062036224 1509.20325 0.6378 0.0519 -5.03 -5.959 0.066 0.048 1.009 5455.9 4.5736 16.276258 1.401197 16.907572 15.506374 "" "" 1370.3927 1639.89575 5813.57383 2.7231 2357.2 7.9802 4972.9 12.422 "" "" 0.002801861101865057 0.00461475 0.0046517984 0.009266548 254.13320900965 -40.8766600425 1509.20325 -5.03 -5.959 -4.913925922214985 -4.857888945579528 0.18115655 0.16315655 "" "" 49.43032282783714 "" 8.526468073756512 ""
254.58470972305 -40.46920555033 0.0486 0.0321 25.9874 "" "" 5966700302840781824 1365.86536 0.7061 0.0537 -8.038 -8.989 0.068 0.052 1.022 5769.6 4.4236 16.2763 1.568846 17.00696 15.438114 "" "" 1266.23792 1463.02124 5813.34825 2.9618 2151.0 9.2862 5295.6 13.887 "" "" 0.002810298834780095 0.0054548825 0.0047318344 0.010186717 254.58470972305 -40.46920555033 1365.86536 -8.038 -8.988999999999997 -7.921925922214985 -7.88788894557953 0.18315655 0.16715655 "" "" 72.37674132683735 "" 12.692966370556523 ""
253.86963935887 -40.29001055935 0.0443 0.0291 22.5259 "" "" 5969696094069194752 1838.19861 0.5327 0.0473 -1.124 -5.486 0.062 0.048 0.962 5674.2 4.6149 16.276743 1.288772 16.838545 15.549773 "" "" 1708.64087 1975.7428 5810.98235 2.7457 2511.9 7.8172 4778.0 12.308 "" "" 0.0028026721267659293 0.0043819975 0.0047016987 0.009083696 253.86963935887 -40.29001055935 1838.19861 -1.1240000000000012 -5.486000000000001 -1.007925922214985 -4.384888945579529 0.17715655 0.16315655 "" "" 39.20215941334722 "" 6.424750088168161 ""
254.29657358526 -40.94461956063 0.0445 0.0313 21.3963 "" "" 5966652753259584512 1417.80383 0.6896 0.0468 1.19 -0.07 0.066 0.054 1.008 "" "" 16.277227 "" "" "" "" "" 1327.36072 1508.89795 5808.39318 5.6385 "" "" "" "" "" "" 0.0029500272504021014 "" "" "" 254.29657358526 -40.94461956063 1417.80383 1.19 -0.07000000000000012 1.306074077785015 1.0311110544204711 0.18115655 0.16915655 "" "" 11.182978609768496 "" 1.9754225856664274 ""
254.04621787614 -40.22316169403 0.0468 0.03 24.8189 "" "" 5969718535299114752 1341.78503 0.7248 0.0524 -4.56 -7.622 0.071 0.054 0.948 4748.1 4.3741 16.27733 1.297274 16.845966 15.548693 "" "" 1238.51611 1450.83093 5807.84224 3.1958 2494.8 16.488 4782.8 8.2406 "" "" 0.0028193466276761206 0.007698954 0.0042170123 0.011915967 254.04621787614 -40.22316169403 1341.78503 -4.56 -7.622 -4.4439259222149845 -6.520888945579529 0.18615656 0.16915655 "" "" 50.1882851240291 "" 8.76925493604445 ""
254.47404288219 -40.55732566205 0.0467 0.0295 19.4987 "" "" 5966693057244167936 1293.99707 0.7471 0.0502 0.183 -5.889 0.07 0.051 0.999 5467.1 4.5538 16.278929 1.432678 16.928286 15.495607 "" "" 1224.1759 1381.39563 5799.29395 2.6401 2312.6 11.803 5022.4 9.7704 "" "" 0.002799303162639205 0.0062041674 0.00432954 0.010533707 254.47404288219 -40.55732566205 1293.99707 0.18300000000000005 -5.888999999999999 0.2990740777850151 -4.787888945579529 0.18515655 0.16615656 "" "" 29.42397399775834 "" 4.891282866532634 ""
253.87572543173 -40.75837775492 0.0445 0.0303 11.0824 "" "" 5969669190393690752 1773.52039 0.5516 0.053 -0.412 -1.269 0.057 0.05 1.003 4769.1 4.1727 16.279102 1.645186 17.034645 15.389459 "" "" 1636.026 1981.13879 5798.3667 7.8242 2096.8 11.199 5538.3 29.793 "" "" 0.0031206123607048176 0.006435249 0.0069567994 0.013392048 253.87572543173 -40.75837775492 1773.52039 -0.4119999999999999 -1.2690000000000001 -0.29592592221498487 -0.16788894557952871 0.17215656 0.16515656 "" "" 2.860168560025904 "" 0.487597439035222 ""
253.98397711649 -40.34747537137 0.0435 0.0292 17.6877 "" "" 5969716061397828608 1506.70142 0.6314 0.0468 0.762 -1.82 0.06 0.049 1.03 5625.0 4.5577 16.279457 1.240545 16.819027 15.578482 "" "" 1399.25598 1645.88586 5796.47376 2.4879 2557.4 7.6205 4653.3 10.796 "" "" 0.0027944503672072806 0.0042722304 0.004541919 0.00881415 253.98397711649 -40.34747537137 1506.70142 0.7619999999999993 -1.8200000000000016 0.8780740777850151 -0.7188889455795289 0.17515655 0.16415656 "" "" 8.104614209982735 "" 1.384489799486039 ""
