Clusters/BH_205/BH_205_stars_in_region.tsv
# %ECSV 1.0
# ---
# datatype:
# - name: RA_ICRS_1
#   unit: deg
#   datatype: float64
#   format: '{:15.11f}'
#   description: Right ascension (ICRS) at Ep=2016.0 (ra)
#   meta: !!omap
#   - {ucd: POS_EQ_RA_MAIN}
#   - {width: 15}
#   - {precision: '11'}
# - name: DE_ICRS_1
#   unit: deg
#   datatype: float64
#   format: '{:15.11f}'
#   description: Declination (ICRS) at Ep=2016.0 (dec)
#   meta: !!omap
#   - {ucd: POS_EQ_DEC_MAIN}
#   - {width: 15}
#   - {precision: '11'}
# - name: e_RA_ICRS
#   unit: mas
#   datatype: float64
#   format: '{:7.4f}'
#   description: Standard error of right ascension (ra_error)
#   meta: !!omap
#   - {ucd: ERROR}
#   - {width: 7}
#   - {precision: '4'}
# - name: e_DE_ICRS
#   unit: mas
#   datatype: float64
#   format: '{:7.4f}'
#   description: Standard error of declination (dec_error)
#   meta: !!omap
#   - {ucd: ERROR}
#   - {width: 7}
#   - {precision: '4'}
# - name: _r_1
#   unit: ''
#   datatype: float64
#   format: '{:7.4f}'
#   description: Distance from center (254.05900975000-40.63669538000)[ICRS], at Epoch=J2016.0
#   meta: !!omap
#   - {ucd: POS_ANG_DIST_GENERAL}
#   - {width: 7}
#   - {precision: '4'}
# - name: HIP
#   datatype: int32
#   description: '? HIP cross-id number, van Leeuwen, Cat. I/311 (hip_original_ext_source_id)'
#   meta: !!omap
#   - {ucd: ID_NUMBER}
#   - {width: 6}
#   - values: {'null': -2147483648}
# - name: TYC2
#   datatype: string
#   description: Tycho-2 cross-id name, Hog et al., Cat. I/259 (tyc2_original_ext_source_id)
#   meta: !!omap
#   - {ucd: ID_CROSSID}
#   - {_votable_string_dtype: char}
# - name: Source
#   datatype: int64
#   description: Source identifier, identical to the Gaia-EDR3 source_id (id)
#   meta: !!omap
#   - {ucd: ID_MAIN}
#   - {width: 19}
# - name: rgeo
#   unit: pc
#   datatype: float64
#   format: '{:15.8f}'
#   description: '? Median of the geometric distance posterior (r_med_geo)'
#   meta: !!omap
#   - {ucd: PHYS_DISTANCE_TRUE}
#   - {width: 15}
#   - {precision: '8'}
#   - values: {'null': .nan}
# - name: Plx
#   unit: mas
#   datatype: float64
#   format: '{:9.4f}'
#   description: '? Parallax (parallax)'
#   meta: !!omap
#   - {ucd: POS_PARLX_TRIG}
#   - {width: 9}
#   - {precision: '4'}
#   - values: {'null': .nan}
# - name: e_Plx
#   unit: mas
#   datatype: float32
#   format: '{:7.4f}'
#   description: '? Standard error of parallax (parallax_error)'
#   meta: !!omap
#   - {ucd: ERROR}
#   - {width: 7}
#   - {precision: '4'}
#   - values: {'null': .nan}
# - name: pmRA
#   unit: mas / yr
#   datatype: float64
#   format: '{:9.3f}'
#   description: '? Proper motion in right ascension direction, pmRA*cosDE (pmra)'
#   meta: !!omap
#   - {ucd: POS_EQ_PMRA}
#   - {width: 9}
#   - {precision: '3'}
#   - values: {'null': .nan}
# - name: pmDE
#   unit: mas / yr
#   datatype: float64
#   format: '{:9.3f}'
#   description: '? Proper motion in declination direction (pmdec)'
#   meta: !!omap
#   - {ucd: POS_EQ_PMDEC}
#   - {width: 9}
#   - {precision: '3'}
#   - values: {'null': .nan}
# - name: e_pmRA
#   unit: mas / yr
#   datatype: float32
#   format: '{:6.3f}'
#   description: '? Standard error of proper motion in right ascension direction (pmra_error)'
#   meta: !!omap
#   - {ucd: ERROR}
#   - {width: 6}
#   - {precision: '3'}
#   - values: {'null': .nan}
# - name: e_pmDE
[...]
#         value: !astropy.table.SerializedColumn {name: SkyCoord.dec}
#       distance: !astropy.table.SerializedColumn
#         __class__: astropy.coordinates.distances.Distance
#         unit: !astropy.units.Unit {unit: pc}
#         value: !astropy.table.SerializedColumn {name: SkyCoord.distance}
#       frame: icrs
#       obstime: !astropy.time.Time {format: jyear_str, in_subfmt: '*', jd1: 367701545.0, jd2: 0.0, out_subfmt: '*', precision: 3, scale: tt}
#       pm_dec: !astropy.table.SerializedColumn
#         __class__: astropy.units.quantity.Quantity
#         unit: !astropy.units.Unit {unit: mas / yr}
#         value: !astropy.table.SerializedColumn {name: SkyCoord.pm_dec}
#       pm_ra_cosdec: !astropy.table.SerializedColumn
#         __class__: astropy.units.quantity.Quantity
#         unit: !astropy.units.Unit {unit: mas / yr}
#         value: !astropy.table.SerializedColumn {name: SkyCoord.pm_ra_cosdec}
#       ra: !astropy.table.SerializedColumn
#         __class__: astropy.coordinates.angles.Longitude
#         unit: *id001
#         value: !astropy.table.SerializedColumn {name: SkyCoord.ra}
#         wrap_angle: !astropy.coordinates.Angle
#           unit: *id001
#           value: 360.0
#       representation_type: spherical
# schema: astropy-2.0
RA_ICRS_1 DE_ICRS_1 e_RA_ICRS e_DE_ICRS _r_1 HIP TYC2 Source rgeo Plx e_Plx pmRA pmDE e_pmRA e_pmDE RUWE Teff logg Gmag BP-RP BPmag RPmag RV e_RV b_rgeo B_rgeo FG e_FG FBP e_FBP FRP e_FRP RAVE5 RAVE6 e_Gmag e_BPmag e_RPmag e_BP-RP SkyCoord.ra SkyCoord.dec SkyCoord.distance SkyCoord.pm_ra_cosdec SkyCoord.pm_dec rmRA rmDE e_rmRA e_rmDE rRV e_rRV v_pec v_pec3d e_vpec e_vpec3d
[from data line 149]
253.76323742132 -40.52042801804 0.0109 0.0079 15.1769 "" "" 5969689913634162816 1479.16101 0.6699 0.0129 -3.732 -9.022 0.015 0.013 0.849 "" "" 12.232111 1.735499 13.071476 11.335977 -59.59 0.35 1450.06335 1506.42236 241047.35589 43.904 80691.0 51.061 231620.0 77.627 "" "" 0.002762407678349393 0.0028735145 0.003796859 0.0066703735 253.76323742132 -40.52042801804 1479.16101 -3.732000000000001 -9.022000000000004 -3.615925922214985 -7.920888945579529 0.13015655 0.12815656 -42.516190476190474 1.9316393 61.048150769651016 74.39424147742722 7.844912740285449 6.531526730786585
253.63151140664 -40.57538701065 0.0115 0.0084 19.8178 "" "" 5969686512020115200 1432.71802 0.6983 0.0131 -3.235 -6.459 0.016 0.013 0.87 4660.1 2.329 12.251898 1.695978 13.065712 11.369734 -32.48 0.66 1407.46167 1468.07861 236694.16221 37.939 81121.0 40.886 224520.0 64.425 "" "" 0.0027608106843806253 0.002843326 0.003792201 0.006635527 253.63151140664 -40.57538701065 1432.71802 -3.2349999999999994 -6.459 -3.1189259222149848 -5.357888945579528 0.13115655 0.12815656 -15.40619047619047 2.2416394 42.10179956725396 44.832044697848524 5.427866930990276 5.155191223713177
254.47834458653 -40.48653393011 0.0203 0.0121 21.1312 "" "" 5966699375138335744 1516.13928 0.6431 0.0217 -0.956 -1.569 0.03 0.021 1.373 "" "" 12.253395 1.192896 12.750209 11.557313 "" "" 1459.73303 1574.03516 236367.96175 82.078 108480.0 119.38 188900.0 173.79 "" "" 0.0027809948293119383 0.0030352375 0.0039091567 0.006944394 254.47834458653 -40.48653393011 1516.13928 -0.9559999999999991 -1.5689999999999997 -0.8399259222149849 -0.46788894557952876 0.14515655 0.13615656 "" "" 6.909496175635616 "" 0.9885851095921073 ""
254.16002597938 -40.84464934969 0.0131 0.0084 13.2955 "" "" 5966664603071958528 1631.76904 0.5764 0.0136 -0.031 -1.473 0.019 0.014 0.829 "" "" 12.253508 0.494557 12.427764 11.933207 "" "" 1603.26196 1663.75354 236343.5578 60.654 145990.0 133.73 133620.0 86.113 "" "" 0.002769373287930813 0.0029621266 0.0038436088 0.0068057356 254.16002597938 -40.84464934969 1631.76904 -0.031000000000000055 -1.4729999999999999 0.0850740777850151 -0.3718889455795289 0.13415655 0.12915656 "" "" 2.9507111907652317 "" 0.3818508632452515 ""
253.89551425576 -40.60029387204 0.0109 0.008 7.7599 "" "" 5969676577737306368 1622.66418 0.5999 0.0132 -0.376 -1.191 0.015 0.013 0.849 "" "" 12.270395 1.116372 12.741278 11.624906 -27.57 5.86 1589.05188 1654.21533 232695.79335 44.498 109370.0 80.458 177500.0 73.931 "" "" 0.0027631317147488173 0.0029022412 0.003806341 0.006708582 253.89551425576 -40.60029387204 1622.66418 -0.37599999999999983 -1.1910000000000003 -0.2599259222149849 -0.08988894557952887 0.13015655 0.12815656 -10.496190476190474 7.4416394 2.1153735948360906 10.707232133385425 0.2748809029209535 7.295165381406107
253.76206250739 -40.84529506301 0.018 0.0113 18.4086 "" "" 5969666682132670336 1892.16199 0.4924 0.022 -0.548 -1.607 0.023 0.019 1.08 12615.9 3.6737 12.273445 0.42665 12.407517 11.980867 "" "" 1825.66064 1951.66809 232043.20102 68.91 148730.0 103.56 127880.0 121.74 "" "" 0.002774121772435561 0.0028907738 0.0039181714 0.006808945 253.76206250739 -40.84529506301 1892.16199 -0.548 -1.6069999999999998 -0.43192592221498494 -0.5058889455795288 0.13815655 0.13415655 "" "" 5.966027607186622 "" 0.8105289563522593 ""
253.48325003093 -40.62334049859 0.012 0.0078 26.2299 "" "" 5969685476914743296 1436.89197 0.6933 0.0139 0.127 0.148 0.016 0.012 0.82 4636.5 2.379 12.283415 1.692152 13.095315 11.403163 4.97 0.64 1406.15002 1462.3988 229922.13387 32.439 78939.0 49.917 217720.0 52.392 "" "" 0.002759575054370731 0.0028733984 0.0037884018 0.0066618 253.48325003093 -40.62334049859 1436.89197 0.12700000000000003 0.14799999999999996 0.2430740777850151 1.249111054420471 0.13115655 0.12715656 22.043809523809525 2.2216392 8.66711628819281 23.686461176694433 1.1033647332134704 2.1066183672568513
253.62194538592 -40.69374788958 0.0122 0.0081 20.184 "" "" 5969681181947410560 1489.20068 0.6682 0.0149 -3.278 -0.088 0.016 0.013 0.884 5061.2 2.7309 12.285768 1.599606 13.038726 11.439119 41.08 0.51 1460.59106 1520.8894 229424.24774 33.727 83162.0 58.366 210630.0 71.655 "" "" 0.0027599393226602426 0.0028923526 0.0037973877 0.0066897403 253.62194538592 -40.69374788958 1489.20068 -3.278 -0.08800000000000041 -3.161925922214985 1.0131110544204711 0.13115655 0.12815656 58.15380952380953 2.0916393 23.43713434401167 62.69900181335243 3.0674554448849163 2.253530223201834
253.73675076265 -40.80137420027 0.0172 0.0105 17.6745 "" "" 5969668090881942016 1710.15601 0.5469 0.0219 -0.639 -1.253 0.023 0.019 0.851 7512.5 3.5509 12.29071 0.300116 12.392216 12.0921 "" "" 1629.81689 1775.34741 228382.61597 58.13 150840.0 94.215 115430.0 37.729 "" "" 0.002769144176055066 0.0028714002 0.0037960066 0.0066674068 253.73675076265 -40.80137420027 1710.15601 -0.6389999999999998 -1.2529999999999997 -0.5229259222149849 -0.1518889455795287 0.13815655 0.13415655 "" "" 4.414102014837999 "" 0.6084817604832297 ""
254.04795035034 -40.63739784319 0.0179 0.0122 0.5053 "" "" 5969674241275100160 1859.53589 0.5283 0.0223 -0.459 -6.052 0.028 0.021 1.497 "" "" 12.290822 1.503968 12.982766 11.478798 -47.44 1.25 1789.59741 1936.13977 228358.92644 31.736 87561.0 49.774 203070.0 45.365 "" "" 0.002759448675578501 0.0028576155 0.003787157 0.0066447724 254.04795035034 -40.63739784319 1859.53589 -0.4590000000000005 -6.052 -0.3429259222149849 -4.950888945579528 0.14315656 0.13615656 -30.36619047619047 2.8316393 43.74268227466525 53.24967395786189 5.957352532767493 5.153278203829966
254.27387965722 -40.28803658374 0.0135 0.0092 23.1049 "" "" 5969710529480040576 1404.30957 0.6822 0.0153 0.612 -2.622 0.02 0.016 1.006 9070.0 3.9081 12.291387 0.74861 12.582886 11.834276 -48.31 9.11 1374.19861 1435.87415 228240.15695 36.355 126550.0 46.729 146370.0 57.657 "" "" 0.0027607422514562443 0.0028188257 0.003803504 0.0066223294 254.27387965722 -40.28803658374 1404.30957 0.6120000000000002 -2.621999999999999 0.7280740777850151 -1.5208889455795287 0.13515656 0.13115655 -31.236190476190476 10.691639 11.223919007172746 33.19150423443364 1.4805642050395373 10.074242235192273
254.24919362678 -40.70843757591 0.011 0.0072 9.666 "" "" 5966669963191136768 1607.07239 0.5886 0.0128 0.051 -1.242 0.017 0.012 0.845 6743.6 3.5414 12.318321 0.511726 12.500499 11.988772 "" "" 1569.21423 1637.14587 222647.67547 49.956 136530.0 72.665 126950.0 61.701 "" "" 0.0027660684876713976 0.0028493803 0.0038160437 0.006665424 254.24919362678 -40.70843757591 1607.07239 0.050999999999999934 -1.242 0.1670740777850151 -0.1408889455795288 0.13215655 0.12715656 "" "" 1.6647981768240971 "" 0.2165935270209456 ""
253.68414964528 -40.30440162312 0.0143 0.0098 26.2729 "" "" 5969742239202746752 1804.53174 0.5521 0.0171 -0.08 -2.372 0.02 0.016 0.912 "" "" 12.338016 2.418222 13.637071 11.218848 -41.1 0.23 1745.32532 1854.27527 218645.53503 47.827 47928.0 29.723 258000.0 116.3 "" "" 0.0027655368174304648 0.002870265 0.0038109396 0.006681205 253.68414964528 -40.30440162312 1804.53174 -0.08000000000000035 -2.372 0.036074077785015105 -1.2708889455795287 0.13515656 0.13115655 -24.026190476190475 1.8116393 10.874902075073749 26.372738271568032 1.4263501785467214 1.7521149533810652
254.45652866689 -40.65573243743 0.0224 0.0144 18.133 "" "" 5966691407976612608 1665.56641 0.5819 0.0252 -0.843 -2.017 0.034 0.025 1.643 "" "" 12.347435 1.207396 12.857099 11.649702 "" "" 1589.65051 1733.96912 216756.86616 41.886 98305.0 75.441 173490.0 51.035 "" "" 0.002763296664489647 0.0029119225 0.003792853 0.0067047756 254.45652866689 -40.65573243743 1665.56641 -0.8430000000000005 -2.016999999999999 -0.7269259222149849 -0.9158889455795287 0.14915656 0.14015655 "" "" 9.23141022062088 "" 1.3265693206869515 ""
253.68715130438 -40.88335980144 0.0154 0.0095 22.4642 "" "" 5969572914417765376 1679.24365 0.5543 0.0196 -0.496 -1.305 0.02 0.016 0.927 7425.6 3.5258 12.351987 0.327667 12.457783 12.130116 "" "" 1630.58655 1733.26294 215849.92552 82.707 142010.0 347.63 111460.0 161.55 "" "" 0.0027865502708689376 0.0038534347 0.004093916 0.007947351 253.68715130438 -40.88335980144 1679.24365 -0.496 -1.305 -0.3799259222149849 -0.20388894557952875 0.13515656 0.13115655 "" "" 3.432010287514328 "" 0.4608245800151776 ""
254.02622408717 -40.68093165531 0.0149 0.0097 3.0449 "" "" 5969672626367399680 1703.17102 0.5514 0.0163 -0.191 -1.336 0.019 0.015 0.952 "" "" 12.35751 0.383587 12.48978 12.106194 "" "" 1656.71155 1753.38928 214754.75809 48.178 137880.0 72.111 113940.0 81.53 "" "" 0.0027660653501565247 0.002847365 0.0038584066 0.0067057717 254.02622408717 -40.68093165531 1703.17102 -0.19099999999999984 -1.336 -0.0749259222149849 -0.23488894557952888 0.13415655 0.13015655 "" "" 1.990402560816105 "" 0.25980943774060244 ""
254.4111413662 -40.83410613607 0.0133 0.0092 19.9146 "" "" 5966676903858750848 1743.24841 0.5558 0.0147 -1.415 -1.753 0.019 0.015 1.108 "" "" 12.362058 1.221742 12.880549 11.658808 "" "" 1702.65759 1793.81042 213857.10511 141.54 96205.0 213.43 172040.0 317.94 "" "" 0.0028474827040242887 0.0036860367 0.0042789937 0.00796503 254.4111413662 -40.83410613607 1743.24841 -1.4149999999999996 -1.7529999999999997 -1.298925922214985 -0.6518889455795287 0.13415655 0.13015655 "" "" 12.008861136570408 "" 1.6015186726621675 ""
254.12089104804 -40.61255062844 0.0133 0.0089 3.1686 "" "" 5969673897677714816 1618.43762 0.5807 0.0155 -0.179 -1.13 0.018 0.014 0.965 "" "" 12.369903 0.434929 12.522984 12.088056 "" "" 1581.1333 1659.67395 212317.52069 44.377 133730.0 96.108 115860.0 63.698 "" "" 0.0027646496512702193 0.0028972223 0.0038262308 0.0067234533 254.12089104804 -40.61255062844 1618.43762 -0.179 -1.13 -0.06292592221498489 -0.028888945579528702 0.13315655 0.12915656 "" "" 0.5311709580209902 "" 0.07036364632272926 ""
253.7182573412 -40.95039896861 0.0147 0.0091 24.3691 "" "" 5969569517127612416 1615.22534 0.5803 0.0175 -0.42 -1.337 0.02 0.015 0.948 "" "" 12.3768 0.435945 12.529759 12.093814 "" "" 1569.30615 1660.95813 210972.93187 35.559 132900.0 70.596 115250.0 46.289 "" "" 0.0027613905526220144 0.0028491535 0.0038044564 0.0066536097 253.7182573412 -40.95039896861 1615.22534 -0.4200000000000006 -1.337 -0.3039259222149849 -0.23588894557952877 0.13515656 0.13015655 "" "" 2.9455315673331115 "" 0.3926360852906107 ""
254.07052068377 -40.91085593695 0.021 0.0136 16.4579 "" "" 5966661167098498688 1659.14758 0.603 0.0224 -2.412 1.882 0.029 0.022 1.47 "" "" 12.378843 1.69982 13.194813 11.494992 -5.78 1.55 1594.09509 1720.82959 210576.26127 30.266 72026.0 42.476 200060.0 77.736 "" "" 0.0027597358015824676 0.0028626951 0.0038028553 0.00666555 254.07052068377 -40.91085593695 1659.14758 -2.412 1.8820000000000006 -2.295925922214985 2.983111054420471 0.14415655 0.13715655 11.293809523809525 3.1316392 29.60409365905149 31.685209403347542 4.138695765875051 4.024748850259923
253.96561120407 -40.78730191478 0.0135 0.0088 9.985 "" "" 5969665239023656832 1730.90833 0.5487 0.0152 -2.069 -3.727 0.019 0.014 0.866 "" "" 12.384877 0.976322 12.724937 11.748615 "" "" 1689.27979 1790.24597 209409.3174 54.161 111030.0 149.98 158380.0 1644.7 "" "" 0.002769592845241226 0.0031521453 0.01189142 0.015043565 253.96561120407 -40.78730191478 1730.90833 -2.0690000000000017 -3.7269999999999994 -1.9529259222149848 -2.6258889455795287 0.13415655 0.12915656 "" "" 26.849189243945133 "" 3.5161461690155176 ""
253.56326182595 -40.57356797545 0.0127 0.0086 22.8981 "" "" 5969685790465688448 1862.28247 0.5051 0.0146 1.484 0.418 0.017 0.014 0.806 "" "" 12.387337 0.462115 12.553344 12.091228 "" "" 1811.20972 1913.46387 208935.48937 45.184 130040.0 63.861 115520.0 41.472 "" "" 0.0027653065109828436 0.0028406584 0.0037994285 0.006640087 253.56326182595 -40.57356797545 1862.28247 1.484 0.41800000000000004 1.600074077785015 1.5191110544204711 0.13215655 0.12915656 "" "" 19.475844673645412 "" 2.5463294599899697 ""
254.56271777876 -40.47067886493 0.0132 0.0088 25.0303 "" "" 5966699585594463232 1300.68909 0.7438 0.0162 -0.698 -2.206 0.022 0.015 0.901 "" "" 12.388819 0.85825 12.728008 11.869759 -20.13 8.89 1272.27209 1329.71509 208650.35829 35.538 110720.0 46.443 141660.0 50.724 "" "" 0.0027615189754569684 0.0028270942 0.0037993246 0.006626419 254.56271777876 -40.47067886493 1300.68909 -0.698 -2.206 -0.5819259222149848 -1.1048889455795288 0.13715655 0.13015655 -3.056190476190473 10.47164 7.69897698891751 8.28338981955085 1.0140189364759986 3.9768473294708633
253.73167559851 -40.90413399355 0.016 0.0094 21.8797 "" "" 5969666441614503552 1307.9939 0.7427 0.0197 -1.898 -3.722 0.021 0.016 1.063 "" "" 12.392881 0.856222 12.729539 11.873317 -46.94 3.78 1275.77136 1340.49988 207871.18141 30.471 110560.0 58.215 141200.0 34.119 "" "" 0.00275991291557979 0.002848136 0.0037884768 0.006636613 253.73167559851 -40.90413399355 1307.9939 -1.8979999999999997 -3.7220000000000004 -1.7819259222149848 -2.620888945579529 0.13615656 0.13115655 -29.86619047619047 5.361639 19.649174328824273 35.750236158165684 2.608575934290223 4.703046541671195
254.42909371441 -40.63504656118 0.0104 0.0069 16.8509 "" 7872-1196-1 5966692404409033728 1499.70105 0.6399 0.012 -1.777 -3.578 0.016 0.012 0.825 "" "" 12.399396 0.87097 12.744733 11.873763 -13.22 8.35 1479.7417 1520.1626 206627.60818 48.402 109020.0 95.539 141140.0 96.652 "" "" 0.0027670333672765264 0.0029479414 0.0038518216 0.006799763 254.42909371441 -40.63504656118 1499.70105 -1.7769999999999995 -3.5779999999999985 -1.6609259222149848 -2.4768889455795287 0.13115655 0.12715656 3.8538095238095256 9.93164 21.199379348802193 21.546821868206596 2.7222255131737114 3.213854499433115
254.31819147369 -40.51592812705 0.0129 0.0083 13.857 "" "" 5966696866866933888 1726.26355 0.5512 0.0149 -0.056 -0.978 0.019 0.014 1.001 "" "" 12.402638 0.751036 12.687572 11.936536 "" "" 1687.43274 1768.02258 206011.59615 37.809 114920.0 80.114 133210.0 64.564 "" "" 0.0027625161283597235 0.0028910104 0.0038158416 0.006706852 254.31819147369 -40.51592812705 1726.26355 -0.05599999999999991 -0.978 0.060074077785015105 0.12311105442047121 0.13415655 0.12915656 "" "" 1.1208883312905253 "" 0.14586464098433194 ""
253.79757806668 -40.98784282983 0.0143 0.0086 24.1834 "" "" 5969568482000376192 1703.7832 0.5794 0.0202 -1.705 -4.018 0.02 0.016 0.953 "" "" 12.403794 1.843473 13.308003 11.46453 -49.59 0.62 1647.30334 1769.00842 205792.32989 52.193 64896.0 72.775 205750.0 99.22 "" "" 0.0027690458308298215 0.0030442548 0.003815477 0.006859732 253.79757806668 -40.98784282983 1703.7832 -1.7050000000000005 -4.018000000000001 -1.588925922214985 -2.9168889455795286 0.13515656 0.13115655 -32.516190476190474 2.2016392 26.824895565235483 42.15302676166553 3.5431010691615907 2.8227689888461227
253.60792738069 -40.74409210462 0.0134 0.0084 21.5097 "" "" 5969680735270812288 1698.45752 0.5531 0.0162 -0.51 -1.357 0.017 0.013 0.826 "" "" 12.405245 0.399404 12.543142 12.143739 "" "" 1656.54663 1744.55627 205517.48118 37.54 131270.0 82.274 110070.0 86.734 "" "" 0.002762448339071177 0.002871953 0.0038750083 0.0067469613 253.60792738069 -40.74409210462 1698.45752 -0.51 -1.3570000000000013 -0.3939259222149849 -0.2558889455795288 0.13215655 0.12815656 "" "" 3.781740056445072 "" 0.49534106003686584 ""
