Clusters/BH_205/BH_205_stars_in_region.tsv
# %ECSV 1.0
# ---
# datatype:
# - name: RA_ICRS_1
#   unit: deg
#   datatype: float64
#   format: '{:15.11f}'
#   description: Right ascension (ICRS) at Ep=2016.0 (ra)
#   meta: !!omap
#   - {ucd: POS_EQ_RA_MAIN}
#   - {width: 15}
#   - {precision: '11'}
# - name: DE_ICRS_1
#   unit: deg
#   datatype: float64
#   format: '{:15.11f}'
#   description: Declination (ICRS) at Ep=2016.0 (dec)
#   meta: !!omap
#   - {ucd: POS_EQ_DEC_MAIN}
#   - {width: 15}
#   - {precision: '11'}
# - name: e_RA_ICRS
#   unit: mas
#   datatype: float64
#   format: '{:7.4f}'
#   description: Standard error of right ascension (ra_error)
#   meta: !!omap
#   - {ucd: ERROR}
#   - {width: 7}
#   - {precision: '4'}
# - name: e_DE_ICRS
#   unit: mas
#   datatype: float64
#   format: '{:7.4f}'
#   description: Standard error of declination (dec_error)
#   meta: !!omap
#   - {ucd: ERROR}
#   - {width: 7}
#   - {precision: '4'}
# - name: _r_1
#   unit: ''
#   datatype: float64
#   format: '{:7.4f}'
#   description: Distance from center (254.05900975000-40.63669538000)[ICRS], at Epoch=J2016.0
#   meta: !!omap
#   - {ucd: POS_ANG_DIST_GENERAL}
#   - {width: 7}
#   - {precision: '4'}
# - name: HIP
#   datatype: int32
#   description: '? HIP cross-id number, van Leeuwen, Cat. I/311 (hip_original_ext_source_id)'
#   meta: !!omap
#   - {ucd: ID_NUMBER}
#   - {width: 6}
#   - values: {'null': -2147483648}
# - name: TYC2
#   datatype: string
#   description: Tycho-2 cross-id name, Hog et al., Cat. I/259 (tyc2_original_ext_source_id)
#   meta: !!omap
#   - {ucd: ID_CROSSID}
#   - {_votable_string_dtype: char}
# - name: Source
#   datatype: int64
#   description: Source identifier, identical to the Gaia-EDR3 source_id (id)
#   meta: !!omap
#   - {ucd: ID_MAIN}
#   - {width: 19}
# - name: rgeo
#   unit: pc
#   datatype: float64
#   format: '{:15.8f}'
#   description: '? Median of the geometric distance posterior (r_med_geo)'
#   meta: !!omap
#   - {ucd: PHYS_DISTANCE_TRUE}
#   - {width: 15}
#   - {precision: '8'}
#   - values: {'null': .nan}
# - name: Plx
#   unit: mas
#   datatype: float64
#   format: '{:9.4f}'
#   description: '? Parallax (parallax)'
#   meta: !!omap
#   - {ucd: POS_PARLX_TRIG}
#   - {width: 9}
#   - {precision: '4'}
#   - values: {'null': .nan}
# - name: e_Plx
#   unit: mas
#   datatype: float32
#   format: '{:7.4f}'
#   description: '? Standard error of parallax (parallax_error)'
#   meta: !!omap
#   - {ucd: ERROR}
#   - {width: 7}
#   - {precision: '4'}
#   - values: {'null': .nan}
# - name: pmRA
#   unit: mas / yr
#   datatype: float64
#   format: '{:9.3f}'
#   description: '? Proper motion in right ascension direction, pmRA*cosDE (pmra)'
#   meta: !!omap
#   - {ucd: POS_EQ_PMRA}
#   - {width: 9}
#   - {precision: '3'}
#   - values: {'null': .nan}
# - name: pmDE
#   unit: mas / yr
#   datatype: float64
#   format: '{:9.3f}'
#   description: '? Proper motion in declination direction (pmdec)'
#   meta: !!omap
#   - {ucd: POS_EQ_PMDEC}
#   - {width: 9}
#   - {precision: '3'}
#   - values: {'null': .nan}
# - name: e_pmRA
#   unit: mas / yr
#   datatype: float32
#   format: '{:6.3f}'
#   description: '? Standard error of proper motion in right ascension direction (pmra_error)'
#   meta: !!omap
#   - {ucd: ERROR}
#   - {width: 6}
#   - {precision: '3'}
#   - values: {'null': .nan}
# - name: e_pmDE
[...]
#         value: !astropy.table.SerializedColumn {name: SkyCoord.dec}
#       distance: !astropy.table.SerializedColumn
#         __class__: astropy.coordinates.distances.Distance
#         unit: !astropy.units.Unit {unit: pc}
#         value: !astropy.table.SerializedColumn {name: SkyCoord.distance}
#       frame: icrs
#       obstime: !astropy.time.Time {format: jyear_str, in_subfmt: '*', jd1: 367701545.0, jd2: 0.0, out_subfmt: '*', precision: 3, scale: tt}
#       pm_dec: !astropy.table.SerializedColumn
#         __class__: astropy.units.quantity.Quantity
#         unit: !astropy.units.Unit {unit: mas / yr}
#         value: !astropy.table.SerializedColumn {name: SkyCoord.pm_dec}
#       pm_ra_cosdec: !astropy.table.SerializedColumn
#         __class__: astropy.units.quantity.Quantity
#         unit: !astropy.units.Unit {unit: mas / yr}
#         value: !astropy.table.SerializedColumn {name: SkyCoord.pm_ra_cosdec}
#       ra: !astropy.table.SerializedColumn
#         __class__: astropy.coordinates.angles.Longitude
#         unit: *id001
#         value: !astropy.table.SerializedColumn {name: SkyCoord.ra}
#         wrap_angle: !astropy.coordinates.Angle
#           unit: *id001
#           value: 360.0
#       representation_type: spherical
# schema: astropy-2.0
RA_ICRS_1 DE_ICRS_1 e_RA_ICRS e_DE_ICRS _r_1 HIP TYC2 Source rgeo Plx e_Plx pmRA pmDE e_pmRA e_pmDE RUWE Teff logg Gmag BP-RP BPmag RPmag RV e_RV b_rgeo B_rgeo FG e_FG FBP e_FBP FRP e_FRP RAVE5 RAVE6 e_Gmag e_BPmag e_RPmag e_BP-RP SkyCoord.ra SkyCoord.dec SkyCoord.distance SkyCoord.pm_ra_cosdec SkyCoord.pm_dec rmRA rmDE e_rmRA e_rmDE rRV e_rRV v_pec v_pec3d e_vpec e_vpec3d
[from data line 178]
253.92888851989 -40.74570448601 0.012 0.0084 8.8217 "" "" 5969666338535280896 1595.77039 0.6214 0.0149 -7.158 -4.397 0.016 0.014 0.935 4532.5 2.2898 12.409569 1.898138 13.354798 11.45666 17.22 0.37 1563.25293 1629.98706 204700.59427 33.248 62158.0 38.014 207250.0 52.245 "" "" 0.0027609578137680686 0.0028680917 0.0037892794 0.0066573713 253.92888851989 -40.74570448601 1595.77039 -7.1579999999999995 -4.397000000000006 -7.041925922214985 -3.295888945579529 0.13115655 0.12915656 34.29380952380953 1.9516393 58.81020058786268 68.07866820700866 7.692339752080142 6.7174082131029165
254.20246005396 -40.32244959019 0.0107 0.0072 19.959 "" "" 5969704757043996800 1535.46216 0.6405 0.0121 4.004 5.194 0.017 0.013 0.914 4944.3 2.7322 12.415875 1.704745 13.233161 11.528416 2.39 0.45 1509.05725 1560.04041 203515.00555 27.713 69527.0 37.863 194000.0 58.909 "" "" 0.00275928396977709 0.0028521304 0.0037937346 0.006645865 254.20246005396 -40.32244959019 1535.46216 4.004 5.193999999999999 4.120074077785015 6.295111054420471 0.13215655 0.12815656 19.463809523809527 2.0316393 54.75689937011647 58.11331955591765 7.083851574582679 6.709308123224852
254.09185798376 -40.60231099268 0.0119 0.0078 2.5484 "" "" 5969674692269526784 1490.70374 0.6636 0.0135 2.323 -1.2 0.016 0.012 0.968 "" "" 12.423561 1.646977 13.205614 11.558637 -16.27 0.5 1464.08142 1524.90686 202079.51724 26.722 71313.0 55.537 188670.0 49.496 "" "" 0.002759058252417088 0.0029154758 0.0037900999 0.0067055756 254.09185798376 -40.60231099268 1490.70374 2.323000000000001 -1.1999999999999997 2.439074077785015 -0.09888894557952876 0.13115655 0.12715656 0.8038095238095266 2.0816393 17.248499643872563 17.267218934015947 2.2621421849577286 2.261766607252198
253.99014802943 -40.88684550782 0.012 0.0082 15.3318 "" "" 5966662094811461760 1587.49487 0.6234 0.0145 -1.581 -4.654 0.019 0.014 0.866 "" "" 12.428086 1.671463 13.220422 11.548959 -60.3 0.58 1539.93176 1636.20032 201239.11087 27.588 70347.0 40.586 190360.0 179.19 "" "" 0.0027593376056489673 0.0028596206 0.003915133 0.0067747533 253.99014802943 -40.88684550782 1587.49487 -1.581 -4.654 -1.4649259222149849 -3.5528889455795287 0.13415655 0.12915656 -43.22619047619047 2.1616392 28.917891668992954 52.007191826357165 3.756290514150928 2.7550668086563483
253.59337995566 -40.61494528045 0.0124 0.0083 21.2443 "" "" 5969684892799152768 1626.45618 0.602 0.0151 2.028 -0.311 0.017 0.013 0.888 4755.5 2.3957 12.431795 1.60312 13.186955 11.583836 12.5 0.77 1584.22083 1665.25745 200552.73722 23.635 72550.0 44.158 184340.0 59.191 "" "" 0.002758289585844782 0.0028673608 0.0037954273 0.006662788 253.59337995566 -40.61494528045 1626.45618 2.0279999999999987 -0.3110000000000003 2.144074077785015 0.7901110544204712 0.13215655 0.12815656 29.573809523809526 2.3516393 17.61615990101775 34.4229472795226 2.3197786736702315 2.3433370244377656
253.63728323051 -40.76797826821 0.0127 0.0078 20.7371 "" "" 5969679944991676800 1500.13953 0.6582 0.0155 -2.199 -4.641 0.016 0.012 0.898 "" "" 12.43607 1.679376 13.239943 11.560567 1.63 0.57 1465.26184 1542.08423 199764.69002 60.837 69094.0 79.694 188340.0 157.04 "" "" 0.002775089416588337 0.0030583185 0.0038862955 0.006944614 253.63728323051 -40.76797826821 1500.13953 -2.1989999999999967 -4.641 -2.0829259222149847 -3.539888945579529 0.13115655 0.12715656 18.703809523809525 2.1516392 29.20517007166205 34.681038762090914 3.744021675334644 3.3596298165906746
253.62076439248 -40.7408551426 0.0147 0.0094 20.8948 "" "" 5969680773943495552 1675.30042 0.5594 0.0183 -0.314 -1.302 0.019 0.015 0.912 "" "" 12.44345 0.368345 12.567973 12.199628 "" "" 1621.27222 1735.1366 198411.39784 43.199 128300.0 90.66 104550.0 47.524 "" "" 0.002765442139296225 0.002893727 0.0038114693 0.0067051966 253.62076439248 -40.7408551426 1675.30042 -0.3140000000000005 -1.302 -0.1979259222149849 -0.20088894557952885 0.13415655 0.13015655 "" "" 2.2394396718673395 "" 0.29592396322728615 ""
253.76816041081 -40.97011705493 0.0141 0.0089 23.973 "" "" 5969569306634096000 1646.69556 0.5882 0.016 -2.04 -3.796 0.019 0.014 0.809 "" "" 12.446947 0.978421 12.842377 11.863955 -49.19 4.5 1610.7627 1687.82153 197773.40975 29.442 99647.0 60.88 142420.0 57.647 "" "" 0.002760056859897871 0.0028679376 0.0038048471 0.0066727847 253.76816041081 -40.97011705493 1646.69556 -2.04 -3.7959999999999985 -1.923925922214985 -2.6948889455795286 0.13415655 0.12915656 -32.11619047619047 6.0816393 25.84488079178822 41.22387116519615 3.3822149622406545 5.190859119906107
254.25629660851 -40.5211188709 0.0129 0.0084 11.3542 "" "" 5969697953815604224 1525.75427 0.6465 0.0157 -3.275 -7.4 0.02 0.014 1.089 4970.5 2.7093 12.449499 1.612932 13.210764 11.597832 -25.95 1.3 1491.92822 1564.98303 197309.1654 24.884 70976.0 42.217 181980.0 44.687 "" "" 0.0027587205571844024 0.0028639326 0.0037887741 0.006652707 254.25629660851 -40.5211188709 1525.75427 -3.2750000000000004 -7.4 -3.158925922214985 -6.298888945579529 0.13515656 0.12915656 -8.876190476190473 2.8816392 50.9616662729248 51.72889121837598 6.644611943961531 6.564709608862968
254.0390659469 -40.65993301689 0.0146 0.01 1.6638 "" "" 5969672665044922752 1734.26526 0.5424 0.0164 -0.166 -0.918 0.02 0.016 0.929 "" "" 12.450096 0.387509 12.584667 12.197158 "" "" 1686.47937 1788.77722 197200.69642 87.969 126340.0 173.24 104780.0 199.71 "" "" 0.0027975649099145653 0.0031625188 0.0043088477 0.007471367 254.0390659469 -40.65993301689 1734.26526 -0.16599999999999984 -0.9179999999999999 -0.0499259222149849 0.18311105442047115 0.13515656 0.13115655 "" "" 1.5601965749820161 "" 0.20506795336810152 ""
253.73496847718 -40.84723944254 0.0129 0.0081 19.4056 "" "" 5969666922650839040 1660.84326 0.5725 0.0168 -1.902 -3.834 0.017 0.015 0.838 "" "" 12.451989 0.927343 12.823475 11.896131 -59.12 4.37 1619.51294 1711.40747 196857.03042 28.648 101400.0 55.851 138260.0 35.659 "" "" 0.0027598468477385315 0.002853538 0.0037897415 0.0066432795 253.73496847718 -40.84723944254 1660.84326 -1.9020000000000006 -3.8340000000000023 -1.7859259222149848 -2.732888945579529 0.13215655 0.13015655 -42.046190476190475 5.951639 25.700951115516922 49.27901198078428 3.3606118287079925 5.372060025875022
254.17910852595 -40.77270374026 0.0111 0.0075 9.8201 "" "" 5966669275996372864 1343.12476 0.7342 0.013 0.051 -3.621 0.016 0.012 0.934 4746.0 2.5309 12.457232 1.61043 13.217906 11.607476 4.76 0.52 1322.0249 1368.45825 195908.72922 29.02 70511.0 35.919 180370.0 62.599 "" "" 0.0027600101082135508 0.0028444598 0.0037981202 0.00664258 254.17910852595 -40.77270374026 1343.12476 0.05100000000000027 -3.621000000000004 0.1670740777850151 -2.519888945579529 0.13115655 0.12715656 21.833809523809528 2.1016393 16.07787250158827 27.114815553481527 2.04469277068425 2.0817946844594037
254.04138843012 -40.60941041782 0.0121 0.0081 1.8232 "" "" 5969674550512743424 1641.25452 0.589 0.0135 -0.24 -1.171 0.017 0.013 0.899 "" "" 12.463123 0.908458 12.828831 11.920373 -21.73 5.78 1611.47742 1683.75122 194848.6772 87.439 100900.0 163.41 135210.0 133.99 "" "" 0.0027980672424027294 0.0032980198 0.003929551 0.0072275707 254.04138843012 -40.60941041782 1641.25452 -0.2400000000000002 -1.1710000000000016 -0.12392592221498488 -0.06988894557952885 0.13215655 0.12815656 -4.656190476190474 7.3616395 1.1068328702407522 4.785936559672752 0.14521924712731035 7.162145205131999
253.66690513724 -40.76099659169 0.014 0.0096 19.3328 "" "" 5969679841912460928 1558.47681 0.6353 0.0171 -1.542 0.219 0.018 0.015 1.018 4940.0 2.7404 12.470616 1.541063 13.168508 11.627444 -12.58 0.67 1514.72461 1603.69055 193508.5939 35.82 73793.0 219.09 177080.0 411.77 "" "" 0.002762640360808021 0.004263355 0.0045450884 0.008808443 253.66690513724 -40.76099659169 1558.47681 -1.5419999999999991 0.21899999999999983 -1.425925922214985 1.3201110544204713 0.13315655 0.13015655 4.493809523809526 2.2516394 14.354638490751986 15.041607967117733 1.8916609550709538 1.9265272920089578
253.85207525216 -40.42719326791 0.013 0.0088 15.7181 "" "" 5969692005259823872 1700.19006 0.5512 0.0143 -0.393 -1.247 0.018 0.014 0.906 "" "" 12.472529 0.37155 12.601543 12.229994 "" "" 1654.63049 1741.95691 193167.92608 42.857 124390.0 74.317 101660.0 36.366 "" "" 0.002765829952315108 0.0028645815 0.0037992862 0.0066638677 253.85207525216 -40.42719326791 1700.19006 -0.393 -1.247 -0.2769259222149849 -0.14588894557952892 0.13315655 0.12915656 "" "" 2.5224688151688843 "" 0.3337172450994628 ""
253.74601181466 -40.64424593906 0.0139 0.0102 14.2576 "" "" 5969682281454104960 1787.26965 0.5507 0.0169 1.34 -1.211 0.02 0.017 0.846 "" "" 12.482821 2.480609 13.833586 11.352977 28.83 0.27 1720.1416 1838.91125 191345.48471 40.328 39993.0 41.75 228020.0 96.885 "" "" 0.002764806056112214 0.0030115983 0.0038074334 0.0068190317 253.74601181466 -40.64424593906 1787.26965 1.3400000000000005 -1.2110000000000003 1.4560740777850152 -0.10988894557952888 0.13515656 0.13215655 45.90380952380953 1.8516393 12.370440708895424 47.54142963911038 1.6717383186323738 1.8400141466944853
253.61483233455 -40.4902607788 0.0131 0.0089 22.0703 "" "" 5969687847736649472 1455.91821 0.6747 0.0147 -2.671 -5.905 0.018 0.014 0.911 "" "" 12.491457 1.751917 13.341135 11.589218 -16.25 0.45 1425.89514 1490.07422 189829.64266 29.529 62945.0 40.706 183430.0 65.661 "" "" 0.0027604916054526376 0.0028771588 0.0037993127 0.006676472 253.61483233455 -40.4902607788 1455.91821 -2.6710000000000003 -5.904999999999999 -2.5549259222149847 -4.803888945579529 0.13315655 0.12915656 0.8238095238095262 2.0316393 37.54895190845566 37.55798785285276 4.883207291592075 4.882235835212091
254.42585844294 -40.49206777587 0.0126 0.008 18.8387 "" "" 5966702437452760448 1566.84985 0.6022 0.0144 -0.121 -1.297 0.02 0.014 0.879 "" "" 12.49895 0.536216 12.691487 12.155272 "" "" 1535.31824 1603.77295 188524.10382 35.086 114500.0 72.481 108910.0 54.636 "" "" 0.0027627196193251817 0.0028735732 0.0038184284 0.0066920016 254.42585844294 -40.49206777587 1566.84985 -0.12100000000000011 -1.2970000000000013 -0.00492592221498489 -0.19588894557952874 0.13515656 0.12915656 "" "" 1.4553013074596133 "" 0.1879673563306472 ""
254.21729565076 -40.56255854696 0.0123 0.0082 8.4726 "" "" 5969697777695876352 1722.11316 0.5482 0.0145 -0.092 -1.023 0.018 0.014 0.93 "" "" 12.503139 0.604494 12.723025 12.118531 -53.41 38.96 1685.47058 1763.92175 187798.02496 138.69 111230.0 319.01 112650.0 219.46 "" "" 0.002869618320204539 0.00418109 0.00433102 0.0085121095 254.21729565076 -40.56255854696 1722.11316 -0.09199999999999993 -1.023 0.024074077785015108 0.07811105442047128 0.13315655 0.12915656 -36.33619047619047 40.541637 0.6672021686670963 36.342315515881324 0.08640831802922422 40.53480466917193
254.02600510583 -40.71826579581 0.0204 0.0131 5.1195 "" "" 5969671771691650816 1812.22961 0.5177 0.0239 -0.36 -1.252 0.027 0.022 1.363 "" "" 12.503563 0.45915 12.664792 12.205642 "" "" 1732.52783 1890.68518 187724.75011 39.368 117350.0 80.054 103970.0 48.847 "" "" 0.002764712037926878 0.0028868043 0.0038136502 0.0067004543 254.02600510583 -40.71826579581 1812.22961 -0.3599999999999999 -1.2519999999999993 -0.24392592221498488 -0.1508889455795288 0.14215656 0.13715655 "" "" 2.4637989365825845 "" 0.3468796720161579 ""
253.81153857804 -40.93428203655 0.0138 0.0091 21.0998 "" "" 5969663280518590208 1677.31201 0.584 0.0163 -1.906 -3.741 0.02 0.015 0.854 5077.3 2.7138 12.506621 2.027437 13.531011 11.503573 -50.94 0.57 1628.3833 1728.32678 187196.74358 49.851 52846.0 49.745 198490.0 152.39 "" "" 0.002770449089194802 0.0029714615 0.0038702153 0.006841677 253.81153857804 -40.93428203655 1677.31201 -1.9059999999999997 -3.7409999999999997 -1.7899259222149848 -2.639888945579529 0.13515656 0.13015655 -33.86619047619047 2.1516392 25.35791172697551 42.30771258910952 3.3409484932825193 2.641261585315033
253.9800043436 -40.44768329657 0.0137 0.0092 11.8991 "" "" 5969691219304095616 1655.56055 0.5674 0.0154 -0.285 -0.88 0.018 0.015 0.946 "" "" 12.509619 0.399508 12.646455 12.246946 "" "" 1614.72058 1698.00183 186680.65633 81.775 119350.0 170.33 100090.0 112.93 "" "" 0.002796066636045583 0.0031915535 0.0039729583 0.007164512 253.9800043436 -40.44768329657 1655.56055 -0.28500000000000003 -0.8800000000000008 -0.16892592221498487 0.2211110544204712 0.13315655 0.13015655 "" "" 2.183569434074323 "" 0.28663759649597664 ""
254.4392468225 -40.72377960435 0.0114 0.0076 18.0731 "" "" 5966677934650439168 1613.16028 0.6012 0.0125 -1.055 -1.877 0.018 0.013 0.899 "" "" 12.514689 1.246242 13.046719 11.800477 "" "" 1584.07593 1653.36963 185810.88574 62.467 82552.0 94.85 151000.0 187.01 "" "" 0.002779392217807151 0.0030563471 0.004011463 0.00706781 254.4392468225 -40.72377960435 1613.16028 -1.055 -1.877 -0.9389259222149848 -0.7758889455795288 0.13315655 0.12815656 "" "" 9.313483684415322 "" 1.221469507526619 ""
253.80377099786 -40.99673266453 0.0154 0.0102 24.5149 "" "" 5969568275841946496 1678.02832 0.5656 0.0193 -0.445 -1.493 0.021 0.017 1.0 "" "" 12.519229 0.437474 12.671853 12.234379 "" "" 1630.03345 1722.38318 185035.5694 39.536 116590.0 85.241 101250.0 59.031 "" "" 0.002765069061020598 0.0029008908 0.0038320264 0.0067329174 253.80377099786 -40.99673266453 1678.02832 -0.44499999999999984 -1.4929999999999986 -0.3289259222149849 -0.3918889455795289 0.13615656 0.13215655 "" "" 4.069461154953462 "" 0.5445927798379815 ""
254.08163586022 -40.56053624265 0.0139 0.009 4.6844 "" "" 5969674997189338112 1668.24792 0.564 0.0153 -0.21 -0.785 0.018 0.014 0.833 "" "" 12.526985 0.405083 12.666022 12.26094 "" "" 1624.83118 1708.41711 183718.43372 51.641 117220.0 115.64 98806.0 84.862 "" "" 0.0027721703745505295 0.0029886966 0.0038927246 0.0068814214 254.08163586022 -40.56053624265 1668.24792 -0.21000000000000008 -0.7849999999999999 -0.09392592221498489 0.31611105442047116 0.13315655 0.12915656 "" "" 2.607654968609202 "" 0.3376539248869495 ""
254.1781281992 -40.79447752749 0.0119 0.0077 10.9073 "" "" 5966669172917651200 1585.85986 0.6211 0.0134 2.73 -1.11 0.017 0.012 0.942 4930.0 2.7476 12.531775 1.752245 13.379297 11.627052 -1.3 0.88 1551.86694 1616.33337 182909.65463 27.99 60771.0 36.469 177150.0 49.651 "" "" 0.002760324978083097 0.0028652353 0.003791613 0.0066568484 254.1781281992 -40.79447752749 1585.85986 2.7299999999999995 -1.11 2.846074077785015 -0.008888945579528906 0.13215655 0.12715656 15.773809523809526 2.4616394 21.393974130444445 26.580353571530047 2.8273528070908966 2.704207510505239
254.16656569317 -40.63151465248 0.0147 0.0097 4.9072 "" "" 5969673725879024128 1567.76392 0.604 0.0174 -0.247 -1.366 0.021 0.015 1.003 "" "" 12.544118 0.426479 12.69234 12.265861 "" "" 1530.17456 1612.29944 180842.07283 41.787 114410.0 73.21 98359.0 29.451 "" "" 0.002766718303130489 0.0028753662 0.003793338 0.0066687046 254.16656569317 -40.63151465248 1567.76392 -0.24699999999999983 -1.366 -0.1309259222149849 -0.2648889455795289 0.13615656 0.13015655 "" "" 2.195762717420199 "" 0.28842701397566095 ""
253.70250074743 -40.82939553238 0.0146 0.0092 19.9099 "" "" 5969667644205344128 1875.13403 0.5065 0.0188 -2.52 -5.182 0.02 0.016 0.92 "" "" 12.576092 0.766501 12.86904 12.102539 -1.21 17.52 1809.4845 1952.13257 175594.0739 33.923 97230.0 63.471 114330.0 60.825 "" "" 0.0027632925709081386 0.0028787826 0.003823268 0.0067020506 253.70250074743 -40.82939553238 1875.13403 -2.5200000000000027 -5.182000000000006 -2.403925922214985 -4.080888945579529 0.13515656 0.13115655 15.863809523809525 19.101639 42.096853402877905 44.98672603147625 5.5651437530981775 8.51419698372827
254.14014251685 -40.47638404832 0.0121 0.0079 10.3052 "" "" 5969699225125966208 1697.53943 0.5571 0.0137 -0.045 -0.915 0.017 0.013 0.903 7259.5 3.6208 12.585259 0.475224 12.754421 12.279197 "" "" 1657.60022 1735.41345 174117.92643 30.823 108060.0 57.748 97158.0 38.074 "" "" 0.0027620156843397225 0.002849861 0.003803256 0.006653117 254.14014251685 -40.47638404832 1697.53943 -0.04500000000000004 -0.915 0.07107407778501511 0.18611105442047116 0.13215655 0.12815656 "" "" 1.6029960979043802 "" 0.20626163694057334 ""
