Clusters/UBC_345/UBC_345_stars_in_region.tsv
# %ECSV 1.0
# ---
# datatype:
# - name: RA_ICRS_1
#   unit: deg
#   datatype: float64
#   format: '{:15.11f}'
#   description: Right ascension (ICRS) at Ep=2016.0 (ra)
#   meta: !!omap
#   - {ucd: POS_EQ_RA_MAIN}
#   - {width: 15}
#   - {precision: '11'}
# - name: DE_ICRS_1
#   unit: deg
#   datatype: float64
#   format: '{:15.11f}'
#   description: Declination (ICRS) at Ep=2016.0 (dec)
#   meta: !!omap
#   - {ucd: POS_EQ_DEC_MAIN}
#   - {width: 15}
#   - {precision: '11'}
# - name: e_RA_ICRS
#   unit: mas
#   datatype: float64
#   format: '{:7.4f}'
#   description: Standard error of right ascension (ra_error)
#   meta: !!omap
#   - {ucd: ERROR}
#   - {width: 7}
#   - {precision: '4'}
# - name: e_DE_ICRS
#   unit: mas
#   datatype: float64
#   format: '{:7.4f}'
#   description: Standard error of declination (dec_error)
#   meta: !!omap
#   - {ucd: ERROR}
#   - {width: 7}
#   - {precision: '4'}
# - name: _r_1
#   unit: ''
#   datatype: float64
#   format: '{:7.4f}'
#   description: Distance from center (275.96630678000-12.23839424000)[ICRS], at Epoch=J2016.0
#   meta: !!omap
#   - {ucd: POS_ANG_DIST_GENERAL}
#   - {width: 7}
#   - {precision: '4'}
# - name: HIP
#   datatype: int32
#   description: '? HIP cross-id number, van Leeuwen, Cat. I/311 (hip_original_ext_source_id)'
#   meta: !!omap
#   - {ucd: ID_NUMBER}
#   - {width: 6}
#   - values: {'null': -2147483648}
# - name: TYC2
#   datatype: string
#   description: Tycho-2 cross-id name, Hog et al., Cat. I/259 (tyc2_original_ext_source_id)
#   meta: !!omap
#   - {ucd: ID_CROSSID}
#   - {_votable_string_dtype: char}
# - name: Source
#   datatype: int64
#   description: Source identifier, identical to the Gaia-EDR3 source_id (id)
#   meta: !!omap
#   - {ucd: ID_MAIN}
#   - {width: 19}
# - name: rgeo
#   unit: pc
#   datatype: float64
#   format: '{:15.8f}'
#   description: '? Median of the geometric distance posterior (r_med_geo)'
#   meta: !!omap
#   - {ucd: PHYS_DISTANCE_TRUE}
#   - {width: 15}
#   - {precision: '8'}
#   - values: {'null': .nan}
# - name: Plx
#   unit: mas
#   datatype: float64
#   format: '{:9.4f}'
#   description: '? Parallax (parallax)'
#   meta: !!omap
#   - {ucd: POS_PARLX_TRIG}
#   - {width: 9}
#   - {precision: '4'}
#   - values: {'null': .nan}
# - name: e_Plx
#   unit: mas
#   datatype: float32
#   format: '{:7.4f}'
#   description: '? Standard error of parallax (parallax_error)'
#   meta: !!omap
#   - {ucd: ERROR}
#   - {width: 7}
#   - {precision: '4'}
#   - values: {'null': .nan}
# - name: pmRA
#   unit: mas / yr
#   datatype: float64
#   format: '{:9.3f}'
#   description: '? Proper motion in right ascension direction, pmRA*cosDE (pmra)'
#   meta: !!omap
#   - {ucd: POS_EQ_PMRA}
#   - {width: 9}
#   - {precision: '3'}
#   - values: {'null': .nan}
# - name: pmDE
#   unit: mas / yr
#   datatype: float64
#   format: '{:9.3f}'
#   description: '? Proper motion in declination direction (pmdec)'
#   meta: !!omap
#   - {ucd: POS_EQ_PMDEC}
#   - {width: 9}
#   - {precision: '3'}
#   - values: {'null': .nan}
# - name: e_pmRA
#   unit: mas / yr
#   datatype: float32
#   format: '{:6.3f}'
#   description: '? Standard error of proper motion in right ascension direction (pmra_error)'
#   meta: !!omap
#   - {ucd: ERROR}
#   - {width: 6}
#   - {precision: '3'}
#   - values: {'null': .nan}
# - name: e_pmDE
[...]
#         value: !astropy.table.SerializedColumn {name: SkyCoord.dec}
#       distance: !astropy.table.SerializedColumn
#         __class__: astropy.coordinates.distances.Distance
#         unit: !astropy.units.Unit {unit: pc}
#         value: !astropy.table.SerializedColumn {name: SkyCoord.distance}
#       frame: icrs
#       obstime: !astropy.time.Time {format: jyear_str, in_subfmt: '*', jd1: 367701545.0, jd2: 0.0, out_subfmt: '*', precision: 3, scale: tt}
#       pm_dec: !astropy.table.SerializedColumn
#         __class__: astropy.units.quantity.Quantity
#         unit: !astropy.units.Unit {unit: mas / yr}
#         value: !astropy.table.SerializedColumn {name: SkyCoord.pm_dec}
#       pm_ra_cosdec: !astropy.table.SerializedColumn
#         __class__: astropy.units.quantity.Quantity
#         unit: !astropy.units.Unit {unit: mas / yr}
#         value: !astropy.table.SerializedColumn {name: SkyCoord.pm_ra_cosdec}
#       ra: !astropy.table.SerializedColumn
#         __class__: astropy.coordinates.angles.Longitude
#         unit: *id001
#         value: !astropy.table.SerializedColumn {name: SkyCoord.ra}
#         wrap_angle: !astropy.coordinates.Angle
#           unit: *id001
#           value: 360.0
#       representation_type: spherical
# schema: astropy-2.0
RA_ICRS_1 DE_ICRS_1 e_RA_ICRS e_DE_ICRS _r_1 HIP TYC2 Source rgeo Plx e_Plx pmRA pmDE e_pmRA e_pmDE RUWE Teff logg Gmag BP-RP BPmag RPmag RV e_RV b_rgeo B_rgeo FG e_FG FBP e_FBP FRP e_FRP RAVE5 RAVE6 e_Gmag e_BPmag e_RPmag e_BP-RP SkyCoord.ra SkyCoord.dec SkyCoord.distance SkyCoord.pm_ra_cosdec SkyCoord.pm_dec rmRA rmDE e_rmRA e_rmDE rRV e_rRV v_pec v_pec3d e_vpec e_vpec3d
[from data line 1409]
275.70151060653 -12.47235894853 0.0434 0.0395 20.9267 "" "" 4152850543354850304 2100.21509 0.4392 0.049 -0.204 -1.794 0.056 0.045 1.038 "" "" 16.17751 3.16267 18.05093 14.88826 "" "" 1918.56177 2329.56909 6367.12283 4.4521 822.33 8.2406 8787.3 15.42 "" "" 0.002857996997353019 0.011232268 0.004232461 0.015464729 275.70151060653 -12.47235894853 2100.21509 -0.20400000000000015 -1.794 0.2036538383960724 -0.06226918125152592 0.12521812 0.11421813 "" "" 2.1200297285440772 "" 0.26355302717326695 ""
275.98632641829 -12.38472940411 0.0584 0.0503 8.8582 "" "" 4152810926574007808 1721.21008 0.546 0.0616 -1.418 -2.475 0.076 0.057 1.134 6728.2 4.3223 16.179258 1.650076 16.938068 15.287992 "" "" 1559.12927 1875.24329 6356.87312 4.0864 2291.9 11.532 6080.8 20.648 "" "" 0.002842343683970128 0.0061343056 0.0052797464 0.011414052 275.98632641829 -12.38472940411 1721.21008 -1.4179999999999982 -2.4749999999999996 -1.0103461616039275 -0.743269181251526 0.14521813 0.12621813 "" "" 10.233186227217915 "" 1.420803897617411 ""
275.87538454268 -12.34024013998 0.0489 0.041 8.1089 "" "" 4152858854087446272 1739.54407 0.549 0.0538 -0.781 -0.226 0.059 0.045 0.903 7529.6 4.4029 16.179901 1.614646 16.931446 15.3168 "" "" 1582.31897 1952.73303 6353.11214 4.234 2305.9 12.346 5921.6 13.402 "" "" 0.0028487475356098677 0.006448065 0.004507988 0.010956053 275.87538454268 -12.34024013998 1739.54407 -0.7810000000000002 -0.226 -0.37334616160392764 1.5057308187484741 0.12821813 0.11421813 "" "" 12.791364522587726 "" 1.4719722363231253 ""
276.18816467055 -12.30321792883 0.0578 0.0608 13.5764 "" "" 4153184691802873344 2231.61963 0.4584 0.0777 -0.197 -2.987 0.073 0.057 1.074 "" "" 16.179953 2.583515 17.598413 15.014898 "" "" 1905.04199 2989.36963 6352.80443 4.4962 1247.5 11.655 7819.9 13.279 "" "" 0.0028604675264865416 0.010520434 0.0042051077 0.014725542 276.18816467055 -12.30321792883 2231.61963 -0.19700000000000026 -2.986999999999998 0.21065383839607238 -1.255269181251526 0.14221813 0.12621813 "" "" 13.463754257629919 "" 1.705632779711414 ""
275.62763406657 -12.14904849996 0.0545 0.0478 20.5726 "" "" 4152879714773309696 2116.05347 0.4256 0.0568 0.246 -2.344 0.067 0.054 1.183 6732.2 3.5827 16.18327 2.984792 17.851866 14.867074 "" "" 1897.32349 2378.40894 6333.42811 5.5399 987.8 9.9294 8960.4 36.12 "" "" 0.002914399320169301 0.011264872 0.00578265 0.01704752 275.62763406657 -12.14904849996 2116.05347 0.24599999999999983 -2.344 0.6536538383960724 -0.6122691812515257 0.13621813 0.123218134 "" "" 8.983161848521169 "" 1.1705436676792538 ""
276.28405731801 -12.19049947312 0.0519 0.0552 18.8537 "" "" 4153194720527148288 1754.91565 0.5517 0.0641 1.542 0.139 0.065 0.053 0.896 4858.2 4.1526 16.183794 1.917676 17.117483 15.199807 "" "" 1599.98682 1938.95007 6330.36887 4.7216 1942.8 8.752 6595.3 15.03 "" "" 0.0028718610183452505 0.005630947 0.0045172763 0.0101482235 276.28405731801 -12.19049947312 1754.91565 1.5419999999999998 0.139 1.9496538383960724 1.8707308187484741 0.13421813 0.12221813 "" "" 22.47601612752062 "" 2.8905443259412738 ""
276.07422485744 -12.07299940533 0.0436 0.041 11.7706 "" "" 4153246951652328064 1658.27637 0.5774 0.0526 2.379 -0.838 0.059 0.047 0.963 7109.5 4.2773 16.183937 1.743929 17.021778 15.277849 "" "" 1538.27222 1791.13757 6329.53858 3.6816 2121.8 10.184 6137.9 16.778 "" "" 0.002826766725418199 0.005911152 0.0048054107 0.010716563 276.07422485744 -12.07299940533 1658.27637 2.379 -0.8380000000000004 2.7866538383960724 0.8937308187484742 0.12821813 0.11621813 "" "" 23.00268393349462 "" 2.924718242364654 ""
275.89545553839 -12.11806835915 0.057 0.0517 8.33 "" "" 4153240144101545088 2348.8833 0.3773 0.0652 0.346 -4.639 0.072 0.058 1.165 "" "" 16.18619 3.336626 18.172758 14.836132 "" "" 2060.37891 2742.4978 6316.42059 7.267 735.04 10.26 9219.5 22.9 "" "" 0.003025247228353637 0.01540987 0.0046429066 0.020052776 275.89545553839 -12.11806835915 2348.8833 0.3460000000000001 -4.639000000000005 0.7536538383960724 -2.907269181251526 0.14121813 0.12721813 "" "" 33.43859819660172 "" 4.284983344684932 ""
276.05877886039 -12.55465752637 0.0535 0.0467 19.7344 "" "" 4152803363106528000 1829.74634 0.5288 0.0606 0.036 -2.775 0.059 0.044 1.019 "" "" 16.186666 1.889274 17.100391 15.211118 "" "" 1662.60864 2066.5105 6313.64673 5.0682 1973.6 11.99 6527.0 28.431 "" "" 0.0028898802580868944 0.0071619134 0.006053976 0.013215889 276.05877886039 -12.55465752637 1829.74634 0.03600000000000006 -2.775 0.44365383839607236 -1.0432691812515258 0.12821813 0.11321813 "" "" 9.832438291031984 "" 1.1370384066990085 ""
276.0340072003 -12.52159760618 0.0583 0.0535 17.4493 "" "" 4152805188497443584 2238.32031 0.4505 0.0606 -0.479 -1.856 0.065 0.051 0.957 9254.7 3.5442 16.187124 1.875952 17.09738 15.221428 "" "" 1935.3623 2751.00049 6310.98599 4.7543 1979.1 9.8812 6465.3 12.291 "" "" 0.0028741592250540984 0.0060967626 0.0043062842 0.010403046 276.0340072003 -12.52159760618 2238.32031 -0.4790000000000005 -1.8559999999999997 -0.0713461616039276 -0.12426918125152597 0.13421813 0.12021813 "" "" 1.5202950535095217 "" 0.18826793520668877 ""
275.92957178418 -12.20093828309 0.0437 0.0391 3.113 "" "" 4153238602235329152 2390.58838 0.4077 0.0497 0.678 -0.282 0.058 0.045 0.95 "" "" 16.188921 2.144054 17.28194 15.137887 "" "" 2132.74341 2842.86401 6300.54516 4.4098 1669.7 12.658 6982.4 11.216 "" "" 0.002858191802279571 0.008691024 0.0041623814 0.012853405 275.92957178418 -12.20093828309 2390.58838 0.678 -0.282 1.0856538383960723 1.449730818748474 0.12721813 0.11421813 "" "" 20.52315592941992 "" 2.443334495880906 ""
275.8000082144 -11.92031493894 0.0484 0.0458 21.4342 "" "" 4153259596035802624 1760.95105 0.5475 0.0586 0.018 0.317 0.059 0.049 1.037 "" "" 16.189466 2.060309 17.204779 15.144469 "" "" 1597.81909 1897.46753 6297.38023 4.4596 1792.7 10.145 6940.2 23.402 "" "" 0.0028605891990395706 0.0067480984 0.005261843 0.012009941 275.8000082144 -11.92031493894 1760.95105 0.017999999999999995 0.31700000000000006 0.4256538383960724 2.0487308187484743 0.12821813 0.118218124 "" "" 17.465751182237625 "" 2.0722876440582643 ""
275.91749015531 -11.84774630388 0.0471 0.0467 23.6133 "" "" 4153265471551640704 2044.30139 0.4724 0.0583 -0.732 -2.616 0.056 0.049 1.083 "" "" 16.189762 1.8016 17.042952 15.241352 "" "" 1839.48352 2376.54346 6295.66449 3.7373 2080.8 15.239 6347.7 11.616 "" "" 0.0028297002689751842 0.00842685 0.0042698113 0.012696661 275.91749015531 -11.84774630388 2044.30139 -0.732 -2.6159999999999997 -0.3243461616039276 -0.884269181251526 0.12521812 0.118218124 "" "" 9.12677807285245 "" 1.0867229661359963 ""
275.82309362115 -12.2709669096 0.0678 0.0572 8.6214 "" "" 4152862844141306112 2448.15601 0.3677 0.0713 -2.536 -6.173 0.093 0.073 1.079 4891.2 2.2069 16.189974 4.250141 18.971004 14.720863 "" "" 2049.86108 2853.02441 6294.44427 7.5513 352.38 8.249 10252.0 18.383 "" "" 0.0030476844729247217 0.02556911 0.004251346 0.029820455 275.82309362115 -12.2709669096 2448.15601 -2.5360000000000014 -6.173 -2.1283461616039276 -4.441269181251526 0.16221812 0.14221813 "" "" 57.14992277206761 "" 8.353109235866679 ""
275.96448805699 -11.85299937634 0.153 0.1355 23.1239 "" "" 4153266708502148736 2151.60327 0.512 0.1722 -2.877 -5.224 0.185 0.152 1.195 3325.2 0.2312 16.190022 6.353473 20.829515 14.476043 "" "" 1584.21423 2996.28247 6294.16391 19.769 63.622 5.3977 12845.0 53.73 "" "" 0.00438415049838594 0.09215626 0.0059084413 0.098064706 275.96448805699 -11.85299937634 2151.60327 -2.8769999999999993 -5.224 -2.4693461616039274 -3.492269181251526 0.25421813 0.22121812 "" "" 43.62046579504626 "" 10.152150211027962 ""
276.01607604922 -12.01788660235 0.0497 0.048 13.5487 "" "" 4153248356079419264 1885.59814 0.4975 0.0614 5.881 2.386 0.065 0.051 1.039 "" "" 16.192291 3.352451 18.221966 14.869514 "" "" 1683.81628 2204.62964 6281.01664 5.2803 702.47 9.2839 8940.3 16.267 "" "" 0.002902568905379232 0.014617932 0.004264549 0.018882481 276.01607604922 -12.01788660235 1885.59814 5.881000000000006 2.386000000000001 6.288653838396073 4.117730818748474 0.13421813 0.12021813 "" "" 67.18351975455484 "" 8.745624302419701 ""
276.31158984018 -12.37978780814 0.0469 0.0474 21.9467 "" "" 4153171806901239424 1641.41309 0.5885 0.0606 1.708 -3.284 0.061 0.047 0.983 7150.3 4.2071 16.192825 1.670578 16.97833 15.307753 "" "" 1518.95752 1793.32764 6277.9303 4.0024 2208.4 11.199 5971.1 13.093 "" "" 0.0028409369947074957 0.0061724903 0.0044667185 0.010639209 276.31158984018 -12.37978780814 1641.41309 1.7079999999999984 -3.283999999999999 2.1156538383960726 -1.5522691812515257 0.13021813 0.11621813 "" "" 20.415731530972998 "" 2.5621070038231344 ""
275.62384093184 -12.0301491014 0.0467 0.0404 23.6575 "" "" 4152881776357886976 2184.82104 0.4152 0.0499 -0.434 -3.119 0.058 0.046 0.971 9310.9 3.6462 16.193878 1.796774 17.059021 15.262247 "" "" 1998.51147 2384.34131 6271.84329 3.8404 2050.3 9.9443 6226.7 21.302 "" "" 0.0028343920062379436 0.0059595164 0.0052990913 0.011258608 275.62384093184 -12.0301491014 2184.82104 -0.43400000000000005 -3.1189999999999984 -0.02634616160392761 -1.387269181251526 0.12721813 0.11521813 "" "" 14.369221995954115 "" 1.655660331937902 ""
275.7396671744 -12.35411868696 0.0514 0.0466 14.9914 "" "" 4152860056678240640 2245.45654 0.4055 0.0601 1.343 -0.535 0.068 0.053 1.097 9584.8 3.7827 16.19436 3.238654 18.115534 14.87688 "" "" 2022.28613 2599.92041 6269.06261 4.6409 774.82 8.9165 8879.9 16.269 "" "" 0.0028701589135294524 0.01280222 0.0042709038 0.017073125 275.7396671744 -12.35411868696 2245.45654 1.3430000000000013 -0.535 1.7506538383960724 1.196730818748474 0.13721813 0.12221813 "" "" 22.570552730962966 "" 2.9934253459086997 ""
276.29856442481 -12.30722080533 0.0495 0.0571 19.9128 "" "" 4153184073327886976 2018.43774 0.4897 0.0732 -2.732 -0.947 0.061 0.048 1.149 5789.8 4.5119 16.195002 1.469244 16.85807 15.388826 "" "" 1764.78662 2309.0022 6265.36416 3.908 2467.1 8.8245 5541.5 18.751 "" "" 0.002837326583073822 0.0047819368 0.005270759 0.010052696 276.29856442481 -12.30722080533 2018.43774 -2.7319999999999998 -0.9469999999999993 -2.324346161603928 0.7847308187484742 0.13021813 0.11721813 "" "" 23.471117860554966 "" 3.0265578072637678 ""
276.26936096694 -12.31624964274 0.0475 0.052 18.3712 "" "" 4153184103367567744 1939.01697 0.5081 0.0667 1.46 -1.454 0.059 0.047 0.982 "" "" 16.195126 1.928475 17.148115 15.21964 "" "" 1719.73962 2209.33472 6264.6512 4.5163 1888.7 11.383 6475.9 15.918 "" "" 0.002864341232090545 0.0071136504 0.0046266736 0.011740324 276.26936096694 -12.31624964274 1939.01697 1.4599999999999986 -1.454 1.8676538383960724 0.27773081874847416 0.12821813 0.11621813 "" "" 17.35425105337179 "" 2.220830783647458 ""
276.3029051744 -12.27067166196 0.0468 0.0522 19.8305 "" "" 4153190803516696320 2359.61743 0.4326 0.064 1.097 -0.534 0.058 0.046 0.984 5000.2 3.5097 16.195269 2.386169 17.483656 15.097487 "" "" 2042.76526 2700.98999 6263.82156 4.926 1386.6 13.129 7247.1 10.466 "" "" 0.002884586910238525 0.010652188 0.0040917345 0.014743922 276.3029051744 -12.27067166196 2359.61743 1.0969999999999986 -0.5340000000000001 1.5046538383960724 1.197730818748474 0.12721813 0.11521813 "" "" 21.50974349989351 "" 2.6393115328795735 ""
275.85976973934 -11.89276004458 0.0502 0.0539 21.6597 "" "" 4153265574630867584 1641.73669 0.5963 0.0669 3.323 1.931 0.06 0.051 1.036 4913.4 4.2812 16.195583 1.685413 16.959087 15.273674 "" "" 1500.20203 1794.80762 6262.00051 4.3984 2247.9 18.18 6161.5 51.716 "" "" 0.002858911078558581 0.009213579 0.009865649 0.019079227 275.85976973934 -11.89276004458 1641.73669 3.322999999999996 1.931 3.7306538383960723 3.662730818748474 0.12921813 0.12021813 "" "" 40.68445254482619 "" 5.0807509736792635 ""
276.11373857961 -12.1675083793 0.0458 0.0477 9.6355 "" "" 4153236811206734848 2371.25098 0.4054 0.0594 1.029 -2.475 0.06 0.051 0.937 "" "" 16.19562 2.949004 17.906359 14.957355 "" "" 2092.30225 2733.76904 6261.7967 5.2513 939.45 8.141 8245.5 12.043 "" "" 0.0029018694428556194 0.009813673 0.0040985867 0.01391226 276.11373857961 -12.1675083793 2371.25098 1.029 -2.474999999999999 1.4366538383960723 -0.743269181251526 0.12921813 0.12021813 "" "" 18.18066947115431 "" 2.315686120106139 ""
276.11636141367 -12.44691881944 0.0561 0.0497 15.2935 "" "" 4153181217149284992 1638.12634 0.5985 0.0676 -2.031 -10.926 0.067 0.051 0.843 6361.9 4.0519 16.195667 1.80638 17.061848 15.255467 "" "" 1470.21008 1814.11316 6261.51769 4.9964 2044.9 10.035 6265.7 19.978 "" "" 0.002888318029903514 0.006014427 0.005125236 0.011139663 276.11636141367 -12.44691881944 1638.12634 -2.0310000000000015 -10.926000000000005 -1.6233461616039278 -9.194269181251526 0.13621813 0.12021813 "" "" 72.49513384197108 "" 8.752548755803412 ""
275.72292662894 -11.9894713824 0.0453 0.0416 20.6619 "" "" 4153257500091763840 1913.12988 0.4983 0.0499 -2.854 -2.879 0.054 0.046 1.038 7619.7 3.8085 16.195723 2.14689 17.276974 15.130084 "" "" 1743.71753 2107.01611 6261.20356 4.2361 1677.4 7.6938 7032.7 32.665 "" "" 0.0028515576890197876 0.0057083587 0.006301991 0.01201035 275.72292662894 -11.9894713824 1913.12988 -2.853999999999999 -2.8789999999999973 -2.4463461616039277 -1.1472691812515259 0.123218134 0.11521813 "" "" 24.502426569094833 "" 2.984755412431923 ""
275.77783391519 -12.43085434361 0.0477 0.0438 15.9809 "" "" 4152855796070411904 1867.47998 0.483 0.0562 -1.073 -3.692 0.061 0.048 0.983 8587.6 2.8593 16.196512 3.26494 18.14662 14.88168 "" "" 1678.01123 2058.93457 6256.6464 4.9246 752.95 10.537 8840.7 19.616 "" "" 0.002884804944177152 0.015448166 0.004481887 0.019930054 275.77783391519 -12.43085434361 1867.47998 -1.073 -3.692000000000002 -0.6653461616039276 -1.960269181251526 0.13021813 0.11721813 "" "" 18.324282483277557 "" 2.1737557657579964 ""
275.95226097373 -12.46729623408 0.0574 0.0516 13.7588 "" "" 4152807834197470592 1650.46179 0.5827 0.0594 1.014 0.88 0.066 0.055 0.898 7202.6 4.3381 16.19788 1.588154 16.937378 15.349224 "" "" 1517.04907 1838.09277 6248.77402 3.9129 2293.3 13.989 5747.4 10.24 "" "" 0.0028379601114800956 0.0071866703 0.0042456733 0.011432344 275.95226097373 -12.46729623408 1650.46179 1.0140000000000013 0.8800000000000006 1.4216538383960724 2.611730818748474 0.13521813 0.12421813 "" "" 23.26295625867643 "" 2.9501286269713405 ""
275.70125532541 -12.25599780036 0.0515 0.0456 15.577 "" "" 4152873736178503936 2319.59302 0.3828 0.0536 -1.093 -6.599 0.064 0.051 1.021 7667.2 2.8761 16.199509 3.519906 18.357924 14.838017 "" "" 2060.60034 2609.67529 6239.40211 4.5369 619.79 14.622 9203.5 15.826 "" "" 0.0028661937154951423 0.025766056 0.004215375 0.02998143 275.70125532541 -12.25599780036 2319.59302 -1.093 -6.599 -0.6853461616039276 -4.867269181251526 0.13321814 0.12021813 "" "" 54.04290396685972 "" 6.511317897772553 ""
276.06985991225 -11.88201477514 0.046 0.0435 22.2293 "" "" 4153262757132507136 1809.68933 0.5357 0.0527 0.594 -5.149 0.058 0.051 1.126 6420.8 4.1758 16.1999 1.753694 17.00119 15.247497 "" "" 1659.69604 2007.34595 6237.15477 4.9058 2162.4 12.91 6311.9 17.756 "" "" 0.002884626644670079 0.0070570842 0.0048592566 0.011916341 276.06985991225 -11.88201477514 1809.68933 0.5939999999999996 -5.149 1.0016538383960722 -3.417269181251526 0.12721813 0.12021813 "" "" 30.546382646117394 "" 3.6895979764991047 ""
