Clusters/UBC_345/UBC_345_stars_in_region.tsv
# %ECSV 1.0
# ---
# datatype:
# - name: RA_ICRS_1
#   unit: deg
#   datatype: float64
#   format: '{:15.11f}'
#   description: Right ascension (ICRS) at Ep=2016.0 (ra)
#   meta: !!omap
#   - {ucd: POS_EQ_RA_MAIN}
#   - {width: 15}
#   - {precision: '11'}
# - name: DE_ICRS_1
#   unit: deg
#   datatype: float64
#   format: '{:15.11f}'
#   description: Declination (ICRS) at Ep=2016.0 (dec)
#   meta: !!omap
#   - {ucd: POS_EQ_DEC_MAIN}
#   - {width: 15}
#   - {precision: '11'}
# - name: e_RA_ICRS
#   unit: mas
#   datatype: float64
#   format: '{:7.4f}'
#   description: Standard error of right ascension (ra_error)
#   meta: !!omap
#   - {ucd: ERROR}
#   - {width: 7}
#   - {precision: '4'}
# - name: e_DE_ICRS
#   unit: mas
#   datatype: float64
#   format: '{:7.4f}'
#   description: Standard error of declination (dec_error)
#   meta: !!omap
#   - {ucd: ERROR}
#   - {width: 7}
#   - {precision: '4'}
# - name: _r_1
#   unit: ''
#   datatype: float64
#   format: '{:7.4f}'
#   description: Distance from center (275.96630678000-12.23839424000)[ICRS], at Epoch=J2016.0
#   meta: !!omap
#   - {ucd: POS_ANG_DIST_GENERAL}
#   - {width: 7}
#   - {precision: '4'}
# - name: HIP
#   datatype: int32
#   description: '? HIP cross-id number, van Leeuwen, Cat. I/311 (hip_original_ext_source_id)'
#   meta: !!omap
#   - {ucd: ID_NUMBER}
#   - {width: 6}
#   - values: {'null': -2147483648}
# - name: TYC2
#   datatype: string
#   description: Tycho-2 cross-id name, Hog et al., Cat. I/259 (tyc2_original_ext_source_id)
#   meta: !!omap
#   - {ucd: ID_CROSSID}
#   - {_votable_string_dtype: char}
# - name: Source
#   datatype: int64
#   description: Source identifier, identical to the Gaia-EDR3 source_id (id)
#   meta: !!omap
#   - {ucd: ID_MAIN}
#   - {width: 19}
# - name: rgeo
#   unit: pc
#   datatype: float64
#   format: '{:15.8f}'
#   description: '? Median of the geometric distance posterior (r_med_geo)'
#   meta: !!omap
#   - {ucd: PHYS_DISTANCE_TRUE}
#   - {width: 15}
#   - {precision: '8'}
#   - values: {'null': .nan}
# - name: Plx
#   unit: mas
#   datatype: float64
#   format: '{:9.4f}'
#   description: '? Parallax (parallax)'
#   meta: !!omap
#   - {ucd: POS_PARLX_TRIG}
#   - {width: 9}
#   - {precision: '4'}
#   - values: {'null': .nan}
# - name: e_Plx
#   unit: mas
#   datatype: float32
#   format: '{:7.4f}'
#   description: '? Standard error of parallax (parallax_error)'
#   meta: !!omap
#   - {ucd: ERROR}
#   - {width: 7}
#   - {precision: '4'}
#   - values: {'null': .nan}
# - name: pmRA
#   unit: mas / yr
#   datatype: float64
#   format: '{:9.3f}'
#   description: '? Proper motion in right ascension direction, pmRA*cosDE (pmra)'
#   meta: !!omap
#   - {ucd: POS_EQ_PMRA}
#   - {width: 9}
#   - {precision: '3'}
#   - values: {'null': .nan}
# - name: pmDE
#   unit: mas / yr
#   datatype: float64
#   format: '{:9.3f}'
#   description: '? Proper motion in declination direction (pmdec)'
#   meta: !!omap
#   - {ucd: POS_EQ_PMDEC}
#   - {width: 9}
#   - {precision: '3'}
#   - values: {'null': .nan}
# - name: e_pmRA
#   unit: mas / yr
#   datatype: float32
#   format: '{:6.3f}'
#   description: '? Standard error of proper motion in right ascension direction (pmra_error)'
#   meta: !!omap
#   - {ucd: ERROR}
#   - {width: 6}
#   - {precision: '3'}
#   - values: {'null': .nan}
# - name: e_pmDE
[...]
#         value: !astropy.table.SerializedColumn {name: SkyCoord.dec}
#       distance: !astropy.table.SerializedColumn
#         __class__: astropy.coordinates.distances.Distance
#         unit: !astropy.units.Unit {unit: pc}
#         value: !astropy.table.SerializedColumn {name: SkyCoord.distance}
#       frame: icrs
#       obstime: !astropy.time.Time {format: jyear_str, in_subfmt: '*', jd1: 367701545.0, jd2: 0.0, out_subfmt: '*', precision: 3, scale: tt}
#       pm_dec: !astropy.table.SerializedColumn
#         __class__: astropy.units.quantity.Quantity
#         unit: !astropy.units.Unit {unit: mas / yr}
#         value: !astropy.table.SerializedColumn {name: SkyCoord.pm_dec}
#       pm_ra_cosdec: !astropy.table.SerializedColumn
#         __class__: astropy.units.quantity.Quantity
#         unit: !astropy.units.Unit {unit: mas / yr}
#         value: !astropy.table.SerializedColumn {name: SkyCoord.pm_ra_cosdec}
#       ra: !astropy.table.SerializedColumn
#         __class__: astropy.coordinates.angles.Longitude
#         unit: *id001
#         value: !astropy.table.SerializedColumn {name: SkyCoord.ra}
#         wrap_angle: !astropy.coordinates.Angle
#           unit: *id001
#           value: 360.0
#       representation_type: spherical
# schema: astropy-2.0
RA_ICRS_1 DE_ICRS_1 e_RA_ICRS e_DE_ICRS _r_1 HIP TYC2 Source rgeo Plx e_Plx pmRA pmDE e_pmRA e_pmDE RUWE Teff logg Gmag BP-RP BPmag RPmag RV e_RV b_rgeo B_rgeo FG e_FG FBP e_FBP FRP e_FRP RAVE5 RAVE6 e_Gmag e_BPmag e_RPmag e_BP-RP SkyCoord.ra SkyCoord.dec SkyCoord.distance SkyCoord.pm_ra_cosdec SkyCoord.pm_dec rmRA rmDE e_rmRA e_rmDE rRV e_rRV v_pec v_pec3d e_vpec e_vpec3d
[from data line 1631]
275.90340746778 -12.13586177247 0.0475 0.0437 7.1732 "" "" 4153239907905437824 1790.69556 0.5699 0.0539 -1.117 -1.55 0.06 0.052 1.058 5482.7 4.2908 16.355711 1.696824 17.161697 15.464873 "" "" 1617.04016 1971.22192 5403.34183 3.4151 1865.3 17.84 5166.6 10.585 "" "" 0.002839487888118921 0.01075246 0.0043853875 0.0151378475 275.90340746778 -12.13586177247 1790.69556 -1.117 -1.55 -0.7093461616039276 0.18173081874847408 0.12921813 0.12121813 "" "" 6.215308939578612 "" 0.8001573451694596 ""
275.92228970341 -12.41065033532 0.0506 0.044 10.6526 "" "" 4152810651696149376 2015.23425 0.4656 0.0552 1.032 -0.769 0.061 0.048 1.009 "" "" 16.356506 2.155045 17.465328 15.310284 "" "" 1809.20959 2239.25024 5399.38397 3.5189 1410.2 8.5287 5957.2 12.87 "" "" 0.0028447293872822903 0.0071345977 0.004448116 0.011582714 275.92228970341 -12.41065033532 2015.23425 1.0319999999999987 -0.7689999999999999 1.4396538383960724 0.9627308187484741 0.13021813 0.11721813 "" "" 16.543407445340836 "" 2.0901591789164513 ""
276.04212567978 -12.29704617544 0.0507 0.0474 5.6696 "" "" 4153187195744079360 2221.74365 0.4305 0.0558 -0.948 -3.218 0.064 0.051 0.959 9248.6 3.6974 16.357233 1.703869 17.161003 15.457134 "" "" 1938.61438 2544.67261 5395.7759 3.8035 1866.4 8.9945 5203.6 12.637 "" "" 0.002859638619649046 0.0059297984 0.0046082567 0.010538055 276.04212567978 -12.29704617544 2221.74365 -0.9479999999999998 -3.218 -0.5403461616039276 -1.4862691812515259 0.13321814 0.12021813 "" "" 16.654305810628134 "" 2.028617007278981 ""
275.64816877911 -12.20672657875 0.0612 0.0548 18.7521 "" "" 4152874904397414144 1841.78613 0.5228 0.0623 1.158 -2.115 0.077 0.066 1.396 7978.0 3.8864 16.358065 2.214678 17.327543 15.112865 "" "" 1671.9082 2076.03174 5391.63702 5.2367 1601.0 13.202 7145.2 30.997 "" "" 0.0029502263164143698 0.00937778 0.006038933 0.015416713 275.64816877911 -12.20672657875 1841.78613 1.158000000000001 -2.115000000000001 1.5656538383960723 -0.3832691812515261 0.14621812 0.13521813 "" "" 14.071846473956098 "" 2.049119297526341 ""
276.20627669313 -12.57959624682 0.0538 0.047 24.8363 "" "" 4152792230552742016 1814.41565 0.5315 0.058 0.21 -3.559 0.066 0.056 1.01 5312.2 4.3049 16.359394 1.553432 17.069916 15.516484 "" "" 1595.56702 2019.91748 5385.0384 3.9194 2029.8 15.287 4926.8 12.492 "" "" 0.0028664014550140097 0.008639917 0.004675705 0.013315622 276.20627669313 -12.57959624682 1814.41565 0.21000000000000002 -3.559 0.6176538383960724 -1.827269181251526 0.13521813 0.12521812 "" "" 16.588627824807503 "" 2.0948116147257894 ""
275.71739720071 -12.52964915189 0.0582 0.0567 22.7633 "" "" 4152848928432870400 1969.73999 0.5029 0.0681 -0.374 -4.106 0.071 0.058 1.271 6085.7 4.3759 16.359432 1.668426 17.069576 15.401151 "" "" 1744.19055 2277.66748 5384.8563 3.8415 2030.4 11.713 5479.0 53.111 "" "" 0.0028621183490145784 0.0068567744 0.01118266 0.018039435 275.71739720071 -12.52964915189 1969.73999 -0.374 -4.105999999999999 0.03365383839607239 -2.3742691812515258 0.14021814 0.12721813 "" "" 22.169751365369688 "" 2.8204551006863774 ""
276.10953282129 -12.52112585665 0.0582 0.0509 18.9269 "" "" 4152793639300614016 2075.77393 0.463 0.0606 -0.228 -0.702 0.073 0.055 0.959 "" "" 16.359947 1.739923 17.186703 15.44678 "" "" 1859.77527 2388.57056 5382.29819 3.7055 1822.8 13.457 5253.5 11.585 "" "" 0.002854912517178795 0.0084872935 0.004473949 0.012961242 276.10953282129 -12.52112585665 2075.77393 -0.228 -0.702 0.17965383839607238 1.0297308187484742 0.14221813 0.12421813 "" "" 10.284736721274534 "" 1.2834020712151302 ""
275.6919328471 -12.53658339093 0.0518 0.0553 24.0549 "" "" 4152849100245762432 2396.41064 0.384 0.0712 -0.51 1.116 0.067 0.053 0.99 "" "" 16.360565 3.093302 18.167543 15.074242 "" "" 2058.19434 2831.97241 5379.23257 4.3138 738.58 6.9082 7403.9 18.461 "" "" 0.0028896179614694025 0.0105316015 0.004648937 0.015180538 275.6919328471 -12.53658339093 2396.41064 -0.51 1.116 -0.10234616160392762 2.8477308187484742 0.13621813 0.12221813 "" "" 32.36821973252431 "" 3.956601348046736 ""
276.2837238715 -12.21978991706 0.0592 0.0594 18.6463 "" "" 4153191288873016576 1704.91748 0.5617 0.064 -0.088 -0.617 0.069 0.059 1.055 "" "" 16.360815 1.776715 17.169416 15.392701 "" "" 1533.39819 1956.62476 5378.00086 4.2586 1852.0 7.6683 5521.8 14.288 "" "" 0.002886339049598345 0.005291028 0.0047091944 0.010000222 276.2837238715 -12.21978991706 1704.91748 -0.08800000000000009 -0.6170000000000002 0.3196538383960724 1.1147308187484741 0.13821813 0.12821813 "" "" 9.371542958044612 "" 1.2089772743390979 ""
275.81179837501 -12.32126011172 0.0501 0.0425 10.3332 "" "" 4152859064570038528 1990.98779 0.4765 0.054 0.493 -1.548 0.063 0.048 1.018 "" "" 16.36143 2.306767 17.58488 15.278114 "" "" 1824.10181 2200.66895 5374.95335 3.6956 1263.2 9.5246 6136.4 15.547 "" "" 0.0028546565118835058 0.008648933 0.004674459 0.013323392 275.81179837501 -12.32126011172 1990.98779 0.4930000000000002 -1.548 0.9006538383960724 0.18373081874847408 0.13221812 0.11721813 "" "" 8.674779042647604 "" 1.1420487109731143 ""
275.9080292684 -12.3824469456 0.054 0.0451 9.2938 "" "" 4152857758899776512 2360.80518 0.3975 0.0577 0.757 -0.116 0.065 0.05 0.968 "" "" 16.361807 2.483302 17.67431 15.191009 "" "" 2113.11548 2702.03638 5373.09085 5.3437 1163.3 13.573 6649.0 53.015 "" "" 0.0029593498238845595 0.012971643 0.009446012 0.022417655 275.9080292684 -12.3824469456 2360.80518 0.757 -0.11599999999999996 1.1646538383960725 1.615730818748474 0.13421813 0.119218126 "" "" 22.28793566178704 "" 2.7759715526971607 ""
275.91503096038 -11.9517670664 0.0528 0.051 17.4588 "" "" 4153261447140054272 2205.23584 0.4515 0.0621 -1.137 -3.064 0.067 0.054 1.062 8591.2 3.3966 16.362839 2.450671 17.669926 15.219254 "" "" 1951.21021 2560.70679 5367.98666 3.9744 1168.0 9.1156 6478.2 15.507 "" "" 0.0028701902885529436 0.008921128 0.0045867483 0.013507877 275.91503096038 -11.9517670664 2205.23584 -1.1369999999999982 -3.0640000000000027 -0.7293461616039276 -1.332269181251526 0.13621813 0.123218134 "" "" 15.876199373029925 "" 2.0057122039729545 ""
275.70468329356 -12.08055763007 0.0548 0.0476 18.0322 "" "" 4153255709070902912 2054.09351 0.4642 0.0591 -0.303 -2.918 0.066 0.052 1.025 6340.1 4.037 16.363115 1.942701 17.33594 15.393238 "" "" 1810.98865 2357.30981 5366.61969 3.5177 1588.7 12.25 5519.0 14.414 "" "" 0.002845746301386339 0.00882451 0.0047248793 0.013549389 275.70468329356 -12.08055763007 2054.09351 -0.303 -2.918 0.1046538383960724 -1.186269181251526 0.13521813 0.12121813 "" "" 11.594854455940164 "" 1.406831975551695 ""
275.88128923393 -12.13267610659 0.0489 0.0446 8.0682 "" "" 4153240109741751808 2177.02832 0.411 0.0551 -1.813 -2.845 0.061 0.049 0.912 7834.8 3.5358 16.363306 3.255178 18.299347 15.044168 "" "" 1952.00891 2499.88013 5365.67649 4.2127 654.15 9.0428 7611.9 16.582 "" "" 0.0028841691577730344 0.015266079 0.0044584647 0.019724544 275.88128923393 -12.13267610659 2177.02832 -1.8130000000000015 -2.8449999999999984 -1.4053461616039276 -1.113269181251526 0.13021813 0.118218124 "" "" 18.500782186990097 "" 2.326048080802571 ""
275.73208911117 -12.39264433542 0.0619 0.0576 16.5577 "" "" 4152856895582175744 2200.80737 0.4171 0.0743 1.125 -0.3 0.079 0.063 1.075 "" "" 16.363853 3.511549 18.479568 14.96802 "" "" 1934.02148 2610.13916 5362.97308 4.3976 554.1 18.218 8164.9 30.15 "" "" 0.002895585665749635 0.0358063 0.005509776 0.041316073 275.73208911117 -12.39264433542 2200.80737 1.125 -0.2999999999999998 1.5326538383960724 1.431730818748474 0.14821813 0.13221812 "" "" 21.879201926507868 "" 3.0847118535531397 ""
276.14047841747 -12.60360289289 0.0502 0.0439 24.1726 "" "" 4152791955685506048 1667.75427 0.5663 0.055 0.218 -2.065 0.06 0.047 0.904 9193.8 3.9153 16.364595 2.58671 17.777977 15.191267 "" "" 1540.74487 1818.92957 5359.30406 3.7026 1057.4 9.8072 6647.4 17.554 "" "" 0.0028555995128953337 0.010449412 0.00474386 0.015193272 276.14047841747 -12.60360289289 1667.75427 0.21799999999999997 -2.065 0.6256538383960724 -0.3332691812515258 0.12921813 0.11621813 "" "" 5.60380766343059 "" 0.7086568565582453 ""
275.84084826725 -12.41741887489 0.0499 0.0458 13.0177 "" "" 4152856070948364800 1735.60474 0.5449 0.0567 -2.381 -2.315 0.064 0.05 0.944 5080.3 4.2601 16.366821 1.736992 17.149155 15.412163 "" "" 1588.55786 1890.20618 5348.32731 4.1313 1886.9 18.806 5423.7 56.82 "" "" 0.0028801324756942337 0.011175038 0.011985888 0.023160927 275.84084826725 -12.41741887489 1735.60474 -2.381 -2.315 -1.9733461616039274 -0.5832691812515258 0.13321814 0.119218126 "" "" 16.928554634285256 "" 2.237076690992272 ""
276.35440086147 -12.16688032138 0.0528 0.0534 23.1605 "" "" 4153193346137698688 2354.62939 0.3931 0.0601 -0.952 -3.639 0.06 0.053 1.025 "" "" 16.368063 1.944565 17.323118 15.378553 "" "" 2034.90112 2723.49463 5342.21697 4.2016 1607.6 9.4234 5594.2 13.595 "" "" 0.0028846091218684908 0.0069490992 0.0046093035 0.011558402 276.35440086147 -12.16688032138 2354.62939 -0.9519999999999998 -3.6389999999999993 -0.5443461616039276 -1.9072691812515257 0.12921813 0.12221813 "" "" 22.13693264786755 "" 2.717513942748179 ""
275.97558133277 -11.83177311837 0.0552 0.0502 24.4033 "" "" 4153267047777966464 1802.91333 0.5333 0.0576 -0.553 -2.47 0.067 0.056 1.072 "" "" 16.369228 1.853114 17.273556 15.420442 "" "" 1631.65955 2031.06787 5336.49063 4.0373 1682.7 8.4503 5382.5 11.939 "" "" 0.002875152621202697 0.0061248667 0.0044814697 0.010606336 275.97558133277 -11.83177311837 1802.91333 -0.553 -2.4700000000000006 -0.14534616160392766 -0.7382691812515261 0.13621813 0.12521812 "" "" 6.430213983975939 "" 0.8079298072379427 ""
276.11845645971 -12.12213246738 0.0473 0.0478 11.3265 "" "" 4153243580075362816 2351.06763 0.404 0.0573 0.559 -3.098 0.058 0.05 1.002 8485.1 3.8501 16.369345 2.533025 17.761002 15.227977 "" "" 2081.94629 2766.396 5335.91049 3.5484 1074.0 6.5752 6426.4 15.032 "" "" 0.0028483504205243045 0.007208906 0.004553409 0.011762315 276.11845645971 -12.12213246738 2351.06763 0.559 -3.098 0.9666538383960724 -1.3662691812515257 0.12721813 0.119218126 "" "" 18.651279593726063 "" 2.274433797997182 ""
276.14045987479 -12.31604809744 0.0653 0.0626 11.2231 "" "" 4153187539341404800 1701.50537 0.5765 0.0669 0.389 -0.75 0.075 0.063 1.122 9472.1 3.8292 16.370531 1.82634 17.24639 15.42005 "" "" 1505.80627 1918.61743 5330.08589 3.8287 1725.3 9.2614 5384.4 19.478 "" "" 0.002863571279421986 0.006461676 0.005450694 0.01191237 276.14045987479 -12.31604809744 1701.50537 0.38899999999999985 -0.75 0.7966538383960724 0.9817308187484741 0.14421813 0.13221812 "" "" 10.196745168389121 "" 1.3980598058240454 ""
275.64814680393 -11.96507299067 0.0479 0.0428 24.8462 "" "" 4154008535256482688 2201.63892 0.4563 0.0551 0.288 -4.176 0.06 0.048 1.003 7991.0 4.0961 16.37142 1.732849 17.210651 15.477802 "" "" 1948.36206 2448.19751 5325.72659 3.341 1783.0 10.721 5105.5 19.74 "" "" 0.002838258300150573 0.007099672 0.0056485557 0.012748228 275.64814680393 -11.96507299067 2201.63892 0.288 -4.176 0.6956538383960724 -2.444269181251526 0.12921813 0.11721813 "" "" 26.520788847889513 "" 3.1336844353543594 ""
276.17340402253 -11.91270695475 0.0461 0.0441 23.0109 "" "" 4153250834303266176 1958.24084 0.4966 0.0551 -1.92 -3.155 0.06 0.049 0.969 9475.8 4.1262 16.373087 1.886886 17.289417 15.402532 "" "" 1787.64246 2191.34253 5317.55485 3.5613 1658.3 8.6785 5472.0 16.681 "" "" 0.0028496541768851464 0.0063301553 0.0050237863 0.011353942 276.17340402253 -11.91270695475 1958.24084 -1.919999999999997 -3.155 -1.5123461616039275 -1.4232691812515257 0.12921813 0.118218124 "" "" 19.276511360709343 "" 2.3936225806706184 ""
276.11158902096 -12.57681870822 0.0517 0.0451 22.0179 "" "" 4152792780307075456 1879.86292 0.5154 0.0555 1.708 0.245 0.065 0.05 0.949 7143.6 4.3305 16.374184 1.567647 17.109644 15.541997 "" "" 1672.95129 2103.47168 5312.18399 3.292 1956.9 12.603 4812.4 12.776 "" "" 0.002836283037099954 0.007528576 0.004753113 0.012281689 276.11158902096 -12.57681870822 1879.86292 1.7080000000000004 0.24500000000000033 2.1156538383960726 1.9767308187484742 0.13421813 0.119218126 "" "" 25.79978371224752 "" 3.2880946196221807 ""
275.96469065329 -12.29816949997 0.0525 0.046 3.5878 "" "" 4153233963670523776 1822.31042 0.5255 0.0611 -0.529 -1.671 0.069 0.058 0.946 "" "" 16.375286 1.695575 17.173254 15.477679 "" "" 1631.50696 2019.79529 5306.79775 3.9184 1845.5 10.876 5106.1 17.577 "" "" 0.0028695781496500127 0.006980408 0.0053153117 0.012295719 275.96469065329 -12.29816949997 1822.31042 -0.529 -1.671 -0.12134616160392764 0.06073081874847408 0.13821813 0.12721813 "" "" 1.1720993648718911 "" 0.1595063312140434 ""
276.00981039212 -12.19166210504 0.0474 0.0451 3.7908 "" "" 4153237021687305728 1741.30933 0.5509 0.0565 -0.359 -2.061 0.056 0.048 0.889 9184.7 3.5862 16.375294 1.7619 17.203089 15.441189 "" "" 1581.44189 1895.12842 5306.76171 3.528 1795.5 11.996 5280.6 10.06 "" "" 0.002848297746232541 0.0077720676 0.004308375 0.012080442 276.00981039212 -12.19166210504 1741.30933 -0.35900000000000004 -2.0609999999999973 0.0486538383960724 -0.3292691812515258 0.12521812 0.11721813 "" "" 2.7472331196724022 "" 0.32251079616699235 ""
276.35961972799 -12.24762821505 0.0541 0.0532 23.0687 "" "" 4153190532959005056 2169.34912 0.4304 0.0608 -2.267 -4.701 0.06 0.051 1.001 "" "" 16.375616 1.719183 17.1968 15.477617 "" "" 1896.32983 2403.65234 5305.18189 3.3473 1805.9 20.112 5106.4 19.39 "" "" 0.0028392032559531447 0.0124094 0.005592926 0.018002326 276.35961972799 -12.24762821505 2169.34912 -2.2669999999999986 -4.701 -1.8593461616039275 -2.9692691812515255 0.12921813 0.12021813 "" "" 36.0243399453536 "" 4.424506428296618 ""
276.10010576952 -12.54100964546 0.0729 0.0665 19.7776 "" "" 4152793231308388096 1807.72021 0.5534 0.0778 0.007 3.707 0.084 0.074 1.223 5758.8 4.2682 16.375732 2.074501 17.27291 15.198408 "" "" 1578.66821 2147.53613 5304.61777 4.9365 1683.7 9.6324 6603.8 82.06 "" "" 0.002934736574860417 0.006809358 0.014010913 0.020820271 276.10010576952 -12.54100964546 1807.72021 0.006999999999999951 3.707 0.4146538383960724 5.438730818748474 0.15321812 0.14321813 "" "" 46.73752090329767 "" 6.696455050731989 ""
275.97289993806 -12.55754739432 0.0613 0.0563 19.1531 "" "" 4152803917187149568 1710.59387 0.5811 0.0605 9.405 3.381 0.071 0.057 0.927 5025.0 4.2788 16.376507 1.621767 17.133074 15.511307 "" "" 1555.80835 1909.17346 5300.83345 4.0283 1915.1 20.944 4950.3 14.89 "" "" 0.002876206660070211 0.012197293 0.004994905 0.017192198 275.97289993806 -12.55754739432 1710.59387 9.40500000000002 3.381000000000004 9.812653838396072 5.112730818748474 0.14021814 0.12621813 "" "" 89.71518781224452 "" 12.322275388785261 ""
275.71664687181 -12.35483132548 0.1008 0.0952 16.2178 "" "" 4152860232801203584 2208.75659 0.4726 0.1214 -2.841 -4.657 0.123 0.098 0.88 4648.5 1.6763 16.376825 4.663805 19.519531 14.855726 "" "" 1769.9137 2717.2522 5299.27652 7.1621 212.62 8.9316 9054.6 16.547 "" "" 0.0031217059312524855 0.045694154 0.0042685564 0.04996271 275.71664687181 -12.35483132548 2208.75659 -2.8409999999999997 -4.656999999999997 -2.433346161603928 -2.925269181251526 0.19221812 0.16721812 "" "" 39.83695043769247 "" 7.085697615298694 ""
276.18536761242 -11.98471477431 0.0474 0.0463 19.9204 "" "" 4153249215073024256 2383.34961 0.396 0.0557 1.747 0.065 0.058 0.05 1.031 9373.1 3.9024 16.376879 1.761646 17.206709 15.445063 "" "" 2115.37671 2673.85083 5299.01712 4.3375 1789.5 10.523 5261.8 10.575 "" "" 0.0028951036999492474 0.006967631 0.00436408 0.011331711 276.18536761242 -11.98471477431 2383.34961 1.7469999999999979 0.06499999999999995 2.1546538383960723 1.796730818748474 0.12721813 0.119218126 "" "" 31.69383830280455 "" 3.9300147703228134 ""
