Clusters/UBC_345/UBC_345_stars_in_region.tsv
# %ECSV 1.0
# ---
# datatype:
# - name: RA_ICRS_1
#   unit: deg
#   datatype: float64
#   format: '{:15.11f}'
#   description: Right ascension (ICRS) at Ep=2016.0 (ra)
#   meta: !!omap
#   - {ucd: POS_EQ_RA_MAIN}
#   - {width: 15}
#   - {precision: '11'}
# - name: DE_ICRS_1
#   unit: deg
#   datatype: float64
#   format: '{:15.11f}'
#   description: Declination (ICRS) at Ep=2016.0 (dec)
#   meta: !!omap
#   - {ucd: POS_EQ_DEC_MAIN}
#   - {width: 15}
#   - {precision: '11'}
# - name: e_RA_ICRS
#   unit: mas
#   datatype: float64
#   format: '{:7.4f}'
#   description: Standard error of right ascension (ra_error)
#   meta: !!omap
#   - {ucd: ERROR}
#   - {width: 7}
#   - {precision: '4'}
# - name: e_DE_ICRS
#   unit: mas
#   datatype: float64
#   format: '{:7.4f}'
#   description: Standard error of declination (dec_error)
#   meta: !!omap
#   - {ucd: ERROR}
#   - {width: 7}
#   - {precision: '4'}
# - name: _r_1
#   unit: ''
#   datatype: float64
#   format: '{:7.4f}'
#   description: Distance from center (275.96630678000-12.23839424000)[ICRS], at Epoch=J2016.0
#   meta: !!omap
#   - {ucd: POS_ANG_DIST_GENERAL}
#   - {width: 7}
#   - {precision: '4'}
# - name: HIP
#   datatype: int32
#   description: '? HIP cross-id number, van Leeuwen, Cat. I/311 (hip_original_ext_source_id)'
#   meta: !!omap
#   - {ucd: ID_NUMBER}
#   - {width: 6}
#   - values: {'null': -2147483648}
# - name: TYC2
#   datatype: string
#   description: Tycho-2 cross-id name, Hog et al., Cat. I/259 (tyc2_original_ext_source_id)
#   meta: !!omap
#   - {ucd: ID_CROSSID}
#   - {_votable_string_dtype: char}
# - name: Source
#   datatype: int64
#   description: Source identifier, identical to the Gaia-EDR3 source_id (id)
#   meta: !!omap
#   - {ucd: ID_MAIN}
#   - {width: 19}
# - name: rgeo
#   unit: pc
#   datatype: float64
#   format: '{:15.8f}'
#   description: '? Median of the geometric distance posterior (r_med_geo)'
#   meta: !!omap
#   - {ucd: PHYS_DISTANCE_TRUE}
#   - {width: 15}
#   - {precision: '8'}
#   - values: {'null': .nan}
# - name: Plx
#   unit: mas
#   datatype: float64
#   format: '{:9.4f}'
#   description: '? Parallax (parallax)'
#   meta: !!omap
#   - {ucd: POS_PARLX_TRIG}
#   - {width: 9}
#   - {precision: '4'}
#   - values: {'null': .nan}
# - name: e_Plx
#   unit: mas
#   datatype: float32
#   format: '{:7.4f}'
#   description: '? Standard error of parallax (parallax_error)'
#   meta: !!omap
#   - {ucd: ERROR}
#   - {width: 7}
#   - {precision: '4'}
#   - values: {'null': .nan}
# - name: pmRA
#   unit: mas / yr
#   datatype: float64
#   format: '{:9.3f}'
#   description: '? Proper motion in right ascension direction, pmRA*cosDE (pmra)'
#   meta: !!omap
#   - {ucd: POS_EQ_PMRA}
#   - {width: 9}
#   - {precision: '3'}
#   - values: {'null': .nan}
# - name: pmDE
#   unit: mas / yr
#   datatype: float64
#   format: '{:9.3f}'
#   description: '? Proper motion in declination direction (pmdec)'
#   meta: !!omap
#   - {ucd: POS_EQ_PMDEC}
#   - {width: 9}
#   - {precision: '3'}
#   - values: {'null': .nan}
# - name: e_pmRA
#   unit: mas / yr
#   datatype: float32
#   format: '{:6.3f}'
#   description: '? Standard error of proper motion in right ascension direction (pmra_error)'
#   meta: !!omap
#   - {ucd: ERROR}
#   - {width: 6}
#   - {precision: '3'}
#   - values: {'null': .nan}
# - name: e_pmDE
[...]
#         value: !astropy.table.SerializedColumn {name: SkyCoord.dec}
#       distance: !astropy.table.SerializedColumn
#         __class__: astropy.coordinates.distances.Distance
#         unit: !astropy.units.Unit {unit: pc}
#         value: !astropy.table.SerializedColumn {name: SkyCoord.distance}
#       frame: icrs
#       obstime: !astropy.time.Time {format: jyear_str, in_subfmt: '*', jd1: 367701545.0, jd2: 0.0, out_subfmt: '*', precision: 3, scale: tt}
#       pm_dec: !astropy.table.SerializedColumn
#         __class__: astropy.units.quantity.Quantity
#         unit: !astropy.units.Unit {unit: mas / yr}
#         value: !astropy.table.SerializedColumn {name: SkyCoord.pm_dec}
#       pm_ra_cosdec: !astropy.table.SerializedColumn
#         __class__: astropy.units.quantity.Quantity
#         unit: !astropy.units.Unit {unit: mas / yr}
#         value: !astropy.table.SerializedColumn {name: SkyCoord.pm_ra_cosdec}
#       ra: !astropy.table.SerializedColumn
#         __class__: astropy.coordinates.angles.Longitude
#         unit: *id001
#         value: !astropy.table.SerializedColumn {name: SkyCoord.ra}
#         wrap_angle: !astropy.coordinates.Angle
#           unit: *id001
#           value: 360.0
#       representation_type: spherical
# schema: astropy-2.0
RA_ICRS_1 DE_ICRS_1 e_RA_ICRS e_DE_ICRS _r_1 HIP TYC2 Source rgeo Plx e_Plx pmRA pmDE e_pmRA e_pmDE RUWE Teff logg Gmag BP-RP BPmag RPmag RV e_RV b_rgeo B_rgeo FG e_FG FBP e_FBP FRP e_FRP RAVE5 RAVE6 e_Gmag e_BPmag e_RPmag e_BP-RP SkyCoord.ra SkyCoord.dec SkyCoord.distance SkyCoord.pm_ra_cosdec SkyCoord.pm_dec rmRA rmDE e_rmRA e_rmDE rRV e_rRV v_pec v_pec3d e_vpec e_vpec3d
[from data line 873]
275.87463895756 -11.94171517571 0.0367 0.0333 18.5954 "" "" 4153258565244146048 2429.81494 0.3701 0.0419 -1.016 -2.615 0.044 0.036 0.976 9472.9 3.6737 15.605705 1.553047 16.27483 14.721783 "" "" 2198.35693 2712.90186 10781.13699 5.9584 4221.7 12.364 10243.0 21.131 "" "" 0.0028199029468665066 0.0042303656 0.0043932465 0.008623612 275.87463895756 -11.94171517571 2429.81494 -1.016 -2.615 -0.6083461616039276 -0.8832691812515261 0.11321813 0.10521813 "" "" 12.352292470378002 "" 1.3322792139015482 ""
276.12192033683 -12.4316186809 0.0376 0.0345 14.7515 "" "" 4153182011743225344 1982.81311 0.4678 0.0431 -0.322 -3.129 0.044 0.036 0.985 9382.5 3.7302 15.607319 1.523552 16.277813 14.754261 "" "" 1793.87842 2149.04517 10765.13248 5.0433 4210.1 14.371 9941.5 23.652 "" "" 0.0028018770563268893 0.0046390016 0.004577784 0.009216785 276.12192033683 -12.4316186809 1982.81311 -0.322 -3.129 0.08565383839607238 -1.3972691812515259 0.11321813 0.10521813 "" "" 13.15693320355423 "" 1.3847568415914917 ""
275.78720706003 -11.91707100398 0.0342 0.0329 21.9571 "" "" 4153259802194253056 1668.27417 0.5642 0.0418 -0.776 -0.723 0.043 0.035 0.986 6955.0 4.2448 15.608574 1.381728 16.220371 14.838643 "" "" 1555.03491 1817.40552 10752.68879 5.4113 4438.8 11.958 9198.2 16.055 "" "" 0.0028089748703623704 0.004042318 0.0042278985 0.008270217 275.78720706003 -11.91707100398 1668.27417 -0.7759999999999999 -0.723 -0.36834616160392764 1.0087308187484743 0.11221813 0.104218125 "" "" 8.491828995256492 "" 0.8932633954003346 ""
276.36975568394 -12.32257655919 0.0337 0.0325 24.1863 "" "" 4153177991654147968 1970.45532 0.4715 0.0404 -1.499 -4.133 0.044 0.035 1.012 "" "" 15.611142 1.825349 16.49432 14.668971 "" "" 1824.86633 2148.93994 10727.28451 7.2231 3449.0 25.203 10754.0 26.827 "" "" 0.0028506579451811702 0.008410163 0.00464969 0.013059853 276.36975568394 -12.32257655919 1970.45532 -1.499 -4.133 -1.0913461616039277 -2.401269181251526 0.11321813 0.104218125 "" "" 24.635421462962928 "" 2.6067531792540177 ""
276.16543523489 -12.07833861303 0.0356 0.0357 15.1208 "" "" 4153244134154251136 2110.31348 0.4318 0.044 2.551 0.384 0.045 0.038 1.078 8170.9 3.5711 15.611797 2.942314 17.311728 14.369413 -6.41 5.05 1934.30066 2332.74438 10720.81799 6.1299 1624.5 7.6693 14171.0 18.657 "" "" 0.0028243899537380803 0.0058359844 0.004040671 0.009876655 276.16543523489 -12.07833861303 2110.31348 2.551 0.3839999999999999 2.9586538383960725 2.115730818748474 0.11421813 0.10721813 57.040000000000006 6.3330774 36.38349431296111 67.65589596200226 4.071266679927816 5.770809073991914
276.14668953386 -12.15321493998 0.0756 0.0762 11.7486 "" "" 4153242553605666048 1693.78101 0.5567 0.091 0.398 -0.835 0.094 0.083 1.35 4495.3 1.7423 15.614735 4.608667 18.707882 14.099215 "" "" 1449.28162 1965.30444 10691.85255 14.839 449.02 7.653 18175.0 25.591 "" "" 0.003140453545201059 0.01871422 0.004076863 0.022791082 276.14668953386 -12.15321493998 1693.78101 0.398 -0.835 0.8056538383960724 0.8967308187484742 0.16321813 0.15221813 "" "" 9.678296738578025 "" 1.5216841967457648 ""
276.14491341873 -12.50630376655 0.0474 0.0398 19.1823 "" "" 4152793776739587200 2057.48584 0.4573 0.0532 -1.364 -2.739 0.054 0.043 1.224 9336.3 3.8878 15.614771 1.731631 16.433113 14.701482 "" "" 1824.00781 2429.59204 10691.4934 7.8078 3649.0 23.092 10437.0 17.049 "" "" 0.002867135996266102 0.0074157906 0.0041748374 0.011590628 276.14491341873 -12.50630376655 2057.48584 -1.3639999999999988 -2.7389999999999994 -0.9563461616039277 -1.0072691812515258 0.123218134 0.11221813 "" "" 13.54573596077758 "" 1.5924561764057827 ""
276.07973514631 -12.33442135098 0.0387 0.0365 8.7987 "" "" 4153186169271678336 2116.37061 0.4259 0.0419 0.089 -0.764 0.05 0.041 0.995 "" "" 15.615777 2.634152 17.079662 14.44551 -33.99 7.8 1960.68201 2261.22119 10681.59374 6.4074 2011.6 12.772 13212.0 18.089 "" "" 0.0028312470121747853 0.0074367863 0.0040612146 0.0114980005 276.07973514631 -12.33442135098 2116.37061 0.089 -0.764 0.49665383839607236 0.9677308187484741 0.119218126 0.11021813 29.46 9.083077 10.91172132882434 31.415875960379015 1.2237936284383069 8.528186701210245
275.64157698455 -12.31547690907 0.0411 0.0348 19.5919 "" "" 4152873048983731072 1717.21069 0.5436 0.0442 1.079 -0.308 0.051 0.037 1.1 8382.8 3.5539 15.616412 1.588295 16.345953 14.757658 "" "" 1613.80664 1826.36267 10675.34431 4.3429 3954.0 15.371 9910.5 19.206 "" "" 0.002790498815702009 0.005059623 0.0043256152 0.009385238 275.64157698455 -12.31547690907 1717.21069 1.0789999999999997 -0.308 1.4866538383960723 1.423730818748474 0.12021813 0.10621813 "" "" 16.754782608698612 "" 1.905619980914522 ""
276.19499644927 -12.49508516828 0.0378 0.0353 20.4168 "" "" 4153168886323088640 2409.44336 0.3723 0.0455 -0.305 -1.077 0.047 0.037 1.054 7917.1 3.6032 15.616827 2.630972 17.044415 14.413443 -37.04 11.24 2210.10669 2719.99414 10671.26128 7.3432 2078.0 24.809 13608.0 55.295 "" "" 0.002854818175787612 0.013259369 0.0058092778 0.019068647 276.19499644927 -12.49508516828 2409.44336 -0.30500000000000005 -1.0769999999999988 0.1026538383960724 0.6547308187484742 0.11621813 0.10621813 26.410000000000004 12.523077 7.568874416116477 27.47318619903674 0.805850893837095 12.040492825111068
276.23367020412 -12.48532769104 0.0363 0.0321 21.5652 "" "" 4153168950722658944 2101.38403 0.4497 0.0416 -0.319 -1.92 0.046 0.034 1.034 7625.4 3.2312 15.620476 1.910482 16.56352 14.653038 "" "" 1932.98401 2245.18652 10635.4628 4.7166 3236.0 8.5807 10913.0 18.744 "" "" 0.002797075679970539 0.0040091854 0.004214424 0.00822361 276.23367020412 -12.48532769104 2101.38403 -0.31900000000000006 -1.9200000000000017 0.08865383839607238 -0.1882691812515258 0.11521813 0.10321813 "" "" 2.0727729187058697 "" 0.2186723133588859 ""
276.05599900831 -12.23511899396 0.0316 0.0293 5.2629 "" "" 4153235922175593856 1942.172 0.4841 0.0375 -0.303 -1.683 0.039 0.033 0.905 9533.4 3.7245 15.621367 1.762673 16.422297 14.659623 "" "" 1801.70203 2064.427 10626.73938 4.9237 3685.5 14.08 10847.0 62.798 "" "" 0.002800866683244389 0.00499903 0.007334507 0.0123335365 276.05599900831 -12.23511899396 1942.172 -0.30300000000000005 -1.6830000000000005 0.1046538383960724 0.04873081874847407 0.10821813 0.10221813 "" "" 1.0627574581873347 "" 0.11389956342008342 ""
275.61250056846 -12.44776002501 0.0335 0.0308 24.2457 "" "" 4152853532652224384 1675.01794 0.5672 0.0392 2.076 -0.307 0.042 0.034 0.974 "" "" 15.62282 2.069882 16.659775 14.589892 "" "" 1581.24329 1800.62781 10612.52312 5.5103 2961.5 23.869 11566.0 20.872 "" "" 0.002812400259795742 0.0091848355 0.0042570718 0.013441907 275.61250056846 -12.44776002501 1675.01794 2.076 -0.307 2.4836538383960725 1.4247308187484742 0.111218125 0.10321813 "" "" 22.733285454517365 "" 2.4845650351605184 ""
276.1146024973 -12.0533637998 0.0315 0.0305 14.1037 "" "" 4153247394006601088 2389.34473 0.3785 0.0387 -1.03 -3.0 0.041 0.034 1.004 7998.6 3.8065 15.622835 1.727675 16.440693 14.713018 "" "" 2160.96191 2657.46289 10612.37847 3.9886 3623.6 10.981 10326.0 13.575 "" "" 0.0027853740387763825 0.004314006 0.0040399344 0.00835394 276.1146024973 -12.0533637998 2389.34473 -1.03 -3.0 -0.6223461616039276 -1.2682691812515259 0.11021813 0.10321813 "" "" 15.999926928332597 "" 1.6738036457337564 ""
276.23318284027 -12.10469021051 0.0394 0.0384 17.5886 "" "" 4153243172080934656 2222.64648 0.397 0.0413 -1.497 -3.171 0.05 0.043 1.143 7162.0 3.3867 15.624099 2.804347 17.195805 14.391458 "" "" 2057.68481 2419.0144 10600.03406 6.847 1807.6 28.133 13886.0 50.302 "" "" 0.0028431745952371156 0.017126909 0.0054546143 0.022581523 276.23318284027 -12.10469021051 2222.64648 -1.497 -3.171 -1.0893461616039277 -1.4392691812515257 0.119218126 0.11221813 "" "" 19.016722088449658 "" 2.1834440124721155 ""
276.12134748533 -12.02214411082 0.0348 0.0327 15.845 "" "" 4153247604487363712 2324.40137 0.3763 0.0415 1.135 -0.065 0.044 0.037 1.135 5818.9 2.7019 15.624637 2.710424 17.14082 14.430396 "" "" 2054.97437 2643.05762 10594.7874 6.1566 1901.5 8.5833 13397.0 18.891 "" "" 0.002826631747653222 0.005639555 0.004077702 0.009717257 276.12134748533 -12.02214411082 2324.40137 1.135 -0.0649999999999999 1.5426538383960724 1.6667308187484742 0.11321813 0.10621813 "" "" 25.02191560891821 "" 2.7399879162319283 ""
275.90960528225 -12.61529941341 0.0394 0.0361 22.8571 "" "" 4152797831188572416 1954.15051 0.4768 0.0391 -3.051 -3.158 0.045 0.038 1.007 7757.2 3.0018 15.624956 2.236657 16.778564 14.541907 "" "" 1810.46423 2120.22778 10591.66723 10.223 2654.6 10.421 12089.0 35.272 "" "" 0.0029478767475824173 0.0050942576 0.004931427 0.010025685 275.90960528225 -12.61529941341 1954.15051 -3.051000000000004 -3.157999999999999 -2.6433461616039278 -1.4262691812515258 0.11421813 0.10721813 "" "" 27.821226713173893 "" 3.13483171759375 ""
275.95678316899 -12.50368348314 0.0432 0.0384 15.9271 "" "" 4152804776186342912 1940.01562 0.4605 0.0425 -0.056 -0.277 0.056 0.045 0.921 9213.7 3.4618 15.62544 2.054797 16.659388 14.60459 "" "" 1829.37488 2094.58228 10586.95021 5.0835 2962.5 11.928 11411.0 13.506 "" "" 0.0028042073365618357 0.005186071 0.0039918837 0.009177955 275.95678316899 -12.50368348314 1940.01562 -0.055999999999999994 -0.2769999999999997 0.3516538383960724 1.454730818748474 0.12521812 0.11421813 "" "" 13.76252415637146 "" 1.5806657683800578 ""
275.93403426475 -11.96461789478 0.0398 0.0394 16.5353 "" "" 4153261240981551104 2260.76636 0.3876 0.0449 1.914 -10.821 0.05 0.041 0.962 "" "" 15.626224 2.706984 17.146572 14.439589 "" "" 2094.54858 2521.66553 10579.29796 7.8234 1891.4 11.033 13284.0 17.707 "" "" 0.002869920270034356 0.0069207344 0.0040470026 0.010967737 275.93403426475 -11.96461789478 2260.76636 1.9140000000000001 -10.821000000000007 2.321653838396072 -9.089269181251526 0.119218126 0.11021813 "" "" 100.52808929581997 "" 11.13754491303891 ""
275.85266139569 -11.9183132528 0.0461 0.0443 20.3294 "" "" 4153258908840975232 2098.72827 0.4612 0.0559 3.207 -2.155 0.054 0.046 1.235 6578.4 4.2206 15.627832 1.400016 16.254448 14.854432 "" "" 1839.71594 2416.07007 10563.64229 4.9074 4301.7 10.197 9065.4 15.114 "" "" 0.0028011057699891834 0.0037959109 0.0041905134 0.0079864245 275.85266139569 -11.9183132528 2098.72827 3.207 -2.155 3.6146538383960722 -0.4232691812515257 0.123218134 0.11521813 "" "" 36.204166588011844 "" 4.4572176953689935 ""
276.0009146764 -12.65724623394 0.0522 0.0515 25.2128 "" "" 4152784744452979200 1921.73022 0.489 0.0688 0.614 -1.689 0.064 0.049 1.288 "" "" 15.62796 2.021385 16.626278 14.604893 "" "" 1682.54163 2164.98364 10562.40337 8.0581 3054.3 14.062 11408.0 23.734 "" "" 0.0028771324076026995 0.005724714 0.004402964 0.0101276785 276.0009146764 -12.65724623394 1921.73022 0.614 -1.6890000000000007 1.0216538383960723 0.042730818748474064 0.13321814 0.118218124 "" "" 9.314382433527598 "" 1.2406144280325995 ""
276.25164750914 -12.52412173386 0.0333 0.0302 23.9487 "" "" 4153167889865816960 2043.5603 0.4482 0.0374 0.699 0.405 0.041 0.035 1.039 9317.7 3.5177 15.628994 1.747021 16.450994 14.703974 "" "" 1909.69836 2217.78174 10552.35072 4.82 3589.4 15.439 10413.0 21.73 "" "" 0.0027995960311777467 0.0054400754 0.004406502 0.009846577 276.25164750914 -12.52412173386 2043.5603 0.6990000000000006 0.405 1.1066538383960722 2.1367308187484744 0.11021813 0.104218125 "" "" 23.30861028536226 "" 2.4594223507987856 ""
275.87686988627 -12.05037310743 0.0325 0.03 12.4414 "" "" 4153253922356902400 2425.45923 0.3725 0.0364 -5.835 -1.257 0.041 0.036 1.019 "" "" 15.629359 2.723487 17.154818 14.431331 34.04 7.28 2221.95288 2700.1626 10548.80311 5.9413 1877.1 11.136 13385.0 20.513 "" "" 0.002822362875550233 0.0070195426 0.004129454 0.011148997 275.87686988627 -12.05037310743 2425.45923 -5.835 -1.2570000000000012 -5.427346161603928 0.4747308187484742 0.11021813 0.10521813 97.49000000000001 8.563077 62.634688078523205 115.8766769056392 6.901153834810024 8.112790824366899
275.60697016873 -12.05039844717 0.0374 0.0319 23.9061 "" "" 4152881638918922624 2193.33521 0.4172 0.0384 -1.574 -0.446 0.049 0.036 1.018 6827.0 3.6125 15.629422 2.362908 16.895592 14.532683 "" "" 2057.17798 2438.67212 10548.1858 5.4938 2383.3 10.886 12192.0 12.539 "" "" 0.0028127495780931864 0.0056902524 0.003940889 0.009631142 275.60697016873 -12.05039844717 2193.33521 -1.574000000000002 -0.4460000000000004 -1.1663461616039277 1.2857308187484742 0.118218124 0.10521813 "" "" 18.047480441855118 "" 2.00823162122003 ""
276.17404840823 -11.92380054251 0.032 0.03 22.4688 "" "" 4153250829981020288 1723.26367 0.5445 0.0383 -1.352 -2.304 0.042 0.035 1.001 9192.9 3.5346 15.631062 1.582149 16.358574 14.776425 "" "" 1594.06799 1831.32861 10532.26963 5.1165 3908.3 10.81 9740.7 14.615 "" "" 0.002805349397819423 0.0040991874 0.004115521 0.008214708 276.17404840823 -11.92380054251 1723.26367 -1.351999999999998 -2.304 -0.9443461616039277 -0.5722691812515257 0.111218125 0.104218125 "" "" 9.0194924578431 "" 0.9865699112999182 ""
275.93203262041 -12.54724440134 0.0392 0.035 18.6395 "" "" 4152804157705374976 1652.97632 0.562 0.0402 -0.298 -2.822 0.047 0.038 1.033 8259.5 4.0569 15.63109 1.379578 16.238556 14.858978 "" "" 1535.66833 1777.42102 10531.99559 4.8201 4365.1 14.465 9027.5 13.75 "" "" 0.0027997678040999037 0.0045530098 0.004125347 0.008678356 275.93203262041 -12.54724440134 1652.97632 -0.298 -2.822 0.1096538383960724 -1.090269181251526 0.11621813 0.10721813 "" "" 8.585472304789265 "" 0.9213241977953253 ""
276.1397959629 -12.37209425537 0.0398 0.038 12.9532 "" "" 4153182836376981888 2006.42322 0.4466 0.042 2.25 -0.363 0.047 0.04 1.004 15005.4 4.1938 15.631845 2.088593 16.696663 14.608069 "" "" 1862.49255 2178.44336 10524.67422 5.4866 2862.5 9.6773 11374.0 19.386 "" "" 0.0028128542585384693 0.004610651 0.004208116 0.008818767 276.1397959629 -12.37209425537 2006.42322 2.25 -0.36299999999999977 2.6576538383960724 1.3687308187484741 0.11621813 0.10921813 "" "" 28.43058411892971 "" 3.263434284083119 ""
275.87325717253 -12.54512308791 0.0379 0.0343 19.1946 "" "" 4152807112642952448 2363.44116 0.3845 0.0403 -0.756 -2.069 0.049 0.039 1.027 9291.6 3.4027 15.632015 2.031185 16.648798 14.617613 "" "" 2148.07373 2575.05078 10523.023 5.4241 2991.6 16.858 11275.0 14.664 "" "" 0.0028115814528880917 0.0067244302 0.004034564 0.010758994 275.87325717253 -12.54512308791 2363.44116 -0.7560000000000003 -2.069 -0.3483461616039276 -0.33726918125152583 0.118218124 0.10821813 "" "" 5.431819622355496 "" 0.6164557387551547 ""
275.86850177436 -11.9928322655 0.0343 0.0313 15.8115 "" "" 4153255369787822848 1632.91602 0.5831 0.0397 -0.441 -2.806 0.044 0.035 1.027 7907.8 3.83 15.632384 1.502389 16.258667 14.756278 "" "" 1536.46619 1744.9303 10519.44987 5.6919 4285.0 23.601 9923.1 140.51 "" "" 0.0028172530798817154 0.0065989313 0.015831634 0.022430565 275.86850177436 -11.9928322655 1632.91602 -0.44100000000000006 -2.806000000000003 -0.033346161603927615 -1.074269181251526 0.11321813 0.104218125 "" "" 8.318871876300076 "" 0.867052410512499 ""
275.94793945907 -12.50154954899 0.0469 0.043 15.826 "" "" 4152807628038990208 2396.01562 0.3696 0.0435 -2.449 -0.837 0.065 0.051 1.005 9656.2 3.7546 15.633198 2.881961 17.274912 14.392951 -66.19 5.21 2124.54492 2664.34131 10511.56816 5.7724 1680.6 8.2314 13867.0 38.847 "" "" 0.0028190918071566602 0.0060053524 0.004851282 0.010856634 275.94793945907 -12.50154954899 2396.01562 -2.449 -0.8370000000000001 -2.0413461616039275 0.8947308187484742 0.13421813 0.12021813 -2.739999999999995 6.4930773 25.31295984726006 25.46082355755603 3.34288911167897 3.396138244992497
