Clusters/Czernik_1/Czernik_1_stars_in_region.tsv
# %ECSV 1.0
# ---
# datatype:
# - name: RA_ICRS_1
#   unit: deg
#   datatype: float64
#   format: '{:15.11f}'
#   description: Right ascension (ICRS) at Ep=2016.0 (ra)
#   meta: !!omap
#   - {ucd: POS_EQ_RA_MAIN}
#   - {width: 15}
#   - {precision: '11'}
# - name: DE_ICRS_1
#   unit: deg
#   datatype: float64
#   format: '{:15.11f}'
#   description: Declination (ICRS) at Ep=2016.0 (dec)
#   meta: !!omap
#   - {ucd: POS_EQ_DEC_MAIN}
#   - {width: 15}
#   - {precision: '11'}
# - name: e_RA_ICRS
#   unit: mas
#   datatype: float64
#   format: '{:7.4f}'
#   description: Standard error of right ascension (ra_error)
#   meta: !!omap
#   - {ucd: ERROR}
#   - {width: 7}
#   - {precision: '4'}
# - name: e_DE_ICRS
#   unit: mas
#   datatype: float64
#   format: '{:7.4f}'
#   description: Standard error of declination (dec_error)
#   meta: !!omap
#   - {ucd: ERROR}
#   - {width: 7}
#   - {precision: '4'}
# - name: _r_1
#   unit: ''
#   datatype: float64
#   format: '{:7.4f}'
#   description: Distance from center (001.90691668000+61.47690234000)[ICRS], at Epoch=J2016.0
#   meta: !!omap
#   - {ucd: POS_ANG_DIST_GENERAL}
#   - {width: 7}
#   - {precision: '4'}
# - name: HIP
#   datatype: int32
#   description: '? HIP cross-id number, van Leeuwen, Cat. I/311 (hip_original_ext_source_id)'
#   meta: !!omap
#   - {ucd: ID_NUMBER}
#   - {width: 6}
#   - values: {'null': -2147483648}
# - name: TYC2
#   datatype: string
#   description: Tycho-2 cross-id name, Hog et al., Cat. I/259 (tyc2_original_ext_source_id)
#   meta: !!omap
#   - {ucd: ID_CROSSID}
#   - {_votable_string_dtype: char}
# - name: Source
#   datatype: int64
#   description: Source identifier, identical to the Gaia-EDR3 source_id (id)
#   meta: !!omap
#   - {ucd: ID_MAIN}
#   - {width: 19}
# - name: rgeo
#   unit: pc
#   datatype: float64
#   format: '{:15.8f}'
#   description: '? Median of the geometric distance posterior (r_med_geo)'
#   meta: !!omap
#   - {ucd: PHYS_DISTANCE_TRUE}
#   - {width: 15}
#   - {precision: '8'}
#   - values: {'null': .nan}
# - name: Plx
#   unit: mas
#   datatype: float64
#   format: '{:9.4f}'
#   description: '? Parallax (parallax)'
#   meta: !!omap
#   - {ucd: POS_PARLX_TRIG}
#   - {width: 9}
#   - {precision: '4'}
#   - values: {'null': .nan}
# - name: e_Plx
#   unit: mas
#   datatype: float32
#   format: '{:7.4f}'
#   description: '? Standard error of parallax (parallax_error)'
#   meta: !!omap
#   - {ucd: ERROR}
#   - {width: 7}
#   - {precision: '4'}
#   - values: {'null': .nan}
# - name: pmRA
#   unit: mas / yr
#   datatype: float64
#   format: '{:9.3f}'
#   description: '? Proper motion in right ascension direction, pmRA*cosDE (pmra)'
#   meta: !!omap
#   - {ucd: POS_EQ_PMRA}
#   - {width: 9}
#   - {precision: '3'}
#   - values: {'null': .nan}
# - name: pmDE
#   unit: mas / yr
#   datatype: float64
#   format: '{:9.3f}'
#   description: '? Proper motion in declination direction (pmdec)'
#   meta: !!omap
#   - {ucd: POS_EQ_PMDEC}
#   - {width: 9}
#   - {precision: '3'}
#   - values: {'null': .nan}
# - name: e_pmRA
#   unit: mas / yr
#   datatype: float32
#   format: '{:6.3f}'
#   description: '? Standard error of proper motion in right ascension direction (pmra_error)'
#   meta: !!omap
#   - {ucd: ERROR}
#   - {width: 6}
#   - {precision: '3'}
#   - values: {'null': .nan}
# - name: e_pmDE
[...]
#         unit: &id001 !astropy.units.Unit {unit: deg}
#         value: !astropy.table.SerializedColumn {name: SkyCoord.dec}
#       distance: !astropy.table.SerializedColumn
#         __class__: astropy.coordinates.distances.Distance
#         unit: !astropy.units.Unit {unit: pc}
#         value: !astropy.table.SerializedColumn {name: SkyCoord.distance}
#       frame: icrs
#       obstime: !astropy.time.Time {format: jyear_str, in_subfmt: '*', jd1: 367701545.0, jd2: 0.0, out_subfmt: '*', precision: 3, scale: tt}
#       pm_dec: !astropy.table.SerializedColumn
#         __class__: astropy.units.quantity.Quantity
#         unit: !astropy.units.Unit {unit: mas / yr}
#         value: !astropy.table.SerializedColumn {name: SkyCoord.pm_dec}
#       pm_ra_cosdec: !astropy.table.SerializedColumn
#         __class__: astropy.units.quantity.Quantity
#         unit: !astropy.units.Unit {unit: mas / yr}
#         value: !astropy.table.SerializedColumn {name: SkyCoord.pm_ra_cosdec}
#       ra: !astropy.table.SerializedColumn
#         __class__: astropy.coordinates.angles.Longitude
#         unit: *id001
#         value: !astropy.table.SerializedColumn {name: SkyCoord.ra}
#         wrap_angle: !astropy.coordinates.Angle
#           unit: *id001
#           value: 360.0
#       representation_type: spherical
# schema: astropy-2.0
RA_ICRS_1 DE_ICRS_1 e_RA_ICRS e_DE_ICRS _r_1 HIP TYC2 Source rgeo Plx e_Plx pmRA pmDE e_pmRA e_pmDE RUWE Teff logg Gmag BP-RP BPmag RPmag RV e_RV b_rgeo B_rgeo FG e_FG FBP e_FBP FRP e_FRP RAVE5 RAVE6 e_Gmag e_BPmag e_RPmag e_BP-RP SkyCoord.ra SkyCoord.dec SkyCoord.distance SkyCoord.pm_ra_cosdec SkyCoord.pm_dec
[from data line 164]
2.07792760427 61.42507889098 0.3417 0.3274 5.8064 "" "" 429816451271920512 2309.17847 1.107 0.456 -1.738 -2.939 0.451 0.436 14.277 5847.9 4.5276 15.782154 1.406788 16.335606 14.928818 "" "" 1125.22595 4362.9165 9164.00269 27.96 3991.9 10.918 8465.1 12.263 "" "" 0.004308767127279581 0.0040746974 0.004093605 0.0081683025 2.07792760427 61.42507889098 2309.17847 -1.738 -2.939
1.77047731446 61.28804691977 0.0229 0.0231 11.9905 "" "" 429442136283352832 2394.20752 0.3952 0.0301 -5.391 -1.544 0.03 0.03 1.004 7654.8 3.821 15.79567 1.175578 16.291727 15.116149 "" "" 2247.6897 2574.49292 9050.62503 2.8336 4156.5 9.1968 7123.6 12.306 "" "" 0.0027762094706910946 0.0036818818 0.004219197 0.007901079 1.77047731446 61.28804691977 2394.20752 -5.391000000000002 -1.5440000000000003
1.57045093884 61.34977327825 0.0239 0.0254 12.3082 "" "" 429454952465699456 2264.67651 0.417 0.0314 -0.059 -3.166 0.032 0.032 0.906 7366.9 4.141 15.806957 1.404156 16.431866 15.02771 "" "" 2111.30249 2435.85254 8957.02655 3.0982 3653.2 11.686 7728.1 9.0541 "" "" 0.0027807963968915 0.0044550467 0.003987704 0.00844275 1.57045093884 61.34977327825 2264.67651 -0.059000000000000004 -3.166
2.16865612933 61.3162917133 0.0236 0.0254 12.2225 "" "" 429814080450019072 2216.59277 0.43 0.0325 -7.739 2.206 0.031 0.034 1.02 "" "" 15.818731 1.678974 16.617455 14.93848 "" "" 2094.0979 2376.05029 8860.41953 3.0128 3079.2 8.0124 8390.1 9.1298 "" "" 0.0027799432759081965 0.0039707427 0.003959744 0.007930486 2.16865612933 61.3162917133 2216.59277 -7.738999999999999 2.2059999999999995
2.0014130201 61.30414675602 0.1024 0.0977 10.715 "" "" 429816687485608064 2893.17578 0.3735 0.132 -3.237 0.216 0.137 0.137 5.041 "" "" 15.833788 1.106395 16.146896 15.040502 "" "" 2183.45215 4291.0498 8738.39601 7.0975 4749.6 13.196 7637.6 10.806 "" "" 0.002893001983826338 0.004109085 0.004079641 0.008188726 2.0014130201 61.30414675602 2893.17578 -3.2369999999999997 0.21599999999999997
1.50594939851 61.5111378014 0.0252 0.0265 11.664 "" "" 429831810074734080 2754.74463 0.3354 0.0342 0.164 -0.856 0.033 0.035 1.002 9708.7 4.3257 15.880347 1.290201 16.441898 15.151697 "" "" 2495.0415 3084.91309 8371.59057 3.0043 3619.6 11.548 6894.1 13.896 "" "" 0.002782733550170162 0.0044479137 0.004367269 0.008815182 1.50594939851 61.5111378014 2754.74463 0.164 -0.856
1.7127841676 61.4044505985 0.0244 0.0246 7.0644 "" "" 429829920289155712 2426.75757 0.3853 0.0325 -3.401 -2.635 0.031 0.031 0.986 8272.4 3.4331 15.883378 1.247417 16.422506 15.175089 "" "" 2254.60815 2654.95825 8348.25408 2.5181 3684.8 9.586 6747.2 9.3258 "" "" 0.002774714558024551 0.0039702742 0.004066418 0.008036692 1.7127841676 61.4044505985 2426.75757 -3.401 -2.6350000000000007
2.09002721422 61.31653594086 0.0252 0.0258 10.9657 "" "" 429814217888968576 2191.45215 0.4314 0.0343 -1.36 -0.81 0.033 0.035 1.033 8447.8 3.6885 15.90555 1.287731 16.46737 15.179638 "" "" 2049.65894 2356.25708 8179.5023 2.5746 3535.7 8.1892 6719.0 8.2256 "" "" 0.002776433277245941 0.0037561797 0.0040063043 0.0077624843 2.09002721422 61.31653594086 2191.45215 -1.3599999999999999 -0.8099999999999998
1.97919165912 61.51311212729 0.0277 0.0242 3.0005 "" "" 429825590962260608 2757.82007 0.339 0.0334 -3.559 -2.768 0.033 0.033 0.981 6635.2 3.868 15.921628 1.457643 16.583694 15.126052 "" "" 2519.64624 2985.54321 8059.26364 3.0688 3176.4 10.532 7058.9 9.6969 "" "" 0.0027861640739539413 0.004554657 0.0040630368 0.008617694 1.97919165912 61.51311212729 2757.82007 -3.559 -2.7679999999999993
1.87590854696 61.49465202633 0.0252 0.0235 1.3867 "" "" 429820574440459648 2606.58984 0.361 0.0333 -3.06 -1.474 0.031 0.031 1.083 "" "" 15.92379 1.115988 16.387482 15.271494 "" "" 2411.24219 2904.59692 8043.2364 2.9841 3805.6 10.235 6173.9 9.1653 "" "" 0.0027846095317585616 0.004038773 0.004108726 0.008147499 1.87590854696 61.49465202633 2606.58984 -3.0600000000000005 -1.474
2.16239200927 61.59752399739 0.026 0.0246 10.2833 "" "" 429824972487148160 2341.271 0.4139 0.0332 0.024 -0.056 0.031 0.035 0.98 6910.9 4.2792 15.935514 1.310245 16.51133 15.201085 "" "" 2164.625 2521.89722 7956.85404 2.6439 3395.4 8.5985 6587.6 11.172 "" "" 0.002778838409921966 0.0039172545 0.0042040655 0.00812132 2.16239200927 61.59752399739 2341.271 0.024000000000000004 -0.05600000000000002
1.87444663473 61.64224296032 0.0265 0.0238 9.9637 "" "" 429828820777597568 2453.9104 0.3839 0.0349 -1.6 -1.656 0.03 0.032 0.942 8365.9 4.0198 15.94241 1.514868 16.628918 15.11405 "" "" 2243.25537 2730.68799 7906.47806 3.1153 3046.8 11.336 7137.4 8.7006 "" "" 0.002788333286668702 0.004909537 0.0040044296 0.008913966 1.87444663473 61.64224296032 2453.9104 -1.6 -1.6560000000000001
2.01962259995 61.62676136333 0.0285 0.0247 9.5512 "" "" 429828236662064256 2982.5957 0.3115 0.0355 -1.312 -0.7 0.034 0.033 1.038 "" "" 15.943039 1.491909 16.623787 15.131878 "" "" 2644.15332 3285.05737 7901.8952 2.6782 3061.3 9.4167 7021.1 10.325 "" "" 0.0027797852538960386 0.0043519125 0.004102805 0.008454718 2.01962259995 61.62676136333 2982.5957 -1.312 -0.7
2.29875557081 61.35527084534 0.027 0.0249 13.4084 "" "" 429815076882425984 2431.36133 0.3914 0.0352 -2.491 -0.327 0.035 0.035 0.987 9397.3 4.312 15.946344 1.409929 16.576073 15.166143 "" "" 2224.2334 2660.31787 7877.87469 2.772 3198.8 13.066 6803.0 9.2755 "" "" 0.0027816800177509282 0.0052395635 0.004058957 0.00929852 2.29875557081 61.35527084534 2431.36133 -2.4910000000000005 -0.32700000000000007
2.16426417331 61.28913138857 0.0399 0.0422 13.4767 "" "" 429813943011117312 2183.09692 0.4418 0.055 -4.286 -2.872 0.051 0.059 1.569 15020.7 4.6021 15.955025 1.414423 16.57411 15.159687 "" "" 1956.25403 2547.604 7815.14201 4.0369 3204.6 8.187 6843.6 8.3071 "" "" 0.0028118189445535025 0.003934338 0.004002579 0.007936917 2.16426417331 61.28913138857 2183.09692 -4.286 -2.871999999999999
1.73144219467 61.69131008012 0.027 0.0252 13.8056 "" "" 429840915405745920 2446.07666 0.3792 0.0336 -2.305 -1.395 0.033 0.036 1.022 8098.4 4.2023 15.955347 1.107816 16.421257 15.313441 "" "" 2274.4397 2663.82617 7812.81902 2.4882 3689.0 7.518 5939.9 8.5742 "" "" 0.002776932529627177 0.0035610374 0.004091455 0.0076524923 1.73144219467 61.69131008012 2446.07666 -2.3050000000000006 -1.395
1.86076855197 61.44207156893 0.0246 0.0239 2.4734 "" "" 429819990324941696 2988.99243 0.3056 0.0326 0.048 1.803 0.031 0.032 0.989 6516.3 3.6347 15.961809 2.096213 17.033728 14.937514 "" "" 2764.52246 3354.95776 7766.45884 3.0543 2098.6 7.6802 8397.5 9.0862 "" "" 0.0027882083637026734 0.004855235 0.0039577563 0.008812992 1.86076855197 61.44207156893 2988.99243 0.047999999999999994 1.8029999999999997
1.81223767035 61.32698991961 0.0255 0.024 9.3968 "" "" 429442411161239296 3084.2998 0.3016 0.0331 -4.468 -1.786 0.033 0.032 0.986 9284.5 3.4905 15.965102 1.314092 16.530138 15.216046 "" "" 2851.2876 3403.36011 7742.93972 2.5677 3337.0 10.093 6497.4 14.377 "" "" 0.0027787452804668134 0.0043091727 0.004478332 0.008787505 1.81223767035 61.32698991961 3084.2998 -4.468 -1.7859999999999996
1.57848324437 61.34109497269 0.0253 0.0274 12.4631 "" "" 429454952465705728 2999.80151 0.3132 0.0341 -3.381 -1.741 0.033 0.034 0.976 "" "" 15.971688 1.358953 16.570951 15.211999 "" "" 2719.05078 3352.23047 7696.11278 2.7784 3213.9 11.796 6521.7 10.137 "" "" 0.0027830605822953677 0.004864685 0.0041390536 0.009003738 1.57848324437 61.34109497269 2999.80151 -3.3810000000000002 -1.741
1.83759718044 61.43497530297 0.0253 0.025 3.2059 "" "" 429818581575811072 2246.94702 0.4205 0.0336 -5.22 -0.459 0.033 0.035 1.049 6840.4 4.1246 15.976826 1.261535 16.486061 15.224526 "" "" 2093.00488 2397.39624 7659.7815 2.815 3475.3 19.277 6446.8 40.942 "" "" 0.002784061826741639 0.0066373684 0.007863079 0.014500448 1.83759718044 61.43497530297 2246.94702 -5.219999999999999 -0.459
2.19869113371 61.51794547196 0.0274 0.0265 8.7094 "" "" 429823632457196416 2322.5415 0.4248 0.0355 0.259 -1.715 0.031 0.036 0.993 6399.7 3.9749 15.98278 1.270138 16.267733 14.997595 "" "" 2123.77686 2515.64136 7617.89083 7.7246 4249.4 72.252 7945.5 113.48 "" "" 0.002967131407415047 0.018670298 0.015960727 0.034631025 2.19869113371 61.51794547196 2322.5415 0.259 -1.715
1.54710316053 61.42801177491 0.0277 0.0276 10.7259 "" "" 429455708380214144 2503.8916 0.3778 0.0357 -3.683 -1.474 0.036 0.037 1.045 9295.4 3.9842 15.990196 1.137066 16.464851 15.327785 "" "" 2291.73584 2707.27832 7566.03116 2.7884 3543.9 9.4689 5862.0 10.21 "" "" 0.0027842235680684466 0.004025002 0.0042260876 0.00825109 1.54710316053 61.42801177491 2503.8916 -3.6829999999999994 -1.4739999999999998
2.00226291014 61.71394954203 0.0271 0.0245 14.4808 "" "" 429852116681135232 2140.59937 0.4485 0.0358 -0.598 -2.03 0.033 0.033 0.995 7113.5 4.3649 15.999359 1.205709 16.52018 15.314471 "" "" 1985.55249 2307.4541 7502.44917 2.7886 3367.8 10.052 5934.3 10.208 "" "" 0.0027847171449980218 0.004276305 0.0042156666 0.0084919715 2.00226291014 61.71394954203 2140.59937 -0.598 -2.03
1.45972915879 61.41766055998 0.0272 0.029 13.3079 "" "" 429455467861726848 2784.18823 0.3512 0.037 -1.588 0.211 0.035 0.037 1.015 8493.4 3.6967 16.014908 1.325513 16.595812 15.270299 "" "" 2524.43579 3059.677 7395.77093 2.8923 3141.2 11.73 6180.7 10.053 "" "" 0.002787844692729653 0.0049217087 0.004171614 0.009093323 1.45972915879 61.41766055998 2784.18823 -1.5879999999999996 0.21100000000000002
1.93287565202 61.29605767969 0.0265 0.0246 10.8763 "" "" 429441616582046080 2233.59155 0.4238 0.0343 -4.725 -2.349 0.034 0.033 1.042 9195.8 3.8996 16.018469 1.341968 16.605608 15.263639 "" "" 2084.58228 2447.13208 7371.55685 2.6269 3113.0 15.998 6218.7 14.997 "" "" 0.0027823529284378163 0.0062384377 0.0045977742 0.010836212 1.93287565202 61.29605767969 2233.59155 -4.724999999999999 -2.349
1.60925496814 61.65935418068 0.029 0.0259 13.8616 "" "" 429839953332805760 2387.25342 0.4018 0.0367 -1.872 0.311 0.034 0.034 0.952 8559.4 4.2238 16.056852 1.174798 16.555185 15.380387 "" "" 2192.57568 2554.08838 7115.50816 2.9997 3260.9 9.1898 5584.7 8.7976 "" "" 0.002793079566779862 0.004140944 0.0041483818 0.008289326 1.60925496814 61.65935418068 2387.25342 -1.872 0.31099999999999994
1.83263049551 61.41306611134 0.058 0.0513 4.3829 "" "" 429818439832414976 3102.88354 0.3116 0.0734 -4.837 0.586 0.073 0.069 1.998 "" "" 16.057161 1.58988 16.781351 15.191471 "" "" 2562.94409 3983.12402 7113.48646 6.0069 2647.7 11.364 6646.1 10.939 "" "" 0.0029038560000364836 0.0054314584 0.0041805804 0.009612039 1.83263049551 61.41306611134 3102.88354 -4.836999999999999 0.5859999999999999
2.00653734621 61.32919247003 0.0272 0.0266 9.3129 "" "" 429816863588813312 2289.19702 0.4243 0.0358 -2.283 -0.201 0.035 0.034 1.038 7192.5 4.1976 16.065363 1.258409 16.608255 15.349846 "" "" 2111.01416 2489.34717 7059.94813 2.5132 3105.4 12.937 5744.1 9.8535 "" "" 0.0027822961574684945 0.005314497 0.0042133806 0.009527877 2.00653734621 61.32919247003 2289.19702 -2.2830000000000004 -0.20099999999999998
1.69712522559 61.35833910999 0.0277 0.0275 9.3205 "" "" 429454505789108992 2723.09277 0.341 0.0359 -2.058 -1.41 0.036 0.037 1.024 7955.2 4.3885 16.071817 1.210944 16.590069 15.379125 "" "" 2531.75024 2984.52466 7018.10481 3.7601 3157.8 10.028 5591.2 9.3821 "" "" 0.0028160560651770868 0.0044354284 0.004195589 0.008631017 1.69712522559 61.35833910999 2723.09277 -2.0580000000000003 -1.4099999999999997
1.5210693734 61.55681755352 0.0282 0.0268 12.0369 "" "" 429833459342161920 2200.57715 0.4288 0.0362 -3.085 -1.351 0.032 0.034 1.025 6848.7 4.3283 16.074474 1.125448 16.553555 15.428106 "" "" 2026.84253 2398.81348 7000.94445 2.6754 3265.8 8.0623 5344.6 8.8159 "" "" 0.0027863850563863354 0.0038690304 0.004182238 0.008051269 1.5210693734 61.55681755352 2200.57715 -3.085 -1.3509999999999998
1.76226916493 61.38070549459 0.0261 0.0262 7.1093 "" "" 429818130594717312 2108.79858 0.4588 0.0346 -3.346 -1.249 0.033 0.034 0.981 7170.9 4.2942 16.08138 1.211235 16.601433 15.390198 "" "" 1943.61523 2284.84546 6956.55915 2.4739 3125.0 11.703 5534.5 12.982 "" "" 0.0027822420755411795 0.0049312995 0.0045573786 0.009488678 1.76226916493 61.38070549459 2108.79858 -3.346 -1.2490000000000003
1.7224021248 61.46847336198 0.0271 0.0266 5.3113 "" "" 429830573124175744 2333.91699 0.3913 0.0354 1.052 2.218 0.034 0.035 0.999 "" "" 16.085388 2.067275 17.13591 15.068635 "" "" 2149.23608 2558.8042 6930.93341 2.6129 1910.1 11.75 7442.2 11.442 "" "" 0.002785556749332722 0.0072382996 0.004131606 0.011369905 1.7224021248 61.46847336198 2333.91699 1.0520000000000003 2.218
2.18106892533 61.46090383441 0.0272 0.0278 7.9151 "" "" 429822326787169024 2414.86133 0.401 0.0363 -1.822 -2.315 0.033 0.037 1.005 7782.0 4.1246 16.085758 1.566131 16.808733 15.242602 "" "" 2217.15479 2687.41235 6928.57356 2.7688 2581.8 10.404 6340.4 8.2151 "" "" 0.0027892729082769864 0.005189199 0.0040327045 0.009221904 2.18106892533 61.46090383441 2414.86133 -1.8219999999999998 -2.315
1.94166987608 61.29371092367 0.0292 0.0264 11.0368 "" "" 429441620887663872 2397.46045 0.3903 0.0367 -1.512 -0.655 0.037 0.036 1.012 6826.6 4.1088 16.110186 1.358221 16.710634 15.352413 "" "" 2204.28931 2592.90234 6774.42068 2.6912 2825.9 12.455 5730.5 13.587 "" "" 0.0027888752355501602 0.005539347 0.0045728143 0.010112161 1.94166987608 61.29371092367 2397.46045 -1.512 -0.6549999999999999
1.58769704905 61.34156139275 0.0273 0.0284 12.2455 "" "" 429454952465706752 2393.71387 0.3927 0.0363 -4.458 0.095 0.036 0.037 1.036 9114.8 4.2844 16.114902 1.207863 16.631245 15.423382 "" "" 2219.95044 2630.37549 6745.05825 2.649 3040.3 8.619 5367.9 9.5729 "" "" 0.0027881192903390726 0.004154391 0.0042465073 0.008400898 1.58769704905 61.34156139275 2393.71387 -4.458 0.095
1.70440845648 61.67237400429 0.029 0.0265 13.0769 "" "" 429839472296470144 2963.03418 0.3171 0.0376 -2.958 -1.055 0.034 0.035 0.994 9262.2 3.8786 16.130123 1.029402 16.55246 15.523058 "" "" 2718.9104 3309.70581 6651.16141 2.414 3269.1 8.7755 4897.1 9.551 "" "" 0.0027833565942002028 0.0040347874 0.0043321764 0.008366964 1.70440845648 61.67237400429 2963.03418 -2.958 -1.0550000000000004
1.53273137628 61.60733708445 0.0302 0.0288 13.2552 "" "" 429834043457692672 2443.60059 0.3853 0.0386 -4.21 -0.324 0.035 0.036 1.003 5166.6 3.5522 16.131739 1.929369 17.086374 15.157005 "" "" 2250.15015 2685.96362 6641.27614 2.7569 1999.3 7.9287 6860.5 13.593 "" "" 0.002791939419821581 0.0051307394 0.00434873 0.00947947 1.53273137628 61.60733708445 2443.60059 -4.21 -0.324
1.59130390446 61.2947066717 0.0273 0.0288 14.2038 "" "" 429453303198298624 2560.44531 0.3661 0.0362 -3.301 -2.652 0.035 0.037 0.994 7860.7 4.3509 16.135406 1.230851 16.66919 15.438338 "" "" 2326.09351 2825.229 6618.87588 2.5289 2935.9 9.8185 5294.5 10.52 "" "" 0.002786373010193769 0.004579228 0.0043517547 0.008930983 1.59130390446 61.2947066717 2560.44531 -3.301000000000001 -2.6520000000000006
2.21602806287 61.5399756628 0.0285 0.0279 9.6227 "" "" 429823765592188416 2746.80908 0.3382 0.037 -3.276 -1.6 0.033 0.038 0.953 9677.1 4.1734 16.149162 1.356575 16.747534 15.390959 "" "" 2533.95312 2976.76465 6535.54689 2.6973 2731.5 7.8397 5530.6 7.9329 "" "" 0.002791519290406832 0.0041827774 0.0040876693 0.008270446 2.21602806287 61.5399756628 2746.80908 -3.2759999999999994 -1.6
2.34215636063 61.53303359438 0.0304 0.0298 12.9059 "" "" 429636200084929536 2542.38159 0.3867 0.0406 0.213 0.369 0.034 0.039 1.014 7570.6 4.0975 16.160013 1.414883 16.79759 15.382708 "" "" 2267.08398 2920.49268 6470.54853 2.6266 2608.4 9.3114 5572.8 9.7894 "" "" 0.0027903470045853767 0.0047756815 0.004233358 0.009009039 2.34215636063 61.53303359438 2542.38159 0.213 0.369
