Clusters/Czernik_1/Czernik_1_stars_in_region.tsv
# %ECSV 1.0
# ---
# datatype:
# - name: RA_ICRS_1
#   unit: deg
#   datatype: float64
#   format: '{:15.11f}'
#   description: Right ascension (ICRS) at Ep=2016.0 (ra)
#   meta: !!omap
#   - {ucd: POS_EQ_RA_MAIN}
#   - {width: 15}
#   - {precision: '11'}
# - name: DE_ICRS_1
#   unit: deg
#   datatype: float64
#   format: '{:15.11f}'
#   description: Declination (ICRS) at Ep=2016.0 (dec)
#   meta: !!omap
#   - {ucd: POS_EQ_DEC_MAIN}
#   - {width: 15}
#   - {precision: '11'}
# - name: e_RA_ICRS
#   unit: mas
#   datatype: float64
#   format: '{:7.4f}'
#   description: Standard error of right ascension (ra_error)
#   meta: !!omap
#   - {ucd: ERROR}
#   - {width: 7}
#   - {precision: '4'}
# - name: e_DE_ICRS
#   unit: mas
#   datatype: float64
#   format: '{:7.4f}'
#   description: Standard error of declination (dec_error)
#   meta: !!omap
#   - {ucd: ERROR}
#   - {width: 7}
#   - {precision: '4'}
# - name: _r_1
#   unit: ''
#   datatype: float64
#   format: '{:7.4f}'
#   description: Distance from center (001.90691668000+61.47690234000)[ICRS], at Epoch=J2016.0
#   meta: !!omap
#   - {ucd: POS_ANG_DIST_GENERAL}
#   - {width: 7}
#   - {precision: '4'}
# - name: HIP
#   datatype: int32
#   description: '? HIP cross-id number, van Leeuwen, Cat. I/311 (hip_original_ext_source_id)'
#   meta: !!omap
#   - {ucd: ID_NUMBER}
#   - {width: 6}
#   - values: {'null': -2147483648}
# - name: TYC2
#   datatype: string
#   description: Tycho-2 cross-id name, Hog et al., Cat. I/259 (tyc2_original_ext_source_id)
#   meta: !!omap
#   - {ucd: ID_CROSSID}
#   - {_votable_string_dtype: char}
# - name: Source
#   datatype: int64
#   description: Source identifier, identical to the Gaia-EDR3 source_id (id)
#   meta: !!omap
#   - {ucd: ID_MAIN}
#   - {width: 19}
# - name: rgeo
#   unit: pc
#   datatype: float64
#   format: '{:15.8f}'
#   description: '? Median of the geometric distance posterior (r_med_geo)'
#   meta: !!omap
#   - {ucd: PHYS_DISTANCE_TRUE}
#   - {width: 15}
#   - {precision: '8'}
#   - values: {'null': .nan}
# - name: Plx
#   unit: mas
#   datatype: float64
#   format: '{:9.4f}'
#   description: '? Parallax (parallax)'
#   meta: !!omap
#   - {ucd: POS_PARLX_TRIG}
#   - {width: 9}
#   - {precision: '4'}
#   - values: {'null': .nan}
# - name: e_Plx
#   unit: mas
#   datatype: float32
#   format: '{:7.4f}'
#   description: '? Standard error of parallax (parallax_error)'
#   meta: !!omap
#   - {ucd: ERROR}
#   - {width: 7}
#   - {precision: '4'}
#   - values: {'null': .nan}
# - name: pmRA
#   unit: mas / yr
#   datatype: float64
#   format: '{:9.3f}'
#   description: '? Proper motion in right ascension direction, pmRA*cosDE (pmra)'
#   meta: !!omap
#   - {ucd: POS_EQ_PMRA}
#   - {width: 9}
#   - {precision: '3'}
#   - values: {'null': .nan}
# - name: pmDE
#   unit: mas / yr
#   datatype: float64
#   format: '{:9.3f}'
#   description: '? Proper motion in declination direction (pmdec)'
#   meta: !!omap
#   - {ucd: POS_EQ_PMDEC}
#   - {width: 9}
#   - {precision: '3'}
#   - values: {'null': .nan}
# - name: e_pmRA
#   unit: mas / yr
#   datatype: float32
#   format: '{:6.3f}'
#   description: '? Standard error of proper motion in right ascension direction (pmra_error)'
#   meta: !!omap
#   - {ucd: ERROR}
#   - {width: 6}
#   - {precision: '3'}
#   - values: {'null': .nan}
# - name: e_pmDE
[...]
#         unit: &id001 !astropy.units.Unit {unit: deg}
#         value: !astropy.table.SerializedColumn {name: SkyCoord.dec}
#       distance: !astropy.table.SerializedColumn
#         __class__: astropy.coordinates.distances.Distance
#         unit: !astropy.units.Unit {unit: pc}
#         value: !astropy.table.SerializedColumn {name: SkyCoord.distance}
#       frame: icrs
#       obstime: !astropy.time.Time {format: jyear_str, in_subfmt: '*', jd1: 367701545.0, jd2: 0.0, out_subfmt: '*', precision: 3, scale: tt}
#       pm_dec: !astropy.table.SerializedColumn
#         __class__: astropy.units.quantity.Quantity
#         unit: !astropy.units.Unit {unit: mas / yr}
#         value: !astropy.table.SerializedColumn {name: SkyCoord.pm_dec}
#       pm_ra_cosdec: !astropy.table.SerializedColumn
#         __class__: astropy.units.quantity.Quantity
#         unit: !astropy.units.Unit {unit: mas / yr}
#         value: !astropy.table.SerializedColumn {name: SkyCoord.pm_ra_cosdec}
#       ra: !astropy.table.SerializedColumn
#         __class__: astropy.coordinates.angles.Longitude
#         unit: *id001
#         value: !astropy.table.SerializedColumn {name: SkyCoord.ra}
#         wrap_angle: !astropy.coordinates.Angle
#           unit: *id001
#           value: 360.0
#       representation_type: spherical
# schema: astropy-2.0
RA_ICRS_1 DE_ICRS_1 e_RA_ICRS e_DE_ICRS _r_1 HIP TYC2 Source rgeo Plx e_Plx pmRA pmDE e_pmRA e_pmDE RUWE Teff logg Gmag BP-RP BPmag RPmag RV e_RV b_rgeo B_rgeo FG e_FG FBP e_FBP FRP e_FRP RAVE5 RAVE6 e_Gmag e_BPmag e_RPmag e_BP-RP SkyCoord.ra SkyCoord.dec SkyCoord.distance SkyCoord.pm_ra_cosdec SkyCoord.pm_dec
[from data line 289]
2.19334168158 61.38109947443 0.0375 0.0373 10.0295 "" "" 429815386120055296 2518.32251 0.3924 0.0481 -2.284 -1.712 0.048 0.051 0.994 6719.7 4.3475 16.636696 1.524386 17.34259 15.818204 "" "" 2223.03833 2863.06201 4171.27172 3.2401 1579.0 9.2823 3731.4 13.268 "" "" 0.0028815012530055417 0.0069658207 0.0054026083 0.012368429 2.19334168158 61.38109947443 2518.32251 -2.2840000000000003 -1.7119999999999997
2.29598733194 61.51684555972 0.0385 0.0367 11.3949 "" "" 429823495018254336 2241.05054 0.4346 0.0507 -4.249 -0.547 0.043 0.047 1.012 5754.2 4.6091 16.638798 1.299522 17.205383 15.905861 "" "" 2010.03955 2568.97461 4163.20165 2.0768 1791.7 7.6462 3442.0 8.1998 "" "" 0.0028080486837053394 0.0054086903 0.0045797206 0.00998841 2.29598733194 61.51684555972 2241.05054 -4.249 -0.547
1.88618405835 61.33831099712 0.0353 0.0346 8.3368 "" "" 429817035387494016 3029.78247 0.3097 0.047 -1.109 0.594 0.045 0.047 0.997 9042.5 4.2461 16.64112 1.614646 17.392025 15.777379 "" "" 2655.44189 3414.09692 4154.30523 2.1776 1508.7 8.6554 3874.4 8.4254 "" "" 0.002813483111077435 0.0068252287 0.0044562784 0.011281507 1.88618405835 61.33831099712 3029.78247 -1.1090000000000002 0.5940000000000001
1.4966219433 61.35064512251 0.0359 0.0379 14.0048 "" "" 429453715515109632 2390.06738 0.3969 0.049 -1.813 0.199 0.046 0.049 1.02 "" "" 16.658012 1.292144 17.224205 15.932061 "" "" 2130.09717 2721.3269 4090.1737 1.9973 1760.9 7.5473 3360.0 6.438 "" "" 0.002805865912617851 0.0054258876 0.0043141134 0.009740001 1.4966219433 61.35064512251 2390.06738 -1.8129999999999997 0.199
1.50670154465 61.38331550912 0.0368 0.0382 12.783 "" "" 429455261703316096 2698.49902 0.3627 0.049 -3.705 -1.857 0.048 0.048 0.996 7981.5 4.3325 16.685925 1.491757 17.371653 15.879895 "" "" 2369.7478 3087.03198 3986.36117 2.4725 1537.3 8.8486 3525.3 9.0421 "" "" 0.0028364202207719616 0.006844004 0.0046945675 0.011538572 1.50670154465 61.38331550912 2698.49902 -3.7050000000000005 -1.8570000000000002
2.34892958764 61.5710799166 0.0393 0.0405 13.85 "" "" 429659805226072960 2624.64502 0.3712 0.0533 -3.123 -1.532 0.046 0.052 1.05 "" "" 16.687992 1.539095 17.395096 15.856001 "" "" 2259.92456 2958.1897 3978.77651 2.067 1504.5 7.1357 3603.8 8.701 "" "" 0.002812461249077559 0.005856863 0.0045995056 0.010456368 2.34892958764 61.5710799166 2624.64502 -3.1229999999999998 -1.532
1.99969077246 61.52782236875 0.0573 0.0514 4.0482 "" "" 429825728401208704 2793.71313 0.3373 0.0733 -4.01 -0.918 0.066 0.067 1.643 9403.4 4.1898 16.688679 1.522736 17.346539 15.823802 "" "" 2298.26758 3266.63989 3976.26376 3.9008 1573.3 6.2531 3712.3 10.489 "" "" 0.0029540298280943127 0.0051387367 0.0048677116 0.010006448 1.99969077246 61.52782236875 2793.71313 -4.01 -0.9180000000000001
2.14931542695 61.38949539241 0.0367 0.0375 8.7104 "" "" 429816142034294528 2125.41382 0.4657 0.0486 -0.788 -0.913 0.046 0.051 1.015 5246.9 4.3366 16.690197 1.441204 17.339632 15.898428 "" "" 1876.44617 2419.51123 3970.71009 1.9718 1583.3 10.58 3465.7 8.8354 "" "" 0.00280757630128516 0.0077731805 0.0046845833 0.012457764 2.14931542695 61.38949539241 2125.41382 -0.7879999999999999 -0.913
1.96779737097 61.27204706714 0.0381 0.0365 12.4153 "" "" 429441311649847424 2311.51953 0.4229 0.0506 -7.013 0.675 0.05 0.05 1.028 5495.6 4.3511 16.698847 1.374221 17.304768 15.930547 "" "" 2045.00061 2610.32593 3939.19896 1.9027 1635.0 7.5391 3364.6 12.602 "" "" 0.0028047843404375022 0.005731418 0.0055516553 0.011283074 1.96779737097 61.27204706714 2311.51953 -7.013 0.6749999999999998
1.99666622239 61.3680495195 0.0971 0.0897 7.0208 "" "" 429817378984874240 2977.99072 0.3154 0.1268 -0.798 -1.013 0.121 0.116 2.467 "" "" 16.70156 1.633122 17.428284 15.795161 "" "" 2338.0144 4042.75952 3929.37055 4.7928 1459.2 7.1395 3811.5 7.252 "" "" 0.0030570564561536217 0.006000408 0.004307112 0.010307521 1.99666622239 61.3680495195 2977.99072 -0.798 -1.013
1.45161619962 61.49771936562 0.0382 0.0385 13.1 "" "" 429834318335636864 2405.17773 0.4107 0.0507 -3.064 -1.513 0.049 0.05 0.931 5263.7 4.3639 16.701773 1.327325 17.294647 15.967322 "" "" 2122.06641 2756.44873 3928.60016 2.0301 1650.3 8.5673 3252.6 7.4112 "" "" 0.0028118623575323397 0.0062892428 0.0045170686 0.010806311 1.45161619962 61.49771936562 2405.17773 -3.0640000000000005 -1.5129999999999995
2.15870122892 61.4690751198 0.0406 0.0405 7.23 "" "" 429822326787162624 2373.15308 0.4174 0.054 -5.58 -0.562 0.05 0.056 1.045 6923.2 4.1958 16.702885 2.016767 17.718563 15.701797 "" "" 2108.18335 2684.12402 3924.57782 2.1099 1116.8 7.879 4153.7 8.8067 "" "" 0.0028164695291579074 0.008152195 0.0044252523 0.012577448 2.15870122892 61.4690751198 2373.15308 -5.579999999999999 -0.5619999999999998
1.9859337004 61.24973861892 0.037 0.035 13.8179 "" "" 429441277290113408 2496.46606 0.403 0.0484 -0.673 -0.579 0.047 0.047 1.037 6359.9 4.417 16.703884 1.373631 17.315887 15.942256 "" "" 2219.04248 2834.57764 3920.96526 2.0625 1618.3 7.4735 3328.6 8.8852 "" "" 0.0028138877519318928 0.0057381024 0.0047627036 0.010500805 1.9859337004 61.24973861892 2496.46606 -0.6729999999999999 -0.5789999999999998
1.69876074654 61.58234146661 0.0409 0.0366 8.6873 "" "" 429832875226738688 2470.42505 0.3995 0.0513 -11.226 -4.279 0.046 0.048 1.044 5749.1 4.5883 16.70925 1.236839 17.242363 16.005524 "" "" 2097.27051 2862.46582 3901.6372 2.0535 1731.7 7.1485 3140.1 8.9773 "" "" 0.002813953679551489 0.0052794777 0.004890681 0.010170158 1.69876074654 61.58234146661 2470.42505 -11.226 -4.279
2.21219472322 61.45834513064 0.0403 0.0382 8.8196 "" "" 429821600928445696 2230.61743 0.4287 0.0514 0.409 -1.404 0.05 0.057 0.944 7739.0 4.2772 16.709433 1.446909 17.362476 15.915567 "" "" 1996.69849 2553.46729 3900.98059 2.0559 1550.3 9.0988 3411.4 7.4939 "" "" 0.002814108968502177 0.0069563347 0.004469032 0.011425367 2.21219472322 61.45834513064 2230.61743 0.40900000000000003 -1.404
1.69036232195 61.40423632099 0.0424 0.0395 7.5891 "" "" 429829954648893568 2358.07422 0.4132 0.0539 -8.225 -1.898 0.051 0.052 1.059 5019.4 4.2619 16.711866 1.740953 17.54969 15.808737 "" "" 2148.09668 2647.55884 3892.2471 2.0075 1304.8 8.1958 3764.1 8.4499 "" "" 0.0028116502267739045 0.007368496 0.004497145 0.011865641 1.69036232195 61.40423632099 2358.07422 -8.225 -1.8980000000000001
2.1127469778 61.28265995323 0.0374 0.0396 13.0699 "" "" 429813599413687808 2357.75781 0.408 0.0509 -1.756 -1.086 0.046 0.053 0.971 5683.3 4.4197 16.716873 1.650559 17.499279 15.848721 "" "" 2084.05762 2684.40625 3874.33925 2.1049 1366.8 6.1762 3628.0 7.1578 "" "" 0.0028177542230244635 0.005644053 0.0043442207 0.009988274 2.1127469778 61.28265995323 2357.75781 -1.7560000000000002 -1.0860000000000003
1.60324354615 61.3421799178 0.0375 0.0409 11.8897 "" "" 429454230911202176 2707.10571 0.3483 0.05 1.052 -1.595 0.051 0.055 0.981 "" "" 16.720705 1.309174 17.298574 15.9894 "" "" 2373.49634 3039.55762 3860.68628 1.9997 1644.3 11.703 3187.1 13.189 "" "" 0.002812126074623141 0.0082158195 0.005871214 0.014087033 1.60324354615 61.3421799178 2707.10571 1.0520000000000003 -1.5950000000000002
1.87915156542 61.59192954278 0.0406 0.0367 6.9472 "" "" 429827171510178432 2330.81445 0.4147 0.0525 -11.918 -3.904 0.048 0.048 1.09 5722.2 4.5386 16.721807 1.452284 17.381294 15.92901 "" "" 2050.02905 2636.99756 3856.76808 2.0204 1523.7 6.296 3369.4 7.3517 "" "" 0.002813412679434136 0.0052831857 0.0044604647 0.00974365 1.87915156542 61.59192954278 2330.81445 -11.918000000000001 -3.904
1.70899713451 61.6376605344 0.0391 0.0365 11.1814 "" "" 429839300497790208 2862.91382 0.3245 0.0507 0.188 -1.18 0.046 0.048 1.097 6017.8 4.4428 16.728497 1.364569 17.338636 15.974068 "" "" 2549.03345 3388.8479 3833.08473 1.9616 1584.8 8.6741 3232.4 9.1957 "" "" 0.002810785481847344 0.0065649967 0.004880999 0.011445995 1.70899713451 61.6376605344 2862.91382 0.188 -1.18
1.53409251333 61.62406602023 0.041 0.04 13.8392 "" "" 429834146536902784 2447.32568 0.3889 0.053 -0.847 -1.587 0.05 0.055 1.039 5331.2 4.5708 16.72853 1.361445 17.338348 15.976903 "" "" 2157.03101 2771.11572 3832.96424 2.5286 1585.2 8.2491 3224.0 15.5 "" "" 0.0028468957320250754 0.0063013732 0.00644445 0.012745824 1.53409251333 61.62406602023 2447.32568 -0.8470000000000001 -1.5870000000000002
2.38018080646 61.55893969254 0.0395 0.0386 14.4083 "" "" 429659732199072000 2664.17456 0.3544 0.0528 -6.931 1.333 0.046 0.05 0.945 "" "" 16.736422 1.711245 17.559149 15.847904 "" "" 2378.29272 3040.17896 3805.20294 2.2817 1293.5 7.0035 3630.8 8.9593 "" "" 0.0028311900759643827 0.006507138 0.00463266 0.011139798 2.38018080646 61.55893969254 2664.17456 -6.930999999999999 1.333
2.02878590766 61.43529721486 0.0403 0.0359 4.2941 "" "" 429819440569146240 2990.74902 0.3225 0.0537 -2.2 -1.268 0.049 0.047 0.998 9677.3 4.3449 16.748707 1.622185 17.495543 15.873358 "" "" 2582.81885 3530.34668 3762.3939 2.1136 1371.5 7.3744 3546.6 6.9055 "" "" 0.0028220221278131815 0.006470386 0.004330447 0.010800833 2.02878590766 61.43529721486 2990.74902 -2.1999999999999997 -1.2679999999999998
2.00282493348 61.51500392556 0.0409 0.0365 3.5732 "" "" 429825689737459712 3076.21216 0.3105 0.0521 -2.98 -1.434 0.046 0.048 1.008 9132.8 4.3093 16.749077 1.299501 17.320316 16.020815 "" "" 2645.41675 3502.61499 3761.10683 2.1643 1611.7 6.6905 3096.2 7.6944 "" "" 0.0028252677048828515 0.0053008622 0.0046436917 0.009944554 2.00282493348 61.51500392556 3076.21216 -2.9799999999999995 -1.4339999999999997
2.14770533067 61.54462904423 0.0407 0.0372 8.0002 "" "" 429824457090893312 2675.11865 0.3579 0.0524 -3.062 -1.436 0.048 0.051 1.042 "" "" 16.751524 1.334417 17.329308 15.99489 "" "" 2311.37085 3044.83691 3752.64526 1.9808 1598.4 9.5317 3171.0 8.4224 "" "" 0.0028142900506506726 0.007050161 0.004753944 0.011804105 2.14770533067 61.54462904423 2675.11865 -3.062 -1.4360000000000004
1.8035239457 61.5361325844 0.0436 0.0354 4.6247 "" "" 429820952397554432 2547.62012 0.3842 0.0535 -6.664 -1.914 0.051 0.048 0.988 4647.2 4.2562 16.752731 1.690844 17.564274 15.87343 "" "" 2244.9353 2840.08472 3748.47138 1.9282 1287.4 6.2644 3546.4 8.49 "" "" 0.002811353800153709 0.0059746443 0.004586906 0.01056155 1.8035239457 61.5361325844 2547.62012 -6.663999999999998 -1.914
1.61014386769 61.6064039559 0.0391 0.0362 11.5052 "" "" 429833150104502144 2552.61987 0.3764 0.0501 -0.369 -1.478 0.046 0.047 1.004 6117.0 4.4911 16.75459 1.305229 17.328337 16.023108 "" "" 2233.35791 2863.95312 3742.06367 1.9203 1599.9 8.4621 3089.7 8.7423 "" "" 0.002811088749887918 0.006384564 0.0048704674 0.011255031 1.61014386769 61.6064039559 2552.61987 -0.369 -1.4779999999999998
1.95056037644 61.57926322902 0.0402 0.0377 6.2672 "" "" 429826449955865856 2362.70215 0.4142 0.053 -1.682 -0.711 0.047 0.051 1.045 "" "" 16.757542 1.318924 17.33342 16.014496 "" "" 2104.79468 2690.14502 3731.90158 1.9031 1592.4 11.381 3114.3 6.5435 "" "" 0.0028103997105137653 0.008246218 0.004414505 0.012660723 1.95056037644 61.57926322902 2362.70215 -1.6819999999999997 -0.7109999999999999
2.17044946276 61.6283528706 0.0394 0.0364 11.8028 "" "" 429848577628111488 2907.50513 0.3398 0.0518 -1.088 -0.548 0.045 0.049 0.99 9450.3 3.9412 16.758926 1.36091 17.328789 15.967878 "" "" 2498.22485 3787.08057 3727.14287 1.9059 1599.2 12.358 3250.9 15.661 "" "" 0.002810700069181045 0.008841927 0.006453021 0.015294949 2.17044946276 61.6283528706 2907.50513 -1.0880000000000003 -0.548
1.73327219394 61.29733277047 0.0394 0.0421 11.8734 "" "" 429453887313864576 2465.08862 0.3963 0.0525 -3.818 -1.597 0.05 0.052 0.964 8444.7 4.4359 16.75949 1.571947 17.488123 15.916176 "" "" 2172.47705 2782.33789 3725.21082 1.9524 1380.9 8.1817 3409.5 8.7987 "" "" 0.002813466740974326 0.0070119197 0.004704716 0.011716636 1.73327219394 61.29733277047 2465.08862 -3.818 -1.597
1.93704861199 61.56390749499 0.3826 0.3357 5.291 "" "" 429826312516738176 2319.15503 0.8349 0.4843 0.22 0.606 0.437 0.426 8.708 "" "" 16.768406 1.566186 17.362461 15.796275 "" "" 1360.42249 3889.29614 3694.74479 16.969 1550.4 8.5189 3807.6 8.4236 "" "" 0.005697104844852843 0.0065859747 0.0044780876 0.011064062 1.93704861199 61.56390749499 2319.15503 0.22 0.6059999999999998
1.71189284183 61.2980870763 0.0386 0.0393 12.1041 "" "" 429453848648907136 2133.06396 0.4624 0.0511 -3.213 -1.963 0.05 0.051 1.005 5742.9 4.5844 16.769892 1.407173 17.380346 15.973173 "" "" 1925.9104 2353.32861 3689.68919 2.1278 1525.0 7.7715 3235.1 13.097 "" "" 0.0028255671306682295 0.0061966884 0.0057969093 0.011993598 1.71189284183 61.2980870763 2133.06396 -3.213 -1.9630000000000005
2.15836579346 61.34441795445 0.0684 0.0669 10.7382 "" "" 429815592268287488 2155.47534 0.4887 0.0984 -3.791 -0.336 0.088 0.092 1.518 "" "" 16.784592 1.452346 17.023775 15.571429 "" "" 1781.01819 2658.83813 3640.07525 3.3551 2117.9 23.874 4683.7 40.522 "" "" 0.0029314265138115324 0.012552964 0.010125265 0.02267823 2.15836579346 61.34441795445 2155.47534 -3.791 -0.3360000000000001
1.62502736326 61.65320677676 0.0428 0.0392 13.295 "" "" 429839197418566016 2257.85938 0.4417 0.0549 0.576 -2.255 0.049 0.05 1.009 7530.1 4.4298 16.785448 1.312408 17.36388 16.051472 "" "" 2021.92224 2611.91406 3637.20304 1.8088 1548.3 9.0553 3010.0 9.3237 "" "" 0.002807726310652441 0.0069359373 0.0050591007 0.011995038 1.62502736326 61.65320677676 2257.85938 0.576 -2.255
1.80432806282 61.47272663756 0.0386 0.0365 2.9501 "" "" 429820299562559104 2224.1416 0.4292 0.0511 5.944 2.483 0.049 0.048 1.072 4953.2 4.3124 16.79381 1.529994 17.497364 15.96737 "" "" 2045.78357 2537.55859 3609.29912 1.8824 1369.2 7.6638 3252.4 10.237 "" "" 0.0028129052724806753 0.006687083 0.005095312 0.011782395 1.80432806282 61.47272663756 2224.1416 5.944 2.4829999999999997
1.79168584436 61.46956212602 0.039 0.0375 3.3311 "" "" 429820265202822144 2230.05957 0.4297 0.0508 -0.515 -0.307 0.05 0.053 1.046 5464.2 4.6687 16.798073 1.30323 17.373404 16.070173 "" "" 2026.94983 2470.33081 3595.15317 2.1094 1534.8 7.5085 2958.6 7.7933 "" "" 0.0028280042088025285 0.0059998487 0.004739523 0.010739371 1.79168584436 61.46956212602 2230.05957 -0.5150000000000001 -0.30700000000000005
1.44841719528 61.43147767425 0.0414 0.0414 13.4255 "" "" 429458796451861120 2360.71191 0.4143 0.0541 -2.809 0.94 0.053 0.054 1.037 5501.9 4.6015 16.801554 1.309561 17.390476 16.080915 "" "" 2108.12964 2668.37598 3583.6498 1.906 1510.9 8.7242 2929.5 13.606 "" "" 0.0028151818875961723 0.0068620904 0.006301772 0.013163863 1.44841719528 61.43147767425 2360.71191 -2.809 0.9400000000000002
1.53179063207 61.42404187325 0.0391 0.0412 11.2146 "" "" 429455708379897472 2976.51855 0.3157 0.0521 0.136 -0.784 0.05 0.055 0.947 "" "" 16.801744 1.349102 17.391205 16.042103 "" "" 2537.18823 3483.3833 3583.01807 2.1613 1509.9 10.028 3036.1 7.1982 "" "" 0.0028320864638759816 0.007731905 0.004572737 0.012304642 1.53179063207 61.42404187325 2976.51855 0.136 -0.7840000000000001
1.97757993753 61.68440227345 0.0418 0.0386 12.6125 "" "" 429828683338633728 3015.18115 0.3157 0.0545 -2.758 0.91 0.048 0.051 1.068 "" "" 16.806044 2.282487 18.012053 15.729566 "" "" 2576.18726 3514.62671 3568.85537 1.8977 852.31 9.0931 4048.9 12.078 "" "" 0.0028151549596514788 0.011914773 0.0049772947 0.016892068 1.97757993753 61.68440227345 3015.18115 -2.7580000000000005 0.9100000000000001
2.14247253992 61.66606569217 0.0446 0.0411 13.1942 "" "" 429848783786533632 2394.90088 0.4021 0.0581 -3.438 -5.103 0.052 0.056 1.102 5185.7 4.3621 16.80824 1.365047 17.33971 15.974664 "" "" 2105.70483 2739.31494 3561.63999 2.0025 1583.2 20.488 3230.7 34.384 "" "" 0.002822132700029834 0.014324744 0.012157731 0.026482474 2.14247253992 61.66606569217 2394.90088 -3.4379999999999997 -5.102999999999998
