Clusters/Czernik_1/Czernik_1_members.tsv
# %ECSV 1.0
# ---
# datatype:
# - name: RA_ICRS_1
#   unit: deg
#   datatype: float64
#   format: '{:15.11f}'
#   description: Right ascension (ICRS) at Ep=2016.0 (ra)
#   meta: !!omap
#   - {ucd: POS_EQ_RA_MAIN}
#   - {width: 15}
#   - {precision: '11'}
# - name: DE_ICRS_1
#   unit: deg
#   datatype: float64
#   format: '{:15.11f}'
#   description: Declination (ICRS) at Ep=2016.0 (dec)
#   meta: !!omap
#   - {ucd: POS_EQ_DEC_MAIN}
#   - {width: 15}
#   - {precision: '11'}
# - name: e_RA_ICRS
#   unit: mas
#   datatype: float64
#   format: '{:7.4f}'
#   description: Standard error of right ascension (ra_error)
#   meta: !!omap
#   - {ucd: ERROR}
#   - {width: 7}
#   - {precision: '4'}
# - name: e_DE_ICRS
#   unit: mas
#   datatype: float64
#   format: '{:7.4f}'
#   description: Standard error of declination (dec_error)
#   meta: !!omap
#   - {ucd: ERROR}
#   - {width: 7}
#   - {precision: '4'}
# - name: _r_1
#   unit: ''
#   datatype: float64
#   format: '{:7.4f}'
#   description: Distance from center (001.90691668000+61.47690234000)[ICRS], at Epoch=J2016.0
#   meta: !!omap
#   - {ucd: POS_ANG_DIST_GENERAL}
#   - {width: 7}
#   - {precision: '4'}
# - name: HIP
#   datatype: int32
#   description: '? HIP cross-id number, van Leeuwen, Cat. I/311 (hip_original_ext_source_id)'
#   meta: !!omap
#   - {ucd: ID_NUMBER}
#   - {width: 6}
#   - values: {'null': -2147483648}
# - name: TYC2
#   datatype: string
#   description: Tycho-2 cross-id name, Hog et al., Cat. I/259 (tyc2_original_ext_source_id)
#   meta: !!omap
#   - {ucd: ID_CROSSID}
#   - {_votable_string_dtype: char}
# - name: Source
#   datatype: int64
#   description: Source identifier, identical to the Gaia-EDR3 source_id (id)
#   meta: !!omap
#   - {ucd: ID_MAIN}
#   - {width: 19}
# - name: rgeo
#   unit: pc
#   datatype: float64
#   format: '{:15.8f}'
#   description: '? Median of the geometric distance posterior (r_med_geo)'
#   meta: !!omap
#   - {ucd: PHYS_DISTANCE_TRUE}
#   - {width: 15}
#   - {precision: '8'}
#   - values: {'null': .nan}
# - name: Plx
#   unit: mas
#   datatype: float64
#   format: '{:9.4f}'
#   description: '? Parallax (parallax)'
#   meta: !!omap
#   - {ucd: POS_PARLX_TRIG}
#   - {width: 9}
#   - {precision: '4'}
#   - values: {'null': .nan}
# - name: e_Plx
#   unit: mas
#   datatype: float32
#   format: '{:7.4f}'
#   description: '? Standard error of parallax (parallax_error)'
#   meta: !!omap
#   - {ucd: ERROR}
#   - {width: 7}
#   - {precision: '4'}
#   - values: {'null': .nan}
# - name: pmRA
#   unit: mas / yr
#   datatype: float64
#   format: '{:9.3f}'
#   description: '? Proper motion in right ascension direction, pmRA*cosDE (pmra)'
#   meta: !!omap
#   - {ucd: POS_EQ_PMRA}
#   - {width: 9}
#   - {precision: '3'}
#   - values: {'null': .nan}
# - name: pmDE
#   unit: mas / yr
#   datatype: float64
#   format: '{:9.3f}'
#   description: '? Proper motion in declination direction (pmdec)'
#   meta: !!omap
#   - {ucd: POS_EQ_PMDEC}
#   - {width: 9}
#   - {precision: '3'}
#   - values: {'null': .nan}
# - name: e_pmRA
#   unit: mas / yr
#   datatype: float32
#   format: '{:6.3f}'
#   description: '? Standard error of proper motion in right ascension direction (pmra_error)'
#   meta: !!omap
#   - {ucd: ERROR}
#   - {width: 6}
#   - {precision: '3'}
#   - values: {'null': .nan}
# - name: e_pmDE
#   unit: mas / yr
#   datatype: float32
#   format: '{:6.3f}'
#   description: '? Standard error of proper motion in declination direction (pmdec_error)'
#   meta: !!omap
#   - {ucd: ERROR}
#   - {width: 6}
#   - {precision: '3'}
#   - values: {'null': .nan}
# - name: RUWE
#   datatype: float64
#   format: '{:7.3f}'
#   description: '? Renormalised unit weight error (ruwe)'
#   meta: !!omap
#   - {ucd: ERROR}
#   - {width: 7}
#   - {precision: '3'}
#   - values: {'null': .nan}
# - name: Teff
#   unit: K
#   datatype: float64
#   format: '{:7.1f}'
#   description: '? Effective temperature from GSP-Phot Aeneas best library using BP/RP spectra (teff_gspphot)'
#   meta: !!omap
#   - {ucd: PHYS_TEMP_EFFEC}
#   - {width: 7}
#   - {precision: '1'}
#   - values: {'null': .nan}
# - name: logg
#   unit: log(cm.s**-2)
#   datatype: float64
#   format: '{:7.4f}'
#   description: '? Surface gravity from GSP-Phot Aeneas best library using BP/RP spectra (logg_gspphot)'
#   meta: !!omap
#   - {ucd: PHYS_GRAVITY_SURFACE}
#   - {width: 7}
#   - {precision: '4'}
#   - values: {'null': .nan}
# - name: Gmag
#   unit: mag
#   datatype: float64
#   format: '{:9.6f}'
#   description: '? G-band mean magnitude (phot_g_mean_mag)'
#   meta: !!omap
#   - {ucd: PHOT_MAG_OPTICAL}
#   - {width: 9}
#   - {precision: '6'}
#   - values: {'null': .nan}
# - name: BP-RP
#   unit: mag
#   datatype: float64
#   format: '{:9.6f}'
#   description: '? BP-RP colour (bp_rp)'
#   meta: !!omap
#   - {ucd: PHOT_CI_B-R}
#   - {width: 9}
#   - {precision: '6'}
#   - values: {'null': .nan}
# - name: BPmag
#   unit: mag
#   datatype: float64
#   format: '{:9.6f}'
#   description: '? Integrated BP mean magnitude (phot_bp_mean_mag)'
#   meta: !!omap
#   - {ucd: PHOT_MAG_B}
#   - {width: 9}
#   - {precision: '6'}
#   - values: {'null': .nan}
# - name: RPmag
#   unit: mag
#   datatype: float64
#   format: '{:9.6f}'
#   description: '? Integrated RP mean magnitude (phot_rp_mean_mag)'
#   meta: !!omap
#   - {ucd: PHOT_MAG_R}
#   - {width: 9}
#   - {precision: '6'}
#   - values: {'null': .nan}
# - name: RV
#   unit: km / s
#   datatype: float64
#   format: '{:7.2f}'
#   description: '? Radial velocity (radial_velocity)'
#   meta: !!omap
#   - {ucd: VELOC_BARYCENTER}
#   - {width: 7}
#   - {precision: '2'}
#   - values: {'null': .nan}
# - name: e_RV
#   unit: km / s
#   datatype: float32
#   format: '{:5.2f}'
#   description: '? Radial velocity error (radial_velocity_error)'
#   meta: !!omap
#   - {ucd: ERROR}
#   - {width: 5}
#   - {precision: '2'}
#   - values: {'null': .nan}
# - name: b_rgeo
#   unit: pc
#   datatype: float64
#   format: '{:14.8f}'
#   description: '? 16th percentile of the geometric distance posterior (r_lo_geo)'
#   meta: !!omap
#   - {ucd: ERROR}
#   - {width: 14}
#   - {precision: '8'}
#   - values: {'null': .nan}
# - name: B_rgeo
#   unit: pc
#   datatype: float64
#   format: '{:14.8f}'
#   description: '? 84th percentile of the geometric distance posterior (r_hi_geo)'
#   meta: !!omap
#   - {ucd: ERROR}
#   - {width: 14}
#   - {precision: '8'}
#   - values: {'null': .nan}
# - name: FG
#   unit: ''
#   datatype: float64
#   format: '{:16.5f}'
#   description: '? G-band mean flux (phot_g_mean_flux)'
#   meta: !!omap
#   - {ucd: PHOT_FLUX_OPTICAL}
#   - {width: 16}
#   - {precision: '5'}
#   - values: {'null': .nan}
# - name: e_FG
#   unit: ''
#   datatype: float32
#   format: '{:11.4g}'
#   description: '? Error on G-band mean flux (phot_g_mean_flux_error)'
#   meta: !!omap
#   - {ucd: ERROR}
#   - {width: 11}
#   - {precision: E4}
#   - values: {'null': .nan}
# - name: FBP
#   unit: ''
#   datatype: float32
#   format: '{:11.4g}'
#   description: '? Integrated BP mean flux (phot_bp_mean_flux)'
#   meta: !!omap
#   - {ucd: PHOT_FLUX_B}
#   - {width: 11}
#   - {precision: E4}
#   - values: {'null': .nan}
# - name: e_FBP
#   unit: ''
#   datatype: float32
#   format: '{:11.4g}'
#   description: '? Error on the integrated BP mean flux (phot_bp_mean_flux_error)'
#   meta: !!omap
#   - {ucd: ERROR}
#   - {width: 11}
#   - {precision: E4}
#   - values: {'null': .nan}
# - name: FRP
#   unit: ''
#   datatype: float32
#   format: '{:11.4g}'
#   description: '? Integrated RP mean flux (phot_rp_mean_flux)'
#   meta: !!omap
#   - {ucd: PHOT_FLUX_R}
#   - {width: 11}
#   - {precision: E4}
#   - values: {'null': .nan}
# - name: e_FRP
#   unit: ''
#   datatype: float32
#   format: '{:11.4g}'
#   description: '? Error on the integrated RP mean flux (phot_rp_mean_flux_error)'
#   meta: !!omap
#   - {ucd: ERROR}
#   - {width: 11}
#   - {precision: E4}
#   - values: {'null': .nan}
# - name: RAVE5
#   datatype: string
#   description: RAVE DR5 cross-id name, Kunder et al., Cat. III/279 (rave5_original_ext_source_id)
#   meta: !!omap
#   - {ucd: ID_CROSSID}
#   - {_votable_string_dtype: char}
# - name: RAVE6
#   datatype: string
#   description: RAVE DR6 cross-id name, Steinmetz et al., Cat. III/283 (rave6_original_ext_source_id)
#   meta: !!omap
#   - {ucd: ID_CROSSID}
#   - {_votable_string_dtype: char}
# - name: e_Gmag
#   unit: ''
#   datatype: float64
#   format: '{:11.4g}'
#   description: '? Error on G-band mean flux (phot_g_mean_flux_error)'
#   meta: !!omap
#   - {ucd: ERROR}
#   - {width: 11}
#   - {precision: E4}
#   - values: {'null': .nan}
# - name: e_BPmag
#   unit: ''
#   datatype: float32
#   format: '{:11.4g}'
#   description: '? Error on the integrated BP mean flux (phot_bp_mean_flux_error)'
#   meta: !!omap
#   - {ucd: ERROR}
#   - {width: 11}
#   - {precision: E4}
#   - values: {'null': .nan}
# - name: e_RPmag
#   unit: ''
#   datatype: float32
#   format: '{:11.4g}'
#   description: '? Error on the integrated RP mean flux (phot_rp_mean_flux_error)'
#   meta: !!omap
#   - {ucd: ERROR}
#   - {width: 11}
#   - {precision: E4}
#   - values: {'null': .nan}
# - name: e_BP-RP
#   unit: ''
#   datatype: float32
#   format: '{:11.4g}'
#   description: '? Error on the integrated BP mean flux (phot_bp_mean_flux_error)'
#   meta: !!omap
#   - {ucd: ERROR}
#   - {width: 11}
#   - {precision: E4}
#   - values: {'null': .nan}
# - name: SkyCoord.ra
#   unit: deg
#   datatype: float64
#   format: '{:15.11f}'
#   description: Right ascension (ICRS) at Ep=2016.0 (ra)
#   meta: !!omap
#   - {ucd: POS_EQ_RA_MAIN}
#   - {width: 15}
#   - {precision: '11'}
# - name: SkyCoord.dec
#   unit: deg
#   datatype: float64
#   format: '{:15.11f}'
#   description: Declination (ICRS) at Ep=2016.0 (dec)
#   meta: !!omap
#   - {ucd: POS_EQ_DEC_MAIN}
#   - {width: 15}
#   - {precision: '11'}
# - name: SkyCoord.distance
#   unit: pc
#   datatype: float64
#   format: '{:15.8f}'
#   description: '? Median of the geometric distance posterior (r_med_geo)'
#   meta: !!omap
#   - {ucd: PHYS_DISTANCE_TRUE}
#   - {width: 15}
#   - {precision: '8'}
#   - values: {'null': .nan}
# - {name: SkyCoord.pm_ra_cosdec, unit: mas / yr, datatype: float64}
# - {name: SkyCoord.pm_dec, unit: mas / yr, datatype: float64}
# - {name: rmRA, unit: mas / yr, datatype: float64}
# - {name: rmDE, unit: mas / yr, datatype: float64}
# - {name: e_rmRA, unit: mas / yr, datatype: float32}
# - {name: e_rmDE, unit: mas / yr, datatype: float32}
# - name: rRV
#   unit: km / s
#   datatype: float64
#   format: '{:7.2f}'
#   description: '? Radial velocity (radial_velocity)'
#   meta: !!omap
#   - {ucd: VELOC_BARYCENTER}
#   - {width: 7}
#   - {precision: '2'}
#   - values: {'null': .nan}
# - name: e_rRV
#   unit: km / s
#   datatype: float32
#   format: '{:5.2f}'
#   description: '? Radial velocity error (radial_velocity_error)'
#   meta: !!omap
#   - {ucd: ERROR}
#   - {width: 5}
#   - {precision: '2'}
#   - values: {'null': .nan}
# - {name: v_pec, unit: km / s, datatype: float64}
# - name: v_pec3d
#   unit: km / s
#   datatype: float64
#   format: '{:7.2f}'
#   description: '? Radial velocity (radial_velocity)'
#   meta: !!omap
#   - {ucd: VELOC_BARYCENTER}
#   - {width: 7}
#   - {precision: '2'}
#   - values: {'null': .nan}
# - {name: e_vpec, unit: km / s, datatype: float64}
# - name: e_vpec3d
#   unit: km / s
#   datatype: float64
#   format: '{:7.2f}'
#   description: '? Radial velocity (radial_velocity)'
#   meta: !!omap
#   - {ucd: VELOC_BARYCENTER}
#   - {width: 7}
#   - {precision: '2'}
#   - values: {'null': .nan}
# - {name: Pmemb, datatype: float64}
# meta: !!omap
# - {ID: I_352_gedr3dis}
# - {name: I/352/gedr3dis}
# - {description: Estimating distances from parallaxes (1467744818 sources)}
# - __serialized_columns__:
#     SkyCoord:
#       __class__: astropy.coordinates.sky_coordinate.SkyCoord
#       dec: !astropy.table.SerializedColumn
#         __class__: astropy.coordinates.angles.Latitude
#         unit: &id001 !astropy.units.Unit {unit: deg}
#         value: !astropy.table.SerializedColumn {name: SkyCoord.dec}
#       distance: !astropy.table.SerializedColumn
#         __class__: astropy.coordinates.distances.Distance
#         unit: !astropy.units.Unit {unit: pc}
#         value: !astropy.table.SerializedColumn {name: SkyCoord.distance}
#       frame: icrs
#       obstime: !astropy.time.Time {format: jyear_str, in_subfmt: '*', jd1: 367701545.0, jd2: 0.0, out_subfmt: '*', precision: 3, scale: tt}
#       pm_dec: !astropy.table.SerializedColumn
#         __class__: astropy.units.quantity.Quantity
#         unit: !astropy.units.Unit {unit: mas / yr}
#         value: !astropy.table.SerializedColumn {name: SkyCoord.pm_dec}
#       pm_ra_cosdec: !astropy.table.SerializedColumn
#         __class__: astropy.units.quantity.Quantity
#         unit: !astropy.units.Unit {unit: mas / yr}
#         value: !astropy.table.SerializedColumn {name: SkyCoord.pm_ra_cosdec}
#       ra: !astropy.table.SerializedColumn
#         __class__: astropy.coordinates.angles.Longitude
#         unit: *id001
#         value: !astropy.table.SerializedColumn {name: SkyCoord.ra}
#         wrap_angle: !astropy.coordinates.Angle
#           unit: *id001
#           value: 360.0
#       representation_type: spherical
# schema: astropy-2.0
RA_ICRS_1 DE_ICRS_1 e_RA_ICRS e_DE_ICRS _r_1 HIP TYC2 Source rgeo Plx e_Plx pmRA pmDE e_pmRA e_pmDE RUWE Teff logg Gmag BP-RP BPmag RPmag RV e_RV b_rgeo B_rgeo FG e_FG FBP e_FBP FRP e_FRP RAVE5 RAVE6 e_Gmag e_BPmag e_RPmag e_BP-RP SkyCoord.ra SkyCoord.dec SkyCoord.distance SkyCoord.pm_ra_cosdec SkyCoord.pm_dec rmRA rmDE e_rmRA e_rmDE rRV e_rRV v_pec v_pec3d e_vpec e_vpec3d Pmemb
1.90706691367 61.47676283726 0.009 0.0092 0.0094 "" "" 429819784166493952 2580.65796 0.3706 0.0122 -3.024 -1.561 0.011 0.012 1.01 "" "" 12.803925 0.842123 13.132857 12.290734 "" "" 2518.51294 2658.0061 142356.39409 27.882 76256.0 52.637 96131.0 33.377 "" "" 0.0027635141841800778 0.002889069 0.0037981358 0.006687205 1.90706691367 61.47676283726 2580.65796 -3.0239999999999982 -1.561 -0.03892857933044436 -0.09528566455841059 0.061258566 0.062258564 "" "" 1.259084882309415 "" 0.07820996507426643 "" 1.0
1.90873212717 61.48371757804 0.0098 0.0099 0.4122 "" "" 429819818526227456 2986.49146 0.3042 0.0131 -3.099 -1.46 0.012 0.013 1.051 6597.4 2.9251 13.588752 0.919421 13.953925 13.034504 "" "" 2864.53467 3117.22412 69094.93284 12.957 35797.0 27.806 48457.0 20.585 "" "" 0.0027628324739250947 0.0029148438 0.003807422 0.006722266 1.90873212717 61.48371757804 2986.49146 -3.0990000000000006 -1.46 -0.11392857933044453 0.005714335441589391 0.062258564 0.063258566 "" "" 1.6147968781796425 "" 0.10053901937019828 "" 1.0
1.88527085074 61.45604884901 0.0126 0.0125 1.3966 "" "" 429820127763890048 3010.89087 0.3014 0.0168 -2.953 -1.61 0.016 0.016 1.029 11705.5 3.5039 14.487092 0.966372 14.873833 13.90746 "" "" 2846.58447 3182.74414 30207.14978 6.019 15342.0 17.388 21686.0 11.792 "" "" 0.0027638004357603985 0.0030494672 0.0038252159 0.0068746833 1.88527085074 61.45604884901 3010.89087 -2.9530000000000003 -1.61 0.03207142066955582 -0.14428566455841074 0.066258565 0.066258565 "" "" 2.1094466944786943 "" 0.13976891005824818 "" 1.0
1.76458876044 61.47038332484 0.0131 0.0132 4.0969 "" "" 429820333922293248 2638.76025 0.3486 0.0174 -2.934 -1.449 0.017 0.017 1.041 7191.2 3.6096 14.586246 0.925884 14.9356 14.009716 "" "" 2521.47974 2779.16919 27570.75522 6.1812 14494.0 40.869 19737.0 57.018 "" "" 0.002766051440223414 0.004142179 0.0049113957 0.009053575 1.76458876044 61.47038332484 2638.76025 -2.934 -1.449 0.0510714206695555 0.01671433544158929 0.06725857 0.06725857 "" "" 0.6721268264927499 "" 0.0452062869353845 "" 1.0
1.83946055464 61.50460668517 0.014 0.0132 2.5485 "" "" 429820643159927424 2877.92944 0.3165 0.018 -2.954 -1.436 0.017 0.018 1.016 "" "" 14.681444 0.899549 15.035035 14.135487 "" "" 2738.77466 3037.1062 25256.26567 5.2913 13225.0 12.257 17578.0 9.9867 "" "" 0.0027646935516417587 0.0029660782 0.0038293898 0.006795468 1.83946055464 61.50460668517 2877.92944 -2.954 -1.4359999999999997 0.031071420669555483 0.029714335441589412 0.06725857 0.06825857 "" "" 0.5864804183283754 "" 0.03972706611473185 "" 1.0
1.89644818438 61.49872970364 0.0153 0.0144 1.3435 "" "" 429819921605430144 2845.73828 0.32 0.0208 -2.982 -1.525 0.019 0.019 1.035 9264.6 3.6676 14.727787 1.011747 15.139193 14.127445 "" "" 2702.1416 3019.63208 24200.93143 5.3061 12015.0 16.956 17708.0 12.739 "" "" 0.0027655843983441673 0.0031832024 0.0038592485 0.007042451 1.89644818438 61.49872970364 2845.73828 -2.9819999999999984 -1.5249999999999986 0.003071420669555458 -0.059285664558410556 0.06925856 0.06925856 "" "" 0.8007648993101751 "" 0.055459826403631854 "" 1.0
1.90160844615 61.4671196424 0.0149 0.0149 0.6064 "" "" 429819406209378560 2831.46509 0.3302 0.0202 -2.932 -1.411 0.019 0.019 1.079 "" "" 14.845576 1.036804 15.270256 14.233452 "" "" 2692.55273 3021.14038 21712.82937 4.6485 10649.0 13.718 16061.0 10.679 "" "" 0.0027651076296621884 0.0031210966 0.003847711 0.0069688074 1.90160844615 61.4671196424 2831.46509 -2.9320000000000004 -1.411 0.053071420669555724 0.054714335441589323 0.06925856 0.06925856 "" "" 1.023025295075075 "" 0.07085326207512872 "" 1.0
1.93208743967 61.47243370655 0.0163 0.0159 0.7694 "" "" 429819749796390400 2951.13794 0.3084 0.0219 -2.965 -1.468 0.02 0.021 1.022 "" "" 14.993283 1.095831 15.434855 14.339025 "" "" 2756.91772 3163.68799 18951.05104 5.2557 9151.1 24.378 14573.0 22.999 "" "" 0.0027717242162488553 0.0040187896 0.0041496763 0.008168466 1.93208743967 61.47243370655 2951.13794 -2.965 -1.468 0.020071420669555806 -0.002285664558410616 0.070258565 0.07125857 "" "" 0.2825815482507739 "" 0.019857417132844165 "" 1.0
1.91663576895 61.46704648083 0.0168 0.0177 0.6537 "" "" 429819784166501888 2870.05835 0.3222 0.0228 -2.955 -1.431 0.021 0.024 1.016 9972.8 3.5225 15.226039 1.123137 15.693625 14.570487 "" "" 2672.85718 3083.04785 15294.35043 4.6791 7210.5 11.371 11775.0 13.04 "" "" 0.002775270051776941 0.00327364 0.003966036 0.007239676 1.91663576895 61.46704648083 2870.05835 -2.9550000000000005 -1.431 0.030071420669555593 0.034714335441589306 0.07125857 0.074258566 "" "" 0.6248071763822413 "" 0.04560315542183428 "" 1.0
1.87500930544 61.45493242096 0.0199 0.0195 1.6043 "" "" 429820127764007808 2915.48608 0.324 0.0265 -2.993 -1.501 0.026 0.026 0.989 9323.7 3.6355 15.538244 0.995202 15.940075 14.944873 "" "" 2732.93896 3134.61963 11472.26337 3.1044 5746.3 12.39 8340.8 9.8499 "" "" 0.0027709399608153757 0.0036421805 0.0039909533 0.007633134 1.87500930544 61.45493242096 2915.48608 -2.9929999999999994 -1.5010000000000003 -0.007928579330444219 -0.035285664558410534 0.07625857 0.07625857 "" "" 0.499785102614612 "" 0.03811289721061597 "" 1.0
1.90264808824 61.49501226297 0.0209 0.0202 1.0935 "" "" 429819921605432576 2581.97876 0.3658 0.0285 -3.017 -1.379 0.027 0.027 0.972 7402.5 3.4031 15.588457 1.032246 16.00997 14.977724 "" "" 2414.1875 2838.89575 10953.77303 3.1086 5388.0 9.7607 8092.2 12.726 "" "" 0.0027724952189507237 0.003413746 0.004147184 0.00756093 1.90264808824 61.49501226297 2581.97876 -3.017000000000001 -1.379 -0.03192857933044424 0.08671433544158935 0.077258565 0.077258565 "" "" 1.130914274510573 "" 0.08737281345721241 "" 1.0
1.93213160481 61.48366362958 0.0222 0.0227 0.8285 "" "" 429819749806753280 2803.35864 0.3294 0.0303 -3.008 -1.346 0.028 0.029 1.05 9471.2 3.4997 15.654966 1.060266 16.090656 15.030391 "" "" 2510.51245 3079.6604 10302.91602 2.9742 5002.1 8.8073 7709.1 12.44 "" "" 0.002773089422491958 0.0033822418 0.004165733 0.0075479746 1.93213160481 61.48366362958 2803.35864 -3.008000000000002 -1.346000000000001 -0.022928579330444343 0.11971433544158927 0.07825857 0.07925856 "" "" 1.619668365624589 "" 0.12831562183536993 "" 1.0
1.90370529237 61.48900610191 0.0221 0.0214 0.732 "" "" 429819818526222464 2824.31299 0.3391 0.0297 -2.915 -1.469 0.028 0.028 1.015 7914.8 4.1349 15.744451 1.053698 16.180717 15.12702 "" "" 2598.10522 3063.99414 9487.82405 2.918 4603.9 13.372 7052.6 8.926 "" "" 0.0027754805428371614 0.004210665 0.004021442 0.008232107 1.90370529237 61.48900610191 2824.31299 -2.915 -1.4690000000000003 0.07007142066955563 -0.003285664558410728 0.07825857 0.07825857 "" "" 0.9390938662358991 "" 0.07349213983537072 "" 1.0
1.87590854696 61.49465202633 0.0252 0.0235 1.3867 "" "" 429820574440459648 2606.58984 0.361 0.0333 -3.06 -1.474 0.031 0.031 1.083 "" "" 15.92379 1.115988 16.387482 15.271494 "" "" 2411.24219 2904.59692 8043.2364 2.9841 3805.6 10.235 6173.9 9.1653 "" "" 0.0027846095317585616 0.004038773 0.004108726 0.008147499 1.87590854696 61.49465202633 2606.58984 -3.0600000000000014 -1.474 -0.07492857933044439 -0.008285664558410621 0.081258565 0.081258565 "" "" 0.9314032245367203 "" 0.07568448963682214 "" 1.0
