Clusters/Czernik_1/Czernik_1_stars_in_region.tsv
# %ECSV 1.0
# ---
# datatype:
# - name: RA_ICRS_1
#   unit: deg
#   datatype: float64
#   format: '{:15.11f}'
#   description: Right ascension (ICRS) at Ep=2016.0 (ra)
#   meta: !!omap
#   - {ucd: POS_EQ_RA_MAIN}
#   - {width: 15}
#   - {precision: '11'}
# - name: DE_ICRS_1
#   unit: deg
#   datatype: float64
#   format: '{:15.11f}'
#   description: Declination (ICRS) at Ep=2016.0 (dec)
#   meta: !!omap
#   - {ucd: POS_EQ_DEC_MAIN}
#   - {width: 15}
#   - {precision: '11'}
# - name: e_RA_ICRS
#   unit: mas
#   datatype: float64
#   format: '{:7.4f}'
#   description: Standard error of right ascension (ra_error)
#   meta: !!omap
#   - {ucd: ERROR}
#   - {width: 7}
#   - {precision: '4'}
# - name: e_DE_ICRS
#   unit: mas
#   datatype: float64
#   format: '{:7.4f}'
#   description: Standard error of declination (dec_error)
#   meta: !!omap
#   - {ucd: ERROR}
#   - {width: 7}
#   - {precision: '4'}
# - name: _r_1
#   unit: ''
#   datatype: float64
#   format: '{:7.4f}'
#   description: Distance from center (001.90691668000+61.47690234000)[ICRS], at Epoch=J2016.0
#   meta: !!omap
#   - {ucd: POS_ANG_DIST_GENERAL}
#   - {width: 7}
#   - {precision: '4'}
# - name: HIP
#   datatype: int32
#   description: '? HIP cross-id number, van Leeuwen, Cat. I/311 (hip_original_ext_source_id)'
#   meta: !!omap
#   - {ucd: ID_NUMBER}
#   - {width: 6}
#   - values: {'null': -2147483648}
# - name: TYC2
#   datatype: string
#   description: Tycho-2 cross-id name, Hog et al., Cat. I/259 (tyc2_original_ext_source_id)
#   meta: !!omap
#   - {ucd: ID_CROSSID}
#   - {_votable_string_dtype: char}
# - name: Source
#   datatype: int64
#   description: Source identifier, identical to the Gaia-EDR3 source_id (id)
#   meta: !!omap
#   - {ucd: ID_MAIN}
#   - {width: 19}
# - name: rgeo
#   unit: pc
#   datatype: float64
#   format: '{:15.8f}'
#   description: '? Median of the geometric distance posterior (r_med_geo)'
#   meta: !!omap
#   - {ucd: PHYS_DISTANCE_TRUE}
#   - {width: 15}
#   - {precision: '8'}
#   - values: {'null': .nan}
# - name: Plx
#   unit: mas
#   datatype: float64
#   format: '{:9.4f}'
#   description: '? Parallax (parallax)'
#   meta: !!omap
#   - {ucd: POS_PARLX_TRIG}
#   - {width: 9}
#   - {precision: '4'}
#   - values: {'null': .nan}
# - name: e_Plx
#   unit: mas
#   datatype: float32
#   format: '{:7.4f}'
#   description: '? Standard error of parallax (parallax_error)'
#   meta: !!omap
#   - {ucd: ERROR}
#   - {width: 7}
#   - {precision: '4'}
#   - values: {'null': .nan}
# - name: pmRA
#   unit: mas / yr
#   datatype: float64
#   format: '{:9.3f}'
#   description: '? Proper motion in right ascension direction, pmRA*cosDE (pmra)'
#   meta: !!omap
#   - {ucd: POS_EQ_PMRA}
#   - {width: 9}
#   - {precision: '3'}
#   - values: {'null': .nan}
# - name: pmDE
#   unit: mas / yr
#   datatype: float64
#   format: '{:9.3f}'
#   description: '? Proper motion in declination direction (pmdec)'
#   meta: !!omap
#   - {ucd: POS_EQ_PMDEC}
#   - {width: 9}
#   - {precision: '3'}
#   - values: {'null': .nan}
# - name: e_pmRA
#   unit: mas / yr
#   datatype: float32
#   format: '{:6.3f}'
#   description: '? Standard error of proper motion in right ascension direction (pmra_error)'
#   meta: !!omap
#   - {ucd: ERROR}
#   - {width: 6}
#   - {precision: '3'}
#   - values: {'null': .nan}
# - name: e_pmDE
[...]
#         unit: &id001 !astropy.units.Unit {unit: deg}
#         value: !astropy.table.SerializedColumn {name: SkyCoord.dec}
#       distance: !astropy.table.SerializedColumn
#         __class__: astropy.coordinates.distances.Distance
#         unit: !astropy.units.Unit {unit: pc}
#         value: !astropy.table.SerializedColumn {name: SkyCoord.distance}
#       frame: icrs
#       obstime: !astropy.time.Time {format: jyear_str, in_subfmt: '*', jd1: 367701545.0, jd2: 0.0, out_subfmt: '*', precision: 3, scale: tt}
#       pm_dec: !astropy.table.SerializedColumn
#         __class__: astropy.units.quantity.Quantity
#         unit: !astropy.units.Unit {unit: mas / yr}
#         value: !astropy.table.SerializedColumn {name: SkyCoord.pm_dec}
#       pm_ra_cosdec: !astropy.table.SerializedColumn
#         __class__: astropy.units.quantity.Quantity
#         unit: !astropy.units.Unit {unit: mas / yr}
#         value: !astropy.table.SerializedColumn {name: SkyCoord.pm_ra_cosdec}
#       ra: !astropy.table.SerializedColumn
#         __class__: astropy.coordinates.angles.Longitude
#         unit: *id001
#         value: !astropy.table.SerializedColumn {name: SkyCoord.ra}
#         wrap_angle: !astropy.coordinates.Angle
#           unit: *id001
#           value: 360.0
#       representation_type: spherical
# schema: astropy-2.0
RA_ICRS_1 DE_ICRS_1 e_RA_ICRS e_DE_ICRS _r_1 HIP TYC2 Source rgeo Plx e_Plx pmRA pmDE e_pmRA e_pmDE RUWE Teff logg Gmag BP-RP BPmag RPmag RV e_RV b_rgeo B_rgeo FG e_FG FBP e_FBP FRP e_FRP RAVE5 RAVE6 e_Gmag e_BPmag e_RPmag e_BP-RP SkyCoord.ra SkyCoord.dec SkyCoord.distance SkyCoord.pm_ra_cosdec SkyCoord.pm_dec
[from data line 330]
2.36938442002 61.5210138741 0.0416 0.0423 13.5026 "" "" 429636200084930688 2577.73022 0.3736 0.0562 -2.431 -2.758 0.048 0.055 1.045 "" "" 16.813513 1.71105 17.625538 15.914488 "" "" 2220.95752 3003.30542 3544.38797 2.0135 1216.8 10.436 3414.8 9.9983 "" "" 0.0028235110585906153 0.00972095 0.0049385745 0.014659525 2.36938442002 61.5210138741 2577.73022 -2.431 -2.758000000000001
1.71159737596 61.52950049455 0.0413 0.0386 6.4205 "" "" 429832325474686080 2499.12109 0.3681 0.0517 1.16 -0.97 0.047 0.051 0.974 "" "" 16.82191 1.433409 17.459549 16.02614 "" "" 2256.68652 2874.16113 3517.08136 1.9296 1417.7 8.1851 3081.1 12.893 "" "" 0.002818974599796314 0.0068614287 0.005909772 0.0127712 1.71159737596 61.52950049455 2499.12109 1.1599999999999997 -0.9700000000000001
2.13196191968 61.67334138387 0.0431 0.0389 13.4249 "" "" 429848818146269824 2564.65088 0.376 0.0562 -1.835 -2.172 0.049 0.052 1.086 6088.8 4.4631 16.824675 1.442618 17.441765 15.999146 "" "" 2261.87451 2960.00928 3508.13971 2.0512 1441.2 15.081 3158.6 17.062 "" "" 0.002827506815080748 0.011698952 0.0069771498 0.018676102 2.13196191968 61.67334138387 2564.65088 -1.835 -2.1720000000000006
1.75729698579 61.57183133509 0.0427 0.037 7.1247 "" "" 429826926688203776 2488.59424 0.3889 0.0537 0.551 -0.097 0.049 0.049 1.005 5160.9 4.3046 16.829786 1.649728 17.56957 15.919843 "" "" 2183.88599 2797.59912 3491.66473 1.895 1281.1 6.418 3398.0 7.5461 "" "" 0.002817624390957334 0.0061131627 0.004483007 0.010596169 1.75729698579 61.57183133509 2488.59424 0.551 -0.09699999999999999
1.65370171856 61.62652020875 0.0409 0.0395 11.5311 "" "" 429839094339360128 2306.24585 0.4178 0.0535 -1.195 0.672 0.048 0.05 1.024 5544.4 4.5904 16.829967 1.361557 17.432823 16.071266 "" "" 2033.27625 2702.87329 3491.0808 2.0564 1453.1 7.1959 2955.6 9.8369 "" "" 0.0028285701221932983 0.0060575325 0.005228923 0.011286456 1.65370171856 61.62652020875 2306.24585 -1.195 0.6720000000000002
1.93654310974 61.38389616121 0.0392 0.0376 5.6447 "" "" 429817550783555712 2663.20972 0.3548 0.0521 -2.587 -1.717 0.048 0.049 0.955 7748.3 4.186 16.837967 1.861893 17.753872 15.891979 "" "" 2365.09595 3013.70166 3465.45463 2.9548 1081.1 7.2864 3486.3 11.362 "" "" 0.0029066813116186557 0.007831539 0.0051772995 0.0130088385 1.93654310974 61.38389616121 2663.20972 -2.587 -1.7169999999999999
1.54855667993 61.50500710467 0.0407 0.0386 10.4003 "" "" 429831638265325440 2318.04712 0.4231 0.0537 -3.669 -5.271 0.05 0.05 1.017 5347.5 4.5307 16.838776 1.337828 17.401295 16.063467 "" "" 2030.10107 2632.47852 3462.87495 2.1829 1495.9 11.115 2976.9 18.747 "" "" 0.0028390521558893955 0.008536233 0.0078124227 0.016348656 1.54855667993 61.50500710467 2318.04712 -3.669 -5.270999999999999
2.08336629281 61.45679042588 0.0418 0.0379 5.199 "" "" 429816588710855040 2315.10962 0.4357 0.0545 -3.056 -0.888 0.051 0.05 0.996 "" "" 16.841816 1.455969 17.504562 16.048594 "" "" 2011.79822 2586.85498 3453.18967 1.9643 1360.2 9.1547 3018.0 8.1308 "" "" 0.00282369030344153 0.00782201 0.0047791046 0.012601115 2.08336629281 61.45679042588 2315.10962 -3.0559999999999996 -0.8879999999999999
1.89757767796 61.44359480758 0.041 0.0404 2.0163 "" "" 429819264466198144 3040.74292 0.3151 0.0543 -2.884 -1.588 0.051 0.051 1.001 8532.6 3.7228 16.848476 1.343365 17.422657 16.079292 "" "" 2617.37183 3592.0293 3432.0708 1.8745 1466.7 7.7239 2933.9 9.0934 "" "" 0.002818410281545207 0.0063621444 0.0050604357 0.01142258 1.89757767796 61.44359480758 3040.74292 -2.884 -1.588
2.26202965641 61.38140837035 0.0425 0.0404 11.6902 "" "" 429815248681106432 2953.78125 0.319 0.0565 -3.445 -1.588 0.055 0.055 0.985 9042.8 4.2559 16.851482 1.836157 17.74368 15.907522 "" "" 2562.15649 3655.27124 3422.57846 2.0482 1091.3 11.458 3436.8 6.8449 "" "" 0.002830893591781572 0.011736077 0.0043542767 0.016090354 2.26202965641 61.38140837035 2953.78125 -3.4450000000000007 -1.5880000000000005
1.90009693706 61.50151493378 0.0587 0.0516 1.4896 "" "" 429819921605429504 2625.55469 0.3699 0.0746 -2.381 -1.661 0.069 0.069 1.411 5277.8 4.6632 16.855179 1.42922 17.471542 16.042322 "" "" 2219.51929 3413.74927 3410.95146 4.022 1402.2 6.5552 3035.5 7.5959 "" "" 0.003038223099914476 0.005792089 0.0046545956 0.010446684 1.90009693706 61.50151493378 2625.55469 -2.381 -1.6610000000000005
1.79594807485 61.45348833251 0.0397 0.037 3.477 "" "" 429818787734084352 3008.68311 0.3137 0.0517 -4.824 -1.393 0.05 0.049 0.974 "" "" 16.856695 1.508404 17.545048 16.036644 "" "" 2612.38013 3534.49609 3406.19126 1.7539 1310.4 9.5317 3051.4 9.8113 "" "" 0.002811465794542617 0.00837591 0.005144989 0.013520899 1.79594807485 61.45348833251 3008.68311 -4.824 -1.3929999999999998
1.75888616736 61.24817991875 0.0417 0.0411 14.3684 "" "" 429440487015936768 3059.14282 0.3153 0.055 -0.892 -0.858 0.057 0.057 0.966 "" "" 16.861874 1.358666 17.468445 16.10978 "" "" 2633.12817 3447.33936 3389.98339 1.8763 1406.2 6.1313 2852.6 8.5424 "" "" 0.002820091278513895 0.005495085 0.0049854773 0.010480562 1.75888616736 61.24817991875 3059.14282 -0.8919999999999999 -0.858
1.48073119109 61.37828411836 0.0432 0.046 13.5861 "" "" 429455296063054848 2921.20654 0.3401 0.058 -0.631 -3.318 0.057 0.061 1.115 5014.6 4.339 16.862997 1.498709 17.55758 16.058872 "" "" 2486.45264 3484.61597 3386.47816 1.9317 1295.3 6.7985 2989.6 8.0854 "" "" 0.0028240658117603553 0.0063449917 0.004786029 0.01113102 1.48073119109 61.37828411836 2921.20654 -0.631 -3.3180000000000005
1.75308311998 61.69614644679 0.0432 0.0373 13.8684 "" "" 429841014181395584 2455.92798 0.4045 0.0551 -0.56 1.311 0.048 0.051 1.019 5486.1 4.4268 16.863426 1.528963 17.51064 15.981676 "" "" 2117.54517 2925.65576 3385.13416 2.0513 1352.6 13.546 3209.9 25.16 "" "" 0.0028327825833152445 0.011225694 0.0093117375 0.020537432 1.75308311998 61.69614644679 2455.92798 -0.56 1.3109999999999995
1.89474789762 61.70274813887 0.0411 0.0374 13.5552 "" "" 429829507972344448 2180.38501 0.4643 0.0542 -3.026 -1.796 0.049 0.049 1.051 5331.4 4.6587 16.865788 1.272942 17.422947 16.150005 "" "" 1939.21777 2575.89136 3377.78561 2.1192 1466.4 9.3329 2748.9 9.7471 "" "" 0.0028382742084577103 0.0074522104 0.0053948928 0.012847103 1.89474789762 61.70274813887 2180.38501 -3.0259999999999994 -1.796
2.37422693868 61.5677566841 0.0426 0.0426 14.4379 "" "" 429659839585813760 2677.4585 0.3669 0.0573 -2.078 -1.252 0.049 0.054 0.978 8300.4 4.438 16.876797 1.55975 17.598667 16.038918 "" "" 2270.98779 3195.79614 3343.70736 2.0349 1247.2 11.469 3045.0 7.624 "" "" 0.002833440281838462 0.010366751 0.0046554967 0.015022248 2.37422693868 61.5677566841 2677.4585 -2.078 -1.2520000000000002
1.90162478335 61.28122604566 0.0413 0.0402 11.7416 "" "" 429441552168014208 2752.43262 0.3402 0.0537 -2.794 1.239 0.055 0.06 1.024 8270.7 4.3199 16.878576 1.736279 17.708643 15.972363 "" "" 2422.9292 3141.65649 3338.22845 1.9282 1127.1 7.247 3237.5 7.0342 "" "" 0.0028257895143157146 0.007517976 0.0044551813 0.0119731575 1.90162478335 61.28122604566 2752.43262 -2.794 1.239
2.1820025126 61.56904229249 0.0439 0.0416 9.6175 "" "" 429824560170288768 2857.43164 0.3292 0.0565 -5.326 -1.72 0.051 0.059 1.019 8107.8 4.3675 16.87953 1.588064 17.619165 16.031101 "" "" 2473.073 3254.70386 3335.30023 1.9703 1223.9 6.9373 3067.0 6.4042 "" "" 0.0028289873929444906 0.0067571257 0.004407219 0.011164345 2.1820025126 61.56904229249 2857.43164 -5.3260000000000005 -1.72
1.81714269706 61.67646774703 0.0428 0.0395 12.2453 "" "" 429829198734702464 2247.98511 0.4559 0.0558 -4.081 -0.632 0.051 0.053 1.015 5563.4 4.6291 16.889359 1.307482 17.467562 16.16008 "" "" 1957.66833 2596.58496 3305.24181 1.7711 1407.3 7.5787 2723.5 8.1348 "" "" 0.0028160727548756097 0.0064786063 0.0049800226 0.011458629 1.81714269706 61.67646774703 2247.98511 -4.0809999999999995 -0.6319999999999999
2.3082780685 61.5424409391 0.0461 0.0429 12.1416 "" "" 429823872975360768 2968.09473 0.3386 0.0591 -0.924 -3.407 0.052 0.053 0.982 5148.6 4.3795 16.890436 1.512243 17.587189 16.074945 "" "" 2471.81689 3611.60669 3301.96314 1.9653 1260.5 7.3557 2945.6 11.082 "" "" 0.0028300866930913247 0.0069230157 0.0055649937 0.012488009 2.3082780685 61.5424409391 2968.09473 -0.9239999999999999 -3.407
1.65352350367 61.32474624408 0.0419 0.0407 11.6751 "" "" 429454162191744128 2580.28174 0.3839 0.0537 -4.183 -1.913 0.055 0.055 1.011 9499.1 4.1697 16.896612 1.444822 17.545383 16.100561 "" "" 2296.86865 2957.09546 3283.23332 1.8626 1310.0 8.476 2877.0 6.6298 "" "" 0.0028233274728508492 0.0075587784 0.0045325113 0.01209129 1.65352350367 61.32474624408 2580.28174 -4.183 -1.913
2.17018779592 61.38283796664 0.0425 0.0416 9.4298 "" "" 429816142034297856 2189.63672 0.4471 0.0557 -2.951 -1.207 0.054 0.058 0.955 7072.7 4.3241 16.900005 1.804678 17.762074 15.957396 "" "" 1977.86938 2506.88989 3272.98674 2.0183 1073.0 6.947 3282.5 8.6312 "" "" 0.0028354983804152797 0.0075629586 0.004736473 0.0122994315 2.17018779592 61.38283796664 2189.63672 -2.9510000000000005 -1.2069999999999999
1.83659206188 61.2489725075 0.0406 0.0388 13.8245 "" "" 429440349576993536 2370.91846 0.399 0.0528 -2.022 -1.079 0.053 0.053 0.954 "" "" 16.906494 1.478861 17.579746 16.100885 "" "" 2139.4353 2707.04395 3253.48647 1.8133 1269.2 6.9455 2876.1 8.1029 "" "" 0.002820986607327016 0.006564049 0.0048621395 0.011426188 1.83659206188 61.2489725075 2370.91846 -2.022 -1.079
1.7292238243 61.62850624904 0.0428 0.038 10.418 "" "" 429839231778316800 3037.39307 0.3182 0.0538 -2.862 -1.53 0.052 0.052 0.987 5068.5 4.1842 16.907627 1.833546 17.80985 15.976305 "" "" 2578.80322 3661.61255 3250.09143 1.7642 1026.8 7.869 3225.8 6.4508 "" "" 0.002817645829147351 0.008776017 0.004358652 0.0131346695 1.7292238243 61.62850624904 3037.39307 -2.862 -1.5299999999999998
1.71635405405 61.48313741401 0.0417 0.0413 5.472 "" "" 429832084952659456 2889.802 0.3264 0.0551 -2.954 -1.34 0.052 0.054 1.073 "" "" 16.9082 1.762863 17.757189 15.994326 "" "" 2469.97852 3373.65137 3248.38366 1.8546 1077.8 9.4702 3172.7 6.9401 "" "" 0.002824188370095921 0.009939584 0.004463663 0.014403246 1.71635405405 61.48313741401 2889.802 -2.954 -1.3400000000000003
1.94455106956 61.63261914576 0.0451 0.0396 9.4047 "" "" 429828099223100544 3093.35986 0.3048 0.0578 -3.668 -1.341 0.052 0.051 0.976 "" "" 16.915369 1.282658 17.47966 16.197002 "" "" 2640.72437 3841.42212 3227.00035 1.8663 1391.7 7.2953 2632.4 6.9241 "" "" 0.002825964858111335 0.006338572 0.0047370475 0.01107562 1.94455106956 61.63261914576 3093.35986 -3.6679999999999997 -1.341
1.5970643445 61.59496872983 0.0455 0.04 11.3443 "" "" 429833871659011328 2316.03149 0.4201 0.0573 -3.467 -1.323 0.055 0.053 0.978 "" "" 16.917278 1.394848 17.537735 16.142887 "" "" 2063.59814 2620.35645 3221.33315 2.0141 1319.2 9.6713 2767.0 8.9352 "" "" 0.0028377135061926173 0.008434595 0.00515521 0.013589805 1.5970643445 61.59496872983 2316.03149 -3.467 -1.3230000000000002
2.12064375544 61.35271522118 0.0439 0.0456 9.6523 "" "" 429815660998031616 3086.46143 0.3264 0.0576 -2.205 -1.954 0.056 0.066 1.009 "" "" 16.92889 1.771303 17.78511 16.013807 "" "" 2589.70215 3643.84814 3187.06254 1.8029 1050.4 7.56 3116.3 9.8595 "" "" 0.0028229458492705834 0.008297511 0.0051072175 0.013404729 2.12064375544 61.35271522118 3086.46143 -2.205 -1.9540000000000002
1.83307065629 61.25181925967 0.0427 0.0404 13.6709 "" "" 429440349576990208 3074.89331 0.3053 0.0552 -2.631 -0.856 0.055 0.054 0.93 9680.1 4.3492 16.93229 1.234661 17.432016 16.197355 "" "" 2605.64673 3553.92773 3177.102 1.8724 1454.2 7.9091 2631.6 13.737 "" "" 0.002828643336908047 0.0065310993 0.006812121 0.013343221 1.83307065629 61.25181925967 3074.89331 -2.631 -0.8560000000000001
2.08117543565 61.5389796982 0.0448 0.041 6.2249 "" "" 429823151420832128 2636.11011 0.3726 0.0585 -1.591 -1.196 0.05 0.052 1.019 8283.9 4.3036 16.93229 1.678562 17.730145 16.051582 "" "" 2270.32007 3101.70532 3177.10236 1.9245 1105.0 6.8446 3009.7 8.0861 "" "" 0.002832723983116319 0.0072810976 0.0047741765 0.012055274 2.08117543565 61.5389796982 2636.11011 -1.5909999999999997 -1.196
1.53936117996 61.48669389977 0.0422 0.0429 10.5455 "" "" 429831221656267008 2416.58081 0.395 0.0563 0.916 -0.708 0.054 0.056 0.983 5750.0 4.6163 16.937397 1.325153 17.519033 16.19388 "" "" 2137.06079 2786.06299 3162.18983 1.8288 1342.2 7.7625 2640.0 5.5213 "" "" 0.002825963511356708 0.0068712593 0.004409065 0.011280324 1.53936117996 61.48669389977 2416.58081 0.9159999999999999 -0.7079999999999997
1.56040102114 61.32698633166 0.0416 0.0428 13.4144 "" "" 429453440637225472 2813.6001 0.3402 0.054 -5.453 -1.378 0.054 0.055 0.966 7590.7 4.1736 16.938711 1.38678 17.551392 16.164612 "" "" 2360.87061 3435.44824 3158.36374 1.8053 1302.7 7.6112 2712.1 10.358 "" "" 0.002824346531514076 0.006930065 0.0056105442 0.012540609 1.56040102114 61.32698633166 2813.6001 -5.453000000000001 -1.3779999999999997
1.78816701565 61.41710206892 0.0449 0.0418 4.9469 "" "" 429818615935413248 2343.91748 0.4155 0.057 -0.294 -1.428 0.058 0.056 0.997 8124.1 4.4361 16.939686 1.50243 17.630175 16.127745 "" "" 2118.67944 2712.70483 3155.5307 1.7814 1211.6 7.4501 2805.8 5.8417 "" "" 0.0028226719284634716 0.007235762 0.004403821 0.011639584 1.78816701565 61.41710206892 2343.91748 -0.29400000000000004 -1.428
1.5784818022 61.38465785503 0.0457 0.0449 10.9289 "" "" 429455502221490304 2626.16187 0.3568 0.0591 -1.096 3.789 0.059 0.058 1.057 5686.6 4.5266 16.941257 1.408075 17.572752 16.164677 "" "" 2319.63135 3141.39697 3150.96806 1.8195 1277.4 6.553 2712.0 9.3977 "" "" 0.0028257485198491163 0.006229561 0.0053328048 0.011562366 1.5784818022 61.38465785503 2626.16187 -1.0959999999999999 3.7889999999999997
2.287257673 61.62385737711 0.0472 0.046 13.9975 "" "" 429847714330112896 2445.18042 0.4041 0.0623 -1.861 0.557 0.054 0.059 1.021 9428.8 4.3442 16.94328 1.548801 17.649492 16.10069 "" "" 2126.15894 2842.69971 3145.10683 1.9771 1190.2 7.2458 2876.6 8.9702 "" "" 0.002838596065403779 0.0071746074 0.0050741117 0.012248719 2.287257673 61.62385737711 2445.18042 -1.861 0.5569999999999999
2.11544048253 61.5018017835 0.0589 0.0549 6.156 "" "" 429822807823477376 3037.12842 0.3302 0.0755 -1.457 0.243 0.068 0.073 1.424 7664.4 4.3242 16.959652 1.419397 17.561134 16.141737 "" "" 2502.76831 3587.3916 3098.03363 2.6916 1291.1 9.1402 2769.9 10.802 "" "" 0.002912318611792577 0.008177103 0.0056755263 0.013852629 2.11544048253 61.5018017835 3037.12842 -1.4569999999999996 0.24299999999999997
1.95397083152 61.26118183468 0.0423 0.0416 13.0137 "" "" 429441277290110592 2362.01074 0.4235 0.0562 -3.525 -2.549 0.054 0.054 0.992 5584.0 4.5178 16.962332 1.399382 17.566875 16.167494 "" "" 2114.73804 2742.99756 3090.39594 1.9347 1284.3 10.034 2705.0 16.327 "" "" 0.0028379209679275305 0.008929754 0.00756506 0.016494814 1.95397083152 61.26118183468 2362.01074 -3.5249999999999995 -2.5489999999999995
1.76986073716 61.55025792319 0.0433 0.0385 5.8953 "" "" 429821051172874496 2318.9104 0.4169 0.0546 -1.779 -1.166 0.05 0.051 0.955 7309.9 4.3954 16.970243 1.462295 17.639069 16.176773 "" "" 2009.94116 2708.79395 3067.95603 1.6871 1201.7 7.3894 2681.9 7.946 "" "" 0.0028192670694779545 0.0072359075 0.004963046 0.012198953 1.76986073716 61.55025792319 2318.9104 -1.7789999999999997 -1.166
1.77960194184 61.56004602301 0.0463 0.0404 6.1771 "" "" 429826930992017280 2711.59668 0.3821 0.0565 -7.358 1.593 0.053 0.054 0.959 5488.0 4.6632 16.970778 1.330553 17.523727 16.193174 "" "" 2296.72998 3341.23145 3066.45126 2.0001 1336.4 8.7972 2641.7 20.123 "" "" 0.0028448725274201917 0.007672461 0.009093154 0.016765615 1.77960194184 61.56004602301 2711.59668 -7.358 1.5929999999999997
