Clusters/NGC_4463/NGC_4463_stars_in_region.tsv
# %ECSV 1.0
# ---
# datatype:
# - name: RA_ICRS_1
#   unit: deg
#   datatype: float64
#   format: '{:15.11f}'
#   description: Right ascension (ICRS) at Ep=2016.0 (ra)
#   meta: !!omap
#   - {ucd: POS_EQ_RA_MAIN}
#   - {width: 15}
#   - {precision: '11'}
# - name: DE_ICRS_1
#   unit: deg
#   datatype: float64
#   format: '{:15.11f}'
#   description: Declination (ICRS) at Ep=2016.0 (dec)
#   meta: !!omap
#   - {ucd: POS_EQ_DEC_MAIN}
#   - {width: 15}
#   - {precision: '11'}
# - name: e_RA_ICRS
#   unit: mas
#   datatype: float64
#   format: '{:7.4f}'
#   description: Standard error of right ascension (ra_error)
#   meta: !!omap
#   - {ucd: ERROR}
#   - {width: 7}
#   - {precision: '4'}
# - name: e_DE_ICRS
#   unit: mas
#   datatype: float64
#   format: '{:7.4f}'
#   description: Standard error of declination (dec_error)
#   meta: !!omap
#   - {ucd: ERROR}
#   - {width: 7}
#   - {precision: '4'}
# - name: _r_1
#   unit: ''
#   datatype: float64
#   format: '{:7.4f}'
#   description: Distance from center (187.45611871000-64.80420179000)[ICRS], at Epoch=J2016.0
#   meta: !!omap
#   - {ucd: POS_ANG_DIST_GENERAL}
#   - {width: 7}
#   - {precision: '4'}
# - name: HIP
#   datatype: int32
#   description: '? HIP cross-id number, van Leeuwen, Cat. I/311 (hip_original_ext_source_id)'
#   meta: !!omap
#   - {ucd: ID_NUMBER}
#   - {width: 6}
#   - values: {'null': -2147483648}
# - name: TYC2
#   datatype: string
#   description: Tycho-2 cross-id name, Hog et al., Cat. I/259 (tyc2_original_ext_source_id)
#   meta: !!omap
#   - {ucd: ID_CROSSID}
#   - {_votable_string_dtype: char}
# - name: Source
#   datatype: int64
#   description: Source identifier, identical to the Gaia-EDR3 source_id (id)
#   meta: !!omap
#   - {ucd: ID_MAIN}
#   - {width: 19}
# - name: rgeo
#   unit: pc
#   datatype: float64
#   format: '{:15.8f}'
#   description: '? Median of the geometric distance posterior (r_med_geo)'
#   meta: !!omap
#   - {ucd: PHYS_DISTANCE_TRUE}
#   - {width: 15}
#   - {precision: '8'}
#   - values: {'null': .nan}
# - name: Plx
#   unit: mas
#   datatype: float64
#   format: '{:9.4f}'
#   description: '? Parallax (parallax)'
#   meta: !!omap
#   - {ucd: POS_PARLX_TRIG}
#   - {width: 9}
#   - {precision: '4'}
#   - values: {'null': .nan}
# - name: e_Plx
#   unit: mas
#   datatype: float32
#   format: '{:7.4f}'
#   description: '? Standard error of parallax (parallax_error)'
#   meta: !!omap
#   - {ucd: ERROR}
#   - {width: 7}
#   - {precision: '4'}
#   - values: {'null': .nan}
# - name: pmRA
#   unit: mas / yr
#   datatype: float64
#   format: '{:9.3f}'
#   description: '? Proper motion in right ascension direction, pmRA*cosDE (pmra)'
#   meta: !!omap
#   - {ucd: POS_EQ_PMRA}
#   - {width: 9}
#   - {precision: '3'}
#   - values: {'null': .nan}
# - name: pmDE
#   unit: mas / yr
#   datatype: float64
#   format: '{:9.3f}'
#   description: '? Proper motion in declination direction (pmdec)'
#   meta: !!omap
#   - {ucd: POS_EQ_PMDEC}
#   - {width: 9}
#   - {precision: '3'}
#   - values: {'null': .nan}
# - name: e_pmRA
#   unit: mas / yr
#   datatype: float32
#   format: '{:6.3f}'
#   description: '? Standard error of proper motion in right ascension direction (pmra_error)'
#   meta: !!omap
#   - {ucd: ERROR}
#   - {width: 6}
#   - {precision: '3'}
#   - values: {'null': .nan}
# - name: e_pmDE
[...]
#         value: !astropy.table.SerializedColumn {name: SkyCoord.dec}
#       distance: !astropy.table.SerializedColumn
#         __class__: astropy.coordinates.distances.Distance
#         unit: !astropy.units.Unit {unit: pc}
#         value: !astropy.table.SerializedColumn {name: SkyCoord.distance}
#       frame: icrs
#       obstime: !astropy.time.Time {format: jyear_str, in_subfmt: '*', jd1: 367701545.0, jd2: 0.0, out_subfmt: '*', precision: 3, scale: tt}
#       pm_dec: !astropy.table.SerializedColumn
#         __class__: astropy.units.quantity.Quantity
#         unit: !astropy.units.Unit {unit: mas / yr}
#         value: !astropy.table.SerializedColumn {name: SkyCoord.pm_dec}
#       pm_ra_cosdec: !astropy.table.SerializedColumn
#         __class__: astropy.units.quantity.Quantity
#         unit: !astropy.units.Unit {unit: mas / yr}
#         value: !astropy.table.SerializedColumn {name: SkyCoord.pm_ra_cosdec}
#       ra: !astropy.table.SerializedColumn
#         __class__: astropy.coordinates.angles.Longitude
#         unit: *id001
#         value: !astropy.table.SerializedColumn {name: SkyCoord.ra}
#         wrap_angle: !astropy.coordinates.Angle
#           unit: *id001
#           value: 360.0
#       representation_type: spherical
# schema: astropy-2.0
RA_ICRS_1 DE_ICRS_1 e_RA_ICRS e_DE_ICRS _r_1 HIP TYC2 Source rgeo Plx e_Plx pmRA pmDE e_pmRA e_pmDE RUWE Teff logg Gmag BP-RP BPmag RPmag RV e_RV b_rgeo B_rgeo FG e_FG FBP e_FBP FRP e_FRP RAVE5 RAVE6 e_Gmag e_BPmag e_RPmag e_BP-RP SkyCoord.ra SkyCoord.dec SkyCoord.distance SkyCoord.pm_ra_cosdec SkyCoord.pm_dec rmRA rmDE e_rmRA e_rmDE rRV e_rRV v_pec v_pec3d e_vpec e_vpec3d
[from data line 1158]
187.35307669743 -64.48829081996 0.0289 0.0285 19.1386 "" "" 5861286210469138560 1475.14551 0.6517 0.0399 5.579 -0.021 0.036 0.038 1.008 5550.3 4.5645 16.250584 1.199991 16.773455 15.573463 "" "" 1394.33252 1576.53711 5952.68856 2.3227 2667.1 7.9365 4674.9 8.3423 "" "" 0.0027876991030288023 0.0042688763 0.0042470656 0.008515942 187.35307669743 -64.48829081996 1475.14551 5.578999999999999 -0.02099999999999997 10.900157932281495 0.34897368931770323 0.10155573 0.103555724 "" "" 76.25502252724365 "" 7.744291979432562 ""
187.12308094731 -64.62975264902 0.0329 0.0291 13.5051 "" "" 5861267381236272512 1808.32935 0.5348 0.0439 -12.797 1.897 0.038 0.037 0.917 5449.6 4.2777 16.251276 1.378971 16.85507 15.476099 "" "" 1684.96375 1944.45911 5948.89359 2.6232 2473.9 7.5011 5113.5 9.3203 "" "" 0.002796605491060617 0.0043153996 0.0042661447 0.008581544 187.12308094731 -64.62975264902 1808.32935 -12.797 1.8970000000000002 -7.4758420677185065 2.2669736893177035 0.103555724 0.10255573 "" "" 66.96043262680301 "" 6.928522268507521 ""
187.56108899034 -65.07000752109 0.0311 0.0343 16.17 "" "" 5861010336072445568 1948.28906 0.49 0.0423 -4.561 -4.303 0.037 0.047 0.984 6047.5 4.2359 16.252064 1.542059 16.87598 15.333921 "" "" 1781.62268 2114.3396 5944.58099 3.2161 2426.7 23.736 5828.9 30.431 "" "" 0.002817237304467095 0.010980205 0.006812746 0.017792951 187.56108899034 -65.07000752109 1948.28906 -4.560999999999996 -4.3030000000000035 0.7601579322814942 -3.9330263106822967 0.10255573 0.11255573 "" "" 36.99324097860759 "" 4.151052032081772 ""
186.66237185529 -64.89868642518 0.0513 0.0488 21.0178 "" "" 5861259306791115904 1845.26233 0.5332 0.0665 2.495 -3.214 0.062 0.067 1.881 6049.7 4.6559 16.2525 1.203705 16.566229 15.362524 "" "" 1652.44751 2151.61157 5942.1873 5.1719 3227.9 28.738 5677.4 55.945 "" "" 0.0029128678422574044 0.0100609455 0.011346743 0.02140769 186.66237185529 -64.89868642518 1845.26233 2.495 -3.2139999999999995 7.816157932281494 -2.8440263106822967 0.12755573 0.13255572 "" "" 72.7493773202961 "" 9.322861006273522 ""
187.85426714553 -64.63807915356 0.0311 0.0322 14.2622 "" "" 5861316447008055552 1867.04114 0.5238 0.0411 -9.777 0.476 0.038 0.044 1.036 8438.7 4.1023 16.253853 1.645848 17.022778 15.376929 "" "" 1731.87024 2059.41943 5934.78855 2.9934 2119.9 9.5925 5602.6 13.38 "" "" 0.0028092140006213753 0.0056499513 0.004583341 0.010233292 187.85426714553 -64.63807915356 1867.04114 -9.776999999999992 0.4760000000000003 -4.455842067718505 0.8459736893177032 0.103555724 0.10955573 "" "" 40.1376079536633 "" 4.165091592177823 ""
187.43223937191 -64.90385134825 0.0279 0.0307 6.0099 "" "" 5861203815806539392 1832.66638 0.5196 0.039 -10.28 -0.153 0.038 0.04 1.029 5217.5 4.1812 16.254833 1.629445 17.026781 15.397336 "" "" 1710.17273 1966.17664 5929.43182 2.3098 2112.1 7.2162 5498.2 8.3284 "" "" 0.002787592735953301 0.0046417266 0.0041217105 0.008763437 187.43223937191 -64.90385134825 1832.66638 -10.28 -0.15299999999999994 -4.958842067718505 0.21697368931770325 0.103555724 0.10555573 "" "" 43.117876137229345 "" 4.465269252481855 ""
187.59407853731 -64.91867405571 0.0314 0.0348 7.7162 "" "" 5861202819374131072 1806.40466 0.5277 0.0433 0.43 1.831 0.04 0.046 1.082 5103.9 4.3007 16.255154 1.458833 16.90947 15.450637 "" "" 1680.47656 1960.9812 5927.68541 2.8461 2353.0 7.4412 5234.8 8.7368 "" "" 0.0028042013324040783 0.004424299 0.0041913423 0.008615641 187.59407853731 -64.91867405571 1806.40466 0.43000000000000005 1.831 5.751157932281494 2.200973689317703 0.10555573 0.111555725 "" "" 52.726402339956714 "" 5.606983068780823 ""
187.56048530042 -64.60851880861 0.0532 0.0345 12.042 "" "" 5861270370536539008 1717.88354 0.5946 0.0621 -6.079 0.067 0.084 0.049 0.988 "" "" 16.255497 "" "" "" "" "" 1531.55762 1867.23047 5925.81084 3.84 "" "" "" "" "" "" 0.0028437301346610753 "" "" "" 187.56048530042 -64.60851880861 1717.88354 -6.078999999999996 0.06700000000000053 -0.7578420677185056 0.43697368931770325 0.14955573 0.11455573 "" "" 7.123272786587726 "" 1.0089036517806476 ""
186.94149861858 -64.88739854398 0.0406 0.046 14.0417 "" "" 5861213917570659968 1374.09106 0.7103 0.0536 0.349 -2.711 0.054 0.069 1.616 6006.5 4.486 16.256197 1.211366 16.711033 15.499667 "" "" 1282.43176 1488.73401 5921.99128 4.214 2824.9 7.4207 5003.7 10.95 "" "" 0.0028615887688200866 0.003989934 0.0044642044 0.008454138 186.94149861858 -64.88739854398 1374.09106 0.3490000000000004 -2.7110000000000047 5.670157932281494 -2.3410263106822966 0.11955573 0.13455573 "" "" 39.95464575950591 "" 4.8686805002127835 ""
187.29486175562 -64.76347432999 0.0272 0.0285 4.792 "" "" 5861220823878802176 1934.95264 0.503 0.0374 -3.684 -2.522 0.036 0.038 0.945 5709.0 4.473 16.25689 1.246477 16.800133 15.553656 "" "" 1803.91626 2079.42676 5918.21381 2.2841 2602.3 5.9099 4761.0 7.0271 "" "" 0.002787001702478679 0.0037235622 0.0041050925 0.007828655 187.29486175562 -64.76347432999 1934.95264 -3.6839999999999997 -2.5220000000000016 1.637157932281494 -2.1520263106822966 0.10155573 0.103555724 "" "" 24.800019517855038 "" 2.5501133938735157 ""
187.87169695833 -64.81277353131 0.028 0.0309 10.6258 "" "" 5861205843031274112 1409.92139 0.6885 0.0378 -11.022 -3.097 0.035 0.042 1.039 5606.9 4.2536 16.25925 1.556479 16.915253 15.358774 "" "" 1347.12024 1476.43701 5905.35727 3.3039 2340.5 10.085 5697.0 15.248 "" "" 0.002821484631991365 0.005447191 0.0047674295 0.010214621 187.87169695833 -64.81277353131 1409.92139 -11.022 -3.0970000000000004 -5.700842067718506 -2.7270263106822967 0.10055573 0.10755573 "" "" 42.233493384868616 "" 4.303410093017905 ""
186.80020669761 -64.82721846574 0.0268 0.0293 16.8034 "" "" 5861260749900252032 1856.05432 0.5121 0.0362 -6.839 -0.754 0.037 0.039 0.974 5636.2 4.443 16.260582 1.283241 16.78117 15.497929 "" "" 1732.25378 1976.4104 5898.12546 18.802 2648.2 29.71 5011.7 49.865 "" "" 0.0044239137812903265 0.012496286 0.011444803 0.023941088 186.80020669761 -64.82721846574 1856.05432 -6.838999999999998 -0.7539999999999998 -1.5178420677185063 -0.38402631068229676 0.10255573 0.104555726 "" "" 13.77428595390606 "" 1.4143044868399461 ""
187.1400970438 -64.43599713002 0.0325 0.0332 23.5397 "" "" 5861290123086052224 1939.10156 0.4973 0.0423 -3.802 -3.006 0.038 0.041 1.196 5745.4 4.5083 16.261154 1.234321 16.774036 15.539716 "" "" 1811.33167 2125.13989 5895.01476 3.1928 2665.6 9.3325 4822.5 13.767 "" "" 0.002817372396273822 0.004715359 0.004887803 0.009603161 187.1400970438 -64.43599713002 1939.10156 -3.8019999999999996 -3.006 1.519157932281494 -2.6360263106822965 0.103555724 0.10655573 "" "" 27.9641566439925 "" 2.9590474519755228 ""
187.55775020045 -64.92686478526 0.0296 0.031 7.8022 "" "" 5861202785014374272 1575.17346 0.6146 0.0392 -6.607 -1.627 0.038 0.041 0.967 4933.4 4.1835 16.262297 1.658719 16.981436 15.322717 "" "" 1473.87134 1667.46216 5888.81535 3.5954 2202.1 21.183 5889.4 42.999 "" "" 0.0028339401590755 0.010810464 0.008781905 0.019592369 187.55775020045 -64.92686478526 1575.17346 -6.607 -1.6269999999999998 -1.285842067718506 -1.2570263106822968 0.103555724 0.10655573 "" "" 13.425902648828773 "" 1.410155333985929 ""
187.56559243462 -64.79942354427 0.0296 0.0297 2.8112 "" "" 5861216838149137024 1476.21582 0.6516 0.0388 -10.905 0.155 0.035 0.039 1.007 5960.4 4.6004 16.26349 1.275715 16.815748 15.540033 "" "" 1391.1947 1556.85913 5882.34634 2.5325 2565.2 9.0835 4821.1 17.195 "" "" 0.002794689041864239 0.004750405 0.0054110275 0.010161432 187.56559243462 -64.79942354427 1476.21582 -10.905 0.155 -5.583842067718505 0.5249736893177033 0.10055573 0.104555726 "" "" 39.24391076761334 "" 3.947602679538858 ""
188.3658204036 -64.70835013011 0.0704 0.0677 23.9773 "" "" 5861301328657079296 1401.37854 0.7063 0.0898 -5.834 0.511 0.084 0.095 2.721 "" "" 16.264065 0.898442 16.37134 15.472898 "" "" 1276.41052 1616.07959 5879.23681 5.4609 3862.6 91.951 5128.6 63.27 "" "" 0.0029340794996198464 0.025996622 0.013917389 0.039914012 188.3658204036 -64.70835013011 1401.37854 -5.834 0.511 -0.5128420677185055 0.8809736893177033 0.14955573 0.16055572 "" "" 6.771221121090595 "" 1.0687969032064821 ""
186.72791135541 -64.66353853212 0.0292 0.0279 20.4697 "" "" 5861277483094624896 1613.91113 0.6036 0.0379 -9.769 0.84 0.036 0.039 1.004 6036.2 4.5803 16.264727 1.303395 16.834118 15.530723 "" "" 1524.9115 1693.59253 5875.65505 2.4144 2522.1 9.2912 4862.6 11.547 "" "" 0.0027912068883010365 0.0048767934 0.0045750514 0.009451845 186.72791135541 -64.66353853212 1613.91113 -9.76900000000001 0.8399999999999999 -4.447842067718506 1.209973689317703 0.10155573 0.104555726 "" "" 35.26226419194344 "" 3.5884741090746295 ""
187.07638151167 -65.12318795619 0.036 0.0346 21.4307 "" "" 5861192305293301760 1376.45227 0.6965 0.0437 -14.608 2.335 0.042 0.049 1.059 5475.7 4.6106 16.265972 1.184212 16.772585 15.588373 "" "" 1305.78748 1463.84302 5868.91117 2.5472 2669.2 6.9854 4611.1 9.9103 "" "" 0.0027953253690246632 0.0039822957 0.0044417246 0.00842402 187.07638151167 -65.12318795619 1376.45227 -14.608 2.3350000000000004 -9.286842067718506 2.704973689317703 0.10755573 0.11455573 "" "" 63.10880912721578 "" 6.8232923566070065 ""
186.87435551214 -64.5975933235 0.0294 0.0291 19.3953 "" "" 5861279952606386816 1738.17749 0.5555 0.0382 -6.887 -2.388 0.036 0.04 0.942 5857.8 4.4886 16.266354 1.254845 16.806305 15.55146 "" "" 1626.00317 1869.0647 5866.85086 2.2513 2587.6 6.709 4770.6 8.0976 "" "" 0.0027866416399312146 0.0039635226 0.004204771 0.008168293 186.87435551214 -64.5975933235 1738.17749 -6.887 -2.388 -1.5658420677185054 -2.0180263106822967 0.10155573 0.10555573 "" "" 21.04452578158187 "" 2.1901151927331237 ""
186.80952998106 -65.03232788062 0.0289 0.0295 21.3964 "" "" 5861207870256296320 1795.96619 0.5389 0.0375 -3.862 -0.598 0.036 0.038 1.0 5550.1 4.5532 16.267101 1.092558 16.724432 15.631874 "" "" 1676.5061 1944.51611 5862.8141 2.276 2790.3 8.9167 4430.0 7.2585 "" "" 0.0027873725670095606 0.0044523105 0.0041771336 0.008629444 186.80952998106 -65.03232788062 1795.96619 -3.862 -0.5979999999999998 1.459157932281494 -0.22802631068229673 0.10155573 0.103555724 "" "" 12.57239616141735 "" 1.2774040205816157 ""
186.94096763148 -64.94035001239 0.0286 0.0324 15.4596 "" "" 5861211340590132480 1613.13916 0.6 0.0395 -9.573 0.379 0.037 0.041 1.062 4969.6 4.3612 16.267315 1.16468 16.757729 15.593049 "" "" 1527.36841 1708.12317 5861.66367 2.3647 2706.0 7.3426 4591.3 6.1204 "" "" 0.0027899172254092813 0.004057648 0.004047036 0.008104684 186.94096763148 -64.94035001239 1613.13916 -9.57299999999999 0.37899999999999967 -4.251842067718506 0.7489736893177033 0.10255573 0.10655573 "" "" 33.011321310347604 "" 3.3895492408113417 ""
187.80134772963 -64.67727291146 0.029 0.0316 11.6672 "" "" 5861222296962195968 1656.07642 0.5877 0.0398 -9.552 -0.505 0.037 0.047 1.033 5635.4 4.4393 16.26842 1.378343 16.883097 15.504754 "" "" 1550.09973 1770.72339 5855.70123 2.5591 2410.9 7.4446 4980.3 9.8435 "" "" 0.0027958783819951837 0.004361791 0.004346125 0.008707916 187.80134772963 -64.67727291146 1656.07642 -9.552 -0.505 -4.2308420677185055 -0.13502631068229676 0.10255573 0.11255573 "" "" 33.22818289999436 "" 3.4080951027813593 ""
188.01107461982 -64.55588688367 0.0352 0.0386 20.6097 "" "" 5861317821397701376 1549.75623 0.6353 0.0477 -19.487 -4.87 0.044 0.05 1.173 5635.5 4.5669 16.269152 1.289872 16.829063 15.539191 "" "" 1432.86511 1706.33557 5851.7501 2.7014 2533.9 9.493 4824.8 9.4674 "" "" 0.0028005374100203975 0.004932588 0.004338506 0.009271095 188.01107461982 -64.55588688367 1549.75623 -19.487000000000002 -4.870000000000001 -14.165842067718504 -4.500026310682297 0.10955573 0.11555573 "" "" 109.18438836865231 "" 12.023310134549412 ""
187.12396004322 -64.73133576974 0.0313 0.0302 9.5546 "" "" 5861262880204336768 1845.73328 0.5166 0.0412 -8.576 -2.298 0.037 0.039 1.015 5824.4 4.4917 16.272585 1.170093 16.777517 15.607425 "" "" 1738.13281 1979.54907 5833.2841 2.3795 2657.1 6.2704 4530.9 7.4689 "" "" 0.002790688415660395 0.003788123 0.004181745 0.007969867 187.12396004322 -64.73133576974 1845.73328 -8.576 -2.298 -3.2548420677185064 -1.9280263106822968 0.10255573 0.104555726 "" "" 33.096842215856725 "" 3.41158772756875 ""
188.06253313459 -64.63411778942 0.0285 0.0311 18.5898 "" "" 5861313526430326400 1442.02124 0.6757 0.0384 -9.03 4.357 0.037 0.043 1.001 5815.1 4.5372 16.273418 1.355302 16.84391 15.488608 "" "" 1347.82275 1522.28882 5828.79822 2.5692 2499.5 8.2182 5054.9 13.851 "" "" 0.0027965722305469407 0.0045308666 0.0048098434 0.00934071 188.06253313459 -64.63411778942 1442.02124 -9.03 4.357 -3.708842067718505 4.7269736893177035 0.10255573 0.108555734 "" "" 41.06788480762188 "" 4.365903243683467 ""
187.99184024058 -65.13894560877 0.0313 0.0357 24.2551 "" "" 5860995080381665152 1517.75281 0.6353 0.042 -6.818 -1.257 0.039 0.049 0.986 7198.6 4.1926 16.275198 1.914928 17.220306 15.305378 "" "" 1412.26184 1635.98938 5819.25952 3.1257 1767.2 8.3212 5984.2 12.604 "" "" 0.002816361177769161 0.0058242297 0.004417368 0.010241598 187.99184024058 -65.13894560877 1517.75281 -6.818 -1.257 -1.4968420677185055 -0.8870263106822966 0.104555726 0.11455573 "" "" 12.517305071891666 "" 1.3424117192860903 ""
188.09082402291 -65.04349949063 0.0329 0.0336 21.602 "" "" 5861101904804566528 1659.27295 0.5924 0.0426 -11.053 -13.287 0.041 0.044 1.001 6200.2 4.1828 16.277304 1.625368 17.038197 15.412828 "" "" 1546.78845 1760.62793 5807.98181 2.5454 2090.0 7.839 5420.3 7.0654 "" "" 0.0027961056846823066 0.0049364557 0.0040356787 0.008972134 188.09082402291 -65.04349949063 1659.27295 -11.053000000000003 -13.287 -5.731842067718507 -12.917026310682298 0.10655573 0.10955573 "" "" 111.14478817416392 "" 12.122324018338857 ""
187.79838914493 -65.03987833131 0.0299 0.0353 16.6048 "" "" 5861011779216051584 1821.16064 0.5309 0.0422 -5.842 -0.148 0.037 0.047 1.002 5409.3 4.3042 16.277882 1.397069 16.899355 15.502286 "" "" 1655.53564 1964.75269 5804.89403 2.4166 2375.1 7.1021 4991.6 9.6567 "" "" 0.0027921479127467255 0.0042808265 0.004323845 0.008604672 187.79838914493 -65.03987833131 1821.16064 -5.8420000000000005 -0.14800000000000013 -0.5208420677185055 0.22197368931770325 0.10255573 0.11255573 "" "" 4.887352461000256 "" 0.5090437560199326 ""
186.58412506683 -64.64358345563 0.032 0.0288 24.3293 "" "" 5861281022059330176 1389.57422 0.6993 0.0397 -11.314 2.941 0.038 0.038 1.053 5767.9 4.5424 16.278479 1.35498 16.837494 15.482514 "" "" 1324.99841 1475.42932 5801.70428 2.8442 2514.3 10.552 5083.4 14.596 "" "" 0.0028062602557272598 0.0053430097 0.004899226 0.010242236 186.58412506683 -64.64358345563 1389.57422 -11.314 2.941 -5.992842067718506 3.310973689317703 0.103555724 0.103555724 "" "" 45.09606195416568 "" 4.66995534632963 ""
187.42233030811 -65.03229136178 0.0309 0.0305 13.7123 "" "" 5861198730565069056 1782.12354 0.5401 0.0396 -8.614 0.781 0.037 0.039 0.997 5387.7 4.2491 16.281906 1.557384 16.970694 15.41331 "" "" 1658.19849 1898.02698 5783.4117 2.9299 2224.0 8.5791 5417.9 12.696 "" "" 0.00280968531864999 0.005032532 0.0045559793 0.009588512 187.42233030811 -65.03229136178 1782.12354 -8.61399999999999 0.7810000000000015 -3.2928420677185066 1.1509736893177034 0.10255573 0.104555726 "" "" 29.465763995656992 "" 3.0283547046622195 ""
187.5722688388 -65.12060727377 0.0327 0.0335 19.2121 "" "" 5861009236597049984 1820.40295 0.5225 0.0421 -12.478 -0.611 0.038 0.046 1.017 5471.7 4.2665 16.282063 1.533965 16.989023 15.455058 "" "" 1677.98816 1986.49634 5782.58573 2.559 2186.8 6.4013 5213.6 10.259 "" "" 0.0027968996115573593 0.004229197 0.004341442 0.008570639 187.5722688388 -65.12060727377 1820.40295 -12.478 -0.611 -7.156842067718506 -0.24102631068229674 0.103555724 0.111555725 "" "" 61.789325253307375 "" 6.399219930405185 ""
