Clusters/NGC_4463/NGC_4463_members.tsv
# %ECSV 1.0
# ---
# datatype:
# - name: RA_ICRS_1
#   unit: deg
#   datatype: float64
#   format: '{:15.11f}'
#   description: Right ascension (ICRS) at Ep=2016.0 (ra)
#   meta: !!omap
#   - {ucd: POS_EQ_RA_MAIN}
#   - {width: 15}
#   - {precision: '11'}
# - name: DE_ICRS_1
#   unit: deg
#   datatype: float64
#   format: '{:15.11f}'
#   description: Declination (ICRS) at Ep=2016.0 (dec)
#   meta: !!omap
#   - {ucd: POS_EQ_DEC_MAIN}
#   - {width: 15}
#   - {precision: '11'}
# - name: e_RA_ICRS
#   unit: mas
#   datatype: float64
#   format: '{:7.4f}'
#   description: Standard error of right ascension (ra_error)
#   meta: !!omap
#   - {ucd: ERROR}
#   - {width: 7}
#   - {precision: '4'}
# - name: e_DE_ICRS
#   unit: mas
#   datatype: float64
#   format: '{:7.4f}'
#   description: Standard error of declination (dec_error)
#   meta: !!omap
#   - {ucd: ERROR}
#   - {width: 7}
#   - {precision: '4'}
# - name: _r_1
#   unit: ''
#   datatype: float64
#   format: '{:7.4f}'
#   description: Distance from center (187.45611871000-64.80420179000)[ICRS], at Epoch=J2016.0
#   meta: !!omap
#   - {ucd: POS_ANG_DIST_GENERAL}
#   - {width: 7}
#   - {precision: '4'}
# - name: HIP
#   datatype: int32
#   description: '? HIP cross-id number, van Leeuwen, Cat. I/311 (hip_original_ext_source_id)'
#   meta: !!omap
#   - {ucd: ID_NUMBER}
#   - {width: 6}
#   - values: {'null': -2147483648}
# - name: TYC2
#   datatype: string
#   description: Tycho-2 cross-id name, Hog et al., Cat. I/259 (tyc2_original_ext_source_id)
#   meta: !!omap
#   - {ucd: ID_CROSSID}
#   - {_votable_string_dtype: char}
# - name: Source
#   datatype: int64
#   description: Source identifier, identical to the Gaia-EDR3 source_id (id)
#   meta: !!omap
#   - {ucd: ID_MAIN}
#   - {width: 19}
# - name: rgeo
#   unit: pc
#   datatype: float64
#   format: '{:15.8f}'
#   description: '? Median of the geometric distance posterior (r_med_geo)'
#   meta: !!omap
#   - {ucd: PHYS_DISTANCE_TRUE}
#   - {width: 15}
#   - {precision: '8'}
#   - values: {'null': .nan}
# - name: Plx
#   unit: mas
#   datatype: float64
#   format: '{:9.4f}'
#   description: '? Parallax (parallax)'
#   meta: !!omap
#   - {ucd: POS_PARLX_TRIG}
#   - {width: 9}
#   - {precision: '4'}
#   - values: {'null': .nan}
# - name: e_Plx
#   unit: mas
#   datatype: float32
#   format: '{:7.4f}'
#   description: '? Standard error of parallax (parallax_error)'
#   meta: !!omap
#   - {ucd: ERROR}
#   - {width: 7}
#   - {precision: '4'}
#   - values: {'null': .nan}
# - name: pmRA
#   unit: mas / yr
#   datatype: float64
#   format: '{:9.3f}'
#   description: '? Proper motion in right ascension direction, pmRA*cosDE (pmra)'
#   meta: !!omap
#   - {ucd: POS_EQ_PMRA}
#   - {width: 9}
#   - {precision: '3'}
#   - values: {'null': .nan}
# - name: pmDE
#   unit: mas / yr
#   datatype: float64
#   format: '{:9.3f}'
#   description: '? Proper motion in declination direction (pmdec)'
#   meta: !!omap
#   - {ucd: POS_EQ_PMDEC}
#   - {width: 9}
#   - {precision: '3'}
#   - values: {'null': .nan}
# - name: e_pmRA
#   unit: mas / yr
#   datatype: float32
#   format: '{:6.3f}'
#   description: '? Standard error of proper motion in right ascension direction (pmra_error)'
#   meta: !!omap
#   - {ucd: ERROR}
#   - {width: 6}
#   - {precision: '3'}
#   - values: {'null': .nan}
# - name: e_pmDE
[...]
#       distance: !astropy.table.SerializedColumn
#         __class__: astropy.coordinates.distances.Distance
#         unit: !astropy.units.Unit {unit: pc}
#         value: !astropy.table.SerializedColumn {name: SkyCoord.distance}
#       frame: icrs
#       obstime: !astropy.time.Time {format: jyear_str, in_subfmt: '*', jd1: 367701545.0, jd2: 0.0, out_subfmt: '*', precision: 3, scale: tt}
#       pm_dec: !astropy.table.SerializedColumn
#         __class__: astropy.units.quantity.Quantity
#         unit: !astropy.units.Unit {unit: mas / yr}
#         value: !astropy.table.SerializedColumn {name: SkyCoord.pm_dec}
#       pm_ra_cosdec: !astropy.table.SerializedColumn
#         __class__: astropy.units.quantity.Quantity
#         unit: !astropy.units.Unit {unit: mas / yr}
#         value: !astropy.table.SerializedColumn {name: SkyCoord.pm_ra_cosdec}
#       ra: !astropy.table.SerializedColumn
#         __class__: astropy.coordinates.angles.Longitude
#         unit: *id001
#         value: !astropy.table.SerializedColumn {name: SkyCoord.ra}
#         wrap_angle: !astropy.coordinates.Angle
#           unit: *id001
#           value: 360.0
#       representation_type: spherical
# schema: astropy-2.0
RA_ICRS_1 DE_ICRS_1 e_RA_ICRS e_DE_ICRS _r_1 HIP TYC2 Source rgeo Plx e_Plx pmRA pmDE e_pmRA e_pmDE RUWE Teff logg Gmag BP-RP BPmag RPmag RV e_RV b_rgeo B_rgeo FG e_FG FBP e_FBP FRP e_FRP RAVE5 RAVE6 e_Gmag e_BPmag e_RPmag e_BP-RP SkyCoord.ra SkyCoord.dec SkyCoord.distance SkyCoord.pm_ra_cosdec SkyCoord.pm_dec rmRA rmDE e_rmRA e_rmDE rRV e_rRV v_pec v_pec3d e_vpec e_vpec3d Pmemb
[from data line 31]
187.49381060959 -64.79438355394 0.0247 0.028 1.1288 "" "" 5861217078667298560 1662.06445 0.5792 0.034 -5.249 -0.456 0.034 0.038 1.018 5379.6 4.2614 16.05383 1.343402 16.647942 15.30454 "" "" 1567.90991 1758.0592 7135.34683 2.8647 2993.9 11.925 5988.8 16.572 "" "" 0.002789587698026681 0.0051465686 0.0048280656 0.009974634 187.49381060959 -64.79438355394 1662.06445 -5.249 -0.45600000000000007 0.07215793228149447 -0.08602631068229677 0.09955573 0.103555724 "" "" 0.8845800301714449 "" 0.0901588481643069 "" 1.0
187.45775246305 -64.78168755678 0.0255 0.0304 1.3515 "" "" 5861219999245079808 1691.5603 0.5719 0.0356 -5.265 -0.424 0.034 0.041 1.006 6014.0 4.36 16.136896 1.291933 16.696568 15.404634 "" "" 1609.5564 1786.3512 6609.79684 2.8038 2862.8 9.4663 5461.4 15.668 "" "" 0.002793546490879579 0.004546898 0.0048975376 0.009444436 187.45775246305 -64.78168755678 1691.5603 -5.2650000000000015 -0.42400000000000054 0.05615793228149446 -0.05402631068229674 0.09955573 0.10655573 "" "" 0.6248151849396802 "" 0.06434332101827907 "" 0.9
187.54787461587 -64.85401081166 0.0289 0.0312 3.7966 "" "" 5861215738637409792 1613.90283 0.5935 0.0389 -5.374 -0.251 0.036 0.04 0.979 6203.3 4.2888 16.34661 1.404333 16.961206 15.556873 "" "" 1527.4679 1713.28076 5448.83102 2.321 2243.5 6.797 4746.9 15.074 "" "" 0.002793864757004636 0.0043133674 0.0051157684 0.009429136 187.54787461587 -64.85401081166 1613.90283 -5.373999999999996 -0.251 -0.052842067718505525 0.11897368931770325 0.10155573 0.10555573 "" "" 0.9958695021343409 "" 0.1044738422745346 "" 0.9
187.48239437516 -64.83397112642 0.0301 0.0322 1.908 "" "" 5861216700677488256 1936.71899 0.4999 0.0402 -5.246 -0.445 0.038 0.043 0.997 5423.7 4.2801 16.410887 1.356562 16.997488 15.640926 "" "" 1811.46375 2103.33252 5135.60578 2.4747 2169.8 10.859 4393.3 12.12 "" "" 0.002804551982486594 0.006108189 0.0048223827 0.010930572 187.48239437516 -64.83397112642 1936.71899 -5.245999999999999 -0.44499999999999973 0.0751579322814937 -0.07502631068229676 0.103555724 0.108555734 "" "" 0.9748874761915823 "" 0.10341685301216584 "" 1.0
187.3180354629 -64.84444904904 0.0328 0.0331 4.2723 "" "" 5861216494551634944 1620.81812 0.6096 0.0435 -5.333 -0.337 0.04 0.044 0.994 5654.5 4.5832 16.466055 1.254147 17.009798 15.755651 "" "" 1484.98206 1747.97485 4881.17858 5.6922 2145.3 12.229 3952.7 14.761 "" "" 0.0030323069664219475 0.0067889583 0.005542867 0.012331825 187.3180354629 -64.84444904904 1620.81812 -5.333000000000001 -0.3370000000000001 -0.011842067718506044 0.032973689317703225 0.10555573 0.10955573 "" "" 0.2691678311183053 "" 0.02936787167934778 "" 1.0
187.59526109125 -64.79933570573 0.0319 0.0348 3.5664 "" "" 5861218315617893120 1754.60229 0.5478 0.043 -5.432 -0.433 0.04 0.046 0.982 5812.5 4.4732 16.532927 1.344074 17.129045 15.784971 "" "" 1618.83289 1954.27295 4589.61752 2.3158 1922.2 7.3979 3847.4 14.144 "" "" 0.002809254584609471 0.0050245416 0.0054968437 0.010521386 187.59526109125 -64.79933570573 1754.60229 -5.432 -0.43300000000000033 -0.11084206771850624 -0.06302631068229675 0.10555573 0.111555725 "" "" 1.0604600942088522 "" 0.11352514839139594 "" 0.8
187.41244002508 -64.82862571894 0.036 0.0392 1.8415 "" "" 5861216941228274560 1926.48523 0.5031 0.0487 -5.378 -0.52 0.051 0.053 1.006 5640.1 4.5731 16.702255 1.415044 17.33259 15.917546 "" "" 1742.16064 2130.19312 3926.85154 2.3027 1593.6 7.853 3405.2 9.3087 "" "" 0.00282792208548071 0.0060341596 0.0048055206 0.01083968 187.41244002508 -64.82862571894 1926.48523 -5.3779999999999974 -0.52 -0.05684206771850597 -0.15002631068229677 0.11655573 0.118555725 "" "" 1.4650051099057035 "" 0.17331965581475553 "" 1.0
