Clusters/NGC_4463/NGC_4463_stars_in_region.tsv
# %ECSV 1.0
# ---
# datatype:
# - name: RA_ICRS_1
#   unit: deg
#   datatype: float64
#   format: '{:15.11f}'
#   description: Right ascension (ICRS) at Ep=2016.0 (ra)
#   meta: !!omap
#   - {ucd: POS_EQ_RA_MAIN}
#   - {width: 15}
#   - {precision: '11'}
# - name: DE_ICRS_1
#   unit: deg
#   datatype: float64
#   format: '{:15.11f}'
#   description: Declination (ICRS) at Ep=2016.0 (dec)
#   meta: !!omap
#   - {ucd: POS_EQ_DEC_MAIN}
#   - {width: 15}
#   - {precision: '11'}
# - name: e_RA_ICRS
#   unit: mas
#   datatype: float64
#   format: '{:7.4f}'
#   description: Standard error of right ascension (ra_error)
#   meta: !!omap
#   - {ucd: ERROR}
#   - {width: 7}
#   - {precision: '4'}
# - name: e_DE_ICRS
#   unit: mas
#   datatype: float64
#   format: '{:7.4f}'
#   description: Standard error of declination (dec_error)
#   meta: !!omap
#   - {ucd: ERROR}
#   - {width: 7}
#   - {precision: '4'}
# - name: _r_1
#   unit: ''
#   datatype: float64
#   format: '{:7.4f}'
#   description: Distance from center (187.45611871000-64.80420179000)[ICRS], at Epoch=J2016.0
#   meta: !!omap
#   - {ucd: POS_ANG_DIST_GENERAL}
#   - {width: 7}
#   - {precision: '4'}
# - name: HIP
#   datatype: int32
#   description: '? HIP cross-id number, van Leeuwen, Cat. I/311 (hip_original_ext_source_id)'
#   meta: !!omap
#   - {ucd: ID_NUMBER}
#   - {width: 6}
#   - values: {'null': -2147483648}
# - name: TYC2
#   datatype: string
#   description: Tycho-2 cross-id name, Hog et al., Cat. I/259 (tyc2_original_ext_source_id)
#   meta: !!omap
#   - {ucd: ID_CROSSID}
#   - {_votable_string_dtype: char}
# - name: Source
#   datatype: int64
#   description: Source identifier, identical to the Gaia-EDR3 source_id (id)
#   meta: !!omap
#   - {ucd: ID_MAIN}
#   - {width: 19}
# - name: rgeo
#   unit: pc
#   datatype: float64
#   format: '{:15.8f}'
#   description: '? Median of the geometric distance posterior (r_med_geo)'
#   meta: !!omap
#   - {ucd: PHYS_DISTANCE_TRUE}
#   - {width: 15}
#   - {precision: '8'}
#   - values: {'null': .nan}
# - name: Plx
#   unit: mas
#   datatype: float64
#   format: '{:9.4f}'
#   description: '? Parallax (parallax)'
#   meta: !!omap
#   - {ucd: POS_PARLX_TRIG}
#   - {width: 9}
#   - {precision: '4'}
#   - values: {'null': .nan}
# - name: e_Plx
#   unit: mas
#   datatype: float32
#   format: '{:7.4f}'
#   description: '? Standard error of parallax (parallax_error)'
#   meta: !!omap
#   - {ucd: ERROR}
#   - {width: 7}
#   - {precision: '4'}
#   - values: {'null': .nan}
# - name: pmRA
#   unit: mas / yr
#   datatype: float64
#   format: '{:9.3f}'
#   description: '? Proper motion in right ascension direction, pmRA*cosDE (pmra)'
#   meta: !!omap
#   - {ucd: POS_EQ_PMRA}
#   - {width: 9}
#   - {precision: '3'}
#   - values: {'null': .nan}
# - name: pmDE
#   unit: mas / yr
#   datatype: float64
#   format: '{:9.3f}'
#   description: '? Proper motion in declination direction (pmdec)'
#   meta: !!omap
#   - {ucd: POS_EQ_PMDEC}
#   - {width: 9}
#   - {precision: '3'}
#   - values: {'null': .nan}
# - name: e_pmRA
#   unit: mas / yr
#   datatype: float32
#   format: '{:6.3f}'
#   description: '? Standard error of proper motion in right ascension direction (pmra_error)'
#   meta: !!omap
#   - {ucd: ERROR}
#   - {width: 6}
#   - {precision: '3'}
#   - values: {'null': .nan}
# - name: e_pmDE
[...]
#         value: !astropy.table.SerializedColumn {name: SkyCoord.dec}
#       distance: !astropy.table.SerializedColumn
#         __class__: astropy.coordinates.distances.Distance
#         unit: !astropy.units.Unit {unit: pc}
#         value: !astropy.table.SerializedColumn {name: SkyCoord.distance}
#       frame: icrs
#       obstime: !astropy.time.Time {format: jyear_str, in_subfmt: '*', jd1: 367701545.0, jd2: 0.0, out_subfmt: '*', precision: 3, scale: tt}
#       pm_dec: !astropy.table.SerializedColumn
#         __class__: astropy.units.quantity.Quantity
#         unit: !astropy.units.Unit {unit: mas / yr}
#         value: !astropy.table.SerializedColumn {name: SkyCoord.pm_dec}
#       pm_ra_cosdec: !astropy.table.SerializedColumn
#         __class__: astropy.units.quantity.Quantity
#         unit: !astropy.units.Unit {unit: mas / yr}
#         value: !astropy.table.SerializedColumn {name: SkyCoord.pm_ra_cosdec}
#       ra: !astropy.table.SerializedColumn
#         __class__: astropy.coordinates.angles.Longitude
#         unit: *id001
#         value: !astropy.table.SerializedColumn {name: SkyCoord.ra}
#         wrap_angle: !astropy.coordinates.Angle
#           unit: *id001
#           value: 360.0
#       representation_type: spherical
# schema: astropy-2.0
RA_ICRS_1 DE_ICRS_1 e_RA_ICRS e_DE_ICRS _r_1 HIP TYC2 Source rgeo Plx e_Plx pmRA pmDE e_pmRA e_pmDE RUWE Teff logg Gmag BP-RP BPmag RPmag RV e_RV b_rgeo B_rgeo FG e_FG FBP e_FBP FRP e_FRP RAVE5 RAVE6 e_Gmag e_BPmag e_RPmag e_BP-RP SkyCoord.ra SkyCoord.dec SkyCoord.distance SkyCoord.pm_ra_cosdec SkyCoord.pm_dec rmRA rmDE e_rmRA e_rmDE rRV e_rRV v_pec v_pec3d e_vpec e_vpec3d
[from data line 1854]
188.11997626589 -64.58815317461 0.0413 0.0435 21.3979 "" "" 5861313938747248640 1643.573 0.5873 0.0551 0.915 -0.293 0.054 0.057 1.04 5343.1 4.6828 16.95966 1.507202 17.632309 16.125107 "" "" 1524.13721 1780.9093 3098.01209 2.0015 1209.2 6.9427 2812.6 10.795 "" "" 0.0028432062122924593 0.00682976 0.0056257313 0.012455491 188.11997626589 -64.58815317461 1643.573 0.9149999999999998 -0.2929999999999996 6.236157932281494 0.07697368931770326 0.11955573 0.12255573 "" "" 48.586713735541544 "" 5.808842348220038 ""
186.79821312455 -64.68024774421 0.0455 0.0415 18.4122 "" "" 5861277276936180864 1909.35852 0.5121 0.058 -6.15 -0.835 0.054 0.058 1.009 5237.3 4.6097 16.96184 1.371607 17.575077 16.20347 "" "" 1723.64734 2214.21802 3091.79857 1.7067 1274.6 7.0204 2616.8 7.8965 "" "" 0.0028197505100625055 0.0065990356 0.00500181 0.0116008455 186.79821312455 -64.68024774421 1909.35852 -6.15 -0.835 -0.8288420677185062 -0.4650263106822967 0.11955573 0.12355573 "" "" 8.601311494050549 "" 1.0366772610669344 ""
187.18850379948 -64.65043676823 0.0439 0.0425 11.4939 "" "" 5861266384897773056 1608.09009 0.6094 0.0588 -3.67 -1.182 0.051 0.055 0.974 4930.5 4.3735 16.963335 1.561932 17.686396 16.124464 "" "" 1486.53821 1789.56152 3087.54332 1.7333 1150.4 5.2166 2814.3 6.7303 "" "" 0.0028219317668230176 0.0056590345 0.0045853616 0.010244396 187.18850379948 -64.65043676823 1608.09009 -3.67 -1.182 1.6511579322814942 -0.8120263106822967 0.11655573 0.12055573 "" "" 14.025344808454705 "" 1.645810309196603 ""
188.12421902462 -64.58568042197 0.0425 0.0438 21.575 "" "" 5861313938747251968 1352.18018 0.7234 0.0575 -10.347 5.396 0.057 0.057 0.989 4830.2 4.6485 16.96416 1.543959 17.622211 16.078253 "" "" 1250.51318 1490.98706 3085.19308 2.0366 1220.5 8.3959 2936.7 33.693 "" "" 0.002847011193728176 0.007973003 0.013017455 0.020990457 188.12421902462 -64.58568042197 1352.18018 -10.346999999999998 5.396000000000001 -5.025842067718505 5.765973689317703 0.12255573 0.12255573 "" "" 49.024300716936125 "" 6.0082090957953875 ""
187.61915116822 -64.82972483474 0.0414 0.0457 4.4351 "" "" 5861217319185429632 1689.43481 0.5874 0.0563 -5.274 -0.235 0.053 0.061 1.062 5732.8 4.5209 16.964396 1.803364 17.847105 16.043741 "" "" 1527.39307 1833.01282 3084.52919 1.8595 992.15 6.6674 3031.5 6.1608 "" "" 0.0028319962841635315 0.0078116087 0.004376342 0.01218795 187.61915116822 -64.82972483474 1689.43481 -5.273999999999999 -0.2349999999999998 0.04715793228149412 0.13497368931770326 0.118555725 0.12655573 "" "" 1.14493017378504 "" 0.1439292687195269 ""
187.55806184668 -65.16713743287 0.0532 0.0522 21.9292 "" "" 5861008892997871360 1781.31006 0.5548 0.0671 -6.515 -0.139 0.062 0.069 1.053 6077.9 4.4864 16.964449 1.674086 17.76511 16.091024 "" "" 1592.13721 1997.21887 3084.37759 2.1443 1070.0 6.8855 2902.3 10.06 "" "" 0.0028568408756596037 0.007523291 0.005333562 0.012856852 187.55806184668 -65.16713743287 1781.31006 -6.515 -0.13900000000000082 -1.1938420677185055 0.23097368931770323 0.12755573 0.13455573 "" "" 10.26701858363541 "" 1.3122785470695597 ""
186.78645717159 -64.59069081105 0.0532 0.0516 21.4245 "" "" 5861281674982898560 1444.66748 0.6815 0.0672 -7.745 -1.857 0.063 0.069 1.245 5267.2 4.7136 16.964682 1.31715 17.506048 16.188898 "" "" 1338.50879 1579.64185 3083.71624 2.3736 1358.3 6.6878 2652.2 13.927 "" "" 0.002879271870522884 0.006030134 0.006840234 0.012870368 186.78645717159 -64.59069081105 1444.66748 -7.745 -1.8570000000000004 -2.423842067718506 -1.4870263106822967 0.12855573 0.13455573 "" "" 19.472424340908525 "" 2.5357757941543215 ""
188.07801356389 -65.04174517342 0.0513 0.0496 21.2894 "" "" 5861101973524043904 1849.58215 0.545 0.0644 -5.377 1.813 0.062 0.064 1.044 5300.4 4.6007 16.965702 1.625683 17.737364 16.111681 "" "" 1636.25024 2075.12305 3080.81763 1.88 1097.7 6.7363 2847.6 6.6182 "" "" 0.002833859002076185 0.007223506 0.0045443643 0.01176787 188.07801356389 -65.04174517342 1849.58215 -5.376999999999998 1.8130000000000002 -0.05584206771850564 2.182973689317703 0.12755573 0.12955573 "" "" 19.14443340073378 "" 2.4802462374248275 ""
188.35205033109 -64.7563542235 0.0404 0.0408 23.0839 "" "" 5861297652229337728 1914.86938 0.5258 0.0521 -7.702 -2.589 0.05 0.058 1.009 5298.7 4.6333 16.96716 1.401245 17.542068 16.140823 "" "" 1699.35083 2168.34814 3076.68351 1.742 1314.0 14.021 2772.2 12.914 "" "" 0.0028230641992167214 0.0119165685 0.0063138683 0.018230436 188.35205033109 -64.7563542235 1914.86938 -7.702000000000003 -2.5889999999999995 -2.380842067718506 -2.2190263106822967 0.11555573 0.12355573 "" "" 29.54040602660349 "" 3.525392637843268 ""
187.35185738456 -64.87311789684 0.0538 0.0556 4.9165 "" "" 5861216249647988352 1517.97852 0.6605 0.0713 -12.135 -3.668 0.07 0.074 1.276 5272.7 4.7349 16.967216 1.471969 17.423302 15.951333 "" "" 1372.95618 1678.76782 3076.52185 3.3149 1465.9 26.239 3300.8 47.533 "" "" 0.0029933872285299186 0.019633498 0.016085388 0.035718888 187.35185738456 -64.87311789684 1517.97852 -12.135000000000016 -3.668 -6.813842067718506 -3.298026310682297 0.13555573 0.13955572 "" "" 54.468049389527096 "" 7.425301339629783 ""
187.43094785923 -65.03662069219 0.0444 0.0426 13.9598 "" "" 5861198764924803840 1779.3114 0.5556 0.0572 1.173 -0.108 0.053 0.056 0.98 5422.4 4.6307 16.968037 1.562813 17.68496 16.122147 "" "" 1634.85168 1982.92419 3074.20198 1.611 1151.9 6.1696 2820.3 9.6382 "" "" 0.0028134522126092997 0.0064499527 0.0052963253 0.011746278 187.43094785923 -65.03662069219 1779.3114 1.173 -0.10799999999999976 6.494157932281494 0.26197368931770326 0.118555725 0.12155573 "" "" 54.815859380493656 "" 6.499004476853013 ""
188.01704486585 -64.77537569914 0.0417 0.045 14.4392 "" "" 5861299095338071040 1574.68396 0.6218 0.0559 -8.157 -4.507 0.054 0.059 0.973 5434.9 4.6285 16.968563 1.608013 17.71051 16.102497 "" "" 1445.93909 1763.44128 3072.7097 1.8832 1125.2 5.3069 2871.8 6.9621 "" "" 0.00283453348581061 0.0058315834 0.004605641 0.010437224 188.01704486585 -64.77537569914 1574.68396 -8.157 -4.507 -2.835842067718506 -4.137026310682296 0.11955573 0.12455573 "" "" 37.43700155197733 "" 4.603982715714567 ""
188.34085519494 -64.71028189099 0.0427 0.0424 23.3286 "" "" 5861300946402998016 1850.34985 0.5339 0.0547 -5.704 -1.663 0.053 0.06 1.039 5315.7 4.6635 16.969484 1.368547 17.579617 16.21107 "" "" 1701.07019 2021.24182 3070.10447 1.6472 1269.3 5.6114 2598.5 7.3644 "" "" 0.0028162260803671546 0.0055519356 0.0048736185 0.010425555 188.34085519494 -64.71028189099 1850.34985 -5.703999999999997 -1.663 -0.3828420677185056 -1.2930263106822968 0.118555725 0.12555572 "" "" 11.827339494614087 "" 1.4784890556906507 ""
187.12954816416 -65.03134326384 0.0432 0.0427 15.9603 "" "" 5861196565901082240 1345.42578 0.7436 0.0576 -3.936 0.798 0.054 0.056 1.002 4638.3 4.3955 16.970987 1.364451 17.597563 16.233112 "" "" 1232.69104 1443.05371 3065.85702 1.7568 1248.5 5.7234 2546.3 6.7224 "" "" 0.002824687483578219 0.0057059717 0.004743423 0.010449395 187.12954816416 -65.03134326384 1345.42578 -3.9359999999999995 0.7979999999999993 1.3851579322814942 1.1679736893177033 0.11955573 0.12155573 "" "" 11.55478729313006 "" 1.3910907063016975 ""
187.11007467972 -64.90936344143 0.0593 0.0587 10.8459 "" "" 5861210412877338368 1325.81812 0.7567 0.0768 -4.826 1.627 0.077 0.075 1.479 5487.6 4.7325 16.972094 1.375982 17.47757 16.101587 "" "" 1179.37268 1518.95203 3062.73212 2.8708 1394.4 12.329 2874.2 17.031 "" "" 0.0029372598382907855 0.0099971155 0.00746148 0.017458595 187.11007467972 -64.90936344143 1325.81812 -4.826000000000004 1.6269999999999996 0.4951579322814945 1.9969736893177032 0.14255573 0.14055574 "" "" 12.929770060075532 "" 1.8188612047189778 ""
187.33146772179 -64.49559218412 0.0528 0.0436 18.7914 "" "" 5861286210384573440 1346.25977 0.7283 0.0691 -9.268 -0.993 0.059 0.059 1.036 4978.7 4.7094 16.973036 1.37788 17.578302 16.200422 "" "" 1202.35828 1486.62146 3060.07832 1.8376 1270.9 8.7986 2624.2 8.1021 "" "" 0.0028314102329924915 0.008017832 0.0050518033 0.013069635 187.33146772179 -64.49559218412 1346.25977 -9.268000000000011 -0.9929999999999999 -3.9468420677185065 -0.6230263106822967 0.12455573 0.12455573 "" "" 25.49773009690736 "" 3.175888368469233 ""
187.5421675159 -64.4493708797 0.0552 0.0547 21.4045 "" "" 5861287614826073728 1790.36072 0.5822 0.0706 -7.707 0.222 0.067 0.075 1.199 "" "" 16.975393 1.844737 17.836823 15.992085 "" "" 1568.43701 1978.10046 3053.43963 2.8937 1001.6 6.7933 3179.2 7.2907 "" "" 0.002941173096486749 0.00787482 0.0045258314 0.012400651 187.5421675159 -64.4493708797 1790.36072 -7.707000000000002 0.2219999999999994 -2.3858420677185057 0.5919736893177032 0.13255572 0.14055574 "" "" 20.86092246771729 "" 2.775187126422975 ""
187.15755121711 -64.79700156784 0.0434 0.0442 7.6395 "" "" 5861214879643511936 1910.71863 0.5165 0.057 -9.528 -2.374 0.056 0.055 0.99 5333.9 4.7227 16.976215 1.285391 17.549488 16.264097 "" "" 1706.96143 2164.15723 3051.12946 1.8571 1305.0 7.2326 2474.7 7.8127 "" "" 0.002833461530334502 0.0066328007 0.0051022405 0.011735041 187.15755121711 -64.79700156784 1910.71863 -9.528 -2.374 -4.206842067718506 -2.004026310682297 0.12155573 0.12055573 "" "" 42.202814284146285 "" 5.12221435416953 ""
186.95275515041 -65.01311096208 0.0449 0.0473 17.9204 "" "" 5861207217421338496 1539.58057 0.6342 0.0607 -5.084 -1.203 0.054 0.062 1.064 "" "" 16.976849 1.255594 17.43416 16.178566 "" "" 1414.77625 1686.83301 3049.35248 2.2515 1451.3 58.867 2677.5 41.171 "" "" 0.002869571981915955 0.044127457 0.017117433 0.06124489 186.95275515041 -65.01311096208 1539.58057 -5.084 -1.2030000000000003 0.2371579322814945 -0.8330263106822968 0.11955573 0.12755573 "" "" 6.320661816933743 "" 0.8025560100659492 ""
187.80955866915 -64.54327327538 0.0451 0.042 18.094 "" "" 5861270989012683392 1437.75684 0.6786 0.0576 -9.363 -0.204 0.059 0.058 0.968 5072.1 4.6532 16.977087 1.380825 17.596056 16.21523 "" "" 1336.0564 1562.98633 3048.68289 1.9535 1250.2 8.6071 2588.6 12.225 "" "" 0.002841794428127712 0.00797861 0.006369874 0.014348484 187.80955866915 -64.54327327538 1437.75684 -9.363 -0.20400000000000001 -4.041842067718505 0.16597368931770326 0.12455573 0.12355573 "" "" 27.568236014664873 "" 3.4337355205759486 ""
187.17397201206 -64.4749761623 0.0579 0.053 21.0422 "" "" 5861286828859883008 1557.96716 0.6503 0.072 -2.899 0.164 0.067 0.067 1.375 "" "" 16.979357 1.428461 17.410889 15.982428 "" "" 1416.08997 1793.22632 3042.31559 2.8307 1482.7 9.7023 3207.7 44.412 "" "" 0.002934676146281963 0.007632942 0.015500303 0.023133244 187.17397201206 -64.4749761623 1557.96716 -2.899 0.16399999999999945 2.422157932281494 0.5339736893177033 0.13255572 0.13255572 "" "" 18.316563272187864 "" 2.427965290905889 ""
187.97298612823 -65.05092310005 0.0465 0.0515 19.7949 "" "" 5861008274522850432 1566.65234 0.6318 0.0627 -13.734 2.826 0.057 0.071 0.989 4901.9 4.4658 16.979979 1.659649 17.770712 16.111063 "" "" 1424.42566 1786.55957 3040.57464 2.0459 1064.5 7.3882 2849.3 9.9957 "" "" 0.0028505263324837397 0.008035556 0.0053657647 0.013401321 187.97298612823 -65.05092310005 1566.65234 -13.734000000000002 2.8260000000000005 -8.412842067718506 3.1959736893177033 0.12255573 0.13655573 "" "" 66.82932897668418 "" 8.314117849203404 ""
187.34427552157 -64.44501557062 0.0697 0.0662 21.7422 "" "" 5861287138182158464 1849.81763 0.5222 0.0895 -5.424 0.43 0.086 0.086 1.675 4909.9 4.3655 16.980242 2.156103 18.020775 15.864672 "" "" 1602.79578 2169.65479 3039.83587 2.7342 845.49 8.7863 3575.1 15.145 "" "" 0.002923265821792873 0.011622801 0.005953034 0.017575836 187.34427552157 -64.44501557062 1849.81763 -5.424 0.42999999999999994 -0.10284206771850624 0.7999736893177032 0.15155573 0.15155573 "" "" 7.072002206301566 "" 1.071802470322015 ""
187.1213391416 -64.44069699665 0.0431 0.0423 23.4477 "" "" 5861284251963621504 1775.79443 0.5584 0.0552 -8.136 1.247 0.051 0.052 1.026 4444.7 4.3768 16.980373 1.512487 17.689716 16.177229 "" "" 1624.27319 1997.70264 3039.46448 1.7831 1146.9 8.1205 2680.8 7.8555 "" "" 0.002827983415844747 0.008178124 0.004940218 0.013118342 187.1213391416 -64.44069699665 1775.79443 -8.136 1.247 -2.814842067718505 1.6169736893177034 0.11655573 0.11755573 "" "" 27.32429008276765 "" 3.1916038795253567 ""
188.35651536494 -64.9418826606 0.0437 0.0411 24.3817 "" "" 5861104378705884032 1956.8728 0.5097 0.0552 -6.086 2.518 0.057 0.057 1.008 4828.7 4.2973 16.982231 1.789797 17.864819 16.075022 "" "" 1734.33691 2209.94727 3034.26929 1.7012 976.09 5.343 2945.4 7.3365 "" "" 0.0028217624047500883 0.0065655583 0.004647305 0.011212863 188.35651536494 -64.9418826606 1956.8728 -6.085999999999995 2.518 -0.7648420677185062 2.887973689317703 0.12255573 0.12255573 "" "" 27.711126737594057 "" 3.396157442018008 ""
187.41471032269 -64.48271811803 0.0515 0.0425 19.3183 "" "" 5861286141749684992 1642.07812 0.6038 0.0669 -11.862 -0.361 0.057 0.058 1.026 4834.2 4.6627 16.983337 1.459709 17.66059 16.20088 "" "" 1475.22034 1892.62915 3031.18079 1.9719 1178.1 6.154 2623.0 9.9826 "" "" 0.0028444099169247948 0.0063206973 0.005599811 0.011920508 187.41471032269 -64.48271811803 1642.07812 -11.861999999999997 -0.36100000000000176 -6.540842067718506 0.00897368931770326 0.12255573 0.12355573 "" "" 50.91036699364646 "" 6.239357426525116 ""
187.39711754948 -64.78665967774 0.041 0.0442 1.8386 "" "" 5861219655647672320 1787.74438 0.5472 0.055 -2.564 -0.483 0.054 0.059 0.967 5283.5 4.6831 16.983454 1.333111 17.570602 16.237492 "" "" 1632.73694 1932.86218 3030.85316 1.6685 1279.9 6.3983 2536.1 8.0052 "" "" 0.0028194039371511586 0.0061028334 0.005101855 0.011204688 187.39711754948 -64.78665967774 1787.74438 -2.5640000000000014 -0.48300000000000004 2.757157932281494 -0.11302631068229674 0.11955573 0.12455573 "" "" 23.38352681283645 "" 2.795834783488781 ""
188.17715810449 -64.96393388645 0.0479 0.0473 20.7132 "" "" 5861105718735629312 1855.63196 0.527 0.062 -5.793 -0.358 0.063 0.065 1.101 6036.5 4.4038 16.984114 1.881052 17.903797 16.022745 "" "" 1701.09277 2111.50586 3029.01266 1.9098 941.67 6.0746 3090.7 6.3671 "" "" 0.0028390862869582425 0.007539259 0.0043916497 0.011930909 188.17715810449 -64.96393388645 1855.63196 -5.792999999999992 -0.35799999999999965 -0.471842067718506 0.011973689317703262 0.12855573 0.13055572 "" "" 4.151515218408678 "" 0.5337064543806099 ""
187.56807396563 -64.89331224594 0.0429 0.0443 6.0611 "" "" 5861203712685466624 1635.91931 0.6139 0.0586 -5.294 -0.168 0.059 0.058 0.982 5636.4 4.6633 16.984642 1.480904 17.54739 16.066486 "" "" 1495.84424 1806.10876 3027.53843 3.2161 1307.6 15.676 2968.7 31.388 "" "" 0.0029869757928941837 0.013311907 0.012085604 0.02539751 187.56807396563 -64.89331224594 1635.91931 -5.294 -0.168 0.027157932281494546 0.20197368931770324 0.12455573 0.12355573 "" "" 1.580250802841355 "" 0.19527721274540732 ""
187.55683600194 -64.88878153601 0.0421 0.0438 5.6878 "" "" 5861203712727372800 1801.67957 0.5529 0.0572 -16.01 2.143 0.055 0.057 1.005 5187.7 4.6427 16.984858 1.432003 17.649746 16.217743 "" "" 1626.23169 1977.29956 3026.94086 1.7615 1189.9 8.3028 2582.6 9.3184 "" "" 0.0028268363302706673 0.008073439 0.00544339 0.013516828 187.55683600194 -64.88878153601 1801.67957 -16.01 2.143 -10.688842067718507 2.512973689317703 0.12055573 0.12255573 "" "" 93.77109966062373 "" 11.31454351720233 ""
