Clusters/NGC_4463/NGC_4463_members.tsv
# %ECSV 1.0
# ---
# datatype:
# - name: RA_ICRS_1
#   unit: deg
#   datatype: float64
#   format: '{:15.11f}'
#   description: Right ascension (ICRS) at Ep=2016.0 (ra)
#   meta: !!omap
#   - {ucd: POS_EQ_RA_MAIN}
#   - {width: 15}
#   - {precision: '11'}
# - name: DE_ICRS_1
#   unit: deg
#   datatype: float64
#   format: '{:15.11f}'
#   description: Declination (ICRS) at Ep=2016.0 (dec)
#   meta: !!omap
#   - {ucd: POS_EQ_DEC_MAIN}
#   - {width: 15}
#   - {precision: '11'}
# - name: e_RA_ICRS
#   unit: mas
#   datatype: float64
#   format: '{:7.4f}'
#   description: Standard error of right ascension (ra_error)
#   meta: !!omap
#   - {ucd: ERROR}
#   - {width: 7}
#   - {precision: '4'}
# - name: e_DE_ICRS
#   unit: mas
#   datatype: float64
#   format: '{:7.4f}'
#   description: Standard error of declination (dec_error)
#   meta: !!omap
#   - {ucd: ERROR}
#   - {width: 7}
#   - {precision: '4'}
# - name: _r_1
#   unit: ''
#   datatype: float64
#   format: '{:7.4f}'
#   description: Distance from center (187.45611871000-64.80420179000)[ICRS], at Epoch=J2016.0
#   meta: !!omap
#   - {ucd: POS_ANG_DIST_GENERAL}
#   - {width: 7}
#   - {precision: '4'}
# - name: HIP
#   datatype: int32
#   description: '? HIP cross-id number, van Leeuwen, Cat. I/311 (hip_original_ext_source_id)'
#   meta: !!omap
#   - {ucd: ID_NUMBER}
#   - {width: 6}
#   - values: {'null': -2147483648}
# - name: TYC2
#   datatype: string
#   description: Tycho-2 cross-id name, Hog et al., Cat. I/259 (tyc2_original_ext_source_id)
#   meta: !!omap
#   - {ucd: ID_CROSSID}
#   - {_votable_string_dtype: char}
# - name: Source
#   datatype: int64
#   description: Source identifier, identical to the Gaia-EDR3 source_id (id)
#   meta: !!omap
#   - {ucd: ID_MAIN}
#   - {width: 19}
# - name: rgeo
#   unit: pc
#   datatype: float64
#   format: '{:15.8f}'
#   description: '? Median of the geometric distance posterior (r_med_geo)'
#   meta: !!omap
#   - {ucd: PHYS_DISTANCE_TRUE}
#   - {width: 15}
#   - {precision: '8'}
#   - values: {'null': .nan}
# - name: Plx
#   unit: mas
#   datatype: float64
#   format: '{:9.4f}'
#   description: '? Parallax (parallax)'
#   meta: !!omap
#   - {ucd: POS_PARLX_TRIG}
#   - {width: 9}
#   - {precision: '4'}
#   - values: {'null': .nan}
# - name: e_Plx
#   unit: mas
#   datatype: float32
#   format: '{:7.4f}'
#   description: '? Standard error of parallax (parallax_error)'
#   meta: !!omap
#   - {ucd: ERROR}
#   - {width: 7}
#   - {precision: '4'}
#   - values: {'null': .nan}
# - name: pmRA
#   unit: mas / yr
#   datatype: float64
#   format: '{:9.3f}'
#   description: '? Proper motion in right ascension direction, pmRA*cosDE (pmra)'
#   meta: !!omap
#   - {ucd: POS_EQ_PMRA}
#   - {width: 9}
#   - {precision: '3'}
#   - values: {'null': .nan}
# - name: pmDE
#   unit: mas / yr
#   datatype: float64
#   format: '{:9.3f}'
#   description: '? Proper motion in declination direction (pmdec)'
#   meta: !!omap
#   - {ucd: POS_EQ_PMDEC}
#   - {width: 9}
#   - {precision: '3'}
#   - values: {'null': .nan}
# - name: e_pmRA
#   unit: mas / yr
#   datatype: float32
#   format: '{:6.3f}'
#   description: '? Standard error of proper motion in right ascension direction (pmra_error)'
#   meta: !!omap
#   - {ucd: ERROR}
#   - {width: 6}
#   - {precision: '3'}
#   - values: {'null': .nan}
# - name: e_pmDE
[...]
#       distance: !astropy.table.SerializedColumn
#         __class__: astropy.coordinates.distances.Distance
#         unit: !astropy.units.Unit {unit: pc}
#         value: !astropy.table.SerializedColumn {name: SkyCoord.distance}
#       frame: icrs
#       obstime: !astropy.time.Time {format: jyear_str, in_subfmt: '*', jd1: 367701545.0, jd2: 0.0, out_subfmt: '*', precision: 3, scale: tt}
#       pm_dec: !astropy.table.SerializedColumn
#         __class__: astropy.units.quantity.Quantity
#         unit: !astropy.units.Unit {unit: mas / yr}
#         value: !astropy.table.SerializedColumn {name: SkyCoord.pm_dec}
#       pm_ra_cosdec: !astropy.table.SerializedColumn
#         __class__: astropy.units.quantity.Quantity
#         unit: !astropy.units.Unit {unit: mas / yr}
#         value: !astropy.table.SerializedColumn {name: SkyCoord.pm_ra_cosdec}
#       ra: !astropy.table.SerializedColumn
#         __class__: astropy.coordinates.angles.Longitude
#         unit: *id001
#         value: !astropy.table.SerializedColumn {name: SkyCoord.ra}
#         wrap_angle: !astropy.coordinates.Angle
#           unit: *id001
#           value: 360.0
#       representation_type: spherical
# schema: astropy-2.0
RA_ICRS_1 DE_ICRS_1 e_RA_ICRS e_DE_ICRS _r_1 HIP TYC2 Source rgeo Plx e_Plx pmRA pmDE e_pmRA e_pmDE RUWE Teff logg Gmag BP-RP BPmag RPmag RV e_RV b_rgeo B_rgeo FG e_FG FBP e_FBP FRP e_FRP RAVE5 RAVE6 e_Gmag e_BPmag e_RPmag e_BP-RP SkyCoord.ra SkyCoord.dec SkyCoord.distance SkyCoord.pm_ra_cosdec SkyCoord.pm_dec rmRA rmDE e_rmRA e_rmDE rRV e_rRV v_pec v_pec3d e_vpec e_vpec3d Pmemb
187.48054909412 -64.8113277341 0.0118 0.014 0.7564 60971 8983-2225-1 5861216769429620992 1800.08337 0.5391 0.0161 -5.42 -0.333 0.016 0.019 0.883 "" "" 7.986725 1.209082 8.496317 7.287235 -11.73 0.13 1752.65564 1859.92358 12029755.05455 2934.7 5456200.0 2747.4 9644200.0 2772.8 "" "" 0.002768021860303719 0.0028432268 0.0037922515 0.006635478 187.48054909412 -64.8113277341 1800.08337 -5.42 -0.3330000000000006 -0.09884206771850579 0.03697368931770323 0.08155573 0.08455573 0.0 0.26 0.9004328456065677 0.9004328456065677 0.07377237206424256 0.07377237206424256 0.8
187.48119477658 -64.79002136986 0.0157 0.0182 1.0651 60974 8983-2145-1 5861217147386782464 1745.80127 0.5607 0.0224 -5.31 -0.238 0.022 0.024 1.158 20779.5 3.356 8.336344 0.395466 8.462505 8.067039 "" "" 1683.80701 1809.88416 8717848.04066 3349.6 5628800.0 5091.2 4702600.0 5771.7 "" "" 0.0027867213940975222 0.0029579466 0.004007427 0.0069653736 187.48119477658 -64.79002136986 1745.80127 -5.310000000000003 -0.2380000000000004 0.011157932281494531 0.13197368931770326 0.08755573 0.089555725 "" "" 1.095991486617879 "" 0.09813692783104874 "" 0.8
187.56087121865 -64.79314196708 0.009 0.0105 2.7573 "" 8983-2119-1 5861216906868955008 1770.13684 0.5512 0.0123 -5.299 -0.497 0.012 0.014 0.823 "" "" 9.99723 0.523028 10.180855 9.657826 "" "" 1731.07153 1806.8269 1888230.28391 536.18 1156300.0 523.07 1086500.0 486.73 "" "" 0.0027725153041917245 0.0028330684 0.0038105513 0.0066436194 187.56087121865 -64.79314196708 1770.13684 -5.299000000000002 -0.4969999999999999 0.022157932281493764 -0.12702631068229675 0.07755573 0.07955573 "" "" 1.0819013397262038 "" 0.08600833269938778 "" 0.8
187.43260948511 -64.80362537918 0.0117 0.0137 0.6015 "" 8983-2185-1 5861217009947792896 1626.04919 0.6026 0.0165 -5.341 -0.338 0.017 0.019 0.927 11867.5 3.4381 10.362481 0.459766 10.520805 10.061039 "" "" 1584.27283 1664.24133 1348820.89285 302.41 845460.0 310.84 749450.0 166.86 "" "" 0.002766052313562328 0.0028185798 0.0037871045 0.0066056843 187.43260948511 -64.80362537918 1626.04919 -5.341000000000003 -0.338 -0.01984206771850605 0.031973689317703224 0.082555726 0.08455573 "" "" 0.2900329892545564 "" 0.024364057016364037 "" 0.9
187.40419306614 -64.82742947043 0.0078 0.0091 1.9235 "" "" 5861216558885384576 1623.60144 0.58 0.0109 -5.355 -0.276 0.011 0.012 0.763 "" "" 11.816644 0.686493 12.071456 11.384963 "" "" 1594.47705 1646.4967 353418.3732 88.59 202690.0 161.0 221400.0 127.82 "" "" 0.0027687287623985616 0.0029204132 0.0038310096 0.006751423 187.40419306614 -64.82742947043 1623.60144 -5.355 -0.27599999999999997 -0.033842067718506286 0.09397368931770322 0.07655573 0.07755573 "" "" 0.7686761153953914 "" 0.05952749799794268 "" 1.0
187.51011411124 -64.75475198952 0.0085 0.0099 3.2724 "" "" 5861220171043840640 1787.41016 0.5236 0.0117 -5.303 -0.268 0.011 0.013 0.839 6954.7 3.3993 11.968873 0.431704 12.118285 11.686582 "" "" 1747.95203 1828.10242 307183.1369 128.48 194130.0 306.08 167700.0 175.33 "" "" 0.0027924911108732093 0.0032734524 0.0039461697 0.007219622 187.51011411124 -64.75475198952 1787.41016 -5.303000000000001 -0.2680000000000005 0.018157932281494205 0.10197368931770323 0.07655573 0.07855573 "" "" 0.877544008688253 "" 0.06888284023170917 "" 0.9
187.48206251676 -64.80056015958 0.0078 0.0094 0.6978 "" "" 5861216971202243968 1662.72546 0.5711 0.0106 -5.435 -0.343 0.011 0.013 0.849 "" "" 12.135201 0.621662 12.364608 11.742946 "" "" 1637.6344 1687.06323 263551.79711 129.36 154730.0 279.51 159210.0 246.06 "" "" 0.002806383496316094 0.0034105426 0.004135148 0.007545691 187.48206251676 -64.80056015958 1662.72546 -5.435 -0.3430000000000002 -0.11384206771850547 0.02697368931770322 0.07655573 0.07855573 "" "" 0.9220670065139197 "" 0.07068874976695826 "" 1.0
187.39507851004 -64.75198225974 0.0097 0.0108 3.5003 "" "" 5861221064397019520 1777.84119 0.5373 0.0132 -5.338 -0.313 0.012 0.015 0.957 "" "" 12.752433 0.422227 12.900837 12.47861 "" "" 1737.99695 1833.60217 149270.42404 25.35 94424.0 41.776 80856.0 26.831 "" "" 0.0027614828790337906 0.002831218 0.003796516 0.006627734 187.39507851004 -64.75198225974 1777.84119 -5.337999999999998 -0.31299999999999983 -0.016842067718505938 0.05697368931770325 0.07755573 0.08055573 "" "" 0.5006538130469949 "" 0.04021190356946637 "" 0.8
187.49361962516 -64.74504662546 0.0096 0.0111 3.6766 "" "" 5861220372816339072 1875.38049 0.5089 0.0133 -5.345 -0.23 0.012 0.014 0.991 "" "" 12.774911 0.542412 12.971452 12.42904 "" "" 1825.54968 1924.99512 146211.77518 27.641 88478.0 46.278 84634.0 46.9 "" "" 0.0027629548314989593 0.0028473753 0.0038269733 0.0066743484 187.49361962516 -64.74504662546 1875.38049 -5.344999999999998 -0.23000000000000032 -0.02384206771850561 0.13997368931770324 0.07755573 0.07955573 "" "" 1.262189633921846 "" 0.10034410958695264 "" 1.0
187.45483597623 -64.83841832194 0.0095 0.012 2.0533 "" "" 5861216700710095872 1771.97571 0.5414 0.0133 -5.342 -0.358 0.013 0.017 0.94 7116.6 3.5543 12.890076 0.665147 13.140393 12.475246 "" "" 1731.93433 1810.91956 131497.15368 25.293 75729.0 48.158 81107.0 35.524 "" "" 0.0027632232016575765 0.0028743288 0.003809182 0.0066835107 187.45483597623 -64.83841832194 1771.97571 -5.342000000000001 -0.3579999999999999 -0.020842067718505497 0.011973689317703262 0.07855573 0.082555726 "" "" 0.20188786992714275 "" 0.01606362768003489 "" 0.9
187.43421449999 -64.78321355538 0.0108 0.0131 1.3781 "" "" 5861220033604808576 1696.07947 0.5593 0.0148 -5.463 -0.264 0.014 0.019 0.987 11624.2 4.0329 12.944631 0.542677 13.141638 12.598961 "" "" 1650.04492 1729.83643 125053.0855 31.47 75642.0 47.66 72373.0 29.412 "" "" 0.002768834310434825 0.002872809 0.0038050516 0.0066778604 187.43421449999 -64.78321355538 1696.07947 -5.463 -0.264 -0.14184206771850594 0.10597368931770323 0.07955573 0.08455573 "" "" 1.4234443938621273 "" 0.1158430468949087 "" 1.0
187.35580903828 -64.71508909092 0.01 0.0104 5.9308 "" "" 5861267965446116224 1745.45093 0.5347 0.0135 -5.367 -0.347 0.013 0.014 0.95 "" "" 13.571142 0.625234 13.805164 13.179931 "" "" 1707.95544 1779.8877 70224.71112 17.738 41054.0 22.567 42382.0 19.322 "" "" 0.0027689347820687533 0.002853286 0.0038116586 0.006664945 187.35580903828 -64.71508909092 1745.45093 -5.367000000000001 -0.34699999999999975 -0.04584206771850585 0.022973689317703272 0.07855573 0.07955573 "" "" 0.4242334070975842 "" 0.03341155650805572 "" 0.9
187.44785344451 -64.78359945305 0.0107 0.0132 1.2541 "" "" 5861219999245073024 1773.08484 0.533 0.015 -5.179 -0.556 0.014 0.016 1.179 "" "" 13.683612 0.702847 13.950105 13.247258 "" "" 1734.56323 1823.59729 63314.33236 12.625 35923.0 28.299 39834.0 30.888 "" "" 0.0027638127181714846 0.0029183216 0.0038720178 0.0067903395 187.44785344451 -64.78359945305 1773.08484 -5.179000000000003 -0.5560000000000003 0.14215793228149387 -0.1860263106822968 0.07955573 0.08155573 "" "" 1.9676880324981185 "" 0.15903668692218126 "" 0.9
187.35027477704 -64.78735888862 0.0098 0.0116 2.887 "" "" 5861219827446353152 1649.71594 0.5667 0.0138 -5.319 -0.366 0.013 0.016 0.955 "" "" 13.862831 0.659226 14.112063 13.452837 "" "" 1606.23035 1684.04529 53680.22099 9.6447 30945.0 26.867 32963.0 15.353 "" "" 0.0027622170723537124 0.0029451055 0.003813064 0.0067581693 187.35027477704 -64.78735888862 1649.71594 -5.319 -0.3660000000000001 0.0021579322814941904 0.003973689317703255 0.07855573 0.08155573 "" "" 0.03535908522013076 "" 0.002859923539065544 "" 1.0
187.52210267197 -64.803833816 0.0104 0.0122 1.6856 "" "" 5861216872508857344 1714.83264 0.5464 0.0141 -5.383 -0.35 0.014 0.015 0.922 "" "" 13.890078 0.821197 14.210233 13.389036 "" "" 1683.65051 1757.37231 52349.90492 10.046 28270.0 19.243 34958.0 16.024 "" "" 0.002763186699361708 0.0028863882 0.0038120088 0.006698397 187.52210267197 -64.803833816 1714.83264 -5.383 -0.35000000000000014 -0.061842067718505866 0.01997368931770327 0.07955573 0.08055573 "" "" 0.5282392361162335 "" 0.04207463883125883 "" 0.8
187.59190943298 -64.72586115847 0.0107 0.0118 5.8446 "" "" 5861221717232145024 1720.87622 0.5409 0.0147 -5.241 -0.364 0.013 0.015 0.941 "" "" 13.965517 0.750775 14.25304 13.502265 "" "" 1676.17468 1767.00903 48835.99796 20.602 27177.0 31.83 31496.0 45.077 "" "" 0.002793130963164996 0.0030662813 0.0040863603 0.0071526417 187.59190943298 -64.72586115847 1720.87622 -5.241000000000002 -0.3640000000000006 0.08015793228149448 0.005973689317703257 0.07855573 0.08055573 "" "" 0.6556576641096573 "" 0.051513002633406246 "" 1.0
187.22653516019 -64.76519529381 0.0112 0.013 6.3179 "" "" 5861214982722738688 1674.97168 0.558 0.0162 -5.3 -0.318 0.015 0.017 0.995 "" "" 14.169238 0.651698 14.412538 13.760839 "" "" 1628.65625 1725.20862 40481.02337 10.008 23464.0 19.267 24821.0 19.97 "" "" 0.0027683642183981023 0.0029291424 0.0038790205 0.0068081627 187.22653516019 -64.76519529381 1674.97168 -5.299999999999997 -0.3179999999999995 0.021157932281494318 0.05197368931770324 0.08055573 0.082555726 "" "" 0.4455195793323463 "" 0.03665484119675777 "" 0.9
187.49083740364 -64.84974074921 0.0117 0.013 2.8724 "" "" 5861215876076361856 1631.10864 0.575 0.016 -5.309 -0.413 0.016 0.017 1.01 "" "" 14.272771 0.77776 14.574633 13.796873 "" "" 1593.35889 1674.67151 36799.20502 8.0864 20210.0 16.83 24011.0 10.615 "" "" 0.002765630427930465 0.0029330088 0.00380974 0.006742749 187.49083740364 -64.84974074921 1631.10864 -5.309 -0.4130000000000004 0.012157932281493977 -0.04302631068229673 0.08155573 0.082555726 "" "" 0.345681532654168 "" 0.028512573290156176 "" 0.9
187.26210094742 -64.85561312242 0.0122 0.0134 5.8333 "" "" 5861216460191876224 1905.04724 0.4913 0.0167 -5.281 -0.322 0.016 0.017 0.978 9163.8 4.0104 14.308982 0.659857 14.556097 13.89624 "" "" 1847.52722 1962.68665 35592.13182 8.5989 20558.0 18.029 21911.0 27.403 "" "" 0.0027677780656355263 0.0029481652 0.004015913 0.006964078 187.26210094742 -64.85561312242 1905.04724 -5.280999999999999 -0.32200000000000006 0.040157932281494446 0.04797368931770324 0.08155573 0.082555726 "" "" 0.564939521407497 "" 0.04640706643458154 "" 0.8
187.49583777121 -64.79915030571 0.0123 0.0146 1.0589 "" "" 5861217078667291264 1717.06897 0.5516 0.017 -5.325 -0.327 0.017 0.02 1.028 "" "" 14.363421 0.793447 14.6702 13.876754 "" "" 1675.47302 1764.90137 33851.5489 8.1663 18507.0 18.007 22308.0 12.673 "" "" 0.0027677413618694044 0.0029834602 0.0038293821 0.0068128426 187.49583777121 -64.79915030571 1717.06897 -5.325 -0.3269999999999997 -0.003842067718506037 0.042973689317703234 0.082555726 0.08555573 "" "" 0.3511539343646898 "" 0.030035023477122728 "" 0.9
187.51014863247 -64.84902467236 0.0126 0.0146 3.0223 "" "" 5861215974770120064 1799.21484 0.5197 0.0175 -5.296 -0.395 0.017 0.019 1.019 "" "" 14.514427 1.257766 15.057383 13.799617 "" "" 1751.29333 1852.24646 29456.14992 5.2642 12956.0 15.38 23950.0 17.478 "" "" 0.0027621439308051915 0.0030734735 0.0038615447 0.006935018 187.51014863247 -64.84902467236 1799.21484 -5.296 -0.395 0.025157932281493878 -0.02502631068229677 0.082555726 0.08455573 "" "" 0.30263227264813064 "" 0.02528688342361702 "" 0.9
187.44841038407 -64.81546710548 0.0242 0.0296 0.704 "" "" 5861216975588041472 1610.79614 0.5917 0.0335 -5.196 -0.55 0.032 0.039 1.826 7229.0 3.7364 14.670161 1.074378 15.112861 14.038483 "" "" 1518.22729 1679.48669 25520.09981 6.3003 12310.0 20.217 19221.0 15.024 "" "" 0.00276832729717239 0.0033112837 0.0038734935 0.0071847774 187.44841038407 -64.81546710548 1610.79614 -5.196 -0.5499999999999997 0.1251579322814944 -0.1800263106822968 0.09755573 0.104555726 "" "" 1.67407134864915 "" 0.1713034398279458 "" 0.9
187.51614146317 -64.81566677028 0.0147 0.017 1.6801 "" "" 5861216803789358592 1716.80945 0.5487 0.0203 -5.333 -0.408 0.02 0.023 1.069 8789.3 4.1244 14.914107 1.023657 15.334344 14.310687 "" "" 1670.65698 1765.94885 20384.67169 5.1349 10039.0 12.342 14958.0 10.746 "" "" 0.002768860779600217 0.003093019 0.0038590329 0.006952052 187.51614146317 -64.81566677028 1716.80945 -5.333 -0.40800000000000003 -0.011842067718506044 -0.03802631068229673 0.08555573 0.08855573 "" "" 0.32410384510117013 "" 0.028616624845448673 "" 0.9
187.34025243409 -64.73365057323 0.0148 0.0161 5.1673 "" "" 5861220995677568896 1768.8988 0.5332 0.0203 -5.277 -0.38 0.018 0.021 0.969 7907.9 4.3743 14.928696 0.914779 15.281464 14.366685 "" "" 1712.28711 1852.40088 20112.61792 5.5942 10540.0 14.16 14206.0 22.813 "" "" 0.002771820311873385 0.0031484389 0.004162175 0.007310614 187.34025243409 -64.73365057323 1768.8988 -5.2769999999999975 -0.38 0.044157932281494006 -0.010026310682296757 0.08355573 0.08655573 "" "" 0.37966967368651683 "" 0.031780369591353226 "" 1.0
187.48751918333 -64.83292666018 0.0154 0.0169 1.9008 "" "" 5861215944795868288 1655.43958 0.5712 0.0206 -5.316 -0.338 0.02 0.022 1.048 7121.3 4.1069 14.938236 1.189307 15.441495 14.252188 "" "" 1595.65503 1705.771 19936.65654 4.3865 9095.3 13.194 15786.0 17.665 "" "" 0.0027656564795552553 0.0032040146 0.0039698714 0.007173886 187.48751918333 -64.83292666018 1655.43958 -5.316 -0.3380000000000003 0.005157932281494304 0.031973689317703224 0.08555573 0.08755573 "" "" 0.2541341811223353 "" 0.022238155618094457 "" 1.0
187.31563631493 -64.84908664824 0.0181 0.0205 4.4841 "" "" 5861216421446712064 1599.12915 0.5928 0.0253 -5.342 -0.319 0.024 0.027 1.057 7311.5 4.3194 15.278709 1.056837 15.69647 14.639633 "" "" 1524.55139 1675.6637 14570.11063 3.9635 7191.7 22.914 11049.0 28.371 "" "" 0.0027711048995721923 0.0044443337 0.004696389 0.009140722 187.31563631493 -64.84908664824 1599.12915 -5.342 -0.31899999999999995 -0.020842067718505497 0.05097368931770324 0.089555725 0.09255573 "" "" 0.41742382812949924 "" 0.03845809969884549 "" 0.8
187.46164634406 -64.74934541061 0.0203 0.0217 3.2944 "" "" 5861220342842533248 1652.02051 0.5724 0.0277 -5.233 -0.362 0.025 0.028 1.03 7487.1 4.2928 15.433238 1.102028 15.893185 14.791157 "" "" 1577.75366 1738.31543 12637.22517 3.538 5999.9 11.413 9609.4 10.902 "" "" 0.0027720366218653837 0.0034713761 0.003975049 0.007446425 187.46164634406 -64.74934541061 1652.02051 -5.2330000000000005 -0.36199999999999977 0.08815793228149449 0.007973689317703259 0.09055573 0.09355573 "" "" 0.6931454604350028 "" 0.06278544202765189 "" 0.8
187.32459734257 -64.79259957157 0.0183 0.022 3.4315 "" "" 5861219896165815168 1650.41882 0.5702 0.0259 -5.253 -0.336 0.025 0.029 0.976 6951.6 4.2064 15.46617 1.1075 15.924968 14.817468 "" "" 1587.55676 1728.54553 12259.66323 4.052 5826.8 10.188 9379.3 15.661 "" "" 0.002778590302703396 0.0033747437 0.004191697 0.007566441 187.32459734257 -64.79259957157 1650.41882 -5.253 -0.3360000000000004 0.06815793228149403 0.033973689317703226 0.09055573 0.09455573 "" "" 0.5957661809013699 "" 0.05443261402902138 "" 1.0
187.28413537141 -64.77979962514 0.0194 0.0224 4.6324 "" "" 5861220613334880000 1882.94153 0.5011 0.0275 -5.392 -0.375 0.026 0.028 1.027 6422.1 4.0679 15.581872 1.051796 15.993722 14.941926 "" "" 1784.48608 1993.72339 11020.41491 3.3376 5469.3 16.212 8363.5 20.287 "" "" 0.0027748717456406685 0.004259416 0.004606486 0.008865902 187.28413537141 -64.77979962514 1882.94153 -5.391999999999997 -0.37500000000000006 -0.07084206771850621 -0.005026310682296753 0.09155573 0.09355573 "" "" 0.6338650250835396 "" 0.05804039362611718 "" 0.9
187.41331715974 -64.83029224884 0.0196 0.0218 1.9091 "" "" 5861216735069841536 1660.00012 0.5672 0.0271 -5.236 -0.482 0.027 0.029 1.006 7195.5 4.337 15.610302 1.224066 16.138525 14.914459 "" "" 1592.49805 1746.0166 10735.59274 2.8999 4786.4 8.7428 8577.8 11.778 "" "" 0.0027708847145643278 0.003423174 0.0040627844 0.0074859583 187.41331715974 -64.83029224884 1660.00012 -5.236 -0.482 0.08515793228149438 -0.11202631068229674 0.09255573 0.09455573 "" "" 1.1072315236854615 "" 0.10388957389050603 "" 0.9
