Clusters/NGC_4463/NGC_4463_stars_in_region.tsv
# %ECSV 1.0
# ---
# datatype:
# - name: RA_ICRS_1
#   unit: deg
#   datatype: float64
#   format: '{:15.11f}'
#   description: Right ascension (ICRS) at Ep=2016.0 (ra)
#   meta: !!omap
#   - {ucd: POS_EQ_RA_MAIN}
#   - {width: 15}
#   - {precision: '11'}
# - name: DE_ICRS_1
#   unit: deg
#   datatype: float64
#   format: '{:15.11f}'
#   description: Declination (ICRS) at Ep=2016.0 (dec)
#   meta: !!omap
#   - {ucd: POS_EQ_DEC_MAIN}
#   - {width: 15}
#   - {precision: '11'}
# - name: e_RA_ICRS
#   unit: mas
#   datatype: float64
#   format: '{:7.4f}'
#   description: Standard error of right ascension (ra_error)
#   meta: !!omap
#   - {ucd: ERROR}
#   - {width: 7}
#   - {precision: '4'}
# - name: e_DE_ICRS
#   unit: mas
#   datatype: float64
#   format: '{:7.4f}'
#   description: Standard error of declination (dec_error)
#   meta: !!omap
#   - {ucd: ERROR}
#   - {width: 7}
#   - {precision: '4'}
# - name: _r_1
#   unit: ''
#   datatype: float64
#   format: '{:7.4f}'
#   description: Distance from center (187.45611871000-64.80420179000)[ICRS], at Epoch=J2016.0
#   meta: !!omap
#   - {ucd: POS_ANG_DIST_GENERAL}
#   - {width: 7}
#   - {precision: '4'}
# - name: HIP
#   datatype: int32
#   description: '? HIP cross-id number, van Leeuwen, Cat. I/311 (hip_original_ext_source_id)'
#   meta: !!omap
#   - {ucd: ID_NUMBER}
#   - {width: 6}
#   - values: {'null': -2147483648}
# - name: TYC2
#   datatype: string
#   description: Tycho-2 cross-id name, Hog et al., Cat. I/259 (tyc2_original_ext_source_id)
#   meta: !!omap
#   - {ucd: ID_CROSSID}
#   - {_votable_string_dtype: char}
# - name: Source
#   datatype: int64
#   description: Source identifier, identical to the Gaia-EDR3 source_id (id)
#   meta: !!omap
#   - {ucd: ID_MAIN}
#   - {width: 19}
# - name: rgeo
#   unit: pc
#   datatype: float64
#   format: '{:15.8f}'
#   description: '? Median of the geometric distance posterior (r_med_geo)'
#   meta: !!omap
#   - {ucd: PHYS_DISTANCE_TRUE}
#   - {width: 15}
#   - {precision: '8'}
#   - values: {'null': .nan}
# - name: Plx
#   unit: mas
#   datatype: float64
#   format: '{:9.4f}'
#   description: '? Parallax (parallax)'
#   meta: !!omap
#   - {ucd: POS_PARLX_TRIG}
#   - {width: 9}
#   - {precision: '4'}
#   - values: {'null': .nan}
# - name: e_Plx
#   unit: mas
#   datatype: float32
#   format: '{:7.4f}'
#   description: '? Standard error of parallax (parallax_error)'
#   meta: !!omap
#   - {ucd: ERROR}
#   - {width: 7}
#   - {precision: '4'}
#   - values: {'null': .nan}
# - name: pmRA
#   unit: mas / yr
#   datatype: float64
#   format: '{:9.3f}'
#   description: '? Proper motion in right ascension direction, pmRA*cosDE (pmra)'
#   meta: !!omap
#   - {ucd: POS_EQ_PMRA}
#   - {width: 9}
#   - {precision: '3'}
#   - values: {'null': .nan}
# - name: pmDE
#   unit: mas / yr
#   datatype: float64
#   format: '{:9.3f}'
#   description: '? Proper motion in declination direction (pmdec)'
#   meta: !!omap
#   - {ucd: POS_EQ_PMDEC}
#   - {width: 9}
#   - {precision: '3'}
#   - values: {'null': .nan}
# - name: e_pmRA
#   unit: mas / yr
#   datatype: float32
#   format: '{:6.3f}'
#   description: '? Standard error of proper motion in right ascension direction (pmra_error)'
#   meta: !!omap
#   - {ucd: ERROR}
#   - {width: 6}
#   - {precision: '3'}
#   - values: {'null': .nan}
# - name: e_pmDE
[...]
#         value: !astropy.table.SerializedColumn {name: SkyCoord.dec}
#       distance: !astropy.table.SerializedColumn
#         __class__: astropy.coordinates.distances.Distance
#         unit: !astropy.units.Unit {unit: pc}
#         value: !astropy.table.SerializedColumn {name: SkyCoord.distance}
#       frame: icrs
#       obstime: !astropy.time.Time {format: jyear_str, in_subfmt: '*', jd1: 367701545.0, jd2: 0.0, out_subfmt: '*', precision: 3, scale: tt}
#       pm_dec: !astropy.table.SerializedColumn
#         __class__: astropy.units.quantity.Quantity
#         unit: !astropy.units.Unit {unit: mas / yr}
#         value: !astropy.table.SerializedColumn {name: SkyCoord.pm_dec}
#       pm_ra_cosdec: !astropy.table.SerializedColumn
#         __class__: astropy.units.quantity.Quantity
#         unit: !astropy.units.Unit {unit: mas / yr}
#         value: !astropy.table.SerializedColumn {name: SkyCoord.pm_ra_cosdec}
#       ra: !astropy.table.SerializedColumn
#         __class__: astropy.coordinates.angles.Longitude
#         unit: *id001
#         value: !astropy.table.SerializedColumn {name: SkyCoord.ra}
#         wrap_angle: !astropy.coordinates.Angle
#           unit: *id001
#           value: 360.0
#       representation_type: spherical
# schema: astropy-2.0
RA_ICRS_1 DE_ICRS_1 e_RA_ICRS e_DE_ICRS _r_1 HIP TYC2 Source rgeo Plx e_Plx pmRA pmDE e_pmRA e_pmDE RUWE Teff logg Gmag BP-RP BPmag RPmag RV e_RV b_rgeo B_rgeo FG e_FG FBP e_FBP FRP e_FRP RAVE5 RAVE6 e_Gmag e_BPmag e_RPmag e_BP-RP SkyCoord.ra SkyCoord.dec SkyCoord.distance SkyCoord.pm_ra_cosdec SkyCoord.pm_dec rmRA rmDE e_rmRA e_rmDE rRV e_rRV v_pec v_pec3d e_vpec e_vpec3d
[from data line 906]
187.7040168994 -65.00309043534 0.0236 0.0271 13.4982 "" "" 5861199726997548288 1949.3999 0.4895 0.033 -15.918 -0.189 0.031 0.035 1.019 6155.3 4.1999 15.91447 1.427437 16.561651 15.134214 "" "" 1814.11389 2092.32031 8112.58061 2.856 3241.6 8.4292 7006.0 11.466 "" "" 0.0027817060074807076 0.003969365 0.0041762595 0.008145625 187.7040168994 -65.00309043534 1949.3999 -15.91800000000001 -0.18899999999999845 -10.596842067718505 0.18097368931770325 0.096555725 0.10055573 "" "" 97.93074694347548 "" 9.455890827704874 ""
188.05218384061 -64.94730505594 0.026 0.0302 17.4441 "" "" 5861106371570664448 1372.96448 0.6947 0.036 -10.926 -1.152 0.034 0.039 1.107 5613.3 4.3348 15.915214 1.452095 16.523829 15.071733 "" "" 1313.02209 1457.60425 8107.02108 3.6616 3356.5 11.513 7421.0 17.41 "" "" 0.002798618092731774 0.0046534156 0.0045576184 0.009211034 188.05218384061 -64.94730505594 1372.96448 -10.925999999999998 -1.152000000000001 -5.604842067718506 -0.7820263106822967 0.09955573 0.104555726 "" "" 36.82881717712418 "" 3.670122754257105 ""
187.02353366959 -64.69850806065 0.0243 0.0244 12.7587 "" "" 5861265835141875712 1927.38574 0.4899 0.032 -4.14 2.732 0.029 0.031 1.019 5267.0 4.2441 15.915628 1.289779 16.475796 15.186017 "" "" 1800.94897 2052.01074 8103.92619 2.9536 3508.3 7.6415 6679.6 8.7343 "" "" 0.00278359090235655 0.0036575443 0.004037242 0.0076947864 187.02353366959 -64.69850806065 1927.38574 -4.139999999999997 2.732000000000002 1.1811579322814945 3.1019736893177035 0.09455573 0.096555725 "" "" 30.323969120741022 "" 2.9203426065603706 ""
187.66716377256 -64.74657734084 0.0238 0.0275 6.409 "" "" 5861218723549316224 1525.24329 0.6271 0.0319 -6.722 -0.164 0.029 0.037 0.992 5940.9 3.9584 15.915686 1.489629 16.582441 15.092813 "" "" 1459.73706 1617.90784 8103.49736 3.0607 3180.1 7.6347 7278.4 12.004 "" "" 0.00278567013062434 0.0038183038 0.0041821296 0.008000433 187.66716377256 -64.74657734084 1525.24329 -6.7220000000000075 -0.16400000000000053 -1.4008420677185063 0.20597368931770324 0.09455573 0.10255573 "" "" 10.236493656926111 "" 0.9697237348691318 ""
187.18298170645 -64.57292582847 0.0303 0.0302 15.5451 "" "" 5861273634803113088 1651.30945 0.5753 0.0403 -6.587 -1.217 0.038 0.038 1.236 6347.2 4.3341 15.917684 1.177462 16.404537 15.227076 "" "" 1554.73193 1763.80884 8088.60171 2.9483 3746.3 8.2178 6431.7 10.309 "" "" 0.0027835963443988906 0.0036684177 0.0041607986 0.007829216 187.18298170645 -64.57292582847 1651.30945 -6.587000000000009 -1.2170000000000014 -1.2658420677185056 -0.8470263106822968 0.103555724 0.103555724 "" "" 11.921557258824057 "" 1.234545493440309 ""
187.38739536541 -64.66678565164 0.0251 0.0253 8.4307 "" "" 5861268687000670464 1812.20239 0.5183 0.0333 -5.048 -0.099 0.03 0.035 0.923 6602.4 4.1317 15.918798 1.426836 16.56114 15.134304 "" "" 1694.64587 1898.38513 8080.29462 2.706 3243.1 7.1019 7005.5 10.274 "" "" 0.0027792076196676034 0.003665791 0.004101115 0.0077669057 187.38739536541 -64.66678565164 1812.20239 -5.048000000000006 -0.09900000000000019 0.2731579322814941 0.27097368931770327 0.09555573 0.10055573 "" "" 3.3050459880908014 "" 0.32411769614901437 ""
187.15124999893 -64.6965091629 0.0249 0.026 10.1309 "" "" 5861263258161525248 1428.83582 0.6709 0.0333 -12.217 1.925 0.031 0.034 1.058 5571.9 4.3949 15.919264 1.299866 16.491663 15.191797 "" "" 1360.2594 1494.25793 8076.83277 2.8208 3457.4 6.9407 6644.1 8.2929 "" "" 0.002781289910960362 0.0035405832 0.004014999 0.0075555826 187.15124999893 -64.6965091629 1428.83582 -12.216999999999997 1.9250000000000007 -6.895842067718506 2.294973689317703 0.096555725 0.09955573 "" "" 49.22185612318905 "" 4.767581799891022 ""
187.63276003789 -64.913321066 0.0284 0.0308 7.9461 "" "" 5861204296842897664 1603.53894 0.6014 0.0379 -5.936 0.203 0.039 0.041 1.149 6404.7 4.3508 15.924582 1.260531 16.46385 15.203319 "" "" 1501.47363 1714.89282 8037.37525 3.4303 3547.1 7.53 6574.0 11.893 "" "" 0.0027940141822356515 0.0036190413 0.004259321 0.007878362 187.63276003789 -64.913321066 1603.53894 -5.936 0.2030000000000009 -0.6148420677185058 0.5729736893177033 0.104555726 0.10655573 "" "" 6.387950774825231 "" 0.6738651534136441 ""
187.50041336408 -64.69249002801 0.0472 0.0496 6.7979 "" "" 5861221511073756672 1822.50391 0.528 0.0634 -5.334 0.559 0.06 0.065 2.16 6025.7 3.4273 15.929571 2.393043 17.132303 14.739261 "" "" 1633.49719 2015.78088 8000.52478 6.9535 1916.4 12.511 10080.0 26.415 "" "" 0.002912431599161984 0.0076174987 0.0047306395 0.012348138 187.50041336408 -64.69249002801 1822.50391 -5.334000000000004 0.5589999999999995 -0.01284206771850549 0.9289736893177033 0.12555572 0.13055572 "" "" 8.025862543767522 "" 1.0478147356093528 ""
187.66817384821 -65.08500994012 0.0277 0.0327 17.6891 "" "" 5861010851503068032 1773.974 0.5242 0.04 -6.434 0.523 0.034 0.037 0.97 "" "" 15.934695 "" "" "" 19.48 10.7 1655.46436 1925.65576 7962.85134 10.201 "" "" "" "" "" "" 0.003086489091640041 "" "" "" 187.66817384821 -65.08500994012 1773.974 -6.434 0.5230000000000007 -1.112842067718506 0.8929736893177033 0.09955573 0.10255573 "" "" 11.997623374921332 "" 1.2086577596199894 ""
187.32753851297 -65.13438524883 0.0275 0.0254 20.0781 "" "" 5861191549379100288 1325.28601 0.7319 0.0353 -7.677 -2.778 0.033 0.033 1.032 5662.7 4.4595 15.934918 1.345865 16.497965 15.1521 "" "" 1256.84741 1383.40247 7961.21563 2.9905 3437.4 10.814 6891.6 18.337 "" "" 0.0027853405572317615 0.0044104536 0.0047570444 0.009167498 187.32753851297 -65.13438524883 1325.28601 -7.676999999999993 -2.778 -2.3558420677185055 -2.4080263106822968 0.09855573 0.09855573 "" "" 21.16210017669339 "" 2.085646205707543 ""
187.61338401082 -64.70351076034 0.0257 0.0267 7.2592 "" "" 5861221987724517120 1433.99133 0.6672 0.0343 -8.151 -0.343 0.03 0.035 1.023 5411.2 4.2191 15.935486 1.505389 16.624615 15.119226 "" "" 1348.70374 1516.77954 7957.05534 2.8242 3058.9 5.7193 7103.4 10.883 "" "" 0.0027821380672561694 0.0034505157 0.0041292557 0.0075797713 187.61338401082 -64.70351076034 1433.99133 -8.15100000000001 -0.3429999999999996 -2.8298420677185057 0.02697368931770322 0.09555573 0.10055573 "" "" 19.23564679722872 "" 1.8380852411003397 ""
188.21878897916 -64.83653320011 0.0243 0.0258 19.5653 "" "" 5861294972169579648 1850.11023 0.5086 0.0335 -8.06 -0.096 0.032 0.036 1.061 5839.2 4.1319 15.935833 1.268476 16.49639 15.227914 "" "" 1727.13342 1983.19739 7954.50888 2.8461 3442.4 7.3712 6426.8 9.6854 "" "" 0.0027825709095603422 0.0036318218 0.0041183745 0.0077501964 188.21878897916 -64.83653320011 1850.11023 -8.06 -0.09599999999999997 -2.7388420677185064 0.2739736893177033 0.09755573 0.10155573 "" "" 24.138208153236068 "" 2.3557964354428376 ""
186.99581030032 -64.64926922386 0.0252 0.0244 15.0149 "" "" 5861267136423909888 1519.85413 0.6262 0.0327 -2.892 -0.199 0.031 0.031 1.038 5217.8 4.2064 15.935863 1.581874 16.669811 15.087937 "" "" 1457.97815 1617.8678 7954.28751 3.8508 2934.2 5.7253 7311.1 12.497 "" "" 0.0028050077519110785 0.00350331 0.0042104605 0.0077137705 186.99581030032 -64.64926922386 1519.85413 -2.891999999999997 -0.19899999999999984 2.4291579322814942 0.17097368931770324 0.096555725 0.096555725 "" "" 17.543210345471348 "" 1.6938973891737499 ""
188.1242307868 -64.61738004833 0.0269 0.0295 20.4669 "" "" 5861313629509567360 1774.64124 0.534 0.0373 -4.847 3.506 0.037 0.038 1.116 5957.7 4.3509 15.936119 1.206639 16.443233 15.236594 "" "" 1675.80298 1876.72632 7952.4145 3.6583 3615.1 7.7971 6375.6 9.1318 "" "" 0.0028002239459953963 0.00364263 0.0040868176 0.0077294474 188.1242307868 -64.61738004833 1774.64124 -4.846999999999995 3.506000000000002 0.4741579322814937 3.875973689317703 0.10255573 0.103555724 "" "" 32.84697057438385 "" 3.4010098110375555 ""
187.88086770558 -64.81293601994 0.0236 0.0267 10.8601 "" "" 5861205082733094144 1586.00891 0.5967 0.0319 -12.068 -0.447 0.029 0.036 1.026 5509.6 4.1939 15.938466 1.561665 16.631458 15.069793 "" "" 1502.26025 1664.80981 7935.24732 3.0664 3039.7 10.779 7434.3 23.565 "" "" 0.002787080701028613 0.004754821 0.005111542 0.009866362 187.88086770558 -64.81293601994 1586.00891 -12.068 -0.44700000000000123 -6.7468420677185055 -0.07702631068229676 0.09455573 0.10155573 "" "" 50.72392009415481 "" 4.796285184458872 ""
186.87431844678 -64.79731513078 0.0227 0.0244 14.8684 "" "" 5861260887339289088 1378.23621 0.6928 0.0302 -12.363 -0.031 0.03 0.032 1.008 5713.5 4.4408 15.939486 1.192148 16.453438 15.26129 "" "" 1324.24414 1455.30164 7927.79459 2.7406 3581.3 9.5236 6232.2 9.9679 "" "" 0.002780766943892776 0.0040151305 0.0041592456 0.008174377 186.87431844678 -64.79731513078 1378.23621 -12.363000000000001 -0.031000000000000444 -7.041842067718505 0.3389736893177032 0.09555573 0.09755573 "" "" 46.056492959394895 "" 4.401176985185846 ""
187.99472071332 -64.79225522411 0.0234 0.0284 13.7791 "" "" 5861298992258845952 1882.80151 0.5042 0.0328 -6.62 0.938 0.03 0.037 1.017 7199.9 4.2866 15.941296 1.44077 16.594305 15.153535 "" "" 1777.43323 2009.11768 7914.58945 3.0008 3145.5 8.5653 6882.5 10.097 "" "" 0.0027859018088280166 0.0040652077 0.0041013225 0.00816653 187.99472071332 -64.79225522411 1882.80151 -6.62 0.9380000000000017 -1.298842067718506 1.3079736893177032 0.09555573 0.10255573 "" "" 16.45056747225994 "" 1.6309429271977784 ""
186.94221752382 -64.74717730156 0.0296 0.0293 13.5784 "" "" 5861265624595232128 1643.44958 0.5825 0.0386 -9.82 -0.091 0.037 0.038 1.244 5858.3 4.4098 15.944123 1.29371 16.474167 15.180457 "" "" 1534.31689 1749.26917 7894.00777 3.8333 3513.6 12.392 6713.9 19.235 "" "" 0.002805309284200455 0.0047379513 0.004894839 0.00963279 186.94221752382 -64.74717730156 1643.44958 -9.82 -0.09100000000000075 -4.498842067718506 0.2789736893177033 0.10255573 0.103555724 "" "" 35.11307457418159 "" 3.6011821301074463 ""
187.27179753932 -65.14405959686 0.0277 0.0253 20.9212 "" "" 5861191515019319680 1406.4325 0.6811 0.0358 -9.771 -0.968 0.033 0.033 1.019 5701.9 4.4805 15.944367 1.215665 16.467752 15.252088 "" "" 1341.10071 1471.17151 7892.23189 4.6152 3534.4 10.106 6285.3 14.085 "" "" 0.0028275263667641762 0.004174063 0.0044948384 0.008668901 187.27179753932 -65.14405959686 1406.4325 -9.770999999999999 -0.968 -4.449842067718507 -0.5980263106822967 0.09855573 0.09855573 "" "" 29.931523181904918 "" 2.9499230810815305 ""
186.6566792622 -64.81010845755 0.0249 0.0264 20.4206 "" "" 5861263498679323008 1714.45264 0.5641 0.0336 -14.031 -1.383 0.034 0.036 1.118 5675.2 4.4363 15.944402 1.152527 16.422815 15.270288 "" "" 1613.08362 1804.66772 7891.97834 2.6232 3683.8 7.9169 6180.8 14.39 "" "" 0.002778853716377089 0.0036372598 0.004546805 0.008184064 186.6566792622 -64.81010845755 1714.45264 -14.031 -1.383 -8.709842067718506 -1.0130263106822968 0.09955573 0.10155573 "" "" 71.25771720932705 "" 7.096035117141637 ""
187.97341824933 -64.89979958369 0.0251 0.0287 14.383 "" "" 5861294491133168512 1951.80225 0.4826 0.0345 -12.229 -1.095 0.035 0.039 1.039 5193.0 3.7054 15.946762 1.755324 16.79785 15.042525 "" "" 1816.29785 2122.37354 7874.84221 2.9038 2607.8 7.3248 7623.4 7.6402 "" "" 0.0027842550901797467 0.004133429 0.0039329063 0.008066336 187.97341824933 -64.89979958369 1951.80225 -12.229 -1.0950000000000002 -6.907842067718505 -0.7250263106822967 0.10055573 0.104555726 "" "" 64.25923687019147 "" 6.46449038251194 ""
187.01691600625 -64.75346599358 0.0244 0.0245 11.6343 "" "" 5861262497859025024 1395.1521 0.6848 0.0321 -13.239 2.178 0.032 0.031 1.083 5732.6 4.3907 15.947156 1.308974 16.507744 15.19877 "" "" 1341.00879 1444.85022 7871.98422 3.1995 3406.6 8.6949 6601.6 12.232 "" "" 0.0027904344779809557 0.003932505 0.004281453 0.008213958 187.01691600625 -64.75346599358 1395.1521 -13.239 2.1779999999999995 -7.917842067718507 2.547973689317703 0.09755573 0.096555725 "" "" 55.005227603217214 "" 5.360937323478163 ""
186.840002357 -64.63840550637 0.0247 0.025 18.6586 "" "" 5861277654893390336 1366.34363 0.7002 0.0323 -3.306 -1.439 0.03 0.035 0.942 5412.2 4.2398 15.947575 1.439276 16.599134 15.159859 "" "" 1308.59143 1418.43872 7868.95168 2.7 3131.6 6.6473 6842.5 8.7725 "" "" 0.0027803910423601264 0.0036188974 0.004027572 0.0076464694 186.840002357 -64.63840550637 1366.34363 -3.3059999999999996 -1.439 2.015157932281494 -1.0690263106822968 0.09555573 0.10055573 "" "" 14.773844262460518 "" 1.428275857644695 ""
186.99650549582 -65.05532278575 0.025 0.0273 19.0672 "" "" 5861196600260743552 1911.68677 0.4992 0.0329 3.87 -2.348 0.031 0.035 0.982 5550.5 4.217 15.948019 1.405094 16.532984 15.12789 "" "" 1795.97998 2041.26733 7865.72995 3.2392 3328.3 14.143 7047.0 25.939 "" "" 0.002791362524161046 0.005391724 0.0055004777 0.010892201 186.99650549582 -65.05532278575 1911.68677 3.869999999999996 -2.347999999999998 9.191157932281495 -1.9780263106822966 0.096555725 0.10055573 "" "" 85.19156078385139 "" 8.241115025683172 ""
187.79801456444 -65.09421969045 0.1766 0.1861 19.4484 "" "" 5861010679704382208 1888.51746 0.773 0.2396 -11.571 2.196 0.217 0.256 6.359 7384.2 4.3489 15.948236 1.709979 16.710104 15.000125 "" "" 1275.3302 3498.61792 7864.15841 16.267 2827.3 7.8067 7927.0 11.752 "" "" 0.0035546593881640434 0.0040954323 0.0041078767 0.008203309 187.79801456444 -65.09421969045 1888.51746 -11.571 2.1959999999999953 -6.249842067718506 2.5659736893177034 0.28255573 0.32155573 "" "" 60.47762773781281 "" 17.448220419274698 ""
187.88647034225 -64.71903911758 0.024 0.0263 12.1377 "" "" 5861312117680964992 1577.47974 0.601 0.0333 -0.509 14.779 0.031 0.037 1.009 6320.9 4.0834 15.949726 1.472567 16.604292 15.131725 "" "" 1485.4397 1691.76575 7853.37652 3.2684 3116.7 6.7316 7022.1 11.857 "" "" 0.0027921257295874945 0.0036447486 0.0042005586 0.007845307 187.88647034225 -64.71903911758 1577.47974 -0.5090000000000006 14.77900000000001 4.812157932281494 15.148973689317703 0.096555725 0.10255573 "" "" 118.85030329960254 "" 12.12516500564883 ""
187.16517531212 -64.82883951283 0.025 0.0265 7.5738 "" "" 5861214600380601216 1870.56421 0.5061 0.0339 -9.219 -0.208 0.033 0.034 1.044 5528.2 4.2184 15.950855 1.264021 16.478003 15.213982 "" "" 1747.88 2002.19519 7845.2129 2.7978 3501.2 7.6081 6509.8 11.394 "" "" 0.0027823935502896053 0.0036539508 0.0042302534 0.007884204 187.16517531212 -64.82883951283 1870.56421 -9.219 -0.20799999999999927 -3.8978420677185053 0.16197368931770326 0.09855573 0.09955573 "" "" 34.58994296148639 "" 3.4090969663152744 ""
187.4581450374 -64.87009439673 0.0237 0.026 3.9539 "" "" 5861215635558164224 1886.70947 0.5032 0.0328 -8.136 0.648 0.032 0.034 0.974 5139.9 3.6751 15.951694 1.700381 16.735167 15.034785 "" "" 1780.47937 2009.27625 7839.15441 2.8318 2762.8 16.474 7677.9 28.204 "" "" 0.002783094926768959 0.0070496784 0.0054945983 0.012544276 187.4581450374 -64.87009439673 1886.70947 -8.136 0.6479999999999999 -2.814842067718505 1.0179736893177034 0.09755573 0.09955573 "" "" 26.768734124698288 "" 2.617691480999905 ""
187.11070137205 -64.75523412163 0.0264 0.0263 9.3068 "" "" 5861262124290032256 1838.97266 0.5105 0.0345 -10.238 -0.897 0.035 0.034 1.096 "" "" 15.952317 1.374319 16.525465 15.151146 "" "" 1745.26245 1973.08777 7834.65478 3.3408 3351.4 8.019 6897.6 44.305 "" "" 0.0027939457146109997 0.0038123487 0.007932197 0.011744546 187.11070137205 -64.75523412163 1838.97266 -10.238 -0.897 -4.916842067718505 -0.5270263106822968 0.10055573 0.09955573 "" "" 43.1042914949627 "" 4.333896415093092 ""
186.67158288662 -64.72574766712 0.0251 0.0252 20.6129 "" "" 5861276727180295808 1917.17383 0.497 0.0341 -7.229 -0.014 0.033 0.034 1.029 5487.6 4.2992 15.953901 1.207488 16.357052 15.149564 "" "" 1818.69995 2055.75659 7823.23328 3.7631 3913.8 15.783 6907.7 55.084 "" "" 0.0028043789188391633 0.0051918607 0.009446917 0.014638778 186.67158288662 -64.72574766712 1917.17383 -7.229 -0.013999999999999969 -1.907842067718506 0.35597368931770323 0.09855573 0.09955573 "" "" 17.63653856690253 "" 1.738778158896807 ""
