Clusters/UFMG_45/UFMG_45_stars_in_region.tsv
# %ECSV 1.0
# ---
# datatype:
# - name: RA_ICRS_1
#   unit: deg
#   datatype: float64
#   format: '{:15.11f}'
#   description: Right ascension (ICRS) at Ep=2016.0 (ra)
#   meta: !!omap
#   - {ucd: POS_EQ_RA_MAIN}
#   - {width: 15}
#   - {precision: '11'}
# - name: DE_ICRS_1
#   unit: deg
#   datatype: float64
#   format: '{:15.11f}'
#   description: Declination (ICRS) at Ep=2016.0 (dec)
#   meta: !!omap
#   - {ucd: POS_EQ_DEC_MAIN}
#   - {width: 15}
#   - {precision: '11'}
# - name: e_RA_ICRS
#   unit: mas
#   datatype: float64
#   format: '{:7.4f}'
#   description: Standard error of right ascension (ra_error)
#   meta: !!omap
#   - {ucd: ERROR}
#   - {width: 7}
#   - {precision: '4'}
# - name: e_DE_ICRS
#   unit: mas
#   datatype: float64
#   format: '{:7.4f}'
#   description: Standard error of declination (dec_error)
#   meta: !!omap
#   - {ucd: ERROR}
#   - {width: 7}
#   - {precision: '4'}
# - name: _r_1
#   unit: ''
#   datatype: float64
#   format: '{:7.4f}'
#   description: Distance from center (239.70141367000-55.79529650000)[ICRS], at Epoch=J2016.0
#   meta: !!omap
#   - {ucd: POS_ANG_DIST_GENERAL}
#   - {width: 7}
#   - {precision: '4'}
# - name: HIP
#   datatype: int32
#   description: '? HIP cross-id number, van Leeuwen, Cat. I/311 (hip_original_ext_source_id)'
#   meta: !!omap
#   - {ucd: ID_NUMBER}
#   - {width: 6}
#   - values: {'null': -2147483648}
# - name: TYC2
#   datatype: string
#   description: Tycho-2 cross-id name, Hog et al., Cat. I/259 (tyc2_original_ext_source_id)
#   meta: !!omap
#   - {ucd: ID_CROSSID}
#   - {_votable_string_dtype: char}
# - name: Source
#   datatype: int64
#   description: Source identifier, identical to the Gaia-EDR3 source_id (id)
#   meta: !!omap
#   - {ucd: ID_MAIN}
#   - {width: 19}
# - name: rgeo
#   unit: pc
#   datatype: float64
#   format: '{:15.8f}'
#   description: '? Median of the geometric distance posterior (r_med_geo)'
#   meta: !!omap
#   - {ucd: PHYS_DISTANCE_TRUE}
#   - {width: 15}
#   - {precision: '8'}
#   - values: {'null': .nan}
# - name: Plx
#   unit: mas
#   datatype: float64
#   format: '{:9.4f}'
#   description: '? Parallax (parallax)'
#   meta: !!omap
#   - {ucd: POS_PARLX_TRIG}
#   - {width: 9}
#   - {precision: '4'}
#   - values: {'null': .nan}
# - name: e_Plx
#   unit: mas
#   datatype: float32
#   format: '{:7.4f}'
#   description: '? Standard error of parallax (parallax_error)'
#   meta: !!omap
#   - {ucd: ERROR}
#   - {width: 7}
#   - {precision: '4'}
#   - values: {'null': .nan}
# - name: pmRA
#   unit: mas / yr
#   datatype: float64
#   format: '{:9.3f}'
#   description: '? Proper motion in right ascension direction, pmRA*cosDE (pmra)'
#   meta: !!omap
#   - {ucd: POS_EQ_PMRA}
#   - {width: 9}
#   - {precision: '3'}
#   - values: {'null': .nan}
# - name: pmDE
#   unit: mas / yr
#   datatype: float64
#   format: '{:9.3f}'
#   description: '? Proper motion in declination direction (pmdec)'
#   meta: !!omap
#   - {ucd: POS_EQ_PMDEC}
#   - {width: 9}
#   - {precision: '3'}
#   - values: {'null': .nan}
# - name: e_pmRA
#   unit: mas / yr
#   datatype: float32
#   format: '{:6.3f}'
#   description: '? Standard error of proper motion in right ascension direction (pmra_error)'
#   meta: !!omap
#   - {ucd: ERROR}
#   - {width: 6}
#   - {precision: '3'}
#   - values: {'null': .nan}
# - name: e_pmDE
[...]
#         value: !astropy.table.SerializedColumn {name: SkyCoord.dec}
#       distance: !astropy.table.SerializedColumn
#         __class__: astropy.coordinates.distances.Distance
#         unit: !astropy.units.Unit {unit: pc}
#         value: !astropy.table.SerializedColumn {name: SkyCoord.distance}
#       frame: icrs
#       obstime: !astropy.time.Time {format: jyear_str, in_subfmt: '*', jd1: 367701545.0, jd2: 0.0, out_subfmt: '*', precision: 3, scale: tt}
#       pm_dec: !astropy.table.SerializedColumn
#         __class__: astropy.units.quantity.Quantity
#         unit: !astropy.units.Unit {unit: mas / yr}
#         value: !astropy.table.SerializedColumn {name: SkyCoord.pm_dec}
#       pm_ra_cosdec: !astropy.table.SerializedColumn
#         __class__: astropy.units.quantity.Quantity
#         unit: !astropy.units.Unit {unit: mas / yr}
#         value: !astropy.table.SerializedColumn {name: SkyCoord.pm_ra_cosdec}
#       ra: !astropy.table.SerializedColumn
#         __class__: astropy.coordinates.angles.Longitude
#         unit: *id001
#         value: !astropy.table.SerializedColumn {name: SkyCoord.ra}
#         wrap_angle: !astropy.coordinates.Angle
#           unit: *id001
#           value: 360.0
#       representation_type: spherical
# schema: astropy-2.0
RA_ICRS_1 DE_ICRS_1 e_RA_ICRS e_DE_ICRS _r_1 HIP TYC2 Source rgeo Plx e_Plx pmRA pmDE e_pmRA e_pmDE RUWE Teff logg Gmag BP-RP BPmag RPmag RV e_RV b_rgeo B_rgeo FG e_FG FBP e_FBP FRP e_FRP RAVE5 RAVE6 e_Gmag e_BPmag e_RPmag e_BP-RP SkyCoord.ra SkyCoord.dec SkyCoord.distance SkyCoord.pm_ra_cosdec SkyCoord.pm_dec rmRA rmDE e_rmRA e_rmDE rRV e_rRV v_pec v_pec3d e_vpec e_vpec3d
[from data line 967]
239.5338018908 -55.86986495284 0.0277 0.022 7.2054 "" "" 5836466281673592960 2263.60669 0.4125 0.039 -1.858 -1.221 0.04 0.035 0.998 7647.2 4.0598 15.830601 1.364086 16.434916 15.070829 "" "" 2061.93579 2482.74927 8764.07888 2.6979 3642.9 6.8495 7427.2 10.317 "" "" 0.0027755176625253396 0.0034572405 0.0040691923 0.007526433 239.5338018908 -55.86986495284 2263.60669 -1.858 -1.2210000000000005 0.7385714454650878 1.6636428394317626 0.0866732 0.081673205 "" "" 19.530026262446825 "" 1.6115639791535221 ""
239.48692607802 -55.757334703 0.0338 0.0299 7.5879 "" "" 5836493666388103808 2724.68237 0.3518 0.0504 -2.851 -5.105 0.052 0.047 1.412 6914.2 4.0213 15.833257 1.461686 16.479757 15.018071 "" "" 2379.45825 3118.07104 8742.67139 3.382 3495.5 7.9856 7797.0 13.494 "" "" 0.002787147829311741 0.0037332901 0.004220728 0.007954018 239.48692607802 -55.757334703 2724.68237 -2.851 -5.105 -0.2544285545349121 -2.2203571605682377 0.0986732 0.0936732 "" "" 28.86355289668939 "" 2.7056610100780314 ""
239.88059821851 -55.73973913874 0.0249 0.0199 6.9058 "" "" 5836444806834371456 2380.46704 0.3748 0.0336 -4.434 -4.465 0.039 0.033 0.98 "" "" 15.834159 1.453392 16.489977 15.036585 "" "" 2190.24097 2659.55322 8735.40807 2.5938 3462.8 7.5176 7665.2 7.7949 "" "" 0.0027741165850524467 0.0036525223 0.003937357 0.0075898794 239.88059821851 -55.73973913874 2380.46704 -4.434 -4.465 -1.8374285545349123 -1.5803571605682372 0.0856732 0.0796732 "" "" 27.346098654791337 "" 2.2745080414791254 ""
239.90292087757 -55.61877780418 0.0272 0.023 12.5927 "" "" 5836451644423426816 2632.85059 0.3494 0.0367 -4.025 -5.276 0.043 0.039 0.975 6402.6 3.9715 15.835561 1.562544 16.560858 14.998314 "" "" 2408.68921 2874.57324 8724.13805 2.7847 3243.9 7.7439 7940.2 11.635 "" "" 0.0027770297446195655 0.003808273 0.004100595 0.007908868 239.90292087757 -55.61877780418 2632.85059 -4.025 -5.276000000000001 -1.4284285545349125 -2.391357160568237 0.089673206 0.0856732 "" "" 34.76220798662209 "" 3.0153771656993715 ""
239.57670282683 -55.98779860099 0.0272 0.0219 12.2887 "" "" 5836416563125936512 2588.96875 0.3548 0.0393 -3.498 -2.768 0.039 0.035 1.021 5033.7 3.5098 15.836354 1.972952 16.81483 14.841879 "" "" 2349.11108 2990.63965 8717.7598 3.353 2567.3 7.3597 9170.8 13.684 "" "" 0.002786785445053741 0.004180028 0.0041119717 0.008292 239.57670282683 -55.98779860099 2588.96875 -3.498000000000001 -2.7680000000000016 -0.9014285545349123 0.1166428394317629 0.0856732 0.081673205 "" "" 11.154297499954025 "" 0.9549064656997188 ""
240.095954692 -55.94096702056 0.0245 0.0196 15.9003 "" "" 5836438759519567104 2912.84473 0.316 0.0351 -0.061 -3.241 0.039 0.033 0.914 6436.3 4.0064 15.838388 1.485993 16.488365 15.002372 "" "" 2657.09766 3286.66333 8701.44189 2.8993 3467.9 11.969 7910.6 33.878 "" "" 0.002778967997130164 0.004671951 0.0059920116 0.010663962 240.095954692 -55.94096702056 2912.84473 -0.06099999999999994 -3.2409999999999997 2.535571445465088 -0.3563571605682374 0.0856732 0.0796732 "" "" 35.35239908995715 "" 3.024785756425667 ""
239.3316808581 -55.7368284036 0.0266 0.0222 12.9638 "" "" 5836471401275261568 2539.07837 0.3637 0.0391 -2.248 -3.433 0.04 0.035 1.068 7991.3 3.8734 15.839906 1.180279 16.322302 15.142023 "" "" 2297.2041 2788.23267 8689.2926 2.8945 4041.1 14.012 6955.8 13.686 "" "" 0.0027789557676061835 0.0046858992 0.004341351 0.00902725 239.3316808581 -55.7368284036 2539.07837 -2.2480000000000007 -3.432999999999999 0.34857144546508767 -0.5483571605682371 0.0866732 0.081673205 "" "" 7.820100637460326 "" 0.6501862222115266 ""
239.7239565703 -56.02581098439 0.0645 0.052 13.8516 "" "" 5836416936682411008 2779.13477 0.3619 0.0916 -4.327 -5.074 0.095 0.078 2.444 4752.4 3.5212 15.840721 1.959045 16.78385 14.824805 "" "" 2232.55005 3489.22192 8682.76956 7.6347 2641.7 8.9476 9316.1 13.358 "" "" 0.002916025371540384 0.0046161376 0.004087461 0.008703599 239.7239565703 -56.02581098439 2779.13477 -4.327000000000002 -5.074000000000001 -1.730428554534912 -2.189357160568237 0.1416732 0.1246732 "" "" 36.76136737400104 "" 4.833021822467535 ""
239.43846976011 -55.81753502654 0.0261 0.023 8.9662 "" "" 5836469648928043904 2399.64258 0.3953 0.0405 -3.391 -3.903 0.04 0.038 0.965 7498.7 4.0322 15.84196 1.43002 16.486662 15.056642 "" "" 2194.62769 2681.75928 8672.86596 2.5055 3473.4 7.557 7524.9 9.633 "" "" 0.0027731156889860367 0.0036558304 0.0040268553 0.0076826857 239.43846976011 -55.81753502654 2399.64258 -3.390999999999999 -3.903000000000001 -0.7944285545349121 -1.0183571605682373 0.0866732 0.084673196 "" "" 14.690778096172856 "" 1.2551119461647806 ""
239.66202739298 -55.87765986556 0.0563 0.046 5.1169 "" "" 5836465727511389568 2854.94019 0.3854 0.0789 -4.664 -6.54 0.084 0.07 2.204 "" "" 15.842925 1.408009 16.399874 14.991865 "" "" 2342.5459 3522.23022 8665.16086 6.31 3762.4 10.046 7987.5 15.943 "" "" 0.002866512856391421 0.0040236074 0.004356621 0.008380229 239.66202739298 -55.87765986556 2854.94019 -4.664000000000001 -6.540000000000003 -2.067428554534912 -3.6553571605682373 0.1306732 0.1166732 "" "" 56.82953865388723 "" 6.831822249463214 ""
239.60472149723 -56.04695174151 0.0267 0.0219 15.4453 "" "" 5836416150809023232 2196.41846 0.4283 0.0404 -4.692 -3.407 0.038 0.034 0.933 8492.6 4.3665 15.843672 1.3532 16.428923 15.075723 "" "" 1985.81372 2439.15747 8659.20406 2.8851 3663.1 9.7712 7393.8 9.6797 "" "" 0.0027789659312733015 0.004021545 0.0040378366 0.0080593815 239.60472149723 -56.04695174151 2196.41846 -4.692 -3.407 -2.0954285545349123 -0.5223571605682373 0.084673196 0.0806732 "" "" 22.48317793334162 "" 1.8985781956537764 ""
240.09811334907 -55.623267932 0.0326 0.0273 16.9222 "" "" 5836452056740110976 2947.36182 0.3126 0.0436 -4.364 -3.372 0.054 0.046 1.146 "" "" 15.846104 1.698707 16.601727 14.90302 "" "" 2618.28735 3438.00098 8639.8283 3.6277 3124.1 8.8237 8668.6 12.391 "" "" 0.002792779262920154 0.004145935 0.0040856237 0.008231559 240.09811334907 -55.623267932 2947.36182 -4.363999999999998 -3.371999999999998 -1.767428554534912 -0.4873571605682372 0.1006732 0.0926732 "" "" 25.613372755188998 "" 2.564638667120117 ""
239.83701039128 -55.92369742375 0.0271 0.0203 8.9555 "" "" 5836441027262630016 2534.43628 0.374 0.037 -4.43 -5.403 0.04 0.032 0.968 7534.6 3.7209 15.848396 1.25672 16.397772 15.141051 "" "" 2314.99121 2854.12451 8621.60409 2.6501 3769.7 8.2876 6962.1 7.5028 "" "" 0.0027754579393931833 0.0036718736 0.003956357 0.0076282304 239.83701039128 -55.92369742375 2534.43628 -4.43 -5.403 -1.8334285545349118 -2.518357160568237 0.0866732 0.0786732 "" "" 37.42189553995672 "" 3.051135266830919 ""
239.54047250118 -55.75623857519 0.0246 0.0208 5.9151 "" "" 5836490780170024832 2824.90942 0.3133 0.0372 -3.561 -1.183 0.04 0.034 1.018 6570.9 3.9272 15.84864 1.542309 16.520655 14.978346 "" "" 2602.86377 3187.74585 8619.67559 2.9309 3366.3 10.472 8087.6 55.541 "" "" 0.00277994260937986 0.004380965 0.008359357 0.012740321 239.54047250118 -55.75623857519 2824.90942 -3.561000000000001 -1.1830000000000016 -0.964428554534912 1.7016428394317626 0.0866732 0.0806732 "" "" 26.190207327683822 "" 2.152108666807153 ""
239.77332678184 -55.70095620095 0.0245 0.0203 6.1594 "" "" 5836492012711745280 2701.65503 0.3347 0.0349 -2.881 -3.364 0.04 0.033 1.041 6949.1 4.0382 15.849801 1.444829 16.499147 15.054318 "" "" 2453.67139 2980.13843 8610.46157 2.7236 3433.7 7.4426 7541.0 9.5555 "" "" 0.0027766409868782635 0.0036501107 0.0040220018 0.0076721124 239.77332678184 -55.70095620095 2701.65503 -2.8810000000000002 -3.364 -0.2844285545349119 -0.4793571605682372 0.0866732 0.0796732 "" "" 7.13784156185125 "" 0.5821183000764314 ""
240.07750690151 -55.80969528829 0.0488 0.0404 12.7123 "" "" 5836446318663346048 2314.26855 0.4303 0.0689 -5.369 -4.851 0.078 0.066 1.884 4604.9 2.5545 15.851733 2.126033 16.918373 14.79234 "" "" 1971.58972 2681.03247 8595.15104 4.3191 2333.8 5.9206 9598.9 11.622 "" "" 0.002808817300605649 0.003920682 0.0040014773 0.0079221595 240.07750690151 -55.80969528829 2314.26855 -5.369 -4.850999999999997 -2.772428554534912 -1.9663571605682373 0.1246732 0.1126732 "" "" 37.28532980330759 "" 4.503688028069221 ""
239.21351119995 -55.83322485059 0.0295 0.025 16.6051 "" "" 5836480575326746624 2841.36841 0.3203 0.0417 -9.136 -4.596 0.045 0.039 1.097 4928.5 3.2535 15.855545 2.228418 17.00262 14.774202 "" "" 2528.69531 3255.00366 8565.0281 4.0725 2159.6 9.6501 9760.6 27.333 "" "" 0.0028032658213501573 0.00559668 0.0048505613 0.010447241 239.21351119995 -55.83322485059 2841.36841 -9.136 -4.596 -6.539428554534911 -1.7113571605682374 0.0916732 0.0856732 "" "" 91.03955033489078 "" 8.311952119564241 ""
239.75537139779 -55.86649007267 0.2266 0.19 4.6425 "" "" 5836442156730904960 2411.14209 0.8497 0.328 -3.171 -8.438 0.362 0.309 8.904 "" "" 15.858456 2.604526 17.149353 14.544827 -76.71 4.54 1258.89929 4571.74707 8542.09466 25.04 1886.6 11.839 12057.0 14.589 "" "" 0.004209667608702959 0.0073625077 0.0040012063 0.011363714 239.75537139779 -55.86649007267 2411.14209 -3.1709999999999985 -8.437999999999999 -0.5744285545349119 -5.553357160568238 0.4086732 0.3556732 -51.75999999999999 8.559999 63.80691730946662 82.16094142922846 22.732844814890885 18.45977053652995
239.45222599335 -55.78686466803 0.0276 0.0245 8.421 "" "" 5836470061244930560 2242.80737 0.4236 0.0418 -1.996 0.304 0.041 0.039 1.053 "" "" 15.859152 1.487174 16.484043 14.996869 "" "" 2034.16687 2641.47949 8536.62261 3.9316 3481.8 10.05 7950.8 19.244 "" "" 0.0028003272421739597 0.004196003 0.0046032146 0.008799218 239.45222599335 -55.78686466803 2242.80737 -1.9960000000000007 0.3039999999999999 0.6005714454650879 3.1886428394317625 0.0876732 0.0856732 "" "" 34.49418748659665 "" 2.9576174752568396 ""
239.87346163376 -55.55219924571 0.0298 0.0238 15.7045 "" "" 5836500469617372544 2960.07202 0.3048 0.0376 -2.208 -2.348 0.046 0.04 1.012 "" "" 15.859936 1.201171 16.369967 15.168796 "" "" 2681.5918 3298.94727 8530.4616 2.5757 3867.5 6.6291 6786.4 10.382 "" "" 0.0027747542424829217 0.003353864 0.0041282685 0.0074821324 239.87346163376 -55.55219924571 2960.07202 -2.2079999999999997 -2.347999999999997 0.3885714454650877 0.5366428394317628 0.0926732 0.0866732 "" "" 9.296076198737342 "" 0.8253307391762215 ""
240.00397553979 -55.9762757149 0.0301 0.0208 14.8853 "" "" 5836437282050806912 2687.47656 0.3388 0.0388 -2.471 -3.231 0.052 0.035 0.915 8293.5 4.0486 15.860459 1.089155 16.303951 15.214796 "" "" 2456.23755 2977.90039 8526.34751 2.5139 4110.0 9.043 6504.9 10.002 "" "" 0.0027738537357842583 0.0036731204 0.0041316766 0.007804797 240.00397553979 -55.9762757149 2687.47656 -2.471 -3.231 0.1255714454650878 -0.3463571605682372 0.0986732 0.081673205 "" "" 4.693137776449579 "" 0.3934037289549804 ""
239.75824074181 -55.81342366011 0.0277 0.0212 2.2034 "" "" 5836442882688953856 2567.93115 0.3552 0.037 -3.828 -5.541 0.044 0.035 1.044 6942.3 4.1355 15.860721 1.317114 16.444736 15.127623 "" "" 2354.79565 2824.24463 8524.29607 2.6328 3610.1 6.3535 7048.7 9.9365 "" "" 0.002775651533929905 0.0033817529 0.004077539 0.0074592917 239.75824074181 -55.81342366011 2567.93115 -3.8280000000000003 -5.541 -1.231428554534912 -2.6563571605682377 0.0906732 0.081673205 "" "" 35.638486717992855 "" 2.9699690639614333 ""
239.49607338733 -55.90845590445 0.0313 0.0258 9.6916 "" "" 5836466109875692800 2888.54614 0.3249 0.0462 -3.084 -2.918 0.047 0.04 1.192 8257.2 3.7819 15.861712 1.430473 16.465391 15.034918 "" "" 2558.18018 3414.90674 8516.51301 3.6226 3542.1 8.9317 7677.0 13.676 "" "" 0.002793756805161691 0.003909022 0.0042455494 0.008154571 239.49607338733 -55.90845590445 2888.54614 -3.0840000000000005 -2.918 -0.4874285545349122 -0.033357160568237454 0.0936732 0.0866732 "" "" 6.689339219592175 "" 0.6264016499974031 ""
239.9277398355 -55.91259359291 0.0262 0.0211 10.3745 "" "" 5836438484642579200 2502.19556 0.3657 0.0365 -5.322 -4.683 0.04 0.034 0.962 6724.1 4.075 15.862335 1.406061 16.488117 15.082056 "" "" 2333.10303 2718.05566 8511.62864 2.8455 3468.7 7.4146 7350.8 11.441 "" "" 0.0027791250999531936 0.0036292353 0.004139975 0.0077692103 239.9277398355 -55.91259359291 2502.19556 -5.322 -4.683 -2.725428554534912 -1.7983571605682371 0.0866732 0.0806732 "" "" 38.72754200034329 "" 3.2878929505431174 ""
239.96350983866 -55.80534132056 0.0255 0.0207 8.8596 "" "" 5836443599862768896 2190.12866 0.4381 0.037 -2.17 -3.21 0.04 0.034 1.018 7666.4 3.9104 15.862357 1.355469 16.391695 15.036226 "" "" 2028.59106 2375.39941 8511.45781 3.4929 3790.9 23.938 7667.7 44.446 "" "" 0.002791113287851515 0.007401998 0.0073411036 0.014743102 239.96350983866 -55.80534132056 2190.12866 -2.1699999999999995 -3.21 0.42657144546508796 -0.32535716056823727 0.0866732 0.0806732 "" "" 5.569405208652874 "" 0.4707038596181858 ""
239.99310133825 -55.70084235713 0.028 0.024 11.3642 "" "" 5836450441832291328 2741.3186 0.3274 0.0411 -1.908 -2.702 0.043 0.041 1.06 4827.0 3.4926 15.866571 2.116941 16.947908 14.830967 "" "" 2407.7373 3108.28467 8478.48613 3.0572 2271.2 7.7947 9263.4 12.21 "" "" 0.0027829948423571836 0.0046550785 0.0040412587 0.008696337 239.99310133825 -55.70084235713 2741.3186 -1.9080000000000008 -2.702 0.688571445465088 0.18264283943176274 0.089673206 0.0876732 "" "" 9.25659343436838 "" 0.8288641926639312 ""
239.40464919131 -55.81601141903 0.0271 0.0229 10.0838 "" "" 5836469820727207680 2466.48999 0.3916 0.041 -4.732 -4.37 0.042 0.037 1.043 5501.1 3.6188 15.868295 1.549108 16.526667 14.977558 "" "" 2225.13306 2800.46509 8465.03656 3.3863 3347.7 11.193 8093.5 19.907 "" "" 0.002789342732482738 0.0045785387 0.0046276706 0.009206209 239.40464919131 -55.81601141903 2466.48999 -4.731999999999996 -4.369999999999996 -2.1354285545349123 -1.4853571605682374 0.088673204 0.0836732 "" "" 30.41127578195945 "" 2.6480440794045714 ""
239.90140673376 -55.92077440941 0.031 0.0245 10.1013 "" "" 5836438415922450048 2922.64038 0.3259 0.042 -6.357 -5.353 0.046 0.038 1.153 6590.7 3.961 15.868573 1.402473 16.48752 15.085047 "" "" 2617.34619 3367.72339 8462.86764 2.8952 3470.6 9.4256 7330.6 9.8441 "" "" 0.002780243685462752 0.0040595327 0.004050867 0.0081104 239.90140673376 -55.92077440941 2922.64038 -6.357000000000001 -5.3530000000000015 -3.7604285545349123 -2.468357160568237 0.0926732 0.084673196 "" "" 62.314685750139404 "" 5.62943369691966 ""
239.28048369387 -55.79026513914 0.0351 0.031 14.2017 "" "" 5836469374050651776 2925.29541 0.3084 0.0553 -4.463 -4.321 0.055 0.047 1.122 "" "" 15.868957 2.157109 16.756954 14.599845 "" "" 2562.16724 3381.80762 8459.87915 5.3612 2707.9 124.07 11461.0 205.92 "" "" 0.002839930784674369 0.049824223 0.019870179 0.0696944 239.28048369387 -55.79026513914 2925.29541 -4.463 -4.321 -1.8664285545349122 -1.436357160568237 0.1016732 0.0936732 "" "" 32.6561157586071 "" 3.2255510270792893 ""
239.62146925462 -56.00985052767 0.0277 0.0218 13.1511 "" "" 5836416288265635584 2617.40356 0.3494 0.0406 -3.209 -3.478 0.04 0.035 0.91 7617.6 3.8682 15.878444 1.480636 16.556067 15.075431 "" "" 2338.7085 3051.44067 8386.27643 2.7413 3258.3 6.9884 7395.8 7.2676 "" "" 0.00277808328248909 0.0036342577 0.00392709 0.007561348 239.62146925462 -56.00985052767 2617.40356 -3.2089999999999996 -3.477999999999999 -0.6124285545349122 -0.5933571605682375 0.0866732 0.081673205 "" "" 10.579337757620362 "" 0.8917250924206379 ""
239.28069405587 -55.7896561303 0.0271 0.0235 14.1955 "" "" 5836469374001546880 2413.80469 0.3791 0.0416 -0.492 -2.269 0.042 0.036 0.972 8646.2 4.1287 15.878547 1.547924 16.485624 14.9377 "" "" 2228.30469 2672.92505 8385.48379 5.545 3476.7 46.516 8396.1 195.99 "" "" 0.0028473233074180503 0.014791982 0.025624566 0.040416546 239.28069405587 -55.7896561303 2413.80469 -0.49199999999999994 -2.2689999999999997 2.104571445465088 0.6156428394317626 0.088673204 0.0826732 "" "" 25.08842539433676 "" 2.213177026307325 ""
