Clusters/UFMG_45/UFMG_45_stars_in_region.tsv
# %ECSV 1.0
# ---
# datatype:
# - name: RA_ICRS_1
#   unit: deg
#   datatype: float64
#   format: '{:15.11f}'
#   description: Right ascension (ICRS) at Ep=2016.0 (ra)
#   meta: !!omap
#   - {ucd: POS_EQ_RA_MAIN}
#   - {width: 15}
#   - {precision: '11'}
# - name: DE_ICRS_1
#   unit: deg
#   datatype: float64
#   format: '{:15.11f}'
#   description: Declination (ICRS) at Ep=2016.0 (dec)
#   meta: !!omap
#   - {ucd: POS_EQ_DEC_MAIN}
#   - {width: 15}
#   - {precision: '11'}
# - name: e_RA_ICRS
#   unit: mas
#   datatype: float64
#   format: '{:7.4f}'
#   description: Standard error of right ascension (ra_error)
#   meta: !!omap
#   - {ucd: ERROR}
#   - {width: 7}
#   - {precision: '4'}
# - name: e_DE_ICRS
#   unit: mas
#   datatype: float64
#   format: '{:7.4f}'
#   description: Standard error of declination (dec_error)
#   meta: !!omap
#   - {ucd: ERROR}
#   - {width: 7}
#   - {precision: '4'}
# - name: _r_1
#   unit: ''
#   datatype: float64
#   format: '{:7.4f}'
#   description: Distance from center (239.70141367000-55.79529650000)[ICRS], at Epoch=J2016.0
#   meta: !!omap
#   - {ucd: POS_ANG_DIST_GENERAL}
#   - {width: 7}
#   - {precision: '4'}
# - name: HIP
#   datatype: int32
#   description: '? HIP cross-id number, van Leeuwen, Cat. I/311 (hip_original_ext_source_id)'
#   meta: !!omap
#   - {ucd: ID_NUMBER}
#   - {width: 6}
#   - values: {'null': -2147483648}
# - name: TYC2
#   datatype: string
#   description: Tycho-2 cross-id name, Hog et al., Cat. I/259 (tyc2_original_ext_source_id)
#   meta: !!omap
#   - {ucd: ID_CROSSID}
#   - {_votable_string_dtype: char}
# - name: Source
#   datatype: int64
#   description: Source identifier, identical to the Gaia-EDR3 source_id (id)
#   meta: !!omap
#   - {ucd: ID_MAIN}
#   - {width: 19}
# - name: rgeo
#   unit: pc
#   datatype: float64
#   format: '{:15.8f}'
#   description: '? Median of the geometric distance posterior (r_med_geo)'
#   meta: !!omap
#   - {ucd: PHYS_DISTANCE_TRUE}
#   - {width: 15}
#   - {precision: '8'}
#   - values: {'null': .nan}
# - name: Plx
#   unit: mas
#   datatype: float64
#   format: '{:9.4f}'
#   description: '? Parallax (parallax)'
#   meta: !!omap
#   - {ucd: POS_PARLX_TRIG}
#   - {width: 9}
#   - {precision: '4'}
#   - values: {'null': .nan}
# - name: e_Plx
#   unit: mas
#   datatype: float32
#   format: '{:7.4f}'
#   description: '? Standard error of parallax (parallax_error)'
#   meta: !!omap
#   - {ucd: ERROR}
#   - {width: 7}
#   - {precision: '4'}
#   - values: {'null': .nan}
# - name: pmRA
#   unit: mas / yr
#   datatype: float64
#   format: '{:9.3f}'
#   description: '? Proper motion in right ascension direction, pmRA*cosDE (pmra)'
#   meta: !!omap
#   - {ucd: POS_EQ_PMRA}
#   - {width: 9}
#   - {precision: '3'}
#   - values: {'null': .nan}
# - name: pmDE
#   unit: mas / yr
#   datatype: float64
#   format: '{:9.3f}'
#   description: '? Proper motion in declination direction (pmdec)'
#   meta: !!omap
#   - {ucd: POS_EQ_PMDEC}
#   - {width: 9}
#   - {precision: '3'}
#   - values: {'null': .nan}
# - name: e_pmRA
#   unit: mas / yr
#   datatype: float32
#   format: '{:6.3f}'
#   description: '? Standard error of proper motion in right ascension direction (pmra_error)'
#   meta: !!omap
#   - {ucd: ERROR}
#   - {width: 6}
#   - {precision: '3'}
#   - values: {'null': .nan}
# - name: e_pmDE
[...]
#         value: !astropy.table.SerializedColumn {name: SkyCoord.dec}
#       distance: !astropy.table.SerializedColumn
#         __class__: astropy.coordinates.distances.Distance
#         unit: !astropy.units.Unit {unit: pc}
#         value: !astropy.table.SerializedColumn {name: SkyCoord.distance}
#       frame: icrs
#       obstime: !astropy.time.Time {format: jyear_str, in_subfmt: '*', jd1: 367701545.0, jd2: 0.0, out_subfmt: '*', precision: 3, scale: tt}
#       pm_dec: !astropy.table.SerializedColumn
#         __class__: astropy.units.quantity.Quantity
#         unit: !astropy.units.Unit {unit: mas / yr}
#         value: !astropy.table.SerializedColumn {name: SkyCoord.pm_dec}
#       pm_ra_cosdec: !astropy.table.SerializedColumn
#         __class__: astropy.units.quantity.Quantity
#         unit: !astropy.units.Unit {unit: mas / yr}
#         value: !astropy.table.SerializedColumn {name: SkyCoord.pm_ra_cosdec}
#       ra: !astropy.table.SerializedColumn
#         __class__: astropy.coordinates.angles.Longitude
#         unit: *id001
#         value: !astropy.table.SerializedColumn {name: SkyCoord.ra}
#         wrap_angle: !astropy.coordinates.Angle
#           unit: *id001
#           value: 360.0
#       representation_type: spherical
# schema: astropy-2.0
RA_ICRS_1 DE_ICRS_1 e_RA_ICRS e_DE_ICRS _r_1 HIP TYC2 Source rgeo Plx e_Plx pmRA pmDE e_pmRA e_pmDE RUWE Teff logg Gmag BP-RP BPmag RPmag RV e_RV b_rgeo B_rgeo FG e_FG FBP e_FBP FRP e_FRP RAVE5 RAVE6 e_Gmag e_BPmag e_RPmag e_BP-RP SkyCoord.ra SkyCoord.dec SkyCoord.distance SkyCoord.pm_ra_cosdec SkyCoord.pm_dec rmRA rmDE e_rmRA e_rmDE rRV e_rRV v_pec v_pec3d e_vpec e_vpec3d
[from data line 999]
239.81160622677 -55.90548251316 0.026 0.0208 7.5817 "" "" 5836441233353678080 2488.64429 0.3713 0.0372 -2.588 -2.862 0.041 0.034 0.951 7926.0 4.0753 15.879869 1.17737 16.358273 15.180903 "" "" 2281.49536 2712.3689 8375.27477 2.8709 3909.4 11.2 6711.2 17.445 "" "" 0.0027803419123304104 0.004178558 0.0047168643 0.008895422 239.81160622677 -55.90548251316 2488.64429 -2.5879999999999996 -2.862000000000002 0.008571445465087812 0.022642839431762596 0.0876732 0.0806732 "" "" 0.2855960304094257 "" 0.02329992503126769 ""
239.46381534188 -55.78682763315 0.0274 0.0246 8.0309 "" "" 5836470061244925696 2291.83838 0.4145 0.0407 -1.947 -15.656 0.042 0.039 1.009 15034.1 4.3067 15.880275 1.271194 16.362274 15.091081 "" "" 2115.55322 2487.93774 8372.14401 4.0352 3895.0 50.493 7290.0 23.188 "" "" 0.0028045738990266056 0.014348878 0.0051196115 0.01946849 239.46381534188 -55.78682763315 2291.83838 -1.9469999999999992 -15.655999999999995 0.6495714454650878 -12.771357160568238 0.088673204 0.0856732 "" "" 138.9185984721759 "" 11.9026947104673 ""
239.39917887551 -55.67103945155 0.0278 0.0214 12.6426 "" "" 5836495109497501696 2731.07812 0.3364 0.0394 -1.837 -1.648 0.047 0.035 0.992 7971.3 3.966 15.880774 1.459062 16.542534 15.083472 "" "" 2463.18359 2988.05713 8368.30412 2.5262 3299.2 6.3686 7341.2 7.6079 "" "" 0.0027747459955189437 0.0034896452 0.003943318 0.0074329632 239.39917887551 -55.67103945155 2731.07812 -1.8370000000000002 -1.6479999999999997 0.7595714454650879 1.2366428394317628 0.0936732 0.081673205 "" "" 18.787362034829837 "" 1.5993432971174593 ""
240.06423004279 -55.63639758113 0.0291 0.0256 15.5326 "" "" 5836451914897204736 2822.36963 0.3186 0.0396 -5.076 -4.621 0.047 0.043 1.057 4604.2 2.6092 15.88252 2.399762 17.168367 14.768605 "" "" 2553.94751 3246.82788 8354.85439 3.2131 1853.8 8.6718 9811.1 18.623 "" "" 0.002786779205674959 0.005794859 0.004304767 0.010099626 240.06423004279 -55.63639758113 2822.36963 -5.076 -4.621000000000001 -2.4794285545349117 -1.7363571605682377 0.0936732 0.089673206 "" "" 40.49480170263612 "" 3.7407525352148685 ""
239.55674765608 -55.95671997864 0.0277 0.0213 10.8405 "" "" 5836463601614741248 2258.47095 0.4115 0.0396 -1.172 -2.494 0.045 0.034 1.006 8606.0 4.1289 15.884662 1.193829 16.398577 15.204748 "" "" 2094.96167 2423.1416 8338.38943 2.4243 3766.9 7.0322 6565.4 11.279 "" "" 0.0027733436031602368 0.0034486745 0.0042145974 0.007663272 239.55674765608 -55.95671997864 2258.47095 -1.1719999999999986 -2.4939999999999998 1.424571445465088 0.3906428394317625 0.0916732 0.0806732 "" "" 15.813237145600297 "" 1.4381693445336603 ""
239.9306054411 -55.96107682168 0.0258 0.0208 12.5875 "" "" 5836437763087260288 2366.81616 0.3748 0.0363 -2.026 -3.403 0.037 0.032 0.997 "" "" 15.884746 1.053928 16.319937 15.266008 "" "" 2198.64233 2616.35059 8337.73963 2.4266 4049.9 7.3172 6205.2 9.1145 "" "" 0.0027733805121931054 0.0034107447 0.0041020797 0.0075128246 239.9306054411 -55.96107682168 2366.81616 -2.026 -3.402999999999998 0.5705714454650881 -0.5183571605682373 0.0836732 0.0786732 "" "" 8.64820492471214 "" 0.7043999719244305 ""
239.49062644883 -55.66496878612 0.0474 0.0456 10.5765 "" "" 5836494525345725568 2298.27588 0.4265 0.0594 -1.855 -2.561 0.074 0.064 0.943 "" "" 15.88561 "" "" "" "" "" 2055.08887 2746.51904 8331.1127 6.9814 "" "" "" "" "" "" 0.0029016535997115752 "" "" "" 239.49062644883 -55.66496878612 2298.27588 -1.855 -2.561 0.7415714454650879 0.32364283943176275 0.1206732 0.110673204 "" "" 8.814398508996968 "" 1.0500563761917798 ""
239.93694226023 -56.01962989527 0.0336 0.0268 15.6179 "" "" 5836436762251470848 3080.64087 0.3164 0.0475 -3.311 -5.71 0.054 0.042 1.247 6008.3 4.2466 15.886523 1.342124 16.391844 15.04972 "" "" 2665.64331 3563.96655 8324.1021 3.4359 3790.4 16.091 7573.0 27.148 "" "" 0.002791528532466426 0.0053878985 0.005425208 0.010813106 239.93694226023 -56.01962989527 3080.64087 -3.311000000000002 -5.710000000000002 -0.714428554534912 -2.8253571605682373 0.1006732 0.088673204 "" "" 42.55506779186101 "" 3.806118988488744 ""
239.65153781328 -55.84996675215 0.027 0.0211 3.6859 "" "" 5836489268341208704 2653.03125 0.3419 0.0372 -0.707 -1.694 0.04 0.034 0.991 15073.2 4.6 15.886982 1.294084 16.41136 15.117276 "" "" 2398.29395 2910.96436 8320.58326 3.6042 3722.8 19.991 7116.2 16.451 "" "" 0.002795170119864952 0.006463526 0.0045369235 0.011000449 239.65153781328 -55.84996675215 2653.03125 -0.707 -1.694 1.889571445465088 1.1906428394317627 0.0866732 0.0806732 "" "" 28.085925870589076 "" 2.3876147363341618 ""
239.28939161079 -55.78108737326 0.0446 0.0397 13.9258 "" "" 5836470851470364160 2315.3606 0.4079 0.0695 -4.71 -6.363 0.068 0.058 1.637 "" "" 15.887459 2.12479 16.900198 14.775408 "" "" 2032.91016 2742.97266 8316.93578 5.8691 2373.2 18.325 9749.8 20.483 "" "" 0.0028598646184753544 0.008835774 0.004414364 0.013250139 239.28939161079 -55.78108737326 2315.3606 -4.7100000000000035 -6.363000000000007 -2.113428554534912 -3.4783571605682377 0.114673205 0.1046732 "" "" 44.66834835211301 "" 4.800113211352176 ""
239.95457570535 -55.84764531624 0.0274 0.0215 9.0929 "" "" 5836440202629031680 2347.0752 0.3905 0.0378 0.757 -2.017 0.043 0.034 1.05 7401.3 3.669 15.887677 1.270378 16.445818 15.17544 "" "" 2176.49731 2581.77417 8315.26052 2.4528 3606.5 11.249 6745.0 8.3961 "" "" 0.0027738708671286288 0.00438788 0.0040137656 0.008401645 239.95457570535 -55.84764531624 2347.0752 0.7569999999999997 -2.017 3.353571445465088 0.8676428394317628 0.089673206 0.0806732 "" "" 38.53739162062695 "" 3.435041534646005 ""
239.82645848089 -55.99534206719 0.0273 0.0221 12.7186 "" "" 5836414364102250240 2396.55957 0.3974 0.0377 -4.999 -4.725 0.038 0.034 0.979 6915.7 4.2022 15.889463 1.252323 16.429592 15.177269 "" "" 2167.86035 2622.10181 8301.5908 2.5589 3660.8 8.2074 6733.7 11.285 "" "" 0.002775570781256733 0.003702744 0.004194593 0.007897337 239.82645848089 -55.99534206719 2396.55957 -4.998999999999999 -4.725000000000001 -2.4024285545349118 -1.840357160568237 0.084673196 0.0806732 "" "" 34.37799792861818 "" 2.8608123362634155 ""
239.24969977851 -55.67671032084 0.0585 0.0476 16.8364 "" "" 5836483495904773504 2422.08936 0.4146 0.0861 -5.76 -1.857 0.084 0.072 2.047 4753.2 3.4776 15.893982 2.278312 17.059227 14.780915 "" "" 1966.00854 3164.073 8267.11838 13.284 2049.9 10.001 9700.5 30.682 "" "" 0.0032612057110534016 0.0059869788 0.005106547 0.011093525 239.24969977851 -55.67671032084 2422.08936 -5.759999999999998 -1.8569999999999998 -3.163428554534912 1.0276428394317627 0.1306732 0.1186732 "" "" 38.18663916306204 "" 4.948061511896391 ""
239.63631060164 -55.64761185856 0.028 0.0219 9.1301 "" "" 5836493013553275776 2463.37231 0.374 0.0388 -0.705 -3.765 0.045 0.036 1.008 4924.1 3.5086 15.895454 2.130466 16.98965 14.859184 "" "" 2247.69238 2714.28174 8255.90742 2.9743 2185.5 8.4124 9025.8 12.108 "" "" 0.0027829459885726116 0.0050250157 0.004050324 0.00907534 239.63631060164 -55.64761185856 2463.37231 -0.7050000000000011 -3.7650000000000023 1.8915714454650878 -0.8803571605682374 0.0916732 0.0826732 "" "" 24.361626779575246 "" 2.195874315660161 ""
239.50448412811 -55.71856563272 0.025 0.0208 8.0871 "" "" 5836493838186901504 2509.22119 0.3696 0.0376 -1.296 -0.109 0.04 0.034 0.907 "" "" 15.895847 1.331756 16.456852 15.125096 "" "" 2334.45874 2756.67285 8252.92536 3.1484 3570.1 20.175 7065.1 24.167 "" "" 0.002786278530773695 0.0067402306 0.005298744 0.012038974 239.50448412811 -55.71856563272 2509.22119 -1.2960000000000007 -0.10900000000000054 1.3005714454650878 2.7756428394317627 0.0866732 0.0806732 "" "" 36.45703787739011 "" 2.9816704168628636 ""
239.54889814794 -55.65279440278 0.0269 0.0213 9.9832 "" "" 5836496071570075520 2697.59717 0.3553 0.039 -3.459 -3.881 0.042 0.036 1.003 9010.9 4.0501 15.898194 1.191232 16.406275 15.215043 "" "" 2394.41895 2996.10742 8235.10383 2.5389 3740.3 7.1085 6503.4 8.7775 "" "" 0.0027755786335872798 0.0034702898 0.0040535303 0.00752382 239.54889814794 -55.65279440278 2697.59717 -3.459 -3.881 -0.8624285545349122 -0.9963571605682371 0.088673204 0.0826732 "" "" 16.84977704650979 "" 1.4371985970673744 ""
240.0504944113 -55.94618567658 0.0345 0.0281 14.8343 "" "" 5836438690800119168 2477.62231 0.3684 0.0485 -2.788 -2.734 0.052 0.045 1.414 6966.0 4.2749 15.898269 1.34778 16.468596 15.120815 "" "" 2249.18677 2798.15601 8234.54066 4.5966 3531.7 6.4173 7093.0 8.3191 "" "" 0.002821189168994486 0.0034171867 0.0039881472 0.007405334 240.0504944113 -55.94618567658 2477.62231 -2.7879999999999994 -2.734 -0.19142855453491192 0.1506428394317627 0.0986732 0.0916732 "" "" 2.8607537094672493 "" 0.2747936544905644 ""
240.15211830028 -55.83562803304 0.0264 0.0204 15.3854 "" "" 5836445322230861440 2576.50586 0.3587 0.0359 -2.549 -3.012 0.041 0.034 0.988 "" "" 15.899723 1.1991 16.322628 15.123528 "" "" 2353.47437 2857.13818 8223.51738 2.8639 4039.9 29.771 7075.3 80.041 "" "" 0.002781143785676789 0.008473599 0.012850958 0.021324556 240.15211830028 -55.83562803304 2576.50586 -2.549 -3.012 0.04757144546508796 -0.12735716056823732 0.0876732 0.0806732 "" "" 1.660329946894515 "" 0.1354207673463857 ""
239.72432282687 -55.57641443366 0.0287 0.0216 13.1558 "" "" 5836499507544764416 3017.85425 0.307 0.0387 -2.089 -4.514 0.046 0.038 1.05 7500.0 3.9934 15.901628 1.686084 16.691519 15.005435 "" "" 2709.57886 3409.42554 8209.09819 2.7857 2876.1 9.9792 7888.3 18.102 "" "" 0.002779844455686902 0.0046879286 0.0045267525 0.009214681 239.72432282687 -55.57641443366 3017.85425 -2.089 -4.514 0.5075714454650879 -1.6293571605682375 0.0926732 0.084673196 "" "" 24.41207041916069 "" 2.0850612395387453 ""
239.4769819016 -55.95289653954 0.0277 0.0219 12.1032 "" "" 5836464494967945600 2218.28638 0.4205 0.0409 -3.14 -4.004 0.041 0.034 1.016 6621.8 4.0556 15.903931 1.393511 16.52392 15.130409 "" "" 2071.06177 2425.55322 8191.70594 2.5979 3356.2 7.2284 7030.6 16.787 "" "" 0.002776751913659455 0.0036404887 0.004583051 0.008223539 239.4769819016 -55.95289653954 2218.28638 -3.1400000000000015 -4.004 -0.5434285545349122 -1.1193571605682369 0.0876732 0.0806732 "" "" 13.08338169150015 "" 1.0735499318244202 ""
239.85025347331 -55.58708441658 0.0285 0.0213 13.4687 "" "" 5836498854709615616 2186.16943 0.4175 0.0395 -1.3 -2.459 0.043 0.036 0.971 8606.8 4.1271 15.903937 1.332633 16.496027 15.163394 "" "" 2031.27148 2372.88062 8191.65717 2.6875 3443.5 8.2565 6820.3 9.8181 "" "" 0.002778249804949191 0.0038160314 0.0040898137 0.007905845 239.85025347331 -55.58708441658 2186.16943 -1.2999999999999994 -2.4589999999999996 1.2965714454650878 0.4256428394317626 0.089673206 0.0826732 "" "" 14.141106901208472 "" 1.2587901639816006 ""
239.38154517328 -55.62660931882 0.0264 0.02 14.8102 "" "" 5836507341566033664 2927.60547 0.311 0.0365 -2.664 -2.737 0.04 0.032 1.028 "" "" 15.904058 1.238206 16.440586 15.20238 "" "" 2692.4519 3206.58008 8190.75239 2.5332 3624.0 6.9863 6579.7 8.0016 "" "" 0.002775706305358317 0.0034879767 0.004003386 0.0074913627 239.38154517328 -55.62660931882 2927.60547 -2.6639999999999997 -2.7369999999999997 -0.06742855453491226 0.1476428394317626 0.0866732 0.0786732 "" "" 2.252372112031072 "" 0.18043954491905195 ""
239.89314386471 -55.86550541897 0.0254 0.0208 7.713 "" "" 5836441611378313344 2912.08057 0.3076 0.0359 -2.219 -1.682 0.039 0.034 0.996 5541.7 3.7194 15.904064 1.512817 16.529112 15.016295 "" "" 2641.41724 3241.28979 8190.70219 4.0363 3340.2 19.062 7809.8 33.795 "" "" 0.0028067877912831677 0.0067953686 0.0060297055 0.012825074 239.89314386471 -55.86550541897 2912.08057 -2.219000000000001 -1.6820000000000004 0.37757144546508803 1.2026428394317628 0.0856732 0.0806732 "" "" 17.39928399814186 "" 1.4116804025663703 ""
239.91894156191 -55.87179650826 0.0259 0.021 8.6484 "" "" 5836443020127535488 2771.59619 0.348 0.0353 -4.147 -4.161 0.04 0.033 0.936 7980.9 4.2555 15.90439 1.229934 16.419315 15.189382 "" "" 2529.64844 3000.63916 8188.23889 2.7012 3695.7 9.1783 6658.9 18.481 "" "" 0.0027785024636143166 0.0038801811 0.004833623 0.008713804 239.91894156191 -55.87179650826 2771.59619 -4.147000000000004 -4.161000000000002 -1.5504285545349124 -1.276357160568237 0.0866732 0.0796732 "" "" 26.382618766534087 "" 2.2139209743879924 ""
239.85822029632 -55.57704043536 0.0303 0.0236 14.1286 "" "" 5836498953379126400 2712.91089 0.3456 0.0407 -4.741 -4.389 0.051 0.041 0.981 4536.2 2.6189 15.904507 2.369271 17.172216 14.802945 "" "" 2443.96973 3053.9624 8187.36576 2.9488 1847.3 6.5792 9505.6 12.873 "" "" 0.002782930952404171 0.0047684126 0.004055329 0.008823741 239.85822029632 -55.57704043536 2712.91089 -4.741 -4.389 -2.1444285545349118 -1.5043571605682375 0.0976732 0.0876732 "" "" 33.684383540354425 "" 3.1829070795043477 ""
239.89733415191 -55.54996048432 0.0316 0.0241 16.1439 "" "" 5836500297818667648 2822.44678 0.3307 0.0397 -1.188 -1.893 0.05 0.043 1.008 8281.9 3.8396 15.905115 1.542813 16.61858 15.075767 "" "" 2534.35278 3196.35571 8182.77341 2.747 3076.0 7.5073 7393.5 10.992 "" "" 0.002779323734142812 0.0038479562 0.0041096583 0.007957615 239.89733415191 -55.54996048432 2822.44678 -1.188 -1.8929999999999998 1.408571445465088 0.9916428394317627 0.096673205 0.089673206 "" "" 23.045931909066137 "" 2.1757904001925623 ""
239.48101758101 -55.93349417 0.0388 0.0311 11.1274 "" "" 5836464598047182080 2441.67578 0.3963 0.0562 -3.419 -3.976 0.058 0.048 1.402 5752.4 3.8997 15.906483 1.579672 16.603983 15.024311 "" "" 2134.29834 2926.88306 8172.47326 4.0103 3117.6 7.3733 7752.4 34.857 "" "" 0.002806357713738081 0.003791937 0.006173775 0.009965712 239.48101758101 -55.93349417 2441.67578 -3.4190000000000014 -3.976000000000001 -0.8224285545349121 -1.0913571605682373 0.1046732 0.0946732 "" "" 15.815784282104232 "" 1.556472957509094 ""
239.44521081338 -56.03126543717 0.0292 0.0236 16.5733 "" "" 5836457210702221568 2636.48804 0.3421 0.0397 -3.87 -4.008 0.043 0.039 1.005 "" "" 15.906745 1.366445 16.498796 15.132352 "" "" 2393.12744 2970.92334 8170.50402 2.567 3434.8 6.4644 7018.1 11.374 "" "" 0.0027763553639002575 0.0034583937 0.00416893 0.0076273237 239.44521081338 -56.03126543717 2636.48804 -3.870000000000001 -4.008 -1.2734285545349122 -1.1233571605682373 0.089673206 0.0856732 "" "" 21.22110579254698 "" 1.8662916254957758 ""
239.58230325805 -55.89918166158 0.029 0.0229 7.4127 "" "" 5836465457039812992 2967.65015 0.3086 0.0409 -1.836 -1.713 0.043 0.036 1.064 7644.5 4.2326 15.907138 1.23365 16.435268 15.201618 "" "" 2650.47778 3468.72095 8167.54511 2.7244 3641.7 7.6103 6584.3 7.6694 "" "" 0.002779019823704764 0.0035962635 0.003985362 0.0075816256 239.58230325805 -55.89918166158 2967.65015 -1.8359999999999994 -1.7129999999999992 0.7605714454650878 1.1716428394317626 0.089673206 0.0826732 "" "" 19.649147043920678 "" 1.6664193650596784 ""
239.53704628977 -55.85899316082 0.0282 0.0226 6.7299 "" "" 5836466659630726272 2436.16089 0.378 0.0403 -3.959 -5.147 0.04 0.035 0.938 6322.6 3.976 15.908063 1.530927 16.588034 15.057107 "" "" 2229.09546 2684.05737 8160.58906 3.0693 3163.8 11.113 7521.7 23.147 "" "" 0.002785416749771966 0.004725395 0.0050445385 0.009769933 239.53704628977 -55.85899316082 2436.16089 -3.959 -5.147000000000005 -1.3624285545349122 -2.2623571605682375 0.0866732 0.081673205 "" "" 30.495795036055867 "" 2.5321674054398726 ""
239.51745081348 -55.5655806403 0.0901 0.0827 15.1227 "" "" 5836497136722231296 2191.29297 0.5206 0.1345 -5.779 -6.449 0.132 0.117 3.743 "" "" 15.909042 "" "" "" "" "" 1702.09595 2931.96021 8153.23293 10.802 "" "" "" "" "" "" 0.0031082092031968424 "" "" "" 239.51745081348 -55.5655806403 2191.29297 -5.779 -6.4490000000000025 -3.182428554534912 -3.564357160568237 0.17867321 0.16367319 "" "" 49.631277980811454 "" 8.461622688143413 ""
