Clusters/UFMG_45/UFMG_45_stars_in_region.tsv
# %ECSV 1.0
# ---
# datatype:
# - name: RA_ICRS_1
#   unit: deg
#   datatype: float64
#   format: '{:15.11f}'
#   description: Right ascension (ICRS) at Ep=2016.0 (ra)
#   meta: !!omap
#   - {ucd: POS_EQ_RA_MAIN}
#   - {width: 15}
#   - {precision: '11'}
# - name: DE_ICRS_1
#   unit: deg
#   datatype: float64
#   format: '{:15.11f}'
#   description: Declination (ICRS) at Ep=2016.0 (dec)
#   meta: !!omap
#   - {ucd: POS_EQ_DEC_MAIN}
#   - {width: 15}
#   - {precision: '11'}
# - name: e_RA_ICRS
#   unit: mas
#   datatype: float64
#   format: '{:7.4f}'
#   description: Standard error of right ascension (ra_error)
#   meta: !!omap
#   - {ucd: ERROR}
#   - {width: 7}
#   - {precision: '4'}
# - name: e_DE_ICRS
#   unit: mas
#   datatype: float64
#   format: '{:7.4f}'
#   description: Standard error of declination (dec_error)
#   meta: !!omap
#   - {ucd: ERROR}
#   - {width: 7}
#   - {precision: '4'}
# - name: _r_1
#   unit: ''
#   datatype: float64
#   format: '{:7.4f}'
#   description: Distance from center (239.70141367000-55.79529650000)[ICRS], at Epoch=J2016.0
#   meta: !!omap
#   - {ucd: POS_ANG_DIST_GENERAL}
#   - {width: 7}
#   - {precision: '4'}
# - name: HIP
#   datatype: int32
#   description: '? HIP cross-id number, van Leeuwen, Cat. I/311 (hip_original_ext_source_id)'
#   meta: !!omap
#   - {ucd: ID_NUMBER}
#   - {width: 6}
#   - values: {'null': -2147483648}
# - name: TYC2
#   datatype: string
#   description: Tycho-2 cross-id name, Hog et al., Cat. I/259 (tyc2_original_ext_source_id)
#   meta: !!omap
#   - {ucd: ID_CROSSID}
#   - {_votable_string_dtype: char}
# - name: Source
#   datatype: int64
#   description: Source identifier, identical to the Gaia-EDR3 source_id (id)
#   meta: !!omap
#   - {ucd: ID_MAIN}
#   - {width: 19}
# - name: rgeo
#   unit: pc
#   datatype: float64
#   format: '{:15.8f}'
#   description: '? Median of the geometric distance posterior (r_med_geo)'
#   meta: !!omap
#   - {ucd: PHYS_DISTANCE_TRUE}
#   - {width: 15}
#   - {precision: '8'}
#   - values: {'null': .nan}
# - name: Plx
#   unit: mas
#   datatype: float64
#   format: '{:9.4f}'
#   description: '? Parallax (parallax)'
#   meta: !!omap
#   - {ucd: POS_PARLX_TRIG}
#   - {width: 9}
#   - {precision: '4'}
#   - values: {'null': .nan}
# - name: e_Plx
#   unit: mas
#   datatype: float32
#   format: '{:7.4f}'
#   description: '? Standard error of parallax (parallax_error)'
#   meta: !!omap
#   - {ucd: ERROR}
#   - {width: 7}
#   - {precision: '4'}
#   - values: {'null': .nan}
# - name: pmRA
#   unit: mas / yr
#   datatype: float64
#   format: '{:9.3f}'
#   description: '? Proper motion in right ascension direction, pmRA*cosDE (pmra)'
#   meta: !!omap
#   - {ucd: POS_EQ_PMRA}
#   - {width: 9}
#   - {precision: '3'}
#   - values: {'null': .nan}
# - name: pmDE
#   unit: mas / yr
#   datatype: float64
#   format: '{:9.3f}'
#   description: '? Proper motion in declination direction (pmdec)'
#   meta: !!omap
#   - {ucd: POS_EQ_PMDEC}
#   - {width: 9}
#   - {precision: '3'}
#   - values: {'null': .nan}
# - name: e_pmRA
#   unit: mas / yr
#   datatype: float32
#   format: '{:6.3f}'
#   description: '? Standard error of proper motion in right ascension direction (pmra_error)'
#   meta: !!omap
#   - {ucd: ERROR}
#   - {width: 6}
#   - {precision: '3'}
#   - values: {'null': .nan}
# - name: e_pmDE
[...]
#         value: !astropy.table.SerializedColumn {name: SkyCoord.dec}
#       distance: !astropy.table.SerializedColumn
#         __class__: astropy.coordinates.distances.Distance
#         unit: !astropy.units.Unit {unit: pc}
#         value: !astropy.table.SerializedColumn {name: SkyCoord.distance}
#       frame: icrs
#       obstime: !astropy.time.Time {format: jyear_str, in_subfmt: '*', jd1: 367701545.0, jd2: 0.0, out_subfmt: '*', precision: 3, scale: tt}
#       pm_dec: !astropy.table.SerializedColumn
#         __class__: astropy.units.quantity.Quantity
#         unit: !astropy.units.Unit {unit: mas / yr}
#         value: !astropy.table.SerializedColumn {name: SkyCoord.pm_dec}
#       pm_ra_cosdec: !astropy.table.SerializedColumn
#         __class__: astropy.units.quantity.Quantity
#         unit: !astropy.units.Unit {unit: mas / yr}
#         value: !astropy.table.SerializedColumn {name: SkyCoord.pm_ra_cosdec}
#       ra: !astropy.table.SerializedColumn
#         __class__: astropy.coordinates.angles.Longitude
#         unit: *id001
#         value: !astropy.table.SerializedColumn {name: SkyCoord.ra}
#         wrap_angle: !astropy.coordinates.Angle
#           unit: *id001
#           value: 360.0
#       representation_type: spherical
# schema: astropy-2.0
RA_ICRS_1 DE_ICRS_1 e_RA_ICRS e_DE_ICRS _r_1 HIP TYC2 Source rgeo Plx e_Plx pmRA pmDE e_pmRA e_pmDE RUWE Teff logg Gmag BP-RP BPmag RPmag RV e_RV b_rgeo B_rgeo FG e_FG FBP e_FBP FRP e_FRP RAVE5 RAVE6 e_Gmag e_BPmag e_RPmag e_BP-RP SkyCoord.ra SkyCoord.dec SkyCoord.distance SkyCoord.pm_ra_cosdec SkyCoord.pm_dec rmRA rmDE e_rmRA e_rmDE rRV e_rRV v_pec v_pec3d e_vpec e_vpec3d
[from data line 1571]
240.07918647447 -55.6345576967 0.0378 0.0317 16.0012 "" "" 5836452017976422528 2526.13062 0.3641 0.0499 -4.782 -6.002 0.06 0.053 1.082 4818.7 3.4846 16.363855 2.457743 17.679998 15.222256 "" "" 2238.76904 2885.34644 5362.9577 2.4517 1157.2 7.9685 6460.3 10.709 "" "" 0.002799669954155568 0.007980075 0.0041860426 0.012166117 240.07918647447 -55.6345576967 2526.13062 -4.782 -6.002000000000001 -2.185428554534912 -3.117357160568237 0.106673196 0.0996732 "" "" 45.585684196538736 "" 4.651240293361045 ""
240.03644059789 -55.64451156345 0.0392 0.0326 14.4927 "" "" 5836452091099848704 2579.01953 0.3768 0.0505 -4.275 -3.077 0.061 0.054 1.111 "" "" 16.364784 1.461509 16.890923 15.429414 "" "" 2284.02881 3024.58716 5358.37029 3.7073 2393.6 26.872 5338.2 237.26 "" "" 0.002855884206216797 0.012504396 0.048404064 0.06090846 240.03644059789 -55.64451156345 2579.01953 -4.274999999999997 -3.077 -1.6784285545349125 -0.19235716056823726 0.1076732 0.1006732 "" "" 20.65234482704097 "" 2.2218900152191883 ""
239.9496949442 -55.58713775434 0.0357 0.0296 15.0496 "" "" 5836453190611677952 2497.88525 0.4044 0.0479 -1.862 -4.894 0.057 0.05 1.036 5382.3 3.802 16.36539 1.682781 17.144756 15.461975 "" "" 2236.50903 2940.25854 5355.38188 2.4254 1894.6 6.8462 5180.5 8.0124 "" "" 0.0027988528426116234 0.00481432 0.0041356506 0.008949971 239.9496949442 -55.58713775434 2497.88525 -1.8620000000000017 -4.894 0.7345714454650878 -2.0093571605682374 0.103673205 0.096673205 "" "" 25.33066356887212 "" 2.470361892985048 ""
239.3389746371 -55.67699851192 0.0384 0.0298 14.1519 "" "" 5836483324105772032 2939.81812 0.3272 0.0519 -1.596 -3.21 0.052 0.046 1.107 6033.7 4.2725 16.365667 1.662041 17.089756 15.427715 "" "" 2610.45215 3429.88037 5354.01455 3.2908 1993.0 13.288 5346.5 26.171 "" "" 0.0028349832830236094 0.007758073 0.006521448 0.014279521 239.3389746371 -55.67699851192 2939.81812 -1.5959999999999999 -3.2099999999999995 1.0005714454650878 -0.32535716056823727 0.0986732 0.0926732 "" "" 14.661307835497578 "" 1.4384988604436828 ""
239.77265573787 -55.57226097142 0.0354 0.0272 13.5974 "" "" 5836499335746657408 2379.03052 0.4019 0.0484 -3.927 -5.863 0.055 0.047 1.051 7717.7 4.3091 16.366089 1.489594 17.035816 15.546222 "" "" 2107.99487 2722.73047 5351.93683 2.4983 2094.5 6.5106 4793.7 9.1707 "" "" 0.0028015461514873607 0.004378951 0.0043125446 0.008691495 239.77265573787 -55.57226097142 2379.03052 -3.9270000000000014 -5.863 -1.3304285545349122 -2.9783571605682377 0.1016732 0.0936732 "" "" 36.784297405464194 "" 3.4963722528042123 ""
239.68178188177 -55.97304029895 0.0363 0.028 10.6851 "" "" 5836417868795679360 2588.03491 0.3843 0.0508 -4.419 -6.16 0.054 0.044 0.971 6857.1 4.3284 16.366179 1.335462 16.957169 15.621707 "" "" 2268.63086 2980.54517 5351.49479 2.2892 2251.9 5.5595 4471.7 8.6858 "" "" 0.0027941899019710017 0.0038691044 0.004327967 0.008197071 239.68178188177 -55.97304029895 2588.03491 -4.4190000000000005 -6.159999999999999 -1.8224285545349117 -3.2753571605682374 0.1006732 0.0906732 "" "" 45.9805783554718 "" 4.282363054700971 ""
240.08696923166 -55.81041779358 0.0413 0.0325 13.0335 "" "" 5836446353023074816 2949.16113 0.3363 0.057 -3.403 -4.214 0.064 0.056 1.278 11569.1 4.4337 16.367208 1.353803 16.87665 15.522847 "" "" 2568.70142 3569.51562 5346.42813 3.1663 2425.3 12.584 4898.0 13.443 "" "" 0.0028293535648756443 0.0062865936 0.0048128506 0.011099445 240.08696923166 -55.81041779358 2949.16113 -3.4030000000000005 -4.214 -0.8064285545349121 -1.3293571605682377 0.110673204 0.1026732 "" "" 21.735100561018143 "" 2.2796917562657 ""
239.98512470792 -55.71742986483 0.0328 0.0275 10.6575 "" "" 5836450029515395072 2187.42358 0.4354 0.0449 -2.932 -3.175 0.05 0.046 1.0 6515.5 4.0231 16.367533 1.485462 17.019197 15.533735 "" "" 2001.39185 2503.62207 5344.82674 2.9132 2126.9 8.7309 4849.1 7.8948 "" "" 0.0028181543717064636 0.005258261 0.004172341 0.009430602 239.98512470792 -55.71742986483 2187.42358 -2.932000000000001 -3.175000000000002 -0.33542855453491205 -0.2903571605682371 0.096673205 0.0926732 "" "" 4.599868316034313 "" 0.4368975022396611 ""
240.15477701392 -55.72252116147 0.0364 0.0292 15.9164 "" "" 5836448517686736512 2205.02368 0.4371 0.0482 -2.306 -8.141 0.057 0.049 1.012 7035.8 4.2523 16.367643 1.509409 17.027653 15.518244 "" "" 1990.104 2451.90723 5344.28472 2.9909 2110.4 7.6231 4918.8 7.5872 "" "" 0.00282152426893886 0.004813104 0.0041338205 0.0089469245 240.15477701392 -55.72252116147 2205.02368 -2.306 -8.141 0.29057144546508784 -5.256357160568237 0.103673205 0.0956732 "" "" 55.02233672988085 "" 5.265560134183724 ""
240.08175998011 -55.98544821438 0.0329 0.026 17.1447 "" "" 5836425393579793152 3158.34546 0.3046 0.0459 -4.593 -5.256 0.053 0.044 0.985 "" "" 16.367697 1.360417 16.966396 15.605979 "" "" 2749.38574 3704.0542 5344.02195 2.1811 2232.8 6.1488 4537.0 7.5794 "" "" 0.0027907264324179845 0.0040896074 0.004192089 0.008281697 240.08175998011 -55.98544821438 3158.34546 -4.593 -5.256 -1.996428554534912 -2.3713571605682375 0.0996732 0.0906732 "" "" 46.406462645129395 "" 4.38589200653473 ""
239.90837009637 -55.63280748552 0.035 0.0282 11.9991 "" "" 5836451644423394176 2867.49268 0.3213 0.0485 -0.733 -3.889 0.054 0.046 0.974 "" "" 16.368067 1.972093 17.338163 15.366071 "" "" 2494.35522 3386.10718 5342.19743 2.3925 1585.4 7.2966 5658.9 9.0118 "" "" 0.0027978965030771475 0.005723169 0.0041561145 0.009879284 239.90837009637 -55.63280748552 2867.49268 -0.7329999999999994 -3.889000000000002 1.8635714454650878 -1.004357160568237 0.1006732 0.0926732 "" "" 28.773901196885667 "" 2.846572683494649 ""
239.63950799008 -55.83842761556 0.0345 0.0262 3.3245 "" "" 5836489470092927360 2723.90405 0.3676 0.0472 -3.688 -3.115 0.053 0.042 1.035 6880.4 4.0342 16.36837 1.476485 16.941805 15.46532 "" "" 2379.22339 3345.30444 5340.70639 2.6763 2284.0 10.721 5164.5 42.921 "" "" 0.0028085243878115157 0.0058101923 0.009782834 0.015593026 239.63950799008 -55.83842761556 2723.90405 -3.6880000000000006 -3.115 -1.0914285545349123 -0.23035716056823752 0.0996732 0.088673204 "" "" 14.402216377834923 "" 1.4291172351892594 ""
239.28124464676 -55.81340262197 0.0411 0.0346 14.2102 "" "" 5836469270971403776 2358.52539 0.4133 0.0601 -3.008 -5.944 0.068 0.055 1.215 5894.6 4.3934 16.368464 1.648617 17.032082 15.383465 "" "" 2072.08984 2702.18848 5340.25068 3.5541 2101.8 8.5205 5568.9 73.202 "" "" 0.0028484954946278447 0.005211334 0.014763712 0.019975046 239.28124464676 -55.81340262197 2358.52539 -3.0079999999999982 -5.943999999999996 -0.4114285545349121 -3.0593571605682373 0.114673205 0.1016732 "" "" 34.509700223104055 "" 3.5171804090156393 ""
239.51745948137 -55.5903333695 0.0322 0.0265 13.7817 "" "" 5836497102362439936 2296.71851 0.4239 0.0463 -4.326 -4.111 0.049 0.043 1.004 7956.8 4.2211 16.368866 1.517964 17.071465 15.5535 "" "" 2065.1792 2592.04956 5338.26822 2.0664 2026.9 6.4735 4761.7 7.9215 "" "" 0.002787189329895357 0.004450777 0.0041888114 0.008639589 239.51745948137 -55.5903333695 2296.71851 -4.3260000000000005 -4.111000000000001 -1.7294285545349117 -1.226357160568237 0.0956732 0.089673206 "" "" 23.080484548098905 "" 2.162835843043181 ""
239.98162724762 -55.93985784369 0.0345 0.0269 12.8152 "" "" 5836438209763869952 3099.06641 0.3144 0.0466 0.952 1.449 0.05 0.044 1.033 5088.9 4.1701 16.369246 1.683233 17.164717 15.481483 "" "" 2693.36719 3567.28638 5336.39748 2.3398 1860.1 6.2279 5088.2 8.1093 "" "" 0.0027961429454875153 0.0045825546 0.0041566775 0.008739232 239.98162724762 -55.93985784369 3099.06641 0.9520000000000002 1.448999999999999 3.548571445465088 4.3336428394317625 0.096673205 0.0906732 "" "" 82.27843081320594 "" 7.662419368528878 ""
239.90818405463 -55.6695057647 0.0335 0.0274 10.284 "" "" 5836451163386961024 2373.8252 0.4037 0.046 -2.936 -3.734 0.052 0.045 1.026 7951.6 4.212 16.369274 1.448997 16.99964 15.550642 "" "" 2166.25757 2722.14697 5336.26381 2.5176 2165.5 9.1695 4774.2 18.016 "" "" 0.0028025309178722744 0.005377833 0.0055740816 0.010951914 239.90818405463 -55.6695057647 2373.8252 -2.936 -3.734 -0.33942855453491205 -0.8493571605682373 0.0986732 0.0916732 "" "" 10.291792579799235 "" 0.9537258054939253 ""
239.55614438409 -55.67372914291 0.033 0.0271 8.7912 "" "" 5836494387942812416 2265.91846 0.445 0.0492 -3.445 -5.07 0.052 0.045 1.045 11007.6 4.3685 16.369892 1.372369 16.914385 15.542016 "" "" 2005.71313 2536.0144 5333.22669 3.0662 2342.4 9.4302 4812.3 22.163 "" "" 0.0028251433098264145 0.0051856516 0.0062679504 0.011453602 239.55614438409 -55.67372914291 2265.91846 -3.4450000000000016 -5.07 -0.848428554534912 -2.1853571605682376 0.0986732 0.0916732 "" "" 25.178557514822362 "" 2.3320429396899267 ""
239.43293767042 -55.8138037958 0.145 0.1299 9.1211 "" "" 5836469648928049920 2881.56738 0.5824 0.2204 0.02 -8.237 0.217 0.201 4.277 5180.1 4.7346 16.370285 1.677449 17.130144 15.452695 "" "" 1751.98804 4553.88721 5331.29738 8.0442 1920.3 6.6044 5224.9 9.5161 "" "" 0.0032055544651315706 0.0046614073 0.004265446 0.008926854 239.43293767042 -55.8138037958 2881.56738 0.020000000000000462 -8.237000000000009 2.616571445465088 -5.352357160568237 0.2636732 0.24767321 "" "" 81.3739979390504 "" 20.41176351559638 ""
239.73831173003 -55.85660543665 0.0317 0.0254 3.883 "" "" 5836442367292764928 2224.78467 0.4308 0.0456 0.55 -6.339 0.05 0.041 0.999 4814.6 4.1118 16.370611 1.687779 17.18383 15.496051 "" "" 1989.74146 2603.20239 5329.69625 1.9103 1827.6 5.7078 5020.4 9.2962 "" "" 0.0027826662746193048 0.004391251 0.0042808414 0.008672092 239.73831173003 -55.85660543665 2224.78467 0.549999999999998 -6.339 3.1465714454650877 -3.4543571605682377 0.096673205 0.0876732 "" "" 49.27515034608811 "" 4.5266022420266605 ""
239.90301169885 -55.59747915605 0.0493 0.0409 13.6874 "" "" 5836498678501190144 2183.02002 0.4492 0.0675 -12.107 -5.485 0.077 0.067 1.423 6735.9 3.8738 16.371105 1.820327 17.209446 15.389119 "" "" 1906.5022 2556.32373 5327.27045 3.9282 1785.0 7.3139 5540.0 18.124 "" "" 0.0028692756235914755 0.0052513005 0.005186538 0.010437839 239.90301169885 -55.59747915605 2183.02002 -12.106999999999996 -5.484999999999996 -9.510428554534911 -2.6003571605682376 0.1236732 0.1136732 "" "" 102.02151642423102 "" 12.54904643989301 ""
239.72476352748 -55.93921468099 0.0358 0.0273 8.6708 "" "" 5836418418551522432 2387.83301 0.4127 0.047 -19.755 5.599 0.053 0.044 0.963 "" "" 16.371693 1.418133 16.94223 15.524097 "" "" 2119.89722 2603.05298 5324.38682 2.4913 2283.1 12.215 4892.4 29.221 "" "" 0.002801762595069667 0.0064442377 0.0075057657 0.013950003 239.72476352748 -55.93921468099 2387.83301 -19.755 5.599 -17.15842855453491 8.483642839431763 0.0996732 0.0906732 "" "" 216.64589477760393 "" 21.224910807943548 ""
239.74997325473 -55.73327721829 0.0326 0.0256 4.0662 "" "" 5836491604803585280 2972.35425 0.3218 0.0446 -3.761 -4.582 0.054 0.042 0.948 "" "" 16.371813 1.252954 16.894705 15.64175 "" "" 2575.18237 3482.29956 5323.79805 2.5774 2385.3 8.2862 4389.9 19.758 "" "" 0.0028050101426048725 0.0046915603 0.0061776396 0.010869199 239.74997325473 -55.73327721829 2972.35425 -3.761 -4.582 -1.1644285545349122 -1.6973571605682372 0.1006732 0.088673204 "" "" 29.000387113766983 "" 2.687832231422935 ""
240.10865917585 -55.77220808343 0.0361 0.0285 13.8097 "" "" 5836446490462088320 2379.52856 0.4122 0.0472 -3.32 -5.819 0.058 0.05 1.026 7773.9 4.2207 16.372114 1.683227 17.167274 15.484048 "" "" 2137.21411 2791.62964 5322.32162 2.2813 1855.7 5.8153 5076.2 7.8676 "" "" 0.0027943453290031955 0.004400176 0.004137086 0.008537263 240.10865917585 -55.77220808343 2379.52856 -3.320000000000001 -5.819000000000004 -0.723428554534912 -2.9343571605682373 0.1046732 0.096673205 "" "" 34.087490645333766 "" 3.3115786851681817 ""
240.02356738448 -55.62372364172 0.1142 0.0961 14.9854 "" "" 5836452194179130368 2904.11133 0.4668 0.1455 -2.215 -2.636 0.196 0.152 3.598 5616.0 4.3288 16.375792 1.780644 17.034908 15.254264 "" "" 2096.31934 5215.8252 5304.32374 8.677 2096.3 22.056 6272.7 75.036 "" "" 0.003278150286458493 0.011759271 0.013526628 0.0252859 240.02356738448 -55.62372364172 2904.11133 -2.214999999999999 -2.636 0.38157144546508803 0.24864283943176257 0.24267319 0.19867319 "" "" 6.269269634549458 "" 1.4446852842322266 ""
239.61992606651 -55.64726948826 0.0336 0.0278 9.2987 "" "" 5836495934131471232 2289.9751 0.4428 0.0502 -3.707 -3.385 0.055 0.046 0.966 7123.6 4.3259 16.376133 1.553408 17.094427 15.541019 "" "" 2047.21448 2567.67798 5302.65924 2.072 1984.5 7.0945 4816.7 7.4893 "" "" 0.0027877905579530285 0.0047802483 0.0041392804 0.008919529 239.61992606651 -55.64726948826 2289.9751 -3.7070000000000007 -3.385 -1.110428554534912 -0.5003571605682371 0.1016732 0.0926732 "" "" 13.220245999062099 "" 1.3248136589792496 ""
240.00262957661 -55.93804461243 0.0336 0.027 13.274 "" "" 5836437488209349632 2240.96411 0.4421 0.0463 -2.925 -2.306 0.049 0.044 1.004 5114.0 4.2947 16.377241 1.413791 17.016964 15.603173 "" "" 2027.31702 2543.63403 5297.24914 2.3404 2131.2 5.7411 4548.7 8.5759 "" "" 0.002796765170666531 0.0040422105 0.004298129 0.00834034 240.00262957661 -55.93804461243 2240.96411 -2.925 -2.306 -0.32842855453491193 0.5786428394317626 0.0956732 0.0906732 "" "" 7.067478519804397 "" 0.6496182637098729 ""
239.34686061935 -55.79044609225 0.0345 0.0284 11.963 "" "" 5836470611001230976 2810.48047 0.3386 0.0508 -5.304 -5.63 0.057 0.044 0.964 "" "" 16.377432 1.567344 17.103004 15.535661 "" "" 2479.8562 3283.28076 5296.32188 2.095 1968.9 5.1514 4840.5 7.299 "" "" 0.0027885901154718817 0.003981789 0.0041187494 0.0081005385 239.34686061935 -55.79044609225 2810.48047 -5.3039999999999985 -5.6299999999999955 -2.7074285545349124 -2.745357160568237 0.103673205 0.0906732 "" "" 51.365657623630696 "" 4.997883318003023 ""
239.61754642604 -55.68310960537 0.0333 0.0267 7.303 "" "" 5836492841754481536 2650.17822 0.361 0.0501 -4.204 -4.581 0.053 0.045 0.981 4875.1 4.0893 16.378416 2.102999 17.44088 15.337881 "" "" 2324.42188 3048.54028 5291.51431 2.1178 1442.3 9.3125 5807.7 17.775 "" "" 0.0027893751948288373 0.00754513 0.005032497 0.012577627 239.61754642604 -55.68310960537 2650.17822 -4.204 -4.580999999999998 -1.6074285545349118 -1.6963571605682377 0.0996732 0.0916732 "" "" 29.35672260301646 "" 2.8047866517942115 ""
239.55989224828 -55.5860123191 0.0331 0.0263 13.4383 "" "" 5836496690045552896 2494.82446 0.3937 0.046 -2.144 -1.803 0.05 0.041 1.022 7709.2 4.1257 16.37931 1.47022 17.032974 15.562755 "" "" 2223.66895 2757.28662 5287.1617 2.1792 2100.0 6.0281 4721.2 10.407 "" "" 0.002791424538772352 0.0041831136 0.0044734348 0.008656548 239.55989224828 -55.5860123191 2494.82446 -2.144 -1.803 0.45257144546508776 1.0816428394317628 0.096673205 0.0876732 "" "" 13.865441317620855 "" 1.2350189710251442 ""
239.34950485824 -55.95132649295 0.035 0.0281 15.0985 "" "" 5836467243746534784 2298.79614 0.4324 0.0504 -4.097 -4.296 0.053 0.046 1.024 7904.8 4.2872 16.380922 1.486913 17.037653 15.55074 "" "" 2082.31104 2591.27441 5279.32014 2.8847 2091.0 7.8769 4773.8 11.366 "" "" 0.002818465876220608 0.0049510933 0.0045788833 0.009529976 239.34950485824 -55.95132649295 2298.79614 -4.097000000000001 -4.296000000000002 -1.5004285545349125 -1.4113571605682376 0.0996732 0.0926732 "" "" 22.445346472477922 "" 2.164862962886286 ""
239.81270331128 -56.04354859215 0.0356 0.0282 15.3579 "" "" 5836413779986610304 2701.34497 0.3537 0.0494 0.728 -3.841 0.055 0.043 1.071 4802.8 4.185 16.381083 1.593704 17.10983 15.516127 "" "" 2415.21899 3191.8772 5278.53436 2.1462 1956.5 12.406 4928.4 12.144 "" "" 0.002790460025168943 0.007428474 0.004630465 0.012058939 239.81270331128 -56.04354859215 2701.34497 0.7280000000000009 -3.841000000000001 3.3245714454650876 -0.9563571605682375 0.1016732 0.089673206 "" "" 44.295355400843974 "" 4.4652605134467604 ""
