Clusters/IC_1590/IC_1590_stars_in_region.tsv
# %ECSV 1.0
# ---
# datatype:
# - name: RA_ICRS_1
#   unit: deg
#   datatype: float64
#   format: '{:15.11f}'
#   description: Right ascension (ICRS) at Ep=2016.0 (ra)
#   meta: !!omap
#   - {ucd: POS_EQ_RA_MAIN}
#   - {width: 15}
#   - {precision: '11'}
# - name: DE_ICRS_1
#   unit: deg
#   datatype: float64
#   format: '{:15.11f}'
#   description: Declination (ICRS) at Ep=2016.0 (dec)
#   meta: !!omap
#   - {ucd: POS_EQ_DEC_MAIN}
#   - {width: 15}
#   - {precision: '11'}
# - name: e_RA_ICRS
#   unit: mas
#   datatype: float64
#   format: '{:7.4f}'
#   description: Standard error of right ascension (ra_error)
#   meta: !!omap
#   - {ucd: ERROR}
#   - {width: 7}
#   - {precision: '4'}
# - name: e_DE_ICRS
#   unit: mas
#   datatype: float64
#   format: '{:7.4f}'
#   description: Standard error of declination (dec_error)
#   meta: !!omap
#   - {ucd: ERROR}
#   - {width: 7}
#   - {precision: '4'}
# - name: _r_1
#   unit: ''
#   datatype: float64
#   format: '{:7.4f}'
#   description: Distance from center (013.20201541000+56.62850120000)[ICRS], at Epoch=J2016.0
#   meta: !!omap
#   - {ucd: POS_ANG_DIST_GENERAL}
#   - {width: 7}
#   - {precision: '4'}
# - name: HIP
#   datatype: int32
#   description: '? HIP cross-id number, van Leeuwen, Cat. I/311 (hip_original_ext_source_id)'
#   meta: !!omap
#   - {ucd: ID_NUMBER}
#   - {width: 6}
#   - values: {'null': -2147483648}
# - name: TYC2
#   datatype: string
#   description: Tycho-2 cross-id name, Hog et al., Cat. I/259 (tyc2_original_ext_source_id)
#   meta: !!omap
#   - {ucd: ID_CROSSID}
#   - {_votable_string_dtype: char}
# - name: Source
#   datatype: int64
#   description: Source identifier, identical to the Gaia-EDR3 source_id (id)
#   meta: !!omap
#   - {ucd: ID_MAIN}
#   - {width: 19}
# - name: rgeo
#   unit: pc
#   datatype: float64
#   format: '{:15.8f}'
#   description: '? Median of the geometric distance posterior (r_med_geo)'
#   meta: !!omap
#   - {ucd: PHYS_DISTANCE_TRUE}
#   - {width: 15}
#   - {precision: '8'}
#   - values: {'null': .nan}
# - name: Plx
#   unit: mas
#   datatype: float64
#   format: '{:9.4f}'
#   description: '? Parallax (parallax)'
#   meta: !!omap
#   - {ucd: POS_PARLX_TRIG}
#   - {width: 9}
#   - {precision: '4'}
#   - values: {'null': .nan}
# - name: e_Plx
#   unit: mas
#   datatype: float32
#   format: '{:7.4f}'
#   description: '? Standard error of parallax (parallax_error)'
#   meta: !!omap
#   - {ucd: ERROR}
#   - {width: 7}
#   - {precision: '4'}
#   - values: {'null': .nan}
# - name: pmRA
#   unit: mas / yr
#   datatype: float64
#   format: '{:9.3f}'
#   description: '? Proper motion in right ascension direction, pmRA*cosDE (pmra)'
#   meta: !!omap
#   - {ucd: POS_EQ_PMRA}
#   - {width: 9}
#   - {precision: '3'}
#   - values: {'null': .nan}
# - name: pmDE
#   unit: mas / yr
#   datatype: float64
#   format: '{:9.3f}'
#   description: '? Proper motion in declination direction (pmdec)'
#   meta: !!omap
#   - {ucd: POS_EQ_PMDEC}
#   - {width: 9}
#   - {precision: '3'}
#   - values: {'null': .nan}
# - name: e_pmRA
#   unit: mas / yr
#   datatype: float32
#   format: '{:6.3f}'
#   description: '? Standard error of proper motion in right ascension direction (pmra_error)'
#   meta: !!omap
#   - {ucd: ERROR}
#   - {width: 6}
#   - {precision: '3'}
#   - values: {'null': .nan}
# - name: e_pmDE
[...]
#         value: !astropy.table.SerializedColumn {name: SkyCoord.dec}
#       distance: !astropy.table.SerializedColumn
#         __class__: astropy.coordinates.distances.Distance
#         unit: !astropy.units.Unit {unit: pc}
#         value: !astropy.table.SerializedColumn {name: SkyCoord.distance}
#       frame: icrs
#       obstime: !astropy.time.Time {format: jyear_str, in_subfmt: '*', jd1: 367701545.0, jd2: 0.0, out_subfmt: '*', precision: 3, scale: tt}
#       pm_dec: !astropy.table.SerializedColumn
#         __class__: astropy.units.quantity.Quantity
#         unit: !astropy.units.Unit {unit: mas / yr}
#         value: !astropy.table.SerializedColumn {name: SkyCoord.pm_dec}
#       pm_ra_cosdec: !astropy.table.SerializedColumn
#         __class__: astropy.units.quantity.Quantity
#         unit: !astropy.units.Unit {unit: mas / yr}
#         value: !astropy.table.SerializedColumn {name: SkyCoord.pm_ra_cosdec}
#       ra: !astropy.table.SerializedColumn
#         __class__: astropy.coordinates.angles.Longitude
#         unit: *id001
#         value: !astropy.table.SerializedColumn {name: SkyCoord.ra}
#         wrap_angle: !astropy.coordinates.Angle
#           unit: *id001
#           value: 360.0
#       representation_type: spherical
# schema: astropy-2.0
RA_ICRS_1 DE_ICRS_1 e_RA_ICRS e_DE_ICRS _r_1 HIP TYC2 Source rgeo Plx e_Plx pmRA pmDE e_pmRA e_pmDE RUWE Teff logg Gmag BP-RP BPmag RPmag RV e_RV b_rgeo B_rgeo FG e_FG FBP e_FBP FRP e_FRP RAVE5 RAVE6 e_Gmag e_BPmag e_RPmag e_BP-RP SkyCoord.ra SkyCoord.dec SkyCoord.distance SkyCoord.pm_ra_cosdec SkyCoord.pm_dec rmRA rmDE e_rmRA e_rmDE rRV e_rRV v_pec v_pec3d e_vpec e_vpec3d
[from data line 152]
13.61163512975 56.55002458403 0.0172 0.0204 14.3288 "" "" 423803290896982144 1898.57568 0.5041 0.0316 1.523 -0.131 0.023 0.029 1.218 6124.4 3.8614 15.291797 1.006443 15.703975 14.697532 "" "" 1801.04553 2018.94702 14395.54655 3.2768 7142.1 9.8227 10475.0 7.6487 "" "" 0.0027663818313690713 0.0031646185 0.0038616373 0.007026256 13.61163512975 56.55002458403 1898.57568 1.523 -0.13100000000000012 3.868459461212158 1.3820000114440918 0.15179433 0.15779433 "" "" 36.96807979759956 "" 5.637087470160168 ""
13.26330815334 56.39126170391 0.0155 0.0193 14.3783 "" "" 423788756726572544 2355.35962 0.3908 0.03 -2.139 0.651 0.021 0.025 1.12 "" "" 15.3044 1.221501 15.812799 14.591298 "" "" 2185.99927 2585.26245 14229.4048 3.1496 6461.0 12.33 11552.0 33.903 "" "" 0.0027657808876058554 0.0034753692 0.00494339 0.008418759 13.26330815334 56.39126170391 2355.35962 -2.138999999999997 0.651 0.2064594612121584 2.1640000114440916 0.14979433 0.15379433 "" "" 24.26947833362623 "" 3.73164385694224 ""
12.90222794322 56.80746178102 0.0148 0.0179 14.5851 "" "" 423869536474585984 2052.52246 0.4636 0.0268 1.838 -1.327 0.02 0.025 0.998 5847.5 4.0954 15.305416 1.179587 15.809078 14.629491 "" "" 1924.16577 2178.69189 14216.08885 2.9351 6483.1 9.3757 11152.0 11.91 "" "" 0.0027644238429050437 0.0032016349 0.0039532576 0.007154892 12.90222794322 56.80746178102 2052.52246 1.8379999999999999 -1.3270000000000017 4.183459461212158 0.18600001144409184 0.14879432 0.15379433 "" "" 40.74090292461133 "" 6.062423698148752 ""
13.36831138139 56.38659834708 0.0143 0.0168 15.5234 "" "" 423789272122651904 2014.89038 0.4608 0.0264 -3.721 -2.004 0.019 0.023 0.945 5808.6 3.562 15.324419 1.162791 15.824066 14.661275 "" "" 1913.65173 2124.5769 13969.4415 2.5138 6394.3 9.9165 10830.0 9.7893 "" "" 0.002762238588363068 0.003258868 0.0039047252 0.007163593 13.36831138139 56.38659834708 2014.89038 -3.721 -2.003999999999998 -1.3755405387878419 -0.4909999885559082 0.14779432 0.15179433 "" "" 13.949055936030458 "" 2.067972485365579 ""
13.25752817999 56.64813323719 0.0142 0.0172 2.1777 "" "" 423817034792212992 2378.72314 0.3918 0.0268 1.063 -0.508 0.02 0.023 0.997 4839.6 3.4877 15.330701 1.465932 15.994827 14.528895 "" "" 2268.31079 2536.53345 13888.85576 2.6249 5463.7 11.219 12235.0 13.483 "" "" 0.0027629504401934036 0.0035714637 0.003964253 0.0075357165 13.25752817999 56.64813323719 2378.72314 1.0629999999999995 -0.508 3.408459461212158 1.0050000114440918 0.14879432 0.15179433 "" "" 40.06664767034533 "" 5.971393005758522 ""
13.23498452323 56.33130297046 0.0159 0.0186 17.8653 "" "" 423788103891560576 2243.71069 0.4144 0.0304 0.934 -1.17 0.022 0.025 1.015 7129.4 4.3239 15.331297 0.835339 15.661415 14.826076 "" "" 2101.02026 2429.28027 13881.23572 3.159 7427.6 9.6089 9305.2 9.5184 "" "" 0.0027663767333496107 0.003123767 0.003939186 0.007062953 13.23498452323 56.33130297046 2243.71069 0.9340000000000003 -1.17 3.2794594612121584 0.34300001144409187 0.15079433 0.15379433 "" "" 35.067917338662504 "" 5.289192591812147 ""
13.7334350232 56.63936032701 0.0148 0.018 17.5485 "" "" 423809681808254464 1917.44043 0.5009 0.0284 -3.936 -0.986 0.02 0.025 1.044 6049.8 4.2136 15.332186 0.990709 15.735443 14.744734 "" "" 1805.16809 2013.73132 13869.87493 2.8411 6938.1 9.4633 10029.0 8.2506 "" "" 0.0027642814537425027 0.0031588161 0.0038834966 0.007042313 13.7334350232 56.63936032701 1917.44043 -3.9360000000000026 -0.9860000000000002 -1.5905405387878417 0.5270000114440918 0.14879432 0.15379433 "" "" 15.22873515697213 "" 2.27359531692438 ""
13.41832226792 56.62734326552 0.0146 0.0168 7.1394 "" "" 423816381957223808 1977.32361 0.4761 0.0262 -5.338 -3.664 0.019 0.022 1.009 6267.2 4.1173 15.342084 0.998131 15.748263 14.750133 "" "" 1888.29114 2069.82129 13744.00525 2.6551 6856.6 9.2361 9979.4 8.4856 "" "" 0.0027632919538883288 0.0031502435 0.0038905079 0.007040751 13.41832226792 56.62734326552 1977.32361 -5.338 -3.664 -2.992540538787842 -2.1509999885559083 0.14779432 0.15079433 "" "" 34.541369520720025 "" 5.140552928422464 ""
13.59759686641 56.82179757848 0.0147 0.0174 17.4381 "" "" 424188635361902464 2146.32764 0.4392 0.0281 -3.164 -1.83 0.02 0.024 0.989 6197.0 4.2222 15.349757 1.00474 15.764824 14.760084 "" "" 2011.28418 2306.79614 13647.21412 2.6222 6752.9 9.8317 9888.4 8.1004 "" "" 0.002763206423037696 0.0032068384 0.0038826263 0.007089465 13.59759686641 56.82179757848 2146.32764 -3.1640000000000015 -1.8299999999999979 -0.8185405387878419 -0.3169999885559083 0.14879432 0.15279433 "" "" 8.93017576838384 "" 1.3334724569501617 ""
12.95237188831 56.58414613289 0.016 0.0196 8.663 "" "" 423842083042567296 2623.41431 0.3509 0.0296 2.167 0.077 0.021 0.027 1.056 6646.8 4.2025 15.36132 0.968761 15.753611 14.784849 "" "" 2440.2373 2799.72241 13502.63874 2.8919 6823.0 9.6252 9665.4 9.7944 "" "" 0.0027651152015158117 0.0031829218 0.0039362707 0.0071191927 12.95237188831 56.58414613289 2623.41431 2.1669999999999976 0.07700000000000069 4.512459461212158 1.5900000114440918 0.14979433 0.15579432 "" "" 59.49381586165614 "" 8.951959541664696 ""
12.86505784701 56.56898417805 0.0188 0.0231 11.6885 "" "" 423840777372514560 2298.73413 0.4043 0.0351 1.485 -0.418 0.026 0.033 1.215 6258.6 4.1962 15.376462 1.126427 15.845521 14.719094 "" "" 2138.20312 2511.39941 13315.63814 3.5506 6269.1 7.7941 10269.0 9.1552 "" "" 0.0027704883389204297 0.0030995386 0.0039013717 0.00700091 12.86505784701 56.56898417805 2298.73413 1.485 -0.4180000000000001 3.8304594612121585 1.0950000114440919 0.15479434 0.16179433 "" "" 43.40855367829211 "" 6.742831803042411 ""
13.04991760336 56.61299597101 0.0167 0.0201 5.1063 "" "" 423795663033801216 2280.49902 0.4054 0.0302 -2.348 -3.483 0.022 0.027 1.155 6030.1 4.1912 15.38627 1.017244 15.793957 14.776712 "" "" 2135.58472 2422.177 13195.89586 3.127 6574.1 12.66 9738.1 13.601 "" "" 0.002767306383993006 0.0034866428 0.0040722564 0.007558899 13.04991760336 56.61299597101 2280.49902 -2.347999999999999 -3.4830000000000023 -0.002540538787841662 -1.9699999885559083 0.15079433 0.15579432 "" "" 21.294861333004814 "" 3.3176183196729365 ""
13.29385644823 56.3570933841 0.015 0.018 16.5662 "" "" 423787897733123328 1963.11572 0.4797 0.0279 -2.945 -3.334 0.02 0.024 0.989 6406.7 4.3735 15.391191 0.900865 15.754208 14.853343 "" "" 1855.58997 2074.02246 13136.2133 2.7006 6819.2 9.3224 9074.5 9.4645 "" "" 0.0027643466262432547 0.0031604057 0.0039453837 0.007105789 13.29385644823 56.3570933841 1963.11572 -2.9449999999999994 -3.334 -0.5995405387878416 -1.8209999885559083 0.14879432 0.15279433 "" "" 17.8394661677183 "" 2.718873386203322 ""
13.07687244306 56.80311468181 0.0155 0.0193 11.258 "" "" 423822085673629952 1911.13708 0.4987 0.0284 -2.283 -1.706 0.021 0.027 0.966 5177.9 4.1259 15.391325 1.320389 15.977118 14.656729 "" "" 1833.08936 1997.08325 13134.59612 2.5501 5553.5 10.685 10876.0 9.5751 "" "" 0.0027633720085520333 0.0034855187 0.003898386 0.0073839044 13.07687244306 56.80311468181 1911.13708 -2.2830000000000026 -1.7060000000000013 0.062459461212158285 -0.19299998855590816 0.14979433 0.15579432 "" "" 1.8376214408277742 "" 0.2852639953186347 ""
13.55354581316 56.84918416601 0.0151 0.0182 17.5824 "" "" 424200386392548480 1926.47778 0.4914 0.0288 -2.98 -1.594 0.02 0.025 1.032 5779.3 4.1852 15.399199 1.006371 15.503458 14.497087 "" "" 1837.32642 2037.83728 13039.68784 9.0033 8590.8 86.996 12599.0 55.816 "" "" 0.0028554798672992187 0.011343375 0.0061171907 0.017460566 13.55354581316 56.84918416601 1926.47778 -2.9800000000000026 -1.594 -0.6345405387878418 -0.08099998855590829 0.14879432 0.15379433 "" "" 5.841327926012085 "" 0.8696324620347582 ""
13.12611021288 56.63557576459 0.015 0.0188 2.5406 "" "" 423818271742795392 2607.47583 0.3493 0.0285 -0.493 -1.599 0.021 0.025 0.996 6444.0 4.1245 15.40006 0.95917 15.789468 14.830297 "" "" 2446.55029 2770.45093 13029.34995 3.0613 6601.3 6.688 9269.1 8.6301 "" "" 0.00276710399344094 0.002999173 0.00391224 0.006911413 13.12611021288 56.63557576459 2607.47583 -0.493 -1.599 1.8524594612121583 -0.08599998855590818 0.14979433 0.15379433 "" "" 22.92001252752065 "" 3.433487607264566 ""
13.161650729 56.64242262622 0.0149 0.0186 1.5722 "" "" 423818615340432128 2095.16187 0.4485 0.0284 -5.85 -1.241 0.02 0.026 0.952 5304.1 4.1649 15.417822 1.187923 15.927557 14.739634 "" "" 1984.63171 2213.03931 12817.93832 2.5767 5812.9 8.6598 10076.0 9.2836 "" "" 0.0027639511416647465 0.0032251037 0.0039095306 0.007134634 13.161650729 56.64242262622 2095.16187 -5.85 -1.2410000000000003 -3.5045405387878414 0.2720000114440917 0.14879432 0.15479434 "" "" 34.908497313087906 "" 5.1954655140889985 ""
13.64876229766 56.49006247875 0.0155 0.0183 16.9466 "" "" 423802569342517632 2484.2478 0.377 0.0284 0.574 0.559 0.02 0.026 1.026 6158.6 4.1805 15.419322 1.039274 15.850364 14.811089 "" "" 2324.70752 2680.12842 12800.23515 2.5846 6241.2 9.067 9434.6 8.7408 "" "" 0.0027640280624895014 0.00320515 0.0039109522 0.007116102 13.64876229766 56.49006247875 2484.2478 0.574 0.559 2.919459461212158 2.072000011444092 0.14879432 0.15479434 "" "" 42.155743147318496 "" 6.358382991184044 ""
13.27132687428 56.62809189816 0.0148 0.0193 2.2877 "" "" 423817000432500224 2418.68433 0.3775 0.0284 4.12 -0.763 0.02 0.025 0.973 5784.8 4.1362 15.425989 1.040642 15.857888 14.817246 "" "" 2278.83643 2617.72729 12721.87864 2.7421 6198.1 8.9519 9381.2 8.7263 "" "" 0.0027652406072387007 0.0032006355 0.0039119953 0.0071126306 13.27132687428 56.62809189816 2418.68433 4.12 -0.7629999999999998 6.465459461212158 0.7500000114440918 0.14879432 0.15379433 "" "" 74.6207184865277 "" 11.10817531765085 ""
13.27837433645 56.67036035194 0.0156 0.0188 3.557 "" "" 423817172231149184 2055.97314 0.451 0.0283 -2.81 -1.382 0.021 0.025 1.054 6606.9 4.236 15.427214 0.972445 15.821148 14.848703 "" "" 1960.17029 2179.85693 12707.53604 2.6029 6411.5 12.321 9113.3 12.709 "" "" 0.0027642807197453072 0.003484017 0.004071398 0.007555415 13.27837433645 56.67036035194 2055.97314 -2.8100000000000027 -1.3820000000000001 -0.46454053878784185 0.1310000114440919 0.14979433 0.15379433 "" "" 4.703654847606244 "" 0.7059839007962525 ""
13.18541664623 56.64590289865 0.015 0.018 1.179 "" "" 423818718419389824 2763.78979 0.3295 0.0279 -2.358 -1.447 0.02 0.024 1.031 5835.1 3.5956 15.429183 1.497839 16.112936 14.615097 "" "" 2610.90259 2959.39404 12684.50655 16.869 4900.5 25.078 11301.0 51.036 "" "" 0.0031107338045202842 0.0062174154 0.006190766 0.012408182 13.18541664623 56.64590289865 2763.78979 -2.358 -1.4470000000000007 -0.012540538787841893 0.06600001144409173 0.14879432 0.15279433 "" "" 0.8800935639223472 "" 0.1343521907596252 ""
13.09964624895 56.8424341849 0.0157 0.0194 13.2707 "" "" 423828029908347648 2081.03271 0.4428 0.0289 -1.813 -2.288 0.021 0.027 1.013 6793.8 4.3895 15.430952 0.954671 15.817949 14.863278 "" "" 1970.70569 2229.79102 12663.85063 2.751 6430.4 8.3708 8991.8 8.0103 "" "" 0.0027653965378630994 0.003127721 0.0039011852 0.007028906 13.09964624895 56.8424341849 2081.03271 -1.8129999999999975 -2.288 0.5324594612121583 -0.774999988555908 0.14979433 0.15579432 "" "" 9.27507203852085 "" 1.427394705723888 ""
13.49303956261 56.85742867886 0.0177 0.0198 16.744 "" "" 423825349848763776 1994.43555 0.4759 0.0326 4.399 -1.194 0.024 0.027 1.076 5865.9 4.1912 15.452536 1.084415 15.906926 14.822512 "" "" 1870.22107 2131.76489 12414.59477 2.58 5924.4 7.9766 9335.8 8.3964 "" "" 0.0027645436738894225 0.0031499213 0.0039034921 0.0070534134 13.49303956261 56.85742867886 1994.43555 4.399 -1.1939999999999973 6.744459461212158 0.31900001144409185 0.15279433 0.15579432 "" "" 63.83086597254429 "" 9.753426102240313 ""
13.60753895143 56.46245812301 0.0156 0.0189 16.7083 "" "" 423801160593256832 1899.47021 0.5122 0.0295 0.075 -1.794 0.021 0.027 1.016 6422.2 4.3446 15.45288 0.965716 15.84516 14.879443 "" "" 1788.17627 2044.13098 12410.65416 2.5037 6271.2 9.5129 8858.9 8.694 "" "" 0.0027640125506718503 0.0032399953 0.0039267126 0.007166708 13.60753895143 56.46245812301 1899.47021 0.07500000000000023 -1.794000000000001 2.4204594612121584 -0.28099998855590824 0.14979433 0.15579432 "" "" 21.93894544796156 "" 3.288114633548273 ""
13.42427178239 56.84788429245 0.02 0.025 15.0585 "" "" 423826071403272320 2785.26904 0.3408 0.0378 -3.177 0.051 0.028 0.035 1.276 7186.6 4.1113 15.458031 1.055058 15.889105 14.834046 "" "" 2498.33643 3098.45166 12351.91986 3.1306 6022.5 10.135 9237.2 8.2008 "" "" 0.002769027560444276 0.0033351881 0.0039003673 0.0072355554 13.42427178239 56.84788429245 2785.26904 -3.176999999999999 0.05100000000000042 -0.8315405387878418 1.5640000114440917 0.15679432 0.16379432 "" "" 23.38520685684513 "" 3.794895109977283 ""
13.1371008477 56.80898886399 0.0152 0.0191 11.0382 "" "" 423827720670722176 2031.84241 0.4656 0.0282 -2.225 -2.64 0.02 0.026 0.947 6327.2 4.2709 15.466707 0.967355 15.860635 14.89328 "" "" 1916.45374 2162.94165 12253.60671 2.7119 6182.5 8.5668 8746.7 8.469 "" "" 0.0027657780548565724 0.0031699259 0.003922867 0.007092793 13.1371008477 56.80898886399 2031.84241 -2.2249999999999983 -2.6399999999999997 0.12045946121215811 -1.1269999885559083 0.14879432 0.15479434 "" "" 10.915885987675917 "" 1.6889917027412544 ""
13.02354583041 56.40146239075 0.0165 0.0196 14.8483 "" "" 423786592062910848 2770.80981 0.331 0.031 -1.613 -1.534 0.022 0.025 1.007 7471.3 4.3001 15.467233 0.7422 15.756369 15.014169 "" "" 2529.77441 2990.73242 12247.67811 4.1317 6805.6 10.28 7825.1 10.431 "" "" 0.0027795578546957406 0.0032364696 0.004047026 0.0072834957 13.02354583041 56.40146239075 2770.80981 -1.6130000000000013 -1.5340000000000003 0.7324594612121582 -0.020999988555908233 0.15079433 0.15379433 "" "" 9.623810720329905 "" 1.4512400117476516 ""
13.40138676927 56.88745702649 0.0237 0.0272 16.8644 "" "" 423826415000635648 2114.60034 0.4453 0.0418 -3.092 -2.057 0.031 0.038 1.505 5901.0 4.3026 15.474961 1.077336 15.923097 14.84576 "" "" 1952.59607 2320.74072 12160.80636 2.9793 5836.8 8.1945 9138.1 8.4751 "" "" 0.002768129987060946 0.0031793953 0.0039112275 0.0070906226 13.40138676927 56.88745702649 2114.60034 -3.092 -2.057 -0.7465405387878419 -0.5439999885559081 0.15979433 0.16679433 "" "" 9.258636166827696 "" 1.5022725327105981 ""
13.11622582182 56.63961495755 0.0164 0.0198 2.9084 "" "" 423819027657035520 2615.87598 0.3505 0.0298 -2.385 -1.555 0.023 0.028 1.002 7397.6 3.6092 15.487736 0.822589 15.767951 14.945362 "" "" 2432.06396 2795.19165 12018.55586 3.2842 6733.4 11.561 8337.1 15.201 "" "" 0.0027712477035401906 0.0033556183 0.0042664525 0.0076220706 13.11622582182 56.63961495755 2615.87598 -2.385 -1.555 -0.039540538787841584 -0.04199998855590814 0.15179433 0.15679432 "" "" 0.7152394699748517 "" 0.11047957921278578 ""
13.44874236242 56.39848965459 0.0155 0.0184 16.0365 "" "" 423777933408989184 2538.14307 0.372 0.0291 1.606 -0.592 0.021 0.026 1.006 6311.4 4.1582 15.493561 1.044675 15.927165 14.88249 "" "" 2350.13257 2771.36206 11954.25006 2.4063 5815.0 8.361 8834.1 8.2499 "" "" 0.002763974260675611 0.0031972027 0.0039130286 0.0071102316 13.44874236242 56.39848965459 2538.14307 1.6059999999999999 -0.5920000000000002 3.951459461212158 0.9210000114440918 0.14979433 0.15479434 "" "" 48.813431488072716 "" 7.32474967771063 ""
