Clusters/IC_1590/IC_1590_members.tsv
# %ECSV 1.0
# ---
# datatype:
# - name: RA_ICRS_1
#   unit: deg
#   datatype: float64
#   format: '{:15.11f}'
#   description: Right ascension (ICRS) at Ep=2016.0 (ra)
#   meta: !!omap
#   - {ucd: POS_EQ_RA_MAIN}
#   - {width: 15}
#   - {precision: '11'}
# - name: DE_ICRS_1
#   unit: deg
#   datatype: float64
#   format: '{:15.11f}'
#   description: Declination (ICRS) at Ep=2016.0 (dec)
#   meta: !!omap
#   - {ucd: POS_EQ_DEC_MAIN}
#   - {width: 15}
#   - {precision: '11'}
# - name: e_RA_ICRS
#   unit: mas
#   datatype: float64
#   format: '{:7.4f}'
#   description: Standard error of right ascension (ra_error)
#   meta: !!omap
#   - {ucd: ERROR}
#   - {width: 7}
#   - {precision: '4'}
# - name: e_DE_ICRS
#   unit: mas
#   datatype: float64
#   format: '{:7.4f}'
#   description: Standard error of declination (dec_error)
#   meta: !!omap
#   - {ucd: ERROR}
#   - {width: 7}
#   - {precision: '4'}
# - name: _r_1
#   unit: ''
#   datatype: float64
#   format: '{:7.4f}'
#   description: Distance from center (013.20201541000+56.62850120000)[ICRS], at Epoch=J2016.0
#   meta: !!omap
#   - {ucd: POS_ANG_DIST_GENERAL}
#   - {width: 7}
#   - {precision: '4'}
# - name: HIP
#   datatype: int32
#   description: '? HIP cross-id number, van Leeuwen, Cat. I/311 (hip_original_ext_source_id)'
#   meta: !!omap
#   - {ucd: ID_NUMBER}
#   - {width: 6}
#   - values: {'null': -2147483648}
# - name: TYC2
#   datatype: string
#   description: Tycho-2 cross-id name, Hog et al., Cat. I/259 (tyc2_original_ext_source_id)
#   meta: !!omap
#   - {ucd: ID_CROSSID}
#   - {_votable_string_dtype: char}
# - name: Source
#   datatype: int64
#   description: Source identifier, identical to the Gaia-EDR3 source_id (id)
#   meta: !!omap
#   - {ucd: ID_MAIN}
#   - {width: 19}
# - name: rgeo
#   unit: pc
#   datatype: float64
#   format: '{:15.8f}'
#   description: '? Median of the geometric distance posterior (r_med_geo)'
#   meta: !!omap
#   - {ucd: PHYS_DISTANCE_TRUE}
#   - {width: 15}
#   - {precision: '8'}
#   - values: {'null': .nan}
# - name: Plx
#   unit: mas
#   datatype: float64
#   format: '{:9.4f}'
#   description: '? Parallax (parallax)'
#   meta: !!omap
#   - {ucd: POS_PARLX_TRIG}
#   - {width: 9}
#   - {precision: '4'}
#   - values: {'null': .nan}
# - name: e_Plx
#   unit: mas
#   datatype: float32
#   format: '{:7.4f}'
#   description: '? Standard error of parallax (parallax_error)'
#   meta: !!omap
#   - {ucd: ERROR}
#   - {width: 7}
#   - {precision: '4'}
#   - values: {'null': .nan}
# - name: pmRA
#   unit: mas / yr
#   datatype: float64
#   format: '{:9.3f}'
#   description: '? Proper motion in right ascension direction, pmRA*cosDE (pmra)'
#   meta: !!omap
#   - {ucd: POS_EQ_PMRA}
#   - {width: 9}
#   - {precision: '3'}
#   - values: {'null': .nan}
# - name: pmDE
#   unit: mas / yr
#   datatype: float64
#   format: '{:9.3f}'
#   description: '? Proper motion in declination direction (pmdec)'
#   meta: !!omap
#   - {ucd: POS_EQ_PMDEC}
#   - {width: 9}
#   - {precision: '3'}
#   - values: {'null': .nan}
# - name: e_pmRA
#   unit: mas / yr
#   datatype: float32
#   format: '{:6.3f}'
#   description: '? Standard error of proper motion in right ascension direction (pmra_error)'
#   meta: !!omap
#   - {ucd: ERROR}
#   - {width: 6}
#   - {precision: '3'}
#   - values: {'null': .nan}
# - name: e_pmDE
[...]
#         unit: &id001 !astropy.units.Unit {unit: deg}
#         value: !astropy.table.SerializedColumn {name: SkyCoord.dec}
#       distance: !astropy.table.SerializedColumn
#         __class__: astropy.coordinates.distances.Distance
#         unit: !astropy.units.Unit {unit: pc}
#         value: !astropy.table.SerializedColumn {name: SkyCoord.distance}
#       frame: icrs
#       obstime: !astropy.time.Time {format: jyear_str, in_subfmt: '*', jd1: 367701545.0, jd2: 0.0, out_subfmt: '*', precision: 3, scale: tt}
#       pm_dec: !astropy.table.SerializedColumn
#         __class__: astropy.units.quantity.Quantity
#         unit: !astropy.units.Unit {unit: mas / yr}
#         value: !astropy.table.SerializedColumn {name: SkyCoord.pm_dec}
#       pm_ra_cosdec: !astropy.table.SerializedColumn
#         __class__: astropy.units.quantity.Quantity
#         unit: !astropy.units.Unit {unit: mas / yr}
#         value: !astropy.table.SerializedColumn {name: SkyCoord.pm_ra_cosdec}
#       ra: !astropy.table.SerializedColumn
#         __class__: astropy.coordinates.angles.Longitude
#         unit: *id001
#         value: !astropy.table.SerializedColumn {name: SkyCoord.ra}
#         wrap_angle: !astropy.coordinates.Angle
#           unit: *id001
#           value: 360.0
#       representation_type: spherical
# schema: astropy-2.0
RA_ICRS_1 DE_ICRS_1 e_RA_ICRS e_DE_ICRS _r_1 HIP TYC2 Source rgeo Plx e_Plx pmRA pmDE e_pmRA e_pmDE RUWE Teff logg Gmag BP-RP BPmag RPmag RV e_RV b_rgeo B_rgeo FG e_FG FBP e_FBP FRP e_FRP RAVE5 RAVE6 e_Gmag e_BPmag e_RPmag e_BP-RP SkyCoord.ra SkyCoord.dec SkyCoord.distance SkyCoord.pm_ra_cosdec SkyCoord.pm_dec Pmemb
13.20646425001 56.62688819888 0.0101 0.0123 0.1759 "" 3663-1231-2 423818404882207232 2714.07642 0.3501 0.0196 -2.375 -1.596 0.014 0.017 0.939 18932.3 3.5911 9.122716 0.163774 9.146064 8.982289 "" "" 2558.86475 2884.87988 4225326.05492 1103.8 2999100.0 2635.3 2024100.0 1351.4 "" "" 0.0027698801862199754 0.002948767 0.0038482728 0.00679704 13.20646425001 56.62688819888 2714.07642 -2.3749999999999996 -1.596 1.0
13.20395540813 56.62522769089 0.0106 0.0127 0.2066 "" 3663-2676-1 423818409181768704 2531.48901 0.3784 0.0201 -2.362 -1.609 0.014 0.017 0.961 24023.7 3.8448 9.753624 0.147464 9.783956 9.636492 "" "" 2425.81665 2665.5022 2363182.15204 647.67 1666600.0 970.31 1108100.0 286.7 "" "" 0.002771341541425256 0.0028608795 0.0037898072 0.0066506867 13.20395540813 56.62522769089 2531.48901 -2.361999999999999 -1.609 1.0
13.37129533406 56.64284153248 0.0106 0.0126 5.6517 "" 3676-2052-1 423817206584359040 2472.98779 0.3984 0.0199 -2.161 -1.594 0.014 0.017 1.053 21430.5 3.7162 10.592044 0.106709 10.600278 10.493568 "" "" 2365.27393 2589.8667 1091764.86916 268.34 785790.0 1097.4 503190.0 408.02 "" "" 0.0027682129103441385 0.0031755613 0.003880568 0.007056129 13.37129533406 56.64284153248 2472.98779 -2.160999999999999 -1.594 1.0
13.18493278322 56.61786529899 0.0128 0.0162 0.8516 "" 3663-2103-1 423818374822038144 2653.39355 0.3221 0.0239 -2.352 -1.57 0.017 0.02 1.335 18696.2 3.8355 11.15964 0.300529 11.250815 10.950287 "" "" 2488.06396 2852.01465 647277.4058 519.52 431610.0 1235.4 330400.0 1083.7 "" "" 0.002889842953054937 0.004176471 0.0051928503 0.009369321 13.18493278322 56.61786529899 2653.39355 -2.351999999999999 -1.5700000000000003 1.0
13.38597744356 56.68317969663 0.0074 0.0086 6.8973 "" "" 423817378389576704 2156.17993 0.4329 0.0139 -2.209 -1.803 0.01 0.011 0.834 12920.2 3.9139 12.482634 0.201262 12.549922 12.34866 "" "" 2098.69019 2230.67603 191378.60882 30.821 130450.0 59.516 91137.0 29.889 "" "" 0.00276086283911387 0.0028338 0.0037961185 0.0066299187 13.38597744356 56.68317969663 2156.17993 -2.2090000000000005 -1.8030000000000004 1.0
13.31882622794 56.64231057298 0.0071 0.0085 3.9426 "" "" 423816862993534080 2464.13672 0.3794 0.0134 -2.261 -1.617 0.01 0.011 0.92 12344.4 3.7495 12.535848 0.323565 12.646231 12.322666 "" "" 2402.96118 2536.80078 182224.92894 26.185 119380.0 46.922 93345.0 34.351 "" "" 0.002759733753385991 0.002822616 0.0038004431 0.006623059 13.31882622794 56.64231057298 2464.13672 -2.261 -1.6169999999999998 1.0
13.20144433053 56.63154187038 0.0078 0.0088 0.1834 "" "" 423818507959362176 2387.60376 0.3917 0.0143 -2.403 -1.589 0.01 0.011 0.899 "" "" 12.536671 0.330688 12.647091 12.316403 "" "" 2310.81787 2468.31323 182086.85989 34.162 119280.0 64.292 93885.0 38.957 "" "" 0.0027628396075396106 0.0028508808 0.003806139 0.00665702 13.20144433053 56.63154187038 2387.60376 -2.4029999999999996 -1.5889999999999995 1.0
13.21302065068 56.61559783432 0.0077 0.0084 0.8552 "" "" 423818340462306688 2711.10596 0.338 0.014 -2.33 -1.498 0.01 0.011 1.088 "" "" 13.285715 0.731623 13.546494 12.814871 "" "" 2611.57324 2810.93066 91339.94221 114.56 52098.0 197.39 59321.0 267.63 "" "" 0.003073458243372314 0.0049706385 0.006186893 0.011157531 13.21302065068 56.61559783432 2711.10596 -2.33 -1.4980000000000004 1.0
13.05332808294 56.6892418715 0.007 0.009 6.1094 "" "" 423819714851612672 2623.49268 0.3516 0.0136 -2.112 -1.561 0.009 0.013 0.976 "" "" 13.334237 0.489641 13.509575 13.019934 "" "" 2544.09424 2704.74683 87347.79552 24.628 53900.0 25.189 49112.0 19.63 "" "" 0.002772273991050676 0.0028359299 0.0038042152 0.006640145 13.05332808294 56.6892418715 2623.49268 -2.112 -1.5610000000000006 1.0
13.1392893354 56.60433948118 0.0076 0.0088 2.5279 "" "" 423818237383094784 2647.01562 0.3428 0.0135 -2.214 -1.337 0.01 0.011 0.993 7973.5 3.0589 13.359725 0.718894 13.63374 12.914846 "" "" 2571.05396 2750.25903 85321.19155 13.229 48075.0 19.439 54103.0 15.455 "" "" 0.0027604580572689005 0.0028244967 0.0037920864 0.006616583 13.1392893354 56.60433948118 2647.01562 -2.2139999999999995 -1.3369999999999993 1.0
13.30798434841 56.65180609645 0.0083 0.01 3.7656 "" "" 423817069151951872 2754.39478 0.3319 0.0163 -2.239 -1.468 0.012 0.013 1.102 12375.3 3.8196 13.416212 0.262716 13.504668 13.241952 "" "" 2647.71216 2921.10669 80995.71026 23.859 54144.0 29.201 40029.0 19.083 "" "" 0.0027738201845419917 0.0028509523 0.0038146612 0.0066656135 13.30798434841 56.65180609645 2754.39478 -2.239 -1.4680000000000006 1.0
13.21717594679 56.63374726963 0.0104 0.0123 0.5911 "" "" 423818512260975488 2584.67065 0.3536 0.0191 -2.491 -1.429 0.014 0.016 1.457 "" "" 13.430379 0.501523 13.606782 13.105259 "" "" 2458.48267 2699.09741 79945.68851 22.072 49284.0 28.51 45400.0 33.19 "" "" 0.0027715779497448517 0.0028599882 0.0038618315 0.0067218198 13.21717594679 56.63374726963 2584.67065 -2.491 -1.4289999999999996 1.0
13.17447182138 56.66638412299 0.0075 0.0091 2.4478 "" "" 423818752779110144 2777.59863 0.3296 0.014 -2.199 -1.42 0.01 0.012 0.958 7415.9 3.8177 13.644131 0.355131 13.76663 13.411499 "" "" 2648.28882 2889.64697 65659.01578 16.707 42537.0 21.327 34242.0 13.4 "" "" 0.002769135723146132 0.0028427762 0.0038031898 0.0066459663 13.17447182138 56.66638412299 2777.59863 -2.199 -1.42 1.0
13.29628508619 56.6504268322 0.0078 0.0091 3.3771 "" "" 423817069151952384 2745.71924 0.3284 0.014 -2.269 -1.452 0.01 0.012 1.003 "" "" 13.676993 0.689878 13.934313 13.244434 "" "" 2654.70361 2862.74658 63701.4466 9.671 36450.0 23.58 39938.0 14.65 "" "" 0.0027602462927557034 0.002877218 0.0038003086 0.0066775265 13.29628508619 56.6504268322 2745.71924 -2.2689999999999997 -1.452 1.0
13.04438736654 56.6100868787 0.0082 0.0098 5.3196 "" "" 423795663033801344 2726.2478 0.3322 0.0149 -2.414 -1.573 0.011 0.013 0.913 7100.5 3.3397 13.727969 0.416144 13.872293 13.456148 "" "" 2616.45874 2831.9375 60779.74873 18.33 38592.0 27.868 32862.0 20.816 "" "" 0.0027747079950859073 0.0028982325 0.0038414476 0.00673968 13.04438736654 56.6100868787 2726.2478 -2.414000000000001 -1.5729999999999995 1.0
13.20772453957 56.63543782457 0.0084 0.0095 0.4569 "" "" 423818512260973440 2706.63843 0.3438 0.0153 -2.396 -1.541 0.011 0.013 1.055 "" "" 13.766638 0.643224 14.002595 13.359371 "" "" 2588.15283 2814.50415 58653.19738 19.714 34228.0 25.682 35926.0 48.861 "" "" 0.002779381579902179 0.0029066654 0.004057613 0.0069642784 13.20772453957 56.63543782457 2706.63843 -2.396000000000001 -1.541 1.0
13.18566893931 56.60764548974 0.0086 0.0102 1.3627 "" "" 423817996864926848 2716.96362 0.3355 0.0157 -2.377 -1.651 0.011 0.013 0.964 9940.7 4.0577 13.805051 0.478057 13.975724 13.497667 "" "" 2604.24341 2807.75708 56614.32442 11.928 35085.0 17.945 31629.0 16.31 "" "" 0.0027647996414838093 0.002844896 0.003820627 0.006665523 13.18566893931 56.60764548974 2716.96362 -2.377 -1.6510000000000002 1.0
13.21965552591 56.64834350218 0.0127 0.0162 1.3252 "" "" 423818546620698240 2376.50952 0.3862 0.0244 -2.486 -1.361 0.017 0.02 1.493 7443.4 4.0729 13.925011 0.354858 14.042485 13.687627 "" "" 2227.86353 2526.16064 50692.36091 13.402 32993.0 18.049 26553.0 14.626 "" "" 0.002770231900266653 0.0028526888 0.0038264068 0.0066790953 13.21965552591 56.64834350218 2376.50952 -2.486 -1.361 1.0
13.11333150306 56.62173759006 0.0093 0.0112 2.9552 "" "" 423818993297315968 2762.41187 0.3324 0.017 -2.404 -1.411 0.013 0.015 1.002 7978.9 3.5766 14.140456 0.527777 14.332612 13.804835 "" "" 2641.18359 2899.02832 41568.5073 9.5111 25256.0 16.393 23835.0 14.13 "" "" 0.0027664965299970434 0.0028777912 0.0038337992 0.00671159 13.11333150306 56.62173759006 2762.41187 -2.404 -1.4110000000000005 1.0
13.14486255393 56.65962026832 0.0095 0.012 2.6535 "" "" 423818787138852096 2631.50659 0.3534 0.018 -2.334 -1.412 0.013 0.015 0.979 "" "" 14.301183 0.409483 14.444387 14.034904 "" "" 2501.02905 2770.40479 35848.71556 8.7545 22786.0 14.344 19284.0 10.783 "" "" 0.002768048198094024 0.0028726633 0.0038278333 0.0067004967 13.14486255393 56.65962026832 2631.50659 -2.334 -1.412 1.0
13.14209535278 56.68768919265 0.0098 0.0119 4.064 "" "" 423821054881560320 2760.70215 0.3261 0.0183 -2.423 -1.36 0.013 0.016 0.991 10161.5 3.9348 14.315824 0.421662 14.465796 14.044133 "" "" 2647.59106 2891.94873 35368.52301 9.0933 22341.0 12.818 19121.0 13.202 "" "" 0.002769424307572449 0.0028588625 0.0038530105 0.006711873 13.14209535278 56.68768919265 2760.70215 -2.423 -1.3599999999999994 1.0
13.19022715665 56.62077958214 0.0104 0.0125 0.605 "" "" 423818374822035968 2594.87671 0.3498 0.0189 -2.309 -1.537 0.014 0.016 0.994 "" "" 14.462113 1.222621 14.983425 13.760804 -73.64 9.93 2470.05566 2725.00806 30910.17786 14.925 13869.0 30.672 24822.0 34.766 "" "" 0.0028047505840002856 0.003681117 0.0040738485 0.0077549657 13.19022715665 56.62077958214 2594.87671 -2.309 -1.5369999999999997 1.0
13.3331038377 56.56715741007 0.0104 0.012 5.6829 "" "" 423815041927473024 2662.29736 0.3484 0.0189 -2.243 -1.587 0.014 0.016 0.97 10075.0 3.7567 14.467381 0.765746 14.760601 13.994855 "" "" 2550.56567 2810.10254 30760.5864 5.2103 17029.0 13.401 20009.0 11.42 "" "" 0.0027614507561898225 0.0029180618 0.0038298466 0.0067479084 13.3331038377 56.56715741007 2662.29736 -2.2429999999999994 -1.5870000000000002 1.0
13.10821512039 56.64178483685 0.0136 0.0171 3.1962 "" "" 423819027657032576 2101.69214 0.4597 0.0261 -2.496 -1.59 0.019 0.023 1.31 "" "" 14.547647 0.463777 14.705046 14.241269 "" "" 1994.81445 2213.71167 28568.54375 8.3821 17922.0 18.435 15946.0 13.033 "" "" 0.002773674250158604 0.0030053821 0.003882164 0.006887546 13.10821512039 56.64178483685 2101.69214 -2.495999999999999 -1.59 0.8
13.26020480641 56.66984386223 0.0108 0.0132 3.1365 "" "" 423820092808909696 2593.61914 0.3499 0.0197 -2.267 -1.507 0.014 0.017 0.972 10116.5 4.0466 14.589033 0.713568 14.859121 14.145554 "" "" 2469.26855 2722.25513 27500.05844 13.321 15551.0 25.014 17416.0 26.075 "" "" 0.002805065282365658 0.0032916616 0.004114139 0.0074058007 13.26020480641 56.66984386223 2593.61914 -2.267000000000001 -1.5069999999999995 1.0
13.13955817483 56.59388394989 0.0118 0.0141 2.927 "" "" 423818134303888384 2629.66577 0.3548 0.0214 -2.194 -1.427 0.016 0.018 0.982 "" "" 14.72608 0.641707 14.962283 14.320576 "" "" 2489.10547 2789.01392 24239.00513 4.8391 14142.0 11.408 14823.0 9.3934 "" "" 0.0027638330654107444 0.0029244039 0.0038414998 0.006765904 13.13955817483 56.59388394989 2629.66577 -2.194 -1.4270000000000003 1.0
13.21507987682 56.62449721597 0.0118 0.0145 0.4936 "" "" 423818340462294400 2782.1543 0.3272 0.0229 -2.291 -1.494 0.015 0.018 0.944 "" "" 14.780557 0.643505 15.014281 14.370776 "" "" 2650.74097 2977.49268 23052.81603 5.1851 13480.0 14.83 14153.0 14.478 "" "" 0.002766121162262933 0.0030350962 0.003939202 0.0069742985 13.21507987682 56.62449721597 2782.1543 -2.2909999999999995 -1.4940000000000007 1.0
13.27421846088 56.63151213283 0.0118 0.0141 2.3897 "" "" 423817000432495488 2613.39307 0.3546 0.0219 -2.524 -1.452 0.015 0.018 1.026 9750.6 3.9853 14.855691 0.517957 15.042305 14.524348 "" "" 2452.80811 2806.84668 21511.48674 5.8859 13137.0 9.3566 12286.0 9.6164 "" "" 0.0027712890902840243 0.0028953473 0.0038737473 0.0067690946 13.27421846088 56.63151213283 2613.39307 -2.5240000000000005 -1.452 1.0
13.26344436231 56.63060794128 0.0121 0.0147 2.0313 "" "" 423815522963745536 2549.03125 0.365 0.0223 -2.335 -1.498 0.017 0.02 0.967 9518.7 3.7498 14.916823 0.561069 15.118994 14.557925 "" "" 2421.9834 2688.81982 20333.74672 5.3546 12241.0 13.056 11912.0 9.0301 "" "" 0.0027701147357007145 0.0030209383 0.0038679654 0.0068889037 13.26344436231 56.63060794128 2549.03125 -2.3350000000000004 -1.4980000000000002 1.0
13.15441863515 56.64798219914 0.0129 0.0159 1.9577 "" "" 423818684059907200 2605.604 0.3533 0.0243 -2.276 -1.478 0.017 0.022 1.082 10161.8 4.215 14.919502 0.576153 15.128913 14.55276 "" "" 2476.40894 2807.61792 20283.63004 4.9712 12130.0 13.258 11969.0 11.55 "" "" 0.0027681396228975605 0.003032047 0.0039219204 0.0069539677 13.15441863515 56.64798219914 2605.604 -2.2760000000000002 -1.4779999999999993 1.0
13.15184853532 56.6094869473 0.0131 0.0158 2.011 "" "" 423818168663615232 2573.10815 0.3506 0.024 -2.352 -1.449 0.017 0.02 0.999 8156.2 3.5334 14.963889 1.052095 15.396273 14.344177 "" "" 2431.35669 2753.73267 19471.11968 6.0374 9482.2 15.301 14504.0 14.69 "" "" 0.0027758107056573356 0.0032946267 0.003936112 0.0072307386 13.15184853532 56.6094869473 2573.10815 -2.352 -1.4490000000000005 1.0
13.28604107974 56.57185961137 0.0141 0.0155 4.3877 "" "" 423815282445634432 2622.02124 0.349 0.025 -2.202 -1.523 0.019 0.021 1.006 6957.6 3.6362 15.03932 1.383533 15.635857 14.252323 -76.67 10.45 2455.59082 2792.53271 18164.29838 3.7438 7604.6 22.321 15784.0 19.843 "" "" 0.002764392556388281 0.004235689 0.0040183077 0.008253997 13.28604107974 56.57185961137 2622.02124 -2.202 -1.523 1.0
13.05472831828 56.57941992548 0.0147 0.0171 5.6862 "" "" 423795319436421376 2585.09009 0.3556 0.0263 -2.536 -1.649 0.02 0.022 1.008 9745.9 3.594 15.256508 0.959709 15.643792 14.684083 "" "" 2421.53369 2720.29834 14871.1138 2.8976 7549.2 12.589 10605.0 18.399 "" "" 0.0027634297681814438 0.003326139 0.004222794 0.007548933 13.05472831828 56.57941992548 2585.09009 -2.535999999999999 -1.6489999999999994 1.0
13.27837433645 56.67036035194 0.0156 0.0188 3.557 "" "" 423817172231149184 2055.97314 0.451 0.0283 -2.81 -1.382 0.021 0.025 1.054 6606.9 4.236 15.427214 0.972445 15.821148 14.848703 "" "" 1960.17029 2179.85693 12707.53604 2.6029 6411.5 12.321 9113.3 12.709 "" "" 0.0027642807197453072 0.003484017 0.004071398 0.007555415 13.27837433645 56.67036035194 2055.97314 -2.810000000000001 -1.3820000000000001 0.8
13.18541664623 56.64590289865 0.015 0.018 1.179 "" "" 423818718419389824 2763.78979 0.3295 0.0279 -2.358 -1.447 0.02 0.024 1.031 5835.1 3.5956 15.429183 1.497839 16.112936 14.615097 "" "" 2610.90259 2959.39404 12684.50655 16.869 4900.5 25.078 11301.0 51.036 "" "" 0.0031107338045202842 0.0062174154 0.006190766 0.012408182 13.18541664623 56.64590289865 2763.78979 -2.358 -1.4470000000000005 1.0
13.11622582182 56.63961495755 0.0164 0.0198 2.9084 "" "" 423819027657035520 2615.87598 0.3505 0.0298 -2.385 -1.555 0.023 0.028 1.002 7397.6 3.6092 15.487736 0.822589 15.767951 14.945362 "" "" 2432.06396 2795.19165 12018.55586 3.2842 6733.4 11.561 8337.1 15.201 "" "" 0.0027712477035401906 0.0033556183 0.0042664525 0.0076220706 13.11622582182 56.63961495755 2615.87598 -2.385 -1.555 1.0
13.20206351382 56.6398687619 0.0151 0.0189 0.6821 "" "" 423818512260966656 2461.23486 0.3757 0.028 -2.393 -1.554 0.02 0.024 0.982 5475.3 3.6973 15.513226 1.466397 16.167538 14.70114 "" "" 2295.46094 2668.54004 11739.68456 9.1798 4660.2 17.049 10440.0 29.146 "" "" 0.0028831525279978355 0.0048541236 0.004844729 0.009698853 13.20206351382 56.6398687619 2461.23486 -2.3930000000000007 -1.554 1.0
