Clusters/IC_1590/IC_1590_stars_in_region.tsv
# %ECSV 1.0
# ---
# datatype:
# - name: RA_ICRS_1
#   unit: deg
#   datatype: float64
#   format: '{:15.11f}'
#   description: Right ascension (ICRS) at Ep=2016.0 (ra)
#   meta: !!omap
#   - {ucd: POS_EQ_RA_MAIN}
#   - {width: 15}
#   - {precision: '11'}
# - name: DE_ICRS_1
#   unit: deg
#   datatype: float64
#   format: '{:15.11f}'
#   description: Declination (ICRS) at Ep=2016.0 (dec)
#   meta: !!omap
#   - {ucd: POS_EQ_DEC_MAIN}
#   - {width: 15}
#   - {precision: '11'}
# - name: e_RA_ICRS
#   unit: mas
#   datatype: float64
#   format: '{:7.4f}'
#   description: Standard error of right ascension (ra_error)
#   meta: !!omap
#   - {ucd: ERROR}
#   - {width: 7}
#   - {precision: '4'}
# - name: e_DE_ICRS
#   unit: mas
#   datatype: float64
#   format: '{:7.4f}'
#   description: Standard error of declination (dec_error)
#   meta: !!omap
#   - {ucd: ERROR}
#   - {width: 7}
#   - {precision: '4'}
# - name: _r_1
#   unit: ''
#   datatype: float64
#   format: '{:7.4f}'
#   description: Distance from center (013.20201541000+56.62850120000)[ICRS], at Epoch=J2016.0
#   meta: !!omap
#   - {ucd: POS_ANG_DIST_GENERAL}
#   - {width: 7}
#   - {precision: '4'}
# - name: HIP
#   datatype: int32
#   description: '? HIP cross-id number, van Leeuwen, Cat. I/311 (hip_original_ext_source_id)'
#   meta: !!omap
#   - {ucd: ID_NUMBER}
#   - {width: 6}
#   - values: {'null': -2147483648}
# - name: TYC2
#   datatype: string
#   description: Tycho-2 cross-id name, Hog et al., Cat. I/259 (tyc2_original_ext_source_id)
#   meta: !!omap
#   - {ucd: ID_CROSSID}
#   - {_votable_string_dtype: char}
# - name: Source
#   datatype: int64
#   description: Source identifier, identical to the Gaia-EDR3 source_id (id)
#   meta: !!omap
#   - {ucd: ID_MAIN}
#   - {width: 19}
# - name: rgeo
#   unit: pc
#   datatype: float64
#   format: '{:15.8f}'
#   description: '? Median of the geometric distance posterior (r_med_geo)'
#   meta: !!omap
#   - {ucd: PHYS_DISTANCE_TRUE}
#   - {width: 15}
#   - {precision: '8'}
#   - values: {'null': .nan}
# - name: Plx
#   unit: mas
#   datatype: float64
#   format: '{:9.4f}'
#   description: '? Parallax (parallax)'
#   meta: !!omap
#   - {ucd: POS_PARLX_TRIG}
#   - {width: 9}
#   - {precision: '4'}
#   - values: {'null': .nan}
# - name: e_Plx
#   unit: mas
#   datatype: float32
#   format: '{:7.4f}'
#   description: '? Standard error of parallax (parallax_error)'
#   meta: !!omap
#   - {ucd: ERROR}
#   - {width: 7}
#   - {precision: '4'}
#   - values: {'null': .nan}
# - name: pmRA
#   unit: mas / yr
#   datatype: float64
#   format: '{:9.3f}'
#   description: '? Proper motion in right ascension direction, pmRA*cosDE (pmra)'
#   meta: !!omap
#   - {ucd: POS_EQ_PMRA}
#   - {width: 9}
#   - {precision: '3'}
#   - values: {'null': .nan}
# - name: pmDE
#   unit: mas / yr
#   datatype: float64
#   format: '{:9.3f}'
#   description: '? Proper motion in declination direction (pmdec)'
#   meta: !!omap
#   - {ucd: POS_EQ_PMDEC}
#   - {width: 9}
#   - {precision: '3'}
#   - values: {'null': .nan}
# - name: e_pmRA
#   unit: mas / yr
#   datatype: float32
#   format: '{:6.3f}'
#   description: '? Standard error of proper motion in right ascension direction (pmra_error)'
#   meta: !!omap
#   - {ucd: ERROR}
#   - {width: 6}
#   - {precision: '3'}
#   - values: {'null': .nan}
# - name: e_pmDE
[...]
#         value: !astropy.table.SerializedColumn {name: SkyCoord.dec}
#       distance: !astropy.table.SerializedColumn
#         __class__: astropy.coordinates.distances.Distance
#         unit: !astropy.units.Unit {unit: pc}
#         value: !astropy.table.SerializedColumn {name: SkyCoord.distance}
#       frame: icrs
#       obstime: !astropy.time.Time {format: jyear_str, in_subfmt: '*', jd1: 367701545.0, jd2: 0.0, out_subfmt: '*', precision: 3, scale: tt}
#       pm_dec: !astropy.table.SerializedColumn
#         __class__: astropy.units.quantity.Quantity
#         unit: !astropy.units.Unit {unit: mas / yr}
#         value: !astropy.table.SerializedColumn {name: SkyCoord.pm_dec}
#       pm_ra_cosdec: !astropy.table.SerializedColumn
#         __class__: astropy.units.quantity.Quantity
#         unit: !astropy.units.Unit {unit: mas / yr}
#         value: !astropy.table.SerializedColumn {name: SkyCoord.pm_ra_cosdec}
#       ra: !astropy.table.SerializedColumn
#         __class__: astropy.coordinates.angles.Longitude
#         unit: *id001
#         value: !astropy.table.SerializedColumn {name: SkyCoord.ra}
#         wrap_angle: !astropy.coordinates.Angle
#           unit: *id001
#           value: 360.0
#       representation_type: spherical
# schema: astropy-2.0
RA_ICRS_1 DE_ICRS_1 e_RA_ICRS e_DE_ICRS _r_1 HIP TYC2 Source rgeo Plx e_Plx pmRA pmDE e_pmRA e_pmDE RUWE Teff logg Gmag BP-RP BPmag RPmag RV e_RV b_rgeo B_rgeo FG e_FG FBP e_FBP FRP e_FRP RAVE5 RAVE6 e_Gmag e_BPmag e_RPmag e_BP-RP SkyCoord.ra SkyCoord.dec SkyCoord.distance SkyCoord.pm_ra_cosdec SkyCoord.pm_dec rmRA rmDE e_rmRA e_rmDE rRV e_rRV v_pec v_pec3d e_vpec e_vpec3d
[from data line 375]
12.95110027912 56.86222795541 0.0258 0.031 16.2731 "" "" 423870120590113792 2226.80322 0.4184 0.0456 -3.035 -1.465 0.034 0.042 1.023 4698.8 4.2834 16.388748 1.154947 16.882498 15.72755 "" "" 2031.06384 2490.73193 5241.40122 1.8713 2412.2 8.3765 4056.4 7.5989 "" "" 0.0027824536736533226 0.004690422 0.0042919186 0.008982341 12.95110027912 56.86222795541 2226.80322 -3.0350000000000024 -1.4649999999999994 -0.6895405387878419 0.04800001144409172 0.16279432 0.17079432 "" "" 7.295745755896716 "" 1.1879943273661024 ""
13.48028254679 56.74650385638 0.0242 0.03 11.5849 "" "" 423823150825576448 2655.03369 0.3594 0.044 -2.526 -1.28 0.035 0.042 0.987 "" "" 16.395412 1.300257 16.966202 15.665945 "" "" 2388.96533 2971.86133 5209.32992 3.7362 2233.2 9.4098 4293.2 12.514 "" "" 0.002863244626833658 0.0053585744 0.0049294387 0.010288013 13.48028254679 56.74650385638 2655.03369 -2.5259999999999976 -1.2799999999999994 -0.1805405387878416 0.23300001144409177 0.16379432 0.17079432 "" "" 3.709522504676307 "" 0.6239505482070185 ""
13.23926413505 56.61969081125 0.0241 0.0328 1.3383 "" "" 423818443541519872 1880.51184 0.5108 0.0442 1.793 -0.235 0.032 0.043 1.021 5471.4 4.6413 16.39726 1.12172 16.869562 15.747842 "" "" 1733.96509 2075.12524 5200.46786 1.8455 2441.1 8.4681 3981.3 9.4322 "" "" 0.0027821292891182185 0.0046872916 0.0045716707 0.009258962 13.23926413505 56.61969081125 1880.51184 1.793 -0.23499999999999974 4.138459461212158 1.278000011444092 0.16079433 0.17179433 "" "" 38.60755903294372 "" 6.245997829008725 ""
13.01342852689 56.71778439785 0.0248 0.0321 8.2064 "" "" 423866822055289856 2784.46753 0.3403 0.0465 0.261 -2.166 0.034 0.043 0.987 5833.9 4.5346 16.40019 1.006045 16.813755 15.80771 "" "" 2503.60181 3088.38672 5186.45314 1.8914 2569.9 9.2316 3767.7 8.2746 "" "" 0.002783624178452349 0.0047954647 0.0044687255 0.00926419 13.01342852689 56.71778439785 2784.46753 0.26099999999999995 -2.166 2.6064594612121583 -0.6529999885559081 0.16279432 0.17179433 "" "" 35.464210707137475 "" 5.7927111689308415 ""
13.72051120476 56.55077088884 0.0236 0.0292 17.7535 "" "" 423806005316318080 2629.74756 0.353 0.0432 -0.771 0.26 0.032 0.04 1.027 8389.4 4.4061 16.40359 1.584136 17.136803 15.552667 "" "" 2409.68042 2924.58325 5170.24296 1.8805 1908.5 6.1567 4765.3 7.617 "" "" 0.0027834753620419764 0.0044780206 0.004158797 0.008636817 13.72051120476 56.55077088884 2629.74756 -0.771 0.26 1.5744594612121583 1.7730000114440918 0.16079433 0.16879433 "" "" 29.556653933992063 "" 4.8861546931588045 ""
13.05418029159 56.77421363245 0.0234 0.03 10.0075 "" "" 423821570277480448 2487.74976 0.3721 0.0424 -3.76 -0.7 0.031 0.039 0.971 5643.4 4.5331 16.405054 1.029517 16.83177 15.802253 "" "" 2273.47705 2802.46851 5163.27688 1.6455 2527.6 11.839 3786.7 11.47 "" "" 0.002776961791833086 0.0058006067 0.0050099306 0.010810537 13.05418029159 56.77421363245 2487.74976 -3.7600000000000002 -0.7 -1.4145405387878416 0.8130000114440918 0.15979433 0.16779433 "" "" 19.238907635908895 "" 3.1131959453832923 ""
12.91661532105 56.46973375233 0.0253 0.0301 13.4105 "" "" 423839780940155776 2176.23242 0.4336 0.0454 -0.854 -1.289 0.033 0.041 1.008 6263.1 4.5363 16.40604 0.990504 16.811096 15.820592 "" "" 1991.44287 2392.92505 5158.58668 1.8834 2576.2 8.1209 3723.2 8.8839 "" "" 0.002783688946503375 0.00441575 0.004582061 0.008997811 12.91661532105 56.46973375233 2176.23242 -0.8539999999999998 -1.2890000000000001 1.491459461212158 0.22400001144409187 0.16179433 0.16979432 "" "" 15.557461823493126 "" 2.5199209409025602 ""
12.79838359222 56.43163890469 0.0255 0.0308 17.8298 "" "" 423834386461246592 2665.02515 0.3583 0.0465 -0.727 -0.971 0.034 0.043 0.945 6366.2 4.4952 16.40768 0.978564 16.807905 15.829341 "" "" 2333.64331 3002.86816 5150.79958 1.7515 2583.8 8.5878 3693.4 7.4286 "" "" 0.0027799454762725694 0.00456153 0.004364921 0.008926451 12.79838359222 56.43163890469 2665.02515 -0.7269999999999998 -0.9709999999999999 1.6184594612121583 0.5420000114440918 0.16279432 0.17179433 "" "" 21.56070431417864 "" 3.5300114583454243 ""
12.86344894719 56.54882668065 0.0288 0.0372 12.1645 "" "" 423840669988247040 2637.26343 0.3626 0.0538 -2.781 -1.398 0.041 0.055 1.196 5710.7 4.5925 16.408724 1.077756 16.843355 15.765599 "" "" 2327.4231 3022.72168 5145.84753 2.6822 2500.8 8.1655 3916.7 9.6097 "" "" 0.0028128384204159054 0.0045114034 0.0046238466 0.00913525 12.86344894719 56.54882668065 2637.26343 -2.781 -1.398000000000001 -0.43554053878784194 0.11500001144409189 0.16979432 0.18379432 "" "" 5.631121320688481 "" 0.9614673401414378 ""
13.3963731674 56.82695848297 0.0248 0.0293 13.5173 "" "" 423825659086421760 2216.12769 0.4252 0.0442 -2.603 -2.247 0.034 0.042 1.035 5742.8 4.5102 16.415457 1.1298 16.899431 15.769631 "" "" 2038.67517 2439.42773 5114.03652 1.8204 2374.9 8.1087 3902.2 9.7457 "" "" 0.002782293366664404 0.0046397606 0.0046515134 0.0092912745 13.3963731674 56.82695848297 2216.12769 -2.603 -2.2470000000000017 -0.257540538787842 -0.7339999885559081 0.16279432 0.17079432 "" "" 8.1711021139879 "" 1.3885625320932091 ""
13.32688990481 56.73241592283 0.0238 0.0297 7.4708 "" "" 423823563142438144 2249.13452 0.4196 0.0437 -1.182 -2.422 0.032 0.04 0.991 6123.7 4.4576 16.421041 1.033114 16.83958 15.806466 "" "" 2062.46777 2439.94922 5087.80141 1.7738 2509.5 9.8797 3772.0 8.5186 "" "" 0.002781199987020411 0.0051045106 0.0045051132 0.009609624 13.32688990481 56.73241592283 2249.13452 -1.182 -2.4220000000000006 1.1634594612121583 -0.9089999885559084 0.16079433 0.16879433 "" "" 15.740333905975906 "" 2.5794100332395606 ""
13.35935000965 56.46881561816 0.0248 0.0292 10.903 "" "" 423790165475826816 1884.4906 0.5084 0.0452 -2.257 0.386 0.033 0.039 0.973 5413.6 4.5713 16.43226 1.115976 16.905275 15.789299 "" "" 1748.44055 2051.52856 5035.50167 1.7623 2362.1 7.311 3832.1 8.0821 "" "" 0.0027813979676048566 0.004367831 0.004418965 0.008786796 13.35935000965 56.46881561816 1884.4906 -2.2570000000000006 0.3859999999999995 0.08845946121215809 1.899000011444092 0.16179433 0.16779433 "" "" 16.981183721076697 "" 2.8491297079768545 ""
13.58231709637 56.52746077024 0.0253 0.0311 13.954 "" "" 423802844220397824 2105.15503 0.4776 0.0468 -5.056 0.042 0.035 0.048 0.946 5562.9 4.6052 16.433723 1.086128 16.889412 15.803284 "" "" 1877.62793 2394.4646 5028.72319 1.7884 2396.9 13.601 3783.1 11.12 "" "" 0.0027822444545276504 0.0067632776 0.004946591 0.011709869 13.58231709637 56.52746077024 2105.15503 -5.0559999999999965 0.04199999999999788 -2.710540538787842 1.5550000114440918 0.16379432 0.17679432 "" "" 31.18169891197986 "" 5.210699473259094 ""
13.22416750368 56.78525983639 0.0253 0.0291 9.4338 "" "" 423826861677279744 2104.1311 0.4552 0.0442 -2.337 -4.321 0.034 0.039 1.008 4833.7 4.3287 16.436176 1.162499 16.934841 15.772342 "" "" 1939.81348 2326.87891 5017.37482 1.64 2298.7 5.7611 3892.4 6.776 "" "" 0.002778081182015571 0.0038973752 0.0042256517 0.008123027 13.22416750368 56.78525983639 2104.1311 -2.3369999999999993 -4.320999999999999 0.008459461212158015 -2.807999988555908 0.16279432 0.16779433 "" "" 28.005943585519397 "" 4.6992373414356665 ""
13.05660291101 56.6770187684 0.0253 0.0328 5.6104 "" "" 423819680491875328 2531.82983 0.3671 0.0481 -1.254 -9.323 0.036 0.047 1.02 5659.0 4.6204 16.441582 1.178019 16.936255 15.758235 "" "" 2267.51172 2900.0083 4992.4495 1.7793 2295.7 10.14 3943.3 8.7877 "" "" 0.002782359271243548 0.005548267 0.004487548 0.010035815 13.05660291101 56.6770187684 2531.82983 -1.2540000000000004 -9.323 1.0914594612121582 -7.809999988555909 0.16479433 0.17579433 "" "" 94.63766069006232 "" 16.617435093377924 ""
13.33433020998 56.41783399347 0.0253 0.0309 13.3771 "" "" 423789615720026752 2646.23633 0.3678 0.0453 0.671 4.584 0.035 0.043 0.98 "" "" 16.443214 1.153702 16.931772 15.77807 "" "" 2347.1394 3131.65112 4984.95265 1.8012 2305.2 8.4733 3872.0 8.9422 "" "" 0.002783108620146526 0.0048695114 0.0045355335 0.009405045 13.33433020998 56.41783399347 2646.23633 0.671 4.584000000000003 3.0164594612121585 6.097000011444091 0.16379432 0.17179433 "" "" 85.3234003379322 "" 14.5263854423053 ""
13.00058151612 56.46830222802 0.0259 0.0305 11.695 "" "" 423792708096324096 1996.79224 0.4966 0.0471 -2.099 -0.681 0.036 0.041 0.951 5391.1 4.5597 16.443258 1.256087 16.994802 15.738715 "" "" 1806.4137 2228.66968 4984.7505 1.7049 2175.2 8.0587 4014.9 10.055 "" "" 0.0027802316301563557 0.004895417 0.004655905 0.009551322 13.00058151612 56.46830222802 1996.79224 -2.099 -0.6809999999999999 0.246459461212158 0.8320000114440917 0.16479433 0.16979432 "" "" 8.212946375431322 "" 1.3912438856772982 ""
13.00876496029 56.76866229709 0.0259 0.0323 10.5475 "" "" 423868436962977664 2552.86035 0.3726 0.0471 -0.89 -0.737 0.034 0.044 1.005 7432.1 4.3002 16.444502 1.426572 17.076376 15.649804 "" "" 2279.44629 2840.6377 4979.04435 1.8027 2017.7 7.0493 4357.5 9.6286 "" "" 0.002783220455175141 0.004708922 0.004476545 0.009185467 13.00876496029 56.76866229709 2552.86035 -0.8900000000000001 -0.7370000000000005 1.455459461212158 0.7760000114440918 0.16279432 0.17279433 "" "" 19.958726126286702 "" 3.294387021003405 ""
13.31541611814 56.62078046112 0.0239 0.029 3.7716 "" "" 423816725554605952 2591.09106 0.3682 0.0433 -5.179 -3.968 0.033 0.039 0.987 5758.4 4.5413 16.445166 1.117404 16.911392 15.793988 "" "" 2328.24292 2895.1189 4975.99771 1.6891 2348.9 7.0548 3815.6 8.9289 "" "" 0.0027798597882763777 0.00429172 0.004554016 0.008845736 13.31541611814 56.62078046112 2591.09106 -5.179 -3.968000000000001 -2.833540538787842 -2.454999988555908 0.16179433 0.16779433 "" "" 46.04596036964021 "" 7.569673977002964 ""
13.3823519052 56.84097618706 0.0539 0.0642 14.0623 "" "" 423825860941979008 2633.80981 0.4051 0.0966 -3.15 -5.096 0.075 0.092 2.246 4728.0 4.1858 16.451506 1.440772 17.035473 15.594701 "" "" 2157.88647 3630.07324 4947.03096 5.0992 2095.2 5.7749 4584.4 6.8045 "" "" 0.0029739280501785504 0.0040915133 0.004108619 0.008200132 13.3823519052 56.84097618706 2633.80981 -3.1500000000000004 -5.095999999999998 -0.8045405387878417 -3.5829999885559083 0.20379433 0.22079432 "" "" 45.84490068694003 "" 10.086260449683234 ""
13.32148747557 56.54065175084 0.0257 0.0307 6.5854 "" "" 423814629610631680 2280.30786 0.4209 0.0458 0.187 -0.745 0.033 0.04 0.974 5609.5 4.5866 16.458765 1.103092 16.919342 15.81625 "" "" 2120.78931 2550.56299 4914.06292 1.8695 2331.7 11.766 3738.2 8.9044 "" "" 0.002786109250640513 0.0061483015 0.0045795515 0.010727853 13.32148747557 56.54065175084 2280.30786 0.1870000000000001 -0.7449999999999998 2.532459461212158 0.7680000114440918 0.16179433 0.16879433 "" "" 28.603508937846776 "" 4.645081930226247 ""
13.24922968371 56.67480384105 0.0235 0.0296 3.1849 "" "" 423820092808904576 2114.31763 0.4536 0.0436 -4.914 -3.749 0.032 0.04 0.982 5859.7 4.5872 16.460485 0.966535 16.846737 15.880202 "" "" 1902.10022 2366.86963 4906.27936 1.652 2493.0 7.0157 3524.3 8.867 "" "" 0.0027794671996068643 0.0041377204 0.004663233 0.008800954 13.24922968371 56.67480384105 2114.31763 -4.913999999999999 -3.7490000000000006 -2.5685405387878415 -2.2359999885559083 0.16079433 0.16879433 "" "" 34.128972018369005 "" 5.6070842891266 ""
12.86415772527 56.63690074881 0.0244 0.0312 11.1608 "" "" 423843216913887360 2044.7594 0.4678 0.0452 -5.764 -3.181 0.033 0.041 0.991 5732.1 4.5665 16.46216 1.061733 16.908497 15.846764 "" "" 1885.30518 2257.47314 4898.71945 1.7213 2355.1 8.25 3634.6 8.6541 "" "" 0.0027816064017972663 0.004717064 0.004578957 0.0092960205 12.86415772527 56.63690074881 2044.7594 -5.764 -3.181 -3.418540538787842 -1.6679999885559083 0.16179433 0.16979432 "" "" 36.866716661118765 "" 6.022661320819118 ""
13.22301364533 56.76497336431 0.0243 0.0293 8.2175 "" "" 423826827317553664 2118.08569 0.4604 0.0436 2.481 -1.756 0.033 0.039 1.025 5637.0 4.5718 16.463652 1.055944 16.8992 15.843256 "" "" 1960.37512 2318.94824 4891.99668 1.6313 2375.4 7.089 3646.3 6.9283 "" "" 0.002779005517700817 0.004275977 0.004305773 0.00858175 13.22301364533 56.76497336431 2118.08569 2.4810000000000003 -1.7560000000000002 4.826459461212158 -0.2429999885559082 0.16179433 0.16779433 "" "" 48.51770767159493 "" 7.850639893038212 ""
13.4813743804 56.45938018442 0.0253 0.0312 13.7242 "" "" 423801675989444864 1979.77454 0.4768 0.0476 1.836 -1.148 0.034 0.046 0.986 5290.2 4.4858 16.465788 1.129579 16.960901 15.831322 "" "" 1828.70642 2204.82617 4882.3792 1.7211 2244.2 10.102 3686.6 11.635 "" "" 0.002781775685142184 0.005627688 0.005101508 0.010729196 13.4813743804 56.45938018442 1979.77454 1.835999999999998 -1.1480000000000001 4.1814594612121585 0.3650000114440919 0.16279432 0.17479433 "" "" 39.38857437774359 "" 6.415941167639085 ""
13.07448663764 56.8432076086 0.0297 0.0376 13.5488 "" "" 423874965314651520 2579.87646 0.3695 0.0548 -3.672 0.656 0.04 0.054 1.16 7685.8 4.1226 16.471338 1.410787 17.087475 15.676688 "" "" 2306.53247 2892.93701 4857.48425 2.2802 1997.2 7.4283 4250.9 7.4121 "" "" 0.0028020615722723517 0.004908405 0.004227025 0.00913543 13.07448663764 56.8432076086 2579.87646 -3.671999999999997 0.6560000000000001 -1.326540538787842 2.169000011444092 0.16879433 0.18279433 "" "" 31.0911670340576 "" 5.568169440699436 ""
13.59228310339 56.50158939868 0.026 0.0307 14.9815 "" "" 423802741141200640 2475.96875 0.3812 0.0478 -0.408 -1.897 0.036 0.047 0.982 5828.4 4.5643 16.472637 1.019813 16.894545 15.874732 "" "" 2206.10522 2772.10449 4851.67531 1.7119 2385.6 8.712 3542.1 7.5527 "" "" 0.0027818256958042926 0.0048483363 0.004432078 0.009280414 13.59228310339 56.50158939868 2475.96875 -0.4079999999999994 -1.896999999999998 1.9374594612121583 -0.3839999885559082 0.16479433 0.17579433 "" "" 23.18050512396836 "" 3.829962262640621 ""
13.04183093044 56.38243303967 0.0259 0.0313 15.6879 "" "" 423785836148673664 2469.30371 0.3887 0.0488 -1.389 0.457 0.035 0.041 1.0 5814.7 4.5854 16.48141 0.953071 16.8726 15.91953 "" "" 2191.93335 2795.23926 4812.63313 1.7674 2434.3 6.7044 3399.0 6.6959 "" "" 0.002784021043233088 0.004089835 0.004342631 0.008432467 13.04183093044 56.38243303967 2469.30371 -1.3889999999999985 0.45699999999999996 0.9564594612121582 1.9700000114440919 0.16379432 0.16979432 "" "" 25.63182457251348 "" 4.323223894134536 ""
13.25067570644 56.61574971522 0.0263 0.0317 1.7792 "" "" 423815488604024320 2365.1272 0.3949 0.0479 -2.292 -1.58 0.035 0.042 0.949 5849.0 4.3731 16.482647 1.374199 17.08841 15.714211 "" "" 2175.02197 2603.15137 4807.1508 8.5012 1995.5 15.8 4106.5 22.283 "" "" 0.0033583408234728524 0.009038118 0.0069995387 0.016037656 13.25067570644 56.61574971522 2365.1272 -2.292 -1.5800000000000005 0.05345946121215839 -0.06699998855590827 0.16379432 0.17079432 "" "" 0.9609156728769876 "" 0.1615356898564339 ""
13.67888334589 56.65444768971 0.0246 0.03 15.8099 "" "" 423809922326406784 1877.58765 0.5082 0.0453 -3.423 -1.925 0.034 0.043 0.983 5582.3 4.6138 16.488083 1.09434 16.950438 15.856097 "" "" 1732.60352 2027.17517 4783.14196 1.7283 2265.9 6.4144 3603.5 8.088 "" "" 0.0027831092471018834 0.0041511115 0.004496921 0.008648032 13.67888334589 56.65444768971 1877.58765 -3.423 -1.925 -1.0775405387878418 -0.41199998855590825 0.16279432 0.17179433 "" "" 10.266941640897397 "" 1.6834676548125584 ""
13.30846004026 56.3580274212 0.0249 0.0303 16.607 "" "" 423787824713745792 2609.85059 0.3661 0.0463 -2.732 -0.886 0.033 0.042 1.001 5671.5 4.6 16.489424 0.996263 16.899475 15.903213 "" "" 2220.75098 3023.55933 4777.23958 1.7155 2374.8 8.3791 3450.4 6.3491 "" "" 0.0027827685417006285 0.004739243 0.0042749513 0.009014195 13.30846004026 56.3580274212 2609.85059 -2.7319999999999975 -0.8859999999999993 -0.386540538787842 0.6270000114440918 0.16179433 0.17079432 "" "" 9.111941233967581 "" 1.5341208634841945 ""
