Clusters/IC_1590/IC_1590_stars_in_region.tsv
# %ECSV 1.0
# ---
# datatype:
# - name: RA_ICRS_1
#   unit: deg
#   datatype: float64
#   format: '{:15.11f}'
#   description: Right ascension (ICRS) at Ep=2016.0 (ra)
#   meta: !!omap
#   - {ucd: POS_EQ_RA_MAIN}
#   - {width: 15}
#   - {precision: '11'}
# - name: DE_ICRS_1
#   unit: deg
#   datatype: float64
#   format: '{:15.11f}'
#   description: Declination (ICRS) at Ep=2016.0 (dec)
#   meta: !!omap
#   - {ucd: POS_EQ_DEC_MAIN}
#   - {width: 15}
#   - {precision: '11'}
# - name: e_RA_ICRS
#   unit: mas
#   datatype: float64
#   format: '{:7.4f}'
#   description: Standard error of right ascension (ra_error)
#   meta: !!omap
#   - {ucd: ERROR}
#   - {width: 7}
#   - {precision: '4'}
# - name: e_DE_ICRS
#   unit: mas
#   datatype: float64
#   format: '{:7.4f}'
#   description: Standard error of declination (dec_error)
#   meta: !!omap
#   - {ucd: ERROR}
#   - {width: 7}
#   - {precision: '4'}
# - name: _r_1
#   unit: ''
#   datatype: float64
#   format: '{:7.4f}'
#   description: Distance from center (013.20201541000+56.62850120000)[ICRS], at Epoch=J2016.0
#   meta: !!omap
#   - {ucd: POS_ANG_DIST_GENERAL}
#   - {width: 7}
#   - {precision: '4'}
# - name: HIP
#   datatype: int32
#   description: '? HIP cross-id number, van Leeuwen, Cat. I/311 (hip_original_ext_source_id)'
#   meta: !!omap
#   - {ucd: ID_NUMBER}
#   - {width: 6}
#   - values: {'null': -2147483648}
# - name: TYC2
#   datatype: string
#   description: Tycho-2 cross-id name, Hog et al., Cat. I/259 (tyc2_original_ext_source_id)
#   meta: !!omap
#   - {ucd: ID_CROSSID}
#   - {_votable_string_dtype: char}
# - name: Source
#   datatype: int64
#   description: Source identifier, identical to the Gaia-EDR3 source_id (id)
#   meta: !!omap
#   - {ucd: ID_MAIN}
#   - {width: 19}
# - name: rgeo
#   unit: pc
#   datatype: float64
#   format: '{:15.8f}'
#   description: '? Median of the geometric distance posterior (r_med_geo)'
#   meta: !!omap
#   - {ucd: PHYS_DISTANCE_TRUE}
#   - {width: 15}
#   - {precision: '8'}
#   - values: {'null': .nan}
# - name: Plx
#   unit: mas
#   datatype: float64
#   format: '{:9.4f}'
#   description: '? Parallax (parallax)'
#   meta: !!omap
#   - {ucd: POS_PARLX_TRIG}
#   - {width: 9}
#   - {precision: '4'}
#   - values: {'null': .nan}
# - name: e_Plx
#   unit: mas
#   datatype: float32
#   format: '{:7.4f}'
#   description: '? Standard error of parallax (parallax_error)'
#   meta: !!omap
#   - {ucd: ERROR}
#   - {width: 7}
#   - {precision: '4'}
#   - values: {'null': .nan}
# - name: pmRA
#   unit: mas / yr
#   datatype: float64
#   format: '{:9.3f}'
#   description: '? Proper motion in right ascension direction, pmRA*cosDE (pmra)'
#   meta: !!omap
#   - {ucd: POS_EQ_PMRA}
#   - {width: 9}
#   - {precision: '3'}
#   - values: {'null': .nan}
# - name: pmDE
#   unit: mas / yr
#   datatype: float64
#   format: '{:9.3f}'
#   description: '? Proper motion in declination direction (pmdec)'
#   meta: !!omap
#   - {ucd: POS_EQ_PMDEC}
#   - {width: 9}
#   - {precision: '3'}
#   - values: {'null': .nan}
# - name: e_pmRA
#   unit: mas / yr
#   datatype: float32
#   format: '{:6.3f}'
#   description: '? Standard error of proper motion in right ascension direction (pmra_error)'
#   meta: !!omap
#   - {ucd: ERROR}
#   - {width: 6}
#   - {precision: '3'}
#   - values: {'null': .nan}
# - name: e_pmDE
[...]
#         value: !astropy.table.SerializedColumn {name: SkyCoord.dec}
#       distance: !astropy.table.SerializedColumn
#         __class__: astropy.coordinates.distances.Distance
#         unit: !astropy.units.Unit {unit: pc}
#         value: !astropy.table.SerializedColumn {name: SkyCoord.distance}
#       frame: icrs
#       obstime: !astropy.time.Time {format: jyear_str, in_subfmt: '*', jd1: 367701545.0, jd2: 0.0, out_subfmt: '*', precision: 3, scale: tt}
#       pm_dec: !astropy.table.SerializedColumn
#         __class__: astropy.units.quantity.Quantity
#         unit: !astropy.units.Unit {unit: mas / yr}
#         value: !astropy.table.SerializedColumn {name: SkyCoord.pm_dec}
#       pm_ra_cosdec: !astropy.table.SerializedColumn
#         __class__: astropy.units.quantity.Quantity
#         unit: !astropy.units.Unit {unit: mas / yr}
#         value: !astropy.table.SerializedColumn {name: SkyCoord.pm_ra_cosdec}
#       ra: !astropy.table.SerializedColumn
#         __class__: astropy.coordinates.angles.Longitude
#         unit: *id001
#         value: !astropy.table.SerializedColumn {name: SkyCoord.ra}
#         wrap_angle: !astropy.coordinates.Angle
#           unit: *id001
#           value: 360.0
#       representation_type: spherical
# schema: astropy-2.0
RA_ICRS_1 DE_ICRS_1 e_RA_ICRS e_DE_ICRS _r_1 HIP TYC2 Source rgeo Plx e_Plx pmRA pmDE e_pmRA e_pmDE RUWE Teff logg Gmag BP-RP BPmag RPmag RV e_RV b_rgeo B_rgeo FG e_FG FBP e_FBP FRP e_FRP RAVE5 RAVE6 e_Gmag e_BPmag e_RPmag e_BP-RP SkyCoord.ra SkyCoord.dec SkyCoord.distance SkyCoord.pm_ra_cosdec SkyCoord.pm_dec rmRA rmDE e_rmRA e_rmDE rRV e_rRV v_pec v_pec3d e_vpec e_vpec3d
[from data line 120]
13.04801072966 56.40368449515 0.014 0.0168 14.4202 "" "" 423791711663927552 2304.02368 0.3997 0.0268 0.926 -1.214 0.019 0.021 1.088 6373.3 3.9455 14.948797 0.973313 15.346011 14.372698 "" "" 2177.37036 2464.07031 19743.67195 3.3794 9931.4 11.696 14128.0 11.176 "" "" 0.0027615802355661183 0.0030692003 0.0038757443 0.0069449446 13.04801072966 56.40368449515 2304.02368 0.9260000000000002 -1.2139999999999993 3.2714594612121584 0.29900001144409183 0.14779432 0.14979433 "" "" 35.87675791616373 "" 5.302979486718666 ""
13.46018717818 56.71314716871 0.0124 0.0143 9.9112 "" "" 423822979026909184 1880.78198 0.5033 0.022 -3.895 -3.442 0.017 0.02 0.958 5894.5 4.0794 14.951108 1.068213 15.396075 14.327862 "" "" 1804.06458 1961.00146 19701.70156 3.1864 9483.9 11.043 14724.0 13.61 "" "" 0.002760910039508334 0.0030632194 0.003910361 0.0069735805 13.46018717818 56.71314716871 1880.78198 -3.894999999999997 -3.441999999999999 -1.5495405387878418 -1.9289999885559084 0.14579433 0.14879432 "" "" 22.05807472306056 "" 3.2563233294476035 ""
13.15184853532 56.6094869473 0.0131 0.0158 2.011 "" "" 423818168663615232 2573.10815 0.3506 0.024 -2.352 -1.449 0.017 0.02 0.999 8156.2 3.5334 14.963889 1.052095 15.396273 14.344177 "" "" 2431.35669 2753.73267 19471.11968 6.0374 9482.2 15.301 14504.0 14.69 "" "" 0.0027758107056573356 0.0032946267 0.003936112 0.0072307386 13.15184853532 56.6094869473 2573.10815 -2.3520000000000008 -1.449000000000001 -0.006540538787841665 0.06400001144409173 0.14579433 0.14879432 "" "" 0.7846438205712897 "" 0.11672645874132577 ""
13.37929801688 56.80840018561 0.0122 0.0149 12.2711 "" "" 423825521647842688 2590.72241 0.3569 0.0229 -1.549 0.62 0.017 0.021 0.978 7068.3 3.9369 14.9793 0.819655 15.303081 14.483426 "" "" 2461.9624 2747.70947 19196.7129 3.9267 10332.0 9.9662 12758.0 8.6295 "" "" 0.002764256230108441 0.0029802478 0.0038500724 0.00683032 13.37929801688 56.80840018561 2590.72241 -1.5490000000000002 0.6199999999999996 0.7964594612121583 2.133000011444092 0.14579433 0.14979433 "" "" 27.959748342396352 "" 4.174687300116092 ""
13.18365318589 56.84210250545 0.0133 0.0156 12.8303 "" "" 423828201707043328 2149.83008 0.4407 0.024 -1.74 -0.84 0.018 0.021 0.951 7511.6 4.0409 14.996912 0.712233 15.272071 14.559838 "" "" 2049.99438 2267.06445 18887.81818 4.5446 10631.0 12.596 11891.0 9.5423 "" "" 0.0027676768722606194 0.003072446 0.0038785127 0.0069509586 13.18365318589 56.84210250545 2149.83008 -1.7400000000000002 -0.8399999999999999 0.6054594612121582 0.6730000114440918 0.14679432 0.14979433 "" "" 9.224857194372474 "" 1.3695210464862728 ""
13.19247774997 56.3358502764 0.0133 0.0167 17.5619 "" "" 423788344409726336 2186.26343 0.4341 0.0275 -1.268 -2.051 0.018 0.022 1.008 6438.7 4.0957 14.997401 0.931689 15.374042 14.442353 "" "" 2070.50488 2332.55176 18879.31704 3.3675 9678.3 11.321 13250.0 11.615 "" "" 0.0027621177720353776 0.003065615 0.0038973805 0.0069629955 13.19247774997 56.3358502764 2186.26343 -1.2680000000000002 -2.051 1.0774594612121582 -0.5379999885559084 0.14679432 0.15079433 "" "" 12.480131739896711 "" 1.8420829871512177 ""
13.08822517777 56.42082425949 0.013 0.016 13.0172 "" "" 423791814743139200 2404.64771 0.3843 0.0257 1.337 -0.928 0.018 0.021 0.957 6615.5 4.1664 14.999561 0.944403 15.382801 14.438398 "" "" 2258.9856 2529.74194 18841.7878 3.4001 9600.6 11.045 13298.0 11.432 "" "" 0.002762277452126293 0.0030570016 0.0038929337 0.006949935 13.08822517777 56.42082425949 2404.64771 1.337 -0.9280000000000002 3.682459461212158 0.5850000114440917 0.14679432 0.14979433 "" "" 42.49911512230061 "" 6.241798371894395 ""
13.39818661201 56.63051982209 0.0126 0.0151 6.4754 "" "" 423816450676697088 2582.18994 0.3527 0.023 -1.99 -1.534 0.017 0.02 0.945 6558.1 3.7833 15.020329 1.05917 15.460506 14.401336 "" "" 2450.77637 2719.58765 18484.81324 3.1684 8937.5 9.4163 13760.0 11.285 "" "" 0.002761597920356262 0.0030155526 0.0038828624 0.0068984153 13.39818661201 56.63051982209 2582.18994 -1.989999999999998 -1.5340000000000007 0.3554594612121582 -0.020999988555908233 0.14579433 0.14879432 "" "" 4.358260506979061 "" 0.6354556211780429 ""
13.28604107974 56.57185961137 0.0141 0.0155 4.3877 "" "" 423815282445634432 2622.02124 0.349 0.025 -2.202 -1.523 0.019 0.021 1.006 6957.6 3.6362 15.03932 1.383533 15.635857 14.252323 -76.67 10.45 2455.59082 2792.53271 18164.29838 3.7438 7604.6 22.321 15784.0 19.843 "" "" 0.002764392556388281 0.004235689 0.0040183077 0.008253997 13.28604107974 56.57185961137 2622.02124 -2.202 -1.523 0.14345946121215825 -0.009999988555908113 0.14779432 0.14979433 -1.5150000000000006 11.000811 1.7872952066975427 2.343000033265901 0.2641694829327925 7.116053959939682
13.1355507236 56.60928613255 0.0136 0.016 2.4786 "" "" 423818237383091072 2356.53418 0.3911 0.0244 -2.876 -1.635 0.018 0.021 1.02 7567.5 4.285 15.039844 0.787229 15.347494 14.560266 "" "" 2222.19971 2494.87134 18155.53104 3.7304 9917.9 10.981 11886.0 11.194 "" "" 0.0027643365216483786 0.0030381132 0.003915263 0.0069533763 13.1355507236 56.60928613255 2356.53418 -2.8760000000000003 -1.635000000000001 -0.5305405387878417 -0.12199998855590821 0.14679432 0.14979433 "" "" 6.080788115897884 "" 0.8935502250252667 ""
13.62229474676 56.55824712038 0.013 0.0158 14.5095 "" "" 423803393976192896 2706.23315 0.3404 0.0238 1.868 -2.158 0.018 0.022 0.966 6247.7 4.0591 15.050738 0.979724 15.452091 14.472367 "" "" 2540.53931 2942.02417 17974.27437 3.3863 9007.0 8.949 12889.0 10.242 "" "" 0.0027629024397291947 0.0029914442 0.003876607 0.0068680514 13.62229474676 56.55824712038 2706.23315 1.8679999999999994 -2.1580000000000013 4.2134594612121585 -0.6449999885559081 0.14679432 0.15079433 "" "" 54.67795185606642 "" 8.031487235729585 ""
13.28037645362 56.60465251354 0.0146 0.0172 2.9564 "" "" 423815415584704000 2247.26343 0.4145 0.0267 -1.643 -2.938 0.019 0.022 1.169 6711.6 4.1339 15.068992 0.971714 15.450728 14.479014 "" "" 2108.82715 2423.01221 17674.61646 3.8214 9018.3 12.585 12810.0 13.92 "" "" 0.0027653019244036647 0.0031750116 0.0039592544 0.007134266 13.28037645362 56.60465251354 2247.26343 -1.6430000000000005 -2.9380000000000006 0.7024594612121582 -1.4249999885559084 0.14779432 0.15079433 "" "" 16.923235201373796 "" 2.542082253144769 ""
12.90436758206 56.71185370433 0.0134 0.0165 11.0136 "" "" 423866615896858112 2178.84448 0.4268 0.0242 3.777 -0.896 0.018 0.023 1.033 5782.7 4.0773 15.081188 1.068782 15.52746 14.458678 "" "" 2065.92847 2309.8501 17477.17803 3.5578 8403.0 11.967 13052.0 7.9039 "" "" 0.0027641707449280626 0.0031899668 0.0038361463 0.007026113 12.90436758206 56.71185370433 2178.84448 3.7770000000000006 -0.8960000000000001 6.122459461212158 0.6170000114440918 0.14679432 0.15179433 "" "" 63.55133752495531 "" 9.332223832586967 ""
12.98238053611 56.49051816511 0.0135 0.0158 11.0127 "" "" 423793292211870848 2278.94263 0.4156 0.0247 0.965 -2.476 0.018 0.02 0.973 "" "" 15.083057 1.374989 15.69891 14.323921 "" "" 2160.45654 2428.68604 17447.11919 3.6415 7175.5 8.0069 14777.0 10.17 "" "" 0.0027646232880888435 0.003041853 0.0038525434 0.0068943966 12.98238053611 56.49051816511 2278.94263 0.964999999999999 -2.4760000000000018 3.310459461212158 -0.9629999885559082 0.14679432 0.14879432 "" "" 37.24250880683705 "" 5.472836412885025 ""
12.89910836989 56.47886189177 0.0134 0.0164 13.4517 "" "" 423839849659626240 2356.56128 0.3903 0.0249 -0.387 -2.742 0.018 0.023 0.946 6301.5 4.0317 15.099367 1.147952 15.58579 14.437838 "" "" 2241.66211 2508.04248 17186.99043 3.1871 7963.4 8.7899 13305.0 10.292 "" "" 0.0027626663473974762 0.0030366532 0.003871576 0.006908229 12.89910836989 56.47886189177 2356.56128 -0.387 -2.742 1.9584594612121582 -1.2289999885559082 0.14679432 0.15179433 "" "" 25.82686762532737 "" 3.8281642107601743 ""
13.57922880091 56.44342863813 0.0135 0.016 16.705 "" "" 423801057514049792 2196.15918 0.4257 0.0257 -1.315 -1.311 0.018 0.023 0.995 6219.0 3.6705 15.125397 0.891031 15.480733 14.589702 "" "" 2080.48486 2327.73901 16779.84477 3.136 8772.5 12.033 11569.0 10.419 "" "" 0.002762781854012405 0.00316275 0.0039038237 0.007066574 13.57922880091 56.44342863813 2196.15918 -1.3149999999999982 -1.310999999999999 1.0304594612121583 0.20200001144409185 0.14679432 0.15179433 "" "" 10.931031268889681 "" 1.60666895992392 ""
13.38904401708 56.6204012481 0.013 0.0154 6.1924 "" "" 423816072719582592 2337.22095 0.3918 0.0237 -2.134 -1.33 0.017 0.02 0.995 5156.1 2.654 15.129263 1.702895 15.935885 14.23299 -47.24 8.19 2217.89941 2526.1958 16720.20785 11.984 5768.5 22.997 16068.0 36.792 "" "" 0.0028631042066989006 0.0051498096 0.004523753 0.009673563 13.38904401708 56.6204012481 2337.22095 -2.134 -1.33 0.2114594612121583 0.18300001144409173 0.14579433 0.14879432 27.915 8.74081 3.0980819065807546 28.086390592240274 0.4556860127967214 8.68761706617412
13.47420262665 56.68580663758 0.0127 0.0154 9.6124 "" "" 423822360551643392 2482.80859 0.3747 0.0239 -1.397 -0.686 0.017 0.021 1.008 7399.0 4.1675 15.129398 0.826877 15.454332 14.627456 "" "" 2358.89575 2613.26123 16718.1125 3.0614 8988.4 11.125 11173.0 10.416 "" "" 0.0027624840742194786 0.003096919 0.0039125727 0.007009492 13.47420262665 56.68580663758 2482.80859 -1.397 -0.6860000000000014 0.9484594612121582 0.8270000114440917 0.14579433 0.14979433 "" "" 14.809186889000179 "" 2.1848773621026063 ""
12.90614636173 56.41721009217 0.0147 0.0171 16.0188 "" "" 423833733626226176 2014.51453 0.4637 0.0265 -3.12 -1.655 0.019 0.022 1.045 6357.5 3.8466 15.152391 0.97503 15.550175 14.575145 "" "" 1916.58252 2158.11426 16367.79208 3.0931 8229.0 9.7129 11725.0 8.759 "" "" 0.002762948951845716 0.0030703985 0.0038654346 0.006935833 12.90614636173 56.41721009217 2014.51453 -3.12 -1.6550000000000002 -0.7745405387878419 -0.14199998855590823 0.14779432 0.15079433 "" "" 7.519198885764601 "" 1.1120356346388287 ""
13.51289493936 56.6567018892 0.0209 0.0286 10.395 "" "" 423810437722460800 2002.75452 0.4719 0.0417 0.09 0.526 0.029 0.04 1.784 6296.2 4.314 15.200552 1.057623 15.584052 14.526429 "" "" 1827.0531 2227.81494 15657.63208 5.1015 7976.2 10.982 12263.0 10.352 "" "" 0.002777935974784435 0.0031653987 0.0038889297 0.0070543285 13.51289493936 56.6567018892 2002.75452 0.09 0.526 2.435459461212158 2.0390000114440916 0.15779433 0.16879433 "" "" 30.152947761189903 "" 4.8973675171927225 ""
13.22884179201 56.67678587602 0.0133 0.0165 3.0292 "" "" 423820161528377344 1883.57373 0.5022 0.0246 -3.186 -2.836 0.018 0.021 0.997 6271.9 4.0272 15.20367 0.921407 15.572441 14.651034 "" "" 1797.18542 1961.90649 15612.73149 3.1763 8062.0 8.6042 10933.0 10.445 "" "" 0.0027641598631502826 0.0030212188 0.003919141 0.0069403597 13.22884179201 56.67678587602 1883.57373 -3.186 -2.835999999999999 -0.8405405387878417 -1.322999988555908 0.14679432 0.14979433 "" "" 13.994235266505264 "" 2.084270738298139 ""
12.98898451191 56.83347366587 0.0155 0.018 14.1567 "" "" 423869192877193472 2686.90479 0.3461 0.0277 -4.735 -3.012 0.02 0.024 0.965 7211.5 4.1282 15.208754 0.856724 15.549057 14.692333 "" "" 2487.80396 2901.11621 15539.79115 4.1535 8237.5 10.71 10525.0 8.1846 "" "" 0.0027705602098605673 0.003126935 0.0038725417 0.006999477 12.98898451191 56.83347366587 2686.90479 -4.735000000000001 -3.012000000000006 -2.389540538787842 -1.4989999885559082 0.14879432 0.15279433 "" "" 35.92549033470272 "" 5.386478477450399 ""
13.48151638586 56.57087960038 0.0145 0.0169 9.8578 "" "" 423803943731986816 2494.7356 0.3654 0.0269 -3.849 -1.177 0.019 0.023 1.01 7312.4 4.1789 15.215915 0.764 15.504269 14.740269 "" "" 2363.96509 2659.14819 15437.63583 3.5724 8584.4 17.361 10070.0 14.954 "" "" 0.002766751751111218 0.003550564 0.004108931 0.007659495 13.48151638586 56.57087960038 2494.7356 -3.849 -1.177 -1.503540538787842 0.33600001144409175 0.14779432 0.15179433 "" "" 18.217980941564708 "" 2.6960248733635694 ""
12.95559525277 56.8069162223 0.014 0.0171 13.4322 "" "" 423868814920082816 2125.6731 0.4434 0.0257 0.532 -1.743 0.019 0.023 0.997 5787.2 4.0312 15.227857 1.081543 15.681543 14.6 "" "" 2032.09143 2226.18213 15268.77626 2.857 7291.2 8.211 11459.0 9.3853 "" "" 0.0027627996473326734 0.003046318 0.0038825893 0.0069289072 12.95559525277 56.8069162223 2125.6731 0.5319999999999999 -1.7429999999999999 2.8774594612121582 -0.2299999885559083 0.14779432 0.15179433 "" "" 29.08486058939836 "" 4.299325739729276 ""
13.57143550783 56.80924765218 0.0139 0.0162 16.2957 "" "" 423813289580627328 2661.87231 0.3451 0.0262 2.258 -2.975 0.019 0.023 0.999 4828.4 3.2569 15.233425 1.489498 15.918259 14.428761 "" "" 2503.97583 2842.65576 15190.66736 2.7581 5862.9 9.193 13417.0 11.068 "" "" 0.0027623632068770245 0.0032685339 0.0038840591 0.0071525928 13.57143550783 56.80924765218 2661.87231 2.258 -2.9749999999999996 4.603459461212158 -1.4619999885559083 0.14779432 0.15179433 "" "" 60.94193725836818 "" 9.029480312304255 ""
12.92691552814 56.79563451285 0.0144 0.0179 13.5141 "" "" 423869467755115136 1973.56299 0.4777 0.0257 0.565 -1.994 0.019 0.024 1.009 6588.3 4.2406 15.252517 0.985809 15.65531 14.6695 "" "" 1852.85217 2071.2063 14925.87766 2.9226 7469.5 10.302 10749.0 10.275 "" "" 0.0027635097603580937 0.003166611 0.0039192955 0.0070859063 12.92691552814 56.79563451285 1973.56299 0.565 -1.9939999999999993 2.910459461212158 -0.4809999885559082 0.14779432 0.15279433 "" "" 27.595752979989168 "" 4.082224333637126 ""
13.05472831828 56.57941992548 0.0147 0.0171 5.6862 "" "" 423795319436421376 2585.09009 0.3556 0.0263 -2.536 -1.649 0.02 0.022 1.008 9745.9 3.594 15.256508 0.959709 15.643792 14.684083 "" "" 2421.53369 2720.29834 14871.1138 2.8976 7549.2 12.589 10605.0 18.399 "" "" 0.0027634297681814438 0.003326139 0.004222794 0.007548933 13.05472831828 56.57941992548 2585.09009 -2.5359999999999983 -1.6489999999999985 -0.19054053878784183 -0.13599998855590822 0.14879432 0.15079433 "" "" 2.8684746447830416 "" 0.42875759427476434 ""
12.77972070446 56.65678086957 0.0137 0.0171 14.0351 "" "" 423843526151511808 2550.92993 0.3623 0.025 2.107 0.174 0.018 0.023 0.971 6696.6 4.1704 15.264303 0.938326 15.644965 14.706639 "" "" 2403.65088 2732.85449 14764.72997 2.868 7541.0 8.2715 10387.0 7.9663 "" "" 0.0027633799041847187 0.0030336971 0.0038700288 0.0069037257 12.77972070446 56.65678086957 2550.92993 2.107 0.17400000000000004 4.452459461212158 1.6870000114440917 0.14679432 0.15179433 "" "" 57.571311172614266 "" 8.487814006370952 ""
13.05480030175 56.38394434881 0.0305 0.0361 15.4618 "" "" 423785836148673536 2100.94971 0.4486 0.0583 -0.469 -2.35 0.041 0.047 2.223 6346.0 4.2804 15.264684 0.990105 15.661722 14.671617 "" "" 1878.36523 2417.45239 14759.54884 4.6983 7425.5 8.9778 10728.0 8.1314 "" "" 0.002776911737090686 0.0030835455 0.0038679407 0.006951486 13.05480030175 56.38394434881 2100.94971 -0.4689999999999994 -2.3499999999999974 1.8764594612121583 -0.8369999885559083 0.16979432 0.17579433 "" "" 20.461435216879583 "" 3.4949069612388333 ""
12.92279890314 56.76411546719 0.0146 0.018 12.281 "" "" 423867165652656256 2263.40479 0.4121 0.027 -2.532 0.298 0.019 0.024 0.981 5311.3 4.1229 15.278831 1.213891 15.800048 14.586157 "" "" 2132.9209 2366.85059 14568.49385 2.8796 6537.3 8.9746 11606.0 15.742 "" "" 0.002763665162237232 0.0031633417 0.0040561617 0.0072195036 12.92279890314 56.76411546719 2263.40479 -2.532000000000003 0.298 -0.18654053878784183 1.8110000114440918 0.14779432 0.15279433 "" "" 19.532183259577536 "" 2.9833981931879605 ""
13.45381359328 56.51713979761 0.0151 0.0167 10.6729 "" "" 423802191385368064 2480.46631 0.3791 0.0277 0.145 -0.75 0.02 0.022 1.024 6544.6 4.1544 15.278879 0.938444 15.66053 14.722086 "" "" 2336.68213 2742.34692 14567.83534 3.0272 7433.7 9.2333 10241.0 9.5932 "" "" 0.0027645419334479853 0.0030989856 0.0039138384 0.007012824 13.45381359328 56.51713979761 2480.46631 0.14500000000000002 -0.75 2.490459461212158 0.7630000114440918 0.14879432 0.15079433 "" "" 30.624741619830832 "" 4.562075660252323 ""
