Clusters/UBC_482/UBC_482_stars_in_region.tsv
# %ECSV 1.0
# ---
# datatype:
# - name: RA_ICRS_1
#   unit: deg
#   datatype: float64
#   format: '{:15.11f}'
#   description: Right ascension (ICRS) at Ep=2016.0 (ra)
#   meta: !!omap
#   - {ucd: POS_EQ_RA_MAIN}
#   - {width: 15}
#   - {precision: '11'}
# - name: DE_ICRS_1
#   unit: deg
#   datatype: float64
#   format: '{:15.11f}'
#   description: Declination (ICRS) at Ep=2016.0 (dec)
#   meta: !!omap
#   - {ucd: POS_EQ_DEC_MAIN}
#   - {width: 15}
#   - {precision: '11'}
# - name: e_RA_ICRS
#   unit: mas
#   datatype: float64
#   format: '{:7.4f}'
#   description: Standard error of right ascension (ra_error)
#   meta: !!omap
#   - {ucd: ERROR}
#   - {width: 7}
#   - {precision: '4'}
# - name: e_DE_ICRS
#   unit: mas
#   datatype: float64
#   format: '{:7.4f}'
#   description: Standard error of declination (dec_error)
#   meta: !!omap
#   - {ucd: ERROR}
#   - {width: 7}
#   - {precision: '4'}
# - name: _r_1
#   unit: ''
#   datatype: float64
#   format: '{:7.4f}'
#   description: Distance from center (131.15550816000-45.97220583000)[ICRS], at Epoch=J2016.0
#   meta: !!omap
#   - {ucd: POS_ANG_DIST_GENERAL}
#   - {width: 7}
#   - {precision: '4'}
# - name: HIP
#   datatype: int32
#   description: '? HIP cross-id number, van Leeuwen, Cat. I/311 (hip_original_ext_source_id)'
#   meta: !!omap
#   - {ucd: ID_NUMBER}
#   - {width: 6}
#   - values: {'null': -2147483648}
# - name: TYC2
#   datatype: string
#   description: Tycho-2 cross-id name, Hog et al., Cat. I/259 (tyc2_original_ext_source_id)
#   meta: !!omap
#   - {ucd: ID_CROSSID}
#   - {_votable_string_dtype: char}
# - name: Source
#   datatype: int64
#   description: Source identifier, identical to the Gaia-EDR3 source_id (id)
#   meta: !!omap
#   - {ucd: ID_MAIN}
#   - {width: 19}
# - name: rgeo
#   unit: pc
#   datatype: float64
#   format: '{:15.8f}'
#   description: '? Median of the geometric distance posterior (r_med_geo)'
#   meta: !!omap
#   - {ucd: PHYS_DISTANCE_TRUE}
#   - {width: 15}
#   - {precision: '8'}
#   - values: {'null': .nan}
# - name: Plx
#   unit: mas
#   datatype: float64
#   format: '{:9.4f}'
#   description: '? Parallax (parallax)'
#   meta: !!omap
#   - {ucd: POS_PARLX_TRIG}
#   - {width: 9}
#   - {precision: '4'}
#   - values: {'null': .nan}
# - name: e_Plx
#   unit: mas
#   datatype: float32
#   format: '{:7.4f}'
#   description: '? Standard error of parallax (parallax_error)'
#   meta: !!omap
#   - {ucd: ERROR}
#   - {width: 7}
#   - {precision: '4'}
#   - values: {'null': .nan}
# - name: pmRA
#   unit: mas / yr
#   datatype: float64
#   format: '{:9.3f}'
#   description: '? Proper motion in right ascension direction, pmRA*cosDE (pmra)'
#   meta: !!omap
#   - {ucd: POS_EQ_PMRA}
#   - {width: 9}
#   - {precision: '3'}
#   - values: {'null': .nan}
# - name: pmDE
#   unit: mas / yr
#   datatype: float64
#   format: '{:9.3f}'
#   description: '? Proper motion in declination direction (pmdec)'
#   meta: !!omap
#   - {ucd: POS_EQ_PMDEC}
#   - {width: 9}
#   - {precision: '3'}
#   - values: {'null': .nan}
# - name: e_pmRA
#   unit: mas / yr
#   datatype: float32
#   format: '{:6.3f}'
#   description: '? Standard error of proper motion in right ascension direction (pmra_error)'
#   meta: !!omap
#   - {ucd: ERROR}
#   - {width: 6}
#   - {precision: '3'}
#   - values: {'null': .nan}
# - name: e_pmDE
[...]
#         unit: &id001 !astropy.units.Unit {unit: deg}
#         value: !astropy.table.SerializedColumn {name: SkyCoord.dec}
#       distance: !astropy.table.SerializedColumn
#         __class__: astropy.coordinates.distances.Distance
#         unit: !astropy.units.Unit {unit: pc}
#         value: !astropy.table.SerializedColumn {name: SkyCoord.distance}
#       frame: icrs
#       obstime: !astropy.time.Time {format: jyear_str, in_subfmt: '*', jd1: 367701545.0, jd2: 0.0, out_subfmt: '*', precision: 3, scale: tt}
#       pm_dec: !astropy.table.SerializedColumn
#         __class__: astropy.units.quantity.Quantity
#         unit: !astropy.units.Unit {unit: mas / yr}
#         value: !astropy.table.SerializedColumn {name: SkyCoord.pm_dec}
#       pm_ra_cosdec: !astropy.table.SerializedColumn
#         __class__: astropy.units.quantity.Quantity
#         unit: !astropy.units.Unit {unit: mas / yr}
#         value: !astropy.table.SerializedColumn {name: SkyCoord.pm_ra_cosdec}
#       ra: !astropy.table.SerializedColumn
#         __class__: astropy.coordinates.angles.Longitude
#         unit: *id001
#         value: !astropy.table.SerializedColumn {name: SkyCoord.ra}
#         wrap_angle: !astropy.coordinates.Angle
#           unit: *id001
#           value: 360.0
#       representation_type: spherical
# schema: astropy-2.0
RA_ICRS_1 DE_ICRS_1 e_RA_ICRS e_DE_ICRS _r_1 HIP TYC2 Source rgeo Plx e_Plx pmRA pmDE e_pmRA e_pmDE RUWE Teff logg Gmag BP-RP BPmag RPmag RV e_RV b_rgeo B_rgeo FG e_FG FBP e_FBP FRP e_FRP RAVE5 RAVE6 e_Gmag e_BPmag e_RPmag e_BP-RP SkyCoord.ra SkyCoord.dec SkyCoord.distance SkyCoord.pm_ra_cosdec SkyCoord.pm_dec
[from data line 2268]
131.48136028182 -46.33152494056 0.0286 0.0295 25.4605 "" "" 5329795719872676352 1791.73865 0.5242 0.034 -0.824 0.424 0.037 0.04 0.966 5067.7 4.357 16.298374 1.107589 16.769253 15.661664 "" "" 1685.84851 1946.70935 5696.35217 2.2354 2677.4 9.2087 4310.2 8.5165 "" "" 0.00278806860148843 0.0046615507 0.0043458072 0.009007358 131.48136028182 -46.33152494056 1791.73865 -0.8240000000000002 0.42400000000000004
131.03105170813 -46.43125118957 0.0351 0.0351 28.0234 "" "" 5329838742575753728 1980.64685 0.4781 0.0398 -1.877 4.77 0.045 0.044 1.145 5912.5 4.5081 16.299547 1.11026 16.747725 15.637465 "" "" 1838.5304 2167.72681 5690.20031 2.963 2731.0 11.964 4407.3 8.5298 "" "" 0.0028127257638274747 0.005514386 0.004324262 0.009838648 131.03105170813 -46.43125118957 1980.64685 -1.8770000000000002 4.77
131.77592539555 -46.01406949261 0.0313 0.0345 25.9835 "" "" 5329901380370595200 1811.46228 0.5283 0.0372 -3.393 2.825 0.039 0.039 0.989 5827.8 4.5012 16.300262 1.182879 16.803112 15.620233 "" "" 1693.61389 1939.19897 5686.45734 2.8651 2595.2 8.186 4477.8 6.6192 "" "" 0.002809100671196902 0.004417439 0.0041060485 0.0085234875 131.77592539555 -46.01406949261 1811.46228 -3.3930000000000002 2.825
131.55414700152 -45.72114879676 0.0296 0.0318 22.461 "" "" 5329966560795426048 1766.34631 0.5469 0.0359 0.346 0.563 0.04 0.041 0.977 5709.0 4.4557 16.300978 1.407724 16.939703 15.531979 "" "" 1643.82019 1884.06067 5682.71219 2.3318 2288.4 9.1055 4857.0 8.7978 "" "" 0.0027911056613507267 0.005142812 0.0042604576 0.00940327 131.55414700152 -45.72114879676 1766.34631 0.3459999999999999 0.563
130.78259245484 -46.14060633908 0.0325 0.0339 18.5251 "" "" 5522011384871786368 1998.56885 0.4706 0.0386 -6.618 3.797 0.044 0.04 1.033 5945.9 4.4849 16.301779 1.261463 16.854418 15.592955 "" "" 1891.28687 2161.74341 5678.51693 2.5166 2475.4 9.1388 4591.7 10.811 "" "" 0.002797019718718376 0.004883861 0.004562734 0.009446595 130.78259245484 -46.14060633908 1998.56885 -6.6179999999999986 3.797
131.52286350519 -45.89983206784 0.0395 0.0392 15.9321 "" "" 5329947525500809728 2203.78076 0.4368 0.0448 -3.608 4.533 0.047 0.05 1.349 5445.5 4.2513 16.302729 1.560622 16.970213 15.409591 "" "" 2016.97717 2470.18164 5673.55269 4.1528 2225.0 15.196 5436.5 19.105 "" "" 0.0028676397868085002 0.007922778 0.0053704563 0.013293235 131.52286350519 -45.89983206784 2203.78076 -3.6079999999999997 4.5329999999999995
130.3907633727 -45.80341034024 0.0315 0.0361 33.5059 "" "" 5522058045397814528 2162.44238 0.4457 0.0395 -4.237 5.573 0.044 0.047 1.114 6144.6 4.4118 16.30473 1.245202 16.832388 15.587186 "" "" 1963.91895 2409.85815 5663.11265 2.5466 2526.2 8.1972 4616.2 8.473 "" "" 0.002798242991908022 0.0044941204 0.0042726127 0.008766733 130.3907633727 -45.80341034024 2162.44238 -4.237 5.573
130.43350148271 -46.11603827515 0.0307 0.0364 31.2827 "" "" 5522003035454341248 2189.22241 0.4325 0.0396 -3.771 4.261 0.037 0.043 1.001 8936.8 4.3334 16.30502 1.744243 17.142649 15.398406 "" "" 2028.25513 2380.72607 5661.59651 2.766 1898.3 7.4273 5492.8 8.4355 "" "" 0.0028059147651616407 0.0050824247 0.004130856 0.009213281 130.43350148271 -46.11603827515 2189.22241 -3.771 4.260999999999999
131.57620665229 -46.31603425072 0.028 0.0296 27.0451 "" "" 5329797407807922944 2124.77539 0.4411 0.0338 -2.577 4.218 0.037 0.038 0.973 5998.8 4.4627 16.305765 0.999374 16.714392 15.715017 "" "" 1976.62903 2311.99731 5657.71269 2.5011 2816.2 7.9232 4103.5 7.1042 "" "" 0.0027968126501942228 0.0041371407 0.004221012 0.008358153 131.57620665229 -46.31603425072 2124.77539 -2.577 4.218
131.78070046624 -46.03179904463 0.0295 0.034 26.3009 "" "" 5329895436135859584 2227.49219 0.421 0.0365 -4.284 6.055 0.038 0.04 0.983 6371.1 4.4198 16.306833 1.188011 16.818134 15.630123 "" "" 2056.33008 2451.79053 5652.14468 2.6693 2559.5 10.598 4437.2 11.359 "" "" 0.0028026247205834697 0.0052911215 0.0046913694 0.009982491 131.78070046624 -46.03179904463 2227.49219 -4.284 6.054999999999999
131.22992919806 -45.58769064793 0.029 0.0321 23.2801 "" "" 5522120442676734848 1815.48181 0.526 0.0345 -1.983 5.622 0.04 0.041 1.025 5699.8 4.3282 16.30726 1.456286 16.966734 15.510447 "" "" 1691.24255 1951.98621 5649.92491 2.7462 2232.2 8.0359 4954.3 9.0868 "" "" 0.002805403881337291 0.004802345 0.00427192 0.009074265 131.22992919806 -45.58769064793 1815.48181 -1.9830000000000005 5.622
131.30981341799 -46.19831421353 0.0346 0.0374 15.0095 "" "" 5329848019705299072 1917.61096 0.4932 0.0429 -8.493 9.052 0.045 0.044 0.978 5766.8 4.5985 16.30831 1.010877 16.720768 15.709891 "" "" 1790.4834 2121.6001 5644.46576 3.0223 2799.7 9.504 4122.9 10.939 "" "" 0.0028159828388436324 0.0046227034 0.0047520734 0.009374777 131.30981341799 -46.19831421353 1917.61096 -8.492999999999999 9.051999999999998
131.50189346023 -45.70746136569 0.0291 0.0317 21.4932 "" "" 5329967557227810560 2028.02393 0.4717 0.0348 -4.563 2.576 0.039 0.041 0.982 6272.5 4.5363 16.30921 1.176283 16.814232 15.637949 "" "" 1876.92151 2173.18994 5639.7896 2.3736 2568.8 8.9113 4405.3 8.6753 "" "" 0.0027929541623737467 0.0046873637 0.00434227 0.009029634 131.50189346023 -45.70746136569 2028.02393 -4.563000000000001 2.5760000000000005
131.54981751375 -45.50022775738 0.0301 0.0341 32.7813 "" "" 5329973982498843648 2390.64624 0.3915 0.0369 -5.085 5.052 0.039 0.042 1.031 7467.0 4.3398 16.309286 1.488108 16.984756 15.496649 "" "" 2172.76025 2616.0293 5639.38879 2.6873 2195.4 10.08 5017.6 10.617 "" "" 0.0028034746185276157 0.0057127895 0.0044228514 0.010135641 131.54981751375 -45.50022775738 2390.64624 -5.085 5.052
131.50274271694 -46.14154352494 0.0306 0.0319 17.6707 "" "" 5329846301718542336 2309.62476 0.411 0.0362 -2.826 1.531 0.041 0.04 0.994 6088.4 4.4729 16.309427 1.005933 16.717276 15.711343 "" "" 2132.06104 2529.10059 5638.66367 2.5797 2808.7 9.7476 4117.4 10.129 "" "" 0.0027997368793585887 0.0046886294 0.0046279333 0.009316563 131.50274271694 -46.14154352494 2309.62476 -2.826 1.5309999999999997
131.16611544914 -45.60504740714 0.0303 0.0315 22.034 "" "" 5522121812763923072 1971.43384 0.4885 0.035 -3.976 3.535 0.042 0.04 1.025 5973.3 4.3605 16.310268 1.359238 16.915838 15.556601 "" "" 1859.7655 2149.53271 5634.28856 2.3941 2339.3 8.7085 4748.1 8.017 "" "" 0.0027936768362604274 0.0049113864 0.0042005293 0.009111916 131.16611544914 -45.60504740714 1971.43384 -3.9760000000000004 3.535
131.39481279829 -45.94697174316 0.0429 0.0447 10.0956 "" "" 5329957524178270976 1765.81836 0.5597 0.0504 -3.598 2.83 0.058 0.059 1.333 5634.7 4.3966 16.314768 1.113583 16.660084 15.546501 "" "" 1629.19019 1923.98865 5610.99241 4.2103 2960.6 30.741 4792.5 63.528 "" "" 0.0028732429890468173 0.011613743 0.014880165 0.026493909 131.39481279829 -45.94697174316 1765.81836 -3.598 2.8300000000000005
131.75824837029 -46.18449769708 0.0303 0.034 28.1347 "" "" 5329890591412215168 1955.20239 0.4893 0.0365 -7.234 5.112 0.04 0.039 0.977 5668.9 4.5078 16.315113 1.206031 16.836626 15.630595 "" "" 1815.39746 2098.87427 5609.20458 2.5031 2516.3 11.709 4435.3 13.205 "" "" 0.0027975949780043624 0.0057714735 0.0049732123 0.010744685 131.75824837029 -46.18449769708 1955.20239 -7.234000000000002 5.112000000000001
131.52917688304 -45.98618546545 0.0323 0.0329 15.6027 "" "" 5329944879800859264 2215.521 0.4301 0.0382 -2.693 5.19 0.04 0.043 1.061 6002.2 4.3182 16.315342 1.042687 16.745474 15.702787 "" "" 2054.81592 2463.4856 5608.02139 2.62 2736.7 10.459 4150.0 12.35 "" "" 0.002801621794745893 0.0050002728 0.004972262 0.009972535 131.52917688304 -45.98618546545 2215.521 -2.693 5.1899999999999995
131.00867196281 -46.16939369239 0.0333 0.0326 13.3168 "" "" 5329855544487569664 2129.44409 0.447 0.0392 -10.112 7.923 0.044 0.041 1.04 5344.4 4.4962 16.315538 1.126693 16.79894 15.672248 "" "" 1950.99561 2373.08911 5607.01543 2.5452 2605.2 7.477 4268.3 8.0718 "" "" 0.002799051664568579 0.0041827136 0.004301107 0.008483821 131.00867196281 -46.16939369239 2129.44409 -10.112000000000002 7.923
131.03982723128 -46.33209647388 0.0299 0.0325 22.1223 "" "" 5329840387532505216 2262.94434 0.4303 0.0366 -8.1 5.798 0.04 0.04 0.973 5118.8 4.3042 16.31586 1.281666 16.88452 15.602854 "" "" 2097.11157 2474.89331 5605.34399 2.7464 2407.7 9.0154 4550.1 10.773 "" "" 0.0028062038031559547 0.004930801 0.0045707636 0.009501565 131.03982723128 -46.33209647388 2262.94434 -8.1 5.798
130.46898662257 -46.18082173145 0.0317 0.0397 31.1954 "" "" 5521990558562650752 2243.69214 0.4408 0.0415 -5.962 4.927 0.043 0.046 1.056 7438.5 4.3255 16.316538 1.650304 17.09437 15.444066 "" "" 2023.8335 2434.26636 5601.85323 2.4863 1984.6 11.259 5266.6 11.683 "" "" 0.0027971423689672477 0.0067620617 0.0044815894 0.011243651 130.46898662257 -46.18082173145 2243.69214 -5.962000000000001 4.927000000000001
131.17768493024 -46.26147197627 0.0313 0.0353 17.3805 "" "" 5329841766232786944 1631.9082 0.593 0.0401 -5.135 4.263 0.041 0.046 0.996 5707.5 4.6109 16.317608 1.168141 16.821356 15.653214 "" "" 1544.29016 1721.28076 5596.32911 2.6585 2552.0 9.1653 4343.8 10.221 "" "" 0.002803178571456144 0.004794773 0.004561848 0.009356622 131.17768493024 -46.26147197627 1631.9082 -5.135000000000001 4.263
130.70132892408 -46.14736831332 0.0323 0.0351 21.6338 "" "" 5521988879242314240 1652.60706 0.5848 0.0399 -7.743 10.172 0.044 0.04 0.974 5872.2 4.4654 16.3228 1.470169 16.993399 15.52323 "" "" 1555.91614 1758.04199 5569.63443 2.497 2178.0 7.7271 4896.3 11.071 "" "" 0.002797986076846729 0.004756335 0.0045067198 0.009263055 130.70132892408 -46.14736831332 1652.60706 -7.742999999999999 10.172
131.70476897494 -46.09661089717 0.0318 0.0317 24.0655 "" "" 5329894748940491520 1752.06433 0.5424 0.0362 -4.28 3.257 0.041 0.039 0.965 5090.8 4.4891 16.323965 1.115805 16.799591 15.683786 "" "" 1627.9502 1869.82764 5563.66082 4.3658 2603.6 11.185 4223.2 12.05 "" "" 0.0028840341266189043 0.005435135 0.0048868 0.010321936 131.70476897494 -46.09661089717 1752.06433 -4.28 3.2569999999999997
130.44918556106 -45.96992387297 0.0311 0.0366 29.4548 "" "" 5522006196550494080 1855.29248 0.5031 0.0393 -5.972 5.335 0.04 0.042 0.943 5865.1 4.4888 16.327726 1.247333 16.873621 15.626288 "" "" 1746.48804 1980.12646 5544.41688 2.4275 2432.0 6.9942 4452.9 11.978 "" "" 0.0027960260633728027 0.0041874684 0.0047763353 0.008963804 130.44918556106 -45.96992387297 1855.29248 -5.972000000000001 5.334999999999999
131.09325698576 -46.08356520605 0.0335 0.0337 7.1672 "" "" 5329862004118422784 2122.47876 0.4458 0.0384 -5.153 5.723 0.047 0.043 0.982 5837.4 4.5339 16.327791 1.006291 16.74568 15.739388 "" "" 1971.56458 2319.96436 5544.09429 2.466 2736.2 9.3476 4012.4 8.441 "" "" 0.002797322570692098 0.0046414416 0.0044159726 0.009057414 131.09325698576 -46.08356520605 2122.47876 -5.153 5.723000000000001
130.93135605868 -45.50618324568 0.0515 0.0509 29.4948 "" "" 5522041965026522368 1724.38635 0.5831 0.0586 -2.436 1.7 0.068 0.058 1.917 6110.0 4.4855 16.32864 1.223908 16.746864 15.522956 "" "" 1573.3147 1921.3551 5539.75517 3.5487 2733.2 17.881 4897.5 29.722 "" "" 0.002841746431775218 0.0076314043 0.0075960727 0.015227477 130.93135605868 -45.50618324568 1724.38635 -2.436 1.7000000000000002
131.20558759721 -45.69675020862 0.0292 0.033 16.6594 "" "" 5522117723956564096 2388.82812 0.3936 0.0351 -0.313 0.378 0.039 0.041 0.944 "" "" 16.331932 1.808765 17.217281 15.408517 "" "" 2230.58569 2601.22485 5522.98849 2.4718 1772.2 4.8141 5441.9 10.355 "" "" 0.002797839572363449 0.004060016 0.0043071983 0.008367214 131.20558759721 -45.69675020862 2388.82812 -0.31300000000000006 0.37800000000000006
130.74233713659 -46.2743700446 0.0324 0.0333 24.9784 "" "" 5329833313735510656 2025.71936 0.4754 0.0387 -9.056 6.014 0.042 0.038 0.966 5253.8 4.3753 16.33204 1.197641 16.844784 15.647142 "" "" 1894.59717 2190.99805 5522.43128 2.7529 2497.5 11.418 4368.2 11.337 "" "" 0.002807974842973286 0.005694185 0.004714242 0.010408428 130.74233713659 -46.2743700446 2025.71936 -9.056 6.014000000000001
130.7816264162 -45.72680137289 0.0298 0.0335 21.47 "" "" 5522038048028958848 1668.65637 0.5834 0.0378 -3.09 4.258 0.042 0.04 0.947 5915.8 4.6411 16.332344 1.187617 16.841722 15.654105 "" "" 1586.01575 1755.67932 5520.89036 2.4578 2504.5 11.191 4340.3 10.077 "" "" 0.00279739460672026 0.0055965777 0.004542916 0.010139493 130.7816264162 -45.72680137289 1668.65637 -3.09 4.258000000000001
130.8308248329 -45.46018876714 0.0316 0.0322 33.5974 "" "" 5522045985127828096 1864.57605 0.5108 0.037 -6.195 3.694 0.042 0.038 1.02 5640.1 4.4972 16.333014 1.229207 16.868069 15.638862 "" "" 1728.9646 1999.16711 5517.49043 2.411 2444.5 7.8308 4401.6 8.6898 "" "" 0.002795868611610461 0.0044589387 0.0043449188 0.0088038575 130.8308248329 -45.46018876714 1864.57605 -6.195000000000001 3.694
131.36002343569 -45.83280378367 0.0308 0.0337 11.953 "" "" 5329959345250537728 1955.49109 0.485 0.0373 -4.576 8.574 0.038 0.044 1.018 6332.7 4.4553 16.33358 1.321711 16.919716 15.598005 "" "" 1823.40271 2100.29004 5514.61053 2.7109 2330.9 7.7778 4570.4 8.2513 "" "" 0.0028065385939970316 0.004572802 0.0042574606 0.008830262 131.36002343569 -45.83280378367 1955.49109 -4.576 8.574
131.03573358199 -46.32420117172 0.0304 0.0324 21.6986 "" "" 5329840598001533952 1868.84583 0.503 0.0369 -3.735 4.193 0.042 0.041 0.994 5674.0 4.5638 16.334047 1.067931 16.775988 15.708056 "" "" 1749.57581 1984.31873 5512.23249 2.4084 2660.9 10.916 4129.9 13.811 "" "" 0.002795858505383124 0.0052558533 0.005240887 0.01049674 131.03573358199 -46.32420117172 1868.84583 -3.734999999999999 4.193
131.17841023742 -46.34639394541 0.033 0.034 22.4715 "" "" 5329838016710513408 1688.50562 0.573 0.039 2.116 -0.66 0.043 0.046 1.05 5584.4 4.5768 16.335144 1.168276 16.819407 15.651131 "" "" 1597.38757 1803.96777 5506.6691 2.8018 2556.6 9.4242 4352.2 10.685 "" "" 0.0028101532976394536 0.004878851 0.004624823 0.009503674 131.17841023742 -46.34639394541 1688.50562 2.1159999999999997 -0.6600000000000001
131.13650284341 -45.57700253575 0.0305 0.0333 23.7255 "" "" 5522122160663584768 2294.65015 0.4199 0.0356 -7.015 6.915 0.043 0.044 0.964 6658.4 4.3041 16.335405 1.548556 17.05369 15.505134 "" "" 2119.09985 2464.98975 5505.34503 2.3962 2060.3 6.8343 4978.6 10.185 "" "" 0.0027955515345958076 0.004555888 0.004383747 0.008939635 131.13650284341 -45.57700253575 2294.65015 -7.015 6.915000000000001
130.69514873276 -46.30987660739 0.0334 0.0358 27.8704 "" "" 5329833210656282240 2267.35303 0.4137 0.0423 -3.886 2.712 0.044 0.04 1.08 5890.1 4.3946 16.336077 1.384459 16.864372 15.479914 "" "" 2053.1001 2483.81812 5501.94081 2.8706 2452.8 25.401 5095.6 62.491 "" "" 0.0028129493076896085 0.011584817 0.013841144 0.025425961 130.69514873276 -46.30987660739 2267.35303 -3.886000000000001 2.7120000000000006
130.51940305677 -46.25927442271 0.0372 0.0384 31.5695 "" "" 5521986405341090560 1846.39539 0.5237 0.0446 -7.11 -0.263 0.045 0.043 1.061 5023.0 4.296 16.33677 1.528801 17.044361 15.51556 "" "" 1703.0 2009.73975 5498.43316 2.8859 2078.1 7.5774 4931.0 13.504 "" "" 0.002813632444042314 0.004843366 0.004808822 0.009652188 130.51940305677 -46.25927442271 1846.39539 -7.109999999999999 -0.2630000000000007
130.40328581178 -46.14484674876 0.0314 0.0372 32.9874 "" "" 5522002520058257024 1761.88013 0.5566 0.0391 -3.896 6.646 0.04 0.043 1.044 5404.4 4.2041 16.337252 1.873451 17.261469 15.388018 "" "" 1635.97119 1874.78198 5495.99652 2.6983 1701.5 8.2734 5545.6 10.105 "" "" 0.0028064090681987307 0.0059712697 0.0042658825 0.010237152 130.40328581178 -46.14484674876 1761.88013 -3.896 6.646000000000001
