Clusters/UBC_482/UBC_482_members.tsv
# %ECSV 1.0
# ---
# datatype:
# - name: RA_ICRS_1
#   unit: deg
#   datatype: float64
#   format: '{:15.11f}'
#   description: Right ascension (ICRS) at Ep=2016.0 (ra)
#   meta: !!omap
#   - {ucd: POS_EQ_RA_MAIN}
#   - {width: 15}
#   - {precision: '11'}
# - name: DE_ICRS_1
#   unit: deg
#   datatype: float64
#   format: '{:15.11f}'
#   description: Declination (ICRS) at Ep=2016.0 (dec)
#   meta: !!omap
#   - {ucd: POS_EQ_DEC_MAIN}
#   - {width: 15}
#   - {precision: '11'}
# - name: e_RA_ICRS
#   unit: mas
#   datatype: float64
#   format: '{:7.4f}'
#   description: Standard error of right ascension (ra_error)
#   meta: !!omap
#   - {ucd: ERROR}
#   - {width: 7}
#   - {precision: '4'}
# - name: e_DE_ICRS
#   unit: mas
#   datatype: float64
#   format: '{:7.4f}'
#   description: Standard error of declination (dec_error)
#   meta: !!omap
#   - {ucd: ERROR}
#   - {width: 7}
#   - {precision: '4'}
# - name: _r_1
#   unit: ''
#   datatype: float64
#   format: '{:7.4f}'
#   description: Distance from center (131.15550816000-45.97220583000)[ICRS], at Epoch=J2016.0
#   meta: !!omap
#   - {ucd: POS_ANG_DIST_GENERAL}
#   - {width: 7}
#   - {precision: '4'}
# - name: HIP
#   datatype: int32
#   description: '? HIP cross-id number, van Leeuwen, Cat. I/311 (hip_original_ext_source_id)'
#   meta: !!omap
#   - {ucd: ID_NUMBER}
#   - {width: 6}
#   - values: {'null': -2147483648}
# - name: TYC2
#   datatype: string
#   description: Tycho-2 cross-id name, Hog et al., Cat. I/259 (tyc2_original_ext_source_id)
#   meta: !!omap
#   - {ucd: ID_CROSSID}
#   - {_votable_string_dtype: char}
# - name: Source
#   datatype: int64
#   description: Source identifier, identical to the Gaia-EDR3 source_id (id)
#   meta: !!omap
#   - {ucd: ID_MAIN}
#   - {width: 19}
# - name: rgeo
#   unit: pc
#   datatype: float64
#   format: '{:15.8f}'
#   description: '? Median of the geometric distance posterior (r_med_geo)'
#   meta: !!omap
#   - {ucd: PHYS_DISTANCE_TRUE}
#   - {width: 15}
#   - {precision: '8'}
#   - values: {'null': .nan}
# - name: Plx
#   unit: mas
#   datatype: float64
#   format: '{:9.4f}'
#   description: '? Parallax (parallax)'
#   meta: !!omap
#   - {ucd: POS_PARLX_TRIG}
#   - {width: 9}
#   - {precision: '4'}
#   - values: {'null': .nan}
# - name: e_Plx
#   unit: mas
#   datatype: float32
#   format: '{:7.4f}'
#   description: '? Standard error of parallax (parallax_error)'
#   meta: !!omap
#   - {ucd: ERROR}
#   - {width: 7}
#   - {precision: '4'}
#   - values: {'null': .nan}
# - name: pmRA
#   unit: mas / yr
#   datatype: float64
#   format: '{:9.3f}'
#   description: '? Proper motion in right ascension direction, pmRA*cosDE (pmra)'
#   meta: !!omap
#   - {ucd: POS_EQ_PMRA}
#   - {width: 9}
#   - {precision: '3'}
#   - values: {'null': .nan}
# - name: pmDE
#   unit: mas / yr
#   datatype: float64
#   format: '{:9.3f}'
#   description: '? Proper motion in declination direction (pmdec)'
#   meta: !!omap
#   - {ucd: POS_EQ_PMDEC}
#   - {width: 9}
#   - {precision: '3'}
#   - values: {'null': .nan}
# - name: e_pmRA
#   unit: mas / yr
#   datatype: float32
#   format: '{:6.3f}'
#   description: '? Standard error of proper motion in right ascension direction (pmra_error)'
#   meta: !!omap
#   - {ucd: ERROR}
#   - {width: 6}
#   - {precision: '3'}
#   - values: {'null': .nan}
# - name: e_pmDE
[...]
#         unit: &id001 !astropy.units.Unit {unit: deg}
#         value: !astropy.table.SerializedColumn {name: SkyCoord.dec}
#       distance: !astropy.table.SerializedColumn
#         __class__: astropy.coordinates.distances.Distance
#         unit: !astropy.units.Unit {unit: pc}
#         value: !astropy.table.SerializedColumn {name: SkyCoord.distance}
#       frame: icrs
#       obstime: !astropy.time.Time {format: jyear_str, in_subfmt: '*', jd1: 367701545.0, jd2: 0.0, out_subfmt: '*', precision: 3, scale: tt}
#       pm_dec: !astropy.table.SerializedColumn
#         __class__: astropy.units.quantity.Quantity
#         unit: !astropy.units.Unit {unit: mas / yr}
#         value: !astropy.table.SerializedColumn {name: SkyCoord.pm_dec}
#       pm_ra_cosdec: !astropy.table.SerializedColumn
#         __class__: astropy.units.quantity.Quantity
#         unit: !astropy.units.Unit {unit: mas / yr}
#         value: !astropy.table.SerializedColumn {name: SkyCoord.pm_ra_cosdec}
#       ra: !astropy.table.SerializedColumn
#         __class__: astropy.coordinates.angles.Longitude
#         unit: *id001
#         value: !astropy.table.SerializedColumn {name: SkyCoord.ra}
#         wrap_angle: !astropy.coordinates.Angle
#           unit: *id001
#           value: 360.0
#       representation_type: spherical
# schema: astropy-2.0
RA_ICRS_1 DE_ICRS_1 e_RA_ICRS e_DE_ICRS _r_1 HIP TYC2 Source rgeo Plx e_Plx pmRA pmDE e_pmRA e_pmDE RUWE Teff logg Gmag BP-RP BPmag RPmag RV e_RV b_rgeo B_rgeo FG e_FG FBP e_FBP FRP e_FRP RAVE5 RAVE6 e_Gmag e_BPmag e_RPmag e_BP-RP SkyCoord.ra SkyCoord.dec SkyCoord.distance SkyCoord.pm_ra_cosdec SkyCoord.pm_dec Pmemb
131.27046363054 -46.00355125241 0.0122 0.0136 5.1482 "" "" 5329863271119470976 1860.20422 0.5095 0.0147 -5.028 5.107 0.016 0.017 0.803 13904.8 3.9367 11.128891 0.244887 11.204907 10.96002 "" "" 1809.20374 1917.52209 665871.61818 243.32 450250.0 333.75 327450.0 190.71 "" "" 0.0027837377963934556 0.002903922 0.0038319165 0.0067358385 131.27046363054 -46.00355125241 1860.20422 -5.028 5.107 0.91
130.91468659081 -45.8631042397 0.0105 0.011 11.9958 "" "" 5522021555354312064 2024.32275 0.4706 0.0128 -5.098 5.197 0.014 0.014 0.899 6612.7 2.6863 11.453477 0.86012 11.793838 10.933719 "" "" 1979.45667 2075.18872 493805.62223 202.91 261750.0 223.66 335480.0 234.93 "" "" 0.002791205981566495 0.0029403653 0.0038551022 0.006795468 130.91468659081 -45.8631042397 2024.32275 -5.097999999999999 5.196999999999999 0.96
131.46831360103 -46.157919813 0.013 0.0129 17.1389 "" "" 5329846159969785984 2088.56445 0.4303 0.0151 -4.946 4.975 0.018 0.017 0.971 13116.7 3.753 11.767674 0.195825 11.828503 11.632678 "" "" 2028.8042 2162.41528 369723.71615 103.94 253520.0 181.63 176230.0 117.92 "" "" 0.002772175287892221 0.0028965685 0.003848574 0.0067451424 131.46831360103 -46.157919813 2088.56445 -4.946000000000001 4.975 0.91
131.16279659662 -46.12915382967 0.0113 0.0117 9.4218 "" 8151-134-1 5329860835887439360 2087.7793 0.4345 0.0134 -5.033 5.043 0.016 0.015 0.909 "" "" 12.148118 0.228203 12.221621 11.993419 -22.52 29.42 2029.32532 2141.33789 260435.10283 41.452 176510.0 76.084 126410.0 42.564 "" "" 0.002760734122255233 0.0028291473 0.0037970222 0.006626169 131.16279659662 -46.12915382967 2087.7793 -5.0329999999999995 5.042999999999999 0.92
131.14275725827 -45.87043599632 0.0095 0.0107 6.1293 "" 8151-3379-1 5329868738627041408 1872.6947 0.5008 0.0119 -5.088 5.188 0.012 0.014 0.991 7215.0 3.6164 12.387684 0.366878 12.513222 12.146344 "" "" 1830.92871 1904.6543 208868.59538 36.988 134940.0 74.518 109800.0 33.819 "" "" 0.0027620204984642087 0.002853864 0.0037941479 0.006648012 131.14275725827 -45.87043599632 1872.6947 -5.088 5.188 0.95
131.49214208634 -46.30840467067 0.0118 0.0117 24.5513 "" "" 5329797991923364992 2261.44434 0.4076 0.0138 -5.106 4.939 0.015 0.015 1.059 13246.2 3.8486 12.448664 0.33537 12.563033 12.227663 "" "" 2192.73071 2323.3103 197461.01013 50.004 128890.0 81.452 101880.0 55.693 "" "" 0.002769004300004269 0.002873295 0.0038257018 0.0066989968 131.49214208634 -46.30840467067 2261.44434 -5.106000000000001 4.939000000000001 0.92
131.25183164271 -45.97618754464 0.0083 0.0092 4.0237 "" "" 5329864100062576000 1921.67749 0.4889 0.0101 -5.023 5.059 0.011 0.012 0.827 13906.9 3.9737 12.493643 0.385946 12.626448 12.240501 "" "" 1886.76343 1960.59094 189447.90673 113.08 121570.0 249.77 100680.0 202.97 "" "" 0.0028305089645860363 0.0035722544 0.004367462 0.007939717 131.25183164271 -45.97618754464 1921.67749 -5.023 5.058999999999999 0.94
131.27130362227 -46.04992596027 0.0126 0.0134 6.7104 "" "" 5329862863112090880 2073.10767 0.4487 0.0149 -4.955 4.884 0.017 0.017 0.995 "" "" 12.575534 0.233507 12.651487 12.41798 "" "" 2015.11511 2145.05347 175684.40307 57.096 118800.0 113.74 85500.0 55.087 "" "" 0.0027778222304609946 0.0029775144 0.0038435753 0.0068210894 131.27130362227 -46.04992596027 2073.10767 -4.955 4.884 0.84
131.34104781758 -46.16675674707 0.0107 0.0111 13.9969 "" "" 5329849634613019136 1948.88965 0.4825 0.0129 -4.964 5.031 0.015 0.015 0.917 "" "" 12.656219 0.325957 12.767957 12.441999 "" "" 1902.31165 2011.04907 163101.98286 33.295 106720.0 49.502 83629.0 31.508 "" "" 0.002764220100825057 0.0028352565 0.0038014548 0.0066367113 131.34104781758 -46.16675674707 1948.88965 -4.9639999999999995 5.030999999999999 0.92
131.19205489029 -45.90125591441 0.0093 0.0102 4.5219 "" "" 5329867673475236096 2018.94653 0.4654 0.0114 -4.96 5.161 0.012 0.013 0.946 7176.6 3.5516 12.778293 0.415603 12.921937 12.506334 "" "" 1987.44824 2062.34058 145757.1458 28.508 92607.0 62.829 78818.0 48.976 "" "" 0.0027634912301829494 0.0028857668 0.0038391259 0.0067248926 131.19205489029 -45.90125591441 2018.94653 -4.96 5.161 0.93
130.90251063345 -45.63919636304 0.0107 0.012 22.6096 "" "" 5522040178332184576 2115.47778 0.448 0.0132 -5.116 5.223 0.014 0.015 0.941 "" "" 12.868706 0.438114 13.02392 12.585806 "" "" 2049.28638 2181.80127 134111.05522 28.807 84304.0 47.396 73255.0 33.527 "" "" 0.002765172500080715 0.0028561587 0.0038119091 0.0066680675 130.90251063345 -45.63919636304 2115.47778 -5.1160000000000005 5.223000000000001 0.89
131.69006629805 -46.14143322298 0.0112 0.011 24.4638 "" "" 5329892481197766912 2068.23071 0.4511 0.0126 -4.96 4.918 0.014 0.013 1.05 "" "" 13.054951 0.330194 13.172602 12.842407 "" "" 2020.89221 2137.35303 112970.88368 40.564 73515.0 43.939 57836.0 26.137 "" "" 0.0027827635785520797 0.0028646395 0.003811099 0.006675739 131.69006629805 -46.14143322298 2068.23071 -4.959999999999999 4.917999999999998 0.9
131.69181587672 -46.14259920293 0.015 0.0157 24.5589 "" "" 5329892481197768832 2013.80151 0.4625 0.0173 -4.946 4.904 0.02 0.02 1.606 11687.0 3.9223 13.324149 0.354352 13.447491 13.093139 "" "" 1946.11914 2085.95654 88163.17055 30.602 57072.0 40.286 45910.0 27.325 "" "" 0.0027809741719152115 0.0028935128 0.0038342304 0.006727743 131.69181587672 -46.14259920293 2013.80151 -4.946 4.904 0.93
131.09414118701 -45.8656367752 0.0086 0.0097 6.8881 "" "" 5522022311268665344 1961.20752 0.4744 0.0108 -5.113 5.167 0.011 0.013 1.001 "" "" 13.393226 0.538758 13.58948 13.050722 "" "" 1907.91223 2005.20764 82728.74201 19.363 50075.0 30.318 47739.0 18.916 "" "" 0.002767014072917118 0.002866561 0.0038037885 0.0066703493 131.09414118701 -45.8656367752 1961.20752 -5.1129999999999995 5.166999999999998 0.91
131.06639579666 -45.95063688841 0.0097 0.0099 3.9356 "" "" 5329866745762183040 1834.34412 0.5089 0.0115 -5.15 4.863 0.013 0.013 0.967 "" "" 13.460866 0.481371 13.634715 13.153344 "" "" 1803.12817 1868.0448 77732.10007 20.209 48032.0 26.28 43433.0 20.763 "" "" 0.002769741362832624 0.002852707 0.0038148554 0.0066675623 131.06639579666 -45.95063688841 1834.34412 -5.1499999999999995 4.863 0.92
130.76448418138 -46.0714954976 0.0099 0.0102 17.3463 "" "" 5522012553102847232 2073.02783 0.4491 0.012 -5.064 5.125 0.012 0.012 0.967 11324.7 3.9298 13.4633 0.789685 13.770207 12.980522 "" "" 2020.4408 2125.75317 77558.07276 14.541 42397.0 23.33 50927.0 26.199 "" "" 0.0027628293314514215 0.0028534187 0.0038204324 0.006673851 130.76448418138 -46.0714954976 2073.02783 -5.064 5.125 0.86
130.80920088824 -45.96247912448 0.0096 0.011 14.4542 "" "" 5522014958284517632 2009.5907 0.4617 0.0126 -5.117 5.019 0.014 0.014 0.986 "" "" 13.498402 0.543363 13.695194 13.151832 "" "" 1956.026 2054.93188 75090.66523 19.71 45430.0 30.091 43494.0 23.936 "" "" 0.002770019306290402 0.0028813577 0.003826323 0.0067076804 130.80920088824 -45.96247912448 2009.5907 -5.117 5.019 0.94
131.07378067836 -46.19505065311 0.0117 0.0116 13.7965 "" "" 5329854857292900992 2064.91309 0.4503 0.0139 -5.111 5.047 0.015 0.015 0.943 7993.0 3.7214 13.768847 0.386008 13.910018 13.52401 "" "" 2000.86902 2122.33569 58533.97774 25.675 37274.0 26.29 30871.0 23.019 "" "" 0.002796175029792634 0.002893351 0.0038651193 0.00675847 131.07378067836 -46.19505065311 2064.91309 -5.111000000000001 5.046999999999999 0.96
131.37897308157 -46.23258328058 0.0109 0.0115 18.1795 "" "" 5329844858609483520 1866.8811 0.4964 0.0131 -5.067 5.08 0.015 0.016 0.989 8606.3 4.0749 13.771519 0.612805 14.004566 13.391761 "" "" 1823.0127 1925.28284 58390.08435 16.815 34166.0 23.862 34870.0 16.648 "" "" 0.002773003801180737 0.0028913761 0.0038147646 0.006706141 131.37897308157 -46.23258328058 1866.8811 -5.067 5.08 0.96
130.79727831115 -45.76550991603 0.0098 0.0112 19.4368 "" "" 5522037738790973056 1953.56238 0.4747 0.0126 -5.148 5.166 0.013 0.014 0.926 "" "" 13.79883 0.75466 14.089314 13.334655 "" "" 1909.45728 2000.84607 56939.63246 14.409 31600.0 26.617 36753.0 26.116 "" "" 0.0027689851901473075 0.0029362233 0.0038573237 0.006793547 130.79727831115 -45.76550991603 1953.56238 -5.148 5.166 0.87
131.01653255283 -45.89846599424 0.0107 0.0113 7.2942 "" "" 5522020902519373952 2037.49768 0.4566 0.0127 -5.123 5.092 0.014 0.015 1.0 9431.9 3.9488 13.970513 0.598417 14.195151 13.596734 "" "" 1989.14844 2080.39966 48611.75902 11.167 28665.0 23.043 28871.0 19.86 "" "" 0.002766585686249037 0.002923494 0.0038524712 0.006775965 131.01653255283 -45.89846599424 2037.49768 -5.123 5.0920000000000005 0.9
131.23181892377 -46.41532861031 0.0113 0.0121 26.7756 "" "" 5329836852790405632 1987.04907 0.4686 0.0138 -4.957 4.963 0.014 0.016 0.969 9862.5 4.1783 13.995337 0.417974 14.149592 13.731618 "" "" 1930.7981 2033.53784 47512.96245 18.798 29894.0 18.742 25498.0 14.794 "" "" 0.002788603807436674 0.0028720032 0.0038315218 0.006703525 131.23181892377 -46.41532861031 1987.04907 -4.957000000000001 4.963 0.93
131.0874673445 -45.54821189368 0.012 0.0119 25.5986 "" "" 5522123157095944704 2137.48901 0.4329 0.0132 -5.166 4.934 0.016 0.015 0.946 "" "" 14.0369 0.761581 14.332091 13.57051 "" "" 2065.17407 2200.09644 45728.44262 8.9478 25269.0 17.521 29577.0 16.882 "" "" 0.0027634984834184243 0.0028899475 0.0038298534 0.0067198006 131.0874673445 -45.54821189368 2137.48901 -5.166 4.934 0.96
131.66179732904 -46.26846503985 0.0111 0.0115 27.5557 "" "" 5329888426748668672 1774.22803 0.5269 0.0133 -5.171 4.717 0.015 0.015 0.972 9337.9 4.2738 14.041971 0.444868 14.205175 13.760307 "" "" 1737.63855 1818.96594 45515.39123 15.957 28402.0 23.108 24833.0 16.774 "" "" 0.0027814884715726676 0.0029266658 0.0038498805 0.006776546 131.66179732904 -46.26846503985 1774.22803 -5.171000000000001 4.7170000000000005 0.88
131.44385175871 -46.08641463625 0.0126 0.0124 13.8288 "" "" 5329847401230093824 1986.42505 0.4694 0.0147 -5.038 4.963 0.016 0.018 0.987 8521.6 4.3874 14.088065 0.436795 14.248299 13.811503 "" "" 1919.99023 2054.75684 43623.50357 17.337 27296.0 23.451 23690.0 16.02 "" "" 0.0027889028327070685 0.0029419647 0.0038500382 0.006792003 131.44385175871 -46.08641463625 1986.42505 -5.038 4.963000000000001 0.89
130.93375747796 -45.882649095 0.011 0.0117 10.7014 "" "" 5522021486634858368 1981.9613 0.471 0.0135 -5.137 4.9 0.014 0.015 1.016 9222.2 3.9404 14.092262 0.883322 14.444402 13.56108 "" "" 1925.3219 2035.89111 43455.20431 6.865 22785.0 20.111 29835.0 16.223 "" "" 0.002760653841855402 0.0029501556 0.0038252152 0.006775371 130.93375747796 -45.882649095 1981.9613 -5.136999999999999 4.8999999999999995 0.94
131.18074401861 -46.1736340367 0.0141 0.0154 12.1313 "" "" 5329848908748857600 2054.34351 0.453 0.0171 -5.101 5.064 0.018 0.019 1.091 9298.2 4.1317 14.112649 0.427841 14.265906 13.838065 "" "" 1993.83838 2108.62646 42646.87219 14.467 26857.0 22.128 23117.0 17.204 "" "" 0.0027798278660602495 0.0029300656 0.0038647929 0.0067948587 131.18074401861 -46.1736340367 2054.34351 -5.100999999999999 5.063999999999999 0.92
131.43056604959 -46.17757696609 0.0122 0.0119 16.82 "" "" 5329846507876940032 1984.97571 0.469 0.0139 -5.038 4.952 0.016 0.016 0.952 9539.3 4.1701 14.117969 0.413745 14.262863 13.849118 "" "" 1943.18262 2048.24683 42438.44256 15.677 26932.0 20.612 22883.0 25.262 "" "" 0.002784358491995465 0.0029112762 0.0039648963 0.0068761725 131.43056604959 -46.17757696609 1984.97571 -5.038 4.952 0.93
131.11959312048 -45.65200118695 0.0114 0.012 19.2709 "" "" 5522121370389801472 2017.979 0.458 0.0135 -5.09 5.048 0.016 0.015 0.951 9199.7 4.2696 14.141974 0.842751 14.475938 13.633186 "" "" 1968.30786 2076.93823 41510.41232 8.2607 22133.0 12.259 27918.0 17.314 "" "" 0.0027637788299817337 0.0028542406 0.0038388956 0.006693136 131.11959312048 -45.65200118695 2017.979 -5.090000000000001 5.048000000000001 0.96
130.93550466474 -45.92999816388 0.0117 0.012 9.5207 "" "" 5522021177397239296 1997.14526 0.4629 0.0139 -5.154 5.129 0.015 0.015 0.978 10001.2 4.2264 14.239072 0.61625 14.467668 13.851418 "" "" 1944.34485 2053.52734 37959.29632 9.347 22302.0 28.144 22834.0 16.266 "" "" 0.0027682602533614137 0.0031084311 0.0038577102 0.006966141 130.93550466474 -45.92999816388 1997.14526 -5.154 5.129 0.96
131.28900523188 -46.16878706802 0.0141 0.0142 13.0384 "" "" 5329848294583151104 2140.87451 0.429 0.0168 -4.923 4.862 0.019 0.019 0.978 9467.9 4.3274 14.242334 0.463 14.416837 13.953836 "" "" 2053.4917 2216.41089 37845.38249 18.892 23371.0 17.692 20779.0 14.646 "" "" 0.0028081203625425462 0.0029087083 0.003856083 0.006764791 131.28900523188 -46.16878706802 2140.87451 -4.923 4.862 0.81
131.53753721838 -46.00941257563 0.0134 0.0134 16.0811 "" "" 5329941924863365120 2069.23804 0.4464 0.016 -5.07 4.923 0.018 0.018 1.042 9440.2 4.2087 14.267717 0.569593 14.482764 13.913171 "" "" 2016.80432 2150.04004 36970.86834 12.688 21994.0 17.568 21572.0 14.688 "" "" 0.002780401000497426 0.0029218425 0.003851004 0.0067728464 131.53753721838 -46.00941257563 2069.23804 -5.07 4.923 0.93
130.99283866987 -46.33441866598 0.0122 0.0127 22.7602 "" "" 5329840254404103936 1986.24963 0.4682 0.0145 -5.207 4.767 0.017 0.016 0.996 6536.2 3.9093 14.275172 0.980167 14.676534 13.696366 "" "" 1931.81775 2046.67761 36717.91608 6.302 18399.0 14.259 26340.0 20.105 "" "" 0.002761614559277224 0.0029142848 0.0038691754 0.0067834603 130.99283866987 -46.33441866598 1986.24963 -5.207 4.767000000000001 0.83
131.62647560072 -45.66961216344 0.0133 0.0138 26.7851 "" "" 5329967144910993920 2083.4873 0.44 0.0155 -5.231 4.903 0.018 0.018 1.095 7360.5 3.854 14.312843 0.674397 14.551488 13.87709 "" "" 2018.60291 2165.55322 35465.78103 10.021 20645.0 17.114 22301.0 18.922 "" "" 0.0027723460918141576 0.002931743 0.0038900368 0.0068217795 131.62647560072 -45.66961216344 2083.4873 -5.231 4.903 0.87
130.74860634934 -46.09373785281 0.0134 0.0144 18.4513 "" "" 5522012518743107584 2043.35034 0.456 0.0164 -5.142 5.125 0.017 0.017 1.058 9159.0 4.0961 14.432339 0.957101 14.821394 13.864293 "" "" 1989.97107 2118.21777 31769.55805 5.7815 16101.0 20.651 22565.0 13.899 "" "" 0.002762395550894652 0.0031183744 0.0038380949 0.0069564693 130.74860634934 -46.09373785281 2043.35034 -5.142 5.125 0.93
131.37901928867 -46.19577965399 0.0137 0.0143 16.3238 "" "" 5329846404797684352 1951.5343 0.4801 0.0165 -5.159 5.086 0.019 0.02 1.005 8756.1 4.1995 14.436415 0.539215 14.63779 14.098575 "" "" 1893.44714 2031.80579 31650.53371 10.524 19068.0 20.343 18186.0 14.68 "" "" 0.0027788703739975115 0.0030210575 0.0038796705 0.0069007277 131.37901928867 -46.19577965399 1951.5343 -5.159 5.086 0.94
131.39680308921 -46.19017542893 0.0139 0.0142 16.489 "" "" 5329846439157439616 1935.047 0.4752 0.0164 -5.091 4.948 0.02 0.02 1.009 9266.7 4.364 14.438982 0.493614 14.621844 14.12823 "" "" 1867.79712 2000.35071 31575.78213 11.278 19350.0 16.517 17696.0 16.89 "" "" 0.0027824763088623505 0.0029400613 0.0039188787 0.0068589402 131.39680308921 -46.19017542893 1935.047 -5.091 4.948 0.95
131.01132008429 -45.89210113584 0.0124 0.0138 7.701 "" "" 5522020902519368832 2090.61475 0.441 0.0152 -5.123 5.085 0.016 0.018 1.055 9021.7 4.0798 14.448736 0.725885 14.727429 14.001544 "" "" 2029.7063 2152.39575 31293.36727 6.8236 17557.0 19.666 19886.0 15.964 "" "" 0.0027654726215785006 0.0030436965 0.0038785846 0.0069222813 131.01132008429 -45.89210113584 2090.61475 -5.123 5.085000000000001 0.92
131.06983932792 -45.78087990424 0.0129 0.0138 12.0244 "" "" 5522023616938746880 2116.93555 0.4389 0.0152 -5.122 4.994 0.017 0.017 0.978 10137.0 3.8846 14.487314 0.990363 14.889859 13.899496 "" "" 2054.36499 2185.1145 30200.98165 5.4659 15117.0 12.241 21845.0 16.99 "" "" 0.002762318242434185 0.0029254055 0.0038725697 0.006797975 131.06983932792 -45.78087990424 2116.93555 -5.122 4.993999999999999 0.96
130.90255779429 -45.95568582336 0.0141 0.0142 10.5962 "" "" 5522015164443010560 2082.57178 0.4466 0.0167 -5.123 5.12 0.019 0.017 0.952 9642.4 4.3291 14.558271 0.80815 14.872699 14.064549 "" "" 2009.38806 2172.6062 28290.34554 6.2127 15358.0 15.655 18765.0 16.2 "" "" 0.0027656174199048988 0.0030016506 0.0038938806 0.006895531 130.90255779429 -45.95568582336 2082.57178 -5.123 5.120000000000001 0.93
