Clusters/UBC_482/UBC_482_stars_in_region.tsv
# %ECSV 1.0
# ---
# datatype:
# - name: RA_ICRS_1
#   unit: deg
#   datatype: float64
#   format: '{:15.11f}'
#   description: Right ascension (ICRS) at Ep=2016.0 (ra)
#   meta: !!omap
#   - {ucd: POS_EQ_RA_MAIN}
#   - {width: 15}
#   - {precision: '11'}
# - name: DE_ICRS_1
#   unit: deg
#   datatype: float64
#   format: '{:15.11f}'
#   description: Declination (ICRS) at Ep=2016.0 (dec)
#   meta: !!omap
#   - {ucd: POS_EQ_DEC_MAIN}
#   - {width: 15}
#   - {precision: '11'}
# - name: e_RA_ICRS
#   unit: mas
#   datatype: float64
#   format: '{:7.4f}'
#   description: Standard error of right ascension (ra_error)
#   meta: !!omap
#   - {ucd: ERROR}
#   - {width: 7}
#   - {precision: '4'}
# - name: e_DE_ICRS
#   unit: mas
#   datatype: float64
#   format: '{:7.4f}'
#   description: Standard error of declination (dec_error)
#   meta: !!omap
#   - {ucd: ERROR}
#   - {width: 7}
#   - {precision: '4'}
# - name: _r_1
#   unit: ''
#   datatype: float64
#   format: '{:7.4f}'
#   description: Distance from center (131.15550816000-45.97220583000)[ICRS], at Epoch=J2016.0
#   meta: !!omap
#   - {ucd: POS_ANG_DIST_GENERAL}
#   - {width: 7}
#   - {precision: '4'}
# - name: HIP
#   datatype: int32
#   description: '? HIP cross-id number, van Leeuwen, Cat. I/311 (hip_original_ext_source_id)'
#   meta: !!omap
#   - {ucd: ID_NUMBER}
#   - {width: 6}
#   - values: {'null': -2147483648}
# - name: TYC2
#   datatype: string
#   description: Tycho-2 cross-id name, Hog et al., Cat. I/259 (tyc2_original_ext_source_id)
#   meta: !!omap
#   - {ucd: ID_CROSSID}
#   - {_votable_string_dtype: char}
# - name: Source
#   datatype: int64
#   description: Source identifier, identical to the Gaia-EDR3 source_id (id)
#   meta: !!omap
#   - {ucd: ID_MAIN}
#   - {width: 19}
# - name: rgeo
#   unit: pc
#   datatype: float64
#   format: '{:15.8f}'
#   description: '? Median of the geometric distance posterior (r_med_geo)'
#   meta: !!omap
#   - {ucd: PHYS_DISTANCE_TRUE}
#   - {width: 15}
#   - {precision: '8'}
#   - values: {'null': .nan}
# - name: Plx
#   unit: mas
#   datatype: float64
#   format: '{:9.4f}'
#   description: '? Parallax (parallax)'
#   meta: !!omap
#   - {ucd: POS_PARLX_TRIG}
#   - {width: 9}
#   - {precision: '4'}
#   - values: {'null': .nan}
# - name: e_Plx
#   unit: mas
#   datatype: float32
#   format: '{:7.4f}'
#   description: '? Standard error of parallax (parallax_error)'
#   meta: !!omap
#   - {ucd: ERROR}
#   - {width: 7}
#   - {precision: '4'}
#   - values: {'null': .nan}
# - name: pmRA
#   unit: mas / yr
#   datatype: float64
#   format: '{:9.3f}'
#   description: '? Proper motion in right ascension direction, pmRA*cosDE (pmra)'
#   meta: !!omap
#   - {ucd: POS_EQ_PMRA}
#   - {width: 9}
#   - {precision: '3'}
#   - values: {'null': .nan}
# - name: pmDE
#   unit: mas / yr
#   datatype: float64
#   format: '{:9.3f}'
#   description: '? Proper motion in declination direction (pmdec)'
#   meta: !!omap
#   - {ucd: POS_EQ_PMDEC}
#   - {width: 9}
#   - {precision: '3'}
#   - values: {'null': .nan}
# - name: e_pmRA
#   unit: mas / yr
#   datatype: float32
#   format: '{:6.3f}'
#   description: '? Standard error of proper motion in right ascension direction (pmra_error)'
#   meta: !!omap
#   - {ucd: ERROR}
#   - {width: 6}
#   - {precision: '3'}
#   - values: {'null': .nan}
# - name: e_pmDE
[...]
#         unit: &id001 !astropy.units.Unit {unit: deg}
#         value: !astropy.table.SerializedColumn {name: SkyCoord.dec}
#       distance: !astropy.table.SerializedColumn
#         __class__: astropy.coordinates.distances.Distance
#         unit: !astropy.units.Unit {unit: pc}
#         value: !astropy.table.SerializedColumn {name: SkyCoord.distance}
#       frame: icrs
#       obstime: !astropy.time.Time {format: jyear_str, in_subfmt: '*', jd1: 367701545.0, jd2: 0.0, out_subfmt: '*', precision: 3, scale: tt}
#       pm_dec: !astropy.table.SerializedColumn
#         __class__: astropy.units.quantity.Quantity
#         unit: !astropy.units.Unit {unit: mas / yr}
#         value: !astropy.table.SerializedColumn {name: SkyCoord.pm_dec}
#       pm_ra_cosdec: !astropy.table.SerializedColumn
#         __class__: astropy.units.quantity.Quantity
#         unit: !astropy.units.Unit {unit: mas / yr}
#         value: !astropy.table.SerializedColumn {name: SkyCoord.pm_ra_cosdec}
#       ra: !astropy.table.SerializedColumn
#         __class__: astropy.coordinates.angles.Longitude
#         unit: *id001
#         value: !astropy.table.SerializedColumn {name: SkyCoord.ra}
#         wrap_angle: !astropy.coordinates.Angle
#           unit: *id001
#           value: 360.0
#       representation_type: spherical
# schema: astropy-2.0
RA_ICRS_1 DE_ICRS_1 e_RA_ICRS e_DE_ICRS _r_1 HIP TYC2 Source rgeo Plx e_Plx pmRA pmDE e_pmRA e_pmDE RUWE Teff logg Gmag BP-RP BPmag RPmag RV e_RV b_rgeo B_rgeo FG e_FG FBP e_FBP FRP e_FRP RAVE5 RAVE6 e_Gmag e_BPmag e_RPmag e_BP-RP SkyCoord.ra SkyCoord.dec SkyCoord.distance SkyCoord.pm_ra_cosdec SkyCoord.pm_dec
[from data line 3287]
131.79115848106 -46.01877307911 0.0429 0.0513 26.6426 "" "" 5329901311651116288 2099.85303 0.4665 0.053 -4.09 3.93 0.052 0.058 0.943 5624.4 4.6133 16.931477 1.295429 17.50445 16.20902 "" "" 1889.26819 2343.26465 3179.48018 2.0044 1360.3 9.5413 2603.5 10.231 "" "" 0.002839064033013987 0.00811052 0.0056998106 0.013810331 131.79115848106 -46.01877307911 2099.85303 -4.09 3.9299999999999997
131.49457562966 -45.81237167595 0.0428 0.0437 17.1016 "" "" 5329959826286909952 2231.40308 0.4391 0.0498 -6.486 5.243 0.053 0.057 0.977 5285.6 4.6026 16.93162 1.430387 17.588314 16.157927 "" "" 1999.78918 2472.8042 3179.05903 1.9724 1259.2 6.8115 2728.9 8.4324 "" "" 0.0028364705648421746 0.0065022414 0.005053663 0.0115559045 131.49457562966 -45.81237167595 2231.40308 -6.485999999999999 5.242999999999999
131.28498263576 -46.0769773517 0.0423 0.0477 8.2833 "" "" 5329851043362134784 1888.55432 0.5079 0.0514 -3.239 3.462 0.053 0.064 0.983 5456.6 4.7191 16.932484 1.136814 17.411089 16.274275 "" "" 1749.70056 2087.36963 3176.53333 2.0935 1482.5 10.23 2451.6 11.63 "" "" 0.0028467192130029214 0.007994813 0.0063884263 0.01438324 131.28498263576 -46.0769773517 1888.55432 -3.2390000000000003 3.4620000000000006
130.65391900172 -45.75113558549 0.0434 0.0504 24.8029 "" "" 5522032653549609088 2248.48657 0.426 0.0572 -5.233 5.072 0.058 0.06 0.965 "" "" 16.933426 "" "" "" "" "" 2010.62305 2580.72192 3173.77928 2.3677 "" "" "" "" "" "" 0.0028719082341344777 "" "" "" 130.65391900172 -45.75113558549 2248.48657 -5.232999999999999 5.072000000000001
131.32124940338 -45.5051089612 0.0406 0.0467 28.8724 "" "" 5522127001084643328 2013.60938 0.4768 0.0507 -3.737 2.964 0.055 0.062 0.968 5069.4 4.527 16.934406 1.332962 17.529917 16.196955 "" "" 1842.37976 2274.17065 3170.91447 2.067 1328.8 8.082 2632.5 8.8428 "" "" 0.0028447671675378744 0.0071689007 0.0052521373 0.012421038 131.32124940338 -45.5051089612 2013.60938 -3.737 2.9639999999999995
131.57414636959 -45.95400425739 0.05 0.0505 17.4944 "" "" 5329946425989243136 1957.67224 0.487 0.0578 -2.314 3.221 0.063 0.067 1.116 5408.1 4.7137 16.934687 1.226044 17.474226 16.248182 "" "" 1766.63208 2263.9707 3170.0942 2.0233 1398.7 7.4279 2511.2 7.8775 "" "" 0.0028411251917417673 0.0064055016 0.0050876183 0.01149312 131.57414636959 -45.95400425739 1957.67224 -2.314 3.221
131.77914510639 -46.31189479322 0.0421 0.0491 32.978 "" "" 5329887563452622464 1760.18335 0.5425 0.0525 -4.972 7.597 0.056 0.062 1.137 5404.1 4.7627 16.934778 1.127134 17.38334 16.256207 "" "" 1619.15466 1929.84546 3169.82719 2.0285 1520.8 12.936 2492.7 10.562 "" "" 0.002841574425788368 0.009647605 0.0059538125 0.015601417 131.77914510639 -46.31189479322 1760.18335 -4.972 7.597
131.1503737137 -45.99509429109 0.0508 0.0487 1.3899 "" "" 5329865710656449280 1954.80566 0.5151 0.057 -5.672 1.27 0.064 0.062 1.089 4957.7 4.6453 16.93541 1.340553 17.544218 16.203665 "" "" 1706.54272 2245.51416 3167.98519 2.0542 1311.4 8.2469 2616.3 9.0359 "" "" 0.002843840877762085 0.0073758857 0.0053239767 0.012699863 131.1503737137 -45.99509429109 1954.80566 -5.671999999999999 1.27
131.3327374314 -45.78768362346 0.0399 0.0444 13.3183 "" "" 5329962433319792768 1913.12073 0.5082 0.0486 -4.389 3.567 0.049 0.056 1.022 5367.2 4.6739 16.935446 1.36731 17.560484 16.193174 "" "" 1766.14832 2072.69995 3167.87637 1.9654 1291.9 7.2054 2641.7 10.564 "" "" 0.002836465534106182 0.006667437 0.0057562925 0.0124237295 131.3327374314 -45.78768362346 1913.12073 -4.389 3.567
131.07681342864 -46.38557063974 0.0418 0.0446 25.0164 "" "" 5329839494179081600 2297.28882 0.4225 0.0519 -7.621 6.404 0.054 0.053 0.965 5577.6 4.7229 16.93627 1.19589 17.457632 16.261742 "" "" 2053.41113 2628.57764 3165.47741 1.9975 1420.2 8.0367 2480.1 9.5524 "" "" 0.0028392235008221204 0.0067478903 0.0056366236 0.012384513 131.07681342864 -46.38557063974 2297.28882 -7.621 6.404000000000001
130.84631771956 -46.28355571874 0.0458 0.0476 22.6778 "" "" 5329832763979755264 2265.7793 0.4335 0.0552 -3.544 6.539 0.065 0.056 0.945 5520.3 4.6661 16.937086 1.288671 17.498407 16.209736 "" "" 2001.84705 2750.61572 3163.09664 2.1826 1367.9 5.5791 2601.7 7.2584 "" "" 0.0028553563096325248 0.0052339872 0.0048434427 0.01007743 130.84631771956 -46.28355571874 2265.7793 -3.543999999999999 6.538999999999999
131.74493662169 -46.01661782648 0.0455 0.0485 24.7136 "" "" 5329895676654031616 2036.00964 0.4724 0.0532 -6.13 3.019 0.056 0.058 1.084 5594.1 4.6668 16.937378 1.290308 17.488325 16.198017 "" "" 1859.48718 2252.2085 3162.24684 2.1507 1380.7 9.1314 2630.0 12.908 "" "" 0.0028525542700753824 0.007703665 0.006532961 0.014236626 131.74493662169 -46.01661782648 2036.00964 -6.13 3.019
131.40018777431 -45.74962744277 0.0425 0.0484 16.8188 "" "" 5329964116949914752 2020.04944 0.4746 0.0524 -5.162 8.688 0.052 0.061 1.056 5017.6 4.5471 16.939003 1.309599 17.516703 16.207104 "" "" 1883.22766 2243.72729 3157.51858 1.9609 1345.0 9.5116 2608.1 7.2916 "" "" 0.002836622887241983 0.008169379 0.00484744 0.013016819 131.40018777431 -45.74962744277 2020.04944 -5.162 8.688000000000002
131.5844787271 -46.3655233718 0.0389 0.0418 29.5741 "" "" 5329793765675703168 1724.82812 0.5618 0.047 -2.919 8.381 0.051 0.055 0.978 5309.2 4.7191 16.939507 1.109795 17.418575 16.30878 "" "" 1600.56213 1881.08032 3156.0525 1.9577 1472.3 6.0549 2374.9 9.6168 "" "" 0.0028364357769685294 0.0052652173 0.005797686 0.011062903 131.5844787271 -46.3655233718 1724.82812 -2.9190000000000005 8.381
130.90832364501 -45.48376403831 0.0457 0.0479 31.0814 "" "" 5522044988695433856 2344.81519 0.4003 0.0535 -2.845 5.108 0.061 0.055 1.083 5509.0 4.649 16.940966 1.302526 17.51407 16.211544 "" "" 2092.4021 2677.8999 3151.81226 2.1291 1348.3 11.769 2597.4 6.8052 "" "" 0.00285126504773882 0.009879334 0.0047302926 0.0146096265 130.90832364501 -45.48376403831 2344.81519 -2.845 5.108
131.015151346 -46.24034638336 0.0465 0.0454 17.1152 "" "" 5329852894477658112 2069.9563 0.4806 0.0558 -4.274 6.15 0.059 0.058 1.035 4718.3 4.5587 16.941233 1.231615 17.477451 16.245836 "" "" 1853.94666 2278.83179 3151.03634 1.9833 1394.6 7.7882 2516.7 6.8047 "" "" 0.0028388010287118855 0.006674512 0.004785569 0.011460081 131.015151346 -46.24034638336 2069.9563 -4.273999999999999 6.15
130.83937273441 -46.17144913139 0.0451 0.0459 17.7786 "" "" 5329857571711961728 2276.65015 0.4268 0.0534 -5.972 7.364 0.06 0.054 0.989 "" "" 16.941757 1.539242 17.65487 16.115627 "" "" 2039.12158 2540.14209 3149.51898 2.0197 1184.3 8.9254 2837.3 8.3343 "" "" 0.0028419284520009675 0.00864521 0.0049452023 0.013590412 130.83937273441 -46.17144913139 2276.65015 -5.972000000000001 7.364000000000002
130.36386512186 -45.95149046401 0.0452 0.0482 33.0413 "" "" 5522007948896767360 2243.77563 0.4401 0.054 -5.073 6.355 0.058 0.058 1.085 5299.0 4.2809 16.941988 1.986426 17.908432 15.922006 "" "" 1982.91248 2512.62231 3148.84957 2.4391 937.66 7.8594 3391.2 10.711 "" "" 0.0028808141151136007 0.009518682 0.005103291 0.014621973 130.36386512186 -45.95149046401 2243.77563 -5.073 6.355
131.16679452429 -46.39371754536 0.0415 0.0461 25.295 "" "" 5329837608704544640 2058.06689 0.4616 0.0514 -5.201 7.277 0.054 0.062 1.002 5578.2 4.6985 16.942013 1.273157 17.504454 16.231297 "" "" 1860.19055 2278.81201 3148.7732 2.0114 1360.3 7.316 2550.6 6.9865 "" "" 0.002841268889301744 0.0064716972 0.0048092026 0.0112809 131.16679452429 -46.39371754536 2058.06689 -5.201 7.277000000000001
131.33971179942 -45.75345364589 0.1088 0.131 15.2153 "" "" 5329962781224351232 2159.89795 0.5212 0.1367 -1.808 2.129 0.137 0.168 2.797 4860.4 4.7818 16.942276 1.478939 17.534636 16.055696 "" "" 1694.0686 2875.01904 3148.01327 10.754 1323.0 9.1728 2998.3 13.725 "" "" 0.0046204468990954095 0.008028224 0.0062438142 0.014272038 131.33971179942 -45.75345364589 2159.89795 -1.808 2.129
131.06588649736 -46.00057493874 0.0462 0.0448 4.1058 "" "" 5329865504502451072 1982.98206 0.4865 0.0525 -5.937 3.598 0.063 0.057 1.044 5116.8 4.7166 16.942293 1.254976 17.490074 16.235098 "" "" 1804.83887 2180.34302 3147.96208 2.0733 1378.4 9.5669 2541.7 7.6062 "" "" 0.0028466004704925953 0.008035605 0.004984035 0.01301964 131.06588649736 -46.00057493874 1982.98206 -5.936999999999999 3.598
131.11839029787 -45.96454639806 0.0768 0.0728 1.6147 "" "" 5329865989848014464 2073.50366 0.4793 0.0893 -3.808 4.314 0.098 0.094 1.749 "" "" 16.943092 1.108282 17.229834 16.121552 "" "" 1825.3822 2563.23022 3145.64601 3.2057 1751.8 12.195 2821.9 19.123 "" "" 0.002969183755184993 0.008056816 0.008271555 0.016328372 131.11839029787 -45.96454639806 2073.50366 -3.8080000000000007 4.314
130.80017799744 -46.25390005329 0.0635 0.0633 22.4522 "" "" 5329833073217366400 2136.64502 0.4772 0.0753 -4.905 0.559 0.081 0.078 1.683 5579.8 4.6823 16.943613 1.264214 17.387445 16.123232 "" "" 1877.39526 2684.78857 3144.13865 3.802 1515.1 14.123 2817.5 10.328 "" "" 0.0030521337065719193 0.010498255 0.0054885023 0.015986757 130.80017799744 -46.25390005329 2136.64502 -4.904999999999999 0.5590000000000002
131.07916450857 -46.22299810273 0.0463 0.0466 15.3791 "" "" 5329854268867290880 2239.42285 0.437 0.0548 -4.049 3.225 0.064 0.061 0.984 4948.3 4.4839 16.943653 1.257917 17.497442 16.239525 "" "" 1967.98523 2514.96094 3144.02163 2.3582 1369.1 7.9733 2531.3 13.344 "" "" 0.002873148228948846 0.006911305 0.006858785 0.01377009 131.07916450857 -46.22299810273 2239.42285 -4.049 3.2249999999999996
131.23375418679 -45.93956803013 0.0437 0.0462 3.8063 "" "" 5329864817303361024 2081.73926 0.461 0.0517 0.616 -1.852 0.057 0.055 1.025 5423.1 4.7295 16.943865 1.234312 17.48377 16.249458 "" "" 1884.89783 2297.61426 3143.40679 2.068 1386.5 6.6388 2508.3 7.6952 "" "" 0.0028464010403856585 0.0059001218 0.0050377357 0.010937857 131.23375418679 -45.93956803013 2081.73926 0.6160000000000001 -1.8519999999999999
131.64894454358 -45.98314927899 0.0441 0.0443 20.5849 "" "" 5329942508978999936 2225.71997 0.4332 0.0502 -7.898 6.621 0.056 0.06 0.989 5811.0 4.6095 16.94395 1.350676 17.545088 16.194412 "" "" 1991.9248 2492.00415 3143.16079 2.0422 1310.3 7.9302 2638.7 9.373 "" "" 0.0028441915540222433 0.0071389303 0.005399783 0.012538713 131.64894454358 -45.98314927899 2225.71997 -7.898000000000001 6.621000000000001
130.37194568367 -46.00368601856 0.0416 0.0446 32.72 "" "" 5522007463554500992 2094.87085 0.4558 0.0494 -5.051 5.002 0.053 0.055 1.05 4943.5 4.4415 16.944054 1.586876 17.681826 16.09495 "" "" 1941.31604 2324.11304 3142.86329 4.084 1155.3 11.448 2891.9 13.321 "" "" 0.003095532426420995 0.011114599 0.0062686643 0.017383263 130.37194568367 -46.00368601856 2094.87085 -5.051 5.002
131.56900949005 -46.13654773768 0.0441 0.0431 19.8412 "" "" 5329939927693235968 1751.3562 0.5455 0.0494 -3.999 4.393 0.062 0.056 1.011 5168.9 4.7215 16.9449 1.116743 17.421656 16.304913 "" "" 1625.50525 1917.61169 3140.4126 2.156 1468.1 10.449 2383.4 9.419 "" "" 0.0028543655537370677 0.00821587 0.005717882 0.013933752 131.56900949005 -46.13654773768 1751.3562 -3.9990000000000006 4.393000000000001
131.87142360921 -46.04565042053 0.0408 0.0458 30.1578 "" "" 5329897394640985344 1798.11316 0.5391 0.0518 -4.648 3.904 0.053 0.052 0.984 4914.3 4.3725 16.945269 1.442442 17.603432 16.16099 "" "" 1660.5083 1997.75012 3139.34908 2.0371 1241.8 8.9615 2721.2 9.3223 "" "" 0.002843966653306827 0.00831723 0.0053026937 0.013619924 131.87142360921 -46.04565042053 1798.11316 -4.648000000000001 3.904
131.67926861986 -45.83010973176 0.0423 0.0452 23.4721 "" "" 5329953194857456512 2146.17822 0.4525 0.0492 -4.183 6.274 0.053 0.057 1.004 "" "" 16.945612 1.485842 17.585876 16.100035 "" "" 1959.94031 2403.45264 3138.35292 2.1863 1262.0 11.326 2878.4 13.74 "" "" 0.0028572503675918124 0.010135701 0.006414404 0.016550105 131.67926861986 -45.83010973176 2146.17822 -4.183 6.274
131.47281232891 -45.86581284592 0.0441 0.0459 14.7025 "" "" 5329959585768745216 1993.33069 0.4837 0.0511 -5.306 1.098 0.054 0.062 1.034 5643.8 4.7009 16.945648 1.321985 17.525616 16.20363 "" "" 1799.42407 2244.52026 3138.2481 1.9341 1334.0 8.9284 2616.4 9.5187 "" "" 0.002835407492434272 0.0077840327 0.005466834 0.013250867 131.47281232891 -45.86581284592 1993.33069 -5.306000000000001 1.0980000000000003
131.25278641312 -46.26962468001 0.0422 0.0468 18.298 "" "" 5329844480652231040 2237.69238 0.4416 0.0517 -1.97 0.572 0.057 0.062 1.051 5367.4 4.7238 16.94631 1.151074 17.441044 16.28997 "" "" 1998.86353 2653.20801 3136.33469 1.8774 1442.1 8.0091 2416.4 7.9634 "" "" 0.002830933256508774 0.006644183 0.0052044806 0.011848664 131.25278641312 -46.26962468001 2237.69238 -1.9700000000000002 0.5719999999999997
131.46413703689 -46.19301710508 0.0422 0.0441 18.4527 "" "" 5329846061200370432 1622.2948 0.6025 0.0504 -12.421 10.868 0.058 0.059 0.972 4987.7 4.6962 16.946335 1.248135 17.495705 16.24757 "" "" 1499.37415 1746.95203 3136.26579 1.908 1371.3 6.5695 2512.6 11.268 "" "" 0.0028333873251138028 0.0059025497 0.0061637457 0.012066295 131.46413703689 -46.19301710508 1622.2948 -12.421 10.868
131.27153121482 -46.41937366076 0.0452 0.0571 27.2593 "" "" 5329836612272282752 2011.52136 0.4709 0.0594 -3.46 5.325 0.059 0.074 1.124 5260.4 4.7244 16.94662 1.182909 17.416441 16.233532 "" "" 1798.62842 2335.76685 3135.43782 2.2972 1475.2 13.047 2545.3 12.764 "" "" 0.0028678502614564766 0.009999648 0.006627838 0.016627487 131.27153121482 -46.41937366076 2011.52136 -3.4599999999999995 5.324999999999999
131.67414660689 -45.95869007111 0.0421 0.0447 21.6452 "" "" 5329942921295852288 2328.84351 0.4174 0.0503 -3.322 3.691 0.053 0.057 1.023 5773.3 4.6075 16.947865 1.381378 17.5616 16.180222 "" "" 2084.1167 2578.6687 3131.85065 1.9726 1290.6 8.8719 2673.4 10.262 "" "" 0.0028389158710385785 0.0079681 0.0056261113 0.013594211 131.67414660689 -45.95869007111 2328.84351 -3.3219999999999996 3.691
131.07776964178 -46.44029792536 0.0435 0.0465 28.2704 "" "" 5329835856357804160 2057.14771 0.4754 0.0523 -3.996 5.782 0.057 0.058 1.026 5048.3 4.5577 16.948109 1.324181 17.531853 16.207672 "" "" 1869.04565 2415.24121 3131.14804 2.2027 1326.4 6.4812 2606.7 6.5634 "" "" 0.0028592254471750166 0.0059942175 0.004664465 0.010658682 131.07776964178 -46.44029792536 2057.14771 -3.996 5.782000000000001
131.74857124751 -45.97420179937 0.0434 0.0455 24.7308 "" "" 5329948586344202112 2088.53003 0.4771 0.0506 -2.644 2.848 0.053 0.055 0.99 "" "" 16.951036 1.534445 17.65789 16.123446 "" "" 1889.87415 2330.83154 3122.7163 2.0359 1181.0 8.6435 2817.0 9.9087 "" "" 0.0028447947556754106 0.008421904 0.005372968 0.013794873 131.74857124751 -45.97420179937 2088.53003 -2.644 2.848
131.08983721459 -46.27885452505 0.0443 0.0478 18.6005 "" "" 5329842247262140416 1771.61938 0.5414 0.053 -6.044 3.961 0.057 0.068 0.966 "" "" 16.95147 1.182573 17.195683 16.01311 "" "" 1636.52991 1919.03516 3121.46966 3.1262 1807.8 21.378 3118.3 43.398 "" "" 0.002962125559924467 0.013138964 0.015575881 0.028714845 131.08983721459 -46.27885452505 1771.61938 -6.043999999999999 3.9610000000000003
131.24319221203 -45.76570341935 0.0405 0.0458 12.9203 "" "" 5329963330980138496 1987.15479 0.4781 0.0483 -4.976 5.928 0.051 0.058 1.048 5469.5 4.669 16.951742 1.345352 17.541458 16.196106 "" "" 1801.47583 2212.7063 3120.68586 1.8426 1314.7 9.816 2634.6 9.9643 "" "" 0.0028289149666884924 0.008573215 0.0055808485 0.014154064 131.24319221203 -45.76570341935 1987.15479 -4.975999999999999 5.928
131.48957325498 -46.0910424389 0.0469 0.0468 15.636 "" "" 5329940997150429952 2331.31006 0.424 0.0548 -5.833 7.84 0.059 0.062 1.041 4888.9 4.511 16.951859 1.295114 17.460215 16.1651 "" "" 2060.11499 2601.37769 3120.34953 2.0132 1416.9 24.439 2710.9 65.997 "" "" 0.0028429719190576847 0.018933728 0.026701134 0.045634862 131.48957325498 -46.0910424389 2331.31006 -5.832999999999999 7.839999999999999
