Clusters/UBC_482/UBC_482_stars_in_region.tsv
# %ECSV 1.0
# ---
# datatype:
# - name: RA_ICRS_1
#   unit: deg
#   datatype: float64
#   format: '{:15.11f}'
#   description: Right ascension (ICRS) at Ep=2016.0 (ra)
#   meta: !!omap
#   - {ucd: POS_EQ_RA_MAIN}
#   - {width: 15}
#   - {precision: '11'}
# - name: DE_ICRS_1
#   unit: deg
#   datatype: float64
#   format: '{:15.11f}'
#   description: Declination (ICRS) at Ep=2016.0 (dec)
#   meta: !!omap
#   - {ucd: POS_EQ_DEC_MAIN}
#   - {width: 15}
#   - {precision: '11'}
# - name: e_RA_ICRS
#   unit: mas
#   datatype: float64
#   format: '{:7.4f}'
#   description: Standard error of right ascension (ra_error)
#   meta: !!omap
#   - {ucd: ERROR}
#   - {width: 7}
#   - {precision: '4'}
# - name: e_DE_ICRS
#   unit: mas
#   datatype: float64
#   format: '{:7.4f}'
#   description: Standard error of declination (dec_error)
#   meta: !!omap
#   - {ucd: ERROR}
#   - {width: 7}
#   - {precision: '4'}
# - name: _r_1
#   unit: ''
#   datatype: float64
#   format: '{:7.4f}'
#   description: Distance from center (131.15550816000-45.97220583000)[ICRS], at Epoch=J2016.0
#   meta: !!omap
#   - {ucd: POS_ANG_DIST_GENERAL}
#   - {width: 7}
#   - {precision: '4'}
# - name: HIP
#   datatype: int32
#   description: '? HIP cross-id number, van Leeuwen, Cat. I/311 (hip_original_ext_source_id)'
#   meta: !!omap
#   - {ucd: ID_NUMBER}
#   - {width: 6}
#   - values: {'null': -2147483648}
# - name: TYC2
#   datatype: string
#   description: Tycho-2 cross-id name, Hog et al., Cat. I/259 (tyc2_original_ext_source_id)
#   meta: !!omap
#   - {ucd: ID_CROSSID}
#   - {_votable_string_dtype: char}
# - name: Source
#   datatype: int64
#   description: Source identifier, identical to the Gaia-EDR3 source_id (id)
#   meta: !!omap
#   - {ucd: ID_MAIN}
#   - {width: 19}
# - name: rgeo
#   unit: pc
#   datatype: float64
#   format: '{:15.8f}'
#   description: '? Median of the geometric distance posterior (r_med_geo)'
#   meta: !!omap
#   - {ucd: PHYS_DISTANCE_TRUE}
#   - {width: 15}
#   - {precision: '8'}
#   - values: {'null': .nan}
# - name: Plx
#   unit: mas
#   datatype: float64
#   format: '{:9.4f}'
#   description: '? Parallax (parallax)'
#   meta: !!omap
#   - {ucd: POS_PARLX_TRIG}
#   - {width: 9}
#   - {precision: '4'}
#   - values: {'null': .nan}
# - name: e_Plx
#   unit: mas
#   datatype: float32
#   format: '{:7.4f}'
#   description: '? Standard error of parallax (parallax_error)'
#   meta: !!omap
#   - {ucd: ERROR}
#   - {width: 7}
#   - {precision: '4'}
#   - values: {'null': .nan}
# - name: pmRA
#   unit: mas / yr
#   datatype: float64
#   format: '{:9.3f}'
#   description: '? Proper motion in right ascension direction, pmRA*cosDE (pmra)'
#   meta: !!omap
#   - {ucd: POS_EQ_PMRA}
#   - {width: 9}
#   - {precision: '3'}
#   - values: {'null': .nan}
# - name: pmDE
#   unit: mas / yr
#   datatype: float64
#   format: '{:9.3f}'
#   description: '? Proper motion in declination direction (pmdec)'
#   meta: !!omap
#   - {ucd: POS_EQ_PMDEC}
#   - {width: 9}
#   - {precision: '3'}
#   - values: {'null': .nan}
# - name: e_pmRA
#   unit: mas / yr
#   datatype: float32
#   format: '{:6.3f}'
#   description: '? Standard error of proper motion in right ascension direction (pmra_error)'
#   meta: !!omap
#   - {ucd: ERROR}
#   - {width: 6}
#   - {precision: '3'}
#   - values: {'null': .nan}
# - name: e_pmDE
[...]
#         unit: &id001 !astropy.units.Unit {unit: deg}
#         value: !astropy.table.SerializedColumn {name: SkyCoord.dec}
#       distance: !astropy.table.SerializedColumn
#         __class__: astropy.coordinates.distances.Distance
#         unit: !astropy.units.Unit {unit: pc}
#         value: !astropy.table.SerializedColumn {name: SkyCoord.distance}
#       frame: icrs
#       obstime: !astropy.time.Time {format: jyear_str, in_subfmt: '*', jd1: 367701545.0, jd2: 0.0, out_subfmt: '*', precision: 3, scale: tt}
#       pm_dec: !astropy.table.SerializedColumn
#         __class__: astropy.units.quantity.Quantity
#         unit: !astropy.units.Unit {unit: mas / yr}
#         value: !astropy.table.SerializedColumn {name: SkyCoord.pm_dec}
#       pm_ra_cosdec: !astropy.table.SerializedColumn
#         __class__: astropy.units.quantity.Quantity
#         unit: !astropy.units.Unit {unit: mas / yr}
#         value: !astropy.table.SerializedColumn {name: SkyCoord.pm_ra_cosdec}
#       ra: !astropy.table.SerializedColumn
#         __class__: astropy.coordinates.angles.Longitude
#         unit: *id001
#         value: !astropy.table.SerializedColumn {name: SkyCoord.ra}
#         wrap_angle: !astropy.coordinates.Angle
#           unit: *id001
#           value: 360.0
#       representation_type: spherical
# schema: astropy-2.0
RA_ICRS_1 DE_ICRS_1 e_RA_ICRS e_DE_ICRS _r_1 HIP TYC2 Source rgeo Plx e_Plx pmRA pmDE e_pmRA e_pmDE RUWE Teff logg Gmag BP-RP BPmag RPmag RV e_RV b_rgeo B_rgeo FG e_FG FBP e_FBP FRP e_FRP RAVE5 RAVE6 e_Gmag e_BPmag e_RPmag e_BP-RP SkyCoord.ra SkyCoord.dec SkyCoord.distance SkyCoord.pm_ra_cosdec SkyCoord.pm_dec
[from data line 2023]
131.00422346776 -45.68994418833 0.026 0.027 18.0781 "" "" 5522027190351117952 2160.34863 0.4399 0.0303 -4.562 12.092 0.035 0.035 0.957 5409.7 4.2666 16.134567 1.250714 16.683046 15.432332 "" "" 2017.42859 2332.75146 6623.99562 2.5836 2898.7 9.8566 5323.8 9.887 "" "" 0.0027876732150267677 0.0046276413 0.004283622 0.008911263 131.00422346776 -45.68994418833 2160.34863 -4.561999999999999 12.091999999999999
131.37576070496 -46.09016202854 0.047 0.0479 11.5874 "" "" 5329850459246721408 1908.00171 0.5135 0.0559 -3.997 4.033 0.061 0.068 1.669 5376.7 3.6213 16.13465 2.17417 17.22043 15.046261 "" "" 1734.9314 2105.46118 6623.49281 6.8371 1767.0 10.634 7597.2 11.664 "" "" 0.0029745373512061685 0.0071048746 0.004130665 0.01123554 131.37576070496 -46.09016202854 1908.00171 -3.997 4.033
131.7941263236 -45.97391035066 0.028 0.0295 26.6304 "" "" 5329901723967239040 1629.52087 0.5888 0.0337 -3.748 7.986 0.035 0.034 1.031 5998.6 4.2885 16.135283 1.403902 16.760351 15.356449 "" "" 1543.80957 1713.61304 6619.6347 2.636 2699.5 10.109 5709.2 9.3935 "" "" 0.0027890349783172815 0.0049311277 0.0041803014 0.009111429 131.7941263236 -45.97391035066 1629.52087 -3.748 7.985999999999999
131.15158011527 -46.27415912264 0.0269 0.0323 18.1179 "" "" 5329841731873021568 2331.67529 0.4092 0.0351 -4.079 3.595 0.037 0.043 0.999 5022.0 4.354 16.135735 1.115477 16.609098 15.493622 "" "" 2125.71069 2558.38257 6616.87475 3.5753 3103.0 8.7355 5031.6 11.093 "" "" 0.0028170827489464533 0.0041385377 0.0044736406 0.008612178 131.15158011527 -46.27415912264 2331.67529 -4.078999999999999 3.595
131.71275048237 -46.15002331273 0.0289 0.0303 25.5355 "" "" 5329893683788626176 2143.3938 0.4397 0.0329 -4.124 2.671 0.039 0.04 0.989 5963.6 4.4301 16.136446 1.017634 16.55721 15.539577 "" "" 2004.21863 2295.16699 6612.53502 2.9116 3254.9 14.726 4823.1 8.5437 "" "" 0.002796486494445434 0.0056492696 0.0042406083 0.009889878 131.71275048237 -46.15002331273 2143.3938 -4.1240000000000006 2.6709999999999994
130.42409346006 -45.75467765897 0.026 0.0289 33.2304 "" "" 5522081753618299264 1812.69946 0.5234 0.0327 -7.451 3.056 0.038 0.038 1.007 6384.0 4.3825 16.136538 1.199392 16.648966 15.449573 "" "" 1725.87817 1926.49756 6611.98026 2.7166 2991.1 9.7322 5240.0 8.9456 "" "" 0.0027911972318647466 0.004501653 0.004209435 0.008711088 130.42409346006 -45.75467765897 1812.69946 -7.4510000000000005 3.055999999999999
130.69817194585 -45.68070750568 0.0284 0.0346 25.9136 "" "" 5522036261322532864 1830.0863 0.5246 0.0383 -2.511 2.967 0.039 0.039 0.986 5160.9 4.358 16.13657 1.258789 16.68136 15.422571 "" "" 1710.98145 1971.0376 6611.78977 3.0406 2903.2 11.772 5371.9 13.23 "" "" 0.002800195229114631 0.0052121878 0.004629669 0.009841857 130.69817194585 -45.68070750568 1830.0863 -2.5109999999999997 2.9669999999999996
131.59130199869 -45.84864761015 0.0288 0.0298 19.6455 "" "" 5329948178335634304 2218.91699 0.4273 0.0338 0.605 2.355 0.037 0.04 1.021 6057.1 4.3429 16.137487 1.261039 16.678535 15.417497 "" "" 2070.26001 2420.52856 6606.1962 2.6279 2910.7 9.262 5397.1 9.8794 "" "" 0.002788964983334732 0.0044408524 0.004270088 0.00871094 131.59130199869 -45.84864761015 2218.91699 0.6050000000000001 2.3549999999999995
131.5342010737 -45.84209364221 0.027 0.0282 17.6325 "" "" 5329948311467005568 2090.3396 0.4538 0.0312 -5.638 6.238 0.035 0.037 0.978 6068.6 4.337 16.138144 1.17596 16.636078 15.460117 "" "" 1967.35901 2270.13281 6602.20886 2.5181 3026.8 8.7807 5189.3 6.8764 "" "" 0.002786264601309117 0.0042078122 0.004043964 0.008251777 131.5342010737 -45.84209364221 2090.3396 -5.638 6.238000000000001
131.14644460911 -45.42512676949 0.0291 0.0305 32.8269 "" "" 5522136866631538816 1923.00403 0.4922 0.0337 -4.956 6.777 0.037 0.039 1.036 6034.0 4.4029 16.138367 1.162741 16.622396 15.459656 "" "" 1792.99524 2103.84375 6600.8504 2.6988 3065.2 10.834 5191.5 11.947 "" "" 0.0027908503494224832 0.004744666 0.004530623 0.009275289 131.14644460911 -45.42512676949 1923.00403 -4.956 6.776999999999999
131.42681210161 -45.6616471959 0.0258 0.0284 21.8156 "" "" 5329965014607116160 2268.76904 0.4208 0.0313 -4.751 4.256 0.037 0.038 0.963 7149.7 4.3538 16.13865 1.106561 16.610264 15.503703 "" "" 2106.82983 2462.33691 6599.12106 2.5504 3099.6 7.5025 4985.1 8.4027 "" "" 0.002787088537041929 0.0038329375 0.0041991556 0.008032093 131.42681210161 -45.6616471959 2268.76904 -4.751000000000001 4.256
131.26223199886 -45.67815765833 0.0276 0.0306 18.1984 "" "" 5522117625178356352 2217.55151 0.4302 0.0338 -5.11 3.435 0.039 0.039 1.096 6079.1 4.3185 16.138693 1.189191 16.65135 15.462159 "" "" 2062.37183 2404.57935 6598.87179 2.5901 2984.5 8.4748 5179.6 10.32 "" "" 0.002788081861431657 0.0041581625 0.0043546986 0.008512861 131.26223199886 -45.67815765833 2217.55151 -5.110000000000001 3.4350000000000005
131.1247486915 -46.37345477282 0.0285 0.0314 24.1088 "" "" 5329839361051123328 2153.20361 0.4284 0.0355 1.022 3.416 0.037 0.041 0.944 5589.5 4.4302 16.1394 1.128649 16.618834 15.490185 "" "" 1993.08337 2321.40259 6594.57516 2.9982 3075.3 11.257 5047.6 7.4523 "" "" 0.0027991884668897874 0.0048559266 0.004105276 0.008961203 131.1247486915 -46.37345477282 2153.20361 1.0219999999999998 3.4159999999999995
131.60406819019 -46.18778168913 0.0268 0.0286 22.7117 "" "" 5329892652996427392 2312.34912 0.4052 0.031 -3.539 3.19 0.037 0.036 0.952 6591.8 4.3914 16.140976 0.999474 16.548105 15.548632 "" "" 2163.67847 2476.02686 6585.01228 2.5721 3282.3 10.369 4783.1 9.1783 "" "" 0.0027877660717636845 0.0044214637 0.004315596 0.008737059 131.60406819019 -46.18778168913 2312.34912 -3.5390000000000006 3.19
131.21269391326 -46.27307114175 0.027 0.0311 18.2079 "" "" 5329841594434152320 2162.67822 0.4341 0.0346 -4.999 5.314 0.037 0.041 0.941 5784.6 4.4785 16.141216 1.006704 16.554071 15.547367 "" "" 1993.97632 2348.49097 6583.54971 3.0272 3264.3 7.1516 4788.6 9.2312 "" "" 0.002800183084825563 0.0036664973 0.0043202396 0.007986737 131.21269391326 -46.27307114175 2162.67822 -4.998999999999999 5.314
131.19421670925 -45.63235331168 0.0285 0.0317 20.4553 "" "" 5522118793409287424 1718.01807 0.5546 0.0336 -5.217 4.811 0.041 0.042 1.053 6666.7 4.2724 16.141937 1.647283 16.920387 15.273105 "" "" 1655.44177 1806.21448 6579.18363 2.9871 2329.5 7.7757 6164.8 11.546 "" "" 0.0027990691648405205 0.0045737517 0.0042917025 0.008865454 131.19421670925 -45.63235331168 1718.01807 -5.217 4.810999999999999
131.68300163282 -45.94644649198 0.0492 0.0497 22.056 "" "" 5329943780289307392 1754.44629 0.5511 0.0559 -2.862 6.65 0.063 0.063 1.944 5392.4 4.5189 16.141977 1.367651 16.729837 15.362186 "" "" 1627.17432 1899.34326 6578.94127 7.7039 2776.4 10.281 5679.2 8.0762 "" "" 0.003034505388531519 0.0048938007 0.0040826006 0.008976402 131.68300163282 -45.94644649198 1754.44629 -2.8620000000000005 6.650000000000001
130.46068776395 -45.72679907829 0.0269 0.0302 32.5581 "" "" 5522081891057257600 1703.1416 0.5633 0.0347 -9.87 12.752 0.037 0.037 1.03 6306.6 4.4142 16.142073 1.247232 16.681335 15.434103 "" "" 1597.41138 1811.20398 6578.35846 2.7069 2903.2 11.033 5315.2 10.202 "" "" 0.002791305825422016 0.0049809483 0.004315858 0.0092968065 130.46068776395 -45.72679907829 1703.1416 -9.870000000000001 12.752
131.22511035969 -45.6838057118 0.0272 0.0293 17.547 "" "" 5522117693897824256 2182.84766 0.4297 0.0327 -4.531 6.686 0.041 0.038 0.955 "" "" 16.142788 1.302686 16.711458 15.408772 "" "" 2035.0011 2336.02417 6574.02842 2.6002 2823.8 11.457 5440.6 10.191 "" "" 0.002788584864579816 0.0052144458 0.0042918297 0.009506276 131.22511035969 -45.6838057118 2182.84766 -4.531 6.686
130.93662036141 -45.49415432287 0.0294 0.0301 30.1123 "" "" 5522135870198982016 1848.58691 0.5145 0.0331 -1.397 4.924 0.039 0.035 1.016 5756.0 4.3896 16.143158 1.265696 16.696125 15.430429 "" "" 1741.30066 1941.54614 6571.79299 2.889 2864.0 7.4631 5333.2 9.3988 "" "" 0.0027963549543286925 0.0039736223 0.0042361394 0.008209761 130.93662036141 -45.49415432287 1848.58691 -1.3970000000000002 4.9239999999999995
131.12220299781 -45.92791784501 0.0282 0.0299 2.9986 "" "" 5329866844527941760 2140.59448 0.451 0.0343 -4.5 5.842 0.037 0.04 1.008 6021.6 4.3647 16.143353 1.201217 16.662579 15.461362 "" "" 1979.70337 2369.59229 6570.60966 2.8062 2953.8 14.136 5183.4 9.6693 "" "" 0.0027940664348220824 0.005897757 0.004287873 0.01018563 131.12220299781 -45.92791784501 2140.59448 -4.5 5.842
131.53540685771 -46.33816225964 0.0267 0.0283 27.045 "" "" 5329796961131290240 2001.48462 0.4753 0.0321 -2.419 2.219 0.034 0.037 1.037 6562.8 4.3865 16.143648 1.017298 16.56488 15.547583 "" "" 1892.02478 2097.09985 6568.82407 2.3936 3231.9 6.6872 4787.7 7.8984 "" "" 0.002783578955662688 0.0035821656 0.0041823452 0.007764511 131.53540685771 -46.33816225964 2001.48462 -2.4190000000000005 2.219
130.82621001151 -46.47092632081 0.0277 0.0283 32.8977 "" "" 5329826162595475072 2215.36865 0.4232 0.0314 -4.283 2.481 0.037 0.036 1.054 5641.4 4.4262 16.144993 1.134629 16.631313 15.496684 "" "" 2074.98047 2334.97827 6560.68959 2.6009 3040.1 9.1447 5017.5 12.126 "" "" 0.002788737333964335 0.0042954977 0.004600957 0.008896455 130.82621001151 -46.47092632081 2215.36865 -4.283 2.481
131.58603362438 -45.62627074314 0.025 0.0297 27.4798 "" "" 5329968244422593536 1701.85498 0.5691 0.0309 -4.999 4.573 0.035 0.037 1.009 5849.6 4.3841 16.146025 1.267318 16.696598 15.42928 "" "" 1621.71985 1792.0354 6554.46178 3.45 2862.7 8.9583 5338.8 9.9759 "" "" 0.0028139628297808735 0.0043964568 0.0042894795 0.008685936 131.58603362438 -45.62627074314 1701.85498 -4.999 4.573
130.72031936862 -45.56682683971 0.0289 0.0317 30.3864 "" "" 5522043786104626688 1914.30505 0.5133 0.0359 -5.644 4.455 0.038 0.036 1.03 6011.5 4.4268 16.146051 1.210347 16.659502 15.449155 "" "" 1796.26013 2074.89233 6554.30062 2.7702 2962.2 14.188 5242.0 10.213 "" "" 0.0027932722587730788 0.005901568 0.004331097 0.010232665 130.72031936862 -45.56682683971 1914.30505 -5.644 4.455
131.05141918719 -45.85652385917 0.0276 0.0289 8.1888 "" "" 5522021074318070912 2282.7583 0.4145 0.0328 -4.24 5.99 0.036 0.037 0.943 7623.3 4.2215 16.147655 1.294244 16.7132 15.418956 "" "" 2124.99976 2481.54614 6544.6208 2.7144 2819.3 10.171 5389.8 10.2 "" "" 0.0027918757935984266 0.0048091 0.004301812 0.009110913 131.05141918719 -45.85652385917 2282.7583 -4.24 5.99
131.25385485614 -45.456911002 0.029 0.0325 31.191 "" "" 5522124462766081152 1802.58997 0.5346 0.0354 -6.184 4.179 0.037 0.04 1.019 6844.4 4.348 16.14842 1.337868 16.741615 15.403748 "" "" 1691.0863 1918.51746 6540.01034 2.9451 2746.4 8.9861 5465.9 9.2073 "" "" 0.0027983640037265545 0.0045172083 0.004198652 0.008715861 131.25385485614 -45.456911002 1802.58997 -6.184 4.179
130.96883963571 -46.42088040286 0.029 0.0288 28.0145 "" "" 5329816271305436800 2294.36377 0.4071 0.0335 -4.561 2.432 0.039 0.041 1.042 7322.0 4.3956 16.14963 1.140051 16.632347 15.492296 "" "" 2136.24414 2501.94702 6532.73399 3.1341 3037.2 7.9405 5037.8 10.362 "" "" 0.002804123922734597 0.003980263 0.0043898625 0.008370126 130.96883963571 -46.42088040286 2294.36377 -4.561 2.432
131.17475369608 -45.95415482149 0.0297 0.0305 1.3481 "" "" 5329867261158394368 2171.31177 0.4359 0.034 -0.917 1.626 0.04 0.039 0.932 4946.2 4.1677 16.149902 1.42744 16.80062 15.373179 "" "" 2046.36707 2336.93433 6531.09043 2.815 2601.2 9.3407 5621.9 8.7339 "" "" 0.0027947780447931986 0.004794332 0.0041386997 0.008933032 131.17475369608 -45.95415482149 2171.31177 -0.9169999999999997 1.626
130.79143382063 -45.53852145736 0.03 0.0298 30.1561 "" "" 5522044610738372864 2275.53052 0.4095 0.035 -4.277 4.265 0.04 0.035 1.032 6027.3 4.3558 16.15137 1.267765 16.701374 15.433609 "" "" 2105.96289 2476.66528 6522.27694 3.1135 2850.1 12.174 5317.6 14.191 "" "" 0.0028036432251717196 0.005412282 0.0047622644 0.010174546 130.79143382063 -45.53852145736 2275.53052 -4.277 4.265
130.65783245722 -45.97856677339 0.0264 0.0307 20.7556 "" "" 5522016985508994048 1772.53857 0.5533 0.0336 -7.454 5.97 0.035 0.036 0.99 5720.9 4.4744 16.152264 1.263576 16.707151 15.443576 "" "" 1679.67651 1887.76868 6516.90231 2.9921 2835.0 8.823 5269.0 8.8231 "" "" 0.002800050863303343 0.004382083 0.004193949 0.008576032 130.65783245722 -45.97856677339 1772.53857 -7.453999999999999 5.969999999999999
131.10301631937 -46.43344135743 0.0288 0.0289 27.7598 "" "" 5329836165595478016 2352.80762 0.4087 0.0346 -7.505 6.67 0.036 0.037 0.957 6386.3 4.2964 16.153204 1.259078 16.699533 15.440455 "" "" 2224.80566 2532.78174 6511.26743 2.956 2855.0 11.03 5284.2 6.2264 "" "" 0.002799061401481636 0.0050378535 0.0039900388 0.009027893 131.10301631937 -46.43344135743 2352.80762 -7.505000000000001 6.670000000000001
131.7117166706 -45.90157145079 0.03 0.0293 23.5926 "" "" 5329949724523899008 2133.31006 0.4461 0.034 -2.734 2.291 0.037 0.037 1.01 7314.8 4.247 16.153633 1.321034 16.735537 15.414502 "" "" 1980.03418 2303.1355 6508.69343 2.9087 2761.9 8.6853 5412.0 8.7623 "" "" 0.0027977165335846513 0.004409361 0.0041681896 0.008577551 131.7117166706 -45.90157145079 2133.31006 -2.7339999999999995 2.2910000000000004
131.56901140063 -45.93705506351 0.0295 0.0292 17.3772 "" "" 5329946597787872256 1794.07532 0.5367 0.0333 -2.525 3.375 0.036 0.038 1.046 6044.8 4.4166 16.153784 1.149485 16.642002 15.492517 "" "" 1675.38892 1961.71179 6507.7836 2.7022 3010.3 9.0451 5036.8 8.9783 "" "" 0.0027919586746802797 0.0042927666 0.0042461017 0.008538868 131.56901140063 -45.93705506351 1794.07532 -2.525 3.375
131.5808108455 -46.04973685264 0.0309 0.0305 18.3232 "" "" 5329940825351759872 2055.32129 0.4626 0.0353 -10.475 8.991 0.036 0.039 1.075 5547.3 4.4334 16.15432 1.194492 16.593075 15.398582 "" "" 1919.16113 2212.37549 6504.57134 3.2185 3149.1 40.413 5491.9 55.995 "" "" 0.0028072057231422207 0.014210077 0.011697457 0.025907535 131.5808108455 -46.04973685264 2055.32129 -10.474999999999998 8.991
131.29395750295 -45.75738509587 0.0268 0.029 14.1278 "" "" 5329963468419104896 1679.90039 0.5752 0.0313 -5.308 3.517 0.033 0.037 1.013 5956.9 4.4177 16.15491 1.187103 16.666761 15.479658 "" "" 1583.04639 1811.59583 6501.04668 2.7205 2942.5 6.3205 5096.8 7.7112 "" "" 0.0027925297791985583 0.0036364875 0.004120931 0.007757419 131.29395750295 -45.75738509587 1679.90039 -5.308 3.5170000000000003
130.80217308781 -45.65525620182 0.0404 0.0498 24.0828 "" "" 5522039388058171520 1992.26013 0.5133 0.0501 -0.025 1.237 0.057 0.063 0.942 "" "" 16.155523 "" "" "" "" "" 1781.66187 2236.12549 6497.36276 7.2703 "" "" "" "" "" "" 0.003011272910819735 "" "" "" 130.80217308781 -45.65525620182 1992.26013 -0.025000000000000022 1.237
131.59622922659 -45.55175486323 0.026 0.0286 31.2526 "" "" 5329972814267779456 2124.77686 0.4593 0.0318 -3.913 3.712 0.036 0.037 0.933 6792.1 4.3698 16.155794 1.207893 16.680748 15.472855 "" "" 1988.74255 2283.28198 6495.74913 2.5556 2904.8 8.1214 5128.8 9.3909 "" "" 0.002788234719306401 0.0041230666 0.0042703464 0.008393412 131.59622922659 -45.55175486323 2124.77686 -3.913 3.7120000000000006
130.92760522252 -46.32557464934 0.0367 0.0382 23.2222 "" "" 5329852142873494784 1873.6134 0.5146 0.0427 -5.084 3.163 0.051 0.051 1.346 5974.9 4.4904 16.155958 1.049424 16.58379 15.534366 "" "" 1725.77051 2017.8064 6494.76199 3.429 3176.1 9.8459 4846.3 7.6289 "" "" 0.002814317226087175 0.0043719 0.0041478747 0.008519774 130.92760522252 -46.32557464934 1873.6134 -5.084 3.1630000000000003
130.88370978909 -46.14531127748 0.0308 0.0313 15.3602 "" "" 5329857915309360128 2136.43237 0.4324 0.0367 -2.212 3.802 0.04 0.037 1.028 6039.6 4.4604 16.156467 1.113985 16.61183 15.497845 "" "" 1994.06567 2317.49902 6491.71617 3.1954 3095.2 12.564 5012.1 12.489 "" "" 0.00280667129320337 0.00521618 0.0046478966 0.009864077 130.88370978909 -46.14531127748 2136.43237 -2.212 3.802
