Clusters/UBC_482/UBC_482_members.tsv
# %ECSV 1.0
# ---
# datatype:
# - name: RA_ICRS_1
#   unit: deg
#   datatype: float64
#   format: '{:15.11f}'
#   description: Right ascension (ICRS) at Ep=2016.0 (ra)
#   meta: !!omap
#   - {ucd: POS_EQ_RA_MAIN}
#   - {width: 15}
#   - {precision: '11'}
# - name: DE_ICRS_1
#   unit: deg
#   datatype: float64
#   format: '{:15.11f}'
#   description: Declination (ICRS) at Ep=2016.0 (dec)
#   meta: !!omap
#   - {ucd: POS_EQ_DEC_MAIN}
#   - {width: 15}
#   - {precision: '11'}
# - name: e_RA_ICRS
#   unit: mas
#   datatype: float64
#   format: '{:7.4f}'
#   description: Standard error of right ascension (ra_error)
#   meta: !!omap
#   - {ucd: ERROR}
#   - {width: 7}
#   - {precision: '4'}
# - name: e_DE_ICRS
#   unit: mas
#   datatype: float64
#   format: '{:7.4f}'
#   description: Standard error of declination (dec_error)
#   meta: !!omap
#   - {ucd: ERROR}
#   - {width: 7}
#   - {precision: '4'}
# - name: _r_1
#   unit: ''
#   datatype: float64
#   format: '{:7.4f}'
#   description: Distance from center (131.15550816000-45.97220583000)[ICRS], at Epoch=J2016.0
#   meta: !!omap
#   - {ucd: POS_ANG_DIST_GENERAL}
#   - {width: 7}
#   - {precision: '4'}
# - name: HIP
#   datatype: int32
#   description: '? HIP cross-id number, van Leeuwen, Cat. I/311 (hip_original_ext_source_id)'
#   meta: !!omap
#   - {ucd: ID_NUMBER}
#   - {width: 6}
#   - values: {'null': -2147483648}
# - name: TYC2
#   datatype: string
#   description: Tycho-2 cross-id name, Hog et al., Cat. I/259 (tyc2_original_ext_source_id)
#   meta: !!omap
#   - {ucd: ID_CROSSID}
#   - {_votable_string_dtype: char}
# - name: Source
#   datatype: int64
#   description: Source identifier, identical to the Gaia-EDR3 source_id (id)
#   meta: !!omap
#   - {ucd: ID_MAIN}
#   - {width: 19}
# - name: rgeo
#   unit: pc
#   datatype: float64
#   format: '{:15.8f}'
#   description: '? Median of the geometric distance posterior (r_med_geo)'
#   meta: !!omap
#   - {ucd: PHYS_DISTANCE_TRUE}
#   - {width: 15}
#   - {precision: '8'}
#   - values: {'null': .nan}
# - name: Plx
#   unit: mas
#   datatype: float64
#   format: '{:9.4f}'
#   description: '? Parallax (parallax)'
#   meta: !!omap
#   - {ucd: POS_PARLX_TRIG}
#   - {width: 9}
#   - {precision: '4'}
#   - values: {'null': .nan}
# - name: e_Plx
#   unit: mas
#   datatype: float32
#   format: '{:7.4f}'
#   description: '? Standard error of parallax (parallax_error)'
#   meta: !!omap
#   - {ucd: ERROR}
#   - {width: 7}
#   - {precision: '4'}
#   - values: {'null': .nan}
# - name: pmRA
#   unit: mas / yr
#   datatype: float64
#   format: '{:9.3f}'
#   description: '? Proper motion in right ascension direction, pmRA*cosDE (pmra)'
#   meta: !!omap
#   - {ucd: POS_EQ_PMRA}
#   - {width: 9}
#   - {precision: '3'}
#   - values: {'null': .nan}
# - name: pmDE
#   unit: mas / yr
#   datatype: float64
#   format: '{:9.3f}'
#   description: '? Proper motion in declination direction (pmdec)'
#   meta: !!omap
#   - {ucd: POS_EQ_PMDEC}
#   - {width: 9}
#   - {precision: '3'}
#   - values: {'null': .nan}
# - name: e_pmRA
#   unit: mas / yr
#   datatype: float32
#   format: '{:6.3f}'
#   description: '? Standard error of proper motion in right ascension direction (pmra_error)'
#   meta: !!omap
#   - {ucd: ERROR}
#   - {width: 6}
#   - {precision: '3'}
#   - values: {'null': .nan}
# - name: e_pmDE
[...]
#         unit: &id001 !astropy.units.Unit {unit: deg}
#         value: !astropy.table.SerializedColumn {name: SkyCoord.dec}
#       distance: !astropy.table.SerializedColumn
#         __class__: astropy.coordinates.distances.Distance
#         unit: !astropy.units.Unit {unit: pc}
#         value: !astropy.table.SerializedColumn {name: SkyCoord.distance}
#       frame: icrs
#       obstime: !astropy.time.Time {format: jyear_str, in_subfmt: '*', jd1: 367701545.0, jd2: 0.0, out_subfmt: '*', precision: 3, scale: tt}
#       pm_dec: !astropy.table.SerializedColumn
#         __class__: astropy.units.quantity.Quantity
#         unit: !astropy.units.Unit {unit: mas / yr}
#         value: !astropy.table.SerializedColumn {name: SkyCoord.pm_dec}
#       pm_ra_cosdec: !astropy.table.SerializedColumn
#         __class__: astropy.units.quantity.Quantity
#         unit: !astropy.units.Unit {unit: mas / yr}
#         value: !astropy.table.SerializedColumn {name: SkyCoord.pm_ra_cosdec}
#       ra: !astropy.table.SerializedColumn
#         __class__: astropy.coordinates.angles.Longitude
#         unit: *id001
#         value: !astropy.table.SerializedColumn {name: SkyCoord.ra}
#         wrap_angle: !astropy.coordinates.Angle
#           unit: *id001
#           value: 360.0
#       representation_type: spherical
# schema: astropy-2.0
RA_ICRS_1 DE_ICRS_1 e_RA_ICRS e_DE_ICRS _r_1 HIP TYC2 Source rgeo Plx e_Plx pmRA pmDE e_pmRA e_pmDE RUWE Teff logg Gmag BP-RP BPmag RPmag RV e_RV b_rgeo B_rgeo FG e_FG FBP e_FBP FRP e_FRP RAVE5 RAVE6 e_Gmag e_BPmag e_RPmag e_BP-RP SkyCoord.ra SkyCoord.dec SkyCoord.distance SkyCoord.pm_ra_cosdec SkyCoord.pm_dec Pmemb
[from data line 41]
131.02386541352 -45.629632812 0.0155 0.0158 21.2792 "" "" 5522028530380910336 1987.73096 0.4659 0.0183 -5.01 4.934 0.022 0.022 1.074 8567.9 4.1855 14.663915 0.878798 15.012352 14.133554 "" "" 1911.19434 2073.89795 25667.34483 6.2096 13504.0 18.089 17609.0 17.832 "" "" 0.0027678121004373877 0.003146467 0.0039360635 0.0070825303 131.02386541352 -45.629632812 1987.73096 -5.010000000000001 4.934000000000001 0.9
131.12157742893 -46.01075988732 0.0148 0.0156 2.7114 "" "" 5329865577531191168 2189.07178 0.4221 0.0172 -5.355 4.882 0.019 0.021 1.007 9567.3 4.4956 14.678056 0.646459 14.920483 14.274024 "" "" 2105.62109 2270.94873 25335.20439 8.3977 14697.0 20.623 15472.0 15.037 "" "" 0.0027787235467631875 0.0031790177 0.003923926 0.007102944 131.12157742893 -46.01075988732 2189.07178 -5.355 4.881999999999999 0.83
130.72096910564 -45.89105492441 0.0146 0.0167 18.776 "" "" 5522019253251732736 1949.41956 0.476 0.0184 -5.136 5.093 0.02 0.019 0.981 9514.9 4.3223 14.712029 0.658201 14.960032 14.301831 "" "" 1881.91406 2019.83545 24554.74891 7.3504 14171.0 15.639 15081.0 16.324 "" "" 0.0027744228934219735 0.0030365696 0.003957888 0.006994458 130.72096910564 -45.89105492441 1949.41956 -5.135999999999999 5.093 0.83
130.8557665314 -45.65385214942 0.0162 0.0155 22.847 "" "" 5522038700863421184 2125.46606 0.4307 0.0188 -5.108 4.922 0.023 0.019 1.034 9196.6 4.2422 14.754218 0.644429 14.998936 14.354506 "" "" 2021.19287 2209.92603 23618.89632 8.168 13672.0 16.594 14367.0 16.253 "" "" 0.00278078594816067 0.0030857085 0.0039739604 0.007059669 130.8557665314 -45.65385214942 2125.46606 -5.107999999999999 4.921999999999999 0.95
130.93886186491 -45.93253588763 0.0145 0.0148 9.3457 "" "" 5522020421482998912 1989.979 0.4663 0.0174 -5.098 5.023 0.019 0.018 1.014 9020.6 4.2178 14.820226 0.803177 15.135396 14.332219 "" "" 1916.68115 2062.61377 22225.7498 5.3241 12058.0 17.116 14665.0 12.105 "" "" 0.002767568108821535 0.0031875165 0.003884187 0.0070717037 130.93886186491 -45.93253588763 1989.979 -5.098000000000001 5.023 0.96
131.22164070665 -45.89399825319 0.0156 0.0167 5.4438 "" "" 5329867879633693952 1980.00403 0.467 0.0187 -5.096 4.959 0.021 0.022 0.998 8845.5 4.2741 14.822826 0.706829 15.095399 14.38857 "" "" 1913.9458 2076.7417 22172.57959 6.1562 12510.0 12.95 13923.0 14.567 "" "" 0.0027717618615512047 0.0030080313 0.0039464063 0.0069544376 131.22164070665 -45.89399825319 1980.00403 -5.096 4.959 0.91
131.05444222436 -45.86648644376 0.0148 0.0156 7.6178 "" "" 5522020868159645056 2099.14844 0.4432 0.0177 -5.197 5.004 0.019 0.02 1.008 9065.5 4.2143 14.907571 0.792453 15.213692 14.421239 "" "" 2034.31799 2186.92847 20507.76145 5.1379 11219.0 13.992 13510.0 12.749 "" "" 0.0027687147126403936 0.0031013915 0.0039158 0.0070171915 131.05444222436 -45.86648644376 2099.14844 -5.197 5.004 0.96
131.64228140543 -46.14570145836 0.018 0.0173 22.7839 "" "" 5329893168379477504 2092.18286 0.4451 0.0203 -5.23 5.081 0.024 0.022 1.095 5992.7 3.8294 14.973554 0.946054 15.300484 14.354429 "" "" 1996.43042 2200.73828 19298.572 6.2648 10357.0 41.672 14368.0 54.159 "" "" 0.002777771671012636 0.005183536 0.0055707316 0.010754268 131.64228140543 -46.14570145836 2092.18286 -5.23 5.081 0.84
131.22429532065 -45.73580967619 0.0161 0.0184 14.4721 "" "" 5522117006703065344 2193.85864 0.4169 0.0195 -5.171 5.01 0.021 0.023 1.024 "" "" 14.988707 0.775442 15.277379 14.501937 "" "" 2113.33423 2279.44141 19031.10288 60.863 10579.0 111.14 12542.0 119.23 "" "" 0.0044326584267672465 0.011742737 0.010991689 0.022734426 131.22429532065 -45.73580967619 2193.85864 -5.171 5.01 0.95
130.9605170002 -46.04880470472 0.0181 0.0173 9.3353 "" "" 5329860148692368640 1994.76501 0.4695 0.0209 -5.191 5.09 0.024 0.023 0.968 7984.9 4.0908 15.136938 0.840022 15.472837 14.632815 "" "" 1925.26831 2093.45532 16602.43039 4.5328 8836.5 11.596 11118.0 12.168 "" "" 0.002771219758608548 0.003132904 0.003961783 0.007094687 130.9605170002 -46.04880470472 1994.76501 -5.190999999999999 5.09 0.92
131.24584656133 -45.53539471258 0.0181 0.0197 26.4801 "" "" 5522123603772651264 2062.10889 0.449 0.021 -5.146 4.946 0.025 0.025 1.032 7997.5 4.1519 15.153355 0.849916 15.49033 14.640413 "" "" 1980.54639 2141.09717 16353.27355 4.701 8695.3 10.918 11041.0 12.559 "" "" 0.0027729412247838674 0.0031054085 0.0039760508 0.0070814593 131.24584656133 -45.53539471258 2062.10889 -5.146000000000001 4.946000000000001 0.94
130.89675767956 -46.36400038977 0.0181 0.0183 25.8497 "" "" 5329828606451463936 1973.93945 0.4692 0.0206 -5.146 5.221 0.024 0.024 0.973 7315.3 4.2743 15.167007 0.795231 15.480753 14.685522 "" "" 1903.17188 2072.72217 16148.93225 4.8153 8772.3 10.651 10591.0 9.2038 "" "" 0.0027742747867618464 0.003085913 0.0038953782 0.006981291 130.89675767956 -46.36400038977 1973.93945 -5.146 5.220999999999999 0.92
131.05064350148 -45.51596893657 0.0203 0.0197 27.7241 "" "" 5522135045565368320 1964.83691 0.4731 0.022 -5.122 4.984 0.028 0.024 1.108 8196.3 4.3888 15.172256 0.863101 15.515884 14.652783 "" "" 1892.22595 2048.4292 16071.04045 4.7837 8493.0 10.484 10916.0 10.306 "" "" 0.0027742088260855713 0.0030953763 0.003915927 0.007011303 131.05064350148 -45.51596893657 1964.83691 -5.122 4.984 0.93
130.9654816117 -45.85594982238 0.0162 0.0173 10.5631 "" "" 5522022002030946048 2034.16309 0.46 0.0197 -5.122 5.106 0.021 0.023 0.999 9241.4 4.1487 15.174581 0.959778 15.563221 14.603443 "" "" 1963.21899 2114.06592 16036.6822 3.8659 8130.7 11.404 11423.0 10.684 "" "" 0.0027677236455576058 0.003178692 0.003913433 0.007092125 130.9654816117 -45.85594982238 2034.16309 -5.121999999999999 5.106 0.94
131.38019982214 -45.75158511837 0.0177 0.0195 16.2286 "" "" 5329964086894423168 1904.30042 0.4908 0.0216 -5.187 4.906 0.022 0.025 1.021 7825.5 4.2019 15.255923 1.067676 15.699101 14.631425 "" "" 1829.59119 1992.2124 14879.12329 4.1958 7174.2 13.053 11132.0 14.049 "" "" 0.0027722786792136003 0.0034186787 0.00402011 0.007438788 131.38019982214 -45.75158511837 1904.30042 -5.187 4.906 0.85
130.73503482966 -45.60423788886 0.0191 0.0207 28.2297 "" "" 5522042510488798336 2007.80127 0.465 0.0234 -5.113 4.963 0.026 0.024 0.976 7697.7 4.1252 15.267196 0.929503 15.64168 14.712177 "" "" 1934.38123 2094.92993 14725.44763 3.9926 7563.9 13.218 10334.0 13.433 "" "" 0.0027710016770232074 0.0033741565 0.004034301 0.0074084573 130.73503482966 -45.60423788886 2007.80127 -5.1129999999999995 4.962999999999999 0.93
130.93226924065 -45.94134677987 0.0187 0.0186 9.494 "" "" 5522014545967737216 1822.69226 0.5176 0.0219 -5.337 4.94 0.024 0.023 1.017 8297.6 4.2654 15.303425 1.158355 15.797571 14.639216 "" "" 1755.56812 1909.65955 14242.19103 3.6651 6552.2 10.918 11053.0 12.795 "" "" 0.0027694505336403317 0.0033253806 0.003982889 0.00730827 130.93226924065 -45.94134677987 1822.69226 -5.336999999999999 4.94 0.85
130.86856106128 -46.17548671169 0.0205 0.0197 17.071 "" "" 5329857125035381376 1935.25085 0.4813 0.0231 -5.073 4.95 0.028 0.024 0.949 7371.4 4.2971 15.303849 1.02043 15.723928 14.703498 "" "" 1850.30969 2071.81226 14236.62244 4.2557 7012.1 16.693 10417.0 10.73 "" "" 0.0027743693639106543 0.003803385 0.003941377 0.007744762 130.86856106128 -46.17548671169 1935.25085 -5.073 4.949999999999999 0.87
131.27566027465 -45.97187617959 0.0266 0.0304 5.0104 "" "" 5329864478019729280 1997.20825 0.4755 0.0321 -5.053 4.936 0.035 0.04 1.428 6580.9 4.0824 15.416491 1.129131 15.889301 14.76017 "" "" 1891.81287 2120.58789 12833.65443 5.1602 6021.4 10.141 9887.6 11.491 "" "" 0.002789690129962623 0.003335964 0.0039844536 0.0073204176 131.27566027465 -45.97187617959 1997.20825 -5.053000000000001 4.936 0.94
131.08453348945 -46.06313633508 0.0204 0.0215 6.2058 "" "" 5329862107197610240 1834.07764 0.5189 0.0244 -5.161 4.631 0.027 0.028 1.001 7094.3 4.377 15.442603 0.921879 15.816298 14.894419 "" "" 1767.28577 1921.10315 12528.68524 3.7069 6440.2 14.163 8737.6 11.498 "" "" 0.002773983520448787 0.0036723523 0.004040425 0.0077127777 131.08453348945 -46.06313633508 1834.07764 -5.1610000000000005 4.631 0.8
130.91075494914 -45.70390144541 0.0199 0.0214 19.0742 "" "" 5522026640595278848 2035.42822 0.4579 0.0248 -5.103 5.036 0.029 0.028 1.039 7666.3 4.4019 15.472477 0.984403 15.873686 14.889283 "" "" 1947.92017 2121.53711 12188.66075 3.5301 6108.6 10.748 8779.0 9.57 "" "" 0.0027732057086712484 0.003381485 0.003960372 0.007341857 130.91075494914 -45.70390144541 2035.42822 -5.103 5.036 0.95
130.64389443901 -45.82674630581 0.0202 0.0232 23.0765 "" "" 5522030690740718976 2012.83997 0.4557 0.0257 -5.134 5.123 0.026 0.026 1.029 7988.3 4.1759 15.492666 1.002933 15.905376 14.902443 "" "" 1910.04309 2109.23462 11964.10374 3.682 5932.9 9.4824 8673.2 12.714 "" "" 0.0027755069183449835 0.0032857766 0.004100834 0.007386611 130.64389443901 -45.82674630581 2012.83997 -5.134 5.122999999999999 0.88
131.09610377525 -45.9316001032 0.0208 0.0225 3.4752 "" "" 5329866883201158016 2111.78369 0.4431 0.025 -4.969 4.878 0.029 0.031 0.981 7221.6 4.2408 15.530118 1.052821 15.969222 14.916401 "" "" 1998.61072 2216.35254 11558.45254 3.5519 5594.1 10.48 8562.4 9.55 "" "" 0.002775447487640176 0.0034528666 0.003968648 0.007421515 131.09610377525 -45.9316001032 2111.78369 -4.969000000000001 4.878000000000001 0.92
130.98598058756 -45.71167687343 0.0207 0.0207 17.1628 "" "" 5522027155991378560 2288.80249 0.4031 0.024 -5.161 5.008 0.028 0.027 0.958 7972.3 4.2794 15.577679 1.070212 16.022121 14.951909 "" "" 2167.5144 2429.11084 11063.06254 3.4106 5328.1 13.801 8286.9 13.383 "" "" 0.002775576675564891 0.0039615794 0.004166318 0.008127898 130.98598058756 -45.71167687343 2288.80249 -5.160999999999999 5.007999999999999 0.9
131.20361159905 -45.85613566763 0.0201 0.0213 7.2479 "" "" 5329869013505660672 2052.42432 0.4555 0.0241 -5.281 5.086 0.025 0.027 0.952 6705.4 4.1829 15.579384 1.301948 16.151236 14.849288 "" "" 1961.54541 2157.13599 11045.69776 29.729 4730.7 50.059 9108.4 71.219 "" "" 0.004016354328569863 0.01182292 0.0092926845 0.021115605 131.20361159905 -45.85613566763 2052.42432 -5.280999999999999 5.085999999999999 0.84
130.8528390022 -46.03842938861 0.0228 0.0228 13.2249 "" "" 5522013755693739904 2156.92871 0.4254 0.0268 -5.124 5.114 0.028 0.027 1.016 "" "" 15.66086 1.075299 16.10869 15.033391 "" "" 2035.16736 2300.71021 10247.14284 3.4501 4919.7 11.383 7687.8 10.745 "" "" 0.0027794640030198736 0.0037544447 0.004072657 0.007827101 130.8528390022 -46.03842938861 2156.92871 -5.1240000000000006 5.114000000000001 0.9
130.68209433809 -45.85724487148 0.0207 0.0248 20.9312 "" "" 5522031141721168128 2054.41382 0.4593 0.0271 -5.056 5.153 0.027 0.028 1.027 7196.5 4.3842 15.683875 1.001545 16.095243 15.093699 "" "" 1946.73462 2167.34912 10032.2166 3.2767 4981.0 8.5468 7272.4 10.259 "" "" 0.0027780470207471385 0.0033549652 0.00407794 0.007432905 130.68209433809 -45.85724487148 2054.41382 -5.056 5.152999999999999 0.89
131.3012880895 -46.02534099208 0.0255 0.0279 6.8618 "" "" 5329863000551063808 1875.38599 0.4995 0.0303 -5.188 4.963 0.031 0.036 1.023 6628.9 4.3912 15.692297 0.973382 16.089108 15.115725 "" "" 1787.34705 1991.49426 9954.69754 3.4503 5009.3 14.187 7126.4 12.669 "" "" 0.00278089974648371 0.004152151 0.004243736 0.008395887 131.3012880895 -46.02534099208 1875.38599 -5.188 4.962999999999999 0.88
131.07960135688 -45.86918676491 0.0213 0.0237 6.9458 "" "" 5522022276908925568 2127.60059 0.4375 0.0255 -5.228 5.103 0.029 0.031 1.02 7191.8 4.3619 15.69681 1.090233 16.155382 15.065149 "" "" 2021.52905 2277.21362 9913.40907 3.1775 4712.6 8.6203 7466.2 13.058 "" "" 0.002777210405277756 0.0034248168 0.0042296024 0.007654419 131.07960135688 -45.86918676491 2127.60059 -5.228 5.103 0.89
131.30602357389 -45.83079234495 0.0235 0.0253 10.5588 "" "" 5329961956590957568 2068.0271 0.4542 0.0276 -5.075 5.053 0.03 0.032 0.96 7225.7 4.326 15.700704 1.075397 16.149517 15.07412 "" "" 1965.82996 2219.76196 9877.91672 3.1186 4738.2 10.89 7404.7 9.4386 "" "" 0.002776560681245053 0.0037432646 0.004024808 0.007768072 131.30602357389 -45.83079234495 2068.0271 -5.075 5.053 0.87
131.3372180326 -45.96353484481 0.0228 0.0253 7.5958 "" "" 5329863619026351616 2024.64758 0.46 0.0276 -5.069 4.966 0.03 0.033 0.979 6906.9 4.413 15.704969 1.031086 16.134401 15.103315 "" "" 1915.55017 2125.56543 9839.18499 3.2588 4804.6 9.8292 7208.3 11.638 "" "" 0.0027786873652237694 0.0035663317 0.004166121 0.007732453 131.3372180326 -45.96353484481 2024.64758 -5.069 4.965999999999999 0.94
130.96264291425 -45.96520025126 0.0214 0.0215 8.054 "" "" 5522014271089861376 2042.12183 0.4608 0.0255 -5.188 5.13 0.028 0.028 0.996 7014.5 4.3189 15.754942 1.040278 16.187668 15.147389 "" "" 1931.99609 2173.50049 9396.58628 3.0242 4574.6 9.8663 6921.5 9.8459 "" "" 0.002777389649887061 0.0036425898 0.0040827827 0.0077253724 130.96264291425 -45.96520025126 2042.12183 -5.188 5.129999999999999 0.92
131.24559032326 -46.07270374543 0.0239 0.0258 7.1025 "" "" 5329861351283586304 1992.66772 0.4739 0.0287 -5.163 4.836 0.032 0.039 1.011 6135.0 4.389 15.761147 0.902904 16.1233 15.220396 "" "" 1886.76196 2139.40942 9343.04137 3.3582 4854.0 12.265 6471.4 12.667 "" "" 0.002782819479407118 0.003912978 0.0043359203 0.008248898 131.24559032326 -46.07270374543 1992.66772 -5.163 4.836000000000001 0.8
131.35501767649 -46.03962883496 0.0243 0.0255 9.2465 "" "" 5329851386959584768 1834.28308 0.5136 0.0277 -5.03 5.003 0.032 0.034 1.024 6366.0 4.4664 15.789969 0.931073 16.1673 15.236226 "" "" 1745.2196 1967.92859 9098.27626 3.1266 4661.2 9.7401 6377.8 8.1658 "" "" 0.0027804677425391578 0.0035961582 0.0040269294 0.0076230876 131.35501767649 -46.03962883496 1834.28308 -5.030000000000001 5.003 0.87
130.80878749219 -45.66379478869 0.0231 0.0235 23.5081 "" "" 5522039388058176256 2073.25635 0.4554 0.0288 -5.181 5.183 0.033 0.029 0.969 6629.1 4.3549 15.791552 1.052382 16.226353 15.17397 "" "" 1937.38049 2193.59717 9085.02548 3.143 4414.4 8.5794 6754.1 11.74 "" "" 0.0027808048781440033 0.003498243 0.004224377 0.00772262 130.80878749219 -45.66379478869 2073.25635 -5.181 5.183 0.86
130.65343730733 -45.75067657788 0.0234 0.0281 24.8347 "" "" 5522032653549608960 1999.52319 0.4665 0.0314 -5.189 5.031 0.033 0.033 0.968 6860.6 4.199 15.832048 1.191423 16.293713 15.102289 "" "" 1918.84607 2135.29419 8752.4043 6.3486 4148.9 17.095 7215.1 76.879 "" "" 0.0028656613719273962 0.005272424 0.012170525 0.01744295 130.65343730733 -45.75067657788 1999.52319 -5.189 5.030999999999999 0.88
131.19173895283 -45.89945804688 0.0233 0.0257 4.6193 "" "" 5329867673475234048 2050.76636 0.4597 0.0287 -5.099 5.03 0.031 0.032 0.982 5519.0 4.2691 15.833872 1.145741 16.311113 15.165373 "" "" 1953.38147 2168.67456 8737.7197 3.3788 4082.9 12.884 6807.8 10.04 "" "" 0.00278712377964259 0.004418546 0.0041045872 0.008523133 131.19173895283 -45.89945804688 2050.76636 -5.099 5.03 0.93
130.8625928737 -46.19907583314 0.0275 0.0274 18.2723 "" "" 5329856747078265728 2068.70508 0.4524 0.0316 -5.195 5.216 0.035 0.033 1.065 5978.4 4.2865 15.855016 1.151783 16.343586 15.191803 "" "" 1926.64758 2199.38916 8569.20145 3.5829 3962.6 7.6504 6644.1 9.8016 "" "" 0.002792466665065999 0.003489844 0.0041047796 0.0075946236 130.8625928737 -46.19907583314 2068.70508 -5.195 5.215999999999999 0.85
130.90095555633 -45.60493343675 0.0259 0.0278 24.475 "" "" 5522040350130867328 2183.28979 0.4208 0.0312 -5.138 5.171 0.035 0.033 1.045 7087.8 4.2797 15.873302 1.204503 16.388512 15.184009 "" "" 2065.27124 2367.48242 8426.08 3.1117 3802.0 12.255 6692.0 8.7381 "" "" 0.002784341020022681 0.0044757845 0.0040365346 0.008512319 130.90095555633 -45.60493343675 2183.28979 -5.138000000000001 5.171000000000001 0.85
