Clusters/UBC_482/UBC_482_members.tsv
# %ECSV 1.0
# ---
# datatype:
# - name: RA_ICRS_1
#   unit: deg
#   datatype: float64
#   format: '{:15.11f}'
#   description: Right ascension (ICRS) at Ep=2016.0 (ra)
#   meta: !!omap
#   - {ucd: POS_EQ_RA_MAIN}
#   - {width: 15}
#   - {precision: '11'}
# - name: DE_ICRS_1
#   unit: deg
#   datatype: float64
#   format: '{:15.11f}'
#   description: Declination (ICRS) at Ep=2016.0 (dec)
#   meta: !!omap
#   - {ucd: POS_EQ_DEC_MAIN}
#   - {width: 15}
#   - {precision: '11'}
# - name: e_RA_ICRS
#   unit: mas
#   datatype: float64
#   format: '{:7.4f}'
#   description: Standard error of right ascension (ra_error)
#   meta: !!omap
#   - {ucd: ERROR}
#   - {width: 7}
#   - {precision: '4'}
# - name: e_DE_ICRS
#   unit: mas
#   datatype: float64
#   format: '{:7.4f}'
#   description: Standard error of declination (dec_error)
#   meta: !!omap
#   - {ucd: ERROR}
#   - {width: 7}
#   - {precision: '4'}
# - name: _r_1
#   unit: ''
#   datatype: float64
#   format: '{:7.4f}'
#   description: Distance from center (131.15550816000-45.97220583000)[ICRS], at Epoch=J2016.0
#   meta: !!omap
#   - {ucd: POS_ANG_DIST_GENERAL}
#   - {width: 7}
#   - {precision: '4'}
# - name: HIP
#   datatype: int32
#   description: '? HIP cross-id number, van Leeuwen, Cat. I/311 (hip_original_ext_source_id)'
#   meta: !!omap
#   - {ucd: ID_NUMBER}
#   - {width: 6}
#   - values: {'null': -2147483648}
# - name: TYC2
#   datatype: string
#   description: Tycho-2 cross-id name, Hog et al., Cat. I/259 (tyc2_original_ext_source_id)
#   meta: !!omap
#   - {ucd: ID_CROSSID}
#   - {_votable_string_dtype: char}
# - name: Source
#   datatype: int64
#   description: Source identifier, identical to the Gaia-EDR3 source_id (id)
#   meta: !!omap
#   - {ucd: ID_MAIN}
#   - {width: 19}
# - name: rgeo
#   unit: pc
#   datatype: float64
#   format: '{:15.8f}'
#   description: '? Median of the geometric distance posterior (r_med_geo)'
#   meta: !!omap
#   - {ucd: PHYS_DISTANCE_TRUE}
#   - {width: 15}
#   - {precision: '8'}
#   - values: {'null': .nan}
# - name: Plx
#   unit: mas
#   datatype: float64
#   format: '{:9.4f}'
#   description: '? Parallax (parallax)'
#   meta: !!omap
#   - {ucd: POS_PARLX_TRIG}
#   - {width: 9}
#   - {precision: '4'}
#   - values: {'null': .nan}
# - name: e_Plx
#   unit: mas
#   datatype: float32
#   format: '{:7.4f}'
#   description: '? Standard error of parallax (parallax_error)'
#   meta: !!omap
#   - {ucd: ERROR}
#   - {width: 7}
#   - {precision: '4'}
#   - values: {'null': .nan}
# - name: pmRA
#   unit: mas / yr
#   datatype: float64
#   format: '{:9.3f}'
#   description: '? Proper motion in right ascension direction, pmRA*cosDE (pmra)'
#   meta: !!omap
#   - {ucd: POS_EQ_PMRA}
#   - {width: 9}
#   - {precision: '3'}
#   - values: {'null': .nan}
# - name: pmDE
#   unit: mas / yr
#   datatype: float64
#   format: '{:9.3f}'
#   description: '? Proper motion in declination direction (pmdec)'
#   meta: !!omap
#   - {ucd: POS_EQ_PMDEC}
#   - {width: 9}
#   - {precision: '3'}
#   - values: {'null': .nan}
# - name: e_pmRA
#   unit: mas / yr
#   datatype: float32
#   format: '{:6.3f}'
#   description: '? Standard error of proper motion in right ascension direction (pmra_error)'
#   meta: !!omap
#   - {ucd: ERROR}
#   - {width: 6}
#   - {precision: '3'}
#   - values: {'null': .nan}
# - name: e_pmDE
[...]
#         unit: &id001 !astropy.units.Unit {unit: deg}
#         value: !astropy.table.SerializedColumn {name: SkyCoord.dec}
#       distance: !astropy.table.SerializedColumn
#         __class__: astropy.coordinates.distances.Distance
#         unit: !astropy.units.Unit {unit: pc}
#         value: !astropy.table.SerializedColumn {name: SkyCoord.distance}
#       frame: icrs
#       obstime: !astropy.time.Time {format: jyear_str, in_subfmt: '*', jd1: 367701545.0, jd2: 0.0, out_subfmt: '*', precision: 3, scale: tt}
#       pm_dec: !astropy.table.SerializedColumn
#         __class__: astropy.units.quantity.Quantity
#         unit: !astropy.units.Unit {unit: mas / yr}
#         value: !astropy.table.SerializedColumn {name: SkyCoord.pm_dec}
#       pm_ra_cosdec: !astropy.table.SerializedColumn
#         __class__: astropy.units.quantity.Quantity
#         unit: !astropy.units.Unit {unit: mas / yr}
#         value: !astropy.table.SerializedColumn {name: SkyCoord.pm_ra_cosdec}
#       ra: !astropy.table.SerializedColumn
#         __class__: astropy.coordinates.angles.Longitude
#         unit: *id001
#         value: !astropy.table.SerializedColumn {name: SkyCoord.ra}
#         wrap_angle: !astropy.coordinates.Angle
#           unit: *id001
#           value: 360.0
#       representation_type: spherical
# schema: astropy-2.0
RA_ICRS_1 DE_ICRS_1 e_RA_ICRS e_DE_ICRS _r_1 HIP TYC2 Source rgeo Plx e_Plx pmRA pmDE e_pmRA e_pmDE RUWE Teff logg Gmag BP-RP BPmag RPmag RV e_RV b_rgeo B_rgeo FG e_FG FBP e_FBP FRP e_FRP RAVE5 RAVE6 e_Gmag e_BPmag e_RPmag e_BP-RP SkyCoord.ra SkyCoord.dec SkyCoord.distance SkyCoord.pm_ra_cosdec SkyCoord.pm_dec Pmemb
[from data line 81]
131.09215900075 -46.10985727548 0.0261 0.0253 8.6703 "" "" 5329855922444747776 1987.62878 0.4693 0.0304 -5.149 5.044 0.037 0.034 0.981 6365.4 4.4836 15.908566 0.963852 16.305498 15.341646 "" "" 1866.90198 2094.60278 8156.80595 3.7002 4104.1 10.264 5787.6 10.321 "" "" 0.002798994726897421 0.0038933377 0.004246475 0.008139813 131.09215900075 -46.10985727548 1987.62878 -5.148999999999999 5.043999999999998 0.92
131.21639999451 -45.77857407126 0.0264 0.0307 11.8931 "" "" 5329963193541180416 2250.1604 0.4112 0.032 -5.178 5.144 0.032 0.039 1.024 6875.9 4.3423 15.953446 1.29274 16.516495 15.223755 "" "" 2118.40332 2426.34961 7826.5077 3.1072 3379.2 13.843 6451.4 15.18 "" "" 0.0027888333852395487 0.0052504814 0.0045618294 0.00981231 131.21639999451 -45.77857407126 2250.1604 -5.178 5.144 0.85
131.37608904298 -46.29504341535 0.0238 0.027 21.4318 "" "" 5329843656018667648 2202.36499 0.4313 0.0297 -5.136 4.907 0.032 0.039 0.963 6383.1 4.3946 15.96487 0.984452 16.369335 15.384883 "" "" 2071.04663 2362.08643 7744.59474 2.872 3869.8 9.2257 5561.7 9.7603 "" "" 0.0027845831340521663 0.0038059135 0.0042325137 0.008038428 131.37608904298 -46.29504341535 2202.36499 -5.136 4.907 0.8
131.33755737582 -46.20939526587 0.0267 0.0275 16.1219 "" "" 5329845099127586816 2183.07373 0.4292 0.0317 -5.138 5.044 0.037 0.038 0.993 6371.2 4.4891 15.977888 0.988646 16.385427 15.396781 "" "" 2046.48523 2354.83496 7652.28959 2.8405 3812.8 11.931 5501.1 6.8581 "" "" 0.002784639180429084 0.004396354 0.0040144566 0.0084108105 131.33755737582 -46.20939526587 2183.07373 -5.137999999999999 5.043999999999999 0.91
131.62842045729 -45.79560478276 0.0266 0.028 22.4147 "" "" 5329954225649587968 2186.79248 0.4294 0.0307 -5.203 5.214 0.034 0.037 1.024 7209.4 4.3514 16.075312 1.32751 16.660542 15.333032 "" "" 2044.12341 2333.62085 6995.54813 2.7369 2959.4 12.193 5833.7 9.3224 "" "" 0.0027878711099504315 0.005272168 0.0041586137 0.009430782 131.62842045729 -45.79560478276 2186.79248 -5.203 5.214 0.82
130.95894882223 -45.93364029806 0.0271 0.0273 8.5197 "" "" 5522020352763538048 2176.38623 0.4287 0.0324 -5.153 5.053 0.036 0.034 1.069 6903.6 4.3544 16.107283 1.193827 16.622793 15.428966 "" "" 2037.11621 2342.61572 6792.56139 2.4585 3064.1 6.8598 5340.4 7.3158 "" "" 0.0027832024552860144 0.0037004582 0.0040615182 0.0077619767 130.95894882223 -45.93364029806 2176.38623 -5.153 5.052999999999999 0.92
131.27059731877 -45.66871665133 0.0278 0.0308 18.8345 "" "" 5522117625178248448 2118.39062 0.4545 0.0335 -5.102 4.949 0.039 0.039 0.982 6155.1 4.4597 16.213095 1.108956 16.677738 15.568782 "" "" 1999.6217 2268.0647 6161.81908 2.4567 2912.9 7.8333 4695.1 6.1675 "" "" 0.002789117150909113 0.0040385523 0.0040395358 0.008078088 131.27059731877 -45.66871665133 2118.39062 -5.102000000000001 4.949000000000002 0.92
131.57664573783 -46.30041701291 0.0296 0.0292 26.3511 "" "" 5329797510887127296 1968.14392 0.4849 0.0347 -4.969 4.996 0.041 0.039 0.957 5211.3 4.3897 16.281874 1.034331 16.711838 15.677506 "" "" 1850.37769 2128.94824 5783.58578 4.1396 2822.8 12.249 4247.7 9.7248 "" "" 0.002862812883124303 0.005475565 0.0045235497 0.009999115 131.57664573783 -46.30041701291 1968.14392 -4.968999999999999 4.9959999999999996 0.81
131.07669778426 -45.98881158671 0.0318 0.0327 3.4337 "" "" 5329865543171382528 2118.69141 0.4424 0.0367 -5.063 5.019 0.042 0.041 0.907 5907.4 4.4567 16.297853 1.119594 16.77624 15.656646 "" "" 1958.18347 2304.60742 5699.08828 2.8773 2660.2 9.4894 4330.1 9.2436 "" "" 0.002809317399237463 0.0047733914 0.004433477 0.009206869 131.07669778426 -45.98881158671 2118.69141 -5.063000000000001 5.019 0.81
131.34252210855 -46.11637598027 0.0408 0.0426 11.6398 "" "" 5329850046929837952 1826.4176 0.5194 0.0475 -4.789 5.419 0.052 0.054 1.272 5642.4 4.6108 16.377617 1.046295 16.7861 15.739805 "" "" 1690.55627 1975.78711 5295.41479 4.8263 2636.2 7.7237 4010.8 7.5805 "" "" 0.0029276274741640816 0.0042313314 0.0043005464 0.008531878 131.34252210855 -46.11637598027 1826.4176 -4.7890000000000015 5.4190000000000005 0.81
131.57513412716 -46.26758260628 0.0299 0.0307 24.8728 "" "" 5329797820124745088 2044.29248 0.4639 0.035 -4.892 4.9 0.041 0.04 0.985 5318.4 4.4119 16.41292 1.043848 16.849709 15.80586 "" "" 1903.59802 2223.81226 5126.00167 2.6164 2486.2 8.6617 3774.1 7.077 "" "" 0.002810498758344403 0.0047003375 0.0042928644 0.008993202 131.57513412716 -46.26758260628 2044.29248 -4.892 4.9 0.82
131.44556495845 -46.17518664906 0.0342 0.0342 17.149 "" "" 5329846129919827072 1917.28992 0.4965 0.0399 -4.989 4.942 0.048 0.05 1.006 5559.6 4.6009 16.492146 1.112355 16.96555 15.853194 "" "" 1788.04749 2052.46338 4765.27717 5.8742 2234.6 11.795 3613.1 12.399 "" "" 0.0030631837990725097 0.0063740257 0.005307169 0.011681195 131.44556495845 -46.17518664906 1917.28992 -4.989 4.942 0.9
131.37503463128 -45.78843139974 0.0325 0.0395 14.3409 "" "" 5329959551408963712 2357.38501 0.4135 0.0412 -5.105 5.003 0.041 0.049 1.023 "" "" 16.528059 1.25271 17.065306 15.812595 "" "" 2118.06934 2608.23242 4610.23312 3.3078 2038.4 9.4097 3750.8 10.141 "" "" 0.002863326618875154 0.0057363007 0.0047854832 0.010521784 131.37503463128 -45.78843139974 2357.38501 -5.105 5.003 0.84
130.90818362559 -46.29455444614 0.0355 0.0349 21.9048 "" "" 5329853036226645504 2240.64111 0.4169 0.0406 -5.057 5.077 0.047 0.042 0.949 5623.8 4.593 16.52941 1.123102 17.010881 15.887779 "" "" 2069.91797 2404.56128 4604.5047 2.9641 2143.2 8.2621 3499.8 9.5989 "" "" 0.0028425857539590184 0.005030292 0.0048115803 0.009841872 130.90818362559 -46.29455444614 2240.64111 -5.057 5.076999999999998 0.9
131.04692648224 -46.00891235702 0.0362 0.0364 5.0338 "" "" 5329865405732406272 2060.42749 0.4588 0.0417 -5.164 5.047 0.047 0.047 0.991 5623.7 4.5984 16.60012 1.245564 17.137215 15.891651 "" "" 1913.84106 2229.56934 4314.18028 4.0232 1907.8 12.568 3487.4 11.403 "" "" 0.002935465527623557 0.0076774503 0.005185268 0.012862718 131.04692648224 -46.00891235702 2060.42749 -5.163999999999999 5.046999999999999 0.83
131.13366941958 -45.84568520397 0.0384 0.0406 7.6458 "" "" 5329868837392864000 2039.86475 0.4813 0.0458 -5.252 4.997 0.047 0.052 1.053 5623.4 4.6749 16.764606 1.264061 17.313042 16.04898 "" "" 1877.10608 2253.08716 3707.6994 2.215 1622.6 8.0684 3016.9 12.184 "" "" 0.0028306365816325773 0.006077211 0.005788826 0.011866037 131.13366941958 -45.84568520397 2039.86475 -5.252 4.997 0.8
131.46864626935 -46.23464900282 0.0395 0.0409 20.4367 "" "" 5329845369695009664 1945.06689 0.4883 0.0469 -5.051 4.954 0.054 0.054 0.954 5234.5 4.7051 16.92159 1.185974 17.424345 16.23837 "" "" 1781.38 2143.58594 3208.56309 4.2613 1464.5 9.2328 2534.0 15.232 "" "" 0.0031098332862968645 0.0073917503 0.007541738 0.014933488 131.46864626935 -46.23464900282 1945.06689 -5.050999999999999 4.954000000000001 0.8
130.99528929197 -45.80168910621 0.0423 0.0433 12.2249 "" "" 5522022242549235968 1889.62769 0.5013 0.0493 -5.228 4.868 0.057 0.055 1.015 5685.2 4.5749 16.97867 1.594278 17.730831 16.136553 "" "" 1737.52673 2093.37134 3044.23756 2.0268 1104.3 6.9135 2783.2 9.1083 "" "" 0.0028485648716603034 0.007347657 0.005187371 0.012535028 130.99528929197 -45.80168910621 1889.62769 -5.228000000000001 4.868 0.84
