Clusters/NGC_366/NGC_366_stars_in_region.tsv
# %ECSV 1.0
# ---
# datatype:
# - name: RA_ICRS_1
#   unit: deg
#   datatype: float64
#   format: '{:15.11f}'
#   description: Right ascension (ICRS) at Ep=2016.0 (ra)
#   meta: !!omap
#   - {ucd: POS_EQ_RA_MAIN}
#   - {width: 15}
#   - {precision: '11'}
# - name: DE_ICRS_1
#   unit: deg
#   datatype: float64
#   format: '{:15.11f}'
#   description: Declination (ICRS) at Ep=2016.0 (dec)
#   meta: !!omap
#   - {ucd: POS_EQ_DEC_MAIN}
#   - {width: 15}
#   - {precision: '11'}
# - name: e_RA_ICRS
#   unit: mas
#   datatype: float64
#   format: '{:7.4f}'
#   description: Standard error of right ascension (ra_error)
#   meta: !!omap
#   - {ucd: ERROR}
#   - {width: 7}
#   - {precision: '4'}
# - name: e_DE_ICRS
#   unit: mas
#   datatype: float64
#   format: '{:7.4f}'
#   description: Standard error of declination (dec_error)
#   meta: !!omap
#   - {ucd: ERROR}
#   - {width: 7}
#   - {precision: '4'}
# - name: _r_1
#   unit: ''
#   datatype: float64
#   format: '{:7.4f}'
#   description: Distance from center (016.61861779000+62.21830084000)[ICRS], at Epoch=J2016.0
#   meta: !!omap
#   - {ucd: POS_ANG_DIST_GENERAL}
#   - {width: 7}
#   - {precision: '4'}
# - name: HIP
#   datatype: int32
#   description: '? HIP cross-id number, van Leeuwen, Cat. I/311 (hip_original_ext_source_id)'
#   meta: !!omap
#   - {ucd: ID_NUMBER}
#   - {width: 6}
#   - values: {'null': -2147483648}
# - name: TYC2
#   datatype: string
#   description: Tycho-2 cross-id name, Hog et al., Cat. I/259 (tyc2_original_ext_source_id)
#   meta: !!omap
#   - {ucd: ID_CROSSID}
#   - {_votable_string_dtype: char}
# - name: Source
#   datatype: int64
#   description: Source identifier, identical to the Gaia-EDR3 source_id (id)
#   meta: !!omap
#   - {ucd: ID_MAIN}
#   - {width: 19}
# - name: rgeo
#   unit: pc
#   datatype: float64
#   format: '{:15.8f}'
#   description: '? Median of the geometric distance posterior (r_med_geo)'
#   meta: !!omap
#   - {ucd: PHYS_DISTANCE_TRUE}
#   - {width: 15}
#   - {precision: '8'}
#   - values: {'null': .nan}
# - name: Plx
#   unit: mas
#   datatype: float64
#   format: '{:9.4f}'
#   description: '? Parallax (parallax)'
#   meta: !!omap
#   - {ucd: POS_PARLX_TRIG}
#   - {width: 9}
#   - {precision: '4'}
#   - values: {'null': .nan}
# - name: e_Plx
#   unit: mas
#   datatype: float32
#   format: '{:7.4f}'
#   description: '? Standard error of parallax (parallax_error)'
#   meta: !!omap
#   - {ucd: ERROR}
#   - {width: 7}
#   - {precision: '4'}
#   - values: {'null': .nan}
# - name: pmRA
#   unit: mas / yr
#   datatype: float64
#   format: '{:9.3f}'
#   description: '? Proper motion in right ascension direction, pmRA*cosDE (pmra)'
#   meta: !!omap
#   - {ucd: POS_EQ_PMRA}
#   - {width: 9}
#   - {precision: '3'}
#   - values: {'null': .nan}
# - name: pmDE
#   unit: mas / yr
#   datatype: float64
#   format: '{:9.3f}'
#   description: '? Proper motion in declination direction (pmdec)'
#   meta: !!omap
#   - {ucd: POS_EQ_PMDEC}
#   - {width: 9}
#   - {precision: '3'}
#   - values: {'null': .nan}
# - name: e_pmRA
#   unit: mas / yr
#   datatype: float32
#   format: '{:6.3f}'
#   description: '? Standard error of proper motion in right ascension direction (pmra_error)'
#   meta: !!omap
#   - {ucd: ERROR}
#   - {width: 6}
#   - {precision: '3'}
#   - values: {'null': .nan}
# - name: e_pmDE
[...]
#         unit: &id001 !astropy.units.Unit {unit: deg}
#         value: !astropy.table.SerializedColumn {name: SkyCoord.dec}
#       distance: !astropy.table.SerializedColumn
#         __class__: astropy.coordinates.distances.Distance
#         unit: !astropy.units.Unit {unit: pc}
#         value: !astropy.table.SerializedColumn {name: SkyCoord.distance}
#       frame: icrs
#       obstime: !astropy.time.Time {format: jyear_str, in_subfmt: '*', jd1: 367701545.0, jd2: 0.0, out_subfmt: '*', precision: 3, scale: tt}
#       pm_dec: !astropy.table.SerializedColumn
#         __class__: astropy.units.quantity.Quantity
#         unit: !astropy.units.Unit {unit: mas / yr}
#         value: !astropy.table.SerializedColumn {name: SkyCoord.pm_dec}
#       pm_ra_cosdec: !astropy.table.SerializedColumn
#         __class__: astropy.units.quantity.Quantity
#         unit: !astropy.units.Unit {unit: mas / yr}
#         value: !astropy.table.SerializedColumn {name: SkyCoord.pm_ra_cosdec}
#       ra: !astropy.table.SerializedColumn
#         __class__: astropy.coordinates.angles.Longitude
#         unit: *id001
#         value: !astropy.table.SerializedColumn {name: SkyCoord.ra}
#         wrap_angle: !astropy.coordinates.Angle
#           unit: *id001
#           value: 360.0
#       representation_type: spherical
# schema: astropy-2.0
RA_ICRS_1 DE_ICRS_1 e_RA_ICRS e_DE_ICRS _r_1 HIP TYC2 Source rgeo Plx e_Plx pmRA pmDE e_pmRA e_pmDE RUWE Teff logg Gmag BP-RP BPmag RPmag RV e_RV b_rgeo B_rgeo FG e_FG FBP e_FBP FRP e_FRP RAVE5 RAVE6 e_Gmag e_BPmag e_RPmag e_BP-RP SkyCoord.ra SkyCoord.dec SkyCoord.distance SkyCoord.pm_ra_cosdec SkyCoord.pm_dec
[from data line 245]
17.0362986138 62.10461388527 0.0324 0.0364 13.5457 "" "" 522657151537140736 2252.24023 0.4321 0.0496 -1.724 -1.526 0.042 0.049 0.981 6311.7 4.0678 16.592422 2.180332 17.723513 15.54318 "" "" 1968.65454 2745.93359 4344.88253 2.2024 1111.8 8.1203 4807.1 9.1839 "" "" 0.002809747212927937 0.008406482 0.004311193 0.0127176745 17.0362986138 62.10461388527 2252.24023 -1.724 -1.5260000000000002
16.55752659569 61.99347170668 0.0355 0.0868 13.5983 "" "" 522839979697499904 2284.74731 0.4094 0.0601 -3.668 -0.977 0.049 0.102 1.032 "" "" 16.600729 "" "" "" "" "" 2064.50757 2596.04126 4311.76666 3.4637 "" "" "" "" "" "" 0.002890068962978853 "" "" "" 16.55752659569 61.99347170668 2284.74731 -3.668 -0.9769999999999996
16.6552020122 62.20910322157 0.0377 0.04 1.1626 "" "" 522849394271096448 2438.34814 0.396 0.0568 -2.072 -0.465 0.043 0.056 1.081 "" "" 16.610117 1.809112 17.4899 15.680789 "" "" 2128.77393 2786.44678 4274.64623 2.3017 1378.7 7.3377 4234.9 9.3856 "" "" 0.002816659129399964 0.0064168535 0.004480383 0.010897236 16.6552020122 62.20910322157 2438.34814 -2.072 -0.46499999999999997
16.26901320704 62.17412115549 0.0345 0.0369 10.137 "" "" 522845236742765440 2996.07568 0.3264 0.0508 -1.222 -1.481 0.044 0.062 0.981 "" "" 16.61295 1.467435 17.277542 15.810107 "" "" 2537.6106 3817.62231 4263.50718 1.8218 1676.5 6.1484 3759.4 10.061 "" "" 0.0027941055694687186 0.004862101 0.00476725 0.00962935 16.26901320704 62.17412115549 2996.07568 -1.222 -1.481
16.34233452018 62.00243692624 0.0294 0.0339 15.0956 "" "" 522747242770012160 2590.09082 0.3814 0.0435 -1.438 -1.054 0.038 0.048 0.96 8601.7 4.454 16.61305 1.51267 17.300993 15.788323 "" "" 2329.81177 2926.52271 4263.10714 1.7985 1640.7 5.5054 3835.6 7.2815 "" "" 0.002793133537069755 0.0045889015 0.004304894 0.008893795 16.34233452018 62.00243692624 2590.09082 -1.438 -1.0539999999999998
16.64051978273 62.44511738685 0.0324 0.0375 13.6227 "" "" 522876882062528384 2800.02197 0.3532 0.0488 -1.504 0.599 0.037 0.049 0.971 9012.8 4.4756 16.613579 1.65958 17.39143 15.73185 "" "" 2460.57983 3170.45654 4261.03323 2.184 1509.5 9.8418 4040.3 7.7642 "" "" 0.002810956626406403 0.0076089324 0.004317058 0.01192599 16.64051978273 62.44511738685 2800.02197 -1.5039999999999996 0.599
16.43181176601 61.99350766748 0.0296 0.0339 14.471 "" "" 522747036611589888 2148.8269 0.4459 0.0429 -1.87 -0.169 0.039 0.049 0.988 7656.7 4.3326 16.61405 1.462097 17.27505 15.812952 "" "" 1966.39319 2361.41455 4259.18588 1.7511 1680.3 7.5572 3749.5 7.2996 "" "" 0.0027912448998080623 0.005624057 0.004330311 0.009954368 16.43181176601 61.99350766748 2148.8269 -1.87 -0.16900000000000007
16.63437717426 62.37556278445 0.0373 0.0414 9.446 "" "" 522852658446108416 2624.74292 0.3447 0.0565 -0.047 -0.344 0.043 0.058 1.011 "" "" 16.61587 2.929584 18.30831 15.378725 "" "" 2278.61572 3135.22583 4252.05843 2.5964 648.77 7.5385 5593.3 11.484 "" "" 0.0028339591273993654 0.012920764 0.004387832 0.017308597 16.63437717426 62.37556278445 2624.74292 -0.047 -0.3439999999999999
16.23390602093 62.04968094785 0.0302 0.035 14.7905 "" "" 522750575657074048 2669.4502 0.3559 0.0445 -1.202 -0.3 0.038 0.052 1.015 7466.3 4.3643 16.618277 1.444466 17.264118 15.819653 "" "" 2299.26147 3056.29541 4242.63642 1.9391 1697.3 9.8281 3726.5 9.1534 "" "" 0.0027996499871481627 0.0068782214 0.0046255863 0.011503808 16.23390602093 62.04968094785 2669.4502 -1.202 -0.30000000000000016
16.60134446339 62.2091095045 0.0347 0.0392 0.7332 "" "" 522849050673793664 2492.17969 0.3927 0.0504 -1.997 -0.412 0.041 0.057 1.025 9299.8 4.0732 16.621302 1.628051 17.38577 15.75772 "" "" 2203.72266 2673.97583 4230.8358 2.1083 1517.4 7.5238 3945.2 7.7088 "" "" 0.0028079378989244817 0.0060635535 0.004334105 0.010397659 16.60134446339 62.2091095045 2492.17969 -1.9970000000000003 -0.4119999999999998
17.02885010545 62.19004209437 0.0357 0.0403 11.6026 "" "" 522659281840891776 2759.21851 0.3564 0.0526 -4.68 1.636 0.04 0.051 0.974 8068.2 4.2743 16.627548 1.744061 17.463333 15.719273 "" "" 2325.03882 3485.6853 4206.56484 2.0342 1412.8 7.7581 4087.4 7.2952 "" "" 0.0028048981787343096 0.006582677 0.004247221 0.010829898 17.02885010545 62.19004209437 2759.21851 -4.680000000000001 1.6360000000000001
16.98093939997 62.02794845529 0.0323 0.0376 15.2893 "" "" 522656429982667264 2627.00244 0.3702 0.0512 -2.525 -0.466 0.042 0.052 0.987 "" "" 16.628506 1.361618 17.200418 15.8388 "" "" 2302.22974 3006.34814 4202.85814 1.9958 1799.9 15.411 3661.3 17.042 "" "" 0.0028031433797878983 0.009705922 0.0063105957 0.016016517 16.98093939997 62.02794845529 2627.00244 -2.5249999999999995 -0.4660000000000001
17.00338554877 62.13199753118 0.0356 0.042 11.9555 "" "" 522658697725357056 2775.39502 0.3416 0.0564 0.578 -2.369 0.046 0.058 1.024 7627.3 4.4194 16.631157 1.679674 17.43259 15.752916 "" "" 2397.60205 3283.89673 4192.60173 2.0687 1453.4 7.4088 3962.7 11.024 "" "" 0.002806917493118969 0.0061981417 0.0048380652 0.011036207 17.00338554877 62.13199753118 2775.39502 0.578 -2.3689999999999998
16.33268040923 62.08791492972 0.0312 0.0342 11.1993 "" "" 522844343389603456 2798.48535 0.3544 0.046 -3.442 0.026 0.039 0.049 1.036 "" "" 16.632818 1.403401 17.26078 15.857379 "" "" 2541.96021 3130.92603 4186.19839 1.8542 1702.6 7.6648 3599.2 7.0928 "" "" 0.0027969735253855804 0.0056281025 0.0043430044 0.009971106 16.33268040923 62.08791492972 2798.48535 -3.442 0.02599999999999989
17.12670086516 62.14606077291 0.0378 0.0397 14.8718 "" "" 522658899578386816 2815.94043 0.362 0.0559 -4.031 0.978 0.048 0.054 0.98 7887.0 4.2241 16.636742 1.721915 17.454664 15.732749 "" "" 2432.09985 3318.9668 4171.0984 2.1121 1424.1 7.6266 4037.0 10.503 "" "" 0.002809634606512839 0.006449328 0.0047183577 0.0111676855 17.12670086516 62.14606077291 2815.94043 -4.031 0.978
16.40806907736 62.07714785452 0.2405 0.2586 10.3228 "" "" 522841697689753984 2745.33276 0.6649 0.3569 -5.278 -2.396 0.302 0.361 9.012 "" "" 16.639734 2.092992 17.504036 15.411044 "" "" 1541.75195 5080.09912 4159.61605 11.077 1360.8 7.6759 5429.3 10.842 "" "" 0.003993921223064418 0.006729977 0.0043571335 0.01108711 16.40806907736 62.07714785452 2745.33276 -5.277999999999999 -2.396
16.72825599184 62.03297831133 0.0336 0.0379 11.5369 "" "" 522654162239810304 2228.0022 0.4271 0.0494 -3.886 -1.093 0.043 0.051 0.982 8127.9 4.2092 16.644398 1.766023 17.495455 15.729432 "" "" 1998.08569 2473.01025 4141.7889 2.0615 1371.6 7.5128 4049.3 10.169 "" "" 0.00280781542182539 0.0065690163 0.0046602697 0.011229286 16.72825599184 62.03297831133 2228.0022 -3.886 -1.093
16.24958834088 62.35482564047 0.0387 0.0388 13.1578 "" "" 522854582591459456 2497.04932 0.3949 0.0554 -8.746 -1.638 0.045 0.055 1.169 "" "" 16.647568 1.290757 16.237806 14.947049 "" "" 2134.62598 2911.48657 4129.71024 4.0561 4368.1 2609.4 8324.1 4853.8 "" "" 0.0029544818362530257 0.6485992 0.63310623 1.2817054 16.24958834088 62.35482564047 2497.04932 -8.746 -1.6379999999999995
16.50248288528 61.98955971958 0.0307 0.0372 14.1064 "" "" 522840082782068992 2733.34326 0.3548 0.0455 -0.251 -0.776 0.04 0.049 1.03 9301.2 4.387 16.659092 1.215654 17.182447 15.966793 "" "" 2390.12695 3120.21216 4086.10583 1.8595 1829.9 7.4165 3254.2 7.6591 "" "" 0.0027992712870264034 0.0052104616 0.0045622103 0.009772671 16.50248288528 61.98955971958 2733.34326 -0.251 -0.776
16.43946185506 62.24912123935 0.0364 0.0368 5.3383 "" "" 522853002043586560 2901.68262 0.3358 0.0512 -1.982 -0.552 0.042 0.052 0.989 9273.2 3.9757 16.671494 1.88932 17.60121 15.711889 "" "" 2490.12793 3910.50928 4039.70322 2.0151 1244.3 8.4303 4115.3 10.613 "" "" 0.0028080438424384476 0.007867395 0.004703598 0.012570993 16.43946185506 62.24912123935 2901.68262 -1.9820000000000004 -0.5519999999999999
16.49987098006 62.18059317545 0.0352 0.0395 4.0201 "" "" 522843827993495296 2500.88452 0.3834 0.0529 -2.075 -0.486 0.042 0.053 1.019 "" "" 16.675861 1.705862 17.47744 15.771578 "" "" 2222.33594 2793.36353 4023.48218 2.0091 1394.6 8.1328 3895.2 9.0969 "" "" 0.0028081527424041117 0.0069191363 0.0045511764 0.011470312 16.49987098006 62.18059317545 2500.88452 -2.075 -0.486
16.20188319548 62.30570246872 0.0365 0.0382 12.7646 "" "" 522848535277545856 2368.62769 0.4165 0.0538 -0.451 -1.384 0.042 0.056 1.032 6346.1 4.0618 16.68005 1.996923 17.687428 15.690504 "" "" 2094.46753 2692.51978 4007.98973 1.9595 1149.3 6.6159 4197.2 6.1591 "" "" 0.0028059853351147506 0.006844524 0.0041014813 0.010946006 16.20188319548 62.30570246872 2368.62769 -0.45099999999999996 -1.384
16.12646864222 62.29991913686 0.0358 0.0381 14.5912 "" "" 522860183228855680 3032.98779 0.3015 0.0525 -1.07 -0.7 0.041 0.056 1.019 "" "" 16.680984 1.33945 17.273434 15.933984 "" "" 2564.09692 3612.30444 4004.54123 1.9138 1682.8 6.9706 3354.0 9.261 "" "" 0.0028037523559988724 0.005292608 0.0048240246 0.010116633 16.12646864222 62.29991913686 3032.98779 -1.07 -0.7
16.64660682948 62.2436098852 0.0399 0.0408 1.7083 "" "" 522849531710021376 2713.38306 0.3564 0.0565 -2.063 -0.566 0.043 0.055 1.091 9480.6 4.1701 16.685175 1.666735 17.434113 15.767378 "" "" 2364.51294 3243.47485 3989.11717 2.2077 1451.3 12.112 3910.3 17.272 "" "" 0.0028200790596866632 0.009481 0.006105979 0.015586979 16.64660682948 62.2436098852 2713.38306 -2.063 -0.566
16.13696821379 62.31230231212 0.0347 0.0377 14.5837 "" "" 522860217588582912 2594.65967 0.367 0.0518 -4.244 -0.851 0.039 0.055 0.973 7168.2 4.3283 16.687595 1.695499 17.496372 15.800874 "" "" 2303.84082 2927.12549 3980.23546 1.9736 1370.5 7.6188 3791.5 6.4393 "" "" 0.0028074229150573038 0.0066494686 0.0042052255 0.010854694 16.13696821379 62.31230231212 2594.65967 -4.243999999999999 -0.8510000000000006
16.79603072896 62.25986528319 0.0385 0.0421 5.55 "" "" 522663267570456960 2189.40283 0.4413 0.0565 0.86 0.596 0.044 0.058 0.959 6440.0 4.2106 16.688267 2.1473 17.79741 15.650109 "" "" 1932.35559 2484.28345 3977.77118 2.0456 1038.6 7.0607 4356.3 7.7619 "" "" 0.0028113239310927278 0.007890903 0.0042457175 0.012136621 16.79603072896 62.25986528319 2189.40283 0.8600000000000001 0.5959999999999999
16.32819743743 62.35224275104 0.0378 0.0394 11.4131 "" "" 522854720030418944 2411.72705 0.3868 0.0538 1.453 -0.812 0.042 0.055 1.052 8558.7 4.462 16.693157 1.618852 17.461794 15.842942 "" "" 2140.34521 2924.95435 3959.89862 2.0153 1414.8 11.951 3647.4 14.366 "" "" 0.0028101801842794543 0.009586385 0.0057071177 0.015293503 16.32819743743 62.35224275104 2411.72705 1.4530000000000003 -0.812
16.30775642715 62.04317980618 0.0309 0.036 13.6536 "" "" 522750335146437120 3024.91162 0.3009 0.0455 -1.833 -1.792 0.04 0.051 0.985 7990.6 4.404 16.705355 1.39189 17.327505 15.935615 "" "" 2676.56812 3545.50073 3915.65815 1.7288 1601.1 6.98 3349.0 7.4615 "" "" 0.0027967084339940197 0.0054944423 0.004487234 0.009981677 16.30775642715 62.04317980618 3024.91162 -1.833 -1.7920000000000003
16.53190765617 61.98101865312 0.0339 0.0412 14.4436 "" "" 522839876623639936 3016.67212 0.312 0.0497 -0.518 -1.164 0.044 0.056 1.025 6144.0 4.4298 16.705948 1.465682 17.347746 15.882064 "" "" 2637.11914 3454.22949 3913.51947 2.1195 1571.5 7.8318 3518.3 10.748 "" "" 0.0028173664906439673 0.0060879514 0.0050284076 0.011116359 16.53190765617 61.98101865312 3016.67212 -0.518 -1.1640000000000001
16.83144515941 62.41870190079 0.0354 0.0394 13.4078 "" "" 522875679471777280 2467.38989 0.3897 0.0521 -2.598 1.011 0.04 0.059 1.003 5232.3 3.8028 16.70694 2.073137 17.715775 15.642637 "" "" 2219.25171 2833.09351 3909.94685 2.0458 1119.7 11.178 4386.4 27.641 "" "" 0.0028132747602487994 0.011192303 0.007816255 0.019008558 16.83144515941 62.41870190079 2467.38989 -2.598 1.011
16.57864711393 62.03894155327 0.0321 0.0397 10.8198 "" "" 522840529458659712 3061.21924 0.317 0.0489 -3.03 1.238 0.042 0.058 1.027 8450.8 4.2093 16.707499 1.469618 17.377047 15.907429 "" "" 2679.80713 3489.19873 3907.93605 1.7992 1529.7 9.9346 3437.1 8.3494 "" "" 0.0028002961509704404 0.007583251 0.004608684 0.012191935 16.57864711393 62.03894155327 3061.21924 -3.0299999999999994 1.238
16.09338453171 62.2014388463 0.0368 0.0405 14.7277 "" "" 522857984205673344 2727.25098 0.3625 0.0563 -4.575 0.288 0.045 0.064 1.039 7666.1 4.2057 16.709257 1.983424 17.695425 15.712001 "" "" 2405.9375 3203.41382 3901.60978 2.1069 1140.9 9.291 4114.9 10.492 "" "" 0.002817009803973755 0.009271566 0.004684823 0.013956388 16.09338453171 62.2014388463 2727.25098 -4.575000000000001 0.28800000000000026
16.66121223489 62.21284794445 0.0392 0.0413 1.2354 "" "" 522849394271093248 3066.75098 0.3093 0.0577 -2.126 -0.64 0.046 0.058 1.026 "" "" 16.720575 1.761791 17.569962 15.80817 "" "" 2637.44385 3614.31665 3861.14666 1.8233 1280.7 6.8952 3766.1 7.9911 "" "" 0.002802615582191901 0.006477287 0.0044261813 0.010903468 16.66121223489 62.21284794445 3066.75098 -2.126 -0.6400000000000001
16.57288975402 62.23517961787 0.0397 0.0418 1.631 "" "" 522850218904793216 3102.3103 0.3076 0.0568 -1.998 -0.542 0.044 0.056 1.006 9221.9 4.2955 16.724726 1.591615 17.465853 15.874238 "" "" 2661.46826 3621.28735 3846.41472 1.9715 1409.5 8.0421 3543.7 7.9077 "" "" 0.0028109573816621305 0.0067941775 0.004489286 0.011283463 16.57288975402 62.23517961787 3102.3103 -1.9980000000000002 -0.5419999999999999
16.63474490741 61.9687154128 0.0349 0.0394 14.982 "" "" 522652203734735744 2443.36523 0.3939 0.0505 -0.022 -4.753 0.045 0.053 0.958 6150.6 4.4163 16.74361 1.513278 17.446238 15.93296 "" "" 2155.90674 2901.24097 3780.09135 1.9645 1435.2 5.8093 3357.2 7.4147 "" "" 0.00281250263450162 0.005205671 0.004475925 0.0096815955 16.63474490741 61.9687154128 2443.36523 -0.021999999999999575 -4.753
16.39964198177 62.32028722515 0.0391 0.04 8.6499 "" "" 522853826677250432 2201.22876 0.4405 0.0577 -4.169 0.381 0.043 0.054 1.016 6014.9 4.2059 16.74535 2.083498 17.802523 15.719025 "" "" 1926.75342 2512.24487 3774.04094 1.9266 1033.7 12.667 4088.4 9.135 "" "" 0.002810513738142683 0.013594074 0.0044909795 0.018085053 16.39964198177 62.32028722515 2201.22876 -4.1690000000000005 0.38099999999999995
16.08361406173 62.27630806496 0.0393 0.0423 15.3475 "" "" 522859873991227392 2933.07007 0.3132 0.0611 -1.577 -0.43 0.047 0.067 1.049 "" "" 16.747658 1.373687 17.357769 15.984082 "" "" 2508.94092 3604.08765 3766.02968 1.9975 1557.1 8.3535 3202.8 11.342 "" "" 0.0028148570241530195 0.0064585297 0.0053913747 0.011849904 16.08361406173 62.27630806496 2933.07007 -1.5770000000000002 -0.42999999999999994
16.86251467879 62.11428631501 0.0373 0.0432 9.2538 "" "" 522659969035681152 2372.82324 0.405 0.0572 -3.306 -1.329 0.048 0.058 1.045 5329.1 3.3691 16.74836 2.403937 18.0437 15.639762 "" "" 2069.46704 2809.86182 3763.59356 2.2434 827.82 6.1679 4398.0 8.664 "" "" 0.00283030698445338 0.008557235 0.004342644 0.012899879 16.86251467879 62.11428631501 2372.82324 -3.306 -1.3290000000000004
16.75051594144 62.31514665893 0.0435 0.0449 6.8795 "" "" 522851524574800256 2558.57764 0.3472 0.0619 -2.419 -1.882 0.052 0.065 1.066 7627.8 3.6976 16.748877 3.141033 18.598824 15.45779 "" "" 2238.96875 3045.28003 3761.80351 2.3363 496.46 7.2172 5200.5 11.121 "" "" 0.002836631367154532 0.016028417 0.0044355877 0.020464005 16.75051594144 62.31514665893 2558.57764 -2.4189999999999996 -1.882
16.12336249961 62.20548717772 0.0399 0.0437 13.8747 "" "" 522857949845932416 2107.69971 0.4636 0.0619 -3.684 1.349 0.049 0.066 1.117 8581.7 4.4537 16.755178 1.742876 17.591497 15.848621 "" "" 1837.86694 2459.28271 3740.03483 1.9362 1255.5 8.8506 3628.4 9.9463 "" "" 0.0028120676422316005 0.008146568 0.004810597 0.012957165 16.12336249961 62.20548717772 2107.69971 -3.684 1.349
