Clusters/NGC_366/NGC_366_members.tsv
# %ECSV 1.0
# ---
# datatype:
# - name: RA_ICRS_1
#   unit: deg
#   datatype: float64
#   format: '{:15.11f}'
#   description: Right ascension (ICRS) at Ep=2016.0 (ra)
#   meta: !!omap
#   - {ucd: POS_EQ_RA_MAIN}
#   - {width: 15}
#   - {precision: '11'}
# - name: DE_ICRS_1
#   unit: deg
#   datatype: float64
#   format: '{:15.11f}'
#   description: Declination (ICRS) at Ep=2016.0 (dec)
#   meta: !!omap
#   - {ucd: POS_EQ_DEC_MAIN}
#   - {width: 15}
#   - {precision: '11'}
# - name: e_RA_ICRS
#   unit: mas
#   datatype: float64
#   format: '{:7.4f}'
#   description: Standard error of right ascension (ra_error)
#   meta: !!omap
#   - {ucd: ERROR}
#   - {width: 7}
#   - {precision: '4'}
# - name: e_DE_ICRS
#   unit: mas
#   datatype: float64
#   format: '{:7.4f}'
#   description: Standard error of declination (dec_error)
#   meta: !!omap
#   - {ucd: ERROR}
#   - {width: 7}
#   - {precision: '4'}
# - name: _r_1
#   unit: ''
#   datatype: float64
#   format: '{:7.4f}'
#   description: Distance from center (016.61861779000+62.21830084000)[ICRS], at Epoch=J2016.0
#   meta: !!omap
#   - {ucd: POS_ANG_DIST_GENERAL}
#   - {width: 7}
#   - {precision: '4'}
# - name: HIP
#   datatype: int32
#   description: '? HIP cross-id number, van Leeuwen, Cat. I/311 (hip_original_ext_source_id)'
#   meta: !!omap
#   - {ucd: ID_NUMBER}
#   - {width: 6}
#   - values: {'null': -2147483648}
# - name: TYC2
#   datatype: string
#   description: Tycho-2 cross-id name, Hog et al., Cat. I/259 (tyc2_original_ext_source_id)
#   meta: !!omap
#   - {ucd: ID_CROSSID}
#   - {_votable_string_dtype: char}
# - name: Source
#   datatype: int64
#   description: Source identifier, identical to the Gaia-EDR3 source_id (id)
#   meta: !!omap
#   - {ucd: ID_MAIN}
#   - {width: 19}
# - name: rgeo
#   unit: pc
#   datatype: float64
#   format: '{:15.8f}'
#   description: '? Median of the geometric distance posterior (r_med_geo)'
#   meta: !!omap
#   - {ucd: PHYS_DISTANCE_TRUE}
#   - {width: 15}
#   - {precision: '8'}
#   - values: {'null': .nan}
# - name: Plx
#   unit: mas
#   datatype: float64
#   format: '{:9.4f}'
#   description: '? Parallax (parallax)'
#   meta: !!omap
#   - {ucd: POS_PARLX_TRIG}
#   - {width: 9}
#   - {precision: '4'}
#   - values: {'null': .nan}
# - name: e_Plx
#   unit: mas
#   datatype: float32
#   format: '{:7.4f}'
#   description: '? Standard error of parallax (parallax_error)'
#   meta: !!omap
#   - {ucd: ERROR}
#   - {width: 7}
#   - {precision: '4'}
#   - values: {'null': .nan}
# - name: pmRA
#   unit: mas / yr
#   datatype: float64
#   format: '{:9.3f}'
#   description: '? Proper motion in right ascension direction, pmRA*cosDE (pmra)'
#   meta: !!omap
#   - {ucd: POS_EQ_PMRA}
#   - {width: 9}
#   - {precision: '3'}
#   - values: {'null': .nan}
# - name: pmDE
#   unit: mas / yr
#   datatype: float64
#   format: '{:9.3f}'
#   description: '? Proper motion in declination direction (pmdec)'
#   meta: !!omap
#   - {ucd: POS_EQ_PMDEC}
#   - {width: 9}
#   - {precision: '3'}
#   - values: {'null': .nan}
# - name: e_pmRA
#   unit: mas / yr
#   datatype: float32
#   format: '{:6.3f}'
#   description: '? Standard error of proper motion in right ascension direction (pmra_error)'
#   meta: !!omap
#   - {ucd: ERROR}
#   - {width: 6}
#   - {precision: '3'}
#   - values: {'null': .nan}
# - name: e_pmDE
[...]
#       distance: !astropy.table.SerializedColumn
#         __class__: astropy.coordinates.distances.Distance
#         unit: !astropy.units.Unit {unit: pc}
#         value: !astropy.table.SerializedColumn {name: SkyCoord.distance}
#       frame: icrs
#       obstime: !astropy.time.Time {format: jyear_str, in_subfmt: '*', jd1: 367701545.0, jd2: 0.0, out_subfmt: '*', precision: 3, scale: tt}
#       pm_dec: !astropy.table.SerializedColumn
#         __class__: astropy.units.quantity.Quantity
#         unit: !astropy.units.Unit {unit: mas / yr}
#         value: !astropy.table.SerializedColumn {name: SkyCoord.pm_dec}
#       pm_ra_cosdec: !astropy.table.SerializedColumn
#         __class__: astropy.units.quantity.Quantity
#         unit: !astropy.units.Unit {unit: mas / yr}
#         value: !astropy.table.SerializedColumn {name: SkyCoord.pm_ra_cosdec}
#       ra: !astropy.table.SerializedColumn
#         __class__: astropy.coordinates.angles.Longitude
#         unit: *id001
#         value: !astropy.table.SerializedColumn {name: SkyCoord.ra}
#         wrap_angle: !astropy.coordinates.Angle
#           unit: *id001
#           value: 360.0
#       representation_type: spherical
# schema: astropy-2.0
RA_ICRS_1 DE_ICRS_1 e_RA_ICRS e_DE_ICRS _r_1 HIP TYC2 Source rgeo Plx e_Plx pmRA pmDE e_pmRA e_pmDE RUWE Teff logg Gmag BP-RP BPmag RPmag RV e_RV b_rgeo B_rgeo FG e_FG FBP e_FBP FRP e_FRP RAVE5 RAVE6 e_Gmag e_BPmag e_RPmag e_BP-RP SkyCoord.ra SkyCoord.dec SkyCoord.distance SkyCoord.pm_ra_cosdec SkyCoord.pm_dec rmRA rmDE e_rmRA e_rmDE rRV e_rRV v_pec v_pec3d e_vpec e_vpec3d Pmemb
16.62311179401 62.21281284283 0.0095 0.01 0.3525 "" 4021-1524-1 522849085033446784 2474.00806 0.3811 0.0141 -2.232 -0.636 0.011 0.014 0.931 "" "" 10.986458 1.573611 11.708708 10.135097 "" "" 2385.86646 2576.5354 759213.19918 203.71 283100.0 212.02 700030.0 338.88 "" "" 0.002770678214969876 0.0029062403 0.003815754 0.0067219944 16.62311179401 62.21281284283 2474.00806 -2.232 -0.6360000000000001 -0.14745939445495626 -0.12691893434524537 0.0862709 0.0892709 "" "" 2.2815385940516757 "" 0.19977181260455756 "" 1.0
16.61265832931 62.24609346233 0.0107 0.0105 1.6759 "" 4021-1558-1 522849497350280064 2681.14624 0.3489 0.0153 -2.101 -0.693 0.012 0.014 0.99 "" "" 11.075142 1.599409 11.816739 10.21733 "" "" 2552.62793 2822.54395 699664.84097 296.84 256280.0 267.95 648970.0 845.15 "" "" 0.0027935593332378524 0.003012254 0.004035217 0.007047471 16.61265832931 62.24609346233 2681.14624 -2.1009999999999995 -0.6930000000000012 -0.016459394454956033 -0.1839189343452453 0.0872709 0.0892709 "" "" 2.3466994814142965 "" 0.20945509225140793 "" 0.9
16.63282604594 62.22550005252 0.0127 0.0132 0.5869 "" 4021-1664-1 522849394271082496 2506.51831 0.3674 0.0185 -2.092 -0.524 0.015 0.018 1.257 "" "" 11.474504 1.50542 12.16087 10.65545 "" "" 2421.83252 2616.64771 484334.07348 282.15 186670.0 296.44 433490.0 342.73 "" "" 0.002826984867545248 0.0032799237 0.0038756423 0.007155566 16.63282604594 62.22550005252 2506.51831 -2.092 -0.524 -0.007459394454956136 -0.014918934345245383 0.0902709 0.0932709 "" "" 0.19817149497261097 "" 0.018366271874656333 "" 1.0
16.62486427888 62.21350921916 0.0092 0.0096 0.3364 "" "" 522849012014706304 2554.9353 0.3604 0.0135 -2.128 -0.524 0.011 0.013 0.991 16460.9 3.3992 11.750688 1.573117 12.467964 10.894847 "" "" 2458.44189 2642.12891 375553.30574 205.48 140680.0 299.39 347710.0 494.6 "" "" 0.002818631512718433 0.0036227105 0.0040827584 0.0077054687 16.62486427888 62.21350921916 2554.9353 -2.128 -0.524 -0.04345939445495617 -0.014918934345245383 0.0862709 0.0882709 "" "" 0.5564582181767234 "" 0.04812468907801181 "" 1.0
16.6398457319 62.2249133616 0.0092 0.0093 0.714 "" "" 522849424335190272 2826.35522 0.3285 0.0135 -2.088 -0.758 0.011 0.013 1.023 16560.5 3.3632 11.903173 1.382819 12.515036 11.132216 "" "" 2705.53687 2916.83545 326345.22624 59.194 134710.0 118.93 279430.0 134.25 "" "" 0.00276234920368226 0.0029502322 0.0038152102 0.0067654424 16.6398457319 62.2249133616 2826.35522 -2.087999999999999 -0.7580000000000005 -0.003459394454956133 -0.24891893434524537 0.0862709 0.0882709 "" "" 3.335070011581205 "" 0.29438836679765606 "" 1.0
16.54630936495 62.18235753063 0.0085 0.0092 2.9572 "" "" 522843789329799424 2504.70312 0.3836 0.0126 -2.182 -0.585 0.01 0.013 1.041 "" "" 12.063121 1.298595 12.629021 11.330425 11.52 25.31 2423.19067 2588.90356 281642.54902 82.268 121290.0 103.4 232800.0 185.02 "" "" 0.0027735122032811086 0.0029396887 0.003876638 0.0068163266 16.54630936495 62.18235753063 2504.70312 -2.182 -0.5850000000000001 -0.097459394454956 -0.07591893434524533 0.0852709 0.0882709 37.1025 37.9525 1.4666976002637795 37.13147866838351 0.12674626506337328 37.92288029925301 1.0
16.64376042564 62.22581942306 0.0088 0.0097 0.8353 "" "" 522849424326652928 2542.67041 0.382 0.0136 -1.981 -0.518 0.01 0.014 1.035 "" "" 12.74472 1.398678 13.36659 11.967913 "" "" 2464.78687 2615.07153 150334.49689 28.754 61487.0 53.528 129420.0 63.838 "" "" 0.0027631348643293954 0.00294592 0.003817138 0.006763058 16.64376042564 62.22581942306 2542.67041 -1.9809999999999999 -0.5179999999999999 0.10354060554504385 -0.008918934345245377 0.0852709 0.0892709 "" "" 1.2525192170403467 "" 0.10684119643856917 "" 1.0
16.6403652969 62.21771771493 0.0093 0.0095 0.6092 "" "" 522849394271088896 2652.9646 0.3454 0.0137 -2.058 -0.387 0.011 0.013 1.128 15677.9 3.553 13.151914 1.630454 13.912766 12.282311 "" "" 2566.18799 2750.11743 103319.28066 28.329 37180.0 48.47 96880.0 47.599 "" "" 0.0027713557682904344 0.0031286555 0.0038168428 0.0069454983 16.6403652969 62.21771771493 2652.9646 -2.058 -0.3870000000000001 0.026540605545044116 0.12208106565475463 0.0862709 0.0882709 "" "" 1.5710357682634517 "" 0.13853647764750476 "" 1.0
16.65797606674 62.22248216841 0.0093 0.0094 1.1289 "" "" 522849428630823936 2526.48657 0.3678 0.0136 -2.059 -0.476 0.011 0.013 1.071 15176.0 3.4756 13.280961 1.447026 13.930296 12.48327 "" "" 2432.42578 2606.80176 91740.77981 18.803 36585.0 30.222 80510.0 44.781 "" "" 0.0027642917908807622 0.0029307813 0.0038273265 0.006758108 16.65797606674 62.22248216841 2526.48657 -2.059 -0.4759999999999998 0.025540605545043782 0.03308106565475466 0.0862709 0.0882709 "" "" 0.5004975309490737 "" 0.043808208091016466 "" 1.0
16.47834133986 62.23273030616 0.0091 0.0098 4.0165 "" "" 522850047106099968 2606.15625 0.3516 0.0134 -2.052 -0.473 0.011 0.014 1.069 14056.4 3.7481 13.464933 1.32389 14.043901 12.720012 "" "" 2505.38159 2707.17285 77441.41807 15.793 32950.0 24.166 64737.0 33.255 "" "" 0.002764202588837442 0.0029015741 0.0038203136 0.0067218877 16.47834133986 62.23273030616 2606.15625 -2.052 -0.473 0.0325406055450439 0.03608106565475466 0.0862709 0.0892709 "" "" 0.6002087845558239 "" 0.05278111636486277 "" 1.0
16.5747805986 62.24194059688 0.0113 0.0117 1.8745 "" "" 522850218904787968 2541.68872 0.36 0.0168 -2.063 -0.482 0.012 0.015 1.117 15002.8 3.7066 13.753378 1.334251 14.339493 13.005241 "" "" 2443.58057 2644.23242 59373.91134 15.859 25097.0 26.004 49781.0 32.036 "" "" 0.0027705400001401953 0.003008424 0.0038434265 0.0068518505 16.5747805986 62.24194059688 2541.68872 -2.063 -0.4820000000000003 0.02154060554504378 0.027081065654754655 0.0872709 0.0902709 "" "" 0.4168857307952394 "" 0.03715300404638307 "" 1.0
16.61266981928 62.23955463183 0.0114 0.0117 1.286 "" "" 522849497350285696 2285.71826 0.4041 0.0167 -1.976 -0.488 0.012 0.015 1.126 "" "" 13.800385 1.487911 14.475073 12.987162 "" "" 2217.35742 2373.3689 56858.12455 17.536 22151.0 31.513 50617.0 31.971 "" "" 0.002775593651769373 0.003189183 0.003841096 0.0070302794 16.61266981928 62.23955463183 2285.71826 -1.976 -0.488 0.10854060554504397 0.02108106565475465 0.0872709 0.0902709 "" "" 1.1979367806381036 "" 0.1046778222361604 "" 1.0
16.62095754795 62.21397206969 0.0125 0.0127 0.2678 "" "" 522849085033445888 2692.94409 0.3415 0.0181 -2.06 -0.521 0.014 0.017 1.118 11796.6 3.7013 13.873327 1.477356 14.521379 13.044023 "" "" 2560.11084 2833.68555 53163.79626 22.99 21226.0 41.641 48034.0 93.667 "" "" 0.0027950369465151426 0.0035102563 0.004332005 0.007842261 16.62095754795 62.21397206969 2692.94409 -2.0599999999999996 -0.521 0.024540605545043892 -0.01191893434524538 0.0892709 0.092270896 "" "" 0.34824137090061774 "" 0.031289914034035186 "" 1.0
16.62022847084 62.21925415455 0.0117 0.0118 0.0728 "" "" 522849462990563328 2703.14551 0.3411 0.0175 -2.101 -0.571 0.013 0.016 1.074 15118.1 3.8935 13.996562 1.658325 14.776705 13.11838 -73.19 11.93 2576.99707 2844.896 47459.36352 12.708 16778.0 19.434 44855.0 29.07 "" "" 0.002770615337012856 0.0030604955 0.0038443275 0.006904823 16.62022847084 62.21925415455 2703.14551 -2.101 -0.571 -0.016459394454956033 -0.06191893434524531 0.0882709 0.0912709 -47.6075 24.5725 0.8209132460025068 47.61457712515635 0.07476545705560739 24.568847963967077 1.0
16.65649135802 62.22473142624 0.0116 0.0119 1.1272 "" "" 522849428630822272 2330.85229 0.3942 0.0171 -2.005 -0.499 0.014 0.016 0.958 15002.5 3.6685 14.103023 1.708985 14.913252 13.204267 "" "" 2244.7854 2421.63135 43026.68669 14.806 14795.0 26.529 41443.0 37.473 "" "" 0.0027805354624464503 0.0034022394 0.0039048071 0.0073070466 16.65649135802 62.22473142624 2330.85229 -2.005 -0.499 0.07954060554504405 0.01008106565475464 0.0892709 0.0912709 "" "" 0.8858136579359187 "" 0.07910569703413436 "" 1.0
16.73118207838 62.19458160216 0.0116 0.0125 3.4559 "" "" 522661480864065792 2582.3811 0.3626 0.018 -2.064 -0.518 0.013 0.017 0.988 "" "" 14.127852 1.215002 14.64704 13.432038 "" "" 2466.11011 2698.17725 42053.89931 7.3645 18906.0 17.986 33600.0 19.242 "" "" 0.002761872660816026 0.0029752203 0.0038301873 0.006805408 16.73118207838 62.19458160216 2582.3811 -2.064 -0.5179999999999999 0.02054060554504389 -0.008918934345245377 0.0882709 0.092270896 "" "" 0.27410597248051266 "" 0.024372799138386872 "" 1.0
16.67830162082 62.23377448819 0.0119 0.0129 1.9096 "" "" 522849325551600512 2600.9978 0.3493 0.0177 -2.146 -0.479 0.013 0.018 1.069 15041.6 4.108 14.187137 1.538698 14.891339 13.352641 "" "" 2481.6731 2727.0293 39819.1536 8.4516 15097.0 18.589 36149.0 18.009 "" "" 0.002764940371811257 0.003093909 0.0038178922 0.006911801 16.67830162082 62.23377448819 2600.9978 -2.1460000000000012 -0.4789999999999999 -0.06145939445495596 0.030081065654754657 0.0882709 0.0932709 "" "" 0.8436065687440101 "" 0.07529951337261928 "" 1.0
16.62670671034 62.21861365694 0.0134 0.0137 0.227 "" "" 522849462990564352 2652.573 0.3425 0.0199 -2.108 -0.318 0.015 0.018 1.106 "" "" 14.407885 1.885266 15.303904 13.418637 "" "" 2528.24463 2794.69873 32493.22993 10.53 10324.0 22.869 34018.0 173.92 "" "" 0.002777694923769033 0.0036836527 0.0067153894 0.010399042 16.62670671034 62.21861365694 2652.573 -2.108 -0.318 -0.02345939445495615 0.19108106565475463 0.0902709 0.0932709 "" "" 2.4205383544890893 "" 0.22565966619735447 "" 1.0
16.63854387967 62.20749034525 0.0127 0.0135 0.8552 "" "" 522849016313975296 2757.12524 0.3295 0.0188 -2.049 -0.498 0.015 0.019 1.086 11816.1 3.8462 14.422703 1.610542 15.162602 13.55206 "" "" 2639.72314 2890.77148 32052.78206 7.2862 11759.0 19.231 30084.0 27.514 "" "" 0.0027663520594679186 0.0033072585 0.003907652 0.0072149104 16.63854387967 62.20749034525 2757.12524 -2.0490000000000004 -0.4979999999999999 0.03554060554504401 0.01108106565475464 0.0902709 0.0942709 "" "" 0.48652442338049445 "" 0.04409488525996095 "" 1.0
16.58947657279 62.22541649142 0.0136 0.0145 0.9199 "" "" 522849840947680256 2735.11157 0.3392 0.0208 -2.103 -0.564 0.016 0.019 1.065 11647.9 3.8838 14.488057 1.269954 15.03781 13.767857 "" "" 2595.10181 2901.47998 30180.33531 5.7076 13191.0 14.648 24661.0 17.46 "" "" 0.0027629603827031067 0.0030395172 0.0038567642 0.0068962816 16.58947657279 62.22541649142 2735.11157 -2.103 -0.5639999999999998 -0.018459394454956257 -0.05491893434524531 0.0912709 0.0942709 "" "" 0.7511360709888095 "" 0.07058481299953985 "" 1.0
16.62885377332 62.24796404636 0.0142 0.014 1.8026 "" "" 522849600429494656 2571.00415 0.3608 0.0204 -2.152 -0.561 0.015 0.019 1.007 11617.3 3.7891 14.492959 1.489773 15.17004 13.680267 -36.99 5.16 2449.62207 2699.29346 30044.38566 7.6067 11679.0 16.919 26733.0 21.78 "" "" 0.002768998615205473 0.0032029634 0.0038815201 0.0070844833 16.62885377332 62.24796404636 2571.00415 -2.152 -0.5610000000000005 -0.06745939445495619 -0.051918934345245416 0.0902709 0.0942709 -11.407500000000002 17.8025 1.0373866197523929 11.454572329373164 0.09521054419521133 17.729342861364227 1.0
16.57452385212 62.20320917885 0.0134 0.0143 1.5301 "" "" 522849703508744064 2441.56909 0.3801 0.0194 -2.068 -0.453 0.016 0.02 1.049 11562.0 3.825 14.572552 1.425206 15.21048 13.785274 "" "" 2318.30371 2547.6394 27920.67953 6.849 11252.0 15.13 24269.0 15.839 "" "" 0.002768162356713883 0.0031490407 0.0038452358 0.0069942763 16.57452385212 62.20320917885 2441.56909 -2.068 -0.45300000000000035 0.016540605545043885 0.056081065654754625 0.0912709 0.0952709 "" "" 0.6766692330115448 "" 0.06425447413047113 "" 1.0
16.59388202223 62.17534519146 0.0131 0.0141 2.6687 "" "" 522848913234779136 2617.83545 0.3586 0.0195 -2.087 -0.471 0.015 0.019 1.012 11886.1 3.634 14.573249 1.245289 15.107553 13.862265 "" "" 2500.771 2740.18384 27902.77456 5.4848 12371.0 14.989 22607.0 15.227 "" "" 0.0027635734194708054 0.0030847364 0.003849484 0.0069342204 16.59388202223 62.17534519146 2617.83545 -2.087 -0.47099999999999986 -0.002459394454956243 0.038081065654754664 0.0902709 0.0942709 "" "" 0.47351485990796177 "" 0.04463097092654679 "" 1.0
16.55912363779 62.24276400511 0.0158 0.015 2.2182 "" "" 522850287624263168 2615.60718 0.355 0.0223 -2.039 -0.477 0.017 0.02 0.96 12272.1 4.0275 14.657168 1.323679 15.235932 13.912253 "" "" 2477.01221 2776.33643 25827.31442 12.03 10991.0 20.061 21590.0 33.087 "" "" 0.0028013466005515552 0.0034223115 0.0041294447 0.007551756 16.55912363779 62.24276400511 2615.60718 -2.039 -0.477 0.0455406055450438 0.03208106565475466 0.092270896 0.0952709 "" "" 0.6906398826685413 "" 0.06442052553129543 "" 1.0
16.61629936205 62.19729175284 0.0143 0.0151 1.2622 "" "" 522848981954243456 2869.81519 0.3152 0.0211 -2.042 -0.489 0.017 0.021 0.983 11370.8 4.0084 14.740567 1.413454 15.371225 13.957771 "" "" 2721.61255 3057.11377 23917.72043 6.349 9703.5 14.379 20704.0 18.683 "" "" 0.002770352813141432 0.0032208 0.0039043108 0.007125111 16.61629936205 62.19729175284 2869.81519 -2.0419999999999994 -0.4890000000000001 0.04254060554504413 0.02008106565475465 0.092270896 0.0962709 "" "" 0.6399091200960827 "" 0.05951961287191458 "" 1.0
16.65990447013 62.22391941609 0.0166 0.0182 1.2027 "" "" 522849428630823040 2337.10742 0.3975 0.0253 -2.264 -0.565 0.019 0.023 1.096 "" "" 14.859362 1.834539 15.742702 13.908163 -3.67 8.17 2198.42773 2506.26001 21438.87593 8.8598 6891.9 16.034 21672.0 24.566 "" "" 0.0027916145819854256 0.003763714 0.0039747204 0.0077384347 16.65990447013 62.22391941609 2337.10742 -2.264 -0.565 -0.17945939445495585 -0.05591893434524531 0.0942709 0.0982709 21.9125 20.8125 2.0823073083577657 22.011216685509236 0.19705231962949452 20.719167747756586 0.9
16.66328207177 62.23642164335 0.0169 0.0175 1.6557 "" "" 522849531710027776 2609.97803 0.356 0.0247 -2.001 -0.469 0.019 0.024 1.054 8336.4 3.8223 15.044707 1.629757 15.80477 14.175013 "" "" 2417.76855 2793.16357 18074.4052 6.3309 6508.9 17.774 16949.0 14.254 "" "" 0.0027814415533173784 0.004071283 0.0038881195 0.007959403 16.66328207177 62.23642164335 2609.97803 -2.001 -0.4689999999999994 0.08354060554504406 0.040081065654754666 0.0942709 0.099270895 "" "" 1.1463008427793784 "" 0.10915815846144221 "" 1.0
16.60787972897 62.18613496665 0.0162 0.0175 1.9532 "" "" 522848943290289408 2650.56543 0.3462 0.0241 -2.196 -0.516 0.02 0.025 1.003 9090.5 3.8902 15.053054 1.472284 15.710544 14.238259 "" "" 2465.86475 2831.03809 17935.9887 4.1308 7099.0 12.982 15990.0 12.764 "" "" 0.0027666434917278347 0.0034245055 0.003877483 0.0073019885 16.60787972897 62.18613496665 2650.56543 -2.196 -0.5159999999999999 -0.11145939445495623 -0.0069189343452453755 0.0952709 0.1002709 "" "" 1.4030356275974347 "" 0.13369610199439383 "" 1.0
16.75562683944 62.18677806528 0.017 0.0189 4.2748 "" "" 522661480864066816 2442.68262 0.3769 0.0264 -2.073 -0.497 0.019 0.026 1.025 10074.6 3.8085 15.069589 1.347157 15.661476 14.31432 "" "" 2308.16846 2582.04663 17664.90741 4.0467 7427.2 12.239 14908.0 12.29 "" "" 0.00276652344433882 0.0033145258 0.0038839255 0.007198451 16.75562683944 62.18677806528 2442.68262 -2.0730000000000004 -0.4969999999999998 0.011540605545043991 0.012081065654754641 0.0942709 0.1012709 "" "" 0.1934437267187748 "" 0.01895620229049627 "" 1.0
16.63962876291 62.23237459241 0.0186 0.0188 1.0287 "" "" 522849428630814848 2434.93774 0.3786 0.0266 -2.147 -0.583 0.02 0.025 1.045 10482.2 3.9369 15.196516 1.617487 15.950913 14.333426 "" "" 2276.55249 2601.84644 15715.93838 5.8583 5689.2 11.906 14648.0 20.118 "" "" 0.0027848857069934204 0.0035982996 0.004062924 0.0076612234 16.63962876291 62.23237459241 2434.93774 -2.147 -0.5830000000000001 -0.06245939445495585 -0.07391893434524532 0.0952709 0.1002709 "" "" 1.116925943656224 "" 0.10970337918136724 "" 1.0
16.65758540246 62.20475770097 0.0188 0.019 1.3596 "" "" 522849188112670336 2708.15747 0.3362 0.0276 -2.063 -0.507 0.022 0.026 0.994 10746.9 3.9935 15.218238 1.6291 15.96644 14.33734 "" "" 2528.21436 2915.12769 15404.64781 5.014 5608.4 13.384 14596.0 30.353 "" "" 0.002777890456774872 0.0038076825 0.0044024475 0.00821013 16.65758540246 62.20475770097 2708.15747 -2.063 -0.5069999999999999 0.02154060554504378 0.0020810656547546325 0.0972709 0.1012709 "" "" 0.27779700478047903 "" 0.0270320491387897 "" 1.0
