Clusters/NGC_366/NGC_366_stars_in_region.tsv
# %ECSV 1.0
# ---
# datatype:
# - name: RA_ICRS_1
#   unit: deg
#   datatype: float64
#   format: '{:15.11f}'
#   description: Right ascension (ICRS) at Ep=2016.0 (ra)
#   meta: !!omap
#   - {ucd: POS_EQ_RA_MAIN}
#   - {width: 15}
#   - {precision: '11'}
# - name: DE_ICRS_1
#   unit: deg
#   datatype: float64
#   format: '{:15.11f}'
#   description: Declination (ICRS) at Ep=2016.0 (dec)
#   meta: !!omap
#   - {ucd: POS_EQ_DEC_MAIN}
#   - {width: 15}
#   - {precision: '11'}
# - name: e_RA_ICRS
#   unit: mas
#   datatype: float64
#   format: '{:7.4f}'
#   description: Standard error of right ascension (ra_error)
#   meta: !!omap
#   - {ucd: ERROR}
#   - {width: 7}
#   - {precision: '4'}
# - name: e_DE_ICRS
#   unit: mas
#   datatype: float64
#   format: '{:7.4f}'
#   description: Standard error of declination (dec_error)
#   meta: !!omap
#   - {ucd: ERROR}
#   - {width: 7}
#   - {precision: '4'}
# - name: _r_1
#   unit: ''
#   datatype: float64
#   format: '{:7.4f}'
#   description: Distance from center (016.61861779000+62.21830084000)[ICRS], at Epoch=J2016.0
#   meta: !!omap
#   - {ucd: POS_ANG_DIST_GENERAL}
#   - {width: 7}
#   - {precision: '4'}
# - name: HIP
#   datatype: int32
#   description: '? HIP cross-id number, van Leeuwen, Cat. I/311 (hip_original_ext_source_id)'
#   meta: !!omap
#   - {ucd: ID_NUMBER}
#   - {width: 6}
#   - values: {'null': -2147483648}
# - name: TYC2
#   datatype: string
#   description: Tycho-2 cross-id name, Hog et al., Cat. I/259 (tyc2_original_ext_source_id)
#   meta: !!omap
#   - {ucd: ID_CROSSID}
#   - {_votable_string_dtype: char}
# - name: Source
#   datatype: int64
#   description: Source identifier, identical to the Gaia-EDR3 source_id (id)
#   meta: !!omap
#   - {ucd: ID_MAIN}
#   - {width: 19}
# - name: rgeo
#   unit: pc
#   datatype: float64
#   format: '{:15.8f}'
#   description: '? Median of the geometric distance posterior (r_med_geo)'
#   meta: !!omap
#   - {ucd: PHYS_DISTANCE_TRUE}
#   - {width: 15}
#   - {precision: '8'}
#   - values: {'null': .nan}
# - name: Plx
#   unit: mas
#   datatype: float64
#   format: '{:9.4f}'
#   description: '? Parallax (parallax)'
#   meta: !!omap
#   - {ucd: POS_PARLX_TRIG}
#   - {width: 9}
#   - {precision: '4'}
#   - values: {'null': .nan}
# - name: e_Plx
#   unit: mas
#   datatype: float32
#   format: '{:7.4f}'
#   description: '? Standard error of parallax (parallax_error)'
#   meta: !!omap
#   - {ucd: ERROR}
#   - {width: 7}
#   - {precision: '4'}
#   - values: {'null': .nan}
# - name: pmRA
#   unit: mas / yr
#   datatype: float64
#   format: '{:9.3f}'
#   description: '? Proper motion in right ascension direction, pmRA*cosDE (pmra)'
#   meta: !!omap
#   - {ucd: POS_EQ_PMRA}
#   - {width: 9}
#   - {precision: '3'}
#   - values: {'null': .nan}
# - name: pmDE
#   unit: mas / yr
#   datatype: float64
#   format: '{:9.3f}'
#   description: '? Proper motion in declination direction (pmdec)'
#   meta: !!omap
#   - {ucd: POS_EQ_PMDEC}
#   - {width: 9}
#   - {precision: '3'}
#   - values: {'null': .nan}
# - name: e_pmRA
#   unit: mas / yr
#   datatype: float32
#   format: '{:6.3f}'
#   description: '? Standard error of proper motion in right ascension direction (pmra_error)'
#   meta: !!omap
#   - {ucd: ERROR}
#   - {width: 6}
#   - {precision: '3'}
#   - values: {'null': .nan}
# - name: e_pmDE
[...]
#         unit: &id001 !astropy.units.Unit {unit: deg}
#         value: !astropy.table.SerializedColumn {name: SkyCoord.dec}
#       distance: !astropy.table.SerializedColumn
#         __class__: astropy.coordinates.distances.Distance
#         unit: !astropy.units.Unit {unit: pc}
#         value: !astropy.table.SerializedColumn {name: SkyCoord.distance}
#       frame: icrs
#       obstime: !astropy.time.Time {format: jyear_str, in_subfmt: '*', jd1: 367701545.0, jd2: 0.0, out_subfmt: '*', precision: 3, scale: tt}
#       pm_dec: !astropy.table.SerializedColumn
#         __class__: astropy.units.quantity.Quantity
#         unit: !astropy.units.Unit {unit: mas / yr}
#         value: !astropy.table.SerializedColumn {name: SkyCoord.pm_dec}
#       pm_ra_cosdec: !astropy.table.SerializedColumn
#         __class__: astropy.units.quantity.Quantity
#         unit: !astropy.units.Unit {unit: mas / yr}
#         value: !astropy.table.SerializedColumn {name: SkyCoord.pm_ra_cosdec}
#       ra: !astropy.table.SerializedColumn
#         __class__: astropy.coordinates.angles.Longitude
#         unit: *id001
#         value: !astropy.table.SerializedColumn {name: SkyCoord.ra}
#         wrap_angle: !astropy.coordinates.Angle
#           unit: *id001
#           value: 360.0
#       representation_type: spherical
# schema: astropy-2.0
RA_ICRS_1 DE_ICRS_1 e_RA_ICRS e_DE_ICRS _r_1 HIP TYC2 Source rgeo Plx e_Plx pmRA pmDE e_pmRA e_pmDE RUWE Teff logg Gmag BP-RP BPmag RPmag RV e_RV b_rgeo B_rgeo FG e_FG FBP e_FBP FRP e_FRP RAVE5 RAVE6 e_Gmag e_BPmag e_RPmag e_BP-RP SkyCoord.ra SkyCoord.dec SkyCoord.distance SkyCoord.pm_ra_cosdec SkyCoord.pm_dec
[from data line 122]
16.59403565359 62.22762436212 0.0229 0.0244 0.8862 "" "" 522850218904800256 2801.9458 0.3284 0.0344 -2.18 -0.569 0.026 0.03 1.002 9281.6 3.6903 15.587932 1.612413 16.309933 14.69752 "" "" 2575.85938 3049.25464 10959.07688 3.3387 4087.4 14.781 10475.0 36.362 "" "" 0.002775103423176658 0.0048167105 0.0053374674 0.010154178 16.59403565359 62.22762436212 2801.9458 -2.18 -0.5689999999999998
16.87836062277 62.04637937548 0.0203 0.0234 12.6282 "" "" 522653646843848064 2845.11792 0.3291 0.0326 -0.711 -0.734 0.026 0.031 1.027 9229.9 3.6044 15.595118 1.271646 16.143974 14.872328 "" "" 2564.81738 3213.06226 10886.77315 2.9001 4762.4 9.6007 8917.2 9.0774 "" "" 0.002770458694505536 0.0035462359 0.003937675 0.007483911 16.87836062277 62.04637937548 2845.11792 -0.711 -0.734
17.03496357673 62.20067313821 0.0209 0.0224 11.6949 "" "" 522659384920103680 2583.13452 0.362 0.0315 -3.019 0.297 0.024 0.029 1.043 9215.7 3.4973 15.596558 1.104911 16.058527 14.953616 "" "" 2370.45068 2790.62891 10872.35784 3.0833 5152.4 10.723 8273.9 10.497 "" "" 0.0027724708716662543 0.0035903798 0.004022577 0.0076129567 17.03496357673 62.20067313821 2583.13452 -3.0189999999999997 0.2970000000000001
16.52924811378 62.1697167457 0.0195 0.0218 3.8411 "" "" 522843759274025216 2358.76245 0.3869 0.0294 -3.837 -0.376 0.024 0.029 0.937 6897.7 2.9281 15.605885 1.960814 16.58031 14.619496 "" "" 2221.54834 2508.05078 10779.352 4.2802 3186.3 8.3388 11255.0 12.163 "" "" 0.002788844157545047 0.0039823274 0.0039573256 0.0079396535 16.52924811378 62.1697167457 2358.76245 -3.837 -0.3760000000000003
16.86777108526 62.28956253576 0.0238 0.0255 8.1681 "" "" 522663542448433024 2478.9646 0.3742 0.0344 -1.922 -0.733 0.027 0.038 1.064 8976.6 3.5684 15.615333 1.530851 16.316298 14.785446 "" "" 2241.75781 2716.04688 10685.96137 2.7861 4063.5 9.4054 9660.1 11.913 "" "" 0.002769823644761953 0.0037550598 0.0040095523 0.0077646123 16.86777108526 62.28956253576 2478.9646 -1.9220000000000002 -0.7329999999999999
16.15193417833 62.10504964337 0.0197 0.0214 14.736 "" "" 522751503377506560 2494.23682 0.3784 0.0293 -1.864 0.673 0.025 0.031 1.064 9024.8 3.5058 15.625546 1.61321 16.373098 14.759889 "" "" 2303.88403 2692.82617 10585.91064 3.7627 3856.4 9.9654 9890.1 13.118 "" "" 0.002782215402673581 0.0039568734 0.004044453 0.008001327 16.15193417833 62.10504964337 2494.23682 -1.8639999999999999 0.6729999999999999
16.44042959786 62.34153477628 0.0222 0.0225 8.9108 "" "" 522853757957758976 3058.13501 0.3042 0.0314 -1.842 -0.875 0.026 0.032 0.996 9044.4 3.5336 15.633738 1.438838 16.28051 14.841672 "" "" 2808.24097 3277.1897 10506.34314 3.4485 4199.6 9.4579 9172.5 12.513 "" "" 0.0027782710525361565 0.0037099812 0.0040592514 0.0077692326 16.44042959786 62.34153477628 3058.13501 -1.8419999999999996 -0.8749999999999996
16.75605318674 62.27751836233 0.0266 0.0257 5.2315 "" "" 522850940459275264 2764.09521 0.3195 0.0373 0.309 -0.734 0.03 0.035 1.082 4700.4 2.3321 15.713274 2.715696 17.237862 14.522165 -30.14 5.21 2465.12012 3225.94971 9764.21187 4.1065 1738.9 11.672 12311.0 15.671 "" "" 0.0027929008381688903 0.0078036347 0.004024155 0.011827789 16.75605318674 62.27751836233 2764.09521 0.30900000000000005 -0.734
16.35980761026 62.38013108417 0.0238 0.023 12.0991 "" "" 522856266218622464 2846.51758 0.3143 0.0327 -1.881 3.071 0.028 0.032 1.057 "" "" 15.714529 2.785558 17.294577 14.509019 -12.14 3.92 2572.39331 3241.4126 9752.92951 3.7009 1650.4 7.7619 12461.0 11.435 "" "" 0.002785952779665244 0.0058188457 0.003908506 0.009727351 16.35980761026 62.38013108417 2846.51758 -1.8809999999999998 3.0709999999999997
16.48789544885 62.42520782167 0.0226 0.0241 12.938 "" "" 522855922621205760 2591.10498 0.3535 0.034 -2.045 -0.762 0.027 0.033 1.024 9232.7 3.5577 15.737138 1.510875 16.422995 14.91212 "" "" 2386.73853 2842.90454 9551.94312 2.9011 3683.1 9.6837 8596.3 9.6515 "" "" 0.0027749828301938703 0.0039917473 0.00397111 0.007962857 16.48789544885 62.42520782167 2591.10498 -2.0450000000000004 -0.762
16.88036075933 62.40485561243 0.0217 0.0236 13.3619 "" "" 522688006582947584 2202.5 0.4288 0.0322 -1.83 -0.542 0.025 0.034 0.998 9197.7 3.5675 15.737186 1.583181 16.469728 14.886547 "" "" 2080.98389 2385.86157 9551.51337 3.1514 3528.0 8.7613 8801.2 8.814 "" "" 0.0027785093889663146 0.003880071 0.003932681 0.007812751 16.88036075933 62.40485561243 2202.5 -1.83 -0.5420000000000003
16.69962979028 62.24266822285 0.0333 0.0338 2.6956 "" "" 522849359911332736 2864.86646 0.347 0.0475 -2.224 -0.568 0.038 0.046 1.414 9244.2 3.5921 15.779836 1.472338 16.427973 14.955635 "" "" 2501.97241 3189.8418 9183.59259 3.765 3666.3 8.3539 8258.6 10.157 "" "" 0.0027910429639755297 0.0037289844 0.00400834 0.0077373246 16.69962979028 62.24266822285 2864.86646 -2.224 -0.5679999999999997
16.587122798 62.24078042791 0.0246 0.0245 1.6107 "" "" 522850218899248000 2281.62354 0.4087 0.0344 -2.307 -0.169 0.026 0.033 0.997 9633.0 3.7269 15.780801 1.450932 16.43324 14.982308 "" "" 2148.51489 2444.93652 9175.42746 2.913 3648.6 9.5197 8058.1 12.069 "" "" 0.0027767977902680443 0.0039761793 0.0041143796 0.008090559 16.587122798 62.24078042791 2281.62354 -2.3069999999999995 -0.16899999999999996
16.84986521071 62.15072289391 0.0223 0.0247 7.6392 "" "" 522660381352528768 2577.25293 0.3604 0.034 -2.079 -0.515 0.028 0.034 1.008 "" "" 15.804102 1.387825 16.419365 15.03154 "" "" 2398.28125 2847.57715 8980.61545 2.6076 3695.5 9.2185 7700.9 9.4355 "" "" 0.0027732965636097333 0.0038884997 0.004006671 0.007895171 16.84986521071 62.15072289391 2577.25293 -2.079 -0.5149999999999999
16.83923193348 62.08808025645 0.0222 0.0245 9.9638 "" "" 522659792931468672 2211.74194 0.4239 0.0349 -3.224 0.408 0.029 0.034 1.04 9003.0 3.5805 15.810386 1.488061 16.484198 14.996137 "" "" 2068.16187 2413.62622 8928.79084 2.8123 3481.3 13.723 7956.2 11.596 "" "" 0.002776461008690486 0.0051090554 0.0040972964 0.009206352 16.83923193348 62.08808025645 2211.74194 -3.2239999999999998 0.4079999999999997
17.0638845223 62.24028214788 0.0263 0.0266 12.5176 "" "" 522682921341759744 3035.104 0.3092 0.0381 0.416 -0.202 0.028 0.034 1.047 7756.2 4.2796 15.875166 1.66705 16.663456 14.996406 "" "" 2726.34448 3318.6438 8411.63234 2.6909 2951.4 12.36 7954.2 16.985 "" "" 0.00277712569751748 0.005334724 0.0044338275 0.009768551 17.0638845223 62.24028214788 3035.104 0.41600000000000004 -0.20200000000000007
16.28064210023 62.21936388246 0.0233 0.0236 9.4519 "" "" 522847641924416256 2294.35181 0.4148 0.0339 -1.564 -0.605 0.028 0.033 0.998 9095.1 4.1941 15.876838 1.334088 16.4639 15.129811 "" "" 2113.42505 2492.84106 8398.69282 2.3843 3547.0 7.6839 7034.5 7.7712 "" "" 0.002772506903325917 0.003649266 0.003965147 0.007614413 16.28064210023 62.21936388246 2294.35181 -1.564 -0.605
16.81092416408 62.19893085437 0.026 0.0278 5.5039 "" "" 522661343425112192 2727.21069 0.3468 0.0396 -1.222 -0.529 0.031 0.038 1.055 "" "" 15.895791 1.388162 16.5118 15.123639 "" "" 2467.87036 3038.89331 8253.35291 2.7214 3393.9 7.3841 7074.6 8.6204 "" "" 0.002778480757272262 0.0036558441 0.0040042447 0.007660089 16.81092416408 62.19893085437 2727.21069 -1.222 -0.5289999999999998
16.73050293546 62.041622282 0.0222 0.0252 11.0555 "" "" 522654162239809408 2236.91187 0.4192 0.0345 -2.319 -1.619 0.029 0.033 1.056 9178.5 3.9691 15.901759 1.571779 16.626434 15.054655 "" "" 2096.11182 2455.53247 8208.10848 2.8444 3053.8 10.973 7538.7 8.3674 "" "" 0.0027808902244685295 0.0047963704 0.0039668577 0.008763228 16.73050293546 62.041622282 2236.91187 -2.319 -1.619
16.23809064172 62.2671999439 0.03 0.0308 11.0306 "" "" 522848329119147648 2454.87183 0.3835 0.0447 -2.231 0.072 0.036 0.045 1.357 10650.7 3.9824 15.902172 1.647565 16.606977 14.959413 "" "" 2229.01709 2735.7251 8204.98722 4.4301 3109.0 11.971 8229.9 13.67 "" "" 0.002816991690097492 0.0050261407 0.004187609 0.009213749 16.23809064172 62.2671999439 2454.87183 -2.230999999999999 0.07199999999999987
16.84622998811 62.24046980078 0.0253 0.0267 6.5007 "" "" 522662992692624128 2262.20288 0.4163 0.0374 -1.445 -0.316 0.029 0.039 0.994 9237.5 3.9688 15.913693 1.403634 16.541292 15.137658 "" "" 2094.53979 2589.01196 8118.37808 2.7159 3302.9 7.9348 6983.8 9.0374 "" "" 0.002779157711728437 0.0038194903 0.00403209 0.00785158 16.84622998811 62.24046980078 2262.20288 -1.445 -0.3159999999999999
16.68884247006 62.34017324078 0.0272 0.0268 7.5705 "" "" 522851799452681856 2303.1626 0.4092 0.0368 -1.92 -0.709 0.031 0.036 0.989 9260.4 3.5595 15.915372 1.507282 16.598747 15.091465 "" "" 2117.81104 2542.854 8105.83691 2.8446 3132.7 8.1656 7287.4 10.79 "" "" 0.0027815401404771385 0.0039741932 0.004107073 0.008081267 16.68884247006 62.34017324078 2303.1626 -1.9200000000000002 -0.7090000000000001
16.69702397358 62.22130349201 0.0257 0.0262 2.2 "" "" 522849325551611520 2570.34521 0.3634 0.0373 -2.087 -0.39 0.03 0.035 0.964 9415.1 4.1271 15.936542 1.510941 16.59559 15.084649 "" "" 2356.68994 2837.78125 7949.31361 2.9539 3141.8 19.55 7333.3 27.768 "" "" 0.002784701397996956 0.007309527 0.005584421 0.012893949 16.69702397358 62.22130349201 2570.34521 -2.0869999999999997 -0.39000000000000007
16.1474447215 62.2788166401 0.0255 0.0269 13.6553 "" "" 522859736552274304 3048.3335 0.3077 0.0389 -0.622 -1.459 0.031 0.039 1.062 7868.2 3.5831 15.945726 1.517294 16.640057 15.122763 "" "" 2763.59644 3359.48975 7882.35698 2.8198 3015.7 9.3355 7080.3 8.6204 "" "" 0.0027825615927461987 0.004368254 0.004003893 0.008372147 16.1474447215 62.2788166401 3048.3335 -0.622 -1.459
16.47249947918 61.98232101396 0.022 0.0247 14.7411 "" "" 522746280697357312 2593.80078 0.3618 0.0326 -3.196 -0.218 0.028 0.032 1.055 8149.9 4.0446 15.977718 1.306738 16.551138 15.2444 "" "" 2382.58887 2867.65088 7653.48469 2.6587 3273.1 6.8014 6329.9 9.3261 "" "" 0.0027810150722596227 0.0035881964 0.004103978 0.0076921745 16.47249947918 61.98232101396 2593.80078 -3.196 -0.2180000000000002
16.55879472592 62.20249265365 0.0258 0.0275 1.9236 "" "" 522849703508743936 2369.69849 0.3967 0.0373 -1.966 -0.405 0.031 0.037 1.034 9248.1 3.6446 15.97921 1.833752 16.867952 15.034201 "" "" 2187.18091 2523.51221 7642.9792 3.1486 2444.8 7.4658 7682.1 9.5011 "" "" 0.002791388272840032 0.0043333597 0.0040108473 0.008344207 16.55879472592 62.20249265365 2369.69849 -1.9660000000000002 -0.40499999999999986
16.92146193901 62.20860040444 0.0275 0.0294 8.4907 "" "" 522662099339432320 2817.39673 0.3241 0.0405 -3.774 1.889 0.032 0.04 1.046 5182.1 3.4721 15.987863 2.289323 17.196363 14.907041 "" "" 2507.31787 3150.93774 7582.31425 2.9742 1806.6 6.4971 8636.6 9.3174 "" "" 0.0027880401243134847 0.004799096 0.0039567314 0.008755827 16.92146193901 62.20860040444 2817.39673 -3.7739999999999996 1.8889999999999998
16.26911293059 62.36679279387 0.0252 0.0245 13.2078 "" "" 522854926188833920 2287.1792 0.4113 0.0355 0.918 -4.009 0.029 0.034 0.995 5273.0 3.3104 16.002546 2.162788 17.124016 14.961227 "" "" 2088.97241 2460.99097 7480.46318 2.6093 1931.1 7.6928 8216.1 10.439 "" "" 0.002781226216822332 0.0051470585 0.004023271 0.009170329 16.26911293059 62.36679279387 2287.1792 0.9180000000000003 -4.009
16.55447146982 62.1227299319 0.023 0.0256 6.0092 "" "" 522842487963723392 2803.18921 0.3257 0.0354 -2.189 -0.521 0.028 0.035 1.014 9213.9 3.6892 16.010412 1.346914 16.602116 15.255201 "" "" 2534.72217 3137.22412 7426.46534 2.3773 3123.0 7.5997 6267.3 7.6166 "" "" 0.0027771541760245005 0.0038426197 0.004003095 0.007845715 16.55447146982 62.1227299319 2803.18921 -2.1889999999999996 -0.5209999999999999
16.19248482437 62.36235490804 0.0266 0.0274 14.6986 "" "" 522866299262234240 2932.77856 0.3044 0.0386 -1.003 -0.675 0.03 0.038 1.009 5163.0 3.1883 16.012014 2.574325 17.433382 14.859057 "" "" 2659.69629 3265.87549 7415.50766 2.8074 1452.3 8.5152 9026.8 11.351 "" "" 0.0027858115704053037 0.0069505605 0.0040184255 0.010968986 16.19248482437 62.36235490804 2932.77856 -1.003 -0.675
16.56859269776 62.20097352555 0.0261 0.0271 1.7433 "" "" 522849703508745728 2599.80542 0.3619 0.0374 -2.192 -0.61 0.032 0.036 0.992 9367.9 3.8156 16.037992 1.714998 16.847315 15.132317 "" "" 2376.96411 2898.26123 7240.18735 2.8249 2491.7 13.445 7018.3 11.36 "" "" 0.0027876951456639563 0.0064890315 0.004167995 0.010657026 16.56859269776 62.20097352555 2599.80542 -2.192 -0.6099999999999999
16.09135523109 62.29040481378 0.0261 0.0297 15.3501 "" "" 522860011430169856 2102.3645 0.4517 0.0401 -0.834 -1.042 0.031 0.042 1.024 6548.6 4.0731 16.046228 1.726123 16.86839 15.142266 "" "" 1937.4259 2248.82544 7185.47335 2.5329 2443.8 7.9486 6954.3 10.801 "" "" 0.002781774242305929 0.004500663 0.0041385186 0.008639181 16.09135523109 62.29040481378 2102.3645 -0.8340000000000001 -1.042
16.46730167768 62.02462077278 0.0223 0.0253 12.372 "" "" 522841010494999296 2435.17212 0.3974 0.0334 -1.468 -0.354 0.029 0.034 0.993 8315.9 3.6774 16.051035 1.451538 16.707123 15.255585 "" "" 2249.38037 2629.73169 7153.73816 2.6366 2835.1 9.3191 6265.0 9.5343 "" "" 0.002784226785867088 0.004530103 0.0041247862 0.008654889 16.46730167768 62.02462077278 2435.17212 -1.4680000000000002 -0.35400000000000004
16.53740153373 61.98140449068 0.0242 0.0271 14.3955 "" "" 522839876623639808 2491.66089 0.3796 0.0362 -1.435 0.617 0.032 0.036 1.036 7668.8 4.213 16.051085 1.473603 16.720387 15.246783 "" "" 2287.78345 2761.85498 7153.40701 2.5092 2800.7 7.6578 6316.0 9.7474 "" "" 0.00278151599805222 0.0040740697 0.004134171 0.008208241 16.53740153373 61.98140449068 2491.66089 -1.4350000000000003 0.617
16.59505453512 62.22641792327 0.0286 0.0299 0.8193 "" "" 522849462990557440 2864.48022 0.3416 0.0426 -2.38 -0.517 0.033 0.038 1.064 9230.1 3.6526 16.052397 1.497796 16.728493 15.230697 "" "" 2486.72778 3234.92285 7144.76704 2.503 2779.8 9.5117 6410.3 8.3807 "" "" 0.0027814500964000945 0.004646172 0.0040371553 0.008683328 16.59505453512 62.22641792327 2864.48022 -2.38 -0.5169999999999999
16.64636820749 62.24429913491 0.0284 0.0283 1.7421 "" "" 522849527405877248 2591.61792 0.3694 0.0412 -2.168 -0.537 0.031 0.036 1.003 9431.3 3.7514 16.052399 1.67597 16.817602 15.141632 "" "" 2312.50244 2882.05298 7144.74924 2.6448 2560.8 13.689 6958.3 33.556 "" "" 0.00278447877163345 0.006439749 0.006457428 0.012897177 16.64636820749 62.24429913491 2591.61792 -2.168 -0.537
16.37869649361 62.27470981305 0.0281 0.0268 7.5094 "" "" 522853276921655680 2525.6604 0.378 0.0387 -0.772 -0.686 0.032 0.038 0.964 "" "" 16.061102 1.82711 16.952961 15.125851 "" "" 2307.92114 2956.76831 7087.71276 2.6079 2260.6 7.834 7060.2 8.1044 "" "" 0.0027841307469823827 0.004684224 0.0039795768 0.008663801 16.37869649361 62.27470981305 2525.6604 -0.772 -0.6860000000000002
16.08157256328 62.19215403794 0.0274 0.0288 15.1073 "" "" 522857606248557440 2680.78491 0.3276 0.0421 -2.153 0.668 0.034 0.042 1.011 7060.6 3.1788 16.066416 2.750268 17.617144 14.866876 "" "" 2407.55371 3025.53052 7053.10816 3.3595 1226.2 6.3204 8962.1 11.351 "" "" 0.0028034328643767987 0.006253365 0.0040217848 0.01027515 16.08157256328 62.19215403794 2680.78491 -2.153 0.668
16.27201509853 62.18490569474 0.027 0.0259 9.9033 "" "" 522846714211508480 2503.36353 0.3724 0.0396 -2.137 -0.456 0.032 0.037 1.029 9252.1 3.9653 16.070189 1.302033 16.636316 15.334283 "" "" 2276.53052 2789.82104 7028.63968 2.4656 3026.1 8.8859 5827.0 9.6411 "" "" 0.002781519477158476 0.004236687 0.0041845934 0.00842128 16.27201509853 62.18490569474 2503.36353 -2.1369999999999996 -0.4560000000000002
