Clusters/NGC_366/NGC_366_members.tsv
# %ECSV 1.0
# ---
# datatype:
# - name: RA_ICRS_1
#   unit: deg
#   datatype: float64
#   format: '{:15.11f}'
#   description: Right ascension (ICRS) at Ep=2016.0 (ra)
#   meta: !!omap
#   - {ucd: POS_EQ_RA_MAIN}
#   - {width: 15}
#   - {precision: '11'}
# - name: DE_ICRS_1
#   unit: deg
#   datatype: float64
#   format: '{:15.11f}'
#   description: Declination (ICRS) at Ep=2016.0 (dec)
#   meta: !!omap
#   - {ucd: POS_EQ_DEC_MAIN}
#   - {width: 15}
#   - {precision: '11'}
# - name: e_RA_ICRS
#   unit: mas
#   datatype: float64
#   format: '{:7.4f}'
#   description: Standard error of right ascension (ra_error)
#   meta: !!omap
#   - {ucd: ERROR}
#   - {width: 7}
#   - {precision: '4'}
# - name: e_DE_ICRS
#   unit: mas
#   datatype: float64
#   format: '{:7.4f}'
#   description: Standard error of declination (dec_error)
#   meta: !!omap
#   - {ucd: ERROR}
#   - {width: 7}
#   - {precision: '4'}
# - name: _r_1
#   unit: ''
#   datatype: float64
#   format: '{:7.4f}'
#   description: Distance from center (016.61861779000+62.21830084000)[ICRS], at Epoch=J2016.0
#   meta: !!omap
#   - {ucd: POS_ANG_DIST_GENERAL}
#   - {width: 7}
#   - {precision: '4'}
# - name: HIP
#   datatype: int32
#   description: '? HIP cross-id number, van Leeuwen, Cat. I/311 (hip_original_ext_source_id)'
#   meta: !!omap
#   - {ucd: ID_NUMBER}
#   - {width: 6}
#   - values: {'null': -2147483648}
# - name: TYC2
#   datatype: string
#   description: Tycho-2 cross-id name, Hog et al., Cat. I/259 (tyc2_original_ext_source_id)
#   meta: !!omap
#   - {ucd: ID_CROSSID}
#   - {_votable_string_dtype: char}
# - name: Source
#   datatype: int64
#   description: Source identifier, identical to the Gaia-EDR3 source_id (id)
#   meta: !!omap
#   - {ucd: ID_MAIN}
#   - {width: 19}
# - name: rgeo
#   unit: pc
#   datatype: float64
#   format: '{:15.8f}'
#   description: '? Median of the geometric distance posterior (r_med_geo)'
#   meta: !!omap
#   - {ucd: PHYS_DISTANCE_TRUE}
#   - {width: 15}
#   - {precision: '8'}
#   - values: {'null': .nan}
# - name: Plx
#   unit: mas
#   datatype: float64
#   format: '{:9.4f}'
#   description: '? Parallax (parallax)'
#   meta: !!omap
#   - {ucd: POS_PARLX_TRIG}
#   - {width: 9}
#   - {precision: '4'}
#   - values: {'null': .nan}
# - name: e_Plx
#   unit: mas
#   datatype: float32
#   format: '{:7.4f}'
#   description: '? Standard error of parallax (parallax_error)'
#   meta: !!omap
#   - {ucd: ERROR}
#   - {width: 7}
#   - {precision: '4'}
#   - values: {'null': .nan}
# - name: pmRA
#   unit: mas / yr
#   datatype: float64
#   format: '{:9.3f}'
#   description: '? Proper motion in right ascension direction, pmRA*cosDE (pmra)'
#   meta: !!omap
#   - {ucd: POS_EQ_PMRA}
#   - {width: 9}
#   - {precision: '3'}
#   - values: {'null': .nan}
# - name: pmDE
#   unit: mas / yr
#   datatype: float64
#   format: '{:9.3f}'
#   description: '? Proper motion in declination direction (pmdec)'
#   meta: !!omap
#   - {ucd: POS_EQ_PMDEC}
#   - {width: 9}
#   - {precision: '3'}
#   - values: {'null': .nan}
# - name: e_pmRA
#   unit: mas / yr
#   datatype: float32
#   format: '{:6.3f}'
#   description: '? Standard error of proper motion in right ascension direction (pmra_error)'
#   meta: !!omap
#   - {ucd: ERROR}
#   - {width: 6}
#   - {precision: '3'}
#   - values: {'null': .nan}
# - name: e_pmDE
[...]
#       distance: !astropy.table.SerializedColumn
#         __class__: astropy.coordinates.distances.Distance
#         unit: !astropy.units.Unit {unit: pc}
#         value: !astropy.table.SerializedColumn {name: SkyCoord.distance}
#       frame: icrs
#       obstime: !astropy.time.Time {format: jyear_str, in_subfmt: '*', jd1: 367701545.0, jd2: 0.0, out_subfmt: '*', precision: 3, scale: tt}
#       pm_dec: !astropy.table.SerializedColumn
#         __class__: astropy.units.quantity.Quantity
#         unit: !astropy.units.Unit {unit: mas / yr}
#         value: !astropy.table.SerializedColumn {name: SkyCoord.pm_dec}
#       pm_ra_cosdec: !astropy.table.SerializedColumn
#         __class__: astropy.units.quantity.Quantity
#         unit: !astropy.units.Unit {unit: mas / yr}
#         value: !astropy.table.SerializedColumn {name: SkyCoord.pm_ra_cosdec}
#       ra: !astropy.table.SerializedColumn
#         __class__: astropy.coordinates.angles.Longitude
#         unit: *id001
#         value: !astropy.table.SerializedColumn {name: SkyCoord.ra}
#         wrap_angle: !astropy.coordinates.Angle
#           unit: *id001
#           value: 360.0
#       representation_type: spherical
# schema: astropy-2.0
RA_ICRS_1 DE_ICRS_1 e_RA_ICRS e_DE_ICRS _r_1 HIP TYC2 Source rgeo Plx e_Plx pmRA pmDE e_pmRA e_pmDE RUWE Teff logg Gmag BP-RP BPmag RPmag RV e_RV b_rgeo B_rgeo FG e_FG FBP e_FBP FRP e_FRP RAVE5 RAVE6 e_Gmag e_BPmag e_RPmag e_BP-RP SkyCoord.ra SkyCoord.dec SkyCoord.distance SkyCoord.pm_ra_cosdec SkyCoord.pm_dec rmRA rmDE e_rmRA e_rmDE rRV e_rRV v_pec v_pec3d e_vpec e_vpec3d Pmemb
[from data line 32]
16.57723791254 62.22430123647 0.0215 0.0214 1.2118 "" "" 522849836643511808 2657.23633 0.357 0.0305 -1.902 -0.477 0.025 0.028 1.022 9939.9 3.9538 15.411123 1.320785 15.986523 14.665737 "" "" 2411.90723 2844.95654 12897.26185 3.3957 5505.6 13.998 10786.0 14.11 "" "" 0.0027701094502710633 0.003924963 0.0040374594 0.007962422 16.57723791254 62.22430123647 2657.23633 -1.902 -0.4770000000000001 0.18254060554504403 0.03208106565475466 0.1002709 0.1032709 "" "" 2.334390916189933 "" 0.23428434146039742 "" 1.0
16.57136295248 62.18260802972 0.0206 0.0218 2.5169 "" "" 522848913234775168 2615.93701 0.354 0.0298 -2.131 -0.41 0.024 0.029 1.011 9755.7 3.6259 15.515077 1.477584 16.182137 14.704553 "" "" 2460.08716 2813.11694 11719.69251 3.5975 4597.9 9.4038 10407.0 9.3116 "" "" 0.0027754035356408963 0.003565959 0.003902237 0.0074681956 16.57136295248 62.18260802972 2615.93701 -2.1310000000000002 -0.4100000000000003 -0.04645939445495584 0.09908106565475466 0.099270895 0.1042709 "" "" 1.3569162645307435 "" 0.14028826273359316 "" 1.0
16.63861957702 62.21457533883 0.0211 0.0217 0.6024 "" "" 522849394271091328 2508.30884 0.3695 0.0309 -2.209 -0.403 0.024 0.03 1.029 7762.3 2.8818 15.546078 1.749558 16.371264 14.621706 "" "" 2335.53369 2721.44312 11389.78591 3.6038 3862.9 12.822 11232.0 18.147 "" "" 0.002776653534317474 0.004557716 0.0041666348 0.0087243505 16.63861957702 62.21457533883 2508.30884 -2.209 -0.40300000000000025 -0.12445939445495613 0.10608106565475461 0.099270895 0.1052709 "" "" 1.9443172056756706 "" 0.19800672586253049 "" 0.9
16.55879472592 62.20249265365 0.0258 0.0275 1.9236 "" "" 522849703508743936 2369.69849 0.3967 0.0373 -1.966 -0.405 0.031 0.037 1.034 9248.1 3.6446 15.97921 1.833752 16.867952 15.034201 "" "" 2187.18091 2523.51221 7642.9792 3.1486 2444.8 7.4658 7682.1 9.5011 "" "" 0.002791388272840032 0.0043333597 0.0040108473 0.008344207 16.55879472592 62.20249265365 2369.69849 -1.9660000000000002 -0.4049999999999998 0.11854060554504398 0.10408106565475461 0.106270894 0.1122709 "" "" 1.771895139519372 "" 0.1930009427524083 "" 1.0
16.52348349988 62.24071503153 0.0312 0.0324 2.9802 "" "" 522850115825571712 2139.677 0.4543 0.0447 -2.129 -0.451 0.035 0.045 0.999 9491.2 4.0334 16.31933 1.498267 17.000183 15.501916 "" "" 1935.16431 2430.69482 5587.46732 2.322 2164.4 9.232 4993.3 8.68 "" "" 0.002792019540259946 0.005406661 0.0042244387 0.009631099 16.52348349988 62.24071503153 2139.677 -2.129 -0.4510000000000004 -0.04445939445495606 0.05808106565475463 0.1102709 0.1202709 "" "" 0.7418317158052877 "" 0.08655407505574773 "" 1.0
