Clusters/NGC_366/NGC_366_stars_in_region.tsv
# %ECSV 1.0
# ---
# datatype:
# - name: RA_ICRS_1
#   unit: deg
#   datatype: float64
#   format: '{:15.11f}'
#   description: Right ascension (ICRS) at Ep=2016.0 (ra)
#   meta: !!omap
#   - {ucd: POS_EQ_RA_MAIN}
#   - {width: 15}
#   - {precision: '11'}
# - name: DE_ICRS_1
#   unit: deg
#   datatype: float64
#   format: '{:15.11f}'
#   description: Declination (ICRS) at Ep=2016.0 (dec)
#   meta: !!omap
#   - {ucd: POS_EQ_DEC_MAIN}
#   - {width: 15}
#   - {precision: '11'}
# - name: e_RA_ICRS
#   unit: mas
#   datatype: float64
#   format: '{:7.4f}'
#   description: Standard error of right ascension (ra_error)
#   meta: !!omap
#   - {ucd: ERROR}
#   - {width: 7}
#   - {precision: '4'}
# - name: e_DE_ICRS
#   unit: mas
#   datatype: float64
#   format: '{:7.4f}'
#   description: Standard error of declination (dec_error)
#   meta: !!omap
#   - {ucd: ERROR}
#   - {width: 7}
#   - {precision: '4'}
# - name: _r_1
#   unit: ''
#   datatype: float64
#   format: '{:7.4f}'
#   description: Distance from center (016.61861779000+62.21830084000)[ICRS], at Epoch=J2016.0
#   meta: !!omap
#   - {ucd: POS_ANG_DIST_GENERAL}
#   - {width: 7}
#   - {precision: '4'}
# - name: HIP
#   datatype: int32
#   description: '? HIP cross-id number, van Leeuwen, Cat. I/311 (hip_original_ext_source_id)'
#   meta: !!omap
#   - {ucd: ID_NUMBER}
#   - {width: 6}
#   - values: {'null': -2147483648}
# - name: TYC2
#   datatype: string
#   description: Tycho-2 cross-id name, Hog et al., Cat. I/259 (tyc2_original_ext_source_id)
#   meta: !!omap
#   - {ucd: ID_CROSSID}
#   - {_votable_string_dtype: char}
# - name: Source
#   datatype: int64
#   description: Source identifier, identical to the Gaia-EDR3 source_id (id)
#   meta: !!omap
#   - {ucd: ID_MAIN}
#   - {width: 19}
# - name: rgeo
#   unit: pc
#   datatype: float64
#   format: '{:15.8f}'
#   description: '? Median of the geometric distance posterior (r_med_geo)'
#   meta: !!omap
#   - {ucd: PHYS_DISTANCE_TRUE}
#   - {width: 15}
#   - {precision: '8'}
#   - values: {'null': .nan}
# - name: Plx
#   unit: mas
#   datatype: float64
#   format: '{:9.4f}'
#   description: '? Parallax (parallax)'
#   meta: !!omap
#   - {ucd: POS_PARLX_TRIG}
#   - {width: 9}
#   - {precision: '4'}
#   - values: {'null': .nan}
# - name: e_Plx
#   unit: mas
#   datatype: float32
#   format: '{:7.4f}'
#   description: '? Standard error of parallax (parallax_error)'
#   meta: !!omap
#   - {ucd: ERROR}
#   - {width: 7}
#   - {precision: '4'}
#   - values: {'null': .nan}
# - name: pmRA
#   unit: mas / yr
#   datatype: float64
#   format: '{:9.3f}'
#   description: '? Proper motion in right ascension direction, pmRA*cosDE (pmra)'
#   meta: !!omap
#   - {ucd: POS_EQ_PMRA}
#   - {width: 9}
#   - {precision: '3'}
#   - values: {'null': .nan}
# - name: pmDE
#   unit: mas / yr
#   datatype: float64
#   format: '{:9.3f}'
#   description: '? Proper motion in declination direction (pmdec)'
#   meta: !!omap
#   - {ucd: POS_EQ_PMDEC}
#   - {width: 9}
#   - {precision: '3'}
#   - values: {'null': .nan}
# - name: e_pmRA
#   unit: mas / yr
#   datatype: float32
#   format: '{:6.3f}'
#   description: '? Standard error of proper motion in right ascension direction (pmra_error)'
#   meta: !!omap
#   - {ucd: ERROR}
#   - {width: 6}
#   - {precision: '3'}
#   - values: {'null': .nan}
# - name: e_pmDE
[...]
#         unit: &id001 !astropy.units.Unit {unit: deg}
#         value: !astropy.table.SerializedColumn {name: SkyCoord.dec}
#       distance: !astropy.table.SerializedColumn
#         __class__: astropy.coordinates.distances.Distance
#         unit: !astropy.units.Unit {unit: pc}
#         value: !astropy.table.SerializedColumn {name: SkyCoord.distance}
#       frame: icrs
#       obstime: !astropy.time.Time {format: jyear_str, in_subfmt: '*', jd1: 367701545.0, jd2: 0.0, out_subfmt: '*', precision: 3, scale: tt}
#       pm_dec: !astropy.table.SerializedColumn
#         __class__: astropy.units.quantity.Quantity
#         unit: !astropy.units.Unit {unit: mas / yr}
#         value: !astropy.table.SerializedColumn {name: SkyCoord.pm_dec}
#       pm_ra_cosdec: !astropy.table.SerializedColumn
#         __class__: astropy.units.quantity.Quantity
#         unit: !astropy.units.Unit {unit: mas / yr}
#         value: !astropy.table.SerializedColumn {name: SkyCoord.pm_ra_cosdec}
#       ra: !astropy.table.SerializedColumn
#         __class__: astropy.coordinates.angles.Longitude
#         unit: *id001
#         value: !astropy.table.SerializedColumn {name: SkyCoord.ra}
#         wrap_angle: !astropy.coordinates.Angle
#           unit: *id001
#           value: 360.0
#       representation_type: spherical
# schema: astropy-2.0
RA_ICRS_1 DE_ICRS_1 e_RA_ICRS e_DE_ICRS _r_1 HIP TYC2 Source rgeo Plx e_Plx pmRA pmDE e_pmRA e_pmDE RUWE Teff logg Gmag BP-RP BPmag RPmag RV e_RV b_rgeo B_rgeo FG e_FG FBP e_FBP FRP e_FRP RAVE5 RAVE6 e_Gmag e_BPmag e_RPmag e_BP-RP SkyCoord.ra SkyCoord.dec SkyCoord.distance SkyCoord.pm_ra_cosdec SkyCoord.pm_dec
[from data line 162]
17.04818048068 62.16928843441 0.0442 0.048 12.3774 "" "" 522659178761682688 2306.75171 0.4321 0.069 -2.818 -0.376 0.055 0.062 1.756 8943.4 4.1784 16.087723 1.352716 16.623613 15.270897 "" "" 1985.81226 2674.87939 6916.03852 5.7397 3061.8 9.4843 6177.3 9.4259 "" "" 0.002898914860821011 0.004369916 0.004126553 0.008496469 17.04818048068 62.16928843441 2306.75171 -2.818 -0.376
16.96587674355 62.2963013916 0.0265 0.0287 10.7691 "" "" 522686322955828864 2162.77441 0.4451 0.0396 -1.824 -1.334 0.03 0.038 0.995 9208.9 4.1329 16.087845 1.703199 16.896711 15.193512 "" "" 1957.27124 2330.93286 6915.26599 2.5993 2380.9 8.1685 6633.7 9.524 "" "" 0.002785379507131682 0.0046540974 0.0040882216 0.008742319 16.96587674355 62.2963013916 2162.77441 -1.8240000000000003 -1.334
17.08321386656 62.28870958776 0.0253 0.0274 13.6481 "" "" 522683471097550080 2951.87231 0.3103 0.0383 -1.74 -0.848 0.029 0.035 0.988 8085.6 4.0364 16.090532 1.866383 17.006079 15.139696 "" "" 2688.19336 3296.19482 6898.16388 2.5898 2152.7 9.0121 6970.8 9.4257 "" "" 0.00278530871267647 0.0053334045 0.0040545086 0.009387913 17.08321386656 62.28870958776 2951.87231 -1.7399999999999998 -0.848
16.58889798671 61.96255047364 0.024 0.0272 15.3677 "" "" 522839807904166016 2776.23706 0.3464 0.0359 -3.668 -0.873 0.031 0.037 1.034 7899.1 4.1346 16.10038 1.243581 16.599215 15.355634 "" "" 2443.97388 3121.94849 6835.88783 2.7202 3131.3 14.06 5713.5 32.159 "" "" 0.0027889878691704237 0.0056170993 0.007185414 0.012802513 16.58889798671 61.96255047364 2776.23706 -3.668 -0.8729999999999999
16.34992696802 62.20871825006 0.0253 0.027 7.5374 "" "" 522847195247829504 2497.73926 0.3928 0.0378 -2.099 -0.527 0.03 0.035 0.991 9421.2 4.0136 16.108974 1.33102 16.690826 15.359806 "" "" 2286.17212 2692.94312 6781.98728 2.3682 2878.0 9.0238 5691.6 7.5125 "" "" 0.0027812816020782974 0.0044015963 0.004041965 0.008443561 16.34992696802 62.20871825006 2497.73926 -2.099 -0.5269999999999999
16.77660527423 62.06207805019 0.0247 0.0278 10.3674 "" "" 522654540196928896 2595.24976 0.364 0.0386 -2.907 1.297 0.032 0.036 1.001 9087.1 3.9739 16.112497 1.827565 16.99805 15.170485 "" "" 2340.12964 2922.87695 6760.02072 2.4332 2168.7 6.8302 6775.9 7.168 "" "" 0.0027828966367808307 0.0044133654 0.0039500543 0.00836342 16.77660527423 62.06207805019 2595.24976 -2.9069999999999996 1.2969999999999997
17.05926708624 62.27784535602 0.026 0.0281 12.819 "" "" 522686013718193792 2481.41382 0.392 0.0398 -1.43 0.201 0.029 0.035 1.016 9318.0 4.2629 16.113781 1.39794 16.737528 15.339588 "" "" 2240.34912 2756.95312 6752.02882 2.4347 2756.8 7.3469 5798.6 9.8864 "" "" 0.0027829955585876053 0.004019624 0.0042083785 0.008228002 17.05926708624 62.27784535602 2481.41382 -1.43 0.20100000000000004
16.6767699156 62.17083141329 0.0279 0.0295 3.2804 "" "" 522848707076352128 2542.81787 0.3667 0.0404 -2.019 -0.594 0.034 0.04 1.07 9480.3 3.6582 16.118141 1.56858 16.821617 15.253037 "" "" 2261.85278 2893.48438 6724.9662 2.5371 2551.3 7.2746 6279.8 11.81 "" "" 0.0027856006020922884 0.004167611 0.0042956914 0.008463303 16.6767699156 62.17083141329 2542.81787 -2.019 -0.594
16.4664270228 62.43453979885 0.0265 0.0282 13.6499 "" "" 522856163139366912 2710.76025 0.34 0.0389 -1.848 -0.765 0.031 0.038 1.023 9237.7 3.6019 16.144117 1.522924 16.838327 15.315404 "" "" 2435.30493 3061.45361 6565.98105 2.3778 2512.4 7.8577 5929.2 7.2387 "" "" 0.002783233015363631 0.0043949876 0.004005091 0.008400079 16.4664270228 62.43453979885 2710.76025 -1.8480000000000003 -0.7649999999999997
16.92920413134 62.40713931059 0.0282 0.03 14.26 "" "" 522689243533528704 2833.57031 0.3205 0.0425 -2.966 1.054 0.033 0.044 1.077 7612.5 3.8738 16.149012 2.097481 17.220882 15.123402 "" "" 2549.92456 3201.5166 6536.44911 2.7863 1766.3 6.5002 7076.2 10.144 "" "" 0.0027939201740315588 0.004873418 0.0040873275 0.008960745 16.92920413134 62.40713931059 2833.57031 -2.9659999999999997 1.054
16.46063971257 62.3301625652 0.0304 0.0299 8.0308 "" "" 522853757957768576 2577.9939 0.3656 0.043 -2.012 -0.647 0.035 0.041 1.023 9246.5 4.0047 16.154419 1.557475 16.869932 15.312457 "" "" 2333.93799 2874.82935 6503.97461 3.1932 2440.3 6.5501 5945.3 10.129 "" "" 0.0028064098929326425 0.004034599 0.0042077745 0.008242373 16.46063971257 62.3301625652 2577.9939 -2.012 -0.647
16.75587651943 62.15719575154 0.0285 0.0298 5.311 "" "" 522660999827731968 2554.74756 0.3675 0.0422 -0.688 -0.366 0.033 0.041 1.054 "" "" 16.15685 1.831612 17.024887 15.193275 "" "" 2312.64404 2839.12744 6489.42466 2.5997 2115.7 8.1546 6635.1 26.404 "" "" 0.0027894394854331983 0.0050296574 0.0057403417 0.010769999 16.75587651943 62.15719575154 2554.74756 -0.688 -0.3660000000000001
16.4907379408 61.9734583549 0.0254 0.0288 15.123 "" "" 522746211977891328 2868.1228 0.3243 0.0375 -2.252 -1.009 0.034 0.039 1.094 9269.0 4.2991 16.15985 1.083528 16.606976 15.523448 "" "" 2617.63965 3130.15942 6471.53126 2.4871 3109.0 6.949 4895.3 9.0565 "" "" 0.002786736137647484 0.0036978624 0.004280003 0.007977866 16.4907379408 61.9734583549 2868.1228 -2.252 -1.0090000000000001
16.6025317721 62.22335036182 0.0287 0.0311 0.5423 "" "" 522849462990652672 2389.85596 0.4052 0.0424 -2.078 -0.313 0.034 0.046 0.963 9249.7 3.8744 16.162165 1.539654 16.864313 15.324659 "" "" 2210.33325 2644.66235 6457.7465 2.3762 2453.0 10.366 5878.9 9.7232 "" "" 0.0027841330155670427 0.005369935 0.0041842945 0.00955423 16.6025317721 62.22335036182 2389.85596 -2.0780000000000003 -0.31300000000000006
16.5782417051 62.17658316433 0.0271 0.0297 2.7463 "" "" 522848913234777856 2455.33472 0.3766 0.041 -2.923 -0.912 0.031 0.039 0.992 9316.2 3.9731 16.169424 1.49184 16.844648 15.352808 "" "" 2260.49463 2750.80591 6414.70981 2.4283 2497.8 8.6205 5728.4 9.2595 "" "" 0.00278580624909645 0.004671836 0.004166986 0.008838821 16.5782417051 62.17658316433 2455.33472 -2.923 -0.9119999999999999
16.72259108445 62.25900965538 0.0301 0.03 3.796 "" "" 522850871739809536 2931.3916 0.3141 0.0423 -0.869 -0.705 0.033 0.04 0.988 8264.2 4.2265 16.172518 1.81355 17.049526 15.235976 "" "" 2642.02026 3291.89941 6396.45683 2.5173 2068.3 9.7631 6379.2 11.665 "" "" 0.0027882545933367144 0.0058353427 0.0042691273 0.01010447 16.72259108445 62.25900965538 2931.3916 -0.869 -0.7049999999999998
16.99504179376 62.0333691157 0.0268 0.0301 15.3173 "" "" 522656464342403456 2832.43408 0.3311 0.0412 -0.623 -1.405 0.035 0.042 0.99 9689.9 4.2204 16.197805 1.249344 16.722252 15.472908 "" "" 2500.69116 3205.07373 6249.19909 2.2898 2795.9 12.073 5128.6 12.825 "" "" 0.0027838926115826296 0.005455773 0.0046535353 0.010109308 16.99504179376 62.0333691157 2832.43408 -0.6230000000000002 -1.405
16.43656554822 62.04495902262 0.0269 0.0292 11.5862 "" "" 522841113574209024 2924.04419 0.3161 0.0403 -1.055 0.568 0.034 0.04 1.125 5154.7 3.2983 16.213047 2.421129 17.519178 15.098049 "" "" 2602.72266 3351.20825 6162.09006 2.4329 1342.0 7.0987 7243.3 8.9465 "" "" 0.002788466456155453 0.006385052 0.0040102503 0.010395302 16.43656554822 62.04495902262 2924.04419 -1.0550000000000002 0.5679999999999998
16.36273888875 62.03797554153 0.0249 0.0267 12.9837 "" "" 522841216653424768 2586.12695 0.364 0.0368 -4.19 -0.482 0.033 0.038 1.01 8402.8 4.4135 16.214306 1.511187 16.905336 15.39415 "" "" 2355.42065 2934.20776 6154.95261 2.2653 2362.0 7.7086 5514.4 7.8464 "" "" 0.0027841460902263766 0.0045100683 0.00408294 0.008593008 16.36273888875 62.03797554153 2586.12695 -4.19 -0.4819999999999999
16.92269397002 62.11789580728 0.0269 0.0308 10.433 "" "" 522660106474633984 2584.09692 0.371 0.0423 -0.509 -0.752 0.035 0.041 1.026 7974.9 4.1007 16.221315 1.765888 17.07202 15.306131 "" "" 2356.83276 2887.03906 6115.34471 2.3935 2025.9 8.3992 5980.1 9.791 "" "" 0.00278789724562106 0.0052959733 0.004176568 0.0094725415 16.92269397002 62.11789580728 2584.09692 -0.509 -0.752
16.27726463764 62.09853086464 0.065 0.0699 11.9639 "" "" 522844583907767424 2973.68066 0.3425 0.0955 -2.264 -1.926 0.084 0.102 2.52 8087.6 4.4092 16.22515 1.569539 16.929796 15.360257 "" "" 2252.33179 4129.22559 6093.78553 5.2838 2309.4 8.6508 5689.3 8.9105 "" "" 0.002911711091912735 0.0049321484 0.00414431 0.009076458 16.27726463764 62.09853086464 2973.68066 -2.2639999999999993 -1.926
16.61226050922 62.19694360973 0.0282 0.0301 1.2937 "" "" 522849050673720576 2309.35718 0.4069 0.0413 -2.071 -0.515 0.033 0.041 1.042 8748.1 3.5998 16.225405 1.678686 17.014582 15.335896 "" "" 2110.64087 2555.70459 6092.3544 2.4745 2135.9 8.6451 5818.4 9.0241 "" "" 0.002790387009483102 0.0052054804 0.004137554 0.009343035 16.61226050922 62.19694360973 2309.35718 -2.071 -0.5150000000000002
16.22785610947 62.08168424959 0.0494 0.0525 13.6805 "" "" 522844515188295552 2859.73267 0.3195 0.0721 -0.635 0.812 0.062 0.074 2.001 8920.6 4.4316 16.232834 1.530262 16.901537 15.371275 "" "" 2363.31128 3788.88159 6050.80462 6.1461 2370.3 5.5806 5631.8 7.7856 "" "" 0.0029678335448835996 0.0037841005 0.004066523 0.007850624 16.22785610947 62.08168424959 2859.73267 -0.6349999999999999 0.812
16.3880948318 62.08080581606 0.0247 0.0265 10.479 "" "" 522841766409228928 2253.61206 0.4321 0.0364 -3.396 -1.567 0.031 0.037 0.944 8455.7 4.4174 16.248325 1.478229 16.924768 15.44654 "" "" 2118.34326 2431.49829 5965.08904 2.054 2320.1 7.3988 5254.6 10.619 "" "" 0.0027805682757676147 0.004446724 0.0043701334 0.008816857 16.3880948318 62.08080581606 2253.61206 -3.395999999999999 -1.5669999999999997
16.89492347227 62.17768717089 0.0296 0.0323 8.1073 "" "" 522661996260224768 2734.37354 0.3501 0.0462 -2.179 0.059 0.035 0.045 0.985 8203.9 4.3532 16.263268 1.514452 16.954058 15.439606 "" "" 2432.99976 3135.33252 5883.54971 2.4105 2258.4 9.1832 5288.3 8.7715 "" "" 0.0027909964627638073 0.0052226516 0.0041865087 0.00940916 16.89492347227 62.17768717089 2734.37354 -2.179 0.059000000000000094
16.75509351614 62.2217217848 0.0306 0.0349 3.822 "" "" 522661618303017984 2479.91528 0.4113 0.0481 -1.462 -0.359 0.034 0.047 0.995 "" "" 16.265469 1.491 16.94189 15.450891 "" "" 2175.14526 2830.0249 5871.6392 2.5689 2283.8 7.9205 5233.6 8.6825 "" "" 0.0027959673921144025 0.004686554 0.004186663 0.008873217 16.75509351614 62.2217217848 2479.91528 -1.462 -0.35899999999999993
16.21123537253 62.06886267974 0.0384 0.0437 14.5202 "" "" 522750644384406656 2821.27539 0.3336 0.0567 -0.651 -1.039 0.049 0.066 1.527 "" "" 16.26572 1.840424 17.138844 15.298419 "" "" 2460.48071 3314.42261 5870.2806 5.728 1904.9 7.1631 6022.7 10.119 "" "" 0.002951975877296621 0.0049450905 0.0041965945 0.009141685 16.21123537253 62.06886267974 2821.27539 -0.651 -1.039
16.89710976257 62.18851239444 0.0311 0.0337 7.9946 "" "" 522662030620377344 2885.38281 0.3291 0.0474 -2.838 -0.647 0.036 0.049 1.031 7336.8 4.3009 16.268633 1.672667 17.059116 15.386449 "" "" 2605.53516 3214.58643 5854.55296 2.4442 2050.1 8.4933 5553.7 10.446 "" "" 0.002792356151612901 0.0052931686 0.0042958334 0.009589002 16.89710976257 62.18851239444 2885.38281 -2.838 -0.6470000000000002
16.57828842832 62.20158139941 0.03 0.0319 1.5097 "" "" 522849703508745600 2382.51685 0.406 0.0434 -2.144 -0.484 0.037 0.043 1.072 9028.8 3.6749 16.271133 1.535236 16.974323 15.439087 "" "" 2157.75903 2648.64233 5841.08127 2.1355 2216.6 8.6895 5290.8 10.449 "" "" 0.0027837663217020543 0.005089312 0.0043452946 0.009434607 16.57828842832 62.20158139941 2382.51685 -2.144 -0.48399999999999993
16.83469188689 62.1930961062 0.0299 0.0328 6.2316 "" "" 522662820893939840 2350.44214 0.3946 0.0457 -1.26 -0.478 0.035 0.047 0.999 9274.7 4.1406 16.276869 1.392085 16.89365 15.501565 "" "" 2156.86182 2621.0022 5810.30379 2.4162 2387.6 11.302 4995.0 10.317 "" "" 0.002792067727182197 0.005848005 0.0043946286 0.0102426335 16.83469188689 62.1930961062 2350.44214 -1.26 -0.478
16.26251868791 62.05506556196 0.0262 0.0289 13.987 "" "" 522750610024333696 2393.99487 0.4039 0.0381 -3.685 -0.562 0.033 0.043 1.041 9032.0 4.2746 16.282316 1.320813 16.856915 15.536101 "" "" 2175.03296 2628.21436 5781.22582 2.2292 2469.7 8.7662 4838.6 10.437 "" "" 0.002786944396141155 0.0047578337 0.004446181 0.009204015 16.26251868791 62.05506556196 2393.99487 -3.685 -0.562
16.86503414194 62.39837150325 0.0276 0.0308 12.8039 "" "" 522688006583191552 3109.91626 0.3084 0.0418 -2.21 -0.161 0.032 0.045 0.978 "" "" 16.284891 1.520191 16.979313 15.459122 "" "" 2648.47534 3513.48706 5767.53956 2.3211 2206.4 7.9628 5194.1 7.9698 "" "" 0.0027897510727829117 0.0048102704 0.0041302675 0.008940538 16.86503414194 62.39837150325 3109.91626 -2.21 -0.16099999999999995
16.14561812102 62.18056506832 0.0297 0.0308 13.4285 "" "" 522846164455693568 2505.53809 0.3722 0.0439 1.221 -0.963 0.036 0.045 0.965 7640.4 4.0696 16.286669 2.089992 17.350655 15.260663 "" "" 2267.29688 2829.85742 5758.10113 2.3698 1567.3 7.9211 6235.8 12.065 "" "" 0.0027913186272886803 0.006155921 0.0043239533 0.010479875 16.14561812102 62.18056506832 2505.53809 1.221 -0.9630000000000001
16.66017342883 62.22046329969 0.0313 0.0321 1.1693 "" "" 522849428630825472 2453.521 0.384 0.0449 -2.116 -0.581 0.035 0.043 1.012 9326.6 3.778 16.292238 1.632975 17.048048 15.415073 "" "" 2235.54199 2697.30249 5728.64165 2.3738 2071.1 9.1651 5409.1 7.7557 "" "" 0.0027918094763697433 0.005556039 0.004087446 0.009643485 16.66017342883 62.22046329969 2453.521 -2.1160000000000005 -0.581
16.6368538542 62.22874161762 0.0329 0.0325 0.8077 "" "" 522849424326653312 2211.41455 0.4446 0.046 -2.089 -0.652 0.039 0.044 0.983 9175.5 3.5501 16.304626 1.526579 17.003956 15.477377 "" "" 1990.78003 2426.97412 5663.64488 2.3506 2156.9 10.965 5107.5 12.543 "" "" 0.0027919248858057407 0.0061846892 0.0046252734 0.010809963 16.6368538542 62.22874161762 2211.41455 -2.0890000000000004 -0.6520000000000001
17.0241470783 62.22707783301 0.0305 0.0324 11.3517 "" "" 522662374217337088 2784.68481 0.3361 0.0453 -3.315 -0.406 0.035 0.042 1.028 9279.5 4.1634 16.307941 1.368547 16.913914 15.545366 "" "" 2450.97217 3207.36108 5646.3809 4.0909 2343.4 10.142 4797.5 14.627 "" "" 0.0028654115297192173 0.0054649105 0.005024109 0.01048902 17.0241470783 62.22707783301 2784.68481 -3.3149999999999995 -0.406
16.75297915729 62.23243102462 0.0331 0.0346 3.8512 "" "" 522663095771766656 3007.53491 0.3215 0.0491 -2.113 -0.459 0.038 0.048 1.008 9286.9 4.1831 16.30982 1.35453 16.909294 15.554764 "" "" 2586.5752 3533.1377 5636.61577 2.407 2353.4 9.7038 4756.1 11.083 "" "" 0.002794056644175602 0.005275134 0.004548068 0.009823202 16.75297915729 62.23243102462 3007.53491 -2.113 -0.45899999999999996
16.7099611396 62.17412859012 0.0294 0.0328 3.6823 "" "" 522848741436089856 2598.07568 0.3412 0.0444 -4.585 -1.149 0.035 0.046 1.018 4960.3 3.2756 16.315123 2.640155 17.787458 15.147304 "" "" 2308.81958 2840.89844 5609.16209 3.239 1048.2 6.9016 6922.1 12.022 "" "" 0.0028257500979626815 0.0076739583 0.004223676 0.011897635 16.7099611396 62.17412859012 2598.07568 -4.584999999999999 -1.1489999999999998
16.52348349988 62.24071503153 0.0312 0.0324 2.9802 "" "" 522850115825571712 2139.677 0.4543 0.0447 -2.129 -0.451 0.035 0.045 0.999 9491.2 4.0334 16.31933 1.498267 17.000183 15.501916 "" "" 1935.16431 2430.69482 5587.46732 2.322 2164.4 9.232 4993.3 8.68 "" "" 0.002792019540259946 0.005406661 0.0042244387 0.009631099 16.52348349988 62.24071503153 2139.677 -2.129 -0.4510000000000001
17.0538348219 62.16088113871 0.0309 0.0327 12.6607 "" "" 522658800804563456 2699.36694 0.355 0.0471 -2.503 -0.832 0.039 0.044 0.969 9467.0 4.2967 16.320961 1.293443 16.881937 15.588494 "" "" 2335.15771 3115.02637 5579.08169 2.481 2413.5 8.8481 4610.6 9.0821 "" "" 0.0027973036759992194 0.0048609315 0.0043425607 0.009203492 17.0538348219 62.16088113871 2699.36694 -2.503 -0.8320000000000001
16.60396603874 62.19942700179 0.0308 0.0331 1.2043 "" "" 522849050673794304 2379.99951 0.3846 0.0449 -1.701 -0.029 0.037 0.047 1.089 9516.8 3.9979 16.321274 1.823088 17.20456 15.381472 "" "" 2159.15332 2674.5271 5577.47166 2.8632 1793.1 9.7334 5579.2 13.379 "" "" 0.002811128528677128 0.0065207486 0.0045893914 0.01111014 16.60396603874 62.19942700179 2379.99951 -1.7010000000000003 -0.029000000000000033
