Clusters/NGC_2451B/NGC_2451B_members.tsv
# %ECSV 1.0
# ---
# datatype:
# - name: RA_ICRS_1
#   unit: deg
#   datatype: float64
#   format: '{:15.11f}'
#   description: Right ascension (ICRS) at Ep=2016.0 (ra)
#   meta: !!omap
#   - {ucd: POS_EQ_RA_MAIN}
#   - {width: 15}
#   - {precision: '11'}
# - name: DE_ICRS_1
#   unit: deg
#   datatype: float64
#   format: '{:15.11f}'
#   description: Declination (ICRS) at Ep=2016.0 (dec)
#   meta: !!omap
#   - {ucd: POS_EQ_DEC_MAIN}
#   - {width: 15}
#   - {precision: '11'}
# - name: e_RA_ICRS
#   unit: mas
#   datatype: float64
#   format: '{:7.4f}'
#   description: Standard error of right ascension (ra_error)
#   meta: !!omap
#   - {ucd: ERROR}
#   - {width: 7}
#   - {precision: '4'}
# - name: e_DE_ICRS
#   unit: mas
#   datatype: float64
#   format: '{:7.4f}'
#   description: Standard error of declination (dec_error)
#   meta: !!omap
#   - {ucd: ERROR}
#   - {width: 7}
#   - {precision: '4'}
# - name: _r_1
#   unit: ''
#   datatype: float64
#   format: '{:8.4f}'
#   description: Distance from center (116.00830648000-37.86100608000)[ICRS], at Epoch=J2016.0
#   meta: !!omap
#   - {ucd: POS_ANG_DIST_GENERAL}
#   - {width: 8}
#   - {precision: '4'}
# - name: HIP
#   datatype: int32
#   description: '? HIP cross-id number, van Leeuwen, Cat. I/311 (hip_original_ext_source_id)'
#   meta: !!omap
#   - {ucd: ID_NUMBER}
#   - {width: 6}
#   - values: {'null': -2147483648}
# - name: TYC2
#   datatype: string
#   description: Tycho-2 cross-id name, Hog et al., Cat. I/259 (tyc2_original_ext_source_id)
#   meta: !!omap
#   - {ucd: ID_CROSSID}
#   - {_votable_string_dtype: char}
# - name: Source
#   datatype: int64
#   description: Source identifier, identical to the Gaia-EDR3 source_id (id)
#   meta: !!omap
#   - {ucd: ID_MAIN}
#   - {width: 19}
# - name: rgeo
#   unit: pc
#   datatype: float64
#   format: '{:15.8f}'
#   description: '? Median of the geometric distance posterior (r_med_geo)'
#   meta: !!omap
#   - {ucd: PHYS_DISTANCE_TRUE}
#   - {width: 15}
#   - {precision: '8'}
#   - values: {'null': .nan}
# - name: Plx
#   unit: mas
#   datatype: float64
#   format: '{:9.4f}'
#   description: '? Parallax (parallax)'
#   meta: !!omap
#   - {ucd: POS_PARLX_TRIG}
#   - {width: 9}
#   - {precision: '4'}
#   - values: {'null': .nan}
# - name: e_Plx
#   unit: mas
#   datatype: float32
#   format: '{:7.4f}'
#   description: '? Standard error of parallax (parallax_error)'
#   meta: !!omap
#   - {ucd: ERROR}
#   - {width: 7}
#   - {precision: '4'}
#   - values: {'null': .nan}
# - name: pmRA
#   unit: mas / yr
#   datatype: float64
#   format: '{:9.3f}'
#   description: '? Proper motion in right ascension direction, pmRA*cosDE (pmra)'
#   meta: !!omap
#   - {ucd: POS_EQ_PMRA}
#   - {width: 9}
#   - {precision: '3'}
#   - values: {'null': .nan}
# - name: pmDE
#   unit: mas / yr
#   datatype: float64
#   format: '{:9.3f}'
#   description: '? Proper motion in declination direction (pmdec)'
#   meta: !!omap
#   - {ucd: POS_EQ_PMDEC}
#   - {width: 9}
#   - {precision: '3'}
#   - values: {'null': .nan}
# - name: e_pmRA
#   unit: mas / yr
#   datatype: float32
#   format: '{:6.3f}'
#   description: '? Standard error of proper motion in right ascension direction (pmra_error)'
#   meta: !!omap
#   - {ucd: ERROR}
#   - {width: 6}
#   - {precision: '3'}
#   - values: {'null': .nan}
# - name: e_pmDE
[...]
#         unit: &id001 !astropy.units.Unit {unit: deg}
#         value: !astropy.table.SerializedColumn {name: SkyCoord.dec}
#       distance: !astropy.table.SerializedColumn
#         __class__: astropy.coordinates.distances.Distance
#         unit: !astropy.units.Unit {unit: pc}
#         value: !astropy.table.SerializedColumn {name: SkyCoord.distance}
#       frame: icrs
#       obstime: !astropy.time.Time {format: jyear_str, in_subfmt: '*', jd1: 367701545.0, jd2: 0.0, out_subfmt: '*', precision: 3, scale: tt}
#       pm_dec: !astropy.table.SerializedColumn
#         __class__: astropy.units.quantity.Quantity
#         unit: !astropy.units.Unit {unit: mas / yr}
#         value: !astropy.table.SerializedColumn {name: SkyCoord.pm_dec}
#       pm_ra_cosdec: !astropy.table.SerializedColumn
#         __class__: astropy.units.quantity.Quantity
#         unit: !astropy.units.Unit {unit: mas / yr}
#         value: !astropy.table.SerializedColumn {name: SkyCoord.pm_ra_cosdec}
#       ra: !astropy.table.SerializedColumn
#         __class__: astropy.coordinates.angles.Longitude
#         unit: *id001
#         value: !astropy.table.SerializedColumn {name: SkyCoord.ra}
#         wrap_angle: !astropy.coordinates.Angle
#           unit: *id001
#           value: 360.0
#       representation_type: spherical
# schema: astropy-2.0
RA_ICRS_1 DE_ICRS_1 e_RA_ICRS e_DE_ICRS _r_1 HIP TYC2 Source rgeo Plx e_Plx pmRA pmDE e_pmRA e_pmDE RUWE Teff logg Gmag BP-RP BPmag RPmag RV e_RV b_rgeo B_rgeo FG e_FG FBP e_FBP FRP e_FRP RAVE5 RAVE6 e_Gmag e_BPmag e_RPmag e_BP-RP SkyCoord.ra SkyCoord.dec SkyCoord.distance SkyCoord.pm_ra_cosdec SkyCoord.pm_dec Pmemb
[from data line 119]
116.15134903324 -37.81563190517 0.0229 0.0268 7.3043 "" "" 5538819928357600384 347.970245 2.8389 0.0286 -9.511 4.946 0.031 0.033 1.134 "" "" 15.666621 2.198924 16.796982 14.598058 "" "" 344.596527 351.620758 10192.9076 13.26 2609.9 19.691 11480.0 47.373 "" "" 0.003096251578205235 0.008653739 0.005861518 0.0145152565 116.15134903324 -37.81563190517 347.970245 -9.511 4.9460000000000015 1.0
116.66846156009 -38.04351626641 0.0217 0.024 33.0968 "" "" 5538758012107683712 357.694183 2.7532 0.0273 -10.138 4.848 0.028 0.031 0.979 "" "" 15.717691 2.072423 16.770493 14.69807 "" "" 354.038635 361.139343 9724.56536 9.3187 2674.4 13.986 10470.0 25.8 "" "" 0.0029452108197667777 0.0063264645 0.0046305265 0.010956991 116.66846156009 -38.04351626641 357.694183 -10.138 4.847999999999999 1.0
114.99207054516 -36.9490432245 0.0204 0.0255 73.0744 "" "" 5587062169256291456 340.821289 2.891 0.0267 -10.066 4.903 0.027 0.033 0.992 "" "" 15.725889 2.126939 16.817223 14.690284 "" "" 337.417358 343.854645 9651.41715 8.2657 2561.7 12.307 10545.0 23.366 "" "" 0.00290799078091807 0.005915492 0.0044801417 0.010395633 114.99207054516 -36.9490432245 340.821289 -10.066000000000003 4.903 1.0
115.7504030744 -37.79297594622 0.0242 0.0289 12.8861 "" "" 5586779216810586496 340.04245 2.8996 0.0314 -9.588 5.585 0.032 0.037 1.085 "" "" 15.747746 2.405424 17.024513 14.619089 "" "" 336.211395 343.848694 9459.06615 11.542 2116.5 14.624 11260.0 40.223 "" "" 0.0030572764491530436 0.0080039855 0.005415372 0.013419358 115.7504030744 -37.79297594622 340.04245 -9.587999999999997 5.584999999999999 0.9
115.72745811732 -38.55855403097 0.0221 0.0269 43.8973 "" "" 5538682351964783232 358.240173 2.75 0.029 -9.361 4.967 0.03 0.034 0.979 3821.5 4.4314 15.844237 2.143522 16.942541 14.799019 "" "" 354.625397 362.103302 8654.6968 10.116 2282.4 13.362 9540.0 28.804 "" "" 0.003033528646595638 0.0069417246 0.005002998 0.011944722 115.72745811732 -38.55855403097 358.240173 -9.361000000000002 4.966999999999998 1.0
116.39831838077 -37.91670082623 0.0258 0.0286 18.7678 "" "" 5538808830162281472 340.199585 2.8969 0.0329 -10.519 4.686 0.034 0.036 1.053 3663.3 4.1915 15.962685 2.195149 17.073626 14.878477 "" "" 336.741089 343.836395 7760.20086 6.484 2022.9 16.444 8866.8 25.611 "" "" 0.0029008220178733655 0.009256402 0.004911067 0.014167469 116.39831838077 -37.91670082623 340.199585 -10.519000000000002 4.686 0.8
116.28077879368 -38.52659132636 0.0262 0.0308 41.9511 "" "" 5538649504054130560 346.22876 2.8489 0.033 -9.958 4.855 0.034 0.037 1.04 3496.8 4.0216 15.996456 2.63987 17.441477 14.801607 "" "" 341.358215 350.801239 7522.53353 10.623 1441.5 15.782 9517.3 42.324 "" "" 0.003153186347981003 0.012210054 0.006131601 0.018341655 116.28077879368 -38.52659132636 346.22876 -9.957999999999998 4.854999999999999 1.0
116.06530294518 -37.65013605669 0.0273 0.0336 12.9379 "" "" 5586863329449965056 357.126465 2.7638 0.0341 -9.508 4.545 0.037 0.041 0.963 3832.3 4.4852 16.032818 2.220934 17.18029 14.959356 "" "" 353.515198 362.125336 7274.77523 10.553 1833.6 14.382 8230.3 33.477 "" "" 0.0031737069460382396 0.008961496 0.0058126696 0.014774166 116.06530294518 -37.65013605669 357.126465 -9.508 4.544999999999999 1.0
117.21046041858 -37.37027164161 0.0261 0.0281 64.2751 "" "" 5539219291597363072 348.521393 2.8307 0.0326 -10.77 4.279 0.034 0.036 0.981 "" "" 16.076046 2.236918 17.23531 14.998392 "" "" 344.479858 353.083771 6990.81768 10.242 1743.0 21.389 7939.7 40.343 "" "" 0.0031815141211238313 0.013612492 0.0066872244 0.020299716 117.21046041858 -37.37027164161 348.521393 -10.770000000000001 4.279 0.8
116.01183633741 -38.12173433509 0.0264 0.0297 15.6446 "" "" 5538717227099769088 364.155396 2.7071 0.0333 -10.06 5.048 0.035 0.038 0.981 3761.8 4.4406 16.077145 2.276582 17.267326 14.990745 "" "" 359.1633 368.990997 6983.75586 5.4821 1692.3 12.718 7995.8 26.081 "" "" 0.0028841238316130694 0.008623408 0.0051793735 0.013802782 116.01183633741 -38.12173433509 364.155396 -10.059999999999999 5.048 1.0
116.15337943005 -37.91658288788 0.0294 0.0323 7.6361 "" "" 5538816973420145408 364.896942 2.7005 0.0361 -9.413 4.946 0.038 0.039 1.033 3693.7 4.3351 16.175632 2.232887 17.308922 15.076035 "" "" 361.245514 369.734406 6378.1403 6.161 1628.7 22.251 7391.7 22.6 "" "" 0.002948171282561641 0.015093268 0.005030269 0.020123538 116.15337943005 -37.91658288788 364.896942 -9.413 4.946 1.0
116.76579385981 -37.96481040355 0.0276 0.0291 36.3938 "" "" 5538782132644546944 361.904633 2.7337 0.0339 -9.484 4.643 0.036 0.036 1.005 3911.5 4.3641 16.186829 2.348107 17.436989 15.088881 "" "" 356.612946 367.789001 6312.70643 6.1659 1447.5 14.175 7304.8 24.121 "" "" 0.002952358610886309 0.010992346 0.005209344 0.01620169 116.76579385981 -37.96481040355 361.904633 -9.484 4.643000000000001 1.0
116.4853090461 -37.22420433545 0.0266 0.0323 44.4389 "" "" 5586904629855917952 356.938171 2.7641 0.0353 -9.691 4.813 0.038 0.041 1.035 "" "" 16.1971 2.31657 17.41848 15.10191 "" "" 353.326416 360.904633 6253.26218 6.0795 1472.4 9.2834 7217.6 17.625 "" "" 0.0029505948167812238 0.0073922933 0.0046166196 0.012008913 116.4853090461 -37.22420433545 356.938171 -9.691 4.812999999999999 1.0
115.02820769438 -39.34818711494 0.0281 0.0335 100.3676 "" "" 5537132555963566720 324.781525 3.0439 0.0361 -9.768 5.323 0.038 0.043 1.038 3560.9 4.264 16.210884 2.424752 17.498848 15.074096 "" "" 321.593658 328.809052 6174.37775 9.7145 1367.3 13.586 7404.9 45.03 "" "" 0.003241899040294046 0.011143248 0.007607658 0.018750906 115.02820769438 -39.34818711494 324.781525 -9.767999999999999 5.323 0.8
117.15258708237 -38.28142610732 0.0286 0.0367 59.6457 "" "" 5538571644890290944 363.104462 2.7223 0.0394 -10.134 4.659 0.037 0.044 1.005 3722.8 4.4442 16.247328 2.335379 17.476976 15.141598 "" "" 358.73053 367.92569 5970.56439 5.9908 1395.2 13.184 6958.6 29.982 "" "" 0.002962873007008 0.010632342 0.0060139582 0.0166463 117.15258708237 -38.28142610732 363.104462 -10.134 4.659000000000001 1.0
116.18124461874 -38.30692420549 0.0272 0.0329 27.9739 "" "" 5538702589851355648 366.979279 2.7007 0.0351 -9.633 4.949 0.037 0.048 0.991 3609.8 4.2425 16.247974 2.340654 17.485874 15.14522 "" "" 361.380402 373.607513 5967.01199 8.9985 1383.8 12.276 6935.4 31.168 "" "" 0.003205098250351824 0.010027801 0.0061718524 0.016199652 116.18124461874 -38.30692420549 366.979279 -9.633 4.949000000000001 1.0
115.56756493055 -37.98645781226 0.0285 0.0315 22.1767 "" "" 5586770382054977280 356.22345 2.7717 0.0358 -9.643 4.872 0.039 0.039 0.961 3687.4 4.3896 16.3237 2.408876 17.612986 15.204109 "" "" 351.710449 360.870209 5565.0226 4.9017 1230.9 8.6429 6569.2 13.563 "" "" 0.0029165632041335565 0.008118163 0.0043941685 0.012512332 115.56756493055 -37.98645781226 356.22345 -9.643 4.872000000000001 1.0
115.98267797904 -38.60988736142 0.0289 0.0364 44.9491 "" "" 5538689808028757760 353.119415 2.7889 0.0399 -9.746 5.011 0.037 0.044 0.981 "" "" 16.352253 2.383442 17.61957 15.236128 "" "" 348.372894 357.725433 5420.57893 6.1945 1223.5 9.7854 6378.3 22.896 "" "" 0.003021796523124312 0.009120836 0.0054289717 0.014549808 115.98267797904 -38.60988736142 353.119415 -9.746 5.011 1.0
114.5274960243 -38.23230802571 0.0297 0.0372 73.4291 "" "" 5585294669955008000 385.850189 2.56 0.0394 -8.685 4.633 0.041 0.044 0.971 3606.5 4.319 16.353476 2.387047 17.626682 15.239635 "" "" 381.233368 391.092133 5414.47469 10.089 1215.5 12.403 6357.8 30.169 "" "" 0.0034182889300424066 0.01142483 0.006389612 0.017814443 114.5274960243 -38.23230802571 385.850189 -8.685 4.633 0.8
115.49358407388 -38.08632843445 0.0287 0.034 27.847 "" "" 5586768152974831488 347.534912 2.834 0.0378 -10.52 4.439 0.037 0.042 0.973 3613.5 4.3891 16.382078 2.379939 17.648294 15.268355 "" "" 343.49646 353.334106 5273.69938 4.5183 1191.5 9.0983 6191.8 14.124 "" "" 0.002908107965773868 0.008747602 0.004518577 0.013266179 115.49358407388 -38.08632843445 347.534912 -10.52 4.439 1.0
116.20825099691 -38.33107206925 0.0304 0.0343 29.7422 "" "" 5538699360035966336 362.464478 2.7303 0.0375 -9.769 5.023 0.04 0.045 1.008 3619.5 4.3153 16.423113 2.413618 17.713951 15.300333 "" "" 356.368439 368.10434 5078.1027 5.1477 1121.6 7.5929 6012.1 13.644 "" "" 0.0029670096196795937 0.007861882 0.0045116516 0.012373534 116.20825099691 -38.33107206925 362.464478 -9.769000000000002 5.023 1.0
116.4818421541 -38.75093625031 0.0312 0.0347 57.8633 "" "" 5538628682053004928 354.720245 2.7876 0.0388 -10.072 4.982 0.041 0.043 1.027 3509.9 4.205 16.424833 2.610543 17.863178 15.252635 "" "" 348.924927 359.693176 5070.06555 5.1289 977.56 9.2039 6282.1 18.442 "" "" 0.0029661641735804728 0.010596343 0.004943968 0.015540311 116.4818421541 -38.75093625031 354.720245 -10.072 4.981999999999999 1.0
115.65227936624 -38.66275153312 0.0327 0.0399 50.9449 "" "" 5538679946783104768 353.305328 2.7993 0.0438 -9.728 5.107 0.042 0.047 1.008 3532.4 4.4074 16.48774 2.492422 17.837563 15.34514 "" "" 349.088776 359.223846 4784.65452 6.3841 1000.9 8.8413 5769.0 18.578 "" "" 0.0031129523016040768 0.00998831 0.005148653 0.015136963 115.65227936624 -38.66275153312 353.305328 -9.727999999999998 5.107 1.0
116.54821480037 -38.21067129891 0.038 0.0418 33.0326 "" "" 5538748941136766464 368.352783 2.6861 0.0479 -9.999 5.117 0.051 0.048 1.296 3559.4 4.4295 16.52919 2.359142 17.695566 15.336424 "" "" 361.312805 374.152557 4605.43845 5.5023 1140.8 24.705 5815.5 29.173 "" "" 0.003045397276719972 0.023677517 0.006629344 0.03030686 116.54821480037 -38.21067129891 368.352783 -9.998999999999999 5.116999999999999 1.0
116.30798557365 -37.78866840092 0.0297 0.0372 14.8512 "" "" 5538825151037900544 352.830811 2.8022 0.0395 -10.052 4.86 0.04 0.043 1.007 3592.1 4.4397 16.543217 2.446987 17.861721 15.414734 "" "" 348.79538 357.856445 4546.31701 3.4782 978.88 6.9677 5410.8 11.252 "" "" 0.0028778068401625247 0.008216553 0.0044024484 0.012619002 116.30798557365 -37.78866840092 352.830811 -10.052 4.860000000000001 1.0
116.77729118802 -38.75674107835 0.0341 0.0402 64.8005 "" "" 5538441180961467904 354.246643 2.7865 0.0416 -9.759 4.726 0.048 0.048 1.073 3639.3 4.4284 16.549013 2.522131 17.924526 15.402395 "" "" 348.715668 360.952454 4522.1158 5.5516 923.86 9.6036 5472.7 19.808 "" "" 0.003060790426817633 0.01162609 0.0054522054 0.017078295 116.77729118802 -38.75674107835 354.246643 -9.759000000000002 4.725999999999999 1.0
115.60461937538 -36.67495187755 0.0322 0.0379 73.7273 "" "" 5587174319442474752 361.30542 2.7249 0.0441 -9.59 4.993 0.044 0.046 1.03 3510.6 4.2134 16.57158 2.469498 17.881033 15.411535 "" "" 355.588257 366.160187 4429.08636 4.3906 961.62 10.763 5426.8 14.936 "" "" 0.0029580762240866533 0.012468379 0.0048180157 0.017286394 115.60461937538 -36.67495187755 361.30542 -9.59 4.993 1.0
115.64511654418 -38.01812979368 0.0327 0.0383 19.6019 "" "" 5586758394809190912 357.223083 2.7634 0.0429 -9.574 4.997 0.044 0.046 0.944 3590.7 4.4236 16.588108 2.530067 17.963385 15.433317 "" "" 351.379181 364.3255 4362.17951 3.6774 891.38 7.5489 5319.0 11.783 "" "" 0.002903369854860065 0.009608875 0.0044798087 0.014088684 115.64511654418 -38.01812979368 357.223083 -9.573999999999998 4.997 1.0
114.5197678452 -36.60555828705 0.0386 0.0457 103.5853 "" "" 5587134805739162496 381.228546 2.5711 0.0501 -8.503 4.519 0.05 0.053 0.982 "" "" 16.593878 2.393816 17.699396 15.30558 "" "" 374.327026 387.316132 4339.06297 6.6545 1136.7 43.335 5983.1 31.354 "" "" 0.0032193775238589066 0.041486014 0.0068305675 0.048316583 114.5197678452 -36.60555828705 381.228546 -8.503 4.518999999999999 0.8
116.51015183001 -37.57948788678 0.0389 0.0439 29.1992 "" "" 5538851981692850816 392.646454 2.5078 0.0519 -9.223 4.923 0.049 0.051 1.075 3436.8 4.1334 16.605566 2.72061 18.122635 15.402025 "" "" 385.367859 399.830017 4292.59918 5.5777 769.77 11.036 5474.5 20.997 "" "" 0.0030954947876347698 0.015814018 0.0056235865 0.021437604 116.51015183001 -37.57948788678 392.646454 -9.223 4.923 1.0
115.70131312301 -38.04502104883 0.0364 0.0446 18.2442 "" "" 5586757741974213376 354.397827 2.7859 0.0477 -9.672 4.507 0.046 0.056 1.056 3537.3 4.4158 16.667723 2.510961 18.029617 15.518657 "" "" 348.25174 359.510437 4053.75495 5.0719 838.63 11.617 4916.9 14.462 "" "" 0.0030719900979039624 0.015296622 0.0049479194 0.020244543 115.70131312301 -38.04502104883 354.397827 -9.672000000000002 4.507 1.0
115.46112503711 -38.1126826121 0.0359 0.0424 29.9596 "" "" 5586744685272976640 364.460358 2.7179 0.0469 -9.488 4.876 0.046 0.052 0.967 3533.7 4.4112 16.7183 2.536956 18.104895 15.567939 "" "" 356.798401 371.123505 3869.25198 3.8565 782.45 7.7801 4698.8 12.332 "" "" 0.0029602119898837695 0.011150484 0.004733229 0.015883714 115.46112503711 -38.1126826121 364.460358 -9.488 4.876 1.0
118.03377519985 -38.34459262654 0.0365 0.0408 99.9333 "" "" 5538884799543607296 351.703735 2.8055 0.0446 -11.151 3.943 0.05 0.054 1.093 3520.0 4.4051 16.718378 2.679451 18.209202 15.529751 "" "" 347.319946 356.290405 3868.97323 3.8968 710.78 7.2192 4867.0 13.275 "" "" 0.002964393724169911 0.011375035 0.00480142 0.016176455 118.03377519985 -38.34459262654 351.703735 -11.151 3.942999999999999 0.9
115.57835134068 -38.06792882698 0.0353 0.0433 23.8283 "" "" 5586756676822260224 365.522705 2.6991 0.0473 -9.434 4.929 0.047 0.055 1.01 3510.6 4.4086 16.739618 2.628346 18.195023 15.566677 "" "" 360.818939 370.969971 3794.0191 3.9488 720.13 7.8678 4704.2 13.749 "" "" 0.002978045824519428 0.0121859675 0.0049349256 0.017120894 115.57835134068 -38.06792882698 365.522705 -9.434 4.929 0.9
116.22515958366 -39.03929559021 0.0394 0.0459 71.4278 "" "" 5538595696703549056 349.485565 2.8283 0.0514 -9.82 4.956 0.052 0.062 1.032 3604.9 4.4903 16.747288 2.508652 18.10704 15.598389 "" "" 343.476501 355.582825 3767.31264 3.1146 780.91 8.0763 4568.8 11.271 "" "" 0.00289784746424836 0.011570323 0.0046322625 0.016202586 116.22515958366 -39.03929559021 349.485565 -9.820000000000002 4.956 1.0
116.50757008106 -37.58186625358 0.042 0.0469 29.0164 "" "" 5538851947333102592 366.167847 2.7098 0.0569 -8.63 4.326 0.054 0.055 1.085 3522.5 4.4178 16.75315 2.531235 18.126831 15.595596 "" "" 360.472778 374.170013 3747.02093 3.4356 766.8 7.3625 4580.6 15.692 "" "" 0.0029296428916597947 0.010791728 0.005302653 0.016094381 116.50757008106 -37.58186625358 366.167847 -8.629999999999999 4.325999999999999 0.9
115.37167488133 -38.25717795954 0.0395 0.0431 38.3352 "" "" 5586730529060596480 359.558533 2.7403 0.0498 -9.806 5.204 0.053 0.052 0.993 3316.0 3.9331 16.783579 2.898117 18.445587 15.54747 "" "" 352.354767 365.823334 3643.47105 3.8076 571.72 8.9322 4788.2 13.399 "" "" 0.0029798003927136354 0.017190814 0.0048491987 0.022040013 115.37167488133 -38.25717795954 359.558533 -9.806 5.204 0.9
116.03943273195 -38.4767995545 0.0381 0.046 36.9768 "" "" 5538692350649439488 359.462524 2.7458 0.0503 -9.396 4.777 0.054 0.066 1.045 3504.9 4.4148 16.783695 2.615453 18.228289 15.612836 "" "" 353.96698 367.057892 3643.08115 3.4652 698.4 7.8521 4508.4 15.578 "" "" 0.0029424999111728554 0.012521732 0.0053252266 0.017846959 116.03943273195 -38.4767995545 359.462524 -9.396 4.777 1.0
115.866129848 -37.92302810607 0.0371 0.0488 7.6922 "" "" 5586762930294737920 351.034973 2.8198 0.0508 -9.527 4.991 0.051 0.068 1.003 3523.2 4.439 16.785477 2.58114 18.196133 15.614993 "" "" 344.927948 358.646362 3637.10674 3.7689 719.39 6.4702 4499.5 14.095 "" "" 0.0029761705742918664 0.010155915 0.0050844382 0.0152403535 115.866129848 -37.92302810607 351.034973 -9.527 4.991 1.0
116.40087178365 -37.74080352107 0.0395 0.0485 19.9596 "" "" 5538824223325295232 358.376587 2.7455 0.0518 -9.465 4.517 0.054 0.057 1.071 "" "" 16.805416 2.910391 18.47932 15.56893 "" "" 352.970764 364.64386 3570.92075 4.1346 554.23 8.9603 4694.5 16.278 "" "" 0.0030285551529028645 0.017773595 0.005334516 0.02310811 116.40087178365 -37.74080352107 358.376587 -9.465 4.517 1.0
