Clusters/NGC_2451B/NGC_2451B_stars_in_region.tsv
# %ECSV 1.0
# ---
# datatype:
# - name: RA_ICRS_1
#   unit: deg
#   datatype: float64
#   format: '{:15.11f}'
#   description: Right ascension (ICRS) at Ep=2016.0 (ra)
#   meta: !!omap
#   - {ucd: POS_EQ_RA_MAIN}
#   - {width: 15}
#   - {precision: '11'}
# - name: DE_ICRS_1
#   unit: deg
#   datatype: float64
#   format: '{:15.11f}'
#   description: Declination (ICRS) at Ep=2016.0 (dec)
#   meta: !!omap
#   - {ucd: POS_EQ_DEC_MAIN}
#   - {width: 15}
#   - {precision: '11'}
# - name: e_RA_ICRS
#   unit: mas
#   datatype: float64
#   format: '{:7.4f}'
#   description: Standard error of right ascension (ra_error)
#   meta: !!omap
#   - {ucd: ERROR}
#   - {width: 7}
#   - {precision: '4'}
# - name: e_DE_ICRS
#   unit: mas
#   datatype: float64
#   format: '{:7.4f}'
#   description: Standard error of declination (dec_error)
#   meta: !!omap
#   - {ucd: ERROR}
#   - {width: 7}
#   - {precision: '4'}
# - name: _r_1
#   unit: ''
#   datatype: float64
#   format: '{:8.4f}'
#   description: Distance from center (116.00830648000-37.86100608000)[ICRS], at Epoch=J2016.0
#   meta: !!omap
#   - {ucd: POS_ANG_DIST_GENERAL}
#   - {width: 8}
#   - {precision: '4'}
# - name: HIP
#   datatype: int32
#   description: '? HIP cross-id number, van Leeuwen, Cat. I/311 (hip_original_ext_source_id)'
#   meta: !!omap
#   - {ucd: ID_NUMBER}
#   - {width: 6}
#   - values: {'null': -2147483648}
# - name: TYC2
#   datatype: string
#   description: Tycho-2 cross-id name, Hog et al., Cat. I/259 (tyc2_original_ext_source_id)
#   meta: !!omap
#   - {ucd: ID_CROSSID}
#   - {_votable_string_dtype: char}
# - name: Source
#   datatype: int64
#   description: Source identifier, identical to the Gaia-EDR3 source_id (id)
#   meta: !!omap
#   - {ucd: ID_MAIN}
#   - {width: 19}
# - name: rgeo
#   unit: pc
#   datatype: float64
#   format: '{:15.8f}'
#   description: '? Median of the geometric distance posterior (r_med_geo)'
#   meta: !!omap
#   - {ucd: PHYS_DISTANCE_TRUE}
#   - {width: 15}
#   - {precision: '8'}
#   - values: {'null': .nan}
# - name: Plx
#   unit: mas
#   datatype: float64
#   format: '{:9.4f}'
#   description: '? Parallax (parallax)'
#   meta: !!omap
#   - {ucd: POS_PARLX_TRIG}
#   - {width: 9}
#   - {precision: '4'}
#   - values: {'null': .nan}
# - name: e_Plx
#   unit: mas
#   datatype: float32
#   format: '{:7.4f}'
#   description: '? Standard error of parallax (parallax_error)'
#   meta: !!omap
#   - {ucd: ERROR}
#   - {width: 7}
#   - {precision: '4'}
#   - values: {'null': .nan}
# - name: pmRA
#   unit: mas / yr
#   datatype: float64
#   format: '{:9.3f}'
#   description: '? Proper motion in right ascension direction, pmRA*cosDE (pmra)'
#   meta: !!omap
#   - {ucd: POS_EQ_PMRA}
#   - {width: 9}
#   - {precision: '3'}
#   - values: {'null': .nan}
# - name: pmDE
#   unit: mas / yr
#   datatype: float64
#   format: '{:9.3f}'
#   description: '? Proper motion in declination direction (pmdec)'
#   meta: !!omap
#   - {ucd: POS_EQ_PMDEC}
#   - {width: 9}
#   - {precision: '3'}
#   - values: {'null': .nan}
# - name: e_pmRA
#   unit: mas / yr
#   datatype: float32
#   format: '{:6.3f}'
#   description: '? Standard error of proper motion in right ascension direction (pmra_error)'
#   meta: !!omap
#   - {ucd: ERROR}
#   - {width: 6}
#   - {precision: '3'}
#   - values: {'null': .nan}
# - name: e_pmDE
[...]
#         unit: &id001 !astropy.units.Unit {unit: deg}
#         value: !astropy.table.SerializedColumn {name: SkyCoord.dec}
#       distance: !astropy.table.SerializedColumn
#         __class__: astropy.coordinates.distances.Distance
#         unit: !astropy.units.Unit {unit: pc}
#         value: !astropy.table.SerializedColumn {name: SkyCoord.distance}
#       frame: icrs
#       obstime: !astropy.time.Time {format: jyear_str, in_subfmt: '*', jd1: 367701545.0, jd2: 0.0, out_subfmt: '*', precision: 3, scale: tt}
#       pm_dec: !astropy.table.SerializedColumn
#         __class__: astropy.units.quantity.Quantity
#         unit: !astropy.units.Unit {unit: mas / yr}
#         value: !astropy.table.SerializedColumn {name: SkyCoord.pm_dec}
#       pm_ra_cosdec: !astropy.table.SerializedColumn
#         __class__: astropy.units.quantity.Quantity
#         unit: !astropy.units.Unit {unit: mas / yr}
#         value: !astropy.table.SerializedColumn {name: SkyCoord.pm_ra_cosdec}
#       ra: !astropy.table.SerializedColumn
#         __class__: astropy.coordinates.angles.Longitude
#         unit: *id001
#         value: !astropy.table.SerializedColumn {name: SkyCoord.ra}
#         wrap_angle: !astropy.coordinates.Angle
#           unit: *id001
#           value: 360.0
#       representation_type: spherical
# schema: astropy-2.0
RA_ICRS_1 DE_ICRS_1 e_RA_ICRS e_DE_ICRS _r_1 HIP TYC2 Source rgeo Plx e_Plx pmRA pmDE e_pmRA e_pmDE RUWE Teff logg Gmag BP-RP BPmag RPmag RV e_RV b_rgeo B_rgeo FG e_FG FBP e_FBP FRP e_FRP RAVE5 RAVE6 e_Gmag e_BPmag e_RPmag e_BP-RP SkyCoord.ra SkyCoord.dec SkyCoord.distance SkyCoord.pm_ra_cosdec SkyCoord.pm_dec
[from data line 116]
117.54170138016 -36.93691830479 0.009 0.0107 91.7382 "" 7131-555-1 5539255644201584512 387.624451 2.5661 0.0124 -15.138 16.382 0.012 0.013 0.898 7209.4 4.0551 10.514842 0.510558 10.702639 10.19208 39.83 1.03 385.782745 389.815735 1172221.77755 367.61 715090.0 614.4 664240.0 277.49 "" "" 0.002776278350327326 0.002941984 0.0038065016 0.0067484854 117.54170138016 -36.93691830479 387.624451 -15.138 16.382000000000005
117.80554909144 -37.58044586448 0.0216 0.0244 86.9411 "" 7646-430-1 5538969839897268480 302.713776 3.2845 0.0282 -8.249 -41.694 0.029 0.031 2.458 "" "" 10.518132 1.210761 11.04502 9.834259 -10.05 0.21 299.752777 305.309784 1168675.54605 166.94 521690.0 175.88 923540.0 183.64 J075113.4-373449 20080225_0746m39_086 0.0027596816995511856 0.0028140778 0.003785543 0.006599621 117.80554909144 -37.58044586448 302.713776 -8.248999999999997 -41.694
114.7020386584 -38.78975217973 0.0094 0.0121 82.9789 "" 7644-1390-1 5585197977347123840 310.815399 3.2027 0.0119 -2.229 -17.885 0.014 0.017 0.983 "" "" 10.533671 1.090307 10.997866 9.907558 32.15 0.22 309.713074 311.915619 1152068.41261 113.62 544840.0 206.72 863250.0 190.89 J073848.5-384723 20080327_0746m39_042 0.002757400067583059 0.002820416 0.003787 0.006607416 114.7020386584 -38.78975217973 310.815399 -2.2290000000000005 -17.885
116.60723712594 -39.36721589661 0.0249 0.0302 94.6335 "" 7645-3124-1 5538388095166585344 319.667419 3.1078 0.0313 1.095 14.438 0.034 0.036 2.356 6264.3 3.9936 10.554496 0.664291 10.807371 10.14308 37.04 0.36 316.205933 322.807343 1130182.28044 304.26 649330.0 186.62 694910.0 101.14 "" "" 0.0027707806657165635 0.0028075648 0.003782684 0.006590249 116.60723712594 -39.36721589661 319.667419 1.0949999999999989 14.438
116.02364662546 -37.89333126549 0.0087 0.0106 2.0711 "" "" 5586856113904603392 359.850494 2.7656 0.0112 -10.243 4.331 0.011 0.014 0.894 7772.3 4.2129 10.568222 0.40179 10.712298 10.310509 16.96 1.51 358.618011 361.245514 1115983.70662 332.82 708760.0 619.85 595600.0 413.2 "" "" 0.0027742810545471116 0.0029473153 0.003853711 0.0068010264 116.02364662546 -37.89333126549 359.850494 -10.243 4.331
114.02634432262 -38.11933685243 0.0082 0.0097 94.9921 "" 7644-1027-1 5585478150955947392 374.655548 2.6596 0.0104 0.65 3.446 0.011 0.012 0.951 6825.5 3.9629 10.58153 0.589399 10.802823 10.213424 13.27 1.2 373.018921 376.057922 1102389.45817 322.45 652060.0 453.15 651310.0 266.42 "" "" 0.0027735619279829218 0.0028903927 0.0038053873 0.00669578 114.02634432262 -38.11933685243 374.655548 0.6500000000000002 3.446
116.26932041407 -37.40804596304 0.0103 0.0117 29.8736 "" 7118-757-1 5586895971202153984 355.966553 2.7992 0.013 -10.042 4.301 0.014 0.016 1.025 7581.9 4.1994 10.600023 0.416913 10.750217 10.333303 14.37 2.05 354.488434 357.622986 1083770.38533 275.72 684430.0 522.03 583230.0 176.03 "" "" 0.002769131081535589 0.0029104678 0.0037935618 0.0067040296 116.26932041407 -37.40804596304 355.966553 -10.042000000000002 4.300999999999999
116.21261449565 -37.66865603357 0.025 0.0278 15.07 "" "" 5586865116148666880 361.696747 2.7523 0.0314 -9.242 5.217 0.035 0.038 2.504 7814.8 4.1198 10.625231 0.428362 10.772998 10.344636 16.44 2.66 357.5448 365.825317 1058898.34491 228.96 670220.0 354.55 577170.0 166.9 "" "" 0.0027653034329047895 0.0028486731 0.0037924002 0.006641073 116.21261449565 -37.66865603357 361.696747 -9.242 5.216999999999999
116.66676134454 -36.4918491257 0.012 0.0131 87.9733 "" 7118-2476-1 5587312857910162560 402.26651 2.4707 0.0157 -2.524 11.192 0.017 0.018 0.819 7007.0 3.9524 10.654394 0.543177 10.855107 10.311931 24.65 1.47 399.362518 404.894531 1030834.60976 261.67 621400.0 237.09 594820.0 145.53 "" "" 0.002769069929617248 0.0028207542 0.0037887057 0.00660946 116.66676134454 -36.4918491257 402.26651 -2.524 11.192
116.42112835094 -36.96765521069 0.033 0.0379 57.0972 "" 7118-1683-1 5586921397408175104 315.401917 3.1583 0.0424 13.747 -14.103 0.043 0.048 3.833 5572.2 3.7687 10.655979 0.833979 10.944272 10.110293 19.62 0.3 311.928925 318.977966 1029330.69514 137.2 572410.0 2879.9 716210.0 2826.0 "" "" 0.002759118118791075 0.006133871 0.005712875 0.011846746 116.42112835094 -36.96765521069 315.401917 13.746999999999998 -14.103000000000002
116.57065000006 -39.72081538487 0.0113 0.012 114.6449 "" 7649-445-1 5538326866112610432 356.57309 2.7901 0.0138 -18.116 17.415 0.015 0.016 0.856 6337.0 4.0189 10.666395 0.681502 10.929698 10.248196 51.64 0.54 354.513245 358.34317 1019503.54036 206.97 580150.0 321.13 630780.0 157.06 "" "" 0.0027641223893621002 0.0028541607 0.0037890384 0.0066431994 116.57065000006 -39.72081538487 356.57309 -18.115999999999996 17.414999999999992
118.23739680531 -36.74372912954 0.0086 0.0105 125.7407 "" 7131-1087-1 5539301892405184768 311.91391 3.1932 0.0115 7.938 -8.66 0.011 0.013 0.941 6552.6 4.1072 10.670837 0.675463 10.929807 10.254344 -13.51 0.49 311.095306 313.015991 1015340.64453 187.71 580090.0 211.34 627220.0 186.38 "" "" 0.0027626218797199295 0.0028180694 0.0037931276 0.0066111973 118.23739680531 -36.74372912954 311.91391 7.938000000000001 -8.66
113.99710500215 -36.77718887951 0.0082 0.0102 115.9196 "" 7117-1259-1 5587856085370014976 375.320251 2.6517 0.0111 3.243 -20.212 0.011 0.014 0.89 "" "" 10.686889 0.73965 10.973166 10.233516 29.56 0.3 373.740601 376.760376 1000440.25925 176.53 557380.0 205.94 639370.0 213.59 "" "" 0.0027619725840622245 0.0028188603 0.0037967463 0.0066156066 113.99710500215 -36.77718887951 375.320251 3.2429999999999994 -20.211999999999993
115.71923555272 -38.05732363781 0.0103 0.0129 18.0486 "" "" 5586754718317252096 346.371643 2.8736 0.0136 -8.378 35.913 0.013 0.015 1.103 "" "" 10.691206 0.743017 10.979963 10.236946 21.02 0.38 344.885559 348.10791 996470.30455 123.23 553900.0 179.32 637350.0 136.49 "" "" 0.002758589788858185 0.002812223 0.0037865273 0.00659875 115.71923555272 -38.05732363781 346.371643 -8.378 35.913000000000004
116.81360292343 -39.56326916867 0.0081 0.0092 108.8709 "" 7649-551-1 5538332398028121216 302.307465 3.2954 0.0102 6.192 -5.829 0.01 0.012 0.796 5849.1 4.0604 10.720357 0.819427 11.046473 10.227046 14.83 0.27 301.389557 303.196014 970072.22672 98.827 520990.0 171.11 643190.0 135.89 "" "" 0.0027575394935858504 0.0028128643 0.0037863369 0.006599201 116.81360292343 -39.56326916867 302.307465 6.192000000000002 -5.829
116.00433229381 -36.59664442233 0.0092 0.0103 75.8619 "" 7118-2028-2 5586994686731505920 358.862213 2.7753 0.0117 -6.651 20.677 0.012 0.014 0.945 6691.1 4.1216 10.721754 0.574379 10.936567 10.362188 34.59 1.05 357.271881 360.375092 968824.79568 149.48 576490.0 261.71 567910.0 166.35 "" "" 0.0027604078991471433 0.002833371 0.0037927392 0.0066261105 116.00433229381 -36.59664442233 358.862213 -6.650999999999999 20.677
115.25737614608 -38.41467447149 0.0138 0.014 48.5733 "" "" 5586723107360376960 422.315796 2.35 0.0165 -11.551 16.467 0.017 0.02 0.823 7817.3 4.0081 10.736609 0.480341 10.910042 10.429701 33.63 2.36 419.163544 425.510193 955659.77961 355.34 590750.0 557.91 533680.0 311.87 "" "" 0.0027847383807786865 0.0029726168 0.0038322697 0.0068048863 115.25737614608 -38.41467447149 422.315796 -11.551 16.467
116.1660016918 -37.64258983837 0.0139 0.015 15.09 "" "" 5586866112591564928 354.431061 2.8066 0.0174 -9.606 4.856 0.019 0.02 0.951 7320.6 4.2249 10.741202 0.479025 10.916688 10.437663 17.09 0.89 352.370361 356.915009 951624.69864 246.48 587140.0 178.95 529780.0 102.98 "" "" 0.002769633898777187 0.0028097245 0.00378527 0.0065949946 116.1660016918 -37.64258983837 354.431061 -9.606000000000002 4.856
117.11905446457 -35.8994763505 0.0079 0.0102 129.199 "" 7131-82-1 5587492696779306112 409.344208 2.431 0.0105 -9.847 -17.999 0.01 0.013 0.924 "" "" 10.747159 0.704681 11.017173 10.312491 30.49 0.5 407.739319 411.051941 946418.00674 128.37 535240.0 195.4 594510.0 121.99 "" "" 0.0027592529628995945 0.0028181833 0.0037859424 0.0066041257 117.11905446457 -35.8994763505 409.344208 -9.847000000000001 -17.999
115.83693061107 -36.46575123471 0.0302 0.0344 84.1153 "" 7118-2383-1 5587183596571715328 427.879242 2.3307 0.0375 -0.79 5.42 0.042 0.045 3.311 5939.7 3.7598 10.755359 0.73116 11.038473 10.307313 36.03 0.42 420.346558 434.073792 939297.62846 146.98 524840.0 184.17 597360.0 157.57 "" "" 0.0027605531228909862 0.0028160617 0.0037902175 0.006606279 115.83693061107 -36.46575123471 427.879242 -0.7899999999999999 5.42
114.4919468792 -37.53114809554 0.0075 0.0088 74.6605 "" 7644-619-1 5587017948271933056 364.765442 2.7282 0.0097 -8.198 5.771 0.01 0.011 0.785 7316.2 4.2042 10.767212 0.468152 10.936122 10.46797 17.22 1.38 363.387726 366.28714 929099.23705 259.35 576720.0 539.1 515190.0 285.66 "" "" 0.0027719385220397116 0.0029690226 0.0038270284 0.006796051 114.4919468792 -37.53114809554 364.765442 -8.197999999999997 5.771
117.58317776364 -39.38048650028 0.0129 0.0138 117.3073 "" 7650-2685-1 5537692997660776064 361.87149 2.7463 0.0156 -1.863 16.014 0.017 0.018 1.01 6981.5 4.1535 10.773672 0.533039 10.970688 10.437649 28.9 0.66 359.943726 363.763489 923586.92237 227.99 558650.0 239.29 529780.0 179.38 "" "" 0.002768324856600127 0.002828662 0.0037972191 0.0066258814 117.58317776364 -39.38048650028 361.87149 -1.8629999999999995 16.014
116.79559186501 -37.25446613633 0.0079 0.0102 52.217 "" 7118-1297-1 5538863118549626624 325.508209 3.058 0.0106 -9.251 -3.771 0.01 0.013 0.86 "" "" 10.776132 0.751422 11.068818 10.317396 -8.51 0.32 324.286652 326.654846 921497.53112 126.8 510380.0 184.56 591830.0 140.9 "" "" 0.002759367615596324 0.0028176578 0.003788211 0.0066058687 116.79559186501 -37.25446613633 325.508209 -9.250999999999998 -3.770999999999999
116.55394909754 -37.41212953636 0.009 0.0098 37.3831 "" 7118-605-1 5538855456328572672 421.437927 2.3599 0.011 -5.608 15.348 0.013 0.013 0.839 7122.4 4.0589 10.779471 0.537803 10.977695 10.439893 33.97 1.0 419.669495 423.546936 918667.33084 335.57 555060.0 662.7 528690.0 400.26 "" "" 0.0027837166509140565 0.0030765906 0.0038677373 0.0069443276 116.55394909754 -37.41212953636 421.437927 -5.608 15.348000000000003
114.16388497655 -36.52043117359 0.0084 0.0092 119.3336 "" 7117-752-1 5587894740076067328 335.653961 2.9648 0.0106 2.589 -23.764 0.011 0.011 0.904 5958.7 4.0292 10.796508 0.798242 11.112085 10.313844 51.69 0.44 334.667969 336.888489 904364.45427 104.74 490440.0 192.18 593770.0 165.92 "" "" 0.00275818806506078 0.0028224199 0.00379154 0.0066139596 114.16388497655 -36.52043117359 335.653961 2.5890000000000013 -23.764000000000003
113.86495351128 -38.57472437693 0.009 0.0096 109.7339 "" 7644-1725-1 5585450216488922496 365.117828 2.7248 0.0108 10.282 4.112 0.012 0.012 0.956 5885.1 3.7682 10.801875 0.894758 11.161728 10.26697 50.33 0.55 363.90744 366.61853 899905.27462 174.46 468520.0 210.5 619970.0 246.48 "" "" 0.002763348294748061 0.0028324907 0.0038039521 0.0066364426 113.86495351128 -38.57472437693 365.117828 10.282 4.112
116.53803092596 -36.72680956208 0.0082 0.009 72.5969 "" 7118-1685-1 5587302962302398208 391.31723 2.5384 0.0103 4.442 -29.492 0.011 0.011 0.874 "" "" 10.817825 1.095457 11.284573 10.189116 9.78 0.29 389.669922 392.744904 886781.61971 123.17 418400.0 173.02 666060.0 163.95 "" "" 0.0027594440051856997 0.0028260632 0.0037888193 0.0066148825 116.53803092596 -36.72680956208 391.31723 4.441999999999998 -29.491999999999997
113.76846603924 -38.28257773478 0.0087 0.0103 108.7759 "" 7644-1436-1 5585470072119413248 409.265961 2.4306 0.011 0.647 -0.968 0.012 0.013 0.977 6509.1 3.9662 10.821485 0.645748 11.064755 10.419007 2.29 0.93 407.19342 411.059235 883797.95652 135.29 512290.0 188.75 538960.0 151.0 "" "" 0.0027603283505387233 0.0028187009 0.0037916037 0.0066103046 113.76846603924 -38.28257773478 409.265961 0.647 -0.968
115.28252265953 -35.73230308457 0.009 0.0099 132.3955 "" 7118-1642-1 5587278085853298048 322.26767 3.0883 0.0113 -6.863 -2.797 0.012 0.013 0.882 6634.3 4.1978 10.826322 0.593811 10.993717 10.399906 "" "" 320.887177 323.671387 879869.28263 148.71 546930.0 2194.3 548520.0 5520.6 "" "" 0.00276142413327409 0.0051729917 0.011562548 0.016735539 115.28252265953 -35.73230308457 322.26767 -6.8629999999999995 -2.7969999999999997
115.00606103349 -38.82595097461 0.0086 0.0098 74.6746 "" 7645-2161-1 5585206605944456960 336.092468 2.9602 0.011 -5.695 17.457 0.012 0.012 0.899 6533.7 4.0255 10.827762 0.62346 11.059814 10.436355 39.45 0.47 334.662201 337.565399 878702.80939 107.45 514630.0 257.07 530420.0 117.12 "" "" 0.0027585170586677974 0.002842392 0.0037869778 0.00662937 115.00606103349 -38.82595097461 336.092468 -5.695 17.457
116.01339677672 -37.10165730936 0.014 0.0172 45.5616 "" 7118-2377-1 5586962044980338432 355.240173 2.7957 0.0186 -11.085 4.893 0.019 0.023 1.396 6403.0 4.0463 10.853847 0.685864 11.115809 10.429945 13.33 3.18 352.889618 357.894379 857843.8175 405.21 488760.0 666.89 533560.0 603.01 "" "" 0.002802643685671407 0.0031590662 0.003973588 0.007132654 116.01339677672 -37.10165730936 355.240173 -11.084999999999999 4.892999999999998
113.80791213763 -38.79446424602 0.0129 0.0142 117.7382 "" 7644-1948-1 5585164961941500928 373.651337 2.6563 0.0156 -0.524 5.859 0.017 0.017 0.956 6877.7 4.0783 10.861016 0.624919 11.096179 10.47126 0.86 0.48 371.799866 375.563812 852197.23324 185.59 497670.0 237.94 513630.0 131.95 "" "" 0.0027654471355536454 0.0028380472 0.0037896603 0.0066277077 113.80791213763 -38.79446424602 373.651337 -0.5240000000000001 5.859
114.63603495337 -36.46353375709 0.0109 0.0118 106.4676 "" 7117-40-1 5587137240982598656 384.124207 2.5859 0.0137 -8.766 4.969 0.014 0.014 0.974 7345.4 4.1922 10.863333 0.43985 11.019767 10.579917 16.22 1.35 382.60318 385.928955 850381.049 157.72 533960.0 244.4 464720.0 104.44 "" "" 0.002762668961682433 0.0028340805 0.0037872505 0.006621331 114.63603495337 -36.46353375709 384.124207 -8.765999999999998 4.968999999999999
116.48879943171 -39.14281080764 0.558 0.6421 80.1489 "" 7645-2321-1 5538426371914301568 290.79071 3.9668 0.7013 -6.169 3.781 0.719 0.811 42.45 "" "" 10.867971 0.375987 10.860194 10.484207 21.99 7.29 228.646027 359.534241 846756.16788 6002.1 618500.0 469.84 507550.0 302.79 "" "" 0.008174431401794994 0.0029095188 0.0038344841 0.006744003 116.48879943171 -39.14281080764 290.79071 -6.1690000000000005 3.7810000000000015
116.1390101377 -37.11936365412 0.0192 0.0205 44.9315 "" 7118-503-1 5586915075216520192 360.04184 2.759 0.025 -9.558 4.044 0.027 0.027 1.146 "" "" 10.870878 0.582045 10.575348 9.993303 "" "" 357.059814 363.153229 844492.17368 514.84 804040.0 23186.0 797700.0 18057.0 "" "" 0.002833711050453071 0.031433314 0.024865976 0.05629929 116.1390101377 -37.11936365412 360.04184 -9.558 4.0440000000000005
116.11076945827 -36.09828361185 0.0094 0.0106 105.8773 "" "" 5587573167284647296 347.076019 2.8613 0.0117 -9.156 11.792 0.012 0.014 0.925 6613.0 4.1483 10.91735 0.570738 11.128922 10.558185 31.0 0.79 345.628387 348.11734 809108.88356 153.14 482890.0 196.97 474120.0 138.82 "" "" 0.002762972768225577 0.0028250986 0.003792728 0.0066178264 116.11076945827 -36.09828361185 347.076019 -9.156000000000002 11.792000000000002
117.20972675345 -38.11850038104 0.0097 0.0116 58.8746 "" 7645-1198-1 5538761997838179840 340.661591 2.9198 0.0129 -4.586 16.876 0.013 0.014 0.936 "" "" 10.917868 0.8471 11.252368 10.405268 9.59 0.67 338.932373 343.062836 808722.7234 122.37 430990.0 194.81 545820.0 108.53 "" "" 0.0027602136114314663 0.0028330006 0.0037855427 0.0066185435 117.20972675345 -38.11850038104 340.661591 -4.586 16.875999999999998
114.30851314295 -38.73287723654 0.0099 0.0121 95.6168 "" 7644-1989-1 5585251136166112512 365.890564 2.7172 0.0129 -13.673 15.193 0.014 0.014 1.08 6586.6 3.9877 10.93313 0.667318 11.186348 10.51903 60.39 0.48 364.212585 367.640137 797433.85674 154.2 458010.0 174.67 491530.0 133.42 "" "" 0.002763307443489055 0.0028207263 0.003790855 0.006611581 114.30851314295 -38.73287723654 365.890564 -13.673 15.193
