Clusters/NGC_2451B/NGC_2451B_members.tsv
# %ECSV 1.0
# ---
# datatype:
# - name: RA_ICRS_1
#   unit: deg
#   datatype: float64
#   format: '{:15.11f}'
#   description: Right ascension (ICRS) at Ep=2016.0 (ra)
#   meta: !!omap
#   - {ucd: POS_EQ_RA_MAIN}
#   - {width: 15}
#   - {precision: '11'}
# - name: DE_ICRS_1
#   unit: deg
#   datatype: float64
#   format: '{:15.11f}'
#   description: Declination (ICRS) at Ep=2016.0 (dec)
#   meta: !!omap
#   - {ucd: POS_EQ_DEC_MAIN}
#   - {width: 15}
#   - {precision: '11'}
# - name: e_RA_ICRS
#   unit: mas
#   datatype: float64
#   format: '{:7.4f}'
#   description: Standard error of right ascension (ra_error)
#   meta: !!omap
#   - {ucd: ERROR}
#   - {width: 7}
#   - {precision: '4'}
# - name: e_DE_ICRS
#   unit: mas
#   datatype: float64
#   format: '{:7.4f}'
#   description: Standard error of declination (dec_error)
#   meta: !!omap
#   - {ucd: ERROR}
#   - {width: 7}
#   - {precision: '4'}
# - name: _r_1
#   unit: ''
#   datatype: float64
#   format: '{:8.4f}'
#   description: Distance from center (116.00830648000-37.86100608000)[ICRS], at Epoch=J2016.0
#   meta: !!omap
#   - {ucd: POS_ANG_DIST_GENERAL}
#   - {width: 8}
#   - {precision: '4'}
# - name: HIP
#   datatype: int32
#   description: '? HIP cross-id number, van Leeuwen, Cat. I/311 (hip_original_ext_source_id)'
#   meta: !!omap
#   - {ucd: ID_NUMBER}
#   - {width: 6}
#   - values: {'null': -2147483648}
# - name: TYC2
#   datatype: string
#   description: Tycho-2 cross-id name, Hog et al., Cat. I/259 (tyc2_original_ext_source_id)
#   meta: !!omap
#   - {ucd: ID_CROSSID}
#   - {_votable_string_dtype: char}
# - name: Source
#   datatype: int64
#   description: Source identifier, identical to the Gaia-EDR3 source_id (id)
#   meta: !!omap
#   - {ucd: ID_MAIN}
#   - {width: 19}
# - name: rgeo
#   unit: pc
#   datatype: float64
#   format: '{:15.8f}'
#   description: '? Median of the geometric distance posterior (r_med_geo)'
#   meta: !!omap
#   - {ucd: PHYS_DISTANCE_TRUE}
#   - {width: 15}
#   - {precision: '8'}
#   - values: {'null': .nan}
# - name: Plx
#   unit: mas
#   datatype: float64
#   format: '{:9.4f}'
#   description: '? Parallax (parallax)'
#   meta: !!omap
#   - {ucd: POS_PARLX_TRIG}
#   - {width: 9}
#   - {precision: '4'}
#   - values: {'null': .nan}
# - name: e_Plx
#   unit: mas
#   datatype: float32
#   format: '{:7.4f}'
#   description: '? Standard error of parallax (parallax_error)'
#   meta: !!omap
#   - {ucd: ERROR}
#   - {width: 7}
#   - {precision: '4'}
#   - values: {'null': .nan}
# - name: pmRA
#   unit: mas / yr
#   datatype: float64
#   format: '{:9.3f}'
#   description: '? Proper motion in right ascension direction, pmRA*cosDE (pmra)'
#   meta: !!omap
#   - {ucd: POS_EQ_PMRA}
#   - {width: 9}
#   - {precision: '3'}
#   - values: {'null': .nan}
# - name: pmDE
#   unit: mas / yr
#   datatype: float64
#   format: '{:9.3f}'
#   description: '? Proper motion in declination direction (pmdec)'
#   meta: !!omap
#   - {ucd: POS_EQ_PMDEC}
#   - {width: 9}
#   - {precision: '3'}
#   - values: {'null': .nan}
# - name: e_pmRA
#   unit: mas / yr
#   datatype: float32
#   format: '{:6.3f}'
#   description: '? Standard error of proper motion in right ascension direction (pmra_error)'
#   meta: !!omap
#   - {ucd: ERROR}
#   - {width: 6}
#   - {precision: '3'}
#   - values: {'null': .nan}
# - name: e_pmDE
[...]
#         unit: &id001 !astropy.units.Unit {unit: deg}
#         value: !astropy.table.SerializedColumn {name: SkyCoord.dec}
#       distance: !astropy.table.SerializedColumn
#         __class__: astropy.coordinates.distances.Distance
#         unit: !astropy.units.Unit {unit: pc}
#         value: !astropy.table.SerializedColumn {name: SkyCoord.distance}
#       frame: icrs
#       obstime: !astropy.time.Time {format: jyear_str, in_subfmt: '*', jd1: 367701545.0, jd2: 0.0, out_subfmt: '*', precision: 3, scale: tt}
#       pm_dec: !astropy.table.SerializedColumn
#         __class__: astropy.units.quantity.Quantity
#         unit: !astropy.units.Unit {unit: mas / yr}
#         value: !astropy.table.SerializedColumn {name: SkyCoord.pm_dec}
#       pm_ra_cosdec: !astropy.table.SerializedColumn
#         __class__: astropy.units.quantity.Quantity
#         unit: !astropy.units.Unit {unit: mas / yr}
#         value: !astropy.table.SerializedColumn {name: SkyCoord.pm_ra_cosdec}
#       ra: !astropy.table.SerializedColumn
#         __class__: astropy.coordinates.angles.Longitude
#         unit: *id001
#         value: !astropy.table.SerializedColumn {name: SkyCoord.ra}
#         wrap_angle: !astropy.coordinates.Angle
#           unit: *id001
#           value: 360.0
#       representation_type: spherical
# schema: astropy-2.0
RA_ICRS_1 DE_ICRS_1 e_RA_ICRS e_DE_ICRS _r_1 HIP TYC2 Source rgeo Plx e_Plx pmRA pmDE e_pmRA e_pmDE RUWE Teff logg Gmag BP-RP BPmag RPmag RV e_RV b_rgeo B_rgeo FG e_FG FBP e_FBP FRP e_FRP RAVE5 RAVE6 e_Gmag e_BPmag e_RPmag e_BP-RP SkyCoord.ra SkyCoord.dec SkyCoord.distance SkyCoord.pm_ra_cosdec SkyCoord.pm_dec Pmemb
[from data line 160]
116.30270673271 -38.52275126747 0.0393 0.0449 42.0618 "" "" 5538649327953798144 356.829193 2.7768 0.0494 -9.633 4.876 0.053 0.055 1.089 3484.4 4.4071 16.823627 2.558276 18.190933 15.632657 "" "" 349.158783 362.094513 3511.52226 3.8276 722.84 8.4888 4426.9 18.6 "" "" 0.00299872952543507 0.013052248 0.005924008 0.018976256 116.30270673271 -38.52275126747 356.829193 -9.633000000000001 4.876000000000001 1.0
116.8974822994 -38.7324990932 0.0376 0.0437 66.9865 "" "" 5538532199910119168 359.654663 2.7421 0.0471 -10.126 4.916 0.05 0.052 1.002 3527.2 4.4106 16.854946 2.732754 18.384964 15.65221 "" "" 355.191254 364.662262 3411.67875 4.031 604.55 6.9429 4347.8 15.874 "" "" 0.003039315927987442 0.012777402 0.0054770033 0.018254405 116.8974822994 -38.7324990932 359.654663 -10.126000000000001 4.916000000000002 1.0
116.32850941329 -37.95718431984 0.0478 0.0561 16.2194 "" "" 5538814568238884864 363.639008 2.6952 0.0625 -10.222 4.912 0.064 0.072 0.936 3423.4 4.1223 16.860886 2.930798 18.520025 15.589227 "" "" 352.047241 371.554169 3393.06493 3.4854 533.84 11.933 4607.5 30.929 "" "" 0.0029724810642927937 0.024429468 0.008209915 0.032639384 116.32850941329 -37.95718431984 363.639008 -10.221999999999998 4.912000000000001 1.0
117.84133945673 -37.62763323763 0.0387 0.0439 88.0868 "" "" 5538968740385639424 343.394623 2.8723 0.0501 -10.761 4.475 0.049 0.052 1.065 3500.4 4.417 16.89199 2.762034 18.448088 15.686053 "" "" 338.297272 348.729767 3297.23748 3.3879 570.4 5.7786 4214.4 10.924 "" "" 0.0029725966465078864 0.011347729 0.0047121127 0.016059842 117.84133945673 -37.62763323763 343.394623 -10.761 4.474999999999999 0.8
116.59644683385 -38.59458188711 0.0419 0.0458 52.0164 "" "" 5538634454488796800 348.93045 2.8226 0.0511 -9.778 5.046 0.058 0.058 1.005 3377.7 4.0579 16.948517 2.995993 18.681223 15.68523 "" "" 341.643738 356.777222 3129.96953 3.1396 460.18 5.9325 4217.6 11.644 "" "" 0.002962748336705335 0.014272368 0.004823776 0.019096144 116.59644683385 -38.59458188711 348.93045 -9.778000000000002 5.046000000000001 1.0
115.83737403185 -37.5818009761 0.0436 0.0493 18.6132 "" "" 5586875733315023488 358.705078 2.7605 0.0555 -10.495 4.29 0.059 0.064 1.003 3363.9 4.0361 16.980562 3.042147 18.75346 15.711313 "" "" 352.598083 365.087769 3038.93889 4.1622 430.56 6.542 4117.5 13.672 "" "" 0.003130990924559509 0.016731145 0.0052231024 0.021954248 115.83737403185 -37.5818009761 358.705078 -10.495000000000001 4.289999999999999 1.0
115.98960257699 -37.96208604335 0.0428 0.0482 6.1291 "" "" 5538723686730509824 351.520233 2.8126 0.0539 -9.519 4.998 0.055 0.062 1.041 3460.3 4.4163 16.989933 2.700078 18.489979 15.789901 "" "" 345.6203 358.354156 3012.82353 3.9051 548.81 7.0841 3830.0 12.65 "" "" 0.003093904795160205 0.014289847 0.005209939 0.019499786 115.98960257699 -37.96208604335 351.520233 -9.519000000000002 4.998 1.0
