Clusters/NGC_2451B/NGC_2451B_members.tsv
# %ECSV 1.0
# ---
# datatype:
# - name: RA_ICRS_1
#   unit: deg
#   datatype: float64
#   format: '{:15.11f}'
#   description: Right ascension (ICRS) at Ep=2016.0 (ra)
#   meta: !!omap
#   - {ucd: POS_EQ_RA_MAIN}
#   - {width: 15}
#   - {precision: '11'}
# - name: DE_ICRS_1
#   unit: deg
#   datatype: float64
#   format: '{:15.11f}'
#   description: Declination (ICRS) at Ep=2016.0 (dec)
#   meta: !!omap
#   - {ucd: POS_EQ_DEC_MAIN}
#   - {width: 15}
#   - {precision: '11'}
# - name: e_RA_ICRS
#   unit: mas
#   datatype: float64
#   format: '{:7.4f}'
#   description: Standard error of right ascension (ra_error)
#   meta: !!omap
#   - {ucd: ERROR}
#   - {width: 7}
#   - {precision: '4'}
# - name: e_DE_ICRS
#   unit: mas
#   datatype: float64
#   format: '{:7.4f}'
#   description: Standard error of declination (dec_error)
#   meta: !!omap
#   - {ucd: ERROR}
#   - {width: 7}
#   - {precision: '4'}
# - name: _r_1
#   unit: ''
#   datatype: float64
#   format: '{:8.4f}'
#   description: Distance from center (116.00830648000-37.86100608000)[ICRS], at Epoch=J2016.0
#   meta: !!omap
#   - {ucd: POS_ANG_DIST_GENERAL}
#   - {width: 8}
#   - {precision: '4'}
# - name: HIP
#   datatype: int32
#   description: '? HIP cross-id number, van Leeuwen, Cat. I/311 (hip_original_ext_source_id)'
#   meta: !!omap
#   - {ucd: ID_NUMBER}
#   - {width: 6}
#   - values: {'null': -2147483648}
# - name: TYC2
#   datatype: string
#   description: Tycho-2 cross-id name, Hog et al., Cat. I/259 (tyc2_original_ext_source_id)
#   meta: !!omap
#   - {ucd: ID_CROSSID}
#   - {_votable_string_dtype: char}
# - name: Source
#   datatype: int64
#   description: Source identifier, identical to the Gaia-EDR3 source_id (id)
#   meta: !!omap
#   - {ucd: ID_MAIN}
#   - {width: 19}
# - name: rgeo
#   unit: pc
#   datatype: float64
#   format: '{:15.8f}'
#   description: '? Median of the geometric distance posterior (r_med_geo)'
#   meta: !!omap
#   - {ucd: PHYS_DISTANCE_TRUE}
#   - {width: 15}
#   - {precision: '8'}
#   - values: {'null': .nan}
# - name: Plx
#   unit: mas
#   datatype: float64
#   format: '{:9.4f}'
#   description: '? Parallax (parallax)'
#   meta: !!omap
#   - {ucd: POS_PARLX_TRIG}
#   - {width: 9}
#   - {precision: '4'}
#   - values: {'null': .nan}
# - name: e_Plx
#   unit: mas
#   datatype: float32
#   format: '{:7.4f}'
#   description: '? Standard error of parallax (parallax_error)'
#   meta: !!omap
#   - {ucd: ERROR}
#   - {width: 7}
#   - {precision: '4'}
#   - values: {'null': .nan}
# - name: pmRA
#   unit: mas / yr
#   datatype: float64
#   format: '{:9.3f}'
#   description: '? Proper motion in right ascension direction, pmRA*cosDE (pmra)'
#   meta: !!omap
#   - {ucd: POS_EQ_PMRA}
#   - {width: 9}
#   - {precision: '3'}
#   - values: {'null': .nan}
# - name: pmDE
#   unit: mas / yr
#   datatype: float64
#   format: '{:9.3f}'
#   description: '? Proper motion in declination direction (pmdec)'
#   meta: !!omap
#   - {ucd: POS_EQ_PMDEC}
#   - {width: 9}
#   - {precision: '3'}
#   - values: {'null': .nan}
# - name: e_pmRA
#   unit: mas / yr
#   datatype: float32
#   format: '{:6.3f}'
#   description: '? Standard error of proper motion in right ascension direction (pmra_error)'
#   meta: !!omap
#   - {ucd: ERROR}
#   - {width: 6}
#   - {precision: '3'}
#   - values: {'null': .nan}
# - name: e_pmDE
[...]
#       distance: !astropy.table.SerializedColumn
#         __class__: astropy.coordinates.distances.Distance
#         unit: !astropy.units.Unit {unit: pc}
#         value: !astropy.table.SerializedColumn {name: SkyCoord.distance}
#       frame: icrs
#       obstime: !astropy.time.Time {format: jyear_str, in_subfmt: '*', jd1: 367701545.0, jd2: 0.0, out_subfmt: '*', precision: 3, scale: tt}
#       pm_dec: !astropy.table.SerializedColumn
#         __class__: astropy.units.quantity.Quantity
#         unit: !astropy.units.Unit {unit: mas / yr}
#         value: !astropy.table.SerializedColumn {name: SkyCoord.pm_dec}
#       pm_ra_cosdec: !astropy.table.SerializedColumn
#         __class__: astropy.units.quantity.Quantity
#         unit: !astropy.units.Unit {unit: mas / yr}
#         value: !astropy.table.SerializedColumn {name: SkyCoord.pm_ra_cosdec}
#       ra: !astropy.table.SerializedColumn
#         __class__: astropy.coordinates.angles.Longitude
#         unit: *id001
#         value: !astropy.table.SerializedColumn {name: SkyCoord.ra}
#         wrap_angle: !astropy.coordinates.Angle
#           unit: *id001
#           value: 360.0
#       representation_type: spherical
# schema: astropy-2.0
RA_ICRS_1 DE_ICRS_1 e_RA_ICRS e_DE_ICRS _r_1 HIP TYC2 Source rgeo Plx e_Plx pmRA pmDE e_pmRA e_pmDE RUWE Teff logg Gmag BP-RP BPmag RPmag RV e_RV b_rgeo B_rgeo FG e_FG FBP e_FBP FRP e_FRP RAVE5 RAVE6 e_Gmag e_BPmag e_RPmag e_BP-RP SkyCoord.ra SkyCoord.dec SkyCoord.distance SkyCoord.pm_ra_cosdec SkyCoord.pm_dec rmRA rmDE e_rmRA e_rmDE rRV e_rRV v_pec v_pec3d e_vpec e_vpec3d Pmemb
[from data line 145]
115.60461937538 -36.67495187755 0.0322 0.0379 73.7273 "" "" 5587174319442474752 361.30542 2.7249 0.0441 -9.59 4.993 0.044 0.046 1.03 3510.6 4.2134 16.57158 2.469498 17.881033 15.411535 "" "" 355.588257 366.160187 4429.08636 4.3906 961.62 10.763 5426.8 14.936 "" "" 0.0029580762240866533 0.012468379 0.0048180157 0.017286394 115.60461937538 -36.67495187755 361.30542 -9.59 4.993 0.11148468017578139 0.18864676284790072 0.610201 0.61220104 "" "" 0.37527339369564333 "" 0.22954871656045706 "" 1.0
115.64511654418 -38.01812979368 0.0327 0.0383 19.6019 "" "" 5586758394809190912 357.223083 2.7634 0.0429 -9.574 4.997 0.044 0.046 0.944 3590.7 4.4236 16.588108 2.530067 17.963385 15.433317 "" "" 351.379181 364.3255 4362.17951 3.6774 891.38 7.5489 5319.0 11.783 "" "" 0.002903369854860065 0.009608875 0.0044798087 0.014088684 115.64511654418 -38.01812979368 357.223083 -9.573999999999995 4.996999999999998 0.1274846801757814 0.19264676284790028 0.610201 0.61220104 "" "" 0.3911529380993746 "" 0.2392262492450747 "" 1.0
114.5197678452 -36.60555828705 0.0386 0.0457 103.5853 "" "" 5587134805739162496 381.228546 2.5711 0.0501 -8.503 4.519 0.05 0.053 0.982 "" "" 16.593878 2.393816 17.699396 15.30558 "" "" 374.327026 387.316132 4339.06297 6.6545 1136.7 43.335 5983.1 31.354 "" "" 0.0032193775238589066 0.041486014 0.0068305675 0.048316583 114.5197678452 -36.60555828705 381.228546 -8.503 4.518999999999999 1.1984846801757811 -0.2853532371520995 0.61620104 0.619201 "" "" 2.22622924649712 "" 1.372163902573772 "" 0.8
116.51015183001 -37.57948788678 0.0389 0.0439 29.1992 "" "" 5538851981692850816 392.646454 2.5078 0.0519 -9.223 4.923 0.049 0.051 1.075 3436.8 4.1334 16.605566 2.72061 18.122635 15.402025 "" "" 385.367859 399.830017 4292.59918 5.5777 769.77 11.036 5474.5 20.997 "" "" 0.0030954947876347698 0.015814018 0.0056235865 0.021437604 116.51015183001 -37.57948788678 392.646454 -9.223 4.923 0.4784846801757805 0.11864676284790043 0.61520106 0.61720103 "" "" 0.9174981108761882 "" 0.564552259093203 "" 1.0
115.70131312301 -38.04502104883 0.0364 0.0446 18.2442 "" "" 5586757741974213376 354.397827 2.7859 0.0477 -9.672 4.507 0.046 0.056 1.056 3537.3 4.4158 16.667723 2.510961 18.029617 15.518657 "" "" 348.25174 359.510437 4053.75495 5.0719 838.63 11.617 4916.9 14.462 "" "" 0.0030719900979039624 0.015296622 0.0049479194 0.020244543 115.70131312301 -38.04502104883 354.397827 -9.672000000000002 4.507 0.029484680175780653 -0.29735323715209994 0.61220104 0.622201 "" "" 0.5019571613154968 "" 0.3122697769954755 "" 1.0
115.46112503711 -38.1126826121 0.0359 0.0424 29.9596 "" "" 5586744685272976640 364.460358 2.7179 0.0469 -9.488 4.876 0.046 0.052 0.967 3533.7 4.4112 16.7183 2.536956 18.104895 15.567939 "" "" 356.798401 371.123505 3869.25198 3.8565 782.45 7.7801 4698.8 12.332 "" "" 0.0029602119898837695 0.011150484 0.004733229 0.015883714 115.46112503711 -38.1126826121 364.460358 -9.488 4.876 0.2134846801757817 0.07164676284790072 0.61220104 0.618201 "" "" 0.38901918723064 "" 0.23839526999360142 "" 1.0
118.03377519985 -38.34459262654 0.0365 0.0408 99.9333 "" "" 5538884799543607296 351.703735 2.8055 0.0446 -11.151 3.943 0.05 0.054 1.093 3520.0 4.4051 16.718378 2.679451 18.209202 15.529751 "" "" 347.319946 356.290405 3868.97323 3.8968 710.78 7.2192 4867.0 13.275 "" "" 0.002964393724169911 0.011375035 0.00480142 0.016176455 118.03377519985 -38.34459262654 351.703735 -11.151 3.9429999999999987 -1.4495153198242186 -0.8613532371520995 0.61620104 0.62020105 "" "" 2.810901257225862 "" 1.7350215049744744 "" 0.9
115.57835134068 -38.06792882698 0.0353 0.0433 23.8283 "" "" 5586756676822260224 365.522705 2.6991 0.0473 -9.434 4.929 0.047 0.055 1.01 3510.6 4.4086 16.739618 2.628346 18.195023 15.566677 "" "" 360.818939 370.969971 3794.0191 3.9488 720.13 7.8678 4704.2 13.749 "" "" 0.002978045824519428 0.0121859675 0.0049349256 0.017120894 115.57835134068 -38.06792882698 365.522705 -9.434 4.929 0.267484680175782 0.12464676284790066 0.613201 0.62120104 "" "" 0.5112861796300383 "" 0.3142548600493403 "" 0.9
116.22515958366 -39.03929559021 0.0394 0.0459 71.4278 "" "" 5538595696703549056 349.485565 2.8283 0.0514 -9.82 4.956 0.052 0.062 1.032 3604.9 4.4903 16.747288 2.508652 18.10704 15.598389 "" "" 343.476501 355.582825 3767.31264 3.1146 780.91 8.0763 4568.8 11.271 "" "" 0.00289784746424836 0.011570323 0.0046322625 0.016202586 116.22515958366 -39.03929559021 349.485565 -9.820000000000004 4.956000000000002 -0.11851531982421903 0.1516467628479008 0.618201 0.628201 "" "" 0.31882945918961136 "" 0.19908605591117182 "" 1.0
116.50757008106 -37.58186625358 0.042 0.0469 29.0164 "" "" 5538851947333102592 366.167847 2.7098 0.0569 -8.63 4.326 0.054 0.055 1.085 3522.5 4.4178 16.75315 2.531235 18.126831 15.595596 "" "" 360.472778 374.170013 3747.02093 3.4356 766.8 7.3625 4580.6 15.692 "" "" 0.0029296428916597947 0.010791728 0.005302653 0.016094381 116.50757008106 -37.58186625358 366.167847 -8.629999999999999 4.325999999999999 1.0714846801757805 -0.4783532371521 0.62020105 0.62120104 "" "" 2.0366197151784573 "" 1.2634523692581914 "" 0.9
115.37167488133 -38.25717795954 0.0395 0.0431 38.3352 "" "" 5586730529060596480 359.558533 2.7403 0.0498 -9.806 5.204 0.053 0.052 0.993 3316.0 3.9331 16.783579 2.898117 18.445587 15.54747 "" "" 352.354767 365.823334 3643.47105 3.8076 571.72 8.9322 4788.2 13.399 "" "" 0.0029798003927136354 0.017190814 0.0048491987 0.022040013 115.37167488133 -38.25717795954 359.558533 -9.806 5.204 -0.10451531982421791 0.3996467628479001 0.619201 0.618201 "" "" 0.7040274926405645 "" 0.43527561352710625 "" 0.9
116.03943273195 -38.4767995545 0.0381 0.046 36.9768 "" "" 5538692350649439488 359.462524 2.7458 0.0503 -9.396 4.777 0.054 0.066 1.045 3504.9 4.4148 16.783695 2.615453 18.228289 15.612836 "" "" 353.96698 367.057892 3643.08115 3.4652 698.4 7.8521 4508.4 15.578 "" "" 0.0029424999111728554 0.012521732 0.0053252266 0.017846959 116.03943273195 -38.4767995545 359.462524 -9.396 4.777 0.30548468017578045 -0.027353237152099474 0.62020105 0.632201 "" "" 0.5225831845982776 "" 0.32415699670567205 "" 1.0
115.866129848 -37.92302810607 0.0371 0.0488 7.6922 "" "" 5586762930294737920 351.034973 2.8198 0.0508 -9.527 4.991 0.051 0.068 1.003 3523.2 4.439 16.785477 2.58114 18.196133 15.614993 "" "" 344.927948 358.646362 3637.10674 3.7689 719.39 6.4702 4499.5 14.095 "" "" 0.0029761705742918664 0.010155915 0.0050844382 0.0152403535 115.866129848 -37.92302810607 351.034973 -9.527 4.991 0.174484680175782 0.18664676284790005 0.61720103 0.63420105 "" "" 0.42513335503294103 "" 0.2662739154838579 "" 1.0
116.40087178365 -37.74080352107 0.0395 0.0485 19.9596 "" "" 5538824223325295232 358.376587 2.7455 0.0518 -9.465 4.517 0.054 0.057 1.071 "" "" 16.805416 2.910391 18.47932 15.56893 "" "" 352.970764 364.64386 3570.92075 4.1346 554.23 8.9603 4694.5 16.278 "" "" 0.0030285551529028645 0.017773595 0.005334516 0.02310811 116.40087178365 -37.74080352107 358.376587 -9.465 4.517 0.2364846801757814 -0.28735323715209926 0.62020105 0.623201 "" "" 0.6321759597016586 "" 0.39320799173710935 "" 1.0
114.37950576013 -36.94697452568 0.0373 0.0416 95.047 "" "" 5587096838232709376 361.733154 2.7415 0.0483 -9.622 4.823 0.048 0.051 1.061 3483.8 4.4107 16.820845 2.605197 18.261572 15.656375 "" "" 354.638672 367.218964 3520.53835 3.3819 677.31 6.7039 4331.2 11.748 "" "" 0.0029461155317333306 0.011102742 0.004791298 0.01589404 114.37950576013 -36.94697452568 361.733154 -9.621999999999996 4.823000000000001 0.07948468017578136 0.01864676284790079 0.614201 0.61720103 "" "" 0.13998565997582565 "" 0.08600129123981093 "" 1.0
116.30270673271 -38.52275126747 0.0393 0.0449 42.0618 "" "" 5538649327953798144 356.829193 2.7768 0.0494 -9.633 4.876 0.053 0.055 1.089 3484.4 4.4071 16.823627 2.558276 18.190933 15.632657 "" "" 349.158783 362.094513 3511.52226 3.8276 722.84 8.4888 4426.9 18.6 "" "" 0.00299872952543507 0.013052248 0.005924008 0.018976256 116.30270673271 -38.52275126747 356.829193 -9.633000000000003 4.876000000000001 0.06848468017578213 0.07164676284790072 0.619201 0.62120104 "" "" 0.16763699056580544 "" 0.1039763294208114 "" 1.0
116.8974822994 -38.7324990932 0.0376 0.0437 66.9865 "" "" 5538532199910119168 359.654663 2.7421 0.0471 -10.126 4.916 0.05 0.052 1.002 3527.2 4.4106 16.854946 2.732754 18.384964 15.65221 "" "" 355.191254 364.662262 3411.67875 4.031 604.55 6.9429 4347.8 15.874 "" "" 0.003039315927987442 0.012777402 0.0054770033 0.018254405 116.8974822994 -38.7324990932 359.654663 -10.126000000000001 4.916000000000002 -0.4245153198242182 0.11164676284790076 0.61620104 0.618201 "" "" 0.7483080046480718 "" 0.46120513981153904 "" 1.0
116.32850941329 -37.95718431984 0.0478 0.0561 16.2194 "" "" 5538814568238884864 363.639008 2.6952 0.0625 -10.222 4.912 0.064 0.072 0.936 3423.4 4.1223 16.860886 2.930798 18.520025 15.589227 "" "" 352.047241 371.554169 3393.06493 3.4854 533.84 11.933 4607.5 30.929 "" "" 0.0029724810642927937 0.024429468 0.008209915 0.032639384 116.32850941329 -37.95718431984 363.639008 -10.221999999999998 4.912000000000001 -0.5205153198242183 0.10764676284790031 0.63020104 0.638201 "" "" 0.9161709087207855 "" 0.5776743049157227 "" 1.0
117.84133945673 -37.62763323763 0.0387 0.0439 88.0868 "" "" 5538968740385639424 343.394623 2.8723 0.0501 -10.761 4.475 0.049 0.052 1.065 3500.4 4.417 16.89199 2.762034 18.448088 15.686053 "" "" 338.297272 348.729767 3297.23748 3.3879 570.4 5.7786 4214.4 10.924 "" "" 0.0029725966465078864 0.011347729 0.0047121127 0.016059842 117.84133945673 -37.62763323763 343.394623 -10.761 4.474999999999997 -1.059515319824218 -0.32935323715209996 0.61520106 0.618201 "" "" 1.8059637141222384 "" 1.1115092359335834 "" 0.8
116.59644683385 -38.59458188711 0.0419 0.0458 52.0164 "" "" 5538634454488796800 348.93045 2.8226 0.0511 -9.778 5.046 0.058 0.058 1.005 3377.7 4.0579 16.948517 2.995993 18.681223 15.68523 "" "" 341.643738 356.777222 3129.96953 3.1396 460.18 5.9325 4217.6 11.644 "" "" 0.002962748336705335 0.014272368 0.004823776 0.019096144 116.59644683385 -38.59458188711 348.93045 -9.778000000000002 5.046000000000004 -0.07651531982421922 0.24164676284790065 0.62420106 0.62420106 "" "" 0.4192240420476891 "" 0.261680091147564 "" 1.0
115.83737403185 -37.5818009761 0.0436 0.0493 18.6132 "" "" 5586875733315023488 358.705078 2.7605 0.0555 -10.495 4.29 0.059 0.064 1.003 3363.9 4.0361 16.980562 3.042147 18.75346 15.711313 "" "" 352.598083 365.087769 3038.93889 4.1622 430.56 6.542 4117.5 13.672 "" "" 0.003130990924559509 0.016731145 0.0052231024 0.021954248 115.83737403185 -37.5818009761 358.705078 -10.495000000000005 4.289999999999997 -0.793515319824218 -0.5143532371520996 0.62520105 0.63020104 "" "" 1.6078275579645662 "" 1.0076005522877192 "" 1.0
115.98960257699 -37.96208604335 0.0428 0.0482 6.1291 "" "" 5538723686730509824 351.520233 2.8126 0.0539 -9.519 4.998 0.055 0.062 1.041 3460.3 4.4163 16.989933 2.700078 18.489979 15.789901 "" "" 345.6203 358.354156 3012.82353 3.9051 548.81 7.0841 3830.0 12.65 "" "" 0.003093904795160205 0.014289847 0.005209939 0.019499786 115.98960257699 -37.96208604335 351.520233 -9.519000000000002 4.997999999999999 0.18248468017578112 0.1936467628479006 0.62120104 0.628201 "" "" 0.44334770171509924 "" 0.2770561090592574 "" 1.0
