Clusters/NGC_2451B/NGC_2451B_stars_in_region.tsv
# %ECSV 1.0
# ---
# datatype:
# - name: RA_ICRS_1
#   unit: deg
#   datatype: float64
#   format: '{:15.11f}'
#   description: Right ascension (ICRS) at Ep=2016.0 (ra)
#   meta: !!omap
#   - {ucd: POS_EQ_RA_MAIN}
#   - {width: 15}
#   - {precision: '11'}
# - name: DE_ICRS_1
#   unit: deg
#   datatype: float64
#   format: '{:15.11f}'
#   description: Declination (ICRS) at Ep=2016.0 (dec)
#   meta: !!omap
#   - {ucd: POS_EQ_DEC_MAIN}
#   - {width: 15}
#   - {precision: '11'}
# - name: e_RA_ICRS
#   unit: mas
#   datatype: float64
#   format: '{:7.4f}'
#   description: Standard error of right ascension (ra_error)
#   meta: !!omap
#   - {ucd: ERROR}
#   - {width: 7}
#   - {precision: '4'}
# - name: e_DE_ICRS
#   unit: mas
#   datatype: float64
#   format: '{:7.4f}'
#   description: Standard error of declination (dec_error)
#   meta: !!omap
#   - {ucd: ERROR}
#   - {width: 7}
#   - {precision: '4'}
# - name: _r_1
#   unit: ''
#   datatype: float64
#   format: '{:8.4f}'
#   description: Distance from center (116.00830648000-37.86100608000)[ICRS], at Epoch=J2016.0
#   meta: !!omap
#   - {ucd: POS_ANG_DIST_GENERAL}
#   - {width: 8}
#   - {precision: '4'}
# - name: HIP
#   datatype: int32
#   description: '? HIP cross-id number, van Leeuwen, Cat. I/311 (hip_original_ext_source_id)'
#   meta: !!omap
#   - {ucd: ID_NUMBER}
#   - {width: 6}
#   - values: {'null': -2147483648}
# - name: TYC2
#   datatype: string
#   description: Tycho-2 cross-id name, Hog et al., Cat. I/259 (tyc2_original_ext_source_id)
#   meta: !!omap
#   - {ucd: ID_CROSSID}
#   - {_votable_string_dtype: char}
# - name: Source
#   datatype: int64
#   description: Source identifier, identical to the Gaia-EDR3 source_id (id)
#   meta: !!omap
#   - {ucd: ID_MAIN}
#   - {width: 19}
# - name: rgeo
#   unit: pc
#   datatype: float64
#   format: '{:15.8f}'
#   description: '? Median of the geometric distance posterior (r_med_geo)'
#   meta: !!omap
#   - {ucd: PHYS_DISTANCE_TRUE}
#   - {width: 15}
#   - {precision: '8'}
#   - values: {'null': .nan}
# - name: Plx
#   unit: mas
#   datatype: float64
#   format: '{:9.4f}'
#   description: '? Parallax (parallax)'
#   meta: !!omap
#   - {ucd: POS_PARLX_TRIG}
#   - {width: 9}
#   - {precision: '4'}
#   - values: {'null': .nan}
# - name: e_Plx
#   unit: mas
#   datatype: float32
#   format: '{:7.4f}'
#   description: '? Standard error of parallax (parallax_error)'
#   meta: !!omap
#   - {ucd: ERROR}
#   - {width: 7}
#   - {precision: '4'}
#   - values: {'null': .nan}
# - name: pmRA
#   unit: mas / yr
#   datatype: float64
#   format: '{:9.3f}'
#   description: '? Proper motion in right ascension direction, pmRA*cosDE (pmra)'
#   meta: !!omap
#   - {ucd: POS_EQ_PMRA}
#   - {width: 9}
#   - {precision: '3'}
#   - values: {'null': .nan}
# - name: pmDE
#   unit: mas / yr
#   datatype: float64
#   format: '{:9.3f}'
#   description: '? Proper motion in declination direction (pmdec)'
#   meta: !!omap
#   - {ucd: POS_EQ_PMDEC}
#   - {width: 9}
#   - {precision: '3'}
#   - values: {'null': .nan}
# - name: e_pmRA
#   unit: mas / yr
#   datatype: float32
#   format: '{:6.3f}'
#   description: '? Standard error of proper motion in right ascension direction (pmra_error)'
#   meta: !!omap
#   - {ucd: ERROR}
#   - {width: 6}
#   - {precision: '3'}
#   - values: {'null': .nan}
# - name: e_pmDE
[...]
#         unit: &id001 !astropy.units.Unit {unit: deg}
#         value: !astropy.table.SerializedColumn {name: SkyCoord.dec}
#       distance: !astropy.table.SerializedColumn
#         __class__: astropy.coordinates.distances.Distance
#         unit: !astropy.units.Unit {unit: pc}
#         value: !astropy.table.SerializedColumn {name: SkyCoord.distance}
#       frame: icrs
#       obstime: !astropy.time.Time {format: jyear_str, in_subfmt: '*', jd1: 367701545.0, jd2: 0.0, out_subfmt: '*', precision: 3, scale: tt}
#       pm_dec: !astropy.table.SerializedColumn
#         __class__: astropy.units.quantity.Quantity
#         unit: !astropy.units.Unit {unit: mas / yr}
#         value: !astropy.table.SerializedColumn {name: SkyCoord.pm_dec}
#       pm_ra_cosdec: !astropy.table.SerializedColumn
#         __class__: astropy.units.quantity.Quantity
#         unit: !astropy.units.Unit {unit: mas / yr}
#         value: !astropy.table.SerializedColumn {name: SkyCoord.pm_ra_cosdec}
#       ra: !astropy.table.SerializedColumn
#         __class__: astropy.coordinates.angles.Longitude
#         unit: *id001
#         value: !astropy.table.SerializedColumn {name: SkyCoord.ra}
#         wrap_angle: !astropy.coordinates.Angle
#           unit: *id001
#           value: 360.0
#       representation_type: spherical
# schema: astropy-2.0
RA_ICRS_1 DE_ICRS_1 e_RA_ICRS e_DE_ICRS _r_1 HIP TYC2 Source rgeo Plx e_Plx pmRA pmDE e_pmRA e_pmDE RUWE Teff logg Gmag BP-RP BPmag RPmag RV e_RV b_rgeo B_rgeo FG e_FG FBP e_FBP FRP e_FRP RAVE5 RAVE6 e_Gmag e_BPmag e_RPmag e_BP-RP SkyCoord.ra SkyCoord.dec SkyCoord.distance SkyCoord.pm_ra_cosdec SkyCoord.pm_dec
[from data line 586]
117.88025243346 -39.32466611538 0.0095 0.0106 124.1664 "" "" 5537697047802628736 340.017639 2.909 0.0124 -22.524 -24.555 0.012 0.013 0.884 5277.2 4.4303 13.06233 0.940412 13.445913 12.505502 22.82 1.95 338.367035 341.199677 112205.63507 18.236 57155.0 36.247 78878.0 37.314 "" "" 0.0027609647811951553 0.0028738761 0.0038141224 0.006687999 117.88025243346 -39.32466611538 340.017639 -22.524 -24.555
116.97956948311 -37.09484196883 0.0079 0.01 65.2066 "" "" 5539238395611943296 304.541931 3.2521 0.0105 -37.904 10.384 0.011 0.014 0.931 5476.8 4.5968 13.064098 1.007249 13.484764 12.477515 40.34 1.38 303.473572 305.399048 112023.03697 16.509 55146.0 21.303 80938.0 25.285 "" "" 0.002759962227969722 0.0028215179 0.0037945714 0.0066160895 116.97956948311 -37.09484196883 304.541931 -37.904 10.384
117.43078251813 -36.24539555473 0.0079 0.0088 118.4711 "" "" 5587422667327222272 327.523499 3.0219 0.0101 8.222 1.173 0.01 0.011 0.93 5531.2 4.5623 13.072397 0.943257 13.460738 12.517481 4.55 1.63 326.491547 328.494385 111170.01855 16.178 56380.0 29.254 78013.0 22.813 "" "" 0.0027598467175006395 0.002846475 0.0037926945 0.0066391695 117.43078251813 -36.24539555473 327.523499 8.222 1.1730000000000005
115.57746200482 -36.57094602201 0.0085 0.01 80.0941 "" "" 5587178889287659648 353.622589 2.7942 0.0115 -9.837 4.71 0.011 0.011 0.966 5543.9 4.4492 13.075081 1.052063 13.512363 12.460299 14.69 7.81 352.316315 354.997437 110895.66978 97.605 53762.0 143.0 82232.0 197.38 "" "" 0.0029163306645123904 0.0040156096 0.004590789 0.0086063985 115.57746200482 -36.57094602201 353.622589 -9.837 4.709999999999999
114.844681202 -37.56508784466 0.01 0.012 58.0147 "" "" 5587008946020672000 399.191772 2.473 0.0127 -13.76 11.503 0.014 0.016 1.278 5178.5 4.3433 13.078646 1.069552 13.524486 12.454933 37.86 1.32 396.755402 401.289368 110532.07866 20.7 53165.0 39.554 82639.0 108.68 "" "" 0.0027628125920529847 0.002904745 0.0040401164 0.0069448613 114.844681202 -37.56508784466 399.191772 -13.759999999999998 11.503
113.92690541225 -38.79062007199 0.0077 0.0091 112.7315 "" "" 5585165855292802304 364.272858 2.7139 0.0098 8.196 -1.116 0.011 0.011 0.967 5679.1 4.4622 13.079927 0.998104 13.494658 12.496553 10.07 1.29 363.217621 365.495544 110401.68995 15.479 54645.0 24.739 79531.0 33.122 "" "" 0.0027595221403160864 0.0028331354 0.0038063352 0.0066394703 113.92690541225 -38.79062007199 364.272858 8.196000000000002 -1.116
116.15154694096 -37.9004942893 0.0092 0.0108 7.1854 "" "" 5538817213938303360 357.107849 2.7649 0.0117 -10.547 4.318 0.012 0.013 1.147 5080.6 4.3264 13.081577 1.009729 13.499201 12.489471 12.8 3.35 355.100555 358.554504 110234.03962 85.929 54417.0 157.6 80051.0 168.59 "" "" 0.002882376156507623 0.0042038877 0.0044172667 0.008621154 116.15154694096 -37.9004942893 357.107849 -10.547 4.318
117.30990129998 -36.09160238623 0.008 0.0092 123.1356 "" "" 5587439198665052416 409.340179 2.4098 0.0108 -4.315 -14.052 0.011 0.011 0.941 5704.8 4.4227 13.081894 0.865834 13.430653 12.564818 31.87 1.86 407.875549 411.32782 110201.96735 17.793 57964.0 28.95 74685.0 22.631 "" "" 0.002760891125139939 0.0028423762 0.0037936748 0.006636051 117.30990129998 -36.09160238623 409.340179 -4.3149999999999995 -14.052
116.44319921273 -38.15472274732 0.0081 0.0095 27.079 "" "" 5538796735534512256 377.016632 2.6174 0.0101 4.046 -7.934 0.011 0.011 1.018 5682.0 4.273 13.082723 1.226945 13.616417 12.389472 -23.12 4.25 375.393311 378.508911 110117.82009 145.67 48848.0 222.63 87775.0 289.19 "" "" 0.0031071961079973892 0.005680784 0.005203816 0.0108846 116.44319921273 -38.15472274732 377.016632 4.045999999999999 -7.934
117.31865888759 -39.59774312435 0.0084 0.0088 120.9106 "" "" 5537595519081846144 306.931824 3.2227 0.0096 -2.518 1.205 0.011 0.011 0.915 5344.6 4.5822 13.084021 1.035449 13.519576 12.484127 37.73 1.18 306.018005 307.811768 109986.23164 56.873 53406.0 124.27 80447.0 102.85 "" "" 0.0028119366947918123 0.0037640005 0.0040262304 0.007790231 117.31865888759 -39.59774312435 306.931824 -2.5180000000000002 1.205
116.14330862154 -38.55130608967 0.0085 0.0099 41.9042 "" "" 5538644109575487104 360.800476 2.7401 0.0111 -9.602 4.758 0.011 0.013 0.988 5318.2 4.4117 13.084898 0.974893 13.484902 12.51001 13.43 2.84 359.354828 362.143982 109897.43641 112.49 55139.0 219.18 78551.0 179.61 "" "" 0.0029710077590653764 0.005139223 0.0045218277 0.0096610505 116.14330862154 -38.55130608967 360.800476 -9.602 4.757999999999999
116.20781650715 -39.32769034948 0.0081 0.0096 88.4969 "" "" 5538397887690609152 405.022675 2.4369 0.0103 -10.575 0.115 0.011 0.013 1.058 5813.8 4.3385 13.086002 1.013252 13.504718 12.491466 8.55 1.59 403.117523 406.650391 109785.73669 19.368 54141.0 31.014 79905.0 34.615 "" "" 0.0027619698760744174 0.0028586485 0.0038085363 0.0066671846 116.20781650715 -39.32769034948 405.022675 -10.575000000000001 0.11500000000000038
115.35920682679 -37.64502614745 0.0176 0.0205 33.4085 "" "" 5586828145079781632 427.701508 2.311 0.0229 -1.714 9.354 0.024 0.026 2.164 5696.4 4.389 13.086038 0.930573 13.466096 12.535523 34.02 1.52 424.092834 431.715851 109782.12162 23.225 56102.0 32.44 76727.0 36.542 "" "" 0.002764877653238597 0.0028599286 0.003814592 0.0066745207 115.35920682679 -37.64502614745 427.701508 -1.714 9.354
117.4796314916 -38.39573710702 0.0086 0.0103 76.4953 "" "" 5538555289654963968 338.149841 2.9243 0.0115 -11.475 11.559 0.012 0.013 0.936 5615.3 4.5661 13.08729 1.017807 13.509907 12.4921 12.89 1.94 336.893524 339.40152 109655.56815 64.228 53883.0 104.72 79858.0 140.43 "" "" 0.0028277575060510264 0.0034982213 0.0042342665 0.0077324877 117.4796314916 -38.39573710702 338.149841 -11.475000000000001 11.559
117.09059160476 -36.43641239877 0.0079 0.0099 99.9236 "" "" 5587328044912093824 346.501404 2.8533 0.0108 -1.94 -26.575 0.01 0.012 0.986 5489.2 4.5706 13.090894 0.9711 13.492022 12.520923 -16.13 1.57 345.002686 347.54306 109292.24484 24.576 54778.0 40.159 77766.0 36.449 "" "" 0.002766115638424608 0.0029014873 0.0038134882 0.0067149755 117.09059160476 -36.43641239877 346.501404 -1.9399999999999995 -26.575000000000003
114.52295009446 -39.23528815783 0.0085 0.0096 107.9654 "" "" 5585173311357328000 339.415131 2.9133 0.0103 -12.125 15.914 0.012 0.012 1.001 5574.7 4.5662 13.091477 0.99853 13.50737 12.50884 32.44 1.87 337.788666 340.961548 109233.48027 37.475 54009.0 62.567 78636.0 76.623 "" "" 0.002780384030552122 0.0030605637 0.003924662 0.0069852257 114.52295009446 -39.23528815783 339.415131 -12.125 15.914000000000001
116.1167665268 -37.85803702899 0.0082 0.0092 5.141 "" "" 5538818313449898112 390.042358 2.5288 0.0104 31.435 -16.56 0.011 0.011 0.989 6132.6 4.4423 13.092033 0.844485 13.425163 12.580678 203.73 2.17 388.637695 391.436554 109177.53074 20.154 58257.0 28.099 73602.0 28.878 "" "" 0.0027626001619588058 0.002838889 0.003803314 0.006642203 116.1167665268 -37.85803702899 390.042358 31.434999999999995 -16.560000000000002
113.84113800751 -37.30551390464 0.0301 0.0388 108.2976 "" "" 5585586933890148736 403.308411 2.4552 0.0397 2.325 10.296 0.041 0.047 3.619 "" "" 13.093801 0.935064 13.466981 12.531917 12.43 2.05 397.284485 409.228455 109000.00566 32.112 56056.0 29.968 76982.0 27.035 "" "" 0.002773824483854576 0.0028499058 0.0037985672 0.006648473 113.84113800751 -37.30551390464 403.308411 2.325 10.296
117.4194493421 -36.5190141822 0.0085 0.0088 105.0345 "" "" 5539285124856771072 325.896851 3.0342 0.0103 5.029 -15.573 0.011 0.011 0.946 5307.5 4.4708 13.093832 0.981742 13.498342 12.516601 -18.24 1.31 325.110626 326.826843 108996.81054 15.693 54460.0 27.006 78076.0 31.488 "" "" 0.0027597509971380046 0.0028416412 0.0038046634 0.0066463044 117.4194493421 -36.5190141822 325.896851 5.029 -15.573
117.17295883005 -38.77125396234 0.0085 0.0098 77.386 "" "" 5538522991500420480 413.336639 2.3841 0.0105 -3.471 7.883 0.012 0.013 0.937 5409.1 4.3747 13.094302 0.967356 13.493278 12.525922 3.79 1.5 411.497589 415.088959 108949.63745 25.411 54715.0 33.961 77409.0 35.427 "" "" 0.0027669326604856793 0.0028703997 0.003811907 0.0066823065 117.17295883005 -38.77125396234 413.336639 -3.471 7.883000000000001
118.15381395446 -39.04967054964 0.0084 0.0113 123.4798 "" "" 5537718183347894528 308.033844 3.2075 0.011 24.531 -7.8 0.012 0.014 0.963 5261.9 4.5145 13.098969 1.03318 13.533669 12.500489 62.97 1.45 306.861816 309.229736 108482.30259 14.755 52717.0 28.605 79243.0 26.897 "" "" 0.0027592747366602544 0.002851689 0.0037973067 0.006648996 118.15381395446 -39.04967054964 308.033844 24.531 -7.800000000000002
117.90560378557 -37.5678100961 0.0079 0.0098 91.7541 "" "" 5538992723484269184 328.847198 3.0061 0.0108 1.074 -28.935 0.01 0.013 1.039 5338.5 4.4707 13.100774 0.97476 13.502337 12.527577 -13.79 1.55 327.707611 330.0979 108302.16367 19.637 54260.0 32.38 77291.0 33.409 "" "" 0.0027623439547156564 0.0028644106 0.0038084087 0.006672819 117.90560378557 -37.5678100961 328.847198 1.073999999999999 -28.934999999999995
115.68311069494 -35.70248979982 0.0082 0.0094 130.4501 "" "" 5587644704261158272 367.674622 2.6858 0.0108 -15.018 24.19 0.011 0.011 1.113 5521.4 4.4687 13.101546 0.92611 13.481215 12.555105 60.39 1.76 366.447205 369.111572 108225.1349 14.096 55326.0 31.018 75356.0 23.56 "" "" 0.0027589467721396343 0.0028557966 0.0037945956 0.006650392 115.68311069494 -35.70248979982 367.674622 -15.018 24.19
114.55035964551 -36.50712679142 0.0084 0.0102 107.0285 "" "" 5587136832968904448 295.45813 3.3489 0.0113 -21.775 39.122 0.011 0.012 0.994 5252.7 4.5971 13.102151 1.043319 13.537809 12.494491 13.19 1.69 294.41684 296.231445 108164.91262 15.259 52516.0 60.002 79682.0 68.146 "" "" 0.002759574133647791 0.0030535061 0.003891777 0.006945283 114.55035964551 -36.50712679142 295.45813 -21.775000000000002 39.12200000000001
115.67982149534 -36.56462870678 0.0081 0.0091 79.3504 "" "" 5587179542122653056 356.438965 2.7691 0.0107 1.372 -38.133 0.011 0.011 0.998 5403.5 4.4833 13.103641 0.947514 13.494589 12.547075 3.09 1.22 355.089935 357.547333 108016.64114 14.88 54649.0 24.896 75915.0 29.937 "" "" 0.0027593767000304737 0.0028336719 0.0038035573 0.006637229 115.67982149534 -36.56462870678 356.438965 1.3719999999999999 -38.132999999999996
115.62061092744 -37.4270412769 0.0077 0.0091 31.8941 "" "" 5586927994479007744 365.403809 2.701 0.01 -4.748 22.88 0.01 0.012 1.01 5413.2 4.4583 13.108604 0.944014 13.496869 12.552855 39.39 1.62 364.281677 366.688995 107523.91099 23.158 54534.0 42.66 75512.0 42.979 "" "" 0.002765225294392178 0.0029165756 0.0038295705 0.006746146 115.62061092744 -37.4270412769 365.403809 -4.748000000000001 22.879999999999995
117.12832625714 -37.08386554144 0.008 0.0092 70.8419 "" "" 5539243515212815360 392.142395 2.5165 0.0101 19.21 -4.308 0.011 0.012 1.045 5596.6 4.5172 13.109327 0.973082 13.513439 12.540358 30.7 1.47 390.409119 393.818451 107452.32934 14.769 53708.0 31.432 76386.0 25.782 "" "" 0.0027593585034615575 0.002861608 0.003797107 0.006658715 117.12832625714 -37.08386554144 392.142395 19.209999999999997 -4.308
114.64803487328 -37.56271527534 0.0119 0.0143 67.0003 "" "" 5587011179403561088 355.773499 2.7805 0.0153 -33.793 29.808 0.017 0.019 1.554 4717.0 4.1891 13.113892 1.183788 13.624002 12.440214 35.82 2.41 353.477509 358.46106 107001.59749 15.978 48508.0 28.424 83767.0 40.416 "" "" 0.0027600859958181474 0.0028617831 0.0038155136 0.006677297 114.64803487328 -37.56271527534 355.773499 -33.793000000000006 29.808
115.1743707194 -38.241622928 0.0528 0.0587 45.5409 "" "" 5586740081067779840 385.613312 2.567 0.0666 -7.646 5.383 0.073 0.079 6.413 6002.4 4.4468 13.115665 1.060906 13.527677 12.466771 13.38 2.96 378.357361 394.433624 106826.91527 163.39 53009.0 243.08 81743.0 255.35 "" "" 0.0032170534594998168 0.005707312 0.0050780843 0.010785396 115.1743707194 -38.241622928 385.613312 -7.646000000000001 5.382999999999999
116.39371608858 -37.86469320906 0.008 0.0095 18.2578 "" "" 5538820856071000832 361.765869 2.7281 0.0105 -9.691 4.922 0.011 0.012 0.939 5286.5 4.3924 13.117603 1.061688 13.560122 12.498433 19.49 2.69 360.373901 363.170166 106636.37051 117.39 51448.0 250.47 79394.0 240.16 "" "" 0.0030033905329991204 0.0059770253 0.005007003 0.010984028 116.39371608858 -37.86469320906 361.765869 -9.691 4.922000000000001
116.2055347456 -35.7701613536 0.0083 0.0093 125.8078 "" "" 5587613436898811392 415.060303 2.3737 0.0112 -15.153 20.943 0.011 0.013 1.046 5448.5 4.4149 13.120271 0.872776 13.472781 12.600005 13.26 1.8 413.201416 417.159729 106374.7487 16.771 55758.0 26.84 72303.0 33.33 "" "" 0.0027606323327434264 0.0028386964 0.003812378 0.0066510746 116.2055347456 -35.7701613536 415.060303 -15.153 20.943
113.6136780358 -36.83853918674 0.0572 0.069 129.6428 "" "" 5587863575792805760 373.430084 2.6611 0.0753 -6.53 -1.97 0.077 0.084 7.223 5212.5 4.3575 13.121015 0.970186 13.509089 12.538902 35.3 1.78 365.606171 384.004028 106301.85243 58.769 53924.0 28.929 76489.0 20.01 "" "" 0.0028199448237060678 0.0028503197 0.00379004 0.0066403598 113.6136780358 -36.83853918674 373.430084 -6.53 -1.9700000000000002
116.16699311365 -35.65637192469 0.0092 0.011 132.4977 "" "" 5587619415493263744 387.699219 2.5444 0.0125 9.733 8.946 0.013 0.015 1.053 5578.0 4.4418 13.121165 0.9255 13.49697 12.57147 -10.82 1.83 386.133087 389.914398 106287.10927 15.019 54529.0 31.529 74228.0 31.072 "" "" 0.0027595882659941923 0.0028599221 0.0038066113 0.0066665336 116.16699311365 -35.65637192469 387.699219 9.732999999999999 8.946
115.07072166032 -39.683013307 0.0698 0.0612 117.7882 "" "" 5537107816952129408 340.858002 2.8882 0.0772 -6.848 -2.681 0.09 0.074 5.504 5850.2 4.4129 13.128469 1.093084 13.426651 12.333567 34.02 6.07 333.503754 350.519867 105574.61767 131.82 58178.0 142.4 92413.0 260.2 "" "" 0.0030707595127995304 0.0038532359 0.0048609786 0.008714214 115.07072166032 -39.683013307 340.858002 -6.848000000000001 -2.6810000000000005
115.07878560184 -36.89242330383 0.008 0.0093 73.0849 "" "" 5587156555457128576 401.361511 2.4562 0.0106 -2.935 -6.838 0.011 0.011 0.974 5591.6 4.4387 13.137261 0.897474 13.501349 12.603874 34.63 2.09 399.73996 402.939789 104722.98678 54.216 54310.0 97.363 72046.0 132.87 "" "" 0.0028120704498731056 0.003402004 0.00427705 0.007679054 115.07878560184 -36.89242330383 401.361511 -2.9350000000000005 -6.838
116.0368062114 -38.17805953768 0.0194 0.0242 19.0708 "" "" 5538716849142683392 427.372894 2.3073 0.0252 -19.498 14.994 0.026 0.032 2.916 5747.1 4.2668 13.143424 1.16559 13.624327 12.458736 96.53 1.52 423.370148 431.518982 104130.29354 40.149 48494.0 27.479 82350.0 48.827 "" "" 0.0027869398443238894 0.0028571936 0.0038338164 0.0066910097 116.0368062114 -38.17805953768 427.372894 -19.498 14.994
116.78907443165 -38.9871336464 0.0358 0.0378 76.8908 "" "" 5538434274654188160 371.543396 2.6633 0.0427 -9.488 4.939 0.047 0.048 3.93 5844.0 4.3259 13.144994 1.108207 13.58822 12.480013 18.46 6.06 364.762329 379.083588 103979.88565 190.74 50134.0 330.35 80752.0 493.08 "" "" 0.0033997834416718666 0.007679118 0.0076312213 0.01531034 116.78907443165 -38.9871336464 371.543396 -9.488 4.939
116.44099873316 -37.89719745483 0.1277 0.1405 20.6064 "" "" 5538809139400214912 309.947906 3.2368 0.1596 -9.532 4.11 0.172 0.18 14.377 5730.8 4.54 13.153605 1.15379 13.612536 12.458747 17.78 3.67 298.237335 325.380035 103158.48155 192.89 49023.0 263.13 82349.0 384.87 "" "" 0.0034224722348250255 0.0064611733 0.006327141 0.012788314 116.44099873316 -37.89719745483 309.947906 -9.531999999999998 4.110000000000001
