Clusters/NGC_2451B/NGC_2451B_stars_in_region.tsv
# %ECSV 1.0
# ---
# datatype:
# - name: RA_ICRS_1
#   unit: deg
#   datatype: float64
#   format: '{:15.11f}'
#   description: Right ascension (ICRS) at Ep=2016.0 (ra)
#   meta: !!omap
#   - {ucd: POS_EQ_RA_MAIN}
#   - {width: 15}
#   - {precision: '11'}
# - name: DE_ICRS_1
#   unit: deg
#   datatype: float64
#   format: '{:15.11f}'
#   description: Declination (ICRS) at Ep=2016.0 (dec)
#   meta: !!omap
#   - {ucd: POS_EQ_DEC_MAIN}
#   - {width: 15}
#   - {precision: '11'}
# - name: e_RA_ICRS
#   unit: mas
#   datatype: float64
#   format: '{:7.4f}'
#   description: Standard error of right ascension (ra_error)
#   meta: !!omap
#   - {ucd: ERROR}
#   - {width: 7}
#   - {precision: '4'}
# - name: e_DE_ICRS
#   unit: mas
#   datatype: float64
#   format: '{:7.4f}'
#   description: Standard error of declination (dec_error)
#   meta: !!omap
#   - {ucd: ERROR}
#   - {width: 7}
#   - {precision: '4'}
# - name: _r_1
#   unit: ''
#   datatype: float64
#   format: '{:8.4f}'
#   description: Distance from center (116.00830648000-37.86100608000)[ICRS], at Epoch=J2016.0
#   meta: !!omap
#   - {ucd: POS_ANG_DIST_GENERAL}
#   - {width: 8}
#   - {precision: '4'}
# - name: HIP
#   datatype: int32
#   description: '? HIP cross-id number, van Leeuwen, Cat. I/311 (hip_original_ext_source_id)'
#   meta: !!omap
#   - {ucd: ID_NUMBER}
#   - {width: 6}
#   - values: {'null': -2147483648}
# - name: TYC2
#   datatype: string
#   description: Tycho-2 cross-id name, Hog et al., Cat. I/259 (tyc2_original_ext_source_id)
#   meta: !!omap
#   - {ucd: ID_CROSSID}
#   - {_votable_string_dtype: char}
# - name: Source
#   datatype: int64
#   description: Source identifier, identical to the Gaia-EDR3 source_id (id)
#   meta: !!omap
#   - {ucd: ID_MAIN}
#   - {width: 19}
# - name: rgeo
#   unit: pc
#   datatype: float64
#   format: '{:15.8f}'
#   description: '? Median of the geometric distance posterior (r_med_geo)'
#   meta: !!omap
#   - {ucd: PHYS_DISTANCE_TRUE}
#   - {width: 15}
#   - {precision: '8'}
#   - values: {'null': .nan}
# - name: Plx
#   unit: mas
#   datatype: float64
#   format: '{:9.4f}'
#   description: '? Parallax (parallax)'
#   meta: !!omap
#   - {ucd: POS_PARLX_TRIG}
#   - {width: 9}
#   - {precision: '4'}
#   - values: {'null': .nan}
# - name: e_Plx
#   unit: mas
#   datatype: float32
#   format: '{:7.4f}'
#   description: '? Standard error of parallax (parallax_error)'
#   meta: !!omap
#   - {ucd: ERROR}
#   - {width: 7}
#   - {precision: '4'}
#   - values: {'null': .nan}
# - name: pmRA
#   unit: mas / yr
#   datatype: float64
#   format: '{:9.3f}'
#   description: '? Proper motion in right ascension direction, pmRA*cosDE (pmra)'
#   meta: !!omap
#   - {ucd: POS_EQ_PMRA}
#   - {width: 9}
#   - {precision: '3'}
#   - values: {'null': .nan}
# - name: pmDE
#   unit: mas / yr
#   datatype: float64
#   format: '{:9.3f}'
#   description: '? Proper motion in declination direction (pmdec)'
#   meta: !!omap
#   - {ucd: POS_EQ_PMDEC}
#   - {width: 9}
#   - {precision: '3'}
#   - values: {'null': .nan}
# - name: e_pmRA
#   unit: mas / yr
#   datatype: float32
#   format: '{:6.3f}'
#   description: '? Standard error of proper motion in right ascension direction (pmra_error)'
#   meta: !!omap
#   - {ucd: ERROR}
#   - {width: 6}
#   - {precision: '3'}
#   - values: {'null': .nan}
# - name: e_pmDE
[...]
#         unit: &id001 !astropy.units.Unit {unit: deg}
#         value: !astropy.table.SerializedColumn {name: SkyCoord.dec}
#       distance: !astropy.table.SerializedColumn
#         __class__: astropy.coordinates.distances.Distance
#         unit: !astropy.units.Unit {unit: pc}
#         value: !astropy.table.SerializedColumn {name: SkyCoord.distance}
#       frame: icrs
#       obstime: !astropy.time.Time {format: jyear_str, in_subfmt: '*', jd1: 367701545.0, jd2: 0.0, out_subfmt: '*', precision: 3, scale: tt}
#       pm_dec: !astropy.table.SerializedColumn
#         __class__: astropy.units.quantity.Quantity
#         unit: !astropy.units.Unit {unit: mas / yr}
#         value: !astropy.table.SerializedColumn {name: SkyCoord.pm_dec}
#       pm_ra_cosdec: !astropy.table.SerializedColumn
#         __class__: astropy.units.quantity.Quantity
#         unit: !astropy.units.Unit {unit: mas / yr}
#         value: !astropy.table.SerializedColumn {name: SkyCoord.pm_ra_cosdec}
#       ra: !astropy.table.SerializedColumn
#         __class__: astropy.coordinates.angles.Longitude
#         unit: *id001
#         value: !astropy.table.SerializedColumn {name: SkyCoord.ra}
#         wrap_angle: !astropy.coordinates.Angle
#           unit: *id001
#           value: 360.0
#       representation_type: spherical
# schema: astropy-2.0
RA_ICRS_1 DE_ICRS_1 e_RA_ICRS e_DE_ICRS _r_1 HIP TYC2 Source rgeo Plx e_Plx pmRA pmDE e_pmRA e_pmDE RUWE Teff logg Gmag BP-RP BPmag RPmag RV e_RV b_rgeo B_rgeo FG e_FG FBP e_FBP FRP e_FRP RAVE5 RAVE6 e_Gmag e_BPmag e_RPmag e_BP-RP SkyCoord.ra SkyCoord.dec SkyCoord.distance SkyCoord.pm_ra_cosdec SkyCoord.pm_dec
[from data line 744]
115.4528917846 -35.73146693577 0.0092 0.0104 130.5284 "" "" 5587649720783063040 354.153229 2.7868 0.012 25.379 -56.234 0.012 0.013 1.041 5312.2 4.6133 13.527688 1.023799 13.957346 12.933547 -7.18 2.83 352.879761 355.52243 73092.26988 9.284 35684.0 27.697 53179.0 24.362 "" "" 0.002758769271632157 0.0029146571 0.003811971 0.006726628 115.4528917846 -35.73146693577 354.153229 25.379 -56.234
114.14128710711 -36.35083806336 0.0085 0.0103 127.2407 "" "" 5587901199707049984 354.832855 2.784 0.0111 -9.44 5.064 0.011 0.013 1.009 5050.4 4.4528 13.529743 1.13987 14.016267 12.876397 16.17 2.44 353.39917 356.008301 72954.04833 77.845 33799.0 130.83 56053.0 169.57 "" "" 0.002988974913070991 0.00504457 0.0050071874 0.010051757 114.14128710711 -36.35083806336 354.832855 -9.44 5.063999999999999
113.84790209358 -38.11879434421 0.0082 0.01 103.3211 "" "" 5585480349979147776 393.146454 2.5091 0.0105 -6.824 14.554 0.011 0.014 1.017 5210.0 4.475 13.532328 1.073111 13.988543 12.915431 69.24 1.89 391.794861 394.825409 72780.58354 25.135 34674.0 47.64 54074.0 64.428 "" "" 0.0027807168432165035 0.00316391 0.0039946474 0.0071585574 113.84790209358 -38.11879434421 393.146454 -6.824 14.553999999999998
113.82162246202 -36.65087898357 0.0091 0.013 127.1829 "" "" 5587872440605325184 348.067078 2.8379 0.0128 -0.707 2.732 0.012 0.018 0.999 5083.8 4.5491 13.538028 1.132338 14.027935 12.895597 10.41 1.48 346.289154 350.019409 72399.53757 13.879 33438.0 25.574 55071.0 25.169 "" "" 0.0027631702611748605 0.0029111162 0.0038118176 0.0067229336 113.82162246202 -36.65087898357 348.067078 -0.707 2.732
114.21554788207 -39.2910153091 0.0094 0.0104 120.1334 "" "" 5585093012647919744 355.448273 2.7809 0.0116 -12.368 13.954 0.012 0.014 1.138 5438.6 4.5005 13.540211 1.116955 14.015561 12.898606 64.06 3.62 353.777496 356.683136 72254.08929 24.993 33821.0 47.374 54918.0 51.176 "" "" 0.0027807976041669827 0.003177726 0.0039124642 0.0070901904 114.21554788207 -39.2910153091 355.448273 -12.368 13.954
116.33640965563 -38.23609052639 0.0088 0.0102 27.3278 "" "" 5538795361144959360 347.409485 2.8424 0.0115 12.978 -14.667 0.012 0.012 0.905 5291.1 4.5387 13.542603 1.050261 13.985816 12.935555 49.01 2.87 346.117523 348.585602 72095.07749 8.9545 34761.0 21.381 53081.0 23.784 "" "" 0.002758618256767695 0.0028689778 0.0038105638 0.0066795414 116.33640965563 -38.23609052639 347.409485 12.978000000000002 -14.667
113.89655250151 -39.06349963108 0.0099 0.0112 122.6671 "" "" 5585152558074203904 290.740234 3.407 0.0122 23.525 53.678 0.013 0.013 1.081 4869.2 4.5147 13.542804 1.155331 14.039645 12.884315 94.39 1.85 289.590729 291.512207 72081.73415 9.9092 33079.0 18.513 55646.0 21.51 "" "" 0.0027593599547750198 0.0028555698 0.0038026134 0.0066581834 113.89655250151 -39.06349963108 290.740234 23.525 53.678000000000004
114.49149208273 -36.65721221358 0.0093 0.0108 102.2885 "" "" 5587133500074343040 417.685333 2.3564 0.0121 -25.385 12.262 0.012 0.013 0.981 5025.0 4.3749 13.544323 1.112655 14.018954 12.9063 21.31 2.5 415.304626 419.685089 71980.94053 10.654 33716.0 20.545 54530.0 23.296 "" "" 0.0027600025949503122 0.0028675357 0.003807739 0.0066752746 114.49149208273 -36.65721221358 417.685333 -25.385 12.262000000000002
116.67886594363 -36.75314269797 0.0099 0.0111 73.7734 "" "" 5587299148371579520 310.229034 3.1893 0.0127 6.346 28.116 0.013 0.013 0.984 4800.6 4.5083 13.548974 1.147678 14.044145 12.896466 35.04 2.15 309.099457 311.382416 71673.25458 9.5656 32943.0 28.568 55026.0 24.09 "" "" 0.002759127847890208 0.0029447502 0.0038091552 0.0067539057 116.67886594363 -36.75314269797 310.229034 6.346000000000003 28.115999999999996
113.28939209033 -38.24294477791 0.0096 0.0105 130.4837 "" "" 5585428771709653760 366.474182 2.6956 0.0119 0.266 -13.641 0.012 0.013 0.926 5152.6 4.48 13.550734 1.08906 14.014453 12.925393 52.07 1.77 364.99295 368.292877 71557.17449 9.2719 33856.0 24.524 53580.0 23.079 "" "" 0.002758909377110642 0.0028988924 0.003808207 0.0067070993 113.28939209033 -38.24294477791 366.474182 0.26599999999999957 -13.640999999999998
115.46590500036 -38.18822333858 0.0092 0.01 32.2905 "" "" 5586732075249004288 354.24231 2.7883 0.0115 13.455 -8.745 0.012 0.012 0.97 5178.8 4.5483 13.551413 1.019839 13.980225 12.960385 53.02 1.76 352.648773 355.736969 71512.44001 9.0247 34940.0 23.1 51880.0 19.08 "" "" 0.0027587249138631225 0.0028810257 0.003800417 0.0066814427 115.46590500036 -38.18822333858 354.24231 13.455 -8.745
114.98285390397 -38.47550832268 0.01 0.0102 60.8213 "" "" 5585232478827298816 389.188843 2.5343 0.0118 -8.293 3.5 0.013 0.013 0.974 5150.1 4.4401 13.557706 1.060925 14.004392 12.943466 16.1 2.49 387.803253 391.131866 71099.14672 16.443 34171.0 31.241 52695.0 30.763 "" "" 0.002766737962227989 0.0029614829 0.003832165 0.006793648 114.98285390397 -38.47550832268 389.188843 -8.293 3.5
115.9976064933 -39.22760245863 0.0095 0.0115 81.9973 "" "" 5538589992986947072 337.653748 2.9269 0.0122 -3.997 45.991 0.012 0.015 1.034 5075.6 4.4617 13.560575 1.195353 14.079933 12.884581 119.65 1.9 336.10434 339.041748 70911.53502 10.475 31875.0 19.962 55632.0 23.078 "" "" 0.0027599841454407875 0.0028718256 0.003806125 0.0066779507 115.9976064933 -39.22760245863 337.653748 -3.997 45.991
113.65105737348 -36.70345483582 0.009 0.0103 132.2341 "" "" 5587866874327650432 394.605682 2.505 0.0115 -26.719 16.833 0.011 0.012 0.967 5056.0 4.465 13.561232 1.110678 14.039193 12.928515 65.35 1.61 392.899353 395.931915 70868.61874 8.654 33093.0 21.719 53426.0 21.015 "" "" 0.0027585082212607296 0.0028797232 0.003803435 0.006683158 113.65105737348 -36.70345483582 394.605682 -26.719000000000005 16.833
114.55949261067 -36.04038644296 0.009 0.0108 129.4511 "" "" 5588002732733781376 377.054657 2.6174 0.012 -9.6 4.254 0.012 0.013 1.086 5004.3 4.3881 13.569558 1.157887 14.063611 12.905724 23.37 7.68 375.369232 379.194946 70327.24085 86.214 32357.0 142.03 54559.0 226.38 "" "" 0.0030599597993007156 0.0055224933 0.005880379 0.011402872 114.55949261067 -36.04038644296 377.054657 -9.599999999999998 4.2540000000000004
115.10169550774 -39.63015406966 0.009 0.011 114.3114 "" "" 5537108538506625536 303.223724 3.2629 0.0117 -5.473 -43.744 0.012 0.014 1.014 4925.9 4.5355 13.577829 1.261646 14.13768 12.876034 28.34 1.54 302.20636 304.167236 69793.50789 10.007 30224.0 20.92 56072.0 26.899 "" "" 0.0027597143825939595 0.0028896043 0.0038151033 0.0067047076 115.10169550774 -39.63015406966 303.223724 -5.473000000000004 -43.74400000000001
116.28023531587 -36.30084343921 0.0085 0.0107 94.5102 "" "" 5587379550160522624 293.441925 3.3716 0.0114 -9.519 -0.538 0.011 0.014 1.063 4798.0 4.5789 13.584392 1.231332 14.127506 12.896174 37.81 1.6 292.45166 294.336304 69372.96017 9.4181 30508.0 22.752 55041.0 20.186 "" "" 0.0027592600734741455 0.002905285 0.0038003002 0.006705585 116.28023531587 -36.30084343921 293.441925 -9.519 -0.5380000000000001
115.75959747057 -36.15189332228 0.0101 0.011 103.2367 "" "" 5587578802281936512 307.326019 3.2203 0.0127 -6.884 -12.887 0.013 0.012 1.04 4626.9 4.3645 13.587084 1.395772 14.216648 12.820876 4.6 3.92 306.182007 308.578339 69201.15145 82.935 28103.0 119.78 58994.0 178.87 "" "" 0.003047121254065825 0.0054036784 0.0050120554 0.010415734 115.75959747057 -36.15189332228 307.326019 -6.883999999999999 -12.887
117.51122518101 -37.2595937208 0.0096 0.0106 80.073 "" "" 5539203241296534656 367.775391 2.6844 0.0122 0.56 27.754 0.013 0.013 1.005 5214.8 4.5151 13.590114 1.073822 14.045558 12.971736 51.24 2.3 365.349213 369.578613 69008.31051 8.6209 32900.0 20.093 51341.0 23.287 "" "" 0.0027586566610587355 0.0028678803 0.0038113312 0.0066792117 117.51122518101 -37.2595937208 367.775391 0.5600000000000005 27.754
116.4449029373 -39.3383590348 0.1927 0.2133 90.9743 "" "" 5538400670829515648 414.781433 2.4827 0.2326 0.972 2.435 0.259 0.296 19.718 5445.9 4.6895 13.597129 0.995195 13.978601 12.983405 1.16 2.47 383.975067 455.680542 68563.86312 88.349 34993.0 42.216 50792.0 43.23 "" "" 0.0030901629701860396 0.0030823278 0.0038907158 0.0069730435 116.4449029373 -39.3383590348 414.781433 0.9720000000000001 2.4350000000000005
116.20738954877 -38.16149045979 0.0212 0.0269 20.3376 "" "" 5538705922745939712 290.65033 3.4081 0.0274 0.368 2.377 0.029 0.034 2.327 "" "" 13.598249 1.227567 13.982507 12.75494 30.81 3.1 288.35437 293.269073 68493.14962 82.351 34867.0 1820.6 62688.0 249.38 "" "" 0.0030489141445401904 0.05676094 0.0057392563 0.06250019 116.20738954877 -38.16149045979 290.65033 0.368 2.3770000000000002
115.62174190078 -37.64977787183 0.0096 0.0098 22.2912 "" "" 5586784714368532096 301.574432 3.2857 0.0116 -20.706 2.303 0.012 0.013 0.958 4864.7 4.5315 13.598884 1.233845 14.142536 12.908691 1.1 1.68 300.543213 302.465363 68453.12706 8.1719 30089.0 20.055 54410.0 17.374 "" "" 0.0027583671543688444 0.002882489 0.00379525 0.0066777393 115.62174190078 -37.64977787183 301.574432 -20.706000000000003 2.303000000000001
117.61610328926 -36.55781563911 0.0092 0.0106 109.6171 "" "" 5539375009931204352 327.894104 3.0172 0.0122 -23.22 33.456 0.012 0.013 0.992 5209.5 4.5459 13.602227 1.09926 14.069182 12.969922 44.25 2.62 326.201599 329.118774 68242.67299 13.105 32192.0 22.548 51427.0 25.216 "" "" 0.0027631976945483978 0.002891949 0.0038166922 0.006708641 117.61610328926 -36.55781563911 327.894104 -23.22 33.456
114.32718805936 -36.91875023372 0.0088 0.011 98.0728 "" "" 5587097796002972928 312.358826 3.167 0.0117 -15.259 20.518 0.011 0.013 0.994 4967.6 4.5937 13.606433 1.17359 14.117296 12.943706 35.13 1.59 311.290466 313.15564 67978.82008 14.118 30796.0 22.703 52684.0 38.651 "" "" 0.0027645314873033736 0.0029027066 0.0038624085 0.006765115 114.32718805936 -36.91875023372 312.358826 -15.259 20.518
117.08739730521 -35.85271945213 0.0094 0.012 131.1586 "" "" 5587493074736428416 384.927429 2.5625 0.012 -11.386 19.572 0.012 0.015 1.07 5076.5 4.5005 13.613108 1.07898 14.072394 12.993414 28.37 2.83 382.892639 386.793182 67562.17928 23.252 32097.0 35.155 50326.0 56.13 "" "" 0.0027805420368266966 0.0030330173 0.0039686435 0.0070016608 117.08739730521 -35.85271945213 384.927429 -11.386 19.572000000000003
114.86342052642 -36.56680205133 0.0238 0.0288 94.9855 "" "" 5587214279818781952 376.914124 2.6187 0.0295 12.143 -30.538 0.031 0.039 2.705 5046.4 4.4532 13.61466 1.062772 14.061364 12.998592 58.28 3.11 372.052429 381.533905 67465.61843 9.109 32424.0 21.527 50087.0 22.12 "" "" 0.0027592170701012226 0.0028817814 0.0038096774 0.0066914586 114.86342052642 -36.56680205133 376.914124 12.143 -30.538000000000004
117.53308471763 -36.58072489834 0.0093 0.0103 105.8654 "" "" 5539281998120533632 333.444641 2.9637 0.0121 5.729 -43.965 0.012 0.013 0.934 5063.9 4.5291 13.615481 1.14538 14.110122 12.964742 3.69 1.55 332.055176 334.73056 67414.61157 10.097 31000.0 22.162 51673.0 21.753 "" "" 0.0027601147237548774 0.002896123 0.0038069196 0.0067030424 117.53308471763 -36.58072489834 333.444641 5.729 -43.965
115.12411127059 -37.52819924944 0.0113 0.0137 46.4858 "" "" 5586845153149966208 425.707123 2.3135 0.0147 6.333 -17.766 0.015 0.016 1.319 5192.9 4.4207 13.616713 1.05165 14.050214 12.998564 21.28 2.05 422.876221 428.287231 67338.23862 17.03 32759.0 24.788 50088.0 18.646 "" "" 0.0027689684843812037 0.0029086072 0.0038009328 0.0067095403 115.12411127059 -37.52819924944 425.707123 6.333 -17.766000000000002
115.17014222597 -38.40772393596 0.0159 0.0172 51.3877 "" "" 5586733587077282688 354.801239 2.7833 0.0197 8.635 4.369 0.021 0.021 1.956 5196.3 4.4898 13.621422 1.044845 14.055956 13.011111 2.89 2.45 352.422363 357.16629 67046.79844 9.5631 32586.0 34.374 49512.0 35.838 "" "" 0.0027596687577515727 0.0030160877 0.0038602252 0.006876313 115.17014222597 -38.40772393596 354.801239 8.635000000000002 4.369
116.21432410076 -37.57582279156 0.0094 0.0108 19.7077 "" "" 5586866761122636288 430.69696 2.2873 0.0121 14.175 -11.273 0.012 0.014 0.959 5147.8 4.464 13.627407 1.088214 14.095073 13.006859 13.27 1.65 428.393646 432.745789 66678.19232 8.6446 31433.0 16.391 49707.0 20.245 "" "" 0.0027589134347482643 0.0028470322 0.003805164 0.006652196 116.21432410076 -37.57582279156 430.69696 14.175 -11.272999999999998
114.65567017737 -37.96584379819 0.0097 0.0116 64.3366 "" "" 5586808800545987712 381.4888 2.584 0.0124 17.316 9.827 0.012 0.014 1.057 4789.3 4.3289 13.630676 1.168514 14.132605 12.96409 75.5 3.44 379.653046 383.492065 66477.74474 9.0681 30365.0 27.904 51704.0 30.253 "" "" 0.0027592977276366605 0.0029631965 0.003832403 0.0067955996 114.65567017737 -37.96584379819 381.4888 17.316000000000003 9.827
115.96265487866 -40.00458917964 0.0154 0.0177 128.6326 "" "" 5536864515644860416 426.971863 2.3094 0.0175 -5.982 7.706 0.023 0.023 1.42 5166.3 4.4079 13.632676 1.036001 14.063542 13.027541 22.88 2.47 423.646637 430.2052 66355.40552 29.015 32359.0 50.515 48769.0 46.022 "" "" 0.0027959225250909947 0.0032646295 0.0039158002 0.00718043 115.96265487866 -40.00458917964 426.971863 -5.981999999999999 7.7059999999999995
115.41028324687 -37.25802723141 0.0268 0.0331 46.021 "" "" 5586945483585395840 421.963806 2.3392 0.0368 -26.237 6.835 0.035 0.039 2.836 4752.1 4.2632 13.639434 1.19771 14.158691 12.960981 "" "" 416.090485 428.015533 65943.65578 8.8868 29644.0 19.617 51852.0 29.004 "" "" 0.0027592024671951655 0.0028811933 0.0038278666 0.0067090597 115.41028324687 -37.25802723141 421.963806 -26.237 6.835000000000002
117.32525623148 -36.63934601233 0.03 0.032 96.5839 "" "" 5539282891473888896 423.610565 2.3353 0.0374 -8.633 6.209 0.041 0.041 3.878 5209.8 4.4646 13.640369 1.037231 14.044131 13.0069 32.95 4.3 416.91507 429.971069 65886.8894 49.606 32943.0 64.741 49705.0 71.232 "" "" 0.0028740230860578335 0.003512531 0.0040871445 0.0075996756 117.32525623148 -36.63934601233 423.610565 -8.632999999999997 6.2090000000000005
117.08415092415 -36.17749107946 0.0094 0.0116 113.3974 "" "" 5587346908408200320 359.275085 2.7439 0.0121 0.033 -7.652 0.012 0.014 1.011 5069.0 4.5249 13.641742 1.076972 14.09971 13.022738 81.33 2.35 357.632812 360.991821 65803.63283 9.6635 31299.0 20.736 48985.0 30.565 "" "" 0.002759929686475616 0.0028813991 0.0038396202 0.0067210193 117.08415092415 -36.17749107946 359.275085 0.032999999999999696 -7.651999999999999
116.3354454129 -37.89963287422 0.0095 0.0112 15.6649 "" "" 5538815014915144320 359.797089 2.7455 0.0122 -9.817 4.935 0.013 0.014 0.928 5414.0 4.4372 13.651732 1.319307 14.235435 12.916128 95.2 6.38 358.659546 361.478271 65200.94197 75.849 27621.0 99.719 54039.0 192.08 "" "" 0.0030310200721316897 0.0048114243 0.0054015997 0.010213024 116.3354454129 -37.89963287422 359.797089 -9.817 4.934999999999999
115.83433542256 -39.36445941306 0.0092 0.011 90.5751 "" "" 5537086101597124224 419.27594 2.3494 0.0111 -8.076 15.349 0.012 0.015 1.033 5899.2 4.4779 13.658133 1.213905 14.176276 12.962371 34.71 2.26 417.365967 421.39917 64817.70927 10.925 29168.0 20.465 51786.0 36.245 "" "" 0.0027613906923983347 0.0028922926 0.0038550207 0.0067473133 115.83433542256 -39.36445941306 419.27594 -8.076 15.348999999999998
115.35116855898 -37.21176756984 0.0099 0.0116 49.9492 "" "" 5586855701589605504 425.127289 2.3144 0.0132 -6.908 5.231 0.012 0.014 0.937 5104.3 4.3943 13.66063 1.034683 14.092681 13.057998 11.88 4.55 422.669312 427.764709 64668.77443 56.105 31502.0 101.84 47420.0 116.62 "" "" 0.002911884786998602 0.0044838605 0.004627465 0.009111325 115.35116855898 -37.21176756984 425.127289 -6.908 5.231000000000001
113.72013340968 -37.15839388069 0.0094 0.0108 116.776 "" "" 5586342229657452032 418.149567 2.3573 0.0119 -13.852 5.893 0.012 0.014 0.973 5233.0 4.2921 13.661084 1.289879 14.227759 12.937881 18.68 2.29 416.170502 420.518433 64641.7362 11.897 27817.0 32.121 52967.0 27.759 "" "" 0.0027625566494845957 0.0030589018 0.0038219765 0.0068808785 113.72013340968 -37.15839388069 418.149567 -13.852000000000002 5.893
