Clusters/NGC_2451B/NGC_2451B_members.tsv
# %ECSV 1.0
# ---
# datatype:
# - name: RA_ICRS_1
#   unit: deg
#   datatype: float64
#   format: '{:15.11f}'
#   description: Right ascension (ICRS) at Ep=2016.0 (ra)
#   meta: !!omap
#   - {ucd: POS_EQ_RA_MAIN}
#   - {width: 15}
#   - {precision: '11'}
# - name: DE_ICRS_1
#   unit: deg
#   datatype: float64
#   format: '{:15.11f}'
#   description: Declination (ICRS) at Ep=2016.0 (dec)
#   meta: !!omap
#   - {ucd: POS_EQ_DEC_MAIN}
#   - {width: 15}
#   - {precision: '11'}
# - name: e_RA_ICRS
#   unit: mas
#   datatype: float64
#   format: '{:7.4f}'
#   description: Standard error of right ascension (ra_error)
#   meta: !!omap
#   - {ucd: ERROR}
#   - {width: 7}
#   - {precision: '4'}
# - name: e_DE_ICRS
#   unit: mas
#   datatype: float64
#   format: '{:7.4f}'
#   description: Standard error of declination (dec_error)
#   meta: !!omap
#   - {ucd: ERROR}
#   - {width: 7}
#   - {precision: '4'}
# - name: _r_1
#   unit: ''
#   datatype: float64
#   format: '{:8.4f}'
#   description: Distance from center (116.00830648000-37.86100608000)[ICRS], at Epoch=J2016.0
#   meta: !!omap
#   - {ucd: POS_ANG_DIST_GENERAL}
#   - {width: 8}
#   - {precision: '4'}
# - name: HIP
#   datatype: int32
#   description: '? HIP cross-id number, van Leeuwen, Cat. I/311 (hip_original_ext_source_id)'
#   meta: !!omap
#   - {ucd: ID_NUMBER}
#   - {width: 6}
#   - values: {'null': -2147483648}
# - name: TYC2
#   datatype: string
#   description: Tycho-2 cross-id name, Hog et al., Cat. I/259 (tyc2_original_ext_source_id)
#   meta: !!omap
#   - {ucd: ID_CROSSID}
#   - {_votable_string_dtype: char}
# - name: Source
#   datatype: int64
#   description: Source identifier, identical to the Gaia-EDR3 source_id (id)
#   meta: !!omap
#   - {ucd: ID_MAIN}
#   - {width: 19}
# - name: rgeo
#   unit: pc
#   datatype: float64
#   format: '{:15.8f}'
#   description: '? Median of the geometric distance posterior (r_med_geo)'
#   meta: !!omap
#   - {ucd: PHYS_DISTANCE_TRUE}
#   - {width: 15}
#   - {precision: '8'}
#   - values: {'null': .nan}
# - name: Plx
#   unit: mas
#   datatype: float64
#   format: '{:9.4f}'
#   description: '? Parallax (parallax)'
#   meta: !!omap
#   - {ucd: POS_PARLX_TRIG}
#   - {width: 9}
#   - {precision: '4'}
#   - values: {'null': .nan}
# - name: e_Plx
#   unit: mas
#   datatype: float32
#   format: '{:7.4f}'
#   description: '? Standard error of parallax (parallax_error)'
#   meta: !!omap
#   - {ucd: ERROR}
#   - {width: 7}
#   - {precision: '4'}
#   - values: {'null': .nan}
# - name: pmRA
#   unit: mas / yr
#   datatype: float64
#   format: '{:9.3f}'
#   description: '? Proper motion in right ascension direction, pmRA*cosDE (pmra)'
#   meta: !!omap
#   - {ucd: POS_EQ_PMRA}
#   - {width: 9}
#   - {precision: '3'}
#   - values: {'null': .nan}
# - name: pmDE
#   unit: mas / yr
#   datatype: float64
#   format: '{:9.3f}'
#   description: '? Proper motion in declination direction (pmdec)'
#   meta: !!omap
#   - {ucd: POS_EQ_PMDEC}
#   - {width: 9}
#   - {precision: '3'}
#   - values: {'null': .nan}
# - name: e_pmRA
#   unit: mas / yr
#   datatype: float32
#   format: '{:6.3f}'
#   description: '? Standard error of proper motion in right ascension direction (pmra_error)'
#   meta: !!omap
#   - {ucd: ERROR}
#   - {width: 6}
#   - {precision: '3'}
#   - values: {'null': .nan}
# - name: e_pmDE
[...]
#       distance: !astropy.table.SerializedColumn
#         __class__: astropy.coordinates.distances.Distance
#         unit: !astropy.units.Unit {unit: pc}
#         value: !astropy.table.SerializedColumn {name: SkyCoord.distance}
#       frame: icrs
#       obstime: !astropy.time.Time {format: jyear_str, in_subfmt: '*', jd1: 367701545.0, jd2: 0.0, out_subfmt: '*', precision: 3, scale: tt}
#       pm_dec: !astropy.table.SerializedColumn
#         __class__: astropy.units.quantity.Quantity
#         unit: !astropy.units.Unit {unit: mas / yr}
#         value: !astropy.table.SerializedColumn {name: SkyCoord.pm_dec}
#       pm_ra_cosdec: !astropy.table.SerializedColumn
#         __class__: astropy.units.quantity.Quantity
#         unit: !astropy.units.Unit {unit: mas / yr}
#         value: !astropy.table.SerializedColumn {name: SkyCoord.pm_ra_cosdec}
#       ra: !astropy.table.SerializedColumn
#         __class__: astropy.coordinates.angles.Longitude
#         unit: *id001
#         value: !astropy.table.SerializedColumn {name: SkyCoord.ra}
#         wrap_angle: !astropy.coordinates.Angle
#           unit: *id001
#           value: 360.0
#       representation_type: spherical
# schema: astropy-2.0
RA_ICRS_1 DE_ICRS_1 e_RA_ICRS e_DE_ICRS _r_1 HIP TYC2 Source rgeo Plx e_Plx pmRA pmDE e_pmRA e_pmDE RUWE Teff logg Gmag BP-RP BPmag RPmag RV e_RV b_rgeo B_rgeo FG e_FG FBP e_FBP FRP e_FRP RAVE5 RAVE6 e_Gmag e_BPmag e_RPmag e_BP-RP SkyCoord.ra SkyCoord.dec SkyCoord.distance SkyCoord.pm_ra_cosdec SkyCoord.pm_dec rmRA rmDE e_rmRA e_rmDE rRV e_rRV v_pec v_pec3d e_vpec e_vpec3d Pmemb
[from data line 29]
115.66530821009 -36.09591532822 0.0138 0.0151 107.1737 "" "" 5587207785827316992 377.977661 2.6144 0.017 -9.061 4.78 0.018 0.019 1.173 6753.3 4.2015 11.215034 0.56848 11.427042 10.858562 19.11 1.74 375.606171 380.035828 615081.80371 219.88 366940.0 168.07 359530.0 94.004 "" "" 0.0027825230040849636 0.0028341413 0.0037900284 0.0066241696 115.66530821009 -36.09591532822 377.977661 -9.061 4.78 0.6404846801757813 -0.02435323715209936 0.58420104 0.585201 5.892073170731708 4.3285074 1.1483305978837424 6.0029317346853475 0.670857586325294 4.2505088706324665 1.0
116.09671909414 -37.92452544647 0.0116 0.0128 5.6613 "" "" 5538817488806075648 356.78241 2.7744 0.0148 -9.377 5.055 0.015 0.016 0.921 6768.1 4.2402 11.279166 0.61876 11.513494 10.894733 14.59 1.52 355.013123 358.844482 579802.48105 185.96 338860.0 181.77 347750.0 110.76 "" "" 0.0027772382322411877 0.0028503062 0.0037951698 0.006645476 116.09671909414 -37.92452544647 356.78241 -9.377 5.055000000000002 0.3244846801757806 0.2506467628479001 0.581201 0.582201 1.3720731707317082 4.108507 0.6934000297415033 1.537331580072198 0.403264060358958 3.671363677581295 1.0
116.28993912723 -38.00117222347 0.0396 0.0427 15.7598 "" "" 5538814052842492544 341.162689 2.9019 0.0489 -9.496 5.133 0.05 0.053 2.902 6030.6 4.0174 11.279695 0.796781 11.594864 10.798083 15.29 3.92 335.646362 346.68689 579520.56257 368.86 314390.0 401.75 380120.0 447.54 "" "" 0.0028406611985562287 0.0031160894 0.0039897114 0.007105801 116.28993912723 -38.00117222347 341.162689 -9.496000000000002 5.1329999999999965 0.2054846801757808 0.3286467628479004 0.61620104 0.619201 2.0720731707317075 6.5085077 0.6267899615152237 2.1647985774021583 0.3875814109280751 6.230737695431913 1.0
116.55794781992 -38.27825757382 0.0097 0.0109 36.0667 "" 7645-1174-1 5538748082136239744 357.355194 2.7689 0.0118 -9.388 4.756 0.013 0.014 0.853 "" "" 11.367577 0.699506 11.635619 10.936113 13.09 5.83 356.162903 358.627258 534461.06251 127.1 302810.0 121.13 334740.0 140.1 "" "" 0.002767391532603743 0.0028237703 0.0038066024 0.0066303727 116.55794781992 -38.27825757382 357.355194 -9.388000000000002 4.756 0.31348468017578135 -0.04835323715209938 0.57920104 0.580201 -0.1279268292682918 8.418508 0.537279763282924 0.5522995724061296 0.3112054950007713 1.9733050105029328 1.0
115.96225469582 -36.05399202307 0.014 0.018 108.4433 "" 7118-48-1 5587580417189508736 367.383301 2.6953 0.0186 -9.83 4.52 0.017 0.022 1.241 6404.0 4.23 11.440019 0.612515 11.672815 11.0603 17.96 1.5 364.313568 370.008698 499964.62853 186.5 292610.0 150.88 298560.0 118.99 "" "" 0.0027849274811238456 0.0028457816 0.0038040727 0.0066498546 115.96225469582 -36.05399202307 367.383301 -9.83 4.52 -0.12851531982421882 -0.28435323715210004 0.58320105 0.58820105 4.742073170731709 4.0885077 0.5433966034788642 4.773105679245521 0.3191672310916051 4.062088597631917 1.0
116.25247004868 -38.00040756972 0.0506 0.059 14.2646 "" "" 5538812609733459840 374.966675 2.6319 0.0642 -10.065 5.301 0.066 0.074 3.966 6554.9 4.1838 11.52383 0.699122 11.791999 11.092876 11.2 6.64 367.44754 382.098053 462822.62766 153.15 262190.0 196.44 289740.0 140.98 "" "" 0.002778644949522145 0.002906333 0.0038161261 0.006722459 116.25247004868 -38.00040756972 374.966675 -10.065 5.301 -0.36351531982421825 0.49664676284790055 0.632201 0.64020103 -2.0179268292682924 9.228507 1.0938979239625 2.2953521203358433 0.6972742321509461 8.119915767434524 0.8
116.22731618073 -38.31834408602 0.0095 0.0124 29.3246 "" "" 5538700833199240960 360.824646 2.7394 0.0124 -9.345 4.81 0.013 0.015 1.071 6477.2 4.2654 11.684583 0.701411 11.953473 11.252062 15.11 0.5 358.81662 362.382843 399129.30672 52.726 225960.0 91.907 250230.0 79.743 "" "" 0.002759050768688636 0.0028249016 0.003795187 0.0066200886 116.22731618073 -38.31834408602 360.824646 -9.345 4.809999999999999 0.3564846801757806 0.0056467628479 0.57920104 0.581201 1.8920731707317078 3.0885074 0.6097753782957216 1.9879051525106595 0.35318284133685895 2.9416137509889757 1.0
116.47454415356 -38.21127458675 0.0129 0.0136 30.4488 "" "" 5538749417871537024 357.01947 2.7753 0.0155 -11.128 4.066 0.017 0.017 1.338 5418.5 4.1234 11.738553 0.937699 12.12119 11.183491 13.15 2.23 355.250885 358.901276 379774.13914 129.45 193620.0 193.88 266540.0 233.57 "" "" 0.002780063303682914 0.0029945015 0.003897301 0.0068918024 116.47454415356 -38.21127458675 357.01947 -11.128000000000004 4.066000000000003 -1.4265153198242189 -0.7383532371520998 0.58320105 0.58320105 -0.0679268292682913 4.818507 2.7182504996421986 2.7190990847961953 1.5852865476157723 1.5893566971876283 0.9
116.10805153834 -37.36121460771 0.0082 0.01 30.3599 "" 7118-631-1 5586885182238150400 365.256805 2.7055 0.011 -9.71 4.993 0.011 0.013 0.852 6217.0 4.2119 11.770538 0.72644 12.049224 11.322784 13.69 2.28 363.853577 366.628662 368749.50542 84.174 206880.0 146.2 234450.0 137.05 "" "" 0.00276644427296419 0.002893746 0.0038323025 0.0067260484 116.10805153834 -37.36121460771 365.256805 -9.71 4.9929999999999986 -0.008515319824219603 0.18864676284790072 0.577201 0.57920104 0.47207317073170785 4.8685074 0.3269399620057788 0.5742323721987713 0.18936263955842755 4.003824115686437 1.0
116.83839456213 -38.0214760531 0.0074 0.0088 40.4412 "" "" 5538778043835687808 357.551331 2.7698 0.0095 -9.58 4.702 0.009 0.011 0.775 6717.4 4.1649 11.823434 0.951181 12.209898 11.258717 18.8 4.11 356.216705 359.021362 351215.01256 48.381 178430.0 87.692 248700.0 72.146 "" "" 0.002759376504443812 0.0028407355 0.0037924834 0.006633219 116.83839456213 -38.0214760531 357.551331 -9.580000000000002 4.702000000000001 0.12148468017578118 -0.10235323715209965 0.57520103 0.577201 5.582073170731709 6.6985073 0.2692253329996025 5.588561815291256 0.15508245181335037 6.690734124401549 1.0
115.54239483256 -38.4467204039 0.0076 0.0089 41.4515 "" "" 5538686264671025152 357.956207 2.7596 0.0097 -9.791 5.121 0.01 0.01 0.807 6101.4 4.2868 11.830873 0.724012 12.111362 11.38735 15.72 3.57 356.631714 359.253632 348816.85574 101.89 195380.0 227.19 220910.0 144.72 "" "" 0.002773512321943539 0.0030625104 0.0038457299 0.0069082403 115.54239483256 -38.4467204039 357.956207 -9.791 5.121 -0.08951531982421912 0.31664676284790083 0.576201 0.576201 2.502073170731709 6.1585073 0.558314211407969 2.563607791834689 0.3217012190268752 6.01109218151483 1.0
116.25912378145 -38.4302965502 0.0078 0.0094 36.1497 "" "" 5538651114658673792 345.692719 2.8656 0.0105 -10.188 4.909 0.01 0.012 0.903 5934.9 4.3055 11.988761 0.790882 12.299918 11.509036 16.86 4.2 344.21814 346.959381 301607.5845 149.87 164230.0 280.16 197490.0 230.58 "" "" 0.0028076425568689884 0.0033489603 0.003986311 0.0073352717 116.25912378145 -38.4302965502 345.692719 -10.188000000000002 4.909000000000003 -0.48651531982421936 0.1046467628479002 0.576201 0.57820106 3.6420731707317078 6.7885075 0.81542885522434 3.73224077450748 0.46992317648239457 6.625298752007592 1.0
116.89352737054 -38.48305440098 0.0075 0.0088 56.0041 "" "" 5538732650323271424 356.246704 2.784 0.0097 -9.526 4.886 0.009 0.011 0.847 5973.2 4.3055 12.119274 0.839162 12.446761 11.607599 16.34 1.19 355.161407 357.427979 267446.60625 88.545 143450.0 178.63 180350.0 339.69 "" "" 0.002778668978861016 0.003100478 0.004297174 0.007397652 116.89352737054 -38.48305440098 356.246704 -9.525999999999998 4.885999999999996 0.17548468017578145 0.08164676284790051 0.57520103 0.577201 3.122073170731708 3.7785075 0.3268280083307444 3.1391332291625 0.18810829117840022 3.758023676619823 1.0
115.37009792301 -38.77062478257 0.0081 0.0097 62.2999 "" 7645-1873-1 5537174298743017728 381.36441 2.5996 0.01 -8.73 4.53 0.011 0.012 0.894 5972.6 4.2254 12.127668 0.770783 12.430166 11.659384 16.12 2.38 380.0224 382.891479 265386.77806 74.03 145660.0 112.49 171950.0 108.33 "" "" 0.002771915972856378 0.0029134369 0.0038407831 0.00675422 115.37009792301 -38.77062478257 381.36441 -8.730000000000002 4.530000000000003 0.9714846801757808 -0.27435323715209936 0.577201 0.57820106 2.9020731707317093 4.968508 1.824806059610647 3.4281111188922293 1.0534147975538972 4.243311635678687 1.0
115.75237361454 -37.95833250643 0.0072 0.0085 13.4494 "" "" 5586764128581639552 357.65332 2.7741 0.0095 -9.523 4.803 0.01 0.011 0.847 5973.0 4.3079 12.162946 0.830392 12.491667 11.661275 13.8 2.01 356.765137 358.596405 256902.51177 150.94 137640.0 262.62 171650.0 295.38 "" "" 0.0028282008795061323 0.003475141 0.004215983 0.0076911245 115.75237361454 -37.95833250643 357.65332 -9.523 4.802999999999998 0.17848468017578156 -0.0013532371520996733 0.576201 0.577201 0.582073170731709 4.5985074 0.30258962281223833 0.6560256518759903 0.17435246721943135 4.080919170210282 1.0
116.26106122744 -38.03116065505 0.0074 0.0086 15.7242 "" "" 5538812502351174912 357.460693 2.7788 0.0096 -9.575 4.999 0.01 0.011 0.849 5893.6 4.282 12.209058 0.888885 12.566623 11.677737 16.67 3.48 356.322754 358.452271 246220.21378 196.78 128460.0 383.21 169070.0 376.16 "" "" 0.0028887253411284974 0.0042749634 0.00448542 0.008760383 116.26106122744 -38.03116065505 357.460693 -9.574999999999996 4.999000000000002 0.12648468017578196 0.19464676284790006 0.576201 0.577201 3.45207317073171 6.068507 0.3933177504935111 3.474407579565034 0.2269067011795365 6.0295519438594045 1.0
115.31778986536 -37.00710165521 0.0065 0.0079 60.8868 "" "" 5587139646163363200 356.601318 2.7793 0.0089 -9.523 4.942 0.009 0.01 0.818 5843.8 4.3507 12.228768 0.790024 12.542091 11.752068 15.9 2.06 355.5737 357.634979 241790.56196 246.0 131400.0 475.47 157880.0 494.28 "" "" 0.0029685038306231934 0.0048187096 0.005083103 0.009901812 115.31778986536 -37.00710165521 356.601318 -9.523 4.942 0.17848468017578156 0.13764676284790056 0.57520103 0.576201 2.6820731707317087 4.648507 0.3809848689275652 2.7089972247144507 0.21928505086661876 4.602410079821163 1.0
116.26019316756 -38.24802090939 0.0072 0.009 26.0927 "" "" 5538701696498168448 357.127502 2.7825 0.0092 -9.139 5.647 0.01 0.012 0.876 5618.9 4.2604 12.233376 0.889982 12.588604 11.698622 9.69 5.4 356.085449 358.338867 240766.66137 206.75 125890.0 375.13 165850.0 377.96 "" "" 0.0029087873583923153 0.004272263 0.004517295 0.008789558 116.26019316756 -38.24802090939 357.127502 -9.139000000000003 5.647 0.5624846801757819 0.8426467628479006 0.576201 0.57820106 -3.527926829268292 7.9885073 1.7150191272759443 3.922697836896613 0.9905698485644691 7.197603940438413 1.0
116.19578956372 -36.77725822247 0.0117 0.0135 65.6373 "" "" 5586977021523014144 362.158447 2.7459 0.0147 -9.519 4.658 0.016 0.017 1.519 5340.8 4.2012 12.303491 1.055312 12.744838 11.689526 -10.0 34.48 360.130798 363.703339 225709.81541 223.87 109010.0 371.73 167240.0 429.39 "" "" 0.0029582888577597316 0.0046360497 0.004696237 0.009332286 116.19578956372 -36.77725822247 362.158447 -9.519 4.658 0.18248468017578112 -0.14635323715209925 0.582201 0.58320105 -23.217926829268293 37.06851 0.4015593305594541 23.221399099649787 0.2339455190690594 37.06296555554881 1.0
115.78260043389 -37.92504884892 0.0072 0.0087 11.3569 "" "" 5586764575258234240 357.250366 2.7774 0.0095 -9.459 5.124 0.01 0.011 0.904 5788.9 4.3328 12.382308 0.870197 12.731135 11.860938 16.69 3.41 355.89151 358.541138 209905.29144 51.88 110400.0 113.3 142820.0 74.96 "" "" 0.002768357073795194 0.0030044327 0.0038221017 0.0068265344 115.78260043389 -37.92504884892 357.250366 -9.459 5.1240000000000006 0.24248468017578162 0.31964676284790006 0.576201 0.577201 3.4720731707317096 5.9985075 0.679402861784215 3.5379203427318044 0.3919039903538765 5.88734534341328 1.0
116.47208379382 -38.57518603069 0.0072 0.0079 48.1054 "" "" 5538635171742731392 356.171387 2.7897 0.009 -9.706 4.974 0.009 0.01 0.855 5868.2 4.2958 12.419421 0.870434 12.770785 11.900352 14.49 3.6 355.069031 357.2211 202851.48439 304.35 106440.0 525.19 137730.0 522.5 "" "" 0.003200845249824291 0.00604023 0.0055900915 0.011630321 116.47208379382 -38.57518603069 356.171387 -9.706 4.974 -0.004515319824218267 0.1696467628479006 0.57520103 0.576201 1.2720731707317086 6.188507 0.2865079791354585 1.3039390222720182 0.16508598765131544 6.037380413102003 1.0
117.47856731581 -37.80141631627 0.0195 0.0217 69.7655 "" "" 5539147067425616640 359.499542 2.7646 0.0243 -9.47 4.878 0.026 0.026 2.181 5957.9 4.2759 12.468409 0.939295 12.848525 11.90923 14.86 2.78 356.535675 362.581604 193902.51674 133.43 99085.0 213.82 136600.0 244.02 "" "" 0.0028548183576397037 0.0036434196 0.0042480053 0.007891425 117.47856731581 -37.80141631627 359.499542 -9.469999999999999 4.8779999999999974 0.2314846801757806 0.0736467628479005 0.59220105 0.59220105 1.6420731707317078 5.3685074 0.41393849944325456 1.693443054654693 0.24513481570130372 5.206000810510924 1.0
116.68967275069 -37.8260498173 0.008 0.0089 32.352 "" "" 5538830717316916992 369.709686 2.6868 0.0099 -11.265 4.591 0.011 0.012 0.959 5924.9 4.3081 12.517013 0.844334 12.853039 12.008705 14.35 1.21 368.580322 371.018341 185413.59774 33.612 98674.0 38.504 124650.0 37.678 "" "" 0.0027623412018261567 0.0028221523 0.0037936042 0.0066157565 116.68967275069 -37.8260498173 369.709686 -11.265000000000004 4.591000000000004 -1.5635153198242193 -0.21335323715209942 0.577201 0.57820106 1.132073170731708 3.7985075 2.7653336830842643 2.988086351277507 1.596203987833913 2.062327769026673 1.0
116.12188843434 -37.77894695119 0.0088 0.0103 7.2954 "" "" 5586858484726550016 355.447052 2.7966 0.0111 -9.821 4.977 0.012 0.013 1.084 5823.4 4.3344 12.576274 0.908334 12.934851 12.026517 12.68 2.85 354.05896 356.907562 175564.69107 152.6 91512.0 290.96 122620.0 262.06 "" "" 0.0029124544315060007 0.0044386745 0.0044348626 0.008873537 116.12188843434 -37.77894695119 355.447052 -9.821 4.977 -0.11951531982421848 0.1726467628479007 0.57820106 0.57920104 -0.5379268292682919 5.438507 0.3537751538493336 0.6438339328800229 0.20479239536014845 4.545296077524616 1.0
115.94144937991 -38.26336069894 0.0077 0.0093 24.347 "" "" 5538710252072908288 347.152771 2.8641 0.0101 -9.979 4.902 0.01 0.012 0.957 5865.0 4.3179 12.579798 0.946207 12.966328 12.020121 16.38 3.02 345.709137 348.177399 174995.82108 135.42 88897.0 233.36 123340.0 227.21 "" "" 0.0028805754538853263 0.0039885147 0.004275986 0.008264501 115.94144937991 -38.26336069894 347.152771 -9.979 4.902000000000002 -0.27751531982421795 0.09764676284790053 0.576201 0.57820106 3.1620731707317074 5.608507 0.48409613843535454 3.1989147860343663 0.27904351858934184 5.544075304682625 1.0
116.26555631799 -38.10297415137 0.0075 0.0088 18.9416 "" "" 5538799896630320128 360.405945 2.7578 0.0097 -9.759 4.642 0.01 0.011 0.899 5879.6 4.3026 12.611212 0.939597 12.993857 12.05426 16.93 5.32 359.094147 361.738922 170005.14625 137.84 86671.0 263.33 119520.0 250.87 "" "" 0.002892532056693699 0.004320517 0.0044133076 0.008733825 116.26555631799 -38.10297415137 360.405945 -9.758999999999999 4.6419999999999995 -0.05751531982421909 -0.16235323715209926 0.576201 0.577201 3.712073170731708 7.9085073 0.29424159809022915 3.7237166034639166 0.16980376312654893 7.883790198562068 1.0
