Clusters/NGC_2451B/NGC_2451B_members.tsv
# %ECSV 1.0
# ---
# datatype:
# - name: RA_ICRS_1
#   unit: deg
#   datatype: float64
#   format: '{:15.11f}'
#   description: Right ascension (ICRS) at Ep=2016.0 (ra)
#   meta: !!omap
#   - {ucd: POS_EQ_RA_MAIN}
#   - {width: 15}
#   - {precision: '11'}
# - name: DE_ICRS_1
#   unit: deg
#   datatype: float64
#   format: '{:15.11f}'
#   description: Declination (ICRS) at Ep=2016.0 (dec)
#   meta: !!omap
#   - {ucd: POS_EQ_DEC_MAIN}
#   - {width: 15}
#   - {precision: '11'}
# - name: e_RA_ICRS
#   unit: mas
#   datatype: float64
#   format: '{:7.4f}'
#   description: Standard error of right ascension (ra_error)
#   meta: !!omap
#   - {ucd: ERROR}
#   - {width: 7}
#   - {precision: '4'}
# - name: e_DE_ICRS
#   unit: mas
#   datatype: float64
#   format: '{:7.4f}'
#   description: Standard error of declination (dec_error)
#   meta: !!omap
#   - {ucd: ERROR}
#   - {width: 7}
#   - {precision: '4'}
# - name: _r_1
#   unit: ''
#   datatype: float64
#   format: '{:8.4f}'
#   description: Distance from center (116.00830648000-37.86100608000)[ICRS], at Epoch=J2016.0
#   meta: !!omap
#   - {ucd: POS_ANG_DIST_GENERAL}
#   - {width: 8}
#   - {precision: '4'}
# - name: HIP
#   datatype: int32
#   description: '? HIP cross-id number, van Leeuwen, Cat. I/311 (hip_original_ext_source_id)'
#   meta: !!omap
#   - {ucd: ID_NUMBER}
#   - {width: 6}
#   - values: {'null': -2147483648}
# - name: TYC2
#   datatype: string
#   description: Tycho-2 cross-id name, Hog et al., Cat. I/259 (tyc2_original_ext_source_id)
#   meta: !!omap
#   - {ucd: ID_CROSSID}
#   - {_votable_string_dtype: char}
# - name: Source
#   datatype: int64
#   description: Source identifier, identical to the Gaia-EDR3 source_id (id)
#   meta: !!omap
#   - {ucd: ID_MAIN}
#   - {width: 19}
# - name: rgeo
#   unit: pc
#   datatype: float64
#   format: '{:15.8f}'
#   description: '? Median of the geometric distance posterior (r_med_geo)'
#   meta: !!omap
#   - {ucd: PHYS_DISTANCE_TRUE}
#   - {width: 15}
#   - {precision: '8'}
#   - values: {'null': .nan}
# - name: Plx
#   unit: mas
#   datatype: float64
#   format: '{:9.4f}'
#   description: '? Parallax (parallax)'
#   meta: !!omap
#   - {ucd: POS_PARLX_TRIG}
#   - {width: 9}
#   - {precision: '4'}
#   - values: {'null': .nan}
# - name: e_Plx
#   unit: mas
#   datatype: float32
#   format: '{:7.4f}'
#   description: '? Standard error of parallax (parallax_error)'
#   meta: !!omap
#   - {ucd: ERROR}
#   - {width: 7}
#   - {precision: '4'}
#   - values: {'null': .nan}
# - name: pmRA
#   unit: mas / yr
#   datatype: float64
#   format: '{:9.3f}'
#   description: '? Proper motion in right ascension direction, pmRA*cosDE (pmra)'
#   meta: !!omap
#   - {ucd: POS_EQ_PMRA}
#   - {width: 9}
#   - {precision: '3'}
#   - values: {'null': .nan}
# - name: pmDE
#   unit: mas / yr
#   datatype: float64
#   format: '{:9.3f}'
#   description: '? Proper motion in declination direction (pmdec)'
#   meta: !!omap
#   - {ucd: POS_EQ_PMDEC}
#   - {width: 9}
#   - {precision: '3'}
#   - values: {'null': .nan}
# - name: e_pmRA
#   unit: mas / yr
#   datatype: float32
#   format: '{:6.3f}'
#   description: '? Standard error of proper motion in right ascension direction (pmra_error)'
#   meta: !!omap
#   - {ucd: ERROR}
#   - {width: 6}
#   - {precision: '3'}
#   - values: {'null': .nan}
# - name: e_pmDE
[...]
#         unit: &id001 !astropy.units.Unit {unit: deg}
#         value: !astropy.table.SerializedColumn {name: SkyCoord.dec}
#       distance: !astropy.table.SerializedColumn
#         __class__: astropy.coordinates.distances.Distance
#         unit: !astropy.units.Unit {unit: pc}
#         value: !astropy.table.SerializedColumn {name: SkyCoord.distance}
#       frame: icrs
#       obstime: !astropy.time.Time {format: jyear_str, in_subfmt: '*', jd1: 367701545.0, jd2: 0.0, out_subfmt: '*', precision: 3, scale: tt}
#       pm_dec: !astropy.table.SerializedColumn
#         __class__: astropy.units.quantity.Quantity
#         unit: !astropy.units.Unit {unit: mas / yr}
#         value: !astropy.table.SerializedColumn {name: SkyCoord.pm_dec}
#       pm_ra_cosdec: !astropy.table.SerializedColumn
#         __class__: astropy.units.quantity.Quantity
#         unit: !astropy.units.Unit {unit: mas / yr}
#         value: !astropy.table.SerializedColumn {name: SkyCoord.pm_ra_cosdec}
#       ra: !astropy.table.SerializedColumn
#         __class__: astropy.coordinates.angles.Longitude
#         unit: *id001
#         value: !astropy.table.SerializedColumn {name: SkyCoord.ra}
#         wrap_angle: !astropy.coordinates.Angle
#           unit: *id001
#           value: 360.0
#       representation_type: spherical
# schema: astropy-2.0
RA_ICRS_1 DE_ICRS_1 e_RA_ICRS e_DE_ICRS _r_1 HIP TYC2 Source rgeo Plx e_Plx pmRA pmDE e_pmRA e_pmDE RUWE Teff logg Gmag BP-RP BPmag RPmag RV e_RV b_rgeo B_rgeo FG e_FG FBP e_FBP FRP e_FRP RAVE5 RAVE6 e_Gmag e_BPmag e_RPmag e_BP-RP SkyCoord.ra SkyCoord.dec SkyCoord.distance SkyCoord.pm_ra_cosdec SkyCoord.pm_dec Pmemb
[from data line 79]
116.49581627738 -37.97836556119 0.0095 0.0099 24.1255 "" "" 5538804638274280704 362.411591 2.7292 0.0118 -9.509 4.827 0.013 0.013 0.951 5030.8 4.3781 13.377299 1.153486 13.871154 12.717668 17.89 7.85 360.978455 363.922546 83951.25802 70.728 38633.0 161.91 64877.0 143.75 "" "" 0.002903188455649381 0.005337624 0.00448008 0.009817705 116.49581627738 -37.97836556119 362.411591 -9.509000000000002 4.827000000000001 1.0
115.65084994603 -38.35955053028 0.0089 0.0104 34.3444 "" "" 5538688399278593664 358.840729 2.7534 0.0113 -9.537 5.014 0.012 0.013 0.933 5494.5 4.4559 13.430776 1.136631 13.917907 12.781276 13.63 3.71 357.479584 360.34436 79916.51293 82.702 37004.0 127.62 61185.0 153.09 "" "" 0.0029756041956092703 0.004669728 0.0046544233 0.009324152 115.65084994603 -38.35955053028 358.840729 -9.537 5.014 1.0
116.21402892069 -38.13370424379 0.0098 0.0111 19.0349 "" "" 5538799999709522688 360.216522 2.742 0.0122 -9.555 4.77 0.012 0.014 0.903 5212.7 4.4026 13.466487 1.192774 13.979301 12.786527 19.75 3.98 358.572937 361.623383 77330.68783 103.04 34970.0 174.93 60890.0 221.08 "" "" 0.003112029608291994 0.0061059473 0.005461125 0.011567073 116.21402892069 -38.13370424379 360.216522 -9.555 4.77 1.0
116.17780681543 -38.18398751529 0.0398 0.0443 20.9697 "" "" 5538705785306982016 357.306671 2.7772 0.0494 -9.241 5.019 0.054 0.059 4.177 5265.6 4.4736 13.469735 1.182946 13.979715 12.796769 16.11 7.27 351.416046 362.11673 77099.72427 84.073 34957.0 137.45 60318.0 177.73 "" "" 0.0029989152329927635 0.0051000137 0.004951611 0.010051625 116.17780681543 -38.18398751529 357.306671 -9.241 5.018999999999999 1.0
116.3354454129 -37.89963287422 0.0095 0.0112 15.6649 "" "" 5538815014915144320 359.797089 2.7455 0.0122 -9.817 4.935 0.013 0.014 0.928 5414.0 4.4372 13.651732 1.319307 14.235435 12.916128 95.2 6.38 358.659546 361.478271 65200.94197 75.849 27621.0 99.719 54039.0 192.08 "" "" 0.0030310200721316897 0.0048114243 0.0054015997 0.010213024 116.3354454129 -37.89963287422 359.797089 -9.817 4.934999999999999 1.0
115.7966840465 -38.09560532772 0.0099 0.0128 17.2715 "" "" 5586753687525163648 359.55661 2.7452 0.0129 -9.546 4.836 0.013 0.017 0.96 4881.4 4.3838 13.666734 1.273368 14.226136 12.952768 6.39 4.22 358.21106 361.226624 64306.23249 92.1 27859.0 130.08 52246.0 189.2 "" "" 0.0031638299003558705 0.0057866545 0.0054537 0.011240355 115.7966840465 -38.09560532772 359.55661 -9.546000000000001 4.836 1.0
116.21955725367 -37.02820716326 0.0098 0.0119 50.9712 "" "" 5586917274239713152 384.507263 2.5667 0.0124 -9.184 4.583 0.013 0.015 1.024 5348.0 4.4762 13.709941 1.181358 14.220847 13.039489 11.24 4.03 382.912323 385.927155 61797.44179 66.383 27995.0 96.944 48235.0 129.74 "" "" 0.0029919972720147815 0.0046820026 0.0047762133 0.009458216 116.21955725367 -37.02820716326 384.507263 -9.184 4.583 1.0
115.56030324961 -37.43386382619 0.0097 0.0116 33.3136 "" "" 5586837078611776640 360.970642 2.7362 0.013 -9.361 4.974 0.012 0.014 0.988 4868.9 4.4317 13.810657 1.249833 14.360108 13.110275 13.12 3.87 359.399078 362.615814 56322.7723 54.336 24625.0 81.118 45191.0 118.75 "" "" 0.0029476963382295634 0.0045361677 0.004735345 0.009271513 115.56030324961 -37.43386382619 360.970642 -9.361 4.974 1.0
115.826511977 -37.37430692286 0.0096 0.0115 30.4533 "" "" 5586882399104596480 348.374939 2.8371 0.0122 -9.681 4.956 0.012 0.015 1.075 4889.7 4.3762 13.841012 1.282751 14.406774 13.124023 15.68 6.03 346.858307 349.861267 54769.87611 62.538 23589.0 81.571 44622.0 135.09 "" "" 0.0030213764487160262 0.004677736 0.0050087958 0.0096865315 115.826511977 -37.37430692286 348.374939 -9.680999999999997 4.956000000000001 1.0
115.65256350013 -36.70508607719 0.0102 0.012 71.404 "" "" 5587174010204817280 381.95459 2.5822 0.0135 -9.074 4.634 0.014 0.014 0.963 5082.4 4.4699 13.852654 1.194962 14.367662 13.1727 13.97 4.44 380.536377 383.949402 54185.80062 89.519 24454.0 136.21 42666.0 170.72 "" "" 0.0032877365549090253 0.006660223 0.005758235 0.012418458 115.65256350013 -36.70508607719 381.95459 -9.074 4.634 1.0
115.28905023496 -37.36357866162 0.01 0.0117 45.3808 "" "" 5586852368695038976 381.670807 2.5872 0.0129 -9.01 4.842 0.014 0.014 1.0 4987.3 4.4344 13.905015 1.234357 14.441672 13.207315 18.96 2.97 379.758026 383.337372 51634.60025 62.782 22843.0 90.116 41327.0 145.57 "" "" 0.003055249274504739 0.005111873 0.005376774 0.010488647 115.28905023496 -37.36357866162 381.670807 -9.01 4.842 0.9
117.20638826506 -38.11223544636 0.0109 0.0125 58.6269 "" "" 5538761997838179200 363.169098 2.7177 0.014 -9.971 4.726 0.014 0.016 0.998 5352.5 4.5755 14.008909 1.320357 14.596732 13.276375 14.46 2.66 361.248871 364.701263 46922.71992 24.941 19803.0 39.171 38780.0 61.538 "" "" 0.0028151092016755015 0.0035209844 0.004153566 0.0076745506 117.20638826506 -38.11223544636 363.169098 -9.971000000000002 4.726000000000001 1.0
115.72773725415 -37.95026928202 0.0116 0.0132 14.3217 "" "" 5586764098525775744 359.183105 2.7496 0.0147 -9.749 4.713 0.015 0.018 0.964 4726.7 4.4656 14.223827 1.428098 14.876237 13.448139 12.02 2.49 357.772736 361.337616 38496.02007 32.802 15308.0 44.331 33106.0 67.302 "" "" 0.002906489044917394 0.004203711 0.004376705 0.008580416 115.72773725415 -37.95026928202 359.183105 -9.749 4.713 1.0
116.37997060564 -36.43677509434 0.0116 0.0128 87.2826 "" "" 5587363224981472768 368.387787 2.6769 0.0149 -9.525 4.566 0.015 0.017 1.006 4580.9 4.4201 14.270697 1.362077 14.881391 13.519314 9.4 7.99 366.371582 369.983582 36869.57581 51.057 15236.0 78.728 31005.0 102.75 "" "" 0.0031388509047579637 0.00626578 0.005218249 0.011484029 116.37997060564 -36.43677509434 368.387787 -9.524999999999999 4.566000000000001 1.0
115.69046490669 -37.31869564659 0.0225 0.025 35.8763 "" "" 5586933182799420160 370.488068 2.6702 0.0287 -9.557 4.852 0.031 0.033 1.832 4740.7 4.4187 14.422229 1.471669 15.09076 13.619091 -17.44 13.55 366.098633 374.335022 32066.7639 55.503 12564.0 81.46 28283.0 144.64 "" "" 0.0033351742181431648 0.0075722765 0.0067166802 0.014288956 115.69046490669 -37.31869564659 370.488068 -9.557000000000002 4.852 1.0
116.46774826968 -38.52589294497 0.0125 0.013 45.3964 "" "" 5538647133232222336 356.494202 2.771 0.0147 -9.841 4.635 0.017 0.016 0.982 4576.0 4.4491 14.42432 1.483157 15.101541 13.618384 35.69 11.91 354.694763 358.83728 32005.05945 38.323 12439.0 60.061 28301.0 127.36 "" "" 0.003046630820530437 0.005938684 0.0061771316 0.012115816 116.46774826968 -38.52589294497 356.494202 -9.841 4.635000000000002 1.0
116.72722749891 -37.59194329916 0.0134 0.0143 37.744 "" "" 5538837864142195072 343.413635 2.879 0.0165 -10.417 4.796 0.017 0.019 1.03 4444.7 4.5268 14.490581 1.534234 15.206178 13.671944 15.56 3.23 341.277313 345.655304 30110.27373 14.481 11297.0 23.726 26939.0 41.941 "" "" 0.0028043619944838455 0.0036034242 0.004140178 0.0077436026 116.72722749891 -37.59194329916 343.413635 -10.416999999999998 4.796 1.0
116.89423414722 -38.48343565044 0.0229 0.0259 56.0441 "" "" 5538732654615165312 352.637115 2.8042 0.0288 -10.314 4.584 0.03 0.033 1.301 "" "" 14.656231 1.432638 15.155841 13.723203 -20.13 8.09 348.692413 356.352692 25849.63268 38.228 11833.0 181.53 25697.0 312.75 "" "" 0.0031890294607000128 0.016888354 0.013743998 0.03063235 116.89423414722 -38.48343565044 352.637115 -10.314 4.584 1.0
115.81001907314 -36.63248649503 0.0167 0.0191 74.317 "" "" 5587175522033236608 343.411987 2.8788 0.0214 -10.248 4.754 0.023 0.025 1.302 4175.7 4.4704 14.66576 1.599887 15.408467 13.80858 43.7 5.77 340.075653 345.539429 25623.76157 54.065 9376.3 71.647 23753.0 118.71 "" "" 0.003583267575617107 0.008753037 0.0066126403 0.015365677 115.81001907314 -36.63248649503 343.411987 -10.248 4.754 1.0
116.40618993194 -38.96204741068 0.0198 0.0209 68.6596 "" "" 5538619267484612224 382.962921 2.5765 0.0243 -9.347 4.936 0.025 0.026 1.379 "" "" 14.728135 1.534391 15.432852 13.89846 16.43 4.45 379.822388 386.548828 24193.16095 18.172 9168.0 34.838 21866.0 42.079 "" "" 0.002873475538318341 0.004980649 0.0043184827 0.009299131 116.40618993194 -38.96204741068 382.962921 -9.346999999999998 4.936 1.0
116.40149230742 -37.77887679513 0.0139 0.0162 19.2761 "" "" 5538822436618612096 362.174042 2.725 0.0175 -9.554 4.731 0.02 0.02 0.961 4335.6 4.4516 14.772913 1.628572 15.539749 13.911177 15.86 6.29 360.116913 364.634827 23215.68079 12.241 8308.4 29.748 21612.0 37.288 "" "" 0.0028141645226046376 0.0047851126 0.0042181555 0.009003269 116.40149230742 -37.77887679513 362.174042 -9.553999999999998 4.730999999999998 1.0
116.84149111128 -38.30050173812 0.0147 0.0181 47.3684 "" "" 5538737911660954496 370.106445 2.671 0.0189 -9.384 4.819 0.02 0.023 1.047 "" "" 14.792282 1.584127 15.536256 13.952128 31.1 12.27 367.688782 372.661255 22805.19338 23.512 8335.2 36.409 20812.0 53.357 "" "" 0.0029740235032408016 0.005502486 0.0046938234 0.01019631 116.84149111128 -38.30050173812 370.106445 -9.384 4.818999999999999 1.0
115.64349092553 -38.01977926861 0.0139 0.0162 19.7168 "" "" 5586758360449452416 356.055145 2.7718 0.0179 -9.58 4.979 0.018 0.02 0.944 "" "" 14.807063 1.637336 15.578138 13.940803 23.33 6.27 353.762329 358.629242 22496.84301 26.911 8019.8 35.682 21030.0 77.886 "" "" 0.003046078659287027 0.005578593 0.005518418 0.01109701 115.64349092553 -38.01977926861 356.055145 -9.58 4.978999999999999 1.0
116.29399909416 -38.52380186937 0.0141 0.0167 41.9877 "" "" 5538649332255441792 359.669739 2.7459 0.0186 -9.597 4.851 0.019 0.02 1.054 4456.4 4.3999 14.817835 1.622961 15.58183 13.958869 -8.21 5.21 357.368347 361.907501 22274.74239 39.284 7992.5 59.774 20683.0 87.731 "" "" 0.003355341203287997 0.008585966 0.005957608 0.014543574 116.29399909416 -38.52380186937 359.669739 -9.597 4.851000000000001 1.0
114.18051866874 -38.52656180499 0.0233 0.0264 94.9891 "" "" 5585268831431067264 367.631073 2.6831 0.0294 -8.936 4.851 0.031 0.033 1.594 4650.0 4.3346 14.891623 1.741379 15.723671 13.982292 "" "" 361.942017 373.257202 20811.21824 35.183 7013.7 43.452 20241.0 81.041 "" "" 0.0033107297585990617 0.007282196 0.0057602767 0.013042472 114.18051866874 -38.52656180499 367.631073 -8.936 4.850999999999999 0.9
115.13808745109 -37.83145486531 0.0163 0.018 41.2686 "" "" 5586801619360594688 383.177795 2.5743 0.0205 -8.633 4.594 0.022 0.022 0.962 4263.4 4.4164 15.085095 1.695174 15.889672 14.194498 -16.52 7.18 379.890839 385.886536 17414.40734 26.045 6019.3 35.757 16648.0 73.446 "" "" 0.003198219189096708 0.0070273504 0.0061014164 0.013128767 115.13808745109 -37.83145486531 383.177795 -8.633 4.593999999999999 0.9
117.7353147004 -38.68783617347 0.016 0.0187 95.2787 "" "" 5538498115048868736 356.505371 2.7709 0.0207 -10.487 4.161 0.021 0.024 1.006 "" "" 15.162129 1.822862 16.050241 14.22738 -7.86 4.71 353.433746 359.4422 16221.64172 14.772 5191.8 20.041 16151.0 39.907 "" "" 0.002927342860961186 0.005034897 0.0046347245 0.0096696215 117.7353147004 -38.68783617347 356.505371 -10.487000000000002 4.161 0.9
116.27892920499 -38.20473418689 0.0171 0.02 24.2674 "" "" 5538798621014633984 362.07132 2.7252 0.0214 -9.457 4.777 0.025 0.026 1.02 "" "" 15.182301 1.770348 16.034706 14.264359 11.58 5.76 359.398468 364.678528 15923.05957 18.534 5266.7 33.245 15610.0 46.64 "" "" 0.003031319159622446 0.0073996913 0.0049806843 0.0123803755 116.27892920499 -38.20473418689 362.07132 -9.456999999999999 4.776999999999999 1.0
116.2181058102 -37.99619348256 0.0178 0.0215 12.821 "" "" 5538812850251609216 362.835907 2.7291 0.0228 -9.355 4.97 0.023 0.026 1.039 4214.5 4.5181 15.229445 1.838224 16.127766 14.289542 6.12 7.37 359.208069 365.440063 15246.45 10.465 4834.0 17.566 15253.0 35.092 "" "" 0.002854324549801534 0.0048323073 0.0045302636 0.009362571 116.2181058102 -37.99619348256 362.835907 -9.355 4.97 1.0
116.48001244543 -37.48143365341 0.019 0.0202 31.9456 "" "" 5538853291664841088 341.208771 2.8945 0.0235 -9.152 4.975 0.026 0.025 0.993 5296.0 4.5797 15.249201 1.891147 16.157799 14.266652 "" "" 338.253174 344.026184 14971.53182 19.276 4702.2 39.258 15577.0 72.409 "" "" 0.00308964458319109 0.009484358 0.0063052285 0.015789587 116.48001244543 -37.48143365341 341.208771 -9.152 4.975 0.8
115.20567948266 -36.85905277158 0.0183 0.0215 71.268 "" "" 5587157620608934656 354.255615 2.7858 0.0243 -10.053 4.714 0.023 0.027 1.1 3677.8 4.0518 15.290494 2.278402 16.479815 14.201412 -22.28 4.84 351.233612 356.960297 14412.8328 17.433 3495.4 21.132 16542.0 71.58 "" "" 0.003052279881734118 0.007132394 0.0060296315 0.013162025 115.20567948266 -36.85905277158 354.255615 -10.053 4.714 1.0
116.77631022701 -37.73378482998 0.0171 0.021 37.2032 "" "" 5538832916340114304 355.924927 2.7721 0.0225 -9.852 4.794 0.024 0.028 0.964 4158.9 4.4683 15.290743 1.853166 16.191343 14.338178 19.37 6.8 352.941467 358.425446 14409.52855 18.096 4559.1 22.171 14584.0 38.921 "" "" 0.003074237895465963 0.005971851 0.0047623054 0.010734156 116.77631022701 -37.73378482998 355.924927 -9.851999999999999 4.7940000000000005 1.0
116.06578365177 -37.76538778106 0.0178 0.0231 6.3511 "" "" 5586859373776492928 362.197632 2.723 0.023 -9.265 3.365 0.024 0.029 0.993 "" "" 15.365597 2.072341 16.413015 14.340674 14.0 8.59 358.550293 365.319611 13449.55569 14.326 3717.2 19.258 14551.0 48.727 "" "" 0.0029881859124196346 0.006278952 0.005244315 0.011523267 116.06578365177 -37.76538778106 362.197632 -9.264999999999999 3.365000000000001 0.9
114.73877999243 -36.54833713607 0.0191 0.0232 99.4154 "" "" 5587226614964916480 332.462402 2.9693 0.0234 -10.462 5.076 0.025 0.031 1.09 4745.1 4.4718 15.38245 1.988222 16.378231 14.390009 19.89 6.05 330.425079 334.625336 13242.40043 26.4 3838.2 32.424 13904.0 64.13 "" "" 0.0035038456594731417 0.009586987 0.006273886 0.015860874 114.73877999243 -36.54833713607 332.462402 -10.462000000000002 5.0760000000000005 0.8
116.90654052545 -38.60157475472 0.0211 0.0247 61.3721 "" "" 5538537388230551552 339.654541 2.9053 0.027 -9.811 4.501 0.029 0.032 1.166 3739.7 4.176 15.432596 2.358875 16.681202 14.322327 "" "" 336.619324 342.341766 12644.69508 8.4405 2903.6 12.328 14799.0 27.132 "" "" 0.002849042298216008 0.0053884243 0.004271537 0.009659961 116.90654052545 -38.60157475472 339.654541 -9.811 4.501 1.0
115.23956951255 -37.33672339258 0.0209 0.0238 48.2182 "" "" 5586853365127392896 364.186035 2.706 0.027 -9.159 4.937 0.028 0.03 1.1 4092.4 4.4454 15.563203 1.986613 16.553917 14.567304 "" "" 360.85318 369.602661 11211.5478 9.8876 3264.8 14.556 11810.0 31.185 "" "" 0.002916957559509173 0.005587271 0.0047437465 0.010331018 115.23956951255 -37.33672339258 364.186035 -9.159 4.936999999999999 1.0
116.15413718042 -37.82178188019 0.0188 0.0228 7.2996 "" "" 5538819722199173120 365.149292 2.7008 0.0239 -9.977 4.462 0.025 0.028 0.982 5175.6 4.5908 15.598452 1.998774 16.598734 14.59996 "" "" 361.594971 368.708832 10853.40538 11.286 3132.7 18.712 11460.0 38.859 "" "" 0.0029776595023698464 0.00705998 0.005276133 0.012336113 116.15413718042 -37.82178188019 365.149292 -9.977 4.462 1.0
116.59015991135 -38.3678794801 0.0298 0.0335 40.98 "" "" 5538742515865786368 389.191681 2.5426 0.0364 -11.276 5.614 0.039 0.043 1.573 3746.8 4.1764 15.619808 2.245108 16.787172 14.542065 "" "" 384.80777 393.223236 10642.00558 8.2655 2633.6 11.203 12087.0 23.28 "" "" 0.0028814761072089817 0.005395958 0.0043193414 0.0097153 116.59015991135 -38.3678794801 389.191681 -11.276 5.613999999999999 1.0
116.56453302174 -37.74738125442 0.0196 0.0225 27.2358 "" "" 5538835184082929024 362.933655 2.7241 0.0255 -9.674 4.961 0.028 0.029 0.964 5937.0 4.6473 15.640106 2.043984 16.668587 14.624602 "" "" 359.560669 366.103027 10444.90372 9.2086 2937.5 12.604 11203.0 28.675 "" "" 0.0029168590462418983 0.0054302434 0.004691134 0.010121377 116.56453302174 -37.74738125442 362.933655 -9.674000000000001 4.961 1.0
