Clusters/ASCC_10/ASCC_10_stars_in_region.tsv
# %ECSV 1.0
# ---
# datatype:
# - name: RA_ICRS_1
#   unit: deg
#   datatype: float64
#   format: '{:15.11f}'
#   description: Right ascension (ICRS) at Ep=2016.0 (ra)
#   meta: !!omap
#   - {ucd: POS_EQ_RA_MAIN}
#   - {width: 15}
#   - {precision: '11'}
# - name: DE_ICRS_1
#   unit: deg
#   datatype: float64
#   format: '{:15.11f}'
#   description: Declination (ICRS) at Ep=2016.0 (dec)
#   meta: !!omap
#   - {ucd: POS_EQ_DEC_MAIN}
#   - {width: 15}
#   - {precision: '11'}
# - name: e_RA_ICRS
#   unit: mas
#   datatype: float64
#   format: '{:7.4f}'
#   description: Standard error of right ascension (ra_error)
#   meta: !!omap
#   - {ucd: ERROR}
#   - {width: 7}
#   - {precision: '4'}
# - name: e_DE_ICRS
#   unit: mas
#   datatype: float64
#   format: '{:7.4f}'
#   description: Standard error of declination (dec_error)
#   meta: !!omap
#   - {ucd: ERROR}
#   - {width: 7}
#   - {precision: '4'}
# - name: _r_1
#   unit: ''
#   datatype: float64
#   format: '{:7.4f}'
#   description: Distance from center (051.87371014000+35.01129721000)[ICRS], at Epoch=J2016.0
#   meta: !!omap
#   - {ucd: POS_ANG_DIST_GENERAL}
#   - {width: 7}
#   - {precision: '4'}
# - name: HIP
#   datatype: int32
#   description: '? HIP cross-id number, van Leeuwen, Cat. I/311 (hip_original_ext_source_id)'
#   meta: !!omap
#   - {ucd: ID_NUMBER}
#   - {width: 6}
#   - values: {'null': -2147483648}
# - name: TYC2
#   datatype: string
#   description: Tycho-2 cross-id name, Hog et al., Cat. I/259 (tyc2_original_ext_source_id)
#   meta: !!omap
#   - {ucd: ID_CROSSID}
#   - {_votable_string_dtype: char}
# - name: Source
#   datatype: int64
#   description: Source identifier, identical to the Gaia-EDR3 source_id (id)
#   meta: !!omap
#   - {ucd: ID_MAIN}
#   - {width: 19}
# - name: rgeo
#   unit: pc
#   datatype: float64
#   format: '{:15.8f}'
#   description: '? Median of the geometric distance posterior (r_med_geo)'
#   meta: !!omap
#   - {ucd: PHYS_DISTANCE_TRUE}
#   - {width: 15}
#   - {precision: '8'}
#   - values: {'null': .nan}
# - name: Plx
#   unit: mas
#   datatype: float64
#   format: '{:9.4f}'
#   description: '? Parallax (parallax)'
#   meta: !!omap
#   - {ucd: POS_PARLX_TRIG}
#   - {width: 9}
#   - {precision: '4'}
#   - values: {'null': .nan}
# - name: e_Plx
#   unit: mas
#   datatype: float32
#   format: '{:7.4f}'
#   description: '? Standard error of parallax (parallax_error)'
#   meta: !!omap
#   - {ucd: ERROR}
#   - {width: 7}
#   - {precision: '4'}
#   - values: {'null': .nan}
# - name: pmRA
#   unit: mas / yr
#   datatype: float64
#   format: '{:9.3f}'
#   description: '? Proper motion in right ascension direction, pmRA*cosDE (pmra)'
#   meta: !!omap
#   - {ucd: POS_EQ_PMRA}
#   - {width: 9}
#   - {precision: '3'}
#   - values: {'null': .nan}
# - name: pmDE
#   unit: mas / yr
#   datatype: float64
#   format: '{:9.3f}'
#   description: '? Proper motion in declination direction (pmdec)'
#   meta: !!omap
#   - {ucd: POS_EQ_PMDEC}
#   - {width: 9}
#   - {precision: '3'}
#   - values: {'null': .nan}
# - name: e_pmRA
#   unit: mas / yr
#   datatype: float32
#   format: '{:6.3f}'
#   description: '? Standard error of proper motion in right ascension direction (pmra_error)'
#   meta: !!omap
#   - {ucd: ERROR}
#   - {width: 6}
#   - {precision: '3'}
#   - values: {'null': .nan}
# - name: e_pmDE
[...]
#         unit: &id001 !astropy.units.Unit {unit: deg}
#         value: !astropy.table.SerializedColumn {name: SkyCoord.dec}
#       distance: !astropy.table.SerializedColumn
#         __class__: astropy.coordinates.distances.Distance
#         unit: !astropy.units.Unit {unit: pc}
#         value: !astropy.table.SerializedColumn {name: SkyCoord.distance}
#       frame: icrs
#       obstime: !astropy.time.Time {format: jyear_str, in_subfmt: '*', jd1: 367701545.0, jd2: 0.0, out_subfmt: '*', precision: 3, scale: tt}
#       pm_dec: !astropy.table.SerializedColumn
#         __class__: astropy.units.quantity.Quantity
#         unit: !astropy.units.Unit {unit: mas / yr}
#         value: !astropy.table.SerializedColumn {name: SkyCoord.pm_dec}
#       pm_ra_cosdec: !astropy.table.SerializedColumn
#         __class__: astropy.units.quantity.Quantity
#         unit: !astropy.units.Unit {unit: mas / yr}
#         value: !astropy.table.SerializedColumn {name: SkyCoord.pm_ra_cosdec}
#       ra: !astropy.table.SerializedColumn
#         __class__: astropy.coordinates.angles.Longitude
#         unit: *id001
#         value: !astropy.table.SerializedColumn {name: SkyCoord.ra}
#         wrap_angle: !astropy.coordinates.Angle
#           unit: *id001
#           value: 360.0
#       representation_type: spherical
# schema: astropy-2.0
RA_ICRS_1 DE_ICRS_1 e_RA_ICRS e_DE_ICRS _r_1 HIP TYC2 Source rgeo Plx e_Plx pmRA pmDE e_pmRA e_pmDE RUWE Teff logg Gmag BP-RP BPmag RPmag RV e_RV b_rgeo B_rgeo FG e_FG FBP e_FBP FRP e_FRP RAVE5 RAVE6 e_Gmag e_BPmag e_RPmag e_BP-RP SkyCoord.ra SkyCoord.dec SkyCoord.distance SkyCoord.pm_ra_cosdec SkyCoord.pm_dec
[from data line 480]
52.42437784349 35.76558171024 0.0215 0.0146 52.666 "" "" 222040433291310976 720.181946 1.3569 0.0254 3.938 1.681 0.024 0.02 1.0 5972.7 4.2897 14.185904 1.010474 14.602567 13.592092 6.4 9.63 707.369507 731.682739 39864.36827 10.321 19697.0 22.951 28995.0 24.222 "" "" 0.0027696221299917923 0.003063582 0.003886694 0.006950276 52.42437784349 35.76558171024 720.181946 3.9380000000000006 1.681
52.4759895024 35.48822314303 0.0265 0.0186 41.1063 "" "" 222016106596718592 652.519897 1.4849 0.0323 -1.149 -9.501 0.032 0.025 0.985 5689.2 4.3627 14.187093 1.08456 14.644367 13.559807 -12.05 9.28 638.044373 665.115479 39820.7683 10.159 18953.0 26.591 29870.0 32.4 "" "" 0.0027692080840465054 0.0031789062 0.003958624 0.00713753 52.4759895024 35.48822314303 652.519897 -1.1489999999999991 -9.501
53.33669433159 35.29897681191 0.0215 0.0149 73.8135 "" "" 221224423864794880 619.216003 1.5727 0.0243 -0.337 -12.418 0.023 0.02 0.992 5748.5 4.4252 14.188519 1.158898 14.687107 13.528209 20.65 3.91 608.665527 628.130493 39768.49397 9.6119 18221.0 19.823 30752.0 19.164 "" "" 0.002767788441996672 0.0030298957 0.0038394695 0.0068693655 53.33669433159 35.29897681191 619.216003 -0.3370000000000002 -12.418
53.17974569886 35.41896347668 0.0214 0.0156 68.534 "" "" 221980406828641024 533.230225 1.834 0.0239 18.092 0.214 0.025 0.021 1.084 5648.3 4.4516 14.189508 1.136142 14.671662 13.535521 -16.6 5.89 524.309448 539.240173 39732.27097 9.6874 18482.0 32.129 30546.0 31.569 "" "" 0.002768007682976443 0.0033686003 0.00394244 0.00731104 53.17974569886 35.41896347668 533.230225 18.091999999999995 0.21399999999999905
52.66249645512 36.24072909345 0.024 0.0153 83.1934 "" "" 222080256228019968 538.087891 1.8138 0.0248 -1.422 -4.774 0.032 0.019 1.092 4925.3 4.2804 14.189928 1.160266 14.686737 13.526471 59.9 4.38 531.159912 544.938416 39716.91572 8.7177 18227.0 21.092 30801.0 18.95 "" "" 0.002765607215274856 0.0030599968 0.0038379598 0.0068979566 52.66249645512 36.24072909345 538.087891 -1.4220000000000002 -4.774
50.4955705959 35.81363836984 0.0234 0.0178 82.818 "" "" 138115123060187136 535.502014 1.8227 0.0245 16.199 -9.237 0.027 0.024 1.121 5668.5 4.4978 14.194739 1.038539 14.627951 13.589412 -5.43 4.84 528.36322 543.057312 39541.30273 8.4936 19241.0 19.502 29067.0 17.336 "" "" 0.0027651728346613324 0.0029993446 0.0038344553 0.0068338 50.4955705959 35.81363836984 535.502014 16.199 -9.237
50.99865799348 34.54688358305 0.0212 0.0155 51.3427 "" "" 125783825276771840 624.717773 1.5645 0.0228 14.846 -11.26 0.026 0.02 1.094 6002.9 4.3625 14.194765 1.196469 14.606083 13.409614 "" "" 616.262695 633.321472 39540.38179 15.725 19633.0 53.783 34301.0 85.766 "" "" 0.0027889484279762043 0.004078164 0.004653353 0.008731517 50.99865799348 34.54688358305 624.717773 14.845999999999998 -11.260000000000002
51.893956244 36.26194468933 0.0209 0.0153 75.0453 "" "" 222256865283603712 657.780151 1.4747 0.0232 2.239 -7.662 0.024 0.022 0.987 5735.2 4.3454 14.19808 1.057459 14.644271 13.586812 8.54 4.57 647.868652 667.54541 39419.81449 16.262 18954.0 32.734 29136.0 26.702 "" "" 0.0027914881717804986 0.0033616985 0.0039081736 0.0072698724 51.893956244 36.26194468933 657.780151 2.239 -7.661999999999999
52.07753283377 35.52959861157 0.0207 0.015 32.6616 "" "" 221938041271020416 730.271179 1.3284 0.0247 1.76 -6.77 0.03 0.023 1.007 5875.9 4.2857 14.199087 1.013423 14.619068 13.605645 -31.1 4.64 714.92926 742.629456 39383.29624 8.8524 19399.0 23.17 28635.0 25.127 "" "" 0.0027661070619477515 0.003076804 0.0038976164 0.0069744205 52.07753283377 35.52959861157 730.271179 1.7600000000000002 -6.77
52.30388662438 34.02661818172 0.0235 0.0162 62.7914 "" "" 221033074481669888 704.913025 1.3793 0.023 1.999 -5.76 0.03 0.022 0.952 6011.3 4.2972 14.208953 1.050734 14.64452 13.593786 40.28 6.21 693.282471 715.181519 39027.03723 8.3226 18950.0 21.116 28950.0 41.712 "" "" 0.002765031307911505 0.0030411761 0.0040903483 0.0071315244 52.30388662438 34.02661818172 704.913025 1.999 -5.759999999999999
52.76465043883 35.52299818382 0.0231 0.0161 53.362 "" "" 221973191283470976 709.235901 1.3722 0.0271 11.686 -9.447 0.026 0.022 1.032 5767.1 4.3527 14.210522 1.042589 14.646763 13.604174 -15.61 4.98 693.22467 725.017334 38970.6845 9.0755 18911.0 22.089 28674.0 18.346 "" "" 0.002766897307669305 0.00306486 0.0038426933 0.0069075534 52.76465043883 35.52299818382 709.235901 11.686000000000002 -9.447
51.75687712786 34.6068758921 0.0216 0.0166 24.9385 "" "" 221825994164448640 640.657471 1.5189 0.0277 -1.78 -1.462 0.029 0.022 0.921 5704.7 4.3873 14.213934 1.054969 14.656026 13.601057 -21.95 5.94 630.128784 652.380005 38848.40666 32.713 18750.0 57.805 28756.0 67.083 "" "" 0.0029030445316005717 0.0043576537 0.004549618 0.008907272 51.75687712786 34.6068758921 640.657471 -1.7800000000000002 -1.462
50.94019520919 34.59215684016 0.0214 0.0151 52.4185 "" "" 125971807405297536 690.241028 1.406 0.0227 1.03 -5.692 0.024 0.02 1.045 5882.5 4.3531 14.21748 1.018305 14.637335 13.61903 5.41 7.86 681.152588 700.970093 38721.75406 8.6485 19076.0 30.978 28284.0 36.874 "" "" 0.00276597093437349 0.00330057 0.004035754 0.007336324 50.94019520919 34.59215684016 690.241028 1.03 -5.692
53.03474384368 35.26334250541 0.0232 0.0176 58.9405 "" "" 221203567503632512 687.965698 1.4172 0.0265 -6.782 -11.91 0.031 0.024 1.135 5251.0 4.2997 14.217758 1.10814 14.685131 13.576991 -71.6 4.78 674.030029 703.12146 38711.80545 7.8368 18254.0 17.898 29401.0 18.706 "" "" 0.0027640730196526867 0.002986359 0.0038419932 0.006828352 53.03474384368 35.26334250541 687.965698 -6.782000000000002 -11.910000000000002
52.54898799167 33.729584013 0.0364 0.0255 83.859 "" "" 220975758141996288 613.27655 1.5972 0.0383 2.721 -5.282 0.041 0.031 1.655 6120.4 4.2224 14.235067 1.279147 14.794176 13.515029 -0.65 7.04 600.105835 630.621155 38099.55824 8.9732 16510.0 23.392 31128.0 33.743 "" "" 0.0027671606776095625 0.0031861346 0.0039584 0.0071445345 52.54898799167 33.729584013 613.27655 2.721000000000001 -5.282
51.83554640015 36.14930475253 0.0247 0.0161 68.3058 "" "" 222250027695706368 741.131714 1.3073 0.0247 0.716 -7.293 0.029 0.022 1.088 5171.7 4.257 14.239302 1.133132 14.725029 13.591897 -14.93 5.77 727.025208 754.300964 37951.24888 10.696 17596.0 26.871 29000.0 29.164 "" "" 0.0027722598420697477 0.003245633 0.0039339447 0.007179578 51.83554640015 36.14930475253 741.131714 0.7159999999999995 -7.293000000000001
52.14318208393 34.31952683372 0.021 0.0159 43.5845 "" "" 221053827763475072 563.222229 1.734 0.0229 24.956 -12.863 0.026 0.021 1.056 5655.3 4.4049 14.239822 1.186139 14.750687 13.564548 14.09 5.1 555.830139 570.464539 37933.05602 7.8746 17185.0 30.895 29740.0 32.962 "" "" 0.0027645234911438795 0.0034051514 0.0039663347 0.007371486 52.14318208393 34.31952683372 563.222229 24.955999999999996 -12.863
53.13704070056 35.04734164833 0.0229 0.016 62.1066 "" "" 221196111440434176 588.061218 1.6566 0.0243 7.329 -7.091 0.032 0.022 1.005 5269.5 4.362 14.242549 1.207542 14.767179 13.559638 31.47 3.61 580.376221 594.760864 37837.90111 8.9049 16926.0 21.904 29875.0 25.455 "" "" 0.0027671429832382397 0.0031239763 0.003890956 0.007014932 53.13704070056 35.04734164833 588.061218 7.329000000000001 -7.090999999999999
52.33478679569 34.07755857422 0.0233 0.016 60.4809 "" "" 221033692956948224 662.291138 1.4765 0.0228 -1.78 -1.502 0.03 0.021 0.955 5780.7 4.3462 14.247829 1.094144 14.710278 13.616135 -38.78 9.8 650.362671 672.537964 37654.35343 42.386 17836.0 73.822 28360.0 91.036 "" "" 0.0030142144187023027 0.0052895355 0.0051410645 0.0104306005 52.33478679569 34.07755857422 662.291138 -1.7800000000000002 -1.5020000000000002
51.51771857518 36.2701595268 0.023 0.0205 77.5005 "" "" 222312596779274240 528.271729 1.8479 0.0281 2.395 -10.892 0.028 0.027 0.864 5521.0 4.4606 14.248732 1.140679 14.73346 13.592781 16.2 3.84 519.670654 536.208435 37623.04447 26.539 17460.0 54.99 28976.0 59.528 "" "" 0.002859780742238956 0.004413399 0.004388504 0.008801904 51.51771857518 36.2701595268 528.271729 2.395 -10.892
52.93915129019 35.173592406 0.0247 0.0181 53.2047 "" "" 221951956965287040 699.318542 1.3912 0.0268 0.704 -2.111 0.04 0.027 1.072 5999.9 4.3363 14.252116 1.027162 14.675078 13.647917 -76.98 5.68 685.235535 713.594727 37505.95258 9.4865 18424.0 27.43 27542.0 24.723 "" "" 0.0027689718016123506 0.0032245938 0.003903023 0.0071276166 52.93915129019 35.173592406 699.318542 0.7040000000000001 -2.1110000000000007
51.52151591229 34.22933862553 0.0227 0.0166 50.0365 "" "" 125735000088739840 618.817383 1.5754 0.0241 5.035 -6.535 0.026 0.02 1.004 5274.5 4.3676 14.2547 1.152761 14.750188 13.597427 -73.08 7.48 610.862122 627.717224 37416.82328 7.7569 17193.0 40.735 28853.0 22.739 "" "" 0.002764498585900675 0.0037950424 0.0038750346 0.007670077 51.52151591229 34.22933862553 618.817383 5.035 -6.535
52.43396580138 35.25875349893 0.0301 0.0225 31.2437 "" "" 221871520817796352 760.587158 1.2806 0.0342 10.145 -8.311 0.058 0.034 1.234 5740.2 4.3446 14.255313 1.110693 14.725989 13.615296 -40.09 11.22 741.424438 782.808289 37395.69405 9.5862 17580.0 35.24 28382.0 20.564 "" "" 0.002769341641802018 0.0035386188 0.0038603842 0.007399003 52.43396580138 35.25875349893 760.587158 10.145 -8.311
52.16648140365 35.40337713436 0.0248 0.0162 27.5576 "" "" 221924434814636800 705.562378 1.3833 0.025 15.027 -14.912 0.035 0.022 1.062 5076.5 4.2714 14.258035 1.274472 14.822037 13.547565 3.3 4.06 693.129883 719.547302 37302.07928 10.724 16092.0 26.448 30209.0 25.147 "" "" 0.0027729443148466304 0.003312001 0.0038859474 0.007197948 52.16648140365 35.40337713436 705.562378 15.027 -14.911999999999999
51.14665182124 34.81422830891 0.0261 0.018 37.6757 "" "" 126004346077496832 616.394958 1.5792 0.0257 21.796 -20.505 0.032 0.022 1.114 "" "" 14.25896 1.157496 14.757663 13.600167 22.66 3.21 606.929688 626.561157 37270.30632 7.3805 17075.0 20.118 28780.0 24.551 "" "" 0.00276369611974646 0.0030694422 0.0038912164 0.0069606584 51.14665182124 34.81422830891 616.394958 21.796000000000003 -20.505000000000003
51.39784643186 34.44401906766 0.0253 0.015 41.3416 "" "" 125788257683163008 551.261414 1.779 0.0264 6.939 -18.855 0.03 0.02 1.116 5600.2 4.4834 14.25984 1.129731 14.741924 13.612193 9.0 8.96 543.611389 561.86261 37240.09174 8.7737 17324.0 18.933 28463.0 23.884 "" "" 0.002767168547657491 0.0030319977 0.0038876436 0.006919641 51.39784643186 34.44401906766 551.261414 6.939 -18.855
51.74946978008 35.16758529972 0.0205 0.0159 11.1865 "" "" 221903166136658432 638.229553 1.5236 0.0236 -1.197 -1.755 0.025 0.022 1.027 5737.8 4.3435 14.262786 1.165713 14.76125 13.595537 -24.62 5.94 630.7995 646.392029 37139.17219 19.383 17018.0 38.73 28903.0 36.058 "" "" 0.0028129839857752004 0.0037270128 0.0040147766 0.0077417893 51.74946978008 35.16758529972 638.229553 -1.1969999999999998 -1.755
53.0036817907 34.54114473235 0.0332 0.0233 62.4251 "" "" 221074615405224576 739.990051 1.3028 0.0371 -2.278 -0.745 0.037 0.029 1.603 5276.4 4.1708 14.264951 1.22707 14.797027 13.569957 -11.86 6.37 721.786072 758.563782 37065.21372 18.661 16467.0 25.987 29592.0 45.248 "" "" 0.002809019880814907 0.0032742764 0.0041279355 0.007402212 53.0036817907 34.54114473235 739.990051 -2.278 -0.745
52.4402467355 34.57134298918 0.0217 0.0161 38.4198 "" "" 221086538234389760 539.523804 1.816 0.0256 3.157 -1.367 0.025 0.02 0.998 5762.5 4.5801 14.267728 1.112439 14.739519 13.62708 2.88 7.02 532.816467 546.427734 36970.51859 7.8156 17362.0 22.535 28075.0 22.519 "" "" 0.0027648637209115364 0.0031258566 0.0038784202 0.007004277 52.4402467355 34.57134298918 539.523804 3.157 -1.367
51.5032790193 34.82182716831 0.0236 0.0178 21.4798 "" "" 221890659192032000 561.394897 1.7305 0.0273 10.668 -1.321 0.031 0.024 1.104 5508.1 4.4566 14.267901 1.105026 14.735522 13.630496 14.23 6.32 554.151611 572.097046 36964.61066 10.832 17426.0 36.707 27987.0 34.685 "" "" 0.002773628626652921 0.00360772 0.004011772 0.007619492 51.5032790193 34.82182716831 561.394897 10.668 -1.3209999999999997
51.38334607074 34.19316073103 0.023 0.0157 54.7368 "" "" 125736099600390528 696.276917 1.3921 0.0265 7.528 -8.174 0.025 0.021 1.037 5430.7 4.3526 14.276785 1.02872 14.705313 13.676593 -18.08 5.38 683.868164 710.596863 36663.40062 8.1133 17918.0 17.915 26824.0 45.434 "" "" 0.00276577589555227 0.0029939066 0.0042030523 0.007196959 51.38334607074 34.19316073103 696.276917 7.527999999999999 -8.174
52.55471922785 34.82460500206 0.0209 0.0157 35.3273 "" "" 221846678727004800 626.434753 1.5545 0.0227 -1.989 -1.296 0.023 0.02 0.94 5768.1 4.3898 14.280129 1.104937 14.746531 13.641594 -16.43 8.93 615.764221 634.707458 36550.68484 16.609 17251.0 42.164 27703.0 38.052 "" "" 0.0027991432300443105 0.0038506067 0.00406298 0.007913587 52.55471922785 34.82460500206 626.434753 -1.989 -1.296
50.71079809809 34.07947128388 0.0647 0.0519 80.179 "" "" 125673736674770432 690.333862 1.4042 0.0734 -2.409 -2.936 0.076 0.062 3.098 5805.0 4.434 14.28231 1.064362 14.717494 13.653132 -7.79 6.05 654.780884 726.481812 36477.30806 43.57 17718.0 64.131 27410.0 85.481 "" "" 0.003045259276733924 0.0048196353 0.005074309 0.0098939445 50.71079809809 34.07947128388 690.333862 -2.409 -2.936
53.00880520859 35.52843038958 0.0365 0.0291 63.6749 "" "" 221984289478947968 584.869995 1.6684 0.0414 5.431 -27.564 0.043 0.037 1.779 5081.3 4.2998 14.28381 1.133266 14.760943 13.627678 60.38 6.26 571.284912 600.180481 36426.9543 12.292 17023.0 21.793 28060.0 26.737 "" "" 0.002779571713825456 0.0031172205 0.003918419 0.0070356396 53.00880520859 35.52843038958 584.869995 5.431000000000001 -27.564
51.57910238695 34.46245323232 0.0258 0.0169 35.9921 "" "" 125746510601017600 666.177307 1.4607 0.0302 -2.251 -1.371 0.032 0.021 1.087 5727.0 4.319 14.287782 1.206548 14.811896 13.605349 -15.28 14.91 647.947998 679.597107 36293.91968 46.46 16243.0 75.707 28643.0 98.376 "" "" 0.003086014838422814 0.005778736 0.005309363 0.011088099 51.57910238695 34.46245323232 666.177307 -2.251 -1.371
50.82945799532 34.10051738833 0.0259 0.0201 75.1584 "" "" 125766782846572416 767.589966 1.2625 0.0281 3.267 -3.995 0.033 0.026 0.858 5429.1 4.3229 14.300708 0.968472 14.698534 13.730062 -32.81 10.81 750.793091 783.010681 35864.40921 10.33 18030.0 33.947 25535.0 31.538 "" "" 0.002773010201985674 0.003458891 0.0040102312 0.0074691223 50.82945799532 34.10051738833 767.589966 3.266999999999999 -3.9949999999999997
51.10962012327 34.68398824581 0.024 0.0167 42.4409 "" "" 125809835598707968 600.603149 1.6228 0.0247 4.879 2.004 0.031 0.022 1.094 5583.9 4.4192 14.30105 1.105623 14.760268 13.654645 30.61 6.14 591.710754 609.366455 35853.08674 11.006 17034.0 20.161 27372.0 30.985 "" "" 0.0027754052252411954 0.0030718723 0.003974203 0.0070460755 51.10962012327 34.68398824581 600.603149 4.879 2.004
53.49935603914 35.325212964 0.0249 0.0171 81.9277 "" "" 221218685788472832 638.981628 1.5296 0.0273 5.54 -3.93 0.028 0.022 1.334 5636.8 4.3033 14.301145 1.307218 14.873741 13.566524 1.51 6.76 627.052246 651.658813 35849.9945 13.049 15343.0 23.016 29686.0 37.834 "" "" 0.002783517413967151 0.00323075 0.004024732 0.007255482 53.49935603914 35.325212964 638.981628 5.54 -3.9300000000000006
50.61917503916 35.95003187672 0.0266 0.0186 83.2419 "" "" 234194297386240128 621.791565 1.5674 0.0272 0.618 -3.245 0.031 0.022 1.191 5421.8 4.4146 14.301619 1.061995 14.750098 13.688104 14.33 12.4 613.247253 632.87384 35834.32775 9.3093 17194.0 25.127 26541.0 21.953 "" "" 0.00276971974356359 0.0032097644 0.0038846135 0.0070943777 50.61917503916 35.95003187672 621.791565 0.6180000000000001 -3.2449999999999997
