Clusters/ASCC_10/ASCC_10_stars_in_region.tsv
# %ECSV 1.0
# ---
# datatype:
# - name: RA_ICRS_1
#   unit: deg
#   datatype: float64
#   format: '{:15.11f}'
#   description: Right ascension (ICRS) at Ep=2016.0 (ra)
#   meta: !!omap
#   - {ucd: POS_EQ_RA_MAIN}
#   - {width: 15}
#   - {precision: '11'}
# - name: DE_ICRS_1
#   unit: deg
#   datatype: float64
#   format: '{:15.11f}'
#   description: Declination (ICRS) at Ep=2016.0 (dec)
#   meta: !!omap
#   - {ucd: POS_EQ_DEC_MAIN}
#   - {width: 15}
#   - {precision: '11'}
# - name: e_RA_ICRS
#   unit: mas
#   datatype: float64
#   format: '{:7.4f}'
#   description: Standard error of right ascension (ra_error)
#   meta: !!omap
#   - {ucd: ERROR}
#   - {width: 7}
#   - {precision: '4'}
# - name: e_DE_ICRS
#   unit: mas
#   datatype: float64
#   format: '{:7.4f}'
#   description: Standard error of declination (dec_error)
#   meta: !!omap
#   - {ucd: ERROR}
#   - {width: 7}
#   - {precision: '4'}
# - name: _r_1
#   unit: ''
#   datatype: float64
#   format: '{:7.4f}'
#   description: Distance from center (051.87371014000+35.01129721000)[ICRS], at Epoch=J2016.0
#   meta: !!omap
#   - {ucd: POS_ANG_DIST_GENERAL}
#   - {width: 7}
#   - {precision: '4'}
# - name: HIP
#   datatype: int32
#   description: '? HIP cross-id number, van Leeuwen, Cat. I/311 (hip_original_ext_source_id)'
#   meta: !!omap
#   - {ucd: ID_NUMBER}
#   - {width: 6}
#   - values: {'null': -2147483648}
# - name: TYC2
#   datatype: string
#   description: Tycho-2 cross-id name, Hog et al., Cat. I/259 (tyc2_original_ext_source_id)
#   meta: !!omap
#   - {ucd: ID_CROSSID}
#   - {_votable_string_dtype: char}
# - name: Source
#   datatype: int64
#   description: Source identifier, identical to the Gaia-EDR3 source_id (id)
#   meta: !!omap
#   - {ucd: ID_MAIN}
#   - {width: 19}
# - name: rgeo
#   unit: pc
#   datatype: float64
#   format: '{:15.8f}'
#   description: '? Median of the geometric distance posterior (r_med_geo)'
#   meta: !!omap
#   - {ucd: PHYS_DISTANCE_TRUE}
#   - {width: 15}
#   - {precision: '8'}
#   - values: {'null': .nan}
# - name: Plx
#   unit: mas
#   datatype: float64
#   format: '{:9.4f}'
#   description: '? Parallax (parallax)'
#   meta: !!omap
#   - {ucd: POS_PARLX_TRIG}
#   - {width: 9}
#   - {precision: '4'}
#   - values: {'null': .nan}
# - name: e_Plx
#   unit: mas
#   datatype: float32
#   format: '{:7.4f}'
#   description: '? Standard error of parallax (parallax_error)'
#   meta: !!omap
#   - {ucd: ERROR}
#   - {width: 7}
#   - {precision: '4'}
#   - values: {'null': .nan}
# - name: pmRA
#   unit: mas / yr
#   datatype: float64
#   format: '{:9.3f}'
#   description: '? Proper motion in right ascension direction, pmRA*cosDE (pmra)'
#   meta: !!omap
#   - {ucd: POS_EQ_PMRA}
#   - {width: 9}
#   - {precision: '3'}
#   - values: {'null': .nan}
# - name: pmDE
#   unit: mas / yr
#   datatype: float64
#   format: '{:9.3f}'
#   description: '? Proper motion in declination direction (pmdec)'
#   meta: !!omap
#   - {ucd: POS_EQ_PMDEC}
#   - {width: 9}
#   - {precision: '3'}
#   - values: {'null': .nan}
# - name: e_pmRA
#   unit: mas / yr
#   datatype: float32
#   format: '{:6.3f}'
#   description: '? Standard error of proper motion in right ascension direction (pmra_error)'
#   meta: !!omap
#   - {ucd: ERROR}
#   - {width: 6}
#   - {precision: '3'}
#   - values: {'null': .nan}
# - name: e_pmDE
[...]
#         unit: &id001 !astropy.units.Unit {unit: deg}
#         value: !astropy.table.SerializedColumn {name: SkyCoord.dec}
#       distance: !astropy.table.SerializedColumn
#         __class__: astropy.coordinates.distances.Distance
#         unit: !astropy.units.Unit {unit: pc}
#         value: !astropy.table.SerializedColumn {name: SkyCoord.distance}
#       frame: icrs
#       obstime: !astropy.time.Time {format: jyear_str, in_subfmt: '*', jd1: 367701545.0, jd2: 0.0, out_subfmt: '*', precision: 3, scale: tt}
#       pm_dec: !astropy.table.SerializedColumn
#         __class__: astropy.units.quantity.Quantity
#         unit: !astropy.units.Unit {unit: mas / yr}
#         value: !astropy.table.SerializedColumn {name: SkyCoord.pm_dec}
#       pm_ra_cosdec: !astropy.table.SerializedColumn
#         __class__: astropy.units.quantity.Quantity
#         unit: !astropy.units.Unit {unit: mas / yr}
#         value: !astropy.table.SerializedColumn {name: SkyCoord.pm_ra_cosdec}
#       ra: !astropy.table.SerializedColumn
#         __class__: astropy.coordinates.angles.Longitude
#         unit: *id001
#         value: !astropy.table.SerializedColumn {name: SkyCoord.ra}
#         wrap_angle: !astropy.coordinates.Angle
#           unit: *id001
#           value: 360.0
#       representation_type: spherical
# schema: astropy-2.0
RA_ICRS_1 DE_ICRS_1 e_RA_ICRS e_DE_ICRS _r_1 HIP TYC2 Source rgeo Plx e_Plx pmRA pmDE e_pmRA e_pmDE RUWE Teff logg Gmag BP-RP BPmag RPmag RV e_RV b_rgeo B_rgeo FG e_FG FBP e_FBP FRP e_FRP RAVE5 RAVE6 e_Gmag e_BPmag e_RPmag e_BP-RP SkyCoord.ra SkyCoord.dec SkyCoord.distance SkyCoord.pm_ra_cosdec SkyCoord.pm_dec
[from data line 359]
52.24742168417 34.89448461217 0.0166 0.012 19.6692 "" "" 221856127655066368 545.057556 1.795 0.0189 9.752 8.275 0.019 0.016 1.023 5328.3 4.3004 13.721807 1.141491 14.211599 13.070108 1.6 2.46 539.444824 550.388428 61125.7527 11.457 28234.0 25.864 46894.0 27.278 "" "" 0.002762825167439875 0.0029621401 0.0038317887 0.006793929 52.24742168417 34.89448461217 545.057556 9.752 8.275
52.21566603882 34.10987729834 0.021 0.0138 56.6629 "" "" 221046268621193728 769.794739 1.2513 0.0185 8.601 -7.537 0.026 0.018 0.955 5458.9 4.1229 13.721968 1.094695 14.184754 13.090059 9.8 9.14 758.340271 783.618286 61116.67221 17.437 28941.0 40.881 46040.0 34.174 "" "" 0.0027726784062685962 0.0031838962 0.0038643514 0.0070482474 52.21566603882 34.10987729834 769.794739 8.601 -7.537
50.46037087593 35.66484291658 0.0261 0.0243 79.5159 "" "" 138109552487062656 517.40686 1.8901 0.0307 13.916 -26.995 0.032 0.031 1.493 "" "" 13.722041 0.996435 14.130755 13.13432 10.57 9.34 510.376801 527.241699 61112.55804 14.198 30417.0 45.92 44201.0 35.75 "" "" 0.002766842332137613 0.0032360086 0.003880061 0.0071160696 50.46037087593 35.66484291658 517.40686 13.916 -26.995000000000005
50.70412933657 35.78305586832 0.0181 0.0128 73.5954 "" "" 234187906474917120 625.99469 1.5565 0.0189 30.699 -10.46 0.021 0.017 1.073 5428.7 4.2308 13.743681 0.995657 14.153459 13.157802 -2.7 4.2 619.424988 632.51355 59906.55521 11.828 29787.0 28.057 43255.0 24.708 "" "" 0.0027636467439498013 0.002971686 0.00382993 0.006801616 50.70412933657 35.78305586832 625.99469 30.69900000000001 -10.459999999999999
52.37063434666 34.04714757907 0.0241 0.0164 62.8475 "" "" 221033349359567616 690.313904 1.4113 0.0234 -4.864 -5.066 0.032 0.023 1.151 5740.5 3.9915 13.743964 1.036846 14.176511 13.139665 -15.37 3.55 678.384155 702.746338 59890.95055 12.089 29162.0 26.2 43984.0 28.504 "" "" 0.00276402221063318 0.002955768 0.0038443208 0.006800089 52.37063434666 34.04714757907 690.313904 -4.864000000000002 -5.066
52.90194249819 34.34714637056 0.0524 0.0392 64.512 "" "" 221018952629112448 622.329651 1.5743 0.0598 11.709 -5.297 0.062 0.049 3.244 6325.4 4.2522 13.744385 1.169035 14.243521 13.074486 6.47 3.29 601.710571 645.121216 59867.71631 10.466 27416.0 36.845 46705.0 39.128 "" "" 0.0027618501264176187 0.0031486752 0.0038872987 0.007035974 52.90194249819 34.34714637056 622.329651 11.709 -5.296999999999999
51.67695996399 34.53407613247 0.0192 0.0149 30.2306 "" "" 125748503465806464 711.010742 1.3634 0.0232 2.743 -12.217 0.025 0.02 1.114 5661.1 4.2367 13.74441 1.010699 14.161849 13.15115 -39.15 6.08 701.215515 721.124207 59866.3811 10.234 29558.0 27.37 43521.0 31.784 "" "" 0.002761564439616605 0.002965773 0.0038616657 0.0068274387 51.67695996399 34.53407613247 711.010742 2.743 -12.217000000000002
51.85468619025 36.1012443299 0.0184 0.0123 65.4034 "" "" 222249099982779008 611.365906 1.6002 0.0199 17.961 -6.461 0.019 0.016 0.931 5807.7 4.2642 13.754634 1.053537 14.196724 13.143187 15.89 3.85 602.733032 618.674255 59305.25697 10.061 28624.0 27.03 43841.0 31.44 "" "" 0.0027614699585018702 0.0029725807 0.0038587535 0.006831334 51.85468619025 36.1012443299 611.365906 17.961 -6.460999999999999
51.78976883623 35.43862991312 0.0204 0.0136 25.968 "" "" 222121281756425600 740.597717 1.3118 0.0202 15.399 -1.469 0.028 0.018 0.949 5738.4 4.2037 13.755342 1.000471 14.169291 13.168819 -18.12 3.49 732.14209 750.085205 59266.61468 11.558 29356.0 30.57 42818.0 26.651 "" "" 0.0027634438623411047 0.0030105459 0.0038393254 0.006849871 51.78976883623 35.43862991312 740.597717 15.398999999999997 -1.4690000000000014
53.24641902122 34.31423011062 0.0169 0.0121 79.6137 "" "" 221009709859607424 524.059387 1.8684 0.018 7.329 -16.395 0.021 0.017 1.075 5497.6 4.1977 13.759808 1.291349 14.325309 13.03396 77.29 6.52 519.710266 528.426331 59023.31722 10.999 25427.0 25.722 48481.0 36.634 "" "" 0.002762738790983373 0.0029985635 0.0038674045 0.006865968 53.24641902122 34.31423011062 524.059387 7.329000000000001 -16.395000000000003
52.37457724594 35.50844933515 0.0197 0.0159 38.6253 "" "" 222018511778263552 515.926453 1.9003 0.0254 -8.31 -9.27 0.027 0.021 1.066 5722.8 4.3777 13.762155 1.07009 14.211427 13.141336 3.28 4.08 509.932556 521.953979 58895.90251 13.142 28239.0 34.282 43916.0 39.5 "" "" 0.002765950910361051 0.003085835 0.0039035105 0.0069893454 52.37457724594 35.50844933515 515.926453 -8.31 -9.27
51.84004933985 35.60820745551 0.017 0.0128 35.8525 "" "" 222129081417013760 735.046753 1.3219 0.019 15.51 -8.222 0.022 0.017 1.038 5802.9 4.0142 13.762938 1.119151 14.237736 13.118585 -9.09 2.68 724.347717 746.61322 58853.44614 9.8915 27563.0 30.716 44846.0 42.643 "" "" 0.0027613562340302144 0.0030412157 0.003917854 0.0069590695 51.84004933985 35.60820745551 735.046753 15.509999999999998 -8.221999999999998
52.84340081205 35.04367151705 0.0235 0.0153 47.6828 "" "" 221194530892685696 577.591125 1.6888 0.0227 -1.442 0.469 0.032 0.021 1.187 5509.1 4.3296 13.769363 1.125128 14.2494 13.124272 -30.16 4.94 570.363403 585.29187 58506.15237 12.9 27268.0 25.466 44612.0 27.135 "" "" 0.00276570039560599 0.002968706 0.0038366453 0.006805351 52.84340081205 35.04367151705 577.591125 -1.4420000000000002 0.4689999999999999
51.18973033108 35.75747441537 0.3675 0.3224 55.8912 "" "" 222170141304011520 666.101318 1.5369 0.389 -8.754 -2.598 0.474 0.396 21.372 6211.0 3.7102 13.772633 1.004823 14.115781 13.110958 -56.15 4.52 562.293457 847.19696 58330.21508 240.55 30839.0 41.653 45162.0 39.845 "" "" 0.005257360572767286 0.0031520713 0.003898887 0.0070509585 51.18973033108 35.75747441537 666.101318 -8.753999999999998 -2.598
50.95328503885 35.74814646483 0.0203 0.0141 63.1028 "" "" 222180895902136576 686.07959 1.4139 0.0225 4.183 -4.878 0.024 0.018 1.256 5863.1 4.2684 13.774867 0.953937 14.165557 13.21162 9.73 4.29 675.877991 695.791809 58210.30001 20.185 29457.0 47.398 41163.0 45.066 "" "" 0.0027809232241524946 0.0032919748 0.003961906 0.0072538806 50.95328503885 35.74814646483 686.07959 4.183 -4.878
50.86415523809 34.12428450206 0.0223 0.0181 72.9401 "" "" 125767229523416704 769.388611 1.2685 0.024 12.008 -6.492 0.035 0.027 1.088 5964.0 4.0788 13.785216 0.86841 14.133701 13.265291 -17.63 6.04 754.220215 784.714539 57658.08892 12.656 30334.0 39.327 39178.0 30.659 "" "" 0.002765607678768549 0.003125131 0.0038737103 0.006998841 50.86415523809 34.12428450206 769.388611 12.008 -6.491999999999999
50.49702905838 35.20942768491 0.0166 0.0119 68.6084 "" "" 126083854511910272 533.708374 1.8285 0.0187 -1.754 5.5 0.019 0.016 1.054 5750.7 4.3738 13.789943 1.041349 14.225549 13.184199 20.7 3.49 529.126404 538.068176 57407.61176 10.869 27874.0 26.57 42216.0 30.268 "" "" 0.002762977642427971 0.0029759293 0.003858719 0.0068346485 50.49702905838 35.20942768491 533.708374 -1.7540000000000004 5.5
51.64833388181 36.25075263176 0.0527 0.0428 75.175 "" "" 222300055475197312 530.773438 1.851 0.0591 18.909 -13.584 0.063 0.055 3.064 "" "" 13.794786 1.083559 14.083333 12.999774 -6.41 7.06 515.604736 547.107361 57152.1089 30.74 31775.0 30.75 50032.0 44.144 "" "" 0.002816526017927546 0.0029814502 0.0038988995 0.0068803495 51.64833388181 36.25075263176 530.773438 18.909 -13.584
50.65891294935 35.62432003073 0.0201 0.0141 69.9273 "" "" 126099625631758208 520.125793 1.88 0.0213 15.922 -34.673 0.021 0.019 1.118 5905.8 4.4239 13.795885 1.134157 14.278728 13.14457 -62.95 3.84 515.283142 526.241394 57094.27615 11.552 26542.0 24.706 43785.0 23.078 "" "" 0.002764063738410929 0.0029675623 0.0038224617 0.006790024 50.65891294935 35.62432003073 520.125793 15.922 -34.673
50.89604242684 34.03956888948 0.0187 0.0179 75.7286 "" "" 125753863585205504 567.072021 1.7229 0.0231 14.009 -7.818 0.027 0.025 0.98 5317.2 4.327 13.802866 0.99116 14.212765 13.221604 -8.86 4.36 559.514343 575.835083 56728.37759 11.933 28204.0 26.754 40786.0 29.529 "" "" 0.0027647695292835005 0.0029741852 0.0038602636 0.006834449 50.89604242684 34.03956888948 567.072021 14.009 -7.8180000000000005
50.62163528398 34.84224691061 0.0189 0.0135 62.4225 "" "" 125993522759793024 738.619019 1.3129 0.0199 4.666 -4.269 0.023 0.016 1.057 5501.1 4.2064 13.8035 1.021454 14.228261 13.206807 -7.23 3.75 729.911072 748.468567 56695.2312 11.378 27804.0 36.213 41346.0 26.021 "" "" 0.002763922368085235 0.0031280569 0.0038406553 0.0069687124 50.62163528398 34.84224691061 738.619019 4.666 -4.269
52.2342063278 34.37258206004 0.022 0.0147 42.2484 "" "" 221054308799807744 652.694092 1.4969 0.0251 -1.132 0.683 0.026 0.018 0.974 5760.2 4.1789 13.809509 1.102023 14.276711 13.174687 -41.45 3.15 643.414978 662.717712 56382.32945 9.6307 26591.0 25.899 42588.0 23.075 "" "" 0.002761554463344649 0.0029838423 0.003824891 0.0068087336 52.2342063278 34.37258206004 652.694092 -1.132 0.683
51.17395198085 34.0072729596 0.0243 0.0141 69.469 "" "" 125704656143485696 629.306885 1.5488 0.0281 14.868 -2.978 0.026 0.018 1.029 5238.0 4.2611 13.812777 1.025741 14.239937 13.214196 -1.69 5.08 622.112 637.282349 56212.91347 11.464 27507.0 58.764 41066.0 42.376 "" "" 0.002764202945380599 0.0036283715 0.0039419485 0.00757032 51.17395198085 34.0072729596 629.306885 14.867999999999999 -2.9780000000000006
52.62604994756 35.48967956129 0.019 0.0139 46.7198 "" "" 221975046709356928 612.498169 1.5895 0.023 -6.03 -8.681 0.022 0.018 0.992 5915.6 4.2504 13.818198 1.051525 14.259372 13.207847 -68.68 3.72 602.905579 621.63623 55932.9176 10.1 27019.0 32.279 41307.0 30.515 "" "" 0.0027622865565434065 0.0030769352 0.0038635537 0.0069404887 52.62604994756 35.48967956129 612.498169 -6.029999999999999 -8.681
50.15937588563 35.29739057688 0.0177 0.014 85.8315 "" "" 138075609361022336 706.566528 1.3749 0.0193 9.185 -6.188 0.024 0.018 0.992 5898.0 4.2014 13.819815 0.960871 14.213473 13.252603 -8.75 4.21 696.357117 715.504395 55849.71202 14.032 28186.0 26.185 39638.0 28.556 "" "" 0.002768790692070531 0.00296689 0.0038594743 0.0068263644 50.15937588563 35.29739057688 706.566528 9.185 -6.187999999999999
53.06264708495 34.08102850997 0.0216 0.0138 81.0411 "" "" 220999917334195840 533.499207 1.8358 0.0239 -5.172 8.558 0.025 0.018 0.933 6216.4 4.1576 13.820798 1.285738 14.380594 13.094856 -47.42 3.66 527.014526 539.090332 55799.16718 11.955 24165.0 30.482 45837.0 36.86 "" "" 0.0027651222843487547 0.0031081734 0.003878921 0.0069870944 53.06264708495 34.08102850997 533.499207 -5.171999999999999 8.558
51.1780466918 34.96468258744 0.0202 0.0144 34.3104 "" "" 126007713331828864 663.035645 1.469 0.0216 -1.749 -1.381 0.025 0.018 1.115 5530.6 4.2726 13.8258 0.984028 14.232653 13.248625 -8.01 7.47 652.745972 671.722107 55542.68085 42.879 27692.0 75.914 39784.0 71.601 "" "" 0.002879991451692425 0.0040797093 0.0042546475 0.008334357 51.1780466918 34.96468258744 663.035645 -1.7489999999999999 -1.3810000000000002
51.06860156281 34.50135454674 0.0177 0.0131 50.1123 "" "" 125803169809635200 594.626892 1.6371 0.0191 -4.556 -3.661 0.021 0.017 1.043 5864.0 4.3594 13.82749 0.969317 14.225966 13.256649 16.06 4.28 588.196899 601.285217 55456.30902 11.068 27863.0 23.529 39491.0 33.451 "" "" 0.0027638279148728072 0.0029369488 0.00388967 0.0068266187 51.06860156281 34.50135454674 594.626892 -4.556000000000001 -3.661
50.47616856246 35.69644184398 0.0714 0.0592 79.7925 "" "" 138111137328956672 569.71582 1.7193 0.0811 1.098 -12.564 0.09 0.078 4.263 6013.7 4.4419 13.833815 1.014029 14.205382 13.191353 -1.04 4.61 545.641418 602.910828 55134.18033 39.206 28396.0 66.825 41939.0 76.857 "" "" 0.0028614470783531907 0.0037833226 0.004271144 0.008054467 50.47616856246 35.69644184398 569.71582 1.0980000000000008 -12.564000000000002
52.95472120795 33.95715093576 0.0201 0.014 82.8162 "" "" 220973907012262016 630.361938 1.5512 0.0222 4.328 -8.22 0.024 0.019 1.135 5764.8 4.0861 13.833984 1.581488 14.566465 12.984978 -50.38 2.37 620.312256 640.377258 55125.56883 12.595 20362.0 29.472 50719.0 27.341 "" "" 0.002766464667964703 0.0032022882 0.0038244328 0.007026721 52.95472120795 33.95715093576 630.361938 4.327999999999999 -8.22
52.31734726921 34.0450887955 0.0239 0.0149 61.9813 "" "" 221033452438788480 607.686584 1.5991 0.0235 -2.481 -7.427 0.031 0.02 1.08 5413.8 4.2634 13.835692 1.078219 14.288397 13.210177 -21.14 4.73 598.681763 616.507019 55038.91819 11.985 26306.0 41.396 41218.0 24.58 "" "" 0.0027654449801508686 0.0032717264 0.0038344418 0.007106168 52.31734726921 34.0450887955 607.686584 -2.4809999999999994 -7.427000000000001
51.17743001923 34.58924474548 0.022 0.0147 42.6388 "" "" 125805334473112448 681.828918 1.4219 0.0202 -1.966 -1.763 0.028 0.02 1.059 5875.1 4.3303 13.838737 0.957527 14.23206 13.274533 -18.88 5.12 671.098694 692.759949 54884.80712 20.519 27707.0 35.581 38846.0 40.508 "" "" 0.002785058573046805 0.0031191492 0.0039453236 0.007064473 51.17743001923 34.58924474548 681.828918 -1.9660000000000002 -1.763
53.04766328048 33.95612857564 0.1664 0.1232 85.9006 "" "" 220994346760481792 748.260864 1.4594 0.1848 -1.024 -5.088 0.229 0.171 9.787 7073.3 4.2778 13.842248 1.130143 14.287982 13.157839 -27.88 6.65 651.962402 883.915955 54707.59939 91.591 26316.0 39.756 43254.0 23.069 "" "" 0.0033008988291986056 0.0032365771 0.0038234857 0.007060063 53.04766328048 33.95612857564 748.260864 -1.0239999999999998 -5.087999999999999
51.79289846712 36.07749805435 0.019 0.0128 64.0936 "" "" 222247515137784448 628.057861 1.5478 0.021 19.725 -17.197 0.02 0.017 0.937 5740.1 4.2422 13.844027 1.072456 14.29764 13.225183 33.27 4.03 619.08429 635.90509 54618.01967 9.0382 26083.0 35.303 40652.0 27.56 "" "" 0.002761171840354439 0.0031535006 0.0038503937 0.007003894 51.79289846712 36.07749805435 628.057861 19.725000000000005 -17.197000000000003
52.50323709103 35.34700311194 0.0199 0.0153 36.8624 "" "" 221966044458029952 706.325012 1.3751 0.0236 8.203 -4.552 0.03 0.021 0.978 5451.9 4.2066 13.84511 1.097673 14.309118 13.211445 47.04 5.58 694.066406 716.322144 54563.55804 11.608 25809.0 22.508 41170.0 38.328 "" "" 0.0027649850452471656 0.0029464571 0.0039122137 0.006858671 52.50323709103 35.34700311194 706.325012 8.203 -4.551999999999999
53.06824799917 35.17894692308 0.0204 0.0144 59.4982 "" "" 221202261833585024 758.645386 1.2746 0.024 1.053 1.675 0.025 0.019 1.081 6395.6 4.2163 13.847995 0.956823 14.238141 13.281318 2.64 6.46 745.913147 773.465393 54418.76009 12.738 27552.0 22.848 38604.0 26.458 "" "" 0.0027670160269507374 0.0029318437 0.003851942 0.0067837858 53.06824799917 35.17894692308 758.645386 1.053 1.6749999999999998
52.63228226745 35.65011727504 0.0195 0.0154 53.3653 "" "" 222024765250749312 598.269226 1.6288 0.0237 3.443 -9.626 0.024 0.021 1.178 5791.9 4.305 13.849693 1.099178 14.312462 13.213284 -14.94 3.88 589.486389 606.616394 54333.73786 13.097 25730.0 18.627 41100.0 36.093 "" "" 0.0027677217158189426 0.0028987683 0.0038977975 0.006796566 52.63228226745 35.65011727504 598.269226 3.443 -9.626000000000001
52.82087049469 36.09102240755 0.0284 0.0155 79.5898 "" "" 222063523034050048 709.987732 1.3714 0.0303 2.627 -0.931 0.034 0.019 1.067 "" "" 13.856032 "" "" "" -34.98 8.5 697.154785 722.427551 54017.43854 28.503 "" "" "" "" "" "" 0.002814250686656194 "" "" "" 52.82087049469 36.09102240755 709.987732 2.627 -0.9310000000000002
51.18964230198 36.33215355282 0.021 0.0135 85.9791 "" "" 234232024378890752 761.890503 1.2691 0.0243 10.402 -5.81 0.019 0.016 0.947 5564.7 4.2154 13.856252 1.095973 14.319742 13.223769 13.2 2.93 750.580627 774.301392 54006.51062 9.3655 25558.0 41.095 40705.0 19.682 "" "" 0.0027617457482998916 0.0032913147 0.0038156696 0.007106984 51.18964230198 36.33215355282 761.890503 10.402 -5.81
52.80478033475 34.51043162753 0.0416 0.0306 54.8579 "" "" 221070801474287872 749.735352 1.3031 0.0461 -1.825 -2.293 0.049 0.041 2.537 "" "" 13.864946 1.087332 14.316419 13.229087 -36.14 5.3 721.40033 774.405151 53575.72492 12.053 25636.0 22.93 40506.0 23.367 "" "" 0.002766125827311021 0.0029543433 0.00383093 0.0067852736 52.80478033475 34.51043162753 749.735352 -1.8250000000000004 -2.293
