Clusters/ASCC_10/ASCC_10_stars_in_region.tsv
# %ECSV 1.0
# ---
# datatype:
# - name: RA_ICRS_1
#   unit: deg
#   datatype: float64
#   format: '{:15.11f}'
#   description: Right ascension (ICRS) at Ep=2016.0 (ra)
#   meta: !!omap
#   - {ucd: POS_EQ_RA_MAIN}
#   - {width: 15}
#   - {precision: '11'}
# - name: DE_ICRS_1
#   unit: deg
#   datatype: float64
#   format: '{:15.11f}'
#   description: Declination (ICRS) at Ep=2016.0 (dec)
#   meta: !!omap
#   - {ucd: POS_EQ_DEC_MAIN}
#   - {width: 15}
#   - {precision: '11'}
# - name: e_RA_ICRS
#   unit: mas
#   datatype: float64
#   format: '{:7.4f}'
#   description: Standard error of right ascension (ra_error)
#   meta: !!omap
#   - {ucd: ERROR}
#   - {width: 7}
#   - {precision: '4'}
# - name: e_DE_ICRS
#   unit: mas
#   datatype: float64
#   format: '{:7.4f}'
#   description: Standard error of declination (dec_error)
#   meta: !!omap
#   - {ucd: ERROR}
#   - {width: 7}
#   - {precision: '4'}
# - name: _r_1
#   unit: ''
#   datatype: float64
#   format: '{:7.4f}'
#   description: Distance from center (051.87371014000+35.01129721000)[ICRS], at Epoch=J2016.0
#   meta: !!omap
#   - {ucd: POS_ANG_DIST_GENERAL}
#   - {width: 7}
#   - {precision: '4'}
# - name: HIP
#   datatype: int32
#   description: '? HIP cross-id number, van Leeuwen, Cat. I/311 (hip_original_ext_source_id)'
#   meta: !!omap
#   - {ucd: ID_NUMBER}
#   - {width: 6}
#   - values: {'null': -2147483648}
# - name: TYC2
#   datatype: string
#   description: Tycho-2 cross-id name, Hog et al., Cat. I/259 (tyc2_original_ext_source_id)
#   meta: !!omap
#   - {ucd: ID_CROSSID}
#   - {_votable_string_dtype: char}
# - name: Source
#   datatype: int64
#   description: Source identifier, identical to the Gaia-EDR3 source_id (id)
#   meta: !!omap
#   - {ucd: ID_MAIN}
#   - {width: 19}
# - name: rgeo
#   unit: pc
#   datatype: float64
#   format: '{:15.8f}'
#   description: '? Median of the geometric distance posterior (r_med_geo)'
#   meta: !!omap
#   - {ucd: PHYS_DISTANCE_TRUE}
#   - {width: 15}
#   - {precision: '8'}
#   - values: {'null': .nan}
# - name: Plx
#   unit: mas
#   datatype: float64
#   format: '{:9.4f}'
#   description: '? Parallax (parallax)'
#   meta: !!omap
#   - {ucd: POS_PARLX_TRIG}
#   - {width: 9}
#   - {precision: '4'}
#   - values: {'null': .nan}
# - name: e_Plx
#   unit: mas
#   datatype: float32
#   format: '{:7.4f}'
#   description: '? Standard error of parallax (parallax_error)'
#   meta: !!omap
#   - {ucd: ERROR}
#   - {width: 7}
#   - {precision: '4'}
#   - values: {'null': .nan}
# - name: pmRA
#   unit: mas / yr
#   datatype: float64
#   format: '{:9.3f}'
#   description: '? Proper motion in right ascension direction, pmRA*cosDE (pmra)'
#   meta: !!omap
#   - {ucd: POS_EQ_PMRA}
#   - {width: 9}
#   - {precision: '3'}
#   - values: {'null': .nan}
# - name: pmDE
#   unit: mas / yr
#   datatype: float64
#   format: '{:9.3f}'
#   description: '? Proper motion in declination direction (pmdec)'
#   meta: !!omap
#   - {ucd: POS_EQ_PMDEC}
#   - {width: 9}
#   - {precision: '3'}
#   - values: {'null': .nan}
# - name: e_pmRA
#   unit: mas / yr
#   datatype: float32
#   format: '{:6.3f}'
#   description: '? Standard error of proper motion in right ascension direction (pmra_error)'
#   meta: !!omap
#   - {ucd: ERROR}
#   - {width: 6}
#   - {precision: '3'}
#   - values: {'null': .nan}
# - name: e_pmDE
[...]
#         unit: &id001 !astropy.units.Unit {unit: deg}
#         value: !astropy.table.SerializedColumn {name: SkyCoord.dec}
#       distance: !astropy.table.SerializedColumn
#         __class__: astropy.coordinates.distances.Distance
#         unit: !astropy.units.Unit {unit: pc}
#         value: !astropy.table.SerializedColumn {name: SkyCoord.distance}
#       frame: icrs
#       obstime: !astropy.time.Time {format: jyear_str, in_subfmt: '*', jd1: 367701545.0, jd2: 0.0, out_subfmt: '*', precision: 3, scale: tt}
#       pm_dec: !astropy.table.SerializedColumn
#         __class__: astropy.units.quantity.Quantity
#         unit: !astropy.units.Unit {unit: mas / yr}
#         value: !astropy.table.SerializedColumn {name: SkyCoord.pm_dec}
#       pm_ra_cosdec: !astropy.table.SerializedColumn
#         __class__: astropy.units.quantity.Quantity
#         unit: !astropy.units.Unit {unit: mas / yr}
#         value: !astropy.table.SerializedColumn {name: SkyCoord.pm_ra_cosdec}
#       ra: !astropy.table.SerializedColumn
#         __class__: astropy.coordinates.angles.Longitude
#         unit: *id001
#         value: !astropy.table.SerializedColumn {name: SkyCoord.ra}
#         wrap_angle: !astropy.coordinates.Angle
#           unit: *id001
#           value: 360.0
#       representation_type: spherical
# schema: astropy-2.0
RA_ICRS_1 DE_ICRS_1 e_RA_ICRS e_DE_ICRS _r_1 HIP TYC2 Source rgeo Plx e_Plx pmRA pmDE e_pmRA e_pmDE RUWE Teff logg Gmag BP-RP BPmag RPmag RV e_RV b_rgeo B_rgeo FG e_FG FBP e_FBP FRP e_FRP RAVE5 RAVE6 e_Gmag e_BPmag e_RPmag e_BP-RP SkyCoord.ra SkyCoord.dec SkyCoord.distance SkyCoord.pm_ra_cosdec SkyCoord.pm_dec
[from data line 1458]
53.24790877941 35.658718329 0.0683 0.0526 77.6728 "" "" 221989134202162816 718.906677 1.3714 0.0737 -2.743 -5.599 0.081 0.07 0.989 4445.3 4.7401 16.851427 1.523832 17.567448 16.043615 "" "" 687.478394 756.199524 3422.75617 2.4641 1283.6 11.473 3031.9 11.217 "" "" 0.0028640443669707013 0.010097608 0.0055153286 0.015612937 53.24790877941 35.658718329 718.906677 -2.742999999999999 -5.598999999999998
52.08516628492 35.62527407045 0.1382 0.1791 38.2655 "" "" 221941820841447040 597.568359 1.6717 0.1247 -7.453 7.49 0.233 0.284 0.964 "" "" 16.85549 "" "" "" "" "" 553.366516 650.058899 3409.97471 5.3464 "" "" "" "" "" "" 0.00323876431799023 "" "" "" 52.08516628492 35.62527407045 597.568359 -7.453000000000001 7.49
51.55224842522 33.89965273142 0.0761 0.0658 68.5684 "" "" 125691191422524928 621.516296 1.5868 0.0995 0.53 -5.727 0.114 0.103 1.062 3667.1 4.2764 16.858597 1.88709 17.782503 15.895413 "" "" 589.004944 657.219727 3400.2277 2.929 1053.0 14.188 3475.3 12.279 "" "" 0.0029097274784028546 0.014892788 0.0053851404 0.020277929 51.55224842522 33.89965273142 621.516296 0.53 -5.727
52.93595647508 35.10799247404 0.0713 0.0566 52.4917 "" "" 221195046288547712 687.033752 1.4161 0.0806 1.096 1.068 0.108 0.082 1.114 3642.0 4.0846 16.859789 1.918826 17.791426 15.8726 "" "" 650.962341 729.811462 3396.49543 3.0539 1044.4 11.943 3549.1 14.241 "" "" 0.0029231483935776227 0.012725344 0.0057674595 0.018492803 52.93595647508 35.10799247404 687.033752 1.096 1.068
51.81474685614 36.0169398534 0.0712 0.0508 60.4072 "" "" 222247034101581312 593.885254 1.667 0.0803 15.328 -14.534 0.081 0.066 0.95 4397.1 4.6673 16.86094 1.901677 17.817448 15.915771 "" "" 570.114075 623.67804 3392.89548 2.5721 1019.6 12.716 3410.8 16.162 "" "" 0.0028756301654640232 0.013825297 0.0063837324 0.02020903 51.81474685614 36.0169398534 593.885254 15.328000000000003 -14.534
51.97069551823 35.94700104906 0.1002 0.0742 56.3418 "" "" 222232469869554048 587.196289 1.7296 0.116 4.151 -0.349 0.112 0.096 1.318 4405.9 4.8444 16.863504 1.509417 17.509745 16.000328 "" "" 538.863831 634.008667 3384.89312 5.2477 1353.7 18.555 3155.2 12.385 "" "" 0.003228794922038177 0.015141351 0.0056962003 0.020837551 51.97069551823 35.94700104906 587.196289 4.151 -0.34899999999999975
51.66083951492 34.46942632686 0.068 0.0552 34.1643 "" "" 125747129076294016 677.518921 1.4458 0.0859 14.472 -0.867 0.099 0.073 0.968 4413.2 4.5905 16.864914 1.843804 17.773384 15.92958 "" "" 643.158386 719.018494 3380.50341 2.6457 1061.8 14.956 3367.6 18.945 "" "" 0.002883372852584932 0.015545595 0.007182707 0.022728302 51.66083951492 34.46942632686 677.518921 14.471999999999998 -0.8669999999999992
52.50148558093 34.36371550772 0.0789 0.0569 49.6884 "" "" 221056988859512704 572.418091 1.7329 0.0874 -7.997 -5.268 0.101 0.072 0.981 4442.0 4.6095 16.866987 1.90543 17.81866 15.913231 "" "" 547.496277 604.38385 3374.0508 2.8688 1018.5 10.337 3418.7 10.947 "" "" 0.0029058557934119223 0.0113671515 0.005135239 0.016502392 52.50148558093 34.36371550772 572.418091 -7.997 -5.267999999999999
50.96979274306 35.67012579899 0.0779 0.0608 59.3279 "" "" 222162891399244288 528.838196 1.854 0.0903 12.473 -5.318 0.104 0.084 1.127 4150.7 4.6733 16.868103 2.03114 17.921396 15.890256 "" "" 508.291443 556.002991 3370.58633 2.5193 926.53 10.836 3491.9 13.498 "" "" 0.0028723427011244414 0.013000889 0.0056478283 0.018648718 50.96979274306 35.67012579899 528.838196 12.473000000000003 -5.3180000000000005
50.67325867814 34.45611172161 0.1988 0.1387 67.9211 "" "" 125964243966149504 671.617004 1.5357 0.226 0.191 -4.723 0.211 0.174 2.827 4135.2 4.6846 16.872667 1.889209 17.769361 15.880153 "" "" 570.246826 804.861328 3356.44741 10.5 1065.8 11.226 3524.5 12.796 "" "" 0.004373570010769451 0.0117714405 0.0054609496 0.01723239 50.67325867814 34.45611172161 671.617004 0.19099999999999984 -4.722999999999999
52.74941402844 35.66626721034 0.0757 0.0621 58.1495 "" "" 221978100429801856 685.435974 1.4492 0.09 2.108 -10.992 0.092 0.078 1.052 4356.9 4.6662 16.875414 1.819028 17.762547 15.943519 "" "" 640.459839 719.983704 3347.96886 2.8626 1072.5 12.349 3324.7 9.8872 "" "" 0.0029075059236678504 0.012808987 0.004970822 0.017779808 52.74941402844 35.66626721034 685.435974 2.1079999999999997 -10.992
52.04583141357 35.23667140212 0.0667 0.0495 15.9438 "" "" 221915363843742720 574.170776 1.7158 0.0789 14.466 -12.127 0.094 0.067 1.015 4404.0 4.675 16.875547 1.83672 17.778337 15.941618 "" "" 549.984741 612.211487 3347.55348 2.5305 1057.0 14.584 3330.5 10.524 "" "" 0.0028749601494870458 0.015238112 0.005104325 0.020342436 52.04583141357 35.23667140212 574.170776 14.465999999999998 -12.126999999999999
52.0358742538 34.90873143836 0.071 0.0575 10.0726 "" "" 221837126719557632 634.32782 1.5779 0.0841 17.044 -12.261 0.082 0.073 1.024 4357.3 4.5653 16.877361 1.90012 17.826767 15.926647 "" "" 606.20697 676.996826 3341.96497 2.6162 1010.9 7.7101 3376.8 15.881 "" "" 0.002883436202051237 0.008738301 0.0063527063 0.015091008 52.0358742538 34.90873143836 634.32782 17.044000000000004 -12.261
50.91427088675 35.68799019371 0.0779 0.0528 62.0726 "" "" 222174775572098560 703.478149 1.4224 0.0844 9.555 -14.12 0.105 0.072 1.064 4277.3 4.6242 16.881536 1.706345 17.706387 16.000042 "" "" 673.10553 745.835632 3329.13979 2.4737 1129.4 15.294 3156.0 12.939 "" "" 0.002870999118679253 0.014965123 0.005839341 0.020804463 50.91427088675 35.68799019371 703.478149 9.554999999999998 -14.119999999999997
53.08480213521 34.9253228045 0.1031 0.0747 59.7698 "" "" 221177625901217664 741.39856 1.3338 0.1109 8.488 -3.181 0.161 0.109 1.535 3645.6 4.099 16.884819 1.940532 17.840849 15.900317 "" "" 692.385132 791.749817 3319.08833 5.6314 997.88 11.591 3459.6 12.346 "" "" 0.0033144015375448257 0.012916465 0.005412587 0.018329052 53.08480213521 34.9253228045 741.39856 8.488 -3.181
52.88691970489 35.9371036867 0.0696 0.0521 74.4078 "" "" 222058506513768576 730.354187 1.3728 0.0761 5.344 -4.545 0.093 0.071 0.977 4465.5 4.6722 16.888351 1.760015 17.757212 15.997197 "" "" 690.170532 765.618896 3308.30985 2.6204 1077.8 13.911 3164.3 17.111 "" "" 0.00288640710803758 0.014288501 0.006982403 0.021270905 52.88691970489 35.9371036867 730.354187 5.343999999999999 -4.545000000000001
52.04824196249 35.03232296159 0.0733 0.0584 8.6681 "" "" 221908659399082240 620.180603 1.5878 0.0867 -0.742 -14.658 0.094 0.083 1.049 4200.6 4.5511 16.889116 2.00591 17.909452 15.903543 "" "" 586.344727 648.285828 3305.97831 3.4196 936.78 10.499 3449.4 13.173 "" "" 0.0029754047948843338 0.01248422 0.005610339 0.018094558 52.04824196249 35.03232296159 620.180603 -0.7419999999999995 -14.658
51.32041456949 34.99462245851 0.0716 0.0596 27.2114 "" "" 222084070159728128 543.15155 1.8109 0.0813 -7.15 -25.271 0.088 0.074 0.952 4158.0 4.6433 16.891182 1.964023 17.881357 15.917335 "" "" 521.903381 566.964844 3299.69381 2.9197 961.33 15.281 3405.8 12.583 "" "" 0.0029180024773259178 0.017482609 0.0055113127 0.022993922 51.32041456949 34.99462245851 543.15155 -7.149999999999998 -25.271
51.11209367598 35.16630236124 0.0784 0.0595 38.5312 "" "" 126024888905115776 684.204285 1.4454 0.0904 0.882 -11.544 0.106 0.084 0.998 4422.7 4.5801 16.892372 1.716324 17.723843 16.007519 "" "" 645.963074 737.00946 3296.0789 2.808 1111.4 11.732 3134.4 11.605 "" "" 0.0029064314656310113 0.011795832 0.005517545 0.017313376 51.11209367598 35.16630236124 684.204285 0.8819999999999997 -11.544
50.87771508859 34.62862822838 0.0803 0.0535 54.1663 "" "" 125973009996193408 581.774536 1.6882 0.088 -1.659 -1.265 0.097 0.074 1.126 4343.2 4.6208 16.894547 1.849639 17.807636 15.957997 "" "" 551.928162 612.298218 3289.48771 2.8011 1028.9 8.6172 3280.6 18.44 "" "" 0.002906296509994771 0.009511653 0.0071783266 0.01668998 50.87771508859 34.62862822838 581.774536 -1.6589999999999998 -1.265
51.59942566009 33.89599263983 0.0802 0.0554 68.2803 "" "" 125691260142000256 757.167358 1.3026 0.0974 -6.078 -9.501 0.091 0.076 1.008 4455.4 4.6136 16.894669 1.647862 17.697697 16.049835 "" "" 697.006531 835.133057 3289.11434 2.7521 1138.5 11.447 3014.6 24.913 "" "" 0.0029012244265675478 0.011267419 0.009736125 0.021003544 51.59942566009 33.89599263983 757.167358 -6.077999999999999 -9.501
53.26858981057 35.64625074975 0.0725 0.064 78.1884 "" "" 221988859324256384 647.339172 1.5145 0.0803 5.642 1.539 0.094 0.09 1.028 4233.5 4.6842 16.896082 1.962073 17.879175 15.917102 "" "" 611.666809 679.750183 3284.83607 2.6989 963.27 9.8298 3406.6 10.943 "" "" 0.002896130633350739 0.011425446 0.005142743 0.016568188 53.26858981057 35.64625074975 647.339172 5.642000000000001 1.5389999999999997
51.84275480316 35.96830375894 0.073 0.0548 57.4403 "" "" 222243361906493312 769.270325 1.2981 0.0833 13.549 -2.251 0.084 0.073 1.015 3681.3 4.2516 16.897274 1.964566 17.882109 15.917542 "" "" 721.700195 830.024841 3281.23203 2.562 960.67 9.2775 3405.2 12.464 "" "" 0.0028827877328707224 0.010850192 0.0054842704 0.016334463 51.84275480316 35.96830375894 769.270325 13.549 -2.251
50.40291287729 35.51943726781 0.0654 0.0556 78.237 "" "" 138101825841458560 655.610718 1.4944 0.0777 8.377 -4.868 0.079 0.074 0.971 3670.8 4.0693 16.898315 2.067877 17.949638 15.881762 "" "" 629.100708 688.894409 3278.08588 4.0125 902.74 7.1595 3519.3 16.736 "" "" 0.0030590818151393175 0.0090515865 0.006398629 0.015450215 50.40291287729 35.51943726781 655.610718 8.377 -4.868
51.37722657751 34.24684690476 0.0774 0.0543 52.0057 "" "" 125737297895155712 665.804199 1.5024 0.0917 -10.086 -6.715 0.096 0.07 1.015 4428.1 4.5455 16.900305 1.704218 17.71308 16.008862 "" "" 635.449829 707.875671 3272.08907 2.8177 1122.5 15.037 3130.5 17.771 "" "" 0.0029096293962285473 0.014809721 0.0072299098 0.022039631 51.37722657751 34.24684690476 665.804199 -10.086000000000002 -6.714999999999999
53.09030163979 34.89490070828 0.0739 0.0501 60.2345 "" "" 221177316663575296 628.031006 1.5533 0.0784 8.491 -18.045 0.102 0.069 1.045 4218.0 4.6457 16.902199 2.20627 18.062254 15.855984 "" "" 595.238953 665.67981 3266.38594 2.7147 813.8 13.366 3603.8 10.258 "" "" 0.0028993169114715184 0.018049294 0.0048820907 0.022931386 53.09030163979 34.89490070828 628.031006 8.491000000000003 -18.045
51.54229899505 35.2781654705 0.0706 0.0542 22.8202 "" "" 222094378081302912 709.478455 1.3787 0.0775 4.513 -18.043 0.082 0.073 1.022 3693.1 4.064 16.906548 1.788841 17.779888 15.991047 "" "" 675.032593 751.92865 3253.32736 2.4967 1055.5 10.852 3182.3 9.9186 "" "" 0.002878550894790444 0.01150629 0.0050730025 0.016579293 51.54229899505 35.2781654705 709.478455 4.512999999999997 -18.043
52.29952152525 35.92088880214 0.0664 0.0491 58.4076 "" "" 222046240087084416 657.554443 1.4985 0.0773 -3.719 5.879 0.09 0.068 0.997 4485.6 4.6343 16.910122 1.800183 17.793922 15.993739 "" "" 626.211304 693.10968 3242.63441 2.6176 1042.0 14.566 3174.4 9.2243 "" "" 0.0028913599980922356 0.01543172 0.00492317 0.02035489 52.29952152525 35.92088880214 657.554443 -3.7190000000000003 5.879
53.17685630168 34.60354882152 0.0928 0.0597 68.7017 "" "" 221122238001557504 698.078003 1.4333 0.0967 -6.758 -8.266 0.128 0.078 1.076 "" "" 16.910702 "" "" "" "" "" 660.867798 747.948181 3240.90488 3.1198 "" "" "" "" "" "" 0.002946889698439759 "" "" "" 53.17685630168 34.60354882152 698.078003 -6.757999999999998 -8.265999999999998
52.64897340879 34.31425551767 0.0763 0.0497 56.6824 "" "" 221041385242960640 667.440247 1.4585 0.0833 8.056 5.061 0.091 0.064 1.018 4354.0 4.6777 16.915146 1.774277 17.788961 16.014685 "" "" 632.831177 704.701965 3227.66233 2.5405 1046.7 9.3305 3113.8 12.353 "" "" 0.002884805954997121 0.010072634 0.0057303263 0.01580296 52.64897340879 34.31425551767 667.440247 8.056000000000001 5.060999999999999
53.14201888925 35.48810661114 0.0667 0.0503 68.4134 "" "" 221981540700002944 732.908997 1.3394 0.0753 2.954 -7.841 0.083 0.068 0.958 4323.4 4.6286 16.91702 1.75415 17.763336 16.009186 "" "" 696.423035 774.413513 3222.09578 2.3941 1071.7 12.658 3129.6 11.936 "" "" 0.0028709932957532063 0.013123813 0.0056063123 0.018730126 53.14201888925 35.48810661114 732.908997 2.9540000000000006 -7.840999999999999
52.85502760181 34.32385435867 0.0767 0.0537 63.6103 "" "" 221018639096166784 769.167297 1.2764 0.0908 -3.471 -7.408 0.08 0.063 0.997 4324.5 4.5146 16.917692 1.972395 17.905056 15.932661 "" "" 716.887268 827.230835 3220.10311 2.7248 940.58 11.754 3358.1 12.583 "" "" 0.0029044550623054323 0.01385187 0.0055529214 0.019404791 52.85502760181 34.32385435867 769.167297 -3.471 -7.4079999999999995
50.59427831637 35.09416203658 0.0733 0.0565 63.0383 "" "" 126067602355674368 641.399048 1.5359 0.0816 2.505 -12.774 0.093 0.074 0.972 4229.2 4.6748 16.930237 1.899661 17.874825 15.975163 "" "" 611.807617 678.926147 3183.11543 2.8569 967.13 6.8973 3229.2 19.951 "" "" 0.002922562998571153 0.0082305325 0.007699428 0.01592996 50.59427831637 35.09416203658 641.399048 2.5050000000000003 -12.774
50.50271780132 34.57337651451 0.0708 0.0577 72.4828 "" "" 125980981455336448 681.119812 1.4681 0.0842 2.142 -2.12 0.082 0.072 0.949 4525.9 4.5685 16.931902 1.603003 17.702042 16.09904 "" "" 643.455078 723.384155 3178.23629 2.4352 1134.0 12.373 2881.0 18.011 "" "" 0.002878168191363096 0.012170545 0.0077688987 0.019939443 50.50271780132 34.57337651451 681.119812 2.142 -2.12
52.9371127913 34.41341835343 0.0664 0.0533 63.5421 "" "" 221025240461220352 628.360779 1.5675 0.0758 4.13 3.803 0.079 0.068 1.022 4345.1 4.5114 16.932364 1.993424 17.948277 15.954852 "" "" 603.626465 658.628113 3176.883 2.6098 903.87 12.762 3290.2 15.845 "" "" 0.0028960881983427105 0.01558167 0.0064515965 0.022033267 52.9371127913 34.41341835343 628.360779 4.13 3.803
53.08748952185 35.58402496205 0.0706 0.0513 68.6561 "" "" 221985320271216640 745.775574 1.336 0.078 -0.345 -0.645 0.081 0.069 1.049 4494.2 4.6717 16.937767 1.779202 17.811148 16.031946 "" "" 700.70874 796.50061 3161.11401 2.763 1025.6 12.282 3064.6 12.166 "" "" 0.0029141697654581685 0.013298162 0.0057325065 0.019030668 53.08748952185 35.58402496205 745.775574 -0.3449999999999999 -0.645
52.64871882284 35.64806967986 0.0678 0.0537 53.8413 "" "" 222024795313809024 658.147522 1.497 0.0794 -6.326 -0.297 0.093 0.077 0.944 4472.4 4.5568 16.94091 1.672781 17.748312 16.075531 "" "" 624.379089 692.379578 3151.97308 2.7121 1086.7 10.252 2944.1 16.934 "" "" 0.002909389936476501 0.010616129 0.0072995583 0.017915688 52.64871882284 35.64806967986 658.147522 -6.325999999999999 -0.29700000000000015
52.2006193072 36.28452090299 0.0775 0.0566 78.0383 "" "" 222277584206081408 753.681335 1.2996 0.0829 17.124 -11.37 0.107 0.087 0.989 4188.6 4.7389 16.948944 1.617397 17.705568 16.088171 "" "" 711.28241 798.501831 3128.73549 2.4558 1130.3 15.01 2910.0 9.5126 "" "" 0.0028841042584175345 0.014685699 0.0051846458 0.019870345 52.2006193072 36.28452090299 753.681335 17.124000000000002 -11.369999999999997
51.97120128117 35.96626046149 0.0739 0.0677 57.4954 "" "" 222232504229290624 684.991882 1.4315 0.0951 2.905 0.462 0.099 0.097 0.93 4199.9 4.723 16.949654 1.707451 17.766851 16.0594 "" "" 647.535156 724.766357 3126.69396 2.6062 1068.3 11.654 2988.1 11.663 "" "" 0.0029001391736079665 0.012168416 0.005678256 0.017846672 51.97120128117 35.96626046149 684.991882 2.9050000000000002 0.46200000000000013
51.77596346921 35.96845405379 0.0791 0.0538 57.6276 "" "" 222243529408229504 712.890564 1.3788 0.0885 -3.742 -3.806 0.088 0.069 0.968 4465.7 4.5348 16.950808 1.777897 17.836733 16.058836 "" "" 668.911987 759.475464 3123.371 2.5711 1001.7 10.559 2989.7 19.646 "" "" 0.0028966518458477942 0.011780034 0.008073817 0.01985385 51.77596346921 35.96845405379 712.890564 -3.7419999999999995 -3.806
52.48403053712 35.18192306563 0.0895 0.0641 31.662 "" "" 221867913045271552 633.899292 1.5392 0.1023 16.758 6.196 0.129 0.09 1.153 4447.1 4.6217 16.952635 1.810013 17.84731 16.037296 "" "" 593.570312 674.428833 3118.11979 2.7285 991.96 11.526 3049.6 15.291 "" "" 0.0029145191250049564 0.012920488 0.0066272733 0.01954776 52.48403053712 35.18192306563 633.899292 16.758 6.195999999999999
