Clusters/UBC_341/UBC_341_members.tsv
# %ECSV 1.0
# ---
# datatype:
# - name: RA_ICRS_1
#   unit: deg
#   datatype: float64
#   format: '{:15.11f}'
#   description: Right ascension (ICRS) at Ep=2016.0 (ra)
#   meta: !!omap
#   - {ucd: POS_EQ_RA_MAIN}
#   - {width: 15}
#   - {precision: '11'}
# - name: DE_ICRS_1
#   unit: deg
#   datatype: float64
#   format: '{:15.11f}'
#   description: Declination (ICRS) at Ep=2016.0 (dec)
#   meta: !!omap
#   - {ucd: POS_EQ_DEC_MAIN}
#   - {width: 15}
#   - {precision: '11'}
# - name: e_RA_ICRS
#   unit: mas
#   datatype: float64
#   format: '{:7.4f}'
#   description: Standard error of right ascension (ra_error)
#   meta: !!omap
#   - {ucd: ERROR}
#   - {width: 7}
#   - {precision: '4'}
# - name: e_DE_ICRS
#   unit: mas
#   datatype: float64
#   format: '{:7.4f}'
#   description: Standard error of declination (dec_error)
#   meta: !!omap
#   - {ucd: ERROR}
#   - {width: 7}
#   - {precision: '4'}
# - name: _r_1
#   unit: ''
#   datatype: float64
#   format: '{:7.4f}'
#   description: Distance from center (276.44930694000-17.07689422000)[ICRS], at Epoch=J2016.0
#   meta: !!omap
#   - {ucd: POS_ANG_DIST_GENERAL}
#   - {width: 7}
#   - {precision: '4'}
# - name: HIP
#   datatype: int32
#   description: '? HIP cross-id number, van Leeuwen, Cat. I/311 (hip_original_ext_source_id)'
#   meta: !!omap
#   - {ucd: ID_NUMBER}
#   - {width: 6}
#   - values: {'null': -2147483648}
# - name: TYC2
#   datatype: string
#   description: Tycho-2 cross-id name, Hog et al., Cat. I/259 (tyc2_original_ext_source_id)
#   meta: !!omap
#   - {ucd: ID_CROSSID}
#   - {_votable_string_dtype: char}
# - name: Source
#   datatype: int64
#   description: Source identifier, identical to the Gaia-EDR3 source_id (id)
#   meta: !!omap
#   - {ucd: ID_MAIN}
#   - {width: 19}
# - name: rgeo
#   unit: pc
#   datatype: float64
#   format: '{:15.8f}'
#   description: '? Median of the geometric distance posterior (r_med_geo)'
#   meta: !!omap
#   - {ucd: PHYS_DISTANCE_TRUE}
#   - {width: 15}
#   - {precision: '8'}
#   - values: {'null': .nan}
# - name: Plx
#   unit: mas
#   datatype: float64
#   format: '{:9.4f}'
#   description: '? Parallax (parallax)'
#   meta: !!omap
#   - {ucd: POS_PARLX_TRIG}
#   - {width: 9}
#   - {precision: '4'}
#   - values: {'null': .nan}
# - name: e_Plx
#   unit: mas
#   datatype: float32
#   format: '{:7.4f}'
#   description: '? Standard error of parallax (parallax_error)'
#   meta: !!omap
#   - {ucd: ERROR}
#   - {width: 7}
#   - {precision: '4'}
#   - values: {'null': .nan}
# - name: pmRA
#   unit: mas / yr
#   datatype: float64
#   format: '{:9.3f}'
#   description: '? Proper motion in right ascension direction, pmRA*cosDE (pmra)'
#   meta: !!omap
#   - {ucd: POS_EQ_PMRA}
#   - {width: 9}
#   - {precision: '3'}
#   - values: {'null': .nan}
# - name: pmDE
#   unit: mas / yr
#   datatype: float64
#   format: '{:9.3f}'
#   description: '? Proper motion in declination direction (pmdec)'
#   meta: !!omap
#   - {ucd: POS_EQ_PMDEC}
#   - {width: 9}
#   - {precision: '3'}
#   - values: {'null': .nan}
# - name: e_pmRA
#   unit: mas / yr
#   datatype: float32
#   format: '{:6.3f}'
#   description: '? Standard error of proper motion in right ascension direction (pmra_error)'
#   meta: !!omap
#   - {ucd: ERROR}
#   - {width: 6}
#   - {precision: '3'}
#   - values: {'null': .nan}
# - name: e_pmDE
[...]
#       distance: !astropy.table.SerializedColumn
#         __class__: astropy.coordinates.distances.Distance
#         unit: !astropy.units.Unit {unit: pc}
#         value: !astropy.table.SerializedColumn {name: SkyCoord.distance}
#       frame: icrs
#       obstime: !astropy.time.Time {format: jyear_str, in_subfmt: '*', jd1: 367701545.0, jd2: 0.0, out_subfmt: '*', precision: 3, scale: tt}
#       pm_dec: !astropy.table.SerializedColumn
#         __class__: astropy.units.quantity.Quantity
#         unit: !astropy.units.Unit {unit: mas / yr}
#         value: !astropy.table.SerializedColumn {name: SkyCoord.pm_dec}
#       pm_ra_cosdec: !astropy.table.SerializedColumn
#         __class__: astropy.units.quantity.Quantity
#         unit: !astropy.units.Unit {unit: mas / yr}
#         value: !astropy.table.SerializedColumn {name: SkyCoord.pm_ra_cosdec}
#       ra: !astropy.table.SerializedColumn
#         __class__: astropy.coordinates.angles.Longitude
#         unit: *id001
#         value: !astropy.table.SerializedColumn {name: SkyCoord.ra}
#         wrap_angle: !astropy.coordinates.Angle
#           unit: *id001
#           value: 360.0
#       representation_type: spherical
# schema: astropy-2.0
RA_ICRS_1 DE_ICRS_1 e_RA_ICRS e_DE_ICRS _r_1 HIP TYC2 Source rgeo Plx e_Plx pmRA pmDE e_pmRA e_pmDE RUWE Teff logg Gmag BP-RP BPmag RPmag RV e_RV b_rgeo B_rgeo FG e_FG FBP e_FBP FRP e_FRP RAVE5 RAVE6 e_Gmag e_BPmag e_RPmag e_BP-RP SkyCoord.ra SkyCoord.dec SkyCoord.distance SkyCoord.pm_ra_cosdec SkyCoord.pm_dec rmRA rmDE e_rmRA e_rmDE rRV e_rRV v_pec v_pec3d e_vpec e_vpec3d Pmemb
[from data line 31]
276.2604032976 -17.11266547623 0.0193 0.0166 11.044 "" "" 4096899970042658688 1947.85327 0.4705 0.0204 -0.221 -1.557 0.025 0.02 1.047 "" "" 14.102785 1.176395 14.598489 13.422094 "" "" 1872.14929 2023.04443 43036.06194 11.209 19771.0 36.703 33909.0 24.02 "" "" 0.002769793782112511 0.0034420283 0.0038568433 0.007298872 276.2604032976 -17.11266547623 1947.85327 -0.22100000000000017 -1.5570000000000006 -0.02116666650772095 -0.03288455677032465 0.12200574 0.117005736 "" "" 0.36107566930652496 "" 0.042784681158632806 "" 0.94
276.45715498406 -17.08097807721 0.0206 0.0183 0.5125 "" "" 4096897942817441152 1954.15735 0.4737 0.0234 -0.152 -1.487 0.025 0.02 1.037 "" "" 14.141606 1.251865 14.673397 13.421532 "" "" 1875.01172 2037.50183 41524.47731 60.383 18453.0 95.571 33927.0 120.82 "" "" 0.003175608144144827 0.006277373 0.0054068035 0.0116841765 276.45715498406 -17.08097807721 1954.15735 -0.15200000000000014 -1.487 0.047833333492279057 0.037115443229675193 0.12200574 0.117005736 "" "" 0.560801872989985 "" 0.0673809639555995 "" 0.96
276.55759722697 -16.91584997381 0.0229 0.0207 11.4881 "" "" 4096925258812232064 1864.90344 0.4941 0.0243 -0.225 -1.437 0.029 0.023 1.028 "" "" 14.239297 1.038386 14.663631 13.625244 "" "" 1774.81848 1942.85596 37951.42513 12.871 18619.0 20.896 28123.0 18.459 "" "" 0.002779815835604071 0.0030446392 0.003845983 0.006890622 276.55759722697 -16.91584997381 1864.90344 -0.22500000000000003 -1.436999999999999 -0.025166666507720953 0.08711544322967524 0.12600574 0.12000574 "" "" 0.8015592263680008 "" 0.09657067954736627 "" 0.95
276.50857639845 -16.99699607273 0.0213 0.0184 5.8773 "" "" 4096922922349563008 2088.40308 0.44 0.0228 -0.193 -1.514 0.026 0.021 0.974 "" "" 14.278123 1.250917 14.812569 13.561651 "" "" 1992.53333 2214.36353 36618.24797 10.719 16233.0 35.173 29819.0 30.244 "" "" 0.0027735895239455483 0.0036495808 0.003936546 0.0075861267 276.50857639845 -16.99699607273 2088.40308 -0.193 -1.514 0.006833333492279048 0.01011544322967528 0.12300574 0.11800574 "" "" 0.12083981388214239 "" 0.014451835370409524 "" 0.94
276.41650478575 -17.04987165194 0.0219 0.0184 2.4837 "" "" 4096899042329214464 1873.74219 0.4983 0.0239 -0.246 -1.442 0.027 0.021 0.945 "" "" 14.34285 1.34506 14.930937 13.585876 "" "" 1782.46338 1980.20569 34499.04053 23.56 14556.0 37.686 29161.0 54.315 "" "" 0.0028533426973586036 0.0039606593 0.0042864145 0.008247074 276.41650478575 -17.04987165194 1873.74219 -0.246 -1.442 -0.046166666507720944 0.08211544322967534 0.12400574 0.11800574 "" "" 0.8366723261814044 "" 0.09996081419168211 "" 0.93
276.51588911087 -17.05940036449 0.0216 0.0189 3.9606 "" "" 4096921509262012800 1857.23352 0.5007 0.0242 -0.294 -1.514 0.026 0.021 0.993 "" "" 14.417166 1.301093 14.972888 13.671795 "" "" 1785.78381 1944.39661 32216.66726 12.047 14004.0 19.702 26943.0 56.804 "" "" 0.0027850714172953156 0.0031809304 0.0044185435 0.007599474 276.51588911087 -17.05940036449 1857.23352 -0.294 -1.514 -0.09416666650772093 0.01011544322967528 0.12300574 0.11800574 "" "" 0.8337453198152314 "" 0.10250886123627338 "" 0.94
276.49967303692 -17.0962345675 0.0219 0.0191 3.113 "" "" 4096921135643126528 1822.08533 0.5004 0.0246 -0.249 -1.644 0.027 0.021 1.035 7959.2 3.448 14.435009 1.233227 14.9575 13.724274 "" "" 1739.49939 1914.31409 31691.52397 11.14 14204.0 20.326 25671.0 23.66 "" "" 0.0027816266606598902 0.0031935896 0.0039096153 0.0071032047 276.49967303692 -17.0962345675 1822.08533 -0.24900000000000003 -1.6439999999999988 -0.049166666507720946 -0.11988455677032461 0.12400574 0.11800574 "" "" 1.1190979702786168 "" 0.1330476268004827 "" 0.93
276.36849488696 -17.00291369012 0.0228 0.0194 6.4183 "" "" 4096902336528363392 1907.05981 0.4843 0.0253 -0.289 -1.532 0.028 0.022 0.992 7928.2 3.9646 14.453197 1.090987 14.898055 13.807068 "" "" 1832.66382 1995.66125 31165.05136 8.5666 15004.0 31.851 23787.0 54.807 "" "" 0.002771436285215976 0.0036190224 0.0045323074 0.00815133 276.36849488696 -17.00291369012 1907.05981 -0.2889999999999999 -1.5320000000000018 -0.08916666650772093 -0.007884556770324735 0.12500574 0.11900574 "" "" 0.8091638098277564 "" 0.10111334919602756 "" 0.93
276.40465528744 -17.14731788399 0.0233 0.0191 4.9407 "" "" 4096897186903161856 1849.14172 0.5123 0.0254 -0.188 -1.543 0.027 0.021 0.96 "" "" 14.473384 1.244803 15.005757 13.760955 "" "" 1744.38135 1961.39026 30590.97366 10.685 13587.0 16.353 24819.0 24.228 "" "" 0.002781295865734266 0.0030810207 0.0039251847 0.0070062056 276.40465528744 -17.14731788399 1849.14172 -0.18799999999999986 -1.543000000000001 0.011833333492279052 -0.018884556770324634 0.12400574 0.11800574 "" "" 0.19533300168495896 "" 0.023386796922643775 "" 0.96
276.57793446584 -16.98036252373 0.0228 0.0196 9.3808 "" "" 4096923742645447424 2005.68591 0.4618 0.025 -0.212 -1.476 0.03 0.022 1.05 "" "" 14.480228 1.078243 14.923375 13.845132 "" "" 1911.55994 2111.77319 30398.72367 11.193 14658.0 24.144 22967.0 20.488 "" "" 0.0027841712066466314 0.0033141116 0.0039015133 0.0072156247 276.57793446584 -16.98036252373 2005.68591 -0.21199999999999994 -1.476 -0.012166666507720941 0.048115443229675314 0.12700574 0.11900574 "" "" 0.4718287197624246 "" 0.056384309157516986 "" 0.96
276.37994194266 -17.01782295243 0.0232 0.0194 5.3287 "" "" 4096902267808795904 1799.08069 0.5146 0.0253 -0.124 -1.513 0.029 0.022 0.989 "" "" 14.66781 1.253912 15.208279 13.954367 "" "" 1726.08521 1878.25195 25575.41573 6.0886 11275.0 13.885 20769.0 21.484 "" "" 0.002767417367711476 0.0030939942 0.003942729 0.007036723 276.37994194266 -17.01782295243 1799.08069 -0.12399999999999999 -1.5130000000000001 0.07583333349227905 0.011115443229675392 0.12600574 0.11900574 "" "" 0.6535895592479282 "" 0.08226242643742282 "" 0.96
276.63499922552 -17.07700563229 0.0271 0.0244 10.6503 "" "" 4096908937935949440 1929.41846 0.4813 0.0287 -0.026 -1.483 0.035 0.027 0.925 "" "" 14.771209 1.272675 15.319807 14.047133 "" "" 1825.99414 2044.3114 23252.15999 7.3531 10174.0 15.2 19068.0 20.365 "" "" 0.0027766302577132375 0.0032274197 0.0039532734 0.007180693 276.63499922552 -17.07700563229 1929.41846 -0.026000000000000023 -1.4830000000000014 0.17383333349227906 0.0411154432296752 0.13200574 0.12400574 "" "" 1.633646236154554 "" 0.21497821574394504 "" 0.8
276.44976312283 -17.03246904261 0.0254 0.0223 2.6656 "" "" 4096922471334855552 1857.77197 0.5012 0.0291 -0.209 -1.542 0.032 0.024 1.005 "" "" 14.775528 1.323502 15.33657 14.013068 "" "" 1768.37854 1968.7688 23159.84104 9.2611 10018.0 32.016 19676.0 68.847 "" "" 0.0027893163316173504 0.004452515 0.005358763 0.009811278 276.44976312283 -17.03246904261 1857.77197 -0.20900000000000002 -1.542 -0.009166666507720939 -0.017884556770324744 0.12900575 0.121005744 "" "" 0.17697001513915223 "" 0.021716540371792905 "" 0.95
276.50470281359 -17.03668971738 0.0268 0.0231 3.9895 "" "" 4096921582319750144 2105.75098 0.4423 0.0288 -0.282 -1.633 0.034 0.027 0.924 "" "" 14.839378 1.225703 15.360618 14.134914 "" "" 1986.46118 2279.94385 21837.12232 7.777 9798.7 12.189 17587.0 21.266 "" "" 0.002782319798107642 0.003099862 0.004000916 0.007100778 276.50470281359 -17.03668971738 2105.75098 -0.28200000000000025 -1.633 -0.08216666650772092 -0.10888455677032471 0.13100573 0.12400574 "" "" 1.3615260556296682 "" 0.17235604765735305 "" 0.92
276.38909377576 -17.06372976269 0.0269 0.023 3.5428 "" "" 4096898904890289152 1950.93408 0.4846 0.0291 -0.211 -1.526 0.032 0.027 0.984 "" "" 14.84422 1.50903 15.52966 14.02063 "" "" 1852.68555 2039.21216 21739.95725 8.2316 8386.0 22.126 19539.0 23.616 "" "" 0.0027858202509673914 0.003998912 0.004000727 0.007999639 276.38909377576 -17.06372976269 1950.93408 -0.21100000000000008 -1.5259999999999987 -0.01116666650772094 -0.0018845567703247301 0.12900575 0.12400574 "" "" 0.10472318516694856 "" 0.01349566538546179 "" 0.87
276.275921529 -16.90322810987 0.0297 0.0271 14.4069 "" "" 4096975011718360448 1983.573 0.466 0.0352 -0.189 -1.565 0.038 0.028 1.198 10081.9 4.044 14.853654 1.252818 15.354241 14.101423 "" "" 1862.01807 2091.14502 21551.87319 9.1135 9856.4 26.478 18138.0 101.93 "" "" 0.0027933096665387117 0.0040363553 0.007177192 0.011213547 276.275921529 -16.90322810987 1983.573 -0.18900000000000033 -1.565 0.010833333492279051 -0.040884556770324654 0.13500574 0.12500574 "" "" 0.397667908056403 "" 0.04998135830548902 "" 0.92
276.51617397803 -17.07639076225 0.0257 0.0227 3.8353 "" "" 4096921273082082304 1809.9386 0.5157 0.029 -0.267 -1.564 0.031 0.025 1.013 7487.1 3.7722 14.875552 1.300219 15.4385 14.138282 "" "" 1711.64575 1925.2572 21121.55017 8.4901 9120.5 20.562 17533.0 15.802 "" "" 0.0027896698106667376 0.0037116893 0.0039040076 0.0076156966 276.51617397803 -17.07639076225 1809.9386 -0.2670000000000002 -1.5639999999999996 -0.06716666650772096 -0.039884556770324764 0.12800574 0.12200574 "" "" 0.6701672958908893 "" 0.08475540431045095 "" 0.95
276.4201549974 -17.04326927406 0.0268 0.0236 2.6204 "" "" 4096899037993219584 1894.71313 0.485 0.0298 -0.33 -1.471 0.035 0.027 0.967 "" "" 14.983265 1.380894 15.589254 14.208361 "" "" 1769.3175 2010.1637 19126.73992 7.2883 7938.1 13.372 16437.0 20.227 "" "" 0.0027862081875655643 0.0033361865 0.0040085963 0.007344783 276.4201549974 -17.04326927406 1894.71313 -0.33000000000000046 -1.4709999999999999 -0.13016666650772096 0.05311544322967521 0.13200574 0.12400574 "" "" 1.2626004684210443 "" 0.16526646693405536 "" 0.89
276.46361719641 -16.9644042465 0.0289 0.0247 6.7991 "" "" 4096926117805261952 1970.0072 0.4735 0.0292 -0.356 -1.467 0.036 0.028 0.904 9054.6 3.7529 15.014288 1.313317 15.586076 14.272759 "" "" 1847.04565 2104.13379 18587.95649 6.0315 7961.3 15.569 15490.0 21.736 "" "" 0.002777752281629774 0.003506171 0.0040749093 0.0075810803 276.46361719641 -16.9644042465 1970.0072 -0.35600000000000065 -1.467 -0.15616666650772093 0.05711544322967521 0.13300574 0.12500574 "" "" 1.5527277190754871 "" 0.2050953168030623 "" 0.88
276.35081044089 -17.05752384305 0.0278 0.023 5.7678 "" "" 4096901516230500224 1958.62512 0.4765 0.0306 -0.147 -1.531 0.036 0.028 1.08 7983.0 4.1185 15.016957 1.239904 15.548209 14.308306 "" "" 1842.85059 2080.63989 18542.30479 6.4689 8243.9 16.36 14991.0 23.473 "" "" 0.0027812346793559045 0.0035252695 0.004144141 0.0076694107 276.35081044089 -17.05752384305 1958.62512 -0.14700000000000005 -1.530999999999999 0.05283333349227906 -0.0068845567703246235 0.13300574 0.12500574 "" "" 0.49464527682234105 "" 0.06572654549212828 "" 0.96
276.5201482527 -17.22284024264 0.0279 0.0242 9.6528 "" "" 4096883924043725696 2039.94641 0.4523 0.0324 -0.151 -1.642 0.033 0.025 0.971 7976.5 4.0877 15.036183 1.298009 15.595067 14.297058 "" "" 1909.24097 2211.72583 18216.86006 6.8526 7895.7 14.198 15147.0 18.141 "" "" 0.0027854255777586545 0.0034054036 0.003996827 0.007402231 276.5201482527 -17.22284024264 2039.94641 -0.15099999999999997 -1.642 0.04883333349227906 -0.11788455677032461 0.13000575 0.12200574 "" "" 1.2337973013182972 "" 0.15201610046993694 "" 0.87
276.23468543627 -16.84792661237 0.0283 0.0265 18.4511 "" "" 4096978344612743296 1883.40894 0.4928 0.0336 -0.097 -1.612 0.034 0.027 0.979 "" "" 15.056604 1.295127 15.616273 14.321146 "" "" 1761.72498 2051.63379 17877.43388 6.6851 7743.0 23.545 14815.0 18.209 "" "" 0.0027850720223801108 0.0043226234 0.004008059 0.008330682 276.23468543627 -16.84792661237 1883.40894 -0.097 -1.612 0.10283333349227905 -0.0878845567703248 0.13100573 0.12400574 "" "" 1.2076175242407765 "" 0.15469305319093873 "" 0.83
276.13300461308 -17.18172835365 0.0317 0.032 19.1961 "" "" 4096893819611611904 1829.97522 0.5162 0.036 -0.159 -1.528 0.039 0.03 1.006 9381.9 3.5748 15.070445 1.386014 15.668127 14.282113 "" "" 1721.67456 1981.1908 17650.96882 6.5074 7381.9 30.152 15357.0 63.738 "" "" 0.0027842437065626275 0.0052394983 0.005881336 0.011120834 276.13300461308 -17.18172835365 1829.97522 -0.15900000000000003 -1.5280000000000016 0.04083333349227905 -0.003884556770324732 0.13600574 0.12700574 "" "" 0.3557908300921819 "" 0.04836181937074176 "" 0.89
276.4063498398 -17.12321710053 0.0312 0.0268 3.714 "" "" 4096897393061636224 2018.33167 0.4651 0.034 -0.158 -1.546 0.037 0.03 1.098 "" "" 15.097672 1.360751 15.68998 14.329228 "" "" 1889.48755 2185.21606 17213.84396 7.0035 7234.8 10.889 14705.0 23.156 "" "" 0.0027905051530954053 0.003233484 0.0041481126 0.0073815966 276.4063498398 -17.12321710053 2018.33167 -0.15799999999999997 -1.5460000000000003 0.04183333349227905 -0.021884556770324748 0.13400574 0.12700574 "" "" 0.45167096284555974 "" 0.059861239916283636 "" 0.94
276.59296755382 -16.99738840513 0.0291 0.0252 9.5224 "" "" 4096923472105761024 2049.58667 0.457 0.032 -0.348 -1.51 0.038 0.028 0.925 7978.5 4.2189 15.1183 1.165248 15.604741 14.439493 "" "" 1919.3468 2173.32617 16889.87879 5.8134 7825.7 19.366 13285.0 27.218 "" "" 0.0027805474660007696 0.0038735166 0.0043854103 0.008258927 276.59296755382 -16.99738840513 2049.58667 -0.3480000000000001 -1.5100000000000013 -0.14816666650772092 0.014115443229675284 0.13500574 0.12500574 "" "" 1.4459625635057902 "" 0.1950879722989209 "" 0.9
276.36303598199 -16.99496193101 0.0283 0.0242 6.9757 "" "" 4096903096778585216 2034.80603 0.4515 0.0315 0.034 -1.381 0.036 0.028 0.946 7958.9 4.27 15.157498 1.192077 15.661112 14.469035 "" "" 1906.53687 2175.78174 16290.98128 5.3728 7429.7 19.506 12928.0 15.391 "" "" 0.002778490473269176 0.003988785 0.0039943093 0.007983094 276.36303598199 -16.99496193101 2034.80603 0.03400000000000001 -1.3809999999999998 0.23383333349227906 0.1431154432296753 0.13300574 0.12500574 "" "" 2.644203713138337 "" 0.3460578432164956 "" 0.84
276.47826929034 -17.18809968151 0.0319 0.0264 6.8759 "" "" 4096885023556423552 1818.03931 0.5141 0.0353 -0.107 -1.478 0.04 0.031 0.865 9245.1 3.5289 15.16247 1.237072 15.688124 14.451052 "" "" 1704.38367 1977.37268 16216.55551 6.9739 7247.2 12.795 13144.0 17.446 "" "" 0.002794602403190361 0.0033851836 0.0040448094 0.007429993 276.47826929034 -17.18809968151 1818.03931 -0.10699999999999996 -1.478 0.09283333349227905 0.04611544322967531 0.13700575 0.12800574 "" "" 0.8932602089383231 "" 0.12083306023507384 "" 0.87
276.48394172206 -17.08772801545 0.0303 0.0268 2.0901 "" "" 4096921341801567872 1968.26001 0.4813 0.0336 -0.291 -1.463 0.038 0.029 0.934 "" "" 15.295854 1.394608 15.879331 14.484722 "" "" 1830.02856 2089.19409 14341.85678 6.6984 6076.9 15.717 12743.0 28.067 "" "" 0.0028015951769688025 0.0039585917 0.004472407 0.008430999 276.48394172206 -17.08772801545 1968.26001 -0.291 -1.4629999999999987 -0.09116666650772093 0.061115443229675215 0.13500574 0.12600574 "" "" 1.023977713776326 "" 0.1354525235243061 "" 0.89
276.37377973873 -17.01589040702 0.0323 0.0268 5.6717 "" "" 4096902272144790144 1891.81152 0.4921 0.0351 -0.339 -1.534 0.04 0.03 0.883 9233.4 3.6332 15.395773 1.288731 15.956835 14.668104 "" "" 1779.19897 2018.47668 13080.89773 5.0377 5658.3 15.616 10763.0 14.083 "" "" 0.0027868671160162736 0.0040943627 0.0040375693 0.0081319325 276.37377973873 -17.01589040702 1891.81152 -0.339 -1.534 -0.13916666650772097 -0.009884556770324737 0.13700575 0.12700574 "" "" 1.2510772950965978 "" 0.1713442620994025 "" 0.95
276.24762500735 -17.10730416946 0.0321 0.0274 11.7095 "" "" 4096900721625081472 1918.7561 0.4835 0.0351 -0.131 -1.543 0.043 0.036 1.121 "" "" 15.407993 1.367533 16.008001 14.640469 "" "" 1809.48694 2039.22461 12934.48766 5.3475 5397.8 10.496 11040.0 13.733 "" "" 0.0027916444216197983 0.0034988935 0.004013452 0.007512346 276.24762500735 -17.10730416946 1918.7561 -0.1309999999999999 -1.543000000000001 0.06883333349227905 -0.018884556770324634 0.14000574 0.13300574 "" "" 0.6491655649205272 "" 0.09057623299615707 "" 0.93
