Clusters/UBC_341/UBC_341_members.tsv
# %ECSV 1.0
# ---
# datatype:
# - name: RA_ICRS_1
#   unit: deg
#   datatype: float64
#   format: '{:15.11f}'
#   description: Right ascension (ICRS) at Ep=2016.0 (ra)
#   meta: !!omap
#   - {ucd: POS_EQ_RA_MAIN}
#   - {width: 15}
#   - {precision: '11'}
# - name: DE_ICRS_1
#   unit: deg
#   datatype: float64
#   format: '{:15.11f}'
#   description: Declination (ICRS) at Ep=2016.0 (dec)
#   meta: !!omap
#   - {ucd: POS_EQ_DEC_MAIN}
#   - {width: 15}
#   - {precision: '11'}
# - name: e_RA_ICRS
#   unit: mas
#   datatype: float64
#   format: '{:7.4f}'
#   description: Standard error of right ascension (ra_error)
#   meta: !!omap
#   - {ucd: ERROR}
#   - {width: 7}
#   - {precision: '4'}
# - name: e_DE_ICRS
#   unit: mas
#   datatype: float64
#   format: '{:7.4f}'
#   description: Standard error of declination (dec_error)
#   meta: !!omap
#   - {ucd: ERROR}
#   - {width: 7}
#   - {precision: '4'}
# - name: _r_1
#   unit: ''
#   datatype: float64
#   format: '{:7.4f}'
#   description: Distance from center (276.44930694000-17.07689422000)[ICRS], at Epoch=J2016.0
#   meta: !!omap
#   - {ucd: POS_ANG_DIST_GENERAL}
#   - {width: 7}
#   - {precision: '4'}
# - name: HIP
#   datatype: int32
#   description: '? HIP cross-id number, van Leeuwen, Cat. I/311 (hip_original_ext_source_id)'
#   meta: !!omap
#   - {ucd: ID_NUMBER}
#   - {width: 6}
#   - values: {'null': -2147483648}
# - name: TYC2
#   datatype: string
#   description: Tycho-2 cross-id name, Hog et al., Cat. I/259 (tyc2_original_ext_source_id)
#   meta: !!omap
#   - {ucd: ID_CROSSID}
#   - {_votable_string_dtype: char}
# - name: Source
#   datatype: int64
#   description: Source identifier, identical to the Gaia-EDR3 source_id (id)
#   meta: !!omap
#   - {ucd: ID_MAIN}
#   - {width: 19}
# - name: rgeo
#   unit: pc
#   datatype: float64
#   format: '{:15.8f}'
#   description: '? Median of the geometric distance posterior (r_med_geo)'
#   meta: !!omap
#   - {ucd: PHYS_DISTANCE_TRUE}
#   - {width: 15}
#   - {precision: '8'}
#   - values: {'null': .nan}
# - name: Plx
#   unit: mas
#   datatype: float64
#   format: '{:9.4f}'
#   description: '? Parallax (parallax)'
#   meta: !!omap
#   - {ucd: POS_PARLX_TRIG}
#   - {width: 9}
#   - {precision: '4'}
#   - values: {'null': .nan}
# - name: e_Plx
#   unit: mas
#   datatype: float32
#   format: '{:7.4f}'
#   description: '? Standard error of parallax (parallax_error)'
#   meta: !!omap
#   - {ucd: ERROR}
#   - {width: 7}
#   - {precision: '4'}
#   - values: {'null': .nan}
# - name: pmRA
#   unit: mas / yr
#   datatype: float64
#   format: '{:9.3f}'
#   description: '? Proper motion in right ascension direction, pmRA*cosDE (pmra)'
#   meta: !!omap
#   - {ucd: POS_EQ_PMRA}
#   - {width: 9}
#   - {precision: '3'}
#   - values: {'null': .nan}
# - name: pmDE
#   unit: mas / yr
#   datatype: float64
#   format: '{:9.3f}'
#   description: '? Proper motion in declination direction (pmdec)'
#   meta: !!omap
#   - {ucd: POS_EQ_PMDEC}
#   - {width: 9}
#   - {precision: '3'}
#   - values: {'null': .nan}
# - name: e_pmRA
#   unit: mas / yr
#   datatype: float32
#   format: '{:6.3f}'
#   description: '? Standard error of proper motion in right ascension direction (pmra_error)'
#   meta: !!omap
#   - {ucd: ERROR}
#   - {width: 6}
#   - {precision: '3'}
#   - values: {'null': .nan}
# - name: e_pmDE
[...]
#       distance: !astropy.table.SerializedColumn
#         __class__: astropy.coordinates.distances.Distance
#         unit: !astropy.units.Unit {unit: pc}
#         value: !astropy.table.SerializedColumn {name: SkyCoord.distance}
#       frame: icrs
#       obstime: !astropy.time.Time {format: jyear_str, in_subfmt: '*', jd1: 367701545.0, jd2: 0.0, out_subfmt: '*', precision: 3, scale: tt}
#       pm_dec: !astropy.table.SerializedColumn
#         __class__: astropy.units.quantity.Quantity
#         unit: !astropy.units.Unit {unit: mas / yr}
#         value: !astropy.table.SerializedColumn {name: SkyCoord.pm_dec}
#       pm_ra_cosdec: !astropy.table.SerializedColumn
#         __class__: astropy.units.quantity.Quantity
#         unit: !astropy.units.Unit {unit: mas / yr}
#         value: !astropy.table.SerializedColumn {name: SkyCoord.pm_ra_cosdec}
#       ra: !astropy.table.SerializedColumn
#         __class__: astropy.coordinates.angles.Longitude
#         unit: *id001
#         value: !astropy.table.SerializedColumn {name: SkyCoord.ra}
#         wrap_angle: !astropy.coordinates.Angle
#           unit: *id001
#           value: 360.0
#       representation_type: spherical
# schema: astropy-2.0
RA_ICRS_1 DE_ICRS_1 e_RA_ICRS e_DE_ICRS _r_1 HIP TYC2 Source rgeo Plx e_Plx pmRA pmDE e_pmRA e_pmDE RUWE Teff logg Gmag BP-RP BPmag RPmag RV e_RV b_rgeo B_rgeo FG e_FG FBP e_FBP FRP e_FRP RAVE5 RAVE6 e_Gmag e_BPmag e_RPmag e_BP-RP SkyCoord.ra SkyCoord.dec SkyCoord.distance SkyCoord.pm_ra_cosdec SkyCoord.pm_dec rmRA rmDE e_rmRA e_rmDE rRV e_rRV v_pec v_pec3d e_vpec e_vpec3d Pmemb
276.49606612968 -17.06998433519 0.0138 0.012 2.7138 "" 6270-542-1 4096921376161309184 1940.84167 0.483 0.0153 -0.217 -1.583 0.017 0.014 0.673 "" "" 10.939473 1.003368 11.343254 10.339886 -27.47 24.99 1887.69202 1998.70837 792788.55508 812.41 396380.0 1698.4 579700.0 1938.7 "" "" 0.0029714787401386644 0.005424706 0.0052410127 0.0106657185 276.49606612968 -17.06998433519 1940.84167 -0.21699999999999992 -1.5830000000000013 -0.017166666507720946 -0.05888455677032467 0.114005744 0.11100574 5.075000000000003 25.82064 0.5642645653444733 5.10627256418059 0.06277085409638263 25.662507044409217 0.93
276.66384078082 -16.92607384564 0.0153 0.0145 15.2778 "" 6270-1963-1 4096930137895007744 2064.26294 0.4467 0.0192 -0.195 -1.677 0.021 0.016 0.652 "" "" 11.152516 0.917325 11.514997 10.597672 "" "" 1977.07117 2146.92212 651538.8573 267.65 338390.0 403.87 457180.0 373.63 "" "" 0.0027911862011241405 0.003076398 0.0038821462 0.0069585443 276.66384078082 -16.92607384564 2064.26294 -0.19500000000000034 -1.6769999999999992 0.004833333492279046 -0.15288455677032475 0.11800574 0.11300574 "" "" 1.4966625712953219 "" 0.16913910197395268 "" 0.83
276.45605124792 -16.93270128923 0.015 0.0125 8.6602 "" 6270-439-1 4096926530122142976 1880.47876 0.4912 0.0157 -0.223 -1.582 0.02 0.015 0.677 "" "" 11.475928 0.898744 11.830227 10.931483 "" "" 1826.52563 1938.31433 483699.41907 239.71 253120.0 368.08 336170.0 328.31 "" "" 0.0028073659419522046 0.003205902 0.0039253114 0.0071312133 276.45605124792 -16.93270128923 1880.47876 -0.22299999999999964 -1.582 -0.02316666650772095 -0.05788455677032478 0.117005736 0.11200574 "" "" 0.5557400765673344 "" 0.06263704899709359 "" 0.95
276.22852407347 -17.14683500636 0.0135 0.0114 13.3379 "" 6270-207-1 4096899381593599232 1781.04883 0.5214 0.0153 -0.091 -1.612 0.017 0.013 0.695 "" "" 11.766611 1.030341 12.18575 11.155409 -14.98 36.87 1735.58789 1835.53784 370085.85848 133.98 182440.0 215.18 273520.0 261.21 "" "" 0.0027832153404944303 0.0030700048 0.0039190343 0.006989039 276.22852407347 -17.14683500636 1781.04883 -0.091 -1.612 0.10883333349227906 -0.0878845567703248 0.114005744 0.11000574 17.565 37.70064 1.180950552055791 17.604654759648113 0.13279072098733147 37.61572140304877 0.91
276.38909101069 -17.09119865006 0.0139 0.0114 3.5586 "" "" 4096898419517520000 1818.78564 0.5296 0.0153 -0.162 -1.535 0.016 0.013 0.916 6097.1 2.6818 12.225312 1.122308 12.692146 11.569839 "" "" 1776.44263 1869.41309 242561.44551 122.53 114430.0 212.54 186730.0 237.75 "" "" 0.0028093767572831218 0.0034426479 0.0040242677 0.0074669155 276.38909101069 -17.09119865006 1818.78564 -0.162 -1.535 0.03783333349227905 -0.010884556770324627 0.11300574 0.11000574 "" "" 0.33939274024753313 "" 0.03827645219687698 "" 0.95
276.42670398127 -17.1046199795 0.0166 0.0137 2.109 "" "" 4096897766682492160 1769.54199 0.5522 0.0181 -0.071 -1.499 0.02 0.016 0.968 6533.3 2.7278 12.254856 1.265617 12.799625 11.534008 "" "" 1716.06226 1820.03601 236050.17162 58.486 103650.0 135.11 193000.0 59.299 "" "" 0.0027684213815846927 0.0031285887 0.0037940757 0.006922664 276.42670398127 -17.1046199795 1769.54199 -0.0710000000000001 -1.4990000000000006 0.12883333349227905 0.025115443229675183 0.117005736 0.11300574 "" "" 1.1009482279401348 "" 0.1286586832157114 "" 0.8
276.4929432813 -17.04620975461 0.0132 0.0115 3.1071 "" "" 4096921543621437056 1832.28979 0.5244 0.0147 -0.297 -1.581 0.016 0.013 0.907 "" "" 12.281508 1.080535 12.726749 11.646214 "" "" 1787.8446 1885.02307 230326.22301 79.275 110850.0 140.57 174050.0 130.1 "" "" 0.002780546222747887 0.003111385 0.0038655372 0.006976922 276.4929432813 -17.04620975461 1832.28979 -0.297 -1.581 -0.09716666650772093 -0.05688455677032467 0.11300574 0.11000574 "" "" 0.9778774064303082 "" 0.10976440524954725 "" 0.94
276.4701844115 -17.1336773786 0.0187 0.0149 3.6112 "" "" 4096897461780977664 1877.83093 0.5132 0.0199 -0.211 -1.612 0.021 0.016 1.061 "" "" 12.294089 1.140837 12.76705 11.626213 "" "" 1818.8739 1952.85583 227672.76447 158.73 106810.0 200.28 177290.0 363.29 "" "" 0.0028574072158112735 0.0034539562 0.0043856036 0.00783956 276.4701844115 -17.1336773786 1877.83093 -0.211 -1.612 -0.01116666650772094 -0.0878845567703248 0.11800574 0.11300574 "" "" 0.7885425101260998 "" 0.0891738359759329 "" 0.86
276.48332974563 -17.07181907971 0.0163 0.014 1.975 "" 6270-687-1 4096921444880790400 1776.67139 0.5413 0.0179 -0.083 -1.58 0.019 0.015 1.046 6883.1 2.7982 12.422082 1.155801 12.907286 11.751485 "" "" 1720.76147 1834.7511 202354.95884 58.419 93865.0 124.87 157970.0 90.001 "" "" 0.0027730918896013966 0.0031418554 0.0038296697 0.006971525 276.48332974563 -17.07181907971 1776.67139 -0.08300000000000003 -1.58 0.11683333349227905 -0.05588455677032478 0.11600574 0.11200574 "" "" 1.0906672374515367 "" 0.1257228203417001 "" 0.85
276.50383886266 -16.94199802661 0.0158 0.0141 8.6775 "" "" 4096927659654859008 1770.45105 0.5383 0.018 -0.258 -1.492 0.02 0.015 0.958 "" "" 12.470221 0.93222 12.840319 11.908098 "" "" 1722.99463 1825.67102 193578.96909 54.466 99836.0 115.21 136750.0 64.683 "" "" 0.002772203315793541 0.0030585756 0.003814114 0.0068726894 276.50383886266 -16.94199802661 1770.45105 -0.2580000000000003 -1.492 -0.058166666507720954 0.0321154432296753 0.117005736 0.11200574 "" "" 0.5575912525444866 "" 0.06460080940846653 "" 0.93
276.45455547288 -17.07004847684 0.0151 0.0126 0.5092 "" "" 4096898694395424384 1785.02185 0.541 0.0166 -0.242 -1.572 0.019 0.015 0.924 "" "" 12.485521 1.250688 13.022415 11.771728 "" "" 1735.14612 1834.52527 190870.21275 72.556 84421.0 94.893 155050.0 176.93 "" "" 0.002786059997324981 0.0030454004 0.003977276 0.007022676 276.45455547288 -17.07004847684 1785.02185 -0.242 -1.572 -0.04216666650772094 -0.04788455677032477 0.11600574 0.11200574 "" "" 0.539846410472228 "" 0.061418367191392806 "" 0.92
276.46786792537 -17.08857423887 0.0147 0.0128 1.2745 "" "" 4096897869761705728 1762.20557 0.5409 0.0165 -0.217 -1.585 0.018 0.015 0.818 "" "" 12.493181 1.090633 12.944213 11.85358 "" "" 1715.23145 1810.86584 189528.35738 67.215 90726.0 129.04 143790.0 54.75 "" "" 0.002782094953950387 0.0031890043 0.003801925 0.006990929 276.46786792537 -17.08857423887 1762.20557 -0.2169999999999999 -1.585 -0.017166666507720946 -0.06088455677032467 0.11500574 0.11200574 "" "" 0.5283881072807806 "" 0.05930068387957457 "" 0.93
276.4544476627 -17.1031102632 0.0157 0.0126 1.6004 "" "" 4096897835401968384 1764.18518 0.5479 0.0164 -0.263 -1.567 0.017 0.013 0.886 "" "" 12.498255 1.196692 13.004405 11.807714 "" "" 1714.91797 1810.71204 188644.76022 67.933 85833.0 129.97 149990.0 147.63 "" "" 0.0027829227192554466 0.0032385066 0.0039275624 0.007166069 276.4544476627 -17.1031102632 1764.18518 -0.26300000000000007 -1.5669999999999997 -0.06316666650772096 -0.042884556770324656 0.114005744 0.11000574 "" "" 0.6384453778019461 "" 0.07199050373388591 "" 0.9
276.74406924063 -17.10789630653 0.0151 0.0133 17.0066 "" "" 4096907009452184832 1942.92908 0.4875 0.0163 -0.353 -1.366 0.018 0.015 0.848 "" "" 12.827779 0.840221 13.15403 12.313808 "" "" 1875.31079 2009.43835 139262.83906 52.886 74783.0 125.17 94110.0 99.742 "" "" 0.00278599956317675 0.0033297976 0.0039506787 0.0072804764 276.74406924063 -17.10789630653 1942.92908 -0.353 -1.366 -0.15316666650772093 0.1581154432296752 0.11500574 0.11200574 "" "" 2.027352794891312 "" 0.23003959142624142 "" 0.88
276.56112047529 -17.09358601861 0.0173 0.0148 6.4905 "" "" 4096909418972310144 1904.19653 0.5026 0.0192 -0.265 -1.596 0.021 0.015 0.861 "" "" 12.879872 1.01195 13.292452 12.280502 "" "" 1846.63892 1994.89148 132738.81247 114.35 65832.0 161.67 97041.0 230.08 "" "" 0.002909746083888325 0.0038593335 0.0045727897 0.008432123 276.56112047529 -17.09358601861 1904.19653 -0.265 -1.596 -0.06516666650772096 -0.07188455677032479 0.11800574 0.11200574 "" "" 0.8757479793576132 "" 0.10049311983265986 "" 0.94
276.46416442938 -17.09949884356 0.0176 0.0146 1.6017 "" "" 4096897839738175488 1870.89075 0.5076 0.0191 -0.169 -1.68 0.021 0.016 0.828 11691.2 3.3795 12.956159 1.226325 13.479882 12.253557 "" "" 1799.93945 1945.755 123732.35862 49.344 55394.0 68.778 99480.0 54.584 "" "" 0.0027891338419837554 0.0030987626 0.0038260461 0.006924809 276.46416442938 -17.09949884356 1870.89075 -0.16899999999999987 -1.68 0.03083333349227904 -0.15588455677032464 0.11800574 0.11300574 "" "" 1.4091700042273463 "" 0.15951521843394526 "" 0.93
276.47323957279 -17.06370199781 0.0156 0.0136 1.5846 "" "" 4096921444880797952 2031.4342 0.4539 0.0173 -0.264 -1.412 0.019 0.015 0.896 "" "" 13.180864 1.220499 13.698028 12.477529 "" "" 1964.12927 2129.30615 100600.71978 52.55 45311.0 74.238 80937.0 127.76 "" "" 0.0028130847056495978 0.0033089977 0.0041498193 0.007458817 276.47323957279 -17.06370199781 2031.4342 -0.264 -1.412 -0.06416666650772096 0.11211544322967537 0.11600574 0.11200574 "" "" 1.2438650793321373 "" 0.140564027447415 "" 0.82
276.50374156197 -17.0914389852 0.0157 0.0136 3.2416 "" "" 4096921170002865280 1865.73413 0.4962 0.0177 -0.286 -1.488 0.019 0.015 0.931 "" "" 13.264853 1.154959 13.74778 12.592821 "" "" 1818.44751 1935.87854 93112.05629 31.24 43282.0 49.524 72783.0 28.5 "" "" 0.002779295898853628 0.0030542433 0.0038032194 0.0068574627 276.50374156197 -17.0914389852 1865.73413 -0.286 -1.488 -0.08616666650772092 0.036115443229675304 0.11600574 0.11200574 "" "" 0.8262487844895108 "" 0.095363035961494 "" 0.96
276.52975761894 -16.98638084016 0.0173 0.0153 7.1271 "" "" 4096922956709297920 1955.11438 0.4704 0.0183 -0.247 -1.532 0.022 0.017 0.94 "" "" 13.472225 1.039773 13.895308 12.855535 "" "" 1883.48218 2031.2229 76923.07967 21.452 37783.0 35.568 57141.0 51.068 "" "" 0.0027719070353569987 0.0029714825 0.00390196 0.006873443 276.52975761894 -16.98638084016 1955.11438 -0.24699999999999997 -1.532 -0.047166666507720945 -0.007884556770324735 0.11900574 0.114005744 "" "" 0.44317001058470007 "" 0.052680771489342276 "" 0.97
276.4883400026 -17.08268845054 0.0169 0.0146 2.2655 "" "" 4096921337463010304 1880.77893 0.4859 0.0186 -0.037 -1.628 0.021 0.016 0.943 "" "" 13.494213 1.180546 13.992639 12.812093 "" "" 1817.99231 1949.9519 75380.96067 38.468 34543.0 61.336 59473.0 85.184 "" "" 0.0028104767523914145 0.0033914251 0.0040868213 0.0074782465 276.4883400026 -17.08268845054 1880.77893 -0.037000000000000005 -1.6279999999999997 0.16283333349227905 -0.1038845567703246 0.11800574 0.11300574 "" "" 1.7219061789661407 "" 0.20074222621166798 "" 0.88
276.48830118458 -17.13186945551 0.0179 0.0147 3.9851 "" "" 4096885813829634688 1864.09814 0.4982 0.0198 -0.012 -1.362 0.021 0.016 0.859 10796.7 3.5256 13.522455 1.172735 14.01617 12.843435 "" "" 1799.90454 1932.75806 73445.41546 27.034 33803.0 34.988 57781.0 38.548 "" "" 0.002784151979949657 0.0030079843 0.0038481674 0.006856152 276.48830118458 -17.13186945551 1864.09814 -0.012000000000000025 -1.362000000000001 0.18783333349227904 0.1621154432296752 0.11800574 0.11300574 "" "" 2.1923314782553676 "" 0.25408597463526394 "" 0.88
276.46392751308 -16.95980390208 0.0206 0.0175 7.0753 "" "" 4096926216546684160 1704.80615 0.5414 0.0219 0.158 -1.252 0.026 0.02 1.279 4921.7 2.7006 13.687135 2.1625 14.806472 12.643971 -6.22 1.65 1647.41309 1763.04504 63109.2338 21.605 16324.0 20.705 69434.0 32.397 "" "" 0.0027802780249439342 0.0031115138 0.0038131825 0.0069246963 276.46392751308 -16.95980390208 1704.80615 0.15799999999999975 -1.252 0.3578333334922791 0.2721154432296753 0.12300574 0.117005736 26.325000000000003 2.480641 3.6326819704770585 26.574461486521777 0.43898022536699854 2.4580870340816237 0.87
276.34636233233 -17.17323895274 0.0179 0.0151 8.2619 "" "" 4096896362269494144 1792.79053 0.5151 0.0197 -0.381 -1.352 0.022 0.017 1.015 4808.9 2.8014 13.720359 2.0908 14.789914 12.699114 -81.51 1.28 1734.27771 1860.06726 61207.31859 17.852 16575.0 17.016 65995.0 41.222 "" "" 0.002773458075859973 0.0030045689 0.0038397461 0.0068443147 276.34636233233 -17.17323895274 1792.79053 -0.3809999999999996 -1.352 -0.18116666650772095 0.1721154432296752 0.11900574 0.114005744 -48.965 2.110641 2.123523288080014 49.01102504697303 0.24773124553150502 2.1086862696535333 0.82
276.52970771682 -17.10627855015 0.0186 0.0167 4.9366 "" "" 4096909350252842112 1865.41541 0.4972 0.0217 -0.168 -1.462 0.022 0.017 0.911 "" "" 13.729717 1.196119 14.225081 13.028961 "" "" 1796.52625 1964.91711 60681.98136 23.344 27886.0 46.791 48705.0 57.208 "" "" 0.0027867979627361657 0.0033322664 0.003988744 0.0073210103 276.52970771682 -17.10627855015 1865.41541 -0.16799999999999998 -1.4620000000000015 0.03183333349227904 0.06211544322967533 0.11900574 0.114005744 "" "" 0.6171542128759734 "" 0.07101204268640908 "" 0.96
276.26445806624 -16.8969554908 0.0214 0.0188 15.1351 "" "" 4096975217876517120 1915.14429 0.4831 0.0266 -0.124 -1.466 0.024 0.018 1.028 "" "" 13.818148 1.093712 14.264451 13.170739 "" "" 1814.4491 2012.96606 55935.50204 15.321 26893.0 40.626 42743.0 26.029 "" "" 0.002771322644711218 0.0032365427 0.0038367799 0.0070733223 276.26445806624 -16.8969554908 1915.14429 -0.12399999999999992 -1.4659999999999995 0.07583333349227905 0.05811544322967532 0.121005744 0.11500574 "" "" 0.8673013401587206 "" 0.10305365935720583 "" 0.93
276.48905395609 -17.08497983074 0.0182 0.0158 2.3307 "" "" 4096921337463010560 1935.89795 0.4755 0.0205 -0.149 -1.596 0.022 0.017 0.947 6939.2 3.2752 13.84915 1.186713 14.350498 13.163785 "" "" 1879.7384 2004.32886 54360.91591 29.818 24844.0 47.475 43017.0 78.661 "" "" 0.002818947614193339 0.003477021 0.004269129 0.00774615 276.48905395609 -17.08497983074 1935.89795 -0.14900000000000002 -1.596 0.05083333349227906 -0.07188455677032479 0.11900574 0.114005744 "" "" 0.807888377775649 "" 0.09346991053009533 "" 0.93
276.21710358149 -17.2534086911 0.0205 0.018 17.0108 "" "" 4096889421602423552 1932.33838 0.4777 0.0224 -0.123 -1.488 0.026 0.019 1.007 "" "" 13.928654 1.030756 14.348746 13.31799 "" "" 1846.13062 2029.02893 50522.55404 32.848 24884.0 84.754 37322.0 63.722 "" "" 0.002844309250383981 0.0046325033 0.004209522 0.008842025 276.21710358149 -17.2534086911 1932.33838 -0.12299999999999998 -1.488 0.07683333349227905 0.036115443229675304 0.12300574 0.11600574 "" "" 0.7776057478745897 "" 0.09468813709393924 "" 0.92
276.36344666732 -17.08250917742 0.0187 0.0158 4.9359 "" "" 4096898492573441152 1959.04565 0.4748 0.0207 -0.077 -1.501 0.023 0.02 0.941 "" "" 13.931734 1.157728 14.416805 13.259077 "" "" 1877.7168 2040.70813 50379.4315 14.629 23372.0 33.164 39403.0 32.361 "" "" 0.002773298751013257 0.003187249 0.0038831495 0.0070703984 276.36344666732 -17.08250917742 1959.04565 -0.07700000000000001 -1.501 0.12283333349227905 0.023115443229675403 0.12000574 0.117005736 "" "" 1.1606361700899182 "" 0.13916535305382122 "" 0.94
276.49933859459 -17.06744602948 0.0195 0.017 2.9251 "" "" 4096921474902234240 1972.18262 0.4734 0.0214 -0.299 -1.548 0.024 0.019 0.926 "" "" 14.006114 1.173215 14.494903 13.321688 "" "" 1875.73889 2054.45459 47043.66929 15.521 21750.0 38.337 37195.0 45.544 "" "" 0.0027785080225761504 0.0033834085 0.0040063895 0.007389798 276.49933859459 -17.06744602948 1972.18262 -0.299 -1.5480000000000007 -0.09916666650772094 -0.02388455677032475 0.121005744 0.11600574 "" "" 0.9535337557245479 "" 0.11512676903620689 "" 0.94
276.46539537147 -17.12700852024 0.0212 0.0179 3.1452 "" "" 4096897526169346304 1791.10913 0.5249 0.0241 -0.226 -1.621 0.024 0.019 0.968 "" "" 14.015156 1.202922 14.509149 13.306227 "" "" 1719.60132 1878.09204 46653.54138 18.539 21466.0 43.062 37728.0 40.96 "" "" 0.0027888948795128754 0.0035396242 0.003958936 0.00749856 276.46539537147 -17.12700852024 1791.10913 -0.22600000000000006 -1.621 -0.026166666507720954 -0.0968845567703247 0.121005744 0.11600574 "" "" 0.8520074840514664 "" 0.09913317676979551 "" 0.85
