Clusters/UBC_341/UBC_341_members.tsv
# %ECSV 1.0
# ---
# datatype:
# - name: RA_ICRS_1
#   unit: deg
#   datatype: float64
#   format: '{:15.11f}'
#   description: Right ascension (ICRS) at Ep=2016.0 (ra)
#   meta: !!omap
#   - {ucd: POS_EQ_RA_MAIN}
#   - {width: 15}
#   - {precision: '11'}
# - name: DE_ICRS_1
#   unit: deg
#   datatype: float64
#   format: '{:15.11f}'
#   description: Declination (ICRS) at Ep=2016.0 (dec)
#   meta: !!omap
#   - {ucd: POS_EQ_DEC_MAIN}
#   - {width: 15}
#   - {precision: '11'}
# - name: e_RA_ICRS
#   unit: mas
#   datatype: float64
#   format: '{:7.4f}'
#   description: Standard error of right ascension (ra_error)
#   meta: !!omap
#   - {ucd: ERROR}
#   - {width: 7}
#   - {precision: '4'}
# - name: e_DE_ICRS
#   unit: mas
#   datatype: float64
#   format: '{:7.4f}'
#   description: Standard error of declination (dec_error)
#   meta: !!omap
#   - {ucd: ERROR}
#   - {width: 7}
#   - {precision: '4'}
# - name: _r_1
#   unit: ''
#   datatype: float64
#   format: '{:7.4f}'
#   description: Distance from center (276.44930694000-17.07689422000)[ICRS], at Epoch=J2016.0
#   meta: !!omap
#   - {ucd: POS_ANG_DIST_GENERAL}
#   - {width: 7}
#   - {precision: '4'}
# - name: HIP
#   datatype: int32
#   description: '? HIP cross-id number, van Leeuwen, Cat. I/311 (hip_original_ext_source_id)'
#   meta: !!omap
#   - {ucd: ID_NUMBER}
#   - {width: 6}
#   - values: {'null': -2147483648}
# - name: TYC2
#   datatype: string
#   description: Tycho-2 cross-id name, Hog et al., Cat. I/259 (tyc2_original_ext_source_id)
#   meta: !!omap
#   - {ucd: ID_CROSSID}
#   - {_votable_string_dtype: char}
# - name: Source
#   datatype: int64
#   description: Source identifier, identical to the Gaia-EDR3 source_id (id)
#   meta: !!omap
#   - {ucd: ID_MAIN}
#   - {width: 19}
# - name: rgeo
#   unit: pc
#   datatype: float64
#   format: '{:15.8f}'
#   description: '? Median of the geometric distance posterior (r_med_geo)'
#   meta: !!omap
#   - {ucd: PHYS_DISTANCE_TRUE}
#   - {width: 15}
#   - {precision: '8'}
#   - values: {'null': .nan}
# - name: Plx
#   unit: mas
#   datatype: float64
#   format: '{:9.4f}'
#   description: '? Parallax (parallax)'
#   meta: !!omap
#   - {ucd: POS_PARLX_TRIG}
#   - {width: 9}
#   - {precision: '4'}
#   - values: {'null': .nan}
# - name: e_Plx
#   unit: mas
#   datatype: float32
#   format: '{:7.4f}'
#   description: '? Standard error of parallax (parallax_error)'
#   meta: !!omap
#   - {ucd: ERROR}
#   - {width: 7}
#   - {precision: '4'}
#   - values: {'null': .nan}
# - name: pmRA
#   unit: mas / yr
#   datatype: float64
#   format: '{:9.3f}'
#   description: '? Proper motion in right ascension direction, pmRA*cosDE (pmra)'
#   meta: !!omap
#   - {ucd: POS_EQ_PMRA}
#   - {width: 9}
#   - {precision: '3'}
#   - values: {'null': .nan}
# - name: pmDE
#   unit: mas / yr
#   datatype: float64
#   format: '{:9.3f}'
#   description: '? Proper motion in declination direction (pmdec)'
#   meta: !!omap
#   - {ucd: POS_EQ_PMDEC}
#   - {width: 9}
#   - {precision: '3'}
#   - values: {'null': .nan}
# - name: e_pmRA
#   unit: mas / yr
#   datatype: float32
#   format: '{:6.3f}'
#   description: '? Standard error of proper motion in right ascension direction (pmra_error)'
#   meta: !!omap
#   - {ucd: ERROR}
#   - {width: 6}
#   - {precision: '3'}
#   - values: {'null': .nan}
# - name: e_pmDE
[...]
#       distance: !astropy.table.SerializedColumn
#         __class__: astropy.coordinates.distances.Distance
#         unit: !astropy.units.Unit {unit: pc}
#         value: !astropy.table.SerializedColumn {name: SkyCoord.distance}
#       frame: icrs
#       obstime: !astropy.time.Time {format: jyear_str, in_subfmt: '*', jd1: 367701545.0, jd2: 0.0, out_subfmt: '*', precision: 3, scale: tt}
#       pm_dec: !astropy.table.SerializedColumn
#         __class__: astropy.units.quantity.Quantity
#         unit: !astropy.units.Unit {unit: mas / yr}
#         value: !astropy.table.SerializedColumn {name: SkyCoord.pm_dec}
#       pm_ra_cosdec: !astropy.table.SerializedColumn
#         __class__: astropy.units.quantity.Quantity
#         unit: !astropy.units.Unit {unit: mas / yr}
#         value: !astropy.table.SerializedColumn {name: SkyCoord.pm_ra_cosdec}
#       ra: !astropy.table.SerializedColumn
#         __class__: astropy.coordinates.angles.Longitude
#         unit: *id001
#         value: !astropy.table.SerializedColumn {name: SkyCoord.ra}
#         wrap_angle: !astropy.coordinates.Angle
#           unit: *id001
#           value: 360.0
#       representation_type: spherical
# schema: astropy-2.0
RA_ICRS_1 DE_ICRS_1 e_RA_ICRS e_DE_ICRS _r_1 HIP TYC2 Source rgeo Plx e_Plx pmRA pmDE e_pmRA e_pmDE RUWE Teff logg Gmag BP-RP BPmag RPmag RV e_RV b_rgeo B_rgeo FG e_FG FBP e_FBP FRP e_FRP RAVE5 RAVE6 e_Gmag e_BPmag e_RPmag e_BP-RP SkyCoord.ra SkyCoord.dec SkyCoord.distance SkyCoord.pm_ra_cosdec SkyCoord.pm_dec rmRA rmDE e_rmRA e_rmDE rRV e_rRV v_pec v_pec3d e_vpec e_vpec3d Pmemb
[from data line 62]
276.61544625743 -17.16082398224 0.033 0.03 10.7758 "" "" 4096908005889372544 2001.87805 0.463 0.038 -0.192 -1.496 0.041 0.033 0.953 10655.2 4.3917 15.44418 1.342673 15.968088 14.625415 "" "" 1834.92163 2222.02124 12510.50197 5.603 5599.9 14.439 11194.0 43.687 "" "" 0.002797899209146017 0.0039525023 0.005677905 0.009630407 276.61544625743 -17.16082398224 2001.87805 -0.19199999999999987 -1.4959999999999987 0.007833333492279049 0.028115443229675297 0.13800573 0.13000575 "" "" 0.2769458016496911 "" 0.03616867725327979 "" 0.9
276.44447587922 -17.02672207871 0.0336 0.0296 3.0231 "" "" 4096922544392453248 1802.73193 0.5121 0.0388 -0.282 -1.585 0.042 0.032 1.024 "" "" 15.447488 1.37425 16.055193 14.680943 "" "" 1684.61414 1939.48462 12472.44392 4.9185 5168.2 12.326 10636.0 13.785 "" "" 0.002788388391006226 0.003806611 0.004032854 0.0078394655 276.44447587922 -17.02672207871 1802.73193 -0.2819999999999999 -1.5849999999999986 -0.08216666650772092 -0.06088455677032467 0.13900574 0.12900575 "" "" 0.8738559343479517 "" 0.11844739802269437 "" 0.93
276.42797718101 -17.06208201924 0.035 0.0301 1.5121 "" "" 4096898969273622784 2042.28015 0.45 0.0368 -0.32 -1.514 0.044 0.034 1.013 "" "" 15.455349 1.419264 16.079935 14.660671 "" "" 1888.91467 2210.73242 12382.4645 5.6235 5051.8 17.421 10837.0 14.9 "" "" 0.0027990935276318986 0.00466943 0.004063518 0.008732948 276.42797718101 -17.06208201924 2042.28015 -0.32 -1.514 -0.12016666650772095 0.01011544322967528 0.14100574 0.13100573 "" "" 1.1673765184563785 "" 0.16452754442360198 "" 0.94
276.49959144146 -17.26302435088 0.0364 0.0317 11.5338 "" "" 4096883683525495936 1812.34387 0.521 0.0402 -0.019 -1.647 0.043 0.033 0.94 9263.9 3.5871 15.500752 1.418069 16.129103 14.711034 "" "" 1699.07153 1928.66296 11875.33028 5.4731 4828.1 14.797 10345.0 16.602 "" "" 0.002800389875251955 0.004342521 0.004161703 0.008504224 276.49959144146 -17.26302435088 1812.34387 -0.019000000000000045 -1.647 0.18083333349227906 -0.12288455677032473 0.14000574 0.13000575 "" "" 1.8781870368121976 "" 0.2571719618762113 "" 0.87
276.53779954905 -16.9554414858 0.0353 0.0309 8.8814 "" "" 4096924670358458240 2065.2876 0.4497 0.0373 -0.237 -1.477 0.045 0.035 1.029 9323.8 3.7588 15.574489 1.299689 16.128002 14.828313 "" "" 1930.3219 2231.0979 11095.61608 4.8881 4833.0 18.897 9286.1 36.531 "" "" 0.00279652884195639 0.0050800545 0.005703253 0.010783307 276.53779954905 -16.9554414858 2065.2876 -0.237 -1.4770000000000008 -0.037166666507720936 0.0471154432296752 0.14200574 0.13200574 "" "" 0.5874678079517086 "" 0.07985364646523836 "" 0.83
276.21946646551 -17.20391528725 0.0404 0.0338 15.2231 "" "" 4096893162482195072 2061.46436 0.4636 0.0429 -0.176 -1.595 0.051 0.041 1.05 9255.2 3.799 15.696157 1.347218 16.286037 14.93882 "" "" 1890.50391 2288.42261 9919.37235 4.5766 4178.3 10.906 8387.5 17.357 "" "" 0.0028004869667126626 0.0039769644 0.004396804 0.008373769 276.21946646551 -17.20391528725 2061.46436 -0.176 -1.595 0.023833333492279063 -0.07088455677032468 0.14800574 0.13800573 "" "" 0.730740069473369 "" 0.10161248891265745 "" 0.9
276.43696610107 -17.07619038082 0.0395 0.0327 0.7091 "" "" 4096898664371993088 1964.23267 0.4815 0.0423 -0.096 -1.292 0.049 0.037 1.036 7597.9 3.67 15.741978 1.572146 16.468155 14.896009 "" "" 1805.12683 2153.53955 9509.45742 4.8299 3533.1 14.217 8724.8 32.103 "" "" 0.0028099621422190053 0.0051838895 0.0054994165 0.010683306 276.43696610107 -17.07619038082 1964.23267 -0.096 -1.292 0.10383333349227905 0.23211544322967526 0.14600573 0.13400574 "" "" 2.36747587726508 "" 0.32216653371802173 "" 0.84
276.68543179308 -17.20938170498 0.0394 0.0352 15.6993 "" "" 4096903917080225280 1725.03577 0.5447 0.0462 -0.267 -1.565 0.049 0.037 0.944 9256.0 3.8842 15.767958 1.515636 16.46425 14.948614 "" "" 1589.60681 1889.328 9284.6135 6.3745 3545.8 15.309 8312.1 18.657 "" "" 0.0028543746327443207 0.0054552066 0.0044969646 0.009952171 276.68543179308 -17.20938170498 1725.03577 -0.26700000000000024 -1.5650000000000002 -0.06716666650772096 -0.040884556770324654 0.14600573 0.13400574 "" "" 0.6429435462856559 "" 0.09185155271216087 "" 0.83
276.75542756058 -16.99291988639 0.0376 0.0373 18.2699 "" "" 4096916973776923264 1834.04883 0.5122 0.0482 -0.236 -1.303 0.05 0.039 0.985 8258.2 3.7771 15.814405 1.64842 16.584145 14.935724 "" "" 1691.56812 1991.38452 8895.79944 4.6475 3175.1 9.3103 8411.4 15.724 "" "" 0.002813101242208264 0.004233311 0.004289891 0.008523202 276.75542756058 -16.99291988639 1834.04883 -0.23599999999999996 -1.3030000000000004 -0.036166666507720935 0.22111544322967536 0.14700574 0.13600574 "" "" 1.9477866472980376 "" 0.26549038637782085 "" 0.86
276.5072269747 -17.34734576388 0.0407 0.0377 16.5632 "" "" 4096877979808666624 2100.36743 0.4456 0.0443 -0.208 -1.631 0.048 0.039 0.921 "" "" 15.82325 1.51884 16.515175 14.996335 "" "" 1924.04443 2268.65063 8823.62272 4.9294 3383.4 10.103 7954.7 14.409 "" "" 0.0028212941164931053 0.0042773844 0.0042604655 0.008537849 276.5072269747 -17.34734576388 2100.36743 -0.20799999999999993 -1.6310000000000013 -0.008166666507720938 -0.10688455677032471 0.14500573 0.13600574 "" "" 1.0672166305498945 "" 0.14520517290504928 "" 0.88
276.46006027118 -17.11244220403 0.0417 0.0358 2.2202 "" "" 4096897839738156672 1953.83057 0.4769 0.0475 -0.317 -1.525 0.049 0.038 1.002 8600.0 3.633 15.829203 1.494514 16.501537 15.007023 "" "" 1793.35547 2201.00317 8775.37648 4.2135 3426.1 11.162 7876.8 19.002 "" "" 0.002804204059382051 0.004505243 0.004598271 0.009103514 276.46006027118 -17.11244220403 1953.83057 -0.31699999999999995 -1.524999999999999 -0.11716666650772095 -0.0008845567703246182 0.14600573 0.13500574 "" "" 1.0851298048176 "" 0.15843451984440118 "" 0.89
276.51428244702 -17.0870575757 0.0399 0.0355 3.7761 "" "" 4096921096944998144 1933.97424 0.4885 0.0456 -0.18 -1.569 0.049 0.039 1.062 "" "" 15.87545 1.551245 16.58681 15.035564 "" "" 1788.35315 2155.76465 8409.4331 4.8248 3167.3 10.685 7672.4 16.35 "" "" 0.002824858749780235 0.004604447 0.004431369 0.009035816 276.51428244702 -17.0870575757 1933.97424 -0.18 -1.569 0.01983333349227906 -0.04488455677032466 0.14600573 0.13600574 "" "" 0.44983772609811196 "" 0.06193768511692215 "" 0.91
276.50024343898 -17.10503674715 0.0392 0.0347 3.3741 "" "" 4096921062585194368 1852.2804 0.515 0.0444 -0.135 -1.638 0.049 0.038 0.998 9775.2 3.7452 15.923048 1.531998 16.590221 15.058224 "" "" 1701.93555 2017.54065 8048.73051 4.9119 3157.4 11.245 7514.0 58.251 "" "" 0.0028338697999765908 0.0047683707 0.009226557 0.0139949275 276.50024343898 -17.10503674715 1852.2804 -0.135 -1.6380000000000017 0.06483333349227904 -0.11388455677032461 0.14600573 0.13500574 "" "" 1.15055883889272 "" 0.1585232487049382 "" 0.89
276.38145882213 -17.22333343018 0.0416 0.0369 9.6089 "" "" 4096883477367443584 1894.95422 0.4905 0.0457 -0.223 -1.529 0.05 0.04 0.995 6502.3 4.0133 16.018688 1.891836 16.944527 15.052691 "" "" 1763.41406 2093.49194 7370.06807 7.9042 2278.3 9.3292 7552.3 22.291 "" "" 0.002991265621868859 0.005248895 0.0049551213 0.010204016 276.38145882213 -17.22333343018 1894.95422 -0.2230000000000002 -1.529 -0.02316666650772095 -0.004884556770324622 0.14700574 0.13700575 "" "" 0.21265986468833198 "" 0.031174661517625334 "" 0.86
276.4965196194 -17.0857408798 0.0424 0.0372 2.7593 "" "" 4096921170002872576 1783.82861 0.5369 0.0479 -0.23 -1.606 0.052 0.04 0.942 9260.8 3.8274 16.029728 1.632229 16.78863 15.156401 "" "" 1633.27808 1970.81445 7295.5049 4.1463 2630.1 8.4562 6864.3 11.091 "" "" 0.0028235715694895475 0.004468877 0.00416668 0.008635556 276.4965196194 -17.0857408798 1783.82861 -0.23000000000000015 -1.6059999999999988 -0.030166666507720957 -0.0818845567703248 0.14900574 0.13700575 "" "" 0.737852429913235 "" 0.10218849895601247 "" 0.92
276.37562807475 -16.81978206841 0.0453 0.0404 15.9958 "" "" 4096977172038902656 1671.94885 0.5619 0.0474 -0.202 -1.517 0.055 0.045 1.044 "" "" 16.06952 1.605047 16.800869 15.195822 "" "" 1556.09375 1832.23669 7032.9632 4.0165 2600.6 15.697 6619.6 17.074 "" "" 0.0028242280094011806 0.0071226563 0.0047038547 0.0118265115 276.37562807475 -16.81978206841 1671.94885 -0.20199999999999996 -1.517 -0.00216666650772096 0.007115443229675389 0.15200573 0.14200574 "" "" 0.058946499669897554 "" 0.008422361603373911 "" 0.85
