Clusters/UBC_341/UBC_341_stars_in_region.tsv
# %ECSV 1.0
# ---
# datatype:
# - name: RA_ICRS_1
#   unit: deg
#   datatype: float64
#   format: '{:15.11f}'
#   description: Right ascension (ICRS) at Ep=2016.0 (ra)
#   meta: !!omap
#   - {ucd: POS_EQ_RA_MAIN}
#   - {width: 15}
#   - {precision: '11'}
# - name: DE_ICRS_1
#   unit: deg
#   datatype: float64
#   format: '{:15.11f}'
#   description: Declination (ICRS) at Ep=2016.0 (dec)
#   meta: !!omap
#   - {ucd: POS_EQ_DEC_MAIN}
#   - {width: 15}
#   - {precision: '11'}
# - name: e_RA_ICRS
#   unit: mas
#   datatype: float64
#   format: '{:7.4f}'
#   description: Standard error of right ascension (ra_error)
#   meta: !!omap
#   - {ucd: ERROR}
#   - {width: 7}
#   - {precision: '4'}
# - name: e_DE_ICRS
#   unit: mas
#   datatype: float64
#   format: '{:7.4f}'
#   description: Standard error of declination (dec_error)
#   meta: !!omap
#   - {ucd: ERROR}
#   - {width: 7}
#   - {precision: '4'}
# - name: _r_1
#   unit: ''
#   datatype: float64
#   format: '{:7.4f}'
#   description: Distance from center (276.44930694000-17.07689422000)[ICRS], at Epoch=J2016.0
#   meta: !!omap
#   - {ucd: POS_ANG_DIST_GENERAL}
#   - {width: 7}
#   - {precision: '4'}
# - name: HIP
#   datatype: int32
#   description: '? HIP cross-id number, van Leeuwen, Cat. I/311 (hip_original_ext_source_id)'
#   meta: !!omap
#   - {ucd: ID_NUMBER}
#   - {width: 6}
#   - values: {'null': -2147483648}
# - name: TYC2
#   datatype: string
#   description: Tycho-2 cross-id name, Hog et al., Cat. I/259 (tyc2_original_ext_source_id)
#   meta: !!omap
#   - {ucd: ID_CROSSID}
#   - {_votable_string_dtype: char}
# - name: Source
#   datatype: int64
#   description: Source identifier, identical to the Gaia-EDR3 source_id (id)
#   meta: !!omap
#   - {ucd: ID_MAIN}
#   - {width: 19}
# - name: rgeo
#   unit: pc
#   datatype: float64
#   format: '{:15.8f}'
#   description: '? Median of the geometric distance posterior (r_med_geo)'
#   meta: !!omap
#   - {ucd: PHYS_DISTANCE_TRUE}
#   - {width: 15}
#   - {precision: '8'}
#   - values: {'null': .nan}
# - name: Plx
#   unit: mas
#   datatype: float64
#   format: '{:9.4f}'
#   description: '? Parallax (parallax)'
#   meta: !!omap
#   - {ucd: POS_PARLX_TRIG}
#   - {width: 9}
#   - {precision: '4'}
#   - values: {'null': .nan}
# - name: e_Plx
#   unit: mas
#   datatype: float32
#   format: '{:7.4f}'
#   description: '? Standard error of parallax (parallax_error)'
#   meta: !!omap
#   - {ucd: ERROR}
#   - {width: 7}
#   - {precision: '4'}
#   - values: {'null': .nan}
# - name: pmRA
#   unit: mas / yr
#   datatype: float64
#   format: '{:9.3f}'
#   description: '? Proper motion in right ascension direction, pmRA*cosDE (pmra)'
#   meta: !!omap
#   - {ucd: POS_EQ_PMRA}
#   - {width: 9}
#   - {precision: '3'}
#   - values: {'null': .nan}
# - name: pmDE
#   unit: mas / yr
#   datatype: float64
#   format: '{:9.3f}'
#   description: '? Proper motion in declination direction (pmdec)'
#   meta: !!omap
#   - {ucd: POS_EQ_PMDEC}
#   - {width: 9}
#   - {precision: '3'}
#   - values: {'null': .nan}
# - name: e_pmRA
#   unit: mas / yr
#   datatype: float32
#   format: '{:6.3f}'
#   description: '? Standard error of proper motion in right ascension direction (pmra_error)'
#   meta: !!omap
#   - {ucd: ERROR}
#   - {width: 6}
#   - {precision: '3'}
#   - values: {'null': .nan}
# - name: e_pmDE
[...]
#         unit: &id001 !astropy.units.Unit {unit: deg}
#         value: !astropy.table.SerializedColumn {name: SkyCoord.dec}
#       distance: !astropy.table.SerializedColumn
#         __class__: astropy.coordinates.distances.Distance
#         unit: !astropy.units.Unit {unit: pc}
#         value: !astropy.table.SerializedColumn {name: SkyCoord.distance}
#       frame: icrs
#       obstime: !astropy.time.Time {format: jyear_str, in_subfmt: '*', jd1: 367701545.0, jd2: 0.0, out_subfmt: '*', precision: 3, scale: tt}
#       pm_dec: !astropy.table.SerializedColumn
#         __class__: astropy.units.quantity.Quantity
#         unit: !astropy.units.Unit {unit: mas / yr}
#         value: !astropy.table.SerializedColumn {name: SkyCoord.pm_dec}
#       pm_ra_cosdec: !astropy.table.SerializedColumn
#         __class__: astropy.units.quantity.Quantity
#         unit: !astropy.units.Unit {unit: mas / yr}
#         value: !astropy.table.SerializedColumn {name: SkyCoord.pm_ra_cosdec}
#       ra: !astropy.table.SerializedColumn
#         __class__: astropy.coordinates.angles.Longitude
#         unit: *id001
#         value: !astropy.table.SerializedColumn {name: SkyCoord.ra}
#         wrap_angle: !astropy.coordinates.Angle
#           unit: *id001
#           value: 360.0
#       representation_type: spherical
# schema: astropy-2.0
RA_ICRS_1 DE_ICRS_1 e_RA_ICRS e_DE_ICRS _r_1 HIP TYC2 Source rgeo Plx e_Plx pmRA pmDE e_pmRA e_pmDE RUWE Teff logg Gmag BP-RP BPmag RPmag RV e_RV b_rgeo B_rgeo FG e_FG FBP e_FBP FRP e_FRP RAVE5 RAVE6 e_Gmag e_BPmag e_RPmag e_BP-RP SkyCoord.ra SkyCoord.dec SkyCoord.distance SkyCoord.pm_ra_cosdec SkyCoord.pm_dec
[from data line 725]
276.39339584149 -17.23700521501 0.0314 0.028 10.1273 "" "" 4096883408647910528 2417.1311 0.3756 0.0357 1.264 -1.364 0.038 0.03 0.929 7994.4 4.1601 15.480803 1.422596 16.115389 14.692793 "" "" 2237.50439 2623.70166 12095.54885 5.298 4889.5 15.042 10521.0 19.365 "" "" 0.0027960601384324087 0.004352197 0.0042752046 0.008627402 276.39339584149 -17.23700521501 2417.1311 1.2639999999999998 -1.3639999999999999
276.64061473964 -17.14889315998 0.041 0.033 11.7902 "" "" 4096905467602330880 1998.27856 0.4733 0.0443 -0.16 -1.549 0.051 0.038 0.89 "" "" 15.484716 1.311882 16.055113 14.743231 "" "" 1826.90234 2222.33252 12052.02676 5.7446 5168.6 39.116 10043.0 40.404 "" "" 0.0028035000395765803 0.008677662 0.005776104 0.014453767 276.64061473964 -17.14889315998 1998.27856 -0.16 -1.5489999999999997
276.28212833437 -17.3413871374 0.0395 0.034 18.5378 "" "" 4096876399261278720 1692.16345 0.5543 0.0407 0.485 -2.878 0.048 0.034 0.996 8069.3 3.8073 15.485496 1.636549 16.253838 14.617289 "" "" 1592.18115 1824.34753 12043.38031 5.3605 4304.1 13.774 11278.0 22.006 "" "" 0.0027973791281628 0.0044562025 0.0043326514 0.008788854 276.28212833437 -17.3413871374 1692.16345 0.4850000000000001 -2.878
276.71407069506 -17.23473248989 0.0332 0.0282 17.891 "" "" 4096903646536080768 1889.43359 0.4921 0.036 9.048 -9.362 0.046 0.034 1.009 7001.7 2.9812 15.488833 2.080341 16.53864 14.458298 "" "" 1775.63672 2038.84546 12006.41831 5.0769 3311.0 14.005 13057.0 18.536 "" "" 0.0027933070572968865 0.005373641 0.0040815976 0.0094552385 276.71407069506 -17.23473248989 1889.43359 9.047999999999998 -9.362000000000002
276.52812588219 -17.35998688133 0.0347 0.0325 17.576 "" "" 4096877906757574016 1794.06042 0.5167 0.0385 2.169 0.593 0.041 0.034 0.941 7959.2 3.9018 15.492892 1.762202 16.336882 14.574679 "" "" 1667.88904 1918.85217 11961.62004 5.2369 3987.2 11.894 11730.0 16.721 "" "" 0.002796022514932013 0.0042749126 0.004084008 0.00835892 276.52812588219 -17.35998688133 1794.06042 2.169 0.593
276.07752467695 -16.96887971012 0.0336 0.03 22.2925 "" "" 4096952677886642688 1732.99634 0.5473 0.039 -2.626 -5.6 0.04 0.031 1.043 "" "" 15.4977 1.311533 16.050707 14.739174 "" "" 1617.46619 1849.03638 11908.77316 9.7227 5189.6 14.578 10081.0 12.784 "" "" 0.002894399162219535 0.004133649 0.0040223687 0.008156018 276.07752467695 -16.96887971012 1732.99634 -2.626000000000001 -5.6000000000000005
276.49959144146 -17.26302435088 0.0364 0.0317 11.5338 "" "" 4096883683525495936 1812.34387 0.521 0.0402 -0.019 -1.647 0.043 0.033 0.94 9263.9 3.5871 15.500752 1.418069 16.129103 14.711034 "" "" 1699.07153 1928.66296 11875.33028 5.4731 4828.1 14.797 10345.0 16.602 "" "" 0.002800389875251955 0.004342521 0.004161703 0.008504224 276.49959144146 -17.26302435088 1812.34387 -0.019000000000000017 -1.647
276.47722242489 -17.41249665428 0.0372 0.0383 20.1996 "" "" 4096871275327903744 1838.86023 0.51 0.0449 -0.685 -0.562 0.042 0.034 0.977 5610.3 3.0966 15.502146 1.778294 16.308638 14.530344 "" "" 1717.76953 1978.69873 11860.10084 6.761 4092.2 23.205 12219.0 70.164 "" "" 0.0028239817936315447 0.0067594512 0.007290608 0.014050059 276.47722242489 -17.41249665428 1838.86023 -0.6849999999999999 -0.562
276.41081045083 -17.18758205548 0.0359 0.0317 6.9985 "" "" 4096895400196676992 1705.89038 0.5623 0.042 2.597 -1.298 0.039 0.033 1.01 "" "" 15.507299 1.766796 16.348722 14.581926 "" "" 1607.35925 1814.54102 11803.94108 5.3807 3943.9 13.758 11652.0 13.371 "" "" 0.002799417150815367 0.0047042826 0.0039794506 0.008683734 276.41081045083 -17.18758205548 1705.89038 2.597 -1.2979999999999998
276.45681887545 -17.17808549518 0.0698 0.0601 6.0867 "" "" 4096885195314043392 1644.01868 0.5926 0.0812 -2.528 -0.157 0.079 0.063 2.343 8862.1 3.9067 15.507371 2.696795 16.917347 14.220551 93.9 5.78 1440.31177 1870.21594 11803.16055 20.147 2336.0 30.012 16253.0 188.86 "" "" 0.003320596613277276 0.0142254215 0.013170186 0.027395608 276.45681887545 -17.17808549518 1644.01868 -2.5280000000000005 -0.157
276.28707670376 -17.32558422472 0.0356 0.0317 17.5815 "" "" 4096876498008453760 1979.69421 0.4665 0.0403 0.869 0.509 0.044 0.032 0.94 "" "" 15.507632 1.479213 16.17996 14.700748 "" "" 1810.69006 2142.65771 11800.32483 6.3496 4607.2 11.533 10444.0 18.186 "" "" 0.0028165764387816598 0.0038951116 0.0042258743 0.008120986 276.28707670376 -17.32558422472 1979.69421 0.8689999999999999 0.509
276.43758895905 -16.81728111303 0.0366 0.0347 15.5913 "" "" 4096976867144201088 2049.41699 0.4587 0.0415 0.076 -2.774 0.046 0.037 1.015 "" "" 15.51125 2.092911 16.568739 14.475828 "" "" 1878.76074 2256.84717 11761.07707 5.9316 3220.5 17.516 12848.0 15.663 "" "" 0.0028092054598035814 0.0065312064 0.00400446 0.010535667 276.43758895905 -16.81728111303 2049.41699 0.07600000000000003 -2.774
276.44041619509 -16.84093705345 0.034 0.03 14.1666 "" "" 4096976214309164416 1866.97595 0.5005 0.0364 -2.174 -4.938 0.043 0.034 0.979 5119.8 3.3273 15.511644 2.201407 16.660177 14.458771 -32.55 7.43 1752.97461 1984.40027 11756.79432 4.6936 2960.4 13.217 13051.0 17.637 "" "" 0.002789206061901977 0.0055930414 0.0040542027 0.009647245 276.44041619509 -16.84093705345 1866.97595 -2.1740000000000004 -4.937999999999999
276.61313642939 -17.04747455397 0.0388 0.0343 9.5615 "" "" 4096911441858724480 2446.80664 0.3632 0.0435 0.32 -4.171 0.051 0.039 1.043 15004.7 3.6452 15.511904 2.749532 17.061424 14.311893 47.09 6.64 2233.87939 2729.30518 11753.98814 7.1834 2045.7 19.452 14942.0 23.03 "" "" 0.002834092236046635 0.010694361 0.0041332943 0.014827656 276.61313642939 -17.04747455397 2446.80664 0.32000000000000006 -4.171
276.67410893996 -16.83632508758 0.0363 0.0337 19.3597 "" "" 4096931821522745472 1822.56238 0.5207 0.0408 1.104 -2.167 0.046 0.038 1.123 6512.0 3.9672 15.514131 1.504418 16.197458 14.69304 "" "" 1668.02441 1977.82214 11729.9079 5.5447 4533.5 14.157 10518.0 21.757 "" "" 0.0028027110562335515 0.00439095 0.004396338 0.008787287 276.67410893996 -16.83632508758 1822.56238 1.1039999999999999 -2.1669999999999994
276.30575662564 -17.02219829616 0.0332 0.028 8.8644 "" "" 4096902615742308224 2053.58179 0.4389 0.0374 1.244 -1.29 0.042 0.032 0.973 6868.9 2.9936 15.517022 1.877243 16.438229 14.560986 "" "" 1887.0354 2253.21191 11698.70862 5.2158 3631.8 8.0379 11879.0 18.533 "" "" 0.0027975189408710067 0.003682285 0.0041416246 0.00782391 276.30575662564 -17.02219829616 2053.58179 1.244 -1.29
276.82170908297 -17.24856469832 0.0337 0.0294 23.704 "" "" 4096715355225361536 1865.06055 0.5056 0.0364 1.67 0.096 0.043 0.033 0.954 15010.8 4.3451 15.518538 1.325103 16.075008 14.749906 "" "" 1749.83643 2033.16125 11682.39347 5.8678 5074.7 17.39 9981.5 58.481 "" "" 0.0028087694334103185 0.0046505854 0.0073992824 0.012049868 276.82170908297 -17.24856469832 1865.06055 1.67 0.096
276.25691178277 -17.02725514975 0.0364 0.0319 11.4311 "" "" 4096902748863061888 1923.74609 0.4826 0.0393 0.531 2.402 0.042 0.035 1.07 "" "" 15.519752 2.424933 16.807116 14.382183 8.72 11.48 1782.76599 2072.19897 11669.33614 8.5486 2585.7 13.58 14005.0 26.608 "" "" 0.0028678239830049967 0.0063482802 0.0043056705 0.01065395 276.25691178277 -17.02725514975 1923.74609 0.5310000000000001 2.402
276.07880210238 -17.03913794216 0.0527 0.049 21.3727 "" "" 4096948898315260672 1881.06702 0.5268 0.0619 -0.942 -3.213 0.065 0.047 1.548 5309.4 4.306 15.521883 1.206534 16.020033 14.813498 "" "" 1721.49268 2124.25122 11646.45361 9.4301 5338.3 12.783 9413.7 29.837 "" "" 0.0028921682031495684 0.0038137187 0.0051113684 0.008925087 276.07880210238 -17.03913794216 1881.06702 -0.9419999999999998 -3.213
276.15237914115 -17.21975486306 0.0376 0.0315 19.0599 "" "" 4096892891936214784 2371.91406 0.3835 0.0404 0.726 0.79 0.045 0.031 1.009 6594.9 3.3331 15.522086 2.221564 16.673904 14.45234 "" "" 2174.60083 2629.66602 11644.27158 6.0962 2923.2 15.85 13129.0 21.659 "" "" 0.002813342034631082 0.0065147504 0.004182336 0.010697086 276.15237914115 -17.21975486306 2371.91406 0.726 0.79
276.45860181065 -17.0606570491 0.0343 0.0305 1.1106 "" "" 4096922162097025664 1836.85547 0.5099 0.0389 -0.421 -1.523 0.042 0.033 0.953 "" "" 15.522209 1.62616 16.279295 14.653135 "" "" 1702.36011 1971.77429 11642.95559 5.3521 4204.4 11.863 10912.0 14.701 "" "" 0.0028001584918382807 0.004143663 0.004052571 0.008196235 276.45860181065 -17.0606570491 1836.85547 -0.42100000000000004 -1.523
276.18853929875 -16.91749300197 0.0365 0.0317 17.7581 "" "" 4096954224074751104 1695.63708 0.5628 0.0416 1.942 -0.106 0.041 0.033 1.083 9564.7 3.6996 15.524425 1.346475 16.086689 14.740214 "" "" 1561.89075 1793.31897 11619.21613 5.8299 5020.4 11.595 10071.0 24.896 "" "" 0.002808657585071389 0.003751408 0.004635466 0.008386874 276.18853929875 -16.91749300197 1695.63708 1.9419999999999997 -0.10600000000000001
276.77381478324 -16.97718736436 0.0346 0.0338 19.5546 "" "" 4096917111215939840 1929.67944 0.4833 0.0406 1.065 -0.48 0.045 0.036 0.89 7521.8 4.1339 15.526485 1.342492 16.117685 14.775193 "" "" 1778.24792 2109.32666 11597.17988 4.9082 4879.1 18.846 9751.7 25.079 "" "" 0.00279337395328916 0.005037131 0.0046989764 0.009736108 276.77381478324 -16.97718736436 1929.67944 1.065 -0.48000000000000004
276.24524761147 -17.07465083264 0.0354 0.0311 11.7046 "" "" 4096900927778656640 1935.46033 0.4986 0.0381 1.238 -0.756 0.045 0.036 1.126 7213.6 3.291 15.526968 1.846269 16.423512 14.577243 "" "" 1774.91699 2084.34302 11592.03007 5.1259 3681.4 17.409 11702.0 16.808 "" "" 0.002796835502574641 0.0058435057 0.004088485 0.009931991 276.24524761147 -17.07465083264 1935.46033 1.2379999999999998 -0.756
276.26913568395 -17.04084447239 0.0381 0.0338 10.5586 "" "" 4096902684461817088 2430.98535 0.3712 0.0412 -1.677 3.754 0.042 0.039 0.922 4959.2 2.708 15.527318 2.532504 16.914103 14.381598 -30.26 5.31 2224.13525 2781.34692 11588.29752 5.0028 2343.0 8.8222 14013.0 20.675 "" "" 0.002794904686180791 0.0049495636 0.004104857 0.0090544205 276.26913568395 -17.04084447239 2430.98535 -1.677 3.753999999999999
276.70793128513 -16.87142818534 0.0661 0.0627 19.2937 "" "" 4096930786392684544 2113.65356 0.4606 0.0775 1.567 -2.502 0.089 0.069 1.816 6342.4 2.5936 15.530732 2.432869 16.765108 14.332239 "" "" 1841.46973 2471.72754 11551.9155 14.924 2687.7 10.632 14664.0 19.359 "" "" 0.003091807333744787 0.005121687 0.004042059 0.009163747 276.70793128513 -16.87142818534 2113.65356 1.5669999999999997 -2.502
276.19750375064 -17.35174925929 0.0337 0.0314 21.9141 "" "" 4096886535384238208 1911.53772 0.4865 0.0389 0.354 -3.2 0.043 0.035 1.064 7907.0 3.8869 15.533936 1.523877 16.22821 14.704333 "" "" 1787.87146 2044.82288 11517.86722 5.03 4406.9 19.096 10409.0 12.778 "" "" 0.002795820500782007 0.0054698642 0.004007517 0.009477381 276.19750375064 -17.35174925929 1911.53772 0.354 -3.2
276.61768446099 -16.8008090573 0.0349 0.0317 19.1782 "" "" 4096935115719946624 1955.59436 0.4797 0.0389 -1.46 -0.435 0.044 0.033 1.053 "" "" 15.535707 1.515481 16.212664 14.697183 "" "" 1804.41174 2089.21094 11499.0997 5.9623 4470.5 9.5613 10478.0 37.467 "" "" 0.002812242628676816 0.0036300553 0.0054181525 0.009048208 276.61768446099 -16.8008090573 1955.59436 -1.4600000000000002 -0.43499999999999994
276.63490366222 -17.28719439905 0.0335 0.0287 16.5045 "" "" 4096879938313566336 1654.08264 0.5644 0.0374 -0.529 -3.103 0.039 0.031 1.036 4994.7 3.5912 15.536994 1.759438 16.384922 14.625483 "" "" 1567.89221 1737.91504 11485.4778 4.8797 3814.6 12.636 11193.0 18.956 "" "" 0.002793666467078753 0.0045519387 0.004202946 0.008754885 276.63490366222 -17.28719439905 1654.08264 -0.529 -3.103
276.79231722671 -17.02252110366 0.0328 0.0333 19.9447 "" "" 4096913748299660032 2136.91772 0.4513 0.0416 -0.273 -1.635 0.044 0.034 0.983 9400.5 3.9609 15.541528 1.332476 16.116053 14.783577 "" "" 1937.95789 2363.30469 11437.61682 5.4949 4886.5 12.377 9676.7 13.566 "" "" 0.0028042592147052214 0.003917635 0.0040743803 0.007992015 276.79231722671 -17.02252110366 2136.91772 -0.273 -1.6349999999999998
276.56873899085 -16.81391264576 0.0339 0.0304 17.2035 "" "" 4096935498014324224 2096.6792 0.4537 0.0398 0.167 -4.053 0.045 0.035 1.065 "" "" 15.547381 "" "" "" "" "" 1919.82397 2284.22241 11376.12471 4.8144 "" "" "" "" "" "" 0.0027933701275147994 "" "" "" 276.56873899085 -16.81391264576 2096.6792 0.16699999999999998 -4.053
276.54742670037 -16.80676617397 0.0333 0.03 17.1582 "" "" 4096935459317314432 2413.85083 0.3784 0.0375 -2.62 -3.901 0.042 0.034 0.97 "" "" 15.547926 2.739372 17.09304 14.353668 -6.3 6.09 2228.80371 2613.30078 11370.41774 5.4607 1987.0 8.38 14378.0 18.269 "" "" 0.002804225180676498 0.0053621144 0.0040232963 0.009385411 276.54742670037 -16.80676617397 2413.85083 -2.6200000000000006 -3.901
276.37430111509 -17.04701484412 0.0342 0.0288 4.6609 "" "" 4096901924211220352 2120.27344 0.4227 0.0375 0.974 0.145 0.043 0.036 1.057 "" "" 15.552056 2.602508 16.967081 14.364574 17.13 5.62 1968.14209 2292.99219 11327.23875 6.7683 2231.4 24.382 14234.0 39.352 "" "" 0.0028306661337774257 0.0121872835 0.004826365 0.017013649 276.37430111509 -17.04701484412 2120.27344 0.974 0.145
276.69284211374 -17.04677664527 0.0343 0.0346 14.0854 "" "" 4096910892102927232 2306.12793 0.4009 0.0431 -3.574 -4.283 0.045 0.036 0.933 7861.1 3.6347 15.552334 2.552336 16.960743 14.408407 39.45 7.08 2120.84839 2505.78271 11324.34491 6.696 2244.5 9.6484 13671.0 15.563 "" "" 0.0028291231067101913 0.005437662 0.0039763567 0.009414019 276.69284211374 -17.04677664527 2306.12793 -3.5740000000000003 -4.283000000000001
276.47082153186 -16.73884903488 0.0366 0.0352 20.3203 "" "" 4096983773451636352 1750.78528 0.5289 0.0412 -2.635 -0.778 0.046 0.038 1.112 7435.0 3.9377 15.555279 1.654264 16.326773 14.672509 "" "" 1641.20422 1878.49097 11293.67507 4.5065 4024.5 15.414 10719.0 20.849 "" "" 0.0027891730245922395 0.005007739 0.004329374 0.009337113 276.47082153186 -16.73884903488 1750.78528 -2.635 -0.778
276.17829803898 -17.2807207507 0.0363 0.0323 19.7712 "" "" 4096889455962182784 2273.94263 0.4017 0.0405 -0.822 -3.895 0.045 0.033 1.036 7825.1 3.5123 15.555337 2.638617 16.996792 14.358175 10.31 5.21 2073.89526 2553.09351 11293.06472 7.9156 2171.2 12.83 14318.0 26.255 "" "" 0.002858485866294225 0.006996256 0.0042717084 0.011267964 276.17829803898 -17.2807207507 2273.94263 -0.8219999999999998 -3.8949999999999996
276.55463275378 -16.87778777755 0.0402 0.038 13.3883 "" "" 4096928415576817920 1659.35742 0.5639 0.046 -3.309 -4.312 0.05 0.041 1.122 7418.6 3.8663 15.555366 1.659855 16.342457 14.682602 "" "" 1529.72449 1785.03406 11292.76611 5.0274 3966.7 11.821 10620.0 17.099 "" "" 0.0027973957052594427 0.0042724563 0.0041640894 0.008436546 276.55463275378 -16.87778777755 1659.35742 -3.309 -4.311999999999999
276.19880287139 -17.10887292114 0.0345 0.0324 14.4939 "" "" 4096900588517767680 2005.82385 0.4644 0.0385 -0.761 -2.022 0.042 0.033 1.03 8571.7 3.8347 15.557309 1.448565 16.195995 14.74743 "" "" 1872.0188 2161.09912 11272.57481 5.4801 4539.6 16.443 10004.0 24.011 "" "" 0.0028054212313884078 0.0048219254 0.0045907013 0.009412627 276.19880287139 -17.10887292114 2005.82385 -0.7610000000000002 -2.022
276.37114939491 -17.00558835969 0.0363 0.0311 6.1973 "" "" 4096902336528348544 1966.45288 0.4643 0.0413 -2.926 -9.5 0.046 0.035 1.04 7943.8 3.4804 15.559703 2.651896 17.027424 14.375527 111.08 13.16 1819.98157 2117.78613 11247.7482 6.6327 2110.8 9.6231 14091.0 16.428 "" "" 0.0028287291284318635 0.0056820842 0.0039857235 0.009667808 276.37114939491 -17.00558835969 1966.45288 -2.926 -9.5
