Clusters/UBC_341/UBC_341_stars_in_region.tsv
# %ECSV 1.0
# ---
# datatype:
# - name: RA_ICRS_1
#   unit: deg
#   datatype: float64
#   format: '{:15.11f}'
#   description: Right ascension (ICRS) at Ep=2016.0 (ra)
#   meta: !!omap
#   - {ucd: POS_EQ_RA_MAIN}
#   - {width: 15}
#   - {precision: '11'}
# - name: DE_ICRS_1
#   unit: deg
#   datatype: float64
#   format: '{:15.11f}'
#   description: Declination (ICRS) at Ep=2016.0 (dec)
#   meta: !!omap
#   - {ucd: POS_EQ_DEC_MAIN}
#   - {width: 15}
#   - {precision: '11'}
# - name: e_RA_ICRS
#   unit: mas
#   datatype: float64
#   format: '{:7.4f}'
#   description: Standard error of right ascension (ra_error)
#   meta: !!omap
#   - {ucd: ERROR}
#   - {width: 7}
#   - {precision: '4'}
# - name: e_DE_ICRS
#   unit: mas
#   datatype: float64
#   format: '{:7.4f}'
#   description: Standard error of declination (dec_error)
#   meta: !!omap
#   - {ucd: ERROR}
#   - {width: 7}
#   - {precision: '4'}
# - name: _r_1
#   unit: ''
#   datatype: float64
#   format: '{:7.4f}'
#   description: Distance from center (276.44930694000-17.07689422000)[ICRS], at Epoch=J2016.0
#   meta: !!omap
#   - {ucd: POS_ANG_DIST_GENERAL}
#   - {width: 7}
#   - {precision: '4'}
# - name: HIP
#   datatype: int32
#   description: '? HIP cross-id number, van Leeuwen, Cat. I/311 (hip_original_ext_source_id)'
#   meta: !!omap
#   - {ucd: ID_NUMBER}
#   - {width: 6}
#   - values: {'null': -2147483648}
# - name: TYC2
#   datatype: string
#   description: Tycho-2 cross-id name, Hog et al., Cat. I/259 (tyc2_original_ext_source_id)
#   meta: !!omap
#   - {ucd: ID_CROSSID}
#   - {_votable_string_dtype: char}
# - name: Source
#   datatype: int64
#   description: Source identifier, identical to the Gaia-EDR3 source_id (id)
#   meta: !!omap
#   - {ucd: ID_MAIN}
#   - {width: 19}
# - name: rgeo
#   unit: pc
#   datatype: float64
#   format: '{:15.8f}'
#   description: '? Median of the geometric distance posterior (r_med_geo)'
#   meta: !!omap
#   - {ucd: PHYS_DISTANCE_TRUE}
#   - {width: 15}
#   - {precision: '8'}
#   - values: {'null': .nan}
# - name: Plx
#   unit: mas
#   datatype: float64
#   format: '{:9.4f}'
#   description: '? Parallax (parallax)'
#   meta: !!omap
#   - {ucd: POS_PARLX_TRIG}
#   - {width: 9}
#   - {precision: '4'}
#   - values: {'null': .nan}
# - name: e_Plx
#   unit: mas
#   datatype: float32
#   format: '{:7.4f}'
#   description: '? Standard error of parallax (parallax_error)'
#   meta: !!omap
#   - {ucd: ERROR}
#   - {width: 7}
#   - {precision: '4'}
#   - values: {'null': .nan}
# - name: pmRA
#   unit: mas / yr
#   datatype: float64
#   format: '{:9.3f}'
#   description: '? Proper motion in right ascension direction, pmRA*cosDE (pmra)'
#   meta: !!omap
#   - {ucd: POS_EQ_PMRA}
#   - {width: 9}
#   - {precision: '3'}
#   - values: {'null': .nan}
# - name: pmDE
#   unit: mas / yr
#   datatype: float64
#   format: '{:9.3f}'
#   description: '? Proper motion in declination direction (pmdec)'
#   meta: !!omap
#   - {ucd: POS_EQ_PMDEC}
#   - {width: 9}
#   - {precision: '3'}
#   - values: {'null': .nan}
# - name: e_pmRA
#   unit: mas / yr
#   datatype: float32
#   format: '{:6.3f}'
#   description: '? Standard error of proper motion in right ascension direction (pmra_error)'
#   meta: !!omap
#   - {ucd: ERROR}
#   - {width: 6}
#   - {precision: '3'}
#   - values: {'null': .nan}
# - name: e_pmDE
[...]
#         unit: &id001 !astropy.units.Unit {unit: deg}
#         value: !astropy.table.SerializedColumn {name: SkyCoord.dec}
#       distance: !astropy.table.SerializedColumn
#         __class__: astropy.coordinates.distances.Distance
#         unit: !astropy.units.Unit {unit: pc}
#         value: !astropy.table.SerializedColumn {name: SkyCoord.distance}
#       frame: icrs
#       obstime: !astropy.time.Time {format: jyear_str, in_subfmt: '*', jd1: 367701545.0, jd2: 0.0, out_subfmt: '*', precision: 3, scale: tt}
#       pm_dec: !astropy.table.SerializedColumn
#         __class__: astropy.units.quantity.Quantity
#         unit: !astropy.units.Unit {unit: mas / yr}
#         value: !astropy.table.SerializedColumn {name: SkyCoord.pm_dec}
#       pm_ra_cosdec: !astropy.table.SerializedColumn
#         __class__: astropy.units.quantity.Quantity
#         unit: !astropy.units.Unit {unit: mas / yr}
#         value: !astropy.table.SerializedColumn {name: SkyCoord.pm_ra_cosdec}
#       ra: !astropy.table.SerializedColumn
#         __class__: astropy.coordinates.angles.Longitude
#         unit: *id001
#         value: !astropy.table.SerializedColumn {name: SkyCoord.ra}
#         wrap_angle: !astropy.coordinates.Angle
#           unit: *id001
#           value: 360.0
#       representation_type: spherical
# schema: astropy-2.0
RA_ICRS_1 DE_ICRS_1 e_RA_ICRS e_DE_ICRS _r_1 HIP TYC2 Source rgeo Plx e_Plx pmRA pmDE e_pmRA e_pmDE RUWE Teff logg Gmag BP-RP BPmag RPmag RV e_RV b_rgeo B_rgeo FG e_FG FBP e_FBP FRP e_FRP RAVE5 RAVE6 e_Gmag e_BPmag e_RPmag e_BP-RP SkyCoord.ra SkyCoord.dec SkyCoord.distance SkyCoord.pm_ra_cosdec SkyCoord.pm_dec
[from data line 2281]
276.783892913 -17.15170423403 0.1265 0.1115 19.7043 "" "" 4096905875585629056 2268.57837 0.5234 0.1346 8.428 -1.383 0.174 0.132 1.794 4727.8 4.3556 16.991104 1.664637 17.688131 16.023495 "" "" 1732.95178 3414.43213 3009.57355 7.6604 1148.6 8.8837 3088.6 16.733 "" "" 0.003902450416562127 0.00884889 0.0069916714 0.01584056 276.783892913 -17.15170423403 2268.57837 8.428 -1.383
276.66127775097 -17.33723273656 0.0715 0.0606 19.7887 "" "" 4096691509574270592 2059.75684 0.4709 0.079 2.118 -1.239 0.091 0.071 1.067 4907.6 4.2581 16.991953 2.21262 18.158688 15.946068 "" "" 1788.4303 2457.93945 3007.22317 2.6785 744.63 8.5302 3316.9 10.902 "" "" 0.0029200994743018567 0.0127469 0.0051979464 0.017944846 276.66127775097 -17.33723273656 2059.75684 2.118 -1.2390000000000003
276.81321280173 -17.17632941523 0.0672 0.0588 21.7023 "" "" 4096718069645119744 2126.42627 0.4707 0.069 0.259 -3.933 0.088 0.069 1.008 4932.4 4.4376 16.992443 1.670769 17.740625 16.069857 "" "" 1816.02393 2487.63525 3005.86438 2.701 1094.4 12.079 2959.5 14.433 "" "" 0.0029229468928973364 0.012303917 0.006505406 0.018809322 276.81321280173 -17.17632941523 2126.42627 0.259 -3.9329999999999994
276.31827305595 -17.31597926493 0.0773 0.0677 16.1923 "" "" 4096876841621697664 1695.75073 0.6098 0.0854 0.176 -3.297 0.096 0.07 1.026 4606.4 4.2794 16.99256 2.161341 18.086716 15.925375 "" "" 1491.026 1957.37427 3005.54511 2.905 795.67 15.528 3380.7 15.893 "" "" 0.002948399699325039 0.02137174 0.0063510695 0.02772281 276.31827305595 -17.31597926493 1695.75073 0.17600000000000005 -3.297
276.05521417671 -17.00963634614 0.0836 0.0758 22.9645 "" "" 4096951921972352896 1658.28674 0.6198 0.0917 0.531 -2.567 0.092 0.071 0.951 4914.4 4.6958 16.993078 1.595505 17.67662 16.081116 "" "" 1459.20398 1932.31775 3004.1066 4.1646 1160.8 11.453 2928.9 50.079 "" "" 0.0031396323739925638 0.011069789 0.018944971 0.03001476 276.05521417671 -17.00963634614 1658.28674 0.531 -2.567
276.72501227972 -17.24985815462 0.074 0.065 18.9081 "" "" 4096715900588136064 1707.88745 0.5827 0.0818 -3.451 -2.934 0.1 0.082 1.113 4699.7 4.544 16.994595 1.611122 17.74546 16.134338 "" "" 1500.47668 1959.08875 2999.91341 3.0031 1089.5 8.6342 2788.8 12.682 "" "" 0.0029619449664142054 0.009045456 0.006217816 0.0152632715 276.72501227972 -17.24985815462 1707.88745 -3.451 -2.9340000000000006
276.50176586541 -16.91121308126 0.0722 0.0628 10.3866 "" "" 4096928071973219968 2182.58521 0.4543 0.0741 0.637 -0.659 0.094 0.073 1.038 "" "" 16.99626 1.762733 17.841394 16.078661 "" "" 1899.5918 2521.29541 2995.31982 2.5817 997.38 10.154 2935.6 13.923 "" "" 0.0029099014600937447 0.01140024 0.0063875257 0.017787766 276.50176586541 -16.91121308126 2182.58521 0.637 -0.6590000000000001
276.44902636876 -17.31784987144 0.0836 0.0794 14.4573 "" "" 4096881656300906880 1823.81995 0.5418 0.0862 0.284 -3.815 0.103 0.08 1.019 4719.0 4.3706 16.996399 1.605642 17.70606 16.100418 "" "" 1595.73645 2163.76392 2994.93433 2.8183 1129.8 14.953 2877.3 16.817 "" "" 0.00293865008692498 0.0146381855 0.0073860097 0.022024196 276.44902636876 -17.31784987144 1823.81995 0.28400000000000003 -3.815
276.68933336707 -17.37147109517 0.0706 0.0593 22.3967 "" "" 4096690616220940160 1924.9707 0.5123 0.0823 -2.432 -3.849 0.09 0.066 0.928 4764.7 4.3995 16.996416 1.742598 17.827793 16.085196 "" "" 1674.66833 2251.97754 2994.88416 2.3639 1009.9 11.424 2918.0 26.717 "" "" 0.00288551784189764 0.012594804 0.010635114 0.02322992 276.68933336707 -17.37147109517 1924.9707 -2.4319999999999995 -3.849
276.52810958805 -16.89320484997 0.0737 0.0658 11.9129 "" "" 4096928484290141312 2069.021 0.4764 0.0819 -1.383 -4.662 0.097 0.081 1.016 9379.9 4.0609 16.99801 2.99683 18.712746 15.715916 "" "" 1684.18298 2541.72534 2990.49053 3.331 447.01 5.8546 4100.1 13.876 "" "" 0.003009044218384528 0.0144913 0.005271188 0.019762488 276.52810958805 -16.89320484997 2069.021 -1.3830000000000002 -4.661999999999999
276.42127732194 -16.9032011185 0.0739 0.065 10.545 "" "" 4096927556576585088 2438.93652 0.42 0.0792 -0.418 -2.568 0.097 0.076 1.026 "" "" 16.998243 2.239262 18.160025 15.920763 "" "" 2019.23755 3194.68896 2989.85027 2.9786 743.72 8.0252 3395.1 10.137 "" "" 0.0029600266412066595 0.0120434305 0.004979232 0.017022662 276.42127732194 -16.9032011185 2438.93652 -0.418 -2.5679999999999996
