Clusters/UBC_341/UBC_341_stars_in_region.tsv
# %ECSV 1.0
# ---
# datatype:
# - name: RA_ICRS_1
#   unit: deg
#   datatype: float64
#   format: '{:15.11f}'
#   description: Right ascension (ICRS) at Ep=2016.0 (ra)
#   meta: !!omap
#   - {ucd: POS_EQ_RA_MAIN}
#   - {width: 15}
#   - {precision: '11'}
# - name: DE_ICRS_1
#   unit: deg
#   datatype: float64
#   format: '{:15.11f}'
#   description: Declination (ICRS) at Ep=2016.0 (dec)
#   meta: !!omap
#   - {ucd: POS_EQ_DEC_MAIN}
#   - {width: 15}
#   - {precision: '11'}
# - name: e_RA_ICRS
#   unit: mas
#   datatype: float64
#   format: '{:7.4f}'
#   description: Standard error of right ascension (ra_error)
#   meta: !!omap
#   - {ucd: ERROR}
#   - {width: 7}
#   - {precision: '4'}
# - name: e_DE_ICRS
#   unit: mas
#   datatype: float64
#   format: '{:7.4f}'
#   description: Standard error of declination (dec_error)
#   meta: !!omap
#   - {ucd: ERROR}
#   - {width: 7}
#   - {precision: '4'}
# - name: _r_1
#   unit: ''
#   datatype: float64
#   format: '{:7.4f}'
#   description: Distance from center (276.44930694000-17.07689422000)[ICRS], at Epoch=J2016.0
#   meta: !!omap
#   - {ucd: POS_ANG_DIST_GENERAL}
#   - {width: 7}
#   - {precision: '4'}
# - name: HIP
#   datatype: int32
#   description: '? HIP cross-id number, van Leeuwen, Cat. I/311 (hip_original_ext_source_id)'
#   meta: !!omap
#   - {ucd: ID_NUMBER}
#   - {width: 6}
#   - values: {'null': -2147483648}
# - name: TYC2
#   datatype: string
#   description: Tycho-2 cross-id name, Hog et al., Cat. I/259 (tyc2_original_ext_source_id)
#   meta: !!omap
#   - {ucd: ID_CROSSID}
#   - {_votable_string_dtype: char}
# - name: Source
#   datatype: int64
#   description: Source identifier, identical to the Gaia-EDR3 source_id (id)
#   meta: !!omap
#   - {ucd: ID_MAIN}
#   - {width: 19}
# - name: rgeo
#   unit: pc
#   datatype: float64
#   format: '{:15.8f}'
#   description: '? Median of the geometric distance posterior (r_med_geo)'
#   meta: !!omap
#   - {ucd: PHYS_DISTANCE_TRUE}
#   - {width: 15}
#   - {precision: '8'}
#   - values: {'null': .nan}
# - name: Plx
#   unit: mas
#   datatype: float64
#   format: '{:9.4f}'
#   description: '? Parallax (parallax)'
#   meta: !!omap
#   - {ucd: POS_PARLX_TRIG}
#   - {width: 9}
#   - {precision: '4'}
#   - values: {'null': .nan}
# - name: e_Plx
#   unit: mas
#   datatype: float32
#   format: '{:7.4f}'
#   description: '? Standard error of parallax (parallax_error)'
#   meta: !!omap
#   - {ucd: ERROR}
#   - {width: 7}
#   - {precision: '4'}
#   - values: {'null': .nan}
# - name: pmRA
#   unit: mas / yr
#   datatype: float64
#   format: '{:9.3f}'
#   description: '? Proper motion in right ascension direction, pmRA*cosDE (pmra)'
#   meta: !!omap
#   - {ucd: POS_EQ_PMRA}
#   - {width: 9}
#   - {precision: '3'}
#   - values: {'null': .nan}
# - name: pmDE
#   unit: mas / yr
#   datatype: float64
#   format: '{:9.3f}'
#   description: '? Proper motion in declination direction (pmdec)'
#   meta: !!omap
#   - {ucd: POS_EQ_PMDEC}
#   - {width: 9}
#   - {precision: '3'}
#   - values: {'null': .nan}
# - name: e_pmRA
#   unit: mas / yr
#   datatype: float32
#   format: '{:6.3f}'
#   description: '? Standard error of proper motion in right ascension direction (pmra_error)'
#   meta: !!omap
#   - {ucd: ERROR}
#   - {width: 6}
#   - {precision: '3'}
#   - values: {'null': .nan}
# - name: e_pmDE
[...]
#         unit: &id001 !astropy.units.Unit {unit: deg}
#         value: !astropy.table.SerializedColumn {name: SkyCoord.dec}
#       distance: !astropy.table.SerializedColumn
#         __class__: astropy.coordinates.distances.Distance
#         unit: !astropy.units.Unit {unit: pc}
#         value: !astropy.table.SerializedColumn {name: SkyCoord.distance}
#       frame: icrs
#       obstime: !astropy.time.Time {format: jyear_str, in_subfmt: '*', jd1: 367701545.0, jd2: 0.0, out_subfmt: '*', precision: 3, scale: tt}
#       pm_dec: !astropy.table.SerializedColumn
#         __class__: astropy.units.quantity.Quantity
#         unit: !astropy.units.Unit {unit: mas / yr}
#         value: !astropy.table.SerializedColumn {name: SkyCoord.pm_dec}
#       pm_ra_cosdec: !astropy.table.SerializedColumn
#         __class__: astropy.units.quantity.Quantity
#         unit: !astropy.units.Unit {unit: mas / yr}
#         value: !astropy.table.SerializedColumn {name: SkyCoord.pm_ra_cosdec}
#       ra: !astropy.table.SerializedColumn
#         __class__: astropy.coordinates.angles.Longitude
#         unit: *id001
#         value: !astropy.table.SerializedColumn {name: SkyCoord.ra}
#         wrap_angle: !astropy.coordinates.Angle
#           unit: *id001
#           value: 360.0
#       representation_type: spherical
# schema: astropy-2.0
RA_ICRS_1 DE_ICRS_1 e_RA_ICRS e_DE_ICRS _r_1 HIP TYC2 Source rgeo Plx e_Plx pmRA pmDE e_pmRA e_pmDE RUWE Teff logg Gmag BP-RP BPmag RPmag RV e_RV b_rgeo B_rgeo FG e_FG FBP e_FBP FRP e_FRP RAVE5 RAVE6 e_Gmag e_BPmag e_RPmag e_BP-RP SkyCoord.ra SkyCoord.dec SkyCoord.distance SkyCoord.pm_ra_cosdec SkyCoord.pm_dec
[from data line 1789]
276.74096525971 -17.08948293264 0.0588 0.0581 16.7445 "" "" 4096907593567791360 2247.21729 0.4695 0.0715 0.999 1.52 0.073 0.057 1.018 5531.8 4.6101 16.658949 1.508913 17.362686 15.853773 "" "" 1979.72986 2811.35742 4086.64483 2.7541 1550.0 10.809 3611.2 12.218 "" "" 0.0028508216927995923 0.008069179 0.005270473 0.013339652 276.74096525971 -17.08948293264 2247.21729 0.9990000000000001 1.52
276.84774254388 -17.03177669998 0.0598 0.0564 23.0147 "" "" 4096913542141720576 1817.09363 0.5499 0.0677 -0.251 0.252 0.076 0.061 1.031 6011.9 4.4671 16.659285 1.526216 17.340052 15.813836 "" "" 1624.0321 2054.33765 4085.38101 3.334 1582.7 11.427 3746.5 13.853 "" "" 0.002894282431624546 0.008320709 0.005513687 0.013834396 276.84774254388 -17.03177669998 1817.09363 -0.251 0.252
276.37838208091 -17.15039792276 0.0579 0.0492 5.9993 "" "" 4096897216931608448 2374.98779 0.415 0.0672 2.419 -0.228 0.073 0.058 0.974 8513.5 4.4449 16.659565 1.685617 17.450258 15.764641 "" "" 2028.02991 2889.59106 4084.32816 3.348 1429.9 10.457 3920.1 14.904 "" "" 0.002895494127989615 0.008416066 0.005596727 0.014012793 276.37838208091 -17.15039792276 2374.98779 2.419 -0.22799999999999998
276.44567949809 -17.15100277772 0.0588 0.0492 4.4514 "" "" 4096897045132901376 2128.96655 0.4626 0.0656 -0.138 -0.093 0.069 0.054 0.918 8671.3 4.2885 16.660072 1.783375 17.516605 15.733231 "" "" 1871.64453 2698.95581 4082.42015 2.7541 1345.2 11.409 4035.2 15.333 "" "" 0.00285101613483404 0.009621851 0.005595019 0.01521687 276.44567949809 -17.15100277772 2128.96655 -0.138 -0.093
276.32481345293 -17.15584365606 0.0595 0.0501 8.5674 "" "" 4096896430989048320 1677.39453 0.5873 0.0637 -1.392 -1.497 0.076 0.058 0.947 "" "" 16.660406 1.631153 17.37173 15.740578 "" "" 1499.27271 1951.08594 4081.16481 4.1653 1537.2 15.47 4008.0 26.598 "" "" 0.0029698008853104693 0.011277198 0.008136247 0.019413445 276.32481345293 -17.15584365606 1677.39453 -1.392 -1.497
276.38527043198 -17.240839944 0.0667 0.0565 10.4995 "" "" 4096883408648727680 2071.5271 0.4804 0.0688 -0.97 -1.388 0.087 0.062 0.995 5046.1 4.2703 16.660975 1.835866 17.547966 15.7121 "" "" 1845.94934 2352.23682 4079.03265 3.1255 1306.9 9.8613 4114.5 15.967 "" "" 0.0028781758838733393 0.008654595 0.0056600613 0.014314657 276.38527043198 -17.240839944 2071.5271 -0.97 -1.388
276.37628613804 -16.72024659805 0.058 0.0595 21.8056 "" "" 4096981196456692096 2075.09497 0.4681 0.073 2.142 -0.707 0.073 0.059 1.056 6191.6 4.4833 16.661755 1.690654 17.331453 15.640799 "" "" 1793.15991 2388.14502 4076.09914 3.242 1595.3 38.323 4393.8 28.428 "" "" 0.0028874773687712534 0.026230851 0.007976887 0.03420774 276.37628613804 -16.72024659805 2075.09497 2.1419999999999995 -0.707
276.46333895497 -17.16374981488 0.0606 0.0508 5.2731 "" "" 4096885298433539328 1823.08081 0.5279 0.0692 -0.404 -1.591 0.071 0.054 0.98 4699.7 4.2542 16.662674 1.858712 17.485826 15.627114 "" "" 1632.14758 2073.60889 4072.65012 3.5888 1383.8 8.8797 4449.5 82.921 "" "" 0.0029167021518134114 0.007504992 0.020583749 0.028088741 276.46333895497 -17.16374981488 1823.08081 -0.4039999999999999 -1.5909999999999997
276.40439686722 -17.16129535087 0.0597 0.0506 5.6812 "" "" 4096897186863475200 2192.63818 0.4465 0.0653 -0.388 -1.63 0.069 0.055 0.892 9374.2 4.0249 16.66325 1.988419 17.652458 15.66404 "" "" 1879.98706 2587.42383 4070.49028 3.8863 1187.0 8.1462 4300.7 13.267 "" "" 0.002943865225016822 0.00795651 0.005049924 0.013006434 276.40439686722 -17.16129535087 2192.63818 -0.388 -1.63
276.13657502001 -16.99312238563 0.0598 0.0557 18.6315 "" "" 4096949413712132096 1656.42078 0.5974 0.0679 -0.233 -3.233 0.071 0.056 0.962 4651.1 4.3061 16.663311 1.690234 17.470842 15.780608 "" "" 1467.53503 1822.56128 4070.26041 3.0819 1403.1 8.9713 3862.9 14.417 "" "" 0.002875347859309947 0.007481835 0.0055410885 0.013022924 276.13657502001 -16.99312238563 1656.42078 -0.233 -3.2330000000000005
276.14354140219 -16.85818827763 0.0671 0.0574 21.9113 "" "" 4096955765917860864 2162.29907 0.5 0.0788 1.252 -0.233 0.074 0.058 1.154 "" "" 16.66352 1.72932 17.455511 15.726192 "" "" 1821.21863 2691.3418 4069.47499 3.4538 1423.0 7.0995 4061.5 15.348 "" "" 0.002905323360503277 0.0060932226 0.0055782986 0.011671521 276.14354140219 -16.85818827763 2162.29907 1.252 -0.233
276.23047080651 -17.2365643331 0.2362 0.2093 15.7854 "" "" 4096890040038750848 2279.75098 0.7872 0.258 -2.971 -4.487 0.285 0.219 4.033 9178.4 3.678 16.664728 2.822434 18.0373 15.214866 "" "" 1591.81555 4210.11719 4064.9492 13.824 832.72 15.676 6504.5 90.306 "" "" 0.004607086032661422 0.020628609 0.015540515 0.036169123 276.23047080651 -17.2365643331 2279.75098 -2.9709999999999996 -4.486999999999999
276.44071469126 -16.92069951631 0.065 0.0554 9.3846 "" "" 4096927281698646528 1637.65625 0.6164 0.0673 0.638 -4.552 0.079 0.062 1.042 4927.3 4.2693 16.666105 2.184433 17.801191 15.616758 "" "" 1455.45374 1870.40076 4059.80054 3.322 1035.0 8.8669 4492.2 18.062 "" "" 0.002895009985958431 0.009711028 0.0057741716 0.015485199 276.44071469126 -16.92069951631 1637.65625 0.638 -4.552
276.63965851954 -16.93721570471 0.0613 0.0622 13.7666 "" "" 4096924258042171008 2212.12476 0.4697 0.0789 -0.346 -4.87 0.076 0.066 1.014 5513.2 3.8691 16.666672 1.913172 17.59538 15.682209 "" "" 1853.98193 2715.00244 4057.68291 3.4577 1251.0 10.376 4229.4 15.277 "" "" 0.0029065058218899716 0.009427621 0.0054464773 0.014874099 276.63965851954 -16.93721570471 2212.12476 -0.3460000000000001 -4.87
276.64476183857 -16.75292469436 0.063 0.0564 22.4439 "" "" 4096937555261520384 2114.24292 0.4487 0.069 -5.952 -11.616 0.077 0.061 1.144 9115.7 3.7805 16.666977 3.143465 18.453371 15.309906 "" "" 1820.20166 2427.83154 4056.54543 4.8801 567.63 13.977 5959.3 52.28 "" "" 0.0030492368527986814 0.026879758 0.010247399 0.037127156 276.64476183857 -16.75292469436 2114.24292 -5.952000000000001 -11.616
276.12576891394 -17.06793344969 0.0601 0.0587 18.5647 "" "" 4096947833163229952 1635.51099 0.5978 0.0733 1.363 -1.318 0.071 0.056 0.98 8396.0 3.969 16.667736 2.675369 18.109346 15.433977 "" "" 1464.64368 1890.54736 4053.70856 3.9797 779.25 12.859 5315.8 19.906 "" "" 0.002954312411152037 0.018132519 0.0055510337 0.023683552 276.12576891394 -17.06793344969 1635.51099 1.3630000000000002 -1.318
276.76788513156 -17.15383512789 0.0593 0.0523 18.8425 "" "" 4096905772520502912 1990.42114 0.5154 0.0629 0.933 -1.254 0.074 0.058 0.964 "" "" 16.668175 1.649705 17.452885 15.80318 "" "" 1707.4093 2348.02612 4052.06762 3.0873 1426.5 10.774 3783.4 9.7758 "" "" 0.002876821068347585 0.00866198 0.0047068014 0.013368782 276.76788513156 -17.15383512789 1990.42114 0.9329999999999998 -1.254
276.23013319352 -17.19252613742 0.0714 0.0598 14.3547 "" "" 4096893201173760512 2060.83203 0.4968 0.0758 5.584 0.638 0.088 0.066 1.108 4631.5 4.3287 16.668566 1.54917 17.352573 15.803404 "" "" 1747.68445 2399.7522 4050.60801 4.1941 1564.5 11.627 3782.7 33.057 "" "" 0.002975837856212345 0.008537728 0.010213251 0.01875098 276.23013319352 -17.19252613742 2060.83203 5.583999999999999 0.6379999999999999
276.36557062341 -17.31685947255 0.0646 0.0593 15.1768 "" "" 4096875952584548608 1935.44458 0.4917 0.0732 0.537 -1.716 0.079 0.058 0.975 "" "" 16.669632 1.865309 17.585802 15.720493 "" "" 1736.521 2166.2002 4046.63671 3.1873 1262.1 9.7914 4082.8 13.498 "" "" 0.0028849795513384664 0.0088732615 0.005212325 0.014085587 276.36557062341 -17.31685947255 1935.44458 0.537 -1.716
276.41364323927 -17.31267278091 0.0614 0.0564 14.2936 "" "" 4096881587581536256 1756.90686 0.5602 0.0714 -1.197 -1.739 0.074 0.057 0.967 4782.6 4.3105 16.67188 1.604773 17.431503 15.826731 "" "" 1584.00342 2023.17249 4038.26048 2.9304 1454.8 12.783 3702.3 14.151 "" "" 0.0028657521008738553 0.009939765 0.0056129824 0.015552747 276.41364323927 -17.31267278091 1756.90686 -1.1970000000000003 -1.739
276.27832413413 -16.75945103784 0.0621 0.0549 21.4268 "" "" 4096980062599680768 1898.25671 0.5307 0.0694 -1.736 -3.17 0.075 0.056 1.027 5133.2 4.6181 16.674208 1.42111 17.318981 15.897871 "" "" 1635.69653 2147.46509 4029.61899 3.5621 1613.7 10.622 3467.4 15.735 "" "" 0.0029176950999567942 0.007672086 0.0062096347 0.013881721 276.27832413413 -16.75945103784 1898.25671 -1.7360000000000002 -3.17
276.15836899378 -17.00694244497 0.066 0.0653 17.2094 "" "" 4096949203211489664 1932.35132 0.5426 0.0795 3.539 -4.993 0.074 0.06 1.1 5721.5 4.6011 16.679714 1.677156 17.465899 15.788742 "" "" 1681.54285 2327.86646 4009.23131 3.0966 1409.5 9.7524 3834.1 12.094 "" "" 0.0028801073101389217 0.008013684 0.0051002693 0.013113953 276.15836899378 -17.00694244497 1932.35132 3.5389999999999997 -4.993
276.41358209935 -17.32456800505 0.0692 0.064 15.0008 "" "" 4096881587540161024 1667.0448 0.604 0.0801 -3.197 -4.642 0.084 0.068 1.071 "" "" 16.682388 "" "" "" "" "" 1456.44666 1931.97278 3999.36595 24.512 "" "" "" "" "" "" 0.007202321635543478 "" "" "" 276.41358209935 -17.32456800505 1667.0448 -3.1969999999999996 -4.642000000000001
276.13650439266 -17.29224355611 0.0576 0.0499 22.1008 "" "" 4096888012853235840 1649.05957 0.6018 0.0629 0.707 -0.048 0.072 0.053 0.958 5054.0 4.6365 16.68306 1.39703 17.309355 15.912325 "" "" 1493.85242 1810.85449 3996.89782 2.7767 1628.1 8.6406 3421.6 10.518 "" "" 0.0028566976559607077 0.006402173 0.0050421213 0.011444295 276.13650439266 -17.29224355611 1649.05957 0.707 -0.047999999999999994
276.64870436683 -16.7605670487 0.0546 0.0499 22.1639 "" "" 4096936803684863360 2113.87549 0.4631 0.0613 0.119 -0.896 0.068 0.055 0.945 4954.2 4.2129 16.683474 2.018329 17.707829 15.6895 "" "" 1866.67493 2409.57275 3995.3696 2.8512 1127.9 9.0697 4201.1 9.3134 "" "" 0.002862187884613585 0.00916566 0.004480759 0.013646418 276.64870436683 -16.7605670487 2113.87549 0.119 -0.8959999999999999
276.33280179162 -17.23277485312 0.0579 0.0526 11.493 "" "" 4096894880483625344 2067.80737 0.5048 0.0679 -0.356 -0.376 0.071 0.055 0.977 "" "" 16.684465 1.596574 17.442091 15.845517 "" "" 1780.68787 2542.26855 3991.72133 3.027 1440.7 10.493 3638.7 15.124 "" "" 0.002875703340812749 0.008385514 0.005886337 0.014271851 276.33280179162 -17.23277485312 2067.80737 -0.356 -0.37600000000000006
276.07612810806 -17.09265606922 0.0625 0.0636 21.4235 "" "" 4096942541763561728 1690.00745 0.5932 0.0781 -0.313 -3.047 0.075 0.057 0.959 4708.3 4.1525 16.684647 2.357269 17.933666 15.576397 "" "" 1452.82104 1985.29358 3991.05705 3.4885 916.12 12.006 4662.3 14.223 "" "" 0.002914176952314858 0.01449985 0.0050253686 0.019525219 276.07612810806 -17.09265606922 1690.00745 -0.31300000000000006 -3.0469999999999997
276.3453806505 -17.32835879978 0.0764 0.065 16.2211 "" "" 4096876571059856512 2404.67676 0.4373 0.0876 -3.998 -9.586 0.1 0.065 1.102 9271.2 4.2126 16.684893 2.842778 18.270376 15.427598 "" "" 1996.00916 2872.15063 3990.15212 4.5913 671.84 9.6011 5347.1 16.444 "" "" 0.0030253209953346777 0.015764862 0.0050430642 0.020807926 276.3453806505 -17.32835879978 2404.67676 -3.9979999999999998 -9.586
276.3233451177 -17.20200207634 0.0668 0.058 10.4166 "" "" 4096895194038375296 1708.38245 0.58 0.0732 0.708 0.386 0.085 0.064 0.992 "" "" 16.68495 "" "" "" "" "" 1511.05786 1941.34131 3989.94719 4.7777 "" "" "" "" "" "" 0.0030466446722015273 "" "" "" 276.3233451177 -17.20200207634 1708.38245 0.708 0.38600000000000007
276.27495337398 -17.3761319962 0.0589 0.054 20.5474 "" "" 4096875986944347008 2013.18494 0.4902 0.0668 3.429 0.663 0.073 0.056 0.952 4631.7 4.2962 16.686213 1.671371 17.439035 15.767665 "" "" 1772.18054 2258.73877 3985.30758 3.0093 1444.8 9.1891 3909.2 21.026 "" "" 0.0028747040620459028 0.0074478015 0.0069560204 0.014403822 276.27495337398 -17.3761319962 2013.18494 3.428999999999999 0.663
276.30607809716 -16.76759398655 0.0686 0.0593 20.2977 "" "" 4096980711088080128 1724.34924 0.5924 0.0741 -0.769 -5.733 0.076 0.059 1.042 6021.9 4.3689 16.68962 1.873885 17.601961 15.728076 "" "" 1501.80981 1976.50305 3972.82451 3.2071 1243.5 9.5824 4054.4 13.466 "" "" 0.0028913647778015996 0.008819653 0.0052237534 0.014043406 276.30607809716 -16.76759398655 1724.34924 -0.7689999999999999 -5.732999999999999
276.4452715668 -17.23006107116 0.0629 0.0542 9.1929 "" "" 4096883301237109760 2095.20483 0.4488 0.0699 -4.392 -6.326 0.074 0.058 0.942 8387.5 3.8195 16.689682 2.839411 18.25965 15.420238 "" "" 1852.73438 2374.80859 3972.58835 3.6977 678.51 16.798 5383.5 31.196 "" "" 0.002934811142857113 0.027024198 0.0073394473 0.034363646 276.4452715668 -17.23006107116 2095.20483 -4.392 -6.3260000000000005
276.60859981324 -17.30833328441 0.0634 0.0564 16.6192 "" "" 4096879491636977536 2048.35205 0.4901 0.0797 1.44 -0.189 0.072 0.056 1.018 4923.0 4.3469 16.690832 1.605904 17.443323 15.837419 "" "" 1790.48328 2346.60571 3968.3883 2.9885 1439.1 13.003 3666.0 15.195 "" "" 0.0028740787268386517 0.010199248 0.0058766995 0.016075946 276.60859981324 -17.30833328441 2048.35205 1.44 -0.18899999999999997
276.12981372257 -16.88837529294 0.0727 0.0622 21.5422 "" "" 4096955289226829440 1684.12732 0.6075 0.0882 0.129 -1.945 0.074 0.059 1.129 5060.9 4.6219 16.69106 1.597053 17.364218 15.767164 "" "" 1478.03455 2036.93213 3967.55866 5.1969 1547.9 9.205 3911.0 36.688 "" "" 0.003100693325505919 0.007033704 0.010863597 0.0178973 276.12981372257 -16.88837529294 1684.12732 0.129 -1.945
276.28339213805 -17.00358054499 0.0815 0.0718 10.4852 "" "" 4096902886284177664 2173.71582 0.4679 0.0879 -1.312 -0.474 0.095 0.078 1.36 7505.2 4.1194 16.691317 2.76114 18.126095 15.364955 "" "" 1816.87842 2775.02588 3966.61632 6.6155 767.32 11.76 5664.7 19.485 "" "" 0.0032970789873261962 0.016872372 0.0053133043 0.022185676 276.28339213805 -17.00358054499 2173.71582 -1.312 -0.4739999999999999
276.53609992419 -17.29762692886 0.0695 0.0607 14.1476 "" "" 4096880453711293184 1697.02954 0.5792 0.0774 2.85 -3.33 0.081 0.07 1.068 4547.8 4.1467 16.691555 2.166617 17.806774 15.640157 "" "" 1479.83459 1929.35779 3965.7426 3.3272 1029.7 7.0556 4396.4 13.347 "" "" 0.0029019921976545507 0.007945577 0.0050148303 0.012960407 276.53609992419 -17.29762692886 1697.02954 2.85 -3.33
276.18669442269 -16.94425764698 0.0639 0.0555 17.0399 "" "" 4096951234777460864 2203.2854 0.4401 0.0729 -0.178 -1.844 0.071 0.058 1.0 7725.5 3.5899 16.692871 2.47511 18.021282 15.546172 "" "" 1943.73047 2617.56665 3960.93703 3.5013 845.09 10.89 4793.9 14.879 "" "" 0.0029176873060580495 0.014266519 0.00506355 0.01933007 276.18669442269 -16.94425764698 2203.2854 -0.178 -1.8439999999999999
276.68681021862 -17.16181048786 0.0623 0.056 14.5407 "" "" 4096905227084121728 1951.55798 0.5098 0.0691 1.371 -1.497 0.078 0.06 1.004 "" "" 16.692894 1.625878 17.404034 15.778155 "" "" 1697.14453 2262.58813 3960.85884 3.7001 1492.1 10.965 3871.7 16.388 "" "" 0.00293607022098901 0.008452547 0.0059501166 0.014402663 276.68681021862 -17.16181048786 1951.55798 1.3709999999999998 -1.497
276.41997297092 -16.9071717833 0.0617 0.0532 10.3215 "" "" 4096927526554582016 1709.64355 0.5642 0.0648 0.237 -3.213 0.081 0.063 1.025 4978.7 4.3178 16.692959 1.831362 17.600657 15.769295 "" "" 1523.62622 1900.62268 3960.61806 3.193 1245.0 13.104 3903.4 20.268 "" "" 0.002891012153173057 0.011763391 0.0067871897 0.01855058 276.41997297092 -16.9071717833 1709.64355 0.23699999999999993 -3.213
276.2577906357 -17.39817659653 0.0686 0.0633 22.1821 "" "" 4096874475116742656 1697.68066 0.5925 0.0783 -1.235 -3.06 0.088 0.068 1.178 5732.4 4.566 16.693539 1.734934 17.50943 15.774496 "" "" 1513.18958 1937.77307 3958.50657 3.3771 1354.1 9.3664 3884.7 13.787 "" "" 0.0029068475299649657 0.008011666 0.005397398 0.013409064 276.2577906357 -17.39817659653 1697.68066 -1.2350000000000003 -3.06
