Clusters/ASCC_16/ASCC_16_members.tsv
# %ECSV 1.0
# ---
# datatype:
# - name: RA_ICRS_1
#   unit: deg
#   datatype: float64
#   format: '{:15.11f}'
#   description: Right ascension (ICRS) at Ep=2016.0 (ra)
#   meta: !!omap
#   - {ucd: POS_EQ_RA_MAIN}
#   - {width: 15}
#   - {precision: '11'}
# - name: DE_ICRS_1
#   unit: deg
#   datatype: float64
#   format: '{:15.11f}'
#   description: Declination (ICRS) at Ep=2016.0 (dec)
#   meta: !!omap
#   - {ucd: POS_EQ_DEC_MAIN}
#   - {width: 15}
#   - {precision: '11'}
# - name: e_RA_ICRS
#   unit: mas
#   datatype: float64
#   format: '{:7.4f}'
#   description: Standard error of right ascension (ra_error)
#   meta: !!omap
#   - {ucd: ERROR}
#   - {width: 7}
#   - {precision: '4'}
# - name: e_DE_ICRS
#   unit: mas
#   datatype: float64
#   format: '{:7.4f}'
#   description: Standard error of declination (dec_error)
#   meta: !!omap
#   - {ucd: ERROR}
#   - {width: 7}
#   - {precision: '4'}
# - name: _r_1
#   unit: ''
#   datatype: float64
#   format: '{:8.4f}'
#   description: Distance from center (081.20250646000+01.62559492000)[ICRS], at Epoch=J2016.0
#   meta: !!omap
#   - {ucd: POS_ANG_DIST_GENERAL}
#   - {width: 8}
#   - {precision: '4'}
# - name: HIP
#   datatype: int32
#   description: '? HIP cross-id number, van Leeuwen, Cat. I/311 (hip_original_ext_source_id)'
#   meta: !!omap
#   - {ucd: ID_NUMBER}
#   - {width: 6}
#   - values: {'null': -2147483648}
# - name: TYC2
#   datatype: string
#   description: Tycho-2 cross-id name, Hog et al., Cat. I/259 (tyc2_original_ext_source_id)
#   meta: !!omap
#   - {ucd: ID_CROSSID}
#   - {_votable_string_dtype: char}
# - name: Source
#   datatype: int64
#   description: Source identifier, identical to the Gaia-EDR3 source_id (id)
#   meta: !!omap
#   - {ucd: ID_MAIN}
#   - {width: 19}
# - name: rgeo
#   unit: pc
#   datatype: float64
#   format: '{:15.8f}'
#   description: '? Median of the geometric distance posterior (r_med_geo)'
#   meta: !!omap
#   - {ucd: PHYS_DISTANCE_TRUE}
#   - {width: 15}
#   - {precision: '8'}
#   - values: {'null': .nan}
# - name: Plx
#   unit: mas
#   datatype: float64
#   format: '{:9.4f}'
#   description: '? Parallax (parallax)'
#   meta: !!omap
#   - {ucd: POS_PARLX_TRIG}
#   - {width: 9}
#   - {precision: '4'}
#   - values: {'null': .nan}
# - name: e_Plx
#   unit: mas
#   datatype: float32
#   format: '{:7.4f}'
#   description: '? Standard error of parallax (parallax_error)'
#   meta: !!omap
#   - {ucd: ERROR}
#   - {width: 7}
#   - {precision: '4'}
#   - values: {'null': .nan}
# - name: pmRA
#   unit: mas / yr
#   datatype: float64
#   format: '{:9.3f}'
#   description: '? Proper motion in right ascension direction, pmRA*cosDE (pmra)'
#   meta: !!omap
#   - {ucd: POS_EQ_PMRA}
#   - {width: 9}
#   - {precision: '3'}
#   - values: {'null': .nan}
# - name: pmDE
#   unit: mas / yr
#   datatype: float64
#   format: '{:9.3f}'
#   description: '? Proper motion in declination direction (pmdec)'
#   meta: !!omap
#   - {ucd: POS_EQ_PMDEC}
#   - {width: 9}
#   - {precision: '3'}
#   - values: {'null': .nan}
# - name: e_pmRA
#   unit: mas / yr
#   datatype: float32
#   format: '{:6.3f}'
#   description: '? Standard error of proper motion in right ascension direction (pmra_error)'
#   meta: !!omap
#   - {ucd: ERROR}
#   - {width: 6}
#   - {precision: '3'}
#   - values: {'null': .nan}
# - name: e_pmDE
[...]
#         unit: &id001 !astropy.units.Unit {unit: deg}
#         value: !astropy.table.SerializedColumn {name: SkyCoord.dec}
#       distance: !astropy.table.SerializedColumn
#         __class__: astropy.coordinates.distances.Distance
#         unit: !astropy.units.Unit {unit: pc}
#         value: !astropy.table.SerializedColumn {name: SkyCoord.distance}
#       frame: icrs
#       obstime: !astropy.time.Time {format: jyear_str, in_subfmt: '*', jd1: 367701545.0, jd2: 0.0, out_subfmt: '*', precision: 3, scale: tt}
#       pm_dec: !astropy.table.SerializedColumn
#         __class__: astropy.units.quantity.Quantity
#         unit: !astropy.units.Unit {unit: mas / yr}
#         value: !astropy.table.SerializedColumn {name: SkyCoord.pm_dec}
#       pm_ra_cosdec: !astropy.table.SerializedColumn
#         __class__: astropy.units.quantity.Quantity
#         unit: !astropy.units.Unit {unit: mas / yr}
#         value: !astropy.table.SerializedColumn {name: SkyCoord.pm_ra_cosdec}
#       ra: !astropy.table.SerializedColumn
#         __class__: astropy.coordinates.angles.Longitude
#         unit: *id001
#         value: !astropy.table.SerializedColumn {name: SkyCoord.ra}
#         wrap_angle: !astropy.coordinates.Angle
#           unit: *id001
#           value: 360.0
#       representation_type: spherical
# schema: astropy-2.0
RA_ICRS_1 DE_ICRS_1 e_RA_ICRS e_DE_ICRS _r_1 HIP TYC2 Source rgeo Plx e_Plx pmRA pmDE e_pmRA e_pmDE RUWE Teff logg Gmag BP-RP BPmag RPmag RV e_RV b_rgeo B_rgeo FG e_FG FBP e_FBP FRP e_FRP RAVE5 RAVE6 e_Gmag e_BPmag e_RPmag e_BP-RP SkyCoord.ra SkyCoord.dec SkyCoord.distance SkyCoord.pm_ra_cosdec SkyCoord.pm_dec Pmemb
[from data line 81]
81.26514942047 1.73666739299 0.0339 0.0255 7.6504 "" "" 3222262762438110976 338.009827 2.9059 0.0392 1.693 0.086 0.041 0.031 1.042 3549.9 4.149 15.845981 2.482146 17.1832 14.701055 "" "" 334.360107 342.753815 8640.80765 27.469 1828.7 30.95 10441.0 84.51 "" "" 0.0044164366754437965 0.018586265 0.00956623 0.028152496 81.26514942047 1.73666739299 338.009827 1.6929999999999998 0.086 1.0
80.92266335329 2.36493991039 0.0425 0.0308 47.4284 "" "" 3234345776752112640 347.823242 2.8223 0.0486 1.624 0.419 0.063 0.04 1.02 3511.4 4.1667 15.876871 2.880955 17.51266 14.631704 "" "" 342.058044 353.561707 8398.43455 12.147 1350.1 11.397 11130.0 52.66 "" "" 0.0031713990580331847 0.009580639 0.006377503 0.015958142 80.92266335329 2.36493991039 347.823242 1.6239999999999999 0.41900000000000004 0.9
81.11189109655 1.47909706049 0.0392 0.0296 10.3344 "" "" 3222161091971876352 342.921204 2.8662 0.0453 1.413 0.302 0.05 0.036 1.183 3555.6 4.2713 15.907007 2.473884 17.239264 14.76538 "" "" 338.965576 347.787964 8168.52688 5.4582 1736.6 9.7567 9840.3 16.506 "" "" 0.002849231771467844 0.0067078043 0.004195295 0.0109031 81.11189109655 1.47909706049 342.921204 1.4130000000000003 0.30199999999999994 1.0
81.01813562834 1.62530638687 0.0392 0.0283 11.0578 "" "" 3222167139285817088 344.280853 2.8607 0.0463 1.262 0.048 0.045 0.033 1.041 "" "" 16.008425 2.870731 17.639473 14.768742 "" "" 339.912415 348.683502 7440.06373 5.366 1201.2 12.397 9809.8 19.511 "" "" 0.0028644339105876005 0.011547511 0.004352811 0.015900321 81.01813562834 1.62530638687 344.280853 1.262 0.047999999999999994 0.8
80.77485110967 1.6475381904 0.0389 0.0303 25.6826 "" "" 3222182051412540800 342.737976 2.88 0.0451 1.41 0.138 0.048 0.035 1.024 3475.6 4.059 16.01205 2.643721 17.46533 14.821609 "" "" 338.632385 346.935364 7415.25838 15.882 1410.2 16.447 9343.6 62.178 "" "" 0.003605469813393945 0.012966571 0.008153926 0.021120496 80.77485110967 1.6475381904 342.737976 1.4099999999999997 0.138 0.9
81.49592458039 1.39303856787 0.0579 0.0453 22.4593 "" "" 3222191083728255360 355.975739 2.759 0.0719 1.64 -0.105 0.066 0.054 1.437 3597.3 4.3291 16.053522 2.580571 17.344328 14.763757 "" "" 348.240967 365.812134 7137.36281 6.4377 1576.5 27.408 9855.0 192.23 "" "" 0.002924179291396124 0.019081002 0.021512775 0.040593777 81.49592458039 1.39303856787 355.975739 1.64 -0.10499999999999998 0.8
80.7010699298 1.55809649727 0.0428 0.034 30.346 "" "" 3222174629708842624 353.341614 2.8022 0.0484 1.035 0.036 0.055 0.04 1.013 3467.0 4.0633 16.077879 2.657422 17.543966 14.886544 "" "" 347.651947 359.478699 6979.03651 7.1818 1311.7 10.598 8801.2 34.572 "" "" 0.0029732313362684877 0.009205345 0.0056985025 0.014903847 80.7010699298 1.55809649727 353.341614 1.0350000000000001 0.036 0.9
81.39656392839 1.72793781537 0.0399 0.0302 13.159 "" "" 3222265648656113152 332.754517 2.9691 0.0471 1.662 0.151 0.051 0.038 1.049 "" "" 16.096241 2.630391 17.538052 14.907661 "" "" 326.525391 337.700928 6861.98842 10.869 1318.9 20.946 8631.7 32.174 "" "" 0.0032479702382050466 0.017467313 0.0055373213 0.023004634 81.39656392839 1.72793781537 332.754517 1.6619999999999997 0.151 0.9
81.5465149257 1.49910159895 0.0394 0.0319 21.9844 "" "" 3222205377379681152 340.931152 2.8868 0.0481 1.388 -0.204 0.046 0.038 0.987 3478.0 4.1705 16.213408 2.603388 17.641928 15.03854 "" "" 335.269287 345.717804 6160.03901 4.0583 1198.5 9.1339 7651.4 11.486 "" "" 0.0028466534417761714 0.008732275 0.0041158465 0.012848122 81.5465149257 1.49910159895 340.931152 1.3880000000000001 -0.20399999999999996 0.8
81.0755634516 1.65636315917 0.0404 0.0294 7.8341 "" "" 3222261074514809600 335.013245 2.9406 0.048 1.259 0.021 0.045 0.034 1.008 3480.2 4.2077 16.237509 2.634794 17.69174 15.056946 "" "" 329.65036 340.060394 6024.80532 3.2156 1144.8 9.9363 7522.8 9.6365 "" "" 0.002815598333955074 0.009828038 0.0040271636 0.013855201 81.0755634516 1.65636315917 335.013245 1.259 0.021 0.8
81.00302935584 2.0843421828 0.0437 0.0333 30.0119 "" "" 3234302174244150912 349.579346 2.817 0.0524 1.308 0.168 0.058 0.042 1.091 3510.3 4.2347 16.248686 2.578771 17.657974 15.079204 "" "" 344.597534 355.564026 5963.1029 7.0845 1180.9 11.223 7370.2 24.281 "" "" 0.003042313390694525 0.010689164 0.005203674 0.015892837 81.00302935584 2.0843421828 349.579346 1.308 0.168 0.8
81.38087564995 2.01029894358 0.047 0.0377 25.4403 "" "" 3222309216804323712 354.070465 2.7994 0.0534 1.349 0.155 0.067 0.047 1.025 "" "" 16.25918 2.650999 17.719994 15.068995 "" "" 347.086426 360.210876 5905.74377 5.2382 1115.4 10.779 7439.8 16.101 "" "" 0.0029187637761499273 0.010856986 0.0044502704 0.015307257 81.38087564995 2.01029894358 354.070465 1.3490000000000002 0.155 0.8
81.15169307166 1.76224299595 0.0458 0.0337 8.7469 "" "" 3222275196367385472 335.806671 2.9343 0.0523 1.637 0.115 0.054 0.038 1.035 3462.6 4.404 16.26574 2.689052 17.757559 15.068507 "" "" 329.658813 342.085693 5870.17041 3.6266 1077.4 10.103 7443.1 14.033 "" "" 0.0028357928360514613 0.010556575 0.004298139 0.014854714 81.15169307166 1.76224299595 335.806671 1.6369999999999998 0.115 0.9
81.00494149544 1.47324237184 0.0405 0.0295 14.9657 "" "" 3222163394074363136 342.504089 2.8667 0.0485 1.278 0.016 0.045 0.034 0.95 3800.8 4.3809 16.282299 2.64393 17.74361 15.099681 "" "" 337.672211 349.417084 5781.32337 3.4763 1091.4 8.6131 7232.5 17.766 "" "" 0.0028316080715220767 0.009011246 0.0046256566 0.013636903 81.00494149544 1.47324237184 342.504089 1.2779999999999998 0.016 0.8
81.74551667068 1.6546817664 0.0456 0.0376 32.614 "" "" 3222237611109748992 342.160614 2.8842 0.0555 1.152 0.235 0.059 0.047 1.118 "" "" 16.286411 2.940808 17.986124 15.045316 "" "" 336.237579 348.823547 5759.46324 3.9808 872.91 10.867 7603.8 23.994 "" "" 0.0028556857163059305 0.013801486 0.0051011452 0.018902631 81.74551667068 1.6546817664 342.160614 1.1520000000000001 0.235 0.8
81.63700810197 1.0210055116 0.0408 0.033 44.6675 "" "" 3221897209181679488 342.654877 2.8729 0.0528 1.209 0.086 0.047 0.04 0.965 3477.1 4.2007 16.31117 2.618912 17.752502 15.133591 "" "" 336.888916 348.57962 5629.60946 3.6022 1082.5 12.771 7010.1 18.9 "" "" 0.0028415549113293675 0.013109542 0.004780439 0.017889982 81.63700810197 1.0210055116 342.654877 1.209 0.086 0.8
81.40735493551 1.51505630928 0.045 0.0354 13.9621 "" "" 3222209126886535552 342.430664 2.8835 0.054 1.533 -0.011 0.052 0.04 1.037 3471.8 4.4024 16.327768 2.678308 17.8207 15.142391 "" "" 336.407288 347.985687 5544.20375 4.2037 1016.6 6.9122 6953.5 14.298 "" "" 0.0028756709681657445 0.007891964 0.0043895207 0.012281485 81.40735493551 1.51505630928 342.430664 1.5329999999999997 -0.010999999999999998 0.9
81.21055563171 1.74587344731 0.0437 0.0338 7.2328 "" "" 3222263518352361088 345.856201 2.8452 0.051 1.457 0.199 0.052 0.039 0.975 3472.8 4.1772 16.329542 2.679606 17.818531 15.138925 "" "" 339.640442 351.060974 5535.15452 3.2451 1018.6 11.101 6975.7 13.178 "" "" 0.0028278908829508075 0.012157184 0.004300084 0.016457267 81.21055563171 1.74587344731 345.856201 1.457 0.199 0.9
81.47665458935 1.65239512482 0.0441 0.0348 16.5206 "" "" 3222217235784753664 339.734406 2.8945 0.055 1.435 0.184 0.056 0.042 0.995 3476.7 4.4045 16.360968 2.621651 17.804869 15.183218 "" "" 334.644379 345.747742 5377.23936 4.0222 1031.5 10.537 6696.9 15.559 "" "" 0.002872516991026236 0.011436611 0.004543871 0.015980482 81.47665458935 1.65239512482 339.734406 1.4349999999999998 0.18400000000000002 0.8
81.24077402722 1.69507295843 0.0459 0.035 4.7587 "" "" 3222262380184900480 341.425659 2.8959 0.0525 1.887 0.12 0.056 0.042 1.04 3432.6 4.241 16.36445 2.980407 18.08157 15.101163 "" "" 335.931213 347.160492 5360.01944 4.1733 799.45 7.0528 7222.6 17.525 "" "" 0.002882084185425015 0.009976546 0.004606953 0.014583499 81.24077402722 1.69507295843 341.425659 1.8870000000000002 0.12000000000000001 0.9
80.75961112956 0.96506821583 0.0426 0.0341 47.7122 "" "" 3222068973513439488 348.456726 2.8411 0.0555 1.134 0.071 0.052 0.043 1.018 3518.7 4.5109 16.370775 2.70631 17.880516 15.174206 "" "" 342.145172 357.505859 5328.89029 4.8965 962.08 9.3611 6752.7 15.382 "" "" 0.002930370682656573 0.010926533 0.0045166863 0.015443219 80.75961112956 0.96506821583 348.456726 1.1340000000000001 0.07100000000000001 0.9
81.42669537162 0.89591274247 0.0433 0.0344 45.7998 "" "" 3221889340801526272 356.147125 2.7619 0.0534 1.51 -0.123 0.053 0.041 1.063 3444.9 4.15 16.388857 2.733505 17.920784 15.187279 "" "" 349.40802 361.967804 5240.8751 5.1202 927.05 7.7434 6671.9 16.132 "" "" 0.0029524482893267356 0.009488379 0.0046016756 0.014090054 81.42669537162 0.89591274247 356.147125 1.5099999999999998 -0.123 0.8
80.91554073568 1.57998969286 0.0429 0.0315 17.4274 "" "" 3222176996235039232 330.526886 2.9795 0.0509 1.421 0.139 0.051 0.038 0.995 3455.9 4.1908 16.403818 2.708783 17.917572 15.208789 "" "" 324.33139 336.065857 5169.15491 4.9003 929.8 9.6689 6541.0 16.213 "" "" 0.0029412883238734045 0.011630119 0.0046396335 0.016269753 80.91554073568 1.57998969286 330.526886 1.421 0.139 0.8
81.64711987393 2.04361037476 0.0448 0.034 36.6056 "" "" 3222303650526671360 348.587036 2.8217 0.0527 1.517 -0.392 0.057 0.04 0.999 3490.8 4.4039 16.40709 2.600017 17.832268 15.23225 "" "" 342.599579 355.416077 5153.60453 4.1415 1005.8 8.2823 6401.1 14.342 "" "" 0.002890166904685311 0.009365803 0.004494609 0.013860412 81.64711987393 2.04361037476 348.587036 1.5169999999999997 -0.39200000000000007 0.9
81.04898929954 1.73885338716 0.0462 0.0344 11.4433 "" "" 3222274444749187968 344.101471 2.8747 0.0544 1.582 0.103 0.054 0.04 1.023 3424.6 4.2082 16.408958 2.769269 17.962559 15.19329 "" "" 337.93158 350.333038 5144.74025 3.5602 892.06 10.455 6635.0 16.386 "" "" 0.0028559232959487917 0.013027204 0.0046339463 0.01766115 81.04898929954 1.73885338716 344.101471 1.582 0.10299999999999998 0.9
81.13074410195 1.77289007403 0.0497 0.0346 9.83 "" "" 3222275406821845248 335.744659 2.9271 0.0569 1.238 -0.201 0.059 0.041 0.954 3477.7 4.4045 16.414309 2.638172 17.859709 15.221537 "" "" 329.032715 342.071686 5119.45286 3.2464 980.69 13.845 6464.6 18.453 "" "" 0.0028400385842623777 0.01557988 0.0048876135 0.020467494 81.13074410195 1.77289007403 335.744659 1.2380000000000002 -0.20099999999999998 1.0
81.36546985676 1.69634432443 0.0443 0.0334 10.6557 "" "" 3222264342986065152 330.052094 2.9798 0.0526 1.707 -0.248 0.056 0.041 0.97 3434.4 4.2112 16.41878 2.724763 17.939701 15.214938 "" "" 326.088898 336.274445 5098.41011 6.8545 911.04 11.381 6504.0 27.686 "" "" 0.0031180971933214693 0.013847374 0.005970265 0.01981764 81.36546985676 1.69634432443 330.052094 1.7069999999999999 -0.24800000000000003 0.9
81.32575171377 1.80668186739 0.0459 0.0357 13.141 "" "" 3222269393867591040 346.002655 2.8618 0.0537 1.056 -0.054 0.059 0.045 1.019 3481.5 4.4759 16.44494 2.74007 17.976923 15.236853 "" "" 339.733002 351.84729 4977.03115 4.1954 880.33 10.253 6374.1 13.763 "" "" 0.0029033470493276966 0.0129494835 0.0044474266 0.01739691 81.32575171377 1.80668186739 346.002655 1.0559999999999998 -0.054000000000000006 0.9
81.08580618795 1.97372021334 0.0514 0.0386 22.0288 "" "" 3222287943830526336 360.127289 2.7435 0.0605 1.396 0.113 0.068 0.046 0.924 3511.6 4.3423 16.547451 2.830954 18.148443 15.31749 "" "" 353.065552 367.435608 4528.62118 8.1024 751.69 11.034 5917.8 43.141 "" "" 0.0033712439938304493 0.016179832 0.008771083 0.024950914 81.08580618795 1.97372021334 360.127289 1.396 0.11299999999999999 0.8
80.86200589724 1.59999252104 0.0474 0.037 20.4796 "" "" 3222177756445000704 337.878723 2.9176 0.0564 1.094 0.092 0.057 0.044 0.995 3469.3 4.2768 16.566975 2.659621 18.044613 15.384992 "" "" 331.569305 344.661377 4447.91542 4.0114 827.13 7.1762 5561.1 13.081 "" "" 0.0029241389156729634 0.009824412 0.0045613763 0.014385788 80.86200589724 1.59999252104 337.878723 1.0939999999999999 0.09199999999999998 0.8
81.44276947834 1.90971114085 0.0515 0.0409 22.3207 "" "" 3222295090656056960 339.318359 2.9033 0.0608 1.367 -0.064 0.07 0.049 1.072 3438.5 4.1504 16.57386 2.723472 18.092552 15.369081 "" "" 332.536224 346.14151 4419.79899 3.8706 791.4 8.5654 5643.2 16.875 "" "" 0.002914765066204757 0.012077737 0.00498245 0.017060187 81.44276947834 1.90971114085 339.318359 1.367 -0.06400000000000002 0.8
81.39960246345 2.37668036019 0.0489 0.0374 46.5891 "" "" 3234334300599575424 354.358124 2.7848 0.0602 1.054 0.031 0.065 0.047 0.985 "" "" 16.57704 3.013856 18.324144 15.310288 "" "" 347.551941 363.093781 4406.877 3.7911 639.38 8.0807 5957.2 15.67 "" "" 0.002909328526794529 0.0140026985 0.0047371085 0.018739806 81.39960246345 2.37668036019 354.358124 1.054 0.031000000000000007 0.8
80.94939072788 2.00945937899 0.0511 0.0385 27.584 "" "" 3234292587877160064 344.306274 2.8849 0.061 1.349 0.287 0.063 0.048 1.012 3459.2 4.3057 16.583647 2.742079 18.120024 15.377945 "" "" 338.109039 352.424103 4380.13767 3.6783 771.63 6.9514 5597.3 12.352 "" "" 0.002902259080569721 0.010171276 0.004474868 0.014646144 80.94939072788 2.00945937899 344.306274 1.349 0.287 0.8
81.40441978612 2.08636358363 0.052 0.043 30.1815 "" "" 3222311587626257664 353.710236 2.793 0.0622 1.593 0.206 0.073 0.055 0.965 3518.2 4.3639 16.632385 2.715228 18.144453 15.429225 "" "" 345.346741 360.69046 4187.86212 3.2668 754.46 11.063 5339.1 10.782 "" "" 0.0028825514400380794 0.0161633 0.0043693404 0.020532642 81.40441978612 2.08636358363 353.710236 1.593 0.20600000000000004 0.9
81.25440830115 1.66202225263 0.0511 0.0405 3.8035 "" "" 3222258982866905984 340.79425 2.8926 0.0646 1.513 0.125 0.063 0.051 0.958 3429.1 4.14 16.63937 2.756 18.188257 15.432257 "" "" 334.751953 347.546112 4161.01024 3.174 724.63 12.048 5324.2 10.721 "" "" 0.0028770985200911947 0.018266259 0.004366181 0.022632439 81.25440830115 1.66202225263 340.79425 1.513 0.125 1.0
80.74538071673 1.76214739028 0.0512 0.0384 28.6136 "" "" 3234194039851131008 343.742035 2.8532 0.0614 1.299 -0.241 0.065 0.048 1.022 3410.4 4.1117 16.66334 2.857163 18.325104 15.46794 "" "" 337.783386 351.881012 4070.15192 4.7386 638.82 15.046 5152.1 32.045 "" "" 0.003031436615156162 0.025723891 0.0077386997 0.03346259 80.74538071673 1.76214739028 343.742035 1.2990000000000002 -0.241 0.8
81.1593222334 1.70844751847 0.0533 0.0392 5.6054 "" "" 3222262968596562432 369.938934 2.6804 0.0636 1.423 -0.06 0.061 0.045 0.972 3320.8 3.9422 16.692322 2.916927 18.370428 15.453501 "" "" 361.874512 378.647736 3962.94283 2.8731 612.7 9.5189 5221.0 9.3717 "" "" 0.002865552966952583 0.017097188 0.004252285 0.021349473 81.1593222334 1.70844751847 369.938934 1.423 -0.060000000000000005 0.9
80.8572839579 1.49489375366 0.0514 0.0409 22.141 "" "" 3222175999802549120 338.359436 2.9037 0.059 1.149 0.115 0.061 0.049 1.028 3515.6 4.3485 16.722258 2.816774 18.323706 15.506931 "" "" 331.895935 346.451385 3855.17073 2.4466 639.64 5.727 4970.3 8.7456 "" "" 0.002840169680910139 0.010113607 0.004234793 0.014348401 80.8572839579 1.49489375366 338.359436 1.149 0.115 0.8
81.55291150194 2.14738424513 0.0567 0.0444 37.7053 "" "" 3222317218327945216 332.029663 2.9581 0.0661 1.378 0.167 0.071 0.051 0.982 3472.4 4.3049 16.725433 2.806596 18.302288 15.495692 "" "" 323.248108 338.798157 3843.91155 3.2711 652.38 8.2553 5022.1 13.045 "" "" 0.0029061070776084286 0.0140194995 0.0047156517 0.018735152 81.55291150194 2.14738424513 332.029663 1.3780000000000001 0.16699999999999998 0.8
80.61416656737 1.28379882604 0.0601 0.0454 40.8152 "" "" 3222131302078807424 338.328094 2.9109 0.0706 1.045 0.099 0.084 0.056 1.103 3416.1 4.2515 16.760479 2.866562 18.396961 15.530399 "" "" 330.297791 346.372559 3721.8209 3.3948 597.91 7.3621 4864.1 11.776 "" "" 0.0029278929007385125 0.013656794 0.0046035973 0.018260391 80.61416656737 1.28379882604 338.328094 1.0450000000000002 0.09899999999999999 1.0
