Clusters/ASCC_16/ASCC_16_stars_in_region.tsv
# %ECSV 1.0
# ---
# datatype:
# - name: RA_ICRS_1
#   unit: deg
#   datatype: float64
#   format: '{:15.11f}'
#   description: Right ascension (ICRS) at Ep=2016.0 (ra)
#   meta: !!omap
#   - {ucd: POS_EQ_RA_MAIN}
#   - {width: 15}
#   - {precision: '11'}
# - name: DE_ICRS_1
#   unit: deg
#   datatype: float64
#   format: '{:15.11f}'
#   description: Declination (ICRS) at Ep=2016.0 (dec)
#   meta: !!omap
#   - {ucd: POS_EQ_DEC_MAIN}
#   - {width: 15}
#   - {precision: '11'}
# - name: e_RA_ICRS
#   unit: mas
#   datatype: float64
#   format: '{:7.4f}'
#   description: Standard error of right ascension (ra_error)
#   meta: !!omap
#   - {ucd: ERROR}
#   - {width: 7}
#   - {precision: '4'}
# - name: e_DE_ICRS
#   unit: mas
#   datatype: float64
#   format: '{:7.4f}'
#   description: Standard error of declination (dec_error)
#   meta: !!omap
#   - {ucd: ERROR}
#   - {width: 7}
#   - {precision: '4'}
# - name: _r_1
#   unit: ''
#   datatype: float64
#   format: '{:8.4f}'
#   description: Distance from center (081.20250646000+01.62559492000)[ICRS], at Epoch=J2016.0
#   meta: !!omap
#   - {ucd: POS_ANG_DIST_GENERAL}
#   - {width: 8}
#   - {precision: '4'}
# - name: HIP
#   datatype: int32
#   description: '? HIP cross-id number, van Leeuwen, Cat. I/311 (hip_original_ext_source_id)'
#   meta: !!omap
#   - {ucd: ID_NUMBER}
#   - {width: 6}
#   - values: {'null': -2147483648}
# - name: TYC2
#   datatype: string
#   description: Tycho-2 cross-id name, Hog et al., Cat. I/259 (tyc2_original_ext_source_id)
#   meta: !!omap
#   - {ucd: ID_CROSSID}
#   - {_votable_string_dtype: char}
# - name: Source
#   datatype: int64
#   description: Source identifier, identical to the Gaia-EDR3 source_id (id)
#   meta: !!omap
#   - {ucd: ID_MAIN}
#   - {width: 19}
# - name: rgeo
#   unit: pc
#   datatype: float64
#   format: '{:15.8f}'
#   description: '? Median of the geometric distance posterior (r_med_geo)'
#   meta: !!omap
#   - {ucd: PHYS_DISTANCE_TRUE}
#   - {width: 15}
#   - {precision: '8'}
#   - values: {'null': .nan}
# - name: Plx
#   unit: mas
#   datatype: float64
#   format: '{:9.4f}'
#   description: '? Parallax (parallax)'
#   meta: !!omap
#   - {ucd: POS_PARLX_TRIG}
#   - {width: 9}
#   - {precision: '4'}
#   - values: {'null': .nan}
# - name: e_Plx
#   unit: mas
#   datatype: float32
#   format: '{:7.4f}'
#   description: '? Standard error of parallax (parallax_error)'
#   meta: !!omap
#   - {ucd: ERROR}
#   - {width: 7}
#   - {precision: '4'}
#   - values: {'null': .nan}
# - name: pmRA
#   unit: mas / yr
#   datatype: float64
#   format: '{:9.3f}'
#   description: '? Proper motion in right ascension direction, pmRA*cosDE (pmra)'
#   meta: !!omap
#   - {ucd: POS_EQ_PMRA}
#   - {width: 9}
#   - {precision: '3'}
#   - values: {'null': .nan}
# - name: pmDE
#   unit: mas / yr
#   datatype: float64
#   format: '{:9.3f}'
#   description: '? Proper motion in declination direction (pmdec)'
#   meta: !!omap
#   - {ucd: POS_EQ_PMDEC}
#   - {width: 9}
#   - {precision: '3'}
#   - values: {'null': .nan}
# - name: e_pmRA
#   unit: mas / yr
#   datatype: float32
#   format: '{:6.3f}'
#   description: '? Standard error of proper motion in right ascension direction (pmra_error)'
#   meta: !!omap
#   - {ucd: ERROR}
#   - {width: 6}
#   - {precision: '3'}
#   - values: {'null': .nan}
# - name: e_pmDE
[...]
#         unit: &id001 !astropy.units.Unit {unit: deg}
#         value: !astropy.table.SerializedColumn {name: SkyCoord.dec}
#       distance: !astropy.table.SerializedColumn
#         __class__: astropy.coordinates.distances.Distance
#         unit: !astropy.units.Unit {unit: pc}
#         value: !astropy.table.SerializedColumn {name: SkyCoord.distance}
#       frame: icrs
#       obstime: !astropy.time.Time {format: jyear_str, in_subfmt: '*', jd1: 367701545.0, jd2: 0.0, out_subfmt: '*', precision: 3, scale: tt}
#       pm_dec: !astropy.table.SerializedColumn
#         __class__: astropy.units.quantity.Quantity
#         unit: !astropy.units.Unit {unit: mas / yr}
#         value: !astropy.table.SerializedColumn {name: SkyCoord.pm_dec}
#       pm_ra_cosdec: !astropy.table.SerializedColumn
#         __class__: astropy.units.quantity.Quantity
#         unit: !astropy.units.Unit {unit: mas / yr}
#         value: !astropy.table.SerializedColumn {name: SkyCoord.pm_ra_cosdec}
#       ra: !astropy.table.SerializedColumn
#         __class__: astropy.coordinates.angles.Longitude
#         unit: *id001
#         value: !astropy.table.SerializedColumn {name: SkyCoord.ra}
#         wrap_angle: !astropy.coordinates.Angle
#           unit: *id001
#           value: 360.0
#       representation_type: spherical
# schema: astropy-2.0
RA_ICRS_1 DE_ICRS_1 e_RA_ICRS e_DE_ICRS _r_1 HIP TYC2 Source rgeo Plx e_Plx pmRA pmDE e_pmRA e_pmDE RUWE Teff logg Gmag BP-RP BPmag RPmag RV e_RV b_rgeo B_rgeo FG e_FG FBP e_FBP FRP e_FRP RAVE5 RAVE6 e_Gmag e_BPmag e_RPmag e_BP-RP SkyCoord.ra SkyCoord.dec SkyCoord.distance SkyCoord.pm_ra_cosdec SkyCoord.pm_dec
[from data line 800]
81.79926688628 1.74202559564 0.0172 0.0135 36.4656 "" "" 3222240050651159296 406.464691 2.4192 0.0203 2.017 -2.575 0.024 0.019 1.087 4552.1 4.2484 14.195577 1.531231 14.898998 13.367767 47.32 5.97 402.892639 410.177795 39510.82061 70.579 14991.0 94.266 35649.0 178.56 "" "" 0.003369472542064878 0.0073754336 0.0066225794 0.013998013 81.79926688628 1.74202559564 406.464691 2.0170000000000003 -2.575
81.49849436411 0.74113151253 0.0176 0.0134 55.9593 "" "" 3221873363523329024 347.888855 2.8274 0.019 1.351 -0.662 0.023 0.016 1.025 6197.8 4.1034 14.196275 2.096465 15.263126 13.166661 23.1 3.44 345.770844 349.743561 39485.42411 53.407 10719.0 64.557 42904.0 138.81 "" "" 0.003122242497597651 0.0071094283 0.0051597618 0.01226919 81.49849436411 0.74113151253 347.888855 1.3510000000000002 -0.662
81.27357633873 1.35277926457 0.0165 0.0128 16.9149 "" "" 3222109174407199616 333.962067 2.9489 0.0218 0.717 -0.844 0.02 0.016 1.136 "" "" 14.197119 2.042849 15.216553 13.173703 -5.16 5.79 331.738983 336.458923 39454.73872 96.486 11189.0 105.56 42626.0 247.21 "" "" 0.0038264373719824806 0.010616338 0.0073438864 0.017960224 81.27357633873 1.35277926457 333.962067 0.717 -0.844
81.54300738647 1.02487468005 0.0645 0.0517 41.4279 "" "" 3221896655129937408 410.160187 2.4048 0.0827 1.696 -1.155 0.073 0.06 4.406 "" "" 14.199694 2.170879 15.303284 13.132404 -19.03 5.43 398.390137 424.339661 39361.28705 127.13 10330.0 143.35 44279.0 360.52 "" "" 0.004459706833796034 0.015322996 0.009614085 0.024937082 81.54300738647 1.02487468005 410.160187 1.696 -1.155
81.44487328019 0.5482790147 0.0165 0.0123 66.2539 "" "" 3221844226465235712 343.587738 2.8676 0.02 1.305 0.062 0.023 0.015 1.081 4457.7 4.2857 14.200756 1.794249 15.073698 13.279449 12.96 5.34 341.019257 345.956268 39322.78768 261.21 12763.0 330.46 38670.0 617.17 "" "" 0.007720628460461527 0.02825004 0.017735621 0.04598566 81.44487328019 0.5482790147 343.587738 1.3050000000000002 0.062
79.66191509245 1.54784457927 0.0159 0.0124 92.5177 "" "" 3233846838991274496 302.79718 3.2629 0.0213 0.617 -27.62 0.018 0.014 1.041 4640.2 4.6358 14.206453 1.468186 14.885171 13.416985 -0.03 3.3 300.975037 304.922455 39117.00285 7.6189 15183.0 16.47 34069.0 24.736 "" "" 0.002763423496549489 0.0030285623 0.003860719 0.0068892813 79.66191509245 1.54784457927 302.79718 0.617 -27.620000000000005
80.80170148568 1.35420268967 0.0182 0.0144 29.0359 "" "" 3222154941578772352 345.742523 2.853 0.02 1.395 -0.224 0.023 0.018 1.003 4134.7 4.1844 14.21588 1.710473 15.033204 13.322731 19.4 3.4 343.661133 347.924225 38778.83593 46.418 13248.0 74.055 37159.0 113.34 "" "" 0.0030464402557557136 0.006679799 0.0050250078 0.011704806 80.80170148568 1.35420268967 345.742523 1.3949999999999998 -0.224
82.53786407059 2.34672845342 0.0191 0.015 91.0152 "" "" 3223788094303379456 364.980255 2.6938 0.0205 -0.516 0.506 0.027 0.018 0.993 4314.4 4.3007 14.215999 1.522105 14.920746 13.398641 10.55 3.47 362.409851 367.52832 38774.58206 47.277 14693.0 59.929 34650.0 111.91 "" "" 0.003056840508423302 0.005234132 0.0051555973 0.010389729 82.53786407059 2.34672845342 364.980255 -0.516 0.5060000000000001
82.57718028232 2.96954018302 0.0155 0.0122 115.2998 "" "" 3223964394120935936 398.629242 2.467 0.0182 1.392 2.003 0.019 0.014 0.989 4893.0 4.5825 14.218429 1.177745 14.731791 13.554047 52.3 2.4 395.414856 401.865509 38687.8997 6.513 17486.0 17.392 30029.0 23.291 "" "" 0.0027613761375005564 0.002991861 0.0038720649 0.0068639256 82.57718028232 2.96954018302 398.629242 1.3919999999999997 2.0029999999999997
79.60300402106 0.46878972074 0.0323 0.0226 118.4246 "" "" 3221616249601348864 383.778931 2.5521 0.0471 -2.711 0.12 0.04 0.025 2.25 4660.7 4.4123 14.227955 1.364544 14.836545 13.472001 14.94 3.34 377.62027 391.706177 38349.96016 13.413 15878.0 19.65 32386.0 29.975 "" "" 0.0027813649844065885 0.0030968508 0.003910699 0.0070075495 79.60300402106 0.46878972074 383.778931 -2.7109999999999994 0.12
82.75846018836 1.78359395151 0.029 0.0239 93.7962 "" "" 3223535756385274240 339.47525 2.9014 0.0327 2.066 23.069 0.033 0.029 1.786 "" "" 14.228481 1.319683 14.682132 13.362449 "" "" 336.035248 342.924347 38331.34589 13.096 18305.0 142.19 35824.0 422.82 "" "" 0.0027801779079207785 0.008883364 0.013360323 0.022243686 82.75846018836 1.78359395151 339.47525 2.066 23.069000000000003
80.9647884069 1.05697908488 0.0191 0.0156 36.9769 "" "" 3222073573422712064 345.164337 2.855 0.0215 1.229 -0.008 0.027 0.019 1.106 4601.0 4.2728 14.231503 1.718531 15.047233 13.328702 -15.6 10.61 342.816742 348.152069 38224.8603 75.067 13077.0 99.14 36955.0 200.85 "" "" 0.003483971375732741 0.008691277 0.007007503 0.01569878 80.9647884069 1.05697908488 345.164337 1.229 -0.008
83.03211877138 1.28681619559 0.0395 0.0334 111.6077 "" "" 3223452434020063744 338.818207 2.9082 0.0496 2.568 -41.29 0.048 0.039 2.867 4267.0 4.3453 14.234756 1.524194 14.938014 13.41382 52.9 2.53 333.940979 344.365234 38110.48587 13.962 14461.0 17.407 34169.0 22.1 "" "" 0.0027838834458242933 0.0030810866 0.0038440689 0.0069251554 83.03211877138 1.28681619559 338.818207 2.5680000000000005 -41.29
80.54851263254 0.6013360499 0.0149 0.0112 72.9103 "" "" 3221671740578286464 413.933685 2.3709 0.0183 -11.677 -6.497 0.018 0.013 1.015 5132.7 4.6174 14.236662 1.044899 14.679665 13.634766 -25.23 3.78 410.908203 416.473785 38043.62001 5.8755 18346.0 15.739 27877.0 24.639 "" "" 0.002760417861263352 0.0029415386 0.0038993084 0.006840847 80.54851263254 0.6013360499 413.933685 -11.677 -6.496999999999998
82.28826593829 -0.03241209866 0.0176 0.0145 118.9083 "" "" 3220953037931100160 379.420258 2.5887 0.0206 13.559 -14.049 0.021 0.017 0.987 4942.4 4.6556 14.24185 1.148735 14.738124 13.589389 70.76 3.73 376.691864 382.774353 37862.2827 6.4605 17385.0 22.426 29067.0 17.985 "" "" 0.002761541414032192 0.003121957 0.0038386236 0.0069605806 82.28826593829 -0.03241209866 379.420258 13.559000000000001 -14.048999999999998
82.19644563714 0.75864104348 0.0188 0.0159 79.1245 "" "" 3221908650975054720 366.384094 2.6834 0.0227 -9.388 4.483 0.022 0.018 1.195 "" "" 14.252674 1.500299 14.947168 13.446869 22.53 2.4 363.265472 369.659424 37486.69995 7.3072 14340.0 15.995 33144.0 25.938 "" "" 0.0027634364404041187 0.0030416562 0.0038737173 0.0069153737 82.19644563714 0.75864104348 366.384094 -9.387999999999998 4.483
81.90308722558 1.01411447219 0.0624 0.0489 55.7857 "" "" 3221975648168072192 281.740295 3.5096 0.0756 4.771 -45.212 0.071 0.056 4.264 4322.0 4.4521 14.255973 1.559556 14.973782 13.414226 -27.04 2.41 275.559082 287.694946 37372.97509 13.051 13993.0 17.163 34156.0 21.838 "" "" 0.002781284539326718 0.0030916785 0.0038426043 0.006934283 81.90308722558 1.01411447219 281.740295 4.771 -45.212
80.72480349593 3.51498440789 0.019 0.0148 116.9233 "" "" 3236197938449181056 395.981964 2.4854 0.0201 24.001 -19.751 0.023 0.017 0.982 "" "" 14.260473 1.217297 14.794031 13.576735 82.62 2.43 393.294373 398.524475 37218.39123 5.4048 16512.0 16.987 29408.0 13.347 "" "" 0.0027598276970927046 0.0030054399 0.0038113708 0.006816811 80.72480349593 3.51498440789 395.981964 24.000999999999998 -19.751000000000005
81.51556873555 0.21261082854 0.0232 0.0192 86.8344 "" "" 3221770387387536128 311.870514 3.1698 0.0294 -5.914 -7.673 0.028 0.023 1.575 4536.1 4.3217 14.26651 1.564641 14.989532 13.424891 36.98 8.51 309.041229 314.656708 37012.00511 56.793 13791.0 79.905 33822.0 117.83 "" "" 0.0032198392005029154 0.006881758 0.0053470703 0.012228828 81.51556873555 0.21261082854 311.870514 -5.914 -7.672999999999999
82.65580023798 0.25252416263 0.0215 0.0176 119.9508 "" "" 3220987397669318528 298.557129 3.3064 0.0253 2.638 -11.182 0.025 0.02 1.369 "" "" 14.268786 1.40111 14.891637 13.490527 -10.07 3.7 296.030182 300.67923 36934.5103 13.995 15093.0 25.844 31838.0 22.152 "" "" 0.0027858642845648225 0.0033528185 0.00385414 0.0072069587 82.65580023798 0.25252416263 298.557129 2.6380000000000003 -11.182000000000002
81.43241290197 0.89627006851 0.0181 0.0144 45.8812 "" "" 3221889237722311040 386.469299 2.5495 0.0221 -1.949 -9.45 0.022 0.017 1.163 4626.7 4.4359 14.270624 1.330117 14.863932 13.533814 11.83 2.9 383.513336 389.307831 36872.04744 9.586 15483.0 17.036 30594.0 23.876 "" "" 0.002769741084426725 0.0030351626 0.003873201 0.0069083637 81.43241290197 0.89627006851 386.469299 -1.949 -9.45
79.43960208517 2.54370709714 0.0167 0.0136 119.196 "" "" 3234539634396199680 399.865387 2.4557 0.0218 -4.877 -17.013 0.02 0.015 0.987 4797.3 4.5891 14.273129 1.187266 14.790491 13.603225 83.35 5.52 396.931 403.610992 36787.04461 6.0545 16566.0 17.76 28699.0 26.261 "" "" 0.0027611085846947006 0.0030232307 0.0039077834 0.0069310144 79.43960208517 2.54370709714 399.865387 -4.876999999999999 -17.013
82.62302988238 2.28944456954 0.018 0.0143 94.0337 "" "" 3223775106322272640 406.940765 2.4108 0.022 13.814 -0.359 0.023 0.018 0.986 4738.0 4.4482 14.276448 1.306564 14.860243 13.553679 24.62 3.23 403.686768 410.959869 36674.7623 13.509 15535.0 22.9 30039.0 32.186 "" "" 0.002784192991959978 0.0032166075 0.003954375 0.0071709827 82.62302988238 2.28944456954 406.940765 13.813999999999998 -0.35899999999999993
82.41883541092 2.30004104289 0.0236 0.0192 83.4104 "" "" 3223786921777333248 378.091339 2.5992 0.0267 -0.145 0.747 0.031 0.022 1.252 4444.1 4.3819 14.276711 1.49432 14.959541 13.465221 31.34 3.78 374.511627 382.199158 36665.91286 41.004 14178.0 57.912 32589.0 91.151 "" "" 0.003010989241368849 0.0052395463 0.00484828 0.010087826 82.41883541092 2.30004104289 378.091339 -0.14500000000000002 0.7469999999999998
80.71736028838 0.86568108315 0.0164 0.0126 54.0906 "" "" 3222063475955323904 339.934692 2.8962 0.0212 1.102 -0.158 0.019 0.016 1.05 4128.8 4.1819 14.280035 1.778482 15.143132 13.364651 17.38 3.16 337.754303 342.379852 36553.82997 43.699 11972.0 61.281 35752.0 103.72 "" "" 0.003045735084966933 0.0062186345 0.0049198708 0.011138505 80.71736028838 0.86568108315 339.934692 1.102 -0.158
80.38132280615 -0.18712559317 0.0142 0.0092 119.4005 "" "" 3221415485649665280 330.697906 2.9813 0.0197 0.718 -2.591 0.019 0.012 1.04 "" "" 14.281208 1.86445 15.186193 13.321743 -16.57 5.63 328.433929 332.851624 36514.34381 33.985 11506.0 49.651 37193.0 81.701 "" "" 0.0029347836218106787 0.0054530846 0.004469005 0.009922089 80.38132280615 -0.18712559317 330.697906 0.7179999999999999 -2.5909999999999997
79.60889863951 2.44407903793 0.0176 0.0145 107.4361 "" "" 3234488816343319552 368.843781 2.6679 0.0217 -9.885 -31.345 0.021 0.016 1.063 4829.7 4.5704 14.289536 1.197791 14.80988 13.612089 -15.86 4.64 365.812408 372.110596 36235.33126 7.3934 16273.0 22.283 28466.0 27.063 "" "" 0.002764211603152199 0.0031615498 0.0039178072 0.0070793573 79.60889863951 2.44407903793 368.843781 -9.885 -31.34499999999999
82.8885951959 0.86496789694 0.0186 0.0155 110.9605 "" "" 3221184656927006336 353.238647 2.7883 0.0202 1.321 2.224 0.024 0.018 1.036 4678.7 4.57 14.29551 1.255572 14.851165 13.595593 32.54 2.98 350.436371 355.871826 36036.50671 9.2214 15666.0 16.499 28902.0 26.575 "" "" 0.0027692920905840928 0.0030153883 0.0039090114 0.0069243996 82.8885951959 0.86496789694 353.238647 1.3209999999999997 2.224
81.17058696193 -0.20742313896 0.0172 0.0133 109.9978 "" "" 3221377105821991552 350.10202 2.8255 0.0205 14.414 22.701 0.021 0.016 0.956 "" "" 14.296422 1.284393 14.866575 13.582182 142.01 3.45 347.624481 352.460663 36006.26591 5.4514 15445.0 20.146 29261.0 21.871 "" "" 0.0027602193471191346 0.0031290057 0.003865528 0.0069945334 81.17058696193 -0.20742313896 350.10202 14.413999999999998 22.701000000000004
81.24141713536 1.70611430084 0.0162 0.0126 5.3653 "" "" 3222262590639427712 320.771179 3.0685 0.0193 4.995 -13.69 0.019 0.015 1.005 4595.7 4.6527 14.298443 1.328481 14.895411 13.566931 -21.2 2.68 318.586395 322.810974 35939.29115 7.2953 15040.0 16.924 29675.0 20.069 "" "" 0.002764120568079975 0.003045932 0.0038500505 0.0068959827 81.24141713536 1.70611430084 320.771179 4.994999999999999 -13.689999999999998
81.05894889787 -0.1360981092 0.0186 0.0141 106.0519 "" "" 3221381435149029248 343.220612 2.8694 0.0221 1.555 -0.776 0.024 0.017 1.008 4240.5 4.3332 14.303133 1.819677 15.190518 13.370841 20.88 3.63 340.670776 346.153931 35784.38847 63.487 11461.0 84.346 35549.0 158.33 "" "" 0.003361885943660006 0.008463503 0.00613741 0.014600913 81.05894889787 -0.1360981092 343.220612 1.5549999999999995 -0.7760000000000001
79.40709345321 1.71546801525 0.0157 0.0118 107.8139 "" "" 3233865221451247104 355.500763 2.7736 0.0216 -0.006 -23.373 0.02 0.013 0.999 "" "" 14.304207 1.250574 14.856805 13.606231 -27.42 4.29 352.747711 358.020569 35749.01495 5.6611 15585.0 17.294 28620.0 24.857 "" "" 0.002760679374262512 0.003039174 0.003895246 0.00693442 79.40709345321 1.71546801525 355.500763 -0.006000000000000005 -23.373
82.13118529092 0.80535086714 0.017 0.0147 74.3332 "" "" 3221921570236511616 368.367371 2.668 0.0199 1.444 -0.786 0.02 0.017 1.083 5860.1 4.2802 14.308598 1.860903 15.212546 13.351644 30.7 7.52 365.934998 371.597656 35604.71716 78.649 11230.0 97.79 36183.0 202.65 "" "" 0.0036529171765154367 0.009857626 0.007159665 0.01701729 82.13118529092 0.80535086714 368.367371 1.444 -0.7859999999999999
81.41231526244 2.82305133682 0.0221 0.0181 72.9402 "" "" 3235868497277240448 379.018768 2.5984 0.0279 -1.273 6.126 0.028 0.022 1.059 4861.0 4.6099 14.31419 1.198528 14.831058 13.63253 3.46 3.4 375.068298 383.232666 35421.80118 48.07 15959.0 72.362 27935.0 91.35 "" "" 0.0031245428712830025 0.0056587015 0.0051855054 0.010844206 81.41231526244 2.82305133682 379.018768 -1.2730000000000001 6.126
79.45200773504 1.26366052648 0.0157 0.0118 107.2186 "" "" 3233831342749571328 321.907837 3.0613 0.023 23.336 9.667 0.02 0.014 1.103 4600.3 4.577 14.327229 1.385996 14.956439 13.570443 33.1 2.86 320.138062 324.08963 34998.98892 6.2493 14218.0 16.741 29579.0 16.829 "" "" 0.002762131998110821 0.0030690972 0.0038295323 0.0068986295 79.45200773504 1.26366052648 321.907837 23.336 9.667
80.87877791391 1.85516897358 0.0177 0.0125 23.8048 "" "" 3234289048824132480 340.824921 2.8913 0.0202 1.486 -0.164 0.022 0.015 1.053 5908.9 4.3549 14.331868 1.799456 15.205552 13.406096 8.61 5.43 338.13208 343.382141 34849.74366 292.66 11303.0 418.42 34413.0 817.98 "" "" 0.00952498370908825 0.040289044 0.02608268 0.066371724 80.87877791391 1.85516897358 340.824921 1.486 -0.16400000000000003
82.99285428719 2.56395425887 0.0159 0.0133 121.2165 "" "" 3223880384561037952 371.225525 2.6567 0.0202 -8.495 -36.611 0.019 0.015 0.964 4636.2 4.5666 14.336441 1.299762 14.918627 13.618865 -9.27 3.08 368.293762 373.89505 34703.2795 6.5289 14722.0 20.028 28289.0 15.771 "" "" 0.0027628813886671957 0.0031570117 0.0038275458 0.0069845575 82.99285428719 2.56395425887 371.225525 -8.495 -36.611
80.58387217853 1.59579976016 0.0191 0.0144 37.1464 "" "" 3234185179334985344 416.517212 2.3564 0.0221 -7.734 -8.733 0.025 0.018 0.955 "" "" 14.347874 1.202246 14.87433 13.672085 67.02 3.73 412.485565 421.42627 34339.7526 6.0579 15335.0 22.475 26935.0 12.396 "" "" 0.002761969450344626 0.0032120314 0.00381227 0.007024301 80.58387217853 1.59579976016 416.517212 -7.734000000000001 -8.733000000000002
80.36748894487 1.36187554678 0.0184 0.0135 52.5241 "" "" 3222146798320687360 314.319702 3.1427 0.0224 48.346 -21.726 0.023 0.017 1.043 "" "" 14.349807 1.363924 14.964449 13.600525 33.8 2.47 312.522705 316.881409 34278.66932 5.0226 14114.0 12.638 28771.0 15.26 "" "" 0.002759908949202203 0.0029546926 0.003823003 0.0067776954 80.36748894487 1.36187554678 314.319702 48.346 -21.726000000000003
82.41968127505 2.66107203328 0.0458 0.037 95.8426 "" "" 3223849284702000000 291.242188 3.389 0.058 0.805 -1.439 0.06 0.044 2.774 3767.9 4.0033 14.358999 2.359431 15.599221 13.23979 -33.26 8.11 285.925232 295.731384 33989.68017 32.54 7865.5 30.689 40109.0 90.303 "" "" 0.00294486025202782 0.0050725522 0.0045010173 0.0095735695 82.41968127505 2.66107203328 291.242188 0.8049999999999999 -1.439
