Clusters/ASCC_16/ASCC_16_members.tsv
# %ECSV 1.0
# ---
# datatype:
# - name: RA_ICRS_1
#   unit: deg
#   datatype: float64
#   format: '{:15.11f}'
#   description: Right ascension (ICRS) at Ep=2016.0 (ra)
#   meta: !!omap
#   - {ucd: POS_EQ_RA_MAIN}
#   - {width: 15}
#   - {precision: '11'}
# - name: DE_ICRS_1
#   unit: deg
#   datatype: float64
#   format: '{:15.11f}'
#   description: Declination (ICRS) at Ep=2016.0 (dec)
#   meta: !!omap
#   - {ucd: POS_EQ_DEC_MAIN}
#   - {width: 15}
#   - {precision: '11'}
# - name: e_RA_ICRS
#   unit: mas
#   datatype: float64
#   format: '{:7.4f}'
#   description: Standard error of right ascension (ra_error)
#   meta: !!omap
#   - {ucd: ERROR}
#   - {width: 7}
#   - {precision: '4'}
# - name: e_DE_ICRS
#   unit: mas
#   datatype: float64
#   format: '{:7.4f}'
#   description: Standard error of declination (dec_error)
#   meta: !!omap
#   - {ucd: ERROR}
#   - {width: 7}
#   - {precision: '4'}
# - name: _r_1
#   unit: ''
#   datatype: float64
#   format: '{:8.4f}'
#   description: Distance from center (081.20250646000+01.62559492000)[ICRS], at Epoch=J2016.0
#   meta: !!omap
#   - {ucd: POS_ANG_DIST_GENERAL}
#   - {width: 8}
#   - {precision: '4'}
# - name: HIP
#   datatype: int32
#   description: '? HIP cross-id number, van Leeuwen, Cat. I/311 (hip_original_ext_source_id)'
#   meta: !!omap
#   - {ucd: ID_NUMBER}
#   - {width: 6}
#   - values: {'null': -2147483648}
# - name: TYC2
#   datatype: string
#   description: Tycho-2 cross-id name, Hog et al., Cat. I/259 (tyc2_original_ext_source_id)
#   meta: !!omap
#   - {ucd: ID_CROSSID}
#   - {_votable_string_dtype: char}
# - name: Source
#   datatype: int64
#   description: Source identifier, identical to the Gaia-EDR3 source_id (id)
#   meta: !!omap
#   - {ucd: ID_MAIN}
#   - {width: 19}
# - name: rgeo
#   unit: pc
#   datatype: float64
#   format: '{:15.8f}'
#   description: '? Median of the geometric distance posterior (r_med_geo)'
#   meta: !!omap
#   - {ucd: PHYS_DISTANCE_TRUE}
#   - {width: 15}
#   - {precision: '8'}
#   - values: {'null': .nan}
# - name: Plx
#   unit: mas
#   datatype: float64
#   format: '{:9.4f}'
#   description: '? Parallax (parallax)'
#   meta: !!omap
#   - {ucd: POS_PARLX_TRIG}
#   - {width: 9}
#   - {precision: '4'}
#   - values: {'null': .nan}
# - name: e_Plx
#   unit: mas
#   datatype: float32
#   format: '{:7.4f}'
#   description: '? Standard error of parallax (parallax_error)'
#   meta: !!omap
#   - {ucd: ERROR}
#   - {width: 7}
#   - {precision: '4'}
#   - values: {'null': .nan}
# - name: pmRA
#   unit: mas / yr
#   datatype: float64
#   format: '{:9.3f}'
#   description: '? Proper motion in right ascension direction, pmRA*cosDE (pmra)'
#   meta: !!omap
#   - {ucd: POS_EQ_PMRA}
#   - {width: 9}
#   - {precision: '3'}
#   - values: {'null': .nan}
# - name: pmDE
#   unit: mas / yr
#   datatype: float64
#   format: '{:9.3f}'
#   description: '? Proper motion in declination direction (pmdec)'
#   meta: !!omap
#   - {ucd: POS_EQ_PMDEC}
#   - {width: 9}
#   - {precision: '3'}
#   - values: {'null': .nan}
# - name: e_pmRA
#   unit: mas / yr
#   datatype: float32
#   format: '{:6.3f}'
#   description: '? Standard error of proper motion in right ascension direction (pmra_error)'
#   meta: !!omap
#   - {ucd: ERROR}
#   - {width: 6}
#   - {precision: '3'}
#   - values: {'null': .nan}
# - name: e_pmDE
[...]
#         unit: &id001 !astropy.units.Unit {unit: deg}
#         value: !astropy.table.SerializedColumn {name: SkyCoord.dec}
#       distance: !astropy.table.SerializedColumn
#         __class__: astropy.coordinates.distances.Distance
#         unit: !astropy.units.Unit {unit: pc}
#         value: !astropy.table.SerializedColumn {name: SkyCoord.distance}
#       frame: icrs
#       obstime: !astropy.time.Time {format: jyear_str, in_subfmt: '*', jd1: 367701545.0, jd2: 0.0, out_subfmt: '*', precision: 3, scale: tt}
#       pm_dec: !astropy.table.SerializedColumn
#         __class__: astropy.units.quantity.Quantity
#         unit: !astropy.units.Unit {unit: mas / yr}
#         value: !astropy.table.SerializedColumn {name: SkyCoord.pm_dec}
#       pm_ra_cosdec: !astropy.table.SerializedColumn
#         __class__: astropy.units.quantity.Quantity
#         unit: !astropy.units.Unit {unit: mas / yr}
#         value: !astropy.table.SerializedColumn {name: SkyCoord.pm_ra_cosdec}
#       ra: !astropy.table.SerializedColumn
#         __class__: astropy.coordinates.angles.Longitude
#         unit: *id001
#         value: !astropy.table.SerializedColumn {name: SkyCoord.ra}
#         wrap_angle: !astropy.coordinates.Angle
#           unit: *id001
#           value: 360.0
#       representation_type: spherical
# schema: astropy-2.0
RA_ICRS_1 DE_ICRS_1 e_RA_ICRS e_DE_ICRS _r_1 HIP TYC2 Source rgeo Plx e_Plx pmRA pmDE e_pmRA e_pmDE RUWE Teff logg Gmag BP-RP BPmag RPmag RV e_RV b_rgeo B_rgeo FG e_FG FBP e_FBP FRP e_FRP RAVE5 RAVE6 e_Gmag e_BPmag e_RPmag e_BP-RP SkyCoord.ra SkyCoord.dec SkyCoord.distance SkyCoord.pm_ra_cosdec SkyCoord.pm_dec Pmemb
[from data line 41]
81.29638461676 2.22611095042 0.0197 0.0154 36.4681 "" "" 3234326122981850112 347.52594 2.8295 0.0236 1.425 -0.034 0.028 0.019 1.05 5447.7 4.4304 14.486543 1.824581 15.366927 13.542346 -8.28 9.37 344.904755 350.849731 30222.45814 96.956 9742.0 118.32 30354.0 273.24 "" "" 0.004441166308878819 0.0134785995 0.010478842 0.023957442 81.29638461676 2.22611095042 347.52594 1.425 -0.034 1.0
81.07907977806 1.03098910397 0.0335 0.0269 36.4364 "" "" 3222084847712658944 346.143616 2.8507 0.0378 1.498 -0.173 0.044 0.032 1.679 5877.6 4.3903 14.535872 1.957306 15.509049 13.551744 -11.76 5.57 342.079956 350.304169 28880.05771 77.414 8546.7 92.424 30093.0 188.38 "" "" 0.004007735905639393 0.0120681245 0.007776754 0.019844878 81.07907977806 1.03098910397 346.143616 1.4979999999999998 -0.173 0.8
81.75724083392 1.65442110169 0.0195 0.0164 33.3154 "" "" 3222225860079225728 345.831024 2.8491 0.0233 1.451 0.026 0.025 0.02 1.012 4193.4 4.3853 14.598049 1.800445 15.473136 13.672691 20.06 3.96 343.582642 348.766357 27272.62923 9.5704 8834.1 14.252 26920.0 30.142 "" "" 0.002781537706140703 0.003294418 0.0039700908 0.007264509 81.75724083392 1.65442110169 345.831024 1.451 0.025999999999999995 0.8
81.04315112133 1.7354122717 0.0196 0.0153 11.6084 "" "" 3222274444749189632 346.864014 2.8422 0.0226 1.522 0.249 0.023 0.018 1.04 "" "" 14.649578 1.919981 15.600235 13.680254 28.63 6.23 344.258484 349.884033 26008.5195 21.328 7858.2 26.66 26734.0 52.351 "" "" 0.002895601027953694 0.004620959 0.004336365 0.008957325 81.04315112133 1.7354122717 346.864014 1.522 0.249 1.0
81.58582364101 1.88836996926 0.0227 0.0173 27.8754 "" "" 3222292140014347264 343.163452 2.8745 0.0258 1.008 0.166 0.03 0.021 1.052 5726.8 4.5307 14.657977 1.888048 15.588902 13.700854 15.63 6.45 339.642334 345.995209 25808.10052 39.191 7940.6 48.143 26231.0 98.417 "" "" 0.003210944331536917 0.007149616 0.005556801 0.012706417 81.58582364101 1.88836996926 343.163452 1.008 0.166 0.8
81.41488923754 1.714905285 0.0203 0.0157 13.8188 "" "" 3222264824022391296 342.965424 2.8708 0.0244 1.807 -0.028 0.026 0.019 1.007 5608.0 4.4427 14.708278 1.949001 15.673307 13.724306 -28.88 7.1 339.924072 346.057098 24639.72041 42.926 7346.7 51.096 25671.0 110.49 "" "" 0.0033420957731272703 0.008050244 0.006010119 0.014060363 81.41488923754 1.714905285 342.965424 1.8069999999999997 -0.028 0.9
81.81947870459 2.28085826388 0.0908 0.0711 53.9859 "" "" 3223809633563030144 363.357574 2.7146 0.1101 1.439 -0.73 0.108 0.085 2.986 "" "" 14.717772 2.193067 15.611281 13.418215 79.39 7.25 352.054535 376.297546 24425.2036 56.769 7778.6 79.22 34031.0 326.82 "" "" 0.003736263829677612 0.011404111 0.011090783 0.022494894 81.81947870459 2.28085826388 363.357574 1.4390000000000003 -0.7299999999999999 0.9
81.39858488164 1.47308911029 0.0202 0.0157 14.9009 "" "" 3222204484025585536 346.655365 2.8444 0.0242 1.572 0.015 0.023 0.018 1.003 4157.1 4.3783 14.743115 1.921699 15.696738 13.77504 22.77 4.72 343.851776 349.475952 23861.65591 17.295 7189.9 20.606 24499.0 51.631 "" "" 0.002865496746079266 0.0041794274 0.004418077 0.008597504 81.39858488164 1.47308911029 346.655365 1.5720000000000003 0.015 1.0
80.88703784631 1.73685726549 0.0218 0.0156 20.0632 "" "" 3222183631960234496 342.52594 2.8728 0.0257 1.19 -0.016 0.027 0.019 1.017 "" "" 14.761778 1.959724 15.736044 13.776319 -14.67 7.55 339.737488 345.508423 23455.00895 23.85 6934.2 33.067 24470.0 70.512 "" "" 0.0029682739760017746 0.005881486 0.0049063237 0.010787809 80.88703784631 1.73685726549 342.52594 1.1899999999999997 -0.016 0.9
81.20741448272 1.83783148651 0.0205 0.0157 12.7376 "" "" 3222281969531847424 343.055786 2.8707 0.0253 1.678 0.021 0.025 0.018 0.994 3652.6 4.1081 14.778306 1.956306 15.742772 13.786466 -11.13 6.81 339.874603 345.907898 23100.6498 54.046 6891.4 72.32 24242.0 136.74 "" "" 0.003747569841796528 0.011730632 0.0071965205 0.018927153 81.20741448272 1.83783148651 343.055786 1.6779999999999997 0.021000000000000005 0.8
80.7485612192 1.33583018536 0.0264 0.0212 32.305 "" "" 3222155250816426368 340.299927 2.8974 0.0276 1.297 -0.015 0.039 0.027 1.043 "" "" 14.879659 2.029015 15.903162 13.874147 1.49 7.22 336.395477 344.359497 21041.82238 41.342 5945.0 44.174 22361.0 121.18 "" "" 0.003484587356268877 0.008536373 0.006993125 0.015529498 80.7485612192 1.33583018536 340.299927 1.2970000000000002 -0.015 1.0
81.30814062507 1.72535052374 0.027 0.0202 8.7155 "" "" 3222268363075460224 362.453125 2.7189 0.0318 1.625 0.192 0.032 0.025 1.366 "" "" 14.893152 2.014831 15.903965 13.889134 34.62 5.57 357.348511 366.429016 20781.92077 22.467 5940.6 32.154 22055.0 57.736 "" "" 0.0029949172976812422 0.0065053767 0.004728866 0.0112342425 81.30814062507 1.72535052374 362.453125 1.6250000000000002 0.192 1.0
80.6361574675 1.37067397432 0.025 0.018 37.254 "" "" 3222144083901466496 336.223969 2.9348 0.0292 1.118 0.06 0.041 0.024 1.059 4040.8 4.2837 14.895345 2.046324 15.931076 13.884752 23.28 8.0 332.978851 340.357147 20740.01089 32.644 5794.1 35.151 22144.0 85.152 "" "" 0.003242245546634721 0.0071534105 0.005631597 0.012785007 80.6361574675 1.37067397432 336.223969 1.118 0.06 0.9
81.19906216027 1.60791603165 0.0224 0.0173 1.0807 "" "" 3222257123144852352 337.414276 2.9148 0.0265 1.509 0.227 0.026 0.02 1.115 3970.8 4.2196 14.931381 2.071457 15.960788 13.889331 25.75 10.89 334.597687 340.528137 20062.93345 39.954 5637.7 58.389 22051.0 111.73 "" "" 0.003502395560429143 0.0115858335 0.0066744364 0.01826027 81.19906216027 1.60791603165 337.414276 1.5090000000000001 0.22700000000000004 1.0
81.92734934113 1.89102014149 0.0221 0.0207 46.2954 "" "" 3222248052174919040 340.845398 2.89 0.0285 1.817 -0.35 0.026 0.022 1.033 "" "" 14.977827 2.120857 16.058025 13.937168 31.96 9.58 337.76004 344.377045 19222.76344 49.126 5154.7 55.584 21100.0 138.54 "" "" 0.003910356279477961 0.01203556 0.008068683 0.020104242 81.92734934113 1.89102014149 340.845398 1.817 -0.35 0.8
81.28149245238 1.57343089253 0.0317 0.0239 5.6779 "" "" 3222255959210123904 334.146484 2.9503 0.0372 1.274 -0.364 0.038 0.029 1.257 "" "" 15.100901 2.551331 16.486475 13.935144 37.18 4.95 330.683289 338.19278 17162.73177 26.169 3474.0 29.691 21140.0 84.558 "" "" 0.0032144077387364395 0.009689792 0.0057570827 0.015446875 81.28149245238 1.57343089253 334.146484 1.274 -0.36399999999999993 1.0
81.60522002663 0.66646615619 0.0271 0.0206 62.4126 "" "" 3221868793678121728 337.35733 2.9164 0.032 1.258 0.431 0.034 0.025 1.134 3835.8 4.1738 15.107793 2.089657 16.166977 14.07732 24.61 8.21 334.47821 341.203125 17054.12701 16.488 4662.6 29.449 18545.0 39.717 "" "" 0.0029484991792862996 0.0074034138 0.0044374117 0.011840826 81.60522002663 0.66646615619 337.35733 1.2580000000000002 0.431 0.8
81.05275156532 2.33595971647 0.0368 0.027 43.5576 "" "" 3234342787454865152 383.692505 2.5522 0.0415 1.186 0.161 0.053 0.033 1.497 "" "" 15.115382 2.546245 16.49571 13.949466 72.47 5.53 378.946625 389.122559 16935.33719 32.689 3444.6 28.152 20863.0 99.163 "" "" 0.0034617636313727983 0.009301827 0.0063964953 0.015698323 81.05275156532 2.33595971647 383.692505 1.186 0.161 0.8
81.52664239488 1.61990436407 0.024 0.0194 19.4434 "" "" 3222216170633029504 342.409393 2.8766 0.0294 1.232 0.047 0.03 0.023 1.039 "" "" 15.132841 2.151322 16.241821 14.090499 12.77 6.8 338.951385 345.60434 16665.19449 60.844 4352.0 65.457 18321.0 235.03 "" "" 0.004827519342395078 0.016566848 0.014431963 0.030998811 81.52664239488 1.61990436407 342.409393 1.2319999999999998 0.047 0.8
81.25858304071 1.62251294768 0.0414 0.0304 3.3683 "" "" 3222258501830719616 358.276459 2.7466 0.0485 0.594 0.419 0.049 0.037 1.795 "" "" 15.160309 2.508323 16.5115 14.003177 80.37 6.87 352.657349 364.317078 16248.86626 19.712 3394.8 19.968 19856.0 63.69 "" "" 0.003053955969030136 0.0069691464 0.0051392843 0.01210843 81.25858304071 1.62251294768 358.276459 0.594 0.419 0.8
81.3385986226 1.78206692378 0.0286 0.022 12.4402 "" "" 3222269015910472320 345.37381 2.8607 0.034 1.404 -0.071 0.035 0.027 1.201 3704.5 4.0498 15.161053 2.114801 16.225157 14.110355 24.34 7.67 341.494354 349.016663 16237.73984 43.26 4419.3 43.959 17989.0 126.69 "" "" 0.003994846983249027 0.011154474 0.00852947 0.019683944 81.3385986226 1.78206692378 345.37381 1.4039999999999997 -0.07100000000000001 0.9
81.22608895284 1.66740912277 0.024 0.018 2.8801 "" "" 3222261903444669568 337.952118 2.9112 0.0283 1.434 -0.092 0.028 0.021 0.961 3929.3 4.3523 15.166932 2.134239 16.260561 14.126322 -42.11 9.98 335.100311 341.236877 16150.05028 12.601 4277.5 17.109 17727.0 36.177 "" "" 0.0028826093009420074 0.0051617837 0.004381015 0.009542799 81.22608895284 1.66740912277 337.952118 1.4340000000000002 -0.09199999999999998 0.9
81.19864632077 1.80777438117 0.0565 0.0427 10.9332 "" "" 3222281625934472704 335.961456 2.9331 0.0667 1.276 0.549 0.065 0.048 2.35 "" "" 15.26632 2.404561 16.530666 14.126105 -0.64 10.53 327.72525 343.060089 14737.32627 13.998 3335.4 16.184 17730.0 42.172 "" "" 0.0029419896827000912 0.005961458 0.0045774463 0.010538904 81.19864632077 1.80777438117 335.961456 1.276 0.549 0.9
81.73073525225 1.67288989008 0.0272 0.0227 31.8074 "" "" 3222237885987655424 355.327271 2.7739 0.0327 1.577 0.195 0.035 0.028 1.11 "" "" 15.312361 1.92545 16.213419 14.287969 "" "" 351.774841 359.63092 14125.45351 147.14 4467.3 189.81 15275.0 401.72 "" "" 0.011640533809453827 0.046215877 0.028803004 0.07501888 81.73073525225 1.67288989008 355.327271 1.577 0.19499999999999995 1.0
81.00655413906 1.61798691781 0.0265 0.0188 11.7613 "" "" 3222178787237127296 335.869598 2.9332 0.0315 1.347 -0.137 0.033 0.023 1.022 3633.6 4.0236 15.32721 2.286735 16.520138 14.233402 "" "" 332.400757 339.836914 13933.57984 16.583 3367.9 20.503 16062.0 57.509 "" "" 0.0030432764315269137 0.0071744923 0.0054217796 0.012596272 81.00655413906 1.61798691781 335.869598 1.3470000000000002 -0.13699999999999998 0.9
81.52645181119 1.76296068923 0.0277 0.0221 21.1042 "" "" 3222266713807977856 343.013245 2.8645 0.0337 1.346 0.007 0.034 0.026 0.977 3668.7 4.0904 15.331412 2.246043 16.499208 14.253165 -32.94 5.43 339.559052 346.690887 13879.76005 24.795 3433.5 26.744 15772.0 75.865 "" "" 0.0033695308907635063 0.008905335 0.0064465725 0.015351908 81.52645181119 1.76296068923 343.013245 1.346 0.007 0.8
81.74780432265 2.08846715142 0.0299 0.0246 42.9026 "" "" 3222302791533192448 349.440521 2.8139 0.0369 1.378 0.114 0.036 0.03 1.207 "" "" 15.33371 2.573231 16.740635 14.167404 "" "" 345.791016 353.220917 13850.41864 11.303 2748.9 12.042 17069.0 38.08 "" "" 0.0028942810674934924 0.0055142445 0.0044889716 0.010003217 81.74780432265 2.08846715142 349.440521 1.378 0.11400000000000002 0.9
81.03153292496 1.64492863625 0.0276 0.0199 10.3196 "" "" 3222272761122028416 333.908752 2.9409 0.0321 1.492 0.189 0.031 0.023 1.041 3767.4 4.286 15.341611 2.190646 16.469248 14.278602 6.87 6.29 330.224609 337.879395 13749.99415 19.299 3529.5 29.9 15407.0 55.692 "" "" 0.0031486602998944176 0.009611656 0.005448529 0.0150601845 81.03153292496 1.64492863625 333.908752 1.492 0.18900000000000003 0.8
80.61567686858 1.92599179196 0.0276 0.0207 39.5398 "" "" 3234212083010030208 341.73822 2.8694 0.0334 1.371 0.093 0.034 0.025 1.019 "" "" 15.37235 2.613879 16.806786 14.192906 "" "" 338.167084 345.000305 13366.16684 10.305 2586.4 11.242 16672.0 40.559 "" "" 0.002879667938283457 0.0054823617 0.004610899 0.010093261 80.61567686858 1.92599179196 341.73822 1.371 0.093 1.0
81.77552336198 1.90928570873 0.029 0.0244 38.3491 "" "" 3222251870401142912 344.961975 2.8539 0.037 1.461 0.104 0.037 0.03 0.948 3726.2 4.2302 15.44024 2.262915 16.62214 14.359226 31.54 9.35 340.860413 349.977844 12555.98262 10.108 3065.9 13.716 14304.0 29.209 "" "" 0.0028906334507627436 0.0056016324 0.004381691 0.0099833235 81.77552336198 1.90928570873 344.961975 1.4610000000000003 0.104 0.9
81.80399194659 1.57424578073 0.0288 0.0229 36.2064 "" "" 3222200983628652544 353.052002 2.7821 0.0343 1.516 0.175 0.037 0.028 1.036 3644.4 4.0174 15.478987 2.327767 16.673485 14.345717 16.58 10.94 349.804749 356.654633 12115.8039 18.878 2924.3 23.504 14483.0 76.47 "" "" 0.0032332182238424224 0.009161782 0.0068663834 0.016028166 81.80399194659 1.57424578073 353.052002 1.5160000000000002 0.175 1.0
81.41565735079 1.71546261802 0.0314 0.0241 13.8743 "" "" 3222264824022390656 336.581696 2.9189 0.0371 1.26 0.193 0.04 0.029 1.097 3537.5 4.01 15.518904 2.523813 16.867273 14.34346 "" "" 332.544342 340.662628 11678.45042 31.916 2446.3 44.035 14514.0 142.66 "" "" 0.004049209091155034 0.019742124 0.011321305 0.03106343 81.41565735079 1.71546261802 336.581696 1.2599999999999998 0.19299999999999998 1.0
81.1485259803 1.34603991186 0.0323 0.0246 17.0829 "" "" 3222110961113613696 354.062775 2.7728 0.0398 1.791 0.014 0.037 0.028 1.25 "" "" 15.523284 2.69601 17.023602 14.327592 "" "" 349.120331 358.787872 11631.42676 16.841 2118.2 19.53 14727.0 45.552 "" "" 0.0031722308782776098 0.010392156 0.005055868 0.0154480245 81.1485259803 1.34603991186 354.062775 1.7910000000000001 0.013999999999999999 1.0
81.40181044031 1.35693149137 0.0309 0.0249 20.0686 "" "" 3222202422441906688 344.674805 2.8482 0.0377 1.042 0.162 0.035 0.028 1.127 3577.4 4.0582 15.583646 2.509681 16.731588 14.221908 "" "" 341.14151 348.954926 11002.42736 16.996 2771.9 49.458 16233.0 214.27 "" "" 0.003225640900478627 0.019572295 0.014821306 0.0343936 81.40181044031 1.35693149137 344.674805 1.042 0.162 0.9
80.65771734928 1.90827060651 0.0293 0.0217 36.8117 "" "" 3234200091461336320 348.028931 2.8273 0.0342 1.763 0.023 0.037 0.026 1.042 3592.5 4.0291 15.585519 2.398866 16.859667 14.460801 "" "" 343.815155 351.843628 10983.46217 23.784 2463.5 27.053 13027.0 87.136 "" "" 0.0036220755096043663 0.012245163 0.008186913 0.020432077 80.65771734928 1.90827060651 348.028931 1.7630000000000001 0.023 0.8
81.08447332292 1.68188528637 0.0336 0.0249 7.8435 "" "" 3222261555551168384 338.218048 2.9114 0.04 1.311 -0.107 0.039 0.029 0.926 3602.1 4.1323 15.610373 2.354329 16.856464 14.502135 "" "" 333.15979 342.986542 10734.8974 20.139 2470.8 24.087 12540.0 72.03 "" "" 0.003426462876120431 0.010946059 0.007292292 0.01823835 81.08447332292 1.68188528637 338.218048 1.311 -0.107 0.8
81.19921881438 1.91571495921 0.0333 0.026 17.4083 "" "" 3222283687518753024 339.407959 2.8868 0.0401 1.569 0.043 0.041 0.03 1.039 3590.9 4.0935 15.624285 2.367795 16.871681 14.503886 "" "" 335.179596 344.10611 10598.22044 19.3 2436.4 24.919 12520.0 68.513 "" "" 0.003391323296375845 0.011449853 0.0070416355 0.018491488 81.19921881438 1.91571495921 339.407959 1.5689999999999997 0.043 0.9
81.67773691444 1.66310763783 0.0332 0.0287 28.5908 "" "" 3222214413990916096 348.796173 2.8145 0.0376 1.772 -0.039 0.043 0.035 1.071 3600.0 4.0872 15.634909 2.379311 16.89882 14.51951 "" "" 345.019562 353.135468 10495.01998 9.4745 2376.2 15.818 12341.0 35.823 "" "" 0.0029244665455579835 0.0077474485 0.0049210293 0.012668477 81.67773691444 1.66310763783 348.796173 1.772 -0.039 0.8
81.78102917419 2.47556659408 0.0342 0.0252 61.6777 "" "" 3223828428340495360 331.978271 2.9665 0.0405 1.72 0.475 0.04 0.03 1.04 "" "" 15.645088 2.382076 16.894262 14.512186 "" "" 327.790649 335.609619 10397.08123 32.869 2386.2 36.191 12425.0 109.03 "" "" 0.004401504083308708 0.016701845 0.010249629 0.026951473 81.78102917419 2.47556659408 331.978271 1.7200000000000002 0.47500000000000003 0.8
