Clusters/ASCC_16/ASCC_16_stars_in_region.tsv
# %ECSV 1.0
# ---
# datatype:
# - name: RA_ICRS_1
#   unit: deg
#   datatype: float64
#   format: '{:15.11f}'
#   description: Right ascension (ICRS) at Ep=2016.0 (ra)
#   meta: !!omap
#   - {ucd: POS_EQ_RA_MAIN}
#   - {width: 15}
#   - {precision: '11'}
# - name: DE_ICRS_1
#   unit: deg
#   datatype: float64
#   format: '{:15.11f}'
#   description: Declination (ICRS) at Ep=2016.0 (dec)
#   meta: !!omap
#   - {ucd: POS_EQ_DEC_MAIN}
#   - {width: 15}
#   - {precision: '11'}
# - name: e_RA_ICRS
#   unit: mas
#   datatype: float64
#   format: '{:7.4f}'
#   description: Standard error of right ascension (ra_error)
#   meta: !!omap
#   - {ucd: ERROR}
#   - {width: 7}
#   - {precision: '4'}
# - name: e_DE_ICRS
#   unit: mas
#   datatype: float64
#   format: '{:7.4f}'
#   description: Standard error of declination (dec_error)
#   meta: !!omap
#   - {ucd: ERROR}
#   - {width: 7}
#   - {precision: '4'}
# - name: _r_1
#   unit: ''
#   datatype: float64
#   format: '{:8.4f}'
#   description: Distance from center (081.20250646000+01.62559492000)[ICRS], at Epoch=J2016.0
#   meta: !!omap
#   - {ucd: POS_ANG_DIST_GENERAL}
#   - {width: 8}
#   - {precision: '4'}
# - name: HIP
#   datatype: int32
#   description: '? HIP cross-id number, van Leeuwen, Cat. I/311 (hip_original_ext_source_id)'
#   meta: !!omap
#   - {ucd: ID_NUMBER}
#   - {width: 6}
#   - values: {'null': -2147483648}
# - name: TYC2
#   datatype: string
#   description: Tycho-2 cross-id name, Hog et al., Cat. I/259 (tyc2_original_ext_source_id)
#   meta: !!omap
#   - {ucd: ID_CROSSID}
#   - {_votable_string_dtype: char}
# - name: Source
#   datatype: int64
#   description: Source identifier, identical to the Gaia-EDR3 source_id (id)
#   meta: !!omap
#   - {ucd: ID_MAIN}
#   - {width: 19}
# - name: rgeo
#   unit: pc
#   datatype: float64
#   format: '{:15.8f}'
#   description: '? Median of the geometric distance posterior (r_med_geo)'
#   meta: !!omap
#   - {ucd: PHYS_DISTANCE_TRUE}
#   - {width: 15}
#   - {precision: '8'}
#   - values: {'null': .nan}
# - name: Plx
#   unit: mas
#   datatype: float64
#   format: '{:9.4f}'
#   description: '? Parallax (parallax)'
#   meta: !!omap
#   - {ucd: POS_PARLX_TRIG}
#   - {width: 9}
#   - {precision: '4'}
#   - values: {'null': .nan}
# - name: e_Plx
#   unit: mas
#   datatype: float32
#   format: '{:7.4f}'
#   description: '? Standard error of parallax (parallax_error)'
#   meta: !!omap
#   - {ucd: ERROR}
#   - {width: 7}
#   - {precision: '4'}
#   - values: {'null': .nan}
# - name: pmRA
#   unit: mas / yr
#   datatype: float64
#   format: '{:9.3f}'
#   description: '? Proper motion in right ascension direction, pmRA*cosDE (pmra)'
#   meta: !!omap
#   - {ucd: POS_EQ_PMRA}
#   - {width: 9}
#   - {precision: '3'}
#   - values: {'null': .nan}
# - name: pmDE
#   unit: mas / yr
#   datatype: float64
#   format: '{:9.3f}'
#   description: '? Proper motion in declination direction (pmdec)'
#   meta: !!omap
#   - {ucd: POS_EQ_PMDEC}
#   - {width: 9}
#   - {precision: '3'}
#   - values: {'null': .nan}
# - name: e_pmRA
#   unit: mas / yr
#   datatype: float32
#   format: '{:6.3f}'
#   description: '? Standard error of proper motion in right ascension direction (pmra_error)'
#   meta: !!omap
#   - {ucd: ERROR}
#   - {width: 6}
#   - {precision: '3'}
#   - values: {'null': .nan}
# - name: e_pmDE
[...]
#         unit: &id001 !astropy.units.Unit {unit: deg}
#         value: !astropy.table.SerializedColumn {name: SkyCoord.dec}
#       distance: !astropy.table.SerializedColumn
#         __class__: astropy.coordinates.distances.Distance
#         unit: !astropy.units.Unit {unit: pc}
#         value: !astropy.table.SerializedColumn {name: SkyCoord.distance}
#       frame: icrs
#       obstime: !astropy.time.Time {format: jyear_str, in_subfmt: '*', jd1: 367701545.0, jd2: 0.0, out_subfmt: '*', precision: 3, scale: tt}
#       pm_dec: !astropy.table.SerializedColumn
#         __class__: astropy.units.quantity.Quantity
#         unit: !astropy.units.Unit {unit: mas / yr}
#         value: !astropy.table.SerializedColumn {name: SkyCoord.pm_dec}
#       pm_ra_cosdec: !astropy.table.SerializedColumn
#         __class__: astropy.units.quantity.Quantity
#         unit: !astropy.units.Unit {unit: mas / yr}
#         value: !astropy.table.SerializedColumn {name: SkyCoord.pm_ra_cosdec}
#       ra: !astropy.table.SerializedColumn
#         __class__: astropy.coordinates.angles.Longitude
#         unit: *id001
#         value: !astropy.table.SerializedColumn {name: SkyCoord.ra}
#         wrap_angle: !astropy.coordinates.Angle
#           unit: *id001
#           value: 360.0
#       representation_type: spherical
# schema: astropy-2.0
RA_ICRS_1 DE_ICRS_1 e_RA_ICRS e_DE_ICRS _r_1 HIP TYC2 Source rgeo Plx e_Plx pmRA pmDE e_pmRA e_pmDE RUWE Teff logg Gmag BP-RP BPmag RPmag RV e_RV b_rgeo B_rgeo FG e_FG FBP e_FBP FRP e_FRP RAVE5 RAVE6 e_Gmag e_BPmag e_RPmag e_BP-RP SkyCoord.ra SkyCoord.dec SkyCoord.distance SkyCoord.pm_ra_cosdec SkyCoord.pm_dec
[from data line 2166]
82.51901193721 3.00079897035 0.0548 0.043 114.1809 "" "" 3223965523696118656 343.122406 2.8851 0.063 21.68 -3.697 0.067 0.049 1.008 3511.4 4.5186 16.89317 2.592801 18.319775 15.726974 "" "" 335.261047 351.6604 3293.66159 2.6299 641.96 6.8199 4058.5 13.335 "" "" 0.0028884872885003667 0.011867056 0.0051971213 0.017064176 82.51901193721 3.00079897035 343.122406 21.68 -3.6969999999999996
80.72715288151 0.51956163305 0.0657 0.0522 72.2292 "" "" 3221666479242674048 358.290314 2.7505 0.0757 1.481 -0.44 0.076 0.062 1.189 3486.6 4.4193 16.893276 3.178048 18.76225 15.584203 "" "" 350.091339 367.997528 3293.33998 3.5735 427.09 6.9716 4628.9 17.498 "" "" 0.0029966155700642066 0.017941292 0.005579308 0.0235206 80.72715288151 0.51956163305 358.290314 1.4810000000000003 -0.4399999999999999
80.83138838915 0.22410426117 0.0582 0.0428 86.9868 "" "" 3221453831117602816 331.817993 3.0085 0.0811 33.017 -47.688 0.072 0.051 1.056 3561.1 4.6757 16.894257 2.377499 18.152832 15.775333 "" "" 323.618347 340.003479 3290.36757 2.0528 748.66 7.8449 3881.7 9.0122 "" "" 0.002837361570908649 0.011714127 0.0045429072 0.016257035 80.83138838915 0.22410426117 331.817993 33.017 -47.68800000000002
81.67237330853 1.76717408697 0.0643 0.0506 29.4322 "" "" 3222242215314685440 340.204102 2.9059 0.0736 14.46 1.496 0.086 0.062 1.041 3591.5 4.6648 16.894619 2.408268 18.186426 15.778158 "" "" 331.523773 347.809143 3289.2685 2.5415 725.85 8.7086 3871.6 11.159 "" "" 0.0028802011190587253 0.013321907 0.00490681 0.018228717 81.67237330853 1.76717408697 340.204102 14.46 1.4959999999999998
81.54677513809 0.90720096319 0.0659 0.0516 47.7952 "" "" 3221888722326341760 323.510956 3.0482 0.0729 -4.104 -5.729 0.08 0.059 1.033 3553.5 4.6239 16.895042 2.398652 18.186476 15.787824 "" "" 315.776825 331.04187 3287.98595 3.4751 725.82 9.4323 3837.3 13.066 "" "" 0.0029847277919989763 0.014382777 0.005286872 0.019669648 81.54677513809 0.90720096319 323.510956 -4.104 -5.729000000000001
80.76694429141 0.93885482464 0.0586 0.046 48.7896 "" "" 3222065915496726784 373.645325 2.6482 0.0799 -1.128 -4.576 0.068 0.058 0.942 "" "" 16.897165 2.24453 18.078691 15.834162 "" "" 363.6698 384.071716 3281.56262 2.1368 801.57 9.6458 3677.0 9.4869 "" "" 0.0028445757117541107 0.013359956 0.0047043427 0.0180643 80.76694429141 0.93885482464 373.645325 -1.128 -4.576
79.89691578952 0.28817859473 0.0495 0.0315 112.1325 "" "" 3221644355866949504 354.724884 2.7829 0.0677 10.59 0.369 0.07 0.041 1.047 3485.0 4.4441 16.897789 2.562682 18.301195 15.738513 "" "" 346.602478 362.615143 3279.67959 1.7744 653.04 7.7337 4015.6 7.8321 "" "" 0.002817240636451054 0.013157203 0.0043322193 0.017489422 79.89691578952 0.28817859473 354.724884 10.59 0.36899999999999994
80.11100523133 2.70219666848 0.0628 0.0478 91.9531 "" "" 3234590452449520256 332.757355 2.9698 0.0755 -4.149 -12.413 0.073 0.056 0.988 "" "" 16.898905 2.260451 18.081888 15.821437 "" "" 324.333679 342.978729 3276.30939 2.2932 799.21 9.0318 3720.3 9.934 "" "" 0.00285819936710005 0.012583052 0.004763275 0.017346326 80.11100523133 2.70219666848 332.757355 -4.148999999999999 -12.413
81.48452032609 0.93489226726 0.0576 0.0467 44.7618 "" "" 3221889783182228480 358.156616 2.7733 0.0686 -0.738 0.809 0.066 0.053 0.97 3430.5 4.4814 16.899645 2.845039 18.514868 15.669828 "" "" 348.454987 369.358521 3274.07743 2.7021 536.38 7.465 4277.9 12.439 "" "" 0.002897362907708552 0.015366037 0.0049244883 0.020290526 81.48452032609 0.93489226726 358.156616 -0.738 0.809
79.39104643663 1.93698181541 0.0516 0.0414 110.2298 "" "" 3234434214423821824 399.731903 2.4602 0.0739 15.383 -20.969 0.064 0.048 0.976 3723.5 4.7463 16.900799 2.21548 18.05455 15.83907 "" "" 390.566101 410.785797 3270.59716 2.2362 819.59 8.5502 3660.4 12.056 "" "" 0.002853571593494819 0.011665312 0.0052030366 0.01686835 79.39104643663 1.93698181541 399.731903 15.383000000000001 -20.969
81.10972780036 1.31382251777 0.0531 0.041 19.5165 "" "" 3222110411357812736 335.079926 2.9449 0.0664 1.207 0.254 0.062 0.048 0.967 "" "" 16.901106 2.798463 18.482254 15.683791 "" "" 328.507629 343.595551 3269.67421 3.1052 552.73 7.9809 4223.2 13.402 "" "" 0.0029419379380157718 0.015923366 0.0051142154 0.021037582 81.10972780036 1.31382251777 335.079926 1.2069999999999996 0.254
80.62331830949 1.98903112931 0.0613 0.0455 41.0117 "" "" 3234213143866043520 341.824005 2.8694 0.0701 1.098 0.181 0.072 0.054 1.048 "" "" 16.901402 2.940947 18.594193 15.653246 "" "" 333.896088 350.598999 3268.78592 2.2353 498.59 7.4849 4343.7 9.6329 "" "" 0.002853600845700062 0.01653631 0.004481212 0.021017522 80.62331830949 1.98903112931 341.824005 1.0979999999999999 0.181
81.02747238245 3.62528040339 0.0653 0.0475 120.4389 "" "" 3236177494404800384 407.71048 2.423 0.0832 -10.226 6.466 0.08 0.058 1.062 3734.2 4.642 16.902994 2.298082 18.110655 15.812572 "" "" 388.539307 424.695526 3263.99054 2.246 778.31 9.8538 3750.8 9.0025 "" "" 0.0028548142323888376 0.014026288 0.0045907106 0.018616999 81.02747238245 3.62528040339 407.71048 -10.225999999999999 6.466
80.95372733356 0.76380806019 0.0616 0.0505 53.8177 "" "" 3222047941057355264 338.740082 2.9256 0.0698 0.946 -0.018 0.075 0.058 1.038 3365.7 4.0442 16.904766 2.927377 18.588938 15.661561 "" "" 330.690399 347.093842 3258.67073 2.3528 501.0 6.8782 4310.6 9.6033 "" "" 0.00286466606489205 0.015164898 0.0044871494 0.019652046 80.95372733356 0.76380806019 338.740082 0.9460000000000002 -0.018000000000000002
81.60804564387 1.69159105116 0.0932 0.0789 24.6424 "" "" 3222218331001104256 382.858734 2.5667 0.1074 1.4 0.924 0.12 0.092 1.456 "" "" 16.906937 2.899821 18.490458 15.590636 "" "" 367.503845 398.973297 3252.16333 5.4834 548.57 11.246 4601.5 15.355 "" "" 0.0033080229178868476 0.022432413 0.0052354787 0.027667891 81.60804564387 1.69159105116 382.858734 1.4 0.924
82.79251790634 2.67157485722 0.0726 0.0606 114.1355 "" "" 3223893402612649472 409.366425 2.3866 0.0881 -0.726 0.14 0.088 0.073 1.143 "" "" 16.907562 2.934163 18.582973 15.64881 "" "" 396.545807 425.658508 3250.29058 3.6207 503.76 9.72 4361.5 12.227 "" "" 0.003009086890502868 0.021134166 0.00485264 0.025986806 82.79251790634 2.67157485722 409.366425 -0.726 0.13999999999999999
81.3651473666 1.08317785678 0.1925 0.1534 33.9758 "" "" 3222088421125429248 300.65976 3.3067 0.2316 -0.372 0.396 0.226 0.17 2.866 "" "" 16.91071 2.424714 17.95468 15.529965 "" "" 280.4617 321.424713 3240.87755 7.313 898.56 18.318 4866.0 31.004 "" "" 0.0036870103612736097 0.022308934 0.0078829 0.030191835 81.3651473666 1.08317785678 300.65976 -0.372 0.396
81.13533138609 1.51276551225 0.0559 0.0422 7.878 "" "" 3222162290266959616 332.168335 2.9853 0.0669 1.633 -0.091 0.066 0.05 1.025 3406.9 4.2424 16.911448 2.825766 18.517113 15.691347 "" "" 323.865692 339.482666 3238.67688 2.8957 535.27 7.1678 4193.9 13.181 "" "" 0.0029213280072994618 0.014804399 0.005091946 0.019896345 81.13533138609 1.51276551225 332.168335 1.633 -0.091
82.03877545426 2.31256990304 0.0578 0.0448 64.9123 "" "" 3223813486149919744 351.791809 2.8089 0.0721 -0.732 0.459 0.068 0.051 1.021 3434.3 4.1491 16.912685 2.775104 18.470276 15.695171 "" "" 340.885498 361.893311 3234.98622 7.1983 558.86 12.504 4179.2 27.633 "" "" 0.003664483428563398 0.024452101 0.008112991 0.032565095 82.03877545426 2.31256990304 351.791809 -0.7319999999999999 0.459
81.955633727 1.24574254838 0.0574 0.0461 50.5971 "" "" 3222000631994438912 376.22702 2.6076 0.0681 -0.556 1.097 0.072 0.054 0.94 3426.0 4.2194 16.9132 2.765838 18.471722 15.705884 "" "" 369.050262 386.329041 3233.45494 2.9417 558.12 9.3656 4138.1 14.392 "" "" 0.0029270256545872795 0.018431736 0.005342539 0.023774276 81.955633727 1.24574254838 376.22702 -0.556 1.097
81.96487345305 0.59260409829 0.2435 0.1941 77.0256 "" "" 3221812267613067904 415.185577 2.4322 0.2774 -0.981 0.94 0.302 0.22 4.438 "" "" 16.9175 3.061757 18.544582 15.482825 "" "" 371.136475 476.085876 3220.67611 19.245 521.9 9.7011 5081.9 12.051 "" "" 0.007048609545930717 0.02037367 0.004573034 0.024946705 81.96487345305 0.59260409829 415.185577 -0.9810000000000001 0.94
80.70201413361 2.40130506746 0.0571 0.0434 55.3792 "" "" 3234371061224112384 400.881836 2.4488 0.0705 -0.776 -15.317 0.074 0.053 1.001 3732.2 4.6533 16.91775 2.180329 18.042044 15.861714 "" "" 389.15744 412.58316 3219.93383 1.756 829.09 8.5718 3584.9 9.0958 "" "" 0.0028182233476147737 0.011566783 0.0046768133 0.016243596 80.70201413361 2.40130506746 400.881836 -0.776 -15.316999999999997
81.2805080718 0.89432170609 0.0868 0.0644 44.1252 "" "" 3221891402385833728 409.311066 2.3971 0.1016 -0.487 0.385 0.112 0.08 1.378 3454.6 4.2559 16.918 3.002527 18.633654 15.631126 "" "" 395.594208 424.653961 3219.1929 4.4174 480.79 8.0554 4433.1 11.892 "" "" 0.0031323245909857015 0.01840371 0.0047714366 0.023175146 81.2805080718 0.89432170609 409.311066 -0.48700000000000004 0.38499999999999995
79.81831285343 2.35817834972 0.0588 0.0498 93.9212 "" "" 3234472632906535936 384.723938 2.5736 0.0769 4.904 -13.844 0.07 0.056 1.064 3642.6 4.7421 16.919203 2.290366 18.11105 15.820683 "" "" 373.840057 397.306641 3215.62492 2.6807 778.03 9.7745 3722.9 8.8692 "" "" 0.002900178493040289 0.013922701 0.0045797564 0.018502457 79.81831285343 2.35817834972 384.723938 4.904 -13.844
80.97008869837 2.33796219971 0.0697 0.0539 44.9568 "" "" 3234345536234051456 327.773376 3.0356 0.0787 -2.609 18.086 0.108 0.071 0.964 3582.4 4.5697 16.920036 2.060574 17.973183 15.912609 "" "" 318.76062 336.682831 3213.15729 1.8978 883.37 7.2543 3420.7 9.7912 "" "" 0.002828960961778125 0.009342521 0.0048930356 0.014235557 80.97008869837 2.33796219971 327.773376 -2.609 18.086
81.84777864411 0.02200321553 0.0547 0.043 103.711 "" "" 3221010109456346880 339.508209 2.9176 0.0669 3.572 -5.854 0.069 0.051 0.989 3578.0 4.759 16.921646 2.404155 18.203888 15.799733 "" "" 333.343201 347.9487 3208.39913 2.7591 714.27 7.2084 3795.5 10.104 "" "" 0.0029092213702537396 0.011306897 0.004757918 0.016064815 81.84777864411 0.02200321553 339.508209 3.572 -5.854000000000001
81.10487109394 1.91979218503 0.0713 0.0535 18.5976 "" "" 3222286432001993472 318.831024 3.1259 0.0844 0.69 0.076 0.088 0.062 1.121 3289.9 4.4238 16.92198 3.303109 18.898684 15.595574 "" "" 311.732483 326.94278 3207.41404 4.1414 376.65 7.6251 4580.7 16.559 "" "" 0.003091457202742001 0.022156596 0.005448708 0.027605304 81.10487109394 1.91979218503 318.831024 0.69 0.076
81.67244096547 2.65833286574 0.0584 0.0453 68.0695 "" "" 3235849766924042752 399.863892 2.4844 0.0688 -5.48 -29.882 0.074 0.052 1.034 3758.4 4.6989 16.922071 2.204246 18.06873 15.864484 "" "" 387.962677 409.978821 3207.1399 2.1661 808.96 8.8248 3575.7 9.2983 "" "" 0.002851232408368096 0.01216831 0.0047175316 0.016885841 81.67244096547 2.65833286574 399.863892 -5.480000000000001 -29.881999999999994
81.08935089525 0.22376783418 0.057 0.0449 84.3831 "" "" 3221455480385155712 331.76712 2.9673 0.0696 1.368 -0.741 0.064 0.053 1.001 "" "" 16.925358 2.870242 18.565683 15.695441 "" "" 324.266327 339.87146 3197.44768 2.3036 511.85 10.655 4178.1 11.403 "" "" 0.0028642023000635644 0.022772959 0.0048025437 0.027575502 81.08935089525 0.22376783418 331.76712 1.3679999999999999 -0.741
79.8494164263 1.7380981489 0.0656 0.0468 81.4307 "" "" 3234225513372556800 346.213593 2.8405 0.078 5.742 -24.952 0.086 0.056 1.021 3571.3 4.743 16.925962 2.472521 18.238298 15.765778 "" "" 336.401703 356.038177 3195.66655 2.3065 691.99 14.531 3916.0 16.954 "" "" 0.0028645907470655034 0.022969315 0.006031536 0.02900085 79.8494164263 1.7380981489 346.213593 5.742 -24.952
82.3612558711 1.48623273068 0.0615 0.0503 70.0005 "" "" 3222022965824253312 390.40451 2.5269 0.0714 -17.681 -1.195 0.073 0.056 1.017 "" "" 16.927221 2.111899 17.93546 15.82356 "" "" 378.237701 402.903778 3191.96399 2.7085 914.6 8.5724 3713.1 14.75 "" "" 0.002905264172732872 0.010552006 0.0057346066 0.016286612 82.3612558711 1.48623273068 390.40451 -17.681 -1.1949999999999996
81.16960129136 2.22740866904 0.0673 0.053 36.1627 "" "" 3234328455147613696 361.857239 2.7431 0.0715 8.491 17.648 0.095 0.063 0.951 3554.4 4.5934 16.927866 2.258778 18.112663 15.853886 "" "" 352.784729 372.519531 3190.07203 2.0291 776.88 7.9709 3610.8 10.645 "" "" 0.002840549102223518 0.011483918 0.004952699 0.016436618 81.16960129136 2.22740866904 361.857239 8.491 17.648
80.1457073115 1.18727883281 0.0568 0.04 68.6277 "" "" 3233772170983427968 402.544434 2.4531 0.07 3.138 -22.95 0.068 0.049 0.978 "" "" 16.933266 2.056895 17.98089 15.923995 "" "" 393.031982 412.297638 3174.24545 1.6693 877.12 9.5713 3385.0 9.6911 "" "" 0.0028138591780454687 0.01217187 0.004893461 0.017065331 80.1457073115 1.18727883281 402.544434 3.138 -22.95
82.73310561887 2.6790900238 0.0558 0.0469 111.4324 "" "" 3223896464918476672 333.063141 2.9657 0.0695 1.598 -0.035 0.065 0.055 1.018 3462.8 4.2892 16.933645 2.975172 18.652403 15.677231 "" "" 325.449829 340.532684 3173.13438 2.797 472.56 6.9587 4248.8 11.482 "" "" 0.0029167974537172084 0.016229687 0.004784631 0.021014318 82.73310561887 2.6790900238 333.063141 1.5980000000000003 -0.034999999999999996
82.37496601904 2.43945668568 0.0682 0.0546 85.5979 "" "" 3223791976953822080 339.580597 2.8953 0.0766 1.865 -0.501 0.085 0.065 1.035 "" "" 16.933746 3.018508 18.68884 15.670333 "" "" 333.035645 349.320526 3172.84117 2.9646 456.96 7.2883 4275.9 12.996 "" "" 0.00293614585537506 0.017540328 0.0050173057 0.022557635 82.37496601904 2.43945668568 339.580597 1.8649999999999998 -0.5010000000000001
81.07993063222 0.77495548211 0.0598 0.0505 51.5653 "" "" 3221865353408148608 334.253174 2.9737 0.071 1.255 -0.159 0.074 0.059 1.024 3377.0 4.0645 16.937057 2.909135 18.600454 15.691319 "" "" 326.465179 342.62326 3163.17857 2.7199 495.72 7.4469 4194.0 10.94 "" "" 0.002909186999871318 0.016547285 0.004722784 0.021270068 81.07993063222 0.77495548211 334.253174 1.255 -0.15899999999999997
81.7412194951 1.99015398998 0.0611 0.0508 39.015 "" "" 3222299561717801728 295.638702 3.3389 0.0777 8.06 -33.138 0.076 0.062 0.933 3589.9 4.6441 16.939512 2.403655 18.227861 15.824206 "" "" 289.162598 303.358337 3156.03455 2.3292 698.67 8.9309 3710.9 15.669 "" "" 0.0028694692668023458 0.014156347 0.0059414497 0.020097796 81.7412194951 1.99015398998 295.638702 8.06 -33.138000000000005
81.04813399984 1.30604976169 0.0592 0.0459 21.2915 "" "" 3222105291756806784 348.230133 2.8293 0.0756 -6.841 -16.784 0.073 0.054 1.062 3610.2 4.747 16.9401 2.385867 18.19227 15.806403 "" "" 339.261932 358.744934 3154.32757 1.876 721.95 8.9284 3772.2 11.327 "" "" 0.002829974469157703 0.013714196 0.0049912566 0.018705454 81.04813399984 1.30604976169 348.230133 -6.840999999999999 -16.784000000000006
81.36889365006 1.12476671609 0.0572 0.045 31.6637 "" "" 3222089378901929728 399.81015 2.455 0.0688 -0.046 -8.227 0.065 0.051 1.043 3750.2 4.6753 16.941578 2.210856 18.098042 15.887186 "" "" 390.226807 410.966095 3150.03749 2.3158 787.41 8.601 3501.7 11.217 "" "" 0.002868607065418094 0.012183457 0.0051361267 0.017319582 81.36889365006 1.12476671609 399.81015 -0.046 -8.227
81.44204072833 -0.170734275 0.0738 0.0624 108.7335 "" "" 3220633423644438272 328.508698 3.0274 0.0981 1.224 0.198 0.09 0.079 1.013 3468.7 4.2702 16.941618 3.257551 18.883692 15.626141 "" "" 320.611053 338.317688 3149.92248 3.0831 381.89 8.7169 4453.5 10.098 "" "" 0.002953155586909048 0.02493924 0.0045104697 0.02944971 81.44204072833 -0.170734275 328.508698 1.224 0.198
82.49176821868 3.01791431169 0.0551 0.0431 113.8094 "" "" 3223965802870212224 305.334473 3.2292 0.0639 -49.315 -13.548 0.066 0.049 0.962 3529.2 4.6987 16.94492 2.488998 18.30232 15.813322 "" "" 299.499939 311.011841 3140.35703 1.953 652.36 7.187 3748.3 8.9577 "" "" 0.00283684967488822 0.012282583 0.00458434 0.016866922 82.49176821868 3.01791431169 305.334473 -49.31499999999999 -13.548000000000002
