Clusters/ASCC_16/ASCC_16_stars_in_region.tsv
# %ECSV 1.0
# ---
# datatype:
# - name: RA_ICRS_1
#   unit: deg
#   datatype: float64
#   format: '{:15.11f}'
#   description: Right ascension (ICRS) at Ep=2016.0 (ra)
#   meta: !!omap
#   - {ucd: POS_EQ_RA_MAIN}
#   - {width: 15}
#   - {precision: '11'}
# - name: DE_ICRS_1
#   unit: deg
#   datatype: float64
#   format: '{:15.11f}'
#   description: Declination (ICRS) at Ep=2016.0 (dec)
#   meta: !!omap
#   - {ucd: POS_EQ_DEC_MAIN}
#   - {width: 15}
#   - {precision: '11'}
# - name: e_RA_ICRS
#   unit: mas
#   datatype: float64
#   format: '{:7.4f}'
#   description: Standard error of right ascension (ra_error)
#   meta: !!omap
#   - {ucd: ERROR}
#   - {width: 7}
#   - {precision: '4'}
# - name: e_DE_ICRS
#   unit: mas
#   datatype: float64
#   format: '{:7.4f}'
#   description: Standard error of declination (dec_error)
#   meta: !!omap
#   - {ucd: ERROR}
#   - {width: 7}
#   - {precision: '4'}
# - name: _r_1
#   unit: ''
#   datatype: float64
#   format: '{:8.4f}'
#   description: Distance from center (081.20250646000+01.62559492000)[ICRS], at Epoch=J2016.0
#   meta: !!omap
#   - {ucd: POS_ANG_DIST_GENERAL}
#   - {width: 8}
#   - {precision: '4'}
# - name: HIP
#   datatype: int32
#   description: '? HIP cross-id number, van Leeuwen, Cat. I/311 (hip_original_ext_source_id)'
#   meta: !!omap
#   - {ucd: ID_NUMBER}
#   - {width: 6}
#   - values: {'null': -2147483648}
# - name: TYC2
#   datatype: string
#   description: Tycho-2 cross-id name, Hog et al., Cat. I/259 (tyc2_original_ext_source_id)
#   meta: !!omap
#   - {ucd: ID_CROSSID}
#   - {_votable_string_dtype: char}
# - name: Source
#   datatype: int64
#   description: Source identifier, identical to the Gaia-EDR3 source_id (id)
#   meta: !!omap
#   - {ucd: ID_MAIN}
#   - {width: 19}
# - name: rgeo
#   unit: pc
#   datatype: float64
#   format: '{:15.8f}'
#   description: '? Median of the geometric distance posterior (r_med_geo)'
#   meta: !!omap
#   - {ucd: PHYS_DISTANCE_TRUE}
#   - {width: 15}
#   - {precision: '8'}
#   - values: {'null': .nan}
# - name: Plx
#   unit: mas
#   datatype: float64
#   format: '{:9.4f}'
#   description: '? Parallax (parallax)'
#   meta: !!omap
#   - {ucd: POS_PARLX_TRIG}
#   - {width: 9}
#   - {precision: '4'}
#   - values: {'null': .nan}
# - name: e_Plx
#   unit: mas
#   datatype: float32
#   format: '{:7.4f}'
#   description: '? Standard error of parallax (parallax_error)'
#   meta: !!omap
#   - {ucd: ERROR}
#   - {width: 7}
#   - {precision: '4'}
#   - values: {'null': .nan}
# - name: pmRA
#   unit: mas / yr
#   datatype: float64
#   format: '{:9.3f}'
#   description: '? Proper motion in right ascension direction, pmRA*cosDE (pmra)'
#   meta: !!omap
#   - {ucd: POS_EQ_PMRA}
#   - {width: 9}
#   - {precision: '3'}
#   - values: {'null': .nan}
# - name: pmDE
#   unit: mas / yr
#   datatype: float64
#   format: '{:9.3f}'
#   description: '? Proper motion in declination direction (pmdec)'
#   meta: !!omap
#   - {ucd: POS_EQ_PMDEC}
#   - {width: 9}
#   - {precision: '3'}
#   - values: {'null': .nan}
# - name: e_pmRA
#   unit: mas / yr
#   datatype: float32
#   format: '{:6.3f}'
#   description: '? Standard error of proper motion in right ascension direction (pmra_error)'
#   meta: !!omap
#   - {ucd: ERROR}
#   - {width: 6}
#   - {precision: '3'}
#   - values: {'null': .nan}
# - name: e_pmDE
[...]
#         unit: &id001 !astropy.units.Unit {unit: deg}
#         value: !astropy.table.SerializedColumn {name: SkyCoord.dec}
#       distance: !astropy.table.SerializedColumn
#         __class__: astropy.coordinates.distances.Distance
#         unit: !astropy.units.Unit {unit: pc}
#         value: !astropy.table.SerializedColumn {name: SkyCoord.distance}
#       frame: icrs
#       obstime: !astropy.time.Time {format: jyear_str, in_subfmt: '*', jd1: 367701545.0, jd2: 0.0, out_subfmt: '*', precision: 3, scale: tt}
#       pm_dec: !astropy.table.SerializedColumn
#         __class__: astropy.units.quantity.Quantity
#         unit: !astropy.units.Unit {unit: mas / yr}
#         value: !astropy.table.SerializedColumn {name: SkyCoord.pm_dec}
#       pm_ra_cosdec: !astropy.table.SerializedColumn
#         __class__: astropy.units.quantity.Quantity
#         unit: !astropy.units.Unit {unit: mas / yr}
#         value: !astropy.table.SerializedColumn {name: SkyCoord.pm_ra_cosdec}
#       ra: !astropy.table.SerializedColumn
#         __class__: astropy.coordinates.angles.Longitude
#         unit: *id001
#         value: !astropy.table.SerializedColumn {name: SkyCoord.ra}
#         wrap_angle: !astropy.coordinates.Angle
#           unit: *id001
#           value: 360.0
#       representation_type: spherical
# schema: astropy-2.0
RA_ICRS_1 DE_ICRS_1 e_RA_ICRS e_DE_ICRS _r_1 HIP TYC2 Source rgeo Plx e_Plx pmRA pmDE e_pmRA e_pmDE RUWE Teff logg Gmag BP-RP BPmag RPmag RV e_RV b_rgeo B_rgeo FG e_FG FBP e_FBP FRP e_FRP RAVE5 RAVE6 e_Gmag e_BPmag e_RPmag e_BP-RP SkyCoord.ra SkyCoord.dec SkyCoord.distance SkyCoord.pm_ra_cosdec SkyCoord.pm_dec
[from data line 237]
82.38695804438 1.09888080897 0.0248 0.0205 77.7585 "" 101-397-1 3221957265708038656 329.578186 2.9851 0.0315 -0.114 1.253 0.033 0.027 1.538 6271.8 4.219 11.323151 0.674532 11.579176 10.904644 50.47 0.63 325.978363 333.031799 556783.64019 219.05 318970.0 148.62 344590.0 181.97 "" "" 0.0027882336882069664 0.00283566 0.0038226247 0.006658285 82.38695804438 1.09888080897 329.578186 -0.114 1.253
81.76902544601 2.92110920586 0.0204 0.0151 84.827 "" "" 3235890036536891648 390.174835 2.5366 0.0248 27.371 12.936 0.028 0.018 1.346 "" "" 11.336601 1.116211 11.81476 10.698549 16.0 0.29 385.174225 394.171753 549928.57094 198.87 256750.0 95.382 416620.0 144.77 "" "" 0.0027831547614870183 0.0028191733 0.0037981663 0.0066173393 81.76902544601 2.92110920586 390.174835 27.371000000000006 12.936
80.68487525782 2.18884025552 0.0231 0.0181 45.8868 "" 105-125-1 3234314165792861696 359.469513 2.7356 0.0275 -17.838 -37.246 0.027 0.021 1.494 6064.5 4.1217 11.344003 0.74186 11.633308 10.891448 -48.08 0.42 355.45639 363.822815 546192.26999 179.25 303450.0 107.98 348800.0 83.585 "" "" 0.0027782642092411664 0.0028167914 0.003788327 0.0066051185 80.68487525782 2.18884025552 359.469513 -17.837999999999994 -37.246
80.06508989302 0.58824438948 0.0227 0.0157 92.3551 "" 100-630-1 3221703725198363776 400.245148 2.4531 0.0329 -0.528 -8.518 0.032 0.02 1.698 6635.5 4.1382 11.34452 0.592998 11.564284 10.971287 -3.26 1.19 395.661469 404.649445 545932.46033 206.08 323370.0 110.33 324070.0 91.61 "" "" 0.0027856352153304816 0.0028146536 0.0037918238 0.0066064773 80.06508989302 0.58824438948 400.245148 -0.5279999999999999 -8.518
82.86649685801 2.1238601348 0.0597 0.0465 104.1679 "" 118-271-1 3223578736122338048 316.40509 3.1245 0.0686 -17.371 -14.255 0.079 0.055 3.162 "" "" 11.359822 0.740699 11.646279 10.90558 59.07 0.82 308.920532 323.322235 538292.08318 173.25 299850.0 151.08 344290.0 115.49 "" "" 0.0027773911534558584 0.0028432924 0.0037968897 0.006640182 82.86649685801 2.1238601348 316.40509 -17.371 -14.255000000000003
82.54957023264 0.63506315851 0.0205 0.018 100.3092 "" 114-254-1 3221150911367847808 318.065369 3.1109 0.0263 4.925 -14.08 0.025 0.022 1.302 6019.9 4.1906 11.361178 0.746477 11.65595 10.909472 2.63 0.64 314.731018 321.161591 537620.19452 285.56 297190.0 122.99 343060.0 135.65 "" "" 0.0028150251144029815 0.0028261177 0.0038036874 0.006629805 82.54957023264 0.63506315851 318.065369 4.925 -14.080000000000002
82.87923282896 0.62193918581 0.02 0.0156 117.2318 "" 114-302-1 3221142016491776384 361.110199 2.7328 0.0241 -6.512 -1.435 0.026 0.018 1.232 6106.1 4.1757 11.369277 0.688045 11.632957 10.944912 92.94 0.5 358.082916 364.291077 533624.51437 202.42 303550.0 133.02 332040.0 110.77 "" "" 0.0027859310942220756 0.002830445 0.0037966988 0.006627144 82.87923282896 0.62193918581 361.110199 -6.512 -1.435
80.29276047571 -0.01925464556 0.0246 0.0159 112.7768 "" 4752-1408-1 3221433318353867904 376.423553 2.62 0.0327 13.953 -12.626 0.032 0.021 1.678 "" "" 11.385572 0.675626 11.643353 10.967727 65.54 0.43 371.667725 381.39502 525675.44718 147.86 300660.0 105.78 325140.0 85.178 "" "" 0.002772192908467426 0.0028161968 0.0037900698 0.006606267 80.29276047571 -0.01925464556 376.423553 13.952999999999998 -12.626000000000001
81.48018195428 2.74354574866 0.023 0.017 69.1122 "" 105-1489-1 3235858223715471104 355.257874 2.7762 0.0275 1.682 3.586 0.027 0.02 1.48 6070.3 4.1514 11.394262 0.755261 11.692091 10.93683 43.81 0.38 352.192841 358.927002 521485.05247 244.63 287460.0 113.85 334520.0 89.985 "" "" 0.00280199892359851 0.0028231114 0.0037906498 0.006613761 81.48018195428 2.74354574866 355.257874 1.682 3.5860000000000003
81.41686737367 1.23188371597 0.0177 0.0139 26.8952 "" 101-857-1 3222094807740449280 295.350159 3.3471 0.021 28.929 13.645 0.021 0.016 1.152 5628.0 4.2108 11.39774 0.857194 11.743513 10.886319 -1.4 0.29 293.289734 297.113007 519816.98562 184.16 274160.0 87.069 350450.0 91.756 "" "" 0.0027820401416482885 0.0028113956 0.0037900577 0.0066014533 81.41686737367 1.23188371597 295.350159 28.929 13.645
80.52589180592 1.14080791072 0.0588 0.0428 49.932 "" 100-1138-1 3222122707848550272 288.512207 3.4154 0.0681 19.801 -13.479 0.072 0.052 3.706 6073.7 4.2442 11.403884 0.721049 11.67097 10.949921 14.03 3.43 282.433563 296.397522 516883.87883 160.73 293110.0 90.696 330510.0 132.79 "" "" 0.0027759280794541572 0.002810323 0.003804473 0.006614796 80.52589180592 1.14080791072 288.512207 19.801 -13.479
80.86395649522 3.20514686087 0.0201 0.0155 96.9216 "" 105-1156-1 3236124924005316096 406.27829 2.4226 0.024 4.052 -9.241 0.023 0.018 1.175 "" "" 11.410871 0.760585 11.705267 10.944682 13.43 3.47 401.832031 409.72052 513568.53528 111.89 283990.0 118.15 332110.0 120.01 "" "" 0.0027654554443424565 0.0028264972 0.0037996916 0.0066261888 80.86395649522 3.20514686087 406.27829 4.052 -9.241
80.60855086877 2.64239206512 0.0251 0.0177 70.6412 "" 104-247-1 3234415973697446144 316.100189 3.1189 0.0293 5.576 -13.869 0.032 0.022 1.361 6184.2 4.3176 11.414853 0.679744 11.675447 10.995704 -21.36 0.53 313.112579 319.112762 511688.20754 197.66 291900.0 108.01 316870.0 100.52 "" "" 0.0027870581749817906 0.0028189449 0.0037950436 0.0066139884 80.60855086877 2.64239206512 316.100189 5.576 -13.868999999999998
81.33709175477 2.66242763547 0.0188 0.0156 62.7311 "" "" 3235858876550524800 388.679688 2.5358 0.0246 -7.676 -14.779 0.022 0.018 1.116 5880.6 4.1034 11.416555 0.790978 11.731342 10.940365 -13.16 0.41 384.439087 393.28894 510886.49088 167.96 277260.0 107.71 333440.0 86.054 "" "" 0.002778345145117902 0.0028218704 0.003789755 0.0066116257 81.33709175477 2.66242763547 388.679688 -7.676 -14.778999999999998
82.76654926447 0.53299607344 0.0318 0.0272 114.4579 "" "" 3221139405151730560 376.402527 2.6185 0.0415 1.568 -19.179 0.038 0.031 2.248 6116.6 4.1595 11.438229 0.725337 11.723039 10.997702 23.3 0.4 369.833344 381.919128 500789.40074 258.7 279380.0 138.68 316280.0 153.98 "" "" 0.002811826714587835 0.0028417439 0.0038161671 0.006657911 82.76654926447 0.53299607344 376.402527 1.5680000000000003 -19.179000000000002
79.92407856326 1.58624817011 0.0198 0.0147 76.7119 "" 100-1394-1 3234173252210156032 341.181152 2.902 0.0245 8.801 -18.949 0.023 0.017 1.335 5193.6 4.0703 11.438717 1.061773 11.890034 10.82826 -12.3 0.31 338.699188 343.982971 500564.34904 169.19 239550.0 133.76 369700.0 107.01 J051941.8+013511 20110130_0513m00_088 0.002779651359189217 0.0028552744 0.0037924254 0.0066476995 79.92407856326 1.58624817011 341.181152 8.801 -18.949000000000005
81.0206958174 1.12741219537 0.0234 0.0179 31.8182 "" 101-508-1 3222098174995380224 373.332458 2.6415 0.0242 -1.507 -47.851 0.029 0.021 1.246 5643.9 4.1242 11.451991 0.819857 11.772618 10.952762 -5.57 0.49 370.023224 376.777802 494481.96584 139.84 266910.0 228.88 329650.0 245.58 "" "" 0.0027723757754878893 0.0029414077 0.003864965 0.0068063727 81.0206958174 1.12741219537 373.332458 -1.507 -47.851000000000006
82.23740370787 1.42152456793 0.0187 0.0147 63.268 "" "" 3222016781071386112 341.189789 2.8998 0.021 12.96 -22.648 0.023 0.018 1.02 5761.7 4.0478 11.456368 0.848478 11.797327 10.948849 -19.23 7.18 338.440399 343.358002 492492.49137 205.64 260910.0 169.83 330840.0 161.2 "" "" 0.0027923671605801807 0.0028782813 0.003816227 0.0066945083 82.23740370787 1.42152456793 341.189789 12.96 -22.648000000000003
81.33779396827 0.1839517966 0.0187 0.0147 86.8785 "" 101-1893-1 3221405968002779648 342.233093 2.8933 0.0223 1.462 -0.078 0.021 0.017 1.739 "" "" 11.48967 1.025817 11.916157 10.89034 17.54 4.67 339.722931 344.666443 477615.96903 820.23 233860.0 1093.6 349160.0 1287.9 "" "" 0.003326927898151373 0.0057933857 0.0055065625 0.011299948 81.33779396827 0.1839517966 342.233093 1.4619999999999997 -0.07799999999999999
81.8122329758 2.85495385138 0.0222 0.0163 82.3227 "" "" 3235877632671345408 384.220032 2.5582 0.0266 -0.321 0.161 0.031 0.02 1.307 "" "" 11.498419 0.611172 11.729064 11.117892 30.15 1.84 380.435608 388.240662 473782.65907 140.1 277840.0 142.98 283140.0 94.324 "" "" 0.002773962428840054 0.0028455635 0.00379665 0.0066422136 81.8122329758 2.85495385138 384.220032 -0.321 0.161
79.57615274992 2.38772912576 0.0194 0.0157 107.7095 "" 104-26-1 3234486990980293504 296.241425 3.3286 0.0234 24.532 -11.018 0.025 0.018 1.092 5875.3 4.2368 11.507616 0.750984 11.804727 11.053742 59.39 0.65 294.335571 298.374023 469786.19532 205.72 259140.0 115.79 300370.0 109.5 "" "" 0.002796039638933587 0.0028320316 0.0038000513 0.006632083 79.57615274992 2.38772912576 296.241425 24.532000000000004 -11.018
82.09169118614 2.01175423684 0.0188 0.0154 58.1403 "" 105-64-1 3223751020145779840 358.443359 2.7539 0.0231 -0.515 1.923 0.022 0.017 1.302 6278.3 4.1488 11.510314 0.659358 11.758477 11.099119 26.86 0.52 354.36203 361.251892 468620.40347 171.16 270410.0 112.56 288080.0 78.922 "" "" 0.0027837109591633885 0.0028265354 0.0037910687 0.006617604 82.09169118614 2.01175423684 358.443359 -0.515 1.923
82.93240359822 1.8661934434 0.0159 0.0129 104.7451 "" 114-6-1 3223558296373572736 409.973724 2.3984 0.0188 15.635 -22.631 0.019 0.015 1.077 6088.7 4.1189 11.521044 0.699592 11.787846 11.088254 23.08 0.62 406.961853 413.116241 464012.13587 101.8 263200.0 129.67 290980.0 103.22 "" "" 0.002765597387014781 0.0028409811 0.0037989556 0.006639937 82.93240359822 1.8661934434 409.973724 15.634999999999996 -22.631000000000004
82.2881735737 1.81468698062 0.0166 0.0135 66.0917 "" 101-236-1 3223733045707571840 315.221252 3.1289 0.0215 -0.745 -7.608 0.019 0.016 1.06 6159.4 4.2981 11.521302 0.667686 11.775111 11.107426 18.4 0.63 312.681641 317.710266 463901.49481 188.09 266300.0 194.17 285880.0 176.78 "" "" 0.0027902648812208226 0.002900304 0.003838553 0.0067388574 82.2881735737 1.81468698062 315.221252 -0.7449999999999998 -7.607999999999999
83.047903947 2.45082349531 0.0132 0.0112 121.2256 "" 118-218-1 3223686664356056832 350.961426 2.8052 0.0162 1.546 -6.504 0.016 0.012 0.957 6258.0 4.2765 11.521834 0.64325 11.766587 11.123338 -5.2 1.52 348.49472 353.041748 463674.4052 140.34 268400.0 178.39 281720.0 167.67 "" "" 0.0027748477138530145 0.0028819772 0.0038342264 0.006716204 83.047903947 2.45082349531 350.961426 1.546 -6.504
82.24478690618 0.7153882387 0.0152 0.0129 83.016 "" 101-1681-1 3221905348143384064 398.738556 2.4709 0.0187 4.854 3.018 0.018 0.014 1.011 "" "" 11.526832 0.737484 11.812392 11.074908 55.29 9.94 395.683258 401.323792 461544.9621 322.92 257310.0 448.83 294570.0 426.92 "" "" 0.0028581174677381606 0.0033722073 0.0040938742 0.0074660815 82.24478690618 0.7153882387 398.738556 4.853999999999999 3.018
81.69397173228 1.68200476375 0.1973 0.1494 29.6693 "" 101-265-1 3222238676262149120 387.545532 2.6103 0.2382 1.001 -0.48 0.24 0.185 13.228 "" "" 11.528343 1.013877 11.709187 10.69531 22.01 1.15 357.920746 430.785675 460902.7743 848.29 282970.0 420.35 417860.0 456.83 "" "" 0.00340366964646878 0.0032227852 0.0039613987 0.007184184 81.69397173228 1.68200476375 387.545532 1.0009999999999997 -0.48
82.71293203179 1.22509805313 0.016 0.0136 93.73 "" 114-679-1 3221953554856320384 382.875 2.5728 0.0192 12.995 -14.188 0.021 0.017 1.187 6029.3 4.1654 11.530738 0.762702 11.831198 11.068496 3.35 0.43 380.123596 385.123474 459887.6219 135.81 252890.0 106.21 296320.0 111.83 "" "" 0.002773912955244042 0.0028271854 0.0038015293 0.0066287145 82.71293203179 1.22509805313 382.875 12.995 -14.188
81.79706325415 2.67132230047 0.0219 0.0164 72.1632 "" 105-1716-1 3235848461253884032 373.352203 2.6341 0.0253 -0.013 0.451 0.027 0.019 1.337 6271.1 4.2721 11.559629 0.641559 11.803446 11.161887 33.41 1.92 369.638733 376.906677 447811.71892 190.21 259440.0 154.42 271900.0 88.091 "" "" 0.0027936478504256403 0.0028640302 0.0037957162 0.006659746 81.79706325415 2.67132230047 373.352203 -0.013000000000000003 0.45099999999999996
81.93866283734 0.4077526148 0.0202 0.0167 85.3789 "" "" 3221799558805468800 409.917297 2.3927 0.024 0.692 1.078 0.028 0.02 1.229 6337.3 4.1599 11.582839 0.635925 11.823547 11.187622 24.3 3.12 405.0961 413.552551 438340.0933 228.42 254680.0 270.03 265530.0 209.18 "" "" 0.00281280924764967 0.0030183196 0.003874959 0.0068932786 81.93866283734 0.4077526148 409.917297 0.6920000000000001 1.0779999999999998
82.22283322344 0.82899542298 0.0191 0.0157 77.6564 "" 101-1148-1 3221911434113855360 355.630432 2.7696 0.0222 -1.391 1.879 0.022 0.018 1.158 6305.9 4.2007 11.583831 0.652821 11.833191 11.18037 26.49 0.71 352.836182 358.047913 437939.85765 162.35 252430.0 126.01 267310.0 146.95 "" "" 0.0027845633156709172 0.0028423227 0.0038262226 0.0066685453 82.22283322344 0.82899542298 355.630432 -1.391 1.879
80.74593696811 0.64640199468 0.0179 0.0131 64.8219 "" 101-1502-1 3221670056951264896 284.562927 3.4738 0.0206 18.395 -17.864 0.021 0.016 1.114 5801.8 4.2868 11.585333 0.771218 11.887505 11.116286 9.99 0.89 283.048065 286.363342 437334.48396 86.45 240110.0 96.004 283560.0 89.723 "" "" 0.0027636664570137664 0.002823739 0.0037949637 0.006618703 80.74593696811 0.64640199468 284.562927 18.395000000000003 -17.864
82.12946603346 2.28219044773 0.016 0.013 68.1301 "" "" 3223812622860267904 398.569458 2.4694 0.0197 -4.032 3.941 0.019 0.014 1.17 6127.1 4.1043 11.592575 0.67806 11.853928 11.175868 -13.14 0.66 396.082672 401.76001 434426.7448 143.18 247650.0 113.42 268420.0 100.45 "" "" 0.0027784599269254006 0.0028341324 0.00380116 0.0066352924 82.12946603346 2.28219044773 398.569458 -4.032000000000001 3.9409999999999994
82.17073974789 2.49069704251 0.0202 0.0164 77.8764 "" 105-1750-1 3223842962509227136 389.432678 2.5226 0.0238 -0.346 0.679 0.026 0.019 1.418 "" "" 11.594379 0.624058 11.831095 11.207037 32.79 3.55 385.475555 393.341705 433705.54618 140.18 252920.0 156.98 260820.0 96.538 "" "" 0.002777577785575448 0.0028703953 0.0038006871 0.006671082 82.17073974789 2.49069704251 389.432678 -0.3459999999999999 0.679
80.5918360496 1.65823411553 0.0227 0.0169 36.6775 "" "" 3234186588084188160 353.66806 2.792 0.0271 -0.016 0.953 0.03 0.021 1.957 5803.5 4.1896 11.599702 0.816027 11.913565 11.097538 31.36 3.53 350.795624 356.978821 431584.83961 491.09 234420.0 649.12 288500.0 581.33 "" "" 0.0030196165485329926 0.004101685 0.0043669273 0.008468612 80.5918360496 1.65823411553 353.66806 -0.016 0.9530000000000001
80.9818892098 1.02525373367 0.0237 0.0207 38.3744 "" 101-1235-1 3222073268481306496 289.587646 3.422 0.0263 18.99 -28.216 0.034 0.025 1.717 5721.3 4.2848 11.60516 0.799404 11.922345 11.122941 40.03 0.34 287.764557 291.972595 429420.678 116.11 232530.0 105.88 281830.0 119.95 "" "" 0.0027709154577421793 0.0028336297 0.0038075272 0.006641157 80.9818892098 1.02525373367 289.587646 18.99 -28.216
82.7010765778 0.644813292 0.0158 0.0138 107.4437 "" 114-227-1 3221144524752727808 301.813904 3.2797 0.0219 -3.013 -15.1 0.019 0.017 1.085 5730.0 4.1932 11.614059 0.829418 11.946649 11.11723 5.01 0.36 299.797302 303.653442 425915.1128 121.24 227380.0 103.14 283310.0 82.8 "" "" 0.0027725997551158858 0.0028333014 0.0037926794 0.006625981 82.7010765778 0.644813292 301.813904 -3.013 -15.099999999999998
83.10422378363 1.12039145994 0.0159 0.0134 118.0287 "" 114-895-1 3222696274961288192 364.767609 2.6934 0.0201 4.627 23.324 0.019 0.016 1.26 6044.2 4.1061 11.617753 0.697802 11.885098 11.187297 83.79 0.79 362.522217 367.826996 424468.72371 127.25 240650.0 114.27 265610.0 101.93 "" "" 0.002774478786184961 0.0028374002 0.00380228 0.00663968 83.10422378363 1.12039145994 364.767609 4.627 23.324
79.3129346598 1.01311498204 0.0757 0.0487 119.1523 "" 100-1121-1 3233751280262544896 336.422028 2.9653 0.1039 24.272 -28.044 0.111 0.069 5.693 5966.4 4.2609 11.623414 0.810677 11.928472 11.117796 52.24 0.94 324.271149 348.224121 422261.18086 153.9 231220.0 84.618 283170.0 139.97 "" "" 0.0027835910640296845 0.0028183197 0.003817296 0.0066356156 79.3129346598 1.01311498204 336.422028 24.27199999999999 -28.043999999999997
