Clusters/ASCC_16/ASCC_16_members.tsv
# %ECSV 1.0
# ---
# datatype:
# - name: RA_ICRS_1
#   unit: deg
#   datatype: float64
#   format: '{:15.11f}'
#   description: Right ascension (ICRS) at Ep=2016.0 (ra)
#   meta: !!omap
#   - {ucd: POS_EQ_RA_MAIN}
#   - {width: 15}
#   - {precision: '11'}
# - name: DE_ICRS_1
#   unit: deg
#   datatype: float64
#   format: '{:15.11f}'
#   description: Declination (ICRS) at Ep=2016.0 (dec)
#   meta: !!omap
#   - {ucd: POS_EQ_DEC_MAIN}
#   - {width: 15}
#   - {precision: '11'}
# - name: e_RA_ICRS
#   unit: mas
#   datatype: float64
#   format: '{:7.4f}'
#   description: Standard error of right ascension (ra_error)
#   meta: !!omap
#   - {ucd: ERROR}
#   - {width: 7}
#   - {precision: '4'}
# - name: e_DE_ICRS
#   unit: mas
#   datatype: float64
#   format: '{:7.4f}'
#   description: Standard error of declination (dec_error)
#   meta: !!omap
#   - {ucd: ERROR}
#   - {width: 7}
#   - {precision: '4'}
# - name: _r_1
#   unit: ''
#   datatype: float64
#   format: '{:8.4f}'
#   description: Distance from center (081.20250646000+01.62559492000)[ICRS], at Epoch=J2016.0
#   meta: !!omap
#   - {ucd: POS_ANG_DIST_GENERAL}
#   - {width: 8}
#   - {precision: '4'}
# - name: HIP
#   datatype: int32
#   description: '? HIP cross-id number, van Leeuwen, Cat. I/311 (hip_original_ext_source_id)'
#   meta: !!omap
#   - {ucd: ID_NUMBER}
#   - {width: 6}
#   - values: {'null': -2147483648}
# - name: TYC2
#   datatype: string
#   description: Tycho-2 cross-id name, Hog et al., Cat. I/259 (tyc2_original_ext_source_id)
#   meta: !!omap
#   - {ucd: ID_CROSSID}
#   - {_votable_string_dtype: char}
# - name: Source
#   datatype: int64
#   description: Source identifier, identical to the Gaia-EDR3 source_id (id)
#   meta: !!omap
#   - {ucd: ID_MAIN}
#   - {width: 19}
# - name: rgeo
#   unit: pc
#   datatype: float64
#   format: '{:15.8f}'
#   description: '? Median of the geometric distance posterior (r_med_geo)'
#   meta: !!omap
#   - {ucd: PHYS_DISTANCE_TRUE}
#   - {width: 15}
#   - {precision: '8'}
#   - values: {'null': .nan}
# - name: Plx
#   unit: mas
#   datatype: float64
#   format: '{:9.4f}'
#   description: '? Parallax (parallax)'
#   meta: !!omap
#   - {ucd: POS_PARLX_TRIG}
#   - {width: 9}
#   - {precision: '4'}
#   - values: {'null': .nan}
# - name: e_Plx
#   unit: mas
#   datatype: float32
#   format: '{:7.4f}'
#   description: '? Standard error of parallax (parallax_error)'
#   meta: !!omap
#   - {ucd: ERROR}
#   - {width: 7}
#   - {precision: '4'}
#   - values: {'null': .nan}
# - name: pmRA
#   unit: mas / yr
#   datatype: float64
#   format: '{:9.3f}'
#   description: '? Proper motion in right ascension direction, pmRA*cosDE (pmra)'
#   meta: !!omap
#   - {ucd: POS_EQ_PMRA}
#   - {width: 9}
#   - {precision: '3'}
#   - values: {'null': .nan}
# - name: pmDE
#   unit: mas / yr
#   datatype: float64
#   format: '{:9.3f}'
#   description: '? Proper motion in declination direction (pmdec)'
#   meta: !!omap
#   - {ucd: POS_EQ_PMDEC}
#   - {width: 9}
#   - {precision: '3'}
#   - values: {'null': .nan}
# - name: e_pmRA
#   unit: mas / yr
#   datatype: float32
#   format: '{:6.3f}'
#   description: '? Standard error of proper motion in right ascension direction (pmra_error)'
#   meta: !!omap
#   - {ucd: ERROR}
#   - {width: 6}
#   - {precision: '3'}
#   - values: {'null': .nan}
# - name: e_pmDE
[...]
#         unit: &id001 !astropy.units.Unit {unit: deg}
#         value: !astropy.table.SerializedColumn {name: SkyCoord.dec}
#       distance: !astropy.table.SerializedColumn
#         __class__: astropy.coordinates.distances.Distance
#         unit: !astropy.units.Unit {unit: pc}
#         value: !astropy.table.SerializedColumn {name: SkyCoord.distance}
#       frame: icrs
#       obstime: !astropy.time.Time {format: jyear_str, in_subfmt: '*', jd1: 367701545.0, jd2: 0.0, out_subfmt: '*', precision: 3, scale: tt}
#       pm_dec: !astropy.table.SerializedColumn
#         __class__: astropy.units.quantity.Quantity
#         unit: !astropy.units.Unit {unit: mas / yr}
#         value: !astropy.table.SerializedColumn {name: SkyCoord.pm_dec}
#       pm_ra_cosdec: !astropy.table.SerializedColumn
#         __class__: astropy.units.quantity.Quantity
#         unit: !astropy.units.Unit {unit: mas / yr}
#         value: !astropy.table.SerializedColumn {name: SkyCoord.pm_ra_cosdec}
#       ra: !astropy.table.SerializedColumn
#         __class__: astropy.coordinates.angles.Longitude
#         unit: *id001
#         value: !astropy.table.SerializedColumn {name: SkyCoord.ra}
#         wrap_angle: !astropy.coordinates.Angle
#           unit: *id001
#           value: 360.0
#       representation_type: spherical
# schema: astropy-2.0
RA_ICRS_1 DE_ICRS_1 e_RA_ICRS e_DE_ICRS _r_1 HIP TYC2 Source rgeo Plx e_Plx pmRA pmDE e_pmRA e_pmDE RUWE Teff logg Gmag BP-RP BPmag RPmag RV e_RV b_rgeo B_rgeo FG e_FG FBP e_FBP FRP e_FRP RAVE5 RAVE6 e_Gmag e_BPmag e_RPmag e_BP-RP SkyCoord.ra SkyCoord.dec SkyCoord.distance SkyCoord.pm_ra_cosdec SkyCoord.pm_dec Pmemb
80.95983512005 2.08217440867 0.0432 0.0331 31.0202 25235 105-519-1 3234302311683109120 353.513458 2.789 0.0569 1.214 0.186 0.048 0.04 1.015 "" "" 7.881391 -0.164006 7.812194 7.9762 "" "" 346.369659 360.773621 13255327.63231 9746.2 10246000.0 21552.0 5113000.0 9141.7 "" "" 0.0028686375115683903 0.0036056591 0.004248773 0.007854432 80.95983512005 2.08217440867 353.513458 1.2139999999999997 0.186 0.8
81.16090661083 1.81079220892 0.0324 0.0245 11.3885 "" 101-240-1 3222275990937384960 335.726624 2.9471 0.0369 1.431 0.241 0.038 0.028 1.261 "" "" 8.307459 -0.081412 8.265553 8.346966 18.87 1.76 331.918701 339.647736 8952889.17558 3138.6 6748300.0 3782.7 3633900.0 1568.4 "" "" 0.0027814860493586284 0.0028557733 0.0038083224 0.0066640954 81.16090661083 1.81079220892 335.726624 1.431 0.24099999999999996 1.0
81.83001733642 1.6062391388 0.0293 0.0252 37.6536 "" 101-474-1 3222224588768904448 359.551239 2.7576 0.0339 1.759 0.053 0.039 0.031 1.236 "" "" 8.883088 -0.044689 8.857924 8.902614 15.03 2.24 355.735687 364.199738 5268797.34128 1554.9 3910600.0 1573.8 2178300.0 676.65 "" "" 0.002773888305244181 0.0028241763 0.0037944005 0.006618577 81.83001733642 1.6062391388 359.551239 1.7589999999999997 0.053 0.8
81.05419663221 1.77834805513 0.0224 0.017 12.7717 "" 101-161-1 3222276330238275968 339.737396 2.9197 0.0268 1.402 -0.112 0.026 0.019 1.062 "" "" 9.026867 -0.010452 9.013291 9.023744 12.2 2.5 336.799438 343.359741 4615301.53657 1021.3 3389200.0 1318.8 1948300.0 572.76 "" "" 0.002765775339134338 0.002821974 0.003792836 0.00661481 81.05419663221 1.77834805513 339.737396 1.402 -0.112 0.9
81.5499349633 1.89325718278 0.0287 0.0238 26.3068 "" 105-207-1 3222292273157788032 336.182037 2.9503 0.0284 1.556 -0.012 0.041 0.028 1.223 "" "" 9.337538 0.027554 9.339778 9.312224 10.44 2.24 332.66217 339.169739 3466823.13368 973.15 2509000.0 895.77 1493700.0 456.13 "" "" 0.002772124497794376 0.0028169677 0.0037938969 0.006610865 81.5499349633 1.89325718278 336.182037 1.556 -0.012000000000000002 0.9
81.03275124314 1.63337477639 0.0236 0.017 10.1919 "" 101-332-1 3222167173645551872 342.993652 2.8877 0.0273 1.306 0.209 0.027 0.02 1.174 "" "" 9.359159 0.004852 9.35387 9.349018 10.87 2.04 340.242554 345.764282 3398467.13059 804.58 2476700.0 882.86 1443900.0 457.35 "" "" 0.0027672842156152384 0.0028168848 0.003794996 0.006611881 81.03275124314 1.63337477639 342.993652 1.3060000000000003 0.20900000000000002 1.0
81.08643977308 1.59071821507 0.019 0.0136 7.269 "" 101-538-1 3222166005414446592 340.36441 2.9197 0.0217 1.234 -0.009 0.022 0.016 1.096 9372.8 4.3376 9.804943 0.129621 9.844133 9.714513 19.16 0.48 337.869476 343.085388 2254080.30746 537.98 1576800.0 684.52 1031200.0 278.64 "" "" 0.0027674787788255282 0.0028297014 0.0037907516 0.0066204527 81.08643977308 1.59071821507 340.36441 1.234 -0.009000000000000001 1.0
81.22735608977 1.96896296211 0.0195 0.0153 20.6559 "" 105-337-1 3222288287427252864 336.970642 2.9403 0.0239 1.414 0.501 0.026 0.018 1.182 9968.2 4.4186 10.09051 0.302075 10.19165 9.889575 -1.67 11.18 334.295654 339.453857 1732776.36292 500.79 1144900.0 422.42 877660.0 361.52 "" "" 0.00277313050915047 0.00281878 0.003805751 0.006624531 81.22735608977 1.96896296211 336.970642 1.414 0.501 1.0
80.72057579152 0.93274014594 0.017 0.014 50.6347 "" 101-1643-1 3222068419461962240 338.206726 2.9318 0.0249 1.063 0.024 0.02 0.018 1.054 7809.3 4.1726 10.103786 0.305456 10.207623 9.902166 20.59 0.61 335.465057 341.566528 1711717.03911 416.92 1128200.0 498.79 867540.0 229.02 "" "" 0.0027679818801671216 0.0028311594 0.0037902347 0.0066213943 80.72057579152 0.93274014594 338.206726 1.0630000000000002 0.024 1.0
81.07567940831 2.36835878329 0.0174 0.0129 45.21 "" 105-2804-1 3234344368002823936 340.086609 2.9151 0.0206 1.127 -0.013 0.023 0.015 1.023 7829.6 4.0983 10.171208 0.318567 10.280096 9.961529 22.93 2.75 337.748169 342.276337 1608656.84515 572.95 1055300.0 1263.8 821380.0 448.05 "" "" 0.0027823243310939215 0.003078262 0.0038255053 0.0069037676 81.07567940831 2.36835878329 340.086609 1.1270000000000002 -0.013 0.8
81.45273735872 1.38945601965 0.0135 0.0106 20.6398 "" 101-465-1 3222191221167193216 344.544922 2.8809 0.0166 1.829 -0.054 0.015 0.012 0.951 7449.7 4.1873 10.423676 0.388475 10.560709 10.172234 23.57 1.63 342.475067 346.609161 1274899.99046 287.74 814950.0 233.05 676500.0 151.1 "" "" 0.002766195430579363 0.002807392 0.003787154 0.006594546 81.45273735872 1.38945601965 344.544922 1.8289999999999995 -0.054000000000000006 0.8
81.05804117385 1.26199684224 0.0143 0.011 23.4738 "" 101-945-1 3222104260964662528 338.526642 2.9271 0.0187 1.393 0.087 0.017 0.013 1.075 6339.4 3.9437 10.425392 0.648846 10.669915 10.02107 21.75 0.67 336.800323 340.859802 1272887.0975 244.75 736970.0 224.49 777550.0 203.8 "" "" 0.0027632177099225852 0.0028097027 0.0037900805 0.006599783 81.05804117385 1.26199684224 338.526642 1.393 0.08699999999999998 0.9
81.46149855122 0.79693341265 0.0131 0.0097 52.0904 "" 101-1306-1 3221874669193382016 342.648529 2.8907 0.0153 1.408 0.156 0.016 0.012 0.961 "" "" 10.606313 0.71401 10.880727 10.166717 18.11 0.76 340.775757 344.811981 1077510.75484 224.76 606910.0 404.34 679940.0 298.98 "" "" 0.002764612209936244 0.0028824087 0.0038094162 0.0066918246 81.46149855122 0.79693341265 342.648529 1.4080000000000001 0.156 0.8
80.66698409277 1.34237679659 0.0151 0.0115 36.3386 "" 101-730-1 3222143740304082944 342.547974 2.8936 0.0165 1.362 -0.191 0.025 0.015 1.1 6730.7 4.1495 10.776524 0.569726 10.986958 10.417232 16.58 1.64 340.380554 344.433044 921165.07128 159.35 550340.0 148.07 539840.0 115.44 "" "" 0.002761714193458147 0.00280542 0.0037865066 0.0065919263 80.66698409277 1.34237679659 342.547974 1.3619999999999999 -0.19099999999999995 0.9
81.11037601378 1.44696978823 0.0154 0.0109 12.0582 "" 101-636-1 3222160885813451776 344.415222 2.8716 0.0179 1.519 0.409 0.02 0.013 1.047 "" "" 11.047515 0.803285 11.366614 10.56333 18.73 1.25 342.617615 346.340363 717696.69511 604.84 387950.0 1227.5 471870.0 1129.3 "" "" 0.0029032783299068584 0.004425678 0.0045864554 0.009012133 81.11037601378 1.44696978823 344.415222 1.519 0.409 1.0
81.26274806181 1.34789560692 0.0112 0.0091 17.0492 "" "" 3222109135751905408 342.68454 2.9061 0.0146 1.248 -0.666 0.014 0.011 1.083 4258.0 3.41 12.16761 1.429333 12.818007 11.388675 18.94 9.13 340.808929 344.545197 255801.35893 209.67 101910.0 241.7 220640.0 407.86 "" "" 0.0028954743571523124 0.0037968254 0.0042792344 0.00807606 81.26274806181 1.34789560692 342.68454 1.248 -0.6659999999999999 0.8
80.93839479548 1.82205974477 0.0132 0.0099 19.7445 "" "" 3222279113377080192 346.202087 2.874 0.0164 1.42 0.353 0.016 0.012 1.11 5639.6 4.0866 12.196364 1.083945 12.650274 11.566329 15.1 3.77 344.148621 348.172302 249115.60473 419.34 118930.0 610.91 187340.0 681.44 "" "" 0.0033063638782314894 0.0062361313 0.0054663327 0.011702464 80.93839479548 1.82205974477 346.202087 1.42 0.353 0.9
80.92411114956 1.67956929023 0.0331 0.0238 17.0079 "" "" 3222180191690519296 350.79718 2.8263 0.0404 1.425 -0.082 0.043 0.031 2.826 "" "" 12.237522 1.085673 12.694673 11.608999 24.77 5.93 345.360779 356.115204 239848.93172 295.64 114170.0 469.38 180120.0 564.01 "" "" 0.0030631365364766324 0.0052640135 0.0050835167 0.01034753 80.92411114956 1.67956929023 350.79718 1.425 -0.082 1.0
81.07345391909 1.03774242004 0.0123 0.0098 36.1106 "" "" 3222084843416897664 342.681671 2.9002 0.0133 1.213 -0.064 0.016 0.012 0.931 5172.3 4.25 12.495133 1.089946 12.958913 11.868967 15.53 4.24 341.255737 344.113953 189187.9101 203.1 89506.0 319.65 141770.0 405.11 "" "" 0.002991714959102369 0.004776998 0.0048897117 0.009666709 81.07345391909 1.03774242004 342.681671 1.2130000000000003 -0.064 0.8
81.14857840745 1.17194025029 0.0108 0.0083 27.4108 "" "" 3222099274507005056 340.227295 2.9186 0.0129 1.32 -0.127 0.013 0.01 1.009 5616.0 4.2026 12.529669 1.15046 13.025232 11.874772 16.68 2.54 338.695404 342.127075 183264.8136 234.69 84202.0 369.6 141010.0 470.05 "" "" 0.003086260174533927 0.005522472 0.005232847 0.010755319 81.14857840745 1.17194025029 340.227295 1.3199999999999998 -0.12700000000000003 0.9
80.94096897368 1.66324332507 0.0118 0.0086 15.8476 "" "" 3222179921108496256 339.322937 2.928 0.0142 1.292 0.009 0.015 0.011 0.986 4954.9 4.1951 12.69342 1.197384 13.212809 12.015425 16.96 7.19 337.735077 340.954865 157608.12272 212.52 70842.0 327.82 123880.0 422.51 "" "" 0.003120116848728438 0.0057469876 0.0052911565 0.011038144 80.94096897368 1.66324332507 339.322937 1.2919999999999998 0.009 1.0
82.04146088389 2.17399780208 0.0147 0.0118 60.1142 "" "" 3223758613647941760 346.640259 2.8648 0.018 1.434 -0.03 0.017 0.013 1.072 4822.1 4.1972 12.870644 1.251048 13.420505 12.169457 17.96 2.17 344.490997 349.049591 133871.86012 138.69 58508.0 205.57 107490.0 259.98 "" "" 0.002976070008687031 0.0047262614 0.0046021356 0.009328397 82.04146088389 2.17399780208 346.640259 1.434 -0.029999999999999995 0.8
81.1782633149 1.56921591486 0.0236 0.0181 3.682 "" "" 3222256474606032896 338.486084 2.9339 0.0281 1.857 0.168 0.027 0.021 1.687 "" "" 12.937692 1.433935 13.591517 12.157582 20.87 3.63 335.239807 341.374573 125854.84462 72.958 49982.0 111.65 108670.0 153.32 "" "" 0.002826293473198932 0.0036969224 0.0040780217 0.0077749444 81.1782633149 1.56921591486 338.486084 1.8570000000000002 0.168 0.9
81.32107469453 1.80619174099 0.0121 0.0092 12.9607 "" "" 3222269290788377344 344.541382 2.8696 0.0146 1.477 -0.004 0.015 0.011 1.067 4812.8 4.2114 13.030968 1.291148 13.601102 12.309954 18.37 1.68 343.048859 346.215576 115494.02673 75.074 49542.0 135.78 94444.0 156.42 "" "" 0.0028442714909585765 0.004079183 0.004185369 0.008264552 81.32107469453 1.80619174099 344.541382 1.4770000000000005 -0.004000000000000001 0.8
81.18745489608 1.99625403617 0.0209 0.0163 22.2579 "" "" 3222289288156323328 344.158295 2.8648 0.026 1.234 0.458 0.029 0.019 1.726 "" "" 13.24435 1.450984 13.894054 12.44307 -14.92 5.31 341.141144 347.711304 94886.96107 135.72 37826.0 219.03 83547.0 373.09 "" "" 0.003162829278519002 0.0068782507 0.0061474903 0.013025741 81.18745489608 1.99625403617 344.158295 1.234 0.458 0.9
81.04937614001 1.36725391353 0.0112 0.0085 18.0173 "" "" 3222158446272050688 346.678833 2.8389 0.0131 1.298 -0.338 0.013 0.01 1.023 4706.6 4.2536 13.290291 1.333404 13.885734 12.55233 22.38 2.32 345.124359 348.528015 90955.829 108.31 38117.0 175.52 75549.0 241.39 "" "" 0.003043576762008336 0.0057254434 0.0051301336 0.010855577 81.04937614001 1.36725391353 346.678833 1.2979999999999998 -0.3380000000000001 0.9
81.41204770507 2.02498505576 0.0159 0.0132 27.0583 "" "" 3222308873206935040 345.121765 2.8573 0.0177 1.584 0.049 0.023 0.017 0.988 4580.9 4.2403 13.647969 1.502024 14.336906 12.834882 17.13 2.32 343.203156 347.33252 65427.32034 89.819 25157.0 125.58 58238.0 229.93 "" "" 0.0031326337265567454 0.006095871 0.00571478 0.011810651 81.41204770507 2.02498505576 345.121765 1.584 0.049 0.8
80.9284940985 1.43171393747 0.0132 0.0103 20.1353 "" "" 3222157003163047296 349.595947 2.8206 0.0148 1.215 -0.053 0.016 0.012 0.984 4560.5 4.2173 13.652957 1.473306 14.327044 12.853738 1.46 5.1 347.88089 351.465149 65127.4103 129.69 25386.0 182.61 57235.0 306.21 "" "" 0.003502324492857229 0.0082935 0.006930021 0.015223522 80.9284940985 1.43171393747 349.595947 1.2150000000000003 -0.05299999999999999 0.8
80.9236067382 1.50006965914 0.0212 0.0156 18.3451 "" "" 3222164149988616448 340.056763 2.9013 0.0237 1.013 0.085 0.024 0.018 1.609 "" "" 13.660029 1.755497 14.501015 12.745518 14.26 6.92 337.371124 342.932404 64704.56692 73.438 21628.0 109.78 63234.0 194.59 "" "" 0.003018328892964609 0.0061770766 0.005044494 0.011221571 80.9236067382 1.50006965914 340.056763 1.0130000000000001 0.08500000000000002 0.8
81.2864597583 1.76503876589 0.0129 0.0097 9.7648 "" "" 3222268844111791616 343.436554 2.8675 0.0152 1.447 0.296 0.015 0.012 1.089 4328.0 4.1347 13.660775 1.498818 14.350719 12.851901 18.41 1.97 341.674591 345.50705 64660.12264 52.078 24839.0 83.203 57332.0 141.24 "" "" 0.002890757186230626 0.0045838803 0.0046301265 0.009214006 81.2864597583 1.76503876589 343.436554 1.4470000000000003 0.29599999999999993 1.0
81.37142849461 1.40358996904 0.0134 0.0104 16.7357 "" "" 3222202873414312704 345.243286 2.858 0.0162 1.282 0.032 0.015 0.012 0.985 4578.2 4.2436 13.714927 1.449177 14.375389 12.926212 59.23 5.28 343.02182 347.395935 61514.298 157.7 24281.0 227.69 53539.0 352.73 "" "" 0.003916536398494625 0.010556665 0.008090184 0.01864685 81.37142849461 1.40358996904 345.243286 1.282 0.032 0.9
81.31484446307 1.5607294013 0.0179 0.0137 7.781 "" "" 3222210363837122048 345.850861 2.8488 0.0224 1.473 0.748 0.02 0.016 1.417 "" "" 13.756423 1.68503 14.551387 12.866357 14.4 5.47 342.955658 348.191223 59207.60492 82.555 20647.0 111.97 56574.0 207.74 "" "" 0.0031438207341890926 0.006515657 0.005493499 0.012009156 81.31484446307 1.5607294013 345.850861 1.4730000000000003 0.748 1.0
81.120836442 1.45892381515 0.0149 0.0105 11.1355 "" "" 3222161023252401280 342.274384 2.8791 0.0172 1.209 0.064 0.021 0.014 0.986 4486.7 4.284 13.836243 1.474213 14.513756 13.039543 24.92 4.87 340.494049 344.350006 55010.9996 47.034 21375.0 67.238 48233.0 112.92 "" "" 0.0029074943880600746 0.0044101635 0.0045546414 0.008964805 81.120836442 1.45892381515 342.274384 1.209 0.064 0.9
80.51281401237 1.12056647741 0.0147 0.0109 51.2799 "" "" 3222121921870275456 338.463867 2.9116 0.0173 1.151 0.087 0.017 0.013 1.07 4168.5 4.1302 13.891663 1.612771 14.647738 13.034967 19.55 2.26 336.817444 340.348022 52273.5084 57.009 18894.0 80.385 48436.0 131.15 "" "" 0.0029989777110009516 0.0053965645 0.004788153 0.010184717 80.51281401237 1.12056647741 338.463867 1.151 0.08700000000000001 0.8
80.76608881912 1.57602462818 0.0154 0.0121 26.3433 "" "" 3222180402144875648 345.653534 2.8539 0.0188 1.228 0.085 0.019 0.014 1.036 4334.6 4.1473 14.105443 1.643389 14.873288 13.229899 -10.97 2.87 343.53302 347.793549 42930.86016 66.194 15350.0 89.205 40476.0 196.09 "" "" 0.003224018612589404 0.0068990365 0.006476949 0.013375985 80.76608881912 1.57602462818 345.653534 1.228 0.08499999999999999 0.9
81.44487328019 0.5482790147 0.0165 0.0123 66.2539 "" "" 3221844226465235712 343.587738 2.8676 0.02 1.305 0.062 0.023 0.015 1.081 4457.7 4.2857 14.200756 1.794249 15.073698 13.279449 12.96 5.34 341.019257 345.956268 39322.78768 261.21 12763.0 330.46 38670.0 617.17 "" "" 0.007720628460461527 0.02825004 0.017735621 0.04598566 81.44487328019 0.5482790147 343.587738 1.3050000000000002 0.062 0.9
80.80170148568 1.35420268967 0.0182 0.0144 29.0359 "" "" 3222154941578772352 345.742523 2.853 0.02 1.395 -0.224 0.023 0.018 1.003 4134.7 4.1844 14.21588 1.710473 15.033204 13.322731 19.4 3.4 343.661133 347.924225 38778.83593 46.418 13248.0 74.055 37159.0 113.34 "" "" 0.0030464402557557136 0.006679799 0.0050250078 0.011704806 80.80170148568 1.35420268967 345.742523 1.3949999999999998 -0.224 0.9
80.9647884069 1.05697908488 0.0191 0.0156 36.9769 "" "" 3222073573422712064 345.164337 2.855 0.0215 1.229 -0.008 0.027 0.019 1.106 4601.0 4.2728 14.231503 1.718531 15.047233 13.328702 -15.6 10.61 342.816742 348.152069 38224.8603 75.067 13077.0 99.14 36955.0 200.85 "" "" 0.003483971375732741 0.008691277 0.007007503 0.01569878 80.9647884069 1.05697908488 345.164337 1.229 -0.008 0.9
81.61646872692 2.15792544067 0.0173 0.0133 40.4523 "" "" 3222317497501220736 347.070801 2.8374 0.0207 1.449 0.048 0.022 0.016 1.027 4596.6 4.2912 14.419093 1.785346 15.278855 13.493509 -1.56 17.88 344.957275 349.684326 32159.51071 61.619 10565.0 83.031 31751.0 181.41 "" "" 0.00345246409325845 0.008977466 0.007263994 0.016241461 81.61646872692 2.15792544067 347.070801 1.4489999999999998 0.04800000000000001 0.9
81.44133782982 1.76389714461 0.084 0.0696 16.5537 "" "" 3222267297922229248 362.15683 2.7465 0.1042 1.139 0.088 0.12 0.095 3.887 "" "" 14.424337 1.798544 15.097191 13.298647 20.22 5.54 351.470123 376.107391 32004.54692 1030.8 12489.0 1149.4 37993.0 3719.0 "" "" 0.0350776900295863 0.099962495 0.10634603 0.20630853 81.44133782982 1.76389714461 362.15683 1.139 0.088 0.9
