Clusters/UBC_63/UBC_63_stars_in_region.tsv
# %ECSV 1.0
# ---
# datatype:
# - name: RA_ICRS_1
#   unit: deg
#   datatype: float64
#   format: '{:15.11f}'
#   description: Right ascension (ICRS) at Ep=2016.0 (ra)
#   meta: !!omap
#   - {ucd: POS_EQ_RA_MAIN}
#   - {width: 15}
#   - {precision: '11'}
# - name: DE_ICRS_1
#   unit: deg
#   datatype: float64
#   format: '{:15.11f}'
#   description: Declination (ICRS) at Ep=2016.0 (dec)
#   meta: !!omap
#   - {ucd: POS_EQ_DEC_MAIN}
#   - {width: 15}
#   - {precision: '11'}
# - name: e_RA_ICRS
#   unit: mas
#   datatype: float64
#   format: '{:7.4f}'
#   description: Standard error of right ascension (ra_error)
#   meta: !!omap
#   - {ucd: ERROR}
#   - {width: 7}
#   - {precision: '4'}
# - name: e_DE_ICRS
#   unit: mas
#   datatype: float64
#   format: '{:7.4f}'
#   description: Standard error of declination (dec_error)
#   meta: !!omap
#   - {ucd: ERROR}
#   - {width: 7}
#   - {precision: '4'}
# - name: _r_1
#   unit: ''
#   datatype: float64
#   format: '{:7.4f}'
#   description: Distance from center (079.64670906000+37.81319502000)[ICRS], at Epoch=J2016.0
#   meta: !!omap
#   - {ucd: POS_ANG_DIST_GENERAL}
#   - {width: 7}
#   - {precision: '4'}
# - name: HIP
#   datatype: int32
#   description: '? HIP cross-id number, van Leeuwen, Cat. I/311 (hip_original_ext_source_id)'
#   meta: !!omap
#   - {ucd: ID_NUMBER}
#   - {width: 6}
#   - values: {'null': -2147483648}
# - name: TYC2
#   datatype: string
#   description: Tycho-2 cross-id name, Hog et al., Cat. I/259 (tyc2_original_ext_source_id)
#   meta: !!omap
#   - {ucd: ID_CROSSID}
#   - {_votable_string_dtype: char}
# - name: Source
#   datatype: int64
#   description: Source identifier, identical to the Gaia-EDR3 source_id (id)
#   meta: !!omap
#   - {ucd: ID_MAIN}
#   - {width: 19}
# - name: rgeo
#   unit: pc
#   datatype: float64
#   format: '{:15.8f}'
#   description: '? Median of the geometric distance posterior (r_med_geo)'
#   meta: !!omap
#   - {ucd: PHYS_DISTANCE_TRUE}
#   - {width: 15}
#   - {precision: '8'}
#   - values: {'null': .nan}
# - name: Plx
#   unit: mas
#   datatype: float64
#   format: '{:9.4f}'
#   description: '? Parallax (parallax)'
#   meta: !!omap
#   - {ucd: POS_PARLX_TRIG}
#   - {width: 9}
#   - {precision: '4'}
#   - values: {'null': .nan}
# - name: e_Plx
#   unit: mas
#   datatype: float32
#   format: '{:7.4f}'
#   description: '? Standard error of parallax (parallax_error)'
#   meta: !!omap
#   - {ucd: ERROR}
#   - {width: 7}
#   - {precision: '4'}
#   - values: {'null': .nan}
# - name: pmRA
#   unit: mas / yr
#   datatype: float64
#   format: '{:9.3f}'
#   description: '? Proper motion in right ascension direction, pmRA*cosDE (pmra)'
#   meta: !!omap
#   - {ucd: POS_EQ_PMRA}
#   - {width: 9}
#   - {precision: '3'}
#   - values: {'null': .nan}
# - name: pmDE
#   unit: mas / yr
#   datatype: float64
#   format: '{:9.3f}'
#   description: '? Proper motion in declination direction (pmdec)'
#   meta: !!omap
#   - {ucd: POS_EQ_PMDEC}
#   - {width: 9}
#   - {precision: '3'}
#   - values: {'null': .nan}
# - name: e_pmRA
#   unit: mas / yr
#   datatype: float32
#   format: '{:6.3f}'
#   description: '? Standard error of proper motion in right ascension direction (pmra_error)'
#   meta: !!omap
#   - {ucd: ERROR}
#   - {width: 6}
#   - {precision: '3'}
#   - values: {'null': .nan}
# - name: e_pmDE
[...]
#         unit: &id001 !astropy.units.Unit {unit: deg}
#         value: !astropy.table.SerializedColumn {name: SkyCoord.dec}
#       distance: !astropy.table.SerializedColumn
#         __class__: astropy.coordinates.distances.Distance
#         unit: !astropy.units.Unit {unit: pc}
#         value: !astropy.table.SerializedColumn {name: SkyCoord.distance}
#       frame: icrs
#       obstime: !astropy.time.Time {format: jyear_str, in_subfmt: '*', jd1: 367701545.0, jd2: 0.0, out_subfmt: '*', precision: 3, scale: tt}
#       pm_dec: !astropy.table.SerializedColumn
#         __class__: astropy.units.quantity.Quantity
#         unit: !astropy.units.Unit {unit: mas / yr}
#         value: !astropy.table.SerializedColumn {name: SkyCoord.pm_dec}
#       pm_ra_cosdec: !astropy.table.SerializedColumn
#         __class__: astropy.units.quantity.Quantity
#         unit: !astropy.units.Unit {unit: mas / yr}
#         value: !astropy.table.SerializedColumn {name: SkyCoord.pm_ra_cosdec}
#       ra: !astropy.table.SerializedColumn
#         __class__: astropy.coordinates.angles.Longitude
#         unit: *id001
#         value: !astropy.table.SerializedColumn {name: SkyCoord.ra}
#         wrap_angle: !astropy.coordinates.Angle
#           unit: *id001
#           value: 360.0
#       representation_type: spherical
# schema: astropy-2.0
RA_ICRS_1 DE_ICRS_1 e_RA_ICRS e_DE_ICRS _r_1 HIP TYC2 Source rgeo Plx e_Plx pmRA pmDE e_pmRA e_pmDE RUWE Teff logg Gmag BP-RP BPmag RPmag RV e_RV b_rgeo B_rgeo FG e_FG FBP e_FBP FRP e_FRP RAVE5 RAVE6 e_Gmag e_BPmag e_RPmag e_BP-RP SkyCoord.ra SkyCoord.dec SkyCoord.distance SkyCoord.pm_ra_cosdec SkyCoord.pm_dec
[from data line 122]
79.45523955863 37.59969602802 0.018 0.014 15.7068 "" "" 187172480035926912 1685.04321 0.56 0.0231 1.971 -2.103 0.022 0.016 1.279 "" "" 13.561134 1.723795 14.386653 12.662858 -19.72 2.08 1621.39441 1761.57898 70874.97801 19.934 24030.0 36.79 68236.0 47.764 "" "" 0.0027721904703945513 0.0032477952 0.0038550384 0.0071028336 79.45523955863 37.59969602802 1685.04321 1.971 -2.1029999999999998
79.86808546156 38.00178879405 0.0144 0.0106 15.4232 "" "" 187559778707894016 1292.1134 0.7336 0.0166 -1.27 -0.457 0.019 0.014 0.969 "" "" 13.566115 0.6908 13.831235 13.140435 "" "" 1263.32568 1319.68884 70550.5697 27.79 40080.0 27.794 43953.0 20.512 "" "" 0.002788313832814717 0.0028899712 0.003813196 0.006703167 79.86808546156 38.00178879405 1292.1134 -1.27 -0.457
79.28579170737 38.16035603142 0.0136 0.01 26.929 "" "" 187761612110476672 1191.01575 0.7945 0.0162 3.461 -5.276 0.019 0.014 1.052 7031.7 4.0432 13.569545 0.690424 13.835162 13.144738 13.68 5.9 1172.01562 1216.93091 70328.07542 14.38 39935.0 24.616 43779.0 21.402 "" "" 0.002764249218768121 0.0028693106 0.0038164712 0.0066857818 79.28579170737 38.16035603142 1191.01575 3.4610000000000003 -5.276000000000001
79.4128613589 37.50697753729 0.0146 0.0108 21.4696 "" "" 187166020405181440 1198.92505 0.7902 0.0171 2.84 -2.041 0.018 0.013 0.977 6852.5 4.0994 13.573796 0.812465 13.895103 13.082639 -8.05 5.88 1173.67175 1225.8667 70053.21528 15.683 37790.0 36.371 46356.0 20.686 "" "" 0.0027660207507819684 0.0029794304 0.0038103107 0.006789741 79.4128613589 37.50697753729 1198.92505 2.84 -2.0409999999999995
79.48579294052 37.98803860302 0.0241 0.0182 12.9651 "" "" 187744432241482624 1430.88135 0.6718 0.0297 2.338 -5.519 0.03 0.023 1.722 7542.5 4.0776 13.575045 0.588091 13.75349 13.1654 "" "" 1366.68616 1480.44275 69972.7499 24.588 43055.0 33.497 42954.0 52.544 "" "" 0.0027816088403220854 0.0029152324 0.004005956 0.0069211884 79.48579294052 37.98803860302 1430.88135 2.338 -5.519
79.90977433798 37.75780997652 0.0141 0.0114 12.9092 "" "" 187536585887038464 1496.62549 0.6274 0.0164 1.098 -3.823 0.018 0.014 0.996 9186.4 4.2448 13.577755 0.440192 13.739056 13.298863 "" "" 1468.09094 1539.39294 69798.29418 26.001 43631.0 51.879 37985.0 29.526 "" "" 0.0027848469861481194 0.0030743596 0.0038724642 0.0069468236 79.90977433798 37.75780997652 1496.62549 1.098 -3.8229999999999995
79.70871307156 38.23878154062 0.0154 0.0119 25.7028 "" "" 187754911961605504 1193.10193 0.7986 0.0175 2.162 -7.221 0.023 0.016 0.892 5437.7 3.6912 13.598412 1.201988 14.117311 12.915322 41.21 4.2 1171.37646 1217.33459 68482.86986 12.132 30796.0 37.98 54079.0 51.745 "" "" 0.002762025516386626 0.0030948352 0.003919565 0.0070144003 79.70871307156 38.23878154062 1193.10193 2.162 -7.221
80.0347713795 38.08678942368 0.0159 0.0131 24.6287 "" "" 187573419524220032 1404.74194 0.6718 0.0201 1.041 -3.425 0.024 0.017 0.967 9262.3 4.2107 13.624697 0.447113 13.790803 13.34369 "" "" 1372.64868 1443.77502 66844.88906 26.332 41600.0 34.286 36449.0 23.455 "" "" 0.002788318003164242 0.002930153 0.0038434193 0.0067735724 80.0347713795 38.08678942368 1404.74194 1.0410000000000001 -3.425
79.57456863262 38.03570057298 0.0147 0.0111 13.78 "" "" 187558473037908096 1699.49634 0.5474 0.0162 1.002 -2.632 0.019 0.014 1.018 5929.9 3.6264 13.636739 0.967328 14.034177 13.066849 4.43 3.44 1660.45459 1739.94812 66107.58983 13.511 33247.0 30.318 47035.0 29.739 "" "" 0.0027642412580261974 0.0029606277 0.0038412218 0.006801849 79.57456863262 38.03570057298 1699.49634 1.002 -2.6319999999999997
80.15297592533 37.7685002881 0.0186 0.0133 24.154 "" "" 187495427216837248 1467.56763 0.6412 0.0207 3.321 -5.922 0.025 0.017 1.279 5700.5 3.567 13.655435 1.017693 14.077546 13.059854 -5.13 4.84 1428.06616 1511.57837 64979.00326 13.628 31945.0 29.375 47339.0 44.605 "" "" 0.002764713647822969 0.0029634146 0.003915395 0.00687881 80.15297592533 37.7685002881 1467.56763 3.3209999999999997 -5.921999999999999
79.43546422959 37.79481691957 0.016 0.0116 10.0749 "" "" 187179042745712512 1599.83972 0.5852 0.0184 1.015 -3.669 0.018 0.013 0.966 9285.4 4.2569 13.672983 0.363868 13.806131 13.442264 "" "" 1556.06116 1649.21594 63937.18263 29.219 41017.0 36.246 33285.0 25.646 "" "" 0.0027996393488270393 0.0029505228 0.0038708595 0.0068213823 79.43546422959 37.79481691957 1599.83972 1.0149999999999997 -3.668999999999999
79.33782372724 37.85513996183 0.017 0.0112 14.852 "" "" 187366578198588928 1474.55322 0.6368 0.019 0.986 -3.528 0.018 0.014 0.941 9272.7 4.2211 13.682202 0.46281 13.853937 13.391128 "" "" 1433.21387 1510.19666 63396.55628 40.005 39250.0 50.725 34891.0 27.847 "" "" 0.0028392239023412058 0.0031231237 0.0038774505 0.007000574 79.33782372724 37.85513996183 1474.55322 0.986 -3.528
79.37552185951 37.5633848121 0.0164 0.0117 19.7599 "" "" 187167149978507776 1233.3418 0.7678 0.0182 0.174 -2.952 0.021 0.015 1.127 "" "" 13.682656 0.55945 13.893831 13.334381 "" "" 1206.26599 1260.92444 63370.09363 25.022 37834.0 46.479 36763.0 29.305 "" "" 0.0027884727492960303 0.003092594 0.0038772123 0.0069698063 79.37552185951 37.5633848121 1233.3418 0.17399999999999996 -2.952
79.4339227212 38.24705380855 0.0385 0.0275 27.9065 "" "" 187752334981263872 1679.30713 0.5643 0.0468 3.843 -4.533 0.057 0.041 2.973 6130.5 3.8805 13.686053 0.876961 14.034675 13.157714 -17.63 4.56 1568.91028 1809.83179 63172.12205 16.354 33231.0 25.143 43259.0 22.254 "" "" 0.0027696196082973063 0.0029085875 0.0038204314 0.006729019 79.4339227212 38.24705380855 1679.30713 3.8430000000000004 -4.5329999999999995
80.07788941531 37.55359610043 0.0149 0.0116 25.7255 "" "" 187483023351397888 1263.95923 0.7496 0.0189 0.21 -3.729 0.019 0.014 0.958 6646.0 4.0533 13.687028 0.80589 14.00215 13.19626 -16.14 5.1 1235.77588 1300.03442 63115.44281 13.96 34242.0 50.463 41750.0 30.831 "" "" 0.002765765566116616 0.0032164054 0.003863493 0.0070798984 80.07788941531 37.55359610043 1263.95923 0.20999999999999996 -3.7289999999999996
79.27307160837 37.95164236011 0.0175 0.0114 19.547 "" "" 187372281915143552 1585.01282 0.5934 0.0213 3.386 -0.291 0.02 0.016 1.002 6252.7 3.8496 13.69343 0.919735 14.065314 13.145579 39.18 3.86 1527.8833 1632.12061 62744.36682 12.52 32307.0 27.223 43745.0 39.882 "" "" 0.002763824450255042 0.002936333 0.0039068586 0.0068431916 79.27307160837 37.95164236011 1585.01282 3.386 -0.2909999999999999
79.99596817123 38.01875101702 0.0159 0.0122 20.6257 "" "" 187548994048900480 1509.71448 0.6261 0.0184 2.351 -1.532 0.022 0.016 0.949 7871.4 4.1527 13.708084 0.595508 13.933049 13.337542 "" "" 1469.26343 1552.05713 61903.20372 17.309 36492.0 30.346 36656.0 24.843 "" "" 0.002771994671925426 0.0029326153 0.003850349 0.0067829643 79.99596817123 38.01875101702 1509.71448 2.351 -1.532
79.40128433675 37.63383285267 0.0169 0.0118 15.858 "" "" 187173476468122496 1310.23853 0.7242 0.0183 -0.059 -2.288 0.02 0.014 1.027 7692.5 4.2312 13.713034 0.574321 13.926778 13.352457 "" "" 1274.07556 1343.32861 61621.62845 20.086 36703.0 33.738 36156.0 71.954 "" "" 0.0027779555346227254 0.0029632929 0.004353441 0.0073167337 79.40128433675 37.63383285267 1310.23853 -0.05899999999999994 -2.2880000000000003
79.94595742105 38.16731511032 0.0156 0.0117 25.528 "" "" 187585827688080384 1179.80737 0.8069 0.0189 0.98 -8.486 0.023 0.016 0.966 4740.1 3.3066 13.72128 1.443875 14.384486 12.940611 -8.04 1.52 1156.45581 1208.59167 61155.38633 10.191 24078.0 18.046 52834.0 30.898 "" "" 0.002761254142217062 0.0029064098 0.0038323482 0.0067387577 79.94595742105 38.16731511032 1179.80737 0.98 -8.486
79.95175310341 37.62766117804 0.0243 0.0186 18.2625 "" "" 187487764995301504 1203.64807 0.7916 0.0285 1.274 -5.997 0.03 0.024 1.733 7082.6 4.1279 13.738395 0.730482 14.023325 13.292843 0.35 12.96 1164.1842 1242.66003 60198.93324 20.282 33580.0 37.413 38196.0 26.636 "" "" 0.002779496471654235 0.003041109 0.0038544761 0.006895585 79.95175310341 37.62766117804 1203.64807 1.2739999999999998 -5.997000000000001
79.37078040146 37.65039724341 0.0162 0.0119 16.3357 "" "" 187176465765361536 1593.52344 0.5833 0.0181 1.75 -4.228 0.02 0.015 1.003 7786.1 4.1119 13.739437 0.629901 13.981624 13.351723 "" "" 1555.88306 1637.20923 60141.19774 19.519 34895.0 38.862 36180.0 30.817 "" "" 0.0027777617307340077 0.0030409098 0.0038908836 0.0069317934 79.37078040146 37.65039724341 1593.52344 1.75 -4.228
79.78762645303 37.69305633498 0.0154 0.0123 9.831 "" "" 187534730461055616 1745.4541 0.5329 0.0181 1.67 -2.77 0.019 0.015 0.933 6590.6 3.8264 13.744804 0.901614 14.108906 13.207292 -41.92 7.89 1689.70166 1806.59717 59844.6255 15.869 31035.0 31.126 41328.0 28.623 "" "" 0.002770321011517083 0.0029951285 0.0038534624 0.006848591 79.78762645303 37.69305633498 1745.4541 1.67 -2.7700000000000005
79.61225971413 37.34107830448 0.0168 0.0127 28.3743 "" "" 187148565658105216 1209.24988 0.7867 0.019 -0.339 -4.17 0.023 0.017 1.152 7037.8 4.0679 13.752553 0.791275 14.061212 13.269937 -39.99 8.79 1183.58447 1231.51086 59419.0107 15.428 32429.0 29.224 39011.0 24.078 "" "" 0.00276970430541265 0.002956751 0.0038383328 0.006795084 79.61225971413 37.34107830448 1209.24988 -0.33899999999999997 -4.17
79.46726698613 37.85565695071 0.0161 0.0116 8.8767 "" "" 187180348415756672 1197.09595 0.7975 0.0182 -1.197 -4.722 0.02 0.015 1.069 7212.9 4.1598 13.759291 0.652663 14.009833 13.35717 "" "" 1167.10291 1227.07898 59051.42795 27.403 34000.0 54.523 35999.0 26.816 "" "" 0.0028010075704059624 0.0032888444 0.0038649507 0.007153795 79.46726698613 37.85565695071 1197.09595 -1.197 -4.722000000000001
79.6270011827 37.59379101241 0.0165 0.0131 13.1974 "" "" 187161480621752448 1490.41504 0.6351 0.0179 1.08 -3.554 0.021 0.017 1.002 9411.9 4.3269 13.766618 0.454231 13.934326 13.480095 "" "" 1444.65637 1538.83875 58654.2504 31.517 36449.0 45.94 32146.0 27.682 "" "" 0.0028164072997183967 0.0031076856 0.0038933128 0.0070009986 79.6270011827 37.59379101241 1490.41504 1.08 -3.554
80.14217540404 37.57375782626 0.0191 0.015 27.5634 "" "" 187488795787417088 1401.18323 0.6788 0.0237 1.891 -2.45 0.023 0.018 1.271 8005.0 3.9655 13.781781 0.629168 14.016349 13.387181 "" "" 1344.40491 1462.91467 57840.80839 18.672 33797.0 29.862 35018.0 23.256 "" "" 0.0027775232817652206 0.002950483 0.0038475506 0.0067980336 80.14217540404 37.57375782626 1401.18323 1.8909999999999998 -2.45
79.07463053257 37.81293204305 0.0155 0.0101 27.117 "" "" 187364619693562880 1260.85291 0.7531 0.0191 2.243 -7.603 0.02 0.016 0.993 5593.0 3.6505 13.800188 1.125153 14.279907 13.154755 10.52 2.42 1225.10437 1296.15002 56868.47763 8.5449 26513.0 15.81 43377.0 19.881 "" "" 0.0027601456426819553 0.0028643014 0.003812002 0.006676303 79.07463053257 37.81293204305 1260.85291 2.2429999999999994 -7.603000000000001
79.97198495336 37.48577602393 0.019 0.0124 24.9942 "" "" 187481683321675136 1236.69116 0.7668 0.0239 -0.704 -5.367 0.02 0.016 0.932 "" "" 13.800497 0.64115 14.046727 13.405577 6.88 8.93 1202.86011 1276.66687 56852.29793 21.412 32864.0 30.82 34429.0 37.449 "" "" 0.002785498386178831 0.002970151 0.003959599 0.0069297496 79.97198495336 37.48577602393 1236.69116 -0.7039999999999998 -5.367
79.79143888972 38.19188729786 0.0161 0.0115 23.7295 "" "" 187566929831995648 1544.94495 0.6076 0.018 0.344 0.782 0.025 0.015 0.968 6589.6 3.879 13.800944 0.787835 14.111229 13.323394 -2.35 7.45 1504.58728 1591.09753 56828.8748 18.375 30969.0 26.368 37136.0 27.522 "" "" 0.0027775948636219166 0.0029393232 0.0038640904 0.006803414 79.79143888972 38.19188729786 1544.94495 0.344 0.782
79.56552600715 38.27336837257 0.0159 0.0124 27.8756 "" "" 187757248423828736 1211.28687 0.785 0.018 -1.224 -4.9 0.021 0.016 0.928 "" "" 13.805795 0.661761 14.062135 13.400373 "" "" 1186.51392 1237.64941 56575.58263 19.583 32401.0 27.589 34595.0 30.194 "" "" 0.002780831990072892 0.0029393416 0.00389637 0.0068357117 79.56552600715 38.27336837257 1211.28687 -1.224 -4.9
79.25870695421 37.73836425381 0.0159 0.0109 18.9408 "" "" 187359774970439680 1713.4502 0.5411 0.018 0.697 -2.646 0.02 0.015 0.978 7201.0 4.0162 13.807253 0.809631 14.128918 13.319286 "" "" 1665.58203 1759.05042 56499.64046 21.323 30468.0 35.51 37277.0 49.721 "" "" 0.002785622123815339 0.0030637083 0.00404734 0.0071110483 79.25870695421 37.73836425381 1713.4502 0.6970000000000001 -2.646
79.53354947008 38.07830424763 0.0148 0.0113 16.7835 "" "" 187746420806222464 1215.93811 0.7822 0.0164 4.125 -0.203 0.019 0.014 0.958 5282.0 3.6926 13.82481 1.233163 14.364028 13.130865 15.01 2.89 1196.20874 1236.24023 55593.35202 10.172 24536.0 26.03 44342.0 30.639 "" "" 0.00276247257395408 0.0030185757 0.0038531213 0.006871697 79.53354947008 38.07830424763 1215.93811 4.125 -0.20299999999999999
80.19965688346 37.93307352929 0.0175 0.0126 27.1586 "" "" 187521025221846784 1491.60046 0.6357 0.02 2.249 0.142 0.027 0.017 1.194 6163.7 3.5259 13.829537 1.105322 14.296479 13.191157 -2.22 5.19 1438.43896 1531.10425 55351.82872 9.7757 26111.0 21.606 41946.0 27.627 "" "" 0.0027619844823047576 0.002931244 0.0038464395 0.0067776833 80.19965688346 37.93307352929 1491.60046 2.249 0.14199999999999996
79.48219096793 37.47949058618 0.0157 0.0118 21.4937 "" "" 187153307301974272 1345.06177 0.6988 0.0175 1.714 -6.103 0.02 0.014 0.982 6083.9 3.9672 13.843416 0.926121 14.220319 13.294198 11.4 6.36 1316.48926 1373.5741 54648.75596 11.762 28008.0 30.952 38149.0 27.579 "" "" 0.0027652118662271075 0.0030372215 0.0038600273 0.006897249 79.48219096793 37.47949058618 1345.06177 1.714 -6.103
79.40144300862 37.97634252626 0.0161 0.0114 15.1882 "" "" 187369601855524480 1526.94141 0.6175 0.0177 0.584 -5.186 0.02 0.014 1.032 6530.4 3.7536 13.84433 0.806153 14.162807 13.356653 2.43 5.68 1490.51025 1566.88733 54602.78736 13.205 29532.0 17.972 36016.0 20.662 "" "" 0.0027678029723133967 0.0028673369 0.0038303656 0.006697702 79.40144300862 37.97634252626 1526.94141 0.5840000000000001 -5.186
79.67049152233 37.36158136339 0.0168 0.0129 27.1204 "" "" 187107604551377280 1314.68909 0.7206 0.0189 4.419 -2.906 0.021 0.017 1.079 7515.5 4.1023 13.850657 0.736591 14.138283 13.401691 "" "" 1281.54224 1345.82837 54285.48505 18.686 30207.0 31.49 34553.0 21.217 "" "" 0.002780550820232934 0.0030110024 0.0038377338 0.006848736 79.67049152233 37.36158136339 1314.68909 4.419 -2.9060000000000006
79.1778004354 37.55393659666 0.0165 0.0118 27.1612 "" "" 187168940983006080 1592.12524 0.588 0.0183 1.026 -3.381 0.024 0.018 1.001 9186.6 4.2623 13.859982 0.470112 14.033674 13.563562 "" "" 1543.66199 1647.52075 53821.31008 21.292 33262.0 39.552 29767.0 19.828 "" "" 0.0027885981202243944 0.0030743892 0.0038479564 0.0069223456 79.1778004354 37.55393659666 1592.12524 1.026 -3.381
80.01979187755 37.92894011656 0.0555 0.0449 18.9862 "" "" 187545214477707648 1335.07458 0.7184 0.0645 0.846 -6.642 0.072 0.055 3.708 5884.9 3.7611 13.863838 0.974103 14.256516 13.282413 44.31 4.27 1223.1123 1473.52307 53630.47526 18.889 27090.0 27.585 38565.0 34.498 "" "" 0.0027817299807394646 0.0030012238 0.0039021822 0.006903406 80.01979187755 37.92894011656 1335.07458 0.8460000000000001 -6.642000000000001
79.50132333801 37.69562884196 0.018 0.0131 9.8654 "" "" 187175361956226688 1453.91748 0.6514 0.0203 1.003 -3.644 0.02 0.015 1.027 8540.2 4.1116 13.869059 0.516604 14.061856 13.545252 "" "" 1410.62732 1487.89795 53373.1849 20.669 32410.0 36.136 30273.0 37.481 "" "" 0.0027872159495957627 0.0030414632 0.004011326 0.0070527894 79.50132333801 37.69562884196 1453.91748 1.003 -3.644
79.97576466281 37.85463379624 0.0162 0.0128 15.7901 "" "" 187543221612921984 1285.04199 0.7416 0.0186 1.217 -4.627 0.021 0.016 1.013 7220.2 4.032 13.875134 0.713598 14.153253 13.439654 4.46 5.94 1260.13367 1312.47229 53075.42453 44.801 29793.0 86.096 33365.0 52.676 "" "" 0.002903740288107827 0.004198735 0.0041499394 0.0083486745 79.97576466281 37.85463379624 1285.04199 1.217 -4.627
