Clusters/UBC_63/UBC_63_stars_in_region.tsv
# %ECSV 1.0
# ---
# datatype:
# - name: RA_ICRS_1
#   unit: deg
#   datatype: float64
#   format: '{:15.11f}'
#   description: Right ascension (ICRS) at Ep=2016.0 (ra)
#   meta: !!omap
#   - {ucd: POS_EQ_RA_MAIN}
#   - {width: 15}
#   - {precision: '11'}
# - name: DE_ICRS_1
#   unit: deg
#   datatype: float64
#   format: '{:15.11f}'
#   description: Declination (ICRS) at Ep=2016.0 (dec)
#   meta: !!omap
#   - {ucd: POS_EQ_DEC_MAIN}
#   - {width: 15}
#   - {precision: '11'}
# - name: e_RA_ICRS
#   unit: mas
#   datatype: float64
#   format: '{:7.4f}'
#   description: Standard error of right ascension (ra_error)
#   meta: !!omap
#   - {ucd: ERROR}
#   - {width: 7}
#   - {precision: '4'}
# - name: e_DE_ICRS
#   unit: mas
#   datatype: float64
#   format: '{:7.4f}'
#   description: Standard error of declination (dec_error)
#   meta: !!omap
#   - {ucd: ERROR}
#   - {width: 7}
#   - {precision: '4'}
# - name: _r_1
#   unit: ''
#   datatype: float64
#   format: '{:7.4f}'
#   description: Distance from center (079.64670906000+37.81319502000)[ICRS], at Epoch=J2016.0
#   meta: !!omap
#   - {ucd: POS_ANG_DIST_GENERAL}
#   - {width: 7}
#   - {precision: '4'}
# - name: HIP
#   datatype: int32
#   description: '? HIP cross-id number, van Leeuwen, Cat. I/311 (hip_original_ext_source_id)'
#   meta: !!omap
#   - {ucd: ID_NUMBER}
#   - {width: 6}
#   - values: {'null': -2147483648}
# - name: TYC2
#   datatype: string
#   description: Tycho-2 cross-id name, Hog et al., Cat. I/259 (tyc2_original_ext_source_id)
#   meta: !!omap
#   - {ucd: ID_CROSSID}
#   - {_votable_string_dtype: char}
# - name: Source
#   datatype: int64
#   description: Source identifier, identical to the Gaia-EDR3 source_id (id)
#   meta: !!omap
#   - {ucd: ID_MAIN}
#   - {width: 19}
# - name: rgeo
#   unit: pc
#   datatype: float64
#   format: '{:15.8f}'
#   description: '? Median of the geometric distance posterior (r_med_geo)'
#   meta: !!omap
#   - {ucd: PHYS_DISTANCE_TRUE}
#   - {width: 15}
#   - {precision: '8'}
#   - values: {'null': .nan}
# - name: Plx
#   unit: mas
#   datatype: float64
#   format: '{:9.4f}'
#   description: '? Parallax (parallax)'
#   meta: !!omap
#   - {ucd: POS_PARLX_TRIG}
#   - {width: 9}
#   - {precision: '4'}
#   - values: {'null': .nan}
# - name: e_Plx
#   unit: mas
#   datatype: float32
#   format: '{:7.4f}'
#   description: '? Standard error of parallax (parallax_error)'
#   meta: !!omap
#   - {ucd: ERROR}
#   - {width: 7}
#   - {precision: '4'}
#   - values: {'null': .nan}
# - name: pmRA
#   unit: mas / yr
#   datatype: float64
#   format: '{:9.3f}'
#   description: '? Proper motion in right ascension direction, pmRA*cosDE (pmra)'
#   meta: !!omap
#   - {ucd: POS_EQ_PMRA}
#   - {width: 9}
#   - {precision: '3'}
#   - values: {'null': .nan}
# - name: pmDE
#   unit: mas / yr
#   datatype: float64
#   format: '{:9.3f}'
#   description: '? Proper motion in declination direction (pmdec)'
#   meta: !!omap
#   - {ucd: POS_EQ_PMDEC}
#   - {width: 9}
#   - {precision: '3'}
#   - values: {'null': .nan}
# - name: e_pmRA
#   unit: mas / yr
#   datatype: float32
#   format: '{:6.3f}'
#   description: '? Standard error of proper motion in right ascension direction (pmra_error)'
#   meta: !!omap
#   - {ucd: ERROR}
#   - {width: 6}
#   - {precision: '3'}
#   - values: {'null': .nan}
# - name: e_pmDE
[...]
#         unit: &id001 !astropy.units.Unit {unit: deg}
#         value: !astropy.table.SerializedColumn {name: SkyCoord.dec}
#       distance: !astropy.table.SerializedColumn
#         __class__: astropy.coordinates.distances.Distance
#         unit: !astropy.units.Unit {unit: pc}
#         value: !astropy.table.SerializedColumn {name: SkyCoord.distance}
#       frame: icrs
#       obstime: !astropy.time.Time {format: jyear_str, in_subfmt: '*', jd1: 367701545.0, jd2: 0.0, out_subfmt: '*', precision: 3, scale: tt}
#       pm_dec: !astropy.table.SerializedColumn
#         __class__: astropy.units.quantity.Quantity
#         unit: !astropy.units.Unit {unit: mas / yr}
#         value: !astropy.table.SerializedColumn {name: SkyCoord.pm_dec}
#       pm_ra_cosdec: !astropy.table.SerializedColumn
#         __class__: astropy.units.quantity.Quantity
#         unit: !astropy.units.Unit {unit: mas / yr}
#         value: !astropy.table.SerializedColumn {name: SkyCoord.pm_ra_cosdec}
#       ra: !astropy.table.SerializedColumn
#         __class__: astropy.coordinates.angles.Longitude
#         unit: *id001
#         value: !astropy.table.SerializedColumn {name: SkyCoord.ra}
#         wrap_angle: !astropy.coordinates.Angle
#           unit: *id001
#           value: 360.0
#       representation_type: spherical
# schema: astropy-2.0
RA_ICRS_1 DE_ICRS_1 e_RA_ICRS e_DE_ICRS _r_1 HIP TYC2 Source rgeo Plx e_Plx pmRA pmDE e_pmRA e_pmDE RUWE Teff logg Gmag BP-RP BPmag RPmag RV e_RV b_rgeo B_rgeo FG e_FG FBP e_FBP FRP e_FRP RAVE5 RAVE6 e_Gmag e_BPmag e_RPmag e_BP-RP SkyCoord.ra SkyCoord.dec SkyCoord.distance SkyCoord.pm_ra_cosdec SkyCoord.pm_dec
[from data line 817]
79.16572044009 37.80584164193 0.0441 0.0307 22.8046 "" "" 187364069937734784 1402.70325 0.6871 0.0514 1.818 -0.709 0.055 0.042 1.051 5428.2 4.6302 16.181952 1.053887 16.620602 15.566714 "" "" 1315.52246 1531.1814 6341.12478 3.1087 3070.3 15.684 4704.1 13.652 "" "" 0.0028062621123295614 0.006208548 0.0049206023 0.01112915 79.16572044009 37.80584164193 1402.70325 1.8180000000000003 -0.7089999999999999
79.19427804341 37.66369572407 0.0743 0.0551 23.2659 "" "" 187359019056225664 1441.75439 0.6754 0.0836 -2.23 -1.893 0.097 0.078 2.024 5655.0 4.6596 16.183249 1.145769 16.568384 15.422615 "" "" 1284.94714 1604.05457 6333.55697 8.1317 3221.5 23.234 5371.7 50.556 "" "" 0.003087876652158498 0.008312759 0.0108949775 0.019207736 79.19427804341 37.66369572407 1441.75439 -2.2300000000000004 -1.893
79.56427203121 37.36283601894 0.0444 0.0329 27.3043 "" "" 187148801877679104 1237.68018 0.7841 0.0508 1.015 -7.744 0.059 0.043 1.024 5276.6 4.6291 16.185589 1.140138 16.676752 15.536614 "" "" 1185.05591 1296.10474 6319.9127 3.4546 2915.5 13.344 4836.3 16.398 "" "" 0.002818513060552685 0.005699055 0.005275959 0.010975014 79.56427203121 37.36283601894 1237.68018 1.015 -7.744
79.42813563046 38.07397889199 0.0409 0.0299 18.7561 "" "" 187745840992373248 1282.50134 0.7567 0.0453 -0.438 -3.89 0.054 0.04 1.036 5151.2 4.6195 16.189804 1.118616 16.667631 15.549015 "" "" 1223.7467 1343.8562 6295.42757 3.2343 2940.1 13.315 4781.4 12.4 "" "" 0.002811215302113155 0.0056535196 0.004712967 0.010366486 79.42813563046 38.07397889199 1282.50134 -0.43800000000000006 -3.890000000000001
79.5481168481 38.12402944136 0.0413 0.0308 19.2243 "" "" 187747657756852864 1387.90222 0.6995 0.0464 0.661 -0.291 0.056 0.04 0.956 5505.4 4.6011 16.19951 1.075467 16.636164 15.560697 "" "" 1318.47839 1513.8457 6239.39339 4.3283 3026.6 14.714 4730.2 18.583 "" "" 0.0028564087332938865 0.0059704483 0.005698898 0.011669346 79.5481168481 38.12402944136 1387.90222 0.6610000000000001 -0.291
79.40553909674 37.76587417345 0.0459 0.0334 11.7825 "" "" 187177526619825664 1643.30505 0.608 0.0536 0.925 -3.112 0.054 0.04 1.04 5500.0 4.6402 16.203066 1.004778 16.619135 15.614357 "" "" 1505.86011 1812.95374 6218.99554 3.1957 3074.4 13.504 4502.1 11.984 "" "" 0.0028112384172054184 0.005525243 0.004757765 0.010283008 79.40553909674 37.76587417345 1643.30505 0.9250000000000002 -3.112
79.8738108646 37.73962457644 0.1103 0.0932 11.6397 "" "" 187536242289628160 1468.68152 0.703 0.1274 2.46 -3.796 0.135 0.114 3.498 5150.4 4.779 16.211163 1.253632 16.618168 15.364535 "" "" 1225.87952 1788.57507 6172.79599 6.5112 3077.2 19.431 5666.9 44.416 "" "" 0.0029838575226256653 0.0074019087 0.009311285 0.016713195 79.8738108646 37.73962457644 1468.68152 2.46 -3.7959999999999994
79.35576259508 38.07837779762 0.0434 0.0317 21.0397 "" "" 187748692849040640 1342.7002 0.7467 0.0523 -0.482 -5.522 0.055 0.041 0.921 4998.1 4.4788 16.214603 1.191439 16.732964 15.541525 "" "" 1265.47168 1463.55334 6153.26385 2.9671 2768.4 13.413 4814.5 10.717 "" "" 0.0028046184942396033 0.005954594 0.004486067 0.010440661 79.35576259508 38.07837779762 1342.7002 -0.4820000000000001 -5.522
79.82448475419 37.46020685508 0.0461 0.0412 22.8015 "" "" 187109223757525760 1250.72852 0.7816 0.0592 -0.179 -4.04 0.064 0.055 1.024 4983.6 4.7078 16.216476 1.195638 16.733303 15.537665 "" "" 1169.6123 1350.97791 6142.65666 9.2179 2767.5 26.436 4831.6 27.375 "" "" 0.003200999156594634 0.010740044 0.00721982 0.017959863 79.82448475419 37.46020685508 1250.72852 -0.17899999999999983 -4.04
79.21321846869 37.6455544851 0.0425 0.0305 22.8985 "" "" 187171346164367104 1762.65991 0.5385 0.0473 0.536 -2.818 0.055 0.042 1.016 7418.3 4.1799 16.216738 1.143185 16.70438 15.561195 "" "" 1638.71484 1918.66748 6141.1784 3.0677 2842.3 12.149 4728.0 12.028 "" "" 0.0028081917350066903 0.005415005 0.0046811276 0.010096133 79.21321846869 37.6455544851 1762.65991 0.536 -2.818
79.50506691841 38.03568643966 0.0436 0.0341 14.9382 "" "" 187744810198593024 1325.45654 0.7326 0.0499 2.589 -5.829 0.055 0.041 1.066 5305.7 4.6787 16.21801 1.132562 16.701689 15.569127 "" "" 1249.79968 1403.76318 6133.98332 3.0705 2849.3 12.029 4693.6 10.316 "" "" 0.0028084105416223784 0.0053661256 0.004469706 0.009835832 79.50506691841 38.03568643966 1325.45654 2.5890000000000004 -5.829
79.62980079175 37.62443417727 0.0499 0.0401 11.354 "" "" 187161587998787712 1352.21069 0.7159 0.0647 1.086 -3.574 0.058 0.048 1.052 4964.7 4.4443 16.221218 1.356269 16.819307 15.463038 "" "" 1265.49207 1466.12622 6115.89089 10.841 2556.8 22.808 5175.4 27.186 "" "" 0.0033609168525290762 0.010079226 0.0068418775 0.016921103 79.62980079175 37.62443417727 1352.21069 1.0859999999999999 -3.5740000000000007
80.15903922667 37.65327079051 0.0454 0.0338 26.1362 "" "" 187490376335340672 1572.2229 0.6119 0.0529 2.333 -9.357 0.061 0.042 1.039 4906.6 4.3812 16.22692 1.126106 16.708147 15.582041 "" "" 1445.57861 1709.6062 6083.85336 3.4294 2832.4 13.117 4638.1 11.255 "" "" 0.002822473130925638 0.0057503805 0.004607095 0.010357475 80.15903922667 37.65327079051 1572.2229 2.333 -9.357
79.59251534779 37.68659221075 0.0489 0.0363 8.0195 "" "" 187163065467522944 1378.48547 0.6906 0.0588 0.166 -8.732 0.054 0.042 1.005 5120.5 4.5991 16.230495 1.187393 16.74384 15.556446 "" "" 1268.70642 1498.28821 6063.85008 4.8144 2740.8 20.857 4748.8 14.743 "" "" 0.002887017545080365 0.008720663 0.0050641554 0.013784818 79.59251534779 37.68659221075 1378.48547 0.16599999999999993 -8.732
79.52639444829 37.57450249085 0.0512 0.0403 15.4187 "" "" 187160591566438400 1607.25977 0.5935 0.0568 3.975 -2.409 0.062 0.05 1.062 5355.3 4.6403 16.231836 1.08616 16.688377 15.602218 "" "" 1489.49207 1762.61584 6056.37249 3.2404 2884.5 8.1 4552.7 11.484 "" "" 0.0028158920716466387 0.0041328743 0.00466737 0.008800244 79.52639444829 37.57450249085 1607.25977 3.974999999999999 -2.409
79.70439585097 37.73759864847 0.0454 0.0344 5.297 "" "" 187538376889953280 1724.27917 0.5492 0.0543 -0.004 -8.247 0.055 0.041 0.998 5378.3 4.6316 16.232908 1.019236 16.656427 15.637192 "" "" 1556.34546 1930.40332 6050.38723 3.1431 2970.6 11.696 4408.4 5.7197 "" "" 0.0028124571191336834 0.0051048123 0.004033379 0.009138191 79.70439585097 37.73759864847 1724.27917 -0.0039999999999998925 -8.247
79.43465163209 37.86597823652 0.0448 0.0326 10.5354 "" "" 187180588933927808 1503.01184 0.6401 0.0505 -0.797 -4.193 0.053 0.039 1.025 5521.4 4.6485 16.235788 0.97563 16.637613 15.661983 "" "" 1381.24292 1637.42004 6034.36214 2.9306 3022.5 10.538 4308.9 12.291 "" "" 0.0028053206695871596 0.0047026156 0.0048862365 0.0095888525 79.43465163209 37.86597823652 1503.01184 -0.7970000000000002 -4.192999999999999
79.98128499756 37.85956591927 0.0454 0.0355 16.0965 "" "" 187543251673408512 1486.66479 0.6483 0.052 3.287 -3.34 0.06 0.045 0.987 5253.0 4.5754 16.238153 1.163928 16.739342 15.575414 "" "" 1398.10168 1580.41455 6021.23331 3.5534 2752.2 14.94 4666.5 12.618 "" "" 0.0028288406189585953 0.006520878 0.004785659 0.011306537 79.98128499756 37.85956591927 1486.66479 3.286999999999999 -3.3400000000000007
79.64350601418 37.61786855717 0.0501 0.0395 11.7206 "" "" 187161519279309440 1749.97852 0.5536 0.0553 -2.598 -3.863 0.058 0.049 0.955 5474.7 4.6256 16.238688 1.018425 16.65541 15.636986 "" "" 1590.02942 1976.81934 6018.26614 3.1252 2973.4 15.84 4409.2 11.335 "" "" 0.0028124132227463888 0.0064217895 0.0046983343 0.011120124 79.64350601418 37.61786855717 1749.97852 -2.598 -3.863
79.73554511322 37.99360744167 0.0452 0.0335 11.6131 "" "" 187554590387378816 1197.37708 0.8193 0.0513 3.583 -4.803 0.063 0.043 1.043 5156.9 4.6049 16.242937 1.151152 16.739796 15.588644 "" "" 1124.8158 1279.76404 5994.76151 4.8691 2751.1 14.199 4610.0 13.904 "" "" 0.0028930039217197807 0.006259922 0.0050006974 0.011260619 79.73554511322 37.99360744167 1197.37708 3.583 -4.803000000000001
79.41978764149 37.37904131544 0.0506 0.0357 28.1946 "" "" 187151069620452608 1657.03748 0.5961 0.0543 1.618 -5.607 0.068 0.044 0.978 5334.0 4.6025 16.247356 1.131841 16.727715 15.595874 "" "" 1524.00671 1803.39758 5970.4126 3.2127 2781.8 9.2579 4579.4 12.608 "" "" 0.0028165801836195284 0.004565238 0.004818644 0.009383881 79.41978764149 37.37904131544 1657.03748 1.618 -5.606999999999999
79.77943669741 38.26215289136 0.0432 0.0324 27.658 "" "" 187567720105966848 1377.44507 0.7141 0.0481 -0.533 -2.217 0.064 0.043 0.95 5278.0 4.6337 16.247593 1.098289 16.71606 15.617771 "" "" 1294.58252 1463.20496 5969.11506 3.3375 2811.9 17.641 4488.0 13.868 "" "" 0.0028214035661047847 0.0073608854 0.0050536497 0.0124145355 79.77943669741 38.26215289136 1377.44507 -0.5329999999999999 -2.2170000000000005
80.04906979638 37.73760515198 0.044 0.0336 19.6136 "" "" 187494465144205056 1321.59998 0.7424 0.0484 7.292 -3.658 0.058 0.041 0.993 5294.7 4.6071 16.248901 1.132168 16.730692 15.598524 "" "" 1244.72168 1404.60864 5961.92079 2.8666 2774.2 11.951 4568.2 11.82 "" "" 0.00280433894721658 0.0054462585 0.0047091227 0.010155382 80.04906979638 37.73760515198 1321.59998 7.292000000000001 -3.6580000000000004
79.48871645186 37.82449214116 0.0516 0.0395 7.519 "" "" 187179519482812160 1524.4292 0.6332 0.0596 3.333 -1.183 0.062 0.049 1.036 5402.9 4.6633 16.249828 1.048615 16.691975 15.643359 "" "" 1385.94604 1657.15393 5956.82929 3.5987 2874.9 13.776 4383.4 15.943 "" "" 0.002832318522826874 0.0059036114 0.0054660817 0.011369693 79.48871645186 37.82449214116 1524.4292 3.3329999999999993 -1.1830000000000003
80.03874648077 37.97932349582 0.0526 0.039 21.069 "" "" 187545729873758080 1442.57703 0.6932 0.0591 0.786 -6.32 0.07 0.049 1.063 5015.1 4.4632 16.250235 1.116067 16.732122 15.616055 "" "" 1333.35327 1571.10706 5954.60587 4.3938 2770.6 10.271 4495.1 14.218 "" "" 0.0028694292041502507 0.004897496 0.0051065977 0.010004094 80.03874648077 37.97932349582 1442.57703 0.7859999999999999 -6.32
80.2026657069 37.70241588487 0.0472 0.0365 27.1972 "" "" 187492025602749824 1596.24548 0.6108 0.055 2.422 -2.606 0.062 0.044 1.066 5373.3 4.6044 16.25143 1.092489 16.715738 15.623249 "" "" 1473.87891 1744.03833 5948.05108 3.3717 2812.7 16.51 4465.4 17.569 "" "" 0.0028232212382137754 0.0069570784 0.0057036835 0.012660762 80.2026657069 37.70241588487 1596.24548 2.4219999999999997 -2.6059999999999994
79.90309949563 37.79448580587 0.043 0.0346 12.2064 "" "" 187537002500324992 1449.92236 0.6619 0.0493 -1.329 -1.207 0.056 0.044 1.002 5210.5 4.5907 16.253119 1.14459 16.73728 15.59269 "" "" 1351.22034 1566.28833 5938.80911 2.9069 2757.4 22.936 4592.9 15.626 "" "" 0.0028061038596151012 0.0094523225 0.005284754 0.014737077 79.90309949563 37.79448580587 1449.92236 -1.3290000000000002 -1.2070000000000003
79.75406407499 37.60412041596 0.0496 0.0391 13.54 "" "" 187533807044795008 1527.46667 0.6382 0.0597 0.96 -3.571 0.057 0.046 1.006 "" "" 16.25869 1.317208 16.826757 15.509549 "" "" 1408.19421 1645.25 5908.41509 9.4014 2539.3 36.754 4958.4 26.074 "" "" 0.003252141930648576 0.01596079 0.0068469676 0.022807758 79.75406407499 37.60412041596 1527.46667 0.96 -3.571
79.61879055322 38.28501509694 0.0461 0.0337 28.3399 "" "" 187754740162916864 1269.74878 0.7616 0.0499 2.812 -5.794 0.068 0.047 1.039 4876.4 4.3881 16.259466 1.092054 16.72332 15.631266 "" "" 1195.71765 1344.90967 5904.18714 3.4282 2793.1 22.46 4432.5 19.74 "" "" 0.002826520731220098 0.009165677 0.006137082 0.015302759 79.61879055322 38.28501509694 1269.74878 2.8120000000000003 -5.794
79.5530190092 37.4282667999 0.0466 0.0352 23.521 "" "" 187149974407353216 1347.89026 0.7056 0.0506 0.302 -1.932 0.058 0.044 1.033 5317.6 4.6365 16.261602 1.087675 16.72324 15.635565 "" "" 1251.99902 1438.04663 5892.58551 3.013 2793.3 17.265 4415.0 10.496 "" "" 0.0028106922856352815 0.0072677145 0.0045767007 0.011844415 79.5530190092 37.4282667999 1347.89026 0.302 -1.932
79.1733122852 37.75268445601 0.047 0.032 22.7403 "" "" 187360702683385984 1502.27185 0.6383 0.0509 0.689 -3.828 0.057 0.045 0.943 5403.2 4.6101 16.271868 1.099237 16.741245 15.642008 "" "" 1409.04346 1603.06836 5837.12924 3.0507 2747.4 10.9 4388.9 13.446 "" "" 0.002813144907622145 0.0051322426 0.005034681 0.0101669235 79.1733122852 37.75268445601 1502.27185 0.689 -3.8279999999999994
80.2294180901 37.85276920892 0.0467 0.0339 27.7153 "" "" 187519582112856576 1752.24255 0.5453 0.0543 1.303 0.119 0.067 0.042 0.991 5664.7 4.605 16.271973 1.095482 16.73388 15.638397 "" "" 1597.13428 1961.46191 5836.5691 3.0333 2766.1 11.11 4403.5 10.967 "" "" 0.0028125047171548225 0.005177065 0.004647106 0.009824171 80.2294180901 37.85276920892 1752.24255 1.3030000000000004 0.11900000000000004
79.68233907599 38.00741997829 0.0444 0.0346 11.7749 "" "" 187557652702678784 1244.71667 0.7815 0.0512 -2.817 -5.937 0.058 0.043 1.036 5018.6 4.4463 16.272055 1.152746 16.772202 15.619455 "" "" 1178.49146 1332.20825 5836.13357 3.1674 2670.2 12.578 4481.0 11.698 "" "" 0.002817624668521497 0.0058259615 0.004724145 0.010550106 79.68233907599 38.00741997829 1244.71667 -2.8169999999999997 -5.937
79.33473005301 37.86048378813 0.0487 0.0341 15.0531 "" "" 187368051367426432 1316.19019 0.7344 0.0536 4.76 -4.665 0.054 0.042 1.056 5229.0 4.6184 16.272818 1.117861 16.742662 15.624802 "" "" 1237.26624 1409.41431 5832.02735 3.0298 2743.8 9.8669 4459.0 15.654 "" "" 0.002812462165088202 0.004798882 0.0053677135 0.010166596 79.33473005301 37.86048378813 1316.19019 4.76 -4.665
79.64855994628 37.5117400478 0.1614 0.1286 18.0875 "" "" 187156365318604544 1596.18079 0.7834 0.188 5.716 -4.985 0.19 0.162 5.164 "" "" 16.274311 1.240526 16.677029 15.436502 "" "" 1083.72327 2593.77734 5824.01467 14.625 2914.8 14.096 5303.4 16.877 "" "" 0.003876251385877323 0.005945937 0.0051207123 0.011066649 79.64855994628 37.5117400478 1596.18079 5.716000000000001 -4.984999999999999
79.43259180733 38.1571631799 0.0449 0.0343 22.9882 "" "" 187750720070270080 1205.38037 0.8024 0.0526 3.103 -1.74 0.062 0.045 1.037 4984.7 4.6141 16.275309 1.364559 16.88365 15.519091 "" "" 1145.36963 1268.9906 5818.66782 6.1396 2409.7 15.591 4915.0 18.796 "" "" 0.0029839966338044313 0.0075586485 0.0056145824 0.013173231 79.43259180733 38.1571631799 1205.38037 3.1029999999999993 -1.7400000000000002
79.71654179391 37.5650354805 0.0493 0.0391 15.2543 "" "" 187158319525758848 1660.14136 0.5836 0.0607 1.072 -3.88 0.06 0.046 0.977 "" "" 16.276936 1.353885 16.872519 15.518634 "" "" 1509.07788 1844.37781 5809.95068 18.531 2434.5 40.342 4917.1 40.1 "" "" 0.00442538825628801 0.018206753 0.009627268 0.02783402 79.71654179391 37.5650354805 1660.14136 1.0719999999999998 -3.88
79.80731465997 37.38763820694 0.0484 0.037 26.6504 "" "" 187108399124535936 1303.04736 0.737 0.0568 4.817 -6.033 0.062 0.046 1.109 5240.0 4.655 16.28218 1.131856 16.769766 15.63791 "" "" 1217.88269 1393.31201 5781.95607 2.8882 2676.1 10.55 4405.5 12.219 "" "" 0.0028081896406439736 0.005109406 0.0048324014 0.009941807 79.80731465997 37.38763820694 1303.04736 4.817 -6.033000000000001
79.72923979423 38.12824307452 0.0433 0.0329 19.3017 "" "" 187565173187093376 1679.06763 0.5679 0.0486 -1.751 -4.282 0.059 0.041 1.065 4896.4 4.3952 16.285954 1.071151 16.746721 15.67557 "" "" 1557.74829 1876.70935 5761.89442 2.8006 2733.6 9.6012 4255.3 9.3707 "" "" 0.0028054030392459794 0.0047251703 0.0044721644 0.009197335 79.72923979423 38.12824307452 1679.06763 -1.7509999999999994 -4.282
80.15710100538 37.80959376285 0.0458 0.034 24.1945 "" "" 187495839533680640 1315.88049 0.736 0.0512 -3.023 -5.331 0.061 0.043 0.934 5494.3 4.6209 16.286331 1.197979 16.804771 15.606792 "" "" 1231.5166 1394.62769 5759.89508 2.9722 2591.2 9.8418 4533.6 12.548 "" "" 0.002811703743986833 0.004979036 0.0048284796 0.009807516 80.15710100538 37.80959376285 1315.88049 -3.023 -5.331
