Clusters/UBC_63/UBC_63_stars_in_region.tsv
# %ECSV 1.0
# ---
# datatype:
# - name: RA_ICRS_1
#   unit: deg
#   datatype: float64
#   format: '{:15.11f}'
#   description: Right ascension (ICRS) at Ep=2016.0 (ra)
#   meta: !!omap
#   - {ucd: POS_EQ_RA_MAIN}
#   - {width: 15}
#   - {precision: '11'}
# - name: DE_ICRS_1
#   unit: deg
#   datatype: float64
#   format: '{:15.11f}'
#   description: Declination (ICRS) at Ep=2016.0 (dec)
#   meta: !!omap
#   - {ucd: POS_EQ_DEC_MAIN}
#   - {width: 15}
#   - {precision: '11'}
# - name: e_RA_ICRS
#   unit: mas
#   datatype: float64
#   format: '{:7.4f}'
#   description: Standard error of right ascension (ra_error)
#   meta: !!omap
#   - {ucd: ERROR}
#   - {width: 7}
#   - {precision: '4'}
# - name: e_DE_ICRS
#   unit: mas
#   datatype: float64
#   format: '{:7.4f}'
#   description: Standard error of declination (dec_error)
#   meta: !!omap
#   - {ucd: ERROR}
#   - {width: 7}
#   - {precision: '4'}
# - name: _r_1
#   unit: ''
#   datatype: float64
#   format: '{:7.4f}'
#   description: Distance from center (079.64670906000+37.81319502000)[ICRS], at Epoch=J2016.0
#   meta: !!omap
#   - {ucd: POS_ANG_DIST_GENERAL}
#   - {width: 7}
#   - {precision: '4'}
# - name: HIP
#   datatype: int32
#   description: '? HIP cross-id number, van Leeuwen, Cat. I/311 (hip_original_ext_source_id)'
#   meta: !!omap
#   - {ucd: ID_NUMBER}
#   - {width: 6}
#   - values: {'null': -2147483648}
# - name: TYC2
#   datatype: string
#   description: Tycho-2 cross-id name, Hog et al., Cat. I/259 (tyc2_original_ext_source_id)
#   meta: !!omap
#   - {ucd: ID_CROSSID}
#   - {_votable_string_dtype: char}
# - name: Source
#   datatype: int64
#   description: Source identifier, identical to the Gaia-EDR3 source_id (id)
#   meta: !!omap
#   - {ucd: ID_MAIN}
#   - {width: 19}
# - name: rgeo
#   unit: pc
#   datatype: float64
#   format: '{:15.8f}'
#   description: '? Median of the geometric distance posterior (r_med_geo)'
#   meta: !!omap
#   - {ucd: PHYS_DISTANCE_TRUE}
#   - {width: 15}
#   - {precision: '8'}
#   - values: {'null': .nan}
# - name: Plx
#   unit: mas
#   datatype: float64
#   format: '{:9.4f}'
#   description: '? Parallax (parallax)'
#   meta: !!omap
#   - {ucd: POS_PARLX_TRIG}
#   - {width: 9}
#   - {precision: '4'}
#   - values: {'null': .nan}
# - name: e_Plx
#   unit: mas
#   datatype: float32
#   format: '{:7.4f}'
#   description: '? Standard error of parallax (parallax_error)'
#   meta: !!omap
#   - {ucd: ERROR}
#   - {width: 7}
#   - {precision: '4'}
#   - values: {'null': .nan}
# - name: pmRA
#   unit: mas / yr
#   datatype: float64
#   format: '{:9.3f}'
#   description: '? Proper motion in right ascension direction, pmRA*cosDE (pmra)'
#   meta: !!omap
#   - {ucd: POS_EQ_PMRA}
#   - {width: 9}
#   - {precision: '3'}
#   - values: {'null': .nan}
# - name: pmDE
#   unit: mas / yr
#   datatype: float64
#   format: '{:9.3f}'
#   description: '? Proper motion in declination direction (pmdec)'
#   meta: !!omap
#   - {ucd: POS_EQ_PMDEC}
#   - {width: 9}
#   - {precision: '3'}
#   - values: {'null': .nan}
# - name: e_pmRA
#   unit: mas / yr
#   datatype: float32
#   format: '{:6.3f}'
#   description: '? Standard error of proper motion in right ascension direction (pmra_error)'
#   meta: !!omap
#   - {ucd: ERROR}
#   - {width: 6}
#   - {precision: '3'}
#   - values: {'null': .nan}
# - name: e_pmDE
[...]
#         unit: &id001 !astropy.units.Unit {unit: deg}
#         value: !astropy.table.SerializedColumn {name: SkyCoord.dec}
#       distance: !astropy.table.SerializedColumn
#         __class__: astropy.coordinates.distances.Distance
#         unit: !astropy.units.Unit {unit: pc}
#         value: !astropy.table.SerializedColumn {name: SkyCoord.distance}
#       frame: icrs
#       obstime: !astropy.time.Time {format: jyear_str, in_subfmt: '*', jd1: 367701545.0, jd2: 0.0, out_subfmt: '*', precision: 3, scale: tt}
#       pm_dec: !astropy.table.SerializedColumn
#         __class__: astropy.units.quantity.Quantity
#         unit: !astropy.units.Unit {unit: mas / yr}
#         value: !astropy.table.SerializedColumn {name: SkyCoord.pm_dec}
#       pm_ra_cosdec: !astropy.table.SerializedColumn
#         __class__: astropy.units.quantity.Quantity
#         unit: !astropy.units.Unit {unit: mas / yr}
#         value: !astropy.table.SerializedColumn {name: SkyCoord.pm_ra_cosdec}
#       ra: !astropy.table.SerializedColumn
#         __class__: astropy.coordinates.angles.Longitude
#         unit: *id001
#         value: !astropy.table.SerializedColumn {name: SkyCoord.ra}
#         wrap_angle: !astropy.coordinates.Angle
#           unit: *id001
#           value: 360.0
#       representation_type: spherical
# schema: astropy-2.0
RA_ICRS_1 DE_ICRS_1 e_RA_ICRS e_DE_ICRS _r_1 HIP TYC2 Source rgeo Plx e_Plx pmRA pmDE e_pmRA e_pmDE RUWE Teff logg Gmag BP-RP BPmag RPmag RV e_RV b_rgeo B_rgeo FG e_FG FBP e_FBP FRP e_FRP RAVE5 RAVE6 e_Gmag e_BPmag e_RPmag e_BP-RP SkyCoord.ra SkyCoord.dec SkyCoord.distance SkyCoord.pm_ra_cosdec SkyCoord.pm_dec
[from data line 1023]
79.34700779595 37.74406291279 0.0579 0.0409 14.8056 "" "" 187177805795145728 1395.39404 0.7001 0.0641 -2.399 -4.983 0.07 0.052 0.997 5033.9 4.7042 16.724388 1.244528 17.23397 15.989443 "" "" 1285.60547 1506.9928 3847.6173 2.5562 1745.1 14.761 3187.0 17.666 "" "" 0.0028481731354445643 0.009598238 0.0071066706 0.01670491 79.34700779595 37.74406291279 1395.39404 -2.399 -4.983
79.8033062233 37.48324636028 0.0618 0.0424 21.1486 "" "" 187110044093151104 1329.74255 0.7338 0.0729 -2.41 1.454 0.072 0.053 1.004 5005.5 4.7133 16.724873 1.227278 17.260645 16.033367 "" "" 1225.56006 1452.30359 3845.89836 2.6343 1702.8 12.164 3060.6 11.239 "" "" 0.002853920747283125 0.008242595 0.0054936176 0.013736213 79.8033062233 37.48324636028 1329.74255 -2.41 1.454
79.68490401498 37.71026369131 0.0605 0.0455 6.4361 "" "" 187538235154393984 1492.24194 0.6448 0.0718 1.26 -6.771 0.074 0.056 1.055 5070.6 4.6316 16.725456 1.215677 17.251251 16.035574 "" "" 1345.95374 1654.41956 3843.83325 2.6026 1717.6 11.547 3054.4 9.923 "" "" 0.002851703546795426 0.007814245 0.0051696724 0.012983918 79.68490401498 37.71026369131 1492.24194 1.2600000000000002 -6.770999999999999
79.31282963041 37.8048016018 0.0591 0.0425 15.8351 "" "" 187366200241486336 1450.45288 0.6797 0.0668 3.929 -4.411 0.07 0.056 1.076 4996.2 4.5135 16.727 1.229683 17.26359 16.033907 "" "" 1331.22729 1677.48547 3838.3735 2.4176 1698.2 14.673 3059.1 16.151 "" "" 0.0028389155659977057 0.009787254 0.006866087 0.01665334 79.31282963041 37.8048016018 1450.45288 3.929 -4.4110000000000005
79.76148929659 37.72014380781 0.06 0.0471 7.798 "" "" 187537754118076544 1564.36206 0.6315 0.0683 2.167 -1.865 0.077 0.058 0.95 4686.6 4.3848 16.729183 1.154335 17.2143 16.059965 "" "" 1377.38513 1813.50525 3830.65957 2.6996 1777.0 10.763 2986.6 21.026 "" "" 0.002859589761953264 0.007143563 0.008527013 0.015670575 79.76148929659 37.72014380781 1564.36206 2.1670000000000003 -1.8649999999999993
79.91633959632 38.06934339355 0.0588 0.0446 19.9745 "" "" 187561535353075840 1736.82434 0.5712 0.0714 3.603 -6.603 0.084 0.056 0.962 4934.3 4.655 16.72979 1.24725 17.282953 16.035704 "" "" 1541.81055 1966.0957 3828.52217 2.7276 1668.2 8.1658 3054.1 14.436 "" "" 0.0028618401305155277 0.006002549 0.0063734846 0.012376034 79.91633959632 38.06934339355 1736.82434 3.6030000000000006 -6.603
79.9866187776 38.00522604733 0.0657 0.0503 19.7907 "" "" 187548616091785856 1696.0116 0.5873 0.0739 2.566 -2.347 0.093 0.067 1.075 5766.5 4.6217 16.732613 1.422469 17.3803 15.957831 "" "" 1520.25952 1960.59058 3818.57794 2.6733 1525.1 9.7285 3281.1 11.606 "" "" 0.0028582407834284677 0.0074667386 0.0053882413 0.01285498 79.9866187776 38.00522604733 1696.0116 2.5660000000000003 -2.3470000000000004
79.13251476802 37.75243080245 0.06 0.041 24.6543 "" "" 187360560946572288 1490.71033 0.6509 0.0658 -0.101 -10.798 0.074 0.055 0.998 4940.0 4.3998 16.73466 1.220858 17.27033 16.049473 "" "" 1331.7395 1661.11182 3811.38399 2.4212 1687.7 10.861 3015.6 9.038 "" "" 0.002840334816775839 0.007523632 0.004987234 0.012510866 79.13251476802 37.75243080245 1490.71033 -0.1010000000000002 -10.797999999999998
79.30948271861 37.64125007626 0.06 0.0471 19.0405 "" "" 187170727689063168 1488.17908 0.6432 0.0669 1.151 -3.418 0.072 0.056 0.94 4896.1 4.7825 16.734995 1.108429 17.207212 16.098783 "" "" 1368.06201 1665.02051 3810.20695 3.0154 1788.7 11.426 2881.7 11.205 "" "" 0.00288619190626383 0.0074757556 0.005666258 0.013142014 79.30948271861 37.64125007626 1488.17908 1.151 -3.418
79.53554852803 38.1102353384 0.0552 0.0415 18.582 "" "" 187747279799717504 1359.35254 0.735 0.0607 2.243 -5.701 0.077 0.056 1.053 4653.8 4.5601 16.7359 1.167416 17.236446 16.06903 "" "" 1246.6925 1506.98743 3807.02891 3.189 1741.2 14.118 2961.7 12.505 "" "" 0.0029015412001871734 0.009234952 0.0059412913 0.015176243 79.53554852803 38.1102353384 1359.35254 2.243 -5.7010000000000005
79.43491837345 38.02931313967 0.07 0.0512 16.39 "" "" 187745153795986944 1269.69568 0.7645 0.0775 2.126 -4.833 0.089 0.066 1.264 4422.5 4.3945 16.737934 1.486556 17.395824 15.909268 "" "" 1170.27136 1395.03979 3799.91147 6.4026 1503.4 9.5918 3431.2 16.294 "" "" 0.003307335918133022 0.0074678916 0.0063927467 0.013860638 79.43491837345 38.02931313967 1269.69568 2.1260000000000003 -4.833000000000001
79.62141481811 38.00638874062 0.0533 0.0417 11.6533 "" "" 187557407885956352 1695.0072 0.5895 0.0606 -0.082 -0.705 0.07 0.052 0.987 4946.4 4.7016 16.738945 1.191675 17.24199 16.050314 "" "" 1523.2085 1889.70178 3796.37516 2.4364 1732.3 11.794 3013.2 16.595 "" "" 0.0028420608445595334 0.007901063 0.007073866 0.014974929 79.62141481811 38.00638874062 1695.0072 -0.08199999999999999 -0.7049999999999998
79.72197289081 38.01627108461 0.0635 0.0458 12.6947 "" "" 187560538920695680 1688.29077 0.5705 0.0697 2.662 -5.845 0.087 0.058 1.063 4553.1 4.3961 16.739124 1.274622 17.298206 16.023584 "" "" 1530.50208 1904.86182 3795.74448 2.7443 1644.9 10.389 3088.3 7.6751 "" "" 0.0028649579215760234 0.007403295 0.0046437597 0.012047054 79.72197289081 38.01627108461 1688.29077 2.6620000000000004 -5.845000000000001
79.58177390736 37.44376268312 0.0628 0.0469 22.3797 "" "" 187155678123903232 1427.2688 0.6995 0.0664 0.445 -1.986 0.077 0.057 1.006 5098.1 4.7075 16.741253 1.197899 17.260592 16.062693 "" "" 1264.51953 1579.8429 3788.312 2.5977 1702.9 15.761 2979.1 14.32 "" "" 0.0028541333154454523 0.010429076 0.006443683 0.01687276 79.58177390736 37.44376268312 1427.2688 0.445 -1.9859999999999998
79.37825867883 37.69581481787 0.0842 0.0627 14.5526 "" "" 187176701986020608 1757.50391 0.576 0.0981 -1.551 -6.411 0.102 0.074 1.389 4909.7 4.6745 16.74508 1.290575 17.245436 15.954861 "" "" 1513.25696 2068.33643 3774.97881 4.5443 1726.8 11.376 3290.1 15.353 "" "" 0.0030495979705173876 0.0076776687 0.006320854 0.013998523 79.37825867883 37.69581481787 1757.50391 -1.5510000000000006 -6.411
79.2348368039 37.50271181882 0.0685 0.0469 27.0146 "" "" 187168219428196992 1331.11609 0.7414 0.0688 8.725 -11.618 0.089 0.064 0.95 5057.4 4.708 16.747099 1.263311 17.284735 16.021423 "" "" 1219.19775 1483.22571 3767.96473 2.8941 1665.4 20.638 3094.5 15.397 "" "" 0.002878755474553486 0.01374094 0.0065929806 0.02033392 79.2348368039 37.50271181882 1331.11609 8.725 -11.617999999999999
79.85745007883 37.83971513396 0.059 0.046 10.1135 "" "" 187540262376110080 1721.94263 0.5715 0.0658 -0.01 -2.363 0.078 0.059 1.01 "" "" 16.750538 1.437233 17.406189 15.968956 "" "" 1533.86047 1937.53308 3756.05242 2.6694 1489.2 7.0674 3247.7 14.713 "" "" 0.002861327425514381 0.005859598 0.0062030037 0.012062602 79.85745007883 37.83971513396 1721.94263 -0.010000000000000064 -2.3630000000000004
79.50952950885 38.08368064906 0.0563 0.0434 17.4789 "" "" 187747142360732416 1604.69446 0.594 0.0604 1.526 -3.28 0.079 0.06 0.998 5107.8 4.7028 16.75453 1.166828 17.249418 16.08259 "" "" 1453.83496 1752.74829 3742.26992 5.4348 1720.5 18.588 2925.0 17.014 "" "" 0.003174593491003877 0.012057389 0.0073599415 0.01941733 79.50952950885 38.08368064906 1604.69446 1.526 -3.28
79.87499776143 37.72453374689 0.0587 0.0479 12.0638 "" "" 187536143506903424 1622.4314 0.6106 0.0686 1.967 -2.355 0.074 0.06 0.95 5365.3 4.7052 16.755306 1.335842 17.346142 16.0103 "" "" 1462.24805 1801.97778 3739.59402 2.5011 1573.8 15.359 3126.4 12.851 "" "" 0.002849402444578582 0.0109571 0.005848176 0.016805276 79.87499776143 37.72453374689 1622.4314 1.9669999999999999 -2.355
79.69881948689 37.54584435926 0.0597 0.0478 16.2308 "" "" 187157945866533504 1263.09094 0.7947 0.0681 1.024 -4.521 0.075 0.058 0.992 4797.2 4.7324 16.755836 1.288765 17.325428 16.036663 "" "" 1139.82056 1399.66943 3737.76588 2.8916 1604.2 14.312 3051.4 13.726 "" "" 0.0028805026501120875 0.010080327 0.006175473 0.0162558 79.69881948689 37.54584435926 1263.09094 1.024 -4.521
79.50740069355 37.51358112882 0.0723 0.0507 19.1559 "" "" 187160007450927872 1202.74304 0.8228 0.0797 6.844 -0.322 0.088 0.059 1.145 4336.7 4.3759 16.756573 1.418307 17.387928 15.969621 "" "" 1101.16968 1336.03223 3735.23273 3.556 1514.4 9.2516 3245.7 16.047 "" "" 0.002942821182485012 0.0071958196 0.006564967 0.0137607865 79.50740069355 37.51358112882 1202.74304 6.843999999999999 -0.32199999999999984
79.47369845803 38.19411813339 0.0608 0.0451 24.275 "" "" 187751235471288832 1556.46655 0.6248 0.0668 2.027 -1.051 0.084 0.06 1.013 5198.3 4.7397 16.7616 1.165981 17.26128 16.095299 "" "" 1416.05542 1813.96057 3717.97571 2.5756 1701.8 10.338 2890.9 10.31 "" "" 0.002856133297159845 0.0071614655 0.0054108333 0.012572299 79.47369845803 38.19411813339 1556.46655 2.027 -1.0510000000000002
79.55117027913 37.74354410485 0.0643 0.0476 6.1638 "" "" 187175155797857024 1242.60278 0.798 0.0748 -3.022 -11.13 0.069 0.053 0.995 4485.3 4.4488 16.764353 1.354485 17.36677 16.012285 "" "" 1133.25513 1404.73853 3708.56293 2.6489 1544.2 16.846 3120.6 11.287 "" "" 0.002862376000358387 0.012168721 0.005450259 0.01761898 79.55117027913 37.74354410485 1242.60278 -3.022 -11.130000000000003
79.30078331534 37.58380751262 0.0677 0.0525 21.4273 "" "" 187170006134570624 1711.73181 0.5666 0.0758 2.046 -4.015 0.081 0.06 1.075 5159.1 4.7334 16.76754 1.238611 17.309578 16.070967 "" "" 1525.57703 1962.16418 3697.68911 2.9086 1627.7 14.132 2956.5 24.409 "" "" 0.00288464430548195 0.009830831 0.009728053 0.019558884 79.30078331534 37.58380751262 1711.73181 2.0460000000000003 -4.015
79.61989927902 37.37904302149 0.0592 0.0448 26.0803 "" "" 187154544252557184 1392.57495 0.6723 0.0652 1.397 -3.136 0.076 0.06 1.0 4986.2 4.6981 16.768324 1.233446 17.316437 16.08299 "" "" 1296.47021 1540.53455 3695.02087 3.8768 1617.5 16.544 2923.9 13.032 "" "" 0.002981518298350682 0.011450204 0.0061401557 0.017590359 79.61989927902 37.37904302149 1392.57495 1.3970000000000002 -3.136
79.90575606265 38.21498685504 0.0577 0.0421 27.0393 "" "" 187586927199704320 1220.91956 0.7955 0.066 0.135 -7.761 0.088 0.059 1.02 4311.4 4.5035 16.770178 1.48978 17.462233 15.972452 "" "" 1136.29187 1334.96765 3688.7215 2.3748 1414.2 13.456 3237.3 13.601 "" "" 0.0028426020696363987 0.010700854 0.005923803 0.016624656 79.90575606265 38.21498685504 1220.91956 0.135 -7.760999999999999
79.97259032522 37.45930566799 0.063 0.0459 26.2794 "" "" 187481575946234240 1473.07971 0.6673 0.0758 -1.06 -1.145 0.068 0.055 0.975 5610.4 4.6529 16.771105 1.48815 17.45246 15.96431 "" "" 1318.07056 1611.42371 3685.57325 2.5471 1427.0 9.3612 3261.6 14.239 "" "" 0.002855664209746188 0.007649504 0.0060622427 0.013711747 79.97259032522 37.45930566799 1473.07971 -1.06 -1.145
79.13773161668 37.95094967633 0.0614 0.0405 25.4811 "" "" 187371560360665984 1456.08191 0.6739 0.0756 0.549 -9.977 0.079 0.06 0.98 4905.3 4.508 16.776907 1.302912 17.364874 16.061962 "" "" 1318.05847 1633.55164 3665.92587 2.2348 1546.9 10.971 2981.1 10.182 "" "" 0.0028337033430034975 0.008190228 0.005294865 0.013485093 79.13773161668 37.95094967633 1456.08191 0.5490000000000003 -9.977
79.43866842821 37.51169431098 0.0627 0.0482 20.6129 "" "" 187154303734959744 1283.21899 0.7447 0.0683 10.722 -0.375 0.078 0.058 0.967 4733.5 4.4737 16.786581 1.273977 17.343708 16.06973 "" "" 1177.70557 1426.51428 3633.40716 2.5868 1577.4 28.763 2959.8 17.527 "" "" 0.002861695437478243 0.019993434 0.007457931 0.027451364 79.43866842821 37.51169431098 1283.21899 10.722000000000001 -0.3749999999999999
79.44819432828 37.88663441712 0.0625 0.0453 10.3861 "" "" 187180726372875904 1739.11182 0.5758 0.0697 3.627 -2.647 0.077 0.054 1.038 5076.9 4.6665 16.787348 1.28211 17.33757 16.05546 "" "" 1493.89722 1984.58228 3630.8414 2.7043 1586.3 11.505 2999.0 9.1993 "" "" 0.002871539351530652 0.008354253 0.005037421 0.013391674 79.44819432828 37.88663441712 1739.11182 3.627 -2.6470000000000002
79.83626356391 37.43310302505 0.1305 0.1021 24.5201 "" "" 187108914519891712 1366.87891 0.7594 0.1561 1.828 0.387 0.166 0.125 2.263 4915.4 4.7326 16.789688 1.3211 17.343473 16.022373 "" "" 1148.90808 1701.11829 3623.02636 8.2864 1577.7 10.996 3091.8 9.6696 "" "" 0.0037092143011492797 0.008065197 0.0050807563 0.013145953 79.83626356391 37.43310302505 1366.87891 1.8280000000000003 0.3870000000000001
79.61992091131 37.34520327138 0.0627 0.0464 28.1084 "" "" 187101664615227648 1686.81995 0.5743 0.0686 3.934 0.419 0.082 0.06 1.026 5335.5 4.7003 16.789858 1.223688 17.318443 16.094755 "" "" 1513.24866 1970.73059 3622.45774 2.5953 1614.5 14.004 2892.4 12.493 "" "" 0.0028630185739124546 0.009822193 0.0060229367 0.01584513 79.61992091131 37.34520327138 1686.81995 3.934 0.419
79.97612652038 37.93058000974 0.0604 0.0467 17.1183 "" "" 187548100695741440 1698.44922 0.5765 0.0677 1.824 -6.164 0.08 0.06 0.978 4720.0 4.3842 16.789993 1.224728 17.333633 16.108906 "" "" 1523.78918 1963.59229 3622.00508 2.5264 1592.1 11.206 2854.9 10.145 "" "" 0.0028575019742925786 0.008135389 0.0054008784 0.013536267 79.97612652038 37.93058000974 1698.44922 1.8239999999999998 -6.164
79.62630042719 37.69553202022 0.0629 0.0471 7.1259 "" "" 187163134186992000 1420.21533 0.6852 0.0781 3.635 -5.799 0.071 0.06 0.924 4959.4 4.6858 16.79182 1.225403 17.3237 16.098297 "" "" 1275.32727 1607.28857 3615.91871 2.8663 1606.7 10.228 2883.0 17.654 "" "" 0.002886608799775246 0.0074535646 0.00764762 0.015101185 79.62630042719 37.69553202022 1420.21533 3.6349999999999993 -5.799000000000001
79.12439951557 37.93448620508 0.0647 0.042 25.7858 "" "" 187371452981765760 1453.16052 0.6894 0.0769 1.143 -3.671 0.084 0.065 0.999 5159.4 4.718 16.79373 1.219877 17.32188 16.102003 "" "" 1287.16687 1679.24854 3609.56716 3.9158 1609.4 12.575 2873.1 13.766 "" "" 0.0029965176787977834 0.008930429 0.006430077 0.015360506 79.12439951557 37.93448620508 1453.16052 1.143 -3.6709999999999994
80.02405205292 37.53737552865 0.0573 0.0437 24.3924 "" "" 187483328292260864 1356.51001 0.7299 0.068 -2.778 -2.781 0.071 0.054 1.039 4357.0 4.348 16.793999 1.353203 17.403812 16.05061 "" "" 1227.87463 1482.24561 3608.66846 2.7238 1492.4 11.075 3012.4 12.832 "" "" 0.0028746096572107136 0.008526612 0.0059727537 0.014499366 80.02405205292 37.53737552865 1356.51001 -2.778 -2.7810000000000006
79.86594186458 37.56400914555 0.0626 0.0461 18.2179 "" "" 187485870912921600 1202.3446 0.8387 0.074 0.197 -3.026 0.073 0.056 0.968 4788.3 4.6899 16.795311 1.239037 17.329718 16.090681 "" "" 1086.69873 1295.81909 3604.30957 2.5343 1597.8 24.33 2903.3 12.04 "" "" 0.002859124110865376 0.016766498 0.005878496 0.022644993 79.86594186458 37.56400914555 1202.3446 0.19700000000000006 -3.026
79.82302147069 37.49554884469 0.0639 0.0489 20.8178 "" "" 187110151470446080 1587.31934 0.601 0.0788 1.056 -0.215 0.08 0.061 0.977 5431.4 4.6838 16.79952 1.322542 17.382206 16.059664 "" "" 1412.9314 1863.67517 3590.36572 2.7011 1522.4 13.118 2987.4 17.894 "" "" 0.0028738448277436544 0.009762627 0.0075218035 0.01728443 79.82302147069 37.49554884469 1587.31934 1.0559999999999998 -0.21500000000000002
79.67007019221 37.39539001857 0.062 0.0465 25.0929 "" "" 187107711929132672 1294.83875 0.7465 0.0707 -2.357 -8.339 0.075 0.058 0.98 4887.3 4.7189 16.807774 1.256689 17.380678 16.12399 "" "" 1210.87048 1417.21704 3563.17781 2.5354 1524.6 15.425 2815.5 15.499 "" "" 0.002861580210120618 0.011333653 0.007071526 0.018405179 79.67007019221 37.39539001857 1294.83875 -2.357 -8.339
79.39702092043 37.75120617901 0.4025 0.2989 12.4108 "" "" 187177496558907264 1343.13989 1.3452 0.4541 0.115 -0.476 0.479 0.35 6.476 "" "" 16.815252 1.449897 17.183418 15.733521 "" "" 819.816345 1968.13525 3538.71388 8.7207 1828.3 11.273 4034.1 12.324 "" "" 0.00384069301632038 0.0072526555 0.005028459 0.012281114 79.39702092043 37.75120617901 1343.13989 0.11499999999999999 -0.4759999999999999
