Clusters/UBC_63/UBC_63_members.tsv
# %ECSV 1.0
# ---
# datatype:
# - name: RA_ICRS_1
#   unit: deg
#   datatype: float64
#   format: '{:15.11f}'
#   description: Right ascension (ICRS) at Ep=2016.0 (ra)
#   meta: !!omap
#   - {ucd: POS_EQ_RA_MAIN}
#   - {width: 15}
#   - {precision: '11'}
# - name: DE_ICRS_1
#   unit: deg
#   datatype: float64
#   format: '{:15.11f}'
#   description: Declination (ICRS) at Ep=2016.0 (dec)
#   meta: !!omap
#   - {ucd: POS_EQ_DEC_MAIN}
#   - {width: 15}
#   - {precision: '11'}
# - name: e_RA_ICRS
#   unit: mas
#   datatype: float64
#   format: '{:7.4f}'
#   description: Standard error of right ascension (ra_error)
#   meta: !!omap
#   - {ucd: ERROR}
#   - {width: 7}
#   - {precision: '4'}
# - name: e_DE_ICRS
#   unit: mas
#   datatype: float64
#   format: '{:7.4f}'
#   description: Standard error of declination (dec_error)
#   meta: !!omap
#   - {ucd: ERROR}
#   - {width: 7}
#   - {precision: '4'}
# - name: _r_1
#   unit: ''
#   datatype: float64
#   format: '{:7.4f}'
#   description: Distance from center (079.64670906000+37.81319502000)[ICRS], at Epoch=J2016.0
#   meta: !!omap
#   - {ucd: POS_ANG_DIST_GENERAL}
#   - {width: 7}
#   - {precision: '4'}
# - name: HIP
#   datatype: int32
#   description: '? HIP cross-id number, van Leeuwen, Cat. I/311 (hip_original_ext_source_id)'
#   meta: !!omap
#   - {ucd: ID_NUMBER}
#   - {width: 6}
#   - values: {'null': -2147483648}
# - name: TYC2
#   datatype: string
#   description: Tycho-2 cross-id name, Hog et al., Cat. I/259 (tyc2_original_ext_source_id)
#   meta: !!omap
#   - {ucd: ID_CROSSID}
#   - {_votable_string_dtype: char}
# - name: Source
#   datatype: int64
#   description: Source identifier, identical to the Gaia-EDR3 source_id (id)
#   meta: !!omap
#   - {ucd: ID_MAIN}
#   - {width: 19}
# - name: rgeo
#   unit: pc
#   datatype: float64
#   format: '{:15.8f}'
#   description: '? Median of the geometric distance posterior (r_med_geo)'
#   meta: !!omap
#   - {ucd: PHYS_DISTANCE_TRUE}
#   - {width: 15}
#   - {precision: '8'}
#   - values: {'null': .nan}
# - name: Plx
#   unit: mas
#   datatype: float64
#   format: '{:9.4f}'
#   description: '? Parallax (parallax)'
#   meta: !!omap
#   - {ucd: POS_PARLX_TRIG}
#   - {width: 9}
#   - {precision: '4'}
#   - values: {'null': .nan}
# - name: e_Plx
#   unit: mas
#   datatype: float32
#   format: '{:7.4f}'
#   description: '? Standard error of parallax (parallax_error)'
#   meta: !!omap
#   - {ucd: ERROR}
#   - {width: 7}
#   - {precision: '4'}
#   - values: {'null': .nan}
# - name: pmRA
#   unit: mas / yr
#   datatype: float64
#   format: '{:9.3f}'
#   description: '? Proper motion in right ascension direction, pmRA*cosDE (pmra)'
#   meta: !!omap
#   - {ucd: POS_EQ_PMRA}
#   - {width: 9}
#   - {precision: '3'}
#   - values: {'null': .nan}
# - name: pmDE
#   unit: mas / yr
#   datatype: float64
#   format: '{:9.3f}'
#   description: '? Proper motion in declination direction (pmdec)'
#   meta: !!omap
#   - {ucd: POS_EQ_PMDEC}
#   - {width: 9}
#   - {precision: '3'}
#   - values: {'null': .nan}
# - name: e_pmRA
#   unit: mas / yr
#   datatype: float32
#   format: '{:6.3f}'
#   description: '? Standard error of proper motion in right ascension direction (pmra_error)'
#   meta: !!omap
#   - {ucd: ERROR}
#   - {width: 6}
#   - {precision: '3'}
#   - values: {'null': .nan}
# - name: e_pmDE
[...]
#       distance: !astropy.table.SerializedColumn
#         __class__: astropy.coordinates.distances.Distance
#         unit: !astropy.units.Unit {unit: pc}
#         value: !astropy.table.SerializedColumn {name: SkyCoord.distance}
#       frame: icrs
#       obstime: !astropy.time.Time {format: jyear_str, in_subfmt: '*', jd1: 367701545.0, jd2: 0.0, out_subfmt: '*', precision: 3, scale: tt}
#       pm_dec: !astropy.table.SerializedColumn
#         __class__: astropy.units.quantity.Quantity
#         unit: !astropy.units.Unit {unit: mas / yr}
#         value: !astropy.table.SerializedColumn {name: SkyCoord.pm_dec}
#       pm_ra_cosdec: !astropy.table.SerializedColumn
#         __class__: astropy.units.quantity.Quantity
#         unit: !astropy.units.Unit {unit: mas / yr}
#         value: !astropy.table.SerializedColumn {name: SkyCoord.pm_ra_cosdec}
#       ra: !astropy.table.SerializedColumn
#         __class__: astropy.coordinates.angles.Longitude
#         unit: *id001
#         value: !astropy.table.SerializedColumn {name: SkyCoord.ra}
#         wrap_angle: !astropy.coordinates.Angle
#           unit: *id001
#           value: 360.0
#       representation_type: spherical
# schema: astropy-2.0
RA_ICRS_1 DE_ICRS_1 e_RA_ICRS e_DE_ICRS _r_1 HIP TYC2 Source rgeo Plx e_Plx pmRA pmDE e_pmRA e_pmDE RUWE Teff logg Gmag BP-RP BPmag RPmag RV e_RV b_rgeo B_rgeo FG e_FG FBP e_FBP FRP e_FRP RAVE5 RAVE6 e_Gmag e_BPmag e_RPmag e_BP-RP SkyCoord.ra SkyCoord.dec SkyCoord.distance SkyCoord.pm_ra_cosdec SkyCoord.pm_dec rmRA rmDE e_rmRA e_rmDE rRV e_rRV v_pec v_pec3d e_vpec e_vpec3d Pmemb
79.76812779291 37.76034332014 0.0304 0.0224 6.5729 "" 2896-1014-1 187538102012010240 1278.13635 0.759 0.0362 1.003 -3.528 0.037 0.029 1.121 18171.3 3.9656 9.816407 -0.047621 9.783551 9.831172 "" "" 1224.15796 1357.85718 2230405.85328 811.07 1667200.0 978.21 926170.0 254.1 "" "" 0.002783464020120539 0.0028619699 0.0037911024 0.0066530723 79.76812779291 37.76034332014 1278.13635 1.0030000000000001 -3.5280000000000005 -0.0868420810699464 0.06607901763916013 0.15396369 0.14596367 "" "" 0.6611113941098682 "" 0.09988032822838437 "" 0.93
79.66718401904 37.75241010862 0.0231 0.0166 3.7741 "" 2896-678-1 187538686127604608 1276.49292 0.7246 0.0277 0.932 -3.542 0.03 0.022 1.095 13494.8 4.1173 11.47176 0.138329 11.513534 11.375205 "" "" 1237.58154 1324.35388 485559.81396 204.23 338850.0 187.64 223400.0 133.53 "" "" 0.002792908080315593 0.0028542124 0.0038346944 0.006688907 79.66718401904 37.75241010862 1276.49292 0.9319999999999999 -3.542 -0.15784208106994624 0.05207901763916034 0.14696367 0.13896367 "" "" 1.0056769132350016 "" 0.14702760031968762 "" 0.97
79.56932514496 37.7704680147 0.0209 0.0152 4.476 "" 2896-794-1 187176053448462848 1422.36853 0.6633 0.0239 1.218 -3.622 0.023 0.018 1.014 "" "" 12.090725 0.191096 12.150502 11.959406 -34.29 30.03 1372.57703 1475.1759 274572.39316 83.095 188460.0 106.95 130440.0 59.245 "" "" 0.0027748432058051463 0.0028573917 0.0038114183 0.00666881 79.56932514496 37.7704680147 1422.36853 1.218 -3.622 0.12815791893005368 -0.02792098236083973 0.13996367 0.13496368 -7.550000000000001 31.552895 0.8843121980401529 7.601612201605829 0.12357464628801891 31.338665130224094 0.84
79.76326753733 37.84137519759 0.0269 0.0195 5.7769 "" 2896-1114-1 187540812131739392 1329.24805 0.7257 0.0322 1.059 -3.484 0.034 0.025 1.792 9869.1 4.1971 12.320106 0.281799 12.420859 12.13906 "" "" 1266.04944 1385.91235 222282.10518 63.811 146920.0 88.126 110540.0 60.539 "" "" 0.0027728932016278535 0.0028651655 0.0038258727 0.006691038 79.76326753733 37.84137519759 1329.24805 1.0590000000000002 -3.484 -0.030842081069946348 0.11007901763916017 0.15096368 0.14196368 "" "" 0.7202766010999749 "" 0.10273876224751209 "" 0.96
79.67431165906 37.80837551613 0.0179 0.0127 1.34 "" "" 187550948254558592 1367.00269 0.696 0.0221 1.043 -3.56 0.021 0.018 0.94 "" "" 12.584289 0.214119 12.656595 12.442476 "" "" 1320.50427 1415.88977 174273.41162 56.666 118240.0 63.551 83593.0 67.456 "" "" 0.002777844839215788 0.0028505414 0.0038796074 0.0067301486 79.67431165906 37.80837551613 1367.00269 1.0430000000000013 -3.5599999999999996 -0.04684208106994636 0.0340790176391601 0.13796368 0.13496368 "" "" 0.3753446373509293 "" 0.051396992139966 "" 0.97
79.62270244068 38.00830557566 0.0187 0.0148 11.7617 "" "" 187557412184516992 1456.06287 0.6415 0.0216 1.195 -3.516 0.024 0.019 1.357 10535.7 4.3595 13.168625 0.255905 13.245702 12.989797 "" "" 1413.44556 1498.63892 101741.14654 60.467 68728.0 54.879 50494.0 74.498 "" "" 0.0028298713085482146 0.0029217564 0.004104843 0.0070265993 79.62270244068 38.00830557566 1456.06287 1.195 -3.516 0.10515791893005377 0.07807901763916014 0.14096367 0.13596368 "" "" 0.9039569868614482 "" 0.12583746482622993 "" 0.98
79.77816860997 37.99820302159 0.0193 0.014 12.726 "" "" 187560332762262016 1718.14185 0.5387 0.021 1.061 -3.819 0.025 0.018 1.334 9481.6 4.1896 13.37067 0.295902 13.471429 13.175527 "" "" 1665.5697 1778.39319 84465.39358 52.016 55827.0 34.164 42555.0 25.694 "" "" 0.0028352863049605354 0.00286819 0.0038358145 0.0067040045 79.77816860997 37.99820302159 1718.14185 1.061 -3.818999999999999 -0.028842081069946346 -0.2249209823608398 0.14196368 0.13496368 "" "" 1.8467535517600202 "" 0.2494591100139843 "" 0.98
79.43546422959 37.79481691957 0.016 0.0116 10.0749 "" "" 187179042745712512 1599.83972 0.5852 0.0184 1.015 -3.669 0.018 0.013 0.966 9285.4 4.2569 13.672983 0.363868 13.806131 13.442264 "" "" 1556.06116 1649.21594 63937.18263 29.219 41017.0 36.246 33285.0 25.646 "" "" 0.0027996393488270393 0.0029505228 0.0038708595 0.0068213823 79.43546422959 37.79481691957 1599.83972 1.0149999999999988 -3.6689999999999943 -0.07484208106994639 -0.07492098236083988 0.13496368 0.12996368 "" "" 0.8030537125468931 "" 0.10639227733924073 "" 0.97
79.50132333801 37.69562884196 0.018 0.0131 9.8654 "" "" 187175361956226688 1453.91748 0.6514 0.0203 1.003 -3.644 0.02 0.015 1.027 8540.2 4.1116 13.869059 0.516604 14.061856 13.545252 "" "" 1410.62732 1487.89795 53373.1849 20.669 32410.0 36.136 30273.0 37.481 "" "" 0.0027872159495957627 0.0030414632 0.004011326 0.0070527894 79.50132333801 37.69562884196 1453.91748 1.003 -3.644 -0.0868420810699464 -0.04992098236083997 0.13696368 0.13196367 "" "" 0.6903154706232314 "" 0.09370272986618194 "" 0.98
79.54524601412 37.9158769031 0.0176 0.013 7.8138 "" "" 187555213161283072 1463.61096 0.6389 0.0203 1.277 -3.761 0.021 0.017 0.989 8278.2 4.1541 13.937853 0.474578 14.114497 13.639919 "" "" 1417.4801 1524.42517 50096.30014 25.919 30876.0 29.927 27745.0 23.451 "" "" 0.0028119999052402867 0.002982033 0.003889203 0.006871236 79.54524601412 37.9158769031 1463.61096 1.2770000000000004 -3.761000000000003 0.18715791893005362 -0.16692098236083996 0.13796368 0.13396367 "" "" 1.7397915304650626 "" 0.23697012056611325 "" 0.97
79.67996537241 37.84154887244 0.0189 0.0147 2.3191 "" "" 187551257492389248 1398.7417 0.6728 0.0231 1.134 -3.517 0.023 0.018 1.075 8031.7 4.2962 14.089118 0.573181 14.301699 13.728518 "" "" 1351.0896 1440.22925 43581.24433 30.634 25986.0 42.522 25571.0 29.447 "" "" 0.0028590622337887435 0.0033077917 0.0039808294 0.007288621 79.67996537241 37.84154887244 1398.7417 1.1340000000000001 -3.517000000000004 0.04415791893005361 0.07707901763916025 0.13996367 0.13496368 "" "" 0.5889583028396796 "" 0.08022570248409228 "" 0.98
79.63132493929 37.74656552111 0.0189 0.0144 4.0638 "" "" 187550295422629504 1468.08582 0.6399 0.0242 1.039 -3.551 0.024 0.017 1.047 9106.8 4.3975 14.132943 0.528913 14.33129 13.802378 "" "" 1405.59155 1529.63281 41857.12719 23.051 25287.0 27.123 23889.0 20.315 "" "" 0.002819450365333295 0.0030234526 0.0038905283 0.006913981 79.63132493929 37.74656552111 1468.08582 1.039 -3.551 -0.050842081069946365 0.04307901763916 0.14096367 0.13396367 "" "" 0.46372064407670366 "" 0.0640312434172803 "" 0.98
79.61357586271 37.96385521414 0.0174 0.0138 9.1748 "" "" 187557206026094592 1450.5387 0.6496 0.0207 0.92 -3.549 0.023 0.017 0.933 10339.8 4.463 14.184888 0.548872 14.38656 13.837687 "" "" 1414.93774 1496.72559 39901.71575 23.246 24032.0 55.929 23125.0 46.744 "" "" 0.0028269919204612737 0.0037642773 0.0043703876 0.008134665 79.61357586271 37.96385521414 1450.5387 0.92 -3.5490000000000004 -0.16984208106994625 0.045079017639160224 0.13996367 0.13396367 "" "" 1.2081904822847862 "" 0.16863528766161426 "" 0.98
79.66911868425 37.85912742902 0.0248 0.0183 2.9535 "" "" 187551364870581632 1446.77576 0.6599 0.0288 1.159 -3.601 0.029 0.022 1.244 7109.9 4.0912 14.387024 0.777789 14.690972 13.913183 "" "" 1382.04773 1498.61218 33123.55946 17.939 18156.0 27.483 21572.0 28.044 "" "" 0.0028173651600570766 0.0032382284 0.004034352 0.0072725806 79.66911868425 37.85912742902 1446.77576 1.1590000000000003 -3.6010000000000026 0.06915791893005374 -0.0069209823608398224 0.14596367 0.13896367 "" "" 0.4766344148966014 "" 0.0695390104986969 "" 0.98
79.44500902935 37.8789037578 0.0205 0.0147 10.3378 "" "" 187180623293662592 1377.17285 0.689 0.0235 1.033 -3.531 0.024 0.018 0.956 "" "" 14.397813 0.780829 14.702973 13.922144 -19.41 7.72 1335.75085 1419.72571 32796.05748 10.31 17957.0 24.917 21394.0 13.314 "" "" 0.002776380473766004 0.0031709257 0.0038393058 0.0070102317 79.44500902935 37.8789037578 1377.17285 1.033 -3.531 -0.05684208106994637 0.06307901763916002 0.14096367 0.13496368 7.329999999999998 9.242895 0.5542860695470739 7.350927359652925 0.07631676678897599 9.216583318968452 0.98
79.71336595379 37.65266116908 0.0222 0.0165 10.1381 "" "" 187537105579670272 1480.74146 0.6413 0.0255 1.073 -3.554 0.026 0.02 1.037 7449.9 4.1634 14.442286 0.639666 14.682945 14.04328 "" "" 1424.53552 1532.78125 31479.80904 18.75 18291.0 35.278 19136.0 30.136 "" "" 0.002830192971634804 0.003488577 0.0041481713 0.0076367483 79.71336595379 37.65266116908 1480.74146 1.073 -3.5539999999999994 -0.016842081069946335 0.04007901763916033 0.14296368 0.13696368 "" "" 0.3051311651029028 "" 0.042071740019135904 "" 0.98
79.63148044172 37.90459261176 0.0217 0.0175 5.5311 "" "" 187552464382206208 1572.1322 0.5991 0.0239 1.184 -3.615 0.029 0.02 0.968 6446.6 4.1617 14.475338 0.906217 14.839602 13.933385 "" "" 1518.54309 1635.5929 30535.94551 8.3483 15833.0 22.825 21174.0 16.838 "" "" 0.002771263021792299 0.0031992064 0.0038767494 0.007075956 79.63148044172 37.90459261176 1572.1322 1.1840000000000002 -3.6150000000000007 0.09415791893005365 -0.020920982360840057 0.14596367 0.13696368 "" "" 0.7187672481400985 "" 0.1046185358038131 "" 0.8
79.62599265952 37.9942609158 0.0202 0.0155 10.9081 "" "" 187557377824780416 1457.30664 0.6454 0.0229 1.073 -3.703 0.025 0.019 0.987 7035.9 4.1344 14.566271 0.755053 14.860457 14.105405 -26.52 20.12 1416.16711 1505.12317 28082.67595 8.8053 15532.0 20.314 18072.0 23.844 "" "" 0.002776271442748029 0.0031307323 0.004041758 0.0071724905 79.62599265952 37.9942609158 1457.30664 1.073 -3.703 -0.016842081069946335 -0.10892098236083969 0.14196368 0.13596368 0.21999999999999886 21.642895 0.7613276394954998 0.7924769868329232 0.10362186939130014 6.009121308175848 0.96
79.75780865064 37.66347577445 0.0247 0.0192 10.4157 "" "" 187534288081108608 1659.48047 0.5626 0.0296 1.136 -3.833 0.032 0.024 1.082 6027.5 4.084 14.703567 1.03694 15.130161 14.093222 "" "" 1578.59082 1743.22644 24746.86298 50.32 12116.0 105.91 18276.0 94.161 "" "" 0.0035306988838820696 0.009892422 0.006750954 0.016643375 79.75780865064 37.66347577445 1659.48047 1.136 -3.833 0.04615791893005361 -0.23892098236084003 0.14896367 0.14096367 "" "" 1.914088060742175 "" 0.2703828870041103 "" 0.93
79.81447001382 37.67958005783 0.0247 0.0198 11.2969 "" "" 187534558662340096 1556.2395 0.6063 0.0282 1.142 -3.512 0.031 0.024 1.044 6877.6 4.1959 14.72148 0.759398 15.016484 14.257086 "" "" 1494.68311 1618.31152 24341.90596 10.558 13453.0 18.735 15715.0 33.381 "" "" 0.00279527446814804 0.0031735257 0.004427481 0.007601007 79.81447001382 37.67958005783 1556.2395 1.142 -3.511999999999995 0.052157918930053615 0.08207901763916015 0.14796367 0.14096367 "" "" 0.7173662955964615 "" 0.10259223883765176 "" 0.82
79.55477098509 37.74663271349 0.0274 0.0197 5.9126 "" "" 187175194455009024 1364.73657 0.6964 0.0293 1.008 -3.554 0.029 0.022 0.956 6636.3 4.2527 14.82255 0.807102 15.139173 14.33207 "" "" 1308.26294 1405.99902 22178.22851 7.4638 12016.0 30.782 14667.0 18.055 "" "" 0.0027794423446467907 0.0039396896 0.004008747 0.007948437 79.55477098509 37.74663271349 1364.73657 1.0080000000000005 -3.5539999999999954 -0.08184208106994628 0.04007901763916033 0.14596367 0.13896367 "" "" 0.5894985075136876 "" 0.08526275989462681 "" 0.98
79.67143009364 37.63011356316 0.028 0.0209 11.0474 "" "" 187161725437726720 1518.8501 0.6196 0.0307 1.061 -3.612 0.032 0.026 0.992 6666.3 4.3037 14.976138 0.870657 15.322906 14.452249 "" "" 1449.61047 1586.27515 19252.70198 6.6319 10145.0 15.908 13130.0 12.827 "" "" 0.0027805871207522777 0.003268572 0.003925401 0.007193973 79.67143009364 37.63011356316 1518.8501 1.0609999999999995 -3.612000000000001 -0.028842081069946346 -0.017920982360839943 0.14896367 0.14296368 "" "" 0.24446294610659358 "" 0.036013549040790384 "" 0.96
79.73480457592 37.84336618467 0.0261 0.0193 4.5505 "" "" 187540782071575936 1566.19714 0.6012 0.0307 1.148 -3.74 0.033 0.024 1.014 6441.1 4.2968 15.034424 0.846264 15.369563 14.523299 "" "" 1496.9187 1638.70703 18246.40517 6.1093 9718.3 24.421 12298.0 16.44 "" "" 0.0027791981518543864 0.0039024162 0.004048498 0.007950914 79.73480457592 37.84336618467 1566.19714 1.1479999999999988 -3.74 0.05815791893005362 -0.14592098236084006 0.14996368 0.14096367 "" "" 1.166153669793793 "" 0.16586323425852303 "" 0.96
79.74639600467 37.85828602269 0.0275 0.0207 5.4437 "" "" 187540885150782720 1457.65784 0.6446 0.0313 1.144 -3.493 0.036 0.026 0.981 6102.7 3.9319 15.179508 0.885433 15.535742 14.650309 "" "" 1399.81335 1509.13318 15964.06117 5.4249 8339.1 18.099 10940.0 24.224 "" "" 0.0027799130817497656 0.003652115 0.004479222 0.008131336 79.74639600467 37.85828602269 1457.65784 1.1439999999999997 -3.493 0.05415791893005362 0.10107901763916027 0.15296367 0.14296368 "" "" 0.7923144989412433 "" 0.11508670123079501 "" 0.97
79.66045753776 37.98016181029 0.0296 0.0235 10.0391 "" "" 187557133007984512 1388.84448 0.6817 0.0335 1.143 -3.574 0.039 0.029 1.034 5105.8 4.2552 15.486402 1.229443 16.000952 14.771509 "" "" 1320.47729 1463.75769 12033.34306 14.967 5433.0 27.69 9784.9 38.605 "" "" 0.0030684615786686045 0.0061972374 0.005712545 0.011909783 79.66045753776 37.98016181029 1388.84448 1.143 -3.574 0.05315791893005373 0.020079017639160313 0.15596367 0.14596367 "" "" 0.3740773051012344 "" 0.057888603244435136 "" 0.97
79.63139566321 37.75573750786 0.0335 0.025 3.5231 "" "" 187550334078924544 1463.66296 0.6539 0.0399 1.325 -3.557 0.041 0.031 1.042 6593.9 4.2817 15.52846 1.045403 15.958608 14.913204 "" "" 1383.13428 1569.87 11576.10231 5.4675 5649.0 19.415 8587.7 17.499 "" "" 0.0028026338599594467 0.004659353 0.004379312 0.009038664 79.63139566321 37.75573750786 1463.66296 1.3249999999999986 -3.5569999999999995 0.23515791893005367 0.03707901763916022 0.15796368 0.14796367 "" "" 1.6516261172209625 "" 0.26050866270996265 "" 0.93
79.57513082563 37.94874378607 0.0322 0.0244 8.8111 "" "" 187555728557350656 1489.49243 0.6412 0.0374 1.391 -3.336 0.039 0.03 0.919 5876.3 4.4213 15.537986 0.921571 15.911519 14.989948 "" "" 1389.23779 1591.88733 11474.99038 10.685 5899.4 39.89 8001.6 25.306 "" "" 0.0029349426866975394 0.007853763 0.0051063187 0.012960082 79.57513082563 37.94874378607 1489.49243 1.3910000000000005 -3.3359999999999994 0.3011579189300537 0.2580790176391603 0.15596367 0.14696367 "" "" 2.8001558666055617 "" 0.4262336708201791 "" 0.84
79.4846115551 37.83311748442 0.0365 0.0269 7.775 "" "" 187179523782037632 1463.37476 0.6469 0.0413 0.782 -3.446 0.043 0.032 0.992 5738.4 4.4735 15.837633 1.19058 16.344452 15.153872 "" "" 1372.13416 1559.5282 8707.50154 15.493 3959.5 26.582 6880.3 43.698 "" "" 0.0033650722136571876 0.007804836 0.007863487 0.015668323 79.4846115551 37.83311748442 1463.37476 0.7819999999999994 -3.4459999999999953 -0.30784208106994626 0.14807901763915998 0.15996368 0.14896367 "" "" 2.3695093679410104 "" 0.3742762929372913 "" 0.95
79.50040421423 37.92638649849 0.0383 0.0281 9.7028 "" "" 187556209593698816 1378.04712 0.6771 0.0439 1.089 -3.8 0.048 0.035 1.055 5439.9 4.5178 15.897393 1.254754 16.4455 15.190745 "" "" 1314.5437 1462.27527 8241.17749 9.3236 3607.6 17.174 6650.6 21.882 "" "" 0.0030167215744492356 0.005873672 0.0052005 0.011074172 79.50040421423 37.92638649849 1378.04712 1.0890000000000004 -3.8 -0.000842081069946321 -0.20592098236083967 0.16496368 0.15196368 "" "" 1.3450754376210776 "" 0.20440291961519444 "" 0.87
79.6384603269 37.76107789821 0.0405 0.0322 3.1514 "" "" 187550334078918528 1440.78406 0.6432 0.0488 0.952 -3.584 0.049 0.037 1.008 5593.0 4.611 15.909268 1.104785 16.380638 15.275853 "" "" 1367.82703 1562.80554 8151.5336 7.1757 3829.7 25.335 6149.2 22.537 "" "" 0.0029163793070489555 0.007705485 0.005488005 0.01319349 79.6384603269 37.76107789821 1440.78406 0.9520000000000001 -3.5840000000000005 -0.13784208106994633 0.010079017639160082 0.16596368 0.15396369 "" "" 0.9438803646313784 "" 0.15659178944164598 "" 0.95
