Clusters/Berkeley_11/Berkeley_11_stars_in_region.tsv
# %ECSV 1.0
# ---
# datatype:
# - name: RA_ICRS_1
#   unit: deg
#   datatype: float64
#   format: '{:15.11f}'
#   description: Right ascension (ICRS) at Ep=2016.0 (ra)
#   meta: !!omap
#   - {ucd: POS_EQ_RA_MAIN}
#   - {width: 15}
#   - {precision: '11'}
# - name: DE_ICRS_1
#   unit: deg
#   datatype: float64
#   format: '{:15.11f}'
#   description: Declination (ICRS) at Ep=2016.0 (dec)
#   meta: !!omap
#   - {ucd: POS_EQ_DEC_MAIN}
#   - {width: 15}
#   - {precision: '11'}
# - name: e_RA_ICRS
#   unit: mas
#   datatype: float64
#   format: '{:7.4f}'
#   description: Standard error of right ascension (ra_error)
#   meta: !!omap
#   - {ucd: ERROR}
#   - {width: 7}
#   - {precision: '4'}
# - name: e_DE_ICRS
#   unit: mas
#   datatype: float64
#   format: '{:7.4f}'
#   description: Standard error of declination (dec_error)
#   meta: !!omap
#   - {ucd: ERROR}
#   - {width: 7}
#   - {precision: '4'}
# - name: _r_1
#   unit: ''
#   datatype: float64
#   format: '{:7.4f}'
#   description: Distance from center (065.13221097000+44.91839605000)[ICRS], at Epoch=J2016.0
#   meta: !!omap
#   - {ucd: POS_ANG_DIST_GENERAL}
#   - {width: 7}
#   - {precision: '4'}
# - name: HIP
#   datatype: int32
#   description: '? HIP cross-id number, van Leeuwen, Cat. I/311 (hip_original_ext_source_id)'
#   meta: !!omap
#   - {ucd: ID_NUMBER}
#   - {width: 6}
#   - values: {'null': -2147483648}
# - name: TYC2
#   datatype: string
#   description: Tycho-2 cross-id name, Hog et al., Cat. I/259 (tyc2_original_ext_source_id)
#   meta: !!omap
#   - {ucd: ID_CROSSID}
#   - {_votable_string_dtype: char}
# - name: Source
#   datatype: int64
#   description: Source identifier, identical to the Gaia-EDR3 source_id (id)
#   meta: !!omap
#   - {ucd: ID_MAIN}
#   - {width: 19}
# - name: rgeo
#   unit: pc
#   datatype: float64
#   format: '{:15.8f}'
#   description: '? Median of the geometric distance posterior (r_med_geo)'
#   meta: !!omap
#   - {ucd: PHYS_DISTANCE_TRUE}
#   - {width: 15}
#   - {precision: '8'}
#   - values: {'null': .nan}
# - name: Plx
#   unit: mas
#   datatype: float64
#   format: '{:9.4f}'
#   description: '? Parallax (parallax)'
#   meta: !!omap
#   - {ucd: POS_PARLX_TRIG}
#   - {width: 9}
#   - {precision: '4'}
#   - values: {'null': .nan}
# - name: e_Plx
#   unit: mas
#   datatype: float32
#   format: '{:7.4f}'
#   description: '? Standard error of parallax (parallax_error)'
#   meta: !!omap
#   - {ucd: ERROR}
#   - {width: 7}
#   - {precision: '4'}
#   - values: {'null': .nan}
# - name: pmRA
#   unit: mas / yr
#   datatype: float64
#   format: '{:9.3f}'
#   description: '? Proper motion in right ascension direction, pmRA*cosDE (pmra)'
#   meta: !!omap
#   - {ucd: POS_EQ_PMRA}
#   - {width: 9}
#   - {precision: '3'}
#   - values: {'null': .nan}
# - name: pmDE
#   unit: mas / yr
#   datatype: float64
#   format: '{:9.3f}'
#   description: '? Proper motion in declination direction (pmdec)'
#   meta: !!omap
#   - {ucd: POS_EQ_PMDEC}
#   - {width: 9}
#   - {precision: '3'}
#   - values: {'null': .nan}
# - name: e_pmRA
#   unit: mas / yr
#   datatype: float32
#   format: '{:6.3f}'
#   description: '? Standard error of proper motion in right ascension direction (pmra_error)'
#   meta: !!omap
#   - {ucd: ERROR}
#   - {width: 6}
#   - {precision: '3'}
#   - values: {'null': .nan}
# - name: e_pmDE
[...]
#         unit: &id001 !astropy.units.Unit {unit: deg}
#         value: !astropy.table.SerializedColumn {name: SkyCoord.dec}
#       distance: !astropy.table.SerializedColumn
#         __class__: astropy.coordinates.distances.Distance
#         unit: !astropy.units.Unit {unit: pc}
#         value: !astropy.table.SerializedColumn {name: SkyCoord.distance}
#       frame: icrs
#       obstime: !astropy.time.Time {format: jyear_str, in_subfmt: '*', jd1: 367701545.0, jd2: 0.0, out_subfmt: '*', precision: 3, scale: tt}
#       pm_dec: !astropy.table.SerializedColumn
#         __class__: astropy.units.quantity.Quantity
#         unit: !astropy.units.Unit {unit: mas / yr}
#         value: !astropy.table.SerializedColumn {name: SkyCoord.pm_dec}
#       pm_ra_cosdec: !astropy.table.SerializedColumn
#         __class__: astropy.units.quantity.Quantity
#         unit: !astropy.units.Unit {unit: mas / yr}
#         value: !astropy.table.SerializedColumn {name: SkyCoord.pm_ra_cosdec}
#       ra: !astropy.table.SerializedColumn
#         __class__: astropy.coordinates.angles.Longitude
#         unit: *id001
#         value: !astropy.table.SerializedColumn {name: SkyCoord.ra}
#         wrap_angle: !astropy.coordinates.Angle
#           unit: *id001
#           value: 360.0
#       representation_type: spherical
# schema: astropy-2.0
RA_ICRS_1 DE_ICRS_1 e_RA_ICRS e_DE_ICRS _r_1 HIP TYC2 Source rgeo Plx e_Plx pmRA pmDE e_pmRA e_pmDE RUWE Teff logg Gmag BP-RP BPmag RPmag RV e_RV b_rgeo B_rgeo FG e_FG FBP e_FBP FRP e_FRP RAVE5 RAVE6 e_Gmag e_BPmag e_RPmag e_BP-RP SkyCoord.ra SkyCoord.dec SkyCoord.distance SkyCoord.pm_ra_cosdec SkyCoord.pm_dec
[from data line 165]
65.36292525736 45.08369720145 0.0618 0.0408 13.9347 "" "" 232745308562937600 2319.49707 0.4206 0.0681 0.888 -2.017 0.076 0.053 1.013 "" "" 16.819365 1.775392 17.680332 15.90494 "" "" 1960.56348 2728.28027 3525.33778 2.087 1156.9 10.21 3444.9 8.3204 "" "" 0.002829297502725687 0.009979927 0.0046000527 0.01457998 65.36292525736 45.08369720145 2319.49707 0.8880000000000001 -2.0170000000000003
64.9014866925 44.86760904188 0.0545 0.0403 10.2696 "" "" 232713770622518912 2695.2002 0.3581 0.0742 -0.032 1.362 0.079 0.052 1.001 6120.7 4.4762 16.821386 1.635038 17.58974 15.954702 "" "" 2223.2312 3324.68726 3518.78068 2.2071 1257.5 7.2561 3290.6 11.241 "" "" 0.0028382327834251342 0.0068582073 0.005295303 0.01215351 64.9014866925 44.86760904188 2695.2002 -0.03200000000000003 1.362
65.10891397739 44.85948074356 0.0533 0.0414 3.671 "" "" 232671920461492480 2349.2561 0.4268 0.0693 1.411 -1.441 0.074 0.053 1.02 6763.7 4.3644 16.825422 1.947435 17.79685 15.849415 "" "" 2000.22766 2766.0166 3505.72212 1.891 1039.1 6.4675 3625.7 10.523 "" "" 0.0028168733774632786 0.007311122 0.004920732 0.012231855 65.10891397739 44.85948074356 2349.2561 1.411 -1.4409999999999998
64.84194904232 45.01329391098 0.0528 0.0396 13.574 "" "" 232730224639407616 2874.54492 0.3219 0.0679 -0.68 -1.477 0.07 0.051 1.055 8933.8 4.3918 16.849276 1.255402 17.393879 16.138477 "" "" 2398.5376 3405.01685 3429.54712 1.8352 1506.1 10.881 2778.2 8.2863 "" "" 0.002815908789111614 0.008325495 0.0049769995 0.013302494 64.84194904232 45.01329391098 2874.54492 -0.68 -1.4769999999999999
65.28827700806 45.06244259589 0.0685 0.0441 10.8883 "" "" 232745072343988096 2518.30688 0.3849 0.0747 -1.508 -0.063 0.08 0.058 1.044 "" "" 16.859653 1.580744 17.600344 16.0196 "" "" 2110.92822 3011.09692 3396.92312 2.1086 1245.3 10.247 3099.7 9.1155 "" "" 0.0028365487226077253 0.009359583 0.004947558 0.014307141 65.28827700806 45.06244259589 2518.30688 -1.508 -0.06300000000000004
65.16847171697 44.74328077873 0.06 0.043 10.6196 "" "" 232667247536766464 2317.46045 0.4144 0.0765 1.192 -0.08 0.086 0.054 1.026 5606.6 4.6537 16.86086 1.549252 17.573528 16.024277 "" "" 2013.23291 2701.17285 3393.14401 1.9766 1276.5 7.6012 3086.4 8.8706 "" "" 0.002826978836943843 0.0070416317 0.0049011516 0.011942783 65.16847171697 44.74328077873 2317.46045 1.192 -0.07999999999999999
64.9878215147 44.85511430921 0.0565 0.0439 7.2175 "" "" 232718611047620352 2923.02002 0.3264 0.0729 2.499 -1.696 0.082 0.055 0.975 6181.9 4.4447 16.865349 1.843987 17.763481 15.919494 "" "" 2430.1875 3554.39307 3379.14569 2.1708 1071.6 10.637 3399.1 9.1521 "" "" 0.002842231499702982 0.01113264 0.004778045 0.015910685 64.9878215147 44.85511430921 2923.02002 2.4989999999999997 -1.696
65.38596050597 44.97598952867 0.0739 0.0513 11.3161 "" "" 232696899991224576 2909.48438 0.3449 0.0833 -0.47 -3.191 0.091 0.067 1.194 "" "" 16.867676 1.656449 17.631117 15.974668 "" "" 2424.91211 3704.02881 3371.9152 4.5014 1210.5 13.643 3230.7 11.727 "" "" 0.0031132969184394146 0.012550911 0.0054603843 0.018011294 65.38596050597 44.97598952867 2909.48438 -0.46999999999999975 -3.191
64.94174189673 45.10435470086 0.0574 0.0411 13.7755 "" "" 232736757287358976 2206.27734 0.424 0.074 -0.095 -2.781 0.07 0.054 1.025 "" "" 16.883207 1.536263 17.586948 16.050686 "" "" 1902.61328 2667.13428 3324.02174 1.9077 1260.8 11.118 3012.2 8.8394 "" "" 0.002824901028912879 0.009972528 0.0049431915 0.01491572 64.94174189673 45.10435470086 2206.27734 -0.09500000000000008 -2.7809999999999997
65.18549812733 44.73448190932 0.0647 0.0464 11.2654 "" "" 232666525982260992 2310.76318 0.4334 0.0817 -1.624 -2.138 0.091 0.059 1.079 4916.4 4.3932 16.886877 1.433794 17.517218 16.083424 "" "" 1960.44885 2992.13062 3312.80414 2.6514 1344.4 11.198 2922.7 11.909 "" "" 0.002889099323346181 0.009464134 0.0058185505 0.015282685 65.18549812733 44.73448190932 2310.76318 -1.6239999999999999 -2.138
65.19293916298 44.7196430044 0.0612 0.0447 12.2021 "" "" 232666452964626944 3078.44775 0.3519 0.0791 0.14 -2.72 0.086 0.057 1.09 "" "" 16.891443 1.574032 17.619978 16.045946 "" "" 2321.97803 4069.5249 3298.90159 2.0799 1223.0 8.8365 3025.4 8.9875 "" "" 0.0028390810656882684 0.008326156 0.0049685794 0.013294736 65.19293916298 44.7196430044 3078.44775 0.14 -2.72
65.32878655603 44.97583454279 0.0612 0.0447 9.0311 "" "" 232696728192135424 2823.73291 0.3432 0.0714 0.843 -2.066 0.076 0.058 1.074 8750.5 4.3918 16.89266 1.401628 17.502014 16.100386 "" "" 2277.57153 3240.9353 3295.20853 2.2503 1363.4 10.033 2877.4 11.675 "" "" 0.002853337934723552 0.008462904 0.005804385 0.014267289 65.32878655603 44.97583454279 2823.73291 0.8430000000000002 -2.066
65.08541034794 44.87942064151 0.0519 0.04 3.07 "" "" 232718924583225728 2411.95483 0.3893 0.0657 1.005 -2.054 0.072 0.052 1.018 9467.4 4.4467 16.893444 1.49543 17.569157 16.073727 "" "" 2134.90039 2962.48462 3292.83138 1.7975 1281.6 10.778 2949.0 12.795 "" "" 0.002818344295351637 0.009547617 0.006039443 0.01558706 65.08541034794 44.87942064151 2411.95483 1.005 -2.054
65.04309742706 44.85436924809 0.054 0.0407 5.3953 "" "" 232718787144293248 2419.95654 0.412 0.0698 0.222 0.07 0.073 0.051 1.028 7345.0 4.3529 16.902315 1.723455 17.72457 16.001114 "" "" 2046.57544 2826.42627 3266.03411 1.9596 1110.7 9.1291 3152.9 8.9324 "" "" 0.0028312818310916445 0.009349938 0.0048729177 0.014222855 65.04309742706 44.85436924809 2419.95654 0.22200000000000006 0.07
65.11348280892 44.90055425949 0.0551 0.043 1.3339 "" "" 232720436411699584 2867.35278 0.3352 0.0688 0.913 -2.008 0.075 0.055 1.021 7862.6 4.2753 16.90278 1.537315 17.612059 16.074743 "" "" 2525.34741 3414.33081 3264.63423 1.8881 1232.0 9.9739 2946.2 11.165 "" "" 0.002825967431236457 0.009222011 0.005586871 0.014808882 65.11348280892 44.90055425949 2867.35278 0.913 -2.008
64.89819713144 44.95451322789 0.054 0.0413 10.1729 "" "" 232723730648775424 2150.43042 0.4401 0.0687 4.148 -2.445 0.073 0.054 0.96 5064.1 4.4544 16.907196 1.840986 17.810635 15.969648 "" "" 1900.44568 2472.71924 3251.3869 1.9428 1026.0 5.9384 3245.6 10.454 "" "" 0.0028306674773076945 0.0068757227 0.0051491405 0.012024863 64.89819713144 44.95451322789 2150.43042 4.148 -2.4450000000000003
65.23311223182 44.9578058548 0.0564 0.0419 4.8946 "" "" 232674119484317056 2182.56348 0.4407 0.0681 1.097 -1.943 0.07 0.054 1.02 8995.4 4.3916 16.93319 1.42536 17.578772 16.153412 "" "" 1895.99097 2617.28394 3174.4697 1.9805 1270.3 10.845 2740.3 15.217 "" "" 0.002837362115217054 0.009680145 0.0071157734 0.016795918 65.23311223182 44.9578058548 2182.56348 1.097 -1.9430000000000005
65.13768798011 44.93174753036 0.0556 0.0443 0.8342 "" "" 232720539490888448 2268.39331 0.4493 0.0725 0.289 -2.563 0.077 0.056 1.052 5942.7 4.6275 16.938503 1.589214 17.671928 16.082714 "" "" 1906.69763 2800.76807 3158.9722 1.9829 1165.9 9.0539 2924.6 8.9858 "" "" 0.0028383552282405184 0.00888106 0.005041035 0.013922095 65.13768798011 44.93174753036 2268.39331 0.28900000000000003 -2.5629999999999997
65.2976739821 44.76099095954 0.0607 0.046 11.7793 "" "" 232668209609403008 2130.48364 0.4776 0.0758 0.899 -1.986 0.077 0.057 1.063 5773.5 4.6478 16.942087 1.5149 17.63422 16.11932 "" "" 1752.7854 2637.5376 3148.56109 2.1208 1207.1 12.121 2827.7 9.4839 "" "" 0.0028507243431248152 0.011253709 0.0052482476 0.016501956 65.2976739821 44.76099095954 2130.48364 0.899 -1.9859999999999998
64.88090705833 44.9217748374 0.0564 0.0418 10.6787 "" "" 232717069157380352 2256.56128 0.4474 0.0716 -0.289 -4.031 0.078 0.055 0.964 "" "" 16.942986 1.737925 17.771833 16.033909 "" "" 1941.45276 2655.6792 3145.95494 1.8665 1063.4 10.493 3059.1 7.9752 "" "" 0.0028296188832708674 0.011070771 0.004721842 0.015792612 64.88090705833 44.9217748374 2256.56128 -0.2889999999999999 -4.031000000000001
65.18008413528 45.04370747496 0.0614 0.0419 7.7884 "" "" 232722287540552064 2521.20483 0.3853 0.072 -3.59 0.696 0.077 0.055 1.031 "" "" 16.944557 1.748251 17.792051 16.0438 "" "" 2242.56567 3022.96143 3141.40582 2.0883 1043.7 9.9963 3031.4 8.9982 "" "" 0.002848285045820201 0.010766728 0.0049669235 0.015733652 65.18008413528 45.04370747496 2521.20483 -3.59 0.6960000000000004
65.16733640952 44.77059124256 0.0631 0.0461 8.9933 "" "" 232667556774398976 2236.46826 0.4339 0.0768 0.431 -1.559 0.089 0.058 1.014 6147.2 4.4834 16.954117 1.527464 17.662865 16.1354 "" "" 1911.35132 2623.07104 3113.86805 1.9408 1175.6 8.4844 2786.1 8.0455 "" "" 0.002837204711598274 0.0083177835 0.0049105906 0.013228374 65.16733640952 44.77059124256 2236.46826 0.43100000000000005 -1.559
64.89986511438 44.78750271981 0.06 0.0451 12.6234 "" "" 232712464952495360 2726.0188 0.3688 0.0798 -0.698 -0.278 0.088 0.058 1.032 "" "" 16.955374 1.956891 17.936775 15.979884 "" "" 2289.79272 3397.96436 3110.26425 2.0843 913.5 7.436 3215.2 12.304 "" "" 0.002849768050924383 0.009267993 0.005616679 0.014884672 64.89986511438 44.78750271981 2726.0188 -0.6980000000000001 -0.278
65.45866286341 44.96876410132 0.0649 0.0443 14.1894 "" "" 232695216363620480 2965.20947 0.3369 0.0725 1.069 -0.588 0.079 0.058 1.032 "" "" 16.959951 1.523296 17.661644 16.138348 "" "" 2430.34058 3539.91284 3097.17771 2.0955 1177.0 12.736 2778.6 8.9318 "" "" 0.002851563415478972 0.012075237 0.005144365 0.017219603 65.45866286341 44.96876410132 2965.20947 1.069 -0.588
65.06721834239 44.93234494501 0.0687 0.0421 2.8851 "" "" 232720024094833280 2744.94702 0.3213 0.0852 -0.245 0.085 0.084 0.054 1.007 6084.7 4.475 16.973047 1.957671 17.944458 15.986787 "" "" 2237.69629 3574.07739 3060.04485 2.1498 907.06 10.355 3194.8 10.958 "" "" 0.002858952629254265 0.012704932 0.0053058504 0.018010782 65.06721834239 44.93234494501 2744.94702 -0.24499999999999994 0.08499999999999999
65.38938325743 45.03520734894 0.0709 0.0496 12.9717 "" "" 232698033862152064 2689.9646 0.3744 0.0799 1.364 -0.519 0.086 0.064 1.094 6717.2 4.3484 16.976467 2.188378 18.11082 15.922442 "" "" 2276.5271 3371.56128 3050.42104 2.1865 778.19 13.72 3389.9 12.333 "" "" 0.0028631186099373645 0.01934452 0.0054668896 0.02481141 65.38938325743 45.03520734894 2689.9646 1.364 -0.5189999999999999
65.16736895398 45.10581029069 0.0656 0.0452 11.3433 "" "" 232725796530769792 2697.59546 0.3585 0.0751 0.779 -1.152 0.079 0.059 1.031 8445.7 4.4832 16.978735 1.445137 17.639305 16.194168 "" "" 2213.86279 3326.43677 3044.05873 1.8149 1201.4 8.0494 2639.3 11.225 "" "" 0.0028303395845458074 0.0077911923 0.005967119 0.013758311 65.16736895398 45.10581029069 2697.59546 0.7790000000000001 -1.152
65.21112646601 44.8930018783 0.0595 0.0468 3.6835 "" "" 232672951253250816 3058.71704 0.3133 0.0715 0.919 -1.334 0.077 0.059 1.036 "" "" 16.981516 2.280501 18.189259 15.908757 "" "" 2461.76929 3692.34082 3036.26935 2.1018 723.96 12.428 3432.9 17.398 "" "" 0.0028559871128327843 0.018846186 0.006675446 0.025521632 65.21112646601 44.8930018783 3058.71704 0.919 -1.3339999999999999
64.85469109478 45.03043864766 0.0567 0.0417 13.5627 "" "" 232730228937130880 2702.91895 0.3457 0.0726 2.28 -0.908 0.079 0.055 0.99 "" "" 16.985466 1.656731 17.767736 16.111006 "" "" 2300.64966 3388.55981 3025.24618 2.003 1067.4 10.428 2849.4 10.158 "" "" 0.002847551515745763 0.010967971 0.0054097436 0.016377714 64.85469109478 45.03043864766 2702.91895 2.28 -0.9080000000000001
64.9149321476 44.79902148135 0.0613 0.0469 11.6918 "" "" 232712499312225280 2421.85376 0.4081 0.0818 -0.676 0.768 0.089 0.059 1.045 "" "" 16.98944 "" "" "" "" "" 1989.0155 3162.16479 3014.18707 2.5442 "" "" "" "" "" "" 0.002903731508870663 "" "" "" 64.9149321476 44.79902148135 2421.85376 -0.676 0.768
65.05996612316 45.09186042529 0.0636 0.0458 10.8497 "" "" 232726140128184192 2665.05225 0.3708 0.0757 2.145 -1.685 0.078 0.057 0.973 5752.9 4.6682 16.99044 1.52137 17.693861 16.172491 "" "" 2166.7373 3283.60547 3011.41448 1.953 1142.5 8.2052 2692.5 7.4109 "" "" 0.0028438698353183633 0.008281702 0.0048181214 0.013099823 65.05996612316 45.09186042529 2665.05225 2.145 -1.685
