Clusters/Berkeley_11/Berkeley_11_members.tsv
# %ECSV 1.0
# ---
# datatype:
# - name: RA_ICRS_1
#   unit: deg
#   datatype: float64
#   format: '{:15.11f}'
#   description: Right ascension (ICRS) at Ep=2016.0 (ra)
#   meta: !!omap
#   - {ucd: POS_EQ_RA_MAIN}
#   - {width: 15}
#   - {precision: '11'}
# - name: DE_ICRS_1
#   unit: deg
#   datatype: float64
#   format: '{:15.11f}'
#   description: Declination (ICRS) at Ep=2016.0 (dec)
#   meta: !!omap
#   - {ucd: POS_EQ_DEC_MAIN}
#   - {width: 15}
#   - {precision: '11'}
# - name: e_RA_ICRS
#   unit: mas
#   datatype: float64
#   format: '{:7.4f}'
#   description: Standard error of right ascension (ra_error)
#   meta: !!omap
#   - {ucd: ERROR}
#   - {width: 7}
#   - {precision: '4'}
# - name: e_DE_ICRS
#   unit: mas
#   datatype: float64
#   format: '{:7.4f}'
#   description: Standard error of declination (dec_error)
#   meta: !!omap
#   - {ucd: ERROR}
#   - {width: 7}
#   - {precision: '4'}
# - name: _r_1
#   unit: ''
#   datatype: float64
#   format: '{:7.4f}'
#   description: Distance from center (065.13221097000+44.91839605000)[ICRS], at Epoch=J2016.0
#   meta: !!omap
#   - {ucd: POS_ANG_DIST_GENERAL}
#   - {width: 7}
#   - {precision: '4'}
# - name: HIP
#   datatype: int32
#   description: '? HIP cross-id number, van Leeuwen, Cat. I/311 (hip_original_ext_source_id)'
#   meta: !!omap
#   - {ucd: ID_NUMBER}
#   - {width: 6}
#   - values: {'null': -2147483648}
# - name: TYC2
#   datatype: string
#   description: Tycho-2 cross-id name, Hog et al., Cat. I/259 (tyc2_original_ext_source_id)
#   meta: !!omap
#   - {ucd: ID_CROSSID}
#   - {_votable_string_dtype: char}
# - name: Source
#   datatype: int64
#   description: Source identifier, identical to the Gaia-EDR3 source_id (id)
#   meta: !!omap
#   - {ucd: ID_MAIN}
#   - {width: 19}
# - name: rgeo
#   unit: pc
#   datatype: float64
#   format: '{:15.8f}'
#   description: '? Median of the geometric distance posterior (r_med_geo)'
#   meta: !!omap
#   - {ucd: PHYS_DISTANCE_TRUE}
#   - {width: 15}
#   - {precision: '8'}
#   - values: {'null': .nan}
# - name: Plx
#   unit: mas
#   datatype: float64
#   format: '{:9.4f}'
#   description: '? Parallax (parallax)'
#   meta: !!omap
#   - {ucd: POS_PARLX_TRIG}
#   - {width: 9}
#   - {precision: '4'}
#   - values: {'null': .nan}
# - name: e_Plx
#   unit: mas
#   datatype: float32
#   format: '{:7.4f}'
#   description: '? Standard error of parallax (parallax_error)'
#   meta: !!omap
#   - {ucd: ERROR}
#   - {width: 7}
#   - {precision: '4'}
#   - values: {'null': .nan}
# - name: pmRA
#   unit: mas / yr
#   datatype: float64
#   format: '{:9.3f}'
#   description: '? Proper motion in right ascension direction, pmRA*cosDE (pmra)'
#   meta: !!omap
#   - {ucd: POS_EQ_PMRA}
#   - {width: 9}
#   - {precision: '3'}
#   - values: {'null': .nan}
# - name: pmDE
#   unit: mas / yr
#   datatype: float64
#   format: '{:9.3f}'
#   description: '? Proper motion in declination direction (pmdec)'
#   meta: !!omap
#   - {ucd: POS_EQ_PMDEC}
#   - {width: 9}
#   - {precision: '3'}
#   - values: {'null': .nan}
# - name: e_pmRA
#   unit: mas / yr
#   datatype: float32
#   format: '{:6.3f}'
#   description: '? Standard error of proper motion in right ascension direction (pmra_error)'
#   meta: !!omap
#   - {ucd: ERROR}
#   - {width: 6}
#   - {precision: '3'}
#   - values: {'null': .nan}
# - name: e_pmDE
[...]
#       distance: !astropy.table.SerializedColumn
#         __class__: astropy.coordinates.distances.Distance
#         unit: !astropy.units.Unit {unit: pc}
#         value: !astropy.table.SerializedColumn {name: SkyCoord.distance}
#       frame: icrs
#       obstime: !astropy.time.Time {format: jyear_str, in_subfmt: '*', jd1: 367701545.0, jd2: 0.0, out_subfmt: '*', precision: 3, scale: tt}
#       pm_dec: !astropy.table.SerializedColumn
#         __class__: astropy.units.quantity.Quantity
#         unit: !astropy.units.Unit {unit: mas / yr}
#         value: !astropy.table.SerializedColumn {name: SkyCoord.pm_dec}
#       pm_ra_cosdec: !astropy.table.SerializedColumn
#         __class__: astropy.units.quantity.Quantity
#         unit: !astropy.units.Unit {unit: mas / yr}
#         value: !astropy.table.SerializedColumn {name: SkyCoord.pm_ra_cosdec}
#       ra: !astropy.table.SerializedColumn
#         __class__: astropy.coordinates.angles.Longitude
#         unit: *id001
#         value: !astropy.table.SerializedColumn {name: SkyCoord.ra}
#         wrap_angle: !astropy.coordinates.Angle
#           unit: *id001
#           value: 360.0
#       representation_type: spherical
# schema: astropy-2.0
RA_ICRS_1 DE_ICRS_1 e_RA_ICRS e_DE_ICRS _r_1 HIP TYC2 Source rgeo Plx e_Plx pmRA pmDE e_pmRA e_pmDE RUWE Teff logg Gmag BP-RP BPmag RPmag RV e_RV b_rgeo B_rgeo FG e_FG FBP e_FBP FRP e_FRP RAVE5 RAVE6 e_Gmag e_BPmag e_RPmag e_BP-RP SkyCoord.ra SkyCoord.dec SkyCoord.distance SkyCoord.pm_ra_cosdec SkyCoord.pm_dec rmRA rmDE e_rmRA e_rmDE rRV e_rRV v_pec v_pec3d e_vpec e_vpec3d Pmemb
65.13847943898 44.92064250572 0.0113 0.0089 0.2985 "" "" 232720470771418496 2691.00293 0.3326 0.0152 0.874 -1.945 0.016 0.011 1.034 6792.5 2.741 13.320008 1.14477 13.798298 12.653528 "" "" 2568.34521 2821.72412 88500.04639 20.897 41314.0 48.689 68825.0 45.899 "" "" 0.0027672213916275622 0.0030695768 0.0038481173 0.006917694 65.13847943898 44.92064250572 2691.00293 0.8739999999999999 -1.9449999999999998 -0.16678257083892822 -0.05386955261230475 0.11468878 0.109688774 "" "" 2.235586545625076 "" 0.25536164709028014 "" 0.9
65.09287217907 44.91763747186 0.0129 0.0096 1.672 "" "" 232719233820852480 2697.26196 0.3318 0.0172 1.047 -1.916 0.018 0.012 1.024 15147.8 3.7533 13.585122 1.104767 14.043649 12.938882 "" "" 2585.01611 2860.29517 69326.31073 12.848 32958.0 24.947 52918.0 24.144 "" "" 0.002762657621605564 0.0029086857 0.0038117082 0.006720394 65.09287217907 44.91763747186 2697.26196 1.0470000000000002 -1.916 0.006217429161071708 -0.024869552612304613 0.11668877 0.110688776 "" "" 0.32774349427379856 "" 0.03639614294252921 "" 1.0
65.11666010064 44.88268242192 0.0145 0.0113 2.2424 "" "" 232672023540345856 2595.77051 0.3499 0.0195 1.021 -1.937 0.02 0.014 1.152 15041.2 3.6356 13.592985 1.210644 14.10898 12.898336 "" "" 2474.9519 2713.53638 68826.03407 46.441 31033.0 66.44 54932.0 101.59 "" "" 0.002851053764383587 0.0036315788 0.004279665 0.007911244 65.11666010064 44.88268242192 2595.77051 1.021 -1.9369999999999994 -0.019782570838928315 -0.04586955261230474 0.11868878 0.11268877 "" "" 0.6146271770588856 "" 0.0698528107093969 "" 1.0
65.1415996288 44.91245388594 0.0131 0.0103 0.535 "" "" 232673535368812160 2779.73242 0.3219 0.0185 1.297 -1.762 0.02 0.013 1.027 12730.1 3.7895 13.608142 1.083792 14.056941 12.973149 "" "" 2642.03394 2912.07983 67871.88119 12.515 32557.0 32.684 51274.0 15.715 "" "" 0.002762583874652282 0.0029955108 0.0037940033 0.006789514 65.1415996288 44.91245388594 2779.73242 1.2970000000000002 -1.7620000000000007 0.2562174291610717 0.1291304473876953 0.11868878 0.11168878 "" "" 3.7804143677152418 "" 0.4434601424005658 "" 1.0
65.1352933842 44.90200845765 0.0136 0.0103 0.9919 "" "" 232673535368819712 2488.43408 0.3627 0.0182 0.998 -1.908 0.018 0.013 1.037 15002.3 3.7128 13.671958 1.070845 14.113286 13.042441 "" "" 2400.82959 2608.41943 63997.56423 17.231 30910.0 26.338 48104.0 28.756 "" "" 0.002770784263629898 0.0029395467 0.0038347074 0.006774254 65.1352933842 44.90200845765 2488.43408 0.998 -1.9079999999999986 -0.042782570838928224 -0.016869552612304606 0.11668877 0.11168878 "" "" 0.5424409885896595 "" 0.06293862919958687 "" 1.0
65.14659662406 44.9390510226 0.0139 0.0113 1.3818 "" "" 232720642570097024 2788.41284 0.3192 0.0189 1.043 -1.902 0.019 0.015 1.107 15001.5 3.6082 13.867922 1.05981 14.289832 13.230022 "" "" 2658.25342 2948.21826 53429.11715 10.405 26271.0 70.757 40471.0 121.2 "" "" 0.002763421164716494 0.00404183 0.0049855732 0.009027403 65.14659662406 44.9390510226 2788.41284 1.0429999999999997 -1.9019999999999992 0.0022174291610717045 -0.0108695526123046 0.117688775 0.113688774 "" "" 0.146622703214359 "" 0.01669318369928866 "" 1.0
65.1111341888 44.92227325354 0.0147 0.0115 0.9252 "" "" 232720505131163264 2895.29028 0.3035 0.0212 0.982 -1.862 0.023 0.015 1.077 "" "" 13.978249 1.052495 14.410517 13.358022 "" "" 2762.16821 3060.74438 48266.6822 8.7019 23508.0 25.356 35971.0 33.635 "" "" 0.002762264568979663 0.00302597 0.0039133634 0.0069393334 65.1111341888 44.92227325354 2895.29028 0.982 -1.862 -0.05878257083892824 0.029130447387695213 0.121688776 0.113688774 "" "" 0.9003373217673356 "" 0.10817880465072481 "" 1.0
65.10472118233 44.91780705188 0.016 0.0122 1.1685 "" "" 232720505131167744 2714.86255 0.3274 0.0215 1.07 -1.892 0.022 0.016 1.025 12269.0 3.9062 14.246173 1.157894 14.733029 13.575135 "" "" 2588.06445 2876.4917 37711.81292 7.3695 17466.0 22.023 29451.0 25.201 "" "" 0.002763477105880129 0.0031079322 0.0038918983 0.0069998307 65.10472118233 44.91780705188 2714.86255 1.0699999999999994 -1.8919999999999995 0.02921742916107184 -0.0008695526123045916 0.12068877 0.11468878 "" "" 0.37614945737363986 "" 0.04539506907943609 "" 1.0
65.09329246181 44.93216126433 0.0162 0.0126 1.8481 "" "" 232719302540319872 2702.64429 0.3371 0.0233 1.053 -1.907 0.024 0.016 1.13 11977.9 3.9804 14.286108 1.162185 14.774989 13.612804 "" "" 2564.51001 2871.44946 36349.93683 10.256 16804.0 23.222 28447.0 23.963 "" "" 0.0027722971344629017 0.0031680109 0.0038884718 0.0070564826 65.09329246181 44.93216126433 2702.64429 1.0529999999999997 -1.907 0.012217429161071713 -0.015869552612304716 0.12268877 0.11468878 "" "" 0.25656537317204553 "" 0.03020527783648943 "" 1.0
65.11014233236 44.91434592607 0.0179 0.0134 0.9686 "" "" 232720505131168384 2419.18945 0.3759 0.0235 1.05 -1.921 0.024 0.018 1.075 11051.5 4.0423 14.391016 1.209239 14.90807 13.698831 "" "" 2271.17285 2565.85083 33002.00785 11.714 14866.0 22.869 26280.0 28.697 "" "" 0.0027821407469178837 0.003251881 0.003960979 0.0072128605 65.11014233236 44.91434592607 2419.18945 1.0500000000000003 -1.9210000000000012 0.009217429161071822 -0.02986955261230473 0.12268877 0.11668877 "" "" 0.3584504257366248 "" 0.04201850866817712 "" 1.0
65.09027125871 44.93520467086 0.0169 0.013 2.0473 "" "" 232719302540319360 2721.73047 0.3278 0.0227 0.907 -1.848 0.024 0.017 1.032 10042.4 3.7178 14.484476 1.282074 15.039409 13.757335 "" "" 2558.54224 2884.41089 30280.03834 6.5205 13172.0 13.824 24901.0 19.821 "" "" 0.0027652220381841827 0.003013878 0.0038769362 0.006890814 65.09027125871 44.93520467086 2721.73047 0.9070000000000005 -1.848000000000001 -0.1337825708389282 0.043130447387695225 0.12268877 0.11568877 "" "" 1.81340611828059 "" 0.22132047836208232 "" 1.0
65.14182557501 44.92124198317 0.0194 0.0151 0.4427 "" "" 232720470771416960 2566.75903 0.3534 0.0259 1.033 -1.848 0.027 0.02 1.088 10580.1 3.7884 14.68947 1.143196 15.170655 14.027459 "" "" 2378.41943 2732.93408 25070.23723 5.4098 11672.0 16.815 19417.0 12.063 "" "" 0.002765263011701254 0.0031986851 0.0038391028 0.0070377877 65.14182557501 44.92124198317 2566.75903 1.0330000000000006 -1.8480000000000008 -0.007782570838928304 0.043130447387695225 0.12568878 0.11868878 "" "" 0.5332181880310214 "" 0.06340806683446991 "" 1.0
65.12691439332 44.94806800433 0.0195 0.015 1.7945 "" "" 232720745649312896 2424.53052 0.3799 0.0264 1.032 -1.883 0.027 0.019 0.996 10627.5 3.9374 14.818734 1.144691 15.299203 14.154512 "" "" 2284.4895 2597.44019 22256.31429 5.2259 10369.0 16.096 17272.0 13.209 "" "" 0.0027670890963275006 0.0032597014 0.003869519 0.0071292203 65.12691439332 44.94806800433 2424.53052 1.032 -1.883 -0.008782570838928194 0.008130447387695305 0.12568878 0.117688775 "" "" 0.1375418003651257 "" 0.016788619955520775 "" 1.0
65.15761209551 44.99761999212 0.0205 0.0157 4.8742 "" "" 232722085679076992 2365.0625 0.3859 0.0274 0.974 -1.911 0.026 0.02 1.016 10508.3 3.7035 14.825391 1.140338 15.29912 14.158782 "" "" 2224.42407 2536.70288 22120.277 5.5142 10370.0 19.422 17205.0 21.384 "" "" 0.002768581515489353 0.0034525471 0.004013073 0.0074656205 65.15761209551 44.99761999212 2365.0625 0.974 -1.911 -0.06678257083892825 -0.01986955261230472 0.124688774 0.11868878 "" "" 0.7810928269160403 "" 0.09702083987459997 "" 0.9
65.09648681922 44.93470200084 0.0197 0.0152 1.8056 "" "" 232720780009067904 2413.68188 0.3802 0.0262 1.148 -1.81 0.027 0.02 1.022 10718.2 3.79 14.846731 1.199357 15.35483 14.155473 "" "" 2288.1543 2569.81055 21689.72807 9.3267 9851.1 25.078 17257.0 20.621 "" "" 0.0027945946526236913 0.0039274096 0.0039958647 0.007923274 65.09648681922 44.93470200084 2413.68188 1.1480000000000001 -1.810000000000001 0.10721742916107169 0.08113044738769526 0.12568878 0.11868878 "" "" 1.5382618837996969 "" 0.18949250476680637 "" 1.0
65.13595812292 44.93842601536 0.0209 0.0166 1.2123 "" "" 232720539490885248 2622.19189 0.3442 0.0285 1.043 -1.903 0.028 0.021 1.028 10575.6 4.1762 14.87221 1.143042 15.35245 14.209409 "" "" 2407.18433 2897.38281 21186.68211 5.6036 9872.7 13.483 16421.0 17.275 "" "" 0.0027702440308870133 0.003159694 0.003948209 0.007107903 65.13595812292 44.93842601536 2622.19189 1.0430000000000004 -1.9029999999999991 0.0022174291610717045 -0.011869552612304712 0.12668878 0.11968877 "" "" 0.15008125254562038 "" 0.017999468717245896 "" 1.0
65.13310757355 44.83960150321 0.0233 0.0185 4.7278 "" "" 232670924028734464 2250.13013 0.4082 0.0296 1.248 -1.893 0.031 0.023 1.033 8998.8 3.5216 15.020119 1.460744 15.678165 14.217422 "" "" 2132.63135 2415.05396 18488.39986 4.6202 7313.9 12.135 16300.0 15.501 "" "" 0.0027686468332739256 0.003321169 0.003917884 0.007239053 65.13310757355 44.83960150321 2250.13013 1.2479999999999998 -1.8929999999999998 0.20721742916107178 -0.0018695526123047035 0.12968877 0.121688776 "" "" 2.2101916460504896 "" 0.2866356403411097 "" 1.0
65.12391937075 44.93169587341 0.0232 0.0176 0.8723 "" "" 232720539490892544 2455.73706 0.3698 0.0321 0.974 -1.895 0.03 0.023 0.99 10253.6 3.9321 15.110827 1.115011 15.575386 14.460375 "" "" 2292.55615 2670.479 17006.52629 4.5334 8040.1 14.575 13032.0 14.273 "" "" 0.0027704791920887366 0.0034145128 0.0039620386 0.0073765516 65.12391937075 44.93169587341 2455.73706 0.9739999999999999 -1.8949999999999991 -0.06678257083892825 -0.0038695526123047053 0.12868877 0.121688776 "" "" 0.7786658986554436 "" 0.10018781083455654 "" 1.0
65.10380752873 44.93222519985 0.0223 0.0174 1.4644 "" "" 232720711289590144 2304.28052 0.4069 0.0297 0.935 -1.87 0.03 0.022 1.039 10410.6 4.0575 15.132923 1.192709 15.637942 14.445233 "" "" 2171.14917 2477.68872 16663.93637 4.0354 7590.0 13.445 13215.0 14.041 "" "" 0.002767836593113253 0.003388815 0.003951521 0.007340336 65.10380752873 44.93222519985 2304.28052 0.935 -1.87 -0.10578257083892817 0.021130447387695206 0.12868877 0.12068877 "" "" 1.1782132664340546 "" 0.15127198056596022 "" 1.0
65.22105676454 44.99931141157 0.0291 0.0213 6.1481 "" "" 232721192325866880 2582.05908 0.3554 0.0344 0.989 -1.878 0.037 0.029 1.101 "" "" 15.205075 1.146998 15.687255 14.540256 "" "" 2386.55225 2874.6748 15592.53504 4.4539 7253.0 13.236 12108.0 14.164 "" "" 0.0027727192248764073 0.0034221099 0.0039870893 0.007409199 65.22105676454 44.99931141157 2582.05908 0.989 -1.878 -0.05178257083892823 0.01313044738769542 0.13568878 0.12768877 "" "" 0.6538220720770094 "" 0.08840910942089755 "" 0.8
65.23031305012 44.93407254707 0.0266 0.021 4.2723 "" "" 232673810246684672 2578.35376 0.3557 0.034 1.148 -1.939 0.036 0.026 1.04 9865.1 4.0542 15.403347 1.317212 15.977641 14.660429 "" "" 2412.17407 2789.05078 12989.96829 3.864 5550.9 12.033 10839.0 12.918 "" "" 0.002774183621237961 0.0036502788 0.003994763 0.0076450417 65.23031305012 44.93407254707 2578.35376 1.1479999999999997 -1.939000000000001 0.10721742916107169 -0.047869552612304744 0.13468876 0.124688774 "" "" 1.4350163675343177 "" 0.1909702330615924 "" 1.0
65.13116498887 44.91230288603 0.0294 0.0231 0.3683 "" "" 232720466473568128 2194.26343 0.4294 0.0406 1.128 -1.896 0.04 0.03 1.04 10180.9 4.2376 15.672492 1.141109 16.149076 15.007968 "" "" 1994.79443 2369.7146 10137.94598 3.0323 4740.1 11.465 7869.9 7.912 "" "" 0.0027743919471622572 0.0038316362 0.0039338525 0.0077654887 65.13116498887 44.91230288603 2194.26343 1.1280000000000001 -1.896 0.08721742916107167 -0.004869552612304595 0.13868877 0.12868877 "" "" 0.9085445702844084 "" 0.12597771292510157 "" 1.0
65.12717123578 44.92987371807 0.0295 0.0228 0.7212 "" "" 232720539490892928 2206.16553 0.4158 0.0397 0.944 -1.97 0.04 0.029 0.967 9264.0 3.6684 15.706632 1.186441 16.209793 15.023352 "" "" 2030.30518 2382.98608 9824.13138 3.3115 4482.3 11.836 7759.2 11.23 "" "" 0.002779519608903236 0.0040005953 0.0040930463 0.008093642 65.12717123578 44.92987371807 2206.16553 0.944 -1.97 -0.09678257083892827 -0.07886955261230466 0.13868877 0.12768877 "" "" 1.3055740166144199 "" 0.17547827899949112 "" 1.0
