Clusters/Berkeley_11/Berkeley_11_stars_in_region.tsv
# %ECSV 1.0
# ---
# datatype:
# - name: RA_ICRS_1
#   unit: deg
#   datatype: float64
#   format: '{:15.11f}'
#   description: Right ascension (ICRS) at Ep=2016.0 (ra)
#   meta: !!omap
#   - {ucd: POS_EQ_RA_MAIN}
#   - {width: 15}
#   - {precision: '11'}
# - name: DE_ICRS_1
#   unit: deg
#   datatype: float64
#   format: '{:15.11f}'
#   description: Declination (ICRS) at Ep=2016.0 (dec)
#   meta: !!omap
#   - {ucd: POS_EQ_DEC_MAIN}
#   - {width: 15}
#   - {precision: '11'}
# - name: e_RA_ICRS
#   unit: mas
#   datatype: float64
#   format: '{:7.4f}'
#   description: Standard error of right ascension (ra_error)
#   meta: !!omap
#   - {ucd: ERROR}
#   - {width: 7}
#   - {precision: '4'}
# - name: e_DE_ICRS
#   unit: mas
#   datatype: float64
#   format: '{:7.4f}'
#   description: Standard error of declination (dec_error)
#   meta: !!omap
#   - {ucd: ERROR}
#   - {width: 7}
#   - {precision: '4'}
# - name: _r_1
#   unit: ''
#   datatype: float64
#   format: '{:7.4f}'
#   description: Distance from center (065.13221097000+44.91839605000)[ICRS], at Epoch=J2016.0
#   meta: !!omap
#   - {ucd: POS_ANG_DIST_GENERAL}
#   - {width: 7}
#   - {precision: '4'}
# - name: HIP
#   datatype: int32
#   description: '? HIP cross-id number, van Leeuwen, Cat. I/311 (hip_original_ext_source_id)'
#   meta: !!omap
#   - {ucd: ID_NUMBER}
#   - {width: 6}
#   - values: {'null': -2147483648}
# - name: TYC2
#   datatype: string
#   description: Tycho-2 cross-id name, Hog et al., Cat. I/259 (tyc2_original_ext_source_id)
#   meta: !!omap
#   - {ucd: ID_CROSSID}
#   - {_votable_string_dtype: char}
# - name: Source
#   datatype: int64
#   description: Source identifier, identical to the Gaia-EDR3 source_id (id)
#   meta: !!omap
#   - {ucd: ID_MAIN}
#   - {width: 19}
# - name: rgeo
#   unit: pc
#   datatype: float64
#   format: '{:15.8f}'
#   description: '? Median of the geometric distance posterior (r_med_geo)'
#   meta: !!omap
#   - {ucd: PHYS_DISTANCE_TRUE}
#   - {width: 15}
#   - {precision: '8'}
#   - values: {'null': .nan}
# - name: Plx
#   unit: mas
#   datatype: float64
#   format: '{:9.4f}'
#   description: '? Parallax (parallax)'
#   meta: !!omap
#   - {ucd: POS_PARLX_TRIG}
#   - {width: 9}
#   - {precision: '4'}
#   - values: {'null': .nan}
# - name: e_Plx
#   unit: mas
#   datatype: float32
#   format: '{:7.4f}'
#   description: '? Standard error of parallax (parallax_error)'
#   meta: !!omap
#   - {ucd: ERROR}
#   - {width: 7}
#   - {precision: '4'}
#   - values: {'null': .nan}
# - name: pmRA
#   unit: mas / yr
#   datatype: float64
#   format: '{:9.3f}'
#   description: '? Proper motion in right ascension direction, pmRA*cosDE (pmra)'
#   meta: !!omap
#   - {ucd: POS_EQ_PMRA}
#   - {width: 9}
#   - {precision: '3'}
#   - values: {'null': .nan}
# - name: pmDE
#   unit: mas / yr
#   datatype: float64
#   format: '{:9.3f}'
#   description: '? Proper motion in declination direction (pmdec)'
#   meta: !!omap
#   - {ucd: POS_EQ_PMDEC}
#   - {width: 9}
#   - {precision: '3'}
#   - values: {'null': .nan}
# - name: e_pmRA
#   unit: mas / yr
#   datatype: float32
#   format: '{:6.3f}'
#   description: '? Standard error of proper motion in right ascension direction (pmra_error)'
#   meta: !!omap
#   - {ucd: ERROR}
#   - {width: 6}
#   - {precision: '3'}
#   - values: {'null': .nan}
# - name: e_pmDE
[...]
#         unit: &id001 !astropy.units.Unit {unit: deg}
#         value: !astropy.table.SerializedColumn {name: SkyCoord.dec}
#       distance: !astropy.table.SerializedColumn
#         __class__: astropy.coordinates.distances.Distance
#         unit: !astropy.units.Unit {unit: pc}
#         value: !astropy.table.SerializedColumn {name: SkyCoord.distance}
#       frame: icrs
#       obstime: !astropy.time.Time {format: jyear_str, in_subfmt: '*', jd1: 367701545.0, jd2: 0.0, out_subfmt: '*', precision: 3, scale: tt}
#       pm_dec: !astropy.table.SerializedColumn
#         __class__: astropy.units.quantity.Quantity
#         unit: !astropy.units.Unit {unit: mas / yr}
#         value: !astropy.table.SerializedColumn {name: SkyCoord.pm_dec}
#       pm_ra_cosdec: !astropy.table.SerializedColumn
#         __class__: astropy.units.quantity.Quantity
#         unit: !astropy.units.Unit {unit: mas / yr}
#         value: !astropy.table.SerializedColumn {name: SkyCoord.pm_ra_cosdec}
#       ra: !astropy.table.SerializedColumn
#         __class__: astropy.coordinates.angles.Longitude
#         unit: *id001
#         value: !astropy.table.SerializedColumn {name: SkyCoord.ra}
#         wrap_angle: !astropy.coordinates.Angle
#           unit: *id001
#           value: 360.0
#       representation_type: spherical
# schema: astropy-2.0
RA_ICRS_1 DE_ICRS_1 e_RA_ICRS e_DE_ICRS _r_1 HIP TYC2 Source rgeo Plx e_Plx pmRA pmDE e_pmRA e_pmDE RUWE Teff logg Gmag BP-RP BPmag RPmag RV e_RV b_rgeo B_rgeo FG e_FG FBP e_FBP FRP e_FRP RAVE5 RAVE6 e_Gmag e_BPmag e_RPmag e_BP-RP SkyCoord.ra SkyCoord.dec SkyCoord.distance SkyCoord.pm_ra_cosdec SkyCoord.pm_dec
[from data line 41]
65.12391937075 44.93169587341 0.0232 0.0176 0.8723 "" "" 232720539490892544 2455.73706 0.3698 0.0321 0.974 -1.895 0.03 0.023 0.99 10253.6 3.9321 15.110827 1.115011 15.575386 14.460375 "" "" 2292.55615 2670.479 17006.52629 4.5334 8040.1 14.575 13032.0 14.273 "" "" 0.0027704791920887366 0.0034145128 0.0039620386 0.0073765516 65.12391937075 44.93169587341 2455.73706 0.974 -1.8949999999999996
65.10380752873 44.93222519985 0.0223 0.0174 1.4644 "" "" 232720711289590144 2304.28052 0.4069 0.0297 0.935 -1.87 0.03 0.022 1.039 10410.6 4.0575 15.132923 1.192709 15.637942 14.445233 "" "" 2171.14917 2477.68872 16663.93637 4.0354 7590.0 13.445 13215.0 14.041 "" "" 0.002767836593113253 0.003388815 0.003951521 0.007340336 65.10380752873 44.93222519985 2304.28052 0.935 -1.87
64.80075722354 44.84331488259 0.0273 0.0192 14.7941 "" "" 232716347602927616 2189.33325 0.4248 0.0359 -0.794 -0.878 0.039 0.025 1.059 8699.3 3.5987 15.162081 1.002041 15.572843 14.570802 "" "" 2026.77234 2366.94702 16222.37643 4.0492 8059.0 12.056 11772.0 14.426 "" "" 0.002768615846321147 0.0032284916 0.004006744 0.0072352355 64.80075722354 44.84331488259 2189.33325 -0.7939999999999999 -0.8780000000000001
64.88533187473 44.8804132536 0.0264 0.0198 10.7372 "" "" 232716622480800768 2306.87329 0.3956 0.035 3.737 -3.346 0.039 0.025 1.067 5071.0 3.3034 15.164352 2.248894 16.347336 14.098442 14.54 3.71 2137.21899 2491.14722 16188.47523 4.8204 3949.0 10.848 18188.0 14.858 "" "" 0.0027742224570397396 0.0040841913 0.0038820624 0.007966254 64.88533187473 44.8804132536 2306.87329 3.7370000000000005 -3.346
65.37629389501 44.80759918936 0.0239 0.0186 12.3265 "" "" 232680132438573696 2926.04028 0.31 0.0301 1.065 -0.791 0.03 0.024 0.989 9238.8 3.5308 15.200253 1.263008 15.745429 14.482421 "" "" 2704.16797 3205.16406 15661.94206 3.7978 6874.6 11.869 12770.0 13.408 "" "" 0.0027678698488046456 0.003361382 0.0039475667 0.007308949 65.37629389501 44.80759918936 2926.04028 1.065 -0.7909999999999999
65.22105676454 44.99931141157 0.0291 0.0213 6.1481 "" "" 232721192325866880 2582.05908 0.3554 0.0344 0.989 -1.878 0.037 0.029 1.101 "" "" 15.205075 1.146998 15.687255 14.540256 "" "" 2386.55225 2874.6748 15592.53504 4.4539 7253.0 13.236 12108.0 14.164 "" "" 0.0027727192248764073 0.0034221099 0.0039870893 0.007409199 65.22105676454 44.99931141157 2582.05908 0.989 -1.878
65.11053040515 44.85531178026 0.0257 0.0204 3.8956 "" "" 232671714302713856 2226.82349 0.3992 0.0332 0.882 -1.17 0.035 0.026 1.081 6098.0 3.23 15.251652 2.21983 16.411524 14.191694 13.33 7.14 2075.84448 2396.56445 14937.78571 4.2193 3722.3 8.2831 16691.0 15.655 "" "" 0.002772334573556743 0.003690846 0.0039141737 0.00760502 65.11053040515 44.85531178026 2226.82349 0.8820000000000001 -1.17
65.14320557071 44.93664489514 0.03 0.0241 1.1904 "" "" 232720642570099200 2903.98291 0.314 0.0395 1.058 -1.986 0.041 0.03 1.311 6318.8 3.8953 15.271212 1.231597 15.642885 14.411288 "" "" 2610.7373 3241.99609 14671.08036 6.6538 7555.5 118.44 13635.0 233.87 "" "" 0.002798975293342243 0.017247183 0.019002376 0.03624956 65.14320557071 44.93664489514 2903.98291 1.0579999999999998 -1.9860000000000002
65.04250928516 45.0247383897 0.027 0.0192 7.4303 "" "" 232723631867318016 2513.22583 0.355 0.0352 -0.485 -2.727 0.032 0.025 0.962 6279.0 3.7167 15.274674 2.076083 16.3354 14.259316 12.97 5.09 2342.09302 2742.68066 14624.36828 4.8748 3992.6 11.556 15683.0 13.931 "" "" 0.002778987284293739 0.0042024264 0.0039004975 0.008102924 65.04250928516 45.0247383897 2513.22583 -0.48499999999999976 -2.727
65.17186852494 45.08521060934 0.0307 0.0211 10.1493 "" "" 232725521652871296 2517.25391 0.3577 0.0362 0.499 -1.498 0.038 0.027 1.064 9581.8 4.0349 15.274754 1.094767 15.729448 14.634682 "" "" 2302.86035 2749.37207 14623.29678 4.3299 6976.5 16.182 11099.0 13.648 "" "" 0.0027740115681818447 0.0037586188 0.0040082643 0.007766883 65.17186852494 45.08521060934 2517.25391 0.499 -1.4979999999999998
64.86163636873 44.88930201712 0.0271 0.0206 11.6305 "" "" 232716897358709120 2171.65356 0.429 0.0358 1.055 1.373 0.04 0.026 0.992 6299.5 3.8488 15.281486 1.850718 16.188913 14.338195 -51.36 10.73 2003.22522 2360.60425 14532.90214 4.3197 4569.3 11.14 14584.0 15.959 "" "" 0.002774155265274552 0.003846017 0.0039617307 0.0078077475 64.86163636873 44.88930201712 2171.65356 1.055 1.3729999999999998
64.91206176515 44.91477517208 0.0251 0.0196 9.3562 "" "" 232716828639207808 2964.41846 0.3089 0.0333 0.571 -0.625 0.034 0.025 0.925 9248.6 3.6016 15.287931 1.320434 15.864423 14.543989 "" "" 2716.2627 3237.76196 14446.88284 3.6998 6161.0 9.8667 12066.0 15.684 "" "" 0.0027693145675483414 0.0032876146 0.004034288 0.0073219026 64.91206176515 44.91477517208 2964.41846 0.5710000000000001 -0.625
64.9151590492 44.79851140056 0.0276 0.0212 11.703 "" "" 232712499312225664 2782.13574 0.3246 0.0368 -0.299 -0.792 0.041 0.026 0.96 "" "" 15.35656 1.178005 15.804602 14.626596 "" "" 2563.64697 3154.11963 13561.97133 3.9859 6509.9 39.237 11182.0 91.912 "" "" 0.0027737365986505043 0.0071140337 0.009691642 0.016805675 64.9151590492 44.79851140056 2782.13574 -0.29900000000000004 -0.792
64.85357491486 44.96944504454 0.0268 0.0196 12.2231 "" "" 232718168668992256 2293.37329 0.3958 0.0352 0.934 -1.844 0.034 0.025 1.078 5459.9 3.5066 15.373992 1.640739 16.141829 14.50109 "" "" 2150.64771 2484.60376 13345.96436 3.6779 4771.8 13.721 12552.0 13.672 "" "" 0.002771518586136326 0.004187088 0.0039600893 0.008147177 64.85357491486 44.96944504454 2293.37329 0.9340000000000002 -1.8440000000000003
65.35459216766 45.01604755254 0.0335 0.0216 11.1107 "" "" 232697896423214720 2528.54541 0.3592 0.0344 1.002 -1.914 0.041 0.028 1.007 10162.5 4.2784 15.397499 1.142487 15.87757 14.735084 "" "" 2348.44678 2771.82251 13060.1167 3.8493 6086.8 13.585 10119.0 12.701 "" "" 0.002773840957667039 0.0036955513 0.0040175724 0.0077131237 65.35459216766 45.01604755254 2528.54541 1.0019999999999998 -1.9140000000000001
65.23031305012 44.93407254707 0.0266 0.021 4.2723 "" "" 232673810246684672 2578.35376 0.3557 0.034 1.148 -1.939 0.036 0.026 1.04 9865.1 4.0542 15.403347 1.317212 15.977641 14.660429 "" "" 2412.17407 2789.05078 12989.96829 3.864 5550.9 12.033 10839.0 12.918 "" "" 0.002774183621237961 0.0036502788 0.003994763 0.0076450417 65.23031305012 44.93407254707 2578.35376 1.148 -1.9390000000000003
65.17913266772 44.82106172088 0.0273 0.0211 6.1715 "" "" 232672092259837056 2875.35889 0.3078 0.0346 4.627 -0.227 0.037 0.027 1.02 6732.5 3.5132 15.420223 2.186615 16.5555 14.368885 1.69 6.57 2544.87402 3243.68604 12789.61287 4.1155 3260.0 9.6286 14178.0 11.607 "" "" 0.0027773820385565188 0.004250708 0.003882497 0.008133205 65.17913266772 44.82106172088 2875.35889 4.626999999999999 -0.2270000000000001
65.32225648626 44.77357203636 0.0269 0.0198 11.8687 "" "" 232656596017823104 2360.20874 0.3898 0.0332 -0.996 -1.245 0.034 0.025 1.081 "" "" 15.422147 1.287999 15.981687 14.693687 "" "" 2177.88501 2500.72559 12766.97613 4.1558 5530.2 14.401 10512.0 23.795 "" "" 0.002777893978946077 0.0039722575 0.004508204 0.008480461 65.32225648626 44.77357203636 2360.20874 -0.996 -1.245
65.25075362479 44.71451217171 0.0299 0.0206 13.2327 "" "" 232655943182839040 2535.27124 0.3471 0.0377 2.596 -0.884 0.039 0.026 0.996 "" "" 15.481806 1.471706 16.150059 14.678352 "" "" 2330.68042 2862.46484 12084.38572 3.7304 4735.8 13.514 10661.0 14.53 "" "" 0.0027756302248181813 0.0041694283 0.0040587466 0.008228175 65.25075362479 44.71451217171 2535.27124 2.5960000000000005 -0.8840000000000001
65.06019396895 44.8810017398 0.027 0.0204 3.795 "" "" 232718890223492480 2413.58276 0.3722 0.0354 -0.342 -2.346 0.037 0.026 0.99 "" "" 15.48926 2.411063 16.785511 14.374448 -44.01 4.76 2244.46655 2622.15747 12001.69912 3.6387 2637.6 10.144 14105.0 12.378 "" "" 0.0027749137044701523 0.0050220652 0.0038976346 0.0089197 65.06019396895 44.8810017398 2413.58276 -0.34199999999999997 -2.3459999999999996
65.20947356671 44.9083003656 0.0288 0.0233 3.3383 "" "" 232673707167487360 2597.59277 0.3366 0.0364 0.991 -5.671 0.039 0.029 1.08 4770.8 3.3019 15.489459 2.257216 16.679539 14.422323 -22.01 3.78 2381.51562 2963.42432 11999.50269 3.9243 2908.0 9.7916 13497.0 9.967 "" "" 0.002778105375339365 0.004598912 0.0038634916 0.008462403 65.20947356671 44.9083003656 2597.59277 0.9910000000000002 -5.671
65.18733204117 44.85183051556 0.0282 0.0219 4.6306 "" "" 232672470216943104 2720.15747 0.3277 0.0343 -0.93 -1.224 0.038 0.027 1.006 7084.6 3.8901 15.510757 1.948736 16.483126 14.534389 "" "" 2519.00439 3018.05493 11766.4029 4.6296 3484.7 13.998 12173.0 15.606 "" "" 0.0027882401617077618 0.0051775253 0.0040275557 0.009205081 65.18733204117 44.85183051556 2720.15747 -0.9300000000000002 -1.2239999999999998
65.3301973493 44.9763132854 0.0316 0.0231 9.0974 "" "" 232696762551873152 2816.55615 0.3097 0.0371 0.565 -2.195 0.04 0.031 1.047 5085.6 3.507 15.527093 2.061281 16.575907 14.514626 "" "" 2551.04297 3144.271 11590.69947 3.8676 3199.3 8.4779 12397.0 13.038 "" "" 0.0027790364075017063 0.0040078494 0.0039481143 0.007955964 65.3301973493 44.9763132854 2816.55615 0.565 -2.195
65.27547658542 44.7720803328 0.0323 0.0251 10.6871 "" "" 232668278328879616 3004.39404 0.3084 0.0381 0.789 -1.541 0.044 0.032 1.146 "" "" 15.550552 1.275227 16.005571 14.730345 "" "" 2681.5376 3410.11401 11342.94201 12.994 5409.9 15.077 10163.0 54.26 "" "" 0.0030230387203336348 0.004115936 0.0069199465 0.011035882 65.27547658542 44.7720803328 3004.39404 0.7889999999999999 -1.541
65.08039421917 45.05325305289 0.0308 0.0225 8.3849 "" "" 232725246774999680 2426.07764 0.3784 0.0376 1.624 -0.975 0.04 0.028 1.07 4935.6 3.4627 15.554241 2.179059 16.68725 14.508191 "" "" 2198.50781 2628.65576 11304.4695 4.1255 2887.5 11.559 12470.0 14.607 "" "" 0.0027836648595491466 0.005164845 0.0039876313 0.009152476 65.08039421917 45.05325305289 2426.07764 1.6240000000000003 -0.9750000000000001
65.02748266818 45.01707743038 0.0292 0.0228 7.4042 "" "" 232723631867325184 2651.29712 0.347 0.038 -0.15 -1.294 0.039 0.028 1.02 9588.5 4.311 15.583671 1.194636 16.079737 14.8851 "" "" 2380.59253 2951.86279 11002.17186 3.545 5052.7 11.178 8812.9 25.777 "" "" 0.0027774400599781405 0.003681635 0.0049364683 0.008618103 65.02748266818 45.01707743038 2651.29712 -0.14999999999999997 -1.294
64.93022444331 45.07680559451 0.0286 0.0203 12.7977 "" "" 232736654208160384 2914.72021 0.3079 0.0368 -0.201 -0.565 0.034 0.026 0.998 9502.8 4.1731 15.599298 1.25956 16.13408 14.874521 "" "" 2569.82471 3271.67944 10844.95863 3.3421 4806.0 17.303 8899.2 12.516 "" "" 0.0027755614487482267 0.0048026103 0.004076206 0.008878816 64.93022444331 45.07680559451 2914.72021 -0.20099999999999996 -0.565
65.1899412547 44.96412511065 0.0296 0.0222 3.6796 "" "" 232720986167459584 2141.30005 0.4365 0.0361 1.485 -3.185 0.037 0.029 1.058 7879.6 4.0828 15.600667 1.504369 16.287792 14.783423 "" "" 1992.14648 2271.19507 10831.28024 3.2665 4171.6 11.761 9678.1 10.275 "" "" 0.00277470793203987 0.004141845 0.0039512585 0.008093104 65.1899412547 44.96412511065 2141.30005 1.485 -3.1849999999999996
65.17773007448 45.08884927414 0.0382 0.0255 10.4079 "" "" 232725556012606848 2377.56323 0.3813 0.0434 0.025 -2.255 0.045 0.033 1.091 8231.0 4.2709 15.653243 1.145179 16.142723 14.997544 "" "" 2180.37646 2636.01172 10319.28146 4.2486 4767.9 15.949 7945.9 16.65 "" "" 0.002791345648601843 0.0045799073 0.0044113137 0.008991221 65.17773007448 45.08884927414 2377.56323 0.02499999999999991 -2.255
65.31937529977 44.88607283313 0.0292 0.0231 8.1873 "" "" 232693223498865024 2513.3418 0.3669 0.0371 1.037 -1.926 0.039 0.03 1.027 9580.5 4.0297 15.658978 1.173357 16.155579 14.982222 "" "" 2316.28149 2792.82568 10264.92468 3.5701 4711.8 11.899 8058.8 10.232 "" "" 0.002781075741082956 0.003911897 0.0040229415 0.0079348385 65.31937529977 44.88607283313 2513.3418 1.037 -1.9260000000000002
65.13116498887 44.91230288603 0.0294 0.0231 0.3683 "" "" 232720466473568128 2194.26343 0.4294 0.0406 1.128 -1.896 0.04 0.03 1.04 10180.9 4.2376 15.672492 1.141109 16.149076 15.007968 "" "" 1994.79443 2369.7146 10137.94598 3.0323 4740.1 11.465 7869.9 7.912 "" "" 0.0027743919471622572 0.0038316362 0.0039338525 0.0077654887 65.13116498887 44.91230288603 2194.26343 1.1280000000000001 -1.896
65.14384575016 44.93670013799 0.0335 0.0303 1.2043 "" "" 232720642566391808 2600.28564 0.3589 0.0464 0.938 -1.839 0.046 0.04 1.291 "" "" 15.674195 "" "" "" "" "" 2337.83618 2956.05737 10122.05783 5.0873 "" "" "" "" "" "" 0.0028088365216142833 "" "" "" 65.14384575016 44.93670013799 2600.28564 0.9379999999999997 -1.8389999999999997
65.12717123578 44.92987371807 0.0295 0.0228 0.7212 "" "" 232720539490892928 2206.16553 0.4158 0.0397 0.944 -1.97 0.04 0.029 0.967 9264.0 3.6684 15.706632 1.186441 16.209793 15.023352 "" "" 2030.30518 2382.98608 9824.13138 3.3115 4482.3 11.836 7759.2 11.23 "" "" 0.002779519608903236 0.0040005953 0.0040930463 0.008093642 65.12717123578 44.92987371807 2206.16553 0.944 -1.97
65.25490457094 44.94750693962 0.034 0.0265 5.4964 "" "" 232673947685625088 2975.87427 0.3027 0.0406 1.262 -1.259 0.042 0.033 0.998 4970.7 3.1806 15.720221 2.357083 16.976921 14.619838 "" "" 2676.74121 3314.42358 9701.93508 4.3197 2211.3 10.759 11252.0 17.797 "" "" 0.0027974057296025518 0.0059741954 0.0041512386 0.010125434 65.25490457094 44.94750693962 2975.87427 1.2620000000000002 -1.259
64.98438073206 45.00249736416 0.0326 0.0265 8.0532 "" "" 232723528788128000 2474.28882 0.3739 0.0425 1.236 -1.712 0.044 0.033 1.043 9256.4 4.2673 15.732578 1.310817 16.306313 14.995496 "" "" 2261.52393 2769.88867 9592.13472 3.4054 4101.0 12.574 7960.9 12.128 "" "" 0.002782151568369878 0.0043436154 0.004125487 0.008469103 64.98438073206 45.00249736416 2474.28882 1.236 -1.7119999999999997
65.30170098096 44.94084636239 0.0346 0.0248 7.3246 "" "" 232696556393463936 2154.87842 0.4339 0.0399 2.825 -1.212 0.043 0.032 0.987 9483.8 4.1888 15.74836 1.242517 16.28233 15.039812 "" "" 1995.13782 2365.27661 9453.72694 3.599 4192.6 12.862 7642.5 18.604 "" "" 0.002786150739240711 0.004345034 0.0046118447 0.008956878 65.30170098096 44.94084636239 2154.87842 2.825 -1.2120000000000002
65.14082724621 44.94765415474 0.0301 0.0234 1.7932 "" "" 232720642570094080 2501.23218 0.3653 0.0407 0.94 -1.911 0.041 0.03 1.05 "" "" 15.766806 1.228548 16.296986 15.068438 "" "" 2264.09863 2772.14307 9294.46537 3.2974 4136.4 12.609 7443.6 9.6071 "" "" 0.0027821140106978753 0.004328839 0.0040308055 0.008359645 65.14082724621 44.94765415474 2501.23218 0.9400000000000002 -1.911
65.06688467763 44.93040329659 0.0343 0.0243 2.8672 "" "" 232720024094834560 2601.04004 0.3537 0.0455 1.096 -1.995 0.045 0.031 1.07 10008.0 4.1591 15.776372 1.457842 16.42687 14.969028 "" "" 2309.49536 2918.64771 9212.93184 3.403 3670.0 18.777 8157.3 10.689 "" "" 0.002784353249940988 0.00621636 0.004038294 0.010254653 65.06688467763 44.93040329659 2601.04004 1.096 -1.995
65.25342970896 44.71873661011 0.0334 0.0238 13.0433 "" "" 232656046262051712 2247.35425 0.4146 0.0426 -1.234 -2.599 0.045 0.03 1.029 6682.9 4.1855 15.79446 1.624051 16.557425 14.933373 "" "" 2050.98169 2480.24194 9060.72057 3.1605 3254.2 10.441 8429.6 12.302 "" "" 0.0027812259287526174 0.0044632023 0.004098094 0.008561296 65.25342970896 44.71873661011 2247.35425 -1.234 -2.599
65.35049948852 44.84143815448 0.033 0.0259 10.3658 "" "" 232692123987251840 2701.17456 0.328 0.0411 -0.5 -1.001 0.044 0.034 1.006 9262.4 4.2719 15.796359 1.158259 16.290545 15.132285 "" "" 2415.69067 3149.11157 9044.8855 3.0591 4161.0 9.459 7018.5 12.236 "" "" 0.0027796821453943943 0.0037251604 0.0042268974 0.007952058 65.35049948852 44.84143815448 2701.17456 -0.5 -1.001
