Clusters/Berkeley_11/Berkeley_11_stars_in_region.tsv
# %ECSV 1.0
# ---
# datatype:
# - name: RA_ICRS_1
#   unit: deg
#   datatype: float64
#   format: '{:15.11f}'
#   description: Right ascension (ICRS) at Ep=2016.0 (ra)
#   meta: !!omap
#   - {ucd: POS_EQ_RA_MAIN}
#   - {width: 15}
#   - {precision: '11'}
# - name: DE_ICRS_1
#   unit: deg
#   datatype: float64
#   format: '{:15.11f}'
#   description: Declination (ICRS) at Ep=2016.0 (dec)
#   meta: !!omap
#   - {ucd: POS_EQ_DEC_MAIN}
#   - {width: 15}
#   - {precision: '11'}
# - name: e_RA_ICRS
#   unit: mas
#   datatype: float64
#   format: '{:7.4f}'
#   description: Standard error of right ascension (ra_error)
#   meta: !!omap
#   - {ucd: ERROR}
#   - {width: 7}
#   - {precision: '4'}
# - name: e_DE_ICRS
#   unit: mas
#   datatype: float64
#   format: '{:7.4f}'
#   description: Standard error of declination (dec_error)
#   meta: !!omap
#   - {ucd: ERROR}
#   - {width: 7}
#   - {precision: '4'}
# - name: _r_1
#   unit: ''
#   datatype: float64
#   format: '{:7.4f}'
#   description: Distance from center (065.13221097000+44.91839605000)[ICRS], at Epoch=J2016.0
#   meta: !!omap
#   - {ucd: POS_ANG_DIST_GENERAL}
#   - {width: 7}
#   - {precision: '4'}
# - name: HIP
#   datatype: int32
#   description: '? HIP cross-id number, van Leeuwen, Cat. I/311 (hip_original_ext_source_id)'
#   meta: !!omap
#   - {ucd: ID_NUMBER}
#   - {width: 6}
#   - values: {'null': -2147483648}
# - name: TYC2
#   datatype: string
#   description: Tycho-2 cross-id name, Hog et al., Cat. I/259 (tyc2_original_ext_source_id)
#   meta: !!omap
#   - {ucd: ID_CROSSID}
#   - {_votable_string_dtype: char}
# - name: Source
#   datatype: int64
#   description: Source identifier, identical to the Gaia-EDR3 source_id (id)
#   meta: !!omap
#   - {ucd: ID_MAIN}
#   - {width: 19}
# - name: rgeo
#   unit: pc
#   datatype: float64
#   format: '{:15.8f}'
#   description: '? Median of the geometric distance posterior (r_med_geo)'
#   meta: !!omap
#   - {ucd: PHYS_DISTANCE_TRUE}
#   - {width: 15}
#   - {precision: '8'}
#   - values: {'null': .nan}
# - name: Plx
#   unit: mas
#   datatype: float64
#   format: '{:9.4f}'
#   description: '? Parallax (parallax)'
#   meta: !!omap
#   - {ucd: POS_PARLX_TRIG}
#   - {width: 9}
#   - {precision: '4'}
#   - values: {'null': .nan}
# - name: e_Plx
#   unit: mas
#   datatype: float32
#   format: '{:7.4f}'
#   description: '? Standard error of parallax (parallax_error)'
#   meta: !!omap
#   - {ucd: ERROR}
#   - {width: 7}
#   - {precision: '4'}
#   - values: {'null': .nan}
# - name: pmRA
#   unit: mas / yr
#   datatype: float64
#   format: '{:9.3f}'
#   description: '? Proper motion in right ascension direction, pmRA*cosDE (pmra)'
#   meta: !!omap
#   - {ucd: POS_EQ_PMRA}
#   - {width: 9}
#   - {precision: '3'}
#   - values: {'null': .nan}
# - name: pmDE
#   unit: mas / yr
#   datatype: float64
#   format: '{:9.3f}'
#   description: '? Proper motion in declination direction (pmdec)'
#   meta: !!omap
#   - {ucd: POS_EQ_PMDEC}
#   - {width: 9}
#   - {precision: '3'}
#   - values: {'null': .nan}
# - name: e_pmRA
#   unit: mas / yr
#   datatype: float32
#   format: '{:6.3f}'
#   description: '? Standard error of proper motion in right ascension direction (pmra_error)'
#   meta: !!omap
#   - {ucd: ERROR}
#   - {width: 6}
#   - {precision: '3'}
#   - values: {'null': .nan}
# - name: e_pmDE
[...]
#         unit: &id001 !astropy.units.Unit {unit: deg}
#         value: !astropy.table.SerializedColumn {name: SkyCoord.dec}
#       distance: !astropy.table.SerializedColumn
#         __class__: astropy.coordinates.distances.Distance
#         unit: !astropy.units.Unit {unit: pc}
#         value: !astropy.table.SerializedColumn {name: SkyCoord.distance}
#       frame: icrs
#       obstime: !astropy.time.Time {format: jyear_str, in_subfmt: '*', jd1: 367701545.0, jd2: 0.0, out_subfmt: '*', precision: 3, scale: tt}
#       pm_dec: !astropy.table.SerializedColumn
#         __class__: astropy.units.quantity.Quantity
#         unit: !astropy.units.Unit {unit: mas / yr}
#         value: !astropy.table.SerializedColumn {name: SkyCoord.pm_dec}
#       pm_ra_cosdec: !astropy.table.SerializedColumn
#         __class__: astropy.units.quantity.Quantity
#         unit: !astropy.units.Unit {unit: mas / yr}
#         value: !astropy.table.SerializedColumn {name: SkyCoord.pm_ra_cosdec}
#       ra: !astropy.table.SerializedColumn
#         __class__: astropy.coordinates.angles.Longitude
#         unit: *id001
#         value: !astropy.table.SerializedColumn {name: SkyCoord.ra}
#         wrap_angle: !astropy.coordinates.Angle
#           unit: *id001
#           value: 360.0
#       representation_type: spherical
# schema: astropy-2.0
RA_ICRS_1 DE_ICRS_1 e_RA_ICRS e_DE_ICRS _r_1 HIP TYC2 Source rgeo Plx e_Plx pmRA pmDE e_pmRA e_pmDE RUWE Teff logg Gmag BP-RP BPmag RPmag RV e_RV b_rgeo B_rgeo FG e_FG FBP e_FBP FRP e_FRP RAVE5 RAVE6 e_Gmag e_BPmag e_RPmag e_BP-RP SkyCoord.ra SkyCoord.dec SkyCoord.distance SkyCoord.pm_ra_cosdec SkyCoord.pm_dec
[from data line 82]
65.01033681413 44.71096906804 0.0394 0.0274 13.4834 "" "" 232664052081142784 2380.67041 0.3954 0.0455 -0.855 -1.037 0.054 0.035 1.089 9405.2 4.1355 15.838156 1.515027 16.524548 15.009521 "" "" 2136.95728 2629.05054 8703.30634 3.2501 3354.3 10.072 7858.7 13.644 "" "" 0.002784991682740386 0.004291113 0.0042233896 0.008514503 65.01033681413 44.71096906804 2380.67041 -0.855 -1.037
65.31253117974 44.70506145433 0.0326 0.0232 14.9249 "" "" 232656114981520640 2166.0481 0.4266 0.0421 1.627 -0.44 0.044 0.029 0.962 8683.7 4.3148 15.869246 1.357801 16.471525 15.113724 "" "" 1998.89136 2436.98242 8457.6181 2.7402 3522.1 7.0812 7139.5 9.9862 "" "" 0.002777684534918352 0.0035425986 0.0040730843 0.0076156827 65.31253117974 44.70506145433 2166.0481 1.627 -0.44
65.1260773211 44.89214978272 0.0349 0.0273 1.5962 "" "" 232673501009090432 2548.28442 0.3577 0.0444 1.045 -1.838 0.047 0.035 1.1 9548.8 4.0332 15.890831 1.2974 16.45517 15.157769 "" "" 2243.78687 2941.91797 8291.14148 2.766 3575.6 9.5581 6855.7 11.103 "" "" 0.0027790261821428338 0.0040259873 0.004168408 0.008194395 65.1260773211 44.89214978272 2548.28442 1.045 -1.838
64.97803528941 44.7549202152 0.0357 0.0261 11.7999 "" "" 232665151592760576 2723.51343 0.3708 0.0486 0.892 -0.588 0.052 0.033 1.053 9265.8 4.1551 15.897748 1.620955 16.65813 15.037175 "" "" 2317.88306 3144.6499 8238.49226 2.7649 2966.0 8.9042 7661.0 10.619 "" "" 0.0027793098215937776 0.0042905994 0.004067998 0.008358598 64.97803528941 44.7549202152 2723.51343 0.8920000000000001 -0.5880000000000001
64.93380817122 44.78963732589 0.0369 0.0283 11.4411 "" "" 232712293153795328 2750.60059 0.326 0.0512 -0.549 -0.338 0.055 0.037 1.015 9332.0 4.1413 15.946924 1.581305 16.679361 15.098057 "" "" 2425.24121 3116.5603 7873.6664 3.4369 2908.5 15.014 7243.3 12.892 "" "" 0.0027957823618407762 0.0062607992 0.004244772 0.010505571 64.93380817122 44.78963732589 2750.60059 -0.5490000000000002 -0.338
64.79469641661 44.91791390105 0.0352 0.0241 14.34 "" "" 232717618913216384 2712.32349 0.3407 0.0454 2.262 -2.948 0.048 0.031 1.041 5467.5 3.62 15.948094 1.618532 16.70729 15.088758 "" "" 2460.19458 3233.36646 7865.18494 2.9539 2834.7 12.558 7305.6 9.929 "" "" 0.0027853298974345386 0.0055606076 0.0040572374 0.009617845 64.79469641661 44.91791390105 2712.32349 2.2620000000000005 -2.9480000000000004
64.83380583339 44.96739643555 0.0337 0.0242 13.0094 "" "" 232729816620304256 2172.77148 0.4241 0.0431 3.46 -2.53 0.044 0.031 0.941 5856.1 3.4659 15.963535 1.944486 16.93895 14.994464 "" "" 1980.01318 2380.07422 7754.12221 3.0435 2290.0 8.7716 7968.4 11.776 "" "" 0.0027880809317545855 0.0050080563 0.0041058837 0.0091139395 64.83380583339 44.96739643555 2172.77148 3.46 -2.53
65.30430178302 45.06392999057 0.0412 0.0271 11.383 "" "" 232744866186040576 2713.79761 0.3417 0.0476 -0.115 -1.139 0.05 0.037 1.017 9475.6 4.1871 15.979102 1.190155 16.483887 15.293732 "" "" 2439.38818 3033.5813 7643.73957 3.0457 3482.3 11.913 6048.7 13.706 "" "" 0.0027890766502469805 0.004645559 0.004509588 0.009155147 65.30430178302 45.06392999057 2713.79761 -0.11499999999999994 -1.1389999999999998
65.08661010811 44.91222677868 0.0335 0.0259 1.9726 "" "" 232719233820857344 2372.96094 0.3872 0.044 1.279 -2.906 0.046 0.032 0.951 6383.4 3.8971 15.981585 2.161014 17.09538 14.934367 "" "" 2160.94727 2626.81274 7626.28282 2.7629 1982.7 8.8921 8421.9 10.388 "" "" 0.002783255612040523 0.0056121023 0.004009637 0.009621739 65.08661010811 44.91222677868 2372.96094 1.279 -2.9060000000000006
65.03694776708 44.95299775839 0.0358 0.0269 4.5477 "" "" 232720195893520768 2804.53882 0.3199 0.0468 0.903 -1.734 0.053 0.034 1.01 "" "" 16.025852 1.68299 16.818426 15.135436 "" "" 2431.54395 3251.67432 7321.59358 3.524 2558.9 9.2002 6998.2 9.6348 "" "" 0.0028044396090719475 0.004798265 0.00406425 0.008862515 65.03694776708 44.95299775839 2804.53882 0.903 -1.734
64.8965558767 45.04964030507 0.0338 0.0252 12.7289 "" "" 232736241891320960 2631.66113 0.3602 0.0444 2.549 -1.576 0.045 0.033 1.048 7483.4 4.2373 16.029146 1.475038 16.698675 15.223638 "" "" 2281.4519 3034.0752 7299.42385 3.377 2857.2 10.584 6452.1 14.872 "" "" 0.0028007318490471237 0.0048949867 0.004532854 0.009427841 64.8965558767 45.04964030507 2631.66113 2.549 -1.5760000000000003
65.03660499765 45.09853315112 0.0382 0.0258 11.5441 "" "" 232726311927321728 2185.07397 0.4237 0.0468 1.591 -2.386 0.047 0.034 0.961 6739.6 4.2794 16.029947 1.618681 16.787416 15.168736 "" "" 1979.07654 2378.82471 7294.02991 2.8862 2633.0 8.4381 6786.8 11.721 "" "" 0.002788612852658749 0.0044600493 0.0042189714 0.008679021 65.03660499765 45.09853315112 2185.07397 1.591 -2.386
65.46724528111 44.85203483428 0.041 0.0274 14.7888 "" "" 232680716554080512 2744.90088 0.332 0.0469 0.314 -3.195 0.049 0.035 1.035 6652.9 4.3089 16.03459 1.516422 16.72756 15.211138 "" "" 2438.90137 3178.75732 7262.91698 2.8872 2782.2 13.672 6526.8 13.696 "" "" 0.002788920112782967 0.006020936 0.0044129966 0.010433933 65.46724528111 44.85203483428 2744.90088 0.31400000000000017 -3.1950000000000003
65.21049927415 44.89383207429 0.0365 0.0284 3.6388 "" "" 232672951253250432 2658.79663 0.337 0.0439 2.393 -1.603 0.047 0.036 0.95 9104.1 4.4589 16.064161 1.549061 16.778688 15.229628 "" "" 2368.07178 3017.77954 7067.76528 3.6893 2654.2 14.316 6416.6 11.621 "" "" 0.002813003209587584 0.0064868764 0.0042603165 0.010747192 65.21049927415 44.89383207429 2658.79663 2.393 -1.6029999999999998
65.424913767 44.89255248101 0.0391 0.0269 12.5351 "" "" 232692703803286912 2131.88916 0.4421 0.0449 -1.143 -3.033 0.046 0.034 0.964 7412.3 4.248 16.077126 1.516007 16.773373 15.257366 "" "" 1947.65906 2313.6416 6983.8762 2.7656 2667.3 10.095 6254.8 9.1059 "" "" 0.002788663782707579 0.00496696 0.004096603 0.009063562 65.424913767 44.89255248101 2131.88916 -1.1429999999999998 -3.0330000000000004
65.19417433671 44.88949119706 0.0389 0.0298 3.1531 "" "" 232673329210380160 2396.91797 0.3937 0.0492 0.962 -1.885 0.058 0.039 1.059 9616.1 4.2967 16.088623 1.190629 16.582159 15.39153 "" "" 2162.35986 2690.5603 6910.31283 2.9744 3180.9 12.893 5527.7 15.657 "" "" 0.002794671549036708 0.0052107377 0.0048724976 0.010083236 65.19417433671 44.88949119706 2396.91797 0.9620000000000001 -1.8849999999999998
65.2671118604 45.01781535188 0.0397 0.0296 8.269 "" "" 232744660027152896 2199.86572 0.4208 0.0465 -3.07 -0.051 0.051 0.037 1.025 7646.9 4.2421 16.102032 1.748465 16.944143 15.195679 "" "" 1942.77405 2392.77661 6825.49762 3.0074 2279.1 10.18 6620.4 11.344 "" "" 0.002796541694667213 0.005594995 0.0042124595 0.009807454 65.2671118604 45.01781535188 2199.86572 -3.0699999999999994 -0.05100000000000012
64.84995245068 44.79259222337 0.0401 0.0289 14.1811 "" "" 232712945988838400 2779.69995 0.3318 0.0522 -0.018 -1.255 0.058 0.037 1.01 8264.5 4.3792 16.10287 1.154324 16.593239 15.438915 "" "" 2418.73853 3173.90063 6820.21584 3.1402 3148.6 8.8621 5291.7 13.993 "" "" 0.0028003017355366444 0.0041380865 0.004746222 0.008884309 64.84995245068 44.79259222337 2779.69995 -0.018000000000000016 -1.255
65.10076648522 45.11086618498 0.0402 0.0273 11.625 "" "" 232726552445026304 2132.40186 0.4382 0.0466 2.609 1.22 0.05 0.035 1.007 6310.7 3.9722 16.109533 2.007941 17.125618 15.117677 "" "" 1938.875 2380.57275 6778.50206 2.6984 1928.3 9.4212 7113.6 12.521 "" "" 0.002789013568007218 0.0059936843 0.0042350763 0.010228761 65.10076648522 45.11086618498 2132.40186 2.609 1.2200000000000002
65.12463598683 44.90241510723 0.0362 0.0279 1.0114 "" "" 232673501009084416 2815.2583 0.321 0.0468 1.103 -1.913 0.05 0.036 0.958 "" "" 16.11851 1.249991 16.658026 15.408035 "" "" 2465.67236 3368.23999 6722.68741 2.6561 2966.2 12.938 5444.3 9.0653 "" "" 0.002788512816513372 0.0054965997 0.00418952 0.00968612 65.12463598683 44.90241510723 2815.2583 1.103 -1.9130000000000003
65.18939761795 44.91996038167 0.0397 0.031 2.4315 "" "" 232673604088270848 2774.72168 0.3401 0.0498 0.95 -1.889 0.054 0.04 1.108 "" "" 16.12615 1.231496 16.657248 15.425752 "" "" 2484.81396 3189.69385 6675.54685 2.6311 2968.4 9.2853 5356.2 10.482 "" "" 0.002788353499266482 0.0043953913 0.0043357085 0.0087311 65.18939761795 44.91996038167 2774.72168 0.95 -1.8890000000000002
64.82678195501 44.86553029388 0.0475 0.035 13.3645 "" "" 232716485041867520 2853.73389 0.3439 0.0638 3.812 -4.6 0.069 0.045 1.206 6675.1 4.3614 16.128511 1.504849 16.81353 15.308682 "" "" 2371.08838 3526.30396 6661.04046 4.2403 2570.4 12.322 5966.0 10.826 "" "" 0.0028406851335458466 0.005905513 0.004262088 0.010167601 64.82678195501 44.86553029388 2853.73389 3.8119999999999994 -4.599999999999999
65.1664035527 44.91104712242 0.0374 0.0294 1.5183 "" "" 232673569728543744 2632.6792 0.3559 0.0491 1.019 -1.799 0.05 0.038 1.06 9580.6 4.3661 16.1332 1.421365 16.770275 15.34891 "" "" 2299.09717 3035.81494 6632.33836 2.9609 2674.9 10.245 5749.0 11.192 "" "" 0.002797629806528612 0.0050077476 0.0043302863 0.009338034 65.1664035527 44.91104712242 2632.6792 1.019 -1.7990000000000002
65.03596020957 45.08773100854 0.0443 0.0305 10.9499 "" "" 232726208847668736 2707.88477 0.3471 0.0527 0.194 -0.168 0.055 0.039 1.088 7270.1 4.1253 16.137915 1.485235 16.815948 15.330713 "" "" 2424.90625 3018.38452 6603.60522 2.7101 2564.7 12.958 5846.2 8.8251 "" "" 0.0027911168913199334 0.0061544357 0.0041194586 0.010273894 65.03596020957 45.08773100854 2707.88477 0.194 -0.16799999999999998
64.95853911913 45.11304812117 0.0403 0.028 13.8081 "" "" 232736860366567808 2301.55957 0.4001 0.0504 -0.049 -2.284 0.049 0.037 1.059 8223.7 4.2226 16.148869 1.291525 16.710497 15.418972 "" "" 2034.17285 2647.59204 6537.30857 2.6156 2826.3 10.421 5389.8 9.2474 "" "" 0.002789354533779494 0.0048796777 0.0042135296 0.009093207 64.95853911913 45.11304812117 2301.55957 -0.049000000000000044 -2.284
65.1771225494 44.94264310899 0.0381 0.0293 2.3992 "" "" 232720608210349696 2951.6333 0.3211 0.0489 0.927 -1.902 0.051 0.037 1.023 9387.5 4.1792 16.166468 1.442982 16.81388 15.370899 "" "" 2590.98267 3414.88501 6432.20608 2.5525 2569.6 10.158 5633.8 14.609 "" "" 0.0027888034267278213 0.0051192706 0.004712783 0.009832053 65.1771225494 44.94264310899 2951.6333 0.9269999999999999 -1.902
65.17887143068 44.71591478258 0.0517 0.0387 12.3101 "" "" 232666422903056768 3019.5979 0.3063 0.0661 -0.455 -2.909 0.072 0.047 1.609 7834.9 4.1941 16.182352 1.457692 16.798113 15.340421 "" "" 2531.3208 3610.50879 6338.78447 5.1156 2607.2 11.576 5794.2 9.8403 "" "" 0.0028912898624217087 0.0055699213 0.0042052018 0.009775123 65.17887143068 44.71591478258 3019.5979 -0.45499999999999996 -2.909
64.88288823289 45.00316397014 0.0384 0.0277 11.7436 "" "" 232735829570846080 3037.59717 0.3067 0.0489 0.704 -1.488 0.05 0.036 0.94 8443.2 4.4694 16.23255 1.584691 16.968077 15.383386 "" "" 2652.8938 3528.43457 6052.38454 2.8239 2229.4 12.1 5569.3 8.7333 "" "" 0.0028015016643614587 0.0065199803 0.0041451696 0.01066515 64.88288823289 45.00316397014 3037.59717 0.7039999999999998 -1.4880000000000002
64.95225832829 44.74402829951 0.0459 0.0321 12.9649 "" "" 232665220312244992 2435.70898 0.4035 0.0592 0.642 -3.253 0.068 0.041 1.057 8491.9 4.4813 16.237694 1.526665 16.93907 15.412405 "" "" 2161.77808 2865.55103 6023.78117 2.8944 2289.8 11.258 5422.5 10.106 "" "" 0.002804273750476756 0.0060233325 0.0042869914 0.010310324 64.95225832829 44.74402829951 2435.70898 0.6420000000000001 -3.253
64.88798267023 44.8796191523 0.0408 0.0305 10.6375 "" "" 232716622480800640 2379.69775 0.4012 0.0558 1.054 -2.131 0.06 0.04 0.979 9288.1 4.2524 16.243109 1.175564 16.74483 15.569265 "" "" 2115.479 2719.96631 5993.81396 2.8676 2738.3 11.778 4693.0 11.561 "" "" 0.0028038567295254283 0.0054400126 0.00463007 0.010070083 64.88798267023 44.8796191523 2379.69775 1.054 -2.1310000000000002
65.08994678502 44.95566850351 0.041 0.0323 2.8677 "" "" 232721535923300224 2453.19385 0.3925 0.0547 0.973 -1.976 0.057 0.043 1.104 "" "" 16.24763 1.439335 16.894363 15.455029 "" "" 2142.01318 2772.28296 5968.91042 2.9064 2386.0 11.24 5213.7 14.692 "" "" 0.002805580390729682 0.0058262516 0.004862576 0.010688827 65.08994678502 44.95566850351 2453.19385 0.9729999999999999 -1.976
64.97914585052 45.09461396013 0.04 0.028 12.4078 "" "" 232736585488663424 2195.26343 0.4295 0.0505 1.613 -0.905 0.048 0.036 1.006 7187.9 4.3494 16.260117 1.558806 16.980806 15.422001 "" "" 1982.60229 2415.55103 5900.65782 2.6808 2203.4 11.426 5374.7 12.776 "" "" 0.002799126417563863 0.0062836614 0.004576525 0.010860186 64.97914585052 45.09461396013 2195.26343 1.613 -0.9049999999999998
64.93933086207 45.0731052874 0.0419 0.0296 12.375 "" "" 232736448049729792 3169.57227 0.3012 0.0534 0.549 0.645 0.05 0.038 1.043 6323.6 4.0583 16.266771 2.052466 17.307367 15.254901 "" "" 2627.16357 3664.22144 5864.5961 2.6885 1631.1 10.209 6269.0 13.315 "" "" 0.0027999155881662427 0.00734609 0.0044273646 0.011773454 64.93933086207 45.0731052874 3169.57227 0.549 0.645
65.10154087819 44.92695049281 0.0393 0.0294 1.4004 "" "" 232720706991759488 2407.99097 0.3939 0.0539 1.747 -1.417 0.058 0.037 1.017 8305.3 4.4051 16.26948 1.626491 17.033567 15.407076 "" "" 2176.95068 2793.15405 5849.98732 2.537 2098.9 10.891 5449.1 8.9953 "" "" 0.002795263231782792 0.0062868586 0.004182838 0.0104696965 65.10154087819 44.92695049281 2407.99097 1.7470000000000003 -1.4169999999999998
65.11211020632 44.93959373409 0.0384 0.0289 1.5319 "" "" 232720711289583616 2595.88257 0.3511 0.052 0.992 -1.809 0.052 0.037 0.982 9500.5 4.2601 16.270012 1.272191 16.824026 15.551835 "" "" 2290.63452 2969.14185 5847.12096 2.5055 2545.7 8.4509 4769.0 9.8155 "" "" 0.002794322328281542 0.004558067 0.004390602 0.008948669 65.11211020632 44.93959373409 2595.88257 0.992 -1.8089999999999997
64.94013357917 44.92328343403 0.0422 0.0331 8.1657 "" "" 232722738514198144 2342.63892 0.4185 0.0547 -1.433 -0.994 0.057 0.042 1.069 8314.8 4.4188 16.285423 1.586883 17.019306 15.432424 "" "" 2042.58301 2829.68384 5764.70628 2.5406 2126.6 12.83 5323.4 12.838 "" "" 0.0027965609641119947 0.0071198493 0.0045977863 0.011717636 64.94013357917 44.92328343403 2342.63892 -1.4330000000000003 -0.994
64.84363183181 44.90954941025 0.0431 0.033 12.2732 "" "" 232717687632687104 2944.68018 0.3446 0.0588 2.008 -1.113 0.064 0.043 1.037 6313.5 4.2437 16.295988 1.851451 17.206148 15.354697 "" "" 2562.84766 3382.2854 5708.89133 2.8417 1790.4 11.418 5718.5 11.633 "" "" 0.0028078228565500125 0.0074651465 0.0043774443 0.011842591 64.84363183181 44.90954941025 2944.68018 2.0080000000000005 -1.1130000000000002
65.18263266519 44.9262695863 0.0412 0.0323 2.1936 "" "" 232673604088269312 2235.19141 0.4398 0.0522 1.009 -1.874 0.056 0.041 1.075 "" "" 16.305569 1.226025 16.832642 15.606617 "" "" 1995.45898 2584.05518 5658.73333 2.4655 2525.6 12.094 4534.3 10.317 "" "" 0.002795633887718144 0.005900498 0.0045151534 0.010415651 65.18263266519 44.9262695863 2235.19141 1.009 -1.874
64.90632107358 44.91718618024 0.0569 0.0445 9.5977 "" "" 232717034797638528 2384.75244 0.4118 0.0724 1.708 -3.835 0.075 0.056 1.344 4843.9 4.1092 16.321733 2.219566 17.469536 15.24997 "" "" 2065.93433 2844.90649 5575.1069 3.6047 1404.8 10.246 6297.5 9.1794 "" "" 0.0028433431929932107 0.00839606 0.004097358 0.0124934185 64.90632107358 44.91718618024 2384.75244 1.7079999999999997 -3.835
65.06085790832 45.05861150203 0.0429 0.0317 8.9412 "" "" 232725212415262080 2817.1123 0.3355 0.0552 -0.541 -0.381 0.056 0.04 0.999 "" "" 16.322695 1.221818 16.850481 15.628663 "" "" 2460.92676 3287.59009 5570.17471 2.5696 2484.4 10.436 4443.2 9.1056 "" "" 0.0028004741629231653 0.0053465455 0.0043857167 0.009732262 65.06085790832 45.05861150203 2817.1123 -0.5409999999999999 -0.381
65.25928906609 45.00982213597 0.0456 0.0329 7.6939 "" "" 232744625667420032 2948.76025 0.3118 0.0525 1.238 -0.339 0.057 0.043 1.077 6654.0 3.9844 16.327852 2.262996 17.516567 15.253571 "" "" 2557.2002 3412.57886 5543.78256 2.7042 1345.2 9.7289 6276.7 12.595 "" "" 0.0028057578536159564 0.008333361 0.0043623755 0.012695736 65.25928906609 45.00982213597 2948.76025 1.238 -0.339
