Clusters/Gulliver_31/Gulliver_31_stars_in_region.tsv
# %ECSV 1.0
# ---
# datatype:
# - name: RA_ICRS_1
#   unit: deg
#   datatype: float64
#   format: '{:15.11f}'
#   description: Right ascension (ICRS) at Ep=2016.0 (ra)
#   meta: !!omap
#   - {ucd: POS_EQ_RA_MAIN}
#   - {width: 15}
#   - {precision: '11'}
# - name: DE_ICRS_1
#   unit: deg
#   datatype: float64
#   format: '{:15.11f}'
#   description: Declination (ICRS) at Ep=2016.0 (dec)
#   meta: !!omap
#   - {ucd: POS_EQ_DEC_MAIN}
#   - {width: 15}
#   - {precision: '11'}
# - name: e_RA_ICRS
#   unit: mas
#   datatype: float64
#   format: '{:7.4f}'
#   description: Standard error of right ascension (ra_error)
#   meta: !!omap
#   - {ucd: ERROR}
#   - {width: 7}
#   - {precision: '4'}
# - name: e_DE_ICRS
#   unit: mas
#   datatype: float64
#   format: '{:7.4f}'
#   description: Standard error of declination (dec_error)
#   meta: !!omap
#   - {ucd: ERROR}
#   - {width: 7}
#   - {precision: '4'}
# - name: _r_1
#   unit: ''
#   datatype: float64
#   format: '{:7.4f}'
#   description: Distance from center (301.91100697000+38.24000603000)[ICRS], at Epoch=J2016.0
#   meta: !!omap
#   - {ucd: POS_ANG_DIST_GENERAL}
#   - {width: 7}
#   - {precision: '4'}
# - name: HIP
#   datatype: int32
#   description: '? HIP cross-id number, van Leeuwen, Cat. I/311 (hip_original_ext_source_id)'
#   meta: !!omap
#   - {ucd: ID_NUMBER}
#   - {width: 6}
#   - values: {'null': -2147483648}
# - name: TYC2
#   datatype: string
#   description: Tycho-2 cross-id name, Hog et al., Cat. I/259 (tyc2_original_ext_source_id)
#   meta: !!omap
#   - {ucd: ID_CROSSID}
#   - {_votable_string_dtype: char}
# - name: Source
#   datatype: int64
#   description: Source identifier, identical to the Gaia-EDR3 source_id (id)
#   meta: !!omap
#   - {ucd: ID_MAIN}
#   - {width: 19}
# - name: rgeo
#   unit: pc
#   datatype: float64
#   format: '{:15.8f}'
#   description: '? Median of the geometric distance posterior (r_med_geo)'
#   meta: !!omap
#   - {ucd: PHYS_DISTANCE_TRUE}
#   - {width: 15}
#   - {precision: '8'}
#   - values: {'null': .nan}
# - name: Plx
#   unit: mas
#   datatype: float64
#   format: '{:9.4f}'
#   description: '? Parallax (parallax)'
#   meta: !!omap
#   - {ucd: POS_PARLX_TRIG}
#   - {width: 9}
#   - {precision: '4'}
#   - values: {'null': .nan}
# - name: e_Plx
#   unit: mas
#   datatype: float32
#   format: '{:7.4f}'
#   description: '? Standard error of parallax (parallax_error)'
#   meta: !!omap
#   - {ucd: ERROR}
#   - {width: 7}
#   - {precision: '4'}
#   - values: {'null': .nan}
# - name: pmRA
#   unit: mas / yr
#   datatype: float64
#   format: '{:9.3f}'
#   description: '? Proper motion in right ascension direction, pmRA*cosDE (pmra)'
#   meta: !!omap
#   - {ucd: POS_EQ_PMRA}
#   - {width: 9}
#   - {precision: '3'}
#   - values: {'null': .nan}
# - name: pmDE
#   unit: mas / yr
#   datatype: float64
#   format: '{:9.3f}'
#   description: '? Proper motion in declination direction (pmdec)'
#   meta: !!omap
#   - {ucd: POS_EQ_PMDEC}
#   - {width: 9}
#   - {precision: '3'}
#   - values: {'null': .nan}
# - name: e_pmRA
#   unit: mas / yr
#   datatype: float32
#   format: '{:6.3f}'
#   description: '? Standard error of proper motion in right ascension direction (pmra_error)'
#   meta: !!omap
#   - {ucd: ERROR}
#   - {width: 6}
#   - {precision: '3'}
#   - values: {'null': .nan}
# - name: e_pmDE
[...]
#         unit: &id001 !astropy.units.Unit {unit: deg}
#         value: !astropy.table.SerializedColumn {name: SkyCoord.dec}
#       distance: !astropy.table.SerializedColumn
#         __class__: astropy.coordinates.distances.Distance
#         unit: !astropy.units.Unit {unit: pc}
#         value: !astropy.table.SerializedColumn {name: SkyCoord.distance}
#       frame: icrs
#       obstime: !astropy.time.Time {format: jyear_str, in_subfmt: '*', jd1: 367701545.0, jd2: 0.0, out_subfmt: '*', precision: 3, scale: tt}
#       pm_dec: !astropy.table.SerializedColumn
#         __class__: astropy.units.quantity.Quantity
#         unit: !astropy.units.Unit {unit: mas / yr}
#         value: !astropy.table.SerializedColumn {name: SkyCoord.pm_dec}
#       pm_ra_cosdec: !astropy.table.SerializedColumn
#         __class__: astropy.units.quantity.Quantity
#         unit: !astropy.units.Unit {unit: mas / yr}
#         value: !astropy.table.SerializedColumn {name: SkyCoord.pm_ra_cosdec}
#       ra: !astropy.table.SerializedColumn
#         __class__: astropy.coordinates.angles.Longitude
#         unit: *id001
#         value: !astropy.table.SerializedColumn {name: SkyCoord.ra}
#         wrap_angle: !astropy.coordinates.Angle
#           unit: *id001
#           value: 360.0
#       representation_type: spherical
# schema: astropy-2.0
RA_ICRS_1 DE_ICRS_1 e_RA_ICRS e_DE_ICRS _r_1 HIP TYC2 Source rgeo Plx e_Plx pmRA pmDE e_pmRA e_pmDE RUWE Teff logg Gmag BP-RP BPmag RPmag RV e_RV b_rgeo B_rgeo FG e_FG FBP e_FBP FRP e_FRP RAVE5 RAVE6 e_Gmag e_BPmag e_RPmag e_BP-RP SkyCoord.ra SkyCoord.dec SkyCoord.distance SkyCoord.pm_ra_cosdec SkyCoord.pm_dec
[from data line 524]
302.26858217504 38.13421980429 0.0231 0.0243 18.0181 "" "" 2061634368548891264 1885.99036 0.5003 0.0293 -10.096 -13.299 0.034 0.032 0.97 5050.2 3.4805 15.691629 1.876281 16.616589 14.740308 "" "" 1775.32092 2008.30188 9960.82088 3.5244 3081.6 10.193 10070.0 12.07 "" "" 0.0027819722906864573 0.004547789 0.0039971615 0.008544951 302.26858217504 38.13421980429 1885.99036 -10.096 -13.299
301.5812781574 38.2225499647 0.0213 0.0245 15.5757 "" "" 2061812386350230272 2329.69263 0.4047 0.0281 -4.262 -4.484 0.029 0.03 0.992 7112.3 4.1647 15.695574 1.23039 16.223991 14.993602 "" "" 2189.88354 2512.85181 9924.69219 3.5007 4424.1 8.953 7974.8 10.894 "" "" 0.0027818076255308 0.0035514364 0.0040599913 0.0076114275 301.5812781574 38.2225499647 2329.69263 -4.261999999999999 -4.483999999999999
302.08472336868 38.28213037692 0.0496 0.0566 8.5655 "" "" 2061650788181648000 1709.89148 0.5667 0.063 -2.001 -4.547 0.067 0.078 2.601 9268.4 4.1948 15.697341 0.965589 16.073507 15.107918 "" "" 1542.70691 1964.93945 9908.55565 6.3049 5081.8 11.676 7177.8 11.247 "" "" 0.0028406128888238094 0.0037427363 0.004144635 0.007887371 302.08472336868 38.28213037692 1709.89148 -2.001 -4.547000000000001
301.7602246378 38.10189752766 0.0228 0.0226 10.9203 "" "" 2061807266749016832 2456.05615 0.3782 0.0284 -3.157 -6.912 0.033 0.03 1.036 6684.7 4.0709 15.698228 1.412314 16.331873 14.919559 "" "" 2278.54443 2665.86475 9900.46764 3.2918 4005.6 8.2241 8537.6 10.179 "" "" 0.0027788679902528606 0.0035713152 0.0039949208 0.007566236 301.7602246378 38.10189752766 2456.05615 -3.157 -6.912000000000001
301.79279014177 38.32701061715 0.0235 0.024 7.6322 "" "" 2061819876773618560 2307.10107 0.4079 0.0291 -3.856 -3.905 0.032 0.032 1.067 6617.6 4.0226 15.700893 1.165454 16.19491 15.029456 "" "" 2162.48975 2456.20801 9876.19028 3.1091 4544.2 12.042 7715.7 11.673 "" "" 0.002776439319352595 0.0040078866 0.004120905 0.008128792 301.79279014177 38.32701061715 2307.10107 -3.856 -3.905
301.76094749442 38.21887832915 0.0202 0.0223 7.1854 "" "" 2061814581050760320 2323.31592 0.4086 0.0266 -0.994 -3.025 0.029 0.029 1.037 7582.2 4.1074 15.702547 0.989897 16.110723 15.120827 "" "" 2202.49683 2457.61328 9861.15783 2.917 4910.5 8.1681 7093.0 6.5064 "" "" 0.0027739752248984485 0.0033236595 0.0039084055 0.0072320653 301.76094749442 38.21887832915 2323.31592 -0.994 -3.0249999999999995
301.96672360812 37.90171158124 0.0569 0.0648 20.4676 "" "" 2061613477825758464 2347.61133 0.4205 0.0717 -2.499 -3.321 0.072 0.081 2.812 7417.6 4.0425 15.703465 1.469404 16.330189 14.860785 "" "" 2016.11206 2809.95581 9852.82922 9.2721 4011.8 8.3808 9012.5 12.578 "" "" 0.0029386641899949544 0.0035957645 0.004071827 0.007667592 301.96672360812 37.90171158124 2347.61133 -2.4990000000000006 -3.3210000000000006
302.17658086301 38.50181338346 0.0204 0.0233 20.0704 "" "" 2061848189199070080 2378.92676 0.4018 0.0261 -4.377 -3.239 0.028 0.031 1.025 6958.2 3.4842 15.704701 1.272643 16.262375 14.989732 "" "" 2241.09229 2520.02954 9841.61018 3.0364 4270.4 7.9022 8003.2 8.2797 "" "" 0.0027756080600150547 0.0034382513 0.0039427667 0.0073810183 302.17658086301 38.50181338346 2378.92676 -4.377 -3.2390000000000003
301.95446866764 38.57892986925 0.0209 0.0257 20.4378 "" "" 2061847188445288448 2077.25928 0.4561 0.0276 -1.325 -1.952 0.027 0.033 0.931 6647.8 4.0406 15.706027 1.363408 16.312817 14.949409 "" "" 1969.01685 2173.62354 9829.60541 3.1474 4076.5 8.2557 8306.1 10.244 "" "" 0.0027771655987745255 0.0035524473 0.0040095863 0.007562034 301.95446866764 38.57892986925 2077.25928 -1.325 -1.9520000000000002
301.88904525946 38.27679932649 0.0219 0.0258 2.438 "" "" 2061815684885480960 2336.33472 0.4041 0.029 -0.171 5.974 0.03 0.033 1.087 5024.7 3.62 15.707941 1.653425 16.484015 14.830589 "" "" 2210.18042 2537.92188 9812.28799 3.4132 3481.9 8.2716 9266.6 13.476 "" "" 0.0027810836332521605 0.0037996978 0.0040959455 0.007895643 301.88904525946 38.27679932649 2336.33472 -0.17100000000000026 5.974
301.83521608935 38.05544183287 0.0217 0.0234 11.637 "" "" 2061619078463777152 1736.06433 0.5458 0.0283 -2.942 -6.181 0.03 0.032 1.087 5669.1 4.0343 15.708478 1.420077 16.27908 14.859002 "" "" 1652.22034 1830.48633 9807.43569 10.543 4205.2 26.291 9027.3 54.959 "" "" 0.002992334960700859 0.007339115 0.007614236 0.014953351 301.83521608935 38.05544183287 1736.06433 -2.9420000000000006 -6.181
301.99452469431 38.49431301793 0.0213 0.0246 15.7561 "" "" 2061845990176022656 2526.72778 0.3805 0.0276 -2.523 -6.965 0.031 0.033 1.008 6404.1 4.1997 15.710116 1.147676 16.192978 15.045301 "" "" 2352.8833 2722.14648 9792.65047 3.119 4552.2 9.0526 7603.9 9.8789 "" "" 0.0027769362585752235 0.0035280075 0.004034037 0.007562044 301.99452469431 38.49431301793 2526.72778 -2.5229999999999997 -6.965
301.91879492802 38.56744447958 0.0718 0.0922 19.6497 "" "" 2061845887096978816 1821.95325 0.5891 0.0983 -6.333 -7.248 0.095 0.119 3.715 4906.6 4.2642 15.711061 1.805702 16.561026 14.755323 "" "" 1534.41516 2167.92651 9784.12999 13.742 3243.4 7.0512 9931.8 8.7155 "" "" 0.0031491623600999157 0.0036546637 0.0038976276 0.0075522913 301.91879492802 38.56744447958 1821.95325 -6.333000000000001 -7.248000000000001
301.8588486445 38.27233013127 0.0217 0.0255 3.1306 "" "" 2061816303360765952 1988.3678 0.4671 0.0287 -5.445 -10.204 0.03 0.033 0.947 5336.5 3.7163 15.712832 1.439529 16.363453 14.923924 "" "" 1902.2334 2089.84253 9768.18301 3.195 3890.8 9.014 8503.3 15.824 "" "" 0.002778111451453091 0.0037566163 0.0042855614 0.008042177 301.8588486445 38.27233013127 1988.3678 -5.445000000000001 -10.204000000000004
301.70773149899 37.97997281794 0.0262 0.0284 18.3171 "" "" 2061617119958341760 2486.09692 0.3885 0.0332 -1.133 -3.82 0.035 0.035 1.182 9067.5 4.2363 15.713007 0.993574 16.095224 15.10165 "" "" 2315.73511 2695.66992 9766.61258 4.3692 4981.1 12.576 7219.3 9.7122 "" "" 0.0027978043733516114 0.0039114263 0.0040518185 0.007963245 301.70773149899 37.97997281794 2486.09692 -1.1330000000000002 -3.8200000000000003
302.25805324327 38.03674496585 0.0216 0.026 20.4195 "" "" 2061632684921010816 1962.49463 0.4814 0.0286 -5.253 -5.582 0.03 0.036 1.062 4979.4 3.5929 15.714659 1.920223 16.62954 14.709316 "" "" 1874.44458 2067.53638 9751.76747 11.468 3045.1 15.42 10362.0 47.736 "" "" 0.0030367830081737698 0.0061655 0.0062691127 0.012434613 302.25805324327 38.03674496585 1962.49463 -5.253 -5.582000000000001
301.69419339213 38.26507261308 0.021 0.0243 10.3258 "" "" 2061818502383600896 2019.87915 0.4755 0.0275 -3.008 -9.141 0.028 0.03 0.964 5327.8 4.1629 15.715311 1.304982 16.289597 14.984614 "" "" 1919.88953 2146.104 9745.9118 3.0059 4164.6 10.641 8041.0 12.989 "" "" 0.0027755949576743753 0.0039346004 0.004166495 0.008101095 301.69419339213 38.26507261308 2019.87915 -3.007999999999999 -9.140999999999998
302.09748063774 38.22979129574 0.0214 0.0244 8.8096 "" "" 2061650311467834240 2492.44751 0.3735 0.0279 -2.456 -3.478 0.032 0.035 1.016 "" "" 15.716089 1.155234 16.207724 15.052489 "" "" 2357.4668 2654.90332 9738.92287 4.196 4490.8 12.478 7553.7 13.991 "" "" 0.002794747715871426 0.0041092685 0.0042811064 0.0083903745 302.09748063774 38.22979129574 2492.44751 -2.456 -3.478
301.93595874733 38.04614876775 0.0214 0.0249 11.6909 "" "" 2061621071328530560 1925.17822 0.4997 0.0279 -3.311 -5.825 0.031 0.036 1.04 6005.9 4.1694 15.717307 1.157604 16.20863 15.051025 "" "" 1830.80115 2025.40527 9728.01111 3.3561 4487.1 8.9642 7563.9 11.366 "" "" 0.002780664214812443 0.0035340965 0.0041164923 0.0076505886 301.93595874733 38.04614876775 1925.17822 -3.311000000000001 -5.825
301.8510819198 38.44957841226 0.0212 0.0233 12.8867 "" "" 2061821422962081920 2307.51001 0.414 0.0281 -2.883 -10.223 0.029 0.031 1.007 "" "" 15.718998 1.585017 16.436623 14.851605 "" "" 2144.96655 2479.46167 9712.86828 3.1381 3637.2 21.313 9089.0 21.729 "" "" 0.002777560255440343 0.0069470564 0.004584886 0.0115319425 301.8510819198 38.44957841226 2307.51001 -2.8830000000000005 -10.223000000000003
301.59621384643 38.32792178629 0.0215 0.0267 15.7362 "" "" 2061825065101976832 2239.92407 0.4235 0.0286 -1.96 -3.706 0.028 0.033 0.953 6965.2 4.3409 15.727038 1.049842 16.166317 15.116475 "" "" 2112.68774 2415.6062 9641.20692 3.4209 4665.4 9.0726 7121.4 8.9114 "" "" 0.002782121596456883 0.0034989985 0.0040161717 0.00751517 301.59621384643 38.32792178629 2239.92407 -1.96 -3.7059999999999995
301.67113275079 38.37547062708 0.0217 0.0251 13.9143 "" "" 2061831215459063040 2508.93677 0.3786 0.0288 -5.214 -8.882 0.029 0.032 0.961 5901.3 4.0518 15.727417 1.251625 16.25778 15.006155 "" "" 2350.05225 2679.36865 9637.84863 3.2992 4288.5 7.8584 7883.1 16.705 "" "" 0.002780274272946614 0.0034268533 0.0044246223 0.007851476 301.67113275079 38.37547062708 2508.93677 -5.214 -8.882
301.55896566768 38.16889577189 0.0212 0.0244 17.1378 "" "" 2061810668362999680 1911.36853 0.5011 0.0277 -2.016 -6.183 0.029 0.029 1.016 6920.1 4.3066 15.729745 1.248936 16.272402 15.023466 "" "" 1826.58838 2003.29041 9617.20347 2.8479 4231.1 8.8676 7758.4 8.8862 "" "" 0.00277401528784991 0.0036004104 0.0039787157 0.0075791264 301.55896566768 38.16889577189 1911.36853 -2.0160000000000005 -6.183000000000002
302.03795390222 38.24848714223 0.0208 0.0251 6.0037 "" "" 2061627153002508928 1873.05151 0.5105 0.0275 -1.835 -5.238 0.029 0.034 1.031 6047.7 4.1413 15.729864 1.19041 16.182852 14.992442 "" "" 1777.58655 1954.95398 9616.14656 3.7014 4594.9 46.046 7983.3 63.809 "" "" 0.002786833939019965 0.011232345 0.00946535 0.020697694 302.03795390222 38.24848714223 1873.05151 -1.8350000000000006 -5.238000000000001
301.99712282795 38.34450100048 0.0231 0.0268 7.4669 "" "" 2061839599265367296 2049.37891 0.4644 0.029 -1.114 -3.84 0.031 0.036 1.077 5459.2 3.7352 15.731142 1.423245 16.3745 14.951255 "" "" 1933.53247 2172.61328 9604.8335 3.3201 3851.4 9.0198 8291.9 10.907 "" "" 0.002780763220242881 0.003774996 0.0040402175 0.007815214 301.99712282795 38.34450100048 2049.37891 -1.1139999999999999 -3.84
302.1152987874 38.02667133534 0.0209 0.025 16.025 "" "" 2061610007492652160 2335.63257 0.4016 0.0278 -3.144 -6.436 0.029 0.034 1.002 4862.0 3.5027 15.733279 1.831237 16.630165 14.798928 "" "" 2192.53882 2481.37646 9585.94863 3.3865 3043.3 8.0734 9540.8 13.162 "" "" 0.0027818900747714984 0.004010126 0.0040653674 0.008075493 302.1152987874 38.02667133534 2335.63257 -3.144 -6.436
302.27423780077 38.34836482207 0.0275 0.0299 18.2986 "" "" 2061649933509995520 1851.90979 0.5167 0.0342 -3.339 -5.94 0.039 0.04 1.28 5853.5 4.1455 15.733965 1.328153 16.29426 14.966107 "" "" 1721.89026 1987.66406 9579.89848 58.058 4146.8 83.639 8179.3 160.96 "" "" 0.007133589607751298 0.02207582 0.02169783 0.04377365 302.27423780077 38.34836482207 1851.90979 -3.339 -5.94
301.82903995789 38.18109093144 0.0207 0.0235 5.2372 "" "" 2061813451501915264 2104.52197 0.4544 0.0269 -5.412 -6.89 0.028 0.03 0.953 6849.9 4.2476 15.734409 1.188188 16.245255 15.057067 "" "" 1980.0144 2247.78369 9575.97291 2.8378 4338.3 9.3435 7522.0 8.6729 "" "" 0.0027740430195789087 0.0036404738 0.003981316 0.00762179 301.82903995789 38.18109093144 2104.52197 -5.412000000000001 -6.890000000000001
301.87669734897 37.99547467286 0.2359 0.222 14.761 "" "" 2061617875855452672 1974.65271 0.7475 0.2719 -3.393 -9.682 0.338 0.312 8.348 "" "" 15.734446 1.377513 15.794706 14.417193 "" "" 1355.1062 2925.98999 9575.65918 14.317 6569.5 34.731 13561.0 49.728 "" "" 0.003197968098409947 0.0063821822 0.005489546 0.011871728 301.87669734897 37.99547467286 1974.65271 -3.393 -9.682
301.78705044212 38.3108030761 0.0229 0.0246 7.2204 "" "" 2061818193146414464 2057.15942 0.4545 0.029 -1.104 -4.26 0.031 0.034 1.106 5105.6 2.9949 15.734747 1.60062 16.483982 14.883362 "" "" 1938.34204 2225.96753 9572.99401 3.2728 3482.0 6.5277 8827.0 8.1035 "" "" 0.002780210644760972 0.003453696 0.003908609 0.007362305 301.78705044212 38.3108030761 2057.15942 -1.1040000000000003 -4.259999999999999
301.85774087543 38.32020360172 0.0221 0.0243 5.4266 "" "" 2061816715677685248 2285.5686 0.4113 0.0274 -0.124 -2.94 0.03 0.033 0.998 5105.3 4.097 15.73483 1.516531 16.439154 14.922623 "" "" 2150.61279 2429.37793 9572.26999 3.4522 3628.7 9.3875 8513.5 10.525 "" "" 0.0027830044131708655 0.003959102 0.004010661 0.007969763 301.85774087543 38.32020360172 2285.5686 -0.12400000000000011 -2.94
302.00279746294 37.97062519981 0.0207 0.0272 16.7337 "" "" 2061619692616998784 2269.8042 0.4096 0.0277 -2.319 -7.233 0.028 0.035 1.074 7065.7 4.1975 15.734968 1.185975 16.243872 15.057897 "" "" 2126.46021 2401.38013 9571.04338 3.0178 4343.8 9.4271 7516.2 8.5991 "" "" 0.0027765058805166686 0.0036520201 0.0039782785 0.007630299 302.00279746294 37.97062519981 2269.8042 -2.319 -7.2330000000000005
302.15322763794 38.34311692915 0.0205 0.024 12.9764 "" "" 2061652785368395008 2210.00464 0.4276 0.0267 -1.096 -4.311 0.028 0.033 0.976 7228.6 4.2506 15.738767 1.124011 16.20284 15.07883 "" "" 2123.90649 2322.48071 9537.6226 3.008 4511.1 15.42 7372.7 14.713 "" "" 0.002776516234544822 0.004643146 0.0043564113 0.008999557 302.15322763794 38.34311692915 2210.00464 -1.096 -4.311
302.06773939384 38.49200528371 0.0206 0.0243 16.8219 "" "" 2061842863439737216 1812.76099 0.5218 0.0271 -3.07 -5.234 0.027 0.031 1.027 7489.0 4.1338 15.740687 1.17605 16.242565 15.066515 "" "" 1741.20105 1897.04761 9520.76375 4.1788 4349.0 13.689 7456.8 9.5407 "" "" 0.002796226879609768 0.004411831 0.004026598 0.008438429 302.06773939384 38.49200528371 1812.76099 -3.07 -5.234
302.14277946595 38.29779849239 0.0568 0.0564 11.4555 "" "" 2061651033013356288 1829.88562 0.5225 0.0641 0.024 -2.224 0.075 0.076 2.432 6250.4 4.4461 15.744136 1.250758 16.096216 14.845458 "" "" 1649.91089 2060.65698 9490.57047 7.2194 4976.6 44.122 9140.6 79.447 "" "" 0.002876441878382033 0.010022242 0.010165525 0.020187765 302.14277946595 38.29779849239 1829.88562 0.02400000000000002 -2.2239999999999998
301.92066289978 38.32969252689 0.0217 0.0253 5.4004 "" "" 2061816887476395520 1901.77429 0.4988 0.0275 -1.887 -3.107 0.029 0.034 0.924 5561.5 4.2032 15.744672 1.271412 16.296495 15.025084 "" "" 1796.6062 2003.01355 9485.88715 3.3371 4138.3 11.877 7746.8 10.917 "" "" 0.0027816687967390247 0.0041827057 0.0040773493 0.0082600545 301.92066289978 38.32969252689 1901.77429 -1.8869999999999998 -3.107
301.8940563731 38.0147041852 0.0216 0.0232 13.5418 "" "" 2061618013311396736 2373.29688 0.3937 0.0275 -5.655 -10.942 0.03 0.032 0.967 6301.1 4.0935 15.745621 1.311628 16.327808 15.01618 "" "" 2209.64087 2568.33423 9477.59907 2.9558 4020.6 9.9502 7810.6 9.4298 "" "" 0.0027760487731661016 0.0038736206 0.004000246 0.007873867 301.8940563731 38.0147041852 2373.29688 -5.655 -10.942
301.52858002219 38.20443036135 0.0211 0.0254 18.1524 "" "" 2061822552515926016 1940.25769 0.4968 0.0285 -7.993 -16.903 0.029 0.03 1.003 5818.2 3.8982 15.745727 1.399884 16.34432 14.944436 "" "" 1835.82935 2062.59106 9476.67848 3.117 3959.9 10.331 8344.2 29.34 "" "" 0.0027783661910704034 0.003975999 0.005372003 0.009348002 301.52858002219 38.20443036135 1940.25769 -7.992999999999999 -16.903
301.6274558367 38.04334255651 0.0223 0.0247 17.8402 "" "" 2061805926719025152 2295.20215 0.418 0.0283 2.943 -5.135 0.03 0.032 1.021 5819.6 4.0046 15.751744 1.264799 16.30268 15.03788 "" "" 2087.37231 2464.08643 9424.30019 3.1102 4114.8 7.4282 7656.1 8.4106 "" "" 0.002778520859188339 0.0034097952 0.0039631226 0.0073729176 301.6274558367 38.04334255651 2295.20215 2.9429999999999996 -5.134999999999999
