Clusters/Gulliver_31/Gulliver_31_stars_in_region.tsv
# %ECSV 1.0
# ---
# datatype:
# - name: RA_ICRS_1
#   unit: deg
#   datatype: float64
#   format: '{:15.11f}'
#   description: Right ascension (ICRS) at Ep=2016.0 (ra)
#   meta: !!omap
#   - {ucd: POS_EQ_RA_MAIN}
#   - {width: 15}
#   - {precision: '11'}
# - name: DE_ICRS_1
#   unit: deg
#   datatype: float64
#   format: '{:15.11f}'
#   description: Declination (ICRS) at Ep=2016.0 (dec)
#   meta: !!omap
#   - {ucd: POS_EQ_DEC_MAIN}
#   - {width: 15}
#   - {precision: '11'}
# - name: e_RA_ICRS
#   unit: mas
#   datatype: float64
#   format: '{:7.4f}'
#   description: Standard error of right ascension (ra_error)
#   meta: !!omap
#   - {ucd: ERROR}
#   - {width: 7}
#   - {precision: '4'}
# - name: e_DE_ICRS
#   unit: mas
#   datatype: float64
#   format: '{:7.4f}'
#   description: Standard error of declination (dec_error)
#   meta: !!omap
#   - {ucd: ERROR}
#   - {width: 7}
#   - {precision: '4'}
# - name: _r_1
#   unit: ''
#   datatype: float64
#   format: '{:7.4f}'
#   description: Distance from center (301.91100697000+38.24000603000)[ICRS], at Epoch=J2016.0
#   meta: !!omap
#   - {ucd: POS_ANG_DIST_GENERAL}
#   - {width: 7}
#   - {precision: '4'}
# - name: HIP
#   datatype: int32
#   description: '? HIP cross-id number, van Leeuwen, Cat. I/311 (hip_original_ext_source_id)'
#   meta: !!omap
#   - {ucd: ID_NUMBER}
#   - {width: 6}
#   - values: {'null': -2147483648}
# - name: TYC2
#   datatype: string
#   description: Tycho-2 cross-id name, Hog et al., Cat. I/259 (tyc2_original_ext_source_id)
#   meta: !!omap
#   - {ucd: ID_CROSSID}
#   - {_votable_string_dtype: char}
# - name: Source
#   datatype: int64
#   description: Source identifier, identical to the Gaia-EDR3 source_id (id)
#   meta: !!omap
#   - {ucd: ID_MAIN}
#   - {width: 19}
# - name: rgeo
#   unit: pc
#   datatype: float64
#   format: '{:15.8f}'
#   description: '? Median of the geometric distance posterior (r_med_geo)'
#   meta: !!omap
#   - {ucd: PHYS_DISTANCE_TRUE}
#   - {width: 15}
#   - {precision: '8'}
#   - values: {'null': .nan}
# - name: Plx
#   unit: mas
#   datatype: float64
#   format: '{:9.4f}'
#   description: '? Parallax (parallax)'
#   meta: !!omap
#   - {ucd: POS_PARLX_TRIG}
#   - {width: 9}
#   - {precision: '4'}
#   - values: {'null': .nan}
# - name: e_Plx
#   unit: mas
#   datatype: float32
#   format: '{:7.4f}'
#   description: '? Standard error of parallax (parallax_error)'
#   meta: !!omap
#   - {ucd: ERROR}
#   - {width: 7}
#   - {precision: '4'}
#   - values: {'null': .nan}
# - name: pmRA
#   unit: mas / yr
#   datatype: float64
#   format: '{:9.3f}'
#   description: '? Proper motion in right ascension direction, pmRA*cosDE (pmra)'
#   meta: !!omap
#   - {ucd: POS_EQ_PMRA}
#   - {width: 9}
#   - {precision: '3'}
#   - values: {'null': .nan}
# - name: pmDE
#   unit: mas / yr
#   datatype: float64
#   format: '{:9.3f}'
#   description: '? Proper motion in declination direction (pmdec)'
#   meta: !!omap
#   - {ucd: POS_EQ_PMDEC}
#   - {width: 9}
#   - {precision: '3'}
#   - values: {'null': .nan}
# - name: e_pmRA
#   unit: mas / yr
#   datatype: float32
#   format: '{:6.3f}'
#   description: '? Standard error of proper motion in right ascension direction (pmra_error)'
#   meta: !!omap
#   - {ucd: ERROR}
#   - {width: 6}
#   - {precision: '3'}
#   - values: {'null': .nan}
# - name: e_pmDE
[...]
#         unit: &id001 !astropy.units.Unit {unit: deg}
#         value: !astropy.table.SerializedColumn {name: SkyCoord.dec}
#       distance: !astropy.table.SerializedColumn
#         __class__: astropy.coordinates.distances.Distance
#         unit: !astropy.units.Unit {unit: pc}
#         value: !astropy.table.SerializedColumn {name: SkyCoord.distance}
#       frame: icrs
#       obstime: !astropy.time.Time {format: jyear_str, in_subfmt: '*', jd1: 367701545.0, jd2: 0.0, out_subfmt: '*', precision: 3, scale: tt}
#       pm_dec: !astropy.table.SerializedColumn
#         __class__: astropy.units.quantity.Quantity
#         unit: !astropy.units.Unit {unit: mas / yr}
#         value: !astropy.table.SerializedColumn {name: SkyCoord.pm_dec}
#       pm_ra_cosdec: !astropy.table.SerializedColumn
#         __class__: astropy.units.quantity.Quantity
#         unit: !astropy.units.Unit {unit: mas / yr}
#         value: !astropy.table.SerializedColumn {name: SkyCoord.pm_ra_cosdec}
#       ra: !astropy.table.SerializedColumn
#         __class__: astropy.coordinates.angles.Longitude
#         unit: *id001
#         value: !astropy.table.SerializedColumn {name: SkyCoord.ra}
#         wrap_angle: !astropy.coordinates.Angle
#           unit: *id001
#           value: 360.0
#       representation_type: spherical
# schema: astropy-2.0
RA_ICRS_1 DE_ICRS_1 e_RA_ICRS e_DE_ICRS _r_1 HIP TYC2 Source rgeo Plx e_Plx pmRA pmDE e_pmRA e_pmDE RUWE Teff logg Gmag BP-RP BPmag RPmag RV e_RV b_rgeo B_rgeo FG e_FG FBP e_FBP FRP e_FRP RAVE5 RAVE6 e_Gmag e_BPmag e_RPmag e_BP-RP SkyCoord.ra SkyCoord.dec SkyCoord.distance SkyCoord.pm_ra_cosdec SkyCoord.pm_dec
[from data line 1094]
301.91125581728 38.22723495209 0.0305 0.0388 0.7664 "" "" 2061815238208280448 2481.40137 0.3916 0.0415 -1.406 -3.034 0.042 0.051 0.991 7071.2 4.3439 16.544416 1.246876 17.090029 15.843153 "" "" 2250.38867 2753.95703 4541.29754 2.3182 1992.5 7.537 3646.7 7.7785 "" "" 0.0028105102224679343 0.0049651265 0.0044325083 0.009397635 301.91125581728 38.22723495209 2481.40137 -1.406 -3.034
302.00691983816 38.12071984737 0.0319 0.0401 8.4669 "" "" 2061623167272558208 2557.85718 0.3766 0.0418 -2.579 -4.519 0.046 0.052 0.881 5044.2 4.2518 16.546011 1.56631 17.275066 15.708756 "" "" 2322.44971 2882.69482 4534.63744 2.48 1680.3 7.6164 4127.2 7.7671 "" "" 0.0028185770980918685 0.0056573013 0.004296361 0.009953663 302.00691983816 38.12071984737 2557.85718 -2.5789999999999997 -4.519000000000001
301.77179727519 38.27098085109 0.0309 0.0339 6.8171 "" "" 2061817952627731328 1781.46057 0.5421 0.0401 -5.605 -11.752 0.042 0.043 1.034 5455.2 4.5939 16.54752 1.307408 17.040117 15.732709 "" "" 1675.78101 1904.5885 4528.33996 2.2108 2086.3 11.584 4037.1 70.646 "" "" 0.002805844885317087 0.0066428403 0.01937176 0.0260146 301.77179727519 38.27098085109 1781.46057 -5.605 -11.752
301.84461456444 37.93925437379 0.0312 0.0365 18.3154 "" "" 2061614474258335872 2165.29639 0.4422 0.0414 0.539 -1.903 0.042 0.046 1.019 6043.4 4.4087 16.548779 1.322243 17.129677 15.807434 "" "" 1984.53088 2403.16284 4523.09206 2.3489 1921.1 11.648 3768.6 9.0985 "" "" 0.0028124191290174604 0.007149916 0.004599441 0.011749357 301.84461456444 37.93925437379 2165.29639 0.5390000000000003 -1.903
301.61653044525 38.46580879338 0.0324 0.0381 19.3787 "" "" 2061835574857642112 2388.00244 0.4092 0.0435 -0.29 -2.8 0.042 0.046 0.972 5085.7 4.3351 16.549656 1.329028 17.133478 15.80445 "" "" 2107.51514 2665.06714 4519.44041 2.4494 1914.4 9.9636 3779.0 7.023 "" "" 0.00281745390584953 0.006302086 0.0042842845 0.010586371 301.61653044525 38.46580879338 2388.00244 -0.2899999999999998 -2.8
301.80469018629 38.23778677834 0.0393 0.0438 5.0121 "" "" 2061814722781532800 1839.80225 0.5317 0.052 -12.129 -9.594 0.054 0.055 1.265 5942.6 4.5496 16.551474 1.467788 17.186972 15.719184 "" "" 1698.40088 2037.86426 4511.87787 3.851 1822.3 9.5664 4087.8 9.9062 "" "" 0.002906985988615581 0.006346004 0.0046050576 0.010951062 301.80469018629 38.23778677834 1839.80225 -12.129000000000001 -9.594
302.20668376974 38.19314097039 0.0318 0.0389 14.2192 "" "" 2061646531896363264 2306.66064 0.4266 0.0439 -1.485 -3.094 0.049 0.052 1.051 5931.0 4.4756 16.552382 1.274711 17.083235 15.808524 "" "" 2061.44995 2591.31738 4508.10874 2.462 2005.0 15.754 3764.9 22.236 "" "" 0.0028184000631788124 0.008975704 0.0074433805 0.016419085 302.20668376974 38.19314097039 2306.66064 -1.4850000000000003 -3.0940000000000003
301.960001406 38.06750208571 0.259 0.3249 10.6052 "" "" 2061621483645384960 2076.6084 0.9445 0.3548 -4.95 -10.545 0.356 0.403 9.897 "" "" 16.553053 1.487857 16.86131 15.373452 "" "" 1239.28186 3268.25635 4505.31852 5.7138 2459.8 14.406 5620.5 16.43 "" "" 0.0030802321447256486 0.0069439206 0.004935289 0.011879209 301.960001406 38.06750208571 2076.6084 -4.95 -10.545
302.16213689524 38.30148571266 0.0322 0.0366 12.3914 "" "" 2061650998662480896 1811.26709 0.5419 0.0416 1.545 -7.855 0.044 0.049 1.015 5597.7 4.5819 16.553192 1.430145 17.195467 15.765322 "" "" 1663.69385 2084.71436 4504.745 2.3606 1808.1 7.6736 3917.7 10.313 "" "" 0.002813449318232232 0.005386798 0.004738406 0.010125204 302.16213689524 38.30148571266 1811.26709 1.5449999999999995 -7.855
301.92321450054 38.08009316528 0.0335 0.0401 9.612 "" "" 2061624129345271424 1876.34338 0.5077 0.0445 -3.986 -9.912 0.047 0.054 1.03 6005.4 4.4804 16.556536 1.306919 17.05081 15.743891 "" "" 1752.58447 2080.43042 4490.8943 2.7159 2065.8 11.487 3995.8 14.4 "" "" 0.002832476231424787 0.0066508665 0.0054399823 0.012090849 301.92321450054 38.08009316528 1876.34338 -3.9859999999999998 -9.911999999999999
302.2019883692 38.05467887767 0.0308 0.0379 17.6681 "" "" 2061610316730259328 2470.92236 0.3833 0.0412 -2.462 -4.769 0.043 0.05 0.983 6333.7 4.331 16.55745 1.323343 17.140133 15.81679 "" "" 2249.49951 2711.43945 4487.11523 2.2532 1902.7 7.7387 3736.3 9.5218 "" "" 0.0028087423898821608 0.0052235494 0.0046839886 0.009907538 302.2019883692 38.05467887767 2470.92236 -2.4620000000000006 -4.769
301.90909444792 38.05900856111 0.0334 0.0371 10.8602 "" "" 2061624090664027008 2225.6731 0.4432 0.0437 0.721 -3.337 0.046 0.052 0.994 5903.3 4.4747 16.558758 1.284922 17.120968 15.836046 "" "" 1998.4646 2494.8772 4481.7102 2.5368 1936.6 7.8421 3670.6 9.0929 "" "" 0.002823026329473235 0.0052072187 0.004638722 0.00984594 301.90909444792 38.05900856111 2225.6731 0.7210000000000003 -3.3369999999999997
301.8912523157 38.11149822605 0.0316 0.0355 7.7666 "" "" 2061625160137459072 2269.63184 0.418 0.0402 -2.263 -4.7 0.044 0.046 0.971 6059.6 4.4314 16.559074 1.288404 17.130129 15.841724 "" "" 2071.93384 2494.12549 4480.40146 2.2342 1920.3 6.6325 3651.5 7.7221 "" "" 0.0028080096918771708 0.0046741446 0.004422188 0.009096332 301.8912523157 38.11149822605 2269.63184 -2.2630000000000003 -4.700000000000001
302.14172091839 38.05846576696 0.0313 0.0371 15.3997 "" "" 2061610419809510528 1763.31873 0.5437 0.0411 2.84 1.724 0.043 0.047 0.997 4973.8 4.2713 16.56061 1.587481 17.295158 15.707677 "" "" 1671.64978 1899.53003 4474.06882 2.2272 1649.5 6.8041 4131.3 9.2753 "" "" 0.0028078300700546074 0.0052766413 0.0044973 0.009773942 302.14172091839 38.05846576696 1763.31873 2.84 1.724
301.60858070542 38.39559468801 0.035 0.0407 17.0245 "" "" 2061831902682150784 2137.0127 0.4564 0.0455 -8.11 -11.821 0.046 0.05 1.029 5664.0 4.4861 16.5608 1.436002 17.203766 15.767764 "" "" 1931.34534 2351.58447 4473.28142 2.8323 1794.4 7.0083 3908.9 13.431 "" "" 0.0028397832055701774 0.005076115 0.0053104674 0.010386582 301.60858070542 38.39559468801 2137.0127 -8.11 -11.821000000000002
301.84309399399 37.96156338449 0.0316 0.0358 17.0115 "" "" 2061617429195856768 2143.48242 0.4378 0.0414 0.191 -7.21 0.044 0.046 0.986 6080.2 4.4307 16.561634 1.230454 17.094622 15.864167 "" "" 1982.51526 2332.74316 4469.85337 2.2604 1984.1 7.7085 3576.8 8.0449 "" "" 0.002809493100277468 0.0050575235 0.004499691 0.009557215 301.84309399399 37.96156338449 2143.48242 0.19100000000000006 -7.21
301.95411074021 38.18041484837 0.0331 0.0383 4.1126 "" "" 2061627221721752704 2362.83911 0.4115 0.0424 2.378 -0.722 0.048 0.051 1.036 5727.5 4.4799 16.562113 1.323043 17.139503 15.816461 "" "" 2159.27197 2615.4104 4467.8782 2.1688 1903.8 10.729 3737.4 8.5672 "" "" 0.0028052734599479955 0.006724884 0.0045252577 0.011250142 301.95411074021 38.18041484837 2362.83911 2.378 -0.7219999999999998
301.96806231943 38.0166953788 0.0345 0.0397 13.6666 "" "" 2061620796450587136 2197.15405 0.4289 0.0446 -0.241 -3.891 0.046 0.05 1.021 4961.5 4.334 16.564598 1.352378 17.16863 15.816253 "" "" 2016.46436 2436.25879 4457.66428 2.2589 1853.4 6.5351 3738.2 8.1203 "" "" 0.002809715315260642 0.0047371956 0.004454907 0.009192103 301.96806231943 38.0166953788 2197.15405 -0.24099999999999977 -3.891
301.62638934501 38.43637079661 0.0382 0.0438 17.8389 "" "" 2061832555517262336 1934.88306 0.5036 0.0514 -1.796 -2.905 0.051 0.051 1.115 "" "" 16.564655 1.34933 17.149944 15.800614 "" "" 1758.62341 2136.49634 4457.42773 2.4445 1885.6 7.3229 3792.4 7.8424 "" "" 0.0028189226993895174 0.005056124 0.004395992 0.009452116 301.62638934501 38.43637079661 1934.88306 -1.796 -2.905
301.67428550215 38.1570283826 0.031 0.036 12.222 "" "" 2061810977600850304 2122.24951 0.4623 0.0404 -3.809 -7.969 0.041 0.045 0.95 5046.6 4.3414 16.565004 1.290417 17.132109 15.841692 "" "" 1935.35364 2373.34302 4455.99594 2.1425 1916.8 8.0084 3651.6 8.5187 "" "" 0.0028043378554307758 0.005325623 0.0045496374 0.00987526 301.67428550215 38.1570283826 2122.24951 -3.8089999999999993 -7.969000000000002
301.79693865374 38.50856331241 0.0323 0.0367 16.9833 "" "" 2061833586309031808 2457.88965 0.3908 0.0437 -2.178 -6.488 0.042 0.045 1.015 4852.8 4.2836 16.565079 1.561956 17.298653 15.736696 "" "" 2246.36255 2811.58887 4455.69387 2.1813 1644.2 7.1533 4022.3 9.259 "" "" 0.002806119930195344 0.005486142 0.004531015 0.010017157 301.79693865374 38.50856331241 2457.88965 -2.178 -6.4879999999999995
302.17223169684 38.084832107 0.0369 0.0409 15.4451 "" "" 2061610591608195712 1864.48706 0.5136 0.0474 -6.079 -7.374 0.052 0.053 1.079 6884.7 4.3169 16.56568 1.499792 17.251015 15.751223 "" "" 1716.06128 2046.10205 4453.2245 2.2704 1718.0 11.037 3968.9 9.3879 "" "" 0.002810373695002576 0.0075124865 0.0045693754 0.0120818615 302.17223169684 38.084832107 1864.48706 -6.078999999999999 -7.373999999999998
302.05474138297 38.21709958161 0.0314 0.0396 6.9126 "" "" 2061626873803559936 2372.87964 0.4069 0.0422 -2.507 -7.232 0.045 0.05 1.015 7138.6 4.353 16.566917 1.274749 17.12547 15.85072 "" "" 2120.25635 2647.27637 4448.15151 2.1241 1928.5 7.158 3621.3 9.8385 "" "" 0.002803675385473188 0.004901561 0.0047942563 0.009695817 302.05474138297 38.21709958161 2372.87964 -2.507 -7.232000000000001
301.7228470527 38.02424973678 0.0324 0.0362 15.6985 "" "" 2061806407755294976 2556.11084 0.372 0.0422 -1.915 -3.935 0.045 0.044 0.955 5764.6 4.4544 16.56713 1.263674 17.12807 15.864397 "" "" 2306.96265 3005.94214 4447.28814 2.1786 1923.9 5.7225 3576.0 8.4779 "" "" 0.0028061853927724184 0.004267827 0.00457268 0.008840507 301.7228470527 38.02424973678 2556.11084 -1.9149999999999998 -3.9349999999999996
301.89126900988 38.26699502741 0.035 0.0371 1.8674 "" "" 2061815577483446656 2383.8418 0.4036 0.0435 -2.964 -4.64 0.054 0.053 0.89 5760.1 4.5576 16.568546 1.24283 17.084822 15.841991 "" "" 2133.40015 2688.16187 4441.48391 2.6224 2002.1 11.295 3650.6 15.817 "" "" 0.002828911563578187 0.0067308173 0.006034324 0.012765141 301.89126900988 38.26699502741 2383.8418 -2.964 -4.64
301.76763933182 38.36416289908 0.0332 0.0355 10.053 "" "" 2061820701407399552 1953.72986 0.4947 0.0424 0.429 -6.496 0.044 0.046 0.992 5414.6 4.5885 16.571627 1.308313 17.152079 15.843765 "" "" 1757.4541 2150.07715 4428.90195 2.0604 1881.9 6.2317 3644.6 8.6183 "" "" 0.0028012351279654564 0.004550954 0.0045689545 0.009119908 301.76763933182 38.36416289908 1953.72986 0.42900000000000005 -6.496
301.63822269258 38.32660689269 0.0324 0.0368 13.8584 "" "" 2061830665731057664 2038.02441 0.4784 0.0424 0.077 -9.059 0.042 0.045 1.024 5635.7 4.5364 16.572607 1.289418 17.139301 15.849883 "" "" 1857.92822 2236.06226 4424.9081 2.169 1904.1 7.8723 3624.1 10.91 "" "" 0.0028062488109270823 0.00528535 0.0049966825 0.010282032 301.63822269258 38.32660689269 2038.02441 0.07699999999999951 -9.059
301.49898143025 38.1806829539 0.0416 0.0533 19.7482 "" "" 2061822419362448896 2217.66504 0.4486 0.0575 -1.684 -5.747 0.057 0.063 1.416 6004.7 4.5643 16.57261 1.221148 16.864185 15.643037 "" "" 2011.92786 2545.6792 4424.89236 4.0515 2453.3 30.214 4384.7 50.153 "" "" 0.002929173549224751 0.013659556 0.012981199 0.026640754 301.49898143025 38.1806829539 2217.66504 -1.6840000000000002 -5.747
301.88601235567 38.49818534695 0.0348 0.0405 15.5353 "" "" 2061845131182709120 1938.05981 0.4977 0.0461 1.342 0.113 0.048 0.055 1.153 5808.2 4.5476 16.57298 1.337444 17.130583 15.793138 "" "" 1755.01611 2132.44263 4423.38436 2.5532 1919.5 12.114 3818.6 12.118 "" "" 0.002825691569879478 0.007398401 0.005114209 0.012512609 301.88601235567 38.49818534695 1938.05981 1.342 0.1130000000000001
301.96025871833 38.5032418298 0.0959 0.1228 15.9632 "" "" 2061844581426806016 2073.42896 0.548 0.1321 -0.167 -2.444 0.137 0.157 3.067 5100.3 4.6756 16.573359 1.432526 17.147982 15.715456 "" "" 1608.70154 2894.37085 4421.84476 9.2778 1889.0 7.3928 4101.8 9.3279 "" "" 0.0035751030366125295 0.005083332 0.004514426 0.009597758 301.96025871833 38.5032418298 2073.42896 -0.16700000000000015 -2.444
302.34233470443 38.22176147484 0.0333 0.0395 20.3585 "" "" 2061636533212551552 2204.73657 0.446 0.0439 -1.098 -3.815 0.048 0.054 0.973 6026.1 4.396 16.574057 1.397103 17.201311 15.804208 "" "" 1988.7041 2454.90063 4418.99788 2.2231 1798.4 7.2883 3779.9 8.5766 "" "" 0.0028089383383391084 0.00521019 0.0045114015 0.009721592 302.34233470443 38.22176147484 2204.73657 -1.098 -3.8149999999999995
301.73061137036 38.52509056221 0.032 0.0378 19.0937 "" "" 2061834548381712768 2116.55615 0.4585 0.0436 -2.479 -4.274 0.042 0.047 1.002 5347.2 4.3299 16.574505 1.380288 17.189917 15.809629 "" "" 1958.81982 2402.66333 4417.17599 2.2291 1817.4 5.4888 3761.0 7.3782 "" "" 0.0028092694162418466 0.004305505 0.004338255 0.00864376 301.73061137036 38.52509056221 2116.55615 -2.479 -4.274000000000001
301.85076918864 38.03011489448 0.0328 0.0348 12.9103 "" "" 2061618322549100288 2257.22046 0.4318 0.0424 -0.795 -2.372 0.045 0.045 0.964 5112.9 4.3679 16.574879 1.190411 17.083181 15.892771 "" "" 2076.4624 2533.97925 4415.65732 2.1371 2005.1 5.4364 3483.8 10.85 "" "" 0.0028049804968359794 0.0040559415 0.005071274 0.0091272155 301.85076918864 38.03011489448 2257.22046 -0.795 -2.372
301.81398048805 38.09321882271 0.0328 0.0354 9.9255 "" "" 2061619456420931840 2387.90137 0.4074 0.0418 -0.042 -5.118 0.047 0.045 0.976 6219.9 4.5472 16.575048 1.281923 17.136839 15.854916 "" "" 2128.58765 2660.91968 4414.96856 2.1274 1908.5 7.9718 3607.4 9.578 "" "" 0.0028045498744564963 0.005324691 0.0047533032 0.010077994 301.81398048805 38.09321882271 2387.90137 -0.041999999999999815 -5.117999999999999
302.15276846151 38.32974774089 0.0368 0.0424 12.5951 "" "" 2061652544850215808 2363.14258 0.4074 0.0468 -6.477 -8.641 0.048 0.055 1.155 5699.9 4.4779 16.575487 1.436102 17.213676 15.777575 "" "" 2148.8208 2618.09961 4413.18505 2.6361 1778.1 6.698 3873.7 9.3393 "" "" 0.0028306162386338017 0.0049509974 0.0045973747 0.009548372 302.15276846151 38.32974774089 2363.14258 -6.477 -8.641
301.71579650247 38.49755023334 0.0427 0.0496 17.9753 "" "" 2061834067353119232 1960.21851 0.5052 0.0578 -0.735 -6.62 0.056 0.059 1.433 4829.2 4.4115 16.580803 1.385091 17.141306 15.756215 "" "" 1758.63391 2225.28833 4391.62732 3.982 1900.6 6.1323 3950.7 13.446 "" "" 0.002925911801757471 0.004478505 0.005285695 0.0097642 301.71579650247 38.49755023334 1960.21851 -0.7349999999999999 -6.620000000000001
301.94414609198 38.45416262658 0.0378 0.044 12.9437 "" "" 2061844340908608640 1907.77527 0.5245 0.0498 -4.831 -11.476 0.054 0.065 1.019 5220.0 4.5146 16.581163 1.380963 17.185781 15.804818 "" "" 1746.04236 2079.37695 4390.17427 2.7754 1824.3 13.888 3777.7 17.673 "" "" 0.00283952716484442 0.008723709 0.0063311453 0.015054854 301.94414609198 38.45416262658 1907.77527 -4.831000000000001 -11.476000000000003
302.08890808527 37.94847777535 0.0679 0.082 19.4043 "" "" 2061607980268067968 2226.88452 0.4358 0.0921 -1.854 -2.993 0.095 0.108 2.114 6891.4 3.8535 16.581625 2.346669 17.752535 15.405866 "" "" 1874.17261 2823.15601 4388.30396 5.6232 1082.4 7.0008 5455.2 8.0015 "" "" 0.0030866517325966653 0.007556377 0.004101201 0.011657578 302.08890808527 37.94847777535 2226.88452 -1.854 -2.9930000000000003
301.5454006219 38.24050509202 0.0323 0.0384 17.2293 "" "" 2061824103021050752 1924.95764 0.4937 0.0439 1.513 -3.093 0.044 0.048 1.048 5582.2 4.5355 16.58369 1.321074 17.173702 15.852629 "" "" 1772.23608 2085.71265 4379.96706 2.083 1844.7 6.5005 3615.0 7.2095 "" "" 0.0028032846665691415 0.0047353297 0.0043557226 0.009091052 301.5454006219 38.24050509202 1924.95764 1.5130000000000001 -3.0930000000000004
301.70067194369 38.24531548112 0.0322 0.0376 9.9169 "" "" 2061817673427360384 1930.33508 0.5004 0.0422 -0.357 -3.968 0.045 0.048 0.94 5520.2 4.6179 16.583904 1.239685 17.076693 15.837008 "" "" 1773.97473 2144.08643 4379.10098 2.4274 2017.2 11.451 3667.4 22.046 "" "" 0.0028202837178958754 0.006765521 0.007542013 0.014307534 301.70067194369 38.24531548112 1930.33508 -0.3570000000000001 -3.968
