Clusters/Gulliver_31/Gulliver_31_stars_in_region.tsv
# %ECSV 1.0
# ---
# datatype:
# - name: RA_ICRS_1
#   unit: deg
#   datatype: float64
#   format: '{:15.11f}'
#   description: Right ascension (ICRS) at Ep=2016.0 (ra)
#   meta: !!omap
#   - {ucd: POS_EQ_RA_MAIN}
#   - {width: 15}
#   - {precision: '11'}
# - name: DE_ICRS_1
#   unit: deg
#   datatype: float64
#   format: '{:15.11f}'
#   description: Declination (ICRS) at Ep=2016.0 (dec)
#   meta: !!omap
#   - {ucd: POS_EQ_DEC_MAIN}
#   - {width: 15}
#   - {precision: '11'}
# - name: e_RA_ICRS
#   unit: mas
#   datatype: float64
#   format: '{:7.4f}'
#   description: Standard error of right ascension (ra_error)
#   meta: !!omap
#   - {ucd: ERROR}
#   - {width: 7}
#   - {precision: '4'}
# - name: e_DE_ICRS
#   unit: mas
#   datatype: float64
#   format: '{:7.4f}'
#   description: Standard error of declination (dec_error)
#   meta: !!omap
#   - {ucd: ERROR}
#   - {width: 7}
#   - {precision: '4'}
# - name: _r_1
#   unit: ''
#   datatype: float64
#   format: '{:7.4f}'
#   description: Distance from center (301.91100697000+38.24000603000)[ICRS], at Epoch=J2016.0
#   meta: !!omap
#   - {ucd: POS_ANG_DIST_GENERAL}
#   - {width: 7}
#   - {precision: '4'}
# - name: HIP
#   datatype: int32
#   description: '? HIP cross-id number, van Leeuwen, Cat. I/311 (hip_original_ext_source_id)'
#   meta: !!omap
#   - {ucd: ID_NUMBER}
#   - {width: 6}
#   - values: {'null': -2147483648}
# - name: TYC2
#   datatype: string
#   description: Tycho-2 cross-id name, Hog et al., Cat. I/259 (tyc2_original_ext_source_id)
#   meta: !!omap
#   - {ucd: ID_CROSSID}
#   - {_votable_string_dtype: char}
# - name: Source
#   datatype: int64
#   description: Source identifier, identical to the Gaia-EDR3 source_id (id)
#   meta: !!omap
#   - {ucd: ID_MAIN}
#   - {width: 19}
# - name: rgeo
#   unit: pc
#   datatype: float64
#   format: '{:15.8f}'
#   description: '? Median of the geometric distance posterior (r_med_geo)'
#   meta: !!omap
#   - {ucd: PHYS_DISTANCE_TRUE}
#   - {width: 15}
#   - {precision: '8'}
#   - values: {'null': .nan}
# - name: Plx
#   unit: mas
#   datatype: float64
#   format: '{:9.4f}'
#   description: '? Parallax (parallax)'
#   meta: !!omap
#   - {ucd: POS_PARLX_TRIG}
#   - {width: 9}
#   - {precision: '4'}
#   - values: {'null': .nan}
# - name: e_Plx
#   unit: mas
#   datatype: float32
#   format: '{:7.4f}'
#   description: '? Standard error of parallax (parallax_error)'
#   meta: !!omap
#   - {ucd: ERROR}
#   - {width: 7}
#   - {precision: '4'}
#   - values: {'null': .nan}
# - name: pmRA
#   unit: mas / yr
#   datatype: float64
#   format: '{:9.3f}'
#   description: '? Proper motion in right ascension direction, pmRA*cosDE (pmra)'
#   meta: !!omap
#   - {ucd: POS_EQ_PMRA}
#   - {width: 9}
#   - {precision: '3'}
#   - values: {'null': .nan}
# - name: pmDE
#   unit: mas / yr
#   datatype: float64
#   format: '{:9.3f}'
#   description: '? Proper motion in declination direction (pmdec)'
#   meta: !!omap
#   - {ucd: POS_EQ_PMDEC}
#   - {width: 9}
#   - {precision: '3'}
#   - values: {'null': .nan}
# - name: e_pmRA
#   unit: mas / yr
#   datatype: float32
#   format: '{:6.3f}'
#   description: '? Standard error of proper motion in right ascension direction (pmra_error)'
#   meta: !!omap
#   - {ucd: ERROR}
#   - {width: 6}
#   - {precision: '3'}
#   - values: {'null': .nan}
# - name: e_pmDE
[...]
#         unit: &id001 !astropy.units.Unit {unit: deg}
#         value: !astropy.table.SerializedColumn {name: SkyCoord.dec}
#       distance: !astropy.table.SerializedColumn
#         __class__: astropy.coordinates.distances.Distance
#         unit: !astropy.units.Unit {unit: pc}
#         value: !astropy.table.SerializedColumn {name: SkyCoord.distance}
#       frame: icrs
#       obstime: !astropy.time.Time {format: jyear_str, in_subfmt: '*', jd1: 367701545.0, jd2: 0.0, out_subfmt: '*', precision: 3, scale: tt}
#       pm_dec: !astropy.table.SerializedColumn
#         __class__: astropy.units.quantity.Quantity
#         unit: !astropy.units.Unit {unit: mas / yr}
#         value: !astropy.table.SerializedColumn {name: SkyCoord.pm_dec}
#       pm_ra_cosdec: !astropy.table.SerializedColumn
#         __class__: astropy.units.quantity.Quantity
#         unit: !astropy.units.Unit {unit: mas / yr}
#         value: !astropy.table.SerializedColumn {name: SkyCoord.pm_ra_cosdec}
#       ra: !astropy.table.SerializedColumn
#         __class__: astropy.coordinates.angles.Longitude
#         unit: *id001
#         value: !astropy.table.SerializedColumn {name: SkyCoord.ra}
#         wrap_angle: !astropy.coordinates.Angle
#           unit: *id001
#           value: 360.0
#       representation_type: spherical
# schema: astropy-2.0
RA_ICRS_1 DE_ICRS_1 e_RA_ICRS e_DE_ICRS _r_1 HIP TYC2 Source rgeo Plx e_Plx pmRA pmDE e_pmRA e_pmDE RUWE Teff logg Gmag BP-RP BPmag RPmag RV e_RV b_rgeo B_rgeo FG e_FG FBP e_FBP FRP e_FRP RAVE5 RAVE6 e_Gmag e_BPmag e_RPmag e_BP-RP SkyCoord.ra SkyCoord.dec SkyCoord.distance SkyCoord.pm_ra_cosdec SkyCoord.pm_dec
[from data line 1420]
302.0438356665 38.42934767823 0.0372 0.0449 12.9669 "" "" 2061840458258025472 2150.0498 0.4489 0.0496 -5.629 -7.839 0.05 0.06 1.045 4973.3 4.3769 16.884863 1.281998 17.451221 16.169224 "" "" 1926.99609 2382.87036 3318.95399 1.9961 1428.7 8.4793 2700.7 7.4257 "" "" 0.002831639644204058 0.007021954 0.0048161848 0.011838138 302.0438356665 38.42934767823 2150.0498 -5.6290000000000004 -7.839
301.75079307853 38.40024964374 0.0388 0.0423 12.2197 "" "" 2061821079364590208 2239.03809 0.4361 0.0501 -4.194 -2.656 0.053 0.056 0.977 5463.3 4.6472 16.886251 1.238686 17.430283 16.191597 "" "" 2050.0791 2593.22046 3314.71393 1.824 1456.5 5.0583 2645.6 6.4231 "" "" 0.0028193507083979635 0.0046907347 0.004607842 0.009298576 301.75079307853 38.40024964374 2239.03809 -4.194000000000001 -2.6560000000000006
301.97806855507 38.41768767427 0.039 0.0462 11.1184 "" "" 2061841111093122048 2555.77124 0.3744 0.0514 -4.028 -4.976 0.053 0.063 1.027 5552.7 4.5845 16.887075 1.432497 17.537329 16.104832 "" "" 2248.51416 2945.78516 3312.20009 1.9683 1319.7 5.4985 2865.7 7.4524 "" "" 0.002829855364472161 0.005314966 0.004717621 0.010032587 301.97806855507 38.41768767427 2555.77124 -4.0280000000000005 -4.976000000000001
301.88366155375 38.1813587843 0.0378 0.0443 3.7476 "" "" 2061626019130958208 1924.44165 0.4975 0.0489 -7.602 -7.292 0.054 0.059 1.008 5409.4 4.6259 16.889555 1.335924 17.479631 16.143707 "" "" 1757.87451 2182.97559 3304.647 1.926 1391.8 6.7668 2764.9 9.2347 "" "" 0.0028270488222064184 0.00597078 0.0052377493 0.011208529 301.88366155375 38.1813587843 1924.44165 -7.602 -7.292000000000001
301.81043643553 38.10978860499 0.038 0.0409 9.1404 "" "" 2061807124987089024 1746.87695 0.5524 0.0484 -4.335 -7.274 0.054 0.051 0.96 4837.4 4.4209 16.890379 1.496691 17.567606 16.070915 "" "" 1627.17603 1895.91016 3302.13504 2.0531 1283.4 7.1077 2956.6 11.027 "" "" 0.002836809753737978 0.006628819 0.0055390657 0.012167884 301.81043643553 38.10978860499 1746.87695 -4.335000000000001 -7.274000000000002
301.5901056975 38.1861428269 0.0421 0.0528 15.4696 "" "" 2061811974002942464 1723.1051 0.5869 0.0587 -6.474 -14.111 0.061 0.064 1.142 "" "" 16.891062 "" "" "" "" "" 1562.19153 1956.88757 3300.05924 3.3383 "" "" "" "" "" "" 0.0029661575817170466 "" "" "" 301.5901056975 38.1861428269 1723.1051 -6.474 -14.111
302.30424053823 38.22438216043 0.0411 0.0469 18.557 "" "" 2061636391444196736 2468.98022 0.3889 0.054 -4.761 -7.058 0.058 0.064 1.043 5677.2 4.5968 16.891214 1.388733 17.515905 16.127172 "" "" 2185.7854 2793.15356 3299.59595 1.9515 1346.0 6.1668 2807.3 5.0795 "" "" 0.00282915848493001 0.0057034655 0.0042594676 0.009962933 302.30424053823 38.22438216043 2468.98022 -4.761000000000001 -7.058
301.76647335264 38.32010877028 0.0486 0.0525 8.3331 "" "" 2061818433664594816 2272.00586 0.4351 0.0633 -2.193 -5.486 0.067 0.066 1.334 9231.9 4.3267 16.891329 1.290346 17.409952 16.119606 "" "" 1959.37598 2655.15796 3299.24929 2.7615 1484.0 6.6711 2826.9 7.8798 "" "" 0.0029013192058183162 0.0056220023 0.004841791 0.010463793 301.76647335264 38.32010877028 2272.00586 -2.1929999999999996 -5.485999999999999
301.76788953055 38.39528323084 0.0409 0.0427 11.4974 "" "" 2061821006323009664 2043.77893 0.4769 0.0503 -0.556 -6.226 0.057 0.058 0.951 5327.7 4.6668 16.89146 1.273663 17.45748 16.183817 "" "" 1848.4989 2250.68555 3298.8499 1.82 1420.4 7.2625 2664.6 6.3178 "" "" 0.002819680985892814 0.006213107 0.0045728236 0.010785931 301.76788953055 38.39528323084 2043.77893 -0.5560000000000003 -6.225999999999999
301.93230886975 38.57606949285 0.0396 0.0492 20.1887 "" "" 2061847364565718528 2016.58289 0.4838 0.0531 -4.931 -8.408 0.05 0.064 1.016 5300.6 4.6203 16.892687 1.440231 17.543999 16.103767 "" "" 1821.1825 2228.73438 3295.12818 1.9581 1311.6 6.95 2868.5 6.7251 "" "" 0.0028298512386560957 0.0063940664 0.00455666 0.010950726 301.93230886975 38.57606949285 2016.58289 -4.930999999999999 -8.408
301.93570049609 38.17926411453 0.0369 0.0432 3.8259 "" "" 2061627256081503872 2314.17505 0.4142 0.0482 -1.906 3.316 0.054 0.059 1.021 7178.2 4.3423 16.894257 1.259144 17.455318 16.196175 "" "" 2074.87256 2589.13208 3290.3632 1.8694 1423.3 6.214 2634.4 8.2057 "" "" 0.0028235259589257777 0.005500436 0.005071572 0.010572008 301.93570049609 38.17926411453 2314.17505 -1.906 3.315999999999999
302.10945636192 38.2284884933 0.0382 0.0476 9.3783 "" "" 2061647459609548800 1879.30151 0.5186 0.0514 -0.65 -4.625 0.057 0.063 1.003 4957.2 4.3808 16.896263 1.384275 17.52059 16.136314 "" "" 1721.94092 2114.06714 3284.29026 1.9476 1340.2 7.1295 2783.8 7.266 "" "" 0.0028295455586591013 0.00641445 0.0047238343 0.011138285 302.10945636192 38.2284884933 1879.30151 -0.6500000000000001 -4.624999999999999
301.94442260632 38.06017561485 0.0374 0.0434 10.9044 "" "" 2061624060625769856 1833.58862 0.5324 0.0486 -1.505 -3.274 0.053 0.058 0.986 5366.9 4.7037 16.8969 1.295408 17.44509 16.149681 "" "" 1683.48059 1972.64209 3282.3644 1.8644 1436.8 10.126 2749.7 13.006 "" "" 0.002823493036518246 0.008144674 0.0063762907 0.014520965 301.94442260632 38.06017561485 1833.58862 -1.5050000000000001 -3.2740000000000005
301.54424520264 38.29216729704 0.0789 0.0888 17.5588 "" "" 2061825266929775616 2127.93091 0.5024 0.1062 -2.009 -4.926 0.103 0.109 2.557 5045.3 4.3967 16.897667 1.925393 17.732573 15.807179 "" "" 1669.57214 2716.25684 3280.04396 4.6892 1102.5 5.7551 3769.5 10.954 "" "" 0.00316244627540814 0.006317171 0.00492325 0.011240421 301.54424520264 38.29216729704 2127.93091 -2.009 -4.926
301.83143868647 38.04290829071 0.0375 0.0431 12.4076 "" "" 2061618975384153216 1941.23877 0.4832 0.0491 -3.082 -3.957 0.052 0.055 0.99 5378.8 4.6712 16.901602 1.284937 17.466192 16.181255 "" "" 1774.104 2162.13672 3268.17825 1.9032 1409.1 6.3155 2670.9 8.6211 "" "" 0.0028269339485971316 0.005609365 0.005154167 0.010763532 301.83143868647 38.04290829071 1941.23877 -3.0819999999999994 -3.956999999999999
301.62703464759 38.21532734426 0.0478 0.0588 13.4663 "" "" 2061812145832023936 2113.81104 0.464 0.0665 -2.815 -9.065 0.067 0.076 1.262 5260.9 4.6485 16.905273 1.355127 17.473675 16.118547 "" "" 1884.73206 2424.84399 3257.14851 3.0208 1399.4 8.9326 2829.7 7.6962 "" "" 0.002933554414578908 0.007471007 0.004796229 0.012267236 301.62703464759 38.21532734426 2113.81104 -2.815 -9.065
301.745741152 38.35543673359 0.0385 0.0425 10.4177 "" "" 2061819292658107648 1778.6228 0.5532 0.0494 0.834 -4.159 0.052 0.055 0.993 5195.5 4.631 16.905495 1.315065 17.444685 16.12962 "" "" 1627.90796 1956.08972 3256.48387 1.8294 1437.3 8.8401 2801.0 22.497 "" "" 0.0028220224859994768 0.0072372784 0.0095041515 0.01674143 301.745741152 38.35543673359 1778.6228 0.8339999999999999 -4.158999999999999
301.99991709225 38.55065985719 0.0374 0.0497 19.1024 "" "" 2061846398164423936 2530.70117 0.376 0.0512 -4.222 -8.98 0.051 0.064 0.993 5535.7 4.5516 16.907368 1.50456 17.609537 16.104977 "" "" 2221.45044 2894.25244 3250.87188 1.8299 1234.8 6.8029 2865.3 10.161 "" "" 0.002822286413631336 0.006600402 0.005395208 0.01199561 301.99991709225 38.55065985719 2530.70117 -4.222 -8.98
302.11547881381 38.32917441797 0.0394 0.0452 11.0163 "" "" 2061651303578224768 1713.46692 0.5711 0.0507 8.519 6.467 0.056 0.061 0.965 5052.6 4.6968 16.907946 1.317791 17.492573 16.174782 "" "" 1535.42981 1885.99292 3249.14264 2.0823 1375.3 5.3478 2686.9 7.8014 "" "" 0.002841823197353155 0.0050605335 0.0049215383 0.009982072 302.11547881381 38.32917441797 1713.46692 8.519000000000002 6.4670000000000005
302.13842903742 38.30745115255 0.0392 0.0473 11.4513 "" "" 2061651028702690944 2143.17847 0.4465 0.0498 -0.952 -2.788 0.054 0.064 1.003 5590.5 4.6956 16.910501 1.234226 17.42421 16.189983 "" "" 1956.67175 2423.75342 3241.5011 2.1588 1464.6 7.9461 2649.5 7.9654 "" "" 0.002848621441694444 0.0065179886 0.004993826 0.011511815 302.13842903742 38.30745115255 2143.17847 -0.9519999999999998 -2.7880000000000003
301.88534001759 38.22800655504 0.0502 0.0662 1.4077 "" "" 2061815272542385024 1908.34302 0.5287 0.0725 -4.754 -7.401 0.067 0.097 1.28 "" "" 16.910936 1.127427 16.897417 15.76999 "" "" 1668.41748 2266.07495 3240.20138 5.194 2379.3 117.38 3900.9 126.19 "" "" 0.003258965059623545 0.053636156 0.035325177 0.08896133 301.88534001759 38.22800655504 1908.34302 -4.753999999999999 -7.401
302.07187464582 37.95771931711 0.0411 0.0477 18.5624 "" "" 2061608048987559680 2101.20581 0.4734 0.0539 0.154 -3.67 0.056 0.063 1.029 5314.4 4.6127 16.9115 1.464197 17.593214 16.129017 "" "" 1893.44788 2328.12817 3238.51675 1.8749 1253.5 6.8381 2802.5 10.024 "" "" 0.002826109408114355 0.00654721 0.005418953 0.011966163 302.07187464582 37.95771931711 2101.20581 0.15400000000000014 -3.6699999999999995
301.78599156452 38.55715462077 0.0392 0.0447 19.9162 "" "" 2061858119163993472 2255.1355 0.4247 0.053 -0.465 -7.483 0.052 0.057 1.06 6064.0 4.4842 16.912506 1.389587 17.52552 16.135933 "" "" 1965.68176 2605.01562 3235.52379 2.0316 1334.2 6.3385 2784.7 7.243 "" "" 0.0028384074625848028 0.005864389 0.0047179116 0.0105823 301.78599156452 38.55715462077 2255.1355 -0.4650000000000001 -7.483
301.83237119657 38.1845756788 0.0366 0.0431 4.9804 "" "" 2061813451501914752 2388.5874 0.4012 0.0485 0.595 -2.264 0.051 0.057 0.967 5433.0 4.6254 16.912632 1.311068 17.486847 16.17578 "" "" 2125.86401 2695.52271 3235.14573 1.8707 1382.5 8.6742 2684.4 9.7133 "" "" 0.0028259416807763144 0.007361479 0.005451427 0.012812906 301.83237119657 38.1845756788 2388.5874 0.5950000000000001 -2.264
301.90030749423 38.49186883211 0.0377 0.0469 15.1201 "" "" 2061845062463206656 1782.27637 0.5381 0.0518 -9.576 -12.035 0.051 0.062 0.995 5288.8 4.645 16.912949 1.417128 17.561073 16.143946 "" "" 1656.73621 1929.68237 3234.2032 1.9177 1291.2 5.9218 2764.3 8.1527 "" "" 0.0028295304385559526 0.005707918 0.0049535283 0.0106614465 301.90030749423 38.49186883211 1782.27637 -9.575999999999999 -12.035
302.0356330249 38.1535628254 0.0396 0.0461 7.838 "" "" 2061623304711763456 1900.27844 0.5203 0.05 -2.138 -7.345 0.059 0.061 0.949 5449.1 4.684 16.914042 1.348192 17.515806 16.167614 "" "" 1730.00391 2081.01245 3230.95109 2.1094 1346.2 5.393 2704.7 8.5621 "" "" 0.0028450403062255276 0.005167563 0.0051085246 0.010276088 302.0356330249 38.1535628254 1900.27844 -2.138 -7.345000000000001
301.87416553082 38.2403168211 0.0377 0.0448 1.7363 "" "" 2061815478726478208 2437.76611 0.3934 0.05 -1.4 -3.462 0.051 0.058 1.007 5637.1 4.6705 16.914558 1.276672 17.46893 16.192257 "" "" 2176.55884 2762.56592 3229.41218 1.9574 1405.5 5.1484 2644.0 9.7177 "" "" 0.0028328187473073132 0.004858221 0.0054961573 0.010354378 301.87416553082 38.2403168211 2437.76611 -1.3999999999999997 -3.4619999999999997
302.15932646947 38.31224147544 0.0396 0.0451 12.4735 "" "" 2061652476131238912 1817.86169 0.5407 0.0505 -2.747 -12.582 0.055 0.06 1.106 5109.2 4.3789 16.91489 1.332931 17.493555 16.160624 "" "" 1635.26331 1990.27673 3228.42199 2.2939 1374.0 6.9294 2722.1 8.0472 "" "" 0.0028612805494109355 0.0061455225 0.0049584196 0.011103942 302.15932646947 38.31224147544 1817.86169 -2.746999999999999 -12.582
302.06969197683 38.06182243157 0.0399 0.0458 13.0521 "" "" 2061621999041391488 2541.23267 0.3743 0.0518 -6.101 -4.412 0.054 0.058 1.018 "" "" 16.916582 1.530323 17.619238 16.088915 "" "" 2229.54614 2897.27588 3223.39716 1.9033 1223.8 6.9405 2908.0 6.6373 "" "" 0.0028289191165872117 0.006760169 0.004519378 0.011279547 302.06969197683 38.06182243157 2541.23267 -6.101000000000001 -4.412000000000002
301.93907240646 38.00333170633 0.0401 0.0485 14.2621 "" "" 2061620693353827584 1746.28296 0.5667 0.0542 0.839 -4.869 0.055 0.068 1.072 5066.7 4.682 16.916769 1.361132 17.44411 16.08298 "" "" 1605.33728 1962.18896 3222.84043 2.1601 1438.0 18.847 2923.9 22.589 "" "" 0.002849798897904303 0.014501052 0.00920013 0.023701182 301.93907240646 38.00333170633 1746.28296 0.8390000000000004 -4.869
301.96522842706 37.99103777491 0.0382 0.0484 15.1558 "" "" 2061620624651416960 2214.21265 0.4357 0.052 2.283 -5.485 0.053 0.06 1.077 5525.7 4.6007 16.917252 1.410862 17.539185 16.128323 "" "" 2034.37512 2537.77515 3221.41345 1.8412 1317.5 10.136 2804.3 7.2874 "" "" 0.002824336256250253 0.008806641 0.004716387 0.013523028 301.96522842706 37.99103777491 2214.21265 2.283 -5.484999999999999
301.86672631925 38.39621758653 0.0407 0.0441 9.6017 "" "" 2061820357810091008 2324.03174 0.4391 0.0516 -7.022 -12.713 0.055 0.06 0.976 4863.3 4.4462 16.919987 1.381081 17.550854 16.169773 "" "" 2010.93201 2608.62256 3213.30538 1.9331 1303.4 7.4304 2699.3 6.8604 "" "" 0.0028316817018419365 0.006789368 0.004679561 0.011468929 301.86672631925 38.39621758653 2324.03174 -7.022 -12.712999999999997
301.68002149698 38.25231193365 0.0396 0.0461 10.9094 "" "" 2061812626868344192 1845.42529 0.5368 0.0523 -7.185 -8.383 0.053 0.059 1.093 5219.6 4.6613 16.92095 1.276926 17.433748 16.156822 "" "" 1711.02869 1987.33704 3210.45802 2.6384 1451.8 8.8097 2731.7 9.2364 "" "" 0.0028961942741220336 0.0071548442 0.0052688294 0.012423674 301.68002149698 38.25231193365 1845.42529 -7.1850000000000005 -8.383000000000001
301.88716782079 38.20406312245 0.0369 0.0448 2.4318 "" "" 2061813726379793920 2253.82104 0.4241 0.049 -6.694 -10.517 0.051 0.057 0.997 7901.7 4.5155 16.92117 0.2777 17.020176 16.742476 "" "" 2017.33484 2524.82959 3209.80599 5.731 2124.9 13.183 1592.8 13.313 "" "" 0.0033689385308990107 0.0072909757 0.009830384 0.01712136 301.88716782079 38.20406312245 2253.82104 -6.693999999999999 -10.517000000000001
301.84973354695 37.96487283012 0.0388 0.0429 16.7596 "" "" 2061617463555590272 2334.85571 0.4128 0.05 -0.148 -4.885 0.053 0.056 1.076 5297.7 4.6336 16.922003 1.304644 17.49843 16.193787 "" "" 2092.94165 2671.87109 3207.34304 1.8278 1367.9 6.3616 2640.2 8.6923 "" "" 0.0028239382982309653 0.0057689757 0.0052020364 0.010971012 301.84973354695 37.96487283012 2334.85571 -0.14800000000000013 -4.885
302.28843317351 38.17324404087 0.0401 0.0446 18.2398 "" "" 2061636052176139392 2226.92383 0.4348 0.0522 0.124 -0.647 0.061 0.062 1.002 5705.1 4.6283 16.924421 1.34325 17.501036 16.157785 "" "" 1998.69543 2528.12085 3200.20678 1.9567 1364.6 9.483 2729.3 13.307 "" "" 0.002834164312768983 0.00804447 0.006504321 0.014548792 302.28843317351 38.17324404087 2226.92383 0.124 -0.647
302.12411683641 38.51981881457 0.0401 0.0447 19.5534 "" "" 2061842657281266944 1974.25024 0.4851 0.0504 -5.556 -8.041 0.054 0.059 0.986 "" "" 16.924553 1.494345 17.602863 16.108519 "" "" 1805.32434 2165.60645 3199.82299 2.0188 1242.4 11.41 2856.0 8.6018 "" "" 0.0028391929791165447 0.010354244 0.0049977 0.015351944 302.12411683641 38.51981881457 1974.25024 -5.556 -8.041
301.54496635348 38.26251774531 0.0387 0.0453 17.3 "" "" 2061824412228517376 1824.22021 0.5182 0.0519 0.836 -0.229 0.053 0.056 1.026 4945.5 4.5726 16.925217 1.467317 17.45517 15.987853 "" "" 1682.05212 1956.68884 3197.86213 2.3781 1423.5 20.516 3191.7 53.006 "" "" 0.0028711847593338056 0.015894832 0.018423134 0.034317967 301.54496635348 38.26251774531 1824.22021 0.836 -0.22900000000000004
302.26766882617 38.28942525737 0.0403 0.0482 17.0618 "" "" 2061648902717809792 1916.67175 0.503 0.0539 -0.927 -1.151 0.055 0.063 1.077 5328.9 4.6224 16.92615 1.517479 17.559078 16.0416 "" "" 1749.57812 2174.78809 3195.11636 2.1382 1293.6 9.3893 3037.5 21.004 "" "" 0.002849511185250337 0.008359928 0.00840536 0.016765289 302.26766882617 38.28942525737 1916.67175 -0.927 -1.151
301.65673940163 38.06044922378 0.0392 0.0459 16.1245 "" "" 2061806064157970176 1823.45471 0.5336 0.0513 1.217 -2.004 0.053 0.055 1.046 4971.4 4.6103 16.92688 1.360996 17.544157 16.18316 "" "" 1666.76575 2026.71313 3192.96723 1.978 1311.5 6.0036 2666.2 8.8597 "" "" 0.0028362261239344828 0.005699758 0.005224982 0.01092474 301.65673940163 38.06044922378 1823.45471 1.2169999999999996 -2.004
