Clusters/Ruprecht_65/Ruprecht_65_stars_in_region.tsv
# %ECSV 1.0
# ---
# datatype:
# - name: RA_ICRS_1
#   unit: deg
#   datatype: float64
#   format: '{:15.11f}'
#   description: Right ascension (ICRS) at Ep=2016.0 (ra)
#   meta: !!omap
#   - {ucd: POS_EQ_RA_MAIN}
#   - {width: 15}
#   - {precision: '11'}
# - name: DE_ICRS_1
#   unit: deg
#   datatype: float64
#   format: '{:15.11f}'
#   description: Declination (ICRS) at Ep=2016.0 (dec)
#   meta: !!omap
#   - {ucd: POS_EQ_DEC_MAIN}
#   - {width: 15}
#   - {precision: '11'}
# - name: e_RA_ICRS
#   unit: mas
#   datatype: float64
#   format: '{:7.4f}'
#   description: Standard error of right ascension (ra_error)
#   meta: !!omap
#   - {ucd: ERROR}
#   - {width: 7}
#   - {precision: '4'}
# - name: e_DE_ICRS
#   unit: mas
#   datatype: float64
#   format: '{:7.4f}'
#   description: Standard error of declination (dec_error)
#   meta: !!omap
#   - {ucd: ERROR}
#   - {width: 7}
#   - {precision: '4'}
# - name: _r_1
#   unit: ''
#   datatype: float64
#   format: '{:7.4f}'
#   description: Distance from center (129.85610791000-44.01900586000)[ICRS], at Epoch=J2016.0
#   meta: !!omap
#   - {ucd: POS_ANG_DIST_GENERAL}
#   - {width: 7}
#   - {precision: '4'}
# - name: HIP
#   datatype: int32
#   description: '? HIP cross-id number, van Leeuwen, Cat. I/311 (hip_original_ext_source_id)'
#   meta: !!omap
#   - {ucd: ID_NUMBER}
#   - {width: 6}
#   - values: {'null': -2147483648}
# - name: TYC2
#   datatype: string
#   description: Tycho-2 cross-id name, Hog et al., Cat. I/259 (tyc2_original_ext_source_id)
#   meta: !!omap
#   - {ucd: ID_CROSSID}
#   - {_votable_string_dtype: char}
# - name: Source
#   datatype: int64
#   description: Source identifier, identical to the Gaia-EDR3 source_id (id)
#   meta: !!omap
#   - {ucd: ID_MAIN}
#   - {width: 19}
# - name: rgeo
#   unit: pc
#   datatype: float64
#   format: '{:15.8f}'
#   description: '? Median of the geometric distance posterior (r_med_geo)'
#   meta: !!omap
#   - {ucd: PHYS_DISTANCE_TRUE}
#   - {width: 15}
#   - {precision: '8'}
#   - values: {'null': .nan}
# - name: Plx
#   unit: mas
#   datatype: float64
#   format: '{:9.4f}'
#   description: '? Parallax (parallax)'
#   meta: !!omap
#   - {ucd: POS_PARLX_TRIG}
#   - {width: 9}
#   - {precision: '4'}
#   - values: {'null': .nan}
# - name: e_Plx
#   unit: mas
#   datatype: float32
#   format: '{:7.4f}'
#   description: '? Standard error of parallax (parallax_error)'
#   meta: !!omap
#   - {ucd: ERROR}
#   - {width: 7}
#   - {precision: '4'}
#   - values: {'null': .nan}
# - name: pmRA
#   unit: mas / yr
#   datatype: float64
#   format: '{:9.3f}'
#   description: '? Proper motion in right ascension direction, pmRA*cosDE (pmra)'
#   meta: !!omap
#   - {ucd: POS_EQ_PMRA}
#   - {width: 9}
#   - {precision: '3'}
#   - values: {'null': .nan}
# - name: pmDE
#   unit: mas / yr
#   datatype: float64
#   format: '{:9.3f}'
#   description: '? Proper motion in declination direction (pmdec)'
#   meta: !!omap
#   - {ucd: POS_EQ_PMDEC}
#   - {width: 9}
#   - {precision: '3'}
#   - values: {'null': .nan}
# - name: e_pmRA
#   unit: mas / yr
#   datatype: float32
#   format: '{:6.3f}'
#   description: '? Standard error of proper motion in right ascension direction (pmra_error)'
#   meta: !!omap
#   - {ucd: ERROR}
#   - {width: 6}
#   - {precision: '3'}
#   - values: {'null': .nan}
# - name: e_pmDE
[...]
#         value: !astropy.table.SerializedColumn {name: SkyCoord.dec}
#       distance: !astropy.table.SerializedColumn
#         __class__: astropy.coordinates.distances.Distance
#         unit: !astropy.units.Unit {unit: pc}
#         value: !astropy.table.SerializedColumn {name: SkyCoord.distance}
#       frame: icrs
#       obstime: !astropy.time.Time {format: jyear_str, in_subfmt: '*', jd1: 367701545.0, jd2: 0.0, out_subfmt: '*', precision: 3, scale: tt}
#       pm_dec: !astropy.table.SerializedColumn
#         __class__: astropy.units.quantity.Quantity
#         unit: !astropy.units.Unit {unit: mas / yr}
#         value: !astropy.table.SerializedColumn {name: SkyCoord.pm_dec}
#       pm_ra_cosdec: !astropy.table.SerializedColumn
#         __class__: astropy.units.quantity.Quantity
#         unit: !astropy.units.Unit {unit: mas / yr}
#         value: !astropy.table.SerializedColumn {name: SkyCoord.pm_ra_cosdec}
#       ra: !astropy.table.SerializedColumn
#         __class__: astropy.coordinates.angles.Longitude
#         unit: *id001
#         value: !astropy.table.SerializedColumn {name: SkyCoord.ra}
#         wrap_angle: !astropy.coordinates.Angle
#           unit: *id001
#           value: 360.0
#       representation_type: spherical
# schema: astropy-2.0
RA_ICRS_1 DE_ICRS_1 e_RA_ICRS e_DE_ICRS _r_1 HIP TYC2 Source rgeo Plx e_Plx pmRA pmDE e_pmRA e_pmDE RUWE Teff logg Gmag BP-RP BPmag RPmag RV e_RV b_rgeo B_rgeo FG e_FG FBP e_FBP FRP e_FRP RAVE5 RAVE6 e_Gmag e_BPmag e_RPmag e_BP-RP SkyCoord.ra SkyCoord.dec SkyCoord.distance SkyCoord.pm_ra_cosdec SkyCoord.pm_dec rmRA rmDE e_rmRA e_rmDE rRV e_rRV v_pec v_pec3d e_vpec e_vpec3d
[from data line 473]
129.93885677064 -44.04101525377 0.0223 0.0255 3.8061 "" "" 5523245346148209536 1747.63464 0.5324 0.0273 -3.777 4.847 0.028 0.03 0.98 6493.9 4.0156 15.818143 1.426138 16.462145 15.036007 "" "" 1689.57117 1813.24048 8865.22383 2.9921 3552.7 8.3338 7669.3 10.14 "" "" 0.0027795813577091307 0.0037777848 0.0040428233 0.007820608 129.93885677064 -44.04101525377 1747.63464 -3.777 4.8469999999999995 0.9307274322509764 0.5498636932373051 0.08126195 0.083261944 "" "" 8.95493839073488 "" 0.7323715088104344 ""
129.69720822757 -44.00646614871 0.0229 0.0251 6.8979 "" "" 5523248507243882752 1664.67297 0.5726 0.0281 -10.719 6.001 0.03 0.032 1.033 5377.9 4.2312 15.820841 1.351374 16.421253 15.06988 "" "" 1591.89221 1741.37866 8843.21799 3.0366 3689.1 9.3087 7433.7 8.1215 "" "" 0.00278042904498406 0.0039103264 0.0039611594 0.007871486 129.69720822757 -44.00646614871 1664.67297 -10.719 6.0009999999999994 -6.011272567749023 1.703863693237305 0.083261944 0.08526194 "" "" 49.30081572614381 "" 4.112295770544977 ""
129.84742111345 -43.9721041985 0.0234 0.0234 2.839 "" "" 5523249400597185664 2243.08325 0.409 0.0271 -3.109 4.234 0.03 0.03 1.0 7437.1 4.0784 15.821899 1.415028 16.460304 15.045277 "" "" 2140.88086 2397.63501 8834.59828 3.0571 3558.7 8.5049 7604.1 7.5359 "" "" 0.002780817104012732 0.0038102467 0.0039295675 0.007739814 129.84742111345 -43.9721041985 2243.08325 -3.108999999999998 4.233999999999996 1.5987274322509766 -0.06313630676269533 0.083261944 0.083261944 "" "" 17.0112629272842 "" 1.4163908272356638 ""
129.55887464447 -44.1254193753 0.0228 0.0274 14.3157 "" "" 5523152506141223680 2388.9292 0.3889 0.0297 -4.087 2.222 0.03 0.036 0.98 7691.5 4.2823 15.822949 1.095415 16.281675 15.18626 "" "" 2246.50293 2565.00269 8826.05917 3.1453 4195.1 14.761 6678.1 10.78 "" "" 0.0027823542829521148 0.0047307247 0.0041659856 0.00889671 129.55887464447 -44.1254193753 2388.9292 -4.087 2.2219999999999995 0.6207274322509768 -2.0751363067626953 0.083261944 0.08926194 "" "" 24.526589808846094 "" 2.177579998973003 ""
129.87994822987 -43.91495540109 0.0256 0.0269 6.3273 "" "" 5523250156511424512 2001.88843 0.4671 0.0307 -6.363 5.88 0.033 0.033 1.141 5932.6 3.9754 15.825935 1.412138 16.426788 15.01465 "" "" 1908.15454 2141.86108 8801.81972 3.4944 3670.3 9.5629 7821.6 25.292 "" "" 0.002788833225392361 0.0039733523 0.005158466 0.009131818 129.87994822987 -43.91495540109 2001.88843 -6.3629999999999995 5.88 -1.6552725677490239 1.5828636932373046 0.08626194 0.08626194 "" "" 21.73235975383881 "" 1.8746755779645947 ""
130.12065770255 -44.18046843788 0.0232 0.0246 14.9595 "" "" 5522490153460897408 2190.21582 0.4225 0.0278 -4.007 7.337 0.031 0.031 0.983 6858.5 3.4871 15.828298 1.816091 16.707478 14.891387 "" "" 2056.28027 2327.85815 8782.69405 3.4073 2834.2 9.4136 8762.0 7.8902 "" "" 0.002787330982427088 0.0045595733 0.003903798 0.008463372 130.12065770255 -44.18046843788 2190.21582 -4.007000000000001 7.336999999999998 0.7007274322509769 3.0398636932373044 0.08426194 0.08426194 "" "" 32.386321459969565 "" 2.7289342410129827 ""
129.65941328416 -44.01948530036 0.0227 0.0255 8.4867 "" "" 5523154705164499200 1937.09814 0.4855 0.0283 -4.69 4.299 0.029 0.032 1.027 6962.9 4.2298 15.829589 1.207208 16.2182 15.010993 "" "" 1826.02417 2025.38171 8772.25338 3.7834 4447.7 49.249 7848.0 151.0 "" "" 0.0027948283050032124 0.012341792 0.021229308 0.0335711 129.65941328416 -44.01948530036 1937.09814 -4.690000000000001 4.299000000000001 0.01772743225097617 0.001863693237305064 0.08226194 0.08526194 "" "" 0.16366757043327124 "" 0.013469076443308952 ""
129.74319936764 -44.36520643351 0.023 0.0246 21.3324 "" "" 5522395698545656576 2191.09692 0.4198 0.0281 -1.576 0.975 0.032 0.033 0.998 6608.6 3.9433 15.830501 1.339472 16.424528 15.085056 "" "" 2065.67676 2347.2583 8764.88955 3.0396 3677.9 8.1321 7330.5 12.997 "" "" 0.0027809280434633404 0.0036807775 0.004241392 0.00792217 129.74319936764 -44.36520643351 2191.09692 -1.576 0.9749999999999999 3.1317274322509765 -3.3221363067626952 0.08526194 0.08626194 "" "" 47.416954184873056 "" 4.068036652809173 ""
130.11381978544 -44.00874116494 0.0228 0.0248 11.1374 "" "" 5522500701900477312 1642.42419 0.5765 0.0273 -8.552 8.457 0.03 0.03 1.047 6581.9 4.2482 15.831661 1.356127 16.438301 15.082174 "" "" 1570.40515 1711.90381 8755.52614 2.8371 3631.6 7.3499 7350.0 9.2702 "" "" 0.0027776905037897653 0.0035515607 0.004019819 0.0075713797 130.11381978544 -44.00874116494 1642.42419 -8.552 8.457 -3.844272567749023 4.159863693237305 0.083261944 0.083261944 "" "" 44.0961290121438 "" 3.671529440017422 ""
129.8397682603 -44.04607930786 0.0221 0.0226 1.7707 "" "" 5523244693313328640 2143.27173 0.4355 0.0256 -4.088 4.508 0.029 0.029 1.0 7209.8 4.3353 15.835191 1.221646 16.361464 15.139817 "" "" 2050.58569 2243.08154 8727.1095 2.8532 3897.9 10.346 6970.0 11.732 "" "" 0.0027780910498894722 0.004011222 0.0041980445 0.008209267 129.8397682603 -44.04607930786 2143.27173 -4.087999999999997 4.507999999999997 0.6197274322509765 0.2108636932373047 0.08226194 0.08226194 "" "" 6.650341645632732 "" 0.547070020908036 ""
129.59432089756 -44.33877659556 0.3179 0.3748 22.2487 "" "" 5523147077302950912 1789.3457 1.3408 0.4143 -5.013 3.039 0.427 0.461 13.745 9877.7 4.0083 15.841572 1.223681 16.282238 15.058557 "" "" 998.976624 3060.43433 8675.97321 26.752 4193.0 7.8446 7511.7 10.562 "" "" 0.00433586228423673 0.0034512542 0.0040760655 0.0075273197 129.59432089756 -44.33877659556 1789.3457 -5.013 3.0390000000000015 -0.30527256774902334 -1.2581363067626952 0.48026192 0.51426196 "" "" 10.980505640285717 "" 5.62674911900798 ""
129.79815065712 -43.7996122003 0.0253 0.0263 13.3999 "" "" 5523263419370313344 2230.42456 0.4219 0.0307 -1.935 3.199 0.033 0.033 0.997 7472.1 4.1974 15.845317 1.311158 16.420534 15.109376 "" "" 2078.95703 2355.56689 8646.09734 3.6727 3691.5 9.9374 7168.2 11.898 "" "" 0.002793652657677477 0.0040407446 0.004187055 0.008227799 129.79815065712 -43.7996122003 2230.42456 -1.9349999999999978 3.199 2.7727274322509765 -1.0981363067626955 0.08626194 0.08626194 "" "" 31.529167826687882 "" 2.719767277356898 ""
130.12256539034 -43.87392993005 0.0254 0.0252 14.4315 "" "" 5523254000499615232 1621.46875 0.5868 0.031 -5.433 7.013 0.035 0.031 1.039 6129.0 4.2174 15.847375 1.261396 16.374641 15.113245 "" "" 1550.89856 1703.84802 8629.72424 3.837 3850.9 12.703 7142.7 10.686 "" "" 0.0027972904050261025 0.004540087 0.004113661 0.008653749 130.12256539034 -43.87392993005 1621.46875 -5.433000000000001 7.013 -0.7252725677490233 2.7158636932373046 0.08826195 0.08426194 "" "" 21.60497041253314 "" 1.8263566056407863 ""
129.77495651065 -44.3865212849 0.1218 0.1185 22.3255 "" "" 5522394873911934208 1845.27283 0.5907 0.1428 -3.062 3.958 0.163 0.156 6.028 "" "" 15.848933 1.790023 16.613012 14.822989 "" "" 1482.57886 2424.69678 8617.34511 16.6 3091.8 12.659 9331.7 15.752 "" "" 0.0034592170231472572 0.005248501 0.004200314 0.009448815 129.77495651065 -44.3865212849 1845.27283 -3.0620000000000003 3.958 1.6457274322509767 -0.33913630676269513 0.21626195 0.20926195 "" "" 14.696963369688673 "" 3.174268350953412 ""
130.16451869448 -44.17386327666 0.0233 0.0242 16.2154 "" "" 5522489466266163072 2009.8009 0.4691 0.0279 -6.721 4.185 0.03 0.03 1.023 7993.7 3.9895 15.849685 1.3445 16.442066 15.097567 "" "" 1921.79199 2127.88306 8611.38513 3.7717 3619.0 9.6346 7246.6 11.329 "" "" 0.002796055990991986 0.0040174494 0.0041430495 0.008160499 130.16451869448 -44.17386327666 2009.8009 -6.721000000000002 4.184999999999999 -2.0132725677490235 -0.1121363067626957 0.083261944 0.083261944 "" "" 19.20908032697287 "" 1.5993853772678726 ""
129.55847875869 -43.90559494535 0.0265 0.0287 14.544 "" "" 5523170922960890880 1924.33276 0.4897 0.0313 -5.445 0.272 0.036 0.039 1.016 6765.3 4.2089 15.852008 1.54077 16.562544 15.021774 "" "" 1816.6731 2039.53979 8592.97396 3.019 3238.9 8.8333 7770.5 9.9534 "" "" 0.002781599851323318 0.004068541 0.0040271445 0.008095685 129.55847875869 -43.90559494535 1924.33276 -5.445000000000002 0.27199999999999874 -0.7372725677490237 -4.025136306762695 0.08926194 0.09226194 "" "" 37.32543623765881 "" 3.4401395313445655 ""
130.32589218655 -43.98122621807 0.0253 0.0255 20.4023 "" "" 5522498949553984896 2082.82812 0.4447 0.031 -5.775 5.887 0.033 0.034 1.074 8582.5 4.0885 15.855815 1.291222 16.412748 15.121527 "" "" 1944.505 2253.68701 8562.89763 3.0636 3718.1 8.7952 7088.4 19.128 "" "" 0.0027825677246934794 0.0037922699 0.004782025 0.008574295 130.32589218655 -43.98122621807 2082.82812 -5.775 5.886999999999999 -1.0672725677490238 1.5898636932373043 0.08626194 0.087261945 "" "" 18.904781932264516 "" 1.6438185447840359 ""
130.04013597115 -44.16635613847 0.1 0.1049 11.8766 "" "" 5522493005319110656 1816.58691 0.5616 0.1194 -2.202 3.445 0.133 0.133 4.216 7887.7 4.128 15.859651 1.613282 16.581734 14.968452 "" "" 1471.27856 2251.31299 8532.69824 9.7341 3182.2 11.378 8161.6 9.9514 "" "" 0.0030209167637057963 0.00478074 0.00400453 0.00878527 130.04013597115 -44.16635613847 1816.58691 -2.201999999999999 3.4449999999999994 2.5057274322509766 -0.8521363067626955 0.18626195 0.18626195 "" "" 22.789383972719747 "" 4.244795141889952 ""
129.82347988436 -43.99331392152 0.0246 0.0246 2.0878 "" "" 5523247888768688512 2275.59546 0.4146 0.0294 -4.871 4.297 0.032 0.031 1.09 7216.0 4.2283 15.860611 1.19455 16.371834 15.177284 "" "" 2106.32104 2462.86133 8525.16021 2.8269 3860.9 9.2731 6733.6 9.3381 "" "" 0.0027787420043970563 0.0038190633 0.004068271 0.007887334 129.82347988436 -43.99331392152 2275.59546 -4.871 4.296999999999999 -0.16327256774902388 -0.00013630676269560382 0.08526194 0.08426194 "" "" 1.7611111816563492 "" 0.15015575636730968 ""
129.53477819064 -44.11255462731 0.0225 0.0277 14.9472 "" "" 5523164325891199488 1636.18713 0.5774 0.0296 -3.284 3.943 0.03 0.036 1.076 5653.8 4.2066 15.861846 1.322231 16.275349 14.953117 "" "" 1563.90942 1722.71362 8515.46765 5.5896 4219.7 61.554 8277.7 100.26 "" "" 0.002845998381417793 0.016081844 0.013682815 0.02976466 129.53477819064 -44.11255462731 1636.18713 -3.284 3.9430000000000005 1.4237274322509768 -0.35413630676269525 0.083261944 0.08926194 "" "" 11.378212725939125 "" 0.9514842908397257 ""
129.90225861615 -44.34168657105 0.0233 0.0254 19.4624 "" "" 5522393671320440320 2371.32202 0.3846 0.0295 -6.373 4.07 0.032 0.033 0.982 7196.1 4.314 15.864574 1.287193 16.423483 15.13629 "" "" 2217.84229 2584.11182 8494.09665 3.0977 3681.5 11.674 6992.7 10.115 "" "" 0.0027836253762131124 0.0044315145 0.0040927106 0.008524225 129.90225861615 -44.34168657105 2371.32202 -6.373000000000002 4.070000000000002 -1.6652725677490237 -0.22713630676269503 0.08526194 0.08626194 "" "" 18.891083041071404 "" 1.6110374212515468 ""
129.57933468308 -44.19334822752 0.0235 0.0292 15.8622 "" "" 5523151299241773952 1619.63977 0.5829 0.0319 -7.554 7.08 0.032 0.036 1.023 5511.1 4.2553 15.87201 1.303413 16.420267 15.116854 "" "" 1553.177 1702.4325 8436.11766 3.1522 3692.4 13.974 7119.0 29.145 "" "" 0.0027850268643228424 0.0049667843 0.0058345124 0.010801297 129.57933468308 -44.19334822752 1619.63977 -7.554000000000002 7.079999999999995 -2.8462725677490237 2.7828636932373048 0.08526194 0.08926194 "" "" 30.559840904818802 "" 2.6660345940553563 ""
129.73965225282 -43.9006647075 0.0242 0.0255 8.7014 "" "" 5523261078605676032 1713.2627 0.5539 0.0289 -3.346 4.271 0.031 0.032 1.06 7198.5 4.2913 15.87296 1.387059 16.49471 15.107652 "" "" 1627.38989 1793.56653 8428.73976 3.2666 3447.7 8.3377 7179.6 7.5169 "" "" 0.002787265194587253 0.0038313472 0.0039466335 0.0077779805 129.73965225282 -43.9006647075 1713.2627 -3.3459999999999996 4.270999999999999 1.3617274322509765 -0.026136306762695405 0.08426194 0.08526194 "" "" 11.060441630150583 "" 0.9319783543998519 ""
130.17035596469 -44.21328667276 0.0225 0.0243 17.8639 "" "" 5522489157028545280 2274.4939 0.4073 0.027 -4.412 5.11 0.031 0.03 0.992 "" "" 15.880322 1.497359 16.556532 15.059173 "" "" 2152.15015 2421.37769 8371.77573 2.8322 3256.9 11.698 7507.4 7.6302 "" "" 0.002779695078204164 0.0047950735 0.0039371853 0.008732259 130.17035596469 -44.21328667276 2274.4939 -4.412 5.109999999999996 0.29572743225097664 0.812863693237305 0.08426194 0.083261944 "" "" 9.325509716269133 "" 0.777555863679876 ""
129.51131455773 -43.94825646137 0.0281 0.0315 15.479 "" "" 5523170373205063168 2124.1582 0.4302 0.0341 -6.143 4.391 0.037 0.04 1.161 7154.0 4.2675 15.884846 1.550644 16.592844 15.0422 "" "" 1987.00732 2278.96387 8336.9744 3.7229 3149.8 8.9705 7625.7 9.4076 "" "" 0.0027976522089223042 0.0041648922 0.0040097167 0.008174609 129.51131455773 -43.94825646137 2124.1582 -6.142999999999999 4.390999999999999 -1.4352725677490232 0.0938636932373047 0.09026194 0.09326194 "" "" 14.4819257169847 "" 1.3073548447800987 ""
129.75945458815 -43.9288173019 0.029 0.0291 6.8337 "" "" 5523249258855595392 1960.91138 0.4794 0.0338 -1.996 -5.118 0.036 0.036 1.236 7172.9 4.3602 15.889353 1.310324 16.456602 15.146278 "" "" 1846.89319 2070.64648 8302.43769 3.758 3570.9 11.247 6928.6 10.314 "" "" 0.002798804775518617 0.004413518 0.0041104695 0.008523988 129.75945458815 -43.9288173019 1960.91138 -1.9960000000000004 -5.118 2.7117274322509766 -9.415136306762696 0.08926194 0.08926194 "" "" 91.06845805204145 "" 8.12894738531496 ""
129.73956195926 -44.15706616331 0.0236 0.0254 9.6874 "" "" 5523150135319373056 1929.26184 0.4862 0.0295 -5.52 2.5 0.032 0.033 0.971 8120.8 4.2589 15.890339 1.421453 16.527277 15.105823 "" "" 1827.58008 2048.76172 8294.89923 3.1322 3345.8 9.7966 7191.7 13.755 "" "" 0.002785654860753616 0.0042298366 0.0043123085 0.008542145 129.73956195926 -44.15706616331 1929.26184 -5.52 2.5 -0.812272567749023 -1.7971363067626953 0.08526194 0.08626194 "" "" 18.03497736174432 "" 1.5526876016422289 ""
129.4950441831 -43.93774446329 0.0259 0.0286 16.334 "" "" 5523170579363472768 2374.90454 0.3932 0.0314 -5.041 3.385 0.036 0.037 1.069 7586.8 4.0656 15.890933 1.532262 16.595758 15.063497 "" "" 2207.34082 2535.64722 8290.36409 3.1753 3141.3 11.993 7477.6 9.9249 "" "" 0.002786524649636747 0.00499675 0.0040448043 0.009041554 129.4950441831 -43.93774446329 2374.90454 -5.041 3.385 -0.3332725677490238 -0.9121363067626955 0.08926194 0.09026194 "" "" 10.931881345609236 "" 0.9854516378693263 ""
129.90168506384 -44.01502304028 0.0233 0.0249 1.981 "" "" 5523246136422133120 1902.06567 0.4943 0.0278 -2.77 2.991 0.03 0.031 1.043 5076.7 3.7804 15.892842 1.643827 16.668095 15.024268 "" "" 1826.15088 1990.0343 8275.79728 2.7144 2938.9 8.1944 7752.7 11.884 "" "" 0.002778237959683581 0.004116995 0.0041296068 0.008246602 129.90168506384 -44.01502304028 1902.06567 -2.7699999999999987 2.9910000000000014 1.9377274322509765 -1.3061363067626952 0.083261944 0.08426194 "" "" 21.068381567114425 "" 1.760803387297329 ""
129.70127316605 -43.70869167096 0.0246 0.0256 19.787 "" "" 5523268195374359040 2250.69336 0.4124 0.0303 -4.153 2.71 0.032 0.033 0.934 "" "" 15.894073 1.409853 16.524212 15.114359 "" "" 2116.87671 2409.89575 8266.42378 3.0173 3355.3 9.1305 7135.3 9.3748 "" "" 0.0027836745239479817 0.004063774 0.004039635 0.008103409 129.70127316605 -43.70869167096 2250.69336 -4.1530000000000005 2.7100000000000017 0.554727432250977 -1.5871363067626953 0.08526194 0.08626194 "" "" 17.93644575091815 "" 1.5452901599148574 ""
