Clusters/Ruprecht_65/Ruprecht_65_stars_in_region.tsv
# %ECSV 1.0
# ---
# datatype:
# - name: RA_ICRS_1
#   unit: deg
#   datatype: float64
#   format: '{:15.11f}'
#   description: Right ascension (ICRS) at Ep=2016.0 (ra)
#   meta: !!omap
#   - {ucd: POS_EQ_RA_MAIN}
#   - {width: 15}
#   - {precision: '11'}
# - name: DE_ICRS_1
#   unit: deg
#   datatype: float64
#   format: '{:15.11f}'
#   description: Declination (ICRS) at Ep=2016.0 (dec)
#   meta: !!omap
#   - {ucd: POS_EQ_DEC_MAIN}
#   - {width: 15}
#   - {precision: '11'}
# - name: e_RA_ICRS
#   unit: mas
#   datatype: float64
#   format: '{:7.4f}'
#   description: Standard error of right ascension (ra_error)
#   meta: !!omap
#   - {ucd: ERROR}
#   - {width: 7}
#   - {precision: '4'}
# - name: e_DE_ICRS
#   unit: mas
#   datatype: float64
#   format: '{:7.4f}'
#   description: Standard error of declination (dec_error)
#   meta: !!omap
#   - {ucd: ERROR}
#   - {width: 7}
#   - {precision: '4'}
# - name: _r_1
#   unit: ''
#   datatype: float64
#   format: '{:7.4f}'
#   description: Distance from center (129.85610791000-44.01900586000)[ICRS], at Epoch=J2016.0
#   meta: !!omap
#   - {ucd: POS_ANG_DIST_GENERAL}
#   - {width: 7}
#   - {precision: '4'}
# - name: HIP
#   datatype: int32
#   description: '? HIP cross-id number, van Leeuwen, Cat. I/311 (hip_original_ext_source_id)'
#   meta: !!omap
#   - {ucd: ID_NUMBER}
#   - {width: 6}
#   - values: {'null': -2147483648}
# - name: TYC2
#   datatype: string
#   description: Tycho-2 cross-id name, Hog et al., Cat. I/259 (tyc2_original_ext_source_id)
#   meta: !!omap
#   - {ucd: ID_CROSSID}
#   - {_votable_string_dtype: char}
# - name: Source
#   datatype: int64
#   description: Source identifier, identical to the Gaia-EDR3 source_id (id)
#   meta: !!omap
#   - {ucd: ID_MAIN}
#   - {width: 19}
# - name: rgeo
#   unit: pc
#   datatype: float64
#   format: '{:15.8f}'
#   description: '? Median of the geometric distance posterior (r_med_geo)'
#   meta: !!omap
#   - {ucd: PHYS_DISTANCE_TRUE}
#   - {width: 15}
#   - {precision: '8'}
#   - values: {'null': .nan}
# - name: Plx
#   unit: mas
#   datatype: float64
#   format: '{:9.4f}'
#   description: '? Parallax (parallax)'
#   meta: !!omap
#   - {ucd: POS_PARLX_TRIG}
#   - {width: 9}
#   - {precision: '4'}
#   - values: {'null': .nan}
# - name: e_Plx
#   unit: mas
#   datatype: float32
#   format: '{:7.4f}'
#   description: '? Standard error of parallax (parallax_error)'
#   meta: !!omap
#   - {ucd: ERROR}
#   - {width: 7}
#   - {precision: '4'}
#   - values: {'null': .nan}
# - name: pmRA
#   unit: mas / yr
#   datatype: float64
#   format: '{:9.3f}'
#   description: '? Proper motion in right ascension direction, pmRA*cosDE (pmra)'
#   meta: !!omap
#   - {ucd: POS_EQ_PMRA}
#   - {width: 9}
#   - {precision: '3'}
#   - values: {'null': .nan}
# - name: pmDE
#   unit: mas / yr
#   datatype: float64
#   format: '{:9.3f}'
#   description: '? Proper motion in declination direction (pmdec)'
#   meta: !!omap
#   - {ucd: POS_EQ_PMDEC}
#   - {width: 9}
#   - {precision: '3'}
#   - values: {'null': .nan}
# - name: e_pmRA
#   unit: mas / yr
#   datatype: float32
#   format: '{:6.3f}'
#   description: '? Standard error of proper motion in right ascension direction (pmra_error)'
#   meta: !!omap
#   - {ucd: ERROR}
#   - {width: 6}
#   - {precision: '3'}
#   - values: {'null': .nan}
# - name: e_pmDE
[...]
#         value: !astropy.table.SerializedColumn {name: SkyCoord.dec}
#       distance: !astropy.table.SerializedColumn
#         __class__: astropy.coordinates.distances.Distance
#         unit: !astropy.units.Unit {unit: pc}
#         value: !astropy.table.SerializedColumn {name: SkyCoord.distance}
#       frame: icrs
#       obstime: !astropy.time.Time {format: jyear_str, in_subfmt: '*', jd1: 367701545.0, jd2: 0.0, out_subfmt: '*', precision: 3, scale: tt}
#       pm_dec: !astropy.table.SerializedColumn
#         __class__: astropy.units.quantity.Quantity
#         unit: !astropy.units.Unit {unit: mas / yr}
#         value: !astropy.table.SerializedColumn {name: SkyCoord.pm_dec}
#       pm_ra_cosdec: !astropy.table.SerializedColumn
#         __class__: astropy.units.quantity.Quantity
#         unit: !astropy.units.Unit {unit: mas / yr}
#         value: !astropy.table.SerializedColumn {name: SkyCoord.pm_ra_cosdec}
#       ra: !astropy.table.SerializedColumn
#         __class__: astropy.coordinates.angles.Longitude
#         unit: *id001
#         value: !astropy.table.SerializedColumn {name: SkyCoord.ra}
#         wrap_angle: !astropy.coordinates.Angle
#           unit: *id001
#           value: 360.0
#       representation_type: spherical
# schema: astropy-2.0
RA_ICRS_1 DE_ICRS_1 e_RA_ICRS e_DE_ICRS _r_1 HIP TYC2 Source rgeo Plx e_Plx pmRA pmDE e_pmRA e_pmDE RUWE Teff logg Gmag BP-RP BPmag RPmag RV e_RV b_rgeo B_rgeo FG e_FG FBP e_FBP FRP e_FRP RAVE5 RAVE6 e_Gmag e_BPmag e_RPmag e_BP-RP SkyCoord.ra SkyCoord.dec SkyCoord.distance SkyCoord.pm_ra_cosdec SkyCoord.pm_dec rmRA rmDE e_rmRA e_rmDE rRV e_rRV v_pec v_pec3d e_vpec e_vpec3d
[from data line 854]
130.0258284768 -43.90908372662 0.0376 0.0399 9.8601 "" "" 5523252767851698816 2216.5459 0.4195 0.046 -3.183 2.84 0.05 0.048 1.061 9185.7 4.273 16.645012 1.64437 17.417978 15.773608 "" "" 1979.08862 2515.0564 4139.44722 2.2706 1473.1 6.9712 3887.9 8.1283 "" "" 0.002818949514297482 0.0058467737 0.0044086534 0.010255427 130.0258284768 -43.90908372662 2216.5459 -3.1830000000000007 2.84 1.5247274322509767 -1.4571363067626955 0.10326195 0.10126194 "" "" 22.158451677381137 "" 2.2670784848282954 ""
129.82725437047 -44.23639686896 0.0346 0.0388 13.1025 "" "" 5522398168138864128 2282.93042 0.4059 0.0437 -4.011 4.52 0.048 0.048 1.036 5356.4 3.7579 16.646694 1.676151 17.430614 15.754463 "" "" 2086.04443 2495.08032 4133.0351 2.3981 1456.0 6.733 3957.1 10.159 "" "" 0.0028264211232069862 0.005743981 0.004696093 0.010440074 129.82725437047 -44.23639686896 2282.93042 -4.010999999999999 4.52 0.6967274322509764 0.22286369323730426 0.10126194 0.10126194 "" "" 7.915665127247333 "" 0.8015556355033616 ""
129.67802990584 -44.34352293371 0.0359 0.0469 20.9244 "" "" 5523146527547121920 2084.17871 0.4668 0.0496 -2.373 3.879 0.05 0.057 1.026 5784.5 4.5114 16.647875 1.543032 17.310638 15.767607 "" "" 1894.33899 2354.90137 4128.54182 2.5237 1626.2 11.208 3909.4 46.321 "" "" 0.0028341266603098833 0.007986303 0.0134081505 0.021394454 129.67802990584 -44.34352293371 2084.17871 -2.373 3.8790000000000004 2.3347274322509763 -0.4181363067626953 0.10326195 0.11026195 "" "" 23.43176813619385 "" 2.424874539947254 ""
129.90413540278 -43.85829674739 0.0341 0.0346 9.8633 "" "" 5523251148641401984 1761.84277 0.5464 0.0403 -4.349 4.109 0.043 0.042 0.928 6040.2 4.4384 16.648237 1.409588 17.282207 15.87262 "" "" 1673.00562 1885.33203 4127.16787 2.0525 1669.3 8.6114 3549.0 8.2504 "" "" 0.002807728227032172 0.006257473 0.004544713 0.010802186 129.90413540278 -43.85829674739 1761.84277 -4.349 4.109 0.35872743225097636 -0.18813630676269533 0.09626195 0.09526195 "" "" 3.3827831736080283 "" 0.324906547268814 ""
129.73845689428 -43.71062293754 0.0386 0.0428 19.1902 "" "" 5523267783057016704 2057.07788 0.4814 0.0493 -3.957 4.898 0.049 0.05 1.037 5782.0 4.5153 16.649302 1.475435 17.315416 15.839981 "" "" 1886.67358 2287.06226 4123.12181 2.3737 1619.0 9.2369 3657.3 7.2517 "" "" 0.002825330680163292 0.006793852 0.004349514 0.011143366 129.73845689428 -43.71062293754 2057.07788 -3.9569999999999985 4.897999999999998 0.7507274322509767 0.6008636932373044 0.102261946 0.10326195 "" "" 9.375896340310797 "" 0.96246925745635 ""
130.13141457359 -43.82144977486 0.043 0.0427 16.795 "" "" 5523254962572595072 2013.99255 0.4861 0.0523 -6.496 6.926 0.056 0.051 1.168 "" "" 16.657204 1.537912 17.358202 15.82029 "" "" 1816.1156 2262.87207 4093.21822 2.9449 1556.5 7.8656 3724.3 9.1885 "" "" 0.002863908537404549 0.0061553507 0.004632404 0.010787755 130.13141457359 -43.82144977486 2013.99255 -6.4959999999999996 6.926 -1.7882725677490239 2.628863693237305 0.109261945 0.10426194 "" "" 30.35197313922639 "" 3.2133398633959733 ""
129.75616573984 -44.03433373646 0.0342 0.0368 4.4086 "" "" 5523247540868456576 1791.92078 0.5337 0.0409 -7.582 5.21 0.046 0.045 1.027 5482.4 4.5487 16.657444 1.433167 17.269445 15.836278 "" "" 1674.25708 1949.20349 4092.3127 2.9885 1689.0 6.5594 3669.8 8.2167 "" "" 0.002867133038766723 0.0050561316 0.0044936994 0.009549831 129.75616573984 -44.03433373646 1791.92078 -7.582000000000001 5.209999999999999 -2.8742725677490233 0.9128636932373047 0.09926194 0.098261945 "" "" 25.61491025468587 "" 2.540249432924323 ""
129.76296060895 -44.07308843995 0.0328 0.039 5.164 "" "" 5523247162911270528 1920.02673 0.5009 0.0427 -4.975 4.442 0.044 0.046 1.024 6348.8 4.4624 16.657495 1.394919 17.282475 15.887555 "" "" 1752.9458 2165.4624 4092.1234 2.0506 1668.9 6.2847 3500.5 10.076 "" "" 0.0028085234511561383 0.004949949 0.0049041626 0.009854112 129.76296060895 -44.07308843995 1920.02673 -4.975 4.441999999999998 -0.2672725677490231 0.14486369323730486 0.09726194 0.09926194 "" "" 2.766743313425081 "" 0.27036523463702355 ""
130.06436183626 -44.21257374069 0.0335 0.0379 14.6752 "" "" 5522489672424532992 1961.02136 0.4875 0.0416 -5.249 4.862 0.045 0.046 1.021 8343.8 4.463 16.657515 1.614805 17.408823 15.794018 "" "" 1805.78992 2130.18652 4092.04678 2.3441 1485.6 8.6765 3815.5 8.7112 "" "" 0.002824644938459436 0.0069278455 0.0045197834 0.011447629 130.06436183626 -44.21257374069 1961.02136 -5.2490000000000006 4.862 -0.5412725677490231 0.5648636932373048 0.098261945 0.09926194 "" "" 7.2719862176712144 "" 0.7183596898032748 ""
129.87509931529 -44.06483960102 0.0341 0.0378 2.8694 "" "" 5523244521514437120 2109.93335 0.4557 0.0414 -1.594 2.898 0.046 0.046 1.044 4937.7 4.3425 16.660898 1.43766 17.329002 15.891342 "" "" 1950.27783 2350.97046 4079.31584 1.9396 1598.9 8.1343 3488.4 8.1588 "" "" 0.0028032641803262385 0.006188323 0.004553249 0.010741572 129.87509931529 -44.06483960102 2109.93335 -1.5940000000000007 2.8980000000000006 3.1137274322509763 -1.3991363067626952 0.09926194 0.09926194 "" "" 34.140016978469994 "" 3.388804300719991 ""
129.86678352497 -43.92780642596 0.0351 0.0372 5.4913 "" "" 5523249774251665408 1804.14868 0.5351 0.0415 -2.596 -1.864 0.043 0.045 1.033 5204.0 4.3024 16.662197 1.644655 17.444506 15.79985 "" "" 1689.68884 1962.63232 4074.43817 2.3472 1437.5 7.499 3795.1 8.0635 "" "" 0.002825420747680498 0.0063139084 0.0044278004 0.010741709 129.86678352497 -43.92780642596 1804.14868 -2.596 -1.8640000000000003 2.1117274322509765 -6.161136306762695 0.09626195 0.098261945 "" "" 55.69687714936219 "" 5.461279850630711 ""
129.83261526054 -43.99093221566 0.0342 0.0352 1.966 "" "" 5523247923128433664 2311.05762 0.4114 0.0409 -3.074 0.863 0.044 0.044 0.955 6008.9 4.4281 16.663237 1.381335 17.276922 15.895587 "" "" 2104.36963 2519.48047 4070.54221 2.0369 1677.4 9.3903 3474.8 7.6976 "" "" 0.0028083744509658616 0.006687916 0.004479808 0.011167724 129.83261526054 -43.99093221566 2311.05762 -3.074 0.8629999999999995 1.6337274322509767 -3.4341363067626953 0.09726194 0.09726194 "" "" 41.658982815159966 "" 4.051833608801201 ""
129.64195293723 -43.90401143606 0.0361 0.0434 11.539 "" "" 5523261632663863424 1737.42419 0.5526 0.0458 -10.626 8.8 0.048 0.054 0.963 5492.0 4.5905 16.663525 1.351066 17.254786 15.90372 "" "" 1624.3761 1908.32495 4069.45762 2.4533 1712.0 18.468 3448.8 12.856 "" "" 0.0028319986597571665 0.012040012 0.0055375197 0.01757753 129.64195293723 -43.90401143606 1737.42419 -10.626000000000001 8.799999999999997 -5.918272567749023 4.502863693237305 0.10126194 0.10726194 "" "" 61.242593044791306 "" 6.338741266738377 ""
130.32276039678 -44.03816918699 0.0362 0.0356 20.164 "" "" 5522497712603432704 2168.55933 0.4343 0.044 -6.073 3.023 0.049 0.045 1.032 "" "" 16.664639 1.510238 17.35377 15.843532 "" "" 1984.84314 2370.46118 4065.28969 2.1055 1562.8 8.8749 3645.4 10.086 "" "" 0.002812116595877718 0.006767662 0.0048278016 0.011595463 130.32276039678 -44.03816918699 2168.55933 -6.073 3.023 -1.3652725677490238 -1.2741363067626952 0.102261946 0.098261945 "" "" 19.195528139177902 "" 1.927609572705801 ""
129.74829856868 -44.04030390426 0.0356 0.0364 4.8231 "" "" 5523247510811528064 2085.68408 0.4545 0.0421 -4.651 4.304 0.049 0.045 0.956 5792.7 4.4601 16.665352 1.526248 17.369858 15.84361 "" "" 1945.89343 2311.36548 4062.61486 3.2051 1539.8 8.131 3645.1 10.924 "" "" 0.0028853929882409223 0.0063761794 0.0049871053 0.011363285 129.74829856868 -44.04030390426 2085.68408 -4.651 4.304 0.05672743225097676 0.0068636932373049575 0.102261946 0.098261945 "" "" 0.564905625668462 "" 0.05773637444242381 ""
129.45629396055 -43.99844801145 0.0378 0.0468 17.2976 "" "" 5523168723937602816 2397.92749 0.408 0.0509 -3.687 4.026 0.053 0.062 1.014 4752.0 4.1816 16.668928 1.660876 17.455458 15.794581 "" "" 2105.02832 2726.02051 4049.25781 2.4725 1423.1 7.8322 3813.5 7.3827 "" "" 0.0028339550211484883 0.0065948 0.0043245563 0.010919357 129.45629396055 -43.99844801145 2397.92749 -3.687 4.026 1.0207274322509767 -0.2711363067626955 0.10626194 0.11526194 "" "" 12.004099569180221 "" 1.2829795803249273 ""
130.1650897792 -43.88540295937 0.0354 0.0375 15.5688 "" "" 5522503141441876608 1998.59192 0.4731 0.0438 -1.712 5.16 0.045 0.046 0.98 4700.1 4.181 16.669127 1.810035 17.557493 15.747458 "" "" 1857.34827 2191.32666 4048.51523 2.1244 1295.4 6.9162 3982.7 8.4571 "" "" 0.0028136053888527485 0.0064333417 0.0044270908 0.010860432 130.1650897792 -43.88540295937 1998.59192 -1.7119999999999997 5.16 2.995727432250977 0.8628636932373048 0.098261945 0.09926194 "" "" 29.533260537399165 "" 2.9042686753040616 ""
130.06310927031 -43.79538447365 0.0503 0.0559 16.1274 "" "" 5523258123668604160 1783.82007 0.542 0.0628 -5.038 6.709 0.066 0.066 1.59 6025.8 4.4395 16.673628 1.613956 17.3807 15.766744 "" "" 1624.51477 1974.97046 4031.7654 5.5869 1524.5 7.5322 3912.6 10.8 "" "" 0.0031393296263373567 0.0060466114 0.0048234393 0.010870051 130.06310927031 -43.79538447365 1783.82007 -5.038000000000001 6.709000000000001 -0.3302725677490237 2.4118636932373043 0.11926194 0.11926194 "" "" 20.58336190735332 "" 2.454811730505917 ""
130.01000958977 -44.32451937954 0.0353 0.0376 19.4906 "" "" 5522486717487397760 1768.29236 0.5362 0.0422 -8.175 4.482 0.047 0.047 1.019 7103.7 4.3318 16.674719 1.498344 17.364231 15.865888 "" "" 1641.01831 1916.06299 4027.7188 2.1567 1547.8 7.0443 3571.1 8.795 "" "" 0.002815987217253361 0.005674696 0.0046296753 0.010304371 130.01000958977 -44.32451937954 1768.29236 -8.175 4.482000000000003 -3.467272567749024 0.1848636932373049 0.10026194 0.10026194 "" "" 29.10293566263997 "" 2.917916834403944 ""
129.93160025739 -44.2372604758 0.0345 0.0383 13.4928 "" "" 5522491081173705344 1672.99377 0.5738 0.0422 -3.78 2.989 0.045 0.046 0.997 7094.6 4.3327 16.675762 1.510539 17.358315 15.847775 "" "" 1575.74487 1776.39758 4023.8524 2.0556 1556.3 7.1571 3631.2 8.293 "" "" 0.002810592220726586 0.0057197763 0.004520206 0.010239982 129.93160025739 -44.2372604758 1672.99377 -3.7800000000000002 2.989 0.9277274322509768 -1.3081363067626954 0.098261945 0.09926194 "" "" 12.717437210551518 "" 1.258115965814731 ""
130.05008611481 -43.92931137735 0.0359 0.0394 9.9557 "" "" 5523251977577754496 2325.14893 0.4052 0.0432 -4.721 4.784 0.047 0.048 1.001 7629.3 4.4279 16.677538 1.340023 17.264767 15.924744 "" "" 2142.59351 2617.05908 4017.27266 2.1753 1696.3 7.872 3382.7 7.6179 "" "" 0.0028173444196543562 0.0057595284 0.004501358 0.0102608865 130.05008611481 -43.92931137735 2325.14893 -4.721000000000004 4.783999999999995 -0.013272567749023523 0.4868636932373045 0.10026194 0.10126194 "" "" 5.367818543827959 "" 0.5435517718835381 ""
129.89421898125 -43.84356328723 0.0359 0.0357 10.6546 "" "" 5523251221663287552 2267.89233 0.4194 0.0415 -3.947 4.093 0.048 0.044 0.978 9104.7 4.2845 16.678097 1.636736 17.439692 15.802956 "" "" 2080.40503 2532.17017 4015.2085 2.0849 1443.9 5.4995 3784.2 10.122 "" "" 0.0028124055869019615 0.004988589 0.004766311 0.0097549 129.89421898125 -43.84356328723 2267.89233 -3.947000000000002 4.092999999999997 0.7607274322509765 -0.20413630676269534 0.10126194 0.09726194 "" "" 8.46698749490397 "" 0.8551506774120075 ""
130.17676276959 -44.08805741004 0.0989 0.0981 14.4345 "" "" 5522496574429075200 1644.34448 0.6206 0.1168 -4.415 4.152 0.13 0.125 2.847 9432.4 3.7462 16.67919 1.817897 17.513992 15.696095 "" "" 1384.42664 2018.04126 4011.16575 6.5407 1348.4 8.7988 4175.6 8.7994 "" "" 0.0032750877125370943 0.007614445 0.004418001 0.0120324455 130.17676276959 -44.08805741004 1644.34448 -4.415 4.151999999999999 0.2927274322509765 -0.14513630676269518 0.18326193 0.17826194 "" "" 2.54661337408313 "" 0.4642124730237579 ""
129.72637791423 -43.97681527853 0.0354 0.0356 6.145 "" "" 5523248679042579840 2291.49634 0.4207 0.0419 -7.016 4.39 0.045 0.044 1.011 5838.8 4.499 16.681253 1.35726 17.287683 15.930424 "" "" 2056.48779 2485.89355 4003.55431 2.1458 1660.9 6.6931 3365.0 7.3743 "" "" 0.0028161014506276724 0.0051892507 0.004465991 0.009655242 129.72637791423 -43.97681527853 2291.49634 -7.016 4.39 -2.3082725677490235 0.09286369323730437 0.098261945 0.09726194 "" "" 25.092028529794256 "" 2.465551185682539 ""
130.28389085192 -43.89293441365 0.0359 0.0357 19.9654 "" "" 5522502626045907200 2149.93799 0.4403 0.0426 -4.601 4.161 0.048 0.046 0.985 9463.1 4.1885 16.681679 1.588135 17.415892 15.827757 "" "" 1967.22192 2367.81787 4001.98419 2.4396 1475.9 11.002 3698.8 8.0338 "" "" 0.002833699164039688 0.008560992 0.0044547655 0.013015757 130.28389085192 -43.89293441365 2149.93799 -4.600999999999999 4.161000000000001 0.10672743225097658 -0.13613630676269572 0.10126194 0.09926194 "" "" 1.76284013206698 "" 0.17633332120715595 ""
129.43640281093 -44.23961511454 0.0347 0.0436 22.4034 "" "" 5523145805992643584 1748.51111 0.53 0.0462 -5.774 6.496 0.047 0.056 0.969 5334.7 4.6303 16.681715 1.310325 17.263317 15.952992 "" "" 1631.00964 1931.33887 4001.84888 2.7315 1698.6 11.134 3295.8 9.3103 "" "" 0.002853241709466834 0.0076442007 0.004867319 0.01251152 129.43640281093 -44.23961511454 1748.51111 -5.774000000000001 6.495999999999992 -1.0662725677490235 2.198863693237305 0.10026194 0.109261945 "" "" 20.25370170877767 "" 2.1794310227916673 ""
129.41207110978 -44.0636022764 0.0412 0.0518 19.3375 "" "" 5523168105464967424 1633.69897 0.5845 0.056 -3.858 4.897 0.06 0.072 1.139 5390.3 4.684 16.681824 1.284571 17.236538 15.951967 "" "" 1511.05298 1792.05713 4001.44968 2.58 1741.0 7.858 3298.9 9.5011 "" "" 0.002842860167311531 0.0056391163 0.0049052937 0.01054441 129.41207110978 -44.0636022764 1633.69897 -3.8580000000000005 4.897 0.8497274322509765 0.5998636932373049 0.11326194 0.12526193 "" "" 8.054499337406753 "" 0.9455130439271537 ""
129.80317882334 -44.32100813689 0.0354 0.0387 18.2628 "" "" 5522397347812419200 2230.74829 0.4306 0.0441 -3.795 4.864 0.047 0.048 1.061 5139.1 4.2609 16.683254 1.726123 17.516281 15.790158 "" "" 2039.04614 2569.98438 3996.18324 2.1545 1345.6 6.5737 3829.1 7.4712 "" "" 0.002816813711020044 0.005993277 0.0043326146 0.010325892 129.80317882334 -44.32100813689 2230.74829 -3.795000000000002 4.863999999999997 0.9127274322509766 0.5668636932373046 0.10026194 0.10126194 "" "" 11.360780337683227 "" 1.1422275778857776 ""
129.37822052686 -44.00200818517 0.0403 0.0486 20.6473 "" "" 5523169239333611008 1832.04504 0.5351 0.0512 -2.949 5.946 0.054 0.065 1.114 5401.8 4.6076 16.683384 1.411468 17.320017 15.908549 "" "" 1669.28809 2030.07373 3995.70151 2.2517 1612.2 6.798 3433.5 8.8131 "" "" 0.002822435883636499 0.005361359 0.004695779 0.010057138 129.37822052686 -44.00200818517 1832.04504 -2.949 5.945999999999998 1.7587274322509767 1.6488636932373044 0.10726194 0.11826194 "" "" 20.934980973602524 "" 2.3560557564642166 ""
129.6036920048 -44.02602557466 0.0335 0.0399 10.8984 "" "" 5523166593633940608 1963.4668 0.4898 0.043 -4.843 4.483 0.044 0.052 0.947 5713.8 4.5522 16.6835 1.325988 17.270992 15.945004 "" "" 1820.07166 2100.41602 3995.27176 2.2304 1686.6 7.489 3320.1 6.5997 "" "" 0.002821200895259729 0.005570186 0.0043522036 0.009922389 129.6036920048 -44.02602557466 1963.4668 -4.843000000000004 4.483000000000006 -0.1352725677490234 0.18586369323730434 0.09726194 0.105261944 "" "" 2.139437795776353 "" 0.21942582926207477 ""
129.38407276898 -44.02116819929 0.0363 0.0456 20.3667 "" "" 5523168444751735552 2172.32104 0.4493 0.0477 -0.474 -2.742 0.052 0.061 0.989 7113.5 4.3127 16.683502 1.523642 17.390818 15.867176 "" "" 1958.66699 2483.41992 3995.26902 2.1868 1510.4 9.4586 3566.9 10.113 "" "" 0.0028186791207666802 0.007349453 0.004874399 0.012223852 129.38407276898 -44.02116819929 2172.32104 -0.4740000000000004 -2.742000000000001 4.233727432250976 -7.039136306762695 0.105261944 0.11426194 "" "" 84.58049411393833 "" 9.468083557474847 ""
