Clusters/Ruprecht_65/Ruprecht_65_stars_in_region.tsv
# %ECSV 1.0
# ---
# datatype:
# - name: RA_ICRS_1
#   unit: deg
#   datatype: float64
#   format: '{:15.11f}'
#   description: Right ascension (ICRS) at Ep=2016.0 (ra)
#   meta: !!omap
#   - {ucd: POS_EQ_RA_MAIN}
#   - {width: 15}
#   - {precision: '11'}
# - name: DE_ICRS_1
#   unit: deg
#   datatype: float64
#   format: '{:15.11f}'
#   description: Declination (ICRS) at Ep=2016.0 (dec)
#   meta: !!omap
#   - {ucd: POS_EQ_DEC_MAIN}
#   - {width: 15}
#   - {precision: '11'}
# - name: e_RA_ICRS
#   unit: mas
#   datatype: float64
#   format: '{:7.4f}'
#   description: Standard error of right ascension (ra_error)
#   meta: !!omap
#   - {ucd: ERROR}
#   - {width: 7}
#   - {precision: '4'}
# - name: e_DE_ICRS
#   unit: mas
#   datatype: float64
#   format: '{:7.4f}'
#   description: Standard error of declination (dec_error)
#   meta: !!omap
#   - {ucd: ERROR}
#   - {width: 7}
#   - {precision: '4'}
# - name: _r_1
#   unit: ''
#   datatype: float64
#   format: '{:7.4f}'
#   description: Distance from center (129.85610791000-44.01900586000)[ICRS], at Epoch=J2016.0
#   meta: !!omap
#   - {ucd: POS_ANG_DIST_GENERAL}
#   - {width: 7}
#   - {precision: '4'}
# - name: HIP
#   datatype: int32
#   description: '? HIP cross-id number, van Leeuwen, Cat. I/311 (hip_original_ext_source_id)'
#   meta: !!omap
#   - {ucd: ID_NUMBER}
#   - {width: 6}
#   - values: {'null': -2147483648}
# - name: TYC2
#   datatype: string
#   description: Tycho-2 cross-id name, Hog et al., Cat. I/259 (tyc2_original_ext_source_id)
#   meta: !!omap
#   - {ucd: ID_CROSSID}
#   - {_votable_string_dtype: char}
# - name: Source
#   datatype: int64
#   description: Source identifier, identical to the Gaia-EDR3 source_id (id)
#   meta: !!omap
#   - {ucd: ID_MAIN}
#   - {width: 19}
# - name: rgeo
#   unit: pc
#   datatype: float64
#   format: '{:15.8f}'
#   description: '? Median of the geometric distance posterior (r_med_geo)'
#   meta: !!omap
#   - {ucd: PHYS_DISTANCE_TRUE}
#   - {width: 15}
#   - {precision: '8'}
#   - values: {'null': .nan}
# - name: Plx
#   unit: mas
#   datatype: float64
#   format: '{:9.4f}'
#   description: '? Parallax (parallax)'
#   meta: !!omap
#   - {ucd: POS_PARLX_TRIG}
#   - {width: 9}
#   - {precision: '4'}
#   - values: {'null': .nan}
# - name: e_Plx
#   unit: mas
#   datatype: float32
#   format: '{:7.4f}'
#   description: '? Standard error of parallax (parallax_error)'
#   meta: !!omap
#   - {ucd: ERROR}
#   - {width: 7}
#   - {precision: '4'}
#   - values: {'null': .nan}
# - name: pmRA
#   unit: mas / yr
#   datatype: float64
#   format: '{:9.3f}'
#   description: '? Proper motion in right ascension direction, pmRA*cosDE (pmra)'
#   meta: !!omap
#   - {ucd: POS_EQ_PMRA}
#   - {width: 9}
#   - {precision: '3'}
#   - values: {'null': .nan}
# - name: pmDE
#   unit: mas / yr
#   datatype: float64
#   format: '{:9.3f}'
#   description: '? Proper motion in declination direction (pmdec)'
#   meta: !!omap
#   - {ucd: POS_EQ_PMDEC}
#   - {width: 9}
#   - {precision: '3'}
#   - values: {'null': .nan}
# - name: e_pmRA
#   unit: mas / yr
#   datatype: float32
#   format: '{:6.3f}'
#   description: '? Standard error of proper motion in right ascension direction (pmra_error)'
#   meta: !!omap
#   - {ucd: ERROR}
#   - {width: 6}
#   - {precision: '3'}
#   - values: {'null': .nan}
# - name: e_pmDE
[...]
#         value: !astropy.table.SerializedColumn {name: SkyCoord.dec}
#       distance: !astropy.table.SerializedColumn
#         __class__: astropy.coordinates.distances.Distance
#         unit: !astropy.units.Unit {unit: pc}
#         value: !astropy.table.SerializedColumn {name: SkyCoord.distance}
#       frame: icrs
#       obstime: !astropy.time.Time {format: jyear_str, in_subfmt: '*', jd1: 367701545.0, jd2: 0.0, out_subfmt: '*', precision: 3, scale: tt}
#       pm_dec: !astropy.table.SerializedColumn
#         __class__: astropy.units.quantity.Quantity
#         unit: !astropy.units.Unit {unit: mas / yr}
#         value: !astropy.table.SerializedColumn {name: SkyCoord.pm_dec}
#       pm_ra_cosdec: !astropy.table.SerializedColumn
#         __class__: astropy.units.quantity.Quantity
#         unit: !astropy.units.Unit {unit: mas / yr}
#         value: !astropy.table.SerializedColumn {name: SkyCoord.pm_ra_cosdec}
#       ra: !astropy.table.SerializedColumn
#         __class__: astropy.coordinates.angles.Longitude
#         unit: *id001
#         value: !astropy.table.SerializedColumn {name: SkyCoord.ra}
#         wrap_angle: !astropy.coordinates.Angle
#           unit: *id001
#           value: 360.0
#       representation_type: spherical
# schema: astropy-2.0
RA_ICRS_1 DE_ICRS_1 e_RA_ICRS e_DE_ICRS _r_1 HIP TYC2 Source rgeo Plx e_Plx pmRA pmDE e_pmRA e_pmDE RUWE Teff logg Gmag BP-RP BPmag RPmag RV e_RV b_rgeo B_rgeo FG e_FG FBP e_FBP FRP e_FRP RAVE5 RAVE6 e_Gmag e_BPmag e_RPmag e_BP-RP SkyCoord.ra SkyCoord.dec SkyCoord.distance SkyCoord.pm_ra_cosdec SkyCoord.pm_dec rmRA rmDE e_rmRA e_rmDE rRV e_rRV v_pec v_pec3d e_vpec e_vpec3d
[from data line 63]
129.47504674501 -44.04621316162 0.017 0.0196 16.5186 "" "" 5523165528481974144 1776.61768 0.5283 0.0218 -4.72 4.373 0.024 0.026 1.956 "" "" 13.174015 0.606637 13.397024 12.790387 "" "" 1715.25427 1845.83008 101237.38193 32.082 59787.0 32.317 60674.0 20.583 "" "" 0.0027767197368090404 0.0028512233 0.0037972871 0.0066485107 129.47504674501 -44.04621316162 1776.61768 -4.719999999999999 4.372999999999999 -0.012272567749023189 0.07586369323730491 0.07726194 0.07926194 "" "" 0.6471663824620442 "" 0.05126306260866691 ""
129.65647189083 -43.73469721887 0.0083 0.01 19.1192 "" "" 5523268023575149312 2163.8728 0.4263 0.0106 -3.196 4.411 0.011 0.012 1.046 5590.1 2.5934 13.18938 2.066854 14.243207 12.176353 33.99 0.67 2116.05396 2205.52661 99814.7881 25.476 27424.0 19.502 106810.0 36.395 "" "" 0.0027692205295605466 0.0028950274 0.0037974461 0.006692474 129.65647189083 -43.73469721887 2163.8728 -3.1960000000000037 4.411000000000007 1.5117274322509764 0.11386369323730428 0.06426194 0.065261945 "" "" 15.549341045218625 "" 0.9993192642504903 ""
129.82857236694 -44.32926872513 0.0085 0.009 18.6534 "" "" 5522396557538444416 1816.46545 0.5167 0.0107 -5.914 7.835 0.011 0.011 0.956 10867.4 3.7941 13.204691 0.971814 13.597735 12.625921 "" "" 1775.83459 1856.8208 98417.08125 15.259 49696.0 30.657 70598.0 22.5 "" "" 0.0027604577135608393 0.0028694344 0.0037951896 0.006664624 129.82857236694 -44.32926872513 1816.46545 -5.914000000000004 7.8349999999999955 -1.2062725677490231 3.5378636932373047 0.06426194 0.06426194 "" "" 32.18311935624667 "" 2.0681497849122312 ""
129.7308173591 -44.14066657939 0.0087 0.0096 9.0801 "" "" 5523150204038841984 1747.43103 0.5378 0.011 -3.098 5.43 0.012 0.012 1.058 "" "" 13.215265 1.932732 14.179655 12.246923 23.36 0.72 1714.11865 1786.26599 97463.1542 18.07 29077.0 18.52 100090.0 50.315 "" "" 0.0027626637068393794 0.002874591 0.0038185888 0.0066931797 129.7308173591 -44.14066657939 1747.43103 -3.0980000000000003 5.430000000000005 1.6097274322509767 1.1328636932373044 0.065261945 0.065261945 "" "" 16.303917357320476 "" 1.0640253599520832 ""
129.84308311523 -43.89776176282 0.0144 0.0151 7.2964 "" "" 5523250671910070784 1947.74829 0.4797 0.0171 -8.346 4.919 0.018 0.019 0.983 5280.1 2.6944 13.235932 1.879238 14.165182 12.285944 3.25 2.47 1886.70483 2024.46191 95625.52999 18.953 29468.0 17.313 96556.0 31.143 "" "" 0.002763710818435633 0.0028621587 0.0037955714 0.00665773 129.84308311523 -43.89776176282 1947.74829 -8.345999999999997 4.919 -3.6382725677490235 0.6218636932373043 0.07126194 0.072261944 "" "" 34.076844649645295 "" 2.429356016259268 ""
130.19454708834 -44.00474295055 0.0081 0.0095 14.6293 "" "" 5522500220864209280 2027.50891 0.4601 0.0105 -5.666 5.246 0.011 0.011 0.963 "" "" 13.243672 0.716288 13.518039 12.801751 "" "" 1984.92737 2072.24927 94946.2176 17.76 53481.0 30.794 60042.0 19.102 "" "" 0.0027627948088212355 0.0028593482 0.003795134 0.0066544823 130.19454708834 -44.00474295055 2027.50891 -5.665999999999996 5.245999999999996 -0.9582725677490238 0.9488636932373051 0.06426194 0.06426194 "" "" 12.960242390688908 "" 0.8328503590970618 ""
129.8629569638 -44.07190324074 0.0084 0.0089 3.1876 "" "" 5523244418435213056 1973.3938 0.4722 0.0102 -1.509 3.515 0.011 0.012 0.971 4970.2 2.5682 13.254123 1.840915 14.158109 12.317194 17.48 1.01 1930.12048 2009.96118 94036.77358 14.65 29660.0 21.979 93817.0 29.599 "" "" 0.002760507217692117 0.002903855 0.0037948736 0.0066987285 129.8629569638 -44.07190324074 1973.3938 -1.5089999999999975 3.5149999999999952 3.1987274322509767 -0.7821363067626952 0.06426194 0.065261945 "" "" 30.801986994128537 "" 1.9811459677835652 ""
129.55452385899 -44.26202735595 0.0088 0.0109 19.5253 "" "" 5523150478916708224 1776.03894 0.5302 0.0119 -5.673 5.184 0.012 0.014 1.045 "" "" 13.262562 0.630416 13.497657 12.867241 "" "" 1729.06592 1828.90894 93308.70284 38.108 54495.0 64.57 56528.0 51.723 "" "" 0.00279077291649473 0.0030724655 0.0039077695 0.0069802348 129.55452385899 -44.26202735595 1776.03894 -5.673 5.184 -0.9652725677490235 0.8868636932373049 0.065261945 0.06726194 "" "" 11.035133285215714 "" 0.7303594963177444 ""
130.24902059817 -44.18275155807 0.0089 0.0088 19.5737 "" "" 5522483384592550400 2080.63184 0.4474 0.0104 -5.328 6.015 0.011 0.011 0.982 7766.4 3.4899 13.285562 0.973105 13.680511 12.707406 "" "" 2034.88965 2139.45288 91352.88328 11.987 46048.0 23.417 65493.0 23.673 "" "" 0.0027590009225691705 0.0028442752 0.003799703 0.006643978 130.24902059817 -44.18275155807 2080.63184 -5.328000000000003 6.015000000000001 -0.6202725677490237 1.7178636932373044 0.06426194 0.06426194 "" "" 18.01246606896581 "" 1.1575160696484779 ""
130.06161591885 -43.91954068252 0.0087 0.0099 10.6944 "" "" 5523251977577758848 2103.78101 0.4391 0.0108 -4.902 5.801 0.011 0.012 0.94 "" "" 13.290739 0.766698 13.586805 12.820107 "" "" 2060.46777 2146.35181 90918.26955 15.642 50199.0 28.079 59036.0 17.009 "" "" 0.0027616447648557106 0.002855499 0.0037923052 0.0066478043 130.06161591885 -43.91954068252 2103.78101 -4.902 5.801 -0.19427256774902357 1.5038636932373048 0.06426194 0.065261945 "" "" 15.12102424566571 "" 0.9865811262289175 ""
129.6642240692 -44.12614709394 0.0098 0.0105 10.4759 "" "" 5523153021537358080 2235.92773 0.4119 0.0119 -7.197 6.658 0.014 0.014 0.989 5891.9 2.9269 13.292648 1.759773 14.14014 12.380366 8.83 0.84 2180.26904 2301.3147 90758.50281 38.145 30155.0 45.015 88514.0 101.31 "" "" 0.002792851987967951 0.003226756 0.0039784443 0.0072052004 129.6642240692 -44.12614709394 2235.92773 -7.197000000000001 6.658000000000003 -2.4892725677490235 2.360863693237305 0.06726194 0.06726194 "" "" 36.360278435155806 "" 2.445662929427517 ""
129.87795219963 -44.09188592258 0.0126 0.0128 4.4731 "" "" 5523243662521000576 2040.42273 0.4547 0.0147 -4.679 4.286 0.017 0.017 1.471 9494.1 3.5842 13.292697 0.766644 13.581404 12.81476 "" "" 1991.7561 2100.30591 90754.4262 15.058 50449.0 37.275 59327.0 57.009 "" "" 0.0027612029727100244 0.002903204 0.0039207437 0.0068239477 129.87795219963 -44.09188592258 2040.42273 -4.679 4.286000000000005 0.028727432250976292 -0.011136306762695725 0.07026194 0.07026194 "" "" 0.29798628497692714 "" 0.020937094583167462 ""
129.99503379141 -43.81923816455 0.009 0.01 13.4058 "" "" 5523256753581248640 2016.2843 0.4602 0.0115 -1.056 6.476 0.012 0.012 1.06 "" "" 13.293546 2.048857 14.337029 12.288172 50.15 0.76 1972.53723 2061.38501 90683.55619 19.382 25154.0 25.137 96358.0 28.627 "" "" 0.002765075002759268 0.0029937064 0.0037931218 0.006786828 129.99503379141 -43.81923816455 2016.2843 -1.0559999999999994 6.476 3.6517274322509765 2.1788636932373047 0.065261945 0.065261945 "" "" 40.640596189365574 "" 2.6522843584974987 ""
129.55105834001 -44.21760067949 0.0088 0.0108 17.738 "" "" 5523150886924861568 2041.93591 0.455 0.0121 -7.695 9.542 0.012 0.013 1.005 4698.9 2.3485 13.302575 1.815826 14.189396 12.37357 20.84 1.05 1993.22058 2090.9751 89932.49157 19.041 28818.0 24.02 89070.0 29.311 "" "" 0.0027648930002522076 0.0029332603 0.0037962329 0.006729493 129.55105834001 -44.21760067949 2041.93591 -7.695 9.542 -2.9872725677490237 5.2448636932373045 0.065261945 0.06626195 "" "" 58.420368878536486 "" 3.856819636722243 ""
129.98806935409 -43.98566233499 0.0086 0.0099 6.0364 "" "" 5523245964623515776 1944.87891 0.477 0.0107 -2.59 1.084 0.011 0.012 1.121 4791.1 2.6682 13.30601 1.889606 14.243908 12.354302 1.63 0.9 1910.66553 1987.30505 89648.42572 17.479 27407.0 20.301 90665.0 31.711 "" "" 0.0027634401793205842 0.002903762 0.0037984122 0.0067021744 129.98806935409 -43.98566233499 1944.87891 -2.59 1.084 2.1177274322509767 -3.2131363067626952 0.06426194 0.065261945 "" "" 35.475946097103694 "" 2.304543323122279 ""
129.89656233005 -43.8196681685 0.0089 0.0095 12.0874 "" "" 5523257303336967040 1981.42139 0.4717 0.0109 -3.244 5.729 0.012 0.012 1.029 "" "" 13.307537 2.001706 14.318878 12.317172 43.38 0.77 1934.98694 2014.35229 89522.42556 17.586 25578.0 27.266 93819.0 35.07 "" "" 0.0027635628688105628 0.0030206947 0.003801111 0.0068218056 129.89656233005 -43.8196681685 1981.42139 -3.2439999999999993 5.729000000000001 1.4637274322509763 1.4318636932373048 0.065261945 0.065261945 "" "" 19.23108206709202 "" 1.2550578226231026 ""
129.50171587257 -43.77510584836 0.009 0.0107 21.1878 "" "" 5523313172272782720 1964.09595 0.4749 0.0115 0.159 10.039 0.011 0.014 1.008 "" "" 13.307979 1.80415 14.187297 12.383147 81.39 0.73 1927.93274 2010.99426 89486.02519 17.959 28873.0 19.566 88287.0 37.991 "" "" 0.0027639226657510904 0.002885548 0.0038081503 0.0066936985 129.50171587257 -43.77510584836 1964.09595 0.1589999999999998 10.038999999999998 4.866727432250976 5.741863693237304 0.06426194 0.06726194 "" "" 70.0739281323777 "" 4.626584346653808 ""
129.5275914872 -44.16645410671 0.0085 0.0103 16.6937 "" "" 5523151922025668736 1998.87061 0.4599 0.0115 -3.236 2.608 0.012 0.013 0.946 "" "" 13.320967 0.797749 13.632662 12.834913 "" "" 1956.33105 2049.40527 88421.94413 16.886 48123.0 35.682 58236.0 30.697 "" "" 0.002763110719482335 0.0029039884 0.003822468 0.0067264563 129.5275914872 -44.16645410671 1998.87061 -3.2359999999999998 2.6079999999999997 1.4717274322509764 -1.6891363067626952 0.065261945 0.06626195 "" "" 21.22651408982792 "" 1.3973895450848675 ""
129.60170854899 -44.12127865547 0.0107 0.013 12.567 "" "" 5523153743091829248 2338.40063 0.3941 0.0139 -3.308 1.714 0.014 0.016 1.31 "" "" 13.368705 1.807767 14.248511 12.440744 1.76 1.02 2262.5022 2414.03003 84618.43453 17.263 27291.0 26.359 83726.0 28.489 "" "" 0.002764209122318452 0.0029807268 0.0037973954 0.006778122 129.60170854899 -44.12127865547 2338.40063 -3.3079999999999963 1.7139999999999984 1.3997274322509767 -2.5831363067626953 0.06726194 0.069261946 "" "" 32.56482149351626 "" 2.240885938304282 ""
129.79623260765 -43.68747180672 0.0091 0.0107 20.06 "" "" 5523273521133345920 1846.28137 0.5038 0.0121 -5.412 4.61 0.012 0.013 1.06 "" "" 13.369562 0.844418 13.700906 12.856487 "" "" 1807.74438 1902.50159 84551.62971 16.173 45191.0 32.365 57090.0 31.002 "" "" 0.00276313590559348 0.0028964956 0.0038250948 0.0067215906 129.79623260765 -43.68747180672 1846.28137 -5.412000000000001 4.610000000000001 -0.7042725677490234 0.312863693237305 0.065261945 0.06626195 "" "" 6.744144602314632 "" 0.44125465954892573 ""
129.43963327945 -44.02276184786 0.0093 0.011 17.9703 "" "" 5523168620858386816 2262.58691 0.4107 0.012 -1.697 3.103 0.013 0.015 0.896 5015.3 2.6762 13.386406 1.802208 14.265006 12.462798 24.29 0.98 2209.83813 2321.22119 83250.0553 15.67 26879.0 17.916 82043.0 26.777 "" "" 0.002762888866182627 0.0028824944 0.0037959581 0.0066784527 129.43963327945 -44.02276184786 2262.58691 -1.6969999999999987 3.103 3.0107274322509765 -1.194136306762695 0.06626195 0.068261944 "" "" 34.73605458915854 "" 2.3112445499140097 ""
129.38577190876 -43.86977098201 0.0094 0.011 22.2043 "" "" 5523218820438223360 1660.67395 0.5681 0.012 -3.572 4.928 0.012 0.013 0.97 "" "" 13.393002 0.836584 13.722321 12.885736 "" "" 1630.73572 1689.62317 82745.86202 15.515 44309.0 38.894 55573.0 23.69 "" "" 0.002762830652182714 0.0029484488 0.0038076164 0.0067560654 129.38577190876 -43.86977098201 1660.67395 -3.572 4.927999999999999 1.1357274322509765 0.6308636932373046 0.065261945 0.06626195 "" "" 10.226609470034896 "" 0.6698338738429052 ""
129.70847929302 -43.92919442979 0.034 0.0342 8.347 "" "" 5523260945469146880 2239.28857 0.4292 0.0393 -3.315 3.348 0.044 0.044 4.01 9440.0 3.9796 13.403679 0.880673 13.749214 12.868541 "" "" 2069.14185 2436.83008 81936.10551 19.464 43225.0 25.985 56460.0 22.33 "" "" 0.002767365339821662 0.0028654952 0.003803698 0.0066691935 129.70847929302 -43.92919442979 2239.28857 -3.3150000000000004 3.348 1.3927274322509766 -0.9491363067626954 0.09726194 0.09726194 "" "" 17.88914484588534 "" 1.739932984943014 ""
129.585184537 -44.3317155952 0.0092 0.0105 22.0897 "" "" 5523147141712907008 2175.42261 0.4298 0.0122 -3.888 3.334 0.012 0.013 1.051 6078.4 2.9464 13.447421 1.839863 14.348793 12.50893 16.05 1.28 2115.80396 2236.87109 78700.67221 20.26 24883.0 23.602 78630.0 43.05 "" "" 0.002769460400974983 0.002974159 0.0038258447 0.006800004 129.585184537 -44.3317155952 2175.42261 -3.888 3.3339999999999996 0.8197274322509767 -0.9631363067626952 0.065261945 0.06626195 "" "" 13.041441211881983 "" 0.8586969584723161 ""
129.96886068882 -44.24825701032 0.0087 0.0098 14.5869 "" "" 5522491218612699392 1619.93274 0.5804 0.0112 -5.449 5.945 0.012 0.012 0.936 "" "" 13.455622 0.900905 13.816411 12.915506 "" "" 1590.12866 1648.50256 78108.42336 12.061 40631.0 19.309 54070.0 16.275 "" "" 0.0027604160421262616 0.002837477 0.003793485 0.006630962 129.96886068882 -44.24825701032 1619.93274 -5.449 5.945 -0.7412725677490233 1.647863693237305 0.065261945 0.065261945 "" "" 13.874358487774488 "" 0.9054676223214564 ""
129.66127300432 -43.85793314963 0.0097 0.0112 12.8164 "" "" 5523262319858625920 2101.53638 0.4397 0.0119 -4.772 4.266 0.013 0.014 0.956 "" "" 13.486371 0.791903 13.792521 13.000618 "" "" 2046.8418 2149.79858 75927.34506 19.487 41534.0 30.222 49993.0 17.676 "" "" 0.0027693752942645556 0.0028998614 0.003798828 0.0066986894 129.66127300432 -43.85793314963 2101.53638 -4.772000000000002 4.265999999999998 -0.06427256774902368 -0.0311363067626953 0.06626195 0.06726194 "" "" 0.7114080237343223 "" 0.04727532573253519 ""
129.80836913039 -44.05818506607 0.0088 0.0094 3.125 "" "" 5523244345412643840 2037.30298 0.4557 0.0104 -5.104 4.419 0.012 0.012 1.054 9724.2 3.7898 13.49055 0.668617 13.74266 13.074043 "" "" 1986.92163 2074.42163 75635.68095 28.144 43486.0 37.669 46724.0 49.714 "" "" 0.002784781306134222 0.0029444166 0.0039519933 0.00689641 129.80836913039 -44.05818506607 2037.30298 -5.104 4.419 -0.39627256774902353 0.12186369323730428 0.065261945 0.065261945 "" "" 4.003594236530208 "" 0.2612823473809765 ""
130.25698724383 -44.13960292698 0.0096 0.0097 18.7328 "" "" 5522495616659391872 2192.75903 0.425 0.0118 -6.349 5.701 0.012 0.013 1.009 "" "" 13.524768 1.94234 14.494875 12.552535 32.15 0.91 2129.15356 2257.27051 73289.12524 13.325 21750.0 16.849 75534.0 27.975 "" "" 0.0027623824915649258 0.0029141842 0.0038007137 0.006714898 130.25698724383 -44.13960292698 2192.75903 -6.348999999999998 5.701000000000003 -1.6412725677490236 1.4038636932373043 0.065261945 0.06626195 "" "" 22.447959421141142 "" 1.4745236440998222 ""
129.71998363864 -44.02463022148 0.0095 0.0103 5.8827 "" "" 5523248335445215488 1951.07385 0.4775 0.0117 -5.532 8.538 0.012 0.013 1.114 "" "" 13.540596 1.795684 14.409246 12.613563 47.48 1.21 1899.73132 1999.16907 72228.44908 15.323 23535.0 21.74 71406.0 34.283 "" "" 0.0027649310284095265 0.0029649471 0.0038151615 0.0067801084 129.71998363864 -44.02463022148 1951.07385 -5.531999999999997 8.538 -0.8242725677490235 4.240863693237305 0.065261945 0.06626195 "" "" 39.95383633944926 "" 2.6459751587361207 ""
129.9040402048 -44.3650418821 0.0097 0.0106 20.8643 "" "" 5522393465162012928 1770.86377 0.5284 0.0125 -4.823 8.337 0.013 0.013 1.002 "" "" 13.550035 0.900994 13.908833 13.007838 "" "" 1740.26892 1808.91675 71603.23541 12.841 37315.0 28.68 49662.0 42.723 "" "" 0.00276219148094015 0.0029122874 0.0038930892 0.0068053766 129.9040402048 -44.3650418821 1770.86377 -4.823 8.337 -0.11527256774902384 4.039863693237304 0.06626195 0.06626195 "" "" 33.923990334482305 "" 2.247869654830156 ""
