Clusters/COIN-Gaia_21/COIN-Gaia_21_stars_in_region.tsv
# %ECSV 1.0
# ---
# datatype:
# - name: RA_ICRS_1
#   unit: deg
#   datatype: float64
#   format: '{:15.11f}'
#   description: Right ascension (ICRS) at Ep=2016.0 (ra)
#   meta: !!omap
#   - {ucd: POS_EQ_RA_MAIN}
#   - {width: 15}
#   - {precision: '11'}
# - name: DE_ICRS_1
#   unit: deg
#   datatype: float64
#   format: '{:15.11f}'
#   description: Declination (ICRS) at Ep=2016.0 (dec)
#   meta: !!omap
#   - {ucd: POS_EQ_DEC_MAIN}
#   - {width: 15}
#   - {precision: '11'}
# - name: e_RA_ICRS
#   unit: mas
#   datatype: float64
#   format: '{:7.4f}'
#   description: Standard error of right ascension (ra_error)
#   meta: !!omap
#   - {ucd: ERROR}
#   - {width: 7}
#   - {precision: '4'}
# - name: e_DE_ICRS
#   unit: mas
#   datatype: float64
#   format: '{:7.4f}'
#   description: Standard error of declination (dec_error)
#   meta: !!omap
#   - {ucd: ERROR}
#   - {width: 7}
#   - {precision: '4'}
# - name: _r_1
#   unit: ''
#   datatype: float64
#   format: '{:7.4f}'
#   description: Distance from center (084.75870799000+28.38719473000)[ICRS], at Epoch=J2016.0
#   meta: !!omap
#   - {ucd: POS_ANG_DIST_GENERAL}
#   - {width: 7}
#   - {precision: '4'}
# - name: HIP
#   datatype: int32
#   description: '? HIP cross-id number, van Leeuwen, Cat. I/311 (hip_original_ext_source_id)'
#   meta: !!omap
#   - {ucd: ID_NUMBER}
#   - {width: 6}
#   - values: {'null': -2147483648}
# - name: TYC2
#   datatype: string
#   description: Tycho-2 cross-id name, Hog et al., Cat. I/259 (tyc2_original_ext_source_id)
#   meta: !!omap
#   - {ucd: ID_CROSSID}
#   - {_votable_string_dtype: char}
# - name: Source
#   datatype: int64
#   description: Source identifier, identical to the Gaia-EDR3 source_id (id)
#   meta: !!omap
#   - {ucd: ID_MAIN}
#   - {width: 19}
# - name: rgeo
#   unit: pc
#   datatype: float64
#   format: '{:15.8f}'
#   description: '? Median of the geometric distance posterior (r_med_geo)'
#   meta: !!omap
#   - {ucd: PHYS_DISTANCE_TRUE}
#   - {width: 15}
#   - {precision: '8'}
#   - values: {'null': .nan}
# - name: Plx
#   unit: mas
#   datatype: float64
#   format: '{:9.4f}'
#   description: '? Parallax (parallax)'
#   meta: !!omap
#   - {ucd: POS_PARLX_TRIG}
#   - {width: 9}
#   - {precision: '4'}
#   - values: {'null': .nan}
# - name: e_Plx
#   unit: mas
#   datatype: float32
#   format: '{:7.4f}'
#   description: '? Standard error of parallax (parallax_error)'
#   meta: !!omap
#   - {ucd: ERROR}
#   - {width: 7}
#   - {precision: '4'}
#   - values: {'null': .nan}
# - name: pmRA
#   unit: mas / yr
#   datatype: float64
#   format: '{:9.3f}'
#   description: '? Proper motion in right ascension direction, pmRA*cosDE (pmra)'
#   meta: !!omap
#   - {ucd: POS_EQ_PMRA}
#   - {width: 9}
#   - {precision: '3'}
#   - values: {'null': .nan}
# - name: pmDE
#   unit: mas / yr
#   datatype: float64
#   format: '{:9.3f}'
#   description: '? Proper motion in declination direction (pmdec)'
#   meta: !!omap
#   - {ucd: POS_EQ_PMDEC}
#   - {width: 9}
#   - {precision: '3'}
#   - values: {'null': .nan}
# - name: e_pmRA
#   unit: mas / yr
#   datatype: float32
#   format: '{:6.3f}'
#   description: '? Standard error of proper motion in right ascension direction (pmra_error)'
#   meta: !!omap
#   - {ucd: ERROR}
#   - {width: 6}
#   - {precision: '3'}
#   - values: {'null': .nan}
# - name: e_pmDE
[...]
#         unit: &id001 !astropy.units.Unit {unit: deg}
#         value: !astropy.table.SerializedColumn {name: SkyCoord.dec}
#       distance: !astropy.table.SerializedColumn
#         __class__: astropy.coordinates.distances.Distance
#         unit: !astropy.units.Unit {unit: pc}
#         value: !astropy.table.SerializedColumn {name: SkyCoord.distance}
#       frame: icrs
#       obstime: !astropy.time.Time {format: jyear_str, in_subfmt: '*', jd1: 367701545.0, jd2: 0.0, out_subfmt: '*', precision: 3, scale: tt}
#       pm_dec: !astropy.table.SerializedColumn
#         __class__: astropy.units.quantity.Quantity
#         unit: !astropy.units.Unit {unit: mas / yr}
#         value: !astropy.table.SerializedColumn {name: SkyCoord.pm_dec}
#       pm_ra_cosdec: !astropy.table.SerializedColumn
#         __class__: astropy.units.quantity.Quantity
#         unit: !astropy.units.Unit {unit: mas / yr}
#         value: !astropy.table.SerializedColumn {name: SkyCoord.pm_ra_cosdec}
#       ra: !astropy.table.SerializedColumn
#         __class__: astropy.coordinates.angles.Longitude
#         unit: *id001
#         value: !astropy.table.SerializedColumn {name: SkyCoord.ra}
#         wrap_angle: !astropy.coordinates.Angle
#           unit: *id001
#           value: 360.0
#       representation_type: spherical
# schema: astropy-2.0
RA_ICRS_1 DE_ICRS_1 e_RA_ICRS e_DE_ICRS _r_1 HIP TYC2 Source rgeo Plx e_Plx pmRA pmDE e_pmRA e_pmDE RUWE Teff logg Gmag BP-RP BPmag RPmag RV e_RV b_rgeo B_rgeo FG e_FG FBP e_FBP FRP e_FRP RAVE5 RAVE6 e_Gmag e_BPmag e_RPmag e_BP-RP SkyCoord.ra SkyCoord.dec SkyCoord.distance SkyCoord.pm_ra_cosdec SkyCoord.pm_dec
[from data line 942]
84.60785273741 28.07445876876 0.0879 0.0727 20.3884 "" "" 3442505279469656704 1231.00842 0.846 0.0942 5.687 -5.172 0.14 0.079 1.086 4929.5 4.7929 16.961407 1.515964 17.663557 16.147593 "" "" 1099.89453 1373.60681 3093.03202 2.648 1174.9 17.226 2755.0 12.497 "" "" 0.002907884686545743 0.016161382 0.006208027 0.022369409 84.60785273741 28.07445876876 1231.00842 5.687 -5.171999999999999
85.30572827619 28.39517184236 0.075 0.0566 28.8775 "" "" 3442596092256565504 1359.59204 0.7155 0.0808 0.637 0.749 0.088 0.052 1.008 5223.7 4.7218 16.962364 1.450411 17.615551 16.16514 "" "" 1247.10583 1536.8916 3090.30407 1.7179 1228.0 9.2629 2710.8 9.9366 "" "" 0.002820651515629166 0.008652037 0.0054884222 0.014140459 85.30572827619 28.39517184236 1359.59204 0.637 0.749
85.30759101379 28.67154525697 0.0844 0.0613 33.5894 "" "" 3442636671108150656 1319.01147 0.7774 0.0959 2.979 -5.704 0.107 0.058 0.942 4826.3 4.7926 16.963663 1.416956 17.594282 16.177326 "" "" 1142.7561 1516.16467 3086.61027 2.2081 1252.3 14.414 2680.6 10.057 "" "" 0.002862704044089218 0.012804538 0.0055566714 0.018361209 85.30759101379 28.67154525697 1319.01147 2.979 -5.703999999999999
84.74917528428 28.66786245049 0.0745 0.0562 16.8476 "" "" 3442676601418923136 1137.89417 0.8796 0.0814 0.335 -3.777 0.094 0.057 1.072 4968.8 4.7581 16.965254 1.471291 17.637358 16.166067 "" "" 1034.86267 1271.80066 3082.08719 2.2868 1203.6 8.767 2708.5 9.7812 "" "" 0.0028706698057437813 0.008386247 0.005445853 0.0138321 84.74917528428 28.66786245049 1137.89417 0.33499999999999996 -3.7770000000000006
85.00422534556 28.23303392905 0.061 0.0451 15.9296 "" "" 3442599528230148096 1409.19556 0.6723 0.0669 -1.132 -5.477 0.083 0.043 0.998 5329.7 4.6942 16.974918 1.558475 17.700798 16.142323 "" "" 1287.55591 1550.59973 3054.77707 1.7465 1135.3 9.4498 2768.4 9.0668 "" "" 0.0028243785174260926 0.009458167 0.005189234 0.0146474 85.00422534556 28.23303392905 1409.19556 -1.132 -5.477
84.72995545624 27.90681493232 0.0777 0.0593 28.8629 "" "" 3442482498962513664 1417.29749 0.6845 0.0782 13.523 -11.893 0.1 0.057 1.051 5076.7 4.7268 16.97624 1.51869 17.681477 16.162786 "" "" 1288.02954 1608.07507 3051.05829 1.8214 1155.6 10.516 2716.7 13.284 "" "" 0.0028305290732683853 0.010266651 0.0065168277 0.01678348 84.72995545624 27.90681493232 1417.29749 13.523 -11.893
84.75572826617 28.57109631591 0.0664 0.0528 11.0352 "" "" 3442657699268496000 1153.82117 0.8496 0.0741 4.298 1.126 0.089 0.054 0.955 4966.9 4.7594 16.978481 1.542551 17.693966 16.151415 "" "" 1069.48145 1252.00598 3044.76752 1.9812 1142.4 8.9175 2745.3 11.738 "" "" 0.0028444507623899447 0.008922658 0.0059861685 0.014908826 84.75572826617 28.57109631591 1153.82117 4.298000000000001 1.126
84.39333687714 28.37486832289 0.0802 0.0637 19.3015 "" "" 3442571804217220864 1222.46838 0.7974 0.0829 0.523 -4.901 0.113 0.075 1.058 4842.3 4.7505 16.979704 1.660997 17.765934 16.104937 "" "" 1101.27417 1378.79553 3041.34228 2.4145 1069.2 5.9239 2865.4 14.496 "" "" 0.0028869986848499823 0.0066311024 0.006667359 0.013298461 84.39333687714 28.37486832289 1222.46838 0.5229999999999999 -4.901
84.77519270934 28.7144570583 0.0705 0.0521 19.655 "" "" 3442677215599971456 1174.6123 0.8432 0.0804 0.219 -6.802 0.091 0.052 0.984 4785.2 4.6712 16.979912 1.739372 17.819708 16.080336 "" "" 1076.04297 1305.28528 3040.75765 2.1375 1017.5 11.057 2931.1 10.731 "" "" 0.0028590717228942244 0.01212394 0.0054848986 0.017608838 84.77519270934 28.7144570583 1174.6123 0.21900000000000003 -6.802
84.8241630652 27.87342888811 0.0868 0.068 31.0199 "" "" 3442484388748000768 1393.5072 0.7084 0.0799 -2.44 -3.871 0.115 0.064 1.084 5410.7 4.6999 16.981367 1.500725 17.669783 16.169058 "" "" 1245.50024 1611.28516 3036.68602 1.79 1168.2 8.0057 2701.1 10.83 "" "" 0.002828671885262828 0.00794652 0.0057649263 0.013711447 84.8241630652 27.87342888811 1393.5072 -2.4400000000000004 -3.8709999999999996
84.77995117842 28.45521713285 0.0633 0.0512 4.2325 "" "" 3442653576099774464 992.577454 1.0031 0.072 2.139 -1.381 0.082 0.049 0.971 4418.9 4.4822 16.99392 1.536304 17.7101 16.173796 "" "" 941.985962 1049.04919 3001.77991 1.9738 1125.6 13.786 2689.3 10.746 "" "" 0.0028463079365283737 0.013587328 0.00575375 0.019341078 84.77995117842 28.45521713285 992.577454 2.138999999999999 -1.3809999999999998
