Clusters/COIN-Gaia_21/COIN-Gaia_21_stars_in_region.tsv
# %ECSV 1.0
# ---
# datatype:
# - name: RA_ICRS_1
#   unit: deg
#   datatype: float64
#   format: '{:15.11f}'
#   description: Right ascension (ICRS) at Ep=2016.0 (ra)
#   meta: !!omap
#   - {ucd: POS_EQ_RA_MAIN}
#   - {width: 15}
#   - {precision: '11'}
# - name: DE_ICRS_1
#   unit: deg
#   datatype: float64
#   format: '{:15.11f}'
#   description: Declination (ICRS) at Ep=2016.0 (dec)
#   meta: !!omap
#   - {ucd: POS_EQ_DEC_MAIN}
#   - {width: 15}
#   - {precision: '11'}
# - name: e_RA_ICRS
#   unit: mas
#   datatype: float64
#   format: '{:7.4f}'
#   description: Standard error of right ascension (ra_error)
#   meta: !!omap
#   - {ucd: ERROR}
#   - {width: 7}
#   - {precision: '4'}
# - name: e_DE_ICRS
#   unit: mas
#   datatype: float64
#   format: '{:7.4f}'
#   description: Standard error of declination (dec_error)
#   meta: !!omap
#   - {ucd: ERROR}
#   - {width: 7}
#   - {precision: '4'}
# - name: _r_1
#   unit: ''
#   datatype: float64
#   format: '{:7.4f}'
#   description: Distance from center (084.75870799000+28.38719473000)[ICRS], at Epoch=J2016.0
#   meta: !!omap
#   - {ucd: POS_ANG_DIST_GENERAL}
#   - {width: 7}
#   - {precision: '4'}
# - name: HIP
#   datatype: int32
#   description: '? HIP cross-id number, van Leeuwen, Cat. I/311 (hip_original_ext_source_id)'
#   meta: !!omap
#   - {ucd: ID_NUMBER}
#   - {width: 6}
#   - values: {'null': -2147483648}
# - name: TYC2
#   datatype: string
#   description: Tycho-2 cross-id name, Hog et al., Cat. I/259 (tyc2_original_ext_source_id)
#   meta: !!omap
#   - {ucd: ID_CROSSID}
#   - {_votable_string_dtype: char}
# - name: Source
#   datatype: int64
#   description: Source identifier, identical to the Gaia-EDR3 source_id (id)
#   meta: !!omap
#   - {ucd: ID_MAIN}
#   - {width: 19}
# - name: rgeo
#   unit: pc
#   datatype: float64
#   format: '{:15.8f}'
#   description: '? Median of the geometric distance posterior (r_med_geo)'
#   meta: !!omap
#   - {ucd: PHYS_DISTANCE_TRUE}
#   - {width: 15}
#   - {precision: '8'}
#   - values: {'null': .nan}
# - name: Plx
#   unit: mas
#   datatype: float64
#   format: '{:9.4f}'
#   description: '? Parallax (parallax)'
#   meta: !!omap
#   - {ucd: POS_PARLX_TRIG}
#   - {width: 9}
#   - {precision: '4'}
#   - values: {'null': .nan}
# - name: e_Plx
#   unit: mas
#   datatype: float32
#   format: '{:7.4f}'
#   description: '? Standard error of parallax (parallax_error)'
#   meta: !!omap
#   - {ucd: ERROR}
#   - {width: 7}
#   - {precision: '4'}
#   - values: {'null': .nan}
# - name: pmRA
#   unit: mas / yr
#   datatype: float64
#   format: '{:9.3f}'
#   description: '? Proper motion in right ascension direction, pmRA*cosDE (pmra)'
#   meta: !!omap
#   - {ucd: POS_EQ_PMRA}
#   - {width: 9}
#   - {precision: '3'}
#   - values: {'null': .nan}
# - name: pmDE
#   unit: mas / yr
#   datatype: float64
#   format: '{:9.3f}'
#   description: '? Proper motion in declination direction (pmdec)'
#   meta: !!omap
#   - {ucd: POS_EQ_PMDEC}
#   - {width: 9}
#   - {precision: '3'}
#   - values: {'null': .nan}
# - name: e_pmRA
#   unit: mas / yr
#   datatype: float32
#   format: '{:6.3f}'
#   description: '? Standard error of proper motion in right ascension direction (pmra_error)'
#   meta: !!omap
#   - {ucd: ERROR}
#   - {width: 6}
#   - {precision: '3'}
#   - values: {'null': .nan}
# - name: e_pmDE
[...]
#         unit: &id001 !astropy.units.Unit {unit: deg}
#         value: !astropy.table.SerializedColumn {name: SkyCoord.dec}
#       distance: !astropy.table.SerializedColumn
#         __class__: astropy.coordinates.distances.Distance
#         unit: !astropy.units.Unit {unit: pc}
#         value: !astropy.table.SerializedColumn {name: SkyCoord.distance}
#       frame: icrs
#       obstime: !astropy.time.Time {format: jyear_str, in_subfmt: '*', jd1: 367701545.0, jd2: 0.0, out_subfmt: '*', precision: 3, scale: tt}
#       pm_dec: !astropy.table.SerializedColumn
#         __class__: astropy.units.quantity.Quantity
#         unit: !astropy.units.Unit {unit: mas / yr}
#         value: !astropy.table.SerializedColumn {name: SkyCoord.pm_dec}
#       pm_ra_cosdec: !astropy.table.SerializedColumn
#         __class__: astropy.units.quantity.Quantity
#         unit: !astropy.units.Unit {unit: mas / yr}
#         value: !astropy.table.SerializedColumn {name: SkyCoord.pm_ra_cosdec}
#       ra: !astropy.table.SerializedColumn
#         __class__: astropy.coordinates.angles.Longitude
#         unit: *id001
#         value: !astropy.table.SerializedColumn {name: SkyCoord.ra}
#         wrap_angle: !astropy.coordinates.Angle
#           unit: *id001
#           value: 360.0
#       representation_type: spherical
# schema: astropy-2.0
RA_ICRS_1 DE_ICRS_1 e_RA_ICRS e_DE_ICRS _r_1 HIP TYC2 Source rgeo Plx e_Plx pmRA pmDE e_pmRA e_pmDE RUWE Teff logg Gmag BP-RP BPmag RPmag RV e_RV b_rgeo B_rgeo FG e_FG FBP e_FBP FRP e_FRP RAVE5 RAVE6 e_Gmag e_BPmag e_RPmag e_BP-RP SkyCoord.ra SkyCoord.dec SkyCoord.distance SkyCoord.pm_ra_cosdec SkyCoord.pm_dec
[from data line 653]
84.59292458761 28.66274637556 0.0479 0.0371 18.7009 "" "" 3442671477521927552 1346.59961 0.7292 0.055 -2.911 -2.21 0.062 0.043 1.101 5446.1 4.6089 16.209148 1.374226 16.829685 15.45546 "" "" 1250.88611 1459.72693 6184.25378 3.2372 2532.5 12.633 5211.6 9.9289 "" "" 0.002813324941122404 0.006092493 0.00430841 0.0104009025 84.59292458761 28.66274637556 1346.59961 -2.9109999999999996 -2.21
85.23415921919 28.52332237872 0.0506 0.0355 26.3771 "" "" 3442632964551353856 1386.60681 0.6989 0.0527 2.595 -5.156 0.061 0.032 0.985 4968.8 4.3804 16.212393 1.518361 16.908775 15.390414 "" "" 1306.74988 1471.00256 6165.80094 2.4815 2354.5 11.61 5533.4 9.2125 "" "" 0.0027897544578430527 0.006037189 0.004189422 0.010226611 85.23415921919 28.52332237872 1386.60681 2.595 -5.156000000000001
85.32754355 28.27979310772 0.046 0.0363 30.7247 "" "" 3442591934728030848 1197.70386 0.8212 0.0537 0.08 -1.128 0.059 0.034 1.081 5437.2 4.6839 16.21287 1.310669 16.78989 15.479221 "" "" 1130.01965 1280.45447 6163.09439 2.3235 2627.0 11.989 5098.8 11.193 "" "" 0.0027855585204560798 0.005686605 0.0044681625 0.010154767 85.32754355 28.27979310772 1197.70386 0.08 -1.128
84.73676198472 28.68153986828 0.0467 0.0348 17.6986 "" "" 3442676670138398848 1354.60388 0.7174 0.0535 0.377 -4.676 0.06 0.036 1.012 5864.5 4.5476 16.214405 1.504392 16.900623 15.396232 "" "" 1285.7583 1451.54553 6154.38503 3.0069 2372.3 8.797 5503.8 16.602 "" "" 0.002805919633421761 0.0048984573 0.005000988 0.009899445 84.73676198472 28.68153986828 1354.60388 0.377 -4.676000000000001
84.50295426089 28.51724300014 0.0482 0.0366 15.5856 "" "" 3442668767398653568 1096.04004 0.8839 0.0567 1.412 -3.615 0.067 0.042 1.002 5259.2 4.6245 16.21662 1.423144 16.859629 15.436484 "" "" 1047.50488 1186.17102 6141.85159 4.4597 2463.6 13.421 5303.5 14.343 "" "" 0.0028658887355589918 0.006539857 0.0047859834 0.01132584 84.50295426089 28.51724300014 1096.04004 1.4120000000000001 -3.6150000000000007
84.91213336306 28.51078715808 0.0467 0.0368 10.9773 "" "" 3442659077950627584 1058.28735 0.9161 0.0534 11.489 0.935 0.06 0.035 1.004 4859.7 4.414 16.218557 1.509147 16.910376 15.401229 "" "" 988.196716 1144.84192 6130.89242 2.4259 2351.1 11.368 5478.6 11.567 "" "" 0.002788611374791403 0.0059451447 0.0044202334 0.010365378 84.91213336306 28.51078715808 1058.28735 11.489 0.9350000000000002
84.25337607387 28.70932870859 0.0525 0.043 32.9076 "" "" 3442771777894420608 1249.65552 0.7704 0.0633 6.038 -3.466 0.067 0.049 1.023 7149.7 4.337 16.2188 1.747489 17.050865 15.303376 "" "" 1144.34827 1352.0343 6129.52673 3.7564 2065.7 20.059 5995.3 28.62 "" "" 0.0028345226781352002 0.010906007 0.0064146277 0.017320635 84.25337607387 28.70932870859 1249.65552 6.037999999999999 -3.466
84.51597445756 28.53815572223 0.119 0.0921 15.6836 "" "" 3442668969262652672 1314.49109 0.8174 0.1368 3.534 -4.334 0.155 0.107 2.851 "" "" 16.21905 1.527959 16.845772 15.317813 "" "" 1131.95251 1782.59229 6128.1125 22.512 2495.2 11.243 5916.1 13.314 "" "" 0.004847687120298461 0.005631903 0.004500445 0.010132348 84.51597445756 28.53815572223 1314.49109 3.5339999999999994 -4.333999999999999
84.80115489778 28.5173695913 0.0439 0.0361 8.1251 "" "" 3442654405027958016 1124.55444 0.8552 0.0498 2.636 -2.873 0.057 0.035 1.035 5247.7 4.618 16.220146 1.367168 16.833841 15.466673 "" "" 1076.77844 1178.94861 6121.92766 2.6585 2522.8 10.814 5158.1 18.989 "" "" 0.002795369834846778 0.0054263165 0.0055009015 0.010927218 84.80115489778 28.5173695913 1124.55444 2.6359999999999997 -2.873
84.8631576479 28.18448386284 0.0491 0.0359 13.3561 "" "" 3442598428718454144 1198.65649 0.8057 0.0533 3.309 -3.514 0.063 0.033 0.973 5563.2 4.6123 16.222689 1.340496 16.815216 15.47472 "" "" 1130.42334 1276.08521 6107.60973 2.8617 2566.4 11.673 5120.0 13.321 "" "" 0.002801889260711217 0.0056720735 0.0047184057 0.010390479 84.8631576479 28.18448386284 1198.65649 3.3089999999999997 -3.5139999999999993
84.32589326874 28.44922091052 0.0554 0.0429 23.1408 "" "" 3442575961745557376 1183.18884 0.8223 0.0589 -4.856 0.169 0.076 0.052 0.973 5147.6 4.4588 16.228327 1.585166 16.967405 15.382239 "" "" 1103.16956 1256.98914 6075.97389 3.8357 2230.8 19.379 5575.2 12.978 "" "" 0.0028392925080154923 0.009835858 0.0045465822 0.014382441 84.32589326874 28.44922091052 1183.18884 -4.856000000000001 0.16899999999999996
84.72429856467 28.81408761047 0.0617 0.0473 25.6776 "" "" 3442683056752696448 1077.6969 0.8924 0.0786 2.218 -8.122 0.074 0.051 1.22 5321.9 3.883 16.2285 1.601781 16.974169 15.372388 "" "" 995.229736 1184.61426 6075.00413 3.18 2216.9 18.147 5626.0 16.487 "" "" 0.002813324499368311 0.009315254 0.004940371 0.014255625 84.72429856467 28.81408761047 1077.6969 2.218 -8.122
84.73792985693 28.08834161288 0.0474 0.0368 17.9648 "" "" 3442502397546070912 1216.94543 0.7914 0.0485 2.135 -4.675 0.065 0.036 0.99 5705.7 4.5616 16.231821 1.460908 16.892317 15.431409 "" "" 1149.90259 1292.41895 6056.45254 2.9769 2390.5 13.754 5328.4 12.648 "" "" 0.0028065262773624405 0.0068416963 0.004574464 0.0114161605 84.73792985693 28.08834161288 1216.94543 2.135 -4.674999999999999
85.17235129277 28.24876079475 0.046 0.0357 23.3741 "" "" 3442593107254968448 984.070862 0.9988 0.0488 3.047 -1.325 0.058 0.033 1.012 5191.7 4.6424 16.237452 1.355686 16.843435 15.487749 "" "" 935.626892 1041.56421 6025.12599 2.3228 2500.6 14.587 5058.9 11.611 "" "" 0.002786932320748322 0.0069208876 0.0045269746 0.011447862 85.17235129277 28.24876079475 984.070862 3.0469999999999997 -1.325
84.42040417747 28.61733742251 0.0457 0.0368 22.5582 "" "" 3442673264228292608 1197.02136 0.8061 0.054 -1.327 -4.616 0.061 0.04 0.939 "" "" 16.239298 1.545531 16.951504 15.405973 "" "" 1125.87512 1299.51953 6014.89161 3.1657 2263.7 11.399 5454.7 13.277 "" "" 0.002813952111074547 0.006138104 0.004611699 0.010749803 84.42040417747 28.61733742251 1197.02136 -1.327 -4.616
84.52852980836 28.52749930947 0.3113 0.2168 14.7748 "" "" 3442668904837599616 1249.84021 1.1288 0.3426 0.162 -1.165 0.37 0.244 6.252 "" "" 16.24286 1.446571 16.787592 15.341021 "" "" 864.695129 2105.64819 5995.18791 21.821 2632.6 18.214 5791.0 14.268 "" "" 0.004817530077553998 0.008013262 0.0046303007 0.012643563 84.52852980836 28.52749930947 1249.84021 0.16200000000000003 -1.1649999999999998
84.64096947728 28.32734902456 0.0443 0.0354 7.1791 "" "" 3442557265751560320 1320.80713 0.7324 0.0513 1.355 -5.322 0.057 0.037 0.969 6374.0 4.4477 16.24357 1.418978 16.874058 15.45508 "" "" 1238.82751 1450.29163 5991.26201 2.6935 2431.1 20.03 5213.5 18.416 "" "" 0.0027982220348410176 0.0093704965 0.005384481 0.014754977 84.64096947728 28.32734902456 1320.80713 1.3549999999999998 -5.322000000000001
84.824715311 28.26781106721 0.0706 0.0543 7.9663 "" "" 3442602139571325056 1400.59863 0.6828 0.0826 2.627 -1.414 0.092 0.053 1.604 "" "" 16.246395 1.44645 16.86941 15.422959 "" "" 1229.26929 1560.85498 5975.69378 4.5733 2441.5 12.375 5370.0 14.615 "" "" 0.0028778877436624376 0.0061700814 0.004797437 0.010967519 84.824715311 28.26781106721 1400.59863 2.6269999999999993 -1.414
84.81782797931 28.11165873735 0.0429 0.0331 16.8249 "" "" 3442503252245209856 1076.50867 0.8991 0.0464 5.656 0.68 0.055 0.031 1.045 4611.2 4.2883 16.246475 1.347882 16.849518 15.501636 "" "" 1031.02576 1140.87036 5975.26157 2.9407 2486.6 9.998 4994.6 13.516 "" "" 0.002806654448613298 0.005180967 0.0047871037 0.00996807 84.81782797931 28.11165873735 1076.50867 5.655999999999999 0.6799999999999999
84.43612555002 28.2681492895 0.052 0.0408 18.4738 "" "" 3442558850595872640 1271.41187 0.7654 0.053 -0.92 -3.009 0.074 0.048 0.927 5552.0 4.6075 16.247646 1.398607 16.882076 15.483469 "" "" 1204.45312 1361.40271 5968.81288 5.0506 2413.2 15.018 5078.9 16.424 "" "" 0.0029044484666640356 0.007310255 0.0051585855 0.012468841 84.43612555002 28.2681492895 1271.41187 -0.9199999999999998 -3.009
84.96801205952 28.45212201985 0.0546 0.0431 11.7117 "" "" 3442611725937627264 1346.66602 0.7149 0.0699 2.202 -3.894 0.061 0.039 0.998 5124.9 4.3738 16.24814 1.493691 16.926962 15.433271 "" "" 1220.33948 1479.09375 5966.09942 2.5884 2315.4 13.866 5319.2 8.9354 "" "" 0.0027952952720985743 0.0070754183 0.0041964506 0.011271869 84.96801205952 28.45212201985 1346.66602 2.2019999999999995 -3.894
84.50677633665 28.07680843428 0.0489 0.0378 22.895 "" "" 3442499953710219776 992.020813 0.9915 0.0533 2.215 -4.39 0.065 0.045 1.016 5203.4 4.696 16.249899 1.411035 16.885199 15.474164 "" "" 940.239014 1036.71619 5956.44633 3.9179 2406.2 10.865 5122.6 18.337 "" "" 0.0028463664386078422 0.0056409286 0.005421148 0.011062076 84.50677633665 28.07680843428 992.020813 2.2149999999999994 -4.389999999999999
85.32581925945 28.20943686699 0.045 0.0349 31.8019 "" "" 3442589224605141376 1334.08435 0.7223 0.0561 0.061 -6.212 0.056 0.033 1.053 6539.6 4.3853 16.249979 1.302162 16.82361 15.521448 "" "" 1230.0863 1454.63538 5956.00187 2.2027 2546.7 11.278 4904.3 12.578 "" "" 0.00278442468265655 0.0055590845 0.0046944204 0.010253505 85.32581925945 28.20943686699 1334.08435 0.061 -6.211999999999999
85.19895175227 28.70755224405 0.0599 0.0415 30.1305 "" "" 3442640485039197312 1081.03784 0.9068 0.0672 3.467 -5.523 0.075 0.039 1.054 5253.9 4.6252 16.250072 1.390345 16.875435 15.48509 "" "" 1006.30682 1177.78809 5955.49203 2.4034 2428.0 9.4047 5071.3 9.1239 "" "" 0.0027899414982530076 0.0050469316 0.004254339 0.00930127 85.19895175227 28.70755224405 1081.03784 3.467 -5.523000000000001
84.5818190381 28.06904577171 0.052 0.0421 21.2563 "" "" 3442500129803020544 1324.51123 0.7318 0.0563 0.84 1.817 0.069 0.044 0.967 5752.4 4.6393 16.257635 1.359435 16.858917 15.499482 "" "" 1235.49414 1447.38867 5914.1509 3.1951 2465.2 12.553 5004.6 17.277 "" "" 0.002817063762416482 0.0061928267 0.005322853 0.01151568 84.5818190381 28.06904577171 1324.51123 0.8400000000000001 1.8170000000000002
84.9586184532 28.90369744828 0.0629 0.04 32.7291 "" "" 3442703848689572864 1453.33789 0.6698 0.066 1.552 -5.519 0.079 0.038 1.014 5437.8 4.5991 16.260128 1.490317 16.922747 15.432429 "" "" 1326.21777 1617.85791 5900.59086 27.588 2324.4 38.102 5323.4 115.3 "" "" 0.005775882353763363 0.018014975 0.023817824 0.041832797 84.9586184532 28.90369744828 1453.33789 1.5520000000000003 -5.519
84.38906156313 28.42414900658 0.055 0.0418 19.6341 "" "" 3442572761993684736 1195.42688 0.8031 0.06 -3.617 -1.915 0.076 0.048 1.045 5721.1 4.6147 16.262094 1.437153 16.910812 15.47366 "" "" 1134.73413 1286.21826 5889.91278 3.3119 2350.1 11.894 5125.0 11.167 "" "" 0.0028221466348961623 0.006162777 0.0044587497 0.010621527 84.38906156313 28.42414900658 1195.42688 -3.6169999999999995 -1.9149999999999998
84.77696671109 28.8933752992 0.0567 0.0426 30.386 "" "" 3442684018825410944 1006.04742 0.9837 0.0689 4.239 -6.4 0.067 0.044 1.067 5083.7 4.4327 16.263872 1.471624 16.910679 15.439054 "" "" 949.61261 1096.72266 5880.27873 3.0575 2350.4 18.907 5291.0 10.83 "" "" 0.002812559700698437 0.009168696 0.004384361 0.013553057 84.77696671109 28.8933752992 1006.04742 4.239 -6.400000000000001
84.41615654278 28.15817521866 0.05 0.0387 22.726 "" "" 3442548336515963264 1412.23621 0.6769 0.0557 3.283 -6.347 0.065 0.046 1.013 "" "" 16.270203 1.571429 16.998323 15.426894 "" "" 1329.22986 1533.53931 5846.09019 3.1056 2168.1 12.816 5350.6 8.6639 "" "" 0.0028150409583460006 0.006998239 0.004168276 0.011166515 84.41615654278 28.15817521866 1412.23621 3.283 -6.347000000000001
84.49513670773 28.37923394172 0.048 0.0372 13.9214 "" "" 3442561320200759040 1398.88428 0.6752 0.05 -0.056 -2.519 0.067 0.044 0.919 6039.0 4.4574 16.271786 1.488543 16.951399 15.462856 "" "" 1312.25903 1515.66272 5837.57521 3.0582 2263.9 13.65 5176.3 15.788 "" "" 0.0028134178470970448 0.007116168 0.0050249505 0.012141118 84.49513670773 28.37923394172 1398.88428 -0.055999999999999994 -2.519
85.0836924143 28.52478066276 0.0736 0.0536 19.0273 "" "" 3442613138980377600 1297.71594 0.7627 0.0911 5.072 -4.102 0.08 0.047 1.146 5667.0 4.5398 16.274445 1.892936 17.074127 15.181191 "" "" 1162.92566 1536.24097 5823.29438 3.8568 2021.9 30.091 6709.4 100.0 "" "" 0.0028476092490720448 0.016397635 0.016617792 0.033015426 85.0836924143 28.52478066276 1297.71594 5.071999999999999 -4.102
85.16710237498 28.1315204294 0.0431 0.0346 26.4794 "" "" 3442583555247643648 1228.34436 0.7854 0.048 6.858 -4.641 0.058 0.032 1.002 5026.7 4.3149 16.274805 1.514776 16.966358 15.451582 "" "" 1154.60254 1305.44434 5821.36454 2.406 2232.9 10.665 5230.3 12.287 "" "" 0.002791622699141161 0.0058887675 0.0045595313 0.010448299 85.16710237498 28.1315204294 1228.34436 6.858 -4.641
84.90041927357 27.89566897184 0.0483 0.0385 30.4297 "" "" 3442484697983479296 1017.26678 0.9589 0.0477 5.037 -2.76 0.065 0.036 1.037 5146.8 4.6008 16.275501 1.40922 16.908674 15.499455 "" "" 969.97467 1068.10718 5817.62696 2.287 2354.8 10.654 5004.7 10.824 "" "" 0.0027881830215201733 0.0056493827 0.004449466 0.0100988485 84.90041927357 27.89566897184 1017.26678 5.037000000000001 -2.76
84.31107696056 28.18256689957 0.0529 0.041 26.648 "" "" 3442550806120478464 1200.58801 0.818 0.0582 7.076 -13.077 0.068 0.049 1.042 "" "" 16.279753 1.47935 16.956955 15.477605 "" "" 1124.88965 1306.25085 5794.89616 3.1102 2252.3 11.376 5106.4 10.737 "" "" 0.002816267565235726 0.006152881 0.00441537 0.010568251 84.31107696056 28.18256689957 1200.58801 7.075999999999999 -13.076999999999998
84.79937008824 28.40998845161 0.054 0.0413 2.5449 "" "" 3442652549602110848 1176.51074 0.8241 0.062 0.3 -4.854 0.064 0.037 0.96 5284.6 4.6838 16.280235 1.366636 16.887587 15.52095 "" "" 1107.99512 1262.77307 5792.32163 4.0266 2400.9 8.9637 4906.6 13.158 "" "" 0.0028568260940038375 0.0049210233 0.0047708713 0.009691894 84.79937008824 28.40998845161 1176.51074 0.29999999999999993 -4.853999999999999
85.15057862905 28.48264846888 0.0563 0.0406 21.4542 "" "" 3442610007950762624 1082.45251 0.8939 0.0657 0.944 -4.552 0.064 0.038 1.021 5086.0 4.6626 16.283306 1.347627 16.881687 15.534061 "" "" 1014.67755 1161.95593 5775.96287 3.8221 2414.0 13.311 4847.7 14.312 "" "" 0.0028474502034767707 0.0066050976 0.0049556666 0.011560764 85.15057862905 28.48264846888 1082.45251 0.9439999999999998 -4.552
85.04054337165 28.61138365811 0.0601 0.0433 20.0446 "" "" 3442661650637803776 1237.28357 0.8105 0.0705 -3.8 -3.765 0.065 0.04 1.007 5442.3 4.6747 16.285463 1.324365 16.864765 15.540401 "" "" 1146.495 1325.79187 5764.50125 2.5033 2451.9 11.814 4819.5 15.382 "" "" 0.0027953703235949045 0.005928969 0.005127545 0.011056514 85.04054337165 28.61138365811 1237.28357 -3.8000000000000007 -3.7649999999999997
84.80760701678 28.8077534555 0.057 0.0415 25.3647 "" "" 3442680307973623936 1142.65295 0.853 0.0659 1.997 -7.171 0.065 0.039 0.959 5208.3 4.6679 16.287178 1.396692 16.91027 15.513578 "" "" 1060.0708 1213.33545 5755.40003 2.7359 2351.3 8.2401 4940.0 12.703 "" "" 0.002803242260482643 0.004718334 0.0046987836 0.009417118 84.80760701678 28.8077534555 1142.65295 1.9970000000000003 -7.171000000000001
84.78517637663 28.37687649212 0.0557 0.0435 1.5282 "" "" 3442650831615380224 1279.62488 0.7594 0.0617 -0.031 -3.903 0.072 0.04 1.102 4584.8 4.2942 16.288605 1.733624 17.119492 15.385867 "" "" 1204.90894 1385.35083 5747.83842 6.3164 1939.2 13.896 5556.6 21.784 "" "" 0.0030025587774261757 0.008265397 0.0056922343 0.013957631 84.78517637663 28.37687649212 1279.62488 -0.031 -3.9029999999999996
84.44293404176 28.01518347242 0.0549 0.0405 27.875 "" "" 3442498270082822016 1213.39539 0.7951 0.063 0.347 1.654 0.077 0.05 1.001 5223.1 4.6155 16.28962 1.473496 16.959513 15.486016 "" "" 1124.69751 1325.31885 5742.47203 3.4023 2247.0 14.601 5067.0 16.264 "" "" 0.0028294159581443673 0.007586807 0.0051408987 0.012727706 84.44293404176 28.01518347242 1213.39539 0.347 1.6539999999999997
