Clusters/COIN-Gaia_21/COIN-Gaia_21_stars_in_region.tsv
# %ECSV 1.0
# ---
# datatype:
# - name: RA_ICRS_1
#   unit: deg
#   datatype: float64
#   format: '{:15.11f}'
#   description: Right ascension (ICRS) at Ep=2016.0 (ra)
#   meta: !!omap
#   - {ucd: POS_EQ_RA_MAIN}
#   - {width: 15}
#   - {precision: '11'}
# - name: DE_ICRS_1
#   unit: deg
#   datatype: float64
#   format: '{:15.11f}'
#   description: Declination (ICRS) at Ep=2016.0 (dec)
#   meta: !!omap
#   - {ucd: POS_EQ_DEC_MAIN}
#   - {width: 15}
#   - {precision: '11'}
# - name: e_RA_ICRS
#   unit: mas
#   datatype: float64
#   format: '{:7.4f}'
#   description: Standard error of right ascension (ra_error)
#   meta: !!omap
#   - {ucd: ERROR}
#   - {width: 7}
#   - {precision: '4'}
# - name: e_DE_ICRS
#   unit: mas
#   datatype: float64
#   format: '{:7.4f}'
#   description: Standard error of declination (dec_error)
#   meta: !!omap
#   - {ucd: ERROR}
#   - {width: 7}
#   - {precision: '4'}
# - name: _r_1
#   unit: ''
#   datatype: float64
#   format: '{:7.4f}'
#   description: Distance from center (084.75870799000+28.38719473000)[ICRS], at Epoch=J2016.0
#   meta: !!omap
#   - {ucd: POS_ANG_DIST_GENERAL}
#   - {width: 7}
#   - {precision: '4'}
# - name: HIP
#   datatype: int32
#   description: '? HIP cross-id number, van Leeuwen, Cat. I/311 (hip_original_ext_source_id)'
#   meta: !!omap
#   - {ucd: ID_NUMBER}
#   - {width: 6}
#   - values: {'null': -2147483648}
# - name: TYC2
#   datatype: string
#   description: Tycho-2 cross-id name, Hog et al., Cat. I/259 (tyc2_original_ext_source_id)
#   meta: !!omap
#   - {ucd: ID_CROSSID}
#   - {_votable_string_dtype: char}
# - name: Source
#   datatype: int64
#   description: Source identifier, identical to the Gaia-EDR3 source_id (id)
#   meta: !!omap
#   - {ucd: ID_MAIN}
#   - {width: 19}
# - name: rgeo
#   unit: pc
#   datatype: float64
#   format: '{:15.8f}'
#   description: '? Median of the geometric distance posterior (r_med_geo)'
#   meta: !!omap
#   - {ucd: PHYS_DISTANCE_TRUE}
#   - {width: 15}
#   - {precision: '8'}
#   - values: {'null': .nan}
# - name: Plx
#   unit: mas
#   datatype: float64
#   format: '{:9.4f}'
#   description: '? Parallax (parallax)'
#   meta: !!omap
#   - {ucd: POS_PARLX_TRIG}
#   - {width: 9}
#   - {precision: '4'}
#   - values: {'null': .nan}
# - name: e_Plx
#   unit: mas
#   datatype: float32
#   format: '{:7.4f}'
#   description: '? Standard error of parallax (parallax_error)'
#   meta: !!omap
#   - {ucd: ERROR}
#   - {width: 7}
#   - {precision: '4'}
#   - values: {'null': .nan}
# - name: pmRA
#   unit: mas / yr
#   datatype: float64
#   format: '{:9.3f}'
#   description: '? Proper motion in right ascension direction, pmRA*cosDE (pmra)'
#   meta: !!omap
#   - {ucd: POS_EQ_PMRA}
#   - {width: 9}
#   - {precision: '3'}
#   - values: {'null': .nan}
# - name: pmDE
#   unit: mas / yr
#   datatype: float64
#   format: '{:9.3f}'
#   description: '? Proper motion in declination direction (pmdec)'
#   meta: !!omap
#   - {ucd: POS_EQ_PMDEC}
#   - {width: 9}
#   - {precision: '3'}
#   - values: {'null': .nan}
# - name: e_pmRA
#   unit: mas / yr
#   datatype: float32
#   format: '{:6.3f}'
#   description: '? Standard error of proper motion in right ascension direction (pmra_error)'
#   meta: !!omap
#   - {ucd: ERROR}
#   - {width: 6}
#   - {precision: '3'}
#   - values: {'null': .nan}
# - name: e_pmDE
[...]
#         unit: &id001 !astropy.units.Unit {unit: deg}
#         value: !astropy.table.SerializedColumn {name: SkyCoord.dec}
#       distance: !astropy.table.SerializedColumn
#         __class__: astropy.coordinates.distances.Distance
#         unit: !astropy.units.Unit {unit: pc}
#         value: !astropy.table.SerializedColumn {name: SkyCoord.distance}
#       frame: icrs
#       obstime: !astropy.time.Time {format: jyear_str, in_subfmt: '*', jd1: 367701545.0, jd2: 0.0, out_subfmt: '*', precision: 3, scale: tt}
#       pm_dec: !astropy.table.SerializedColumn
#         __class__: astropy.units.quantity.Quantity
#         unit: !astropy.units.Unit {unit: mas / yr}
#         value: !astropy.table.SerializedColumn {name: SkyCoord.pm_dec}
#       pm_ra_cosdec: !astropy.table.SerializedColumn
#         __class__: astropy.units.quantity.Quantity
#         unit: !astropy.units.Unit {unit: mas / yr}
#         value: !astropy.table.SerializedColumn {name: SkyCoord.pm_ra_cosdec}
#       ra: !astropy.table.SerializedColumn
#         __class__: astropy.coordinates.angles.Longitude
#         unit: *id001
#         value: !astropy.table.SerializedColumn {name: SkyCoord.ra}
#         wrap_angle: !astropy.coordinates.Angle
#           unit: *id001
#           value: 360.0
#       representation_type: spherical
# schema: astropy-2.0
RA_ICRS_1 DE_ICRS_1 e_RA_ICRS e_DE_ICRS _r_1 HIP TYC2 Source rgeo Plx e_Plx pmRA pmDE e_pmRA e_pmDE RUWE Teff logg Gmag BP-RP BPmag RPmag RV e_RV b_rgeo B_rgeo FG e_FG FBP e_FBP FRP e_FRP RAVE5 RAVE6 e_Gmag e_BPmag e_RPmag e_BP-RP SkyCoord.ra SkyCoord.dec SkyCoord.distance SkyCoord.pm_ra_cosdec SkyCoord.pm_dec
[from data line 529]
84.85891160589 28.02962934404 0.0378 0.0294 22.0984 "" "" 3442490745297642112 1441.82178 0.6417 0.0396 4.33 -3.551 0.051 0.028 0.969 "" "" 15.821056 1.552106 16.537363 14.985257 "" "" 1376.74976 1528.06274 8841.46676 3.4998 3314.9 12.541 8036.3 11.63 "" "" 0.0027886372471502318 0.0049656085 0.004092992 0.0090586 84.85891160589 28.02962934404 1441.82178 4.33 -3.5510000000000006
84.57659134536 28.52113011355 0.0362 0.0288 12.5249 "" "" 3442668282067866752 1161.43005 0.8224 0.0403 5.007 -7.683 0.046 0.032 1.042 5806.9 4.4813 15.823509 1.397251 16.445942 15.048691 "" "" 1112.30896 1215.85254 8821.51077 3.5542 3606.1 22.939 7580.2 28.164 "" "" 0.0027898292600309757 0.007448855 0.005527842 0.012976697 84.57659134536 28.52113011355 1161.43005 5.007 -7.683
84.58736405942 28.50490067415 0.0378 0.0297 11.4712 "" "" 3442667835391251712 1399.76819 0.6781 0.0425 0.416 -6.353 0.049 0.033 1.11 5233.6 4.2752 15.827308 1.457387 16.485924 15.028537 "" "" 1323.8335 1501.7218 8790.70096 3.2415 3475.7 17.611 7722.2 10.576 "" "" 0.002784254780130598 0.0061684237 0.004061383 0.010229807 84.58736405942 28.50490067415 1399.76819 0.416 -6.352999999999999
85.20550870386 28.58434943562 0.0441 0.032 26.3652 "" "" 3442637053360213760 1229.36023 0.7742 0.0519 -1.751 0.144 0.053 0.029 1.01 5614.3 4.5902 15.82968 1.239018 16.366734 15.127716 "" "" 1145.83911 1325.51868 8771.51451 2.6287 3879.0 10.035 7048.1 11.23 "" "" 0.0027744659844503882 0.0039590965 0.0041564927 0.00811559 85.20550870386 28.58434943562 1229.36023 -1.7510000000000001 0.144
84.63523927629 28.9133877714 0.0422 0.0319 32.234 "" "" 3442872280129725696 1014.04236 0.9358 0.0526 0.582 -5.439 0.052 0.037 0.933 6754.1 4.3469 15.833421 1.499159 16.51641 15.017252 "" "" 964.65448 1079.73523 8741.34923 4.1563 3379.5 10.175 7802.9 18.317 "" "" 0.00280326496345578 0.0042977883 0.004558477 0.008856265 84.63523927629 28.9133877714 1014.04236 0.582 -5.439
84.39666504687 28.05674536652 0.0433 0.0331 27.5582 "" "" 3442545450297974784 1048.84778 0.917 0.0519 -0.62 0.42 0.062 0.042 1.08 4766.1 4.3835 15.834842 1.337657 16.427523 15.089866 "" "" 993.434814 1115.8363 8729.91504 3.4046 3667.8 11.517 7298.1 12.912 "" "" 0.002787665928546971 0.0044054496 0.0042395326 0.008644982 84.39666504687 28.05674536652 1048.84778 -0.62 0.42
85.33169281293 28.13347062125 0.0377 0.0292 33.8926 "" "" 3441838086364313600 1312.7135 0.7336 0.0469 0.989 -5.337 0.045 0.027 1.034 6355.4 4.3539 15.838563 1.276223 16.39455 15.118327 "" "" 1222.98035 1406.78418 8700.04256 2.5891 3780.9 12.307 7109.3 11.049 "" "" 0.002774200805437655 0.004502783 0.0041389703 0.008641753 85.33169281293 28.13347062125 1312.7135 0.989 -5.337
84.5752304339 28.00172409813 0.0475 0.0363 25.0809 "" "" 3442498579320426880 1207.29395 0.7864 0.0511 -1.54 -2.183 0.061 0.038 1.055 6040.8 4.4718 15.845142 1.298996 16.415844 15.116848 "" "" 1130.45728 1289.00537 8647.48424 4.0954 3707.5 14.838 7119.0 17.885 "" "" 0.0028028894966870646 0.005163969 0.0046609007 0.00982487 84.5752304339 28.00172409813 1207.29395 -1.54 -2.183
85.31836708299 28.47393419863 0.0434 0.0317 29.9848 "" "" 3442620625109898368 1138.51746 0.8442 0.0444 -3.564 -8.313 0.051 0.028 1.054 4952.1 4.335 15.84898 1.332985 16.440783 15.107798 "" "" 1086.14111 1198.98828 8616.97346 2.7622 3623.3 9.875 7178.6 13.679 "" "" 0.002777214207211697 0.00406709 0.0043086032 0.008375693 85.31836708299 28.47393419863 1138.51746 -3.564 -8.313
84.18060928264 28.47247087759 0.0398 0.0315 30.9289 "" "" 3442758618114984832 1288.54724 0.7347 0.0475 2.948 -3.205 0.058 0.04 1.016 7649.6 4.4144 15.850251 1.493917 16.532625 15.038709 "" "" 1223.80823 1386.38623 8606.88811 3.6385 3329.4 22.337 7650.2 14.008 "" "" 0.002793288132781911 0.007800317 0.0042703715 0.012070688 84.18060928264 28.47247087759 1288.54724 2.9479999999999995 -3.2049999999999996
84.4628025113 28.41902177488 0.0393 0.0302 15.7334 "" "" 3442573517907925120 1375.31396 0.696 0.0408 -1.871 -6.192 0.05 0.035 1.108 7343.9 4.3403 15.853711 1.496835 16.538273 15.041438 "" "" 1294.69849 1518.005 8579.5051 3.6371 3312.1 13.15 7631.0 13.725 "" "" 0.002793500027153338 0.0051348885 0.00425407 0.009388959 84.4628025113 28.41902177488 1375.31396 -1.8710000000000002 -6.192
84.36206625934 28.41319671396 0.0482 0.0365 20.9923 "" "" 3442572865072891392 1079.3313 0.8871 0.0505 -3.671 -0.352 0.065 0.042 0.957 5672.9 4.5051 15.858445 1.516032 16.556543 15.040511 "" "" 1016.64673 1145.67224 8542.18067 4.1626 3256.9 9.6702 7637.5 15.557 "" "" 0.002805657432659356 0.004263487 0.0043788957 0.008642383 84.36206625934 28.41319671396 1079.3313 -3.671 -0.352
84.97235032047 28.75407276343 0.0468 0.0335 24.7243 "" "" 3442689932997364736 982.505188 0.9842 0.053 1.697 -8.962 0.059 0.031 0.974 5585.6 4.5249 15.859349 1.358486 16.458405 15.099918 "" "" 937.682922 1026.51685 8535.07225 3.0054 3565.0 11.028 7230.9 9.292 "" "" 0.0027817176049182 0.0043663955 0.004028691 0.008395087 84.97235032047 28.75407276343 982.505188 1.697 -8.962
84.3218097707 28.04622161976 0.0425 0.0315 30.856 "" "" 3442545931334334720 1047.05127 0.907 0.0514 0.68 -6.013 0.059 0.043 1.038 5020.9 4.4344 15.859843 1.339044 16.458618 15.119575 "" "" 997.637024 1114.64185 8531.18416 4.0479 3564.3 14.61 7101.1 16.314 "" "" 0.0028030666223920315 0.0052527348 0.004528306 0.00978104 84.3218097707 28.04622161976 1047.05127 0.6799999999999999 -6.013
85.01655697897 28.49931622818 0.0397 0.0295 15.176 "" "" 3442612279988689024 1347.92761 0.7132 0.0477 -0.051 -6.241 0.051 0.029 1.028 7161.4 4.333 15.865022 1.50856 16.553738 15.045177 "" "" 1261.46277 1439.30859 8490.59459 2.9918 3265.3 12.351 7604.8 13.878 "" "" 0.0027817538545176425 0.0049649607 0.004267261 0.009232221 85.01655697897 28.49931622818 1347.92761 -0.051000000000000045 -6.2410000000000005
85.01332686926 28.2881400064 0.0363 0.0274 14.7013 "" "" 3442600318504209792 1417.09839 0.6762 0.04 0.723 -4.918 0.046 0.026 0.96 "" "" 15.876986 1.425713 16.518833 15.093121 "" "" 1331.547 1499.79578 8397.54429 2.661 3372.0 9.0339 7276.3 9.9435 "" "" 0.002776716991884334 0.004030645 0.0040601925 0.008090837 85.01332686926 28.2881400064 1417.09839 0.723 -4.918
84.7669154301 28.82335274995 0.0433 0.0331 26.1731 "" "" 3442680243551160960 1250.33435 0.7622 0.0537 -1.622 -0.825 0.052 0.034 1.053 7196.1 4.3418 15.87917 1.414684 16.512753 15.098068 "" "" 1172.4093 1355.45312 8380.66379 3.3799 3390.9 6.8429 7243.2 14.209 "" "" 0.0027898966921401087 0.0035476312 0.004338221 0.007885853 84.7669154301 28.82335274995 1250.33435 -1.622 -0.8249999999999998
84.47392106976 28.73961914598 0.0379 0.0294 25.9298 "" "" 3442863415317234432 1373.64771 0.6841 0.0448 0.991 -6.282 0.051 0.034 1.056 7629.2 4.3039 15.882203 1.666853 16.66251 14.995657 "" "" 1306.37134 1477.19214 8357.29246 3.7336 2954.0 15.839 7959.7 14.433 "" "" 0.0027976888417520144 0.006455691 0.004261407 0.010717098 84.47392106976 28.73961914598 1373.64771 0.991 -6.282
85.01357809501 28.23809859317 0.0343 0.0258 16.164 "" "" 3442599635605202304 1024.13403 0.9454 0.0378 -1.334 -4.785 0.044 0.024 0.984 5695.7 4.5789 15.887661 1.279122 16.446247 15.167125 "" "" 988.305054 1063.31421 8315.38695 2.5439 3605.1 10.776 6796.9 10.57 "" "" 0.0027752687960943957 0.004279894 0.0041393954 0.008419289 85.01357809501 28.23809859317 1024.13403 -1.3339999999999996 -4.785
84.89324347366 28.04803146422 0.0349 0.027 21.557 "" "" 3442491191974111744 1126.48901 0.8437 0.0377 -0.459 -2.869 0.045 0.026 1.042 5250.3 4.4243 15.888207 1.346651 16.485708 15.139057 "" "" 1079.72949 1178.02148 8311.19975 2.7004 3476.4 9.7511 6974.9 11.073 "" "" 0.0027778110773756205 0.0041303355 0.0041538817 0.008284217 84.89324347366 28.04803146422 1126.48901 -0.45899999999999996 -2.869
84.48955880243 28.26449466691 0.0421 0.0338 16.0086 "" "" 3442557957242665856 1338.7489 0.7042 0.047 -0.355 -3.829 0.06 0.04 0.956 5716.4 4.3936 15.888406 1.573587 16.620073 15.046486 "" "" 1253.95386 1432.48938 8309.68079 13.905 3071.8 25.931 7595.6 53.15 "" "" 0.00330039541635928 0.009580673 0.008485537 0.018066209 84.48955880243 28.26449466691 1338.7489 -0.355 -3.829
84.58232902152 28.28391941097 0.043 0.0349 11.1876 "" "" 3442556926450490880 1125.56079 0.8466 0.0455 2.035 -5.04 0.06 0.038 1.05 5757.5 4.5701 15.890515 1.369783 16.499342 15.129559 "" "" 1079.73987 1181.03796 8293.55124 3.8187 3433.1 14.086 7036.1 12.435 "" "" 0.0028003049852990823 0.005256429 0.004238592 0.009495021 84.58232902152 28.28391941097 1125.56079 2.035 -5.039999999999999
84.18722371552 28.37302881244 0.3719 0.2835 30.1799 "" "" 3442569983151127168 1045.1377 1.4347 0.4622 -0.176 -4.93 0.549 0.372 6.402 "" "" 15.891336 1.493387 16.146942 14.653555 "" "" 681.999329 2006.98059 8287.27962 22.077 4749.4 17.26 10908.0 19.111 "" "" 0.003994688537162224 0.004832573 0.004231099 0.009063672 84.18722371552 28.37302881244 1045.1377 -0.17600000000000002 -4.930000000000001
85.14314912053 28.36587338298 0.0392 0.0286 20.3351 "" "" 3442606778135152256 1091.7196 0.8824 0.0436 3.817 -6.188 0.051 0.027 1.052 5344.0 4.5848 15.892008 1.286828 16.458645 15.171817 "" "" 1046.49463 1143.52136 8282.15789 2.7595 3564.2 9.7917 6767.5 12.234 "" "" 0.0027789663674336633 0.004084359 0.004258651 0.008343009 85.14314912053 28.36587338298 1091.7196 3.8169999999999997 -6.188
84.91198896964 28.71094229439 0.0496 0.0366 21.0378 "" "" 3442666357922195968 1024.73792 0.9451 0.0551 -0.45 -4.312 0.055 0.034 0.956 4942.9 4.5006 15.899182 1.320663 16.478943 15.15828 "" "" 973.348083 1085.96887 8227.60972 2.8153 3498.2 11.822 6852.5 13.804 "" "" 0.002780253969281312 0.0046095587 0.0043666223 0.008976181 84.91198896964 28.71094229439 1024.73792 -0.45000000000000007 -4.312
84.90928987824 28.23597824412 0.038 0.0282 12.066 "" "" 3442599047193816832 1203.21204 0.7943 0.042 -2.633 -9.052 0.048 0.026 1.04 5686.9 4.5183 15.900814 1.352762 16.4997 15.146938 "" "" 1149.6272 1256.50342 8215.25548 2.7005 3431.9 9.2008 6924.4 14.844 "" "" 0.002778338984874546 0.0040321113 0.0044385884 0.008470699 84.90928987824 28.23597824412 1203.21204 -2.6329999999999996 -9.052
84.38645436054 28.0316170231 0.0416 0.0323 29.0269 "" "" 3442545415938246784 1247.36414 0.7688 0.0526 0.363 -2.633 0.057 0.041 0.923 5791.0 4.5419 15.903896 1.393144 16.530315 15.137172 "" "" 1162.31726 1338.93384 8191.97085 4.2277 3336.5 10.344 6987.0 13.179 "" "" 0.002811717205568162 0.004372116 0.0042985766 0.008670693 84.38645436054 28.0316170231 1247.36414 0.363 -2.633
84.98594319225 28.25961934618 0.0385 0.0283 14.2351 "" "" 3442599906187309312 1291.28345 0.7385 0.0415 -3.403 3.036 0.048 0.026 1.022 5162.1 4.3338 15.905596 1.421372 16.540771 15.119399 "" "" 1209.37451 1358.84778 8179.15684 3.0553 3304.5 7.7447 7102.3 10.725 "" "" 0.002785009752018505 0.003776261 0.0041196877 0.007895948 84.98594319225 28.25961934618 1291.28345 -3.4029999999999996 3.036000000000001
84.57821465222 28.15622198897 0.0477 0.0371 16.8233 "" "" 3442553451823087104 1241.48364 0.7645 0.0513 2.641 -2.795 0.068 0.041 1.025 "" "" 15.907117 1.409888 16.535303 15.125415 "" "" 1187.56567 1316.96936 8167.70687 4.2915 3321.2 13.129 7063.0 31.583 "" "" 0.0028137565848752903 0.0051192204 0.006152615 0.011271835 84.57821465222 28.15622198897 1241.48364 2.640999999999999 -2.7950000000000004
84.47659531099 28.89584674084 0.0404 0.0332 33.9426 "" "" 3442871455495908736 1464.96619 0.6515 0.0519 0.814 -8.625 0.053 0.038 1.054 7441.3 4.2566 15.918812 1.510497 16.607628 15.097131 "" "" 1361.97498 1577.24463 8080.19836 3.6935 3107.2 16.353 7249.5 19.605 "" "" 0.002799660460953193 0.006358986 0.004785906 0.011144891 84.47659531099 28.89584674084 1464.96619 0.8140000000000001 -8.625000000000004
84.79903344196 28.84708281472 0.0442 0.0351 27.6749 "" "" 3442680621508274432 1162.96375 0.8189 0.0564 -0.523 -0.079 0.053 0.034 0.995 6895.5 4.338 15.920668 1.304467 16.496237 15.19177 "" "" 1077.48975 1240.97156 8066.39815 3.0874 3442.9 10.696 6644.3 15.79 "" "" 0.0027864821094148533 0.0043774922 0.004576164 0.008953656 84.79903344196 28.84708281472 1162.96375 -0.5229999999999999 -0.07899999999999999
85.21465322373 28.00915474574 0.0354 0.0275 33.1025 "" "" 3441830935241474432 1305.45325 0.7433 0.0438 0.347 -9.152 0.046 0.026 1.02 6535.8 3.9914 15.922083 1.44245 16.572342 15.129892 "" "" 1239.39514 1376.25439 8055.89131 2.6249 3209.8 11.232 7034.0 9.5081 "" "" 0.002777938811694321 0.00471378 0.0040543377 0.008768117 85.21465322373 28.00915474574 1305.45325 0.347 -9.152
84.59760310522 28.53014125182 0.038 0.0298 12.074 "" "" 3442668320722035072 1157.37244 0.8396 0.0432 -0.283 -4.378 0.049 0.033 1.078 6067.6 4.4683 15.9294 1.441118 16.577871 15.136753 "" "" 1098.23376 1221.33069 8001.78032 3.1528 3193.5 11.063 6989.7 12.871 "" "" 0.0027883322298200004 0.0046831532 0.0042756204 0.008958774 84.59760310522 28.53014125182 1157.37244 -0.28300000000000003 -4.378
84.19566120255 28.52047989262 0.0437 0.0339 30.7596 "" "" 3442764837227627776 1436.66089 0.6587 0.0526 2.624 -8.81 0.069 0.044 0.909 6165.3 4.2845 15.93181 1.642761 16.702261 15.0595 "" "" 1323.87109 1572.60437 7984.04017 3.8646 2847.8 12.904 7505.1 26.085 "" "" 0.002804992357328401 0.005655843 0.0053407834 0.010996627 84.19566120255 28.52047989262 1436.66089 2.6239999999999997 -8.81
84.17776395487 28.50466710569 0.0439 0.0339 31.4483 "" "" 3442764802867890048 1384.06531 0.6924 0.0504 -1.33 -2.288 0.07 0.045 0.991 6316.6 4.3667 15.937714 1.499023 16.624294 15.125271 "" "" 1290.74707 1486.41272 7940.74782 3.7524 3059.8 9.1703 7064.0 13.2 "" "" 0.0028026816872376197 0.004286424 0.004289512 0.008575936 84.17776395487 28.50466710569 1384.06531 -1.3300000000000003 -2.288
84.29263772823 28.18030707553 0.0427 0.0332 27.5773 "" "" 3442550982215839104 1179.06726 0.8068 0.0472 0.423 -2.92 0.055 0.04 0.928 5771.0 4.4708 15.938198 1.463612 16.606548 15.142937 "" "" 1119.48401 1250.45398 7937.20224 4.1496 3110.3 10.701 6950.0 16.224 "" "" 0.0028131814483914053 0.0046624946 0.004550557 0.009213052 84.29263772823 28.18030707553 1179.06726 0.42299999999999993 -2.92
84.38838850826 28.50168368573 0.0405 0.0313 20.7093 "" "" 3442577709795028224 1067.14355 0.9019 0.0453 2.965 -10.12 0.055 0.037 0.99 5661.4 4.5538 15.938837 1.421084 16.573553 15.152469 "" "" 1011.63867 1129.92542 7932.53652 3.4967 3206.2 18.459 6889.2 16.351 "" "" 0.002796577402326492 0.0068453397 0.004574299 0.011419639 84.38838850826 28.50168368573 1067.14355 2.9649999999999994 -10.119999999999997
85.17262862116 27.98482791428 0.035 0.0277 32.5886 "" "" 3441829393350518528 1100.73169 0.8663 0.045 -1.75 -2.234 0.045 0.026 1.009 4724.2 4.1926 15.945647 1.469438 16.614271 15.144834 "" "" 1057.79285 1157.57117 7882.93248 4.1634 3088.2 11.347 6937.8 12.762 "" "" 0.002814359219139281 0.004868244 0.004274638 0.009142881 85.17262862116 27.98482791428 1100.73169 -1.75 -2.234
84.46445139711 27.91292241488 0.0494 0.0361 32.436 "" "" 3442496552095521152 1243.02869 0.7797 0.0572 -0.271 -14.614 0.069 0.044 0.984 5692.9 4.5524 15.949149 1.364403 16.553204 15.188801 "" "" 1145.55762 1368.20898 7857.54633 3.8285 3266.9 12.193 6662.5 16.295 "" "" 0.002805644979822907 0.0049199583 0.00461901 0.009538968 84.46445139711 27.91292241488 1243.02869 -0.2709999999999999 -14.614
84.6383840499 28.92365735474 0.0437 0.0381 32.8053 "" "" 3442872280129725568 1373.53137 0.7193 0.0622 2.163 -7.094 0.057 0.044 0.996 6380.0 4.425 15.950654 1.519925 16.653091 15.133166 "" "" 1242.94653 1516.66565 7846.66813 3.8151 2979.8 15.224 7012.8 18.737 "" "" 0.0028054338654986224 0.006209296 0.0047643417 0.010973638 84.6383840499 28.92365735474 1373.53137 2.163 -7.094
