Clusters/UPK_445/UPK_445_stars_in_region.tsv
# %ECSV 1.0
# ---
# datatype:
# - name: RA_ICRS_1
#   unit: deg
#   datatype: float64
#   format: '{:15.11f}'
#   description: Right ascension (ICRS) at Ep=2016.0 (ra)
#   meta: !!omap
#   - {ucd: POS_EQ_RA_MAIN}
#   - {width: 15}
#   - {precision: '11'}
# - name: DE_ICRS_1
#   unit: deg
#   datatype: float64
#   format: '{:15.11f}'
#   description: Declination (ICRS) at Ep=2016.0 (dec)
#   meta: !!omap
#   - {ucd: POS_EQ_DEC_MAIN}
#   - {width: 15}
#   - {precision: '11'}
# - name: e_RA_ICRS
#   unit: mas
#   datatype: float64
#   format: '{:7.4f}'
#   description: Standard error of right ascension (ra_error)
#   meta: !!omap
#   - {ucd: ERROR}
#   - {width: 7}
#   - {precision: '4'}
# - name: e_DE_ICRS
#   unit: mas
#   datatype: float64
#   format: '{:7.4f}'
#   description: Standard error of declination (dec_error)
#   meta: !!omap
#   - {ucd: ERROR}
#   - {width: 7}
#   - {precision: '4'}
# - name: _r_1
#   unit: ''
#   datatype: float64
#   format: '{:7.4f}'
#   description: Distance from center (092.37850574000-15.06760563000)[ICRS], at Epoch=J2016.0
#   meta: !!omap
#   - {ucd: POS_ANG_DIST_GENERAL}
#   - {width: 7}
#   - {precision: '4'}
# - name: HIP
#   datatype: int32
#   description: '? HIP cross-id number, van Leeuwen, Cat. I/311 (hip_original_ext_source_id)'
#   meta: !!omap
#   - {ucd: ID_NUMBER}
#   - {width: 6}
#   - values: {'null': -2147483648}
# - name: TYC2
#   datatype: string
#   description: Tycho-2 cross-id name, Hog et al., Cat. I/259 (tyc2_original_ext_source_id)
#   meta: !!omap
#   - {ucd: ID_CROSSID}
#   - {_votable_string_dtype: char}
# - name: Source
#   datatype: int64
#   description: Source identifier, identical to the Gaia-EDR3 source_id (id)
#   meta: !!omap
#   - {ucd: ID_MAIN}
#   - {width: 19}
# - name: rgeo
#   unit: pc
#   datatype: float64
#   format: '{:15.8f}'
#   description: '? Median of the geometric distance posterior (r_med_geo)'
#   meta: !!omap
#   - {ucd: PHYS_DISTANCE_TRUE}
#   - {width: 15}
#   - {precision: '8'}
#   - values: {'null': .nan}
# - name: Plx
#   unit: mas
#   datatype: float64
#   format: '{:9.4f}'
#   description: '? Parallax (parallax)'
#   meta: !!omap
#   - {ucd: POS_PARLX_TRIG}
#   - {width: 9}
#   - {precision: '4'}
#   - values: {'null': .nan}
# - name: e_Plx
#   unit: mas
#   datatype: float32
#   format: '{:7.4f}'
#   description: '? Standard error of parallax (parallax_error)'
#   meta: !!omap
#   - {ucd: ERROR}
#   - {width: 7}
#   - {precision: '4'}
#   - values: {'null': .nan}
# - name: pmRA
#   unit: mas / yr
#   datatype: float64
#   format: '{:9.3f}'
#   description: '? Proper motion in right ascension direction, pmRA*cosDE (pmra)'
#   meta: !!omap
#   - {ucd: POS_EQ_PMRA}
#   - {width: 9}
#   - {precision: '3'}
#   - values: {'null': .nan}
# - name: pmDE
#   unit: mas / yr
#   datatype: float64
#   format: '{:9.3f}'
#   description: '? Proper motion in declination direction (pmdec)'
#   meta: !!omap
#   - {ucd: POS_EQ_PMDEC}
#   - {width: 9}
#   - {precision: '3'}
#   - values: {'null': .nan}
# - name: e_pmRA
#   unit: mas / yr
#   datatype: float32
#   format: '{:6.3f}'
#   description: '? Standard error of proper motion in right ascension direction (pmra_error)'
#   meta: !!omap
#   - {ucd: ERROR}
#   - {width: 6}
#   - {precision: '3'}
#   - values: {'null': .nan}
# - name: e_pmDE
[...]
#         value: !astropy.table.SerializedColumn {name: SkyCoord.dec}
#       distance: !astropy.table.SerializedColumn
#         __class__: astropy.coordinates.distances.Distance
#         unit: !astropy.units.Unit {unit: pc}
#         value: !astropy.table.SerializedColumn {name: SkyCoord.distance}
#       frame: icrs
#       obstime: !astropy.time.Time {format: jyear_str, in_subfmt: '*', jd1: 367701545.0, jd2: 0.0, out_subfmt: '*', precision: 3, scale: tt}
#       pm_dec: !astropy.table.SerializedColumn
#         __class__: astropy.units.quantity.Quantity
#         unit: !astropy.units.Unit {unit: mas / yr}
#         value: !astropy.table.SerializedColumn {name: SkyCoord.pm_dec}
#       pm_ra_cosdec: !astropy.table.SerializedColumn
#         __class__: astropy.units.quantity.Quantity
#         unit: !astropy.units.Unit {unit: mas / yr}
#         value: !astropy.table.SerializedColumn {name: SkyCoord.pm_ra_cosdec}
#       ra: !astropy.table.SerializedColumn
#         __class__: astropy.coordinates.angles.Longitude
#         unit: *id001
#         value: !astropy.table.SerializedColumn {name: SkyCoord.ra}
#         wrap_angle: !astropy.coordinates.Angle
#           unit: *id001
#           value: 360.0
#       representation_type: spherical
# schema: astropy-2.0
RA_ICRS_1 DE_ICRS_1 e_RA_ICRS e_DE_ICRS _r_1 HIP TYC2 Source rgeo Plx e_Plx pmRA pmDE e_pmRA e_pmDE RUWE Teff logg Gmag BP-RP BPmag RPmag RV e_RV b_rgeo B_rgeo FG e_FG FBP e_FBP FRP e_FRP RAVE5 RAVE6 e_Gmag e_BPmag e_RPmag e_BP-RP SkyCoord.ra SkyCoord.dec SkyCoord.distance SkyCoord.pm_ra_cosdec SkyCoord.pm_dec rmRA rmDE e_rmRA e_rmDE rRV e_rRV v_pec v_pec3d e_vpec e_vpec3d
[from data line 199]
93.08057429079 -16.0087748403 0.0076 0.0097 69.5409 "" "" 2992760154186662528 527.445923 1.8627 0.0127 -11.746 6.559 0.01 0.012 0.865 5766.5 4.3185 13.024214 0.800559 13.343105 12.542546 -27.14 1.82 524.286621 531.450317 116214.75331 21.324 62831.0 27.169 76232.0 36.002 "" "" 0.0027625129476453697 0.0028293934 0.003814007 0.0066434005 93.08057429079 -16.0087748403 527.445923 -11.745999999999993 6.559 -9.13883323287964 5.1497222032547 0.17285824 0.17485823 -54.317826086956515 4.556389 26.225721871193464 60.31761532486218 4.54602839708402 4.554432062570044
92.37428743436 -14.25052398772 0.0461 0.0502 49.0255 "" "" 2993976729441801984 588.09436 1.6852 0.0744 3.675 13.62 0.056 0.063 4.726 "" "" 13.028321 0.884039 13.380146 12.496107 59.9 1.73 555.949036 616.443237 115775.92593 30.878 60724.0 33.824 79564.0 26.757 "" "" 0.0027704946879375555 0.0028549593 0.0037969784 0.006651938 92.37428743436 -14.25052398772 588.09436 3.6749999999999994 13.620000000000001 6.282166767120361 12.210722203254699 0.21885824 0.22585824 32.72217391304348 4.4663887 38.278826202184284 50.35880460269578 8.590199852595195 7.145506344939308
91.94525235855 -15.21729491949 0.0104 0.0114 26.6515 "" "" 2993812043215359744 547.338867 1.7919 0.0144 -8.407 16.786 0.013 0.013 1.017 5888.0 4.3014 13.028691 0.762048 13.327284 12.565236 31.65 2.44 544.027527 550.877136 115736.50478 25.615 63753.0 43.028 74656.0 28.247 "" "" 0.002765778739272111 0.0028847908 0.0038016425 0.006686433 91.94525235855 -15.21729491949 547.338867 -8.407000000000005 16.786 -5.799833232879639 15.376722203254701 0.17585823 0.17585823 4.4721739130434806 5.1763887 42.63656126710461 42.87046414714998 7.4979901720833775 7.476606602235489
92.3374816216 -15.91141187304 0.0068 0.0094 50.6839 "" "" 2992963357680279552 609.656921 1.6065 0.0117 -7.272 7.298 0.009 0.011 0.978 5897.2 4.257 13.033084 0.829178 13.366218 12.53704 61.8 1.39 605.071228 614.396423 115269.13372 18.138 61508.0 27.553 76620.0 28.344 "" "" 0.002760611744544062 0.0028322428 0.003800664 0.006632907 92.3374816216 -15.91141187304 609.656921 -7.272 7.298 -4.664833232879639 5.8887222032547 0.17185824 0.17385823 34.62217391304348 4.1263885 21.709437643964495 40.865567526735894 3.7576828206206545 4.025755492616403
91.3999544513 -14.43377868931 0.0104 0.0113 68.3371 "" "" 2994190378295142784 577.90802 1.694 0.0136 6.574 0.646 0.012 0.013 0.965 5839.7 4.2442 13.041608 0.90425 13.412245 12.507995 45.55 1.44 574.367676 581.849426 114367.75056 23.092 58955.0 37.172 78697.0 28.907 "" "" 0.002764027364117172 0.0028729232 0.0038003656 0.0066732885 91.3999544513 -14.43377868931 577.90802 6.574000000000001 0.646 9.181166767120361 -0.7632777967453003 0.17485823 0.17585823 18.37217391304348 4.1763887 25.236584649391972 31.215732877141328 4.412998173277888 4.332500436568808
91.9562274403 -14.9497699587 0.0097 0.0108 25.4732 "" "" 2993914366516886912 569.056335 1.7216 0.0127 3.602 -3.488 0.011 0.012 1.036 5724.7 4.2187 13.04567 0.859324 13.394585 12.535261 -8.62 1.62 564.583191 573.800598 113940.61588 25.205 59922.0 32.039 76746.0 34.178 "" "" 0.002765768368689937 0.0028499214 0.0038101862 0.0066601075 91.9562274403 -14.9497699587 569.056335 3.602 -3.4879999999999995 6.209166767120362 -4.8972777967453 0.17385823 0.17485823 -35.79782608695652 4.3563886 21.330567491825782 41.67106264634152 3.716689493175885 4.198208787613012
91.96929628726 -15.49910822354 0.0077 0.0098 35.089 "" "" 2993047195441523456 764.715515 1.2752 0.0132 0.439 -0.925 0.011 0.012 1.082 6267.5 4.0345 13.045765 0.991086 13.438828 12.447742 31.68 3.83 755.829529 772.571289 113930.66312 22.337 57529.0 37.943 83188.0 56.739 "" "" 0.0027635306768489572 0.0028805966 0.0038512489 0.0067318454 91.96929628726 -15.49910822354 764.715515 0.4390000000000003 -0.925 3.0461667671203614 -2.3342777967453 0.17385823 0.17485823 4.502173913043482 6.5663886 13.910729539701679 14.6211479121859 2.4236505629327043 3.0668142778399736
91.7488423619 -15.18166907314 0.0089 0.0107 37.1077 "" "" 2993810153429767808 767.903687 1.2716 0.0122 4.046 4.223 0.011 0.013 1.08 "" "" 13.051231 1.541021 13.770843 12.229821 60.87 1.14 762.38855 773.808228 113358.57278 16.645 42372.0 26.664 101680.0 30.143 "" "" 0.0027599285173349453 0.0028726049 0.0037930626 0.0066656675 91.7488423619 -15.18166907314 767.903687 4.046 4.223 6.653166767120362 2.8137222032546996 0.17385823 0.17585823 33.692173913043476 3.8763885 26.293236187836612 42.73753446580802 4.579312709472791 4.156453045223171
92.43084076756 -15.37039777685 0.019 0.0244 18.4185 "" "" 2993134881494086656 614.495911 1.5969 0.0323 -0.818 -3.924 0.025 0.028 2.785 5553.6 4.2423 13.055094 0.839319 13.389126 12.549807 12.14 2.05 601.352539 629.106689 112956.00857 44.063 60224.0 46.739 75724.0 46.293 "" "" 0.002787682026286114 0.0029146294 0.0038372248 0.006751854 92.43084076756 -15.37039777685 614.495911 -0.8180000000000001 -3.924 1.7891667671203613 -5.3332777967453 0.18785824 0.19085823 -15.037826086956517 4.7863884 16.385122084468126 22.239794044560643 3.1222981746593557 3.9706273915575703
92.50545354631 -15.7338976332 0.0073 0.0097 40.6464 "" "" 2992972909687488896 644.283508 1.5146 0.014 -4.881 -1.445 0.01 0.012 1.002 5989.8 4.1954 13.057229 0.7399 13.346618 12.606718 7.26 1.8 638.076172 651.053101 112734.02446 20.996 62628.0 28.143 71857.0 27.331 "" "" 0.0027627303332286267 0.0028325059 0.0038018767 0.0066343825 92.50545354631 -15.7338976332 644.283508 -4.881 -1.4450000000000007 -2.273833232879639 -2.8542777967453006 0.17285824 0.17485823 -19.917826086956516 4.5363884 11.144539614121 22.82368417326523 1.9400913188824174 4.070592882369732
92.43245725411 -15.11475232456 0.0079 0.0096 4.2155 "" "" 2993154913221462528 593.387634 1.6501 0.0121 -0.323 -2.276 0.01 0.011 0.984 6070.0 4.3337 13.071931 0.787133 13.382982 12.595849 48.31 2.15 589.699524 597.815308 111217.78232 18.408 60565.0 29.249 72580.0 26.182 "" "" 0.002761174166606108 0.0028390107 0.0037996217 0.006638632 92.43245725411 -15.11475232456 593.387634 -0.3230000000000003 -2.276 2.2841667671203614 -3.6852777967453 0.17285824 0.17385823 21.132173913043484 4.886389 12.194966995955568 24.39848344310689 2.1168177968097037 4.362479056619391
93.43433414823 -15.45227216699 0.0075 0.0087 65.3287 "" "" 2992908141580266368 564.891663 1.7336 0.0115 3.671 15.388 0.01 0.011 0.944 5653.8 4.2701 13.072452 0.82486 13.401339 12.576479 36.99 1.86 561.31604 568.692627 111164.45988 17.453 59550.0 26.649 73887.0 21.376 "" "" 0.002760588127319703 0.0028321585 0.0037924126 0.006624571 93.43433414823 -15.45227216699 564.891663 3.671 15.388000000000009 6.278166767120361 13.9787222032547 0.17285824 0.17385823 9.812173913043484 4.596389 41.030905102511404 42.18784102595329 7.1266897490094205 7.013208675890645
91.86836457441 -14.97051518319 0.0146 0.0162 30.1314 "" "" 2993831868784368512 718.876221 1.3556 0.0204 4.221 -10.033 0.018 0.018 1.503 5956.3 4.0376 13.076891 1.032293 13.506142 12.473848 -2.79 1.68 709.578003 729.652161 110710.93969 26.312 54070.0 33.075 81212.0 35.846 "" "" 0.002767376777613975 0.002868126 0.0038096441 0.00667777 91.86836457441 -14.97051518319 718.876221 4.221 -10.033 6.828166767120361 -11.4422777967453 0.18085822 0.18085822 -29.967826086956517 4.4163885 45.40380896478408 54.40198956737409 8.211652280826684 7.272418494658142
93.193343711 -15.01408699893 0.0074 0.0089 47.3244 "" "" 2993126600797210624 581.244141 1.6773 0.0137 -2.579 2.019 0.01 0.011 1.075 "" "" 13.077856 0.7966 13.393901 12.597301 36.12 1.37 577.136353 586.885437 110612.55864 18.92 59959.0 28.138 72483.0 21.782 "" "" 0.0027615717468591192 0.002836311 0.0037934396 0.0066297506 93.193343711 -15.01408699893 581.244141 -2.579000000000002 2.0189999999999997 0.028166767120361147 0.6097222032546998 0.17285824 0.17385823 8.94217391304348 4.1063886 1.681635454712764 9.0989214796954 0.2923625850611652 4.036009325116214
91.7207146905 -14.87950739977 0.011 0.0121 39.7626 "" "" 2993837155886860928 719.762268 1.3496 0.0149 -7.007 -4.349 0.013 0.014 1.179 5743.2 4.1024 13.095117 0.962065 13.489294 12.527229 34.98 2.33 711.916748 727.664062 108867.91833 21.387 54916.0 34.381 77315.0 30.462 "" "" 0.002763563426483435 0.002871776 0.0038035144 0.0066752904 91.7207146905 -14.87950739977 719.762268 -7.007000000000001 -4.349 -4.399833232879638 -5.7582777967453005 0.17585823 0.17685823 7.802173913043479 5.0663886 24.723756632416066 25.925625542854572 4.363502495867402 4.431754572089203
92.39022728888 -14.78091807134 0.0093 0.0112 17.2147 "" "" 2993920512614039808 655.238647 1.4861 0.0123 0.391 2.248 0.012 0.013 1.0 6318.1 4.2642 13.098806 0.80397 13.417194 12.613224 38.66 2.21 650.25293 659.579224 108498.59306 23.462 58687.0 26.747 71428.0 31.519 "" "" 0.0027653050642645885 0.0028337091 0.003809628 0.006643337 92.39022728888 -14.78091807134 655.238647 0.3909999999999997 2.2479999999999998 2.9981667671203613 0.8387222032546999 0.17485823 0.17585823 11.482173913043479 4.9463887 9.669295450745219 15.011182241355222 1.6914594979523598 3.9372841453654197
93.30285905198 -14.8007603461 0.0078 0.0092 55.9284 "" "" 2993508955966320128 670.019104 1.4553 0.0153 -0.36 7.527 0.011 0.011 1.073 5227.0 4.1016 13.104918 1.070668 13.559587 12.488919 110.35 1.25 665.06488 677.461426 107889.59636 12.968 51473.0 23.641 80092.0 33.497 "" "" 0.0027584090021226196 0.0028343813 0.0038065633 0.0066409446 93.30285905198 -14.8007603461 670.019104 -0.36 7.527 2.2471667671203615 6.1177222032547 0.17385823 0.17385823 83.17217391304348 3.9863887 20.698495652012124 85.70903240427998 3.5986037213826845 3.9648143367199578
92.87947113819 -14.93944008194 0.0075 0.0094 30.0344 "" "" 2993173192602052224 684.098145 1.4243 0.0125 7.547 -0.562 0.01 0.011 0.984 5979.7 4.1349 13.108501 0.91721 13.479139 12.56193 77.9 1.72 677.627502 689.847778 107534.07902 15.104 55432.0 27.504 74884.0 21.192 "" "" 0.0027595372231895817 0.0028417006 0.0037918512 0.006633552 92.87947113819 -14.93944008194 684.098145 7.547 -0.562 10.154166767120362 -1.9712777967453003 0.17285824 0.17385823 50.72217391304349 4.4563885 33.540884867504715 60.80896220262468 5.799039834689554 4.9039368291932055
91.78849920203 -15.76351345596 0.007 0.0092 53.9264 "" "" 2993002184184399616 734.666992 1.3244 0.012 4.647 -1.761 0.009 0.011 0.972 "" "" 13.111891 1.372307 13.732503 12.360196 36.23 0.84 729.94635 740.63623 107198.88196 11.449 43895.0 22.685 90174.0 29.699 "" "" 0.002757759184109039 0.002846031 0.003796261 0.0066422923 91.78849920203 -15.76351345596 734.666992 4.647 -1.761 7.254166767120362 -3.1702777967453004 0.17185824 0.17385823 9.052173913043479 3.5763886 27.56837572589083 29.01649862950166 4.74673751055281 4.645804212335335
92.19581537871 -15.27613890164 0.0083 0.01 16.3851 "" "" 2993057984399237760 604.928101 1.6135 0.0135 -0.58 -9.61 0.011 0.011 1.062 6136.2 4.2474 13.112916 0.721508 13.392034 12.670526 3.37 2.14 599.855896 610.156494 107097.73693 23.091 60063.0 37.767 67756.0 37.438 "" "" 0.002765246555967407 0.0028724775 0.0038266988 0.0066991765 92.19581537871 -15.27613890164 604.928101 -0.5800000000000003 -9.61 2.0271667671203613 -11.0192777967453 0.17385823 0.17385823 -23.807826086956517 4.8763885 32.12643914288617 39.986506161308164 5.58544569605598 5.344860268128196
91.8116337684 -14.94484056075 0.01 0.011 33.668 "" "" 2993832933936262272 649.107971 1.5018 0.0138 2.048 1.779 0.011 0.012 0.973 5586.0 4.1919 13.121013 0.952549 13.515562 12.563013 2.07 1.39 642.956177 654.457947 106302.05931 18.376 53603.0 33.738 74809.0 23.057 "" "" 0.0027617052188021853 0.0028726365 0.0037941677 0.006666804 91.8116337684 -14.94484056075 649.107971 2.048 1.779 4.655166767120361 0.3697222032546996 0.17385823 0.17485823 -25.107826086956518 4.1263885 14.367987965838191 28.92822167018438 2.498083209938951 3.79026907631659
93.1783284131 -15.03087605334 0.0069 0.0085 46.3958 "" "" 2993126188480359680 628.440063 1.5495 0.0124 6.298 3.359 0.009 0.01 1.052 5730.9 4.2539 13.12108 0.810871 13.443982 12.633111 38.72 1.4 623.251831 632.821289 106295.45301 17.63 57256.0 22.831 70132.0 21.467 "" "" 0.002761198594011832 0.002823559 0.0037939656 0.0066175247 93.1783284131 -15.03087605334 628.440063 6.297999999999993 3.359 8.905166767120361 1.9497222032546997 0.17185824 0.17285824 11.54217391304348 4.136389 27.15511411844891 29.50630443523765 4.668075628288262 4.590709575150709
92.23576719418 -13.95577497198 0.0098 0.0103 67.2231 "" "" 2994419935707907968 726.237366 1.3382 0.0137 3.288 -0.217 0.011 0.011 1.059 6274.6 4.19 13.124269 0.825384 13.451569 12.626184 20.16 2.73 718.679932 732.308533 105983.79102 17.722 56858.0 30.989 70580.0 39.127 "" "" 0.0027612949881283154 0.0028522306 0.0038270096 0.00667924 92.23576719418 -13.95577497198 726.237366 3.288 -0.21699999999999983 5.895166767120362 -1.6262777967453004 0.17385823 0.17385823 -7.017826086956518 5.4663887 21.05134210731131 22.19028813480856 3.659948979920491 3.878678326397651
93.34737680403 -15.74269175893 0.0074 0.0092 69.1485 "" "" 2992863920597132544 536.789612 1.8219 0.0119 4.392 -0.236 0.009 0.011 0.995 5823.7 4.2995 13.131021 0.812484 13.453897 12.641414 -6.08 1.84 532.120056 540.04364 105326.75409 24.572 56736.0 43.578 69597.0 34.025 "" "" 0.0027669383100721754 0.0029121295 0.0038164745 0.006728604 93.34737680403 -15.74269175893 536.789612 4.391999999999997 -0.23600000000000004 6.999166767120362 -1.6452777967453003 0.17185824 0.17385823 -33.25782608695652 4.576389 18.293965980354486 37.95724156627577 3.1458951412135945 4.286878334112061
91.96217660114 -14.92317430933 0.0094 0.011 25.6381 "" "" 2993914572675310336 631.144348 1.5472 0.0128 -8.477 23.203 0.011 0.012 0.958 5782.6 4.2335 13.132997 0.873675 13.486857 12.613182 72.03 2.19 626.590637 636.255554 105135.17535 18.786 55039.0 29.804 71431.0 28.112 "" "" 0.0027621417298087335 0.0028514408 0.0038034602 0.006654901 91.96217660114 -14.92317430933 631.144348 -8.477 23.203000000000007 -5.869833232879639 21.7937222032547 0.17385823 0.17485823 44.85217391304349 4.9263887 67.52204328837793 81.06135845495979 11.80223008453905 10.201854700450212
93.54440960344 -14.85310200479 0.0068 0.008 68.7975 "" "" 2993493906400862592 773.899475 1.2513 0.0129 2.439 3.864 0.009 0.01 1.009 6292.1 4.0856 13.138713 0.760894 13.43499 12.674096 34.6 2.3 766.15155 784.15387 104583.11709 18.677 57733.0 21.698 67534.0 22.353 "" "" 0.002762134180701478 0.0028198506 0.003796429 0.0066162795 93.54440960344 -14.85310200479 773.899475 2.439000000000002 3.8640000000000003 5.046166767120361 2.4547222032546996 0.17185824 0.17285824 7.422173913043483 5.0363884 20.58474546600246 21.881965439502277 3.541606304052267 3.7440864316300684
93.296141176 -14.53255827702 0.0082 0.009 62.1623 "" "" 2993567161362622464 713.641052 1.362 0.0124 -3.625 5.485 0.01 0.011 1.009 6260.1 4.2103 13.151439 0.797694 13.466014 12.66832 -9.06 2.66 706.915833 722.007812 103364.46806 18.957 56106.0 32.355 67894.0 37.894 "" "" 0.002762506035122475 0.002859558 0.0038276557 0.0066872137 93.296141176 -14.53255827702 713.641052 -3.6249999999999996 5.485000000000004 -1.0178332328796387 4.0757222032547 0.17285824 0.17385823 -36.23782608695652 5.396389 14.21018434982909 38.92440595262353 2.469725503179793 5.104192415034099
