Clusters/UPK_445/UPK_445_members.tsv
# %ECSV 1.0
# ---
# datatype:
# - name: RA_ICRS_1
#   unit: deg
#   datatype: float64
#   format: '{:15.11f}'
#   description: Right ascension (ICRS) at Ep=2016.0 (ra)
#   meta: !!omap
#   - {ucd: POS_EQ_RA_MAIN}
#   - {width: 15}
#   - {precision: '11'}
# - name: DE_ICRS_1
#   unit: deg
#   datatype: float64
#   format: '{:15.11f}'
#   description: Declination (ICRS) at Ep=2016.0 (dec)
#   meta: !!omap
#   - {ucd: POS_EQ_DEC_MAIN}
#   - {width: 15}
#   - {precision: '11'}
# - name: e_RA_ICRS
#   unit: mas
#   datatype: float64
#   format: '{:7.4f}'
#   description: Standard error of right ascension (ra_error)
#   meta: !!omap
#   - {ucd: ERROR}
#   - {width: 7}
#   - {precision: '4'}
# - name: e_DE_ICRS
#   unit: mas
#   datatype: float64
#   format: '{:7.4f}'
#   description: Standard error of declination (dec_error)
#   meta: !!omap
#   - {ucd: ERROR}
#   - {width: 7}
#   - {precision: '4'}
# - name: _r_1
#   unit: ''
#   datatype: float64
#   format: '{:7.4f}'
#   description: Distance from center (092.37850574000-15.06760563000)[ICRS], at Epoch=J2016.0
#   meta: !!omap
#   - {ucd: POS_ANG_DIST_GENERAL}
#   - {width: 7}
#   - {precision: '4'}
# - name: HIP
#   datatype: int32
#   description: '? HIP cross-id number, van Leeuwen, Cat. I/311 (hip_original_ext_source_id)'
#   meta: !!omap
#   - {ucd: ID_NUMBER}
#   - {width: 6}
#   - values: {'null': -2147483648}
# - name: TYC2
#   datatype: string
#   description: Tycho-2 cross-id name, Hog et al., Cat. I/259 (tyc2_original_ext_source_id)
#   meta: !!omap
#   - {ucd: ID_CROSSID}
#   - {_votable_string_dtype: char}
# - name: Source
#   datatype: int64
#   description: Source identifier, identical to the Gaia-EDR3 source_id (id)
#   meta: !!omap
#   - {ucd: ID_MAIN}
#   - {width: 19}
# - name: rgeo
#   unit: pc
#   datatype: float64
#   format: '{:15.8f}'
#   description: '? Median of the geometric distance posterior (r_med_geo)'
#   meta: !!omap
#   - {ucd: PHYS_DISTANCE_TRUE}
#   - {width: 15}
#   - {precision: '8'}
#   - values: {'null': .nan}
# - name: Plx
#   unit: mas
#   datatype: float64
#   format: '{:9.4f}'
#   description: '? Parallax (parallax)'
#   meta: !!omap
#   - {ucd: POS_PARLX_TRIG}
#   - {width: 9}
#   - {precision: '4'}
#   - values: {'null': .nan}
# - name: e_Plx
#   unit: mas
#   datatype: float32
#   format: '{:7.4f}'
#   description: '? Standard error of parallax (parallax_error)'
#   meta: !!omap
#   - {ucd: ERROR}
#   - {width: 7}
#   - {precision: '4'}
#   - values: {'null': .nan}
# - name: pmRA
#   unit: mas / yr
#   datatype: float64
#   format: '{:9.3f}'
#   description: '? Proper motion in right ascension direction, pmRA*cosDE (pmra)'
#   meta: !!omap
#   - {ucd: POS_EQ_PMRA}
#   - {width: 9}
#   - {precision: '3'}
#   - values: {'null': .nan}
# - name: pmDE
#   unit: mas / yr
#   datatype: float64
#   format: '{:9.3f}'
#   description: '? Proper motion in declination direction (pmdec)'
#   meta: !!omap
#   - {ucd: POS_EQ_PMDEC}
#   - {width: 9}
#   - {precision: '3'}
#   - values: {'null': .nan}
# - name: e_pmRA
#   unit: mas / yr
#   datatype: float32
#   format: '{:6.3f}'
#   description: '? Standard error of proper motion in right ascension direction (pmra_error)'
#   meta: !!omap
#   - {ucd: ERROR}
#   - {width: 6}
#   - {precision: '3'}
#   - values: {'null': .nan}
# - name: e_pmDE
[...]
#         unit: &id001 !astropy.units.Unit {unit: deg}
#         value: !astropy.table.SerializedColumn {name: SkyCoord.dec}
#       distance: !astropy.table.SerializedColumn
#         __class__: astropy.coordinates.distances.Distance
#         unit: !astropy.units.Unit {unit: pc}
#         value: !astropy.table.SerializedColumn {name: SkyCoord.distance}
#       frame: icrs
#       obstime: !astropy.time.Time {format: jyear_str, in_subfmt: '*', jd1: 367701545.0, jd2: 0.0, out_subfmt: '*', precision: 3, scale: tt}
#       pm_dec: !astropy.table.SerializedColumn
#         __class__: astropy.units.quantity.Quantity
#         unit: !astropy.units.Unit {unit: mas / yr}
#         value: !astropy.table.SerializedColumn {name: SkyCoord.pm_dec}
#       pm_ra_cosdec: !astropy.table.SerializedColumn
#         __class__: astropy.units.quantity.Quantity
#         unit: !astropy.units.Unit {unit: mas / yr}
#         value: !astropy.table.SerializedColumn {name: SkyCoord.pm_ra_cosdec}
#       ra: !astropy.table.SerializedColumn
#         __class__: astropy.coordinates.angles.Longitude
#         unit: *id001
#         value: !astropy.table.SerializedColumn {name: SkyCoord.ra}
#         wrap_angle: !astropy.coordinates.Angle
#           unit: *id001
#           value: 360.0
#       representation_type: spherical
# schema: astropy-2.0
RA_ICRS_1 DE_ICRS_1 e_RA_ICRS e_DE_ICRS _r_1 HIP TYC2 Source rgeo Plx e_Plx pmRA pmDE e_pmRA e_pmDE RUWE Teff logg Gmag BP-RP BPmag RPmag RV e_RV b_rgeo B_rgeo FG e_FG FBP e_FBP FRP e_FRP RAVE5 RAVE6 e_Gmag e_BPmag e_RPmag e_BP-RP SkyCoord.ra SkyCoord.dec SkyCoord.distance SkyCoord.pm_ra_cosdec SkyCoord.pm_dec Pmemb
92.36074608438 -15.02852601873 0.0154 0.0177 2.5606 "" 5933-142-1 2993156459409678208 660.652771 1.4959 0.0236 -2.733 1.471 0.02 0.02 1.271 12708.3 3.9309 9.458564 0.241821 9.524326 9.282505 "" "" 651.445557 671.46759 3101138.85139 6398.6 2116800.0 13256.0 1535200.0 5687.1 "" "" 0.00355110047146643 0.007349421 0.005519132 0.012868553 92.36074608438 -15.02852601873 660.652771 -2.733 1.471 0.8
92.3685622206 -15.04510123281 0.0127 0.0147 1.468 "" 5933-99-1 2993156390690206720 654.471191 1.5029 0.0194 -2.612 1.282 0.016 0.017 0.994 "" "" 9.700382 0.25572 9.778424 9.522704 28.16 3.55 646.444824 663.153748 2481954.57453 552.29 1675100.0 577.25 1230500.0 246.47 "" "" 0.002765892288088225 0.0028151444 0.0037856335 0.0066007776 92.3685622206 -15.04510123281 654.471191 -2.612000000000001 1.2819999999999996 1.0
92.36942630989 -15.03044171161 0.0169 0.0184 2.2911 "" 5933-223-1 2993156489469775616 637.12085 1.5302 0.0246 -2.513 1.389 0.022 0.022 1.403 9587.2 4.3017 11.631749 0.430238 11.78383 11.353592 "" "" 628.243774 645.533813 419031.84332 139.23 264170.0 118.81 227890.0 61.729 "" "" 0.0027788364842589825 0.002832577 0.0037908072 0.0066233845 92.36942630989 -15.03044171161 637.12085 -2.513000000000001 1.3890000000000005 1.0
92.38240009172 -14.10756358721 0.0189 0.018 57.603 "" 5374-1376-1 2994027233961198464 684.986816 1.4153 0.0248 -2.405 1.608 0.021 0.021 1.449 "" "" 11.897418 0.485588 12.061462 11.575874 24.99 4.82 674.469849 695.238953 328079.9591 113.9 204570.0 189.68 185700.0 490.0 "" "" 0.0027809837508174892 0.0029662284 0.0047425036 0.007708732 92.38240009172 -14.10756358721 684.986816 -2.4050000000000007 1.608 0.8
92.55120434878 -15.61642748061 0.0067 0.0089 34.4121 "" 5933-1015-1 2992987237698347776 649.893311 1.5087 0.0125 -2.522 1.296 0.009 0.012 0.963 6547.3 4.126 12.407114 0.626225 12.646483 12.020258 25.89 25.38 644.062134 656.405884 205163.94285 38.16 119350.0 46.771 123330.0 43.119 "" "" 0.0027627107897083263 0.0028224248 0.0037983973 0.006620822 92.55120434878 -15.61642748061 649.893311 -2.5220000000000002 1.296 0.9
92.43583348226 -14.37015382032 0.0102 0.0112 41.9791 "" 5374-903-1 2993972090877140992 664.10498 1.4831 0.0149 -2.588 1.523 0.012 0.013 1.107 7447.3 4.2848 12.410543 0.632007 12.651398 12.019391 26.38 9.63 658.205444 670.538452 204517.03229 50.363 118810.0 66.897 123420.0 49.612 "" "" 0.0027682619188880197 0.0028563573 0.0038044984 0.0066608554 92.43583348226 -14.37015382032 664.10498 -2.588 1.523 0.8
92.39998067668 -15.04447340706 0.0096 0.011 1.864 "" "" 2993156218891501568 662.474426 1.4828 0.0136 -2.781 1.481 0.012 0.013 0.885 5727.6 3.8585 12.953454 1.046212 13.391153 12.344941 -8.78 3.1 655.75592 668.714233 124040.9792 38.807 60111.0 65.848 91450.0 54.874 "" "" 0.0027761792963874074 0.003033088 0.0038351226 0.0068682106 92.39998067668 -15.04447340706 662.474426 -2.781000000000001 1.481 0.9
92.39913707831 -15.02317219196 0.0106 0.0118 2.9218 "" "" 2993162300565184640 673.126953 1.4531 0.0146 -2.709 1.551 0.013 0.014 0.93 "" "" 12.974938 0.909808 13.343485 12.433677 38.94 5.24 668.18689 679.654602 121610.6007 25.371 62809.0 26.414 84273.0 47.945 "" "" 0.002764615147666952 0.0028272837 0.0038295276 0.0066568116 92.39913707831 -15.02317219196 673.126953 -2.709 1.551 0.9
92.39976757751 -15.04766079264 0.0096 0.0107 1.7175 "" "" 2993156218891503104 653.663818 1.4915 0.0127 -2.656 1.309 0.012 0.013 0.978 6249.9 4.1907 13.183879 0.943696 13.565577 12.621882 22.8 3.81 648.66095 658.669495 100321.79737 28.959 51190.0 57.344 70861.0 50.643 "" "" 0.0027730876476065288 0.003043738 0.0038582163 0.0069019543 92.39976757751 -15.04766079264 653.663818 -2.656 1.3089999999999997 0.8
92.21849876365 -15.07221099762 0.0099 0.0123 9.2744 "" "" 2993158314835612672 663.72876 1.4652 0.0145 -2.652 1.312 0.012 0.013 0.948 "" "" 13.400107 0.965071 13.795958 12.830888 21.3 6.06 657.893433 670.211243 82206.02394 62.561 41403.0 108.53 58452.0 125.05 "" "" 0.002876546366843971 0.0039856043 0.0044361074 0.008421712 92.21849876365 -15.07221099762 663.72876 -2.6519999999999992 1.312 0.8
92.45099716369 -15.02219933511 0.0103 0.012 5.0066 "" "" 2993162193186343808 661.793701 1.4713 0.0147 -2.411 1.46 0.013 0.014 0.974 5851.2 4.0484 13.693902 1.191421 14.205017 13.013596 25.61 5.14 655.354553 667.828613 62717.07211 48.195 28406.0 81.417 49399.0 106.62 "" "" 0.002878872074632693 0.004179609 0.0044469326 0.008626541 92.45099716369 -15.02219933511 661.793701 -2.411 1.4599999999999995 0.9
92.49757913611 -14.99966963674 0.0106 0.0123 8.0139 "" "" 2993161956967757056 670.564392 1.4549 0.0153 -2.688 1.223 0.014 0.016 1.009 5588.8 4.0647 13.797674 1.238059 14.336326 13.098267 21.73 5.41 663.44281 677.889038 57000.29124 72.129 25170.0 109.04 45693.0 156.92 "" "" 0.003078864755566829 0.005468871 0.005309109 0.01077798 92.49757913611 -14.99966963674 670.564392 -2.6879999999999997 1.223 0.9
92.38234229493 -14.10948215252 0.0132 0.0128 57.4878 "" "" 2994027238256944000 662.198608 1.4706 0.0171 -2.468 1.523 0.015 0.015 1.025 5737.2 4.1892 13.854405 1.101062 14.316752 13.215691 16.85 5.91 656.136047 668.06311 54098.40825 89.891 25628.0 147.06 41009.0 177.56 "" "" 0.003293402115859385 0.0068264795 0.006031843 0.012858322 92.38234229493 -14.10948215252 662.198608 -2.467999999999999 1.523 0.8
92.18917029381 -14.93888619677 0.0179 0.0212 13.4183 "" "" 2993912064414372480 660.577087 1.4749 0.0257 -2.814 1.351 0.022 0.023 1.179 4838.1 4.2159 14.744007 1.548235 15.456285 13.90805 41.63 8.82 648.259949 671.193176 23842.0565 32.04 8972.3 45.404 21674.0 72.36 "" "" 0.003117794900425797 0.0061621987 0.0052366867 0.011398885 92.18917029381 -14.93888619677 660.577087 -2.813999999999999 1.3510000000000004 0.9
91.66117253964 -15.73876817019 0.015 0.019 57.822 "" "" 2993014072653906432 684.867065 1.4183 0.0255 -2.821 1.363 0.019 0.024 1.069 "" "" 15.126244 1.852016 16.03482 14.182805 "" "" 672.795288 696.880798 16766.76832 284.04 5266.1 337.45 16828.0 773.99 "" "" 0.018598311604541142 0.06962955 0.050080355 0.11970991 91.66117253964 -15.73876817019 684.867065 -2.821 1.363 0.9
92.81764068502 -14.63528502425 0.0308 0.032 36.3518 "" "" 2993199752679713408 727.694885 1.3349 0.0455 -2.459 1.431 0.038 0.037 1.562 5308.8 3.8819 15.199124 1.745078 16.03177 14.286693 "" "" 702.738892 755.053833 15678.23213 21.157 5280.9 26.819 15293.0 64.408 "" "" 0.0031206483079992274 0.0061796564 0.0059323846 0.012112041 92.81764068502 -14.63528502425 727.694885 -2.458999999999999 1.4310000000000005 0.9
92.45464035562 -14.94282665377 0.0194 0.0216 8.6902 "" "" 2993166045776615424 650.024902 1.498 0.0279 -2.383 1.731 0.025 0.028 1.012 4622.3 4.2454 15.279908 1.685326 16.082535 14.397209 "" "" 639.00946 662.589844 14554.03514 23.625 5039.7 30.36 13813.0 86.338 "" "" 0.0032707737037858254 0.0071109245 0.007767799 0.014878724 92.45464035562 -14.94282665377 650.024902 -2.3830000000000005 1.731 0.9
92.39916005968 -15.08633783209 0.0182 0.0211 1.6417 "" "" 2993155256818846080 663.357666 1.4716 0.0276 -2.754 1.422 0.023 0.025 1.025 4667.4 4.1761 15.352509 1.667279 16.132658 14.465379 "" "" 649.689087 673.689026 13612.6763 20.953 4812.3 30.455 12972.0 87.322 "" "" 0.0032225269554008794 0.0074160583 0.008228065 0.015644124 92.39916005968 -15.08633783209 663.357666 -2.754 1.4220000000000006 0.8
92.75669152252 -14.47362566318 0.0315 0.0351 41.8514 "" "" 2993955632562672640 641.666809 1.5242 0.0465 -2.48 1.468 0.038 0.04 1.406 3932.2 4.0948 15.544978 1.931226 16.499891 14.568665 "" "" 622.801147 659.96759 11401.33198 19.53 3431.3 21.256 11795.0 58.341 "" "" 0.003324262421160083 0.007281628 0.006566892 0.01384852 92.75669152252 -14.47362566318 641.666809 -2.48 1.4680000000000004 0.8
92.61262800203 -15.07065903723 0.0211 0.0248 13.5655 "" "" 2993150205937224832 636.137451 1.5336 0.0327 -2.541 1.577 0.028 0.029 1.194 "" "" 15.559309 1.666181 16.341314 14.675134 "" "" 623.630127 649.270752 11251.82798 15.533 3970.9 24.297 10693.0 42.59 "" "" 0.003136610305747046 0.007205507 0.005743233 0.01294874 92.61262800203 -15.07065903723 636.137451 -2.541 1.577 1.0
91.87638405505 -15.92031701415 0.0183 0.0225 58.8259 "" "" 2992949201467866624 672.605103 1.4471 0.0288 -2.779 1.286 0.025 0.026 1.054 4144.1 4.1138 15.622271 1.856329 16.52947 14.673141 "" "" 658.761047 685.877319 10617.9012 6.7574 3339.1 13.123 10713.0 18.515 "" "" 0.002840641167755766 0.005098312 0.004219572 0.009317884 91.87638405505 -15.92031701415 672.605103 -2.779 1.2859999999999996 0.9
92.65109967127 -14.73270641409 0.0318 0.034 25.5653 "" "" 2993194358200880256 659.318909 1.4811 0.0438 -2.562 1.381 0.041 0.04 1.029 4160.7 4.2364 16.104439 1.802575 16.975554 15.172978 "" "" 642.689148 680.016907 6810.37806 11.222 2214.1 18.315 6760.3 36.695 "" "" 0.0032851944101630255 0.009404618 0.007001127 0.016405746 92.65109967127 -14.73270641409 659.318909 -2.562 1.381 0.9
92.86748452002 -14.27205985972 0.0307 0.0355 55.5334 "" "" 2994337987732481920 654.884338 1.4912 0.0441 -2.399 1.378 0.038 0.039 0.991 3704.3 4.0766 16.179834 2.328006 17.403711 15.075706 "" "" 634.466553 675.116882 6353.5009 5.248 1492.6 9.8984 7393.9 17.749 "" "" 0.0028975980868495635 0.0077219326 0.004590919 0.012312852 92.86748452002 -14.27205985972 654.884338 -2.399 1.378 0.8
92.27309792234 -15.11061829442 0.0316 0.0371 6.6294 "" "" 2993154260386482304 673.660522 1.4703 0.0495 -2.644 1.39 0.041 0.042 1.012 3844.2 4.1423 16.37274 2.014767 17.390823 15.376057 "" "" 650.898499 697.414062 5319.25165 5.526 1510.4 9.1955 5607.1 16.061 "" "" 0.0029772520933776447 0.0071748453 0.004894461 0.012069306 92.27309792234 -15.11061829442 673.660522 -2.644 1.3899999999999997 0.9
92.28700501287 -15.026798865 0.0356 0.0414 5.8398 "" "" 2993159242548509184 635.668823 1.5475 0.0532 -2.537 1.327 0.048 0.048 0.985 3640.6 4.0373 16.448051 2.014257 17.470556 15.456299 "" "" 617.395386 658.064026 4962.79167 9.7186 1403.4 10.16 5207.6 33.975 "" "" 0.0034802976310781626 0.008340781 0.008028654 0.016369436 92.28700501287 -15.026798865 635.668823 -2.537000000000001 1.3269999999999997 1.0
93.12101700201 -14.76860506905 0.0297 0.0333 46.6376 "" "" 2993181679457283456 658.917664 1.4885 0.0485 -2.517 1.388 0.039 0.039 0.999 3733.2 4.1575 16.488377 2.302974 17.701569 15.398595 "" "" 642.013123 675.53772 4781.84987 3.0258 1134.5 6.6875 5491.9 11.386 "" "" 0.002839680286293647 0.0069818143 0.004398939 0.0113807535 93.12101700201 -14.76860506905 658.917664 -2.517 1.388 0.8
91.73604681307 -15.72558823926 0.0298 0.0371 54.2194 "" "" 2993014278812307456 665.569824 1.4699 0.0532 -2.773 1.254 0.04 0.046 0.982 3737.4 4.0184 16.525183 2.304828 17.728455 15.423627 "" "" 636.190491 689.662354 4622.46866 8.2921 1106.7 13.921 5366.7 23.562 "" "" 0.00337419600639703 0.013939399 0.006083284 0.020022683 91.73604681307 -15.72558823926 665.569824 -2.7730000000000006 1.2540000000000002 1.0
92.88209297655 -14.87040634928 0.0297 0.0345 31.4967 "" "" 2993177006532982400 665.239563 1.4808 0.0496 -2.126 1.764 0.039 0.04 1.002 6094.9 4.4572 16.543852 2.232761 17.710932 15.47817 "" "" 638.542969 695.198059 4543.6647 8.9627 1124.7 12.403 5103.8 26.567 "" "" 0.003489789617813051 0.0122941155 0.0067988653 0.01909298 92.88209297655 -14.87040634928 665.239563 -2.125999999999999 1.7640000000000002 0.8
92.23550241586 -15.6481981269 0.0308 0.0376 35.8046 "" "" 2992984007882639744 606.260559 1.6094 0.0525 -2.718 1.398 0.042 0.045 1.046 "" "" 16.606716 2.808161 18.181736 15.373575 "" "" 589.493103 625.518616 4288.0526 4.0642 728.99 11.126 5619.9 13.589 "" "" 0.002941215194080225 0.016803997 0.004601746 0.021405742 92.23550241586 -15.6481981269 606.260559 -2.718 1.398 1.0
92.57624479312 -15.07184547148 0.0358 0.0424 11.4592 "" "" 2993148762828225408 712.645752 1.3758 0.0559 -2.717 1.081 0.048 0.05 1.017 3823.3 4.2799 16.69372 2.300158 17.905254 15.605097 "" "" 684.688477 744.03064 3957.84352 5.0911 940.41 15.003 4540.7 20.896 "" "" 0.0030890659694336373 0.017544769 0.00626487 0.023809638 92.57624479312 -15.07184547148 712.645752 -2.716999999999999 1.081 1.0
92.4688688646 -14.89233292135 0.0526 0.0599 11.7484 "" "" 2993167935562201216 691.079529 1.4164 0.0776 -2.606 1.402 0.068 0.075 1.291 3707.2 4.034 16.709415 2.344282 17.918358 15.574076 "" "" 659.469177 726.282776 3901.0389 5.1682 929.12 9.6891 4672.3 17.292 "" "" 0.0031081857529723085 0.011661059 0.0055163573 0.017177416 92.4688688646 -14.89233292135 691.079529 -2.606 1.402 0.9
91.7318482055 -15.68555635979 0.0336 0.0436 52.6711 "" "" 2993020463563207680 710.318481 1.3969 0.06 -2.851 1.352 0.046 0.057 1.094 "" "" 16.718328 2.327329 17.944551 15.617223 "" "" 683.766785 742.704346 3869.14504 4.9112 906.98 13.134 4490.2 15.47 "" "" 0.0030807613381724505 0.01596823 0.0053175474 0.021285776 91.7318482055 -15.68555635979 710.318481 -2.8509999999999995 1.3519999999999994 0.9
93.01613826174 -14.97985290508 0.032 0.0373 37.3235 "" "" 2993125363846669184 714.340454 1.3777 0.0558 -2.358 1.331 0.045 0.043 0.991 3969.5 4.2865 16.719278 2.260819 17.907217 15.646398 "" "" 687.805359 754.725586 3865.76674 4.8028 938.71 10.518 4371.2 12.637 "" "" 0.0030677922518104195 0.0124812545 0.0049128374 0.017394092 93.01613826174 -14.97985290508 714.340454 -2.358000000000001 1.3309999999999997 0.8
92.12265396724 -15.15946461507 0.0417 0.0457 15.8118 "" "" 2993063649457183360 571.576477 1.6843 0.0686 -2.794 1.36 0.06 0.054 1.052 3465.5 4.0071 16.754625 2.822443 18.35119 15.528748 "" "" 551.22821 592.887268 3741.93933 3.8245 623.65 10.301 4871.5 18.528 "" "" 0.00297038794362697 0.01814916 0.0055978494 0.023747008 92.12265396724 -15.15946461507 571.576477 -2.794 1.36 0.9
92.24632412745 -15.26241951842 0.04 0.0456 13.9722 "" "" 2993058224917388672 651.669922 1.4804 0.0684 -2.783 1.688 0.052 0.056 1.062 3616.3 4.1119 16.766985 2.492588 18.111961 15.619373 "" "" 628.40271 678.62262 3699.58608 8.2448 777.38 10.782 4481.3 24.52 "" "" 0.0036669416874793945 0.015315103 0.007041034 0.022356138 92.24632412745 -15.26241951842 651.669922 -2.783 1.688 0.9
92.44976905382 -15.02234891641 0.0415 0.0451 4.9421 "" "" 2993162197485950848 711.765747 1.3477 0.0616 -2.704 1.183 0.055 0.058 0.998 3592.8 4.0073 16.840883 2.620553 18.242723 15.62217 "" "" 685.07843 750.232239 3456.15856 4.3166 689.17 11.711 4469.8 19.807 "" "" 0.003070933609570734 0.018659597 0.006118132 0.024777729 92.44976905382 -15.02234891641 711.765747 -2.704 1.1829999999999996 0.9
