Clusters/UPK_445/UPK_445_stars_in_region.tsv
# %ECSV 1.0
# ---
# datatype:
# - name: RA_ICRS_1
#   unit: deg
#   datatype: float64
#   format: '{:15.11f}'
#   description: Right ascension (ICRS) at Ep=2016.0 (ra)
#   meta: !!omap
#   - {ucd: POS_EQ_RA_MAIN}
#   - {width: 15}
#   - {precision: '11'}
# - name: DE_ICRS_1
#   unit: deg
#   datatype: float64
#   format: '{:15.11f}'
#   description: Declination (ICRS) at Ep=2016.0 (dec)
#   meta: !!omap
#   - {ucd: POS_EQ_DEC_MAIN}
#   - {width: 15}
#   - {precision: '11'}
# - name: e_RA_ICRS
#   unit: mas
#   datatype: float64
#   format: '{:7.4f}'
#   description: Standard error of right ascension (ra_error)
#   meta: !!omap
#   - {ucd: ERROR}
#   - {width: 7}
#   - {precision: '4'}
# - name: e_DE_ICRS
#   unit: mas
#   datatype: float64
#   format: '{:7.4f}'
#   description: Standard error of declination (dec_error)
#   meta: !!omap
#   - {ucd: ERROR}
#   - {width: 7}
#   - {precision: '4'}
# - name: _r_1
#   unit: ''
#   datatype: float64
#   format: '{:7.4f}'
#   description: Distance from center (092.37850574000-15.06760563000)[ICRS], at Epoch=J2016.0
#   meta: !!omap
#   - {ucd: POS_ANG_DIST_GENERAL}
#   - {width: 7}
#   - {precision: '4'}
# - name: HIP
#   datatype: int32
#   description: '? HIP cross-id number, van Leeuwen, Cat. I/311 (hip_original_ext_source_id)'
#   meta: !!omap
#   - {ucd: ID_NUMBER}
#   - {width: 6}
#   - values: {'null': -2147483648}
# - name: TYC2
#   datatype: string
#   description: Tycho-2 cross-id name, Hog et al., Cat. I/259 (tyc2_original_ext_source_id)
#   meta: !!omap
#   - {ucd: ID_CROSSID}
#   - {_votable_string_dtype: char}
# - name: Source
#   datatype: int64
#   description: Source identifier, identical to the Gaia-EDR3 source_id (id)
#   meta: !!omap
#   - {ucd: ID_MAIN}
#   - {width: 19}
# - name: rgeo
#   unit: pc
#   datatype: float64
#   format: '{:15.8f}'
#   description: '? Median of the geometric distance posterior (r_med_geo)'
#   meta: !!omap
#   - {ucd: PHYS_DISTANCE_TRUE}
#   - {width: 15}
#   - {precision: '8'}
#   - values: {'null': .nan}
# - name: Plx
#   unit: mas
#   datatype: float64
#   format: '{:9.4f}'
#   description: '? Parallax (parallax)'
#   meta: !!omap
#   - {ucd: POS_PARLX_TRIG}
#   - {width: 9}
#   - {precision: '4'}
#   - values: {'null': .nan}
# - name: e_Plx
#   unit: mas
#   datatype: float32
#   format: '{:7.4f}'
#   description: '? Standard error of parallax (parallax_error)'
#   meta: !!omap
#   - {ucd: ERROR}
#   - {width: 7}
#   - {precision: '4'}
#   - values: {'null': .nan}
# - name: pmRA
#   unit: mas / yr
#   datatype: float64
#   format: '{:9.3f}'
#   description: '? Proper motion in right ascension direction, pmRA*cosDE (pmra)'
#   meta: !!omap
#   - {ucd: POS_EQ_PMRA}
#   - {width: 9}
#   - {precision: '3'}
#   - values: {'null': .nan}
# - name: pmDE
#   unit: mas / yr
#   datatype: float64
#   format: '{:9.3f}'
#   description: '? Proper motion in declination direction (pmdec)'
#   meta: !!omap
#   - {ucd: POS_EQ_PMDEC}
#   - {width: 9}
#   - {precision: '3'}
#   - values: {'null': .nan}
# - name: e_pmRA
#   unit: mas / yr
#   datatype: float32
#   format: '{:6.3f}'
#   description: '? Standard error of proper motion in right ascension direction (pmra_error)'
#   meta: !!omap
#   - {ucd: ERROR}
#   - {width: 6}
#   - {precision: '3'}
#   - values: {'null': .nan}
# - name: e_pmDE
[...]
#         value: !astropy.table.SerializedColumn {name: SkyCoord.dec}
#       distance: !astropy.table.SerializedColumn
#         __class__: astropy.coordinates.distances.Distance
#         unit: !astropy.units.Unit {unit: pc}
#         value: !astropy.table.SerializedColumn {name: SkyCoord.distance}
#       frame: icrs
#       obstime: !astropy.time.Time {format: jyear_str, in_subfmt: '*', jd1: 367701545.0, jd2: 0.0, out_subfmt: '*', precision: 3, scale: tt}
#       pm_dec: !astropy.table.SerializedColumn
#         __class__: astropy.units.quantity.Quantity
#         unit: !astropy.units.Unit {unit: mas / yr}
#         value: !astropy.table.SerializedColumn {name: SkyCoord.pm_dec}
#       pm_ra_cosdec: !astropy.table.SerializedColumn
#         __class__: astropy.units.quantity.Quantity
#         unit: !astropy.units.Unit {unit: mas / yr}
#         value: !astropy.table.SerializedColumn {name: SkyCoord.pm_ra_cosdec}
#       ra: !astropy.table.SerializedColumn
#         __class__: astropy.coordinates.angles.Longitude
#         unit: *id001
#         value: !astropy.table.SerializedColumn {name: SkyCoord.ra}
#         wrap_angle: !astropy.coordinates.Angle
#           unit: *id001
#           value: 360.0
#       representation_type: spherical
# schema: astropy-2.0
RA_ICRS_1 DE_ICRS_1 e_RA_ICRS e_DE_ICRS _r_1 HIP TYC2 Source rgeo Plx e_Plx pmRA pmDE e_pmRA e_pmDE RUWE Teff logg Gmag BP-RP BPmag RPmag RV e_RV b_rgeo B_rgeo FG e_FG FBP e_FBP FRP e_FRP RAVE5 RAVE6 e_Gmag e_BPmag e_RPmag e_BP-RP SkyCoord.ra SkyCoord.dec SkyCoord.distance SkyCoord.pm_ra_cosdec SkyCoord.pm_dec rmRA rmDE e_rmRA e_rmDE rRV e_rRV v_pec v_pec3d e_vpec e_vpec3d
[from data line 914]
92.35932767119 -15.87750496169 0.0222 0.027 48.6066 "" "" 2992964251033468416 628.827271 1.5505 0.0355 -2.809 -6.836 0.029 0.032 1.032 4516.0 4.6264 15.885195 1.472918 16.567589 15.094671 "" "" 613.889465 647.687439 8334.2968 2.5908 3223.9 12.461 7265.9 10.809 "" "" 0.0027759149423933877 0.0050394787 0.004110052 0.009149531 92.35932767119 -15.87750496169 628.827271 -2.809 -6.836 -0.20183323287963884 -8.2452777967453 0.19185823 0.19485824 "" "" 24.58357722024299 "" 4.790268717772027 ""
92.86431415943 -15.33608451009 0.0211 0.0263 32.4146 "" "" 2993091210266898176 769.419067 1.2653 0.0354 6.855 -1.109 0.027 0.031 0.966 4902.2 4.6016 15.885614 1.282494 16.449318 15.166824 "" "" 751.313538 786.596619 8331.07687 2.6376 3594.9 8.9956 6798.7 11.016 "" "" 0.002776679254619304 0.0038944047 0.0041687666 0.008063171 92.86431415943 -15.33608451009 769.419067 6.855 -1.109 9.462166767120362 -2.5182777967453003 0.18985823 0.19385824 "" "" 35.71021304363412 "" 6.789418986630809 ""
92.49984941422 -13.92899953518 0.0797 0.0859 68.679 "" "" 2994408734433151744 546.746155 1.8171 0.1153 3.719 -8.252 0.096 0.098 3.193 4929.3 4.682 15.886174 1.382453 16.480865 15.098413 "" "" 513.704285 587.2005 8326.77664 8.0496 3492.0 9.7193 7240.9 11.776 "" "" 0.002948463771906658 0.004113045 0.0041715233 0.008284569 92.49984941422 -13.92899953518 546.746155 3.719 -8.251999999999994 6.326166767120361 -9.661277796745301 0.25885823 0.26085824 "" "" 29.928019013951896 "" 7.789056288760968 ""
92.2311024512 -14.68460567134 0.0247 0.0273 24.5182 "" "" 2993925563493969408 616.283264 1.593 0.0344 -0.431 -12.463 0.03 0.031 0.991 4424.4 4.5355 15.888377 1.451029 16.553347 15.102318 "" "" 604.062805 629.225281 8309.90246 2.7416 3266.5 9.1881 7214.9 14.777 "" "" 0.002778506922121269 0.004136652 0.00438505 0.008521702 92.2311024512 -14.68460567134 616.283264 -0.43100000000000005 -12.463 2.1761667671203613 -13.8722777967453 0.19285823 0.19385824 "" "" 41.01904206249022 "" 7.9508964364353645 ""
92.39106056371 -13.90557447881 0.1107 0.1159 69.7257 "" "" 2994421103938976512 591.699219 1.6662 0.166 -2.356 0.545 0.13 0.128 4.517 5500.6 3.5474 15.889378 1.956397 16.840862 14.884465 "" "" 546.875916 649.92041 8302.24776 13.773 2506.5 16.308 8818.0 27.112 "" "" 0.0032918140023578766 0.007595174 0.005042567 0.012637741 92.39106056371 -13.90557447881 591.699219 -2.3559999999999994 0.5449999999999999 0.25116676712036146 -0.8642777967453003 0.29285824 0.29085824 "" "" 2.524283686930845 "" 0.734603119370984 ""
91.98468392209 -15.9485568464 0.0206 0.0259 57.5525 "" "" 2992948376834122368 583.530212 1.684 0.0331 5.801 -6.194 0.026 0.03 0.991 4559.2 4.5945 15.892683 1.432204 16.548178 15.115973 "" "" 570.081604 594.783203 8277.01343 2.5848 3282.1 9.8553 7124.7 13.937 "" "" 0.002776103677847416 0.004291137 0.004335266 0.008626403 91.98468392209 -15.9485568464 583.530212 5.801 -6.193999999999999 8.408166767120361 -7.6032777967453 0.18885824 0.19285823 "" "" 31.35488789228234 "" 5.978375345245164 ""
92.15896228065 -14.15020103673 0.026 0.0284 56.5009 "" "" 2994028887524424832 703.863708 1.3886 0.0375 3.344 -17.498 0.032 0.032 1.05 4704.9 4.5285 15.894511 1.377952 16.517603 15.139651 "" "" 687.875244 724.207092 8263.08403 2.762 3375.8 11.24 6971.0 11.031 "" "" 0.002779118070460459 0.0045665754 0.00415157 0.008718146 92.15896228065 -14.15020103673 703.863708 3.344000000000002 -17.498 5.951166767120361 -18.9072777967453 0.19485824 0.19485824 "" "" 66.13156190223339 "" 12.886279635136782 ""
92.90386541771 -15.06916888897 0.0202 0.0258 30.4379 "" "" 2993123096103554816 738.21167 1.3203 0.035 -2.704 4.622 0.027 0.03 0.979 4698.6 4.5255 15.894549 1.393444 16.5281 15.134655 "" "" 720.114624 759.08905 8262.79699 2.3927 3343.3 8.1472 7003.2 9.9688 "" "" 0.002773199972885615 0.0038451678 0.0040831747 0.007928343 92.90386541771 -15.06916888897 738.21167 -2.704000000000001 4.622 -0.09683323287963885 3.2127222032546996 0.18985823 0.19285823 "" "" 11.246816293125319 "" 2.1690107430677186 ""
92.66222306681 -14.68360755466 0.0375 0.046 28.3111 "" "" 2993195693932494976 750.647034 1.2954 0.0473 5.655 -14.738 0.05 0.056 1.081 4811.7 4.52 15.903648 1.394755 16.538717 15.143962 "" "" 724.424438 779.311768 8193.83579 2.8021 3310.8 10.296 6943.4 13.465 "" "" 0.0027802248786713358 0.0043801186 0.0043263063 0.008706424 92.66222306681 -14.68360755466 750.647034 5.655000000000001 -14.738 8.262166767120362 -16.1472777967453 0.21285823 0.21885824 "" "" 64.53729080138173 "" 14.045051034016137 ""
91.56047899659 -14.88585916624 0.0815 0.0838 48.6521 "" "" 2993882583758022656 691.698914 1.4055 0.1194 -0.789 0.829 0.1 0.107 2.878 4877.5 4.4408 15.905347 1.305964 16.454496 15.148533 "" "" 637.245056 743.794434 8181.03296 6.4172 3577.8 21.053 6914.3 9.7041 "" "" 0.0028839381252406104 0.0069715395 0.0040750126 0.011046552 91.56047899659 -14.88585916624 691.698914 -0.789 0.8290000000000005 1.8181667671203612 -0.5802777967453003 0.26285824 0.26985824 "" "" 6.257378084150277 "" 1.6489014041025092 ""
91.35562340113 -15.15472917048 0.0298 0.0327 59.4809 "" "" 2993802422488490880 571.472656 1.7093 0.0398 -1.481 -8.534 0.035 0.035 1.028 4429.9 4.5747 15.908692 1.601402 16.664024 15.062622 "" "" 557.991638 584.048706 8155.86069 3.4254 2949.9 9.6148 7483.6 11.91 "" "" 0.00279279901224537 0.004506465 0.004155654 0.0086621195 91.35562340113 -15.15472917048 571.472656 -1.481 -8.534 1.1261667671203612 -9.943277796745301 0.19785823 0.19785823 "" "" 27.106356063547 "" 5.363215612953539 ""
93.25679907315 -15.00515071549 0.0236 0.0264 51.031 "" "" 2993127940826984704 648.925598 1.5087 0.0415 -4.282 2.696 0.033 0.033 1.088 4679.0 4.5779 15.913208 1.376754 16.535341 15.158587 "" "" 630.055542 666.285522 8122.00693 2.5894 3321.1 11.314 6850.5 9.4879 "" "" 0.002776978012437859 0.004633144 0.004067549 0.008700693 93.25679907315 -15.00515071549 648.925598 -4.282 2.696 -1.6748332328796387 1.2867222032546999 0.19585824 0.19585824 "" "" 6.49644473334975 "" 1.2723822325598604 ""
91.81695049089 -14.38506587943 0.0258 0.0293 52.3351 "" "" 2994006347536155264 733.832214 1.333 0.0373 7.688 -3.111 0.031 0.031 1.043 4486.1 4.475 15.915347 1.481213 16.597115 15.115902 "" "" 715.182251 750.353943 8106.02665 3.1939 3137.4 13.955 7125.2 11.118 "" "" 0.0027883327589569664 0.0055773826 0.0041417265 0.009719109 91.81695049089 -14.38506587943 733.832214 7.688 -3.1110000000000007 10.29516676712036 -4.520277796745301 0.19385824 0.19385824 "" "" 39.11008825481616 "" 7.581812721794634 ""
92.0658181994 -15.39893921921 0.0214 0.0259 26.8868 "" "" 2993049738062104448 648.217651 1.5086 0.0358 13.373 -6.213 0.028 0.03 0.995 4541.1 4.6234 15.919514 1.42087 16.564949 15.144079 "" "" 635.317993 663.303711 8074.97398 2.5938 3231.7 13.137 6942.7 11.486 "" "" 0.002777304273589278 0.0052215517 0.0041845203 0.009406072 92.0658181994 -15.39893921921 648.217651 13.373 -6.212999999999999 15.98016676712036 -7.6222777967453 0.19085823 0.19285823 "" "" 54.39933840381737 "" 10.402812670268922 ""
91.41860910752 -15.63371529249 0.0249 0.0291 65.1021 "" "" 2993768749945123968 698.790405 1.3782 0.0394 -3.447 1.361 0.033 0.035 1.025 "" "" 15.921107 2.772609 17.47686 14.704251 "" "" 681.272766 720.958496 8063.13008 5.4752 1395.3 10.742 10410.0 19.165 "" "" 0.002852252032906819 0.008812145 0.0042754146 0.0130875595 91.41860910752 -15.63371529249 698.790405 -3.447 1.360999999999999 -0.8398332328796387 -0.048277796745300305 0.19585824 0.19785823 "" "" 2.786343889443253 "" 0.5457468582989901 ""
92.15412423487 -15.40151492702 0.0212 0.0245 23.8771 "" "" 2993043690748128896 638.104065 1.5396 0.0366 5.631 2.366 0.029 0.029 1.0 4555.0 4.6218 15.934299 1.486308 16.622705 15.136397 "" "" 622.96283 652.777832 7965.7626 2.4815 3064.3 7.5375 6992.0 12.547 "" "" 0.002776002242671671 0.0038623218 0.0042520254 0.008114347 92.15412423487 -15.40151492702 638.104065 5.631000000000003 2.3660000000000014 8.238166767120362 0.9567222032546998 0.19185823 0.19185823 "" "" 25.084733495152033 "" 4.812712619106152 ""
91.77018791324 -16.06389597038 0.0233 0.0285 69.351 "" "" 2991445344439465344 717.943481 1.3654 0.0373 1.731 -7.472 0.028 0.033 0.982 4729.3 4.5464 15.934658 1.34313 16.525799 15.182669 "" "" 698.390503 736.32019 7963.12516 2.5954 3350.4 8.6802 6700.2 12.401 "" "" 0.002777951430192342 0.0039620157 0.0042804107 0.008242426 91.77018791324 -16.06389597038 717.943481 1.731 -7.472 4.338166767120361 -8.881277796745302 0.19085823 0.19585824 "" "" 33.636340243715786 "" 6.555892394314239 ""
92.35080918759 -14.71852909203 0.0269 0.0312 21.0061 "" "" 2993924674438273280 604.249756 1.6204 0.0364 -4.031 5.975 0.032 0.036 0.971 4498.1 4.5648 15.938436 1.489205 16.578245 15.08904 "" "" 589.864136 617.843628 7935.4705 3.2626 3192.4 15.198 7303.7 62.249 "" "" 0.0027912460178339243 0.0058738403 0.009995702 0.015869543 92.35080918759 -14.71852909203 604.249756 -4.031 5.9750000000000005 -1.4238332328796384 4.565722203254699 0.19485824 0.19885823 "" "" 13.698011691932297 "" 2.7191506237950445 ""
92.92022815034 -14.08510125123 0.0254 0.0275 66.8181 "" "" 2994347677178410880 764.979004 1.2632 0.037 -4.483 -13.249 0.031 0.032 1.042 4684.0 4.4899 15.941879 1.335422 16.540028 15.204605 "" "" 748.758545 786.95459 7910.33783 2.4581 3306.8 10.409 6566.2 11.898 "" "" 0.002775899789018808 0.004411945 0.004260779 0.008672724 92.92022815034 -14.08510125123 764.979004 -4.483 -13.249000000000011 -1.8758332328796383 -14.6582777967453 0.19385824 0.19485824 "" "" 53.58436943419039 "" 10.440494607802934 ""
92.9356678336 -16.09768632178 0.0246 0.0296 69.6901 "" "" 2992757714645326976 620.803406 1.5692 0.038 -2.582 -22.276 0.032 0.033 1.002 4538.7 4.5455 15.942641 1.39956 16.578838 15.179278 "" "" 607.073486 635.537659 7904.79128 2.8204 3190.7 11.163 6721.2 13.177 "" "" 0.0027824194134884123 0.004713186 0.0043375874 0.009050773 92.9356678336 -16.09768632178 620.803406 -2.582 -22.275999999999986 0.025166767120361477 -23.6852777967453 0.19485824 0.19585824 "" "" 69.69653069204304 "" 13.650639765852972 ""
92.25211688271 -13.92132042241 0.0274 0.0278 69.1679 "" "" 2994420313665021312 572.146118 1.7076 0.0389 -8.651 13.426 0.033 0.032 1.017 4453.2 4.6651 15.943956 1.545422 16.663471 15.11805 "" "" 558.783386 585.923401 7895.21949 3.7505 2951.4 9.171 7111.1 11.737 "" "" 0.0028031767239326114 0.0043780403 0.004182713 0.008560753 92.25211688271 -13.92132042241 572.146118 -8.651 13.426 -6.0438332328796385 12.0167222032547 0.19585824 0.19485824 "" "" 36.47875670571042 "" 7.115566049153379 ""
92.48605647056 -14.46373872239 0.0277 0.0297 36.7654 "" "" 2993958450061019008 667.629211 1.454 0.0381 9.061 -5.712 0.035 0.036 0.999 4755.2 4.6561 15.945414 1.32781 16.536306 15.208496 "" "" 650.289795 684.317444 7884.63045 2.731 3318.1 11.34 6542.7 13.625 "" "" 0.0027808659468437757 0.0046426114 0.0044040806 0.009046692 92.48605647056 -14.46373872239 667.629211 9.061000000000003 -5.712000000000003 11.668166767120361 -7.1212777967453 0.19785823 0.19885823 "" "" 43.25838970359837 "" 8.57079012724326 ""
91.7313087216 -15.77735529985 0.0223 0.0274 56.6986 "" "" 2993001737507824896 764.533875 1.2714 0.0371 0.129 -7.806 0.029 0.033 0.921 4911.5 4.5328 15.946157 1.341225 16.542791 15.201567 "" "" 741.301453 787.921143 7879.2378 3.2144 3298.4 11.441 6584.6 13.807 "" "" 0.0027906954061652873 0.004687015 0.004412121 0.009099136 91.7313087216 -15.77735529985 764.533875 0.1289999999999999 -7.806 2.7361667671203613 -9.215277796745301 0.19185823 0.19585824 "" "" 34.83611781214456 "" 6.811757559068639 ""
92.69085888047 -14.93050725115 0.0228 0.0267 19.884 "" "" 2993175627846411776 786.356689 1.2379 0.0357 -0.82 -0.082 0.03 0.032 0.974 5012.0 4.6441 15.952893 1.336144 16.543428 15.207284 "" "" 767.000488 807.414368 7830.49975 2.5773 3296.4 13.216 6550.1 12.499 "" "" 0.0027783973733672544 0.0051704245 0.0043100067 0.009480432 92.69085888047 -14.93050725115 786.356689 -0.82 -0.082 1.7871667671203615 -1.4912777967453004 0.19285823 0.19485824 "" "" 8.675857262596356 "" 1.6803546731697308 ""
93.33680201113 -15.34056685385 0.0222 0.025 57.8518 "" "" 2992912951943624064 634.108765 1.5508 0.0371 -12.953 15.274 0.031 0.032 1.001 4590.2 4.6116 15.953763 1.441468 16.612707 15.171239 "" "" 620.375305 649.435242 7824.22557 2.2533 3092.7 9.2612 6771.2 11.232 "" "" 0.002773005413767827 0.0042843716 0.004186569 0.00847094 93.33680201113 -15.34056685385 634.108765 -12.953000000000007 15.274 -10.345833232879638 13.864722203254699 0.19385824 0.19485824 "" "" 51.99617041772951 "" 10.113315788089603 ""
91.88608166215 -14.38820125493 0.0265 0.0293 49.7818 "" "" 2993995867815941504 548.920044 1.7808 0.0372 11.758 -13.912 0.032 0.032 1.015 4442.8 4.5922 15.959209 1.553961 16.6722 15.118238 "" "" 537.938477 559.165161 7785.08706 2.8788 2927.8 15.88 7109.9 10.241 "" "" 0.002784417683525882 0.0065164454 0.0040901643 0.010606609 91.88608166215 -14.38820125493 548.920044 11.75799999999999 -13.911999999999992 14.36516676712036 -15.321277796745301 0.19485824 0.19485824 "" "" 54.64566912160403 "" 10.648158804886286 ""
93.00955572279 -15.97595095377 0.0224 0.027 65.5838 "" "" 2992763143483911424 614.676208 1.5943 0.0375 3.192 -0.79 0.028 0.033 1.028 4590.9 4.582 15.961459 1.453631 16.628582 15.174951 "" "" 599.715149 625.946594 7768.96606 2.7184 3047.8 7.269 6748.0 9.1226 "" "" 0.002781387572788102 0.0038066327 0.004054402 0.007861035 93.00955572279 -15.97595095377 614.676208 3.192 -0.7899999999999998 5.7991667671203615 -2.1992777967453003 0.19085823 0.19585824 "" "" 18.07048445652347 "" 3.460391198534595 ""
93.11374942352 -15.00905291374 0.0215 0.0249 42.7484 "" "" 2993127253632262272 663.998291 1.484 0.0397 8.645 -11.097 0.03 0.03 1.029 4295.5 4.4082 15.967313 1.693937 16.779495 15.085558 "" "" 646.737976 682.500366 7727.19344 2.3839 2652.3 8.118 7327.1 9.1167 "" "" 0.0027756055852890455 0.004339172 0.0040135663 0.008352738 93.11374942352 -15.00905291374 663.998291 8.644999999999987 -11.097 11.252166767120361 -12.5062777967453 0.19285823 0.19285823 "" "" 52.94836051102913 "" 10.211527303888099 ""
92.0777892949 -15.67948329818 0.0233 0.028 40.6262 "" "" 2993029328377598848 760.999329 1.2735 0.0367 1.336 -20.342 0.031 0.035 0.992 5002.3 4.6472 15.977854 1.391401 16.60368 15.212278 "" "" 742.375854 782.695129 7652.53512 3.6985 3118.5 12.353 6520.0 12.646 "" "" 0.0028048425939546833 0.005126605 0.0043264744 0.009453079 92.0777892949 -15.67948329818 760.999329 1.3359999999999994 -20.34199999999999 3.9431667671203616 -21.7512777967453 0.19385824 0.19785823 "" "" 79.73866601499292 "" 15.76690205433912 ""
91.79597024366 -15.6165729484 0.0238 0.029 47.1279 "" "" 2993021219479396096 761.81427 1.2777 0.038 -1.915 -0.652 0.031 0.035 0.965 4795.4 4.5147 15.978676 1.395018 16.613113 15.218096 "" "" 738.731506 782.491333 7646.7408 3.3684 3091.5 11.741 6485.1 10.196 "" "" 0.0027965210465021916 0.0049787387 0.0041470025 0.009125741 91.79597024366 -15.6165729484 761.81427 -1.9149999999999998 -0.6519999999999998 0.6921667671203613 -2.0612777967453004 0.19385824 0.19785823 "" "" 7.851712469906637 "" 1.550372374263183 ""
91.8291967343 -15.55067607178 0.3075 0.3579 43.0188 "" "" 2993023727740271104 645.914734 2.0767 0.4974 -5.346 5.634 0.398 0.422 12.811 "" "" 15.98656 1.3103 16.364342 15.054042 "" "" 474.877502 910.248718 7591.4145 35.184 3887.6 13.989 7543.0 9.3519 "" "" 0.005737031501310457 0.0048009073 0.004011949 0.008812856 91.8291967343 -15.55067607178 645.914734 -5.346 5.634 -2.7388332328796388 4.2247222032547 0.56085825 0.58485824 "" "" 15.414807471963659 "" 8.907603893289622 ""
