Clusters/UPK_445/UPK_445_stars_in_region.tsv
# %ECSV 1.0
# ---
# datatype:
# - name: RA_ICRS_1
#   unit: deg
#   datatype: float64
#   format: '{:15.11f}'
#   description: Right ascension (ICRS) at Ep=2016.0 (ra)
#   meta: !!omap
#   - {ucd: POS_EQ_RA_MAIN}
#   - {width: 15}
#   - {precision: '11'}
# - name: DE_ICRS_1
#   unit: deg
#   datatype: float64
#   format: '{:15.11f}'
#   description: Declination (ICRS) at Ep=2016.0 (dec)
#   meta: !!omap
#   - {ucd: POS_EQ_DEC_MAIN}
#   - {width: 15}
#   - {precision: '11'}
# - name: e_RA_ICRS
#   unit: mas
#   datatype: float64
#   format: '{:7.4f}'
#   description: Standard error of right ascension (ra_error)
#   meta: !!omap
#   - {ucd: ERROR}
#   - {width: 7}
#   - {precision: '4'}
# - name: e_DE_ICRS
#   unit: mas
#   datatype: float64
#   format: '{:7.4f}'
#   description: Standard error of declination (dec_error)
#   meta: !!omap
#   - {ucd: ERROR}
#   - {width: 7}
#   - {precision: '4'}
# - name: _r_1
#   unit: ''
#   datatype: float64
#   format: '{:7.4f}'
#   description: Distance from center (092.37850574000-15.06760563000)[ICRS], at Epoch=J2016.0
#   meta: !!omap
#   - {ucd: POS_ANG_DIST_GENERAL}
#   - {width: 7}
#   - {precision: '4'}
# - name: HIP
#   datatype: int32
#   description: '? HIP cross-id number, van Leeuwen, Cat. I/311 (hip_original_ext_source_id)'
#   meta: !!omap
#   - {ucd: ID_NUMBER}
#   - {width: 6}
#   - values: {'null': -2147483648}
# - name: TYC2
#   datatype: string
#   description: Tycho-2 cross-id name, Hog et al., Cat. I/259 (tyc2_original_ext_source_id)
#   meta: !!omap
#   - {ucd: ID_CROSSID}
#   - {_votable_string_dtype: char}
# - name: Source
#   datatype: int64
#   description: Source identifier, identical to the Gaia-EDR3 source_id (id)
#   meta: !!omap
#   - {ucd: ID_MAIN}
#   - {width: 19}
# - name: rgeo
#   unit: pc
#   datatype: float64
#   format: '{:15.8f}'
#   description: '? Median of the geometric distance posterior (r_med_geo)'
#   meta: !!omap
#   - {ucd: PHYS_DISTANCE_TRUE}
#   - {width: 15}
#   - {precision: '8'}
#   - values: {'null': .nan}
# - name: Plx
#   unit: mas
#   datatype: float64
#   format: '{:9.4f}'
#   description: '? Parallax (parallax)'
#   meta: !!omap
#   - {ucd: POS_PARLX_TRIG}
#   - {width: 9}
#   - {precision: '4'}
#   - values: {'null': .nan}
# - name: e_Plx
#   unit: mas
#   datatype: float32
#   format: '{:7.4f}'
#   description: '? Standard error of parallax (parallax_error)'
#   meta: !!omap
#   - {ucd: ERROR}
#   - {width: 7}
#   - {precision: '4'}
#   - values: {'null': .nan}
# - name: pmRA
#   unit: mas / yr
#   datatype: float64
#   format: '{:9.3f}'
#   description: '? Proper motion in right ascension direction, pmRA*cosDE (pmra)'
#   meta: !!omap
#   - {ucd: POS_EQ_PMRA}
#   - {width: 9}
#   - {precision: '3'}
#   - values: {'null': .nan}
# - name: pmDE
#   unit: mas / yr
#   datatype: float64
#   format: '{:9.3f}'
#   description: '? Proper motion in declination direction (pmdec)'
#   meta: !!omap
#   - {ucd: POS_EQ_PMDEC}
#   - {width: 9}
#   - {precision: '3'}
#   - values: {'null': .nan}
# - name: e_pmRA
#   unit: mas / yr
#   datatype: float32
#   format: '{:6.3f}'
#   description: '? Standard error of proper motion in right ascension direction (pmra_error)'
#   meta: !!omap
#   - {ucd: ERROR}
#   - {width: 6}
#   - {precision: '3'}
#   - values: {'null': .nan}
# - name: e_pmDE
[...]
#         value: !astropy.table.SerializedColumn {name: SkyCoord.dec}
#       distance: !astropy.table.SerializedColumn
#         __class__: astropy.coordinates.distances.Distance
#         unit: !astropy.units.Unit {unit: pc}
#         value: !astropy.table.SerializedColumn {name: SkyCoord.distance}
#       frame: icrs
#       obstime: !astropy.time.Time {format: jyear_str, in_subfmt: '*', jd1: 367701545.0, jd2: 0.0, out_subfmt: '*', precision: 3, scale: tt}
#       pm_dec: !astropy.table.SerializedColumn
#         __class__: astropy.units.quantity.Quantity
#         unit: !astropy.units.Unit {unit: mas / yr}
#         value: !astropy.table.SerializedColumn {name: SkyCoord.pm_dec}
#       pm_ra_cosdec: !astropy.table.SerializedColumn
#         __class__: astropy.units.quantity.Quantity
#         unit: !astropy.units.Unit {unit: mas / yr}
#         value: !astropy.table.SerializedColumn {name: SkyCoord.pm_ra_cosdec}
#       ra: !astropy.table.SerializedColumn
#         __class__: astropy.coordinates.angles.Longitude
#         unit: *id001
#         value: !astropy.table.SerializedColumn {name: SkyCoord.ra}
#         wrap_angle: !astropy.coordinates.Angle
#           unit: *id001
#           value: 360.0
#       representation_type: spherical
# schema: astropy-2.0
RA_ICRS_1 DE_ICRS_1 e_RA_ICRS e_DE_ICRS _r_1 HIP TYC2 Source rgeo Plx e_Plx pmRA pmDE e_pmRA e_pmDE RUWE Teff logg Gmag BP-RP BPmag RPmag RV e_RV b_rgeo B_rgeo FG e_FG FBP e_FBP FRP e_FRP RAVE5 RAVE6 e_Gmag e_BPmag e_RPmag e_BP-RP SkyCoord.ra SkyCoord.dec SkyCoord.distance SkyCoord.pm_ra_cosdec SkyCoord.pm_dec rmRA rmDE e_rmRA e_rmDE rRV e_rRV v_pec v_pec3d e_vpec e_vpec3d
[from data line 370]
93.00278678208 -14.68523479084 0.0106 0.0122 42.8588 "" "" 2993186799058305664 601.671326 1.6251 0.0164 -0.965 1.248 0.013 0.014 1.041 5253.8 4.3885 13.920198 0.997471 14.324337 13.326866 42.71 2.33 596.332581 607.204895 50917.57042 8.3738 25450.0 34.736 37018.0 31.691 "" "" 0.002761099844504834 0.00315928 0.003892003 0.007051283 93.00278678208 -14.68523479084 601.671326 -0.965 1.2480000000000002 1.6421667671203615 -0.1612777967453003 0.17585823 0.17685823 15.532173913043483 5.0663886 4.705863482358364 16.229404720433294 0.8276099022216207 4.854666418730299
92.61679821868 -14.13025566435 0.0119 0.013 57.9179 "" "" 2994355305040432896 752.674438 1.2892 0.0182 0.599 -19.478 0.014 0.014 1.051 5184.1 4.1924 13.922007 1.107277 14.394612 13.287335 5.38 4.66 743.092224 762.678772 50832.80107 19.392 23855.0 29.404 38391.0 36.484 "" "" 0.002786278043664583 0.0030945237 0.0039176964 0.00701222 92.61679821868 -14.13025566435 752.674438 0.599 -19.478 3.2061667671203615 -20.887277796745302 0.17685823 0.17685823 -21.79782608695652 7.3963885 75.3918476605549 78.47978029906506 13.333668841130276 12.972726758516675
93.0323564673 -14.66195023327 0.0115 0.0128 45.0575 "" "" 2993562247920162176 556.678528 1.7578 0.0182 -3.353 1.399 0.015 0.015 1.137 5527.8 4.4209 13.922158 0.932494 14.302976 13.370482 25.97 2.69 552.807556 562.363892 50825.71429 12.199 25955.0 22.035 35560.0 25.958 "" "" 0.0027676160932906544 0.0029384831 0.0038615908 0.006800074 93.0323564673 -14.66195023327 556.678528 -3.353 1.3989999999999991 -0.7458332328796389 -0.010277796745300272 0.17785823 0.17785823 -1.2078260869565192 5.4263887 1.9681843499377332 2.3092408907847863 0.3500577915874898 2.853858821887489
91.49405835105 -15.02160719247 0.014 0.0153 51.3222 "" "" 2993827195859811840 602.633972 1.6226 0.0182 10.007 0.719 0.016 0.017 1.14 5564.6 4.4102 13.931561 0.822863 14.253811 13.430948 36.91 3.67 596.535034 609.784424 50387.40951 10.191 27158.0 20.248 33634.0 26.948 "" "" 0.002764056913321083 0.002905222 0.0038782037 0.006783426 91.49405835105 -15.02160719247 602.633972 10.007 0.719 12.614166767120361 -0.6902777967453003 0.17885824 0.17985824 9.732173913043479 6.4063888 36.08608814199082 37.375405903685575 6.454402089638236 6.451157942564837
92.79149256991 -15.90063240466 0.0098 0.0131 55.3931 "" "" 2992775925306631424 768.608398 1.2652 0.0177 -1.769 4.584 0.013 0.016 0.97 6324.3 4.2306 13.933146 0.879416 14.285073 13.405657 14.78 3.9 756.194092 778.529907 50313.94399 9.4594 26387.0 18.428 34427.0 17.281 "" "" 0.0027628711620609667 0.002891365 0.0038184747 0.0067098397 92.79149256991 -15.90063240466 768.608398 -1.769 4.584 0.8381667671203614 3.1747222032546993 0.17585823 0.17885824 -12.397826086956519 6.636389 11.962466548697073 17.228078755656885 2.137265556492757 5.001001634725585
93.09605356572 -15.49097280669 0.0367 0.0451 48.6835 "" "" 2992887422657825152 625.062256 1.5634 0.063 -0.522 1.639 0.048 0.054 3.959 5807.6 4.2655 13.9368 1.000376 14.344781 13.344405 39.45 2.75 605.893799 655.160095 50144.88645 17.422 24975.0 15.708 36425.0 14.585 "" "" 0.0027810222905148667 0.0028725187 0.0038043037 0.0066768224 93.09605356572 -15.49097280669 625.062256 -0.5220000000000005 1.639 2.085166767120361 0.22972220325469972 0.21085823 0.21685824 12.272173913043485 5.4863887 6.2153006302986915 13.756315439716275 1.3110007452404582 4.930184646082117
91.7813563129 -15.15584346356 0.0125 0.0131 34.9928 "" "" 2993810565746620032 693.812317 1.4007 0.0157 4.771 -14.034 0.015 0.015 1.032 5643.8 4.2558 13.939236 1.078709 14.392981 13.314272 -20.04 3.54 684.00647 704.364502 50032.53162 8.2104 23890.0 20.149 37450.0 21.853 "" "" 0.002761074822874452 0.0029365944 0.0038321167 0.006768711 91.7813563129 -15.15584346356 693.812317 4.771 -14.034000000000004 7.378166767120361 -15.443277796745301 0.17785823 0.17785823 -47.21782608695652 6.2763886 56.28645336779418 73.46895897658372 10.011009163265427 8.665766992118046
93.14585834701 -15.14898750472 0.0093 0.0114 44.7171 "" "" 2993107874739858816 535.266418 1.8298 0.0162 -8.577 7.372 0.012 0.014 1.089 5536.1 4.5762 13.950013 0.975775 14.35539 13.379615 78.93 3.1 530.725098 539.663269 49538.34849 7.1255 24732.0 16.017 35262.0 16.017 "" "" 0.0027597424754710865 0.0028774058 0.0038114232 0.006688829 93.14585834701 -15.14898750472 535.266418 -8.576999999999993 7.372 -5.969833232879639 5.9627222032547 0.17485823 0.17685823 51.75217391304349 5.8363886 21.40754564747696 56.00509365561948 3.764728424275922 5.5818702396911615
92.54403204764 -14.64800292951 0.0125 0.0142 26.9442 "" "" 2993946458512551552 707.836914 1.3711 0.0165 -4.382 0.233 0.016 0.017 0.971 5814.8 4.2706 13.955643 0.952365 14.346998 13.394633 18.92 4.05 699.172363 716.703857 49282.1492 11.668 24924.0 20.703 34778.0 20.007 "" "" 0.0027672853494213165 0.0029323031 0.0038306464 0.0067629497 92.54403204764 -14.64800292951 707.836914 -4.382 0.23299999999999998 -1.7748332328796383 -1.1762777967453002 0.17885824 0.17985824 -8.257826086956516 6.786389 7.143912731348271 10.919119964335014 1.279932109880183 5.200224284321721
92.38409372879 -15.37544181357 0.0097 0.0119 18.473 "" "" 2993041663523894528 599.654541 1.6288 0.016 13.412 -23.756 0.013 0.015 0.938 5560.5 4.4317 13.963141 0.957374 14.359944 13.402571 15.89 2.8 593.591125 604.762939 48942.9399 6.7503 24629.0 18.453 34525.0 16.691 "" "" 0.002759386432760207 0.0029063362 0.0038156575 0.006721994 92.38409372879 -15.37544181357 599.654541 13.412 -23.756 16.01916676712036 -25.1652777967453 0.17585823 0.17785823 -11.287826086956517 5.5363884 84.79129536796697 85.53934058634772 15.032125229952266 14.918568332576097
92.49712051203 -15.53188032051 0.0091 0.0117 28.6898 "" "" 2992988818245902848 615.862793 1.5849 0.016 4.367 7.029 0.012 0.014 1.049 5374.2 4.4166 13.966381 0.930746 14.350599 13.419853 45.55 4.75 610.743713 622.426514 48797.12733 7.2694 24841.0 15.805 33980.0 15.451 "" "" 0.002760063510025151 0.0028744126 0.0038114907 0.0066859033 92.49712051203 -15.53188032051 615.862793 4.367000000000001 7.029000000000001 6.974166767120361 5.6197222032547 0.17485823 0.17685823 18.37217391304348 7.4863887 26.145948110804856 31.955396678871246 4.592491620654673 5.713601929291644
93.26475061665 -15.30130046021 0.0086 0.0107 53.1993 "" "" 2993101586907754240 726.580078 1.3391 0.0141 0.471 -1.368 0.011 0.012 1.015 5873.9 4.3547 13.981874 0.8848 14.339307 13.454507 31.41 3.59 719.358765 733.907715 48105.75145 6.5753 25101.0 14.34 32912.0 15.681 "" "" 0.002759313841184661 0.0028582837 0.0038146202 0.006672904 93.26475061665 -15.30130046021 726.580078 0.471 -1.3679999999999992 3.0781667671203614 -2.7772777967453006 0.17385823 0.17485823 4.232173913043482 6.3263884 14.27839307623241 14.892407625016427 2.488833642499746 2.9876947780008907
93.15033191857 -14.56949222447 0.0119 0.013 53.8284 "" "" 2993563828468054784 740.798096 1.3113 0.0176 -1.633 1.866 0.015 0.014 1.035 5868.0 4.2755 13.987345 0.921546 14.351624 13.430078 41.92 3.05 730.294128 749.110657 47863.98119 9.9447 24818.0 20.58 33661.0 26.039 "" "" 0.0027645392531066605 0.0029318333 0.003871581 0.0068034143 93.15033191857 -14.56949222447 740.798096 -1.633 1.866 0.9741667671203613 0.4567222032546998 0.17785823 0.17685823 14.742173913043484 5.7863884 3.777954466405624 15.218562075066554 0.6712611011064072 5.607732945438578
93.04813485365 -14.20955223014 0.0127 0.0138 64.5108 "" "" 2994342145260795136 596.687683 1.6399 0.0176 18.343 -19.212 0.016 0.016 1.157 5299.1 4.4089 13.990496 0.943485 14.377186 13.433701 64.41 3.85 590.223145 603.856689 47725.26043 7.6254 24241.0 19.541 33549.0 17.812 "" "" 0.0027607758370714114 0.0029242213 0.0038230899 0.006747311 93.04813485365 -14.20955223014 596.687683 18.343000000000014 -19.211999999999996 20.95016676712036 -20.6212777967453 0.17885824 0.17885824 37.23217391304348 6.5863886 83.14174281173797 91.0976628243793 14.870585413906499 13.836263615306562
91.33597640516 -15.6450383062 0.0136 0.0148 69.5602 "" "" 2993769230981467904 671.276794 1.4488 0.0191 0.567 -9.618 0.019 0.018 1.346 5896.1 4.3142 13.990871 1.0057 14.370101 13.364401 -13.48 3.18 663.143311 678.097168 47708.74807 10.649 24399.0 21.259 35760.0 30.031 "" "" 0.002765957480389927 0.0029461808 0.0038878138 0.0068339948 91.33597640516 -15.6450383062 671.276794 0.5669999999999995 -9.618 3.1741667671203615 -11.0272777967453 0.18185823 0.18085822 -40.65782608695652 5.9163885 36.511830111664956 54.64588328703532 6.6062656462523 6.233810529848658
92.01922599618 -15.29764079564 0.0116 0.0136 24.9664 "" "" 2993059874184903424 754.649292 1.2888 0.0183 3.142 3.219 0.015 0.016 0.985 "" "" 13.994118 1.236413 14.533123 13.29671 18.65 3.2 745.093445 764.483826 47566.32859 7.6254 20998.0 21.876 38060.0 18.734 "" "" 0.0027608123191435047 0.003010733 0.00381698 0.006827713 92.01922599618 -15.29764079564 754.649292 3.142 3.2190000000000003 5.749166767120361 1.8097222032546996 0.17785823 0.17885824 -8.52782608695652 5.936389 21.559780380261135 23.18508028483984 3.8365331128595743 4.182742043539773
93.37103473408 -15.25766392967 0.0099 0.0127 58.5988 "" "" 2992920408006805248 674.290222 1.4422 0.016 1.254 -16.299 0.013 0.015 0.964 5317.5 4.3056 13.998468 1.025791 14.426862 13.401071 25.65 3.27 668.145752 681.712769 47376.11152 6.108 23156.0 12.387 34572.0 15.631 "" "" 0.002758873613716275 0.0028499784 0.003811129 0.0066611073 93.37103473408 -15.25766392967 674.290222 1.254 -16.298999999999996 3.8611667671203613 -17.7082777967453 0.17585823 0.17785823 -1.5278260869565194 6.0063887 57.92785020864981 57.947994636119674 10.297715216015108 10.295353441402959
93.15247036287 -15.85084385463 0.0133 0.0169 64.8975 "" "" 2992859728709153792 760.928528 1.2767 0.0222 7.827 5.519 0.017 0.02 1.476 "" "" 14.014616 0.978883 14.413108 13.434225 45.92 3.97 749.052429 773.029846 46676.71165 8.0258 23452.0 16.024 33533.0 16.552 "" "" 0.0027616374061258443 0.0028871072 0.0038171902 0.0067042974 93.15247036287 -15.85084385463 760.928528 7.826999999999999 5.519 10.434166767120361 4.1097222032547 0.17985824 0.18285823 18.742173913043484 6.7063885 40.447932383842804 44.57919152603249 7.291307672682059 7.191381609820011
92.98196952534 -15.91796263649 0.0094 0.0119 61.8112 "" "" 2992764655312385536 754.315796 1.2888 0.0157 10.384 -19.011 0.012 0.014 0.96 5671.2 4.1445 14.014986 1.044103 14.454704 13.410602 96.39 3.87 745.510681 762.947754 46660.8073 5.6652 22570.0 13.574 34270.0 14.644 "" "" 0.002758471750445043 0.00286556 0.003807752 0.006673312 92.98196952534 -15.91796263649 754.315796 10.384 -19.011 12.991166767120362 -20.4202777967453 0.17485823 0.17685823 69.21217391304349 6.6063886 86.5347846758566 110.8088172334054 15.254724915188678 12.607401949367432
91.58428363893 -14.57684879813 0.0127 0.0129 54.6739 "" "" 2993996967327652736 613.609436 1.5882 0.0156 -3.563 14.102 0.016 0.015 0.978 5300.4 4.3435 14.022523 0.91952 14.394885 13.475365 32.59 4.16 607.762329 620.899292 46338.05116 8.3338 23849.0 19.189 32286.0 16.648 "" "" 0.0027622307546285242 0.002923731 0.003820623 0.006744354 91.58428363893 -14.57684879813 613.609436 -3.563 14.102 -0.9558332328796388 12.6927222032547 0.17885824 0.17785823 5.412173913043485 6.8963885 37.02142196770196 37.41493433076789 6.584774057242818 6.591445314117924
92.84522508765 -14.80513302497 0.0115 0.0129 31.3064 "" "" 2993184084639073536 611.942505 1.5967 0.0174 5.283 -6.255 0.014 0.015 1.11 "" "" 14.023862 1.002163 14.440709 13.438546 -8.33 3.3 605.68219 617.884949 46280.94063 7.0667 22863.0 14.355 33399.0 13.898 "" "" 0.0027603031089780306 0.0028722405 0.0038062904 0.006678531 92.84522508765 -14.80513302497 611.942505 5.283000000000002 -6.255000000000002 7.890166767120362 -7.6642777967453 0.17685823 0.17785823 -35.50782608695652 6.0363884 31.906139760670776 47.73685649316476 5.6583757626601505 5.8705292893536445
91.24075426836 -14.95913527852 0.0113 0.0131 66.2552 "" "" 2993855714442683904 689.290039 1.4095 0.0159 -1.876 1.912 0.014 0.015 0.994 5895.6 4.3061 14.033324 0.948585 14.420148 13.471562 28.73 3.4 680.673218 696.848022 45879.32556 7.8174 23300.0 20.62 32399.0 19.371 "" "" 0.0027615238672981475 0.0029509808 0.0038347258 0.0067857066 91.24075426836 -14.95913527852 689.290039 -1.876 1.9119999999999986 0.7311667671203614 0.5027222032546996 0.17685823 0.17785823 1.5521739130434824 6.136389 2.8990784843698405 3.2884494697149975 0.5136582652645039 2.9316091159001574
92.417332226 -15.80363433551 0.0098 0.0121 44.2188 "" "" 2992966415696966144 777.487671 1.2427 0.0165 3.869 -11.246 0.013 0.015 1.043 5562.7 4.2348 14.033668 0.986032 14.427103 13.441071 53.75 4.42 768.119812 786.433838 45864.81596 7.8491 23151.0 25.833 33322.0 61.049 "" "" 0.002761578178198909 0.003041845 0.0042708926 0.0073127374 92.417332226 -15.80363433551 777.487671 3.868999999999998 -11.245999999999995 6.476166767120361 -12.6552777967453 0.17585823 0.17785823 26.572173913043482 7.1563888 52.390381701439836 58.743787086700415 9.296412870726883 8.900507937800318
93.04274710408 -14.51867565766 0.0131 0.0137 50.691 "" "" 2993576885168650496 569.274231 1.7118 0.0186 11.122 -18.795 0.015 0.016 0.982 5243.8 4.4211 14.0352 0.96774 14.435158 13.467418 18.84 3.16 563.612305 576.148743 45800.12185 8.4577 22980.0 14.506 32523.0 18.162 "" "" 0.002762605443208469 0.002873112 0.0038277074 0.0067008194 93.04274710408 -14.51867565766 569.274231 11.122000000000007 -18.795 13.729166767120361 -20.204277796745302 0.17785823 0.17885824 -8.337826086956518 5.896389 65.91419116460435 66.43944566852088 11.768514409242139 11.698900664282812
92.92516308585 -14.79029851485 0.0106 0.0122 35.7944 "" "" 2993183741041659136 565.461426 1.7285 0.0171 -5.803 1.759 0.013 0.014 1.018 5245.0 4.4368 14.041297 0.96953 14.4451 13.47557 12.52 4.2 560.403198 570.887573 45543.65298 18.99 22771.0 38.545 32280.0 38.591 "" "" 0.0027922637756717904 0.0033410692 0.0039960667 0.007337136 92.92516308585 -14.79029851485 565.461426 -5.802999999999997 1.7589999999999997 -3.1958332328796386 0.3497222032546996 0.17585823 0.17685823 -14.657826086956518 6.9363885 8.616885894405394 17.00301702971169 1.5154525497745317 6.028785428599615
91.5592501835 -15.85090744915 0.0104 0.0129 66.7334 "" "" 2991510249984322560 773.414185 1.2504 0.0174 -4.122 12.034 0.014 0.016 1.009 6165.4 4.3039 14.045275 0.931278 14.423302 13.492023 40.19 5.27 764.521667 784.303284 45377.12729 7.0199 23233.0 18.763 31794.0 17.939 "" "" 0.0027604350327241297 0.002924705 0.003828708 0.006753413 91.5592501835 -15.85090744915 773.414185 -4.122 12.034000000000002 -1.5148332328796386 10.6247222032547 0.17685823 0.17885824 13.01217391304348 8.006389 39.34394997156103 41.43987294029733 7.035430359009514 7.137036133175533
93.48271572351 -15.46764960239 0.0111 0.0131 68.2725 "" "" 2992896390549732736 756.822632 1.2817 0.0173 -4.243 -5.731 0.014 0.016 1.126 "" "" 14.045605 1.089284 14.508437 13.419153 16.07 5.28 747.563477 767.779602 45363.3101 5.87 21480.0 13.482 34001.0 15.921 "" "" 0.0027588997728787883 0.0028721846 0.003813423 0.0066856076 93.48271572351 -15.46764960239 756.822632 -4.242999999999999 -5.730999999999999 -1.635833232879639 -7.1402777967453 0.17685823 0.17885824 -11.107826086956518 8.016389 26.278213302626998 28.529428573955602 4.697467848035537 5.33505019181786
