Clusters/FSR_0198/FSR_0198_members.tsv
# %ECSV 1.0
# ---
# datatype:
# - name: RA_ICRS_1
#   unit: deg
#   datatype: float64
#   format: '{:15.11f}'
#   description: Right ascension (ICRS) at Ep=2016.0 (ra)
#   meta: !!omap
#   - {ucd: POS_EQ_RA_MAIN}
#   - {width: 15}
#   - {precision: '11'}
# - name: DE_ICRS_1
#   unit: deg
#   datatype: float64
#   format: '{:15.11f}'
#   description: Declination (ICRS) at Ep=2016.0 (dec)
#   meta: !!omap
#   - {ucd: POS_EQ_DEC_MAIN}
#   - {width: 15}
#   - {precision: '11'}
# - name: e_RA_ICRS
#   unit: mas
#   datatype: float64
#   format: '{:7.4f}'
#   description: Standard error of right ascension (ra_error)
#   meta: !!omap
#   - {ucd: ERROR}
#   - {width: 7}
#   - {precision: '4'}
# - name: e_DE_ICRS
#   unit: mas
#   datatype: float64
#   format: '{:7.4f}'
#   description: Standard error of declination (dec_error)
#   meta: !!omap
#   - {ucd: ERROR}
#   - {width: 7}
#   - {precision: '4'}
# - name: _r_1
#   unit: ''
#   datatype: float64
#   format: '{:7.4f}'
#   description: Distance from center (300.61450682000+35.66990604000)[ICRS], at Epoch=J2016.0
#   meta: !!omap
#   - {ucd: POS_ANG_DIST_GENERAL}
#   - {width: 7}
#   - {precision: '4'}
# - name: HIP
#   datatype: int32
#   description: '? HIP cross-id number, van Leeuwen, Cat. I/311 (hip_original_ext_source_id)'
#   meta: !!omap
#   - {ucd: ID_NUMBER}
#   - {width: 6}
#   - values: {'null': -2147483648}
# - name: TYC2
#   datatype: string
#   description: Tycho-2 cross-id name, Hog et al., Cat. I/259 (tyc2_original_ext_source_id)
#   meta: !!omap
#   - {ucd: ID_CROSSID}
#   - {_votable_string_dtype: char}
# - name: Source
#   datatype: int64
#   description: Source identifier, identical to the Gaia-EDR3 source_id (id)
#   meta: !!omap
#   - {ucd: ID_MAIN}
#   - {width: 19}
# - name: rgeo
#   unit: pc
#   datatype: float64
#   format: '{:15.8f}'
#   description: '? Median of the geometric distance posterior (r_med_geo)'
#   meta: !!omap
#   - {ucd: PHYS_DISTANCE_TRUE}
#   - {width: 15}
#   - {precision: '8'}
#   - values: {'null': .nan}
# - name: Plx
#   unit: mas
#   datatype: float64
#   format: '{:9.4f}'
#   description: '? Parallax (parallax)'
#   meta: !!omap
#   - {ucd: POS_PARLX_TRIG}
#   - {width: 9}
#   - {precision: '4'}
#   - values: {'null': .nan}
# - name: e_Plx
#   unit: mas
#   datatype: float32
#   format: '{:7.4f}'
#   description: '? Standard error of parallax (parallax_error)'
#   meta: !!omap
#   - {ucd: ERROR}
#   - {width: 7}
#   - {precision: '4'}
#   - values: {'null': .nan}
# - name: pmRA
#   unit: mas / yr
#   datatype: float64
#   format: '{:9.3f}'
#   description: '? Proper motion in right ascension direction, pmRA*cosDE (pmra)'
#   meta: !!omap
#   - {ucd: POS_EQ_PMRA}
#   - {width: 9}
#   - {precision: '3'}
#   - values: {'null': .nan}
# - name: pmDE
#   unit: mas / yr
#   datatype: float64
#   format: '{:9.3f}'
#   description: '? Proper motion in declination direction (pmdec)'
#   meta: !!omap
#   - {ucd: POS_EQ_PMDEC}
#   - {width: 9}
#   - {precision: '3'}
#   - values: {'null': .nan}
# - name: e_pmRA
#   unit: mas / yr
#   datatype: float32
#   format: '{:6.3f}'
#   description: '? Standard error of proper motion in right ascension direction (pmra_error)'
#   meta: !!omap
#   - {ucd: ERROR}
#   - {width: 6}
#   - {precision: '3'}
#   - values: {'null': .nan}
# - name: e_pmDE
[...]
#         unit: &id001 !astropy.units.Unit {unit: deg}
#         value: !astropy.table.SerializedColumn {name: SkyCoord.dec}
#       distance: !astropy.table.SerializedColumn
#         __class__: astropy.coordinates.distances.Distance
#         unit: !astropy.units.Unit {unit: pc}
#         value: !astropy.table.SerializedColumn {name: SkyCoord.distance}
#       frame: icrs
#       obstime: !astropy.time.Time {format: jyear_str, in_subfmt: '*', jd1: 367701545.0, jd2: 0.0, out_subfmt: '*', precision: 3, scale: tt}
#       pm_dec: !astropy.table.SerializedColumn
#         __class__: astropy.units.quantity.Quantity
#         unit: !astropy.units.Unit {unit: mas / yr}
#         value: !astropy.table.SerializedColumn {name: SkyCoord.pm_dec}
#       pm_ra_cosdec: !astropy.table.SerializedColumn
#         __class__: astropy.units.quantity.Quantity
#         unit: !astropy.units.Unit {unit: mas / yr}
#         value: !astropy.table.SerializedColumn {name: SkyCoord.pm_ra_cosdec}
#       ra: !astropy.table.SerializedColumn
#         __class__: astropy.coordinates.angles.Longitude
#         unit: *id001
#         value: !astropy.table.SerializedColumn {name: SkyCoord.ra}
#         wrap_angle: !astropy.coordinates.Angle
#           unit: *id001
#           value: 360.0
#       representation_type: spherical
# schema: astropy-2.0
RA_ICRS_1 DE_ICRS_1 e_RA_ICRS e_DE_ICRS _r_1 HIP TYC2 Source rgeo Plx e_Plx pmRA pmDE e_pmRA e_pmDE RUWE Teff logg Gmag BP-RP BPmag RPmag RV e_RV b_rgeo B_rgeo FG e_FG FBP e_FBP FRP e_FRP RAVE5 RAVE6 e_Gmag e_BPmag e_RPmag e_BP-RP SkyCoord.ra SkyCoord.dec SkyCoord.distance SkyCoord.pm_ra_cosdec SkyCoord.pm_dec Pmemb
300.60632981415 35.66982280566 0.0123 0.0155 0.3986 "" 2682-817-1 2059461424331468288 1936.55066 0.5041 0.0166 -3.496 -6.784 0.017 0.02 1.295 13893.1 3.0914 10.339399 0.9474 10.719455 9.772055 "" "" 1875.4552 1990.73572 1377802.94712 984.65 704100.0 1262.0 977990.0 2078.4 "" "" 0.0028624896945860447 0.0034017756 0.004428061 0.007829837 300.60632981415 35.66982280566 1936.55066 -3.4960000000000004 -6.784000000000002 0.8
300.43692780205 35.55172694765 0.0085 0.0091 11.1943 "" 2678-271-1 2059464619787261184 1956.18323 0.4946 0.0111 -3.463 -6.498 0.011 0.012 0.925 "" "" 10.799162 0.765008 11.088957 10.323949 "" "" 1908.2262 2007.62036 902156.6486 194.14 501000.0 254.45 588270.0 150.38 "" "" 0.0027652087829827003 0.002844138 0.0037895592 0.006633697 300.43692780205 35.55172694765 1956.18323 -3.462999999999999 -6.498 0.8
300.42204935151 35.62568222885 0.0101 0.011 9.7516 "" 2682-2020-1 2059466131615863936 1934.10535 0.4784 0.0133 -4.147 -6.902 0.013 0.015 1.168 6212.6 2.7714 11.82853 0.918621 12.19172 11.273099 "" "" 1887.38159 1982.93225 349570.41817 58.411 181440.0 125.44 245420.0 74.075 "" "" 0.002761286382203852 0.0028893766 0.0037935628 0.0066829394 300.42204935151 35.62568222885 1934.10535 -4.147 -6.901999999999996 1.0
300.3750871843 35.62347276487 0.012 0.0141 12.0014 "" "" 2059465994176991488 1869.38904 0.523 0.0165 -3.991 -6.829 0.016 0.019 1.609 "" "" 12.218796 1.027682 12.633512 11.605829 -5.09 22.03 1807.91931 1940.62634 244021.66926 93.778 120780.0 128.81 180650.0 251.78 "" "" 0.002786734182124968 0.0030208987 0.0040710713 0.00709197 300.3750871843 35.62347276487 1869.38904 -3.9909999999999988 -6.828999999999999 1.0
300.7591223743 35.52233982884 0.0069 0.0081 11.3214 "" "" 2059455716290778240 1943.02014 0.503 0.0095 -3.2 -6.618 0.009 0.01 0.946 "" "" 12.375642 1.306954 12.942835 11.63588 "" "" 1915.92859 1975.00146 211198.05374 43.5 90841.0 81.051 175710.0 83.03 "" "" 0.0027643802747004823 0.0029535533 0.0038140465 0.0067676 300.7591223743 35.52233982884 1943.02014 -3.1999999999999993 -6.617999999999998 0.8
300.70690617762 35.69055415033 0.0066 0.008 4.6706 "" "" 2059460908935275904 1941.74768 0.4984 0.009 -3.412 -6.58 0.009 0.011 0.881 "" "" 12.486755 0.990345 12.88519 11.894845 "" "" 1911.25708 1981.78723 190653.47421 35.797 95795.0 64.221 138430.0 54.19 "" "" 0.002762851279109765 0.0028835488 0.0038032057 0.0066867545 300.70690617762 35.69055415033 1941.74768 -3.412 -6.58 0.9
300.45204521938 35.65855207695 0.008 0.0089 7.9487 "" "" 2059467746523555200 1991.854 0.4886 0.0106 -3.785 -6.708 0.011 0.012 1.06 6183.2 2.8192 12.75763 1.29434 13.318714 12.024374 "" "" 1955.68372 2039.30664 148557.49303 65.227 64259.0 92.809 122860.0 164.49 "" "" 0.002796255504874147 0.0032006344 0.0040492914 0.0072499258 300.45204521938 35.65855207695 1991.854 -3.785 -6.708 0.9
300.67759547641 35.62405279118 0.0085 0.0105 4.1269 "" "" 2059460153021007744 1866.10327 0.507 0.0116 -3.442 -6.714 0.012 0.014 1.123 "" "" 13.432627 1.168408 13.916721 12.748313 "" "" 1823.56531 1909.76221 79780.37895 64.548 37045.0 79.244 63071.0 148.88 "" "" 0.002891961650955452 0.0036303152 0.004566417 0.008196732 300.67759547641 35.62405279118 1866.10327 -3.442 -6.713999999999999 0.9
300.62924651236 35.70845458268 0.0087 0.0104 2.4219 "" "" 2059461630489903744 1869.60986 0.5077 0.0116 -3.62 -6.567 0.012 0.014 1.075 "" "" 13.633055 1.228948 14.154716 12.925768 "" "" 1831.76245 1906.43188 66332.26557 16.213 29753.0 29.765 53561.0 20.02 "" "" 0.0027680704842563612 0.0029941313 0.003801108 0.0067952396 300.62924651236 35.70845458268 1869.60986 -3.62 -6.567000000000002 0.9
300.60106283791 35.68399751363 0.009 0.0124 1.0697 "" "" 2059461493050965760 1784.25098 0.5332 0.0128 -3.731 -6.891 0.012 0.016 1.084 "" "" 13.727812 1.423 14.359695 12.936695 "" "" 1743.55518 1838.49011 60788.57998 21.626 24634.0 34.63 53025.0 50.886 "" "" 0.0027822626281986352 0.0031803555 0.0039203777 0.007100733 300.60106283791 35.68399751363 1784.25098 -3.7310000000000008 -6.891 1.0
300.6644484415 35.69551265239 0.0092 0.0114 2.8783 "" "" 2059461699209318272 1893.86279 0.4996 0.0126 -3.456 -6.557 0.013 0.015 1.081 6212.0 3.3259 13.769625 1.142825 14.238399 13.095574 "" "" 1848.9906 1935.41602 58492.05129 56.247 27546.0 89.617 45807.0 112.16 "" "" 0.002946499210433636 0.004501345 0.00462073 0.0091220755 300.6644484415 35.69551265239 1893.86279 -3.456000000000001 -6.557 0.9
300.54710713487 35.56113356271 0.0107 0.0121 7.3076 "" "" 2059454552383767168 2029.79443 0.4667 0.0143 -3.477 -6.749 0.015 0.017 1.044 "" "" 14.071749 1.417387 14.686211 13.268824 "" "" 1970.24426 2093.67725 44284.02744 16.516 18236.0 28.864 39051.0 56.551 "" "" 0.002784916390372801 0.0032769365 0.0040933876 0.007370324 300.54710713487 35.56113356271 2029.79443 -3.476999999999999 -6.748999999999998 0.9
300.60892073231 35.67270078111 0.0124 0.0153 0.3198 "" "" 2059461424331466624 2173.54736 0.4386 0.0169 -3.639 -6.572 0.017 0.02 1.241 9943.1 3.7861 14.123824 1.036618 14.539921 13.503303 "" "" 2110.94189 2245.6543 42210.15235 10.867 20866.0 20.009 31466.0 20.226 "" "" 0.00276946246214359 0.0029780914 0.0038432786 0.0068213698 300.60892073231 35.67270078111 2173.54736 -3.638999999999999 -6.572 1.0
300.75896782185 35.4988382682 0.0112 0.0132 12.4515 "" "" 2058699153527922176 1856.73438 0.5072 0.0152 -3.409 -6.58 0.015 0.017 1.035 "" "" 14.281034 1.250584 14.813067 13.562484 "" "" 1800.49634 1909.65063 36520.19738 7.5341 16225.0 14.807 29796.0 19.448 "" "" 0.002764409435606989 0.0029608828 0.0038452481 0.006806131 300.75896782185 35.4988382682 1856.73438 -3.409 -6.58 0.9
300.79830372869 35.54308086907 0.0132 0.0152 11.7598 "" "" 2059455823693796096 1878.67432 0.5011 0.0178 -3.213 -6.549 0.017 0.02 1.093 "" "" 14.559615 1.38322 15.169162 13.785942 "" "" 1827.08276 1949.33301 28255.35223 7.6039 11688.0 13.887 24254.0 20.67 "" "" 0.002770769257896716 0.0030739503 0.0038910029 0.006964953 300.79830372869 35.54308086907 1878.67432 -3.212999999999999 -6.5489999999999995 0.8
300.50213827288 35.64613177378 0.0119 0.0137 5.6607 "" "" 2059467059328688768 1891.38159 0.5021 0.016 -3.524 -6.57 0.016 0.018 1.024 "" "" 14.570725 1.35519 15.164381 13.809191 "" "" 1845.04858 1942.75 27967.69517 7.0406 11740.0 13.318 23740.0 13.141 "" "" 0.002768843665719599 0.0030499287 0.0038268687 0.0068767974 300.50213827288 35.64613177378 1891.38159 -3.524000000000001 -6.57 0.9
300.77522284825 35.52733639369 0.0136 0.0145 11.604 "" "" 2059455686254848512 1919.77527 0.494 0.0177 -3.565 -6.577 0.018 0.019 1.007 "" "" 14.617692 1.422306 15.250799 13.828493 "" "" 1864.68542 1978.60181 26783.65014 6.116 10842.0 13.014 23322.0 13.224 "" "" 0.00276645200512389 0.003079528 0.0038291945 0.006908722 300.77522284825 35.52733639369 1919.77527 -3.5650000000000004 -6.577000000000002 0.9
300.69344746129 35.7851781748 0.0122 0.0152 7.9133 "" "" 2059463726433931392 2025.95349 0.4695 0.0164 -3.374 -6.465 0.016 0.021 0.991 "" "" 14.727695 1.117787 15.193203 14.075416 "" "" 1970.78418 2089.80322 24202.98613 4.6272 11432.0 13.225 18578.0 9.1709 "" "" 0.002763128029422758 0.0030598436 0.0038171962 0.0068770396 300.69344746129 35.7851781748 2025.95349 -3.3739999999999988 -6.464999999999999 0.9
300.51646528585 35.68457134056 0.0149 0.0165 4.8588 "" "" 2059467540365046272 2095.38672 0.4598 0.0194 -3.677 -6.508 0.02 0.022 1.063 "" "" 14.920357 1.345884 15.502303 14.156419 "" "" 2003.16125 2183.80518 20267.67989 5.7206 8599.9 10.418 17242.0 13.447 "" "" 0.0027723098622941277 0.0030846372 0.0038730784 0.0069577154 300.51646528585 35.68457134056 2095.38672 -3.677000000000001 -6.508000000000001 0.9
300.63603164435 35.68117952997 0.0138 0.0168 1.2483 "" "" 2059461355611957760 2037.51221 0.4644 0.019 -3.402 -6.485 0.019 0.023 1.003 "" "" 14.928635 1.630293 15.686914 14.056622 "" "" 1952.79199 2142.05151 20113.73435 7.4539 7255.2 11.507 18902.0 15.621 "" "" 0.002784543633289392 0.003278778 0.0038844342 0.007163212 300.63603164435 35.68117952997 2037.51221 -3.402 -6.485 0.9
300.60439774046 35.7048767502 0.0153 0.0187 2.1553 "" "" 2059473278441244800 2029.0885 0.464 0.0208 -3.667 -6.549 0.02 0.026 0.991 "" "" 15.012819 1.872512 15.928285 14.055773 "" "" 1957.46094 2098.82495 18613.12015 14.662 5809.0 18.478 18917.0 43.459 "" "" 0.0028850060074304905 0.004439901 0.004528283 0.008968184 300.60439774046 35.7048767502 2029.0885 -3.6670000000000016 -6.549000000000002 0.9
300.58598640124 35.65366111657 0.0148 0.018 1.6979 "" "" 2059455514456480256 1995.33044 0.4674 0.0202 -3.472 -6.681 0.02 0.024 1.02 "" "" 15.088759 1.289209 15.645054 14.355844 "" "" 1908.9425 2111.50781 17355.74052 4.7876 7540.4 9.7881 14349.0 12.986 "" "" 0.002771550208848231 0.0031259242 0.003905027 0.007030951 300.58598640124 35.65366111657 1995.33044 -3.471999999999999 -6.681000000000002 1.0
300.54352085214 35.60584254164 0.0161 0.0198 5.1727 "" "" 2059454964700678656 1820.75208 0.5143 0.0222 -3.591 -6.642 0.022 0.027 1.027 "" "" 15.251709 2.330745 16.480822 14.150077 "" "" 1756.82092 1895.39587 14936.99704 5.8531 3492.1 8.5791 17343.0 14.705 "" "" 0.002787973420128369 0.0038600236 0.0038898855 0.007749909 300.54352085214 35.60584254164 1820.75208 -3.591 -6.6419999999999995 0.8
300.54212815355 35.55467265335 0.018 0.0189 7.7632 "" "" 2059454552383768064 2036.94226 0.4564 0.023 -3.68 -7.025 0.025 0.026 0.972 "" "" 15.272728 2.156935 16.369564 14.212629 "" "" 1937.84851 2163.64282 14650.60162 8.344 3868.9 10.836 16372.0 29.98 "" "" 0.002823855798120664 0.004127018 0.0042704283 0.008397447 300.54212815355 35.55467265335 2036.94226 -3.6799999999999997 -7.025 0.8
300.58261408521 35.71419148554 0.0169 0.0211 3.0783 "" "" 2059473347160763776 1769.20654 0.5339 0.0231 -3.548 -6.535 0.022 0.03 1.046 "" "" 15.347527 1.506252 16.027502 14.52125 "" "" 1696.28003 1848.5531 13675.28265 4.7387 5301.7 7.6798 12321.0 14.97 "" "" 0.0027808873351440147 0.0032029024 0.00400299 0.0072058924 300.58261408521 35.71419148554 1769.20654 -3.548 -6.535 0.9
300.63226642273 35.65723963882 0.0186 0.0227 1.152 "" "" 2059461149453510528 1698.67383 0.5632 0.0252 -4.282 -6.727 0.026 0.03 1.107 "" "" 15.494516 1.643219 16.254128 14.610909 "" "" 1624.71362 1785.60376 11943.73333 4.1558 4302.9 8.9074 11345.0 12.349 "" "" 0.0027810981717983473 0.0035828254 0.003959852 0.007542677 300.63226642273 35.65723963882 1698.67383 -4.282 -6.727000000000002 0.9
300.64678172796 35.57203188048 0.02 0.0223 6.0798 "" "" 2059454036987569536 1952.60437 0.483 0.0253 -3.557 -6.717 0.026 0.029 1.023 "" "" 15.501602 1.670633 16.276308 14.605675 "" "" 1863.62634 2033.73413 11866.04518 3.4832 4215.9 8.5779 11400.0 16.688 "" "" 0.002773691755176368 0.0035588148 0.0040999767 0.0076587917 300.64678172796 35.57203188048 1952.60437 -3.5569999999999986 -6.716999999999997 0.9
300.6562729836 35.75786370263 0.0178 0.0211 5.6561 "" "" 2059462180245729792 2095.34375 0.4537 0.0236 -3.383 -6.38 0.023 0.029 1.09 "" "" 15.510692 1.122455 15.980389 14.857934 "" "" 2008.96655 2189.01416 11767.11408 3.3932 5536.8 8.1859 9036.2 10.199 "" "" 0.0027730510840992583 0.0032189668 0.0039730915 0.0071920585 300.6562729836 35.75786370263 2095.34375 -3.382999999999999 -6.38 0.8
300.61564566517 35.71581565223 0.0189 0.024 2.7551 "" "" 2059461630489930240 1779.99084 0.5295 0.0257 -3.562 -6.577 0.025 0.033 1.075 "" "" 15.573075 2.260556 16.751717 14.49116 "" "" 1709.94788 1872.06421 11110.0678 7.8466 2721.0 11.449 12668.0 29.564 "" "" 0.0028600333297970583 0.0053530596 0.0045501734 0.0099032335 300.61564566517 35.71581565223 1779.99084 -3.5620000000000007 -6.577 0.8
300.68971248906 35.74781943537 0.0196 0.0236 5.9396 "" "" 2059461939727501312 1747.20789 0.5429 0.0264 -3.467 -6.547 0.026 0.032 1.021 7196.8 3.7522 15.674993 1.749982 16.503462 14.75348 "" "" 1664.1449 1833.15454 10114.62207 4.4784 3420.0 8.5236 9948.7 13.413 "" "" 0.002796942403829107 0.0038868063 0.0040529566 0.007939763 300.68971248906 35.74781943537 1747.20789 -3.467000000000001 -6.546999999999998 1.0
300.68173022503 35.7116305722 0.0207 0.0238 4.1229 "" "" 2059461733569048064 1992.46924 0.4719 0.0271 -3.493 -6.573 0.029 0.033 0.997 7113.7 3.8916 15.725285 2.06045 16.766163 14.705713 "" "" 1887.96033 2078.26855 9656.79116 4.1253 2685.0 11.383 10396.0 14.468 "" "" 0.002794085884886139 0.0053825877 0.004070242 0.009452829 300.68173022503 35.7116305722 1992.46924 -3.4929999999999994 -6.573000000000003 0.9
300.85806879998 35.62815843487 0.0223 0.0259 12.1364 "" "" 2059457953997575552 1724.38586 0.5553 0.0295 -3.66 -6.965 0.03 0.035 1.051 5526.0 4.2174 15.882372 1.220111 16.412066 15.191955 "" "" 1650.55347 1808.5957 8355.99088 2.9344 3720.4 10.346 6643.2 10.456 "" "" 0.002781575983788063 0.004111114 0.0041477717 0.008258886 300.85806879998 35.62815843487 1724.38586 -3.660000000000001 -6.965000000000002 0.9
300.77602069835 35.67907848174 0.0235 0.028 7.8915 "" "" 2059459294027477888 1918.69922 0.5006 0.0312 -3.413 -6.635 0.031 0.034 1.029 7985.3 4.0818 16.07747 1.833406 16.970139 15.136733 "" "" 1797.83606 2050.42212 6981.66107 4.1091 2225.2 8.1433 6989.8 9.4722 "" "" 0.0028284504179912854 0.0048551494 0.0040556802 0.008910829 300.77602069835 35.67907848174 1918.69922 -3.413000000000001 -6.635 0.9
300.74243582501 35.84155491135 0.0279 0.034 12.0361 "" "" 2059464276189732608 1578.32922 0.6068 0.0371 -3.283 -6.425 0.036 0.045 1.216 7785.8 3.6784 16.112494 1.953466 17.071861 15.118395 "" "" 1501.23157 1671.28931 6760.04492 5.4009 2026.2 8.0262 7108.9 14.383 "" "" 0.0028886409229082885 0.005126613 0.0043714107 0.009498024 300.74243582501 35.84155491135 1578.32922 -3.283 -6.425 0.8
300.61257075095 35.60588987588 0.0254 0.0303 3.8421 "" "" 2059454380585029888 2020.79504 0.4813 0.0342 -3.483 -6.7 0.034 0.041 1.043 9237.5 3.597 16.11492 1.869102 17.02072 15.151617 "" "" 1898.53552 2167.31885 6744.95669 2.9654 2123.9 7.3221 6894.6 7.4652 "" "" 0.0027963625459506898 0.004668564 0.0039579975 0.008626562 300.61257075095 35.60588987588 2020.79504 -3.483 -6.7 0.9
300.68608166934 35.75601069235 0.0269 0.0322 6.2329 "" "" 2059462145885945600 2152.84375 0.4491 0.0362 -3.672 -7.397 0.036 0.044 1.171 5997.8 4.1981 16.118519 1.340785 16.667353 15.326568 "" "" 2000.64868 2375.58032 6722.62754 3.8772 2940.9 8.8231 5868.6 8.881 "" "" 0.002825579318546036 0.004288988 0.004121086 0.008410074 300.68608166934 35.75601069235 2152.84375 -3.6720000000000006 -7.397000000000002 0.8
300.61166795983 35.70524331335 0.0274 0.0322 2.1247 "" "" 2059461630489924736 2163.50439 0.4372 0.0366 -3.821 -6.378 0.037 0.044 1.073 8216.7 4.0959 16.22286 2.026213 17.241508 15.215296 "" "" 2001.17871 2345.33789 6106.64065 3.1496 1733.1 5.4161 6501.9 9.328 "" "" 0.0028116496874440668 0.0043929126 0.0040877904 0.008480703 300.61166795983 35.70524331335 2163.50439 -3.8209999999999997 -6.378000000000002 0.9
300.37491484242 35.6246240136 0.0318 0.0354 11.9936 "" "" 2059465994152518400 1812.31421 0.5233 0.0424 -4.015 -6.764 0.042 0.047 1.088 8738.9 4.1971 16.238592 1.95349 17.085089 15.131598 "" "" 1693.16907 1959.87195 6018.80366 12.296 2001.6 35.864 7022.9 52.29 "" "" 0.0035371860754723184 0.01965293 0.008923835 0.028576765 300.37491484242 35.6246240136 1812.31421 -4.015000000000001 -6.764000000000001 0.8
300.62267855101 35.7080302786 0.0267 0.032 2.3219 "" "" 2059461630489913344 1954.43823 0.4795 0.0354 -3.52 -6.56 0.038 0.044 1.023 6558.9 3.7237 16.254417 2.17876 17.384653 15.205894 "" "" 1817.79163 2102.27783 5931.70471 4.2492 1519.0 7.7004 6558.4 13.643 "" "" 0.002862991043856219 0.006170839 0.004402832 0.010573671 300.62267855101 35.7080302786 1954.43823 -3.5200000000000005 -6.5600000000000005 0.9
300.67198456734 35.80535580784 0.0261 0.0309 8.5956 "" "" 2059475546183982976 1902.80115 0.5097 0.0343 -3.48 -6.482 0.034 0.041 1.021 7700.0 3.6937 16.284178 1.906994 17.198063 15.291069 "" "" 1779.70898 2028.35254 5771.32518 2.7732 1803.8 9.9221 6063.6 31.139 "" "" 0.0028042773937952364 0.006591894 0.0067358757 0.01332777 300.67198456734 35.80535580784 1902.80115 -3.4799999999999995 -6.482000000000003 0.9
