Clusters/FSR_0198/FSR_0198_stars_in_region.tsv
# %ECSV 1.0
# ---
# datatype:
# - name: RA_ICRS_1
#   unit: deg
#   datatype: float64
#   format: '{:15.11f}'
#   description: Right ascension (ICRS) at Ep=2016.0 (ra)
#   meta: !!omap
#   - {ucd: POS_EQ_RA_MAIN}
#   - {width: 15}
#   - {precision: '11'}
# - name: DE_ICRS_1
#   unit: deg
#   datatype: float64
#   format: '{:15.11f}'
#   description: Declination (ICRS) at Ep=2016.0 (dec)
#   meta: !!omap
#   - {ucd: POS_EQ_DEC_MAIN}
#   - {width: 15}
#   - {precision: '11'}
# - name: e_RA_ICRS
#   unit: mas
#   datatype: float64
#   format: '{:7.4f}'
#   description: Standard error of right ascension (ra_error)
#   meta: !!omap
#   - {ucd: ERROR}
#   - {width: 7}
#   - {precision: '4'}
# - name: e_DE_ICRS
#   unit: mas
#   datatype: float64
#   format: '{:7.4f}'
#   description: Standard error of declination (dec_error)
#   meta: !!omap
#   - {ucd: ERROR}
#   - {width: 7}
#   - {precision: '4'}
# - name: _r_1
#   unit: ''
#   datatype: float64
#   format: '{:7.4f}'
#   description: Distance from center (300.61450682000+35.66990604000)[ICRS], at Epoch=J2016.0
#   meta: !!omap
#   - {ucd: POS_ANG_DIST_GENERAL}
#   - {width: 7}
#   - {precision: '4'}
# - name: HIP
#   datatype: int32
#   description: '? HIP cross-id number, van Leeuwen, Cat. I/311 (hip_original_ext_source_id)'
#   meta: !!omap
#   - {ucd: ID_NUMBER}
#   - {width: 6}
#   - values: {'null': -2147483648}
# - name: TYC2
#   datatype: string
#   description: Tycho-2 cross-id name, Hog et al., Cat. I/259 (tyc2_original_ext_source_id)
#   meta: !!omap
#   - {ucd: ID_CROSSID}
#   - {_votable_string_dtype: char}
# - name: Source
#   datatype: int64
#   description: Source identifier, identical to the Gaia-EDR3 source_id (id)
#   meta: !!omap
#   - {ucd: ID_MAIN}
#   - {width: 19}
# - name: rgeo
#   unit: pc
#   datatype: float64
#   format: '{:15.8f}'
#   description: '? Median of the geometric distance posterior (r_med_geo)'
#   meta: !!omap
#   - {ucd: PHYS_DISTANCE_TRUE}
#   - {width: 15}
#   - {precision: '8'}
#   - values: {'null': .nan}
# - name: Plx
#   unit: mas
#   datatype: float64
#   format: '{:9.4f}'
#   description: '? Parallax (parallax)'
#   meta: !!omap
#   - {ucd: POS_PARLX_TRIG}
#   - {width: 9}
#   - {precision: '4'}
#   - values: {'null': .nan}
# - name: e_Plx
#   unit: mas
#   datatype: float32
#   format: '{:7.4f}'
#   description: '? Standard error of parallax (parallax_error)'
#   meta: !!omap
#   - {ucd: ERROR}
#   - {width: 7}
#   - {precision: '4'}
#   - values: {'null': .nan}
# - name: pmRA
#   unit: mas / yr
#   datatype: float64
#   format: '{:9.3f}'
#   description: '? Proper motion in right ascension direction, pmRA*cosDE (pmra)'
#   meta: !!omap
#   - {ucd: POS_EQ_PMRA}
#   - {width: 9}
#   - {precision: '3'}
#   - values: {'null': .nan}
# - name: pmDE
#   unit: mas / yr
#   datatype: float64
#   format: '{:9.3f}'
#   description: '? Proper motion in declination direction (pmdec)'
#   meta: !!omap
#   - {ucd: POS_EQ_PMDEC}
#   - {width: 9}
#   - {precision: '3'}
#   - values: {'null': .nan}
# - name: e_pmRA
#   unit: mas / yr
#   datatype: float32
#   format: '{:6.3f}'
#   description: '? Standard error of proper motion in right ascension direction (pmra_error)'
#   meta: !!omap
#   - {ucd: ERROR}
#   - {width: 6}
#   - {precision: '3'}
#   - values: {'null': .nan}
# - name: e_pmDE
[...]
#         value: !astropy.table.SerializedColumn {name: SkyCoord.dec}
#       distance: !astropy.table.SerializedColumn
#         __class__: astropy.coordinates.distances.Distance
#         unit: !astropy.units.Unit {unit: pc}
#         value: !astropy.table.SerializedColumn {name: SkyCoord.distance}
#       frame: icrs
#       obstime: !astropy.time.Time {format: jyear_str, in_subfmt: '*', jd1: 367701545.0, jd2: 0.0, out_subfmt: '*', precision: 3, scale: tt}
#       pm_dec: !astropy.table.SerializedColumn
#         __class__: astropy.units.quantity.Quantity
#         unit: !astropy.units.Unit {unit: mas / yr}
#         value: !astropy.table.SerializedColumn {name: SkyCoord.pm_dec}
#       pm_ra_cosdec: !astropy.table.SerializedColumn
#         __class__: astropy.units.quantity.Quantity
#         unit: !astropy.units.Unit {unit: mas / yr}
#         value: !astropy.table.SerializedColumn {name: SkyCoord.pm_ra_cosdec}
#       ra: !astropy.table.SerializedColumn
#         __class__: astropy.coordinates.angles.Longitude
#         unit: *id001
#         value: !astropy.table.SerializedColumn {name: SkyCoord.ra}
#         wrap_angle: !astropy.coordinates.Angle
#           unit: *id001
#           value: 360.0
#       representation_type: spherical
# schema: astropy-2.0
RA_ICRS_1 DE_ICRS_1 e_RA_ICRS e_DE_ICRS _r_1 HIP TYC2 Source rgeo Plx e_Plx pmRA pmDE e_pmRA e_pmDE RUWE Teff logg Gmag BP-RP BPmag RPmag RV e_RV b_rgeo B_rgeo FG e_FG FBP e_FBP FRP e_FRP RAVE5 RAVE6 e_Gmag e_BPmag e_RPmag e_BP-RP SkyCoord.ra SkyCoord.dec SkyCoord.distance SkyCoord.pm_ra_cosdec SkyCoord.pm_dec rmRA rmDE e_rmRA e_rmDE rRV e_rRV v_pec v_pec3d e_vpec e_vpec3d
[from data line 1144]
301.07432845177 35.59095052557 0.0272 0.0322 22.9193 "" "" 2059078725567416832 1590.33228 0.6175 0.037 -1.265 -3.414 0.036 0.04 1.014 5254.5 4.5346 16.352837 1.18505 16.865242 15.680192 "" "" 1504.7605 1683.5332 5417.66616 3.1318 2450.9 12.092 4237.2 13.524 "" "" 0.0028259004089704848 0.006039803 0.0051276274 0.01116743 301.07432845177 35.59095052557 1590.33228 -1.2650000000000001 -3.4140000000000015 2.2980216598510745 3.2366085395812987 0.2519459 0.2559459 "" "" 29.922413610786947 "" 7.61861378510523 ""
300.24009032369 35.74347399031 0.0284 0.0366 18.7684 "" "" 2059517636866622464 1865.05566 0.5016 0.0384 -2.314 -6.817 0.038 0.048 1.075 6826.8 4.2713 16.354647 1.597053 17.098915 15.501862 "" "" 1729.27783 2022.35535 5408.64121 2.4893 1976.3 8.7261 4993.6 9.8432 "" "" 0.0028002667938125526 0.005546783 0.0043432736 0.009890057 300.24009032369 35.74347399031 1865.05566 -2.314 -6.817 1.2490216598510742 -0.16639146041870134 0.2539459 0.2639459 "" "" 11.139353841059588 "" 2.830773065062141 ""
300.56095789468 35.98556554233 0.0411 0.0519 19.1179 "" "" 2059481387316687232 1550.67407 0.6396 0.0572 -1.177 -4.247 0.055 0.067 1.351 6349.6 3.9195 16.357574 1.55569 16.915203 15.359513 "" "" 1425.95483 1729.84167 5394.07374 3.4209 2340.6 7.4066 5693.2 16.466 "" "" 0.002840055888794157 0.00442596 0.0049137077 0.009339668 300.56095789468 35.98556554233 1550.67407 -1.177 -4.247 2.386021659851074 2.403608539581299 0.2709459 0.2829459 "" "" 24.893661498386578 "" 6.8969118627683965 ""
300.8351955697 35.46590312477 0.0279 0.0323 16.3044 "" "" 2058703963891205120 1770.73315 0.5388 0.038 -3.445 -6.629 0.038 0.045 0.991 8187.3 4.274 16.359604 1.840517 17.26147 15.420954 "" "" 1648.36914 1878.71643 5383.999 2.5906 1701.5 5.9747 5379.9 8.8189 "" "" 0.0028044093747107263 0.0047244164 0.0041774777 0.008901894 300.8351955697 35.46590312477 1770.73315 -3.4449999999999994 -6.629000000000006 0.11802165985107438 0.02160853958129927 0.2539459 0.26094592 "" "" 1.0070545583199664 "" 0.255969053917393 ""
300.59280447605 35.69582179164 0.031 0.0372 1.8806 "" "" 2059473244081514496 1995.0033 0.4759 0.0422 -3.596 -6.439 0.04 0.05 1.113 7486.4 3.9168 16.360508 2.26182 17.546309 15.284489 "" "" 1834.09326 2138.79224 5379.52144 5.7281 1308.9 7.288 6100.5 23.993 "" "" 0.00298803127444007 0.006658236 0.00570245 0.012360686 300.59280447605 35.69582179164 1995.0033 -3.595999999999999 -6.439 -0.032978340148925867 0.21160853958129877 0.2559459 0.2659459 "" "" 2.025191919528441 "" 0.5381201174564728 ""
300.59529500949 35.31017682967 0.0423 0.0476 21.6041 "" "" 2058696228639616768 1865.33777 0.5172 0.059 -3.482 -6.771 0.079 0.088 0.971 5644.2 4.2044 16.360514 1.867912 17.044239 15.176327 "" "" 1659.33289 2158.60913 5379.49175 19.502 2078.4 105.6 6739.5 254.64 "" "" 0.00480462205894834 0.055234946 0.041196335 0.096431285 300.59529500949 35.31017682967 1865.33777 -3.4819999999999998 -6.771000000000006 0.08102165985107401 -0.12039146041870108 0.2949459 0.3039459 "" "" 1.2830710574307482 "" 0.3864215107358851 ""
300.35500182489 35.69658597226 0.0283 0.0306 12.7479 "" "" 2059469773748332416 1541.50977 0.6252 0.0371 -1.93 -6.297 0.036 0.039 0.957 5165.7 3.862 16.36196 1.375054 16.95061 15.575555 "" "" 1451.01697 1629.03589 5372.33432 2.5132 2265.5 13.414 4665.9 26.284 "" "" 0.0028017430025632545 0.0070080203 0.0071896734 0.014197694 300.35500182489 35.69658597226 1541.50977 -1.929999999999999 -6.297000000000001 1.6330216598510743 0.3536085395812991 0.2519459 0.2549459 "" "" 12.208622825359715 "" 3.0775623396325456 ""
300.46405620297 35.95467910785 0.0273 0.0323 18.5885 "" "" 2059526776557425792 2123.61182 0.4624 0.0373 -1.934 -4.409 0.036 0.041 1.032 6380.9 4.0721 16.365395 1.478547 17.044374 15.565827 "" "" 1936.68408 2322.60376 5355.35955 2.2909 2078.1 8.1046 4707.9 8.6953 "" "" 0.0027941914809887377 0.005070995 0.004278434 0.009349429 300.46405620297 35.95467910785 2123.61182 -1.9339999999999997 -4.409 1.6290216598510743 2.241608539581299 0.2519459 0.2569459 "" "" 27.8928086314907 "" 7.119053001929509 ""
300.53753510205 35.61249645939 0.0287 0.0321 5.0943 "" "" 2059455033420173312 1505.13879 0.6426 0.0383 -0.439 -1.839 0.038 0.044 1.035 5505.8 4.3996 16.366405 1.504567 17.063787 15.55922 "" "" 1424.22827 1607.18018 5350.3834 2.3709 2041.3 5.695 4736.6 9.9257 "" "" 0.002797010013796459 0.0041182996 0.0044113765 0.008529676 300.53753510205 35.61249645939 1505.13879 -0.43900000000000006 -1.839 3.124021659851074 4.811608539581298 0.2539459 0.2599459 "" "" 40.92851715790387 "" 10.566973235059864 ""
300.46504793515 35.98578269498 0.0286 0.0324 20.2994 "" "" 2059527017075621632 2049.51172 0.4776 0.0382 -0.676 -2.796 0.038 0.04 0.989 4903.7 4.2078 16.36772 1.817028 17.252048 15.43502 "" "" 1898.87744 2209.56592 5343.9107 2.5825 1716.3 9.035 5310.7 7.0681 "" "" 0.0028048337484097526 0.006360247 0.004046211 0.010406458 300.46504793515 35.98578269498 2049.51172 -0.676 -2.796 2.887021659851074 3.854608539581299 0.2539459 0.2559459 "" "" 46.78496247256731 "" 11.940876776493619 ""
300.34053092368 35.81485757394 0.0264 0.0303 15.9266 "" "" 2059519561011934336 1567.27539 0.6165 0.0353 0.483 -2.634 0.035 0.039 0.97 5544.1 4.4632 16.367937 1.332014 16.955914 15.623899 "" "" 1477.39941 1666.86206 5342.83287 2.3655 2254.5 8.6468 4462.7 6.8796 "" "" 0.0027969382414601554 0.0050125285 0.0041334196 0.009145948 300.34053092368 35.81485757394 1567.27539 0.4830000000000013 -2.6339999999999995 4.046021659851074 4.0166085395812985 0.2509459 0.2549459 "" "" 42.35340087028308 "" 10.712835950948865 ""
300.3153415877 35.73046748215 0.028 0.0319 15.0229 "" "" 2059470804540578432 1663.04089 0.5928 0.038 -3.889 -21.594 0.037 0.041 0.972 5456.7 4.5406 16.369516 1.215015 16.89601 15.680994 "" "" 1570.1709 1749.07446 5335.07414 2.2536 2382.4 6.5879 4234.1 5.4301 "" "" 0.0027932291553762053 0.0040986533 0.0040277247 0.008126378 300.3153415877 35.73046748215 1663.04089 -3.889 -21.594 -0.32597834014892557 -14.943391460418702 0.2529459 0.2569459 "" "" 117.8239965594445 "" 30.274171367721962 ""
300.40399515729 35.90656330631 0.0277 0.0308 17.51 "" "" 2059526123722429440 1970.85608 0.4836 0.0366 -5.212 -8.093 0.038 0.04 1.017 5816.8 4.1005 16.37135 1.486051 17.057913 15.571862 "" "" 1846.78857 2130.75293 5326.07263 2.3338 2052.4 7.1022 4681.8 8.0931 "" "" 0.0027960918506267376 0.0046798512 0.0042197444 0.008899596 300.40399515729 35.90656330631 1970.85608 -5.212 -8.093000000000002 -1.6489783401489255 -1.4423914604187011 0.2539459 0.2559459 "" "" 20.46618059696691 "" 5.215084827592525 ""
300.85116402887 35.72114510441 0.0348 0.0425 11.9345 "" "" 2059459598940435200 1534.80005 0.6322 0.0474 0.19 -7.909 0.045 0.056 1.348 5825.7 4.5275 16.372671 1.436474 16.976866 15.540392 "" "" 1419.5929 1657.86365 5319.58767 3.8025 2211.4 9.5966 4819.5 18.346 "" "" 0.002862536419671306 0.005475841 0.005600472 0.0110763125 300.85116402887 35.72114510441 1534.80005 0.19000000000000106 -7.909 3.753021659851074 -1.258391460418701 0.26094592 0.2719459 "" "" 28.796978039779788 "" 7.547071545628022 ""
300.93593855654 35.37321883105 0.03 0.0329 23.7333 "" "" 2058699600204262400 1566.79443 0.6154 0.0396 0.165 -5.473 0.039 0.045 1.076 5533.8 4.5539 16.374575 1.27882 16.936434 15.657614 "" "" 1478.52087 1685.3717 5310.27664 2.5408 2295.3 8.5376 4326.3 9.5798 "" "" 0.002803865163178694 0.0049086222 0.0044792555 0.009387878 300.93593855654 35.37321883105 1566.79443 0.16500000000000004 -5.473 3.7280216598510743 1.177608539581299 0.2549459 0.26094592 "" "" 29.034995708573312 "" 7.418327653871036 ""
301.08449852649 35.45239173361 0.0265 0.0323 26.3927 "" "" 2058690185635858432 1524.21423 0.6424 0.0372 -0.123 -5.563 0.033 0.04 0.998 4961.4 4.3446 16.374859 1.352225 16.979645 15.627419 "" "" 1461.47571 1601.72498 5308.88292 2.1986 2205.8 7.0592 4448.3 7.3039 "" "" 0.0027917678632012467 0.0044562747 0.0041787373 0.008635012 301.08449852649 35.45239173361 1524.21423 -0.12299999999999844 -5.563000000000001 3.440021659851074 1.087608539581299 0.24894589 0.2559459 "" "" 26.065965916178687 "" 6.505807806113667 ""
300.96047372222 35.86273309533 0.0287 0.0333 20.434 "" "" 2059837457314492800 1953.35913 0.4888 0.0385 -2.4 -3.329 0.037 0.041 0.945 6006.5 4.438 16.377352 1.195601 16.881178 15.685576 "" "" 1804.98633 2107.72827 5296.70773 2.4061 2415.2 9.7587 4216.3 10.384 "" "" 0.0027991151489854447 0.0051990794 0.0046296734 0.009828753 300.96047372222 35.86273309533 1953.35913 -2.4 -3.3289999999999997 1.1630216598510743 3.3216085395812986 0.2529459 0.2569459 "" "" 32.58522795734698 "" 8.358505535605051 ""
300.25617991633 35.83344205807 0.0282 0.031 20.0179 "" "" 2059519114335411840 2160.76221 0.441 0.0365 -1.77 -4.041 0.037 0.039 0.986 8745.3 3.6378 16.377914 1.49805 17.061241 15.563191 "" "" 2013.83997 2397.35107 5293.95968 2.1689 2046.1 5.7509 4719.3 8.4646 "" "" 0.0027909950250846606 0.004134919 0.0042515947 0.008386513 300.25617991633 35.83344205807 2160.76221 -1.77 -4.041 1.7930216598510742 2.6096085395812985 0.2529459 0.2549459 "" "" 32.42852150559934 "" 8.24677514793142 ""
300.33858482321 35.82123716451 0.0297 0.0338 16.2168 "" "" 2059519629731415424 1922.36743 0.4976 0.0396 -1.04 -6.956 0.04 0.044 1.115 5582.7 3.8413 16.378086 1.665433 17.172285 15.506852 "" "" 1796.12378 2039.34619 5293.12676 2.2201 1847.2 5.6944 4970.7 10.175 "" "" 0.00279269949340392 0.004357476 0.004384429 0.008741905 300.33858482321 35.82123716451 1922.36743 -1.0399999999999998 -6.9559999999999995 2.523021659851074 -0.3053914604187016 0.2559459 0.2599459 "" "" 23.157629271089984 "" 5.928447909137603 ""
300.62610245067 36.0620524408 0.0288 0.0375 23.5355 "" "" 2059857385963922176 2154.86084 0.442 0.0407 -0.732 -3.975 0.038 0.048 1.003 6475.1 4.3557 16.378666 1.378569 16.993996 15.615427 "" "" 1980.53528 2385.85205 5290.29706 2.5636 2176.8 6.5728 4497.7 6.9588 "" "" 0.00280510321544614 0.004304959 0.004135891 0.00844085 300.62610245067 36.0620524408 2154.86084 -0.732 -3.9749999999999996 2.831021659851074 2.6756085395812987 0.2539459 0.2639459 "" "" 39.78701712819778 "" 10.293381140063888 ""
301.13031647194 35.67801159395 0.0293 0.0336 25.1457 "" "" 2059080993310157312 1657.94446 0.584 0.0387 2.525 -2.06 0.037 0.042 0.986 5850.4 4.5079 16.378742 1.286863 16.876907 15.590044 "" "" 1557.50977 1776.46851 5289.93182 2.4944 2424.7 17.056 4604.1 46.016 "" "" 0.00280248062155418 0.008131075 0.011490781 0.019621857 301.13031647194 35.67801159395 1657.94446 2.525 -2.06 6.088021659851075 4.590608539581298 0.2529459 0.2579459 "" "" 59.920747473283534 "" 15.265986721895889 ""
300.15920183059 35.86337072378 0.0278 0.0323 25.0216 "" "" 2059522515949616512 1829.59644 0.5296 0.0372 -0.178 -3.717 0.038 0.039 0.984 6003.1 4.3484 16.380293 1.423158 17.020525 15.597367 "" "" 1703.5094 1974.91577 5282.38138 2.3267 2124.3 7.631 4573.1 7.4963 "" "" 0.002796514139522059 0.0047955 0.00417747 0.008972971 300.15920183059 35.86337072378 1829.59644 -0.17800000000000094 -3.717 3.3850216598510743 2.9336085395812987 0.2539459 0.2549459 "" "" 38.846068273229186 "" 9.881480154444091 ""
300.47134383282 35.50776276592 0.0288 0.0315 11.9767 "" "" 2059452593878735616 2022.39099 0.4755 0.0377 -5.397 -10.439 0.038 0.044 1.025 8128.5 4.1973 16.380484 1.516754 17.057325 15.540571 "" "" 1896.93665 2171.49829 5281.44786 2.6101 2053.5 6.055 4818.7 8.6267 "" "" 0.0028070802457879763 0.004246668 0.0042499257 0.008496594 300.47134383282 35.50776276592 2022.39099 -5.397 -10.439 -1.833978340148926 -3.7883914604187012 0.2539459 0.2599459 "" "" 40.34769955748476 "" 10.442687634361624 ""
300.27321204483 35.813483192 0.0297 0.0334 18.7207 "" "" 2059518289701663744 1911.60767 0.4987 0.0384 -2.812 -4.613 0.039 0.042 1.149 8111.4 4.2489 16.381033 1.539471 17.075487 15.536016 "" "" 1776.56628 2072.43652 5278.77762 2.7707 2019.4 8.0024 4839.0 8.0365 "" "" 0.0028136361064770455 0.005128028 0.0041874973 0.009315525 300.27321204483 35.813483192 1911.60767 -2.812 -4.613 0.7510216598510744 2.0376085395812984 0.2549459 0.2579459 "" "" 19.676985937773768 "" 5.068573691219801 ""
300.8668593208 35.4616935732 0.0297 0.0352 17.5432 "" "" 2058703826452214528 1944.05505 0.4916 0.0399 -3.104 -6.573 0.039 0.048 1.043 7467.8 3.8984 16.383892 2.058245 17.415195 15.356951 "" "" 1786.95166 2078.51636 5264.9009 2.6606 1476.9 5.4064 5706.6 9.4337 "" "" 0.00280941837130336 0.004856091 0.0041839248 0.009040016 300.8668593208 35.4616935732 1944.05505 -3.104000000000001 -6.573 0.4590216598510741 0.07760853958129843 0.2549459 0.2639459 "" "" 4.289832882210596 "" 1.0947667054342969 ""
300.45228536962 35.51617458326 0.0286 0.0301 12.1542 "" "" 2059452765677465856 1976.20947 0.4848 0.0369 -4.281 -11.247 0.038 0.039 1.063 5791.3 4.4155 16.384796 1.349652 16.982002 15.63235 "" "" 1831.54907 2099.89209 5260.51399 2.1593 2201.0 7.0426 4428.1 8.4524 "" "" 0.002791130101925821 0.0044557983 0.004310317 0.008766115 300.45228536962 35.51617458326 1976.20947 -4.281 -11.247 -0.7179783401489255 -4.596391460418701 0.2539459 0.2549459 "" "" 43.57757890990882 "" 11.108889256050075 ""
300.49452712122 35.42016678591 0.0285 0.0324 16.0885 "" "" 2059451253849550080 1476.87573 0.6667 0.0369 -0.697 -4.955 0.04 0.042 1.054 5711.8 4.2531 16.385265 1.254847 16.941236 15.686389 "" "" 1399.86438 1571.3197 5258.23793 2.5953 2285.2 9.1029 4213.1 8.9549 "" "" 0.002806948908382306 0.005146857 0.004428239 0.009575096 300.49452712122 35.42016678591 1476.87573 -0.6969999999999996 -4.955 2.866021659851074 1.6956085395812988 0.2559459 0.2579459 "" "" 23.311584091646612 "" 5.978627088944496 ""
300.23011525743 35.68455913463 0.0296 0.0332 18.7554 "" "" 2059493756847078400 2148.25903 0.4365 0.0384 0.633 0.173 0.038 0.04 0.961 10728.7 4.3087 16.386028 1.663454 17.166285 15.50283 "" "" 2011.72473 2339.76367 5254.54958 2.5126 1857.4 5.6358 4989.1 8.5239 "" "" 0.0028038063569529306 0.004317178 0.0042100707 0.008527249 300.23011525743 35.68455913463 2148.25903 0.6330000000000003 0.17300000000000024 4.196021659851074 6.823608539581299 0.2539459 0.2559459 "" "" 81.56897818917065 "" 20.832609803130644 ""
300.30259242717 35.65568800311 0.027 0.0307 15.229 "" "" 2059469223992556416 1664.92688 0.577 0.0361 3.284 -6.451 0.035 0.038 0.96 4983.8 4.3205 16.386133 1.277761 16.955425 15.677665 "" "" 1543.3479 1776.39734 5254.03967 2.1041 2255.5 7.476 4247.1 7.7405 "" "" 0.0027894170070038356 0.0045536794 0.00426607 0.00881975 300.30259242717 35.65568800311 1664.92688 3.2839999999999985 -6.450999999999999 6.847021659851074 0.1996085395812992 0.2509459 0.2539459 "" "" 54.05796315295403 "" 13.565762526959888 ""
300.90264261494 35.91148749358 0.0275 0.0306 20.1682 "" "" 2059840824568970496 1873.34485 0.5205 0.0357 -2.528 -2.974 0.035 0.037 0.984 5263.0 4.3264 16.38745 1.247683 16.930502 15.682819 "" "" 1768.75403 1970.35193 5247.6808 2.0849 2307.9 5.0309 4227.0 9.0111 "" "" 0.002788881989571241 0.0036587662 0.004431811 0.008090577 300.90264261494 35.91148749358 1873.34485 -2.5280000000000005 -2.9740000000000038 1.0350216598510742 3.6766085395812986 0.2509459 0.2529459 "" "" 33.916003369666576 "" 8.573951244231695 ""
300.21651690153 35.94060712516 0.027 0.0324 25.2757 "" "" 2059524302656009984 1702.72339 0.5646 0.0362 -0.687 -5.433 0.036 0.043 1.059 5649.2 4.5014 16.387667 1.259205 16.94036 15.681154 "" "" 1602.04297 1823.62585 5246.62682 2.2378 2287.0 6.0402 4233.5 7.5528 "" "" 0.002793965235301094 0.004000979 0.004246852 0.008247831 300.21651690153 35.94060712516 1702.72339 -0.6870000000000019 -5.433 2.876021659851074 1.217608539581299 0.2519459 0.2589459 "" "" 25.206665779196555 "" 6.3778500377094955 ""
