Clusters/FSR_0198/FSR_0198_stars_in_region.tsv
# %ECSV 1.0
# ---
# datatype:
# - name: RA_ICRS_1
#   unit: deg
#   datatype: float64
#   format: '{:15.11f}'
#   description: Right ascension (ICRS) at Ep=2016.0 (ra)
#   meta: !!omap
#   - {ucd: POS_EQ_RA_MAIN}
#   - {width: 15}
#   - {precision: '11'}
# - name: DE_ICRS_1
#   unit: deg
#   datatype: float64
#   format: '{:15.11f}'
#   description: Declination (ICRS) at Ep=2016.0 (dec)
#   meta: !!omap
#   - {ucd: POS_EQ_DEC_MAIN}
#   - {width: 15}
#   - {precision: '11'}
# - name: e_RA_ICRS
#   unit: mas
#   datatype: float64
#   format: '{:7.4f}'
#   description: Standard error of right ascension (ra_error)
#   meta: !!omap
#   - {ucd: ERROR}
#   - {width: 7}
#   - {precision: '4'}
# - name: e_DE_ICRS
#   unit: mas
#   datatype: float64
#   format: '{:7.4f}'
#   description: Standard error of declination (dec_error)
#   meta: !!omap
#   - {ucd: ERROR}
#   - {width: 7}
#   - {precision: '4'}
# - name: _r_1
#   unit: ''
#   datatype: float64
#   format: '{:7.4f}'
#   description: Distance from center (300.61450682000+35.66990604000)[ICRS], at Epoch=J2016.0
#   meta: !!omap
#   - {ucd: POS_ANG_DIST_GENERAL}
#   - {width: 7}
#   - {precision: '4'}
# - name: HIP
#   datatype: int32
#   description: '? HIP cross-id number, van Leeuwen, Cat. I/311 (hip_original_ext_source_id)'
#   meta: !!omap
#   - {ucd: ID_NUMBER}
#   - {width: 6}
#   - values: {'null': -2147483648}
# - name: TYC2
#   datatype: string
#   description: Tycho-2 cross-id name, Hog et al., Cat. I/259 (tyc2_original_ext_source_id)
#   meta: !!omap
#   - {ucd: ID_CROSSID}
#   - {_votable_string_dtype: char}
# - name: Source
#   datatype: int64
#   description: Source identifier, identical to the Gaia-EDR3 source_id (id)
#   meta: !!omap
#   - {ucd: ID_MAIN}
#   - {width: 19}
# - name: rgeo
#   unit: pc
#   datatype: float64
#   format: '{:15.8f}'
#   description: '? Median of the geometric distance posterior (r_med_geo)'
#   meta: !!omap
#   - {ucd: PHYS_DISTANCE_TRUE}
#   - {width: 15}
#   - {precision: '8'}
#   - values: {'null': .nan}
# - name: Plx
#   unit: mas
#   datatype: float64
#   format: '{:9.4f}'
#   description: '? Parallax (parallax)'
#   meta: !!omap
#   - {ucd: POS_PARLX_TRIG}
#   - {width: 9}
#   - {precision: '4'}
#   - values: {'null': .nan}
# - name: e_Plx
#   unit: mas
#   datatype: float32
#   format: '{:7.4f}'
#   description: '? Standard error of parallax (parallax_error)'
#   meta: !!omap
#   - {ucd: ERROR}
#   - {width: 7}
#   - {precision: '4'}
#   - values: {'null': .nan}
# - name: pmRA
#   unit: mas / yr
#   datatype: float64
#   format: '{:9.3f}'
#   description: '? Proper motion in right ascension direction, pmRA*cosDE (pmra)'
#   meta: !!omap
#   - {ucd: POS_EQ_PMRA}
#   - {width: 9}
#   - {precision: '3'}
#   - values: {'null': .nan}
# - name: pmDE
#   unit: mas / yr
#   datatype: float64
#   format: '{:9.3f}'
#   description: '? Proper motion in declination direction (pmdec)'
#   meta: !!omap
#   - {ucd: POS_EQ_PMDEC}
#   - {width: 9}
#   - {precision: '3'}
#   - values: {'null': .nan}
# - name: e_pmRA
#   unit: mas / yr
#   datatype: float32
#   format: '{:6.3f}'
#   description: '? Standard error of proper motion in right ascension direction (pmra_error)'
#   meta: !!omap
#   - {ucd: ERROR}
#   - {width: 6}
#   - {precision: '3'}
#   - values: {'null': .nan}
# - name: e_pmDE
[...]
#         value: !astropy.table.SerializedColumn {name: SkyCoord.dec}
#       distance: !astropy.table.SerializedColumn
#         __class__: astropy.coordinates.distances.Distance
#         unit: !astropy.units.Unit {unit: pc}
#         value: !astropy.table.SerializedColumn {name: SkyCoord.distance}
#       frame: icrs
#       obstime: !astropy.time.Time {format: jyear_str, in_subfmt: '*', jd1: 367701545.0, jd2: 0.0, out_subfmt: '*', precision: 3, scale: tt}
#       pm_dec: !astropy.table.SerializedColumn
#         __class__: astropy.units.quantity.Quantity
#         unit: !astropy.units.Unit {unit: mas / yr}
#         value: !astropy.table.SerializedColumn {name: SkyCoord.pm_dec}
#       pm_ra_cosdec: !astropy.table.SerializedColumn
#         __class__: astropy.units.quantity.Quantity
#         unit: !astropy.units.Unit {unit: mas / yr}
#         value: !astropy.table.SerializedColumn {name: SkyCoord.pm_ra_cosdec}
#       ra: !astropy.table.SerializedColumn
#         __class__: astropy.coordinates.angles.Longitude
#         unit: *id001
#         value: !astropy.table.SerializedColumn {name: SkyCoord.ra}
#         wrap_angle: !astropy.coordinates.Angle
#           unit: *id001
#           value: 360.0
#       representation_type: spherical
# schema: astropy-2.0
RA_ICRS_1 DE_ICRS_1 e_RA_ICRS e_DE_ICRS _r_1 HIP TYC2 Source rgeo Plx e_Plx pmRA pmDE e_pmRA e_pmDE RUWE Teff logg Gmag BP-RP BPmag RPmag RV e_RV b_rgeo B_rgeo FG e_FG FBP e_FBP FRP e_FRP RAVE5 RAVE6 e_Gmag e_BPmag e_RPmag e_BP-RP SkyCoord.ra SkyCoord.dec SkyCoord.distance SkyCoord.pm_ra_cosdec SkyCoord.pm_dec rmRA rmDE e_rmRA e_rmDE rRV e_rRV v_pec v_pec3d e_vpec e_vpec3d
[from data line 1463]
301.02383351493 35.51330429477 0.0356 0.0398 22.0714 "" "" 2058703031862214784 1785.87268 0.5498 0.0468 -6.118 -5.519 0.043 0.051 1.049 7432.6 4.3305 16.714981 1.543651 17.427935 15.884284 "" "" 1666.03479 1943.44299 3881.09285 2.0294 1459.6 5.6441 3511.1 5.3827 "" "" 0.0028132011920247325 0.0050410037 0.00412968 0.009170683 301.02383351493 35.51330429477 1785.87268 -6.117999999999994 -5.519 -2.554978340148926 1.1316085395812987 0.2589459 0.2669459 "" "" 23.654366061370236 "" 6.1566334310321285 ""
300.65534384137 35.27313253194 0.0358 0.0426 23.8899 "" "" 2058695099079028736 1663.35083 0.5805 0.047 -9.558 -11.012 0.047 0.056 1.095 4696.6 4.3816 16.715286 1.476748 17.399057 15.92231 "" "" 1543.43445 1793.29846 3880.00353 1.9618 1499.0 6.3115 3390.3 6.1692 "" "" 0.002809475951338611 0.0053556818 0.004264623 0.009620305 300.65534384137 35.27313253194 1663.35083 -9.55799999999999 -11.012 -5.994978340148926 -4.361391460418702 0.2629459 0.2719459 "" "" 58.450939002684486 "" 15.553512363537896 ""
300.31192494067 35.7880525927 0.0345 0.0387 16.3541 "" "" 2059517946104236928 1872.97888 0.505 0.0454 2.862 -3.484 0.045 0.051 1.102 5413.3 4.6145 16.71585 1.281263 17.227589 15.946325 "" "" 1749.06152 2030.58679 3877.98936 2.2317 1755.4 9.3235 3316.1 17.861 "" "" 0.0028252764204838177 0.006406235 0.0069629056 0.013369141 300.31192494067 35.7880525927 1872.97888 2.8620000000000005 -3.4840000000000035 6.425021659851074 3.166608539581299 0.26094592 0.2669459 "" "" 63.592381518482924 "" 16.669427516330334 ""
300.5988450541 35.4834053749 0.0337 0.0384 11.2161 "" "" 2059448947420782976 2015.60132 0.4756 0.0437 -3.286 -8.822 0.047 0.052 1.018 4961.1 4.2102 16.719238 1.846093 17.62686 15.780767 "" "" 1865.31995 2207.14771 3865.90697 1.9378 1215.3 6.31 3862.3 7.1791 "" "" 0.002808553871295249 0.0062899957 0.004284456 0.010574452 300.5988450541 35.4834053749 2015.60132 -3.286000000000004 -8.822 0.2770216598510742 -2.1713914604187003 0.2629459 0.2679459 "" "" 20.913511729599147 "" 5.602030106058932 ""
300.98849443959 35.92248027653 0.034 0.0415 23.6837 "" "" 2059838075789799424 1789.78308 0.552 0.0468 -1.17 -7.469 0.043 0.051 1.064 5846.6 4.6143 16.72232 1.264342 17.22762 15.963277 "" "" 1625.5918 1942.45752 3854.94592 2.306 1755.4 6.9445 3264.7 21.261 "" "" 0.00283083252580058 0.005121941 0.008017422 0.013139363 300.98849443959 35.92248027653 1789.78308 -1.169999999999999 -7.469000000000001 2.3930216598510743 -0.8183914604187015 0.2589459 0.2669459 "" "" 21.455751854481306 "" 5.574100181604625 ""
300.33155814895 35.90240801639 0.0335 0.0365 19.6027 "" "" 2059521171594666752 2086.71094 0.4751 0.0433 -0.771 -1.805 0.043 0.046 0.975 5494.4 4.495 16.722595 1.515229 17.427763 15.912534 "" "" 1913.97778 2304.42529 3853.96957 2.0182 1459.9 5.0862 3420.9 7.2742 "" "" 0.0028133708790750215 0.004700361 0.004428754 0.009129114 300.33155814895 35.90240801639 2086.71094 -0.7710000000000004 -1.8049999999999995 2.7920216598510743 4.845608539581299 0.2589459 0.2619459 "" "" 55.3148101041209 "" 14.448304617173301 ""
300.9324319207 35.41009360378 0.0331 0.0376 21.9986 "" "" 2058700459189668864 1562.89978 0.62 0.0449 -3.059 -5.106 0.043 0.051 0.962 5646.6 4.5938 16.72284 1.365761 17.311455 15.945694 "" "" 1445.96143 1685.83215 3853.10733 1.9434 1624.9 8.1236 3318.0 10.182 "" "" 0.0028092119325200363 0.0061032036 0.0050383257 0.011141529 300.9324319207 35.41009360378 1562.89978 -3.0589999999999993 -5.106 0.504021659851074 1.544608539581299 0.2589459 0.2669459 "" "" 12.036476560424646 "" 3.203947580113797 ""
300.78239500149 35.32557052614 0.0343 0.0379 22.2283 "" "" 2058694068286504064 1819.23877 0.5272 0.045 0.042 -5.407 0.045 0.051 0.998 "" "" 16.723463 1.566213 17.45586 15.889648 "" "" 1695.94214 1984.40857 3850.89698 2.0289 1422.6 5.1494 3493.8 6.8105 "" "" 0.0028140742907817582 0.0048197866 0.0043316316 0.009151418 300.78239500149 35.32557052614 1819.23877 0.0420000000000007 -5.407 3.605021659851074 1.2436085395812988 0.26094592 0.2669459 "" "" 32.88449785325322 "" 8.602273210028725 ""
300.76628749239 35.67893080284 0.0341 0.0394 7.4177 "" "" 2059457812233987840 1587.22705 0.6121 0.0447 -2.005 -1.921 0.045 0.051 1.087 "" "" 16.7281 1.826279 17.602503 15.776224 "" "" 1476.46191 1726.07739 3834.48083 2.575 1242.8 6.5992 3878.5 8.8026 "" "" 0.0028501570982243703 0.0064048865 0.0045117494 0.010916635 300.76628749239 35.67893080284 1587.22705 -2.0049999999999994 -1.9210000000000003 1.5580216598510743 4.729608539581299 0.26094592 0.2669459 "" "" 37.463962932667535 "" 9.97906999226912 ""
300.57554091582 35.88160066381 0.1273 0.1577 12.8425 "" "" 2059479905548737280 1722.6709 0.743 0.1843 -0.513 -4.904 0.174 0.218 3.269 "" "" 16.728186 1.954159 17.042965 15.088806 "" "" 1265.2821 2248.04346 3834.17779 5.7301 2080.8 10.298 7305.3 18.219 "" "" 0.0031976012934476785 0.006054599 0.00464927 0.010703869 300.57554091582 35.88160066381 1722.6709 -0.5129999999999982 -4.904 3.0500216598510743 1.746608539581299 0.3899459 0.4339459 "" "" 28.699325361985895 "" 11.515907667278203 ""
300.76730890444 36.07577795609 0.0342 0.0409 25.4603 "" "" 2059858107518332672 1540.25171 0.6326 0.0461 -5.304 -7.257 0.044 0.051 0.993 5264.6 4.5896 16.728443 1.302893 17.307848 16.004955 "" "" 1436.90393 1652.24219 3833.26986 2.0144 1630.3 8.2472 3141.8 7.5274 "" "" 0.00281377451928745 0.0061604916 0.0045880824 0.0107485745 300.76730890444 36.07577795609 1540.25171 -5.304 -7.257 -1.740978340148926 -0.6063914604187008 0.2599459 0.2669459 "" "" 13.459455504469531 "" 3.509045650013034 ""
300.76855609098 35.9709319648 0.0326 0.0385 19.5548 "" "" 2059853125356207872 1628.05115 0.6046 0.044 -3.661 -10.537 0.042 0.047 0.98 5631.9 4.5433 16.728668 1.556662 17.434145 15.877483 "" "" 1525.71436 1765.52966 3832.47863 1.9501 1451.3 7.2799 3533.2 13.019 "" "" 0.002810160547125793 0.0061193136 0.005503559 0.011622872 300.76855609098 35.9709319648 1628.05115 -3.6610000000000027 -10.536999999999995 -0.09797834014892581 -3.886391460418702 0.2579459 0.2629459 "" "" 30.00066627024514 "" 7.888457533347307 ""
300.63740079019 35.90360959379 0.0347 0.0426 14.0664 "" "" 2059477058012631424 1925.34033 0.4995 0.0479 -3.178 -1.607 0.043 0.054 1.054 4868.6 4.284 16.728954 1.69986 17.545427 15.845568 "" "" 1729.85498 2152.22388 3831.46732 2.0473 1309.9 7.3808 3638.6 8.7073 "" "" 0.002815735073584212 0.006723953 0.0045863274 0.01131028 300.63740079019 35.90360959379 1925.34033 -3.178 -1.6069999999999995 0.3850216598510743 5.043608539581299 0.2589459 0.2699459 "" "" 46.16246476237315 "" 12.45848521533333 ""
300.61349968628 35.4764711411 0.0334 0.0388 11.6062 "" "" 2059450223056566656 1853.81628 0.5252 0.0428 -4.824 -5.027 0.045 0.05 1.003 7912.8 4.2294 16.729778 1.63521 17.489231 15.854021 "" "" 1719.80188 1998.90869 3828.56221 1.9329 1379.5 7.1953 3610.4 10.165 "" "" 0.0028093159037606463 0.00631311 0.0048608803 0.01117399 300.61349968628 35.4764711411 1853.81628 -4.824 -5.027 -1.2609783401489256 1.6236085395812987 0.26094592 0.2659459 "" "" 18.06419320191251 "" 4.770316419894638 ""
300.62794253048 35.52790768995 0.036 0.0431 8.5451 "" "" 2059450669733191168 1820.5293 0.5248 0.0481 -3.339 -9.542 0.047 0.056 1.093 7725.7 4.3896 16.73177 1.755615 17.55974 15.804125 "" "" 1699.07092 1986.49304 3821.54387 2.1412 1292.8 6.5584 3780.1 7.5359 "" "" 0.002821676929544529 0.0061743567 0.0043553137 0.010529671 300.62794253048 35.52790768995 1820.5293 -3.3389999999999986 -9.542 0.22402165985107425 -2.891391460418701 0.2629459 0.2719459 "" "" 25.025487149661057 "" 6.804256602728858 ""
301.02214065713 35.52243274553 0.0328 0.038 21.7673 "" "" 2058703104889486464 1908.01733 0.5042 0.0441 -2.364 -9.17 0.042 0.05 1.014 "" "" 16.733133 1.569005 17.454756 15.885751 "" "" 1750.52014 2099.99561 3816.74726 1.9115 1424.0 5.1374 3506.4 6.3832 "" "" 0.002808462484868556 0.004809182 0.004265016 0.009074198 301.02214065713 35.52243274553 1908.01733 -2.364000000000007 -9.170000000000002 1.1990216598510743 -2.519391460418701 0.2579459 0.2659459 "" "" 25.234202400654233 "" 6.674112599490871 ""
300.40312538684 35.56003760029 0.0338 0.0359 12.2378 "" "" 2059464860305496576 2127.24927 0.4509 0.0436 -0.893 -3.108 0.045 0.047 1.037 5017.7 4.2663 16.733189 1.647657 17.508757 15.861099 "" "" 1939.37109 2298.45093 3816.55064 1.8633 1354.9 5.8399 3586.9 7.2056 "" "" 0.0028058451990469807 0.0054484024 0.00436359 0.009811992 300.40312538684 35.56003760029 2127.24927 -0.8930000000000001 -3.1079999999999997 2.6700216598510744 3.5426085395812987 0.26094592 0.2629459 "" "" 44.730035327803705 "" 11.729250086159823 ""
300.38795364172 35.9887414788 0.0333 0.0353 22.0776 "" "" 2059527944788649472 1658.39136 0.5886 0.0434 -1.362 -6.581 0.044 0.045 0.954 4778.7 4.3892 16.73325 1.537475 17.448542 15.911067 "" "" 1529.83984 1787.34045 3816.33552 2.2351 1432.2 5.4304 3425.6 6.6756 "" "" 0.002827743262206449 0.00497318 0.0043313284 0.009304509 300.38795364172 35.9887414788 1658.39136 -1.3620000000000003 -6.581000000000003 2.201021659851074 0.06960853958129842 0.2599459 0.26094592 "" "" 17.310386368219525 "" 4.4997812804816535 ""
300.92769402411 35.52027770142 0.0463 0.0518 17.7223 "" "" 2058705853668931584 1765.37561 0.5693 0.0614 -2.098 -4.76 0.058 0.068 1.434 6136.1 4.4984 16.733746 1.762944 17.480837 15.717893 "" "" 1601.2876 1940.54065 3814.5926 3.158 1390.2 8.0933 4092.6 20.305 "" "" 0.0028982278402612 0.0069092456 0.0065803467 0.013489593 300.92769402411 35.52027770142 1765.37561 -2.098 -4.76 1.4650216598510744 1.890608539581299 0.2739459 0.28394592 "" "" 20.014264612181563 "" 5.608716230492385 ""
300.24970998016 35.51478271064 0.0344 0.0425 20.0853 "" "" 2059441736200569728 1633.62744 0.6058 0.0491 -3.349 -11.105 0.045 0.049 0.977 5347.7 4.6092 16.734484 1.453639 17.393858 15.940219 "" "" 1496.07507 1786.04565 3812.00266 2.1496 1506.2 8.4108 3334.8 8.6948 "" "" 0.0028225235942251265 0.006674096 0.0047220057 0.011396102 300.24970998016 35.51478271064 1633.62744 -3.348999999999998 -11.104999999999988 0.21402165985107402 -4.454391460418702 0.26094592 0.2649459 "" "" 34.53189877342915 "" 9.148769066820218 ""
300.6624386265 35.35845472912 0.0362 0.0413 18.8331 "" "" 2058696748346503168 1774.8811 0.5525 0.0471 -1.499 -2.896 0.049 0.057 0.965 7125.2 4.341 16.735348 1.545108 17.445606 15.900498 "" "" 1633.23547 1909.28735 3808.96882 2.1701 1436.1 7.537 3459.1 7.4445 "" "" 0.0028239036771780667 0.0063446513 0.0044433926 0.010788044 300.6624386265 35.35845472912 1774.8811 -1.4990000000000006 -2.895999999999998 2.064021659851074 3.754608539581299 0.2649459 0.2729459 "" "" 36.045550493847074 "" 9.772322785194483 ""
300.8700486481 35.82720447471 0.0322 0.0383 15.6179 "" "" 2059838522466462976 1640.11438 0.5809 0.0429 -4.885 -8.039 0.043 0.047 0.957 5387.1 4.6353 16.735605 1.301414 17.308403 16.006989 "" "" 1548.80969 1746.48523 3808.06619 2.0227 1629.5 5.7185 3135.9 7.2375 "" "" 0.0028150265292947096 0.004722601 0.0045346315 0.009257233 300.8700486481 35.82720447471 1640.11438 -4.8849999999999945 -8.038999999999994 -1.3219783401489256 -1.3883914604187009 0.2589459 0.2629459 "" "" 14.90377786656494 "" 3.890653542039119 ""
300.51951572364 35.38452100019 0.0348 0.037 17.7402 "" "" 2059424556331245824 1962.25757 0.4876 0.0431 -3.677 -3.18 0.047 0.049 0.98 5461.7 4.6178 16.738722 1.282976 17.29184 16.008863 "" "" 1808.11182 2103.11182 3797.14911 1.9212 1654.6 6.2414 3130.5 9.278 "" "" 0.0028095481948449408 0.0049556694 0.0049636927 0.009919362 300.51951572364 35.38452100019 1962.25757 -3.6770000000000005 -3.1799999999999993 -0.11397834014892583 3.4706085395812987 0.2629459 0.2649459 "" "" 32.297883236493114 "" 8.557122232545586 ""
300.3230128287 35.69059067702 0.0372 0.0432 14.2607 "" "" 2059470495278967808 1562.31641 0.631 0.0505 3.059 -4.002 0.048 0.056 1.028 "" "" 16.74043 1.683634 16.880638 15.197004 "" "" 1415.64612 1704.7533 3791.18213 13.471 2416.4 25.535 6612.4 245.08 "" "" 0.00474078901852603 0.011807771 0.040418483 0.052226253 300.3230128287 35.69059067702 1562.31641 3.058999999999999 -4.002000000000001 6.622021659851074 2.648608539581299 0.2639459 0.2719459 "" "" 52.81562239497567 "" 13.999497097059516 ""
300.41046041407 35.85203463193 0.0332 0.0368 14.7686 "" "" 2059473209722254336 1568.25342 0.6446 0.0439 -0.208 -10.631 0.043 0.048 1.01 4811.4 4.314 16.74219 1.587518 17.4825 15.894982 "" "" 1452.71106 1700.91443 3785.04314 1.9352 1388.1 6.9793 3476.7 6.9074 "" "" 0.002810682642257028 0.006130746 0.0043516476 0.010482393 300.41046041407 35.85203463193 1568.25342 -0.2079999999999962 -10.631000000000004 3.355021659851074 -3.9803914604187014 0.2589459 0.2639459 "" "" 38.69694841303276 "" 10.133983641548538 ""
301.12499739909 35.63511644917 0.0324 0.0394 24.9758 "" "" 2059079275323212160 1625.70203 0.5998 0.0453 -1.419 -4.084 0.043 0.049 1.074 4859.4 4.3951 16.742756 1.250019 17.270884 16.020864 "" "" 1499.02393 1763.78357 3783.06815 2.055 1686.8 10.561 3096.1 10.326 "" "" 0.002817735426841418 0.0073480997 0.0052341325 0.012582232 301.12499739909 35.63511644917 1625.70203 -1.4189999999999996 -4.083999999999999 2.144021659851074 2.566608539581299 0.2589459 0.2649459 "" "" 25.77055989645964 "" 6.764680750987735 ""
301.03138095183 35.5642140973 0.0342 0.0404 21.2992 "" "" 2058703448494998656 1951.35022 0.4872 0.0465 -2.396 -7.686 0.045 0.054 0.993 7869.0 4.2157 16.744204 1.651876 17.518456 15.866579 "" "" 1780.70801 2174.87158 3778.03078 2.15 1342.9 5.7434 3568.8 7.7506 "" "" 0.0028237480570599055 0.0054173386 0.00445463 0.009871969 301.03138095183 35.5642140973 1951.35022 -2.396 -7.686 1.1670216598510743 -1.0353914604187011 0.26094592 0.2699459 "" "" 14.430175822187985 "" 3.823240412780653 ""
300.74466395627 35.93808881531 0.0323 0.0398 17.2926 "" "" 2059851957088025728 2026.68909 0.4707 0.0438 -3.802 -8.118 0.042 0.051 1.016 5057.2 4.342 16.744572 1.580514 17.448708 15.868194 "" "" 1889.74365 2183.35864 3776.75023 2.097 1432.0 6.3713 3563.5 9.059 "" "" 0.0028204980796558256 0.005578587 0.0046799555 0.010258542 300.74466395627 35.93808881531 2026.68909 -3.8019999999999996 -8.117999999999999 -0.23897834014892583 -1.4673914604187015 0.2579459 0.2669459 "" "" 14.282223752880896 "" 3.809314441257242 ""
300.4993620324 35.71513732556 0.0323 0.0387 6.2328 "" "" 2059468395035073152 1708.00452 0.5426 0.0439 -6.793 -6.541 0.041 0.05 0.968 "" "" 16.745075 2.192539 17.881191 15.688652 "" "" 1597.2373 1872.22815 3774.99976 1.9697 961.48 5.2485 4204.3 11.804 "" "" 0.002812956243956153 0.0065507125 0.004855507 0.01140622 300.4993620324 35.71513732556 1708.00452 -6.793 -6.541 -3.229978340148926 0.10960853958129846 0.2569459 0.2659459 "" "" 26.164767699912222 "" 6.723205596919158 ""
300.91921201376 35.95823287202 0.0445 0.0551 22.7831 "" "" 2059841747951925376 1538.88 0.6326 0.0608 -0.868 -1.411 0.057 0.069 1.384 6093.8 4.4812 16.745592 1.431737 17.290585 15.858848 "" "" 1397.27979 1740.99084 3773.19935 2.9163 1656.5 7.0964 3594.3 9.6568 "" "" 0.0028802752242094625 0.005423956 0.004774189 0.010198145 300.91921201376 35.95823287202 1538.88 -0.868 -1.411 2.6950216598510743 5.239608539581299 0.2729459 0.2849459 "" "" 42.978567515340885 "" 12.140479733279822 ""
300.8551217469 36.00971048728 0.0341 0.0405 23.5085 "" "" 2059853881270401792 1901.00403 0.5151 0.046 0.099 -1.933 0.044 0.049 0.932 7192.8 4.3438 16.745634 1.90047 17.678785 15.778316 "" "" 1717.40088 2109.29932 3773.05181 2.0401 1158.5 7.0008 3871.1 10.451 "" "" 0.002817166956361429 0.0071297227 0.00478286 0.011912582 300.8551217469 36.00971048728 1901.00403 0.09900000000000037 -1.9329999999999998 3.6620216598510744 4.717608539581299 0.2599459 0.2649459 "" "" 53.813346475095486 "" 14.157056907967387 ""
