Clusters/FSR_0198/FSR_0198_stars_in_region.tsv
# %ECSV 1.0
# ---
# datatype:
# - name: RA_ICRS_1
#   unit: deg
#   datatype: float64
#   format: '{:15.11f}'
#   description: Right ascension (ICRS) at Ep=2016.0 (ra)
#   meta: !!omap
#   - {ucd: POS_EQ_RA_MAIN}
#   - {width: 15}
#   - {precision: '11'}
# - name: DE_ICRS_1
#   unit: deg
#   datatype: float64
#   format: '{:15.11f}'
#   description: Declination (ICRS) at Ep=2016.0 (dec)
#   meta: !!omap
#   - {ucd: POS_EQ_DEC_MAIN}
#   - {width: 15}
#   - {precision: '11'}
# - name: e_RA_ICRS
#   unit: mas
#   datatype: float64
#   format: '{:7.4f}'
#   description: Standard error of right ascension (ra_error)
#   meta: !!omap
#   - {ucd: ERROR}
#   - {width: 7}
#   - {precision: '4'}
# - name: e_DE_ICRS
#   unit: mas
#   datatype: float64
#   format: '{:7.4f}'
#   description: Standard error of declination (dec_error)
#   meta: !!omap
#   - {ucd: ERROR}
#   - {width: 7}
#   - {precision: '4'}
# - name: _r_1
#   unit: ''
#   datatype: float64
#   format: '{:7.4f}'
#   description: Distance from center (300.61450682000+35.66990604000)[ICRS], at Epoch=J2016.0
#   meta: !!omap
#   - {ucd: POS_ANG_DIST_GENERAL}
#   - {width: 7}
#   - {precision: '4'}
# - name: HIP
#   datatype: int32
#   description: '? HIP cross-id number, van Leeuwen, Cat. I/311 (hip_original_ext_source_id)'
#   meta: !!omap
#   - {ucd: ID_NUMBER}
#   - {width: 6}
#   - values: {'null': -2147483648}
# - name: TYC2
#   datatype: string
#   description: Tycho-2 cross-id name, Hog et al., Cat. I/259 (tyc2_original_ext_source_id)
#   meta: !!omap
#   - {ucd: ID_CROSSID}
#   - {_votable_string_dtype: char}
# - name: Source
#   datatype: int64
#   description: Source identifier, identical to the Gaia-EDR3 source_id (id)
#   meta: !!omap
#   - {ucd: ID_MAIN}
#   - {width: 19}
# - name: rgeo
#   unit: pc
#   datatype: float64
#   format: '{:15.8f}'
#   description: '? Median of the geometric distance posterior (r_med_geo)'
#   meta: !!omap
#   - {ucd: PHYS_DISTANCE_TRUE}
#   - {width: 15}
#   - {precision: '8'}
#   - values: {'null': .nan}
# - name: Plx
#   unit: mas
#   datatype: float64
#   format: '{:9.4f}'
#   description: '? Parallax (parallax)'
#   meta: !!omap
#   - {ucd: POS_PARLX_TRIG}
#   - {width: 9}
#   - {precision: '4'}
#   - values: {'null': .nan}
# - name: e_Plx
#   unit: mas
#   datatype: float32
#   format: '{:7.4f}'
#   description: '? Standard error of parallax (parallax_error)'
#   meta: !!omap
#   - {ucd: ERROR}
#   - {width: 7}
#   - {precision: '4'}
#   - values: {'null': .nan}
# - name: pmRA
#   unit: mas / yr
#   datatype: float64
#   format: '{:9.3f}'
#   description: '? Proper motion in right ascension direction, pmRA*cosDE (pmra)'
#   meta: !!omap
#   - {ucd: POS_EQ_PMRA}
#   - {width: 9}
#   - {precision: '3'}
#   - values: {'null': .nan}
# - name: pmDE
#   unit: mas / yr
#   datatype: float64
#   format: '{:9.3f}'
#   description: '? Proper motion in declination direction (pmdec)'
#   meta: !!omap
#   - {ucd: POS_EQ_PMDEC}
#   - {width: 9}
#   - {precision: '3'}
#   - values: {'null': .nan}
# - name: e_pmRA
#   unit: mas / yr
#   datatype: float32
#   format: '{:6.3f}'
#   description: '? Standard error of proper motion in right ascension direction (pmra_error)'
#   meta: !!omap
#   - {ucd: ERROR}
#   - {width: 6}
#   - {precision: '3'}
#   - values: {'null': .nan}
# - name: e_pmDE
[...]
#         value: !astropy.table.SerializedColumn {name: SkyCoord.dec}
#       distance: !astropy.table.SerializedColumn
#         __class__: astropy.coordinates.distances.Distance
#         unit: !astropy.units.Unit {unit: pc}
#         value: !astropy.table.SerializedColumn {name: SkyCoord.distance}
#       frame: icrs
#       obstime: !astropy.time.Time {format: jyear_str, in_subfmt: '*', jd1: 367701545.0, jd2: 0.0, out_subfmt: '*', precision: 3, scale: tt}
#       pm_dec: !astropy.table.SerializedColumn
#         __class__: astropy.units.quantity.Quantity
#         unit: !astropy.units.Unit {unit: mas / yr}
#         value: !astropy.table.SerializedColumn {name: SkyCoord.pm_dec}
#       pm_ra_cosdec: !astropy.table.SerializedColumn
#         __class__: astropy.units.quantity.Quantity
#         unit: !astropy.units.Unit {unit: mas / yr}
#         value: !astropy.table.SerializedColumn {name: SkyCoord.pm_ra_cosdec}
#       ra: !astropy.table.SerializedColumn
#         __class__: astropy.coordinates.angles.Longitude
#         unit: *id001
#         value: !astropy.table.SerializedColumn {name: SkyCoord.ra}
#         wrap_angle: !astropy.coordinates.Angle
#           unit: *id001
#           value: 360.0
#       representation_type: spherical
# schema: astropy-2.0
RA_ICRS_1 DE_ICRS_1 e_RA_ICRS e_DE_ICRS _r_1 HIP TYC2 Source rgeo Plx e_Plx pmRA pmDE e_pmRA e_pmDE RUWE Teff logg Gmag BP-RP BPmag RPmag RV e_RV b_rgeo B_rgeo FG e_FG FBP e_FBP FRP e_FRP RAVE5 RAVE6 e_Gmag e_BPmag e_RPmag e_BP-RP SkyCoord.ra SkyCoord.dec SkyCoord.distance SkyCoord.pm_ra_cosdec SkyCoord.pm_dec rmRA rmDE e_rmRA e_rmDE rRV e_rRV v_pec v_pec3d e_vpec e_vpec3d
[from data line 1399]
300.93638831363 35.87340763425 0.031 0.0374 19.8651 "" "" 2059840480971509120 1597.85327 0.6112 0.0415 -5.176 -4.803 0.04 0.046 0.995 5175.2 4.4554 16.645683 1.276051 17.19584 15.91979 "" "" 1494.80054 1697.64038 4136.8824 2.0304 1807.5 8.9017 3398.1 6.2865 "" "" 0.00280637752970503 0.0060313027 0.0042799846 0.010311287 300.93638831363 35.87340763425 1597.85327 -5.176 -4.803000000000001 -1.612978340148926 1.847608539581299 0.2559459 0.2619459 "" "" 18.575731319776605 "" 4.817947961110712 ""
300.5967580136 35.30694254546 0.0386 0.0486 21.7951 "" "" 2058672696528431616 1936.57825 0.4783 0.049 -3.288 -6.769 0.052 0.059 0.986 "" "" 16.645851 1.904821 17.450306 15.545485 "" "" 1807.93689 2155.00415 4136.24305 56.852 1429.9 109.68 4796.9 242.15 "" "" 0.015175499411801976 0.08332775 0.054938678 0.13826643 300.5967580136 35.30694254546 1936.57825 -3.2880000000000003 -6.769 0.2750216598510744 -0.1183914604187013 0.2679459 0.2749459 "" "" 2.7485073201875103 "" 0.7394921898934682 ""
300.86970647033 35.90819883719 0.0302 0.0348 18.9392 "" "" 2059840068654765440 2181.46851 0.4437 0.0397 -0.754 -3.773 0.038 0.042 1.005 7547.2 4.4419 16.645994 1.375259 17.243671 15.868412 "" "" 2027.59607 2368.35474 4135.70314 2.038 1729.6 6.7411 3562.8 6.0747 "" "" 0.0028067860338231595 0.005068716 0.004208413 0.00927713 300.86970647033 35.90819883719 2181.46851 -0.7539999999999993 -3.7730000000000006 2.809021659851074 2.8776085395812987 0.2539459 0.2579459 "" "" 41.581376801266316 "" 10.644912986543327 ""
300.86363846686 35.3755114036 0.0326 0.0366 21.4479 "" "" 2058694480603314432 1856.67688 0.5174 0.0435 -6.069 -2.819 0.044 0.05 0.949 "" "" 16.646479 1.810903 17.524359 15.713456 "" "" 1726.4458 2006.17517 4133.8551 2.1474 1335.6 5.5131 4109.4 8.5221 "" "" 0.0028124526037327587 0.005279278 0.004399257 0.009678535 300.86363846686 35.3755114036 1856.67688 -6.069 -2.818999999999999 -2.5059783401489257 3.831608539581299 0.2599459 0.2659459 "" "" 40.29231671064568 "" 10.643723795774532 ""
300.89787753951 35.98185847951 0.0311 0.0381 23.2458 "" "" 2059842027159880960 1900.12573 0.5062 0.0429 -2.651 -6.893 0.04 0.044 1.009 5093.2 4.3413 16.647617 1.397433 17.277567 15.880134 "" "" 1772.95862 2058.39258 4129.52002 1.9371 1676.4 6.175 3524.6 8.4041 "" "" 0.0028019956409577294 0.004876415 0.0045810295 0.009457445 300.89787753951 35.98185847951 1900.12573 -2.651000000000001 -6.892999999999999 0.9120216598510744 -0.24239146041870097 0.2559459 0.2599459 "" "" 8.499369222261462 "" 2.177637988274948 ""
300.56378670527 35.36078429858 0.0348 0.0371 18.712 "" "" 2059447130680923904 1643.10803 0.5773 0.043 2.257 -0.54 0.046 0.049 0.987 5087.8 4.5235 16.648394 1.468039 17.315266 15.847226 "" "" 1524.70679 1733.86792 4126.57051 2.0156 1619.2 6.9134 3633.0 9.0419 "" "" 0.0028058921021225456 0.005410617 0.004646036 0.010056653 300.56378670527 35.36078429858 1643.10803 2.257 -0.54 5.820021659851074 6.110608539581299 0.2619459 0.2649459 "" "" 65.72364288242062 "" 17.31970359957306 ""
301.02578725218 35.93482164255 0.032 0.0386 25.5578 "" "" 2059838140179313536 1706.81592 0.5777 0.0437 2.057 -1.579 0.042 0.048 0.996 5111.7 4.5437 16.648602 1.363161 17.267784 15.904623 "" "" 1562.3927 1856.36853 4125.7793 2.4043 1691.6 7.6124 3446.0 7.6909 "" "" 0.0028270329923471317 0.005626497 0.004489492 0.010115989 301.02578725218 35.93482164255 1706.81592 2.057 -1.579 5.620021659851075 5.071608539581299 0.2579459 0.2639459 "" "" 61.24413867024127 "" 15.963654056987934 ""
300.3088826741 35.99259812252 0.0316 0.0355 24.4109 "" "" 2059530483084415872 1966.22815 0.491 0.0418 -2.568 -8.391 0.042 0.047 1.016 5612.4 4.5267 16.649105 1.40169 17.286129 15.884438 "" "" 1813.34851 2162.17847 4123.86433 1.9125 1663.3 6.9223 3510.6 6.5534 "" "" 0.0028009511273880527 0.0053106323 0.0042885453 0.009599177 300.3088826741 35.99259812252 1966.22815 -2.568 -8.391000000000002 0.9950216598510742 -1.7403914604187012 0.2579459 0.2629459 "" "" 18.684131030006704 "" 4.890067458215601 ""
300.43997443154 35.65010456268 0.0303 0.033 8.5909 "" "" 2059466337774292224 1794.06677 0.5515 0.0397 -6.449 -9.996 0.04 0.043 0.933 5514.8 4.4663 16.649508 1.444303 17.305939 15.861635 "" "" 1661.06641 1923.17529 4122.33818 1.9337 1633.2 9.3621 3585.1 7.8417 "" "" 0.0028019941551448513 0.0068206447 0.004463582 0.011284227 300.43997443154 35.65010456268 1794.06677 -6.449 -9.996 -2.8859783401489256 -3.3453914604187016 0.2559459 0.2589459 "" "" 37.57184997624108 "" 9.681144493002778 ""
301.02460287975 35.83186804016 0.032 0.0377 22.2081 "" "" 2059836495241730688 1472.21777 0.6627 0.043 -1.263 -4.191 0.042 0.048 1.007 5099.0 4.5087 16.65096 1.356237 17.26748 15.911244 "" "" 1388.5708 1593.02551 4116.82232 2.1059 1692.1 6.5738 3425.0 7.706 "" "" 0.00281073835837414 0.005057395 0.004500126 0.009557521 301.02460287975 35.83186804016 1472.21777 -1.2629999999999995 -4.190999999999999 2.3000216598510743 2.459608539581299 0.2579459 0.2639459 "" "" 23.499173781990088 "" 6.13713834401696 ""
300.67481796561 35.80010845315 0.0464 0.0558 8.3461 "" "" 2059475477464493824 1900.55554 0.5162 0.0624 -3.073 -5.866 0.063 0.076 1.554 5195.3 4.3698 16.65108 1.692802 17.410517 15.717715 "" "" 1693.7782 2119.84668 4116.37789 5.5097 1483.2 6.0065 4093.3 7.6914 "" "" 0.0031150750701739397 0.0052074688 0.00429486 0.009502329 300.67481796561 35.80010845315 1900.55554 -3.073000000000003 -5.865999999999998 0.49002165985107426 0.7846085395812992 0.2789459 0.2919459 "" "" 8.333505754034762 "" 2.4030265354527667 ""
300.93592341623 35.82189185443 0.03 0.0371 18.1147 "" "" 2059835842406784768 1640.37024 0.6048 0.0405 0.118 2.827 0.04 0.046 0.952 6043.2 4.4879 16.654041 1.292671 17.225466 15.932795 "" "" 1539.82068 1756.26526 4105.16119 1.9536 1758.9 6.9764 3357.7 6.9808 "" "" 0.002803347566913013 0.0051312908 0.004402169 0.009533459 300.93592341623 35.82189185443 1640.37024 0.1180000000000001 2.826999999999997 3.681021659851074 9.477608539581299 0.2559459 0.2619459 "" "" 79.05474663844083 "" 20.646514656770066 ""
300.72031985878 35.94611815744 0.0304 0.0376 17.3541 "" "" 2059852678679634560 1707.85876 0.5641 0.0417 -1.59 -3.196 0.039 0.048 0.976 5714.4 4.433 16.654295 1.585771 17.393507 15.807736 "" "" 1594.74695 1843.39612 4104.20471 1.9796 1506.7 6.7957 3767.6 10.193 "" "" 0.0028046459037676845 0.005636119 0.0047866465 0.010422765 300.72031985878 35.94611815744 1707.85876 -1.5899999999999994 -3.195999999999997 1.9730216598510741 3.4546085395812987 0.2549459 0.2639459 "" "" 32.205603490064036 "" 8.430170293915493 ""
300.49012047724 35.83884875453 0.0315 0.0427 11.8081 "" "" 2059478123164689408 1988.73083 0.4881 0.0449 -1.085 -1.175 0.041 0.057 0.941 5678.4 4.5194 16.655523 1.462866 17.317598 15.854733 "" "" 1841.30627 2167.10693 4099.56362 2.1604 1615.8 6.2138 3608.0 8.7398 "" "" 0.0028141004714046683 0.005021821 0.004604426 0.009626247 300.49012047724 35.83884875453 1988.73083 -1.085 -1.175 2.4780216598510743 5.475608539581299 0.2569459 0.2729459 "" "" 56.655950973047595 "" 15.313699446289696 ""
300.9200227089 35.55878488919 0.0333 0.0375 16.3257 "" "" 2058706162914441088 1833.80554 0.5324 0.0439 1.172 2.029 0.045 0.051 1.034 5523.2 4.5718 16.655672 1.203686 17.189323 15.985638 "" "" 1691.45496 1954.89233 4099.00298 2.142 1818.4 7.9653 3198.2 8.3561 "" "" 0.0028131293769267473 0.00551399 0.004725561 0.010239551 300.9200227089 35.55878488919 1833.80554 1.172 2.029 4.735021659851074 8.679608539581299 0.26094592 0.2669459 "" "" 85.94159511504547 "" 22.82452154403724 ""
300.44089225896 35.25836037227 0.032 0.0346 26.1097 "" "" 2059421498314084608 1735.16602 0.5612 0.0418 -0.721 -6.447 0.044 0.044 0.962 4662.4 4.346 16.6557 1.397171 17.293139 15.895967 "" "" 1629.63782 1852.88538 4098.89537 1.8976 1652.6 9.2345 3473.5 11.07 "" "" 0.002800793156771904 0.006677788 0.005124149 0.011801938 300.44089225896 35.25836037227 1735.16602 -0.721000000000001 -6.447 2.842021659851074 0.20360853958129876 0.2599459 0.2599459 "" "" 23.43464820172122 "" 6.091740700359835 ""
300.44769999483 35.42175251219 0.0349 0.0358 16.9706 "" "" 2059428026664869760 1767.32446 0.554 0.0444 -2.935 -5.252 0.048 0.046 1.026 "" "" 16.657824 1.449623 17.314335 15.864712 "" "" 1637.69104 1883.23792 4090.88825 2.0786 1620.6 10.322 3575.0 12.493 "" "" 0.0028100047540563977 0.007456991 0.005355309 0.0128123 300.44769999483 35.42175251219 1767.32446 -2.9349999999999974 -5.252000000000001 0.6280216598510742 1.398608539581299 0.2639459 0.2619459 "" "" 12.843291300598464 "" 3.368571373523984 ""
301.01830760048 35.40421143046 0.0314 0.0361 25.3541 "" "" 2058699909441845248 1565.22852 0.6301 0.0425 -2.238 -4.245 0.041 0.049 1.024 5432.5 4.5681 16.658613 1.373774 17.275967 15.902192 "" "" 1471.38818 1654.71326 4087.91169 3.902 1678.9 8.8233 3453.7 12.312 "" "" 0.002943777920511812 0.006351637 0.005409675 0.011761312 301.01830760048 35.40421143046 1565.22852 -2.2379999999999995 -4.244999999999998 1.3250216598510742 2.4056085395812987 0.2569459 0.2649459 "" "" 20.375939187407155 "" 5.36102119294602 ""
300.82619605606 35.90917314868 0.0325 0.0374 17.6705 "" "" 2059840206093768704 1626.4585 0.5932 0.0425 -9.444 -8.237 0.043 0.051 0.997 5710.7 4.4513 16.65873 1.589295 17.400757 15.811461 "" "" 1520.19702 1737.25476 4087.47184 2.1211 1496.6 7.7773 3754.7 8.1601 "" "" 0.002812335180127901 0.0062943874 0.004455513 0.010749901 300.82619605606 35.90917314868 1626.4585 -9.443999999999999 -8.236999999999998 -5.880978340148927 -1.5863914604187013 0.2589459 0.2669459 "" "" 46.95946853870287 "" 12.18581032615469 ""
300.93195815043 35.93142926319 0.0656 0.0763 22.0197 "" "" 2059840893288427904 1982.8512 0.5531 0.088 -2.747 -5.308 0.083 0.094 2.336 5627.4 4.4429 16.66311 2.08244 17.641218 15.558778 "" "" 1697.42285 2486.49976 4071.00941 4.1015 1199.3 6.2428 4738.6 9.267 "" "" 0.002964512879555723 0.006302879 0.004334994 0.010637874 300.93195815043 35.93142926319 1982.8512 -2.747 -5.307999999999999 0.8160216598510743 1.342608539581299 0.2989459 0.30994588 "" "" 14.766720942931792 "" 4.533640040108524 ""
300.67900165081 36.00556544394 0.155 0.1802 20.3824 "" "" 2059856080293798784 1722.23022 0.8091 0.2076 -5.1 -7.648 0.204 0.23 6.186 "" "" 16.663803 1.620329 17.241632 15.621304 "" "" 1177.59888 3894.46411 4068.41741 5.7266 1732.9 6.6696 4473.4 9.359 "" "" 0.003150769913117946 0.005024673 0.0044094804 0.009434153 300.67900165081 36.00556544394 1722.23022 -5.1000000000000005 -7.648 -1.5369783401489254 -0.9973914604187009 0.4199459 0.44594592 "" "" 14.9572302103302 "" 6.398929244308181 ""
300.87606833519 35.28967600201 0.032 0.0358 26.1493 "" "" 2058692831335804288 1510.15625 0.6544 0.0426 -0.729 -2.124 0.042 0.047 1.047 5498.9 4.5873 16.663895 1.361066 17.272799 15.911733 "" "" 1418.08228 1627.31689 4068.07321 2.0776 1683.8 6.4381 3423.5 8.4577 "" "" 0.0028105611311907675 0.0050018923 0.0046344823 0.009636374 300.87606833519 35.28967600201 1510.15625 -0.729 -2.124 2.834021659851074 4.526608539581298 0.2579459 0.2629459 "" "" 38.22866883522952 "" 9.998615592398986 ""
300.95477072896 35.47632012486 0.0335 0.0393 20.2648 "" "" 2058701283831492864 2171.87085 0.4351 0.0454 -1.306 -3.076 0.042 0.05 1.022 8741.8 4.2706 16.668144 1.693671 17.467754 15.774083 "" "" 1997.64551 2477.43018 4052.1814 2.2461 1407.1 6.0025 3886.2 11.359 "" "" 0.002820278914862054 0.0054071075 0.004935065 0.010342172 300.95477072896 35.47632012486 2171.87085 -1.3060000000000007 -3.0760000000000027 2.257021659851074 3.5746085395812988 0.2579459 0.2659459 "" "" 43.52097213836905 "" 11.476060588566995 ""
300.99852409745 35.74375677115 0.0314 0.0385 19.2272 "" "" 2059083845168621440 2086.39136 0.4732 0.0431 -1.45 -5.768 0.042 0.049 1.039 9731.0 4.3107 16.66815 1.659496 17.424334 15.764837 "" "" 1922.6825 2274.49072 4052.16366 2.1924 1464.5 9.1428 3919.4 9.3194 "" "" 0.0028172442213564666 0.007330007 0.004576953 0.01190696 300.99852409745 35.74375677115 2086.39136 -1.4500000000000033 -5.768000000000001 2.113021659851074 0.882608539581299 0.2579459 0.2649459 "" "" 22.646421901953833 "" 5.865372105724014 ""
300.36956635239 35.96572227726 0.045 0.0517 21.3785 "" "" 2059527532471791872 1806.95703 0.5556 0.0601 -2.367 -3.765 0.061 0.065 1.447 "" "" 16.668955 1.367966 17.222614 15.854649 "" "" 1645.29895 2004.87 4049.16098 3.6158 1763.5 7.4855 3608.3 7.0299 "" "" 0.002920922483552962 0.0053874208 0.0043310733 0.0097184945 300.36956635239 35.96572227726 1806.95703 -2.367 -3.7649999999999997 1.1960216598510742 2.8856085395812987 0.2769459 0.2809459 "" "" 26.754009034680966 "" 7.500835324095805 ""
301.09208640828 35.83231346886 0.0328 0.0384 25.2142 "" "" 2059086044191858688 2028.99536 0.4832 0.0452 -2.103 -1.15 0.042 0.048 1.049 5589.9 4.6408 16.670698 1.33084 17.266632 15.935792 "" "" 1862.21216 2219.38135 4042.66545 2.0971 1693.4 7.0624 3348.4 6.9556 "" "" 0.002812294910014486 0.005318725 0.004401194 0.009719919 301.09208640828 35.83231346886 2028.99536 -2.1029999999999998 -1.1500000000000021 1.460021659851074 5.5006085395812985 0.2579459 0.2639459 "" "" 54.73358034954515 "" 14.425320340734439 ""
300.64329877987 35.99240623704 0.0321 0.0393 19.4006 "" "" 2059480833262479488 1767.08667 0.5451 0.0443 -3.123 -1.837 0.042 0.05 1.044 6678.3 4.357 16.672247 1.544283 17.386812 15.842529 "" "" 1657.43909 1910.77661 4036.90182 2.1399 1516.0 7.4939 3648.8 6.141 "" "" 0.0028147871478603078 0.0060489606 0.004197953 0.010246914 300.64329877987 35.99240623704 1767.08667 -3.123 -1.8370000000000002 0.440021659851074 4.813608539581299 0.2579459 0.2659459 "" "" 40.48684532941835 "" 10.764666934926055 ""
300.21867236314 35.92798359315 0.034 0.0378 24.7151 "" "" 2059524199576784128 1991.49341 0.4854 0.0444 -1.968 -7.404 0.044 0.051 1.024 7079.5 4.3205 16.674013 1.534027 17.384947 15.85092 "" "" 1834.23169 2179.04419 4030.33874 2.1701 1518.6 7.4086 3620.7 8.4666 "" "" 0.002816656242910937 0.0059867846 0.004552977 0.010539762 300.21867236314 35.92798359315 1991.49341 -1.968 -7.404 1.5950216598510742 -0.7533914604187011 0.2599459 0.2669459 "" "" 16.651584744530027 "" 4.350005788464474 ""
300.24609068424 35.89100465231 0.0334 0.0383 22.3064 "" "" 2059523855979347200 1995.44812 0.4997 0.0449 -0.768 -3.431 0.046 0.054 1.026 7584.5 4.1147 16.675205 1.900388 17.60752 15.707131 "" "" 1779.55933 2154.2981 4025.91775 2.4144 1237.1 7.539 4133.4 8.0449 "" "" 0.0028312120254250835 0.0071808156 0.0043300437 0.011510859 300.24609068424 35.89100465231 1995.44812 -0.7680000000000011 -3.431 2.7950216598510744 3.219608539581299 0.2619459 0.2699459 "" "" 40.32664884669609 "" 10.748554399000927 ""
300.55446817666 35.72386211554 0.0318 0.0381 4.3634 "" "" 2059473587678983808 1676.03479 0.5821 0.043 -1.73 -6.676 0.04 0.049 1.015 8699.4 4.1931 16.675953 1.76809 17.521832 15.753741 "" "" 1533.46887 1869.59534 4023.14708 2.1427 1338.7 7.4288 3959.7 9.2192 "" "" 0.0028153452306463123 0.0066397376 0.004546853 0.01118659 300.55446817666 35.72386211554 1676.03479 -1.7300000000000004 -6.676000000000002 1.8330216598510742 -0.025391460418701328 0.2559459 0.2649459 "" "" 14.563663335210558 "" 3.7275353787188115 ""
300.89924399009 35.64841996106 0.0379 0.0421 13.9407 "" "" 2059458400674168576 2109.30933 0.4244 0.0486 -7.168 -4.822 0.051 0.056 0.949 4758.1 3.3327 16.676157 2.987694 18.424534 15.43684 "" "" 1867.75391 2395.32593 4022.39077 2.9906 582.91 6.5072 5301.8 7.8169 "" "" 0.0028711344323556313 0.01243741 0.004104421 0.016541831 300.89924399009 35.64841996106 2109.30933 -7.167999999999999 -4.821999999999998 -3.604978340148926 1.8286085395812988 0.2669459 0.2719459 "" "" 40.414793354676796 "" 10.83022325865901 ""
