Clusters/Juchert_20/Juchert_20_stars_in_region.tsv
# %ECSV 1.0
# ---
# datatype:
# - name: RA_ICRS_1
#   unit: deg
#   datatype: float64
#   format: '{:15.11f}'
#   description: Right ascension (ICRS) at Ep=2016.0 (ra)
#   meta: !!omap
#   - {ucd: POS_EQ_RA_MAIN}
#   - {width: 15}
#   - {precision: '11'}
# - name: DE_ICRS_1
#   unit: deg
#   datatype: float64
#   format: '{:15.11f}'
#   description: Declination (ICRS) at Ep=2016.0 (dec)
#   meta: !!omap
#   - {ucd: POS_EQ_DEC_MAIN}
#   - {width: 15}
#   - {precision: '11'}
# - name: e_RA_ICRS
#   unit: mas
#   datatype: float64
#   format: '{:7.4f}'
#   description: Standard error of right ascension (ra_error)
#   meta: !!omap
#   - {ucd: ERROR}
#   - {width: 7}
#   - {precision: '4'}
# - name: e_DE_ICRS
#   unit: mas
#   datatype: float64
#   format: '{:7.4f}'
#   description: Standard error of declination (dec_error)
#   meta: !!omap
#   - {ucd: ERROR}
#   - {width: 7}
#   - {precision: '4'}
# - name: _r_1
#   unit: ''
#   datatype: float64
#   format: '{:7.4f}'
#   description: Distance from center (062.69461147000+46.86799625000)[ICRS], at Epoch=J2016.0
#   meta: !!omap
#   - {ucd: POS_ANG_DIST_GENERAL}
#   - {width: 7}
#   - {precision: '4'}
# - name: HIP
#   datatype: int32
#   description: '? HIP cross-id number, van Leeuwen, Cat. I/311 (hip_original_ext_source_id)'
#   meta: !!omap
#   - {ucd: ID_NUMBER}
#   - {width: 6}
#   - values: {'null': -2147483648}
# - name: TYC2
#   datatype: string
#   description: Tycho-2 cross-id name, Hog et al., Cat. I/259 (tyc2_original_ext_source_id)
#   meta: !!omap
#   - {ucd: ID_CROSSID}
#   - {_votable_string_dtype: char}
# - name: Source
#   datatype: int64
#   description: Source identifier, identical to the Gaia-EDR3 source_id (id)
#   meta: !!omap
#   - {ucd: ID_MAIN}
#   - {width: 19}
# - name: rgeo
#   unit: pc
#   datatype: float64
#   format: '{:15.8f}'
#   description: '? Median of the geometric distance posterior (r_med_geo)'
#   meta: !!omap
#   - {ucd: PHYS_DISTANCE_TRUE}
#   - {width: 15}
#   - {precision: '8'}
#   - values: {'null': .nan}
# - name: Plx
#   unit: mas
#   datatype: float64
#   format: '{:9.4f}'
#   description: '? Parallax (parallax)'
#   meta: !!omap
#   - {ucd: POS_PARLX_TRIG}
#   - {width: 9}
#   - {precision: '4'}
#   - values: {'null': .nan}
# - name: e_Plx
#   unit: mas
#   datatype: float32
#   format: '{:7.4f}'
#   description: '? Standard error of parallax (parallax_error)'
#   meta: !!omap
#   - {ucd: ERROR}
#   - {width: 7}
#   - {precision: '4'}
#   - values: {'null': .nan}
# - name: pmRA
#   unit: mas / yr
#   datatype: float64
#   format: '{:9.3f}'
#   description: '? Proper motion in right ascension direction, pmRA*cosDE (pmra)'
#   meta: !!omap
#   - {ucd: POS_EQ_PMRA}
#   - {width: 9}
#   - {precision: '3'}
#   - values: {'null': .nan}
# - name: pmDE
#   unit: mas / yr
#   datatype: float64
#   format: '{:9.3f}'
#   description: '? Proper motion in declination direction (pmdec)'
#   meta: !!omap
#   - {ucd: POS_EQ_PMDEC}
#   - {width: 9}
#   - {precision: '3'}
#   - values: {'null': .nan}
# - name: e_pmRA
#   unit: mas / yr
#   datatype: float32
#   format: '{:6.3f}'
#   description: '? Standard error of proper motion in right ascension direction (pmra_error)'
#   meta: !!omap
#   - {ucd: ERROR}
#   - {width: 6}
#   - {precision: '3'}
#   - values: {'null': .nan}
# - name: e_pmDE
[...]
#         value: !astropy.table.SerializedColumn {name: SkyCoord.dec}
#       distance: !astropy.table.SerializedColumn
#         __class__: astropy.coordinates.distances.Distance
#         unit: !astropy.units.Unit {unit: pc}
#         value: !astropy.table.SerializedColumn {name: SkyCoord.distance}
#       frame: icrs
#       obstime: !astropy.time.Time {format: jyear_str, in_subfmt: '*', jd1: 367701545.0, jd2: 0.0, out_subfmt: '*', precision: 3, scale: tt}
#       pm_dec: !astropy.table.SerializedColumn
#         __class__: astropy.units.quantity.Quantity
#         unit: !astropy.units.Unit {unit: mas / yr}
#         value: !astropy.table.SerializedColumn {name: SkyCoord.pm_dec}
#       pm_ra_cosdec: !astropy.table.SerializedColumn
#         __class__: astropy.units.quantity.Quantity
#         unit: !astropy.units.Unit {unit: mas / yr}
#         value: !astropy.table.SerializedColumn {name: SkyCoord.pm_ra_cosdec}
#       ra: !astropy.table.SerializedColumn
#         __class__: astropy.coordinates.angles.Longitude
#         unit: *id001
#         value: !astropy.table.SerializedColumn {name: SkyCoord.ra}
#         wrap_angle: !astropy.coordinates.Angle
#           unit: *id001
#           value: 360.0
#       representation_type: spherical
# schema: astropy-2.0
RA_ICRS_1 DE_ICRS_1 e_RA_ICRS e_DE_ICRS _r_1 HIP TYC2 Source rgeo Plx e_Plx pmRA pmDE e_pmRA e_pmDE RUWE Teff logg Gmag BP-RP BPmag RPmag RV e_RV b_rgeo B_rgeo FG e_FG FBP e_FBP FRP e_FRP RAVE5 RAVE6 e_Gmag e_BPmag e_RPmag e_BP-RP SkyCoord.ra SkyCoord.dec SkyCoord.distance SkyCoord.pm_ra_cosdec SkyCoord.pm_dec rmRA rmDE e_rmRA e_rmDE rRV e_rRV v_pec v_pec3d e_vpec e_vpec3d
[from data line 93]
62.72895933508 46.85047681441 0.0352 0.0248 1.7581 "" "" 234030087900147968 3024.74438 0.3023 0.0461 1.146 -1.715 0.046 0.036 1.019 9299.9 4.356 16.048273 1.101114 16.515635 15.41452 "" "" 2698.07153 3487.93481 7171.95427 2.6965 3381.9 10.836 5411.9 11.749 "" "" 0.0027853954050697095 0.0044595143 0.0044541643 0.008913679 62.72895933508 46.85047681441 3024.74438 1.1460000000000001 -1.715 0.11176917171478262 -0.021076884269714435 0.14576831 0.13576831 "" "" 1.6307102700750022 "" 0.23716450181634832 ""
62.75314321602 46.78513602056 0.039 0.0263 5.5218 "" "" 234017138579436288 2484.65576 0.3839 0.0532 -0.524 -1.536 0.054 0.037 1.034 5816.3 4.0221 16.09372 1.907731 17.038837 15.131106 "" "" 2209.24902 2874.82202 6877.94823 3.6657 2088.7 12.525 7026.1 12.675 "" "" 0.002815428039372484 0.0070833554 0.004256766 0.011340121 62.75314321602 46.78513602056 2484.65576 -0.524 -1.536 -1.5582308282852173 0.1579231157302856 0.15376832 0.13676831 "" "" 18.445710205861364 "" 2.8333523093115134 ""
62.66461647729 46.8819906024 0.0372 0.0257 1.4895 "" "" 234033322017110016 2967.01416 0.3119 0.0505 1.065 -1.695 0.051 0.041 0.981 "" "" 16.103569 1.082228 16.554104 15.471876 "" "" 2566.40479 3538.80811 6815.83595 3.0709 3264.2 9.9886 5133.4 13.523 "" "" 0.0027984082674149613 0.004338594 0.0047396533 0.0090782475 62.66461647729 46.8819906024 2967.01416 1.065 -1.6949999999999998 0.03076917171478266 -0.0010768842697144176 0.15076831 0.14076832 "" "" 0.4329917190770789 "" 0.06527630783899732 ""
63.05980874222 46.81508232823 0.0702 0.0453 15.3206 "" "" 234015317513679360 2347.64502 0.4131 0.0834 0.084 -1.147 0.081 0.062 1.588 7440.2 4.3724 16.10412 1.603696 16.761389 15.157693 "" "" 1920.05957 3214.36084 6812.3774 5.8711 2696.9 11.824 6856.2 11.096 "" "" 0.002909872495455123 0.0055176457 0.004167887 0.009685533 63.05980874222 46.81508232823 2347.64502 0.08400000000000035 -1.1470000000000011 -0.9502308282852173 0.5469231157302856 0.18076831 0.16176832 "" "" 12.200411526937039 "" 2.1501010912759404 ""
62.54943055266 47.02538233845 0.0415 0.0232 11.1596 "" "" 246022018849364480 2147.95117 0.4523 0.0524 1.083 -1.04 0.048 0.037 1.016 6538.8 4.3128 16.137724 1.562518 16.863047 15.300529 "" "" 1922.26868 2426.44629 6604.75795 2.3016 2455.8 6.548 6011.0 12.93 "" "" 0.002781176086410784 0.0040206644 0.0044427686 0.008463433 62.54943055266 47.02538233845 2147.95117 1.083 -1.04 0.04876917171478268 0.6539231157302856 0.14776832 0.13676831 "" "" 6.676269811752618 "" 0.9135245999056625 ""
62.84011619009 46.98360156881 0.0451 0.03 9.1467 "" "" 234032531742148224 2373.06445 0.3977 0.051 1.895 -0.88 0.054 0.04 1.045 9239.3 4.4964 16.157333 1.257156 16.70045 15.443295 "" "" 2117.08862 2630.53052 6486.53986 3.0701 2852.6 9.4799 5270.4 9.7216 "" "" 0.002802831520408701 0.0045611346 0.0042772167 0.008838352 62.84011619009 46.98360156881 2373.06445 1.8949999999999998 -0.88 0.8607691717147827 0.8139231157302856 0.15376832 0.1397683 "" "" 13.325323016560908 "" 1.9631598343283985 ""
62.50474354351 46.95645786816 0.0392 0.0237 9.4198 "" "" 246020644459844352 2705.28491 0.3501 0.0513 0.113 -1.225 0.049 0.036 1.039 "" "" 16.163355 1.347437 16.55124 15.203804 "" "" 2405.74878 3066.25415 6450.66578 3.6862 3272.8 30.916 6571.1 87.446 "" "" 0.0028243111007702558 0.010628993 0.014934729 0.02556372 62.50474354351 46.95645786816 2705.28491 0.11299999999999999 -1.225 -0.9212308282852173 0.46892311573028556 0.1487683 0.13576831 "" "" 13.255307834602942 "" 1.937762262721104 ""
62.55675740909 46.78967882036 0.0411 0.0241 7.3556 "" "" 234009098400685056 2858.29639 0.3317 0.0539 0.475 -0.154 0.059 0.04 1.032 "" "" 16.192543 1.514972 16.887144 15.372172 "" "" 2516.28027 3381.40454 6279.56793 2.2648 2401.9 8.5376 5627.2 10.035 "" "" 0.0027830068375385886 0.004762249 0.0042464784 0.009008728 62.55675740909 46.78967882036 2858.29639 0.47499999999999987 -0.15400000000000008 -0.5592308282852173 1.5399231157302857 0.15876831 0.1397683 "" "" 22.19653256315752 "" 3.1544136266516123 ""
62.93452983995 46.90658893027 0.0413 0.0291 10.107 "" "" 234019475041577984 2748.40942 0.3635 0.0495 1.036 -0.666 0.051 0.038 1.019 8294.8 4.2057 16.19682 1.366184 16.803247 15.437063 "" "" 2372.09351 3468.41235 6254.88578 2.7183 2594.9 11.014 5300.7 9.3513 "" "" 0.0027954302238389923 0.0053872312 0.0042370446 0.009624276 62.93452983995 46.90658893027 2748.40942 1.036 -0.6659999999999999 0.0017691717147827468 1.0279231157302857 0.15076831 0.13776831 "" "" 13.39124777615489 "" 1.8448901589635622 ""
62.46819941398 46.77674789625 0.04 0.0247 10.788 "" "" 234007792730643456 2282.39233 0.4178 0.0536 0.671 0.051 0.052 0.041 0.996 5393.1 4.2724 16.20118 1.585421 16.895798 15.310377 "" "" 2031.87024 2584.41602 6229.81133 2.7299 2382.9 21.641 5956.7 36.048 "" "" 0.002796094695557903 0.01024759 0.0075799385 0.01782753 62.46819941398 46.77674789625 2282.39233 0.671 0.05099999999999995 -0.36323082828521724 1.7449231157302856 0.15176831 0.14076832 "" "" 19.28218677900361 "" 2.7234590799255987 ""
62.74424432314 46.9479367228 0.0419 0.0279 5.2101 "" "" 234033906131705984 2696.80176 0.3551 0.0518 1.099 -1.761 0.053 0.039 1.023 "" "" 16.211702 1.029799 16.630274 15.600475 "" "" 2351.06299 3103.9707 6169.72602 2.552 3043.0 14.627 4560.0 10.396 "" "" 0.0027916798769451238 0.005917921 0.0045178286 0.01043575 62.74424432314 46.9479367228 2696.80176 1.0989999999999998 -1.760999999999998 0.06476917171478269 -0.06707688426971425 0.15276831 0.13876832 "" "" 1.1919170281610882 "" 0.17365206183993906 ""
62.72290623627 46.77361031109 0.0407 0.0271 5.7811 "" "" 234005387548923904 2693.90186 0.3342 0.0543 1.579 -0.992 0.057 0.038 1.03 6455.9 4.314 16.212042 1.653279 16.996675 15.343396 "" "" 2320.3208 3108.77344 6167.7997 2.6013 2171.4 11.089 5778.3 12.228 "" "" 0.002793112097594711 0.006207139 0.004422988 0.010630127 62.72290623627 46.77361031109 2693.90186 1.579 -0.992 0.5447691717147827 0.7019231157302857 0.1567683 0.13776831 "" "" 11.345608488703588 "" 1.6474121046678338 ""
62.68862250249 46.90602392228 0.0482 0.0326 2.2948 "" "" 234033356376847232 2255.55762 0.4252 0.0625 -0.865 -1.076 0.066 0.051 1.253 5978.9 4.1585 16.21458 1.785726 16.968563 15.182837 "" "" 1991.56641 2709.10181 6153.38866 3.8475 2228.4 30.928 6699.2 61.621 "" "" 0.0028377205814596167 0.015325087 0.010678089 0.026003176 62.68862250249 46.90602392228 2255.55762 -0.8650000000000004 -1.076 -1.8992308282852173 0.6179231157302856 0.16576831 0.15076831 "" "" 21.35301512521565 "" 3.5102588156620533 ""
62.92068215627 46.94659185413 0.0418 0.0292 10.3977 "" "" 234031878907119872 2257.64355 0.4178 0.0486 1.883 -0.125 0.05 0.038 0.988 7895.8 4.3179 16.219318 1.500004 16.90271 15.402706 "" "" 2064.49805 2442.86987 6126.59763 2.9426 2367.7 9.8223 5471.1 11.918 "" "" 0.0028042341070804227 0.0052983225 0.004458421 0.009756744 62.92068215627 46.94659185413 2257.64355 1.883 -0.125 0.8487691717147827 1.5689231157302856 0.14976831 0.13776831 "" "" 19.08881407139673 "" 2.683408598335738 ""
62.64877437832 46.7917069748 0.0427 0.0278 4.949 "" "" 234006349621603328 2757.31226 0.3431 0.0572 -0.982 -1.356 0.058 0.041 1.043 6677.9 4.3526 16.222322 1.596547 16.964724 15.368176 "" "" 2352.6311 3492.77295 6109.67517 2.5177 2236.3 9.4052 5647.9 18.016 "" "" 0.0027914099015847564 0.0053512556 0.005126254 0.010477509 62.64877437832 46.7917069748 2757.31226 -0.9819999999999995 -1.3560000000000008 -2.0162308282852175 0.33792311573028555 0.15776831 0.14076832 "" "" 26.71899756985002 "" 4.203652704626085 ""
62.47106406549 46.77192417518 0.0419 0.0257 10.8383 "" "" 234007724011168000 2764.99341 0.3349 0.0559 -0.102 -3.551 0.054 0.042 1.039 6672.4 4.3236 16.227787 1.563065 16.95003 15.386965 "" "" 2464.01172 3262.37036 6079.00027 2.4403 2266.8 8.6243 5551.0 8.5396 "" "" 0.002789579382270164 0.004984839 0.004132019 0.009116858 62.47106406549 46.77192417518 2764.99341 -0.10200000000000053 -3.551000000000001 -1.1362308282852174 -1.8570768842697145 0.15376832 0.1417683 "" "" 28.533194129037888 "" 4.141171906851331 ""
63.02376650171 46.97199740789 0.0377 0.0323 14.8625 "" "" 234025934672365952 2442.90967 0.3768 0.0495 0.692 -2.332 0.048 0.041 1.063 6580.7 4.3704 16.257223 1.550491 16.976892 15.426401 "" "" 2210.12012 2926.75366 5916.39486 2.7186 2211.4 9.3597 5353.0 8.3228 "" "" 0.0028001231085022418 0.005376088 0.0041392497 0.009515338 63.02376650171 46.97199740789 2442.90967 0.692 -2.332 -0.34223082828521734 -0.6380768842697142 0.14776832 0.14076832 "" "" 8.384183779884033 "" 1.193589154993612 ""
62.4171285392 46.83008536124 0.0399 0.0237 11.6116 "" "" 246018479796355584 2803.9375 0.3323 0.0543 1.033 -1.553 0.057 0.039 1.002 8994.5 4.3966 16.26206 1.14812 16.750336 15.602216 "" "" 2447.73413 3191.57178 5890.105 2.1652 2724.5 7.9157 4552.7 10.144 "" "" 0.0027840767005378876 0.004211383 0.0044873217 0.008698705 62.4171285392 46.83008536124 2803.9375 1.0330000000000006 -1.5530000000000008 -0.0012308282852173669 0.1409231157302857 0.1567683 0.13876832 "" "" 1.873033182425546 "" 0.25992039769846204 ""
62.74885893416 46.70104797961 0.0387 0.0279 10.2618 "" "" 233992537006793344 2192.36328 0.4228 0.053 1.309 -3.466 0.054 0.04 0.978 6895.8 4.33 16.279564 1.355966 16.886887 15.530921 "" "" 1934.34497 2547.10864 5795.90726 2.4689 2402.5 9.5744 4861.7 10.536 "" "" 0.0027938665610915403 0.005148469 0.0044519748 0.009600444 62.74885893416 46.70104797961 2192.36328 1.309 -3.466 0.27476917171478266 -1.7720768842697145 0.15376832 0.1397683 "" "" 18.63512497410977 "" 2.6110237346526506 ""
62.71155651688 46.89045007397 0.0418 0.0286 1.5159 "" "" 234030435798151296 2802.85449 0.3366 0.0529 1.19 -1.649 0.054 0.042 0.961 "" "" 16.294518 1.247449 16.83359 15.586141 "" "" 2435.15088 3351.53442 5716.63041 2.4116 2523.4 8.6679 4620.6 12.783 "" "" 0.002793130250869916 0.0046577156 0.004827632 0.009485347 62.71155651688 46.89045007397 2802.85449 1.19 -1.649 0.15576917171478266 0.04492311573028562 0.15376832 0.1417683 "" "" 2.1538184871269794 "" 0.32927637024543166 ""
62.44977801921 46.69591341752 0.0459 0.0246 14.4151 "" "" 234004047519194368 2219.99463 0.4301 0.0547 -0.401 -1.146 0.063 0.043 0.986 6510.9 4.3718 16.29886 1.570355 17.035019 15.464664 "" "" 2010.11548 2482.44702 5693.8045 2.1293 2096.1 9.6828 5167.6 11.551 "" "" 0.002785076328513878 0.005739353 0.0044915094 0.010230863 62.44977801921 46.69591341752 2219.99463 -0.4009999999999998 -1.146 -1.4352308282852173 0.5479231157302857 0.1627683 0.14276831 "" "" 16.165760378195266 "" 2.5923851769342168 ""
62.75417655607 46.9690960821 0.0453 0.0302 6.5387 "" "" 234034215369343488 2947.37695 0.3245 0.0565 2.258 -2.21 0.057 0.042 1.051 6885.9 4.3441 16.314203 1.303442 16.888607 15.585165 "" "" 2531.31519 3455.08179 5613.90537 2.954 2398.7 8.5066 4624.8 10.283 "" "" 0.0028139263214278392 0.004755053 0.004484584 0.009239637 62.75417655607 46.9690960821 2947.37695 2.258 -2.210000000000001 1.2237691717147827 -0.5160768842697143 0.1567683 0.1417683 "" "" 18.554818425716157 "" 2.8685154476273285 ""
62.56633118831 46.79609185501 0.0457 0.0293 6.8074 "" "" 234009201480784768 2577.64526 0.3719 0.0632 1.11 -1.734 0.068 0.049 1.059 9104.3 4.3746 16.321564 1.335695 16.910858 15.575163 "" "" 2192.17871 3125.83447 5575.98457 2.323 2350.0 8.0242 4667.6 8.8628 "" "" 0.0027922013863662105 0.0046399515 0.0043050977 0.00894505 62.56633118831 46.79609185501 2577.64526 1.110000000000001 -1.734 0.07576917171478281 -0.04007688426971434 0.16776831 0.1487683 "" "" 1.0472736493533004 "" 0.1715466265256993 ""
62.82287464624 46.98623535146 0.0459 0.0314 8.829 "" "" 234035486679649408 2227.31323 0.4267 0.0556 1.254 -0.066 0.055 0.043 1.037 "" "" 16.322563 1.61402 17.081602 15.467582 "" "" 2010.84619 2526.07861 5570.84941 2.5375 2008.1 9.725 5153.8 12.289 "" "" 0.0027993512927694387 0.0059525315 0.0045810556 0.010533587 62.82287464624 46.98623535146 2227.31323 1.254 -0.0660000000000002 0.21976917171478272 1.6279231157302856 0.15476832 0.14276831 "" "" 17.34264724309847 "" 2.4798588570837046 ""
63.05073291294 46.81945080496 0.047 0.0316 14.9024 "" "" 234015317513679232 2305.44043 0.409 0.0579 -0.674 -2.2 0.055 0.043 0.948 7947.4 4.4251 16.340729 1.315373 16.919315 15.603943 "" "" 2031.96277 2628.32666 5478.42249 2.8213 2331.8 14.06 4545.5 12.795 "" "" 0.0028114806264145447 0.007116426 0.004860467 0.011976892 63.05073291294 46.81945080496 2305.44043 -0.6740000000000002 -2.2 -1.7082308282852172 -0.5060768842697145 0.15476832 0.14276831 "" "" 19.46915443482684 "" 2.9950333796216353 ""
62.53215536192 46.81237043424 0.0442 0.0274 7.4562 "" "" 234009373278588672 2935.45239 0.3182 0.0608 0.895 -1.257 0.061 0.044 1.045 9114.4 4.4517 16.345606 1.306203 16.898176 15.591973 "" "" 2551.41162 3450.54663 5453.86346 3.2836 2377.6 8.5957 4595.9 9.2104 "" "" 0.0028318010134369075 0.004815869 0.004360977 0.009176847 62.53215536192 46.81237043424 2935.45239 0.895 -1.2570000000000001 -0.13923082828521727 0.43692311573028575 0.16076832 0.14376831 "" "" 6.380572223896718 "" 0.927854076161613 ""
62.62162587828 46.92610981276 0.0437 0.0289 4.5948 "" "" 234010953826498560 2557.18115 0.3782 0.0585 1.4 -1.338 0.055 0.046 1.006 9018.7 4.0959 16.34771 1.327724 16.92254 15.594817 "" "" 2200.88794 2914.13403 5443.30419 2.5094 2324.9 10.486 4583.9 11.705 "" "" 0.0028004144992808933 0.005636101 0.004687227 0.010323328 62.62162587828 46.92610981276 2557.18115 1.4 -1.3379999999999992 0.3657691717147826 0.35592311573028557 0.15476832 0.14576831 "" "" 6.186105418446963 "" 0.9307511519538412 ""
62.67381240763 46.86825631424 0.0426 0.03 0.8533 "" "" 234030298359213824 2975.94019 0.3032 0.0562 1.219 -1.731 0.057 0.046 1.004 9461.3 4.3745 16.34881 1.139821 16.8283 15.688479 "" "" 2565.57373 3406.47363 5437.78989 2.5022 2535.7 7.5197 4205.0 10.797 "" "" 0.0028002484239889338 0.0042605246 0.0046963333 0.008956858 62.67381240763 46.86825631424 2975.94019 1.2189999999999996 -1.7310000000000008 0.1847691717147828 -0.03707688426971445 0.1567683 0.14576831 "" "" 2.658302670386817 "" 0.4156440070943267 ""
62.61376516143 46.9120966397 0.0444 0.0283 4.2416 "" "" 234010850747290240 2752.19092 0.3768 0.0573 -3.54 0.153 0.054 0.044 1.006 7167.1 4.3506 16.3521 1.529429 17.05482 15.525391 "" "" 2259.45654 3295.9021 5421.33999 2.2192 2058.2 7.345 4886.5 8.9011 "" "" 0.0027909348204030356 0.0047746925 0.004265583 0.009040276 62.61376516143 46.9120966397 2752.19092 -3.54 0.15299999999999986 -4.574230828285217 1.8469231157302857 0.15376832 0.14376831 "" "" 64.35317975462863 "" 9.807817710240315 ""
62.77653112838 47.06814525964 0.0434 0.0311 12.4686 "" "" 234036861069168896 2999.84399 0.3069 0.054 1.798 -2.812 0.058 0.043 0.966 8502.5 4.4216 16.35636 1.551399 17.072527 15.521128 "" "" 2582.30688 3546.29932 5400.1148 2.9864 2024.9 10.807 4905.8 13.847 "" "" 0.002819985288720596 0.006431393 0.0048657316 0.011297124 62.77653112838 47.06814525964 2999.84399 1.798 -2.812000000000001 0.7637691717147828 -1.1180768842697142 0.15776831 0.14276831 "" "" 19.25352597677913 "" 2.8438644752421904 ""
62.94583709414 46.87094257487 0.0443 0.0313 10.3067 "" "" 234019131444203904 2706.40894 0.3383 0.0548 0.866 -2.904 0.056 0.041 1.041 "" "" 16.38949 1.892079 17.326796 15.434716 "" "" 2392.51318 3052.0 5237.82462 2.5064 1602.1 7.1454 5312.2 8.3846 "" "" 0.002803875375068955 0.005588734 0.004149754 0.009738488 62.94583709414 46.87094257487 2706.40894 0.8660000000000002 -2.904 -0.1682308282852173 -1.2100768842697143 0.1557683 0.14076832 "" "" 15.67262300224007 "" 2.2108989409157673 ""
