Clusters/Juchert_20/Juchert_20_stars_in_region.tsv
# %ECSV 1.0
# ---
# datatype:
# - name: RA_ICRS_1
#   unit: deg
#   datatype: float64
#   format: '{:15.11f}'
#   description: Right ascension (ICRS) at Ep=2016.0 (ra)
#   meta: !!omap
#   - {ucd: POS_EQ_RA_MAIN}
#   - {width: 15}
#   - {precision: '11'}
# - name: DE_ICRS_1
#   unit: deg
#   datatype: float64
#   format: '{:15.11f}'
#   description: Declination (ICRS) at Ep=2016.0 (dec)
#   meta: !!omap
#   - {ucd: POS_EQ_DEC_MAIN}
#   - {width: 15}
#   - {precision: '11'}
# - name: e_RA_ICRS
#   unit: mas
#   datatype: float64
#   format: '{:7.4f}'
#   description: Standard error of right ascension (ra_error)
#   meta: !!omap
#   - {ucd: ERROR}
#   - {width: 7}
#   - {precision: '4'}
# - name: e_DE_ICRS
#   unit: mas
#   datatype: float64
#   format: '{:7.4f}'
#   description: Standard error of declination (dec_error)
#   meta: !!omap
#   - {ucd: ERROR}
#   - {width: 7}
#   - {precision: '4'}
# - name: _r_1
#   unit: ''
#   datatype: float64
#   format: '{:7.4f}'
#   description: Distance from center (062.69461147000+46.86799625000)[ICRS], at Epoch=J2016.0
#   meta: !!omap
#   - {ucd: POS_ANG_DIST_GENERAL}
#   - {width: 7}
#   - {precision: '4'}
# - name: HIP
#   datatype: int32
#   description: '? HIP cross-id number, van Leeuwen, Cat. I/311 (hip_original_ext_source_id)'
#   meta: !!omap
#   - {ucd: ID_NUMBER}
#   - {width: 6}
#   - values: {'null': -2147483648}
# - name: TYC2
#   datatype: string
#   description: Tycho-2 cross-id name, Hog et al., Cat. I/259 (tyc2_original_ext_source_id)
#   meta: !!omap
#   - {ucd: ID_CROSSID}
#   - {_votable_string_dtype: char}
# - name: Source
#   datatype: int64
#   description: Source identifier, identical to the Gaia-EDR3 source_id (id)
#   meta: !!omap
#   - {ucd: ID_MAIN}
#   - {width: 19}
# - name: rgeo
#   unit: pc
#   datatype: float64
#   format: '{:15.8f}'
#   description: '? Median of the geometric distance posterior (r_med_geo)'
#   meta: !!omap
#   - {ucd: PHYS_DISTANCE_TRUE}
#   - {width: 15}
#   - {precision: '8'}
#   - values: {'null': .nan}
# - name: Plx
#   unit: mas
#   datatype: float64
#   format: '{:9.4f}'
#   description: '? Parallax (parallax)'
#   meta: !!omap
#   - {ucd: POS_PARLX_TRIG}
#   - {width: 9}
#   - {precision: '4'}
#   - values: {'null': .nan}
# - name: e_Plx
#   unit: mas
#   datatype: float32
#   format: '{:7.4f}'
#   description: '? Standard error of parallax (parallax_error)'
#   meta: !!omap
#   - {ucd: ERROR}
#   - {width: 7}
#   - {precision: '4'}
#   - values: {'null': .nan}
# - name: pmRA
#   unit: mas / yr
#   datatype: float64
#   format: '{:9.3f}'
#   description: '? Proper motion in right ascension direction, pmRA*cosDE (pmra)'
#   meta: !!omap
#   - {ucd: POS_EQ_PMRA}
#   - {width: 9}
#   - {precision: '3'}
#   - values: {'null': .nan}
# - name: pmDE
#   unit: mas / yr
#   datatype: float64
#   format: '{:9.3f}'
#   description: '? Proper motion in declination direction (pmdec)'
#   meta: !!omap
#   - {ucd: POS_EQ_PMDEC}
#   - {width: 9}
#   - {precision: '3'}
#   - values: {'null': .nan}
# - name: e_pmRA
#   unit: mas / yr
#   datatype: float32
#   format: '{:6.3f}'
#   description: '? Standard error of proper motion in right ascension direction (pmra_error)'
#   meta: !!omap
#   - {ucd: ERROR}
#   - {width: 6}
#   - {precision: '3'}
#   - values: {'null': .nan}
# - name: e_pmDE
[...]
#         value: !astropy.table.SerializedColumn {name: SkyCoord.dec}
#       distance: !astropy.table.SerializedColumn
#         __class__: astropy.coordinates.distances.Distance
#         unit: !astropy.units.Unit {unit: pc}
#         value: !astropy.table.SerializedColumn {name: SkyCoord.distance}
#       frame: icrs
#       obstime: !astropy.time.Time {format: jyear_str, in_subfmt: '*', jd1: 367701545.0, jd2: 0.0, out_subfmt: '*', precision: 3, scale: tt}
#       pm_dec: !astropy.table.SerializedColumn
#         __class__: astropy.units.quantity.Quantity
#         unit: !astropy.units.Unit {unit: mas / yr}
#         value: !astropy.table.SerializedColumn {name: SkyCoord.pm_dec}
#       pm_ra_cosdec: !astropy.table.SerializedColumn
#         __class__: astropy.units.quantity.Quantity
#         unit: !astropy.units.Unit {unit: mas / yr}
#         value: !astropy.table.SerializedColumn {name: SkyCoord.pm_ra_cosdec}
#       ra: !astropy.table.SerializedColumn
#         __class__: astropy.coordinates.angles.Longitude
#         unit: *id001
#         value: !astropy.table.SerializedColumn {name: SkyCoord.ra}
#         wrap_angle: !astropy.coordinates.Angle
#           unit: *id001
#           value: 360.0
#       representation_type: spherical
# schema: astropy-2.0
RA_ICRS_1 DE_ICRS_1 e_RA_ICRS e_DE_ICRS _r_1 HIP TYC2 Source rgeo Plx e_Plx pmRA pmDE e_pmRA e_pmDE RUWE Teff logg Gmag BP-RP BPmag RPmag RV e_RV b_rgeo B_rgeo FG e_FG FBP e_FBP FRP e_FRP RAVE5 RAVE6 e_Gmag e_BPmag e_RPmag e_BP-RP SkyCoord.ra SkyCoord.dec SkyCoord.distance SkyCoord.pm_ra_cosdec SkyCoord.pm_dec rmRA rmDE e_rmRA e_rmDE rRV e_rRV v_pec v_pec3d e_vpec e_vpec3d
[from data line 61]
62.73285337114 46.82734967305 0.0295 0.0206 2.9001 "" "" 234029233207330432 2561.77808 0.3538 0.0397 1.015 -1.8 0.038 0.029 1.016 6644.8 3.9757 15.60205 1.49451 16.286127 14.791617 "" "" 2325.1709 2832.42993 10817.50031 3.3685 4178.0 8.9778 9605.3 13.194 "" "" 0.0027759854275686046 0.0036370612 0.0040629986 0.0077000596 62.73285337114 46.82734967305 2561.77808 1.0150000000000001 -1.8000000000000003 -0.019230828285217383 -0.1060768842697144 0.13776831 0.12876831 "" "" 1.3090695287752254 "" 0.16895422692073347 ""
62.864070284 47.02725122583 0.0281 0.0232 11.8102 "" "" 234035692838065408 2250.26099 0.411 0.0351 0.223 -2.336 0.036 0.03 1.02 5336.9 3.9207 15.602181 1.307591 16.180395 14.872804 "" "" 2075.91846 2412.14136 10816.19088 8.3911 4605.3 11.435 8913.3 46.619 "" "" 0.0028811916559236136 0.0038798049 0.006821388 0.010701193 62.864070284 47.02725122583 2250.26099 0.22299999999999998 -2.3359999999999994 -0.8112308282852173 -0.6420768842697142 0.13576831 0.12976831 "" "" 11.035087972175019 "" 1.473065798401421 ""
62.92310711864 46.76671795534 0.0306 0.0228 11.178 "" "" 234013427729165568 2711.19922 0.3377 0.0396 0.606 0.206 0.042 0.032 1.003 7437.4 4.2948 15.735194 1.442936 16.38811 14.945173 "" "" 2420.06958 3022.39233 9569.05314 3.3998 3803.4 11.829 8338.5 7.5484 "" "" 0.002782192367497426 0.004380361 0.0039050914 0.008285453 62.92310711864 46.76671795534 2711.19922 0.6060000000000001 0.20600000000000002 -0.4282308282852173 1.8999231157302856 0.1417683 0.13176832 "" "" 25.02858613421219 "" 3.310510346678854 ""
62.97573745511 46.86204686664 0.0365 0.0256 11.5382 "" "" 234018753487080832 2361.16455 0.3905 0.0439 -0.394 -0.662 0.045 0.034 1.068 6816.2 4.2715 15.755466 1.511786 16.447783 14.935996 "" "" 2146.55396 2592.19458 9392.04589 3.3727 3600.0 9.3573 8409.3 10.397 "" "" 0.002782769019784908 0.0039685383 0.0040106964 0.007979235 62.97573745511 46.86204686664 2361.16455 -0.394 -0.662 -1.4282308282852174 1.0319231157302857 0.14476831 0.13376832 "" "" 19.72036819449301 "" 2.782389190741571 ""
62.40210755794 46.79285473142 0.0306 0.0185 12.8257 "" "" 234008411205939328 2667.26758 0.351 0.0422 0.467 -1.731 0.041 0.03 0.942 "" "" 15.763414 1.150565 16.249956 15.099391 "" "" 2389.5791 2879.80786 9323.54378 2.7828 4319.5 10.323 7234.4 10.519 "" "" 0.0027743114858327584 0.0038102248 0.0040958496 0.007906075 62.40210755794 46.79285473142 2667.26758 0.46699999999999964 -1.7310000000000005 -0.5672308282852172 -0.03707688426971445 0.14076832 0.12976831 "" "" 7.186717099458549 "" 1.0113388521902806 ""
62.46514039468 46.78155288341 0.159 0.1042 10.7541 "" "" 234007792730642304 2813.34766 0.333 0.2118 2.908 -2.218 0.199 0.161 3.814 "" "" 15.763928 1.518951 16.259415 14.740463 "" "" 1944.02124 4424.51318 9319.13176 11.126 4282.0 35.062 10069.0 36.949 "" "" 0.0030450035870978787 0.009317817 0.0054915883 0.014809405 62.46514039468 46.78155288341 2813.34766 2.9080000000000013 -2.218 1.8737691717147826 -0.5240768842697143 0.2987683 0.2607683 "" "" 25.94615319081122 "" 7.684612886193 ""
62.9611376067 46.983065966 0.0306 0.0236 12.9207 "" "" 234032016346060544 2561.02539 0.3618 0.0364 1.074 -1.561 0.038 0.03 1.023 8967.7 4.3484 15.779334 1.202251 16.296942 15.094691 "" "" 2359.66089 2841.31274 9187.83746 3.0123 4136.6 7.8153 7265.8 10.051 "" "" 0.0027782191443937805 0.003463066 0.0040668813 0.007529947 62.9611376067 46.983065966 2561.02539 1.0740000000000003 -1.561000000000001 0.03976917171478278 0.1329231157302857 0.13776831 0.12976831 "" "" 1.684260219835222 "" 0.21970179276649074 ""
62.73538592858 46.84884707013 0.0318 0.0226 2.0295 "" "" 234030092200781056 2727.78076 0.3433 0.0415 1.189 -1.666 0.042 0.033 1.034 "" "" 15.792203 0.949569 16.177267 15.227698 "" "" 2427.91089 3083.82495 9079.57526 2.9572 4618.6 11.239 6428.0 9.7954 "" "" 0.0027779197301901295 0.0038425897 0.004125669 0.007968259 62.73538592858 46.84884707013 2727.78076 1.189 -1.666 0.15476917171478277 0.02792311573028572 0.1417683 0.1327683 "" "" 2.033423933883057 "" 0.28771591455109474 ""
62.53611988579 46.65456303349 0.036 0.0198 14.3677 "" "" 234003119806259712 2787.76514 0.337 0.0421 -0.821 -0.083 0.046 0.032 1.05 "" "" 15.804699 1.244679 16.338171 15.093492 "" "" 2526.91187 3218.56543 8975.67257 2.6293 3982.4 9.8552 7273.8 11.824 "" "" 0.0027736160827800177 0.003873533 0.0041711754 0.0080447085 62.53611988579 46.65456303349 2787.76514 -0.8210000000000001 -0.08299999999999991 -1.8552308282852172 1.6109231157302857 0.14576831 0.13176832 "" "" 32.4670988794471 "" 4.542860377458866 ""
62.86566891266 47.01822578948 0.0317 0.0253 11.417 "" "" 234035624118590464 2665.73608 0.3341 0.0395 1.886 -1.289 0.04 0.032 1.002 5196.4 3.5282 15.83866 1.983333 16.83543 14.852097 "" "" 2403.69043 2964.83228 8699.26567 3.4198 2519.1 10.828 9084.9 10.081 "" "" 0.0027881826967966583 0.0054373587 0.0039667645 0.009404123 62.86566891266 47.01822578948 2665.73608 1.8860000000000001 -1.289000000000002 0.8517691717147826 0.4049231157302857 0.1397683 0.13176832 "" "" 11.91686410281018 "" 1.6484407087228026 ""
62.97621777274 47.03168539398 0.031 0.0248 15.1491 "" "" 234038750855762176 2794.20239 0.3259 0.0392 2.611 -1.542 0.04 0.032 1.059 7299.6 4.2489 15.840464 1.364069 16.445553 15.081484 "" "" 2506.58594 3249.32153 8684.83091 2.9266 3607.4 7.6104 7354.7 12.593 "" "" 0.002779505344470297 0.0036099325 0.004211859 0.007821791 62.97621777274 47.03168539398 2794.20239 2.611000000000001 -1.5419999999999998 1.576769171714783 0.1519231157302856 0.1397683 0.13176832 "" "" 20.980261991213414 "" 2.9308755755851776 ""
62.7004045308 46.8507403846 0.0346 0.0262 1.0623 "" "" 234030023481310080 2202.87183 0.4162 0.047 -1.081 -1.117 0.047 0.038 1.005 "" "" 15.904357 1.018604 16.323887 15.305283 "" "" 2042.07837 2501.39111 8188.49088 2.9608 4035.2 10.551 5984.7 11.015 "" "" 0.0027831473907913907 0.0039805155 0.004275165 0.008255681 62.7004045308 46.8507403846 2202.87183 -1.081 -1.117 -2.1152308282852172 0.5769231157302857 0.1467683 0.13776831 "" "" 22.893200794449665 "" 3.3461388947286363 ""
62.66884478069 47.10029583443 0.039 0.0262 13.9778 "" "" 246046070666662528 2243.70264 0.4192 0.048 -0.251 -1.771 0.048 0.039 1.218 6698.1 4.1785 15.904368 1.774893 16.756317 14.981424 "" "" 2059.53735 2502.96997 8188.40421 3.3685 2709.5 11.099 8064.7 15.771 "" "" 0.002791286500023891 0.0052502933 0.004334951 0.009585245 62.66884478069 47.10029583443 2243.70264 -0.25100000000000006 -1.771 -1.2852308282852172 -0.07707688426971426 0.14776832 0.13876832 "" "" 13.693181182071145 "" 2.022990118852058 ""
63.02294256087 46.94527231563 0.0339 0.0254 14.235 "" "" 234025625434726656 2264.44141 0.4123 0.041 1.289 -3.489 0.042 0.033 1.052 7157.2 4.2925 15.904581 1.443929 16.559542 15.115613 "" "" 2060.3999 2478.05225 8186.80302 3.1108 3247.9 11.218 7127.1 9.8867 "" "" 0.0027860350317606337 0.004674176 0.0040684342 0.00874261 63.02294256087 46.94527231563 2264.44141 1.2890000000000004 -3.488999999999998 0.25476917171478264 -1.7950768842697142 0.1417683 0.1327683 "" "" 19.460457489237285 "" 2.587304959759291 ""
62.69118804003 46.9022817676 0.0357 0.0236 2.0619 "" "" 234033356375911424 2603.06201 0.3611 0.0447 1.043 -1.658 0.046 0.037 0.987 9596.0 4.2921 15.905579 1.083263 16.359013 15.275749 "" "" 2307.10962 2986.58789 8179.28473 3.2644 3906.7 9.827 6149.8 10.087 "" "" 0.0027891860382580746 0.00390434 0.004177933 0.008082273 62.69118804003 46.9022817676 2603.06201 1.0430000000000001 -1.658 0.008769171714782642 0.035923115730285726 0.14576831 0.13676831 "" "" 0.45625292274164303 "" 0.06263901547749318 ""
62.65988079123 47.0629064176 0.0379 0.0217 11.7808 "" "" 246045211673245568 2155.42358 0.4375 0.0466 1.169 -1.868 0.045 0.033 0.998 "" "" 15.91857 1.821558 16.807373 14.985815 "" "" 1948.11365 2376.84204 8082.00135 2.9473 2585.0 9.4665 8032.2 11.734 "" "" 0.00278362320100991 0.004857378 0.0040987195 0.008956097 62.65988079123 47.0629064176 2155.42358 1.1689999999999998 -1.8679999999999999 0.13476917171478275 -0.17407688426971446 0.14476831 0.1327683 "" "" 2.249195888983307 "" 0.30901303742977804 ""
62.56640059193 46.99710711219 0.0369 0.021 9.3597 "" "" 246021194215646720 2453.56787 0.3803 0.0471 1.033 -1.631 0.044 0.033 1.026 9240.1 4.3314 15.920204 1.310148 16.494705 15.184557 "" "" 2218.53979 2723.68774 8069.84459 2.8268 3447.7 10.356 6688.6 10.408 "" "" 0.002781444961770898 0.0042919614 0.0041398206 0.008431782 62.56640059193 46.99710711219 2453.56787 1.0329999999999997 -1.6309999999999998 -0.0012308282852173669 0.06292311573028564 0.14376831 0.1327683 "" "" 0.7319302676820779 "" 0.09718034661804739 ""
62.93754486472 46.95160877449 0.0353 0.0256 11.1499 "" "" 234031707108425216 2190.41748 0.4204 0.0429 -0.669 -3.055 0.044 0.033 1.041 8461.7 4.492 15.923494 1.178906 16.423656 15.24475 "" "" 2018.39404 2418.73267 8045.42216 2.8336 3680.9 10.428 6327.9 8.9642 "" "" 0.00278172905711756 0.0041528507 0.0040803663 0.0082332175 62.93754486472 46.95160877449 2190.41748 -0.6689999999999994 -3.0550000000000006 -1.7032308282852173 -1.3610768842697145 0.14376831 0.1327683 "" "" 22.63670202104541 "" 3.1597337144127446 ""
63.03004850575 46.98175195294 0.0332 0.0303 15.3466 "" "" 234025934672363264 2165.64355 0.4356 0.0428 0.755 -1.962 0.043 0.037 1.06 7409.5 4.351 15.92511 1.287153 16.487913 15.20076 "" "" 1938.29419 2400.32495 8033.46091 3.7085 3469.4 11.563 6589.5 12.377 "" "" 0.002800535853744529 0.004569388 0.0042944835 0.008863872 63.03004850575 46.98175195294 2165.64355 0.755 -1.962 -0.2792308282852173 -0.2680768842697143 0.14276831 0.13676831 "" "" 3.973489387737888 "" 0.555981156596962 ""
62.74896192045 46.79835889293 0.0356 0.0244 4.7365 "" "" 234028889609954176 3082.47559 0.3126 0.0504 0.907 -0.11 0.049 0.035 1.011 5796.6 3.7622 15.92688 2.035734 16.957787 14.922052 "" "" 2676.99951 3669.87842 8020.3786 3.2557 2250.6 8.7616 8518.0 11.29 "" "" 0.002790346469030838 0.0050646514 0.0040440867 0.009108738 62.74896192045 46.79835889293 3082.47559 0.907 -0.10999999999999999 -0.12723082828521726 1.5839231157302855 0.1487683 0.1347683 "" "" 23.217138351591494 "" 3.1311257211552435 ""
62.58140576101 46.77150851362 0.0375 0.0236 7.4242 "" "" 234006177822926208 2820.63892 0.322 0.0508 -0.736 -1.437 0.052 0.038 1.161 6608.0 4.0803 15.928205 1.542561 16.636967 15.094406 "" "" 2525.20679 3237.85181 8010.59935 3.1203 3024.3 7.2472 7267.7 12.061 "" "" 0.0027875883150045356 0.0038150072 0.0041869166 0.008001924 62.58140576101 46.77150851362 2820.63892 -0.736 -1.4369999999999998 -1.7702308282852173 0.2569231157302856 0.15176831 0.13776831 "" "" 23.915654824220887 "" 3.623043923089627 ""
62.9260843281 46.910133865 0.0356 0.0261 9.8224 "" "" 234019475041578240 2542.96069 0.3738 0.0434 2.021 -1.061 0.044 0.034 0.992 6422.2 4.2733 15.929949 1.570128 16.658886 15.088757 "" "" 2291.62549 2820.41138 7997.74244 3.5219 2963.9 11.927 7305.6 15.546 "" "" 0.0027964951245387512 0.005184022 0.0044296356 0.009613657 62.9260843281 46.910133865 2542.96069 2.020999999999999 -1.0609999999999986 0.9867691717147826 0.6329231157302857 0.14376831 0.13376832 "" "" 14.130566152245404 "" 1.9913745937802287 ""
62.40269517523 46.7398315642 0.0361 0.0218 14.2432 "" "" 234007242974853632 2287.21362 0.4283 0.0468 1.353 -2.114 0.048 0.036 1.025 7987.4 4.1645 15.931673 1.450381 16.585978 15.135596 "" "" 2043.64441 2493.875 7985.0503 2.9154 3169.8 8.5416 6997.1 11.792 "" "" 0.0027836900749241365 0.0040428755 0.004199017 0.008241892 62.40269517523 46.7398315642 2287.21362 1.353 -2.114 0.3187691717147827 -0.42007688426971423 0.14776832 0.13576831 "" "" 5.717006388143239 "" 0.8019379678048741 ""
62.69324576848 47.06880966194 0.0392 0.0261 12.0489 "" "" 246045280392684032 2509.02637 0.365 0.0469 1.014 -1.364 0.046 0.039 1.066 7972.6 4.4668 15.932399 1.27763 16.490412 15.212782 "" "" 2210.28931 2828.62793 7979.71438 3.2015 3461.4 10.725 6517.0 14.79 "" "" 0.0027895410070592863 0.004370614 0.0045116665 0.00888228 62.69324576848 47.06880966194 2509.02637 1.0140000000000002 -1.3639999999999992 -0.020230828285217273 0.32992311573028554 0.14576831 0.13876832 "" "" 3.9310745609265725 "" 0.5456142654830454 ""
62.70587793304 47.06729959633 0.0361 0.0241 11.9671 "" "" 246045074234252928 3105.61694 0.3018 0.0433 0.955 -1.491 0.042 0.036 1.004 9982.7 4.145 15.946501 1.255744 16.485973 15.230229 "" "" 2761.12622 3501.39746 7876.73549 3.6896 3475.6 13.349 6413.1 13.984 "" "" 0.0028018637942920353 0.0050174217 0.0044596777 0.009477099 62.70587793304 47.06729959633 3105.61694 0.9550000000000004 -1.4910000000000003 -0.07923082828521733 0.20292311573028554 0.1417683 0.13576831 "" "" 3.2067762548047836 "" 0.4379723121553114 ""
62.62285094261 46.94738652951 0.0378 0.0247 5.5984 "" "" 234034627686225664 2869.66895 0.3364 0.0477 -0.194 -0.126 0.051 0.042 0.989 "" "" 15.952349 1.041112 16.379845 15.338733 "" "" 2484.50098 3212.01123 7834.42531 2.5988 3832.5 10.455 5803.2 14.725 "" "" 0.0027787589622772627 0.004069119 0.0046769027 0.008746022 62.62285094261 46.94738652951 2869.66895 -0.194 -0.126 -1.2282308282852172 1.5679231157302858 0.15076831 0.1417683 "" "" 27.091784999188683 "" 3.935259572537433 ""
62.49821252754 46.80385586841 0.0361 0.0239 8.9328 "" "" 234007930169584512 2389.28052 0.3861 0.0506 1.204 -0.597 0.049 0.037 0.958 "" "" 15.970827 2.115186 17.05755 14.942365 "" "" 2155.62354 2771.04907 7702.21867 3.1549 2053.0 8.7263 8360.1 10.065 "" "" 0.0027909804769698965 0.005392834 0.003999047 0.0093918815 62.49821252754 46.80385586841 2389.28052 1.204 -0.597 0.16976917171478267 1.0969231157302857 0.1487683 0.13676831 "" "" 12.570766128463609 "" 1.7229621321779547 ""
62.97072974105 46.72877903611 0.0384 0.0256 14.0854 "" "" 234013840044986624 2859.69312 0.3149 0.0501 1.733 -1.828 0.047 0.035 0.975 7300.8 4.3315 15.971851 1.499723 16.65462 15.154897 "" "" 2456.15796 3318.91406 7694.96005 3.1038 2975.6 13.782 6873.8 10.858 "" "" 0.0027899064923473894 0.005750965 0.0041503166 0.009901281 62.97072974105 46.72877903611 2859.69312 1.733 -1.8280000000000003 0.6987691717147828 -0.13407688426971442 0.1467683 0.1347683 "" "" 9.644560027731353 "" 1.4115685743295205 ""
62.43445758857 46.87799976595 0.0351 0.021 10.6876 "" "" 246018892113205760 2269.61963 0.4119 0.0481 0.702 -1.966 0.049 0.033 0.973 6365.8 3.9959 15.998131 1.640371 16.769085 15.128714 "" "" 2014.78528 2558.64722 7510.93948 2.5473 2677.8 8.7709 7041.6 12.813 "" "" 0.0027798160201618844 0.00452016 0.004264599 0.00878476 62.43445758857 46.87799976595 2269.61963 0.7020000000000001 -1.9659999999999997 -0.33223082828521733 -0.2720768842697143 0.1487683 0.1327683 "" "" 4.619719356625432 "" 0.658592987708617 ""
62.49595724803 46.74469176402 0.0366 0.0228 11.0133 "" "" 234007449133267712 2275.21973 0.4353 0.0475 1.027 -2.589 0.049 0.037 0.98 6550.4 4.3159 16.018175 1.518562 16.715475 15.196913 "" "" 2021.70825 2600.10522 7373.54905 2.5914 2813.4 6.8218 6612.9 9.2381 "" "" 0.0027816165055466824 0.003836125 0.004072379 0.0079085035 62.49595724803 46.74469176402 2275.21973 1.027 -2.5890000000000004 -0.007230828285217372 -0.8950768842697143 0.1487683 0.13676831 "" "" 9.653308800279223 "" 1.3202746336571225 ""
62.70763584505 46.86662553005 0.0371 0.0255 0.5406 "" "" 234030263999469696 2628.37744 0.3551 0.0497 1.045 -1.732 0.047 0.037 1.027 9523.9 4.3276 16.035841 1.076991 16.472572 15.395581 "" "" 2329.58179 3073.33911 7254.55037 2.6728 3518.7 17.411 5507.1 15.552 "" "" 0.0027842062320222126 0.006053709 0.004866698 0.010920407 62.70763584505 46.86662553005 2628.37744 1.045 -1.7320000000000002 0.010769171714782644 -0.03807688426971434 0.1467683 0.13676831 "" "" 0.492989386519155 "" 0.06780275775133845 ""
