Clusters/Juchert_20/Juchert_20_stars_in_region.tsv
# %ECSV 1.0
# ---
# datatype:
# - name: RA_ICRS_1
#   unit: deg
#   datatype: float64
#   format: '{:15.11f}'
#   description: Right ascension (ICRS) at Ep=2016.0 (ra)
#   meta: !!omap
#   - {ucd: POS_EQ_RA_MAIN}
#   - {width: 15}
#   - {precision: '11'}
# - name: DE_ICRS_1
#   unit: deg
#   datatype: float64
#   format: '{:15.11f}'
#   description: Declination (ICRS) at Ep=2016.0 (dec)
#   meta: !!omap
#   - {ucd: POS_EQ_DEC_MAIN}
#   - {width: 15}
#   - {precision: '11'}
# - name: e_RA_ICRS
#   unit: mas
#   datatype: float64
#   format: '{:7.4f}'
#   description: Standard error of right ascension (ra_error)
#   meta: !!omap
#   - {ucd: ERROR}
#   - {width: 7}
#   - {precision: '4'}
# - name: e_DE_ICRS
#   unit: mas
#   datatype: float64
#   format: '{:7.4f}'
#   description: Standard error of declination (dec_error)
#   meta: !!omap
#   - {ucd: ERROR}
#   - {width: 7}
#   - {precision: '4'}
# - name: _r_1
#   unit: ''
#   datatype: float64
#   format: '{:7.4f}'
#   description: Distance from center (062.69461147000+46.86799625000)[ICRS], at Epoch=J2016.0
#   meta: !!omap
#   - {ucd: POS_ANG_DIST_GENERAL}
#   - {width: 7}
#   - {precision: '4'}
# - name: HIP
#   datatype: int32
#   description: '? HIP cross-id number, van Leeuwen, Cat. I/311 (hip_original_ext_source_id)'
#   meta: !!omap
#   - {ucd: ID_NUMBER}
#   - {width: 6}
#   - values: {'null': -2147483648}
# - name: TYC2
#   datatype: string
#   description: Tycho-2 cross-id name, Hog et al., Cat. I/259 (tyc2_original_ext_source_id)
#   meta: !!omap
#   - {ucd: ID_CROSSID}
#   - {_votable_string_dtype: char}
# - name: Source
#   datatype: int64
#   description: Source identifier, identical to the Gaia-EDR3 source_id (id)
#   meta: !!omap
#   - {ucd: ID_MAIN}
#   - {width: 19}
# - name: rgeo
#   unit: pc
#   datatype: float64
#   format: '{:15.8f}'
#   description: '? Median of the geometric distance posterior (r_med_geo)'
#   meta: !!omap
#   - {ucd: PHYS_DISTANCE_TRUE}
#   - {width: 15}
#   - {precision: '8'}
#   - values: {'null': .nan}
# - name: Plx
#   unit: mas
#   datatype: float64
#   format: '{:9.4f}'
#   description: '? Parallax (parallax)'
#   meta: !!omap
#   - {ucd: POS_PARLX_TRIG}
#   - {width: 9}
#   - {precision: '4'}
#   - values: {'null': .nan}
# - name: e_Plx
#   unit: mas
#   datatype: float32
#   format: '{:7.4f}'
#   description: '? Standard error of parallax (parallax_error)'
#   meta: !!omap
#   - {ucd: ERROR}
#   - {width: 7}
#   - {precision: '4'}
#   - values: {'null': .nan}
# - name: pmRA
#   unit: mas / yr
#   datatype: float64
#   format: '{:9.3f}'
#   description: '? Proper motion in right ascension direction, pmRA*cosDE (pmra)'
#   meta: !!omap
#   - {ucd: POS_EQ_PMRA}
#   - {width: 9}
#   - {precision: '3'}
#   - values: {'null': .nan}
# - name: pmDE
#   unit: mas / yr
#   datatype: float64
#   format: '{:9.3f}'
#   description: '? Proper motion in declination direction (pmdec)'
#   meta: !!omap
#   - {ucd: POS_EQ_PMDEC}
#   - {width: 9}
#   - {precision: '3'}
#   - values: {'null': .nan}
# - name: e_pmRA
#   unit: mas / yr
#   datatype: float32
#   format: '{:6.3f}'
#   description: '? Standard error of proper motion in right ascension direction (pmra_error)'
#   meta: !!omap
#   - {ucd: ERROR}
#   - {width: 6}
#   - {precision: '3'}
#   - values: {'null': .nan}
# - name: e_pmDE
[...]
#         value: !astropy.table.SerializedColumn {name: SkyCoord.dec}
#       distance: !astropy.table.SerializedColumn
#         __class__: astropy.coordinates.distances.Distance
#         unit: !astropy.units.Unit {unit: pc}
#         value: !astropy.table.SerializedColumn {name: SkyCoord.distance}
#       frame: icrs
#       obstime: !astropy.time.Time {format: jyear_str, in_subfmt: '*', jd1: 367701545.0, jd2: 0.0, out_subfmt: '*', precision: 3, scale: tt}
#       pm_dec: !astropy.table.SerializedColumn
#         __class__: astropy.units.quantity.Quantity
#         unit: !astropy.units.Unit {unit: mas / yr}
#         value: !astropy.table.SerializedColumn {name: SkyCoord.pm_dec}
#       pm_ra_cosdec: !astropy.table.SerializedColumn
#         __class__: astropy.units.quantity.Quantity
#         unit: !astropy.units.Unit {unit: mas / yr}
#         value: !astropy.table.SerializedColumn {name: SkyCoord.pm_ra_cosdec}
#       ra: !astropy.table.SerializedColumn
#         __class__: astropy.coordinates.angles.Longitude
#         unit: *id001
#         value: !astropy.table.SerializedColumn {name: SkyCoord.ra}
#         wrap_angle: !astropy.coordinates.Angle
#           unit: *id001
#           value: 360.0
#       representation_type: spherical
# schema: astropy-2.0
RA_ICRS_1 DE_ICRS_1 e_RA_ICRS e_DE_ICRS _r_1 HIP TYC2 Source rgeo Plx e_Plx pmRA pmDE e_pmRA e_pmDE RUWE Teff logg Gmag BP-RP BPmag RPmag RV e_RV b_rgeo B_rgeo FG e_FG FBP e_FBP FRP e_FRP RAVE5 RAVE6 e_Gmag e_BPmag e_RPmag e_BP-RP SkyCoord.ra SkyCoord.dec SkyCoord.distance SkyCoord.pm_ra_cosdec SkyCoord.pm_dec rmRA rmDE e_rmRA e_rmDE rRV e_rRV v_pec v_pec3d e_vpec e_vpec3d
[from data line 189]
62.46966505728 47.02046915188 0.387 0.1453 12.9845 "" "" 246024698908963200 2794.92822 0.5556 0.3642 0.938 -0.71 0.474 0.25 4.108 "" "" 16.908232 1.548103 17.462227 15.914124 "" "" 1569.95715 4172.67383 3248.28637 26.785 1414.3 9.8352 3415.9 10.14 "" "" 0.009367253048438672 0.008049381 0.0049670218 0.013016403 62.46966505728 47.02046915188 2794.92822 0.938 -0.71 -0.09623082828521734 0.9839231157302857 0.5737683 0.3497683 "" "" 13.097168269044161 "" 4.61752645569502 ""
62.51001489422 46.90030369638 0.0571 0.0343 7.8143 "" "" 246020266502813440 2200.34497 0.4513 0.0784 1.568 0.633 0.074 0.057 0.921 5482.0 4.6948 16.910131 1.404404 17.542984 16.13858 "" "" 1885.14453 2710.22681 3242.60745 1.6794 1312.9 6.3843 2778.0 8.5057 "" "" 0.002812115565900714 0.0059715873 0.0050333682 0.0110049555 62.51001489422 46.90030369638 2200.34497 1.5680000000000003 0.633 0.5337691717147828 2.3269231157302857 0.17376831 0.1567683 "" "" 24.89927838106293 "" 3.9256612211624335 ""
62.90097834495 46.8998405094 0.0632 0.0462 8.6758 "" "" 234031191712368512 2877.17407 0.3377 0.0795 0.654 -3.777 0.075 0.058 1.038 "" "" 16.92015 1.49794 17.60535 16.10741 "" "" 2341.36865 3490.73291 3212.81981 2.0962 1239.6 7.8453 2858.9 7.8492 "" "" 0.0028449256067000603 0.0074163824 0.004813484 0.012229866 62.90097834495 46.8998405094 2877.17407 0.654 -3.777 -0.38023082828521726 -2.0830768842697145 0.17476831 0.15776831 "" "" 28.87798317035805 "" 4.572682428861385 ""
62.49910639183 46.83335710848 0.0644 0.0413 8.2872 "" "" 234010232272046208 2973.11523 0.3448 0.0877 -1.054 -3.103 0.097 0.069 0.951 5782.1 4.4874 16.920517 1.539898 17.649075 16.109177 "" "" 2386.55933 3689.32593 3211.73468 5.345 1190.7 18.78 2854.2 20.379 "" "" 0.00329494309312839 0.017350307 0.008624367 0.025974674 62.49910639183 46.83335710848 2973.11523 -1.0539999999999998 -3.103 -2.0882308282852176 -1.4090768842697146 0.19676831 0.16876832 "" "" 35.50153687750565 "" 6.690471718418685 ""
62.58048621879 47.09953513968 0.0601 0.035 14.6567 "" "" 246048853805476096 2617.08838 0.3817 0.0738 -0.053 -0.515 0.067 0.055 1.017 "" "" 16.920858 1.492352 17.603456 16.111105 "" "" 2205.88721 3156.29126 3210.72906 1.7673 1241.8 8.5581 2849.2 8.0362 "" "" 0.0028193879878298193 0.007985843 0.0048643188 0.012850162 62.58048621879 47.09953513968 2617.08838 -0.05300000000000005 -0.5150000000000001 -1.0872308282852172 1.1789231157302855 0.16676831 0.15476832 "" "" 19.89419417508686 "" 3.1909312339774063 ""
62.68244652135 46.67053273288 0.0612 0.0437 11.8584 "" "" 233992743165243392 2936.90991 0.3412 0.0829 -0.141 0.315 0.081 0.062 0.982 8156.3 4.3701 16.928404 1.208588 17.44912 16.240532 "" "" 2383.7019 3836.73389 3188.48983 1.9697 1431.4 8.3415 2529.0 9.1002 "" "" 0.002835780458870151 0.006915038 0.0054357317 0.01235077 62.68244652135 46.67053273288 2936.90991 -0.14099999999999988 0.3149999999999997 -1.1752308282852173 2.0089231157302856 0.18076831 0.16176832 "" "" 32.40007103213495 "" 5.40492961829849 ""
62.71193544112 46.6497667126 0.0557 0.0406 13.1131 "" "" 233992090330217344 2155.19653 0.4489 0.0757 -0.156 -2.66 0.076 0.056 1.009 4826.3 4.3829 16.933756 1.711548 17.763235 16.051687 "" "" 1899.13 2561.91406 3172.81027 1.9267 1071.8 7.7891 3009.4 8.5423 "" "" 0.0028331057860615672 0.008369177 0.0048766653 0.0132458415 62.71193544112 46.6497667126 2155.19653 -0.15600000000000025 -2.660000000000002 -1.1902308282852172 -0.9660768842697145 0.17576832 0.1557683 "" "" 15.6601132585191 "" 2.632625114033837 ""
62.34131097217 46.8165951905 0.0563 0.034 14.824 "" "" 246018239278194048 2469.34668 0.3878 0.0776 1.302 -2.586 0.074 0.052 1.026 6022.0 4.4847 16.940363 1.69047 17.741354 16.050884 "" "" 2107.49341 2964.34839 3153.56477 1.5849 1093.6 7.8872 3011.6 8.2984 "" "" 0.0028088320317854903 0.008312734 0.0048201797 0.013132913 62.34131097217 46.8165951905 2469.34668 1.302000000000001 -2.586 0.26776917171478276 -0.8920768842697142 0.17376831 0.15176831 "" "" 10.901732575078045 "" 1.6756624261199673 ""
62.39391289993 46.93535041006 0.0591 0.0338 12.9727 "" "" 246020060344303104 2134.18335 0.4325 0.0798 2.683 -0.975 0.079 0.053 0.972 7192.6 4.336 16.940756 1.769997 17.798647 16.02865 "" "" 1848.23364 2595.92627 3152.42197 1.6229 1037.4 6.503 3074.0 7.0942 "" "" 0.002811443173278111 0.0073557226 0.0045345463 0.011890269 62.39391289993 46.93535041006 2134.18335 2.682999999999999 -0.9750000000000008 1.6487691717147825 0.7189231157302857 0.1787683 0.15276831 "" "" 18.195613031609998 "" 3.1819459034589848 ""
62.72699690851 46.88470623122 0.0597 0.0401 1.6642 "" "" 234030367078674304 2696.26147 0.3461 0.0748 1.078 -1.703 0.077 0.058 0.999 "" "" 16.942307 1.418127 17.57584 16.157713 "" "" 2297.73779 3215.08667 3147.92397 1.9368 1273.7 9.3727 2729.4 9.8301 "" "" 0.0028351420810834296 0.008462732 0.0054382463 0.0139009785 62.72699690851 46.88470623122 2696.26147 1.078 -1.7030000000000003 0.043769171714782784 -0.009076884269714425 0.1767683 0.15776831 "" "" 0.571284237499933 "" 0.10056054226294188 ""
62.62422547305 46.69708905174 0.0573 0.0371 10.6544 "" "" 234004803433410304 2717.02124 0.3609 0.0757 0.596 -2.412 0.076 0.057 1.007 "" "" 16.943216 1.613258 17.702164 16.088905 "" "" 2250.22827 3339.12695 3145.28408 1.9196 1133.8 8.3406 2908.0 8.0924 "" "" 0.0028338800554252377 0.008460357 0.004838651 0.013299008 62.62422547305 46.69708905174 2717.02124 0.5960000000000001 -2.412 -0.4382308282852173 -0.7180768842697143 0.17576832 0.1567683 "" "" 10.83403020185817 "" 1.7566803878982142 ""
62.65353340569 46.83488711453 0.0579 0.0407 2.6053 "" "" 234006723278036480 3016.25537 0.3229 0.0815 1.22 -1.684 0.08 0.06 1.015 "" "" 16.946596 1.310415 17.511305 16.20089 "" "" 2408.09448 3725.69702 3135.50935 2.038 1351.7 10.909 2623.0 7.9594 "" "" 0.0028442578208494117 0.009196021 0.005013811 0.014209831 62.65353340569 46.83488711453 3016.25537 1.2199999999999998 -1.6839999999999988 0.1857691717147827 0.009923115730285703 0.17976831 0.15976831 "" "" 2.65973764664049 "" 0.47799358767125694 ""
62.95695477616 47.04748583121 0.0551 0.0427 15.2119 "" "" 234039021432376704 2448.52588 0.3916 0.0679 -1.006 1.899 0.07 0.055 1.002 "" "" 16.957428 1.765129 17.812944 16.047815 "" "" 2151.60767 2801.27271 3104.38595 1.8769 1023.9 6.8481 3020.2 11.876 "" "" 0.002832435760863553 0.007779266 0.0057018264 0.013481093 62.95695477616 47.04748583121 2448.52588 -1.0060000000000002 1.8989999999999996 -2.0402308282852175 3.5929231157302857 0.1697683 0.15476832 "" "" 47.95353651145005 "" 7.603350005931368 ""
62.59170419987 47.01209097187 0.0684 0.0388 9.6187 "" "" 246044661917405568 2492.83716 0.3941 0.0844 -1.278 -0.881 0.078 0.061 1.066 7214.2 4.3015 16.96163 1.663839 17.74918 16.08534 "" "" 2065.46362 3006.10059 3092.39258 1.856 1085.8 9.6385 2917.6 9.6041 "" "" 0.0028313289980139798 0.010033684 0.005201658 0.015235342 62.59170419987 47.01209097187 2492.83716 -1.2779999999999996 -0.8810000000000006 -2.3122308282852173 0.8129231157302856 0.17776832 0.16076832 "" "" 28.960783011729493 "" 5.096478068215612 ""
62.66023376786 46.8283369532 0.0623 0.0413 2.7663 "" "" 234006727578709760 2726.75024 0.3631 0.0849 0.779 -1.891 0.084 0.062 0.972 5526.0 4.6776 16.974045 1.394873 17.59179 16.196917 "" "" 2236.85742 3350.927 3057.23703 2.0089 1255.2 9.9645 2632.6 10.695 "" "" 0.002846186343073105 0.0090595605 0.0058085397 0.0148681 62.66023376786 46.8283369532 2726.75024 0.7789999999999995 -1.8909999999999996 -0.25523082828521726 -0.19707688426971437 0.1837683 0.16176832 "" "" 4.167762277220567 "" 0.732997548743016 ""
62.75322214547 46.75653462511 0.0615 0.0413 7.1076 "" "" 234017035500232064 2176.70239 0.4434 0.081 -0.22 -1.24 0.086 0.059 0.988 5623.9 4.6609 16.981756 1.504242 17.68021 16.175968 "" "" 1828.62231 2644.86572 3035.59631 1.9885 1157.0 10.274 2683.9 11.712 "" "" 0.002845633102672179 0.010036809 0.0060606725 0.016097482 62.75322214547 46.75653462511 2176.70239 -0.22000000000000014 -1.2400000000000002 -1.2542308282852173 0.45392311573028565 0.1857683 0.15876831 "" "" 13.762033162018541 "" 2.516327548936339 ""
62.47620073208 46.77111165782 0.0602 0.0375 10.6868 "" "" 234007724011167488 2393.29639 0.4165 0.0805 1.163 -0.385 0.078 0.06 1.006 5524.8 4.6612 16.984182 1.604836 17.731329 16.126493 "" "" 1942.77307 2982.12231 3028.82251 1.7687 1103.8 8.5567 2809.1 9.9395 "" "" 0.002827326277843475 0.008867093 0.0053890874 0.014256181 62.47620073208 46.77111165782 2393.29639 1.1630000000000003 -0.3849999999999998 0.12876917171478275 1.3089231157302856 0.17776832 0.15976831 "" "" 14.920399754028054 "" 2.3865249063897975 ""
62.66180704431 46.68184011226 0.0624 0.0422 11.2504 "" "" 233992811884718976 2328.85645 0.4118 0.0823 1.378 -0.67 0.083 0.063 1.053 5185.3 4.7255 16.988575 1.487164 17.672718 16.185555 "" "" 1987.98657 2759.52124 3016.5926 1.8701 1165.0 9.8157 2660.3 10.475 "" "" 0.002836342401505073 0.009563914 0.005706166 0.0152700795 62.66180704431 46.68184011226 2328.85645 1.3780000000000001 -0.6699999999999999 0.3437691717147826 1.0239231157302857 0.18276832 0.1627683 "" "" 11.922882492454432 "" 1.9661402585717864 ""
62.77189385638 47.09101214744 0.0568 0.0418 13.7498 "" "" 246046547400655360 2640.5769 0.3524 0.0715 -0.64 -1.314 0.069 0.059 1.063 8978.5 4.3888 16.99143 1.414934 17.629837 16.214903 "" "" 2281.80762 3202.22021 3008.67178 1.727 1211.9 9.3897 2589.4 8.7556 "" "" 0.002824923599118435 0.008862846 0.00526893 0.014131775 62.77189385638 47.09101214744 2640.5769 -0.6400000000000003 -1.314 -1.6742308282852174 0.3799231157302856 0.16876832 0.15876831 "" "" 21.488000066793337 "" 3.616267692797946 ""
62.74453442616 47.1154037218 0.0558 0.0407 14.9844 "" "" 246046826580898304 2596.33423 0.3997 0.0708 0.751 -1.321 0.068 0.057 1.017 5106.8 4.3785 16.993443 1.647148 17.772608 16.12546 "" "" 2125.76294 3172.03296 3003.09994 1.8489 1062.6 7.619 2811.7 7.907 "" "" 0.0028352447351631537 0.008269798 0.004858628 0.013128426 62.74453442616 47.1154037218 2596.33423 0.7509999999999999 -1.3210000000000002 -0.2832308282852173 0.3729231157302857 0.16776831 0.1567683 "" "" 5.7630142530657205 "" 0.9271509866886387 ""
62.42142862757 46.77280153567 0.0608 0.0381 12.5867 "" "" 234008136328036736 2293.08398 0.4161 0.082 -0.137 -1.393 0.079 0.061 0.976 "" "" 16.99402 1.412088 17.634657 16.222569 "" "" 1915.88269 2645.93188 3001.50001 1.6257 1206.6 8.0318 2571.2 6.8711 "" "" 0.002817376703224503 0.0077471533 0.0047646747 0.012511828 62.42142862757 46.77280153567 2293.08398 -0.13699999999999996 -1.3929999999999998 -1.1712308282852173 0.30092311573028563 0.1787683 0.16076832 "" "" 13.143830303480414 "" 2.335745745038209 ""
62.79895193454 47.02621725326 0.0622 0.0436 10.4109 "" "" 234035830278003456 2376.04614 0.4142 0.0739 -0.907 -0.943 0.077 0.062 0.969 "" "" 16.997152 1.47884 17.676146 16.197306 "" "" 1989.81152 2784.92822 2992.85843 1.914 1161.3 10.66 2631.7 11.049 "" "" 0.0028414635187537242 0.01034957 0.0059213676 0.016270937 62.79895193454 47.02621725326 2376.04614 -0.9070000000000007 -0.9429999999999998 -1.9412308282852173 0.7509231157302857 0.1767683 0.16176832 "" "" 23.441780822253342 "" 4.099703870497603 ""
